datetime,symbol,open,high,low,close,volume
2021-03-15 13:50:00,NSE:MAJESCO,77.7,77.7,77.7,77.7,310.0
2021-03-15 13:55:00,NSE:MAJESCO,77.7,77.7,77.7,77.7,197.0
2021-03-15 14:00:00,NSE:MAJESCO,77.7,77.7,77.7,77.7,240.0
2021-03-15 14:05:00,NSE:MAJESCO,77.7,77.7,77.7,77.7,359.0
2021-03-15 14:10:00,NSE:MAJESCO,77.7,77.7,77.7,77.7,381.0
2021-03-15 14:15:00,NSE:MAJESCO,77.7,77.7,77.7,77.7,8.0
2021-03-15 14:20:00,NSE:MAJESCO,77.7,77.7,77.7,77.7,131.0
2021-03-15 14:25:00,NSE:MAJESCO,77.7,77.7,77.7,77.7,410.0
2021-03-15 14:30:00,NSE:MAJESCO,77.7,77.7,77.7,77.7,242.0
2021-03-15 14:35:00,NSE:MAJESCO,77.7,77.7,77.7,77.7,23.0
2021-03-15 14:40:00,NSE:MAJESCO,77.7,77.7,77.7,77.7,41.0
2021-03-15 14:45:00,NSE:MAJESCO,77.7,77.7,77.7,77.7,619.0
2021-03-15 14:50:00,NSE:MAJESCO,77.7,77.7,77.7,77.7,649.0
2021-03-15 14:55:00,NSE:MAJESCO,77.7,77.7,77.7,77.7,900.0
2021-03-15 15:00:00,NSE:MAJESCO,77.7,77.7,77.7,77.7,326.0
2021-03-15 15:05:00,NSE:MAJESCO,77.7,77.7,77.7,77.7,348.0
2021-03-15 15:10:00,NSE:MAJESCO,77.7,77.7,77.7,77.7,1696.0
2021-03-15 15:15:00,NSE:MAJESCO,77.7,77.7,77.7,77.7,1171.0
2021-03-15 15:20:00,NSE:MAJESCO,77.7,77.7,77.7,77.7,202.0
2021-03-15 15:25:00,NSE:MAJESCO,77.7,77.7,77.7,77.7,1579.0
2021-03-15 15:40:00,NSE:MAJESCO,77.7,77.7,77.7,77.7,1.0
2021-03-16 09:05:00,NSE:MAJESCO,73.85,73.85,73.85,73.85,7949.0
2021-03-16 09:15:00,NSE:MAJESCO,73.85,73.85,73.85,73.85,2820.0
2021-03-16 09:20:00,NSE:MAJESCO,73.85,73.85,73.85,73.85,2068.0
2021-03-16 09:25:00,NSE:MAJESCO,73.85,73.85,73.85,73.85,1274.0
2021-03-16 09:30:00,NSE:MAJESCO,73.85,73.85,73.85,73.85,2697.0
2021-03-16 09:35:00,NSE:MAJESCO,73.85,73.85,73.85,73.85,1158.0
2021-03-16 09:40:00,NSE:MAJESCO,73.85,73.85,73.85,73.85,2018.0
2021-03-16 09:45:00,NSE:MAJESCO,73.85,73.85,73.85,73.85,2920.0
2021-03-16 09:50:00,NSE:MAJESCO,73.85,73.85,73.85,73.85,578.0
2021-03-16 09:55:00,NSE:MAJESCO,73.85,73.85,73.85,73.85,1048.0
2021-03-16 10:00:00,NSE:MAJESCO,73.85,73.85,73.85,73.85,897.0
2021-03-16 10:05:00,NSE:MAJESCO,73.85,73.85,73.85,73.85,468.0
2021-03-16 10:10:00,NSE:MAJESCO,73.85,73.85,73.85,73.85,424.0
2021-03-16 10:15:00,NSE:MAJESCO,73.85,73.85,73.85,73.85,246.0
2021-03-16 10:20:00,NSE:MAJESCO,73.85,73.85,73.85,73.85,78.0
2021-03-16 10:25:00,NSE:MAJESCO,73.85,73.85,73.85,73.85,382.0
2021-03-16 10:30:00,NSE:MAJESCO,73.85,73.85,73.85,73.85,219.0
2021-03-16 10:35:00,NSE:MAJESCO,73.85,73.85,73.85,73.85,403.0
2021-03-16 10:40:00,NSE:MAJESCO,73.85,73.85,73.85,73.85,1830.0
2021-03-16 10:45:00,NSE:MAJESCO,73.85,73.85,73.85,73.85,72.0
2021-03-16 10:50:00,NSE:MAJESCO,73.85,73.85,73.85,73.85,2082.0
2021-03-16 10:55:00,NSE:MAJESCO,73.85,73.85,73.85,73.85,363.0
2021-03-16 11:00:00,NSE:MAJESCO,73.85,73.85,73.85,73.85,355.0
2021-03-16 11:05:00,NSE:MAJESCO,73.85,73.85,73.85,73.85,2131.0
2021-03-16 11:10:00,NSE:MAJESCO,73.85,73.85,73.85,73.85,207.0
2021-03-16 11:15:00,NSE:MAJESCO,73.85,73.85,73.85,73.85,239.0
2021-03-16 11:20:00,NSE:MAJESCO,73.85,73.85,73.85,73.85,334.0
2021-03-16 11:25:00,NSE:MAJESCO,73.85,73.85,73.85,73.85,526.0
2021-03-16 11:30:00,NSE:MAJESCO,73.85,73.85,73.85,73.85,596.0
2021-03-16 11:35:00,NSE:MAJESCO,73.85,73.85,73.85,73.85,108.0
2021-03-16 11:40:00,NSE:MAJESCO,73.85,73.85,73.85,73.85,143.0
2021-03-16 11:45:00,NSE:MAJESCO,73.85,73.85,73.85,73.85,300.0
2021-03-16 11:50:00,NSE:MAJESCO,73.85,73.85,73.85,73.85,33.0
2021-03-16 11:55:00,NSE:MAJESCO,73.85,73.85,73.85,73.85,113.0
2021-03-16 12:00:00,NSE:MAJESCO,73.85,73.85,73.85,73.85,33.0
2021-03-16 12:05:00,NSE:MAJESCO,73.85,73.85,73.85,73.85,174.0
2021-03-16 12:10:00,NSE:MAJESCO,73.85,73.85,73.85,73.85,1905.0
2021-03-16 12:15:00,NSE:MAJESCO,73.85,73.85,73.85,73.85,230.0
2021-03-16 12:20:00,NSE:MAJESCO,73.85,73.85,73.85,73.85,251.0
2021-03-16 12:25:00,NSE:MAJESCO,73.85,73.85,73.85,73.85,362.0
2021-03-16 12:30:00,NSE:MAJESCO,73.85,73.85,73.85,73.85,148.0
2021-03-16 12:35:00,NSE:MAJESCO,73.85,73.85,73.85,73.85,116.0
2021-03-16 12:40:00,NSE:MAJESCO,73.85,73.85,73.85,73.85,300.0
2021-03-16 12:45:00,NSE:MAJESCO,73.85,73.85,73.85,73.85,78.0
2021-03-16 12:50:00,NSE:MAJESCO,73.85,73.85,73.85,73.85,118.0
2021-03-16 12:55:00,NSE:MAJESCO,73.85,73.85,73.85,73.85,3079.0
2021-03-16 13:00:00,NSE:MAJESCO,73.85,73.85,73.85,73.85,517.0
2021-03-16 13:05:00,NSE:MAJESCO,73.85,73.85,73.85,73.85,142.0
2021-03-16 13:10:00,NSE:MAJESCO,73.85,73.85,73.85,73.85,1347.0
2021-03-16 13:15:00,NSE:MAJESCO,73.85,73.85,73.85,73.85,172.0
2021-03-16 13:20:00,NSE:MAJESCO,73.85,73.85,73.85,73.85,305.0
2021-03-16 13:25:00,NSE:MAJESCO,73.85,73.85,73.85,73.85,121.0
2021-03-16 13:30:00,NSE:MAJESCO,73.85,73.85,73.85,73.85,239.0
2021-03-16 13:35:00,NSE:MAJESCO,73.85,73.85,73.85,73.85,162.0
2021-03-16 13:40:00,NSE:MAJESCO,73.85,73.85,73.85,73.85,277.0
2021-03-16 13:45:00,NSE:MAJESCO,73.85,73.85,73.85,73.85,218.0
2021-03-16 13:50:00,NSE:MAJESCO,73.85,73.85,73.85,73.85,296.0
2021-03-16 13:55:00,NSE:MAJESCO,73.85,73.85,73.85,73.85,207.0
2021-03-16 14:00:00,NSE:MAJESCO,73.85,73.85,73.85,73.85,49.0
2021-03-16 14:05:00,NSE:MAJESCO,73.85,73.85,73.85,73.85,289.0
2021-03-16 14:10:00,NSE:MAJESCO,73.85,73.85,73.85,73.85,98.0
2021-03-16 14:15:00,NSE:MAJESCO,73.85,73.85,73.85,73.85,52.0
2021-03-16 14:20:00,NSE:MAJESCO,73.85,73.85,73.85,73.85,54.0
2021-03-16 14:25:00,NSE:MAJESCO,73.85,73.85,73.85,73.85,81.0
2021-03-16 14:30:00,NSE:MAJESCO,73.85,73.85,73.85,73.85,1120.0
2021-03-16 14:35:00,NSE:MAJESCO,73.85,73.85,73.85,73.85,132.0
2021-03-16 14:40:00,NSE:MAJESCO,73.85,73.85,73.85,73.85,698.0
2021-03-16 14:45:00,NSE:MAJESCO,73.85,73.85,73.85,73.85,123.0
2021-03-16 14:50:00,NSE:MAJESCO,73.85,73.85,73.85,73.85,446.0
2021-03-16 14:55:00,NSE:MAJESCO,73.85,73.85,73.85,73.85,515.0
2021-03-16 15:00:00,NSE:MAJESCO,73.85,73.85,73.85,73.85,359.0
2021-03-16 15:05:00,NSE:MAJESCO,73.85,73.85,73.85,73.85,1271.0
2021-03-16 15:10:00,NSE:MAJESCO,73.85,73.85,73.85,73.85,151.0
2021-03-16 15:15:00,NSE:MAJESCO,73.85,73.85,73.85,73.85,269.0
2021-03-16 15:20:00,NSE:MAJESCO,73.85,73.85,73.85,73.85,2509.0
2021-03-16 15:25:00,NSE:MAJESCO,73.85,73.85,73.85,73.85,293.0
2021-03-16 15:45:00,NSE:MAJESCO,73.85,73.85,73.85,73.85,5.0
2021-03-16 15:50:00,NSE:MAJESCO,73.85,73.85,73.85,73.85,10.0
2021-03-16 15:55:00,NSE:MAJESCO,73.85,73.85,73.85,73.85,1.0
2021-03-17 09:05:00,NSE:MAJESCO,70.2,70.2,70.2,70.2,4121.0
2021-03-17 09:15:00,NSE:MAJESCO,70.2,70.2,70.2,70.2,5179.0
2021-03-17 09:20:00,NSE:MAJESCO,70.2,70.2,70.2,70.2,2556.0
2021-03-17 09:25:00,NSE:MAJESCO,70.2,70.2,70.2,70.2,1642.0
2021-03-17 09:30:00,NSE:MAJESCO,70.2,70.2,70.2,70.2,943.0
2021-03-17 09:35:00,NSE:MAJESCO,70.2,70.2,70.2,70.2,1156.0
2021-03-17 09:40:00,NSE:MAJESCO,70.2,70.2,70.2,70.2,691.0
2021-03-17 09:45:00,NSE:MAJESCO,70.2,70.2,70.2,70.2,1127.0
2021-03-17 09:50:00,NSE:MAJESCO,70.2,70.2,70.2,70.2,588.0
2021-03-17 09:55:00,NSE:MAJESCO,70.2,70.2,70.2,70.2,411.0
2021-03-17 10:00:00,NSE:MAJESCO,70.2,70.2,70.2,70.2,276.0
2021-03-17 10:05:00,NSE:MAJESCO,70.2,70.2,70.2,70.2,211.0
2021-03-17 10:10:00,NSE:MAJESCO,70.2,70.2,70.2,70.2,559.0
2021-03-17 10:15:00,NSE:MAJESCO,70.2,70.2,70.2,70.2,425.0
2021-03-17 10:20:00,NSE:MAJESCO,70.2,70.2,70.2,70.2,1905.0
2021-03-17 10:25:00,NSE:MAJESCO,70.2,70.2,70.2,70.2,1720.0
2021-03-17 10:30:00,NSE:MAJESCO,70.2,70.2,70.2,70.2,347.0
2021-03-17 10:35:00,NSE:MAJESCO,70.2,70.2,70.2,70.2,298.0
2021-03-17 10:40:00,NSE:MAJESCO,70.2,70.2,70.2,70.2,136.0
2021-03-17 10:45:00,NSE:MAJESCO,70.2,70.2,70.2,70.2,94.0
2021-03-17 10:50:00,NSE:MAJESCO,70.2,70.2,70.2,70.2,431.0
2021-03-17 10:55:00,NSE:MAJESCO,70.2,70.2,70.2,70.2,231.0
2021-03-17 11:00:00,NSE:MAJESCO,70.2,70.2,70.2,70.2,209.0
2021-03-17 11:05:00,NSE:MAJESCO,70.2,70.2,70.2,70.2,345.0
2021-03-17 11:10:00,NSE:MAJESCO,70.2,70.2,70.2,70.2,446.0
2021-03-17 11:15:00,NSE:MAJESCO,70.2,70.2,70.2,70.2,225.0
2021-03-17 11:20:00,NSE:MAJESCO,70.2,70.2,70.2,70.2,2255.0
2021-03-17 11:25:00,NSE:MAJESCO,70.2,70.2,70.2,70.2,574.0
2021-03-17 11:30:00,NSE:MAJESCO,70.2,70.2,70.2,70.2,84.0
2021-03-17 11:35:00,NSE:MAJESCO,70.2,70.2,70.2,70.2,220.0
2021-03-17 11:40:00,NSE:MAJESCO,70.2,70.2,70.2,70.2,187.0
2021-03-17 11:45:00,NSE:MAJESCO,70.2,70.2,70.2,70.2,180.0
2021-03-17 11:50:00,NSE:MAJESCO,70.2,70.2,70.2,70.2,284.0
2021-03-17 11:55:00,NSE:MAJESCO,70.2,70.2,70.2,70.2,343.0
2021-03-17 12:00:00,NSE:MAJESCO,70.2,70.2,70.2,70.2,271.0
2021-03-17 12:05:00,NSE:MAJESCO,70.2,70.2,70.2,70.2,388.0
2021-03-17 12:10:00,NSE:MAJESCO,70.2,70.2,70.2,70.2,239.0
2021-03-17 12:15:00,NSE:MAJESCO,70.2,70.2,70.2,70.2,110.0
2021-03-17 12:20:00,NSE:MAJESCO,70.2,70.2,70.2,70.2,273.0
2021-03-17 12:25:00,NSE:MAJESCO,70.2,70.2,70.2,70.2,204.0
2021-03-17 12:30:00,NSE:MAJESCO,70.2,70.2,70.2,70.2,234.0
2021-03-17 12:35:00,NSE:MAJESCO,70.2,70.2,70.2,70.2,135.0
2021-03-17 12:40:00,NSE:MAJESCO,70.2,70.2,70.2,70.2,12.0
2021-03-17 12:45:00,NSE:MAJESCO,70.2,70.2,70.2,70.2,233.0
2021-03-17 12:50:00,NSE:MAJESCO,70.2,70.2,70.2,70.2,220.0
2021-03-17 12:55:00,NSE:MAJESCO,70.2,70.2,70.2,70.2,37.0
2021-03-17 13:00:00,NSE:MAJESCO,70.2,70.2,70.2,70.2,942.0
2021-03-17 13:05:00,NSE:MAJESCO,70.2,70.2,70.2,70.2,278.0
2021-03-17 13:10:00,NSE:MAJESCO,70.2,70.2,70.2,70.2,186.0
2021-03-17 13:15:00,NSE:MAJESCO,70.2,70.2,70.2,70.2,239.0
2021-03-17 13:20:00,NSE:MAJESCO,70.2,70.2,70.2,70.2,299.0
2021-03-17 13:25:00,NSE:MAJESCO,70.2,70.2,70.2,70.2,242.0
2021-03-17 13:30:00,NSE:MAJESCO,70.2,70.2,70.2,70.2,317.0
2021-03-17 13:35:00,NSE:MAJESCO,70.2,70.2,70.2,70.2,329.0
2021-03-17 13:40:00,NSE:MAJESCO,70.2,70.2,70.2,70.2,160.0
2021-03-17 13:45:00,NSE:MAJESCO,70.2,70.2,70.2,70.2,121.0
2021-03-17 13:50:00,NSE:MAJESCO,70.2,70.2,70.2,70.2,161.0
2021-03-17 13:55:00,NSE:MAJESCO,70.2,70.2,70.2,70.2,195.0
2021-03-17 14:00:00,NSE:MAJESCO,70.2,70.2,70.2,70.2,92.0
2021-03-17 14:05:00,NSE:MAJESCO,70.2,70.2,70.2,70.2,204.0
2021-03-17 14:10:00,NSE:MAJESCO,70.2,70.2,70.2,70.2,3.0
2021-03-17 14:15:00,NSE:MAJESCO,70.2,70.2,70.2,70.2,79.0
2021-03-17 14:20:00,NSE:MAJESCO,70.2,70.2,70.2,70.2,288.0
2021-03-17 14:25:00,NSE:MAJESCO,70.2,70.2,70.2,70.2,255.0
2021-03-17 14:30:00,NSE:MAJESCO,70.2,70.2,70.2,70.2,584.0
2021-03-17 14:35:00,NSE:MAJESCO,70.2,70.2,70.2,70.2,76.0
2021-03-17 14:40:00,NSE:MAJESCO,70.2,70.2,70.2,70.2,104.0
2021-03-17 14:45:00,NSE:MAJESCO,70.2,70.2,70.2,70.2,21.0
2021-03-17 14:50:00,NSE:MAJESCO,70.2,70.2,70.2,70.2,207.0
2021-03-17 14:55:00,NSE:MAJESCO,70.2,70.2,70.2,70.2,235.0
2021-03-17 15:00:00,NSE:MAJESCO,70.2,70.2,70.2,70.2,110.0
2021-03-17 15:05:00,NSE:MAJESCO,70.2,70.2,70.2,70.2,304.0
2021-03-17 15:10:00,NSE:MAJESCO,70.2,70.2,70.2,70.2,577.0
2021-03-17 15:15:00,NSE:MAJESCO,70.2,70.2,70.2,70.2,312.0
2021-03-17 15:20:00,NSE:MAJESCO,70.2,70.2,70.2,70.2,346.0
2021-03-17 15:25:00,NSE:MAJESCO,70.2,70.2,70.2,70.2,845.0
2021-03-17 15:55:00,NSE:MAJESCO,70.2,70.2,70.2,70.2,40.0
2021-03-18 09:05:00,NSE:MAJESCO,66.7,66.7,66.7,66.7,4740.0
2021-03-18 09:15:00,NSE:MAJESCO,66.7,66.7,66.7,66.7,4772.0
2021-03-18 09:20:00,NSE:MAJESCO,66.7,66.7,66.7,66.7,5432.0
2021-03-18 09:25:00,NSE:MAJESCO,66.7,66.7,66.7,66.7,795.0
2021-03-18 09:30:00,NSE:MAJESCO,66.7,66.7,66.7,66.7,786.0
2021-03-18 09:35:00,NSE:MAJESCO,66.7,66.7,66.7,66.7,2055.0
2021-03-18 09:40:00,NSE:MAJESCO,66.7,66.7,66.7,66.7,1726.0
2021-03-18 09:45:00,NSE:MAJESCO,66.7,66.7,66.7,66.7,1749.0
2021-03-18 09:50:00,NSE:MAJESCO,66.7,66.7,66.7,66.7,359.0
2021-03-18 09:55:00,NSE:MAJESCO,66.7,66.7,66.7,66.7,1030.0
2021-03-18 10:00:00,NSE:MAJESCO,66.7,66.7,66.7,66.7,478.0
2021-03-18 10:05:00,NSE:MAJESCO,66.7,66.7,66.7,66.7,328.0
2021-03-18 10:10:00,NSE:MAJESCO,66.7,66.7,66.7,66.7,199.0
2021-03-18 10:15:00,NSE:MAJESCO,66.7,66.7,66.7,66.7,679.0
2021-03-18 10:20:00,NSE:MAJESCO,66.7,66.7,66.7,66.7,200.0
2021-03-18 10:25:00,NSE:MAJESCO,66.7,66.7,66.7,66.7,699.0
2021-03-18 10:30:00,NSE:MAJESCO,66.7,66.7,66.7,66.7,229.0
2021-03-18 10:35:00,NSE:MAJESCO,66.7,66.7,66.7,66.7,621.0
2021-03-18 10:40:00,NSE:MAJESCO,66.7,66.7,66.7,66.7,357.0
2021-03-18 10:45:00,NSE:MAJESCO,66.7,66.7,66.7,66.7,409.0
2021-03-18 10:50:00,NSE:MAJESCO,66.7,66.7,66.7,66.7,381.0
2021-03-18 10:55:00,NSE:MAJESCO,66.7,66.7,66.7,66.7,204.0
2021-03-18 11:00:00,NSE:MAJESCO,66.7,66.7,66.7,66.7,240.0
2021-03-18 11:05:00,NSE:MAJESCO,66.7,66.7,66.7,66.7,109.0
2021-03-18 11:10:00,NSE:MAJESCO,66.7,66.7,66.7,66.7,512.0
2021-03-18 11:15:00,NSE:MAJESCO,66.7,66.7,66.7,66.7,186.0
2021-03-18 11:20:00,NSE:MAJESCO,66.7,66.7,66.7,66.7,412.0
2021-03-18 11:25:00,NSE:MAJESCO,66.7,66.7,66.7,66.7,583.0
2021-03-18 11:30:00,NSE:MAJESCO,66.7,66.7,66.7,66.7,160.0
2021-03-18 11:35:00,NSE:MAJESCO,66.7,66.7,66.7,66.7,199.0
2021-03-18 11:40:00,NSE:MAJESCO,66.7,66.7,66.7,66.7,215.0
2021-03-18 11:45:00,NSE:MAJESCO,66.7,66.7,66.7,66.7,717.0
2021-03-18 11:50:00,NSE:MAJESCO,66.7,66.7,66.7,66.7,262.0
2021-03-18 11:55:00,NSE:MAJESCO,66.7,66.7,66.7,66.7,84.0
2021-03-18 12:00:00,NSE:MAJESCO,66.7,66.7,66.7,66.7,644.0
2021-03-18 12:05:00,NSE:MAJESCO,66.7,66.7,66.7,66.7,435.0
2021-03-18 12:10:00,NSE:MAJESCO,66.7,66.7,66.7,66.7,337.0
2021-03-18 12:15:00,NSE:MAJESCO,66.7,66.7,66.7,66.7,242.0
2021-03-18 12:20:00,NSE:MAJESCO,66.7,66.7,66.7,66.7,1843.0
2021-03-18 12:25:00,NSE:MAJESCO,66.7,66.7,66.7,66.7,68.0
2021-03-18 12:30:00,NSE:MAJESCO,66.7,66.7,66.7,66.7,152.0
2021-03-18 12:35:00,NSE:MAJESCO,66.7,66.7,66.7,66.7,60.0
2021-03-18 12:40:00,NSE:MAJESCO,66.7,66.7,66.7,66.7,452.0
2021-03-18 12:45:00,NSE:MAJESCO,66.7,66.7,66.7,66.7,268.0
2021-03-18 12:50:00,NSE:MAJESCO,66.7,66.7,66.7,66.7,136.0
2021-03-18 12:55:00,NSE:MAJESCO,66.7,66.7,66.7,66.7,96.0
2021-03-18 13:00:00,NSE:MAJESCO,66.7,66.7,66.7,66.7,499.0
2021-03-18 13:05:00,NSE:MAJESCO,66.7,66.7,66.7,66.7,623.0
2021-03-18 13:10:00,NSE:MAJESCO,66.7,66.7,66.7,66.7,179.0
2021-03-18 13:15:00,NSE:MAJESCO,66.7,66.7,66.7,66.7,131.0
2021-03-18 13:20:00,NSE:MAJESCO,66.7,66.7,66.7,66.7,90.0
2021-03-18 13:25:00,NSE:MAJESCO,66.7,66.7,66.7,66.7,447.0
2021-03-18 13:30:00,NSE:MAJESCO,66.7,66.7,66.7,66.7,93.0
2021-03-18 13:35:00,NSE:MAJESCO,66.7,66.7,66.7,66.7,120.0
2021-03-18 13:40:00,NSE:MAJESCO,66.7,66.7,66.7,66.7,68.0
2021-03-18 13:45:00,NSE:MAJESCO,66.7,66.7,66.7,66.7,30.0
2021-03-18 13:50:00,NSE:MAJESCO,66.7,66.7,66.7,66.7,2033.0
2021-03-18 13:55:00,NSE:MAJESCO,66.7,66.7,66.7,66.7,66.0
2021-03-18 14:00:00,NSE:MAJESCO,66.7,66.7,66.7,66.7,53.0
2021-03-18 14:05:00,NSE:MAJESCO,66.7,66.7,66.7,66.7,21.0
2021-03-18 14:10:00,NSE:MAJESCO,66.7,66.7,66.7,66.7,28.0
2021-03-18 14:15:00,NSE:MAJESCO,66.7,66.7,66.7,66.7,86.0
2021-03-18 14:20:00,NSE:MAJESCO,66.7,66.7,66.7,66.7,51.0
2021-03-18 14:25:00,NSE:MAJESCO,66.7,66.7,66.7,66.7,281.0
2021-03-18 14:30:00,NSE:MAJESCO,66.7,66.7,66.7,66.7,82.0
2021-03-18 14:35:00,NSE:MAJESCO,66.7,66.7,66.7,66.7,181.0
2021-03-18 14:40:00,NSE:MAJESCO,66.7,66.7,66.7,66.7,415.0
2021-03-18 14:45:00,NSE:MAJESCO,66.7,66.7,66.7,66.7,227.0
2021-03-18 14:50:00,NSE:MAJESCO,66.7,66.7,66.7,66.7,264.0
2021-03-18 14:55:00,NSE:MAJESCO,66.7,66.7,66.7,66.7,355.0
2021-03-18 15:00:00,NSE:MAJESCO,66.7,66.7,66.7,66.7,405.0
2021-03-18 15:05:00,NSE:MAJESCO,66.7,66.7,66.7,66.7,498.0
2021-03-18 15:10:00,NSE:MAJESCO,66.7,66.7,66.7,66.7,228.0
2021-03-18 15:15:00,NSE:MAJESCO,66.7,66.7,66.7,66.7,31.0
2021-03-18 15:20:00,NSE:MAJESCO,66.7,66.7,66.7,66.7,509.0
2021-03-18 15:25:00,NSE:MAJESCO,66.7,66.7,66.7,66.7,366.0
2021-03-18 15:40:00,NSE:MAJESCO,66.7,66.7,66.7,66.7,10.0
2021-03-19 09:05:00,NSE:MAJESCO,63.4,63.4,63.4,63.4,5145.0
2021-03-19 09:15:00,NSE:MAJESCO,63.4,63.4,63.4,63.4,2264.0
2021-03-19 09:20:00,NSE:MAJESCO,63.4,63.4,63.4,63.4,1415.0
2021-03-19 09:25:00,NSE:MAJESCO,63.4,63.4,63.4,63.4,5593.0
2021-03-19 09:30:00,NSE:MAJESCO,63.4,63.4,63.4,63.4,699.0
2021-03-19 09:35:00,NSE:MAJESCO,63.4,63.4,63.4,63.4,669.0
2021-03-19 09:40:00,NSE:MAJESCO,63.4,63.4,63.4,63.4,1590.0
2021-03-19 09:45:00,NSE:MAJESCO,63.4,63.4,63.4,63.4,1019.0
2021-03-19 09:50:00,NSE:MAJESCO,63.4,63.4,63.4,63.4,654.0
2021-03-19 09:55:00,NSE:MAJESCO,63.4,63.4,63.4,63.4,653.0
2021-03-19 10:00:00,NSE:MAJESCO,63.4,63.4,63.4,63.4,592.0
2021-03-19 10:05:00,NSE:MAJESCO,63.4,63.4,63.4,63.4,831.0
2021-03-19 10:10:00,NSE:MAJESCO,63.4,63.4,63.4,63.4,776.0
2021-03-19 10:15:00,NSE:MAJESCO,63.4,63.4,63.4,63.4,982.0
2021-03-19 10:20:00,NSE:MAJESCO,63.4,63.4,63.4,63.4,303.0
2021-03-19 10:25:00,NSE:MAJESCO,63.4,63.4,63.4,63.4,932.0
2021-03-19 10:30:00,NSE:MAJESCO,63.4,63.4,63.4,63.4,613.0
2021-03-19 10:35:00,NSE:MAJESCO,63.4,63.4,63.4,63.4,328.0
2021-03-19 10:40:00,NSE:MAJESCO,63.4,63.4,63.4,63.4,584.0
2021-03-19 10:45:00,NSE:MAJESCO,63.4,63.4,63.4,63.4,559.0
2021-03-19 10:50:00,NSE:MAJESCO,63.4,63.4,63.4,63.4,2181.0
2021-03-19 10:55:00,NSE:MAJESCO,63.4,63.4,63.4,63.4,2538.0
2021-03-19 11:00:00,NSE:MAJESCO,63.4,63.4,63.4,63.4,256.0
2021-03-19 11:05:00,NSE:MAJESCO,63.4,63.4,63.4,63.4,331.0
2021-03-19 11:10:00,NSE:MAJESCO,63.4,63.4,63.4,63.4,185.0
2021-03-19 11:15:00,NSE:MAJESCO,63.4,63.4,63.4,63.4,139.0
2021-03-19 11:20:00,NSE:MAJESCO,63.4,63.4,63.4,63.4,413.0
2021-03-19 11:25:00,NSE:MAJESCO,63.4,63.4,63.4,63.4,287.0
2021-03-19 11:30:00,NSE:MAJESCO,63.4,63.4,63.4,63.4,234.0
2021-03-19 11:35:00,NSE:MAJESCO,63.4,63.4,63.4,63.4,1233.0
2021-03-19 11:40:00,NSE:MAJESCO,63.4,63.4,63.4,63.4,1110.0
2021-03-19 11:45:00,NSE:MAJESCO,63.4,63.4,63.4,63.4,238.0
2021-03-19 11:50:00,NSE:MAJESCO,63.4,63.4,63.4,63.4,1052.0
2021-03-19 11:55:00,NSE:MAJESCO,63.4,63.4,63.4,63.4,361.0
2021-03-19 12:00:00,NSE:MAJESCO,63.4,63.4,63.4,63.4,79.0
2021-03-19 12:05:00,NSE:MAJESCO,63.4,63.4,63.4,63.4,190.0
2021-03-19 12:10:00,NSE:MAJESCO,63.4,63.4,63.4,63.4,340.0
2021-03-19 12:15:00,NSE:MAJESCO,63.4,63.4,63.4,63.4,143.0
2021-03-19 12:20:00,NSE:MAJESCO,63.4,63.4,63.4,63.4,462.0
2021-03-19 12:25:00,NSE:MAJESCO,63.4,63.4,63.4,63.4,296.0
2021-03-19 12:30:00,NSE:MAJESCO,63.4,63.4,63.4,63.4,60.0
2021-03-19 12:35:00,NSE:MAJESCO,63.4,63.4,63.4,63.4,281.0
2021-03-19 12:40:00,NSE:MAJESCO,63.4,63.4,63.4,63.4,62.0
2021-03-19 12:45:00,NSE:MAJESCO,63.4,63.4,63.4,63.4,920.0
2021-03-19 12:50:00,NSE:MAJESCO,63.4,63.4,63.4,63.4,503.0
2021-03-19 12:55:00,NSE:MAJESCO,63.4,63.4,63.4,63.4,52.0
2021-03-19 13:00:00,NSE:MAJESCO,63.4,63.4,63.4,63.4,245.0
2021-03-19 13:05:00,NSE:MAJESCO,63.4,63.4,63.4,63.4,977.0
2021-03-19 13:10:00,NSE:MAJESCO,63.4,63.4,63.4,63.4,226.0
2021-03-19 13:15:00,NSE:MAJESCO,63.4,63.4,63.4,63.4,229.0
2021-03-19 13:20:00,NSE:MAJESCO,63.4,63.4,63.4,63.4,643.0
2021-03-19 13:25:00,NSE:MAJESCO,63.4,63.4,63.4,63.4,1170.0
2021-03-19 13:30:00,NSE:MAJESCO,63.4,63.4,63.4,63.4,141.0
2021-03-19 13:35:00,NSE:MAJESCO,63.4,63.4,63.4,63.4,131.0
2021-03-19 13:40:00,NSE:MAJESCO,63.4,63.4,63.4,63.4,1049.0
2021-03-19 13:45:00,NSE:MAJESCO,63.4,63.4,63.4,63.4,241.0
2021-03-19 13:50:00,NSE:MAJESCO,63.4,63.4,63.4,63.4,207.0
2021-03-19 13:55:00,NSE:MAJESCO,63.4,63.4,63.4,63.4,73.0
2021-03-19 14:00:00,NSE:MAJESCO,63.4,63.4,63.4,63.4,300.0
2021-03-19 14:05:00,NSE:MAJESCO,63.4,63.4,63.4,63.4,357.0
2021-03-19 14:10:00,NSE:MAJESCO,63.4,63.4,63.4,63.4,65.0
2021-03-19 14:15:00,NSE:MAJESCO,63.4,63.4,63.4,63.4,71.0
2021-03-19 14:20:00,NSE:MAJESCO,63.4,63.4,63.4,63.4,223.0
2021-03-19 14:25:00,NSE:MAJESCO,63.4,63.4,63.4,63.4,350.0
2021-03-19 14:30:00,NSE:MAJESCO,63.4,63.4,63.4,63.4,732.0
2021-03-19 14:35:00,NSE:MAJESCO,63.4,63.4,63.4,63.4,704.0
2021-03-19 14:40:00,NSE:MAJESCO,63.4,63.4,63.4,63.4,395.0
2021-03-19 14:45:00,NSE:MAJESCO,63.4,63.4,63.4,63.4,634.0
2021-03-19 14:50:00,NSE:MAJESCO,63.4,63.4,63.4,63.4,813.0
2021-03-19 14:55:00,NSE:MAJESCO,63.4,63.4,63.4,63.4,358.0
2021-03-19 15:00:00,NSE:MAJESCO,63.4,63.4,63.4,63.4,1718.0
2021-03-19 15:05:00,NSE:MAJESCO,63.4,63.4,63.4,63.4,184.0
2021-03-19 15:10:00,NSE:MAJESCO,63.4,63.4,63.4,63.4,638.0
2021-03-19 15:15:00,NSE:MAJESCO,63.4,63.4,63.4,63.4,84.0
2021-03-19 15:20:00,NSE:MAJESCO,63.4,63.4,63.4,63.4,498.0
2021-03-19 15:25:00,NSE:MAJESCO,63.4,63.4,63.4,63.4,584.0
2021-03-19 15:45:00,NSE:MAJESCO,63.4,63.4,63.4,63.4,275.0
2021-03-19 15:50:00,NSE:MAJESCO,63.4,63.4,63.4,63.4,40.0
2021-03-19 15:55:00,NSE:MAJESCO,63.4,63.4,63.4,63.4,1.0
2021-03-22 09:05:00,NSE:MAJESCO,66.55,66.55,66.55,66.55,1293615.0
2021-03-22 09:15:00,NSE:MAJESCO,66.55,66.55,66.55,66.55,275246.0
2021-03-22 09:20:00,NSE:MAJESCO,66.55,66.55,66.55,66.55,56563.0
2021-03-22 09:25:00,NSE:MAJESCO,66.55,66.55,66.55,66.55,28720.0
2021-03-22 09:30:00,NSE:MAJESCO,66.55,66.55,66.55,66.55,12879.0
2021-03-22 09:35:00,NSE:MAJESCO,66.55,66.55,66.55,66.55,19196.0
2021-03-22 09:40:00,NSE:MAJESCO,66.55,66.55,66.55,66.55,14753.0
2021-03-22 09:45:00,NSE:MAJESCO,66.55,66.55,66.55,66.55,18787.0
2021-03-22 09:50:00,NSE:MAJESCO,66.55,66.55,66.55,66.55,9805.0
2021-03-22 09:55:00,NSE:MAJESCO,66.55,66.55,66.55,66.55,7931.0
2021-03-22 10:00:00,NSE:MAJESCO,66.55,66.55,66.55,66.55,5339.0
2021-03-22 10:05:00,NSE:MAJESCO,66.55,66.55,66.55,66.55,4661.0
2021-03-22 10:10:00,NSE:MAJESCO,66.55,66.55,66.55,66.55,7513.0
2021-03-22 10:15:00,NSE:MAJESCO,66.55,66.55,66.55,66.55,7763.0
2021-03-22 10:20:00,NSE:MAJESCO,66.55,66.55,66.55,66.55,7686.0
2021-03-22 10:25:00,NSE:MAJESCO,66.55,66.55,66.55,66.55,4057.0
2021-03-22 10:30:00,NSE:MAJESCO,66.55,66.55,66.55,66.55,2428.0
2021-03-22 10:35:00,NSE:MAJESCO,66.55,66.55,66.55,66.55,7024.0
2021-03-22 10:40:00,NSE:MAJESCO,66.55,66.55,66.55,66.55,2882.0
2021-03-22 10:45:00,NSE:MAJESCO,66.55,66.55,66.55,66.55,3780.0
2021-03-22 10:50:00,NSE:MAJESCO,66.55,66.55,66.55,66.55,6128.0
2021-03-22 10:55:00,NSE:MAJESCO,66.55,66.55,66.55,66.55,8519.0
2021-03-22 11:00:00,NSE:MAJESCO,66.55,66.55,66.55,66.55,1958.0
2021-03-22 11:05:00,NSE:MAJESCO,66.55,66.55,66.55,66.55,2852.0
2021-03-22 11:10:00,NSE:MAJESCO,66.55,66.55,66.55,66.55,3369.0
2021-03-22 11:15:00,NSE:MAJESCO,66.55,66.55,66.55,66.55,750.0
2021-03-22 11:20:00,NSE:MAJESCO,66.55,66.55,66.55,66.55,3092.0
2021-03-22 11:25:00,NSE:MAJESCO,66.55,66.55,66.55,66.55,5072.0
2021-03-22 11:30:00,NSE:MAJESCO,66.55,66.55,66.55,66.55,968.0
2021-03-22 11:35:00,NSE:MAJESCO,66.55,66.55,66.55,66.55,1471.0
2021-03-22 11:40:00,NSE:MAJESCO,66.55,66.55,66.55,66.55,8714.0
2021-03-22 11:45:00,NSE:MAJESCO,66.55,66.55,66.55,66.55,1329.0
2021-03-22 11:50:00,NSE:MAJESCO,66.55,66.55,66.55,66.55,2212.0
2021-03-22 11:55:00,NSE:MAJESCO,66.55,66.55,66.55,66.55,627.0
2021-03-22 12:00:00,NSE:MAJESCO,66.55,66.55,66.55,66.55,824.0
2021-03-22 12:05:00,NSE:MAJESCO,66.55,66.55,66.55,66.55,1379.0
2021-03-22 12:10:00,NSE:MAJESCO,66.55,66.55,66.55,66.55,1812.0
2021-03-22 12:15:00,NSE:MAJESCO,66.55,66.55,66.55,66.55,948.0
2021-03-22 12:20:00,NSE:MAJESCO,66.55,66.55,66.55,66.55,1227.0
2021-03-22 12:25:00,NSE:MAJESCO,66.55,66.55,66.55,66.55,3857.0
2021-03-22 12:30:00,NSE:MAJESCO,66.55,66.55,66.55,66.55,630.0
2021-03-22 12:35:00,NSE:MAJESCO,66.55,66.55,66.55,66.55,1179.0
2021-03-22 12:40:00,NSE:MAJESCO,66.55,66.55,66.55,66.55,1611.0
2021-03-22 12:45:00,NSE:MAJESCO,66.55,66.55,66.55,66.55,1539.0
2021-03-22 12:50:00,NSE:MAJESCO,66.55,66.55,66.55,66.55,1269.0
2021-03-22 12:55:00,NSE:MAJESCO,66.55,66.55,66.55,66.55,1996.0
2021-03-22 13:00:00,NSE:MAJESCO,66.55,66.55,66.55,66.55,1312.0
2021-03-22 13:05:00,NSE:MAJESCO,66.55,66.55,66.55,66.55,795.0
2021-03-22 13:10:00,NSE:MAJESCO,66.55,66.55,66.55,66.55,1046.0
2021-03-22 13:15:00,NSE:MAJESCO,66.55,66.55,66.55,66.55,1461.0
2021-03-22 13:20:00,NSE:MAJESCO,66.55,66.55,66.55,66.55,3855.0
2021-03-22 13:25:00,NSE:MAJESCO,66.55,66.55,66.55,66.55,1538.0
2021-03-22 13:30:00,NSE:MAJESCO,66.55,66.55,66.55,66.55,1620.0
2021-03-22 13:35:00,NSE:MAJESCO,66.55,66.55,66.55,66.55,1184.0
2021-03-22 13:40:00,NSE:MAJESCO,66.55,66.55,66.55,66.55,557.0
2021-03-22 13:45:00,NSE:MAJESCO,66.55,66.55,66.55,66.55,310.0
2021-03-22 13:50:00,NSE:MAJESCO,66.55,66.55,66.55,66.55,735.0
2021-03-22 13:55:00,NSE:MAJESCO,66.55,66.55,66.55,66.55,960.0
2021-03-22 14:00:00,NSE:MAJESCO,66.55,66.55,66.55,66.55,1062.0
2021-03-22 14:05:00,NSE:MAJESCO,66.55,66.55,66.55,66.55,181.0
2021-03-22 14:10:00,NSE:MAJESCO,66.55,66.55,66.55,66.55,577.0
2021-03-22 14:15:00,NSE:MAJESCO,66.55,66.55,66.55,66.55,1195.0
2021-03-22 14:20:00,NSE:MAJESCO,66.55,66.55,66.55,66.55,158.0
2021-03-22 14:25:00,NSE:MAJESCO,66.55,66.55,66.55,66.55,2275.0
2021-03-22 14:30:00,NSE:MAJESCO,66.55,66.55,66.55,66.55,271.0
2021-03-22 14:35:00,NSE:MAJESCO,66.55,66.55,66.55,66.55,2476.0
2021-03-22 14:40:00,NSE:MAJESCO,66.55,66.55,66.55,66.55,368.0
2021-03-22 14:45:00,NSE:MAJESCO,66.55,66.55,66.55,66.55,950.0
2021-03-22 14:50:00,NSE:MAJESCO,66.55,66.55,66.55,66.55,835.0
2021-03-22 14:55:00,NSE:MAJESCO,66.55,66.55,66.55,66.55,480.0
2021-03-22 15:00:00,NSE:MAJESCO,66.55,66.55,66.55,66.55,336.0
2021-03-22 15:05:00,NSE:MAJESCO,66.55,66.55,66.55,66.55,291.0
2021-03-22 15:10:00,NSE:MAJESCO,66.55,66.55,66.55,66.55,2734.0
2021-03-22 15:15:00,NSE:MAJESCO,66.55,66.55,66.55,66.55,1197.0
2021-03-22 15:20:00,NSE:MAJESCO,66.55,66.55,66.55,66.55,626.0
2021-03-22 15:25:00,NSE:MAJESCO,66.55,66.55,66.55,66.55,1778.0
2021-03-23 09:05:00,NSE:MAJESCO,69.85,69.85,69.85,69.85,34160.0
2021-03-23 09:15:00,NSE:MAJESCO,69.85,69.85,69.85,69.85,16255.0
2021-03-23 09:20:00,NSE:MAJESCO,69.85,69.85,69.85,69.85,5975.0
2021-03-23 09:25:00,NSE:MAJESCO,69.85,69.85,69.85,69.85,7201.0
2021-03-23 09:30:00,NSE:MAJESCO,69.85,69.85,69.85,69.85,2506.0
2021-03-23 09:35:00,NSE:MAJESCO,69.85,69.85,69.85,69.85,1979.0
2021-03-23 09:40:00,NSE:MAJESCO,69.85,69.85,69.85,69.85,1484.0
2021-03-23 09:45:00,NSE:MAJESCO,69.85,69.85,69.85,69.85,2542.0
2021-03-23 09:50:00,NSE:MAJESCO,69.85,69.85,69.85,69.85,2560.0
2021-03-23 09:55:00,NSE:MAJESCO,69.85,69.85,69.85,69.85,1971.0
2021-03-23 10:00:00,NSE:MAJESCO,69.85,69.85,69.85,69.85,961.0
2021-03-23 10:05:00,NSE:MAJESCO,69.85,69.85,69.85,69.85,427.0
2021-03-23 10:10:00,NSE:MAJESCO,69.85,69.85,69.85,69.85,1837.0
2021-03-23 10:15:00,NSE:MAJESCO,69.85,69.85,69.85,69.85,10516.0
2021-03-23 10:20:00,NSE:MAJESCO,69.85,69.85,69.85,69.85,1151.0
2021-03-23 10:25:00,NSE:MAJESCO,69.85,69.85,69.85,69.85,1526.0
2021-03-23 10:30:00,NSE:MAJESCO,69.85,69.85,69.85,69.85,477.0
2021-03-23 10:35:00,NSE:MAJESCO,69.85,69.85,69.85,69.85,690.0
2021-03-23 10:40:00,NSE:MAJESCO,69.85,69.85,69.85,69.85,305.0
2021-03-23 10:45:00,NSE:MAJESCO,69.85,69.85,69.85,69.85,2592.0
2021-03-23 10:50:00,NSE:MAJESCO,69.85,69.85,69.85,69.85,1174.0
2021-03-23 10:55:00,NSE:MAJESCO,69.85,69.85,69.85,69.85,468.0
2021-03-23 11:00:00,NSE:MAJESCO,69.85,69.85,69.85,69.85,1979.0
2021-03-23 11:05:00,NSE:MAJESCO,69.85,69.85,69.85,69.85,684.0
2021-03-23 11:10:00,NSE:MAJESCO,69.85,69.85,69.85,69.85,1311.0
2021-03-23 11:15:00,NSE:MAJESCO,69.85,69.85,69.85,69.85,530.0
2021-03-23 11:20:00,NSE:MAJESCO,69.85,69.85,69.85,69.85,557.0
2021-03-23 11:25:00,NSE:MAJESCO,69.85,69.85,69.85,69.85,661.0
2021-03-23 11:30:00,NSE:MAJESCO,69.85,69.85,69.85,69.85,1586.0
2021-03-23 11:35:00,NSE:MAJESCO,69.85,69.85,69.85,69.85,573.0
2021-03-23 11:40:00,NSE:MAJESCO,69.85,69.85,69.85,69.85,860.0
2021-03-23 11:45:00,NSE:MAJESCO,69.85,69.85,69.85,69.85,281.0
2021-03-23 11:50:00,NSE:MAJESCO,69.85,69.85,69.85,69.85,928.0
2021-03-23 11:55:00,NSE:MAJESCO,69.85,69.85,69.85,69.85,292.0
2021-03-23 12:00:00,NSE:MAJESCO,69.85,69.85,69.85,69.85,639.0
2021-03-23 12:05:00,NSE:MAJESCO,69.85,69.85,69.85,69.85,861.0
2021-03-23 12:10:00,NSE:MAJESCO,69.85,69.85,69.85,69.85,485.0
2021-03-23 12:15:00,NSE:MAJESCO,69.85,69.85,69.85,69.85,505.0
2021-03-23 12:20:00,NSE:MAJESCO,69.85,69.85,69.85,69.85,593.0
2021-03-23 12:25:00,NSE:MAJESCO,69.85,69.85,69.85,69.85,368.0
2021-03-23 12:30:00,NSE:MAJESCO,69.85,69.85,69.85,69.85,274.0
2021-03-23 12:35:00,NSE:MAJESCO,69.85,69.85,69.85,69.85,160.0
2021-03-23 12:40:00,NSE:MAJESCO,69.85,69.85,69.85,69.85,230.0
2021-03-23 12:45:00,NSE:MAJESCO,69.85,69.85,69.85,69.85,76.0
2021-03-23 12:50:00,NSE:MAJESCO,69.85,69.85,69.85,69.85,1066.0
2021-03-23 12:55:00,NSE:MAJESCO,69.85,69.85,69.85,69.85,293.0
2021-03-23 13:00:00,NSE:MAJESCO,69.85,69.85,69.85,69.85,115.0
2021-03-23 13:05:00,NSE:MAJESCO,69.85,69.85,69.85,69.85,671.0
2021-03-23 13:10:00,NSE:MAJESCO,69.85,69.85,69.85,69.85,454.0
2021-03-23 13:15:00,NSE:MAJESCO,69.85,69.85,69.85,69.85,230.0
2021-03-23 13:20:00,NSE:MAJESCO,69.85,69.85,69.85,69.85,102.0
2021-03-23 13:25:00,NSE:MAJESCO,69.85,69.85,69.85,69.85,432.0
2021-03-23 13:30:00,NSE:MAJESCO,69.85,69.85,69.85,69.85,1012.0
2021-03-23 13:35:00,NSE:MAJESCO,69.85,69.85,69.85,69.85,221.0
2021-03-23 13:40:00,NSE:MAJESCO,69.85,69.85,69.85,69.85,118.0
2021-03-23 13:45:00,NSE:MAJESCO,69.85,69.85,69.85,69.85,1381.0
2021-03-23 13:50:00,NSE:MAJESCO,69.85,69.85,69.85,69.85,211.0
2021-03-23 13:55:00,NSE:MAJESCO,69.85,69.85,69.85,69.85,411.0
2021-03-23 14:00:00,NSE:MAJESCO,69.85,69.85,69.85,69.85,155.0
2021-03-23 14:05:00,NSE:MAJESCO,69.85,69.85,69.85,69.85,46.0
2021-03-23 14:10:00,NSE:MAJESCO,69.85,69.85,69.85,69.85,507.0
2021-03-23 14:15:00,NSE:MAJESCO,69.85,69.85,69.85,69.85,118.0
2021-03-23 14:20:00,NSE:MAJESCO,69.85,69.85,69.85,69.85,1252.0
2021-03-23 14:25:00,NSE:MAJESCO,69.85,69.85,69.85,69.85,285.0
2021-03-23 14:30:00,NSE:MAJESCO,69.85,69.85,69.85,69.85,937.0
2021-03-23 14:35:00,NSE:MAJESCO,69.85,69.85,69.85,69.85,277.0
2021-03-23 14:40:00,NSE:MAJESCO,69.85,69.85,69.85,69.85,113.0
2021-03-23 14:45:00,NSE:MAJESCO,69.85,69.85,69.85,69.85,504.0
2021-03-23 14:50:00,NSE:MAJESCO,69.85,69.85,69.85,69.85,9026.0
2021-03-23 14:55:00,NSE:MAJESCO,69.85,69.85,69.85,69.85,165.0
2021-03-23 15:00:00,NSE:MAJESCO,69.85,69.85,69.85,69.85,451.0
2021-03-23 15:05:00,NSE:MAJESCO,69.85,69.85,69.85,69.85,872.0
2021-03-23 15:10:00,NSE:MAJESCO,69.85,69.85,69.85,69.85,499.0
2021-03-23 15:15:00,NSE:MAJESCO,69.85,69.85,69.85,69.85,260.0
2021-03-23 15:20:00,NSE:MAJESCO,69.85,69.85,69.85,69.85,40.0
2021-03-23 15:25:00,NSE:MAJESCO,69.85,69.85,69.85,69.85,563.0
2021-03-23 15:40:00,NSE:MAJESCO,69.85,69.85,69.85,69.85,60.0
2021-03-24 09:05:00,NSE:MAJESCO,73.3,73.3,73.3,73.3,92483.0
2021-03-24 09:15:00,NSE:MAJESCO,72.95,73.0,68.6,72.4,1851837.0
2021-03-24 09:20:00,NSE:MAJESCO,72.7,73.0,72.3,72.75,379801.0
2021-03-24 09:25:00,NSE:MAJESCO,72.75,73.0,72.0,72.7,248963.0
2021-03-24 09:30:00,NSE:MAJESCO,72.7,72.8,70.25,70.8,186440.0
2021-03-24 09:35:00,NSE:MAJESCO,70.8,72.75,70.6,72.75,179330.0
2021-03-24 09:40:00,NSE:MAJESCO,72.8,72.85,71.5,72.5,125443.0
2021-03-24 09:45:00,NSE:MAJESCO,72.0,72.75,71.0,72.7,90446.0
2021-03-24 09:50:00,NSE:MAJESCO,72.75,73.3,72.7,73.25,93266.0
2021-03-24 09:55:00,NSE:MAJESCO,73.25,73.3,73.25,73.3,62251.0
2021-03-24 10:00:00,NSE:MAJESCO,73.3,73.3,73.3,73.3,7735.0
2021-03-24 10:05:00,NSE:MAJESCO,73.3,73.3,73.3,73.3,7470.0
2021-03-24 10:10:00,NSE:MAJESCO,73.3,73.3,73.3,73.3,6745.0
2021-03-24 10:15:00,NSE:MAJESCO,73.3,73.3,73.3,73.3,10260.0
2021-03-24 10:20:00,NSE:MAJESCO,73.3,73.3,73.3,73.3,14543.0
2021-03-24 10:25:00,NSE:MAJESCO,73.3,73.3,73.3,73.3,7497.0
2021-03-24 10:30:00,NSE:MAJESCO,73.3,73.3,73.3,73.3,5025.0
2021-03-24 10:35:00,NSE:MAJESCO,73.3,73.3,73.3,73.3,16226.0
2021-03-24 10:40:00,NSE:MAJESCO,73.3,73.3,73.3,73.3,25124.0
2021-03-24 10:45:00,NSE:MAJESCO,73.3,73.3,73.3,73.3,6019.0
2021-03-24 10:50:00,NSE:MAJESCO,73.3,73.3,73.3,73.3,5633.0
2021-03-24 10:55:00,NSE:MAJESCO,73.3,73.3,73.3,73.3,4078.0
2021-03-24 11:00:00,NSE:MAJESCO,73.3,73.3,73.3,73.3,13882.0
2021-03-24 11:05:00,NSE:MAJESCO,73.3,73.3,73.3,73.3,19706.0
2021-03-24 11:10:00,NSE:MAJESCO,73.3,73.3,73.3,73.3,5897.0
2021-03-24 11:15:00,NSE:MAJESCO,73.3,73.3,73.3,73.3,5298.0
2021-03-24 11:20:00,NSE:MAJESCO,73.3,73.3,73.3,73.3,2287.0
2021-03-24 11:25:00,NSE:MAJESCO,73.3,73.3,73.3,73.3,1529.0
2021-03-24 11:30:00,NSE:MAJESCO,73.3,73.3,73.3,73.3,1387.0
2021-03-24 11:35:00,NSE:MAJESCO,73.3,73.3,73.3,73.3,1553.0
2021-03-24 11:40:00,NSE:MAJESCO,73.3,73.3,73.3,73.3,601.0
2021-03-24 11:45:00,NSE:MAJESCO,73.3,73.3,73.3,73.3,4426.0
2021-03-24 11:50:00,NSE:MAJESCO,73.3,73.3,73.3,73.3,1703.0
2021-03-24 11:55:00,NSE:MAJESCO,73.3,73.3,73.3,73.3,2816.0
2021-03-24 12:00:00,NSE:MAJESCO,73.3,73.3,73.3,73.3,800.0
2021-03-24 12:05:00,NSE:MAJESCO,73.3,73.3,73.3,73.3,443.0
2021-03-24 12:10:00,NSE:MAJESCO,73.3,73.3,73.3,73.3,446.0
2021-03-24 12:15:00,NSE:MAJESCO,73.3,73.3,73.3,73.3,994.0
2021-03-24 12:20:00,NSE:MAJESCO,73.3,73.3,73.3,73.3,667.0
2021-03-24 12:25:00,NSE:MAJESCO,73.3,73.3,73.3,73.3,41175.0
2021-03-24 12:30:00,NSE:MAJESCO,73.3,73.3,73.3,73.3,743.0
2021-03-24 12:35:00,NSE:MAJESCO,73.3,73.3,73.3,73.3,16360.0
2021-03-24 12:40:00,NSE:MAJESCO,73.3,73.3,73.3,73.3,384.0
2021-03-24 12:45:00,NSE:MAJESCO,73.3,73.3,73.3,73.3,2178.0
2021-03-24 12:50:00,NSE:MAJESCO,73.3,73.3,73.3,73.3,1169.0
2021-03-24 12:55:00,NSE:MAJESCO,73.3,73.3,73.3,73.3,2042.0
2021-03-24 13:00:00,NSE:MAJESCO,73.3,73.3,73.3,73.3,758.0
2021-03-24 13:05:00,NSE:MAJESCO,73.3,73.3,73.3,73.3,1919.0
2021-03-24 13:10:00,NSE:MAJESCO,73.3,73.3,73.3,73.3,414.0
2021-03-24 13:15:00,NSE:MAJESCO,73.3,73.3,73.3,73.3,1866.0
2021-03-24 13:20:00,NSE:MAJESCO,73.3,73.3,73.3,73.3,247.0
2021-03-24 13:25:00,NSE:MAJESCO,73.3,73.3,73.3,73.3,1292.0
2021-03-24 13:30:00,NSE:MAJESCO,73.3,73.3,73.3,73.3,518.0
2021-03-24 13:35:00,NSE:MAJESCO,73.3,73.3,73.3,73.3,1230.0
2021-03-24 13:40:00,NSE:MAJESCO,73.3,73.3,73.3,73.3,815.0
2021-03-24 13:45:00,NSE:MAJESCO,73.3,73.3,73.3,73.3,529.0
2021-03-24 13:50:00,NSE:MAJESCO,73.3,73.3,73.3,73.3,890.0
2021-03-24 13:55:00,NSE:MAJESCO,73.3,73.3,73.3,73.3,1148.0
2021-03-24 14:00:00,NSE:MAJESCO,73.3,73.3,73.3,73.3,149.0
2021-03-24 14:05:00,NSE:MAJESCO,73.3,73.3,73.3,73.3,994.0
2021-03-24 14:10:00,NSE:MAJESCO,73.3,73.3,73.3,73.3,1377.0
2021-03-24 14:15:00,NSE:MAJESCO,73.3,73.3,73.3,73.3,593.0
2021-03-24 14:20:00,NSE:MAJESCO,73.3,73.3,73.3,73.3,190.0
2021-03-24 14:25:00,NSE:MAJESCO,73.3,73.3,73.3,73.3,750.0
2021-03-24 14:30:00,NSE:MAJESCO,73.3,73.3,73.3,73.3,1489.0
2021-03-24 14:35:00,NSE:MAJESCO,73.3,73.3,73.3,73.3,336.0
2021-03-24 14:40:00,NSE:MAJESCO,73.3,73.3,73.3,73.3,4321.0
2021-03-24 14:45:00,NSE:MAJESCO,73.3,73.3,73.3,73.3,546.0
2021-03-24 14:50:00,NSE:MAJESCO,73.3,73.3,73.3,73.3,10989.0
2021-03-24 14:55:00,NSE:MAJESCO,73.3,73.3,73.3,73.3,102074.0
2021-03-24 15:00:00,NSE:MAJESCO,73.3,73.3,73.3,73.3,3747.0
2021-03-24 15:05:00,NSE:MAJESCO,73.3,73.3,73.3,73.3,1842.0
2021-03-24 15:10:00,NSE:MAJESCO,73.3,73.3,73.3,73.3,4260.0
2021-03-24 15:15:00,NSE:MAJESCO,73.3,73.3,73.3,73.3,5124.0
2021-03-24 15:20:00,NSE:MAJESCO,73.3,73.3,73.3,73.3,4389.0
2021-03-24 15:25:00,NSE:MAJESCO,73.3,73.3,73.3,73.3,1935.0
2021-03-24 15:40:00,NSE:MAJESCO,73.3,73.3,73.3,73.3,1.0
2021-03-24 15:45:00,NSE:MAJESCO,73.3,73.3,73.3,73.3,2.0
2021-03-25 09:05:00,NSE:MAJESCO,71.9,71.9,71.9,71.9,69656.0
2021-03-25 09:15:00,NSE:MAJESCO,70.45,70.45,69.65,69.65,161177.0
2021-03-25 09:20:00,NSE:MAJESCO,69.65,69.65,69.65,69.65,20712.0
2021-03-25 09:25:00,NSE:MAJESCO,69.65,69.65,69.65,69.65,9974.0
2021-03-25 09:30:00,NSE:MAJESCO,69.65,69.65,69.65,69.65,12326.0
2021-03-25 09:35:00,NSE:MAJESCO,69.65,69.65,69.65,69.65,13681.0
2021-03-25 09:40:00,NSE:MAJESCO,69.65,69.65,69.65,69.65,14511.0
2021-03-25 09:45:00,NSE:MAJESCO,69.65,69.65,69.65,69.65,51463.0
2021-03-25 09:50:00,NSE:MAJESCO,69.65,69.65,69.65,69.65,19023.0
2021-03-25 09:55:00,NSE:MAJESCO,69.65,69.65,69.65,69.65,5620.0
2021-03-25 10:00:00,NSE:MAJESCO,69.65,69.65,69.65,69.65,5284.0
2021-03-25 10:05:00,NSE:MAJESCO,69.65,69.65,69.65,69.65,5959.0
2021-03-25 10:10:00,NSE:MAJESCO,69.65,69.65,69.65,69.65,12592.0
2021-03-25 10:15:00,NSE:MAJESCO,69.65,69.65,69.65,69.65,4022.0
2021-03-25 10:20:00,NSE:MAJESCO,69.65,69.65,69.65,69.65,3934.0
2021-03-25 10:25:00,NSE:MAJESCO,69.65,69.65,69.65,69.65,3038.0
2021-03-25 10:30:00,NSE:MAJESCO,69.65,69.65,69.65,69.65,6749.0
2021-03-25 10:35:00,NSE:MAJESCO,69.65,69.65,69.65,69.65,1896.0
2021-03-25 10:40:00,NSE:MAJESCO,69.65,69.65,69.65,69.65,2894.0
2021-03-25 10:45:00,NSE:MAJESCO,69.65,69.65,69.65,69.65,2070.0
2021-03-25 10:50:00,NSE:MAJESCO,69.65,69.65,69.65,69.65,1677.0
2021-03-25 10:55:00,NSE:MAJESCO,69.65,69.65,69.65,69.65,691.0
2021-03-25 11:00:00,NSE:MAJESCO,69.65,69.65,69.65,69.65,1836.0
2021-03-25 11:05:00,NSE:MAJESCO,69.65,69.65,69.65,69.65,1021.0
2021-03-25 11:10:00,NSE:MAJESCO,69.65,69.65,69.65,69.65,1675.0
2021-03-25 11:15:00,NSE:MAJESCO,69.65,69.65,69.65,69.65,2308.0
2021-03-25 11:20:00,NSE:MAJESCO,69.65,69.65,69.65,69.65,1202.0
2021-03-25 11:25:00,NSE:MAJESCO,69.65,69.65,69.65,69.65,2099.0
2021-03-25 11:30:00,NSE:MAJESCO,69.65,69.65,69.65,69.65,3220.0
2021-03-25 11:35:00,NSE:MAJESCO,69.65,69.65,69.65,69.65,1358.0
2021-03-25 11:40:00,NSE:MAJESCO,69.65,69.65,69.65,69.65,1090.0
2021-03-25 11:45:00,NSE:MAJESCO,69.65,69.65,69.65,69.65,1205.0
2021-03-25 11:50:00,NSE:MAJESCO,69.65,69.65,69.65,69.65,1277.0
2021-03-25 11:55:00,NSE:MAJESCO,69.65,69.65,69.65,69.65,5398.0
2021-03-25 12:00:00,NSE:MAJESCO,69.65,69.65,69.65,69.65,841.0
2021-03-25 12:05:00,NSE:MAJESCO,69.65,69.65,69.65,69.65,1226.0
2021-03-25 12:10:00,NSE:MAJESCO,69.65,69.65,69.65,69.65,1250.0
2021-03-25 12:15:00,NSE:MAJESCO,69.65,69.65,69.65,69.65,1579.0
2021-03-25 12:20:00,NSE:MAJESCO,69.65,69.65,69.65,69.65,738.0
2021-03-25 12:25:00,NSE:MAJESCO,69.65,69.65,69.65,69.65,2512.0
2021-03-25 12:30:00,NSE:MAJESCO,69.65,69.65,69.65,69.65,2363.0
2021-03-25 12:35:00,NSE:MAJESCO,69.65,69.65,69.65,69.65,855.0
2021-03-25 12:40:00,NSE:MAJESCO,69.65,69.65,69.65,69.65,2810.0
2021-03-25 12:45:00,NSE:MAJESCO,69.65,69.65,69.65,69.65,1545.0
2021-03-25 12:50:00,NSE:MAJESCO,69.65,69.65,69.65,69.65,1200.0
2021-03-25 12:55:00,NSE:MAJESCO,69.65,69.65,69.65,69.65,1806.0
2021-03-25 13:00:00,NSE:MAJESCO,69.65,69.65,69.65,69.65,917.0
2021-03-25 13:05:00,NSE:MAJESCO,69.65,69.65,69.65,69.65,2916.0
2021-03-25 13:10:00,NSE:MAJESCO,69.65,69.65,69.65,69.65,1052.0
2021-03-25 13:15:00,NSE:MAJESCO,69.65,69.65,69.65,69.65,1823.0
2021-03-25 13:20:00,NSE:MAJESCO,69.65,69.65,69.65,69.65,2021.0
2021-03-25 13:25:00,NSE:MAJESCO,69.65,69.65,69.65,69.65,618.0
2021-03-25 13:30:00,NSE:MAJESCO,69.65,69.65,69.65,69.65,3131.0
2021-03-25 13:35:00,NSE:MAJESCO,69.65,69.65,69.65,69.65,2869.0
2021-03-25 13:40:00,NSE:MAJESCO,69.65,69.65,69.65,69.65,2782.0
2021-03-25 13:45:00,NSE:MAJESCO,69.65,69.65,69.65,69.65,3207.0
2021-03-25 13:50:00,NSE:MAJESCO,69.65,69.65,69.65,69.65,2709.0
2021-03-25 13:55:00,NSE:MAJESCO,69.65,69.65,69.65,69.65,2764.0
2021-03-25 14:00:00,NSE:MAJESCO,69.65,69.65,69.65,69.65,2993.0
2021-03-25 14:05:00,NSE:MAJESCO,69.65,69.65,69.65,69.65,3763.0
2021-03-25 14:10:00,NSE:MAJESCO,69.65,69.65,69.65,69.65,993.0
2021-03-25 14:15:00,NSE:MAJESCO,69.65,69.65,69.65,69.65,1363.0
2021-03-25 14:20:00,NSE:MAJESCO,69.65,69.65,69.65,69.65,1665.0
2021-03-25 14:25:00,NSE:MAJESCO,69.65,69.65,69.65,69.65,1413.0
2021-03-25 14:30:00,NSE:MAJESCO,69.65,69.65,69.65,69.65,1295.0
2021-03-25 14:35:00,NSE:MAJESCO,69.65,69.65,69.65,69.65,2173.0
2021-03-25 14:40:00,NSE:MAJESCO,69.65,69.65,69.65,69.65,4002.0
2021-03-25 14:45:00,NSE:MAJESCO,69.65,69.65,69.65,69.65,6607.0
2021-03-25 14:50:00,NSE:MAJESCO,69.65,69.65,69.65,69.65,2198.0
2021-03-25 14:55:00,NSE:MAJESCO,69.65,69.65,69.65,69.65,9184.0
2021-03-25 15:00:00,NSE:MAJESCO,69.65,69.65,69.65,69.65,1282.0
2021-03-25 15:05:00,NSE:MAJESCO,69.65,69.65,69.65,69.65,2363.0
2021-03-25 15:10:00,NSE:MAJESCO,69.65,69.65,69.65,69.65,4060.0
2021-03-25 15:15:00,NSE:MAJESCO,69.65,69.65,69.65,69.65,995.0
2021-03-25 15:20:00,NSE:MAJESCO,69.65,69.65,69.65,69.65,4096.0
2021-03-25 15:25:00,NSE:MAJESCO,69.65,69.65,69.65,69.65,5275.0
2021-03-25 15:40:00,NSE:MAJESCO,69.65,69.65,69.65,69.65,26.0
2021-03-25 15:45:00,NSE:MAJESCO,69.65,69.65,69.65,69.65,159.0
2021-03-25 15:50:00,NSE:MAJESCO,69.65,69.65,69.65,69.65,5.0
2021-03-25 15:55:00,NSE:MAJESCO,69.65,69.65,69.65,69.65,48.0
2021-03-26 09:05:00,NSE:MAJESCO,67.55,67.55,67.55,67.55,270448.0
2021-03-26 09:15:00,NSE:MAJESCO,67.55,69.0,66.2,66.4,379680.0
2021-03-26 09:20:00,NSE:MAJESCO,66.45,67.1,66.2,66.2,148868.0
2021-03-26 09:25:00,NSE:MAJESCO,66.2,66.5,66.2,66.35,66245.0
2021-03-26 09:30:00,NSE:MAJESCO,66.3,66.5,66.2,66.3,67342.0
2021-03-26 09:35:00,NSE:MAJESCO,66.3,66.45,66.25,66.4,42061.0
2021-03-26 09:40:00,NSE:MAJESCO,66.4,66.5,66.2,66.2,27051.0
2021-03-26 09:45:00,NSE:MAJESCO,66.5,66.5,66.2,66.5,25709.0
2021-03-26 09:50:00,NSE:MAJESCO,66.3,66.5,66.3,66.35,17391.0
2021-03-26 09:55:00,NSE:MAJESCO,66.35,67.0,66.3,66.7,30509.0
2021-03-26 10:00:00,NSE:MAJESCO,67.0,69.0,66.75,69.0,30387.0
2021-03-26 10:05:00,NSE:MAJESCO,68.4,69.3,67.3,68.6,33272.0
2021-03-26 10:10:00,NSE:MAJESCO,68.6,69.65,67.5,68.45,32003.0
2021-03-26 10:15:00,NSE:MAJESCO,68.0,69.45,67.55,69.0,17079.0
2021-03-26 10:20:00,NSE:MAJESCO,69.0,69.45,69.0,69.2,13745.0
2021-03-26 10:25:00,NSE:MAJESCO,69.35,69.4,68.05,68.1,18171.0
2021-03-26 10:30:00,NSE:MAJESCO,68.5,69.1,68.05,69.1,16248.0
2021-03-26 10:35:00,NSE:MAJESCO,69.0,69.2,68.1,68.5,17967.0
2021-03-26 10:40:00,NSE:MAJESCO,68.5,69.0,68.2,68.5,9596.0
2021-03-26 10:45:00,NSE:MAJESCO,68.3,69.25,68.2,69.25,18349.0
2021-03-26 10:50:00,NSE:MAJESCO,69.25,69.25,68.2,68.5,11248.0
2021-03-26 10:55:00,NSE:MAJESCO,68.5,68.5,68.0,68.5,8340.0
2021-03-26 11:00:00,NSE:MAJESCO,68.25,68.5,68.05,68.3,9199.0
2021-03-26 11:05:00,NSE:MAJESCO,68.45,68.5,68.0,68.45,11358.0
2021-03-26 11:10:00,NSE:MAJESCO,68.5,68.5,68.0,68.5,4621.0
2021-03-26 11:15:00,NSE:MAJESCO,68.5,68.9,68.15,68.5,6696.0
2021-03-26 11:20:00,NSE:MAJESCO,68.3,68.8,68.0,68.15,11947.0
2021-03-26 11:25:00,NSE:MAJESCO,68.1,68.9,68.0,68.4,4997.0
2021-03-26 11:30:00,NSE:MAJESCO,68.3,68.4,68.0,68.0,5796.0
2021-03-26 11:35:00,NSE:MAJESCO,68.0,68.9,68.0,68.8,7712.0
2021-03-26 11:40:00,NSE:MAJESCO,68.9,69.0,68.2,68.85,7809.0
2021-03-26 11:45:00,NSE:MAJESCO,68.85,68.95,68.05,68.05,5939.0
2021-03-26 11:50:00,NSE:MAJESCO,68.2,68.8,68.1,68.5,2767.0
2021-03-26 11:55:00,NSE:MAJESCO,68.55,68.8,68.2,68.75,3639.0
2021-03-26 12:00:00,NSE:MAJESCO,68.75,68.75,68.5,68.65,4457.0
2021-03-26 12:05:00,NSE:MAJESCO,68.55,68.65,68.3,68.3,6462.0
2021-03-26 12:10:00,NSE:MAJESCO,68.3,68.65,68.3,68.5,14838.0
2021-03-26 12:15:00,NSE:MAJESCO,68.3,68.6,68.3,68.4,4610.0
2021-03-26 12:20:00,NSE:MAJESCO,68.45,68.45,68.25,68.45,3950.0
2021-03-26 12:25:00,NSE:MAJESCO,68.3,68.45,68.0,68.0,3787.0
2021-03-26 12:30:00,NSE:MAJESCO,68.1,68.1,68.0,68.0,8014.0
2021-03-26 12:35:00,NSE:MAJESCO,68.05,68.1,68.0,68.05,2916.0
2021-03-26 12:40:00,NSE:MAJESCO,68.05,68.1,67.85,68.0,4340.0
2021-03-26 12:45:00,NSE:MAJESCO,67.85,68.0,67.3,67.9,12657.0
2021-03-26 12:50:00,NSE:MAJESCO,67.95,67.95,67.3,67.75,2589.0
2021-03-26 12:55:00,NSE:MAJESCO,67.75,67.8,67.35,67.5,1226.0
2021-03-26 13:00:00,NSE:MAJESCO,67.5,67.85,67.35,67.75,4505.0
2021-03-26 13:05:00,NSE:MAJESCO,67.75,67.75,67.4,67.4,5909.0
2021-03-26 13:10:00,NSE:MAJESCO,67.5,67.95,67.4,67.5,2421.0
2021-03-26 13:15:00,NSE:MAJESCO,67.95,67.95,67.4,67.5,2374.0
2021-03-26 13:20:00,NSE:MAJESCO,67.9,67.95,67.5,67.6,2856.0
2021-03-26 13:25:00,NSE:MAJESCO,67.6,67.85,67.55,67.75,1626.0
2021-03-26 13:30:00,NSE:MAJESCO,67.75,67.75,67.35,67.4,12085.0
2021-03-26 13:35:00,NSE:MAJESCO,67.4,67.55,67.35,67.55,3459.0
2021-03-26 13:40:00,NSE:MAJESCO,67.55,67.75,67.3,67.75,6221.0
2021-03-26 13:45:00,NSE:MAJESCO,67.7,68.0,67.3,67.9,2187.0
2021-03-26 13:50:00,NSE:MAJESCO,68.0,68.0,67.6,68.0,4778.0
2021-03-26 13:55:00,NSE:MAJESCO,68.0,68.0,67.35,67.8,3436.0
2021-03-26 14:00:00,NSE:MAJESCO,67.8,68.0,67.7,67.9,4990.0
2021-03-26 14:05:00,NSE:MAJESCO,67.9,68.0,67.8,68.0,1912.0
2021-03-26 14:10:00,NSE:MAJESCO,68.0,68.0,67.7,67.75,3110.0
2021-03-26 14:15:00,NSE:MAJESCO,67.75,67.8,67.5,67.8,9517.0
2021-03-26 14:20:00,NSE:MAJESCO,67.8,67.8,67.5,67.7,4275.0
2021-03-26 14:25:00,NSE:MAJESCO,67.5,67.7,67.45,67.7,2981.0
2021-03-26 14:30:00,NSE:MAJESCO,67.65,68.0,67.45,67.65,7312.0
2021-03-26 14:35:00,NSE:MAJESCO,68.0,68.25,67.7,67.95,3269.0
2021-03-26 14:40:00,NSE:MAJESCO,67.95,68.0,67.5,67.5,6707.0
2021-03-26 14:45:00,NSE:MAJESCO,67.4,67.5,67.3,67.5,32390.0
2021-03-26 14:50:00,NSE:MAJESCO,67.5,68.0,67.4,67.8,4456.0
2021-03-26 14:55:00,NSE:MAJESCO,67.95,67.95,67.55,67.55,6836.0
2021-03-26 15:00:00,NSE:MAJESCO,67.95,68.9,67.55,68.2,14753.0
2021-03-26 15:05:00,NSE:MAJESCO,68.2,68.9,67.7,67.8,6256.0
2021-03-26 15:10:00,NSE:MAJESCO,67.8,68.0,67.6,67.65,7631.0
2021-03-26 15:15:00,NSE:MAJESCO,67.65,68.2,67.6,68.0,7725.0
2021-03-26 15:20:00,NSE:MAJESCO,68.1,68.15,67.65,67.65,10461.0
2021-03-26 15:25:00,NSE:MAJESCO,67.65,68.1,67.6,68.05,13363.0
2021-03-26 15:40:00,NSE:MAJESCO,68.0,68.05,68.0,68.0,697.0
2021-03-26 15:45:00,NSE:MAJESCO,68.0,68.0,68.0,68.0,6.0
2021-03-26 15:50:00,NSE:MAJESCO,68.0,68.0,68.0,68.0,9.0
2021-03-26 15:55:00,NSE:MAJESCO,68.0,68.0,68.0,68.0,50.0
2021-03-30 09:05:00,NSE:MAJESCO,67.0,67.0,67.0,67.0,19891.0
2021-03-30 09:15:00,NSE:MAJESCO,66.5,66.5,64.6,64.7,145606.0
2021-03-30 09:20:00,NSE:MAJESCO,65.0,65.0,64.6,65.0,43516.0
2021-03-30 09:25:00,NSE:MAJESCO,65.2,65.2,64.6,64.6,64063.0
2021-03-30 09:30:00,NSE:MAJESCO,64.6,64.7,64.6,64.7,49280.0
2021-03-30 09:35:00,NSE:MAJESCO,64.65,64.7,64.6,64.65,21685.0
2021-03-30 09:40:00,NSE:MAJESCO,64.7,64.7,64.6,64.6,25140.0
2021-03-30 09:45:00,NSE:MAJESCO,64.6,65.0,64.6,64.7,16140.0
2021-03-30 09:50:00,NSE:MAJESCO,64.6,64.7,64.6,64.7,26113.0
2021-03-30 09:55:00,NSE:MAJESCO,64.65,64.7,64.6,64.65,35442.0
2021-03-30 10:00:00,NSE:MAJESCO,64.65,64.65,64.6,64.6,39506.0
2021-03-30 10:05:00,NSE:MAJESCO,64.6,64.7,64.6,64.65,23560.0
2021-03-30 10:10:00,NSE:MAJESCO,64.7,64.95,64.6,64.65,13373.0
2021-03-30 10:15:00,NSE:MAJESCO,64.7,65.0,64.6,64.7,11659.0
2021-03-30 10:20:00,NSE:MAJESCO,64.7,64.8,64.6,64.65,22360.0
2021-03-30 10:25:00,NSE:MAJESCO,64.7,64.8,64.6,64.7,11222.0
2021-03-30 10:30:00,NSE:MAJESCO,64.7,64.8,64.65,64.8,7949.0
2021-03-30 10:35:00,NSE:MAJESCO,64.7,64.8,64.65,64.8,16744.0
2021-03-30 10:40:00,NSE:MAJESCO,64.7,64.8,64.6,64.65,15910.0
2021-03-30 10:45:00,NSE:MAJESCO,64.7,64.8,64.7,64.7,5617.0
2021-03-30 10:50:00,NSE:MAJESCO,64.8,64.8,64.7,64.7,4993.0
2021-03-30 10:55:00,NSE:MAJESCO,64.75,64.8,64.7,64.8,4433.0
2021-03-30 11:00:00,NSE:MAJESCO,64.75,64.8,64.7,64.8,7176.0
2021-03-30 11:05:00,NSE:MAJESCO,64.8,65.25,64.8,65.2,22109.0
2021-03-30 11:10:00,NSE:MAJESCO,65.2,65.9,65.2,65.85,18904.0
2021-03-30 11:15:00,NSE:MAJESCO,65.85,65.9,65.7,65.9,9913.0
2021-03-30 11:20:00,NSE:MAJESCO,65.85,65.9,65.5,65.9,6987.0
2021-03-30 11:25:00,NSE:MAJESCO,65.85,65.9,65.5,65.85,1655.0
2021-03-30 11:30:00,NSE:MAJESCO,65.85,65.9,65.5,65.75,2033.0
2021-03-30 11:35:00,NSE:MAJESCO,65.75,66.45,65.55,66.0,9946.0
2021-03-30 11:40:00,NSE:MAJESCO,66.0,66.7,66.0,66.5,5381.0
2021-03-30 11:45:00,NSE:MAJESCO,66.5,66.5,66.0,66.25,7894.0
2021-03-30 11:50:00,NSE:MAJESCO,66.25,66.5,66.0,66.35,5987.0
2021-03-30 11:55:00,NSE:MAJESCO,66.0,66.35,66.0,66.0,2072.0
2021-03-30 12:00:00,NSE:MAJESCO,66.0,66.5,65.9,66.1,5042.0
2021-03-30 12:05:00,NSE:MAJESCO,66.2,66.7,66.1,66.2,1681.0
2021-03-30 12:10:00,NSE:MAJESCO,66.3,66.5,65.75,66.0,3359.0
2021-03-30 12:15:00,NSE:MAJESCO,66.0,66.5,65.75,65.75,2099.0
2021-03-30 12:20:00,NSE:MAJESCO,66.0,66.2,65.7,65.75,3056.0
2021-03-30 12:25:00,NSE:MAJESCO,65.95,65.95,65.5,65.55,2806.0
2021-03-30 12:30:00,NSE:MAJESCO,65.55,65.95,65.5,65.6,6680.0
2021-03-30 12:35:00,NSE:MAJESCO,65.75,65.95,65.75,65.75,3825.0
2021-03-30 12:40:00,NSE:MAJESCO,65.75,65.9,65.6,65.75,2883.0
2021-03-30 12:45:00,NSE:MAJESCO,65.55,65.8,65.5,65.8,2645.0
2021-03-30 12:50:00,NSE:MAJESCO,65.8,65.85,65.5,65.8,6610.0
2021-03-30 12:55:00,NSE:MAJESCO,65.7,65.8,65.65,65.75,1687.0
2021-03-30 13:00:00,NSE:MAJESCO,65.8,65.8,65.75,65.75,2174.0
2021-03-30 13:05:00,NSE:MAJESCO,65.7,65.8,65.55,65.8,3733.0
2021-03-30 13:10:00,NSE:MAJESCO,65.75,65.8,65.55,65.7,2926.0
2021-03-30 13:15:00,NSE:MAJESCO,65.75,65.8,65.25,65.3,3514.0
2021-03-30 13:20:00,NSE:MAJESCO,65.3,65.8,65.3,65.75,2343.0
2021-03-30 13:25:00,NSE:MAJESCO,65.75,65.85,65.5,65.85,3136.0
2021-03-30 13:30:00,NSE:MAJESCO,65.85,65.9,65.1,65.1,2438.0
2021-03-30 13:35:00,NSE:MAJESCO,65.8,65.8,65.0,65.5,8863.0
2021-03-30 13:40:00,NSE:MAJESCO,65.75,65.9,65.0,65.8,7560.0
2021-03-30 13:45:00,NSE:MAJESCO,65.8,66.05,65.65,66.0,5116.0
2021-03-30 13:50:00,NSE:MAJESCO,65.75,66.0,65.5,65.8,4757.0
2021-03-30 13:55:00,NSE:MAJESCO,65.8,66.0,65.0,65.1,5127.0
2021-03-30 14:00:00,NSE:MAJESCO,65.15,66.0,65.15,65.25,4322.0
2021-03-30 14:05:00,NSE:MAJESCO,65.95,66.0,65.35,65.75,2689.0
2021-03-30 14:10:00,NSE:MAJESCO,65.95,66.0,65.75,66.0,7782.0
2021-03-30 14:15:00,NSE:MAJESCO,66.05,66.1,66.0,66.0,9237.0
2021-03-30 14:20:00,NSE:MAJESCO,66.0,66.3,66.0,66.1,5121.0
2021-03-30 14:25:00,NSE:MAJESCO,66.1,66.3,66.0,66.05,11221.0
2021-03-30 14:30:00,NSE:MAJESCO,66.0,66.05,65.95,66.0,6228.0
2021-03-30 14:35:00,NSE:MAJESCO,65.95,66.0,65.75,65.75,2429.0
2021-03-30 14:40:00,NSE:MAJESCO,65.75,66.05,65.75,65.9,14739.0
2021-03-30 14:45:00,NSE:MAJESCO,66.0,66.2,65.75,66.0,17493.0
2021-03-30 14:50:00,NSE:MAJESCO,66.2,66.2,65.75,65.8,1175.0
2021-03-30 14:55:00,NSE:MAJESCO,65.8,65.95,65.1,65.1,4034.0
2021-03-30 15:00:00,NSE:MAJESCO,65.8,66.0,65.05,65.1,9670.0
2021-03-30 15:05:00,NSE:MAJESCO,65.5,65.5,65.1,65.1,4518.0
2021-03-30 15:10:00,NSE:MAJESCO,65.15,65.5,65.05,65.1,5638.0
2021-03-30 15:15:00,NSE:MAJESCO,65.1,65.5,65.05,65.45,15331.0
2021-03-30 15:20:00,NSE:MAJESCO,65.45,65.45,65.05,65.1,4516.0
2021-03-30 15:25:00,NSE:MAJESCO,65.05,65.4,65.05,65.3,11495.0
2021-03-30 15:30:00,NSE:MAJESCO,65.2,65.2,65.2,65.2,10.0
2021-03-30 15:40:00,NSE:MAJESCO,65.15,65.2,65.15,65.15,210.0
2021-03-30 15:45:00,NSE:MAJESCO,65.15,65.15,65.15,65.15,100.0
2021-03-30 15:50:00,NSE:MAJESCO,65.15,65.2,65.15,65.2,100.0
2021-03-31 09:05:00,NSE:MAJESCO,63.2,63.2,63.2,63.2,8913.0
2021-03-31 09:15:00,NSE:MAJESCO,63.4,64.55,63.4,64.0,26301.0
2021-03-31 09:20:00,NSE:MAJESCO,64.2,64.4,63.85,64.05,21695.0
2021-03-31 09:25:00,NSE:MAJESCO,64.05,64.4,64.0,64.2,12330.0
2021-03-31 09:30:00,NSE:MAJESCO,64.2,64.4,64.05,64.4,10373.0
2021-03-31 09:35:00,NSE:MAJESCO,64.4,64.5,64.2,64.4,16217.0
2021-03-31 09:40:00,NSE:MAJESCO,64.4,64.45,64.05,64.45,5896.0
2021-03-31 09:45:00,NSE:MAJESCO,64.5,64.55,64.05,64.3,19729.0
2021-03-31 09:50:00,NSE:MAJESCO,64.3,65.0,64.3,64.95,7398.0
2021-03-31 09:55:00,NSE:MAJESCO,64.95,65.15,64.9,65.15,10198.0
2021-03-31 10:00:00,NSE:MAJESCO,65.15,65.8,65.1,65.8,11715.0
2021-03-31 10:05:00,NSE:MAJESCO,65.8,66.6,65.8,66.5,14137.0
2021-03-31 10:10:00,NSE:MAJESCO,66.6,66.6,66.0,66.5,17608.0
2021-03-31 10:15:00,NSE:MAJESCO,66.45,66.6,66.0,66.5,11428.0
2021-03-31 10:20:00,NSE:MAJESCO,66.5,66.5,66.0,66.3,11934.0
2021-03-31 10:25:00,NSE:MAJESCO,66.3,66.45,65.0,66.0,27206.0
2021-03-31 10:30:00,NSE:MAJESCO,65.8,66.3,65.8,66.0,7107.0
2021-03-31 10:35:00,NSE:MAJESCO,66.0,66.3,65.9,66.0,7284.0
2021-03-31 10:40:00,NSE:MAJESCO,66.0,66.2,65.8,65.8,3189.0
2021-03-31 10:45:00,NSE:MAJESCO,66.0,66.1,66.0,66.0,4587.0
2021-03-31 10:50:00,NSE:MAJESCO,66.05,66.1,66.0,66.05,3661.0
2021-03-31 10:55:00,NSE:MAJESCO,66.1,66.1,66.0,66.05,6671.0
2021-03-31 11:00:00,NSE:MAJESCO,66.05,66.1,66.0,66.05,3578.0
2021-03-31 11:05:00,NSE:MAJESCO,66.0,66.3,66.0,66.0,17022.0
2021-03-31 11:10:00,NSE:MAJESCO,66.2,66.3,66.0,66.3,1736.0
2021-03-31 11:15:00,NSE:MAJESCO,66.25,66.5,66.25,66.45,3834.0
2021-03-31 11:20:00,NSE:MAJESCO,66.5,66.7,66.35,66.4,13251.0
2021-03-31 11:25:00,NSE:MAJESCO,66.4,66.4,66.25,66.4,3358.0
2021-03-31 11:30:00,NSE:MAJESCO,66.25,66.4,66.25,66.4,3406.0
2021-03-31 11:35:00,NSE:MAJESCO,66.4,66.4,66.0,66.3,5293.0
2021-03-31 11:40:00,NSE:MAJESCO,66.4,66.4,66.0,66.1,8915.0
2021-03-31 11:45:00,NSE:MAJESCO,66.1,66.4,66.0,66.35,1695.0
2021-03-31 11:50:00,NSE:MAJESCO,66.15,66.35,66.0,66.0,4160.0
2021-03-31 11:55:00,NSE:MAJESCO,66.35,66.35,66.05,66.05,2388.0
2021-03-31 12:00:00,NSE:MAJESCO,66.1,66.35,66.05,66.35,3586.0
2021-03-31 12:05:00,NSE:MAJESCO,66.35,66.4,66.05,66.1,3140.0
2021-03-31 12:10:00,NSE:MAJESCO,66.1,66.4,66.1,66.4,2323.0
2021-03-31 12:15:00,NSE:MAJESCO,66.0,66.4,66.0,66.1,7347.0
2021-03-31 12:20:00,NSE:MAJESCO,66.1,66.4,66.0,66.35,1716.0
2021-03-31 12:25:00,NSE:MAJESCO,66.4,66.4,66.1,66.3,2203.0
2021-03-31 12:30:00,NSE:MAJESCO,66.3,66.3,66.05,66.05,2254.0
2021-03-31 12:35:00,NSE:MAJESCO,66.25,66.3,66.05,66.25,840.0
2021-03-31 12:40:00,NSE:MAJESCO,66.25,66.25,66.05,66.1,1094.0
2021-03-31 12:45:00,NSE:MAJESCO,66.25,66.4,66.15,66.4,3359.0
2021-03-31 12:50:00,NSE:MAJESCO,66.4,66.4,66.15,66.35,1515.0
2021-03-31 12:55:00,NSE:MAJESCO,66.15,66.4,66.1,66.15,1954.0
2021-03-31 13:00:00,NSE:MAJESCO,66.15,66.3,66.1,66.25,1308.0
2021-03-31 13:05:00,NSE:MAJESCO,66.1,66.25,66.0,66.25,3607.0
2021-03-31 13:10:00,NSE:MAJESCO,66.25,66.4,66.15,66.2,1989.0
2021-03-31 13:15:00,NSE:MAJESCO,66.4,66.4,66.15,66.15,2432.0
2021-03-31 13:20:00,NSE:MAJESCO,66.15,66.35,66.0,66.35,6486.0
2021-03-31 13:25:00,NSE:MAJESCO,66.45,66.45,66.25,66.4,2073.0
2021-03-31 13:30:00,NSE:MAJESCO,66.4,66.4,66.25,66.3,1330.0
2021-03-31 13:35:00,NSE:MAJESCO,66.25,66.4,66.0,66.05,2268.0
2021-03-31 13:40:00,NSE:MAJESCO,66.25,66.4,66.05,66.35,6283.0
2021-03-31 13:45:00,NSE:MAJESCO,66.3,66.35,66.2,66.3,2154.0
2021-03-31 13:50:00,NSE:MAJESCO,66.3,66.4,66.25,66.4,1585.0
2021-03-31 13:55:00,NSE:MAJESCO,66.4,66.4,66.25,66.3,1215.0
2021-03-31 14:00:00,NSE:MAJESCO,66.3,66.3,66.0,66.3,51564.0
2021-03-31 14:05:00,NSE:MAJESCO,66.0,66.3,66.0,66.25,2868.0
2021-03-31 14:10:00,NSE:MAJESCO,66.1,66.25,66.0,66.25,1656.0
2021-03-31 14:15:00,NSE:MAJESCO,66.25,66.4,66.0,66.05,2385.0
2021-03-31 14:20:00,NSE:MAJESCO,66.05,66.4,66.05,66.35,3120.0
2021-03-31 14:25:00,NSE:MAJESCO,66.35,66.35,66.05,66.05,2150.0
2021-03-31 14:30:00,NSE:MAJESCO,66.15,66.15,66.0,66.0,12294.0
2021-03-31 14:35:00,NSE:MAJESCO,66.1,66.3,66.1,66.2,2458.0
2021-03-31 14:40:00,NSE:MAJESCO,66.3,66.3,66.2,66.3,6030.0
2021-03-31 14:45:00,NSE:MAJESCO,66.3,66.3,66.2,66.2,3496.0
2021-03-31 14:50:00,NSE:MAJESCO,66.2,66.3,66.0,66.3,5354.0
2021-03-31 14:55:00,NSE:MAJESCO,66.05,66.3,66.05,66.3,1811.0
2021-03-31 15:00:00,NSE:MAJESCO,66.3,66.3,66.05,66.15,2617.0
2021-03-31 15:05:00,NSE:MAJESCO,66.05,66.05,65.85,65.95,6803.0
2021-03-31 15:10:00,NSE:MAJESCO,65.95,66.0,65.6,65.8,8801.0
2021-03-31 15:15:00,NSE:MAJESCO,65.85,66.3,65.6,66.05,9399.0
2021-03-31 15:20:00,NSE:MAJESCO,66.15,66.3,65.75,65.75,5481.0
2021-03-31 15:25:00,NSE:MAJESCO,66.0,66.0,65.7,66.0,6721.0
2021-03-31 15:40:00,NSE:MAJESCO,65.95,66.0,65.95,66.0,105.0
2021-04-01 09:05:00,NSE:MAJESCO,66.05,66.05,66.05,66.05,1382.0
2021-04-01 09:15:00,NSE:MAJESCO,66.4,67.6,65.0,66.7,18616.0
2021-04-01 09:20:00,NSE:MAJESCO,65.05,66.7,65.05,66.05,15636.0
2021-04-01 09:25:00,NSE:MAJESCO,66.05,66.4,66.0,66.0,5910.0
2021-04-01 09:30:00,NSE:MAJESCO,66.35,66.35,66.0,66.05,23474.0
2021-04-01 09:35:00,NSE:MAJESCO,66.05,66.2,65.8,66.0,12793.0
2021-04-01 09:40:00,NSE:MAJESCO,66.1,66.1,65.6,66.0,5475.0
2021-04-01 09:45:00,NSE:MAJESCO,66.0,66.0,65.8,66.0,6143.0
2021-04-01 09:50:00,NSE:MAJESCO,66.0,66.35,65.95,66.35,5438.0
2021-04-01 09:55:00,NSE:MAJESCO,66.35,66.4,66.0,66.35,5626.0
2021-04-01 10:00:00,NSE:MAJESCO,66.35,66.4,66.0,66.4,4807.0
2021-04-01 10:05:00,NSE:MAJESCO,66.0,66.4,66.0,66.3,3937.0
2021-04-01 10:10:00,NSE:MAJESCO,66.3,66.7,66.15,66.65,4264.0
2021-04-01 10:15:00,NSE:MAJESCO,66.7,67.0,66.1,66.85,4759.0
2021-04-01 10:20:00,NSE:MAJESCO,66.2,66.85,66.2,66.8,2526.0
2021-04-01 10:25:00,NSE:MAJESCO,66.8,66.8,66.4,66.75,1730.0
2021-04-01 10:30:00,NSE:MAJESCO,66.8,66.85,66.55,66.85,6069.0
2021-04-01 10:35:00,NSE:MAJESCO,66.6,66.9,66.6,66.9,6656.0
2021-04-01 10:40:00,NSE:MAJESCO,66.9,67.0,66.8,66.95,9819.0
2021-04-01 10:45:00,NSE:MAJESCO,66.95,67.25,66.95,67.25,4496.0
2021-04-01 10:50:00,NSE:MAJESCO,67.2,67.25,67.05,67.1,9489.0
2021-04-01 10:55:00,NSE:MAJESCO,67.2,67.25,67.0,67.0,8214.0
2021-04-01 11:00:00,NSE:MAJESCO,67.0,67.35,67.0,67.25,4105.0
2021-04-01 11:05:00,NSE:MAJESCO,67.2,67.3,67.05,67.3,2149.0
2021-04-01 11:10:00,NSE:MAJESCO,67.3,67.35,67.25,67.35,5662.0
2021-04-01 11:15:00,NSE:MAJESCO,67.25,67.5,67.25,67.5,4056.0
2021-04-01 11:20:00,NSE:MAJESCO,67.5,67.6,67.5,67.6,7286.0
2021-04-01 11:25:00,NSE:MAJESCO,67.75,67.9,67.7,67.8,7960.0
2021-04-01 11:30:00,NSE:MAJESCO,67.9,67.9,67.2,67.8,7690.0
2021-04-01 11:35:00,NSE:MAJESCO,67.15,67.9,67.15,67.75,4976.0
2021-04-01 11:40:00,NSE:MAJESCO,67.75,67.9,67.6,67.75,1407.0
2021-04-01 11:45:00,NSE:MAJESCO,67.75,67.75,67.7,67.75,3256.0
2021-04-01 11:50:00,NSE:MAJESCO,67.75,68.0,67.75,68.0,7634.0
2021-04-01 11:55:00,NSE:MAJESCO,68.0,68.0,67.8,67.85,3460.0
2021-04-01 12:00:00,NSE:MAJESCO,67.95,67.95,67.8,67.8,6466.0
2021-04-01 12:05:00,NSE:MAJESCO,67.85,68.0,67.85,68.0,6144.0
2021-04-01 12:10:00,NSE:MAJESCO,68.0,68.05,67.95,68.05,7250.0
2021-04-01 12:15:00,NSE:MAJESCO,68.05,68.7,68.0,68.65,7553.0
2021-04-01 12:20:00,NSE:MAJESCO,68.65,68.65,67.95,68.5,8854.0
2021-04-01 12:25:00,NSE:MAJESCO,68.3,68.55,68.2,68.5,4562.0
2021-04-01 12:30:00,NSE:MAJESCO,68.5,68.7,68.4,68.7,11052.0
2021-04-01 12:35:00,NSE:MAJESCO,68.75,68.9,68.75,68.8,12152.0
2021-04-01 12:40:00,NSE:MAJESCO,68.8,68.85,68.6,68.6,6560.0
2021-04-01 12:45:00,NSE:MAJESCO,68.7,68.7,68.5,68.6,1344.0
2021-04-01 12:50:00,NSE:MAJESCO,68.6,68.7,68.4,68.5,3746.0
2021-04-01 12:55:00,NSE:MAJESCO,68.7,68.7,68.25,68.65,4127.0
2021-04-01 13:00:00,NSE:MAJESCO,68.7,68.75,68.65,68.65,5224.0
2021-04-01 13:05:00,NSE:MAJESCO,68.75,68.75,68.65,68.75,4776.0
2021-04-01 13:10:00,NSE:MAJESCO,68.7,68.85,68.65,68.85,5947.0
2021-04-01 13:15:00,NSE:MAJESCO,68.85,68.95,68.65,68.95,5091.0
2021-04-01 13:20:00,NSE:MAJESCO,68.95,69.0,68.95,69.0,7542.0
2021-04-01 13:25:00,NSE:MAJESCO,69.0,69.0,68.65,68.65,4733.0
2021-04-01 13:30:00,NSE:MAJESCO,68.95,69.0,68.75,69.0,1639.0
2021-04-01 13:35:00,NSE:MAJESCO,69.0,69.0,68.65,69.0,5696.0
2021-04-01 13:40:00,NSE:MAJESCO,69.0,69.0,68.8,68.95,3363.0
2021-04-01 13:45:00,NSE:MAJESCO,69.0,69.0,68.8,68.9,4068.0
2021-04-01 13:50:00,NSE:MAJESCO,68.95,68.95,68.85,68.95,1972.0
2021-04-01 13:55:00,NSE:MAJESCO,68.95,68.95,68.65,68.9,3737.0
2021-04-01 14:00:00,NSE:MAJESCO,68.9,68.9,68.65,68.7,3493.0
2021-04-01 14:05:00,NSE:MAJESCO,68.7,68.85,68.65,68.7,3118.0
2021-04-01 14:10:00,NSE:MAJESCO,68.65,68.85,68.5,68.85,6396.0
2021-04-01 14:15:00,NSE:MAJESCO,68.85,68.85,68.6,68.8,3333.0
2021-04-01 14:20:00,NSE:MAJESCO,68.8,68.8,68.6,68.8,6641.0
2021-04-01 14:25:00,NSE:MAJESCO,68.8,68.8,68.6,68.7,1519.0
2021-04-01 14:30:00,NSE:MAJESCO,68.65,68.7,68.65,68.65,2255.0
2021-04-01 14:35:00,NSE:MAJESCO,68.7,68.7,68.6,68.6,13424.0
2021-04-01 14:40:00,NSE:MAJESCO,68.6,69.0,68.6,68.95,8221.0
2021-04-01 14:45:00,NSE:MAJESCO,68.95,68.95,68.6,68.6,8341.0
2021-04-01 14:50:00,NSE:MAJESCO,68.95,68.95,68.6,68.9,3750.0
2021-04-01 14:55:00,NSE:MAJESCO,68.95,68.95,68.9,68.95,3992.0
2021-04-01 15:00:00,NSE:MAJESCO,68.95,68.95,68.9,68.95,6117.0
2021-04-01 15:05:00,NSE:MAJESCO,68.95,69.0,68.9,69.0,12585.0
2021-04-01 15:10:00,NSE:MAJESCO,69.0,69.2,69.0,69.15,28079.0
2021-04-01 15:15:00,NSE:MAJESCO,69.15,69.15,69.0,69.15,11995.0
2021-04-01 15:20:00,NSE:MAJESCO,69.15,69.2,69.1,69.15,29176.0
2021-04-01 15:25:00,NSE:MAJESCO,69.2,69.2,69.05,69.1,37377.0
2021-04-01 15:30:00,NSE:MAJESCO,69.15,69.15,69.15,69.15,115.0
2021-04-01 15:45:00,NSE:MAJESCO,69.1,69.1,69.1,69.1,4.0
2021-04-01 15:50:00,NSE:MAJESCO,69.1,69.1,69.1,69.1,1.0
2021-04-01 15:55:00,NSE:MAJESCO,69.1,69.1,69.1,69.1,50.0
2021-04-05 09:05:00,NSE:MAJESCO,69.1,69.1,69.1,69.1,9089.0
2021-04-05 09:15:00,NSE:MAJESCO,69.2,70.45,68.8,69.5,23825.0
2021-04-05 09:20:00,NSE:MAJESCO,69.1,69.5,68.85,68.85,16942.0
2021-04-05 09:25:00,NSE:MAJESCO,68.85,69.0,67.5,67.5,20080.0
2021-04-05 09:30:00,NSE:MAJESCO,67.55,68.5,67.0,68.0,13806.0
2021-04-05 09:35:00,NSE:MAJESCO,67.4,68.9,67.4,67.7,17895.0
2021-04-05 09:40:00,NSE:MAJESCO,67.7,68.0,67.55,68.0,5445.0
2021-04-05 09:45:00,NSE:MAJESCO,67.6,68.0,67.35,68.0,5559.0
2021-04-05 09:50:00,NSE:MAJESCO,68.0,68.5,67.5,68.1,8050.0
2021-04-05 09:55:00,NSE:MAJESCO,68.25,68.25,67.5,67.75,3151.0
2021-04-05 10:00:00,NSE:MAJESCO,67.75,67.9,67.25,67.25,5176.0
2021-04-05 10:05:00,NSE:MAJESCO,67.4,67.4,67.0,67.05,17098.0
2021-04-05 10:10:00,NSE:MAJESCO,67.0,67.5,67.0,67.5,6669.0
2021-04-05 10:15:00,NSE:MAJESCO,67.25,67.9,67.05,67.05,5478.0
2021-04-05 10:20:00,NSE:MAJESCO,67.05,67.05,66.4,67.0,63663.0
2021-04-05 10:25:00,NSE:MAJESCO,67.0,67.5,66.7,67.5,8771.0
2021-04-05 10:30:00,NSE:MAJESCO,67.7,67.7,66.75,66.75,5468.0
2021-04-05 10:35:00,NSE:MAJESCO,66.75,67.0,66.7,67.0,6003.0
2021-04-05 10:40:00,NSE:MAJESCO,67.0,67.0,66.8,66.9,10610.0
2021-04-05 10:45:00,NSE:MAJESCO,66.9,67.9,66.9,67.5,18163.0
2021-04-05 10:50:00,NSE:MAJESCO,67.5,67.9,67.0,67.8,43472.0
2021-04-05 10:55:00,NSE:MAJESCO,67.9,68.25,67.8,68.2,13933.0
2021-04-05 11:00:00,NSE:MAJESCO,67.5,68.25,67.5,67.6,1845.0
2021-04-05 11:05:00,NSE:MAJESCO,68.0,68.15,67.5,67.7,4956.0
2021-04-05 11:10:00,NSE:MAJESCO,67.7,68.0,67.5,67.95,3997.0
2021-04-05 11:15:00,NSE:MAJESCO,67.95,68.0,67.5,67.7,2137.0
2021-04-05 11:20:00,NSE:MAJESCO,67.7,68.0,67.45,67.45,5381.0
2021-04-05 11:25:00,NSE:MAJESCO,67.45,68.0,67.1,67.2,9490.0
2021-04-05 11:30:00,NSE:MAJESCO,67.2,68.15,67.1,68.0,4675.0
2021-04-05 11:35:00,NSE:MAJESCO,68.15,68.25,68.0,68.05,944.0
2021-04-05 11:40:00,NSE:MAJESCO,68.05,68.25,68.0,68.25,9384.0
2021-04-05 11:45:00,NSE:MAJESCO,68.25,68.5,68.1,68.1,1083.0
2021-04-05 11:50:00,NSE:MAJESCO,68.1,68.3,68.05,68.15,1137.0
2021-04-05 11:55:00,NSE:MAJESCO,68.15,68.15,68.05,68.05,2709.0
2021-04-05 12:00:00,NSE:MAJESCO,68.05,68.25,68.0,68.25,3218.0
2021-04-05 12:05:00,NSE:MAJESCO,68.0,68.3,68.0,68.3,677.0
2021-04-05 12:10:00,NSE:MAJESCO,68.3,68.45,68.05,68.05,3593.0
2021-04-05 12:15:00,NSE:MAJESCO,68.05,68.45,68.0,68.45,2304.0
2021-04-05 12:20:00,NSE:MAJESCO,68.05,68.45,68.05,68.1,444.0
2021-04-05 12:25:00,NSE:MAJESCO,68.05,68.1,68.05,68.1,507.0
2021-04-05 12:30:00,NSE:MAJESCO,68.45,68.5,68.05,68.5,2366.0
2021-04-05 12:35:00,NSE:MAJESCO,68.5,68.7,68.05,68.7,1162.0
2021-04-05 12:40:00,NSE:MAJESCO,68.15,68.85,68.15,68.2,1748.0
2021-04-05 12:45:00,NSE:MAJESCO,68.8,68.85,68.2,68.8,1311.0
2021-04-05 12:50:00,NSE:MAJESCO,68.8,68.85,68.55,68.75,835.0
2021-04-05 12:55:00,NSE:MAJESCO,68.75,68.8,68.5,68.5,749.0
2021-04-05 13:00:00,NSE:MAJESCO,68.5,68.8,68.25,68.7,1289.0
2021-04-05 13:05:00,NSE:MAJESCO,68.7,68.7,68.5,68.5,328.0
2021-04-05 13:10:00,NSE:MAJESCO,68.5,68.8,68.25,68.8,1007.0
2021-04-05 13:15:00,NSE:MAJESCO,68.8,68.85,68.4,68.85,2896.0
2021-04-05 13:20:00,NSE:MAJESCO,68.5,68.85,68.3,68.35,1619.0
2021-04-05 13:25:00,NSE:MAJESCO,68.35,68.85,68.3,68.85,1087.0
2021-04-05 13:30:00,NSE:MAJESCO,68.85,68.85,68.4,68.4,747.0
2021-04-05 13:35:00,NSE:MAJESCO,68.4,68.85,68.3,68.85,389.0
2021-04-05 13:40:00,NSE:MAJESCO,68.85,68.85,68.3,68.85,812.0
2021-04-05 13:45:00,NSE:MAJESCO,68.85,68.9,68.3,68.3,1151.0
2021-04-05 13:50:00,NSE:MAJESCO,68.9,68.9,68.3,68.3,1640.0
2021-04-05 13:55:00,NSE:MAJESCO,68.35,68.85,68.35,68.85,1138.0
2021-04-05 14:00:00,NSE:MAJESCO,68.85,68.85,68.6,68.8,1409.0
2021-04-05 14:05:00,NSE:MAJESCO,68.8,69.0,68.5,68.5,5886.0
2021-04-05 14:10:00,NSE:MAJESCO,68.5,68.5,68.2,68.45,802.0
2021-04-05 14:15:00,NSE:MAJESCO,68.45,68.5,68.2,68.5,1080.0
2021-04-05 14:20:00,NSE:MAJESCO,68.5,68.95,68.45,68.95,1836.0
2021-04-05 14:25:00,NSE:MAJESCO,68.95,68.95,68.75,68.8,1782.0
2021-04-05 14:30:00,NSE:MAJESCO,68.8,68.9,68.8,68.9,1621.0
2021-04-05 14:35:00,NSE:MAJESCO,68.9,68.9,68.8,68.85,1535.0
2021-04-05 14:40:00,NSE:MAJESCO,68.85,68.85,68.8,68.8,1154.0
2021-04-05 14:45:00,NSE:MAJESCO,68.8,68.9,68.8,68.9,1418.0
2021-04-05 14:50:00,NSE:MAJESCO,68.9,68.9,68.75,68.75,3078.0
2021-04-05 14:55:00,NSE:MAJESCO,68.9,68.95,68.5,68.9,2059.0
2021-04-05 15:00:00,NSE:MAJESCO,68.5,68.9,68.25,68.5,333.0
2021-04-05 15:05:00,NSE:MAJESCO,68.25,68.95,68.1,68.5,6100.0
2021-04-05 15:10:00,NSE:MAJESCO,68.9,68.9,68.5,68.9,3167.0
2021-04-05 15:15:00,NSE:MAJESCO,68.8,69.05,68.55,69.05,13708.0
2021-04-05 15:20:00,NSE:MAJESCO,69.2,69.4,69.0,69.0,11170.0
2021-04-05 15:25:00,NSE:MAJESCO,69.0,69.25,69.0,69.25,12134.0
2021-04-05 15:30:00,NSE:MAJESCO,69.25,69.25,69.25,69.25,1.0
2021-04-05 15:40:00,NSE:MAJESCO,68.9,68.9,68.9,68.9,271.0
2021-04-05 15:45:00,NSE:MAJESCO,68.9,68.9,68.9,68.9,16.0
2021-04-05 15:50:00,NSE:MAJESCO,68.9,68.9,68.9,68.9,1.0
2021-04-06 09:05:00,NSE:MAJESCO,68.9,68.9,68.9,68.9,3186.0
2021-04-06 09:15:00,NSE:MAJESCO,69.25,69.25,67.55,68.05,12866.0
2021-04-06 09:20:00,NSE:MAJESCO,68.05,68.4,68.0,68.05,18858.0
2021-04-06 09:25:00,NSE:MAJESCO,68.6,68.6,68.0,68.0,5618.0
2021-04-06 09:30:00,NSE:MAJESCO,68.0,68.6,68.0,68.0,9122.0
2021-04-06 09:35:00,NSE:MAJESCO,68.5,68.55,68.0,68.4,5718.0
2021-04-06 09:40:00,NSE:MAJESCO,68.45,68.55,68.4,68.45,5354.0
2021-04-06 09:45:00,NSE:MAJESCO,68.45,68.45,68.0,68.0,14913.0
2021-04-06 09:50:00,NSE:MAJESCO,68.0,68.35,68.0,68.3,3682.0
2021-04-06 09:55:00,NSE:MAJESCO,68.3,68.3,68.0,68.0,6433.0
2021-04-06 10:00:00,NSE:MAJESCO,68.3,68.35,68.0,68.0,6009.0
2021-04-06 10:05:00,NSE:MAJESCO,68.0,68.35,68.0,68.35,4706.0
2021-04-06 10:10:00,NSE:MAJESCO,68.05,68.4,68.0,68.05,2735.0
2021-04-06 10:15:00,NSE:MAJESCO,68.0,68.4,68.0,68.4,1532.0
2021-04-06 10:20:00,NSE:MAJESCO,68.35,68.35,68.05,68.35,2353.0
2021-04-06 10:25:00,NSE:MAJESCO,68.1,68.5,68.1,68.1,4620.0
2021-04-06 10:30:00,NSE:MAJESCO,68.1,68.5,68.1,68.1,2335.0
2021-04-06 10:35:00,NSE:MAJESCO,68.1,68.45,68.1,68.45,1908.0
2021-04-06 10:40:00,NSE:MAJESCO,68.45,68.45,68.1,68.15,1065.0
2021-04-06 10:45:00,NSE:MAJESCO,68.15,68.45,68.1,68.1,3248.0
2021-04-06 10:50:00,NSE:MAJESCO,68.3,68.4,68.1,68.2,1884.0
2021-04-06 10:55:00,NSE:MAJESCO,68.2,68.3,68.1,68.3,4431.0
2021-04-06 11:00:00,NSE:MAJESCO,68.1,68.3,68.1,68.1,2209.0
2021-04-06 11:05:00,NSE:MAJESCO,68.1,68.3,68.1,68.25,1725.0
2021-04-06 11:10:00,NSE:MAJESCO,68.25,68.3,68.1,68.2,1086.0
2021-04-06 11:15:00,NSE:MAJESCO,68.2,68.25,68.15,68.15,805.0
2021-04-06 11:20:00,NSE:MAJESCO,68.15,68.35,68.1,68.1,2397.0
2021-04-06 11:25:00,NSE:MAJESCO,68.25,68.25,68.1,68.2,1177.0
2021-04-06 11:30:00,NSE:MAJESCO,68.2,68.4,68.2,68.35,812.0
2021-04-06 11:35:00,NSE:MAJESCO,68.4,68.4,68.3,68.3,1943.0
2021-04-06 11:40:00,NSE:MAJESCO,68.3,68.5,68.1,68.45,3943.0
2021-04-06 11:45:00,NSE:MAJESCO,68.3,68.45,68.1,68.15,1043.0
2021-04-06 11:50:00,NSE:MAJESCO,68.15,68.45,68.15,68.35,11435.0
2021-04-06 11:55:00,NSE:MAJESCO,68.35,68.35,68.15,68.15,2315.0
2021-04-06 12:00:00,NSE:MAJESCO,68.2,68.25,68.15,68.2,1601.0
2021-04-06 12:05:00,NSE:MAJESCO,68.2,68.25,68.15,68.2,2991.0
2021-04-06 12:10:00,NSE:MAJESCO,68.25,68.3,68.15,68.3,1060.0
2021-04-06 12:15:00,NSE:MAJESCO,68.2,68.3,68.15,68.15,3697.0
2021-04-06 12:20:00,NSE:MAJESCO,68.15,68.4,68.15,68.15,389.0
2021-04-06 12:25:00,NSE:MAJESCO,68.15,68.4,68.15,68.35,5861.0
2021-04-06 12:30:00,NSE:MAJESCO,68.35,68.45,68.15,68.4,3184.0
2021-04-06 12:35:00,NSE:MAJESCO,68.3,68.4,68.1,68.2,10636.0
2021-04-06 12:40:00,NSE:MAJESCO,68.2,68.2,68.1,68.1,1430.0
2021-04-06 12:45:00,NSE:MAJESCO,68.1,68.3,68.1,68.2,1746.0
2021-04-06 12:50:00,NSE:MAJESCO,68.3,68.3,68.15,68.2,978.0
2021-04-06 12:55:00,NSE:MAJESCO,68.2,68.3,68.1,68.3,2318.0
2021-04-06 13:00:00,NSE:MAJESCO,68.3,68.3,68.1,68.25,807.0
2021-04-06 13:05:00,NSE:MAJESCO,68.1,68.25,68.1,68.15,667.0
2021-04-06 13:10:00,NSE:MAJESCO,68.15,68.25,68.1,68.25,1087.0
2021-04-06 13:15:00,NSE:MAJESCO,68.25,68.25,68.15,68.15,3043.0
2021-04-06 13:20:00,NSE:MAJESCO,68.2,68.2,68.15,68.2,640.0
2021-04-06 13:25:00,NSE:MAJESCO,68.2,68.2,68.15,68.2,275.0
2021-04-06 13:30:00,NSE:MAJESCO,68.2,68.25,68.15,68.15,1238.0
2021-04-06 13:35:00,NSE:MAJESCO,68.2,68.25,68.15,68.25,375.0
2021-04-06 13:40:00,NSE:MAJESCO,68.25,68.25,68.15,68.2,1846.0
2021-04-06 13:45:00,NSE:MAJESCO,68.25,68.25,68.15,68.2,1326.0
2021-04-06 13:50:00,NSE:MAJESCO,68.2,68.2,68.15,68.15,3069.0
2021-04-06 13:55:00,NSE:MAJESCO,68.2,68.3,68.15,68.3,2540.0
2021-04-06 14:00:00,NSE:MAJESCO,68.3,68.3,68.15,68.2,479.0
2021-04-06 14:05:00,NSE:MAJESCO,68.25,68.3,68.15,68.25,2727.0
2021-04-06 14:10:00,NSE:MAJESCO,68.3,68.3,68.15,68.15,1257.0
2021-04-06 14:15:00,NSE:MAJESCO,68.3,68.3,68.2,68.2,327.0
2021-04-06 14:20:00,NSE:MAJESCO,68.3,68.3,68.2,68.2,1908.0
2021-04-06 14:25:00,NSE:MAJESCO,68.15,68.25,68.15,68.15,1495.0
2021-04-06 14:30:00,NSE:MAJESCO,68.15,68.2,68.15,68.15,3592.0
2021-04-06 14:35:00,NSE:MAJESCO,68.15,68.2,68.15,68.2,4878.0
2021-04-06 14:40:00,NSE:MAJESCO,68.15,68.2,68.15,68.2,3500.0
2021-04-06 14:45:00,NSE:MAJESCO,68.15,68.25,68.15,68.15,4914.0
2021-04-06 14:50:00,NSE:MAJESCO,68.2,68.2,68.15,68.2,9328.0
2021-04-06 14:55:00,NSE:MAJESCO,68.15,68.2,68.15,68.15,1933.0
2021-04-06 15:00:00,NSE:MAJESCO,68.2,68.25,68.15,68.25,2429.0
2021-04-06 15:05:00,NSE:MAJESCO,68.2,68.3,68.15,68.3,4656.0
2021-04-06 15:10:00,NSE:MAJESCO,68.3,68.3,68.15,68.25,2935.0
2021-04-06 15:15:00,NSE:MAJESCO,68.25,68.3,68.15,68.2,4272.0
2021-04-06 15:20:00,NSE:MAJESCO,68.25,68.25,68.2,68.2,5241.0
2021-04-06 15:25:00,NSE:MAJESCO,68.2,68.3,68.2,68.3,6173.0
2021-04-06 15:40:00,NSE:MAJESCO,68.2,68.2,68.2,68.2,9.0
2021-04-06 15:45:00,NSE:MAJESCO,68.2,68.2,68.2,68.2,91.0
2021-04-07 09:05:00,NSE:MAJESCO,68.25,68.25,68.25,68.25,5614.0
2021-04-07 09:15:00,NSE:MAJESCO,68.25,68.85,67.0,67.05,26064.0
2021-04-07 09:20:00,NSE:MAJESCO,67.05,67.95,67.05,67.5,12264.0
2021-04-07 09:25:00,NSE:MAJESCO,67.5,67.7,67.05,67.2,9208.0
2021-04-07 09:30:00,NSE:MAJESCO,67.25,68.0,67.25,67.5,7606.0
2021-04-07 09:35:00,NSE:MAJESCO,67.8,68.0,67.5,67.9,2472.0
2021-04-07 09:40:00,NSE:MAJESCO,67.9,67.95,67.5,67.5,5022.0
2021-04-07 09:45:00,NSE:MAJESCO,67.5,67.8,67.5,67.5,8720.0
2021-04-07 09:50:00,NSE:MAJESCO,67.5,67.95,67.5,67.6,2680.0
2021-04-07 09:55:00,NSE:MAJESCO,67.6,67.95,67.5,67.55,6590.0
2021-04-07 10:00:00,NSE:MAJESCO,67.55,67.9,67.5,67.55,2600.0
2021-04-07 10:05:00,NSE:MAJESCO,67.9,67.9,67.5,67.5,2820.0
2021-04-07 10:10:00,NSE:MAJESCO,67.85,67.95,67.5,67.5,3166.0
2021-04-07 10:15:00,NSE:MAJESCO,67.5,67.9,67.5,67.5,5241.0
2021-04-07 10:20:00,NSE:MAJESCO,67.5,67.8,67.5,67.5,3486.0
2021-04-07 10:25:00,NSE:MAJESCO,67.5,67.65,67.5,67.5,4598.0
2021-04-07 10:30:00,NSE:MAJESCO,67.6,67.65,67.5,67.65,2350.0
2021-04-07 10:35:00,NSE:MAJESCO,67.65,67.8,67.5,67.6,5487.0
2021-04-07 10:40:00,NSE:MAJESCO,67.6,67.8,67.5,67.6,1016.0
2021-04-07 10:45:00,NSE:MAJESCO,67.8,67.85,67.5,67.6,15661.0
2021-04-07 10:50:00,NSE:MAJESCO,67.6,67.8,67.5,67.5,4042.0
2021-04-07 10:55:00,NSE:MAJESCO,67.7,67.8,67.5,67.8,2928.0
2021-04-07 11:00:00,NSE:MAJESCO,67.55,67.8,67.5,67.55,4426.0
2021-04-07 11:05:00,NSE:MAJESCO,67.55,67.8,67.5,67.5,800.0
2021-04-07 11:10:00,NSE:MAJESCO,67.75,67.75,67.5,67.7,1580.0
2021-04-07 11:15:00,NSE:MAJESCO,67.5,67.7,67.5,67.5,1306.0
2021-04-07 11:20:00,NSE:MAJESCO,67.7,67.7,67.5,67.5,1672.0
2021-04-07 11:25:00,NSE:MAJESCO,67.5,67.75,67.5,67.55,4760.0
2021-04-07 11:30:00,NSE:MAJESCO,67.55,67.75,67.55,67.75,837.0
2021-04-07 11:35:00,NSE:MAJESCO,67.55,67.65,67.55,67.55,41366.0
2021-04-07 11:40:00,NSE:MAJESCO,67.65,67.65,67.5,67.5,63806.0
2021-04-07 11:45:00,NSE:MAJESCO,67.5,67.75,67.5,67.55,1736.0
2021-04-07 11:50:00,NSE:MAJESCO,67.75,67.75,67.5,67.75,873.0
2021-04-07 11:55:00,NSE:MAJESCO,67.6,67.65,67.5,67.5,451.0
2021-04-07 12:00:00,NSE:MAJESCO,67.65,67.65,67.5,67.6,57514.0
2021-04-07 12:05:00,NSE:MAJESCO,67.6,67.65,67.5,67.5,1568.0
2021-04-07 12:10:00,NSE:MAJESCO,67.65,67.65,67.5,67.65,1280.0
2021-04-07 12:15:00,NSE:MAJESCO,67.65,67.75,67.5,67.75,2269.0
2021-04-07 12:20:00,NSE:MAJESCO,67.65,67.8,67.5,67.8,734.0
2021-04-07 12:25:00,NSE:MAJESCO,67.75,67.8,67.6,67.8,541.0
2021-04-07 12:30:00,NSE:MAJESCO,67.75,67.8,67.5,67.5,12989.0
2021-04-07 12:35:00,NSE:MAJESCO,67.5,67.9,67.5,67.9,1621.0
2021-04-07 12:40:00,NSE:MAJESCO,67.8,67.95,67.5,67.8,2335.0
2021-04-07 12:45:00,NSE:MAJESCO,67.5,67.9,67.5,67.9,1760.0
2021-04-07 12:50:00,NSE:MAJESCO,67.9,67.95,67.5,67.5,5409.0
2021-04-07 12:55:00,NSE:MAJESCO,68.0,68.0,67.55,67.95,1841.0
2021-04-07 13:00:00,NSE:MAJESCO,68.0,68.0,67.55,67.55,890.0
2021-04-07 13:05:00,NSE:MAJESCO,68.0,68.0,67.5,67.7,14539.0
2021-04-07 13:10:00,NSE:MAJESCO,67.7,67.95,67.5,67.95,708.0
2021-04-07 13:15:00,NSE:MAJESCO,67.55,67.95,67.55,67.9,847.0
2021-04-07 13:20:00,NSE:MAJESCO,67.55,67.85,67.5,67.5,799.0
2021-04-07 13:25:00,NSE:MAJESCO,67.8,67.85,67.5,67.85,1807.0
2021-04-07 13:30:00,NSE:MAJESCO,67.85,67.85,67.5,67.8,1252.0
2021-04-07 13:35:00,NSE:MAJESCO,67.8,67.8,67.55,67.55,694.0
2021-04-07 13:40:00,NSE:MAJESCO,67.55,67.85,67.5,67.85,769.0
2021-04-07 13:45:00,NSE:MAJESCO,67.85,67.85,67.6,67.6,387.0
2021-04-07 13:50:00,NSE:MAJESCO,67.6,67.8,67.5,67.8,1328.0
2021-04-07 13:55:00,NSE:MAJESCO,67.5,67.8,67.5,67.6,448.0
2021-04-07 14:00:00,NSE:MAJESCO,67.5,67.9,67.5,67.75,2938.0
2021-04-07 14:05:00,NSE:MAJESCO,67.6,67.75,67.5,67.5,1349.0
2021-04-07 14:10:00,NSE:MAJESCO,67.7,67.75,67.5,67.5,3303.0
2021-04-07 14:15:00,NSE:MAJESCO,67.5,67.9,67.5,67.9,2132.0
2021-04-07 14:20:00,NSE:MAJESCO,67.55,67.9,67.5,67.9,676.0
2021-04-07 14:25:00,NSE:MAJESCO,67.9,67.9,67.55,67.6,665.0
2021-04-07 14:30:00,NSE:MAJESCO,67.8,67.8,67.55,67.55,3452.0
2021-04-07 14:35:00,NSE:MAJESCO,67.6,67.6,67.55,67.6,2635.0
2021-04-07 14:40:00,NSE:MAJESCO,67.55,67.6,67.55,67.55,2382.0
2021-04-07 14:45:00,NSE:MAJESCO,67.55,67.65,67.55,67.65,340.0
2021-04-07 14:50:00,NSE:MAJESCO,67.65,67.8,67.55,67.8,5615.0
2021-04-07 14:55:00,NSE:MAJESCO,67.8,67.85,67.7,67.75,2038.0
2021-04-07 15:00:00,NSE:MAJESCO,67.75,67.9,67.7,67.9,1929.0
2021-04-07 15:05:00,NSE:MAJESCO,67.9,67.95,67.65,67.9,7197.0
2021-04-07 15:10:00,NSE:MAJESCO,67.9,67.95,67.65,67.65,4867.0
2021-04-07 15:15:00,NSE:MAJESCO,67.65,67.85,67.65,67.75,7013.0
2021-04-07 15:20:00,NSE:MAJESCO,67.75,68.0,67.7,68.0,9631.0
2021-04-07 15:25:00,NSE:MAJESCO,68.0,68.3,67.8,68.0,16100.0
2021-04-07 15:40:00,NSE:MAJESCO,67.85,67.85,67.85,67.85,3.0
2021-04-07 15:55:00,NSE:MAJESCO,67.85,67.85,67.85,67.85,2.0
2021-04-08 09:05:00,NSE:MAJESCO,68.35,68.35,68.35,68.35,1273.0
2021-04-08 09:15:00,NSE:MAJESCO,68.25,68.3,67.1,67.9,2089.0
2021-04-08 09:20:00,NSE:MAJESCO,67.2,67.9,67.1,67.5,2186.0
2021-04-08 09:25:00,NSE:MAJESCO,67.5,67.5,67.25,67.3,5200.0
2021-04-08 09:30:00,NSE:MAJESCO,67.5,67.5,67.25,67.3,5299.0
2021-04-08 09:35:00,NSE:MAJESCO,67.3,67.65,67.25,67.65,4782.0
2021-04-08 09:40:00,NSE:MAJESCO,67.65,67.95,67.65,67.9,4847.0
2021-04-08 09:45:00,NSE:MAJESCO,67.5,67.9,67.5,67.9,5696.0
2021-04-08 09:50:00,NSE:MAJESCO,67.9,67.95,67.8,67.9,2794.0
2021-04-08 09:55:00,NSE:MAJESCO,67.8,67.85,67.8,67.8,3024.0
2021-04-08 10:00:00,NSE:MAJESCO,67.8,67.95,67.8,67.95,7087.0
2021-04-08 10:05:00,NSE:MAJESCO,67.95,67.95,67.8,67.8,1986.0
2021-04-08 10:10:00,NSE:MAJESCO,67.85,67.9,67.8,67.85,3919.0
2021-04-08 10:15:00,NSE:MAJESCO,67.8,67.9,67.8,67.9,3846.0
2021-04-08 10:20:00,NSE:MAJESCO,67.95,67.95,67.85,67.9,5038.0
2021-04-08 10:25:00,NSE:MAJESCO,67.9,68.0,67.8,67.9,2943.0
2021-04-08 10:30:00,NSE:MAJESCO,67.8,68.0,67.8,67.9,5817.0
2021-04-08 10:35:00,NSE:MAJESCO,67.8,68.0,67.8,67.8,611.0
2021-04-08 10:40:00,NSE:MAJESCO,68.0,68.0,67.8,67.8,727.0
2021-04-08 10:45:00,NSE:MAJESCO,67.9,67.9,67.8,67.9,996.0
2021-04-08 10:50:00,NSE:MAJESCO,67.9,68.0,67.8,67.95,3641.0
2021-04-08 10:55:00,NSE:MAJESCO,67.9,68.0,67.9,67.95,2200.0
2021-04-08 11:00:00,NSE:MAJESCO,67.95,68.0,67.9,67.95,1451.0
2021-04-08 11:05:00,NSE:MAJESCO,68.0,68.2,67.9,68.15,2369.0
2021-04-08 11:10:00,NSE:MAJESCO,68.2,68.2,67.9,68.0,2920.0
2021-04-08 11:15:00,NSE:MAJESCO,68.0,68.0,67.9,68.0,3319.0
2021-04-08 11:20:00,NSE:MAJESCO,68.0,68.1,67.9,67.9,2281.0
2021-04-08 11:25:00,NSE:MAJESCO,68.0,68.0,67.85,68.0,1472.0
2021-04-08 11:30:00,NSE:MAJESCO,68.0,68.1,67.85,68.1,2503.0
2021-04-08 11:35:00,NSE:MAJESCO,68.1,68.1,67.85,67.85,1109.0
2021-04-08 11:40:00,NSE:MAJESCO,67.85,68.15,67.85,68.15,1520.0
2021-04-08 11:45:00,NSE:MAJESCO,68.15,68.2,68.0,68.15,1307.0
2021-04-08 11:50:00,NSE:MAJESCO,68.15,68.15,67.85,68.15,5927.0
2021-04-08 11:55:00,NSE:MAJESCO,67.9,68.15,67.85,68.0,420.0
2021-04-08 12:00:00,NSE:MAJESCO,68.1,68.1,67.85,68.1,667.0
2021-04-08 12:05:00,NSE:MAJESCO,68.1,68.1,67.85,67.85,600.0
2021-04-08 12:10:00,NSE:MAJESCO,68.0,68.15,68.0,68.0,1300.0
2021-04-08 12:15:00,NSE:MAJESCO,68.0,68.15,68.0,68.0,816.0
2021-04-08 12:20:00,NSE:MAJESCO,68.1,68.1,68.0,68.0,1370.0
2021-04-08 12:25:00,NSE:MAJESCO,68.1,68.1,68.0,68.0,1229.0
2021-04-08 12:30:00,NSE:MAJESCO,68.0,68.2,68.0,68.0,3700.0
2021-04-08 12:35:00,NSE:MAJESCO,68.0,68.2,68.0,68.05,846.0
2021-04-08 12:40:00,NSE:MAJESCO,68.05,68.15,68.0,68.15,517.0
2021-04-08 12:45:00,NSE:MAJESCO,68.15,68.2,68.0,68.2,2249.0
2021-04-08 12:50:00,NSE:MAJESCO,68.2,68.2,68.0,68.0,2085.0
2021-04-08 12:55:00,NSE:MAJESCO,68.0,68.2,68.0,68.2,738.0
2021-04-08 13:00:00,NSE:MAJESCO,68.2,68.2,68.0,68.2,471.0
2021-04-08 13:05:00,NSE:MAJESCO,68.0,68.3,68.0,68.2,1282.0
2021-04-08 13:10:00,NSE:MAJESCO,68.2,68.3,68.0,68.3,662.0
2021-04-08 13:15:00,NSE:MAJESCO,68.3,68.3,68.0,68.3,1201.0
2021-04-08 13:20:00,NSE:MAJESCO,68.0,68.3,68.0,68.3,1424.0
2021-04-08 13:25:00,NSE:MAJESCO,68.3,68.35,68.3,68.3,3228.0
2021-04-08 13:30:00,NSE:MAJESCO,68.3,68.35,68.0,68.3,3653.0
2021-04-08 13:35:00,NSE:MAJESCO,68.2,68.3,68.0,68.0,509.0
2021-04-08 13:40:00,NSE:MAJESCO,68.2,68.3,68.0,68.25,2300.0
2021-04-08 13:45:00,NSE:MAJESCO,68.0,68.3,68.0,68.05,2973.0
2021-04-08 13:50:00,NSE:MAJESCO,68.0,68.25,68.0,68.0,1969.0
2021-04-08 13:55:00,NSE:MAJESCO,68.0,68.25,68.0,68.05,2364.0
2021-04-08 14:00:00,NSE:MAJESCO,68.25,68.25,68.0,68.25,1070.0
2021-04-08 14:05:00,NSE:MAJESCO,68.0,68.2,68.0,68.2,344.0
2021-04-08 14:10:00,NSE:MAJESCO,68.0,68.2,68.0,68.1,1085.0
2021-04-08 14:15:00,NSE:MAJESCO,68.0,68.1,68.0,68.0,1935.0
2021-04-08 14:20:00,NSE:MAJESCO,68.0,68.1,68.0,68.0,536.0
2021-04-08 14:25:00,NSE:MAJESCO,68.1,68.1,68.0,68.05,1060.0
2021-04-08 14:30:00,NSE:MAJESCO,68.05,68.1,68.0,68.0,3618.0
2021-04-08 14:35:00,NSE:MAJESCO,68.0,68.1,68.0,68.05,1583.0
2021-04-08 14:40:00,NSE:MAJESCO,68.1,68.1,68.0,68.0,1293.0
2021-04-08 14:45:00,NSE:MAJESCO,68.2,68.2,68.0,68.2,2349.0
2021-04-08 14:50:00,NSE:MAJESCO,68.2,68.2,68.0,68.0,3026.0
2021-04-08 14:55:00,NSE:MAJESCO,68.05,68.5,68.0,68.5,17660.0
2021-04-08 15:00:00,NSE:MAJESCO,68.5,68.5,68.0,68.0,718.0
2021-04-08 15:05:00,NSE:MAJESCO,68.0,68.2,68.0,68.0,2116.0
2021-04-08 15:10:00,NSE:MAJESCO,68.0,68.4,68.0,68.35,1411.0
2021-04-08 15:15:00,NSE:MAJESCO,68.3,68.4,68.0,68.0,3647.0
2021-04-08 15:20:00,NSE:MAJESCO,68.05,68.4,68.0,68.1,11013.0
2021-04-08 15:25:00,NSE:MAJESCO,68.1,68.35,68.0,68.0,18178.0
2021-04-08 15:50:00,NSE:MAJESCO,68.05,68.05,68.05,68.05,45.0
2021-04-09 09:05:00,NSE:MAJESCO,68.05,68.05,68.05,68.05,1513.0
2021-04-09 09:15:00,NSE:MAJESCO,68.05,68.45,67.7,67.7,4090.0
2021-04-09 09:20:00,NSE:MAJESCO,67.7,67.9,67.5,67.5,4109.0
2021-04-09 09:25:00,NSE:MAJESCO,67.6,67.6,67.15,67.15,7504.0
2021-04-09 09:30:00,NSE:MAJESCO,67.25,67.6,67.15,67.2,3100.0
2021-04-09 09:35:00,NSE:MAJESCO,67.45,67.45,67.2,67.2,7367.0
2021-04-09 09:40:00,NSE:MAJESCO,67.25,67.4,67.25,67.35,1989.0
2021-04-09 09:45:00,NSE:MAJESCO,67.35,67.35,67.25,67.35,3207.0
2021-04-09 09:50:00,NSE:MAJESCO,67.35,67.4,67.3,67.3,3012.0
2021-04-09 09:55:00,NSE:MAJESCO,67.3,67.4,67.3,67.4,9472.0
2021-04-09 10:00:00,NSE:MAJESCO,67.35,67.5,67.3,67.5,1310.0
2021-04-09 10:05:00,NSE:MAJESCO,67.5,67.6,67.3,67.3,2828.0
2021-04-09 10:10:00,NSE:MAJESCO,67.3,67.6,67.3,67.6,3203.0
2021-04-09 10:15:00,NSE:MAJESCO,67.3,67.6,67.3,67.3,2921.0
2021-04-09 10:20:00,NSE:MAJESCO,67.6,67.6,67.3,67.6,1279.0
2021-04-09 10:25:00,NSE:MAJESCO,67.6,67.7,67.3,67.7,606.0
2021-04-09 10:30:00,NSE:MAJESCO,67.9,67.9,67.3,67.8,4709.0
2021-04-09 10:35:00,NSE:MAJESCO,67.35,67.8,67.3,67.75,977.0
2021-04-09 10:40:00,NSE:MAJESCO,67.75,67.8,67.3,67.3,694.0
2021-04-09 10:45:00,NSE:MAJESCO,67.6,67.8,67.3,67.3,1786.0
2021-04-09 10:50:00,NSE:MAJESCO,67.85,67.9,67.35,67.35,4052.0
2021-04-09 10:55:00,NSE:MAJESCO,67.9,67.9,67.35,67.35,1128.0
2021-04-09 11:00:00,NSE:MAJESCO,67.35,67.8,67.35,67.6,2917.0
2021-04-09 11:05:00,NSE:MAJESCO,67.6,67.6,67.35,67.5,821.0
2021-04-09 11:10:00,NSE:MAJESCO,67.4,67.5,67.35,67.35,3217.0
2021-04-09 11:15:00,NSE:MAJESCO,67.4,67.5,67.4,67.5,367.0
2021-04-09 11:20:00,NSE:MAJESCO,67.5,67.5,67.4,67.5,656.0
2021-04-09 11:25:00,NSE:MAJESCO,67.5,67.5,67.35,67.5,1492.0
2021-04-09 11:30:00,NSE:MAJESCO,67.5,67.5,67.35,67.5,1195.0
2021-04-09 11:35:00,NSE:MAJESCO,67.5,67.5,67.35,67.35,302.0
2021-04-09 11:40:00,NSE:MAJESCO,67.5,67.85,67.35,67.85,4137.0
2021-04-09 11:45:00,NSE:MAJESCO,67.35,67.85,67.35,67.35,3398.0
2021-04-09 11:50:00,NSE:MAJESCO,67.85,67.85,67.35,67.8,569.0
2021-04-09 11:55:00,NSE:MAJESCO,67.8,67.8,67.4,67.5,807.0
2021-04-09 12:00:00,NSE:MAJESCO,67.4,67.85,67.4,67.6,589.0
2021-04-09 12:05:00,NSE:MAJESCO,67.5,67.8,67.4,67.8,220.0
2021-04-09 12:10:00,NSE:MAJESCO,67.8,67.8,67.4,67.75,342.0
2021-04-09 12:15:00,NSE:MAJESCO,67.75,67.8,67.4,67.8,1016.0
2021-04-09 12:20:00,NSE:MAJESCO,67.4,67.85,67.4,67.4,1452.0
2021-04-09 12:25:00,NSE:MAJESCO,67.4,67.85,67.4,67.5,671.0
2021-04-09 12:30:00,NSE:MAJESCO,67.85,67.85,67.5,67.55,1419.0
2021-04-09 12:35:00,NSE:MAJESCO,67.55,67.85,67.4,67.85,5326.0
2021-04-09 12:40:00,NSE:MAJESCO,67.4,67.85,67.4,67.85,1776.0
2021-04-09 12:45:00,NSE:MAJESCO,67.5,67.85,67.4,67.85,363.0
2021-04-09 12:50:00,NSE:MAJESCO,67.85,67.85,67.5,67.8,653.0
2021-04-09 12:55:00,NSE:MAJESCO,67.6,67.8,67.4,67.4,1017.0
2021-04-09 13:00:00,NSE:MAJESCO,67.4,67.8,67.4,67.8,309.0
2021-04-09 13:05:00,NSE:MAJESCO,67.4,67.8,67.4,67.6,330.0
2021-04-09 13:10:00,NSE:MAJESCO,67.5,67.5,67.4,67.4,1833.0
2021-04-09 13:15:00,NSE:MAJESCO,67.4,67.6,67.4,67.4,754.0
2021-04-09 13:20:00,NSE:MAJESCO,67.4,67.55,67.4,67.45,251.0
2021-04-09 13:25:00,NSE:MAJESCO,67.45,67.55,67.45,67.55,995.0
2021-04-09 13:30:00,NSE:MAJESCO,67.55,67.55,67.45,67.45,2460.0
2021-04-09 13:35:00,NSE:MAJESCO,67.45,67.5,67.45,67.45,2118.0
2021-04-09 13:40:00,NSE:MAJESCO,67.45,67.5,67.4,67.5,716.0
2021-04-09 13:45:00,NSE:MAJESCO,67.4,67.5,67.4,67.4,2837.0
2021-04-09 13:50:00,NSE:MAJESCO,67.5,67.5,67.4,67.4,2750.0
2021-04-09 13:55:00,NSE:MAJESCO,67.4,67.55,67.4,67.4,2908.0
2021-04-09 14:00:00,NSE:MAJESCO,67.6,67.7,67.4,67.5,697.0
2021-04-09 14:05:00,NSE:MAJESCO,67.5,67.8,67.4,67.8,1364.0
2021-04-09 14:10:00,NSE:MAJESCO,67.45,67.8,67.4,67.45,674.0
2021-04-09 14:15:00,NSE:MAJESCO,67.4,67.8,67.4,67.4,1856.0
2021-04-09 14:20:00,NSE:MAJESCO,67.8,67.8,67.4,67.4,1419.0
2021-04-09 14:25:00,NSE:MAJESCO,67.4,67.75,67.4,67.75,1472.0
2021-04-09 14:30:00,NSE:MAJESCO,67.75,67.75,67.4,67.5,1015.0
2021-04-09 14:35:00,NSE:MAJESCO,67.5,67.5,67.5,67.5,416.0
2021-04-09 14:40:00,NSE:MAJESCO,67.45,67.5,67.4,67.4,2049.0
2021-04-09 14:45:00,NSE:MAJESCO,67.45,67.5,67.4,67.45,1395.0
2021-04-09 14:50:00,NSE:MAJESCO,67.45,67.5,67.45,67.45,4666.0
2021-04-09 14:55:00,NSE:MAJESCO,67.5,67.5,67.45,67.5,744.0
2021-04-09 15:00:00,NSE:MAJESCO,67.45,67.65,67.45,67.45,2057.0
2021-04-09 15:05:00,NSE:MAJESCO,67.45,67.8,67.4,67.4,31105.0
2021-04-09 15:10:00,NSE:MAJESCO,67.5,67.75,67.4,67.4,1232.0
2021-04-09 15:15:00,NSE:MAJESCO,67.4,67.8,67.35,67.5,1929.0
2021-04-09 15:20:00,NSE:MAJESCO,67.4,67.75,67.35,67.5,1718.0
2021-04-09 15:25:00,NSE:MAJESCO,67.5,67.8,67.25,67.8,10749.0
2021-04-09 15:40:00,NSE:MAJESCO,67.5,67.5,67.5,67.5,2.0
2021-04-09 15:45:00,NSE:MAJESCO,67.5,67.5,67.5,67.5,98.0
2021-04-09 15:50:00,NSE:MAJESCO,67.5,67.5,67.5,67.5,35.0
2021-04-09 15:55:00,NSE:MAJESCO,67.5,67.5,67.5,67.5,1.0
2021-04-12 09:05:00,NSE:MAJESCO,67.1,67.1,67.1,67.1,3010.0
2021-04-12 09:15:00,NSE:MAJESCO,67.1,67.3,67.1,67.1,32534.0
2021-04-12 09:20:00,NSE:MAJESCO,67.1,67.15,65.15,66.1,37037.0
2021-04-12 09:25:00,NSE:MAJESCO,66.1,66.25,65.1,65.55,44767.0
2021-04-12 09:30:00,NSE:MAJESCO,65.55,66.25,65.15,66.0,25503.0
2021-04-12 09:35:00,NSE:MAJESCO,66.0,66.2,66.0,66.1,17382.0
2021-04-12 09:40:00,NSE:MAJESCO,66.1,66.3,66.1,66.3,7980.0
2021-04-12 09:45:00,NSE:MAJESCO,66.45,66.45,66.15,66.15,4590.0
2021-04-12 09:50:00,NSE:MAJESCO,66.15,66.25,66.15,66.15,7010.0
2021-04-12 09:55:00,NSE:MAJESCO,66.2,66.25,66.2,66.2,2061.0
2021-04-12 10:00:00,NSE:MAJESCO,66.2,66.45,66.15,66.15,2830.0
2021-04-12 10:05:00,NSE:MAJESCO,66.15,66.3,66.15,66.3,3113.0
2021-04-12 10:10:00,NSE:MAJESCO,66.3,66.3,66.2,66.2,1270.0
2021-04-12 10:15:00,NSE:MAJESCO,66.25,66.25,66.15,66.15,2268.0
2021-04-12 10:20:00,NSE:MAJESCO,66.15,66.25,66.15,66.25,3228.0
2021-04-12 10:25:00,NSE:MAJESCO,66.15,66.25,66.15,66.15,4693.0
2021-04-12 10:30:00,NSE:MAJESCO,66.15,66.25,66.15,66.25,4111.0
2021-04-12 10:35:00,NSE:MAJESCO,66.15,66.25,66.15,66.25,4805.0
2021-04-12 10:40:00,NSE:MAJESCO,66.25,66.25,66.2,66.2,4854.0
2021-04-12 10:45:00,NSE:MAJESCO,66.2,66.25,66.2,66.2,2822.0
2021-04-12 10:50:00,NSE:MAJESCO,66.25,66.25,66.15,66.15,2594.0
2021-04-12 10:55:00,NSE:MAJESCO,66.15,66.25,66.15,66.15,2014.0
2021-04-12 11:00:00,NSE:MAJESCO,66.15,66.25,66.15,66.2,6294.0
2021-04-12 11:05:00,NSE:MAJESCO,66.2,66.35,66.2,66.35,6618.0
2021-04-12 11:10:00,NSE:MAJESCO,66.35,66.6,66.25,66.5,26357.0
2021-04-12 11:15:00,NSE:MAJESCO,66.6,66.75,66.5,66.65,4569.0
2021-04-12 11:20:00,NSE:MAJESCO,66.5,66.65,66.5,66.5,1913.0
2021-04-12 11:25:00,NSE:MAJESCO,66.65,66.65,66.5,66.65,1119.0
2021-04-12 11:30:00,NSE:MAJESCO,66.7,66.7,66.55,66.7,1235.0
2021-04-12 11:35:00,NSE:MAJESCO,66.55,66.7,66.55,66.7,6535.0
2021-04-12 11:40:00,NSE:MAJESCO,66.55,66.7,66.55,66.7,4463.0
2021-04-12 11:45:00,NSE:MAJESCO,66.7,66.7,66.25,66.5,15131.0
2021-04-12 11:50:00,NSE:MAJESCO,66.25,66.5,66.25,66.25,1763.0
2021-04-12 11:55:00,NSE:MAJESCO,66.25,66.3,66.25,66.25,6096.0
2021-04-12 12:00:00,NSE:MAJESCO,66.2,66.5,66.2,66.2,11372.0
2021-04-12 12:05:00,NSE:MAJESCO,66.2,66.5,66.2,66.2,6062.0
2021-04-12 12:10:00,NSE:MAJESCO,66.2,66.25,66.2,66.25,5736.0
2021-04-12 12:15:00,NSE:MAJESCO,66.25,66.45,66.15,66.15,4100.0
2021-04-12 12:20:00,NSE:MAJESCO,66.15,66.45,66.1,66.15,3458.0
2021-04-12 12:25:00,NSE:MAJESCO,66.15,66.4,66.15,66.2,1679.0
2021-04-12 12:30:00,NSE:MAJESCO,66.2,66.2,66.15,66.15,6152.0
2021-04-12 12:35:00,NSE:MAJESCO,66.15,66.2,66.15,66.2,5428.0
2021-04-12 12:40:00,NSE:MAJESCO,66.15,66.4,66.15,66.15,2602.0
2021-04-12 12:45:00,NSE:MAJESCO,66.15,66.4,66.15,66.35,2659.0
2021-04-12 12:50:00,NSE:MAJESCO,66.15,66.35,66.15,66.3,934.0
2021-04-12 12:55:00,NSE:MAJESCO,66.25,66.35,66.2,66.2,1602.0
2021-04-12 13:00:00,NSE:MAJESCO,66.2,66.3,66.15,66.2,1773.0
2021-04-12 13:05:00,NSE:MAJESCO,66.2,66.2,66.15,66.2,2154.0
2021-04-12 13:10:00,NSE:MAJESCO,66.15,66.2,66.15,66.15,2308.0
2021-04-12 13:15:00,NSE:MAJESCO,66.15,66.2,66.15,66.15,3894.0
2021-04-12 13:20:00,NSE:MAJESCO,66.15,66.2,66.15,66.2,2375.0
2021-04-12 13:25:00,NSE:MAJESCO,66.15,66.2,66.15,66.15,1412.0
2021-04-12 13:30:00,NSE:MAJESCO,66.15,66.2,66.15,66.15,3587.0
2021-04-12 13:35:00,NSE:MAJESCO,66.15,66.3,66.15,66.3,1121.0
2021-04-12 13:40:00,NSE:MAJESCO,66.15,66.25,66.15,66.15,2006.0
2021-04-12 13:45:00,NSE:MAJESCO,66.25,66.25,66.15,66.2,6573.0
2021-04-12 13:50:00,NSE:MAJESCO,66.2,66.25,66.2,66.2,4484.0
2021-04-12 13:55:00,NSE:MAJESCO,66.2,66.25,66.15,66.25,3949.0
2021-04-12 14:00:00,NSE:MAJESCO,66.15,66.2,66.15,66.15,4693.0
2021-04-12 14:05:00,NSE:MAJESCO,66.15,66.3,66.15,66.25,4726.0
2021-04-12 14:10:00,NSE:MAJESCO,66.25,66.3,66.25,66.25,824.0
2021-04-12 14:15:00,NSE:MAJESCO,66.3,66.3,66.25,66.25,2243.0
2021-04-12 14:20:00,NSE:MAJESCO,66.25,66.3,66.25,66.3,6050.0
2021-04-12 14:25:00,NSE:MAJESCO,66.3,66.3,66.2,66.25,1266.0
2021-04-12 14:30:00,NSE:MAJESCO,66.25,66.3,66.25,66.3,12733.0
2021-04-12 14:35:00,NSE:MAJESCO,66.25,66.3,66.25,66.25,3378.0
2021-04-12 14:40:00,NSE:MAJESCO,66.25,66.3,66.25,66.25,3378.0
2021-04-12 14:45:00,NSE:MAJESCO,66.25,66.35,66.25,66.25,11148.0
2021-04-12 14:50:00,NSE:MAJESCO,66.25,66.3,66.25,66.3,3476.0
2021-04-12 14:55:00,NSE:MAJESCO,66.3,66.3,66.25,66.25,1311.0
2021-04-12 15:00:00,NSE:MAJESCO,66.25,66.3,66.25,66.25,2833.0
2021-04-12 15:05:00,NSE:MAJESCO,66.3,66.3,66.25,66.25,5840.0
2021-04-12 15:10:00,NSE:MAJESCO,66.3,66.3,66.25,66.3,4122.0
2021-04-12 15:15:00,NSE:MAJESCO,66.3,66.3,66.2,66.2,5708.0
2021-04-12 15:20:00,NSE:MAJESCO,66.2,66.3,66.2,66.25,2672.0
2021-04-12 15:25:00,NSE:MAJESCO,66.25,66.3,66.2,66.25,7134.0
2021-04-12 15:40:00,NSE:MAJESCO,66.25,66.25,66.25,66.25,452.0
2021-04-12 15:55:00,NSE:MAJESCO,66.25,66.25,66.25,66.25,40.0
2021-04-13 09:05:00,NSE:MAJESCO,65.7,65.7,65.7,65.7,2098.0
2021-04-13 09:15:00,NSE:MAJESCO,66.2,67.0,66.0,66.95,9206.0
2021-04-13 09:20:00,NSE:MAJESCO,66.95,66.95,66.25,66.25,3064.0
2021-04-13 09:25:00,NSE:MAJESCO,66.4,66.7,66.25,66.65,2753.0
2021-04-13 09:30:00,NSE:MAJESCO,66.65,66.65,66.3,66.45,5991.0
2021-04-13 09:35:00,NSE:MAJESCO,66.45,66.65,66.3,66.35,6615.0
2021-04-13 09:40:00,NSE:MAJESCO,66.65,66.65,66.35,66.35,4416.0
2021-04-13 09:45:00,NSE:MAJESCO,66.35,66.6,66.35,66.5,6322.0
2021-04-13 09:50:00,NSE:MAJESCO,66.35,66.5,66.35,66.4,3336.0
2021-04-13 09:55:00,NSE:MAJESCO,66.5,66.6,66.5,66.6,2308.0
2021-04-13 10:00:00,NSE:MAJESCO,66.5,66.65,66.5,66.65,3118.0
2021-04-13 10:05:00,NSE:MAJESCO,66.5,66.6,66.5,66.6,1547.0
2021-04-13 10:10:00,NSE:MAJESCO,66.6,66.6,66.5,66.5,4109.0
2021-04-13 10:15:00,NSE:MAJESCO,66.5,66.5,66.4,66.4,2150.0
2021-04-13 10:20:00,NSE:MAJESCO,66.4,66.5,66.4,66.45,2774.0
2021-04-13 10:25:00,NSE:MAJESCO,66.4,66.5,66.4,66.4,2409.0
2021-04-13 10:30:00,NSE:MAJESCO,66.4,66.45,66.4,66.45,2591.0
2021-04-13 10:35:00,NSE:MAJESCO,66.45,66.5,66.4,66.45,1758.0
2021-04-13 10:40:00,NSE:MAJESCO,66.45,66.5,66.4,66.45,6899.0
2021-04-13 10:45:00,NSE:MAJESCO,66.45,66.5,66.45,66.45,2037.0
2021-04-13 10:50:00,NSE:MAJESCO,66.45,66.5,66.45,66.45,603.0
2021-04-13 10:55:00,NSE:MAJESCO,66.5,66.5,66.4,66.45,486.0
2021-04-13 11:00:00,NSE:MAJESCO,66.5,66.5,66.4,66.5,1044.0
2021-04-13 11:05:00,NSE:MAJESCO,66.5,66.6,66.5,66.5,1368.0
2021-04-13 11:10:00,NSE:MAJESCO,66.5,66.6,66.5,66.6,1271.0
2021-04-13 11:15:00,NSE:MAJESCO,66.6,66.6,66.5,66.6,12006.0
2021-04-13 11:20:00,NSE:MAJESCO,66.6,66.6,66.5,66.55,2389.0
2021-04-13 11:25:00,NSE:MAJESCO,66.6,66.6,66.55,66.6,1893.0
2021-04-13 11:30:00,NSE:MAJESCO,66.6,66.6,66.55,66.55,2065.0
2021-04-13 11:35:00,NSE:MAJESCO,66.55,66.6,66.55,66.55,2100.0
2021-04-13 11:40:00,NSE:MAJESCO,66.55,66.6,66.5,66.55,3615.0
2021-04-13 11:45:00,NSE:MAJESCO,66.55,66.6,66.55,66.6,853.0
2021-04-13 11:50:00,NSE:MAJESCO,66.55,66.55,66.5,66.55,2876.0
2021-04-13 11:55:00,NSE:MAJESCO,66.5,66.55,66.5,66.5,1920.0
2021-04-13 12:00:00,NSE:MAJESCO,66.5,66.6,66.5,66.55,428.0
2021-04-13 12:05:00,NSE:MAJESCO,66.55,66.6,66.5,66.5,653.0
2021-04-13 12:10:00,NSE:MAJESCO,66.5,66.6,66.5,66.5,2961.0
2021-04-13 12:15:00,NSE:MAJESCO,66.5,66.6,66.5,66.5,1365.0
2021-04-13 12:20:00,NSE:MAJESCO,66.6,66.6,66.5,66.6,1077.0
2021-04-13 12:25:00,NSE:MAJESCO,66.5,66.6,66.5,66.6,165.0
2021-04-13 12:30:00,NSE:MAJESCO,66.55,66.6,66.5,66.5,1278.0
2021-04-13 12:35:00,NSE:MAJESCO,66.6,66.6,66.5,66.6,1324.0
2021-04-13 12:40:00,NSE:MAJESCO,66.6,66.6,66.5,66.5,630.0
2021-04-13 12:45:00,NSE:MAJESCO,66.5,66.6,66.5,66.6,577.0
2021-04-13 12:50:00,NSE:MAJESCO,66.5,66.6,66.5,66.55,713.0
2021-04-13 12:55:00,NSE:MAJESCO,66.55,66.6,66.55,66.55,134.0
2021-04-13 13:00:00,NSE:MAJESCO,66.55,66.6,66.5,66.5,3172.0
2021-04-13 13:05:00,NSE:MAJESCO,66.6,66.6,66.5,66.55,2323.0
2021-04-13 13:10:00,NSE:MAJESCO,66.55,66.6,66.5,66.55,931.0
2021-04-13 13:15:00,NSE:MAJESCO,66.6,66.6,66.5,66.6,674.0
2021-04-13 13:20:00,NSE:MAJESCO,66.6,66.6,66.5,66.5,1068.0
2021-04-13 13:25:00,NSE:MAJESCO,66.6,66.6,66.5,66.5,904.0
2021-04-13 13:30:00,NSE:MAJESCO,66.6,66.6,66.5,66.5,1342.0
2021-04-13 13:35:00,NSE:MAJESCO,66.6,66.6,66.5,66.6,771.0
2021-04-13 13:40:00,NSE:MAJESCO,66.6,66.6,66.5,66.5,1123.0
2021-04-13 13:45:00,NSE:MAJESCO,66.5,66.6,66.5,66.5,301.0
2021-04-13 13:50:00,NSE:MAJESCO,66.6,66.6,66.5,66.55,867.0
2021-04-13 13:55:00,NSE:MAJESCO,66.55,66.6,66.5,66.5,810.0
2021-04-13 14:00:00,NSE:MAJESCO,66.55,66.6,66.55,66.6,299.0
2021-04-13 14:05:00,NSE:MAJESCO,66.6,66.6,66.55,66.55,823.0
2021-04-13 14:10:00,NSE:MAJESCO,66.55,66.7,66.55,66.7,22117.0
2021-04-13 14:15:00,NSE:MAJESCO,66.75,66.9,66.75,66.9,976.0
2021-04-13 14:20:00,NSE:MAJESCO,66.9,66.9,66.7,66.7,1218.0
2021-04-13 14:25:00,NSE:MAJESCO,66.85,66.85,66.7,66.85,1814.0
2021-04-13 14:30:00,NSE:MAJESCO,66.85,67.0,66.85,66.95,23864.0
2021-04-13 14:35:00,NSE:MAJESCO,66.95,67.0,66.8,66.8,1536.0
2021-04-13 14:40:00,NSE:MAJESCO,66.8,67.0,66.6,66.7,2273.0
2021-04-13 14:45:00,NSE:MAJESCO,66.6,66.95,66.6,66.6,2862.0
2021-04-13 14:50:00,NSE:MAJESCO,66.6,67.0,66.6,66.6,4150.0
2021-04-13 14:55:00,NSE:MAJESCO,66.6,67.0,66.6,66.7,172.0
2021-04-13 15:00:00,NSE:MAJESCO,66.9,67.0,66.9,67.0,226.0
2021-04-13 15:05:00,NSE:MAJESCO,67.0,67.0,66.8,66.8,1687.0
2021-04-13 15:10:00,NSE:MAJESCO,66.8,66.85,66.6,66.75,3080.0
2021-04-13 15:15:00,NSE:MAJESCO,66.75,67.0,66.6,66.8,3798.0
2021-04-13 15:20:00,NSE:MAJESCO,66.75,66.8,66.6,66.8,1570.0
2021-04-13 15:25:00,NSE:MAJESCO,66.8,67.0,66.7,67.0,2139.0
2021-04-13 15:55:00,NSE:MAJESCO,66.8,66.8,66.8,66.8,11.0
2021-04-15 09:05:00,NSE:MAJESCO,66.15,66.15,66.15,66.15,2498.0
2021-04-15 09:15:00,NSE:MAJESCO,66.8,66.8,66.15,66.8,4216.0
2021-04-15 09:20:00,NSE:MAJESCO,66.8,66.8,66.25,66.25,2405.0
2021-04-15 09:25:00,NSE:MAJESCO,66.25,66.8,66.25,66.25,4389.0
2021-04-15 09:30:00,NSE:MAJESCO,66.3,66.8,66.3,66.3,2819.0
2021-04-15 09:35:00,NSE:MAJESCO,66.3,66.5,66.3,66.35,4541.0
2021-04-15 09:40:00,NSE:MAJESCO,66.35,66.7,66.3,66.35,7316.0
2021-04-15 09:45:00,NSE:MAJESCO,66.3,66.5,66.3,66.35,1546.0
2021-04-15 09:50:00,NSE:MAJESCO,66.3,66.65,66.3,66.65,5861.0
2021-04-15 09:55:00,NSE:MAJESCO,66.5,66.7,66.5,66.5,1650.0
2021-04-15 10:00:00,NSE:MAJESCO,66.7,66.7,66.5,66.5,966.0
2021-04-15 10:05:00,NSE:MAJESCO,66.5,66.6,66.5,66.5,1349.0
2021-04-15 10:10:00,NSE:MAJESCO,66.5,66.6,66.35,66.35,5609.0
2021-04-15 10:15:00,NSE:MAJESCO,66.5,66.5,66.4,66.4,1427.0
2021-04-15 10:20:00,NSE:MAJESCO,66.5,66.6,66.4,66.4,1664.0
2021-04-15 10:25:00,NSE:MAJESCO,66.4,66.5,66.4,66.4,1259.0
2021-04-15 10:30:00,NSE:MAJESCO,66.4,66.45,66.4,66.4,880.0
2021-04-15 10:35:00,NSE:MAJESCO,66.4,66.5,66.4,66.45,1571.0
2021-04-15 10:40:00,NSE:MAJESCO,66.5,66.5,66.4,66.4,673.0
2021-04-15 10:45:00,NSE:MAJESCO,66.4,66.5,66.4,66.5,1213.0
2021-04-15 10:50:00,NSE:MAJESCO,66.4,66.5,66.35,66.35,4031.0
2021-04-15 10:55:00,NSE:MAJESCO,66.35,66.35,66.35,66.35,3757.0
2021-04-15 11:00:00,NSE:MAJESCO,66.35,66.4,66.35,66.35,2286.0
2021-04-15 11:05:00,NSE:MAJESCO,66.35,66.4,66.35,66.35,390.0
2021-04-15 11:10:00,NSE:MAJESCO,66.35,66.4,66.35,66.35,3173.0
2021-04-15 11:15:00,NSE:MAJESCO,66.35,66.4,66.35,66.35,1450.0
2021-04-15 11:20:00,NSE:MAJESCO,66.4,66.4,66.35,66.35,844.0
2021-04-15 11:25:00,NSE:MAJESCO,66.35,66.4,66.35,66.4,5954.0
2021-04-15 11:30:00,NSE:MAJESCO,66.4,66.4,66.35,66.4,597.0
2021-04-15 11:35:00,NSE:MAJESCO,66.4,66.4,66.35,66.35,1751.0
2021-04-15 11:40:00,NSE:MAJESCO,66.35,66.4,66.35,66.4,584.0
2021-04-15 11:45:00,NSE:MAJESCO,66.4,66.45,66.35,66.45,14948.0
2021-04-15 11:50:00,NSE:MAJESCO,66.45,66.45,66.4,66.45,1115.0
2021-04-15 11:55:00,NSE:MAJESCO,66.4,66.45,66.4,66.4,454.0
2021-04-15 12:00:00,NSE:MAJESCO,66.4,66.4,66.35,66.35,6430.0
2021-04-15 12:05:00,NSE:MAJESCO,66.35,66.45,66.35,66.4,371.0
2021-04-15 12:10:00,NSE:MAJESCO,66.4,66.45,66.35,66.35,3213.0
2021-04-15 12:15:00,NSE:MAJESCO,66.45,66.6,66.45,66.5,1444.0
2021-04-15 12:20:00,NSE:MAJESCO,66.6,66.6,66.5,66.5,95.0
2021-04-15 12:25:00,NSE:MAJESCO,66.6,66.6,66.5,66.5,1387.0
2021-04-15 12:30:00,NSE:MAJESCO,66.5,66.6,66.5,66.5,986.0
2021-04-15 12:35:00,NSE:MAJESCO,66.5,66.5,66.5,66.5,171.0
2021-04-15 12:40:00,NSE:MAJESCO,66.5,66.6,66.5,66.6,189.0
2021-04-15 12:45:00,NSE:MAJESCO,66.5,66.6,66.5,66.6,644.0
2021-04-15 12:50:00,NSE:MAJESCO,66.6,66.6,66.5,66.5,440.0
2021-04-15 12:55:00,NSE:MAJESCO,66.5,66.5,66.5,66.5,628.0
2021-04-15 13:00:00,NSE:MAJESCO,66.6,66.7,66.5,66.7,6529.0
2021-04-15 13:05:00,NSE:MAJESCO,66.5,66.7,66.5,66.7,588.0
2021-04-15 13:10:00,NSE:MAJESCO,66.7,66.7,66.5,66.7,911.0
2021-04-15 13:15:00,NSE:MAJESCO,66.7,66.7,66.5,66.55,627.0
2021-04-15 13:20:00,NSE:MAJESCO,66.55,66.6,66.5,66.6,311.0
2021-04-15 13:25:00,NSE:MAJESCO,66.6,66.7,66.5,66.7,2257.0
2021-04-15 13:30:00,NSE:MAJESCO,66.5,66.7,66.5,66.5,764.0
2021-04-15 13:35:00,NSE:MAJESCO,66.5,66.5,66.5,66.5,139.0
2021-04-15 13:40:00,NSE:MAJESCO,66.5,66.65,66.5,66.55,1110.0
2021-04-15 13:45:00,NSE:MAJESCO,66.55,66.65,66.5,66.65,675.0
2021-04-15 13:50:00,NSE:MAJESCO,66.55,66.65,66.55,66.55,523.0
2021-04-15 13:55:00,NSE:MAJESCO,66.6,66.65,66.55,66.55,472.0
2021-04-15 14:00:00,NSE:MAJESCO,66.65,66.65,66.55,66.55,3019.0
2021-04-15 14:05:00,NSE:MAJESCO,66.65,66.65,66.55,66.65,659.0
2021-04-15 14:10:00,NSE:MAJESCO,66.55,66.65,66.55,66.55,1761.0
2021-04-15 14:15:00,NSE:MAJESCO,66.55,66.65,66.55,66.65,1789.0
2021-04-15 14:20:00,NSE:MAJESCO,66.65,66.65,66.55,66.55,843.0
2021-04-15 14:25:00,NSE:MAJESCO,66.65,66.65,66.55,66.55,584.0
2021-04-15 14:30:00,NSE:MAJESCO,66.65,66.65,66.55,66.55,261.0
2021-04-15 14:35:00,NSE:MAJESCO,66.55,66.65,66.55,66.65,354.0
2021-04-15 14:40:00,NSE:MAJESCO,66.6,66.65,66.5,66.55,8191.0
2021-04-15 14:45:00,NSE:MAJESCO,66.55,66.6,66.5,66.6,11775.0
2021-04-15 14:50:00,NSE:MAJESCO,66.6,66.65,66.6,66.6,1462.0
2021-04-15 14:55:00,NSE:MAJESCO,66.55,66.65,66.55,66.65,567.0
2021-04-15 15:00:00,NSE:MAJESCO,66.55,66.65,66.55,66.65,934.0
2021-04-15 15:05:00,NSE:MAJESCO,66.65,66.65,66.55,66.55,2238.0
2021-04-15 15:10:00,NSE:MAJESCO,66.65,66.65,66.55,66.55,1721.0
2021-04-15 15:15:00,NSE:MAJESCO,66.55,66.6,66.55,66.6,2764.0
2021-04-15 15:20:00,NSE:MAJESCO,66.55,66.6,66.55,66.6,1716.0
2021-04-15 15:25:00,NSE:MAJESCO,66.6,66.7,66.55,66.7,7775.0
2021-04-15 15:40:00,NSE:MAJESCO,66.6,66.6,66.6,66.6,250.0
2021-04-16 09:05:00,NSE:MAJESCO,66.5,66.5,66.5,66.5,1113.0
2021-04-16 09:15:00,NSE:MAJESCO,66.8,66.8,66.5,66.8,4322.0
2021-04-16 09:20:00,NSE:MAJESCO,66.8,66.8,66.7,66.75,1294.0
2021-04-16 09:25:00,NSE:MAJESCO,66.75,66.8,66.65,66.8,2706.0
2021-04-16 09:30:00,NSE:MAJESCO,66.8,66.8,66.75,66.75,600.0
2021-04-16 09:35:00,NSE:MAJESCO,66.8,66.8,66.75,66.75,707.0
2021-04-16 09:40:00,NSE:MAJESCO,66.8,66.8,66.75,66.8,1813.0
2021-04-16 09:45:00,NSE:MAJESCO,66.75,66.8,66.75,66.8,992.0
2021-04-16 09:50:00,NSE:MAJESCO,66.8,66.9,66.8,66.9,2097.0
2021-04-16 09:55:00,NSE:MAJESCO,66.9,66.95,66.8,66.8,1361.0
2021-04-16 10:00:00,NSE:MAJESCO,66.85,66.95,66.8,66.95,449.0
2021-04-16 10:05:00,NSE:MAJESCO,66.9,66.9,66.75,66.75,1182.0
2021-04-16 10:10:00,NSE:MAJESCO,66.8,66.95,66.75,66.95,1023.0
2021-04-16 10:15:00,NSE:MAJESCO,66.95,66.95,66.75,66.9,556.0
2021-04-16 10:20:00,NSE:MAJESCO,66.9,66.9,66.8,66.85,740.0
2021-04-16 10:25:00,NSE:MAJESCO,66.85,67.0,66.75,66.95,4971.0
2021-04-16 10:30:00,NSE:MAJESCO,66.9,66.95,66.75,66.85,444.0
2021-04-16 10:35:00,NSE:MAJESCO,66.85,67.0,66.85,67.0,252.0
2021-04-16 10:40:00,NSE:MAJESCO,66.95,66.95,66.85,66.9,155.0
2021-04-16 10:45:00,NSE:MAJESCO,66.85,66.9,66.75,66.75,1188.0
2021-04-16 10:50:00,NSE:MAJESCO,66.75,66.8,66.75,66.8,1265.0
2021-04-16 10:55:00,NSE:MAJESCO,66.85,66.9,66.75,66.75,1048.0
2021-04-16 11:00:00,NSE:MAJESCO,66.75,66.8,66.75,66.75,2464.0
2021-04-16 11:05:00,NSE:MAJESCO,66.75,66.9,66.75,66.9,920.0
2021-04-16 11:10:00,NSE:MAJESCO,66.9,66.9,66.8,66.9,399.0
2021-04-16 11:15:00,NSE:MAJESCO,66.8,66.9,66.8,66.8,626.0
2021-04-16 11:20:00,NSE:MAJESCO,66.95,66.95,66.8,66.95,106.0
2021-04-16 11:25:00,NSE:MAJESCO,66.8,66.85,66.8,66.85,1087.0
2021-04-16 11:30:00,NSE:MAJESCO,66.85,66.9,66.8,66.9,811.0
2021-04-16 11:35:00,NSE:MAJESCO,66.9,66.9,66.8,66.9,742.0
2021-04-16 11:40:00,NSE:MAJESCO,66.85,66.85,66.8,66.8,657.0
2021-04-16 11:45:00,NSE:MAJESCO,66.85,66.95,66.8,66.8,1640.0
2021-04-16 11:50:00,NSE:MAJESCO,66.8,66.95,66.8,66.85,4972.0
2021-04-16 11:55:00,NSE:MAJESCO,66.95,66.95,66.85,66.95,190.0
2021-04-16 12:00:00,NSE:MAJESCO,66.95,66.95,66.85,66.95,1068.0
2021-04-16 12:05:00,NSE:MAJESCO,66.85,66.95,66.85,66.95,256.0
2021-04-16 12:10:00,NSE:MAJESCO,66.95,66.95,66.85,66.9,198.0
2021-04-16 12:15:00,NSE:MAJESCO,66.85,66.9,66.85,66.9,1128.0
2021-04-16 12:20:00,NSE:MAJESCO,66.9,66.9,66.8,66.8,4227.0
2021-04-16 12:25:00,NSE:MAJESCO,66.9,66.9,66.8,66.85,2221.0
2021-04-16 12:30:00,NSE:MAJESCO,66.9,66.9,66.8,66.85,843.0
2021-04-16 12:35:00,NSE:MAJESCO,66.85,66.85,66.8,66.8,415.0
2021-04-16 12:40:00,NSE:MAJESCO,66.8,66.85,66.8,66.85,1468.0
2021-04-16 12:45:00,NSE:MAJESCO,66.8,66.85,66.8,66.8,1463.0
2021-04-16 12:50:00,NSE:MAJESCO,66.8,66.85,66.8,66.8,6876.0
2021-04-16 12:55:00,NSE:MAJESCO,66.85,66.85,66.8,66.85,71.0
2021-04-16 13:00:00,NSE:MAJESCO,66.8,66.95,66.8,66.8,954.0
2021-04-16 13:05:00,NSE:MAJESCO,66.9,66.95,66.8,66.8,10613.0
2021-04-16 13:10:00,NSE:MAJESCO,66.8,66.9,66.8,66.8,869.0
2021-04-16 13:15:00,NSE:MAJESCO,66.9,66.9,66.8,66.9,1918.0
2021-04-16 13:20:00,NSE:MAJESCO,66.8,66.9,66.8,66.8,659.0
2021-04-16 13:25:00,NSE:MAJESCO,66.9,66.9,66.8,66.9,1253.0
2021-04-16 13:30:00,NSE:MAJESCO,66.9,66.9,66.8,66.8,341.0
2021-04-16 13:35:00,NSE:MAJESCO,66.9,66.9,66.8,66.85,1172.0
2021-04-16 13:40:00,NSE:MAJESCO,66.85,66.9,66.8,66.8,1511.0
2021-04-16 13:45:00,NSE:MAJESCO,66.8,66.9,66.8,66.9,4993.0
2021-04-16 13:50:00,NSE:MAJESCO,66.9,66.9,66.8,66.85,306.0
2021-04-16 13:55:00,NSE:MAJESCO,66.9,66.9,66.8,66.8,1186.0
2021-04-16 14:00:00,NSE:MAJESCO,66.8,66.9,66.8,66.8,6061.0
2021-04-16 14:05:00,NSE:MAJESCO,66.9,66.9,66.8,66.9,1480.0
2021-04-16 14:10:00,NSE:MAJESCO,66.9,66.9,66.75,66.75,2380.0
2021-04-16 14:15:00,NSE:MAJESCO,66.75,66.9,66.75,66.75,285.0
2021-04-16 14:20:00,NSE:MAJESCO,66.75,67.0,66.75,67.0,32101.0
2021-04-16 14:25:00,NSE:MAJESCO,67.0,67.0,66.75,66.9,710.0
2021-04-16 14:30:00,NSE:MAJESCO,66.9,66.9,66.75,66.8,506.0
2021-04-16 14:35:00,NSE:MAJESCO,66.95,66.95,66.6,66.95,2315.0
2021-04-16 14:40:00,NSE:MAJESCO,66.95,66.95,66.65,66.9,2124.0
2021-04-16 14:45:00,NSE:MAJESCO,66.9,66.9,66.65,66.85,573.0
2021-04-16 14:50:00,NSE:MAJESCO,66.6,66.85,66.6,66.65,1063.0
2021-04-16 14:55:00,NSE:MAJESCO,66.65,66.85,66.65,66.7,810.0
2021-04-16 15:00:00,NSE:MAJESCO,66.7,66.7,66.65,66.7,1865.0
2021-04-16 15:05:00,NSE:MAJESCO,66.75,66.85,66.75,66.75,405.0
2021-04-16 15:10:00,NSE:MAJESCO,66.75,66.85,66.75,66.85,1443.0
2021-04-16 15:15:00,NSE:MAJESCO,66.8,67.0,66.8,67.0,12921.0
2021-04-16 15:20:00,NSE:MAJESCO,66.85,67.0,66.85,66.85,3067.0
2021-04-16 15:25:00,NSE:MAJESCO,66.85,67.0,66.85,66.9,4252.0
2021-04-16 15:50:00,NSE:MAJESCO,66.85,66.85,66.85,66.85,21.0
2021-04-16 15:55:00,NSE:MAJESCO,66.85,66.85,66.85,66.85,37.0
2021-04-19 09:05:00,NSE:MAJESCO,66.4,66.4,66.4,66.4,3097.0
2021-04-19 09:15:00,NSE:MAJESCO,66.1,66.3,65.05,65.85,22884.0
2021-04-19 09:20:00,NSE:MAJESCO,66.0,66.0,65.2,65.5,17023.0
2021-04-19 09:25:00,NSE:MAJESCO,65.5,66.3,65.2,66.3,20473.0
2021-04-19 09:30:00,NSE:MAJESCO,66.3,66.3,66.0,66.1,4144.0
2021-04-19 09:35:00,NSE:MAJESCO,66.1,66.2,66.0,66.0,11280.0
2021-04-19 09:40:00,NSE:MAJESCO,66.0,66.2,65.8,66.1,10000.0
2021-04-19 09:45:00,NSE:MAJESCO,66.15,66.2,66.0,66.1,10005.0
2021-04-19 09:50:00,NSE:MAJESCO,66.15,66.6,66.1,66.5,12684.0
2021-04-19 09:55:00,NSE:MAJESCO,66.5,66.65,66.5,66.55,4345.0
2021-04-19 10:00:00,NSE:MAJESCO,66.6,66.6,66.55,66.55,4151.0
2021-04-19 10:05:00,NSE:MAJESCO,66.55,66.6,66.55,66.6,1385.0
2021-04-19 10:10:00,NSE:MAJESCO,66.6,66.6,66.55,66.55,3762.0
2021-04-19 10:15:00,NSE:MAJESCO,66.55,66.6,66.5,66.55,9274.0
2021-04-19 10:20:00,NSE:MAJESCO,66.55,66.6,66.55,66.55,2778.0
2021-04-19 10:25:00,NSE:MAJESCO,66.55,66.6,66.55,66.6,1990.0
2021-04-19 10:30:00,NSE:MAJESCO,66.55,66.65,66.55,66.6,3654.0
2021-04-19 10:35:00,NSE:MAJESCO,66.6,67.1,66.6,67.0,37289.0
2021-04-19 10:40:00,NSE:MAJESCO,67.0,67.1,66.9,67.05,2355.0
2021-04-19 10:45:00,NSE:MAJESCO,67.1,67.15,67.05,67.1,2395.0
2021-04-19 10:50:00,NSE:MAJESCO,67.1,67.1,67.0,67.0,3881.0
2021-04-19 10:55:00,NSE:MAJESCO,67.0,67.1,67.0,67.1,2349.0
2021-04-19 11:00:00,NSE:MAJESCO,67.1,67.15,67.0,67.15,1235.0
2021-04-19 11:05:00,NSE:MAJESCO,67.1,67.15,67.0,67.15,2963.0
2021-04-19 11:10:00,NSE:MAJESCO,67.15,67.15,67.05,67.1,220.0
2021-04-19 11:15:00,NSE:MAJESCO,67.1,67.1,67.0,67.0,533.0
2021-04-19 11:20:00,NSE:MAJESCO,67.0,67.1,67.0,67.1,2318.0
2021-04-19 11:25:00,NSE:MAJESCO,67.1,67.15,67.0,67.15,3711.0
2021-04-19 11:30:00,NSE:MAJESCO,67.5,67.95,67.2,67.95,4931.0
2021-04-19 11:35:00,NSE:MAJESCO,68.0,68.0,67.75,67.9,11423.0
2021-04-19 11:40:00,NSE:MAJESCO,67.9,67.9,67.5,67.85,681.0
2021-04-19 11:45:00,NSE:MAJESCO,67.85,68.0,67.5,68.0,9208.0
2021-04-19 11:50:00,NSE:MAJESCO,68.0,68.0,67.55,67.7,2612.0
2021-04-19 11:55:00,NSE:MAJESCO,67.7,67.95,67.5,67.7,1129.0
2021-04-19 12:00:00,NSE:MAJESCO,67.7,67.7,67.05,67.05,1457.0
2021-04-19 12:05:00,NSE:MAJESCO,67.05,67.5,67.05,67.5,1764.0
2021-04-19 12:10:00,NSE:MAJESCO,67.5,67.5,67.1,67.1,7105.0
2021-04-19 12:15:00,NSE:MAJESCO,67.3,67.5,67.05,67.1,1058.0
2021-04-19 12:20:00,NSE:MAJESCO,67.2,67.45,67.05,67.1,527.0
2021-04-19 12:25:00,NSE:MAJESCO,67.1,67.45,67.05,67.45,3407.0
2021-04-19 12:30:00,NSE:MAJESCO,67.45,67.65,67.15,67.5,15772.0
2021-04-19 12:35:00,NSE:MAJESCO,67.5,67.65,67.15,67.5,2715.0
2021-04-19 12:40:00,NSE:MAJESCO,67.5,67.6,67.5,67.5,2002.0
2021-04-19 12:45:00,NSE:MAJESCO,67.6,67.65,67.5,67.6,1661.0
2021-04-19 12:50:00,NSE:MAJESCO,67.6,67.65,67.5,67.65,1092.0
2021-04-19 12:55:00,NSE:MAJESCO,67.65,67.65,67.5,67.5,31191.0
2021-04-19 13:00:00,NSE:MAJESCO,67.5,67.9,67.5,67.9,5995.0
2021-04-19 13:05:00,NSE:MAJESCO,68.0,68.2,67.8,68.2,9780.0
2021-04-19 13:10:00,NSE:MAJESCO,68.2,68.2,68.0,68.1,18618.0
2021-04-19 13:15:00,NSE:MAJESCO,68.15,68.25,68.15,68.2,11801.0
2021-04-19 13:20:00,NSE:MAJESCO,68.25,68.4,68.2,68.35,3575.0
2021-04-19 13:25:00,NSE:MAJESCO,68.2,68.5,68.2,68.5,9273.0
2021-04-19 13:30:00,NSE:MAJESCO,68.25,68.75,68.2,68.7,5889.0
2021-04-19 13:35:00,NSE:MAJESCO,68.75,69.0,68.5,68.95,13954.0
2021-04-19 13:40:00,NSE:MAJESCO,68.9,69.0,68.5,69.0,10889.0
2021-04-19 13:45:00,NSE:MAJESCO,69.0,69.05,68.5,69.0,8297.0
2021-04-19 13:50:00,NSE:MAJESCO,69.0,69.3,68.7,69.3,6325.0
2021-04-19 13:55:00,NSE:MAJESCO,69.3,69.8,68.5,69.8,27324.0
2021-04-19 14:00:00,NSE:MAJESCO,69.75,69.8,69.0,69.35,14759.0
2021-04-19 14:05:00,NSE:MAJESCO,69.45,69.8,69.0,69.8,26060.0
2021-04-19 14:10:00,NSE:MAJESCO,69.5,70.0,69.05,69.95,14907.0
2021-04-19 14:15:00,NSE:MAJESCO,69.95,70.0,69.9,70.0,17438.0
2021-04-19 14:20:00,NSE:MAJESCO,70.0,70.15,70.0,70.15,53893.0
2021-04-19 14:25:00,NSE:MAJESCO,70.15,70.15,70.15,70.15,8147.0
2021-04-19 14:30:00,NSE:MAJESCO,70.15,70.15,70.15,70.15,5469.0
2021-04-19 14:35:00,NSE:MAJESCO,70.15,70.15,70.15,70.15,4983.0
2021-04-19 14:40:00,NSE:MAJESCO,70.15,70.15,70.15,70.15,17008.0
2021-04-19 14:45:00,NSE:MAJESCO,70.15,70.15,70.15,70.15,1451.0
2021-04-19 14:50:00,NSE:MAJESCO,70.15,70.15,70.15,70.15,1259.0
2021-04-19 14:55:00,NSE:MAJESCO,70.15,70.15,70.15,70.15,15717.0
2021-04-19 15:00:00,NSE:MAJESCO,70.15,70.15,70.15,70.15,3354.0
2021-04-19 15:05:00,NSE:MAJESCO,70.15,70.15,70.15,70.15,1533.0
2021-04-19 15:10:00,NSE:MAJESCO,70.15,70.15,70.15,70.15,1366.0
2021-04-19 15:15:00,NSE:MAJESCO,70.15,70.15,70.15,70.15,3797.0
2021-04-19 15:20:00,NSE:MAJESCO,70.15,70.15,70.15,70.15,1323.0
2021-04-19 15:25:00,NSE:MAJESCO,70.15,70.15,70.15,70.15,2724.0
2021-04-19 15:50:00,NSE:MAJESCO,70.15,70.15,70.15,70.15,55.0
2021-04-20 09:05:00,NSE:MAJESCO,72.85,72.85,72.85,72.85,9907.0
2021-04-20 09:15:00,NSE:MAJESCO,72.8,73.0,67.65,72.1,55401.0
2021-04-20 09:20:00,NSE:MAJESCO,72.3,72.3,71.5,71.8,13370.0
2021-04-20 09:25:00,NSE:MAJESCO,72.0,72.4,71.5,72.25,17724.0
2021-04-20 09:30:00,NSE:MAJESCO,72.4,72.4,72.0,72.0,42368.0
2021-04-20 09:35:00,NSE:MAJESCO,72.0,72.35,72.0,72.25,12798.0
2021-04-20 09:40:00,NSE:MAJESCO,72.2,72.25,72.05,72.15,4173.0
2021-04-20 09:45:00,NSE:MAJESCO,72.15,72.6,72.0,72.6,17540.0
2021-04-20 09:50:00,NSE:MAJESCO,72.6,72.7,72.1,72.65,8390.0
2021-04-20 09:55:00,NSE:MAJESCO,72.15,72.7,72.1,72.6,2884.0
2021-04-20 10:00:00,NSE:MAJESCO,72.5,72.65,72.4,72.65,5552.0
2021-04-20 10:05:00,NSE:MAJESCO,72.65,72.65,72.25,72.6,4895.0
2021-04-20 10:10:00,NSE:MAJESCO,72.6,72.65,72.25,72.5,4727.0
2021-04-20 10:15:00,NSE:MAJESCO,72.45,72.55,72.15,72.3,5503.0
2021-04-20 10:20:00,NSE:MAJESCO,72.4,72.5,72.2,72.5,2812.0
2021-04-20 10:25:00,NSE:MAJESCO,72.5,72.5,72.3,72.5,1315.0
2021-04-20 10:30:00,NSE:MAJESCO,72.3,72.55,72.2,72.25,2684.0
2021-04-20 10:35:00,NSE:MAJESCO,72.35,72.95,72.35,72.95,11651.0
2021-04-20 10:40:00,NSE:MAJESCO,72.95,73.1,72.5,73.0,19935.0
2021-04-20 10:45:00,NSE:MAJESCO,73.05,73.1,72.85,72.85,10271.0
2021-04-20 10:50:00,NSE:MAJESCO,72.9,73.0,72.8,72.85,4016.0
2021-04-20 10:55:00,NSE:MAJESCO,72.85,72.85,72.8,72.8,5090.0
2021-04-20 11:00:00,NSE:MAJESCO,72.85,73.0,72.8,72.9,5435.0
2021-04-20 11:05:00,NSE:MAJESCO,72.9,72.95,72.8,72.9,3706.0
2021-04-20 11:10:00,NSE:MAJESCO,72.9,72.95,72.5,72.85,2338.0
2021-04-20 11:15:00,NSE:MAJESCO,72.85,72.9,72.5,72.85,1922.0
2021-04-20 11:20:00,NSE:MAJESCO,72.5,72.85,72.5,72.5,3136.0
2021-04-20 11:25:00,NSE:MAJESCO,72.5,72.8,72.5,72.75,6644.0
2021-04-20 11:30:00,NSE:MAJESCO,72.7,72.9,72.5,72.9,3639.0
2021-04-20 11:35:00,NSE:MAJESCO,72.9,72.9,72.5,72.9,1070.0
2021-04-20 11:40:00,NSE:MAJESCO,72.85,73.05,72.6,73.05,7581.0
2021-04-20 11:45:00,NSE:MAJESCO,73.0,73.1,73.0,73.05,6913.0
2021-04-20 11:50:00,NSE:MAJESCO,73.05,73.1,73.0,73.0,3299.0
2021-04-20 11:55:00,NSE:MAJESCO,73.1,73.1,73.0,73.1,1528.0
2021-04-20 12:00:00,NSE:MAJESCO,73.0,73.1,73.0,73.0,17218.0
2021-04-20 12:05:00,NSE:MAJESCO,73.05,73.1,73.0,73.1,3805.0
2021-04-20 12:10:00,NSE:MAJESCO,73.1,73.1,73.05,73.05,2931.0
2021-04-20 12:15:00,NSE:MAJESCO,73.1,73.5,73.05,73.45,11013.0
2021-04-20 12:20:00,NSE:MAJESCO,73.5,73.5,73.2,73.5,6627.0
2021-04-20 12:25:00,NSE:MAJESCO,73.45,73.55,73.2,73.5,4970.0
2021-04-20 12:30:00,NSE:MAJESCO,73.5,73.5,73.2,73.2,2590.0
2021-04-20 12:35:00,NSE:MAJESCO,73.2,73.5,73.2,73.3,3018.0
2021-04-20 12:40:00,NSE:MAJESCO,73.45,73.45,73.05,73.2,2649.0
2021-04-20 12:45:00,NSE:MAJESCO,73.2,73.35,73.0,73.35,7939.0
2021-04-20 12:50:00,NSE:MAJESCO,73.35,73.5,73.1,73.45,2857.0
2021-04-20 12:55:00,NSE:MAJESCO,73.45,73.45,73.1,73.35,2473.0
2021-04-20 13:00:00,NSE:MAJESCO,73.0,73.45,73.0,73.4,3195.0
2021-04-20 13:05:00,NSE:MAJESCO,73.4,73.4,73.0,73.2,1617.0
2021-04-20 13:10:00,NSE:MAJESCO,73.4,73.45,73.2,73.45,2544.0
2021-04-20 13:15:00,NSE:MAJESCO,73.45,73.45,73.2,73.35,2307.0
2021-04-20 13:20:00,NSE:MAJESCO,73.35,73.5,73.3,73.4,3812.0
2021-04-20 13:25:00,NSE:MAJESCO,73.4,73.5,73.25,73.25,2145.0
2021-04-20 13:30:00,NSE:MAJESCO,73.45,73.45,73.05,73.05,2170.0
2021-04-20 13:35:00,NSE:MAJESCO,73.1,73.4,73.1,73.35,1107.0
2021-04-20 13:40:00,NSE:MAJESCO,73.15,73.35,73.15,73.35,4618.0
2021-04-20 13:45:00,NSE:MAJESCO,73.35,73.35,73.15,73.15,9086.0
2021-04-20 13:50:00,NSE:MAJESCO,73.15,73.35,73.1,73.35,741.0
2021-04-20 13:55:00,NSE:MAJESCO,73.35,73.35,73.1,73.1,3180.0
2021-04-20 14:00:00,NSE:MAJESCO,73.1,73.3,73.1,73.25,1172.0
2021-04-20 14:05:00,NSE:MAJESCO,73.25,73.25,73.15,73.25,1884.0
2021-04-20 14:10:00,NSE:MAJESCO,73.25,73.25,73.1,73.2,4075.0
2021-04-20 14:15:00,NSE:MAJESCO,73.2,73.25,73.05,73.25,1678.0
2021-04-20 14:20:00,NSE:MAJESCO,73.25,73.25,73.0,73.2,13932.0
2021-04-20 14:25:00,NSE:MAJESCO,73.2,73.2,72.6,73.0,8828.0
2021-04-20 14:30:00,NSE:MAJESCO,73.0,73.15,72.65,73.0,2243.0
2021-04-20 14:35:00,NSE:MAJESCO,73.15,73.15,72.65,73.0,3982.0
2021-04-20 14:40:00,NSE:MAJESCO,73.15,73.15,73.0,73.15,2261.0
2021-04-20 14:45:00,NSE:MAJESCO,73.15,73.15,73.0,73.1,3935.0
2021-04-20 14:50:00,NSE:MAJESCO,73.1,73.15,73.0,73.0,6255.0
2021-04-20 14:55:00,NSE:MAJESCO,73.15,73.2,73.0,73.1,9346.0
2021-04-20 15:00:00,NSE:MAJESCO,73.0,73.15,73.0,73.1,8423.0
2021-04-20 15:05:00,NSE:MAJESCO,73.1,73.15,73.0,73.15,2005.0
2021-04-20 15:10:00,NSE:MAJESCO,73.0,73.2,73.0,73.2,3082.0
2021-04-20 15:15:00,NSE:MAJESCO,73.2,73.25,73.0,73.25,5352.0
2021-04-20 15:20:00,NSE:MAJESCO,73.25,73.25,73.0,73.1,6751.0
2021-04-20 15:25:00,NSE:MAJESCO,73.15,73.4,73.15,73.3,12527.0
2021-04-20 15:40:00,NSE:MAJESCO,73.15,73.15,73.15,73.15,180.0
2021-04-20 15:45:00,NSE:MAJESCO,73.15,73.15,73.15,73.15,22.0
2021-04-20 15:55:00,NSE:MAJESCO,73.15,73.15,73.15,73.15,28.0
2021-04-22 09:05:00,NSE:MAJESCO,69.95,69.95,69.95,69.95,11776.0
2021-04-22 09:15:00,NSE:MAJESCO,70.1,72.0,70.1,71.35,28007.0
2021-04-22 09:20:00,NSE:MAJESCO,71.35,71.8,70.25,71.3,31649.0
2021-04-22 09:25:00,NSE:MAJESCO,71.0,72.15,71.0,72.15,19913.0
2021-04-22 09:30:00,NSE:MAJESCO,71.6,72.5,71.25,72.0,10238.0
2021-04-22 09:35:00,NSE:MAJESCO,71.55,72.0,71.55,71.7,1603.0
2021-04-22 09:40:00,NSE:MAJESCO,71.65,72.5,71.15,71.2,6611.0
2021-04-22 09:45:00,NSE:MAJESCO,71.2,71.7,71.0,71.5,5662.0
2021-04-22 09:50:00,NSE:MAJESCO,71.05,71.5,71.0,71.05,8184.0
2021-04-22 09:55:00,NSE:MAJESCO,71.0,71.5,71.0,71.15,2316.0
2021-04-22 10:00:00,NSE:MAJESCO,71.6,71.6,71.0,71.05,1216.0
2021-04-22 10:05:00,NSE:MAJESCO,71.1,71.5,71.05,71.2,1429.0
2021-04-22 10:10:00,NSE:MAJESCO,71.2,71.2,71.0,71.1,2772.0
2021-04-22 10:15:00,NSE:MAJESCO,71.0,71.1,71.0,71.0,7176.0
2021-04-22 10:20:00,NSE:MAJESCO,71.0,71.05,71.0,71.0,3316.0
2021-04-22 10:25:00,NSE:MAJESCO,71.0,71.05,71.0,71.0,6363.0
2021-04-22 10:30:00,NSE:MAJESCO,71.0,71.6,71.0,71.6,22845.0
2021-04-22 10:35:00,NSE:MAJESCO,71.05,72.0,71.05,71.5,1884.0
2021-04-22 10:40:00,NSE:MAJESCO,71.5,72.0,71.05,71.05,5309.0
2021-04-22 10:45:00,NSE:MAJESCO,71.5,72.0,71.05,71.2,1710.0
2021-04-22 10:50:00,NSE:MAJESCO,72.0,72.0,71.05,72.0,2752.0
2021-04-22 10:55:00,NSE:MAJESCO,72.0,72.0,71.0,72.0,52770.0
2021-04-22 11:00:00,NSE:MAJESCO,71.05,72.15,71.05,71.1,835.0
2021-04-22 11:05:00,NSE:MAJESCO,71.3,72.45,71.3,72.45,3888.0
2021-04-22 11:10:00,NSE:MAJESCO,72.45,72.75,71.15,72.65,9533.0
2021-04-22 11:15:00,NSE:MAJESCO,72.4,72.7,71.15,72.0,3891.0
2021-04-22 11:20:00,NSE:MAJESCO,72.0,72.0,71.3,72.0,101.0
2021-04-22 11:25:00,NSE:MAJESCO,71.5,72.0,71.3,71.4,452.0
2021-04-22 11:30:00,NSE:MAJESCO,71.5,72.0,71.4,72.0,2003.0
2021-04-22 11:35:00,NSE:MAJESCO,72.0,72.35,71.4,72.25,1164.0
2021-04-22 11:40:00,NSE:MAJESCO,72.0,72.45,72.0,72.35,1066.0
2021-04-22 11:45:00,NSE:MAJESCO,72.35,72.35,72.0,72.35,260.0
2021-04-22 11:50:00,NSE:MAJESCO,72.45,72.45,72.0,72.1,1084.0
2021-04-22 11:55:00,NSE:MAJESCO,72.1,72.4,72.1,72.4,1306.0
2021-04-22 12:00:00,NSE:MAJESCO,72.4,72.4,71.4,71.65,8052.0
2021-04-22 12:05:00,NSE:MAJESCO,71.65,72.0,71.2,71.9,2579.0
2021-04-22 12:10:00,NSE:MAJESCO,71.5,71.5,71.15,71.35,4069.0
2021-04-22 12:15:00,NSE:MAJESCO,71.15,71.35,71.15,71.35,31549.0
2021-04-22 12:20:00,NSE:MAJESCO,72.0,72.0,71.2,71.2,11845.0
2021-04-22 12:25:00,NSE:MAJESCO,71.2,71.95,71.2,71.95,2026.0
2021-04-22 12:30:00,NSE:MAJESCO,71.2,72.5,71.2,71.25,10085.0
2021-04-22 12:35:00,NSE:MAJESCO,71.25,72.0,71.25,71.6,1990.0
2021-04-22 12:40:00,NSE:MAJESCO,71.6,72.0,71.5,72.0,11029.0
2021-04-22 12:45:00,NSE:MAJESCO,71.95,71.95,71.5,71.5,370.0
2021-04-22 12:50:00,NSE:MAJESCO,71.5,72.5,71.5,72.5,2306.0
2021-04-22 12:55:00,NSE:MAJESCO,72.45,72.45,71.9,71.9,1839.0
2021-04-22 13:00:00,NSE:MAJESCO,71.95,71.95,71.95,71.95,800.0
2021-04-22 13:05:00,NSE:MAJESCO,72.25,72.25,71.95,71.95,2441.0
2021-04-22 13:10:00,NSE:MAJESCO,71.95,71.95,71.95,71.95,2534.0
2021-04-22 13:15:00,NSE:MAJESCO,71.95,72.0,71.9,71.9,271.0
2021-04-22 13:20:00,NSE:MAJESCO,71.9,72.0,71.9,72.0,177.0
2021-04-22 13:25:00,NSE:MAJESCO,72.0,72.0,71.35,72.0,6241.0
2021-04-22 13:30:00,NSE:MAJESCO,71.4,71.5,71.4,71.5,251.0
2021-04-22 13:35:00,NSE:MAJESCO,71.5,72.45,71.5,71.55,3201.0
2021-04-22 13:40:00,NSE:MAJESCO,71.5,72.0,71.5,71.6,1281.0
2021-04-22 13:45:00,NSE:MAJESCO,72.0,72.0,71.5,71.5,1098.0
2021-04-22 13:50:00,NSE:MAJESCO,71.5,71.95,71.5,71.5,721.0
2021-04-22 13:55:00,NSE:MAJESCO,71.5,72.25,71.5,71.5,922.0
2021-04-22 14:00:00,NSE:MAJESCO,71.5,72.0,71.5,72.0,1354.0
2021-04-22 14:05:00,NSE:MAJESCO,71.5,72.0,71.5,72.0,1400.0
2021-04-22 14:10:00,NSE:MAJESCO,72.0,72.0,71.4,71.6,3222.0
2021-04-22 14:15:00,NSE:MAJESCO,71.9,71.9,71.6,71.6,754.0
2021-04-22 14:20:00,NSE:MAJESCO,72.0,72.0,71.6,72.0,2165.0
2021-04-22 14:25:00,NSE:MAJESCO,71.6,72.1,71.6,71.6,642.0
2021-04-22 14:30:00,NSE:MAJESCO,72.0,72.0,71.6,72.0,2728.0
2021-04-22 14:35:00,NSE:MAJESCO,71.6,72.05,71.6,72.05,2340.0
2021-04-22 14:40:00,NSE:MAJESCO,71.6,72.0,71.6,71.6,1729.0
2021-04-22 14:45:00,NSE:MAJESCO,72.0,72.0,71.6,71.6,1803.0
2021-04-22 14:50:00,NSE:MAJESCO,72.0,72.0,71.6,71.8,629.0
2021-04-22 14:55:00,NSE:MAJESCO,71.8,72.0,71.6,71.6,2946.0
2021-04-22 15:00:00,NSE:MAJESCO,71.95,71.95,71.6,71.6,2541.0
2021-04-22 15:05:00,NSE:MAJESCO,71.6,71.8,71.6,71.6,786.0
2021-04-22 15:10:00,NSE:MAJESCO,71.6,72.35,71.6,71.6,1754.0
2021-04-22 15:15:00,NSE:MAJESCO,71.6,72.35,71.6,72.0,1014.0
2021-04-22 15:20:00,NSE:MAJESCO,72.3,72.35,72.0,72.3,4292.0
2021-04-22 15:25:00,NSE:MAJESCO,72.3,72.35,72.0,72.35,4466.0
2021-04-22 15:40:00,NSE:MAJESCO,71.95,71.95,71.95,71.95,86.0
2021-04-22 15:45:00,NSE:MAJESCO,71.95,71.95,71.95,71.95,18.0
2021-04-22 15:50:00,NSE:MAJESCO,71.95,71.95,71.95,71.95,416.0
2021-04-23 09:05:00,NSE:MAJESCO,71.5,71.5,71.5,71.5,272.0
2021-04-23 09:15:00,NSE:MAJESCO,71.0,71.95,70.0,70.6,21099.0
2021-04-23 09:20:00,NSE:MAJESCO,70.6,70.65,70.25,70.5,6403.0
2021-04-23 09:25:00,NSE:MAJESCO,70.5,70.95,70.5,70.8,10654.0
2021-04-23 09:30:00,NSE:MAJESCO,70.9,71.0,70.55,70.7,3316.0
2021-04-23 09:35:00,NSE:MAJESCO,71.0,71.0,70.6,70.95,58359.0
2021-04-23 09:40:00,NSE:MAJESCO,70.95,71.0,70.6,70.9,7284.0
2021-04-23 09:45:00,NSE:MAJESCO,70.6,70.9,70.6,70.9,3717.0
2021-04-23 09:50:00,NSE:MAJESCO,70.9,70.9,70.6,70.75,1670.0
2021-04-23 09:55:00,NSE:MAJESCO,70.75,70.75,70.6,70.6,5624.0
2021-04-23 10:00:00,NSE:MAJESCO,70.6,70.75,70.6,70.65,5210.0
2021-04-23 10:05:00,NSE:MAJESCO,70.75,70.75,70.6,70.6,3140.0
2021-04-23 10:10:00,NSE:MAJESCO,70.75,70.75,70.6,70.75,1740.0
2021-04-23 10:15:00,NSE:MAJESCO,70.75,70.75,70.6,70.7,2253.0
2021-04-23 10:20:00,NSE:MAJESCO,70.7,70.75,70.6,70.6,3568.0
2021-04-23 10:25:00,NSE:MAJESCO,70.6,70.75,70.6,70.65,2932.0
2021-04-23 10:30:00,NSE:MAJESCO,70.65,70.75,70.6,70.75,1326.0
2021-04-23 10:35:00,NSE:MAJESCO,70.6,71.25,70.6,71.1,6754.0
2021-04-23 10:40:00,NSE:MAJESCO,71.1,71.35,71.05,71.05,593.0
2021-04-23 10:45:00,NSE:MAJESCO,71.35,71.5,71.35,71.4,1939.0
2021-04-23 10:50:00,NSE:MAJESCO,71.35,71.4,71.0,71.0,1174.0
2021-04-23 10:55:00,NSE:MAJESCO,71.0,71.05,70.9,70.9,1341.0
2021-04-23 11:00:00,NSE:MAJESCO,70.9,71.0,70.9,71.0,639.0
2021-04-23 11:05:00,NSE:MAJESCO,71.0,71.0,70.65,71.0,1505.0
2021-04-23 11:10:00,NSE:MAJESCO,70.7,71.0,70.7,70.9,622.0
2021-04-23 11:15:00,NSE:MAJESCO,70.9,71.0,70.75,70.9,1926.0
2021-04-23 11:20:00,NSE:MAJESCO,71.0,71.35,70.9,71.35,8562.0
2021-04-23 11:25:00,NSE:MAJESCO,71.35,71.35,71.05,71.3,139.0
2021-04-23 11:30:00,NSE:MAJESCO,71.25,71.25,70.65,71.25,6167.0
2021-04-23 11:35:00,NSE:MAJESCO,71.25,71.3,71.0,71.0,1819.0
2021-04-23 11:40:00,NSE:MAJESCO,71.0,71.0,70.7,70.7,2572.0
2021-04-23 11:45:00,NSE:MAJESCO,70.65,71.0,70.65,70.7,2255.0
2021-04-23 11:50:00,NSE:MAJESCO,70.7,71.0,70.7,70.7,574.0
2021-04-23 11:55:00,NSE:MAJESCO,71.0,71.3,71.0,71.0,745.0
2021-04-23 12:00:00,NSE:MAJESCO,71.0,71.3,70.7,70.75,2370.0
2021-04-23 12:05:00,NSE:MAJESCO,70.75,71.25,70.75,71.2,653.0
2021-04-23 12:10:00,NSE:MAJESCO,70.75,71.2,70.75,71.15,938.0
2021-04-23 12:15:00,NSE:MAJESCO,70.75,71.15,70.75,71.0,568.0
2021-04-23 12:20:00,NSE:MAJESCO,71.05,71.05,71.0,71.0,4825.0
2021-04-23 12:25:00,NSE:MAJESCO,70.75,71.05,70.75,70.75,4947.0
2021-04-23 12:30:00,NSE:MAJESCO,70.75,71.0,70.75,71.0,606.0
2021-04-23 12:35:00,NSE:MAJESCO,71.0,71.0,70.75,71.0,1920.0
2021-04-23 12:40:00,NSE:MAJESCO,70.75,71.0,70.75,71.0,313.0
2021-04-23 12:45:00,NSE:MAJESCO,70.75,71.0,70.75,70.75,510.0
2021-04-23 12:50:00,NSE:MAJESCO,71.0,71.0,70.75,70.8,1682.0
2021-04-23 12:55:00,NSE:MAJESCO,70.75,71.0,70.75,71.0,8938.0
2021-04-23 13:00:00,NSE:MAJESCO,70.8,71.0,70.8,70.8,1284.0
2021-04-23 13:05:00,NSE:MAJESCO,70.8,71.0,70.75,70.75,2496.0
2021-04-23 13:10:00,NSE:MAJESCO,70.85,70.85,70.7,70.7,604.0
2021-04-23 13:15:00,NSE:MAJESCO,70.85,70.95,70.7,70.7,132.0
2021-04-23 13:20:00,NSE:MAJESCO,70.7,70.95,70.7,70.7,1976.0
2021-04-23 13:25:00,NSE:MAJESCO,70.7,70.85,70.7,70.85,804.0
2021-04-23 13:30:00,NSE:MAJESCO,70.85,70.85,70.7,70.8,861.0
2021-04-23 13:35:00,NSE:MAJESCO,70.8,70.85,70.6,70.8,816.0
2021-04-23 13:40:00,NSE:MAJESCO,70.6,70.8,70.6,70.6,1515.0
2021-04-23 13:45:00,NSE:MAJESCO,70.6,70.8,70.6,70.8,4836.0
2021-04-23 13:50:00,NSE:MAJESCO,70.7,70.9,70.5,70.9,3836.0
2021-04-23 13:55:00,NSE:MAJESCO,70.5,70.85,70.5,70.5,8858.0
2021-04-23 14:00:00,NSE:MAJESCO,70.85,71.05,70.85,71.0,4259.0
2021-04-23 14:05:00,NSE:MAJESCO,71.0,71.05,71.0,71.0,554.0
2021-04-23 14:10:00,NSE:MAJESCO,71.0,71.0,70.7,71.0,550.0
2021-04-23 14:15:00,NSE:MAJESCO,71.45,71.45,71.0,71.0,3353.0
2021-04-23 14:20:00,NSE:MAJESCO,71.0,71.0,70.5,70.6,2065.0
2021-04-23 14:25:00,NSE:MAJESCO,70.6,70.6,70.5,70.5,2065.0
2021-04-23 14:30:00,NSE:MAJESCO,70.55,71.0,70.5,70.5,6546.0
2021-04-23 14:35:00,NSE:MAJESCO,70.9,70.9,70.1,70.1,5762.0
2021-04-23 14:40:00,NSE:MAJESCO,70.1,70.45,70.1,70.1,3297.0
2021-04-23 14:45:00,NSE:MAJESCO,70.1,70.3,70.1,70.2,1644.0
2021-04-23 14:50:00,NSE:MAJESCO,70.2,70.2,70.15,70.2,2012.0
2021-04-23 14:55:00,NSE:MAJESCO,70.2,70.2,70.15,70.2,792.0
2021-04-23 15:00:00,NSE:MAJESCO,70.2,70.3,70.2,70.3,1567.0
2021-04-23 15:05:00,NSE:MAJESCO,70.3,70.3,70.2,70.3,2372.0
2021-04-23 15:10:00,NSE:MAJESCO,70.3,70.5,70.2,70.25,6128.0
2021-04-23 15:15:00,NSE:MAJESCO,70.25,70.25,70.2,70.25,1085.0
2021-04-23 15:20:00,NSE:MAJESCO,70.25,70.25,70.2,70.25,2187.0
2021-04-23 15:25:00,NSE:MAJESCO,70.25,70.5,70.25,70.4,8036.0
2021-04-23 15:55:00,NSE:MAJESCO,70.25,70.25,70.25,70.25,50.0
2021-04-26 09:05:00,NSE:MAJESCO,70.0,70.0,70.0,70.0,2631.0
2021-04-26 09:15:00,NSE:MAJESCO,69.6,70.15,69.05,69.5,11459.0
2021-04-26 09:20:00,NSE:MAJESCO,69.5,70.0,69.15,69.25,8318.0
2021-04-26 09:25:00,NSE:MAJESCO,69.25,69.45,69.2,69.25,5749.0
2021-04-26 09:30:00,NSE:MAJESCO,69.25,69.8,69.25,69.3,4010.0
2021-04-26 09:35:00,NSE:MAJESCO,69.8,69.8,69.3,69.4,2836.0
2021-04-26 09:40:00,NSE:MAJESCO,69.4,69.7,69.4,69.7,6303.0
2021-04-26 09:45:00,NSE:MAJESCO,69.7,69.8,69.4,69.55,2313.0
2021-04-26 09:50:00,NSE:MAJESCO,69.5,69.75,69.4,69.4,10710.0
2021-04-26 09:55:00,NSE:MAJESCO,69.75,69.75,69.4,69.75,929.0
2021-04-26 10:00:00,NSE:MAJESCO,69.7,69.9,69.4,69.9,639.0
2021-04-26 10:05:00,NSE:MAJESCO,69.5,69.7,69.4,69.7,719.0
2021-04-26 10:10:00,NSE:MAJESCO,69.5,69.9,69.4,69.6,1006.0
2021-04-26 10:15:00,NSE:MAJESCO,69.6,69.9,69.4,69.5,4658.0
2021-04-26 10:20:00,NSE:MAJESCO,69.5,69.9,69.5,69.6,640.0
2021-04-26 10:25:00,NSE:MAJESCO,69.6,69.9,69.5,69.9,1357.0
2021-04-26 10:30:00,NSE:MAJESCO,69.5,69.9,69.5,69.5,1092.0
2021-04-26 10:35:00,NSE:MAJESCO,69.9,69.9,69.5,69.5,801.0
2021-04-26 10:40:00,NSE:MAJESCO,69.7,69.9,69.55,69.55,712.0
2021-04-26 10:45:00,NSE:MAJESCO,69.9,69.9,69.55,69.9,2056.0
2021-04-26 10:50:00,NSE:MAJESCO,69.55,69.9,69.55,69.55,584.0
2021-04-26 10:55:00,NSE:MAJESCO,69.6,69.95,69.55,69.95,4113.0
2021-04-26 11:00:00,NSE:MAJESCO,69.95,69.95,69.55,69.55,940.0
2021-04-26 11:05:00,NSE:MAJESCO,69.95,69.95,69.55,69.9,454.0
2021-04-26 11:10:00,NSE:MAJESCO,69.55,70.1,69.55,70.1,4034.0
2021-04-26 11:15:00,NSE:MAJESCO,70.0,70.1,70.0,70.1,421.0
2021-04-26 11:20:00,NSE:MAJESCO,70.1,70.1,70.0,70.0,843.0
2021-04-26 11:25:00,NSE:MAJESCO,70.0,70.15,70.0,70.15,2661.0
2021-04-26 11:30:00,NSE:MAJESCO,70.45,70.45,69.6,70.45,1346.0
2021-04-26 11:35:00,NSE:MAJESCO,70.45,70.45,69.6,70.0,3195.0
2021-04-26 11:40:00,NSE:MAJESCO,70.0,70.1,70.0,70.05,1923.0
2021-04-26 11:45:00,NSE:MAJESCO,70.5,70.65,70.05,70.65,2744.0
2021-04-26 11:50:00,NSE:MAJESCO,70.65,70.8,70.1,70.8,613.0
2021-04-26 11:55:00,NSE:MAJESCO,70.8,70.8,70.05,70.2,917.0
2021-04-26 12:00:00,NSE:MAJESCO,70.2,70.95,70.1,70.95,2676.0
2021-04-26 12:05:00,NSE:MAJESCO,70.1,70.25,69.65,70.2,1856.0
2021-04-26 12:10:00,NSE:MAJESCO,69.65,70.2,69.65,70.0,250.0
2021-04-26 12:15:00,NSE:MAJESCO,70.0,70.2,70.0,70.0,730.0
2021-04-26 12:20:00,NSE:MAJESCO,70.0,70.5,70.0,70.5,1005.0
2021-04-26 12:25:00,NSE:MAJESCO,70.0,70.05,70.0,70.05,1768.0
2021-04-26 12:30:00,NSE:MAJESCO,70.05,70.65,70.05,70.05,405.0
2021-04-26 12:35:00,NSE:MAJESCO,70.05,70.75,70.05,70.7,1595.0
2021-04-26 12:40:00,NSE:MAJESCO,70.75,70.9,70.75,70.8,1340.0
2021-04-26 12:45:00,NSE:MAJESCO,70.8,71.0,70.8,70.95,6560.0
2021-04-26 12:50:00,NSE:MAJESCO,70.85,71.45,70.85,71.4,3779.0
2021-04-26 12:55:00,NSE:MAJESCO,71.45,72.0,71.3,71.85,10761.0
2021-04-26 13:00:00,NSE:MAJESCO,71.9,72.9,70.1,71.0,17356.0
2021-04-26 13:05:00,NSE:MAJESCO,72.0,72.35,70.5,72.0,12031.0
2021-04-26 13:10:00,NSE:MAJESCO,72.0,72.0,71.0,71.0,624.0
2021-04-26 13:15:00,NSE:MAJESCO,70.75,71.5,70.6,71.5,1904.0
2021-04-26 13:20:00,NSE:MAJESCO,71.45,71.45,71.05,71.05,234.0
2021-04-26 13:25:00,NSE:MAJESCO,71.45,71.7,71.05,71.05,692.0
2021-04-26 13:30:00,NSE:MAJESCO,71.05,71.8,71.05,71.8,827.0
2021-04-26 13:35:00,NSE:MAJESCO,71.8,71.8,71.1,71.7,633.0
2021-04-26 13:40:00,NSE:MAJESCO,71.1,71.7,71.1,71.25,1403.0
2021-04-26 13:45:00,NSE:MAJESCO,71.2,71.7,71.2,71.25,225.0
2021-04-26 13:50:00,NSE:MAJESCO,71.5,72.0,71.25,71.8,1651.0
2021-04-26 13:55:00,NSE:MAJESCO,71.6,71.6,71.25,71.25,594.0
2021-04-26 14:00:00,NSE:MAJESCO,71.25,71.8,71.25,71.5,3292.0
2021-04-26 14:05:00,NSE:MAJESCO,71.25,71.5,71.15,71.15,2012.0
2021-04-26 14:10:00,NSE:MAJESCO,71.15,71.5,71.0,71.0,736.0
2021-04-26 14:15:00,NSE:MAJESCO,71.5,71.5,71.0,71.0,1489.0
2021-04-26 14:20:00,NSE:MAJESCO,71.0,71.5,70.8,71.5,2870.0
2021-04-26 14:25:00,NSE:MAJESCO,70.9,71.5,70.9,71.0,4918.0
2021-04-26 14:30:00,NSE:MAJESCO,71.0,71.5,70.9,71.45,4956.0
2021-04-26 14:35:00,NSE:MAJESCO,71.0,71.25,71.0,71.15,1359.0
2021-04-26 14:40:00,NSE:MAJESCO,71.0,71.25,71.0,71.0,749.0
2021-04-26 14:45:00,NSE:MAJESCO,71.2,71.5,71.0,71.5,4960.0
2021-04-26 14:50:00,NSE:MAJESCO,71.0,71.7,71.0,71.45,504.0
2021-04-26 14:55:00,NSE:MAJESCO,71.4,71.4,71.0,71.05,469.0
2021-04-26 15:00:00,NSE:MAJESCO,71.05,71.7,71.05,71.5,32041.0
2021-04-26 15:05:00,NSE:MAJESCO,71.5,71.75,71.5,71.55,2207.0
2021-04-26 15:10:00,NSE:MAJESCO,71.8,71.95,71.6,71.75,3458.0
2021-04-26 15:15:00,NSE:MAJESCO,71.75,71.75,71.6,71.7,1498.0
2021-04-26 15:20:00,NSE:MAJESCO,71.7,71.7,71.5,71.65,2677.0
2021-04-26 15:25:00,NSE:MAJESCO,71.65,71.75,71.5,71.5,18231.0
2021-04-26 15:45:00,NSE:MAJESCO,71.55,71.55,71.55,71.55,1063.0
2021-04-27 09:05:00,NSE:MAJESCO,71.95,71.95,71.95,71.95,1023.0
2021-04-27 09:15:00,NSE:MAJESCO,71.9,71.95,70.15,70.2,20684.0
2021-04-27 09:20:00,NSE:MAJESCO,70.2,70.85,70.15,70.6,7373.0
2021-04-27 09:25:00,NSE:MAJESCO,70.6,71.2,70.6,71.1,13548.0
2021-04-27 09:30:00,NSE:MAJESCO,71.2,71.2,70.65,70.9,3494.0
2021-04-27 09:35:00,NSE:MAJESCO,71.15,71.15,70.8,70.9,3004.0
2021-04-27 09:40:00,NSE:MAJESCO,70.85,71.1,70.75,71.05,6905.0
2021-04-27 09:45:00,NSE:MAJESCO,71.1,71.15,71.0,71.15,4054.0
2021-04-27 09:50:00,NSE:MAJESCO,71.1,71.45,71.1,71.45,7372.0
2021-04-27 09:55:00,NSE:MAJESCO,71.45,71.85,71.2,71.6,3769.0
2021-04-27 10:00:00,NSE:MAJESCO,71.5,71.6,71.5,71.55,3527.0
2021-04-27 10:05:00,NSE:MAJESCO,71.5,71.5,71.4,71.4,553.0
2021-04-27 10:10:00,NSE:MAJESCO,71.5,71.5,71.2,71.2,3511.0
2021-04-27 10:15:00,NSE:MAJESCO,71.2,71.5,71.2,71.35,1433.0
2021-04-27 10:20:00,NSE:MAJESCO,71.5,71.5,71.35,71.4,744.0
2021-04-27 10:25:00,NSE:MAJESCO,71.4,71.5,71.35,71.35,1154.0
2021-04-27 10:30:00,NSE:MAJESCO,71.4,71.4,71.25,71.25,1543.0
2021-04-27 10:35:00,NSE:MAJESCO,71.25,71.25,71.2,71.25,808.0
2021-04-27 10:40:00,NSE:MAJESCO,71.2,71.45,71.2,71.4,4163.0
2021-04-27 10:45:00,NSE:MAJESCO,71.4,71.5,71.3,71.35,2415.0
2021-04-27 10:50:00,NSE:MAJESCO,71.4,71.45,71.3,71.4,496.0
2021-04-27 10:55:00,NSE:MAJESCO,71.4,71.5,71.2,71.4,4275.0
2021-04-27 11:00:00,NSE:MAJESCO,71.15,71.45,71.15,71.45,1784.0
2021-04-27 11:05:00,NSE:MAJESCO,71.4,71.5,71.25,71.3,2503.0
2021-04-27 11:10:00,NSE:MAJESCO,71.45,71.6,71.3,71.35,1777.0
2021-04-27 11:15:00,NSE:MAJESCO,71.55,71.55,71.25,71.3,1244.0
2021-04-27 11:20:00,NSE:MAJESCO,71.5,71.6,71.5,71.6,4490.0
2021-04-27 11:25:00,NSE:MAJESCO,71.6,71.75,71.5,71.55,5128.0
2021-04-27 11:30:00,NSE:MAJESCO,71.5,71.6,71.5,71.55,708.0
2021-04-27 11:35:00,NSE:MAJESCO,71.55,71.7,71.5,71.6,2447.0
2021-04-27 11:40:00,NSE:MAJESCO,71.5,71.65,71.5,71.5,1550.0
2021-04-27 11:45:00,NSE:MAJESCO,71.6,71.65,71.5,71.5,2856.0
2021-04-27 11:50:00,NSE:MAJESCO,71.6,71.6,71.55,71.55,604.0
2021-04-27 11:55:00,NSE:MAJESCO,71.55,71.65,71.55,71.65,1201.0
2021-04-27 12:00:00,NSE:MAJESCO,71.65,71.65,71.25,71.35,2711.0
2021-04-27 12:05:00,NSE:MAJESCO,71.6,71.6,71.2,71.5,10353.0
2021-04-27 12:10:00,NSE:MAJESCO,71.5,71.5,71.2,71.35,1780.0
2021-04-27 12:15:00,NSE:MAJESCO,71.4,71.55,71.3,71.35,604.0
2021-04-27 12:20:00,NSE:MAJESCO,71.35,71.45,71.15,71.25,12437.0
2021-04-27 12:25:00,NSE:MAJESCO,71.5,71.5,71.25,71.5,4753.0
2021-04-27 12:30:00,NSE:MAJESCO,71.5,71.6,71.5,71.6,3257.0
2021-04-27 12:35:00,NSE:MAJESCO,71.6,72.7,71.5,72.0,49125.0
2021-04-27 12:40:00,NSE:MAJESCO,72.05,72.45,71.5,71.9,2299.0
2021-04-27 12:45:00,NSE:MAJESCO,71.75,71.85,71.55,71.7,2411.0
2021-04-27 12:50:00,NSE:MAJESCO,71.7,71.7,71.3,71.55,18665.0
2021-04-27 12:55:00,NSE:MAJESCO,71.7,71.7,71.55,71.55,1477.0
2021-04-27 13:00:00,NSE:MAJESCO,71.5,71.65,71.5,71.65,13918.0
2021-04-27 13:05:00,NSE:MAJESCO,71.55,71.7,71.55,71.7,2498.0
2021-04-27 13:10:00,NSE:MAJESCO,71.6,71.7,71.6,71.6,9125.0
2021-04-27 13:15:00,NSE:MAJESCO,71.6,71.7,71.6,71.6,519.0
2021-04-27 13:20:00,NSE:MAJESCO,71.65,71.7,71.6,71.6,2698.0
2021-04-27 13:25:00,NSE:MAJESCO,71.6,71.7,71.6,71.6,2737.0
2021-04-27 13:30:00,NSE:MAJESCO,71.6,71.7,71.6,71.7,1495.0
2021-04-27 13:35:00,NSE:MAJESCO,71.65,71.65,71.6,71.6,163.0
2021-04-27 13:40:00,NSE:MAJESCO,71.6,71.65,71.6,71.65,1900.0
2021-04-27 13:45:00,NSE:MAJESCO,71.65,71.75,71.6,71.75,1141.0
2021-04-27 13:50:00,NSE:MAJESCO,71.75,71.8,71.6,71.8,2505.0
2021-04-27 13:55:00,NSE:MAJESCO,71.65,71.8,71.65,71.8,184.0
2021-04-27 14:00:00,NSE:MAJESCO,71.8,71.8,71.65,71.65,964.0
2021-04-27 14:05:00,NSE:MAJESCO,71.7,71.8,71.6,71.6,6401.0
2021-04-27 14:10:00,NSE:MAJESCO,71.6,71.85,71.6,71.85,3470.0
2021-04-27 14:15:00,NSE:MAJESCO,71.85,71.85,71.6,71.6,16454.0
2021-04-27 14:20:00,NSE:MAJESCO,71.65,71.75,71.6,71.7,339.0
2021-04-27 14:25:00,NSE:MAJESCO,71.75,71.85,71.6,71.85,940.0
2021-04-27 14:30:00,NSE:MAJESCO,71.65,71.7,71.65,71.7,668.0
2021-04-27 14:35:00,NSE:MAJESCO,71.7,71.75,71.6,71.7,2459.0
2021-04-27 14:40:00,NSE:MAJESCO,71.75,71.75,71.6,71.6,593.0
2021-04-27 14:45:00,NSE:MAJESCO,71.75,71.75,71.6,71.75,1559.0
2021-04-27 14:50:00,NSE:MAJESCO,71.65,71.75,71.6,71.6,2427.0
2021-04-27 14:55:00,NSE:MAJESCO,71.6,71.65,71.6,71.6,20480.0
2021-04-27 15:00:00,NSE:MAJESCO,71.6,71.65,71.5,71.65,5690.0
2021-04-27 15:05:00,NSE:MAJESCO,71.65,71.75,71.5,71.65,2703.0
2021-04-27 15:10:00,NSE:MAJESCO,71.55,71.7,71.5,71.5,8618.0
2021-04-27 15:15:00,NSE:MAJESCO,71.5,71.65,71.5,71.6,6361.0
2021-04-27 15:20:00,NSE:MAJESCO,71.5,71.65,71.5,71.65,6085.0
2021-04-27 15:25:00,NSE:MAJESCO,71.65,71.7,71.5,71.65,1765.0
2021-04-28 09:05:00,NSE:MAJESCO,71.55,71.55,71.55,71.55,1055.0
2021-04-28 09:15:00,NSE:MAJESCO,71.6,71.85,71.5,71.75,5184.0
2021-04-28 09:20:00,NSE:MAJESCO,71.55,71.9,71.55,71.75,6434.0
2021-04-28 09:25:00,NSE:MAJESCO,71.6,71.95,71.55,71.95,6031.0
2021-04-28 09:30:00,NSE:MAJESCO,71.9,71.9,71.55,71.65,4696.0
2021-04-28 09:35:00,NSE:MAJESCO,71.85,71.85,71.55,71.55,1210.0
2021-04-28 09:40:00,NSE:MAJESCO,71.55,71.9,71.55,71.9,5366.0
2021-04-28 09:45:00,NSE:MAJESCO,71.8,71.8,71.55,71.8,1893.0
2021-04-28 09:50:00,NSE:MAJESCO,71.75,71.75,71.6,71.65,5904.0
2021-04-28 09:55:00,NSE:MAJESCO,71.65,71.8,71.65,71.65,5158.0
2021-04-28 10:00:00,NSE:MAJESCO,71.65,71.8,71.65,71.7,4832.0
2021-04-28 10:05:00,NSE:MAJESCO,71.7,71.85,71.65,71.7,5902.0
2021-04-28 10:10:00,NSE:MAJESCO,71.7,71.8,71.65,71.7,1684.0
2021-04-28 10:15:00,NSE:MAJESCO,71.7,71.9,71.65,71.7,3791.0
2021-04-28 10:20:00,NSE:MAJESCO,71.7,71.75,71.7,71.7,5570.0
2021-04-28 10:25:00,NSE:MAJESCO,71.7,71.75,71.65,71.75,1835.0
2021-04-28 10:30:00,NSE:MAJESCO,71.65,71.8,71.6,71.8,8564.0
2021-04-28 10:35:00,NSE:MAJESCO,71.8,71.85,71.7,71.7,4532.0
2021-04-28 10:40:00,NSE:MAJESCO,71.7,71.9,71.65,71.65,9946.0
2021-04-28 10:45:00,NSE:MAJESCO,71.65,71.85,71.6,71.8,1511.0
2021-04-28 10:50:00,NSE:MAJESCO,71.6,71.85,71.6,71.8,3347.0
2021-04-28 10:55:00,NSE:MAJESCO,71.8,71.9,71.8,71.85,2672.0
2021-04-28 11:00:00,NSE:MAJESCO,71.8,71.9,71.8,71.8,5474.0
2021-04-28 11:05:00,NSE:MAJESCO,71.8,71.95,71.8,71.8,9346.0
2021-04-28 11:10:00,NSE:MAJESCO,71.8,71.95,71.8,71.85,3617.0
2021-04-28 11:15:00,NSE:MAJESCO,71.85,71.85,71.8,71.8,1962.0
2021-04-28 11:20:00,NSE:MAJESCO,71.8,71.85,71.8,71.8,2444.0
2021-04-28 11:25:00,NSE:MAJESCO,71.8,71.85,71.8,71.8,2102.0
2021-04-28 11:30:00,NSE:MAJESCO,71.8,71.85,71.8,71.8,1768.0
2021-04-28 11:35:00,NSE:MAJESCO,71.8,71.85,71.75,71.8,16997.0
2021-04-28 11:40:00,NSE:MAJESCO,71.75,71.8,71.75,71.75,6437.0
2021-04-28 11:45:00,NSE:MAJESCO,71.75,71.8,71.75,71.8,1176.0
2021-04-28 11:50:00,NSE:MAJESCO,71.75,71.8,71.75,71.75,5970.0
2021-04-28 11:55:00,NSE:MAJESCO,71.75,71.8,71.75,71.8,7272.0
2021-04-28 12:00:00,NSE:MAJESCO,71.75,71.85,71.75,71.75,2192.0
2021-04-28 12:05:00,NSE:MAJESCO,71.75,71.8,71.75,71.75,1308.0
2021-04-28 12:10:00,NSE:MAJESCO,71.8,71.9,71.75,71.75,2058.0
2021-04-28 12:15:00,NSE:MAJESCO,71.85,71.85,71.75,71.75,2898.0
2021-04-28 12:20:00,NSE:MAJESCO,71.8,71.8,71.75,71.75,739.0
2021-04-28 12:25:00,NSE:MAJESCO,71.8,71.8,71.75,71.75,3858.0
2021-04-28 12:30:00,NSE:MAJESCO,71.75,71.8,71.75,71.8,1832.0
2021-04-28 12:35:00,NSE:MAJESCO,71.8,71.8,71.75,71.8,5286.0
2021-04-28 12:40:00,NSE:MAJESCO,71.8,71.8,71.75,71.8,1061.0
2021-04-28 12:45:00,NSE:MAJESCO,71.8,71.8,71.75,71.75,964.0
2021-04-28 12:50:00,NSE:MAJESCO,71.8,71.8,71.75,71.75,2205.0
2021-04-28 12:55:00,NSE:MAJESCO,71.8,71.8,71.75,71.75,3645.0
2021-04-28 13:00:00,NSE:MAJESCO,71.75,71.8,71.75,71.8,326.0
2021-04-28 13:05:00,NSE:MAJESCO,71.75,71.8,71.75,71.75,1086.0
2021-04-28 13:10:00,NSE:MAJESCO,71.8,71.8,71.75,71.75,5245.0
2021-04-28 13:15:00,NSE:MAJESCO,71.75,71.8,71.75,71.8,3621.0
2021-04-28 13:20:00,NSE:MAJESCO,71.75,71.8,71.75,71.75,2576.0
2021-04-28 13:25:00,NSE:MAJESCO,71.75,71.8,71.75,71.8,9424.0
2021-04-28 13:30:00,NSE:MAJESCO,71.8,71.8,71.75,71.8,851.0
2021-04-28 13:35:00,NSE:MAJESCO,71.75,71.8,71.75,71.8,11346.0
2021-04-28 13:40:00,NSE:MAJESCO,71.75,71.8,71.75,71.8,1149.0
2021-04-28 13:45:00,NSE:MAJESCO,71.75,71.8,71.75,71.75,2119.0
2021-04-28 13:50:00,NSE:MAJESCO,71.8,71.8,71.75,71.8,1090.0
2021-04-28 13:55:00,NSE:MAJESCO,71.8,71.8,71.75,71.75,516.0
2021-04-28 14:00:00,NSE:MAJESCO,71.75,71.8,71.75,71.75,4262.0
2021-04-28 14:05:00,NSE:MAJESCO,71.8,71.8,71.75,71.75,4027.0
2021-04-28 14:10:00,NSE:MAJESCO,71.75,71.8,71.75,71.8,17451.0
2021-04-28 14:15:00,NSE:MAJESCO,71.75,71.8,71.75,71.8,1086.0
2021-04-28 14:20:00,NSE:MAJESCO,71.8,71.8,71.65,71.65,24495.0
2021-04-28 14:25:00,NSE:MAJESCO,71.6,72.5,71.55,72.3,36424.0
2021-04-28 14:30:00,NSE:MAJESCO,72.05,72.3,72.05,72.05,1923.0
2021-04-28 14:35:00,NSE:MAJESCO,72.05,72.3,72.05,72.2,4874.0
2021-04-28 14:40:00,NSE:MAJESCO,72.2,72.2,72.05,72.05,1971.0
2021-04-28 14:45:00,NSE:MAJESCO,72.1,72.3,72.05,72.1,4136.0
2021-04-28 14:50:00,NSE:MAJESCO,72.25,72.25,72.0,72.15,9164.0
2021-04-28 14:55:00,NSE:MAJESCO,72.15,72.2,72.0,72.1,4027.0
2021-04-28 15:00:00,NSE:MAJESCO,72.0,72.3,72.0,72.05,4808.0
2021-04-28 15:05:00,NSE:MAJESCO,72.05,72.1,72.0,72.1,3744.0
2021-04-28 15:10:00,NSE:MAJESCO,72.1,72.1,72.0,72.0,8187.0
2021-04-28 15:15:00,NSE:MAJESCO,72.0,72.05,72.0,72.05,2063.0
2021-04-28 15:20:00,NSE:MAJESCO,72.05,72.1,72.0,72.1,6631.0
2021-04-28 15:25:00,NSE:MAJESCO,72.0,72.1,72.0,72.0,4331.0
2021-04-28 15:40:00,NSE:MAJESCO,72.05,72.05,72.05,72.05,5.0
2021-04-28 15:50:00,NSE:MAJESCO,72.05,72.05,72.05,72.05,72.0
2021-04-28 15:55:00,NSE:MAJESCO,72.05,72.05,72.0,72.0,167.0
2021-04-29 09:05:00,NSE:MAJESCO,72.45,72.45,72.45,72.45,691.0
2021-04-29 09:15:00,NSE:MAJESCO,72.45,72.9,72.2,72.85,11890.0
2021-04-29 09:20:00,NSE:MAJESCO,72.9,72.9,72.05,72.25,5829.0
2021-04-29 09:25:00,NSE:MAJESCO,72.55,72.55,72.05,72.25,3739.0
2021-04-29 09:30:00,NSE:MAJESCO,72.25,72.25,72.0,72.25,4602.0
2021-04-29 09:35:00,NSE:MAJESCO,72.25,72.25,71.95,72.0,4437.0
2021-04-29 09:40:00,NSE:MAJESCO,72.25,72.25,71.8,71.95,4077.0
2021-04-29 09:45:00,NSE:MAJESCO,71.9,72.0,71.8,71.8,3518.0
2021-04-29 09:50:00,NSE:MAJESCO,71.8,72.05,71.75,71.85,17406.0
2021-04-29 09:55:00,NSE:MAJESCO,71.85,72.0,71.6,71.75,18243.0
2021-04-29 10:00:00,NSE:MAJESCO,71.65,71.75,71.55,71.55,19772.0
2021-04-29 10:05:00,NSE:MAJESCO,71.55,71.55,71.25,71.25,3709.0
2021-04-29 10:10:00,NSE:MAJESCO,71.25,71.8,71.25,71.25,11272.0
2021-04-29 10:15:00,NSE:MAJESCO,71.25,71.75,71.25,71.25,2699.0
2021-04-29 10:20:00,NSE:MAJESCO,71.25,71.35,71.2,71.2,1961.0
2021-04-29 10:25:00,NSE:MAJESCO,71.2,71.5,71.2,71.45,5315.0
2021-04-29 10:30:00,NSE:MAJESCO,71.45,71.65,71.4,71.4,2875.0
2021-04-29 10:35:00,NSE:MAJESCO,71.4,71.7,71.4,71.65,1788.0
2021-04-29 10:40:00,NSE:MAJESCO,71.4,71.7,71.4,71.45,3668.0
2021-04-29 10:45:00,NSE:MAJESCO,71.4,71.6,71.4,71.6,2183.0
2021-04-29 10:50:00,NSE:MAJESCO,71.6,71.65,71.4,71.4,4059.0
2021-04-29 10:55:00,NSE:MAJESCO,71.5,71.65,71.4,71.45,2311.0
2021-04-29 11:00:00,NSE:MAJESCO,71.45,71.6,71.4,71.4,2877.0
2021-04-29 11:05:00,NSE:MAJESCO,71.4,71.5,71.4,71.5,1061.0
2021-04-29 11:10:00,NSE:MAJESCO,71.4,71.5,71.4,71.4,3930.0
2021-04-29 11:15:00,NSE:MAJESCO,71.4,71.7,71.4,71.45,5412.0
2021-04-29 11:20:00,NSE:MAJESCO,71.6,71.75,71.4,71.65,3194.0
2021-04-29 11:25:00,NSE:MAJESCO,71.65,71.7,71.45,71.5,612.0
2021-04-29 11:30:00,NSE:MAJESCO,71.5,71.75,71.4,71.55,6506.0
2021-04-29 11:35:00,NSE:MAJESCO,71.45,71.55,71.4,71.4,1709.0
2021-04-29 11:40:00,NSE:MAJESCO,71.4,71.55,71.4,71.4,1259.0
2021-04-29 11:45:00,NSE:MAJESCO,71.4,71.6,71.4,71.45,1256.0
2021-04-29 11:50:00,NSE:MAJESCO,71.45,71.5,71.4,71.4,870.0
2021-04-29 11:55:00,NSE:MAJESCO,71.4,71.6,71.4,71.6,1970.0
2021-04-29 12:00:00,NSE:MAJESCO,71.6,71.6,71.5,71.6,153.0
2021-04-29 12:05:00,NSE:MAJESCO,71.55,71.6,71.55,71.55,363.0
2021-04-29 12:10:00,NSE:MAJESCO,71.55,71.6,71.55,71.6,242.0
2021-04-29 12:15:00,NSE:MAJESCO,71.55,71.55,71.5,71.55,251.0
2021-04-29 12:20:00,NSE:MAJESCO,71.55,71.55,71.5,71.5,6749.0
2021-04-29 12:25:00,NSE:MAJESCO,71.55,71.55,71.5,71.55,301.0
2021-04-29 12:30:00,NSE:MAJESCO,71.5,71.5,71.5,71.5,3.0
2021-04-29 12:35:00,NSE:MAJESCO,71.5,71.55,71.5,71.5,7027.0
2021-04-29 12:40:00,NSE:MAJESCO,71.55,71.55,71.5,71.5,26821.0
2021-04-29 12:45:00,NSE:MAJESCO,71.5,71.55,71.5,71.5,2021.0
2021-04-29 12:50:00,NSE:MAJESCO,71.5,71.55,71.5,71.55,575.0
2021-04-29 12:55:00,NSE:MAJESCO,71.5,71.55,71.5,71.5,1857.0
2021-04-29 13:00:00,NSE:MAJESCO,71.5,71.55,71.5,71.5,291.0
2021-04-29 13:05:00,NSE:MAJESCO,71.5,71.55,71.5,71.55,1226.0
2021-04-29 13:10:00,NSE:MAJESCO,71.5,71.55,71.5,71.5,827.0
2021-04-29 13:15:00,NSE:MAJESCO,71.5,71.55,71.5,71.55,1426.0
2021-04-29 13:20:00,NSE:MAJESCO,71.5,71.55,71.5,71.55,12170.0
2021-04-29 13:25:00,NSE:MAJESCO,71.55,71.55,71.5,71.5,496.0
2021-04-29 13:30:00,NSE:MAJESCO,71.55,71.55,71.5,71.5,388.0
2021-04-29 13:35:00,NSE:MAJESCO,71.55,71.55,71.5,71.5,1154.0
2021-04-29 13:40:00,NSE:MAJESCO,71.5,71.55,71.5,71.55,261.0
2021-04-29 13:45:00,NSE:MAJESCO,71.5,71.55,71.5,71.55,1490.0
2021-04-29 13:50:00,NSE:MAJESCO,71.55,71.55,71.5,71.55,4066.0
2021-04-29 13:55:00,NSE:MAJESCO,71.55,71.55,71.5,71.55,1922.0
2021-04-29 14:00:00,NSE:MAJESCO,71.55,71.95,71.5,71.85,9419.0
2021-04-29 14:05:00,NSE:MAJESCO,71.7,71.75,71.7,71.7,215.0
2021-04-29 14:10:00,NSE:MAJESCO,71.8,71.8,71.5,71.55,1918.0
2021-04-29 14:15:00,NSE:MAJESCO,71.55,71.8,71.5,71.8,1485.0
2021-04-29 14:20:00,NSE:MAJESCO,71.5,71.8,71.5,71.8,4178.0
2021-04-29 14:25:00,NSE:MAJESCO,71.6,71.85,71.55,71.75,5118.0
2021-04-29 14:30:00,NSE:MAJESCO,71.6,71.8,71.55,71.6,2598.0
2021-04-29 14:35:00,NSE:MAJESCO,71.55,71.8,71.55,71.65,4443.0
2021-04-29 14:40:00,NSE:MAJESCO,71.65,71.85,71.65,71.85,2324.0
2021-04-29 14:45:00,NSE:MAJESCO,71.9,71.9,71.7,71.7,1891.0
2021-04-29 14:50:00,NSE:MAJESCO,71.7,71.75,71.55,71.75,3524.0
2021-04-29 14:55:00,NSE:MAJESCO,71.75,71.75,71.55,71.55,6579.0
2021-04-29 15:00:00,NSE:MAJESCO,71.55,71.75,71.55,71.55,1135.0
2021-04-29 15:05:00,NSE:MAJESCO,71.55,71.75,71.55,71.75,1627.0
2021-04-29 15:10:00,NSE:MAJESCO,71.75,72.2,71.6,72.15,19727.0
2021-04-29 15:15:00,NSE:MAJESCO,72.15,72.4,72.1,72.1,5365.0
2021-04-29 15:20:00,NSE:MAJESCO,72.1,72.1,72.0,72.0,36038.0
2021-04-29 15:25:00,NSE:MAJESCO,72.0,72.1,71.8,72.0,7594.0
2021-04-29 15:55:00,NSE:MAJESCO,72.0,72.0,72.0,72.0,220.0
2021-04-30 09:05:00,NSE:MAJESCO,71.8,71.8,71.8,71.8,176.0
2021-04-30 09:15:00,NSE:MAJESCO,71.8,71.8,71.4,71.5,5691.0
2021-04-30 09:20:00,NSE:MAJESCO,71.5,71.65,71.25,71.65,7297.0
2021-04-30 09:25:00,NSE:MAJESCO,71.65,71.7,71.45,71.5,6481.0
2021-04-30 09:30:00,NSE:MAJESCO,71.7,71.7,71.5,71.65,3327.0
2021-04-30 09:35:00,NSE:MAJESCO,71.5,71.75,71.5,71.7,3321.0
2021-04-30 09:40:00,NSE:MAJESCO,71.55,71.7,71.5,71.5,3202.0
2021-04-30 09:45:00,NSE:MAJESCO,71.65,71.75,71.5,71.55,3670.0
2021-04-30 09:50:00,NSE:MAJESCO,71.5,71.7,71.5,71.55,1937.0
2021-04-30 09:55:00,NSE:MAJESCO,71.65,71.65,71.5,71.55,4349.0
2021-04-30 10:00:00,NSE:MAJESCO,71.55,71.65,71.5,71.6,6523.0
2021-04-30 10:05:00,NSE:MAJESCO,71.5,71.6,71.5,71.55,908.0
2021-04-30 10:10:00,NSE:MAJESCO,71.6,71.6,71.5,71.5,3599.0
2021-04-30 10:15:00,NSE:MAJESCO,71.5,71.75,71.5,71.6,4575.0
2021-04-30 10:20:00,NSE:MAJESCO,71.6,71.7,71.6,71.6,1554.0
2021-04-30 10:25:00,NSE:MAJESCO,71.6,71.75,71.6,71.6,2319.0
2021-04-30 10:30:00,NSE:MAJESCO,71.6,71.75,71.55,71.6,1435.0
2021-04-30 10:35:00,NSE:MAJESCO,71.55,71.7,71.5,71.7,2959.0
2021-04-30 10:40:00,NSE:MAJESCO,71.7,71.75,71.6,71.75,710.0
2021-04-30 10:45:00,NSE:MAJESCO,71.7,71.7,71.6,71.7,327.0
2021-04-30 10:50:00,NSE:MAJESCO,71.7,71.75,71.55,71.75,1815.0
2021-04-30 10:55:00,NSE:MAJESCO,71.7,71.7,71.5,71.5,2869.0
2021-04-30 11:00:00,NSE:MAJESCO,71.5,71.75,71.5,71.75,2598.0
2021-04-30 11:05:00,NSE:MAJESCO,71.7,71.75,71.5,71.7,1395.0
2021-04-30 11:10:00,NSE:MAJESCO,71.5,71.7,71.5,71.55,1328.0
2021-04-30 11:15:00,NSE:MAJESCO,71.55,71.65,71.5,71.5,580.0
2021-04-30 11:20:00,NSE:MAJESCO,71.55,71.65,71.5,71.5,1486.0
2021-04-30 11:25:00,NSE:MAJESCO,71.65,71.75,71.5,71.75,1092.0
2021-04-30 11:30:00,NSE:MAJESCO,71.5,71.75,71.5,71.55,1257.0
2021-04-30 11:35:00,NSE:MAJESCO,71.55,71.75,71.55,71.55,337.0
2021-04-30 11:40:00,NSE:MAJESCO,71.6,71.7,71.55,71.7,715.0
2021-04-30 11:45:00,NSE:MAJESCO,71.6,71.7,71.6,71.7,2310.0
2021-04-30 11:50:00,NSE:MAJESCO,71.6,71.7,71.55,71.7,5461.0
2021-04-30 11:55:00,NSE:MAJESCO,71.55,71.7,71.55,71.6,15494.0
2021-04-30 12:00:00,NSE:MAJESCO,71.6,71.75,71.55,71.55,2680.0
2021-04-30 12:05:00,NSE:MAJESCO,71.6,71.6,71.55,71.6,628.0
2021-04-30 12:10:00,NSE:MAJESCO,71.6,71.75,71.55,71.65,5810.0
2021-04-30 12:15:00,NSE:MAJESCO,71.65,71.65,71.55,71.6,404.0
2021-04-30 12:20:00,NSE:MAJESCO,71.6,71.65,71.55,71.6,11560.0
2021-04-30 12:25:00,NSE:MAJESCO,71.65,71.65,71.6,71.6,796.0
2021-04-30 12:30:00,NSE:MAJESCO,71.65,71.65,71.6,71.65,1984.0
2021-04-30 12:35:00,NSE:MAJESCO,71.6,71.65,71.6,71.65,1361.0
2021-04-30 12:40:00,NSE:MAJESCO,71.65,71.75,71.55,71.55,14121.0
2021-04-30 12:45:00,NSE:MAJESCO,71.55,71.7,71.55,71.65,586.0
2021-04-30 12:50:00,NSE:MAJESCO,71.55,71.65,71.55,71.65,2867.0
2021-04-30 12:55:00,NSE:MAJESCO,71.65,71.65,71.55,71.6,382.0
2021-04-30 13:00:00,NSE:MAJESCO,71.6,71.65,71.6,71.65,720.0
2021-04-30 13:05:00,NSE:MAJESCO,71.6,71.65,71.6,71.65,422.0
2021-04-30 13:10:00,NSE:MAJESCO,71.65,71.65,71.6,71.6,6523.0
2021-04-30 13:15:00,NSE:MAJESCO,71.6,71.65,71.6,71.6,3717.0
2021-04-30 13:20:00,NSE:MAJESCO,71.6,71.65,71.6,71.6,637.0
2021-04-30 13:25:00,NSE:MAJESCO,71.6,71.75,71.6,71.75,1394.0
2021-04-30 13:30:00,NSE:MAJESCO,71.7,71.7,71.6,71.6,3159.0
2021-04-30 13:35:00,NSE:MAJESCO,71.6,71.7,71.6,71.7,560.0
2021-04-30 13:40:00,NSE:MAJESCO,71.6,71.7,71.6,71.7,633.0
2021-04-30 13:45:00,NSE:MAJESCO,71.7,71.7,71.6,71.6,10325.0
2021-04-30 13:50:00,NSE:MAJESCO,71.6,71.7,71.6,71.6,3789.0
2021-04-30 13:55:00,NSE:MAJESCO,71.7,71.7,71.65,71.65,2941.0
2021-04-30 14:00:00,NSE:MAJESCO,71.7,71.7,71.65,71.7,582.0
2021-04-30 14:05:00,NSE:MAJESCO,71.65,71.7,71.6,71.65,5444.0
2021-04-30 14:10:00,NSE:MAJESCO,71.65,71.75,71.6,71.75,12739.0
2021-04-30 14:15:00,NSE:MAJESCO,71.6,71.75,71.6,71.6,956.0
2021-04-30 14:20:00,NSE:MAJESCO,71.6,71.7,71.6,71.7,1077.0
2021-04-30 14:25:00,NSE:MAJESCO,71.6,71.75,71.6,71.75,1976.0
2021-04-30 14:30:00,NSE:MAJESCO,71.75,71.75,71.6,71.75,1713.0
2021-04-30 14:35:00,NSE:MAJESCO,71.75,71.75,71.6,71.6,685.0
2021-04-30 14:40:00,NSE:MAJESCO,71.75,71.75,71.6,71.7,2052.0
2021-04-30 14:45:00,NSE:MAJESCO,71.7,71.7,71.6,71.65,1031.0
2021-04-30 14:50:00,NSE:MAJESCO,71.65,71.85,71.6,71.65,6586.0
2021-04-30 14:55:00,NSE:MAJESCO,71.85,71.85,71.6,71.6,1816.0
2021-04-30 15:00:00,NSE:MAJESCO,71.6,71.75,71.6,71.6,1040.0
2021-04-30 15:05:00,NSE:MAJESCO,71.75,71.75,71.6,71.65,6845.0
2021-04-30 15:10:00,NSE:MAJESCO,71.6,71.8,71.6,71.75,3932.0
2021-04-30 15:15:00,NSE:MAJESCO,71.65,71.75,71.6,71.7,1947.0
2021-04-30 15:20:00,NSE:MAJESCO,71.65,71.7,71.6,71.65,3834.0
2021-04-30 15:25:00,NSE:MAJESCO,71.6,71.7,71.6,71.6,11235.0
2021-04-30 15:30:00,NSE:MAJESCO,71.6,71.6,71.6,71.6,49.0
2021-04-30 15:55:00,NSE:MAJESCO,71.65,71.65,71.65,71.65,5.0
2021-05-03 09:05:00,NSE:MAJESCO,71.05,71.05,71.05,71.05,2989.0
2021-05-03 09:15:00,NSE:MAJESCO,71.05,71.4,71.05,71.2,7735.0
2021-05-03 09:20:00,NSE:MAJESCO,71.4,71.4,71.1,71.1,37146.0
2021-05-03 09:25:00,NSE:MAJESCO,71.25,71.25,70.85,70.9,8979.0
2021-05-03 09:30:00,NSE:MAJESCO,70.85,71.0,70.8,70.9,19232.0
2021-05-03 09:35:00,NSE:MAJESCO,70.9,71.2,70.9,71.2,61245.0
2021-05-03 09:40:00,NSE:MAJESCO,71.05,71.15,71.0,71.05,1457.0
2021-05-03 09:45:00,NSE:MAJESCO,71.15,71.25,71.05,71.1,4132.0
2021-05-03 09:50:00,NSE:MAJESCO,71.1,71.25,71.1,71.25,2131.0
2021-05-03 09:55:00,NSE:MAJESCO,71.25,71.5,71.1,71.5,29540.0
2021-05-03 10:00:00,NSE:MAJESCO,71.5,71.65,71.15,71.3,13472.0
2021-05-03 10:05:00,NSE:MAJESCO,71.4,71.5,71.2,71.3,3957.0
2021-05-03 10:10:00,NSE:MAJESCO,71.2,71.4,71.2,71.2,1328.0
2021-05-03 10:15:00,NSE:MAJESCO,71.4,71.4,71.2,71.25,4113.0
2021-05-03 10:20:00,NSE:MAJESCO,71.25,71.45,71.2,71.3,13132.0
2021-05-03 10:25:00,NSE:MAJESCO,71.3,71.45,71.3,71.45,3056.0
2021-05-03 10:30:00,NSE:MAJESCO,71.35,71.45,71.35,71.35,3379.0
2021-05-03 10:35:00,NSE:MAJESCO,71.35,71.55,71.35,71.35,16517.0
2021-05-03 10:40:00,NSE:MAJESCO,71.35,71.5,71.35,71.5,29028.0
2021-05-03 10:45:00,NSE:MAJESCO,71.6,71.65,71.5,71.5,3764.0
2021-05-03 10:50:00,NSE:MAJESCO,71.5,71.65,71.5,71.5,895.0
2021-05-03 10:55:00,NSE:MAJESCO,71.5,71.6,71.5,71.6,2177.0
2021-05-03 11:00:00,NSE:MAJESCO,71.5,71.6,71.45,71.5,1208.0
2021-05-03 11:05:00,NSE:MAJESCO,71.5,71.6,71.5,71.6,816.0
2021-05-03 11:10:00,NSE:MAJESCO,71.5,71.6,71.5,71.5,2464.0
2021-05-03 11:15:00,NSE:MAJESCO,71.5,71.65,71.45,71.45,1887.0
2021-05-03 11:20:00,NSE:MAJESCO,71.45,71.45,71.25,71.3,7451.0
2021-05-03 11:25:00,NSE:MAJESCO,71.3,71.4,71.25,71.3,2000.0
2021-05-03 11:30:00,NSE:MAJESCO,71.3,71.35,71.3,71.35,3133.0
2021-05-03 11:35:00,NSE:MAJESCO,71.35,71.45,71.35,71.35,1183.0
2021-05-03 11:40:00,NSE:MAJESCO,71.35,71.45,71.25,71.25,2193.0
2021-05-03 11:45:00,NSE:MAJESCO,71.3,71.45,71.25,71.4,8260.0
2021-05-03 11:50:00,NSE:MAJESCO,71.4,71.45,71.25,71.3,4426.0
2021-05-03 11:55:00,NSE:MAJESCO,71.3,71.45,71.3,71.3,356.0
2021-05-03 12:00:00,NSE:MAJESCO,71.3,71.5,71.3,71.5,5134.0
2021-05-03 12:05:00,NSE:MAJESCO,71.35,71.5,71.35,71.5,1977.0
2021-05-03 12:10:00,NSE:MAJESCO,71.6,71.6,71.5,71.5,1686.0
2021-05-03 12:15:00,NSE:MAJESCO,71.5,71.6,71.35,71.35,3180.0
2021-05-03 12:20:00,NSE:MAJESCO,71.35,71.5,71.35,71.4,1440.0
2021-05-03 12:25:00,NSE:MAJESCO,71.4,71.5,71.4,71.4,581.0
2021-05-03 12:30:00,NSE:MAJESCO,71.5,71.55,71.4,71.45,652.0
2021-05-03 12:35:00,NSE:MAJESCO,71.45,71.55,71.45,71.5,704.0
2021-05-03 12:40:00,NSE:MAJESCO,71.5,71.55,71.4,71.4,917.0
2021-05-03 12:45:00,NSE:MAJESCO,71.4,71.5,71.4,71.4,2166.0
2021-05-03 12:50:00,NSE:MAJESCO,71.4,71.5,71.4,71.4,2597.0
2021-05-03 12:55:00,NSE:MAJESCO,71.4,71.5,71.4,71.4,662.0
2021-05-03 13:00:00,NSE:MAJESCO,71.4,71.5,71.4,71.4,1109.0
2021-05-03 13:05:00,NSE:MAJESCO,71.4,71.55,71.4,71.4,3804.0
2021-05-03 13:10:00,NSE:MAJESCO,71.4,71.5,71.3,71.3,5372.0
2021-05-03 13:15:00,NSE:MAJESCO,71.3,71.4,71.3,71.3,3665.0
2021-05-03 13:20:00,NSE:MAJESCO,71.3,71.5,71.3,71.5,9266.0
2021-05-03 13:25:00,NSE:MAJESCO,71.5,71.55,71.5,71.5,478.0
2021-05-03 13:30:00,NSE:MAJESCO,71.55,71.55,71.5,71.5,358.0
2021-05-03 13:35:00,NSE:MAJESCO,71.5,71.55,71.5,71.5,1312.0
2021-05-03 13:40:00,NSE:MAJESCO,71.5,71.55,71.5,71.5,4923.0
2021-05-03 13:45:00,NSE:MAJESCO,71.5,71.55,71.45,71.5,2010.0
2021-05-03 13:50:00,NSE:MAJESCO,71.5,71.55,71.5,71.5,2360.0
2021-05-03 13:55:00,NSE:MAJESCO,71.5,71.55,71.45,71.5,3153.0
2021-05-03 14:00:00,NSE:MAJESCO,71.45,71.55,71.45,71.45,9463.0
2021-05-03 14:05:00,NSE:MAJESCO,71.45,71.5,71.35,71.35,7136.0
2021-05-03 14:10:00,NSE:MAJESCO,71.35,71.5,71.35,71.35,1043.0
2021-05-03 14:15:00,NSE:MAJESCO,71.35,71.5,71.3,71.35,3586.0
2021-05-03 14:20:00,NSE:MAJESCO,71.35,71.5,71.35,71.35,2099.0
2021-05-03 14:25:00,NSE:MAJESCO,71.35,71.5,71.35,71.35,426.0
2021-05-03 14:30:00,NSE:MAJESCO,71.5,71.6,71.35,71.6,7351.0
2021-05-03 14:35:00,NSE:MAJESCO,71.45,71.6,71.45,71.45,152.0
2021-05-03 14:40:00,NSE:MAJESCO,71.55,71.55,71.45,71.5,367.0
2021-05-03 14:45:00,NSE:MAJESCO,71.5,71.55,71.5,71.5,1326.0
2021-05-03 14:50:00,NSE:MAJESCO,71.5,71.6,71.5,71.6,3417.0
2021-05-03 14:55:00,NSE:MAJESCO,71.5,71.6,71.5,71.55,2018.0
2021-05-03 15:00:00,NSE:MAJESCO,71.55,71.6,71.55,71.55,10496.0
2021-05-03 15:05:00,NSE:MAJESCO,71.55,71.6,71.55,71.6,4155.0
2021-05-03 15:10:00,NSE:MAJESCO,71.6,71.65,71.55,71.6,11383.0
2021-05-03 15:15:00,NSE:MAJESCO,71.65,72.05,71.6,72.05,23688.0
2021-05-03 15:20:00,NSE:MAJESCO,72.05,72.15,72.0,72.15,5711.0
2021-05-03 15:25:00,NSE:MAJESCO,72.0,72.15,72.0,72.15,5654.0
2021-05-03 15:40:00,NSE:MAJESCO,71.8,71.8,71.8,71.8,1.0
2021-05-04 09:05:00,NSE:MAJESCO,72.45,72.45,72.45,72.45,2038.0
2021-05-04 09:15:00,NSE:MAJESCO,72.2,72.35,72.0,72.05,7207.0
2021-05-04 09:20:00,NSE:MAJESCO,72.25,72.25,72.0,72.1,2608.0
2021-05-04 09:25:00,NSE:MAJESCO,72.1,72.2,72.0,72.05,7858.0
2021-05-04 09:30:00,NSE:MAJESCO,72.05,72.25,72.05,72.25,4483.0
2021-05-04 09:35:00,NSE:MAJESCO,72.05,72.2,72.05,72.1,4583.0
2021-05-04 09:40:00,NSE:MAJESCO,72.05,72.15,72.0,72.05,2936.0
2021-05-04 09:45:00,NSE:MAJESCO,72.2,72.25,72.05,72.1,3610.0
2021-05-04 09:50:00,NSE:MAJESCO,72.1,72.25,72.05,72.25,1563.0
2021-05-04 09:55:00,NSE:MAJESCO,72.1,72.25,72.05,72.1,3011.0
2021-05-04 10:00:00,NSE:MAJESCO,72.1,72.1,72.05,72.1,959.0
2021-05-04 10:05:00,NSE:MAJESCO,72.1,72.1,72.05,72.05,3432.0
2021-05-04 10:10:00,NSE:MAJESCO,72.1,72.1,72.05,72.05,2799.0
2021-05-04 10:15:00,NSE:MAJESCO,72.05,72.1,72.05,72.1,1235.0
2021-05-04 10:20:00,NSE:MAJESCO,72.1,72.1,72.05,72.05,433.0
2021-05-04 10:25:00,NSE:MAJESCO,72.05,72.1,72.05,72.1,1721.0
2021-05-04 10:30:00,NSE:MAJESCO,72.05,72.25,72.05,72.05,1578.0
2021-05-04 10:35:00,NSE:MAJESCO,72.05,72.2,72.05,72.2,1071.0
2021-05-04 10:40:00,NSE:MAJESCO,72.2,72.2,72.05,72.05,1753.0
2021-05-04 10:45:00,NSE:MAJESCO,72.05,72.1,72.05,72.05,1687.0
2021-05-04 10:50:00,NSE:MAJESCO,72.05,72.25,72.05,72.25,11539.0
2021-05-04 10:55:00,NSE:MAJESCO,72.1,72.25,72.05,72.1,3446.0
2021-05-04 11:00:00,NSE:MAJESCO,72.1,72.3,72.05,72.25,6384.0
2021-05-04 11:05:00,NSE:MAJESCO,72.15,72.35,72.1,72.2,6013.0
2021-05-04 11:10:00,NSE:MAJESCO,72.3,72.35,72.2,72.2,769.0
2021-05-04 11:15:00,NSE:MAJESCO,72.2,72.2,72.15,72.15,766.0
2021-05-04 11:20:00,NSE:MAJESCO,72.2,72.2,72.15,72.15,2213.0
2021-05-04 11:25:00,NSE:MAJESCO,72.15,72.2,72.15,72.2,2163.0
2021-05-04 11:30:00,NSE:MAJESCO,72.2,72.3,72.15,72.2,2570.0
2021-05-04 11:35:00,NSE:MAJESCO,72.2,72.2,72.15,72.2,2766.0
2021-05-04 11:40:00,NSE:MAJESCO,72.15,72.2,72.15,72.15,31901.0
2021-05-04 11:45:00,NSE:MAJESCO,72.2,72.2,72.15,72.15,808.0
2021-05-04 11:50:00,NSE:MAJESCO,72.2,72.2,72.15,72.2,804.0
2021-05-04 11:55:00,NSE:MAJESCO,72.2,72.2,72.15,72.2,772.0
2021-05-04 12:00:00,NSE:MAJESCO,72.2,72.2,72.15,72.15,10832.0
2021-05-04 12:05:00,NSE:MAJESCO,72.2,72.2,72.15,72.15,650.0
2021-05-04 12:10:00,NSE:MAJESCO,72.15,72.3,72.15,72.3,4445.0
2021-05-04 12:15:00,NSE:MAJESCO,72.3,72.3,72.15,72.15,1597.0
2021-05-04 12:20:00,NSE:MAJESCO,72.2,72.2,72.2,72.2,83.0
2021-05-04 12:25:00,NSE:MAJESCO,72.15,72.2,72.15,72.2,878.0
2021-05-04 12:30:00,NSE:MAJESCO,72.2,72.25,72.15,72.15,501.0
2021-05-04 12:35:00,NSE:MAJESCO,72.25,72.3,72.15,72.3,2513.0
2021-05-04 12:40:00,NSE:MAJESCO,72.3,72.3,72.2,72.2,496.0
2021-05-04 12:45:00,NSE:MAJESCO,72.25,72.3,72.15,72.15,598.0
2021-05-04 12:50:00,NSE:MAJESCO,72.25,72.25,72.15,72.15,10361.0
2021-05-04 12:55:00,NSE:MAJESCO,72.15,72.2,72.15,72.15,921.0
2021-05-04 13:00:00,NSE:MAJESCO,72.15,72.2,72.15,72.2,1926.0
2021-05-04 13:05:00,NSE:MAJESCO,72.15,72.15,72.15,72.15,5332.0
2021-05-04 13:10:00,NSE:MAJESCO,72.15,72.2,72.15,72.15,1121.0
2021-05-04 13:15:00,NSE:MAJESCO,72.15,72.2,72.15,72.2,1125.0
2021-05-04 13:20:00,NSE:MAJESCO,72.15,72.15,72.15,72.15,26157.0
2021-05-04 13:25:00,NSE:MAJESCO,72.1,72.2,72.1,72.15,4757.0
2021-05-04 13:30:00,NSE:MAJESCO,72.1,72.15,72.1,72.15,1588.0
2021-05-04 13:35:00,NSE:MAJESCO,72.1,72.15,72.1,72.1,8282.0
2021-05-04 13:40:00,NSE:MAJESCO,72.15,72.15,72.1,72.1,883.0
2021-05-04 13:45:00,NSE:MAJESCO,72.1,72.1,72.0,72.0,1446.0
2021-05-04 13:50:00,NSE:MAJESCO,72.05,72.15,72.05,72.05,5275.0
2021-05-04 13:55:00,NSE:MAJESCO,72.15,72.2,72.05,72.2,2720.0
2021-05-04 14:00:00,NSE:MAJESCO,72.1,72.2,72.05,72.15,308.0
2021-05-04 14:05:00,NSE:MAJESCO,72.15,72.15,72.05,72.05,643.0
2021-05-04 14:10:00,NSE:MAJESCO,72.05,72.1,72.0,72.1,677.0
2021-05-04 14:15:00,NSE:MAJESCO,72.1,72.1,72.0,72.05,1243.0
2021-05-04 14:20:00,NSE:MAJESCO,72.0,72.1,72.0,72.0,966.0
2021-05-04 14:25:00,NSE:MAJESCO,72.0,72.05,72.0,72.0,1347.0
2021-05-04 14:30:00,NSE:MAJESCO,72.05,72.05,71.9,71.9,1223.0
2021-05-04 14:35:00,NSE:MAJESCO,71.85,71.9,71.8,71.8,685.0
2021-05-04 14:40:00,NSE:MAJESCO,71.8,71.8,71.65,71.65,1913.0
2021-05-04 14:45:00,NSE:MAJESCO,71.65,71.65,71.55,71.6,943.0
2021-05-04 14:50:00,NSE:MAJESCO,71.6,72.0,71.55,71.6,6782.0
2021-05-04 14:55:00,NSE:MAJESCO,71.6,71.8,71.6,71.75,758.0
2021-05-04 15:00:00,NSE:MAJESCO,71.65,71.8,71.6,71.65,1333.0
2021-05-04 15:05:00,NSE:MAJESCO,71.65,71.75,71.65,71.65,2394.0
2021-05-04 15:10:00,NSE:MAJESCO,71.65,71.8,71.65,71.8,4647.0
2021-05-04 15:15:00,NSE:MAJESCO,71.8,71.95,71.8,71.85,2439.0
2021-05-04 15:20:00,NSE:MAJESCO,71.8,71.95,71.8,71.85,3894.0
2021-05-04 15:25:00,NSE:MAJESCO,71.95,72.05,71.95,71.95,6089.0
2021-05-04 15:40:00,NSE:MAJESCO,71.85,71.85,71.85,71.85,1.0
2021-05-04 15:50:00,NSE:MAJESCO,71.85,71.85,71.85,71.85,8.0
2021-05-05 09:05:00,NSE:MAJESCO,71.9,71.9,71.9,71.9,313.0
2021-05-05 09:15:00,NSE:MAJESCO,71.95,72.2,71.8,72.2,4817.0
2021-05-05 09:20:00,NSE:MAJESCO,72.25,72.25,71.8,71.8,5138.0
2021-05-05 09:25:00,NSE:MAJESCO,71.85,72.0,71.8,72.0,587.0
2021-05-05 09:30:00,NSE:MAJESCO,72.0,72.0,71.9,71.95,4875.0
2021-05-05 09:35:00,NSE:MAJESCO,72.0,72.0,71.95,71.95,2843.0
2021-05-05 09:40:00,NSE:MAJESCO,72.0,72.05,71.9,72.0,9899.0
2021-05-05 09:45:00,NSE:MAJESCO,72.0,72.1,71.9,71.9,3172.0
2021-05-05 09:50:00,NSE:MAJESCO,71.9,72.1,71.9,72.1,1536.0
2021-05-05 09:55:00,NSE:MAJESCO,71.95,71.95,71.9,71.95,5030.0
2021-05-05 10:00:00,NSE:MAJESCO,71.9,71.95,71.8,71.8,5709.0
2021-05-05 10:05:00,NSE:MAJESCO,71.8,71.9,71.7,71.8,1184.0
2021-05-05 10:10:00,NSE:MAJESCO,71.75,71.9,71.65,71.9,387.0
2021-05-05 10:15:00,NSE:MAJESCO,71.9,71.95,71.85,71.95,541.0
2021-05-05 10:20:00,NSE:MAJESCO,71.95,71.95,71.8,71.8,614.0
2021-05-05 10:25:00,NSE:MAJESCO,71.8,72.0,71.8,71.85,1401.0
2021-05-05 10:30:00,NSE:MAJESCO,71.95,71.95,71.85,71.85,818.0
2021-05-05 10:35:00,NSE:MAJESCO,71.85,72.0,71.85,71.9,537.0
2021-05-05 10:40:00,NSE:MAJESCO,71.9,72.0,71.85,72.0,401.0
2021-05-05 10:45:00,NSE:MAJESCO,71.85,72.0,71.85,71.85,1438.0
2021-05-05 10:50:00,NSE:MAJESCO,72.0,72.0,71.85,71.85,124.0
2021-05-05 10:55:00,NSE:MAJESCO,71.85,71.85,71.85,71.85,1155.0
2021-05-05 11:00:00,NSE:MAJESCO,71.85,71.9,71.85,71.85,2875.0
2021-05-05 11:05:00,NSE:MAJESCO,71.85,71.9,71.85,71.85,174.0
2021-05-05 11:10:00,NSE:MAJESCO,71.85,71.95,71.85,71.85,599.0
2021-05-05 11:15:00,NSE:MAJESCO,71.85,71.95,71.85,71.95,11846.0
2021-05-05 11:20:00,NSE:MAJESCO,71.95,71.95,71.85,71.95,1000.0
2021-05-05 11:25:00,NSE:MAJESCO,71.95,71.95,71.85,71.95,5376.0
2021-05-05 11:30:00,NSE:MAJESCO,71.85,71.95,71.85,71.95,1344.0
2021-05-05 11:35:00,NSE:MAJESCO,71.95,72.0,71.85,71.9,200.0
2021-05-05 11:40:00,NSE:MAJESCO,72.0,72.0,71.9,71.9,309.0
2021-05-05 11:45:00,NSE:MAJESCO,72.0,72.0,71.85,72.0,1859.0
2021-05-05 11:50:00,NSE:MAJESCO,72.0,72.0,71.85,72.0,772.0
2021-05-05 11:55:00,NSE:MAJESCO,71.85,72.1,71.85,72.0,6867.0
2021-05-05 12:00:00,NSE:MAJESCO,72.0,72.35,72.0,72.0,12718.0
2021-05-05 12:05:00,NSE:MAJESCO,72.0,72.1,72.0,72.1,111.0
2021-05-05 12:10:00,NSE:MAJESCO,72.0,72.25,72.0,72.2,2294.0
2021-05-05 12:15:00,NSE:MAJESCO,72.15,72.2,72.15,72.15,11290.0
2021-05-05 12:20:00,NSE:MAJESCO,72.2,72.2,72.05,72.15,1013.0
2021-05-05 12:25:00,NSE:MAJESCO,72.15,72.15,72.05,72.15,710.0
2021-05-05 12:30:00,NSE:MAJESCO,72.2,72.3,72.15,72.25,4253.0
2021-05-05 12:35:00,NSE:MAJESCO,72.2,72.5,72.0,72.1,16645.0
2021-05-05 12:40:00,NSE:MAJESCO,72.0,72.3,72.0,72.3,19577.0
2021-05-05 12:45:00,NSE:MAJESCO,72.35,72.45,72.15,72.25,4853.0
2021-05-05 12:50:00,NSE:MAJESCO,72.35,72.45,72.25,72.25,1783.0
2021-05-05 12:55:00,NSE:MAJESCO,72.25,72.25,72.05,72.05,1357.0
2021-05-05 13:00:00,NSE:MAJESCO,72.1,72.3,72.05,72.3,336.0
2021-05-05 13:05:00,NSE:MAJESCO,72.15,72.15,72.05,72.05,8761.0
2021-05-05 13:10:00,NSE:MAJESCO,72.15,72.15,72.05,72.05,295.0
2021-05-05 13:15:00,NSE:MAJESCO,72.05,72.1,72.05,72.1,515.0
2021-05-05 13:20:00,NSE:MAJESCO,72.1,72.1,72.05,72.05,550.0
2021-05-05 13:25:00,NSE:MAJESCO,72.1,72.1,72.05,72.1,1133.0
2021-05-05 13:30:00,NSE:MAJESCO,72.05,72.1,72.05,72.05,805.0
2021-05-05 13:35:00,NSE:MAJESCO,72.1,72.1,72.05,72.05,722.0
2021-05-05 13:40:00,NSE:MAJESCO,72.05,72.15,72.05,72.15,4354.0
2021-05-05 13:45:00,NSE:MAJESCO,72.15,72.15,72.05,72.05,400.0
2021-05-05 13:50:00,NSE:MAJESCO,72.05,72.15,72.05,72.05,169.0
2021-05-05 13:55:00,NSE:MAJESCO,72.05,72.15,72.05,72.05,1137.0
2021-05-05 14:00:00,NSE:MAJESCO,72.1,72.1,72.1,72.1,37.0
2021-05-05 14:05:00,NSE:MAJESCO,72.1,72.15,72.05,72.15,4809.0
2021-05-05 14:10:00,NSE:MAJESCO,72.05,72.15,72.05,72.05,340.0
2021-05-05 14:15:00,NSE:MAJESCO,72.05,72.15,72.05,72.15,5852.0
2021-05-05 14:20:00,NSE:MAJESCO,72.1,72.15,72.1,72.1,1044.0
2021-05-05 14:25:00,NSE:MAJESCO,72.15,72.15,72.1,72.1,1135.0
2021-05-05 14:30:00,NSE:MAJESCO,72.1,72.1,72.05,72.05,2172.0
2021-05-05 14:35:00,NSE:MAJESCO,72.05,72.15,72.05,72.15,5033.0
2021-05-05 14:40:00,NSE:MAJESCO,72.15,72.25,72.1,72.25,906.0
2021-05-05 14:45:00,NSE:MAJESCO,72.25,72.25,72.1,72.2,601.0
2021-05-05 14:50:00,NSE:MAJESCO,72.25,72.3,72.15,72.25,1175.0
2021-05-05 14:55:00,NSE:MAJESCO,72.2,72.25,72.2,72.2,803.0
2021-05-05 15:00:00,NSE:MAJESCO,72.1,72.25,72.1,72.1,985.0
2021-05-05 15:05:00,NSE:MAJESCO,72.1,72.2,72.1,72.2,572.0
2021-05-05 15:10:00,NSE:MAJESCO,72.25,72.25,72.1,72.2,3088.0
2021-05-05 15:15:00,NSE:MAJESCO,72.1,72.2,72.1,72.2,936.0
2021-05-05 15:20:00,NSE:MAJESCO,72.2,72.2,72.05,72.05,4695.0
2021-05-05 15:25:00,NSE:MAJESCO,72.05,72.15,72.05,72.15,8366.0
2021-05-05 15:40:00,NSE:MAJESCO,72.1,72.1,72.1,72.1,104.0
2021-05-05 15:45:00,NSE:MAJESCO,72.1,72.1,72.1,72.1,8.0
2021-05-06 09:05:00,NSE:MAJESCO,72.1,72.1,72.1,72.1,191.0
2021-05-06 09:15:00,NSE:MAJESCO,72.15,72.45,72.1,72.15,2122.0
2021-05-06 09:20:00,NSE:MAJESCO,72.35,72.35,72.1,72.1,3766.0
2021-05-06 09:25:00,NSE:MAJESCO,72.2,72.2,72.1,72.1,544.0
2021-05-06 09:30:00,NSE:MAJESCO,72.2,72.25,72.1,72.2,3561.0
2021-05-06 09:35:00,NSE:MAJESCO,72.1,72.2,72.1,72.1,1509.0
2021-05-06 09:40:00,NSE:MAJESCO,72.1,72.25,72.1,72.1,3633.0
2021-05-06 09:45:00,NSE:MAJESCO,72.2,72.25,72.1,72.1,2483.0
2021-05-06 09:50:00,NSE:MAJESCO,72.2,72.2,72.1,72.1,804.0
2021-05-06 09:55:00,NSE:MAJESCO,72.2,72.2,72.1,72.1,1901.0
2021-05-06 10:00:00,NSE:MAJESCO,72.1,72.2,72.1,72.1,2081.0
2021-05-06 10:05:00,NSE:MAJESCO,72.1,72.25,72.1,72.15,1382.0
2021-05-06 10:10:00,NSE:MAJESCO,72.1,72.25,72.1,72.1,2808.0
2021-05-06 10:15:00,NSE:MAJESCO,72.1,72.25,72.1,72.1,894.0
2021-05-06 10:20:00,NSE:MAJESCO,72.1,72.1,72.1,72.1,8317.0
2021-05-06 10:25:00,NSE:MAJESCO,72.1,72.1,72.0,72.0,854.0
2021-05-06 10:30:00,NSE:MAJESCO,72.1,72.1,72.0,72.0,1434.0
2021-05-06 10:35:00,NSE:MAJESCO,72.05,72.05,72.0,72.0,3072.0
2021-05-06 10:40:00,NSE:MAJESCO,72.05,72.05,72.0,72.05,1552.0
2021-05-06 10:45:00,NSE:MAJESCO,72.0,72.05,72.0,72.0,1697.0
2021-05-06 10:50:00,NSE:MAJESCO,72.0,72.25,72.0,72.0,4272.0
2021-05-06 10:55:00,NSE:MAJESCO,72.15,72.15,72.0,72.0,699.0
2021-05-06 11:00:00,NSE:MAJESCO,72.15,72.15,72.0,72.0,1767.0
2021-05-06 11:05:00,NSE:MAJESCO,72.15,72.15,72.0,72.0,279.0
2021-05-06 11:10:00,NSE:MAJESCO,72.0,72.1,71.95,72.0,416.0
2021-05-06 11:15:00,NSE:MAJESCO,72.0,72.15,72.0,72.15,498.0
2021-05-06 11:20:00,NSE:MAJESCO,72.05,72.25,72.05,72.1,1695.0
2021-05-06 11:25:00,NSE:MAJESCO,72.1,72.25,72.0,72.0,955.0
2021-05-06 11:30:00,NSE:MAJESCO,72.0,72.05,72.0,72.0,265.0
2021-05-06 11:35:00,NSE:MAJESCO,72.05,72.1,72.0,72.1,8219.0
2021-05-06 11:40:00,NSE:MAJESCO,72.0,72.15,72.0,72.0,3892.0
2021-05-06 11:45:00,NSE:MAJESCO,72.0,72.1,72.0,72.0,1032.0
2021-05-06 11:50:00,NSE:MAJESCO,72.1,72.1,72.0,72.0,6561.0
2021-05-06 11:55:00,NSE:MAJESCO,72.0,72.1,72.0,72.0,1126.0
2021-05-06 12:00:00,NSE:MAJESCO,72.0,72.1,72.0,72.1,733.0
2021-05-06 12:05:00,NSE:MAJESCO,72.1,72.25,72.0,72.0,7382.0
2021-05-06 12:10:00,NSE:MAJESCO,72.2,72.25,72.0,72.25,3303.0
2021-05-06 12:15:00,NSE:MAJESCO,72.05,72.25,72.05,72.05,847.0
2021-05-06 12:20:00,NSE:MAJESCO,72.0,72.25,72.0,72.25,12241.0
2021-05-06 12:25:00,NSE:MAJESCO,72.25,72.25,72.05,72.2,3345.0
2021-05-06 12:30:00,NSE:MAJESCO,72.1,72.2,72.0,72.2,5095.0
2021-05-06 12:35:00,NSE:MAJESCO,72.2,72.2,72.0,72.0,6818.0
2021-05-06 12:40:00,NSE:MAJESCO,72.0,72.15,72.0,72.15,4966.0
2021-05-06 12:45:00,NSE:MAJESCO,72.0,72.15,72.0,72.15,2225.0
2021-05-06 12:50:00,NSE:MAJESCO,72.1,72.25,72.0,72.0,10693.0
2021-05-06 12:55:00,NSE:MAJESCO,72.15,72.15,72.0,72.0,1117.0
2021-05-06 13:00:00,NSE:MAJESCO,72.0,72.1,72.0,72.0,597.0
2021-05-06 13:05:00,NSE:MAJESCO,72.0,72.2,72.0,72.2,2497.0
2021-05-06 13:10:00,NSE:MAJESCO,72.05,72.2,72.0,72.0,809.0
2021-05-06 13:15:00,NSE:MAJESCO,72.0,72.05,72.0,72.0,522.0
2021-05-06 13:20:00,NSE:MAJESCO,72.0,72.05,72.0,72.0,858.0
2021-05-06 13:25:00,NSE:MAJESCO,72.05,72.15,72.0,72.0,1960.0
2021-05-06 13:30:00,NSE:MAJESCO,72.0,72.5,72.0,72.45,13781.0
2021-05-06 13:35:00,NSE:MAJESCO,72.45,72.5,72.2,72.35,8111.0
2021-05-06 13:40:00,NSE:MAJESCO,72.35,72.45,72.25,72.25,1301.0
2021-05-06 13:45:00,NSE:MAJESCO,72.25,72.35,72.15,72.15,7578.0
2021-05-06 13:50:00,NSE:MAJESCO,72.15,72.35,72.15,72.25,1037.0
2021-05-06 13:55:00,NSE:MAJESCO,72.15,72.35,72.15,72.15,2428.0
2021-05-06 14:00:00,NSE:MAJESCO,72.15,72.35,72.15,72.15,973.0
2021-05-06 14:05:00,NSE:MAJESCO,72.15,72.35,72.15,72.15,1212.0
2021-05-06 14:10:00,NSE:MAJESCO,72.15,72.35,72.15,72.15,1822.0
2021-05-06 14:15:00,NSE:MAJESCO,72.15,72.45,72.15,72.45,3740.0
2021-05-06 14:20:00,NSE:MAJESCO,72.4,72.45,72.2,72.25,4534.0
2021-05-06 14:25:00,NSE:MAJESCO,72.25,72.25,72.2,72.2,918.0
2021-05-06 14:30:00,NSE:MAJESCO,72.15,72.35,72.15,72.15,2128.0
2021-05-06 14:35:00,NSE:MAJESCO,72.15,72.35,72.15,72.3,3411.0
2021-05-06 14:40:00,NSE:MAJESCO,72.15,72.3,72.15,72.15,1075.0
2021-05-06 14:45:00,NSE:MAJESCO,72.15,72.3,72.15,72.15,1129.0
2021-05-06 14:50:00,NSE:MAJESCO,72.15,72.3,72.15,72.2,1348.0
2021-05-06 14:55:00,NSE:MAJESCO,72.15,72.2,72.15,72.15,4950.0
2021-05-06 15:00:00,NSE:MAJESCO,72.15,72.2,72.05,72.05,53323.0
2021-05-06 15:05:00,NSE:MAJESCO,72.15,72.25,71.85,71.95,54789.0
2021-05-06 15:10:00,NSE:MAJESCO,71.85,71.95,71.8,71.8,5358.0
2021-05-06 15:15:00,NSE:MAJESCO,71.8,72.15,71.8,71.9,14473.0
2021-05-06 15:20:00,NSE:MAJESCO,71.95,72.0,71.85,71.95,3260.0
2021-05-06 15:25:00,NSE:MAJESCO,71.95,72.0,71.95,71.95,11148.0
2021-05-06 15:30:00,NSE:MAJESCO,72.0,72.0,72.0,72.0,1.0
2021-05-06 15:40:00,NSE:MAJESCO,72.0,72.0,72.0,72.0,200.0
2021-05-06 15:45:00,NSE:MAJESCO,72.0,72.0,72.0,72.0,10.0
2021-05-07 09:05:00,NSE:MAJESCO,72.0,72.0,72.0,72.0,278.0
2021-05-07 09:15:00,NSE:MAJESCO,71.6,72.0,71.6,71.95,5878.0
2021-05-07 09:20:00,NSE:MAJESCO,71.9,71.9,71.5,71.65,8202.0
2021-05-07 09:25:00,NSE:MAJESCO,71.8,71.95,71.65,71.95,2706.0
2021-05-07 09:30:00,NSE:MAJESCO,71.8,71.9,71.55,71.65,1507.0
2021-05-07 09:35:00,NSE:MAJESCO,71.8,71.8,71.65,71.75,2092.0
2021-05-07 09:40:00,NSE:MAJESCO,71.6,71.75,71.6,71.75,2068.0
2021-05-07 09:45:00,NSE:MAJESCO,71.75,71.9,71.75,71.9,1763.0
2021-05-07 09:50:00,NSE:MAJESCO,71.8,71.9,71.7,71.75,23124.0
2021-05-07 09:55:00,NSE:MAJESCO,71.75,71.9,71.7,71.85,2318.0
2021-05-07 10:00:00,NSE:MAJESCO,71.85,71.85,71.7,71.85,533.0
2021-05-07 10:05:00,NSE:MAJESCO,71.85,71.85,71.7,71.7,5857.0
2021-05-07 10:10:00,NSE:MAJESCO,71.75,71.9,71.7,71.9,2291.0
2021-05-07 10:15:00,NSE:MAJESCO,71.9,71.9,71.7,71.7,45980.0
2021-05-07 10:20:00,NSE:MAJESCO,71.7,71.75,71.7,71.75,1409.0
2021-05-07 10:25:00,NSE:MAJESCO,71.7,71.9,71.7,71.75,649.0
2021-05-07 10:30:00,NSE:MAJESCO,71.75,71.9,71.75,71.8,522.0
2021-05-07 10:35:00,NSE:MAJESCO,71.75,71.9,71.75,71.9,550.0
2021-05-07 10:40:00,NSE:MAJESCO,71.9,71.9,71.75,71.8,3304.0
2021-05-07 10:45:00,NSE:MAJESCO,71.9,71.9,71.75,71.9,761.0
2021-05-07 10:50:00,NSE:MAJESCO,71.8,71.9,71.75,71.75,634.0
2021-05-07 10:55:00,NSE:MAJESCO,71.8,71.9,71.75,71.9,419.0
2021-05-07 11:00:00,NSE:MAJESCO,71.9,71.9,71.75,71.75,1844.0
2021-05-07 11:05:00,NSE:MAJESCO,71.75,71.9,71.75,71.8,2816.0
2021-05-07 11:10:00,NSE:MAJESCO,71.9,71.9,71.75,71.75,617.0
2021-05-07 11:15:00,NSE:MAJESCO,71.75,71.9,71.75,71.9,924.0
2021-05-07 11:20:00,NSE:MAJESCO,71.9,71.95,71.75,71.75,3058.0
2021-05-07 11:25:00,NSE:MAJESCO,71.95,71.95,71.75,71.8,952.0
2021-05-07 11:30:00,NSE:MAJESCO,71.95,71.95,71.75,71.95,1094.0
2021-05-07 11:35:00,NSE:MAJESCO,71.9,71.95,71.75,71.75,556.0
2021-05-07 11:40:00,NSE:MAJESCO,71.8,71.95,71.75,71.75,1134.0
2021-05-07 11:45:00,NSE:MAJESCO,71.95,71.95,71.75,71.95,2056.0
2021-05-07 11:50:00,NSE:MAJESCO,71.75,71.9,71.75,71.9,1095.0
2021-05-07 11:55:00,NSE:MAJESCO,71.8,71.9,71.75,71.75,1156.0
2021-05-07 12:00:00,NSE:MAJESCO,71.75,71.8,71.75,71.75,1270.0
2021-05-07 12:05:00,NSE:MAJESCO,71.75,71.85,71.75,71.75,943.0
2021-05-07 12:10:00,NSE:MAJESCO,71.9,71.9,71.75,71.9,2041.0
2021-05-07 12:15:00,NSE:MAJESCO,71.9,71.9,71.75,71.9,782.0
2021-05-07 12:20:00,NSE:MAJESCO,71.9,71.9,71.8,71.85,426.0
2021-05-07 12:25:00,NSE:MAJESCO,71.9,71.95,71.85,71.85,3429.0
2021-05-07 12:30:00,NSE:MAJESCO,71.85,71.95,71.85,71.85,1005.0
2021-05-07 12:35:00,NSE:MAJESCO,71.85,71.95,71.85,71.85,2492.0
2021-05-07 12:40:00,NSE:MAJESCO,71.95,71.95,71.8,71.8,1770.0
2021-05-07 12:45:00,NSE:MAJESCO,71.95,71.95,71.8,71.8,669.0
2021-05-07 12:50:00,NSE:MAJESCO,71.95,71.95,71.8,71.8,133.0
2021-05-07 12:55:00,NSE:MAJESCO,71.8,71.95,71.8,71.8,506.0
2021-05-07 13:00:00,NSE:MAJESCO,71.95,71.95,71.8,71.8,627.0
2021-05-07 13:05:00,NSE:MAJESCO,71.95,71.95,71.8,71.85,681.0
2021-05-07 13:10:00,NSE:MAJESCO,71.9,71.95,71.85,71.85,1003.0
2021-05-07 13:15:00,NSE:MAJESCO,71.95,71.95,71.85,71.85,2634.0
2021-05-07 13:20:00,NSE:MAJESCO,71.85,71.95,71.85,71.95,1688.0
2021-05-07 13:25:00,NSE:MAJESCO,71.95,71.95,71.8,71.8,2733.0
2021-05-07 13:30:00,NSE:MAJESCO,71.95,71.95,71.8,71.95,1312.0
2021-05-07 13:35:00,NSE:MAJESCO,71.8,71.95,71.8,71.8,258.0
2021-05-07 13:40:00,NSE:MAJESCO,71.9,71.9,71.8,71.8,338.0
2021-05-07 13:45:00,NSE:MAJESCO,71.8,71.9,71.8,71.8,425.0
2021-05-07 13:50:00,NSE:MAJESCO,71.85,71.85,71.8,71.8,1233.0
2021-05-07 13:55:00,NSE:MAJESCO,71.8,72.2,71.8,72.2,18709.0
2021-05-07 14:00:00,NSE:MAJESCO,72.2,72.2,71.95,71.95,521.0
2021-05-07 14:05:00,NSE:MAJESCO,72.05,72.1,71.85,71.85,542.0
2021-05-07 14:10:00,NSE:MAJESCO,71.85,71.95,71.85,71.85,1173.0
2021-05-07 14:15:00,NSE:MAJESCO,71.85,71.95,71.85,71.95,854.0
2021-05-07 14:20:00,NSE:MAJESCO,71.95,71.95,71.8,71.9,1875.0
2021-05-07 14:25:00,NSE:MAJESCO,71.95,71.95,71.8,71.95,1102.0
2021-05-07 14:30:00,NSE:MAJESCO,71.9,71.9,71.8,71.85,16115.0
2021-05-07 14:35:00,NSE:MAJESCO,71.85,72.0,71.85,72.0,6804.0
2021-05-07 14:40:00,NSE:MAJESCO,72.0,72.05,71.9,71.95,1689.0
2021-05-07 14:45:00,NSE:MAJESCO,72.05,72.1,71.95,72.0,2365.0
2021-05-07 14:50:00,NSE:MAJESCO,72.1,72.1,72.0,72.0,5559.0
2021-05-07 14:55:00,NSE:MAJESCO,72.0,72.1,72.0,72.0,2497.0
2021-05-07 15:00:00,NSE:MAJESCO,72.0,72.1,72.0,72.0,5577.0
2021-05-07 15:05:00,NSE:MAJESCO,72.05,72.05,72.0,72.05,6308.0
2021-05-07 15:10:00,NSE:MAJESCO,72.0,72.05,72.0,72.05,3614.0
2021-05-07 15:15:00,NSE:MAJESCO,72.05,72.05,72.0,72.0,5265.0
2021-05-07 15:20:00,NSE:MAJESCO,72.05,72.05,72.0,72.0,7810.0
2021-05-07 15:25:00,NSE:MAJESCO,72.0,72.05,72.0,72.05,10262.0
2021-05-07 15:40:00,NSE:MAJESCO,72.0,72.05,72.0,72.05,1023.0
2021-05-10 09:05:00,NSE:MAJESCO,72.2,72.2,72.2,72.2,1063.0
2021-05-10 09:15:00,NSE:MAJESCO,72.2,72.25,71.7,71.8,2237.0
2021-05-10 09:20:00,NSE:MAJESCO,71.8,72.05,71.7,72.0,12659.0
2021-05-10 09:25:00,NSE:MAJESCO,71.85,71.95,71.8,71.85,3495.0
2021-05-10 09:30:00,NSE:MAJESCO,71.9,72.0,71.8,71.85,5554.0
2021-05-10 09:35:00,NSE:MAJESCO,71.85,72.0,71.8,71.8,4811.0
2021-05-10 09:40:00,NSE:MAJESCO,71.95,72.0,71.8,71.85,2787.0
2021-05-10 09:45:00,NSE:MAJESCO,71.85,71.9,71.8,71.8,4539.0
2021-05-10 09:50:00,NSE:MAJESCO,71.8,71.85,71.7,71.7,4175.0
2021-05-10 09:55:00,NSE:MAJESCO,71.7,71.85,71.7,71.75,3661.0
2021-05-10 10:00:00,NSE:MAJESCO,71.7,71.85,71.7,71.85,8583.0
2021-05-10 10:05:00,NSE:MAJESCO,71.7,71.85,71.7,71.85,2654.0
2021-05-10 10:10:00,NSE:MAJESCO,71.85,71.95,71.7,71.85,3693.0
2021-05-10 10:15:00,NSE:MAJESCO,72.0,72.0,71.85,71.85,2325.0
2021-05-10 10:20:00,NSE:MAJESCO,71.85,72.0,71.7,72.0,3679.0
2021-05-10 10:25:00,NSE:MAJESCO,72.0,72.2,72.0,72.15,3647.0
2021-05-10 10:30:00,NSE:MAJESCO,72.15,72.15,72.0,72.1,2150.0
2021-05-10 10:35:00,NSE:MAJESCO,72.05,72.15,71.95,71.95,11504.0
2021-05-10 10:40:00,NSE:MAJESCO,72.1,72.15,71.9,71.95,8080.0
2021-05-10 10:45:00,NSE:MAJESCO,72.0,72.0,71.9,71.9,5308.0
2021-05-10 10:50:00,NSE:MAJESCO,71.95,72.0,71.9,71.9,8233.0
2021-05-10 10:55:00,NSE:MAJESCO,72.0,72.0,71.9,72.0,4372.0
2021-05-10 11:00:00,NSE:MAJESCO,72.0,72.0,71.85,71.95,9684.0
2021-05-10 11:05:00,NSE:MAJESCO,71.9,72.0,71.9,72.0,3612.0
2021-05-10 11:10:00,NSE:MAJESCO,72.0,72.0,71.85,71.85,4736.0
2021-05-10 11:15:00,NSE:MAJESCO,71.85,72.0,71.85,71.9,2204.0
2021-05-10 11:20:00,NSE:MAJESCO,71.9,72.0,71.9,71.9,3118.0
2021-05-10 11:25:00,NSE:MAJESCO,72.0,72.0,71.9,71.9,3074.0
2021-05-10 11:30:00,NSE:MAJESCO,72.0,72.15,71.9,71.95,3482.0
2021-05-10 11:35:00,NSE:MAJESCO,72.0,72.1,71.95,72.1,2122.0
2021-05-10 11:40:00,NSE:MAJESCO,71.95,72.1,71.95,72.1,1882.0
2021-05-10 11:45:00,NSE:MAJESCO,72.1,72.1,71.95,72.0,1594.0
2021-05-10 11:50:00,NSE:MAJESCO,71.95,72.1,71.95,72.0,1567.0
2021-05-10 11:55:00,NSE:MAJESCO,71.95,72.1,71.9,71.95,1237.0
2021-05-10 12:00:00,NSE:MAJESCO,71.9,72.1,71.9,71.9,1116.0
2021-05-10 12:05:00,NSE:MAJESCO,71.9,72.0,71.85,71.85,3186.0
2021-05-10 12:10:00,NSE:MAJESCO,71.85,72.0,71.85,71.85,1321.0
2021-05-10 12:15:00,NSE:MAJESCO,71.85,72.1,71.85,72.0,1561.0
2021-05-10 12:20:00,NSE:MAJESCO,71.9,72.1,71.9,72.0,1156.0
2021-05-10 12:25:00,NSE:MAJESCO,71.95,72.0,71.85,71.85,3123.0
2021-05-10 12:30:00,NSE:MAJESCO,71.85,72.1,71.85,71.95,1888.0
2021-05-10 12:35:00,NSE:MAJESCO,72.1,72.15,71.95,72.0,1801.0
2021-05-10 12:40:00,NSE:MAJESCO,72.0,72.1,71.95,72.1,1573.0
2021-05-10 12:45:00,NSE:MAJESCO,72.0,72.1,71.95,71.95,1591.0
2021-05-10 12:50:00,NSE:MAJESCO,71.95,72.1,71.95,71.95,1717.0
2021-05-10 12:55:00,NSE:MAJESCO,71.95,72.0,71.95,72.0,960.0
2021-05-10 13:00:00,NSE:MAJESCO,72.0,72.05,71.95,72.0,1814.0
2021-05-10 13:05:00,NSE:MAJESCO,71.95,72.0,71.95,71.95,2620.0
2021-05-10 13:10:00,NSE:MAJESCO,72.0,72.05,71.9,71.9,2450.0
2021-05-10 13:15:00,NSE:MAJESCO,71.85,72.0,71.85,71.85,2971.0
2021-05-10 13:20:00,NSE:MAJESCO,71.9,72.05,71.9,71.9,817.0
2021-05-10 13:25:00,NSE:MAJESCO,72.0,72.0,71.9,72.0,595.0
2021-05-10 13:30:00,NSE:MAJESCO,72.0,72.0,71.85,71.85,2030.0
2021-05-10 13:35:00,NSE:MAJESCO,71.9,72.0,71.9,71.9,508.0
2021-05-10 13:40:00,NSE:MAJESCO,71.9,72.0,71.9,71.9,173.0
2021-05-10 13:45:00,NSE:MAJESCO,71.9,72.0,71.9,71.95,574.0
2021-05-10 13:50:00,NSE:MAJESCO,72.0,72.0,71.75,71.85,6949.0
2021-05-10 13:55:00,NSE:MAJESCO,71.95,71.95,71.75,71.75,1470.0
2021-05-10 14:00:00,NSE:MAJESCO,71.7,71.95,71.7,71.8,2717.0
2021-05-10 14:05:00,NSE:MAJESCO,71.8,71.9,71.75,71.75,3064.0
2021-05-10 14:10:00,NSE:MAJESCO,71.9,71.9,71.75,71.75,7204.0
2021-05-10 14:15:00,NSE:MAJESCO,71.75,71.95,71.75,71.85,8795.0
2021-05-10 14:20:00,NSE:MAJESCO,71.85,71.9,71.85,71.9,2494.0
2021-05-10 14:25:00,NSE:MAJESCO,71.85,71.9,71.75,71.9,4248.0
2021-05-10 14:30:00,NSE:MAJESCO,71.75,71.9,71.75,71.75,1045.0
2021-05-10 14:35:00,NSE:MAJESCO,71.9,71.9,71.75,71.8,747.0
2021-05-10 14:40:00,NSE:MAJESCO,71.9,71.9,71.8,71.8,952.0
2021-05-10 14:45:00,NSE:MAJESCO,71.8,71.9,71.8,71.8,1761.0
2021-05-10 14:50:00,NSE:MAJESCO,71.8,71.9,71.8,71.9,3273.0
2021-05-10 14:55:00,NSE:MAJESCO,71.95,71.95,71.8,71.9,5138.0
2021-05-10 15:00:00,NSE:MAJESCO,71.85,71.9,71.85,71.85,2465.0
2021-05-10 15:05:00,NSE:MAJESCO,71.85,71.9,71.85,71.85,3292.0
2021-05-10 15:10:00,NSE:MAJESCO,71.9,71.9,71.85,71.85,4328.0
2021-05-10 15:15:00,NSE:MAJESCO,71.8,71.9,71.8,71.85,17248.0
2021-05-10 15:20:00,NSE:MAJESCO,71.85,71.9,71.85,71.85,13727.0
2021-05-10 15:25:00,NSE:MAJESCO,71.85,72.1,71.85,72.0,15506.0
2021-05-10 15:40:00,NSE:MAJESCO,71.9,71.9,71.9,71.9,231.0
2021-05-10 15:45:00,NSE:MAJESCO,71.9,71.9,71.9,71.9,1.0
2021-05-10 15:50:00,NSE:MAJESCO,71.9,71.9,71.9,71.9,1.0
2021-05-11 09:05:00,NSE:MAJESCO,71.95,71.95,71.95,71.95,498.0
2021-05-11 09:15:00,NSE:MAJESCO,71.95,72.0,71.75,72.0,7226.0
2021-05-11 09:20:00,NSE:MAJESCO,72.05,72.15,71.8,72.15,4027.0
2021-05-11 09:25:00,NSE:MAJESCO,72.0,72.25,72.0,72.1,3559.0
2021-05-11 09:30:00,NSE:MAJESCO,72.05,72.25,71.95,72.2,6486.0
2021-05-11 09:35:00,NSE:MAJESCO,72.2,72.2,72.05,72.2,3490.0
2021-05-11 09:40:00,NSE:MAJESCO,72.15,72.4,72.05,72.35,6785.0
2021-05-11 09:45:00,NSE:MAJESCO,72.35,72.7,72.35,72.7,8953.0
2021-05-11 09:50:00,NSE:MAJESCO,72.7,74.0,72.7,74.0,39862.0
2021-05-11 09:55:00,NSE:MAJESCO,74.0,74.2,73.55,74.0,28806.0
2021-05-11 10:00:00,NSE:MAJESCO,74.1,74.15,73.7,74.1,13116.0
2021-05-11 10:05:00,NSE:MAJESCO,73.95,74.1,73.25,73.25,13452.0
2021-05-11 10:10:00,NSE:MAJESCO,73.4,73.4,73.2,73.4,11197.0
2021-05-11 10:15:00,NSE:MAJESCO,73.4,73.8,73.25,73.8,8049.0
2021-05-11 10:20:00,NSE:MAJESCO,73.6,74.2,73.3,74.1,17905.0
2021-05-11 10:25:00,NSE:MAJESCO,74.25,74.75,74.0,74.7,30851.0
2021-05-11 10:30:00,NSE:MAJESCO,74.7,74.9,74.55,74.8,16909.0
2021-05-11 10:35:00,NSE:MAJESCO,74.85,75.45,74.8,75.45,104084.0
2021-05-11 10:40:00,NSE:MAJESCO,75.45,75.45,75.45,75.45,8222.0
2021-05-11 10:45:00,NSE:MAJESCO,75.45,75.45,75.45,75.45,6096.0
2021-05-11 10:50:00,NSE:MAJESCO,75.45,75.45,75.45,75.45,5590.0
2021-05-11 10:55:00,NSE:MAJESCO,75.45,75.45,75.45,75.45,18532.0
2021-05-11 11:00:00,NSE:MAJESCO,75.45,75.45,75.45,75.45,334.0
2021-05-11 11:05:00,NSE:MAJESCO,75.45,75.45,75.45,75.45,6421.0
2021-05-11 11:10:00,NSE:MAJESCO,75.45,75.45,75.45,75.45,4742.0
2021-05-11 11:15:00,NSE:MAJESCO,75.45,75.45,75.45,75.45,3078.0
2021-05-11 11:20:00,NSE:MAJESCO,75.45,75.45,75.45,75.45,1113.0
2021-05-11 11:25:00,NSE:MAJESCO,75.45,75.45,75.45,75.45,3520.0
2021-05-11 11:30:00,NSE:MAJESCO,75.45,75.45,75.45,75.45,271.0
2021-05-11 11:35:00,NSE:MAJESCO,75.45,75.45,75.45,75.45,3755.0
2021-05-11 11:40:00,NSE:MAJESCO,75.45,75.45,75.45,75.45,456.0
2021-05-11 11:45:00,NSE:MAJESCO,75.45,75.45,75.45,75.45,1113.0
2021-05-11 11:50:00,NSE:MAJESCO,75.45,75.45,75.45,75.45,506.0
2021-05-11 11:55:00,NSE:MAJESCO,75.45,75.45,75.45,75.45,28.0
2021-05-11 12:00:00,NSE:MAJESCO,75.45,75.45,75.45,75.45,290.0
2021-05-11 12:05:00,NSE:MAJESCO,75.45,75.45,75.45,75.45,469.0
2021-05-11 12:10:00,NSE:MAJESCO,75.45,75.45,75.45,75.45,50002.0
2021-05-11 12:15:00,NSE:MAJESCO,75.45,75.45,75.45,75.45,1151.0
2021-05-11 12:20:00,NSE:MAJESCO,75.45,75.45,75.45,75.45,1274.0
2021-05-11 12:25:00,NSE:MAJESCO,75.45,75.45,75.45,75.45,1696.0
2021-05-11 12:30:00,NSE:MAJESCO,75.45,75.45,75.45,75.45,1105.0
2021-05-11 12:35:00,NSE:MAJESCO,75.45,75.45,75.45,75.45,486.0
2021-05-11 12:40:00,NSE:MAJESCO,75.45,75.45,75.45,75.45,177.0
2021-05-11 12:45:00,NSE:MAJESCO,75.45,75.45,75.45,75.45,204.0
2021-05-11 12:50:00,NSE:MAJESCO,75.45,75.45,75.45,75.45,332.0
2021-05-11 12:55:00,NSE:MAJESCO,75.45,75.45,75.45,75.45,69.0
2021-05-11 13:00:00,NSE:MAJESCO,75.45,75.45,75.45,75.45,51.0
2021-05-11 13:05:00,NSE:MAJESCO,75.45,75.45,75.45,75.45,307.0
2021-05-11 13:10:00,NSE:MAJESCO,75.45,75.45,75.45,75.45,46.0
2021-05-11 13:15:00,NSE:MAJESCO,75.45,75.45,75.45,75.45,492.0
2021-05-11 13:20:00,NSE:MAJESCO,75.45,75.45,75.45,75.45,537.0
2021-05-11 13:25:00,NSE:MAJESCO,75.45,75.45,75.45,75.45,160.0
2021-05-11 13:30:00,NSE:MAJESCO,75.45,75.45,75.45,75.45,415.0
2021-05-11 13:35:00,NSE:MAJESCO,75.45,75.45,75.45,75.45,2676.0
2021-05-11 13:40:00,NSE:MAJESCO,75.45,75.45,75.45,75.45,193.0
2021-05-11 13:45:00,NSE:MAJESCO,75.45,75.45,75.45,75.45,498.0
2021-05-11 13:50:00,NSE:MAJESCO,75.45,75.45,75.45,75.45,1175.0
2021-05-11 13:55:00,NSE:MAJESCO,75.45,75.45,75.45,75.45,1764.0
2021-05-11 14:00:00,NSE:MAJESCO,75.45,75.45,75.45,75.45,34.0
2021-05-11 14:05:00,NSE:MAJESCO,75.45,75.45,75.45,75.45,121.0
2021-05-11 14:10:00,NSE:MAJESCO,75.45,75.45,75.45,75.45,210.0
2021-05-11 14:15:00,NSE:MAJESCO,75.45,75.45,75.45,75.45,2816.0
2021-05-11 14:20:00,NSE:MAJESCO,75.45,75.45,75.45,75.45,43.0
2021-05-11 14:25:00,NSE:MAJESCO,75.45,75.45,75.45,75.45,55.0
2021-05-11 14:30:00,NSE:MAJESCO,75.45,75.45,75.45,75.45,615.0
2021-05-11 14:35:00,NSE:MAJESCO,75.45,75.45,75.45,75.45,50.0
2021-05-11 14:40:00,NSE:MAJESCO,75.45,75.45,75.45,75.45,55.0
2021-05-11 14:45:00,NSE:MAJESCO,75.45,75.45,75.45,75.45,592.0
2021-05-11 14:50:00,NSE:MAJESCO,75.45,75.45,75.45,75.45,214.0
2021-05-11 14:55:00,NSE:MAJESCO,75.45,75.45,75.45,75.45,140.0
2021-05-11 15:00:00,NSE:MAJESCO,75.45,75.45,75.45,75.45,2559.0
2021-05-11 15:05:00,NSE:MAJESCO,75.45,75.45,75.45,75.45,1465.0
2021-05-11 15:10:00,NSE:MAJESCO,75.45,75.45,75.45,75.45,173.0
2021-05-11 15:15:00,NSE:MAJESCO,75.45,75.45,75.45,75.45,694.0
2021-05-11 15:20:00,NSE:MAJESCO,75.45,75.45,75.45,75.45,1381.0
2021-05-11 15:25:00,NSE:MAJESCO,75.45,75.45,75.45,75.45,206.0
2021-05-11 15:40:00,NSE:MAJESCO,75.45,75.45,75.45,75.45,19.0
2021-05-11 15:50:00,NSE:MAJESCO,75.45,75.45,75.45,75.45,10.0
2021-05-12 09:05:00,NSE:MAJESCO,76.9,76.9,76.9,76.9,38881.0
2021-05-12 09:15:00,NSE:MAJESCO,76.8,77.7,76.6,77.35,107332.0
2021-05-12 09:20:00,NSE:MAJESCO,77.35,77.95,77.05,77.95,45425.0
2021-05-12 09:25:00,NSE:MAJESCO,77.95,78.85,77.7,78.8,100438.0
2021-05-12 09:30:00,NSE:MAJESCO,78.8,79.2,78.55,78.8,316277.0
2021-05-12 09:35:00,NSE:MAJESCO,78.8,78.85,77.3,77.45,54389.0
2021-05-12 09:40:00,NSE:MAJESCO,77.5,77.8,77.4,77.75,30825.0
2021-05-12 09:45:00,NSE:MAJESCO,77.75,78.0,77.4,77.75,28874.0
2021-05-12 09:50:00,NSE:MAJESCO,77.8,78.45,77.8,78.3,22640.0
2021-05-12 09:55:00,NSE:MAJESCO,78.3,78.3,77.8,77.85,11313.0
2021-05-12 10:00:00,NSE:MAJESCO,77.85,77.9,77.6,77.8,11136.0
2021-05-12 10:05:00,NSE:MAJESCO,77.65,78.0,77.25,77.25,21288.0
2021-05-12 10:10:00,NSE:MAJESCO,77.25,77.5,77.25,77.3,9354.0
2021-05-12 10:15:00,NSE:MAJESCO,77.3,77.45,77.25,77.3,9922.0
2021-05-12 10:20:00,NSE:MAJESCO,77.3,77.45,76.9,76.9,41009.0
2021-05-12 10:25:00,NSE:MAJESCO,77.0,77.0,76.7,76.7,14863.0
2021-05-12 10:30:00,NSE:MAJESCO,76.8,76.8,76.25,76.3,16369.0
2021-05-12 10:35:00,NSE:MAJESCO,76.25,77.0,76.25,76.95,10089.0
2021-05-12 10:40:00,NSE:MAJESCO,77.0,77.1,76.9,77.0,5271.0
2021-05-12 10:45:00,NSE:MAJESCO,76.9,77.0,76.5,76.55,7979.0
2021-05-12 10:50:00,NSE:MAJESCO,76.95,77.0,76.6,76.95,3962.0
2021-05-12 10:55:00,NSE:MAJESCO,76.9,77.0,76.55,76.8,7751.0
2021-05-12 11:00:00,NSE:MAJESCO,76.8,77.0,76.25,77.0,27295.0
2021-05-12 11:05:00,NSE:MAJESCO,77.0,77.0,76.7,77.0,8962.0
2021-05-12 11:10:00,NSE:MAJESCO,76.75,77.0,76.75,77.0,5098.0
2021-05-12 11:15:00,NSE:MAJESCO,76.8,77.0,76.8,76.9,3083.0
2021-05-12 11:20:00,NSE:MAJESCO,76.95,77.0,76.7,76.75,5710.0
2021-05-12 11:25:00,NSE:MAJESCO,76.95,77.0,76.75,76.95,3760.0
2021-05-12 11:30:00,NSE:MAJESCO,76.95,76.95,76.8,76.85,3335.0
2021-05-12 11:35:00,NSE:MAJESCO,77.0,77.05,76.85,77.0,16960.0
2021-05-12 11:40:00,NSE:MAJESCO,77.0,77.0,75.7,75.9,47125.0
2021-05-12 11:45:00,NSE:MAJESCO,75.9,76.6,75.75,76.45,16341.0
2021-05-12 11:50:00,NSE:MAJESCO,76.2,76.7,76.2,76.2,3110.0
2021-05-12 11:55:00,NSE:MAJESCO,76.7,76.8,76.2,76.5,3477.0
2021-05-12 12:00:00,NSE:MAJESCO,76.8,76.8,76.4,76.4,1937.0
2021-05-12 12:05:00,NSE:MAJESCO,76.4,76.55,76.3,76.5,1652.0
2021-05-12 12:10:00,NSE:MAJESCO,76.5,76.55,76.35,76.5,2475.0
2021-05-12 12:15:00,NSE:MAJESCO,76.5,76.55,76.35,76.55,2200.0
2021-05-12 12:20:00,NSE:MAJESCO,76.55,76.55,76.4,76.5,5501.0
2021-05-12 12:25:00,NSE:MAJESCO,76.5,76.6,76.35,76.35,1496.0
2021-05-12 12:30:00,NSE:MAJESCO,76.55,76.6,76.4,76.5,6945.0
2021-05-12 12:35:00,NSE:MAJESCO,76.5,76.6,76.45,76.5,1615.0
2021-05-12 12:40:00,NSE:MAJESCO,76.45,76.6,76.35,76.6,3460.0
2021-05-12 12:45:00,NSE:MAJESCO,76.6,76.6,76.3,76.3,2999.0
2021-05-12 12:50:00,NSE:MAJESCO,76.35,76.6,76.3,76.3,5767.0
2021-05-12 12:55:00,NSE:MAJESCO,76.35,76.6,76.35,76.5,910.0
2021-05-12 13:00:00,NSE:MAJESCO,76.5,76.55,76.4,76.4,4645.0
2021-05-12 13:05:00,NSE:MAJESCO,76.5,76.7,76.4,76.45,6156.0
2021-05-12 13:10:00,NSE:MAJESCO,76.5,76.8,76.5,76.6,1832.0
2021-05-12 13:15:00,NSE:MAJESCO,76.6,76.85,76.6,76.7,771.0
2021-05-12 13:20:00,NSE:MAJESCO,76.7,76.85,76.7,76.85,3602.0
2021-05-12 13:25:00,NSE:MAJESCO,76.85,76.9,76.7,76.9,1893.0
2021-05-12 13:30:00,NSE:MAJESCO,76.9,76.9,76.7,76.8,1362.0
2021-05-12 13:35:00,NSE:MAJESCO,76.8,76.9,76.6,76.8,2504.0
2021-05-12 13:40:00,NSE:MAJESCO,76.8,76.8,76.5,76.5,1140.0
2021-05-12 13:45:00,NSE:MAJESCO,76.5,76.85,76.5,76.8,2042.0
2021-05-12 13:50:00,NSE:MAJESCO,76.8,76.85,76.8,76.8,1282.0
2021-05-12 13:55:00,NSE:MAJESCO,76.8,76.85,76.8,76.85,2967.0
2021-05-12 14:00:00,NSE:MAJESCO,76.8,76.85,76.8,76.8,2489.0
2021-05-12 14:05:00,NSE:MAJESCO,76.85,76.95,76.6,76.9,3609.0
2021-05-12 14:10:00,NSE:MAJESCO,76.6,76.95,76.6,76.9,2224.0
2021-05-12 14:15:00,NSE:MAJESCO,76.75,76.95,76.55,76.85,4444.0
2021-05-12 14:20:00,NSE:MAJESCO,76.8,76.95,76.8,76.9,1417.0
2021-05-12 14:25:00,NSE:MAJESCO,76.8,76.95,76.8,76.9,4403.0
2021-05-12 14:30:00,NSE:MAJESCO,76.9,76.9,76.65,76.65,1190.0
2021-05-12 14:35:00,NSE:MAJESCO,76.85,76.9,76.65,76.65,908.0
2021-05-12 14:40:00,NSE:MAJESCO,76.85,76.95,76.65,76.9,4221.0
2021-05-12 14:45:00,NSE:MAJESCO,76.7,76.9,76.65,76.75,2117.0
2021-05-12 14:50:00,NSE:MAJESCO,76.75,76.8,76.65,76.8,8390.0
2021-05-12 14:55:00,NSE:MAJESCO,76.8,76.8,76.6,76.6,3153.0
2021-05-12 15:00:00,NSE:MAJESCO,76.6,76.6,76.5,76.55,7081.0
2021-05-12 15:05:00,NSE:MAJESCO,76.6,76.6,76.0,76.3,6111.0
2021-05-12 15:10:00,NSE:MAJESCO,76.45,76.5,76.05,76.1,2236.0
2021-05-12 15:15:00,NSE:MAJESCO,76.1,76.45,76.1,76.25,3412.0
2021-05-12 15:20:00,NSE:MAJESCO,76.4,76.45,76.2,76.4,11056.0
2021-05-12 15:25:00,NSE:MAJESCO,76.4,76.45,76.1,76.4,12447.0
2021-05-12 15:30:00,NSE:MAJESCO,76.4,76.4,76.4,76.4,100.0
2021-05-12 15:40:00,NSE:MAJESCO,76.35,76.35,76.35,76.35,860.0
2021-05-12 15:50:00,NSE:MAJESCO,76.35,76.35,76.35,76.35,314.0
2021-05-14 09:05:00,NSE:MAJESCO,76.75,76.75,76.75,76.75,1973.0
2021-05-14 09:15:00,NSE:MAJESCO,76.8,78.6,76.8,77.2,15398.0
2021-05-14 09:20:00,NSE:MAJESCO,77.4,77.4,76.65,76.75,16265.0
2021-05-14 09:25:00,NSE:MAJESCO,76.75,76.75,76.15,76.5,16270.0
2021-05-14 09:30:00,NSE:MAJESCO,76.5,76.5,75.6,75.75,30672.0
2021-05-14 09:35:00,NSE:MAJESCO,75.6,75.85,75.6,75.85,11212.0
2021-05-14 09:40:00,NSE:MAJESCO,75.85,75.9,75.6,75.8,5531.0
2021-05-14 09:45:00,NSE:MAJESCO,75.8,75.85,75.6,75.85,2059.0
2021-05-14 09:50:00,NSE:MAJESCO,75.8,75.85,75.6,75.75,4844.0
2021-05-14 09:55:00,NSE:MAJESCO,75.8,75.85,75.6,75.8,3096.0
2021-05-14 10:00:00,NSE:MAJESCO,75.8,75.8,75.7,75.7,1602.0
2021-05-14 10:05:00,NSE:MAJESCO,75.7,75.9,75.65,75.85,3251.0
2021-05-14 10:10:00,NSE:MAJESCO,75.85,75.85,75.7,75.7,2034.0
2021-05-14 10:15:00,NSE:MAJESCO,75.6,75.75,75.6,75.65,2161.0
2021-05-14 10:20:00,NSE:MAJESCO,75.65,75.9,75.65,75.8,4866.0
2021-05-14 10:25:00,NSE:MAJESCO,75.8,75.8,75.65,75.8,3896.0
2021-05-14 10:30:00,NSE:MAJESCO,75.8,75.85,75.65,75.8,3518.0
2021-05-14 10:35:00,NSE:MAJESCO,75.7,75.85,75.7,75.85,1598.0
2021-05-14 10:40:00,NSE:MAJESCO,75.85,75.85,75.65,75.65,1202.0
2021-05-14 10:45:00,NSE:MAJESCO,75.7,75.8,75.65,75.65,927.0
2021-05-14 10:50:00,NSE:MAJESCO,75.65,75.75,75.3,75.7,79679.0
2021-05-14 10:55:00,NSE:MAJESCO,75.5,75.7,75.5,75.7,914.0
2021-05-14 11:00:00,NSE:MAJESCO,75.65,75.65,75.55,75.65,1956.0
2021-05-14 11:05:00,NSE:MAJESCO,75.6,75.65,75.6,75.65,2565.0
2021-05-14 11:10:00,NSE:MAJESCO,75.65,75.75,75.6,75.75,1249.0
2021-05-14 11:15:00,NSE:MAJESCO,75.75,75.75,75.6,75.6,5571.0
2021-05-14 11:20:00,NSE:MAJESCO,75.6,75.8,75.55,75.75,1384.0
2021-05-14 11:25:00,NSE:MAJESCO,75.75,75.85,75.75,75.75,1981.0
2021-05-14 11:30:00,NSE:MAJESCO,75.85,75.9,75.75,75.85,1513.0
2021-05-14 11:35:00,NSE:MAJESCO,75.85,75.9,75.55,75.6,7311.0
2021-05-14 11:40:00,NSE:MAJESCO,75.6,75.7,75.55,75.55,10072.0
2021-05-14 11:45:00,NSE:MAJESCO,75.6,75.6,75.55,75.6,13131.0
2021-05-14 11:50:00,NSE:MAJESCO,75.6,75.6,75.55,75.55,504.0
2021-05-14 11:55:00,NSE:MAJESCO,75.55,75.6,75.55,75.6,1182.0
2021-05-14 12:00:00,NSE:MAJESCO,75.65,75.65,75.55,75.55,785.0
2021-05-14 12:05:00,NSE:MAJESCO,75.55,75.7,75.55,75.55,8604.0
2021-05-14 12:10:00,NSE:MAJESCO,75.55,75.7,75.55,75.55,1514.0
2021-05-14 12:15:00,NSE:MAJESCO,75.6,75.65,75.55,75.55,2178.0
2021-05-14 12:20:00,NSE:MAJESCO,75.6,75.7,75.55,75.55,1394.0
2021-05-14 12:25:00,NSE:MAJESCO,75.6,75.65,75.55,75.65,389.0
2021-05-14 12:30:00,NSE:MAJESCO,75.65,75.65,75.6,75.65,1843.0
2021-05-14 12:35:00,NSE:MAJESCO,75.7,75.75,75.55,75.65,9388.0
2021-05-14 12:40:00,NSE:MAJESCO,75.8,75.8,75.55,75.65,991.0
2021-05-14 12:45:00,NSE:MAJESCO,75.6,75.8,75.55,75.75,2467.0
2021-05-14 12:50:00,NSE:MAJESCO,75.75,75.75,75.65,75.7,823.0
2021-05-14 12:55:00,NSE:MAJESCO,75.7,75.75,75.6,75.6,782.0
2021-05-14 13:00:00,NSE:MAJESCO,75.75,75.75,75.6,75.7,326.0
2021-05-14 13:05:00,NSE:MAJESCO,75.7,75.7,75.6,75.6,2372.0
2021-05-14 13:10:00,NSE:MAJESCO,75.65,75.9,75.6,75.6,2020.0
2021-05-14 13:15:00,NSE:MAJESCO,75.65,75.7,75.6,75.7,493.0
2021-05-14 13:20:00,NSE:MAJESCO,75.7,75.7,75.6,75.7,808.0
2021-05-14 13:25:00,NSE:MAJESCO,75.7,75.75,75.6,75.75,1361.0
2021-05-14 13:30:00,NSE:MAJESCO,75.75,75.8,75.6,75.7,417.0
2021-05-14 13:35:00,NSE:MAJESCO,75.8,75.8,75.6,75.65,1432.0
2021-05-14 13:40:00,NSE:MAJESCO,75.6,75.65,75.6,75.65,1876.0
2021-05-14 13:45:00,NSE:MAJESCO,75.65,75.8,75.65,75.8,101.0
2021-05-14 13:50:00,NSE:MAJESCO,75.8,75.8,75.65,75.75,569.0
2021-05-14 13:55:00,NSE:MAJESCO,75.65,75.8,75.65,75.75,363.0
2021-05-14 14:00:00,NSE:MAJESCO,75.75,75.75,75.65,75.7,794.0
2021-05-14 14:05:00,NSE:MAJESCO,75.75,75.75,75.65,75.7,3252.0
2021-05-14 14:10:00,NSE:MAJESCO,75.75,75.75,75.7,75.7,3208.0
2021-05-14 14:15:00,NSE:MAJESCO,75.7,75.7,75.65,75.65,815.0
2021-05-14 14:20:00,NSE:MAJESCO,75.65,75.7,75.65,75.65,491.0
2021-05-14 14:25:00,NSE:MAJESCO,75.7,75.7,75.65,75.65,1190.0
2021-05-14 14:30:00,NSE:MAJESCO,75.65,75.85,75.65,75.8,4091.0
2021-05-14 14:35:00,NSE:MAJESCO,75.85,75.85,75.8,75.85,766.0
2021-05-14 14:40:00,NSE:MAJESCO,75.8,75.85,75.8,75.85,438.0
2021-05-14 14:45:00,NSE:MAJESCO,75.9,75.9,75.8,75.9,6889.0
2021-05-14 14:50:00,NSE:MAJESCO,75.85,75.9,75.85,75.9,7797.0
2021-05-14 14:55:00,NSE:MAJESCO,75.85,75.9,75.85,75.85,3144.0
2021-05-14 15:00:00,NSE:MAJESCO,75.85,75.9,75.85,75.9,13532.0
2021-05-14 15:05:00,NSE:MAJESCO,75.85,75.9,75.85,75.85,1623.0
2021-05-14 15:10:00,NSE:MAJESCO,75.85,75.9,75.85,75.9,3395.0
2021-05-14 15:15:00,NSE:MAJESCO,75.85,75.9,75.85,75.9,12834.0
2021-05-14 15:20:00,NSE:MAJESCO,75.85,75.9,75.8,75.8,4978.0
2021-05-14 15:25:00,NSE:MAJESCO,75.85,75.9,75.8,75.9,14352.0
2021-05-14 15:40:00,NSE:MAJESCO,75.85,75.9,75.85,75.85,493.0
2021-05-14 15:45:00,NSE:MAJESCO,75.85,75.85,75.85,75.85,1985.0
2021-05-14 15:55:00,NSE:MAJESCO,75.85,75.85,75.85,75.85,200.0
2021-05-17 09:05:00,NSE:MAJESCO,75.05,75.05,75.05,75.05,934.0
2021-05-17 09:15:00,NSE:MAJESCO,75.85,75.85,75.25,75.35,10031.0
2021-05-17 09:20:00,NSE:MAJESCO,75.5,75.7,75.45,75.6,3592.0
2021-05-17 09:25:00,NSE:MAJESCO,75.6,75.6,75.5,75.6,7360.0
2021-05-17 09:30:00,NSE:MAJESCO,75.65,75.65,75.45,75.45,4266.0
2021-05-17 09:35:00,NSE:MAJESCO,75.6,75.6,75.45,75.45,1687.0
2021-05-17 09:40:00,NSE:MAJESCO,75.45,75.5,75.45,75.45,2708.0
2021-05-17 09:45:00,NSE:MAJESCO,75.45,75.65,75.45,75.45,6164.0
2021-05-17 09:50:00,NSE:MAJESCO,75.5,75.65,75.45,75.65,3571.0
2021-05-17 09:55:00,NSE:MAJESCO,75.65,75.65,75.45,75.6,1388.0
2021-05-17 10:00:00,NSE:MAJESCO,75.5,75.6,75.45,75.6,568.0
2021-05-17 10:05:00,NSE:MAJESCO,75.6,75.6,75.45,75.45,1948.0
2021-05-17 10:10:00,NSE:MAJESCO,75.5,75.5,75.45,75.5,1707.0
2021-05-17 10:15:00,NSE:MAJESCO,75.45,75.5,75.45,75.45,4471.0
2021-05-17 10:20:00,NSE:MAJESCO,75.45,75.6,75.45,75.45,1419.0
2021-05-17 10:25:00,NSE:MAJESCO,75.45,75.6,75.45,75.45,1747.0
2021-05-17 10:30:00,NSE:MAJESCO,75.45,75.6,75.45,75.5,1243.0
2021-05-17 10:35:00,NSE:MAJESCO,75.5,75.6,75.5,75.55,1316.0
2021-05-17 10:40:00,NSE:MAJESCO,75.55,75.6,75.55,75.55,2773.0
2021-05-17 10:45:00,NSE:MAJESCO,75.55,75.65,75.55,75.55,1281.0
2021-05-17 10:50:00,NSE:MAJESCO,75.55,75.65,75.55,75.65,570.0
2021-05-17 10:55:00,NSE:MAJESCO,75.55,75.65,75.5,75.5,7906.0
2021-05-17 11:00:00,NSE:MAJESCO,75.65,75.65,75.5,75.5,846.0
2021-05-17 11:05:00,NSE:MAJESCO,75.5,75.65,75.5,75.5,325.0
2021-05-17 11:10:00,NSE:MAJESCO,75.65,75.65,75.5,75.55,461.0
2021-05-17 11:15:00,NSE:MAJESCO,75.55,75.65,75.55,75.65,1449.0
2021-05-17 11:20:00,NSE:MAJESCO,75.6,75.7,75.55,75.7,1615.0
2021-05-17 11:25:00,NSE:MAJESCO,75.7,75.7,75.6,75.6,1275.0
2021-05-17 11:30:00,NSE:MAJESCO,75.6,75.7,75.55,75.55,680.0
2021-05-17 11:35:00,NSE:MAJESCO,75.55,75.7,75.55,75.55,3152.0
2021-05-17 11:40:00,NSE:MAJESCO,75.55,75.8,75.55,75.6,2527.0
2021-05-17 11:45:00,NSE:MAJESCO,75.6,75.8,75.6,75.6,354.0
2021-05-17 11:50:00,NSE:MAJESCO,75.65,75.8,75.65,75.75,421.0
2021-05-17 11:55:00,NSE:MAJESCO,75.75,75.8,75.6,75.6,2183.0
2021-05-17 12:00:00,NSE:MAJESCO,75.7,75.75,75.6,75.6,2281.0
2021-05-17 12:05:00,NSE:MAJESCO,75.6,75.75,75.6,75.65,1000.0
2021-05-17 12:10:00,NSE:MAJESCO,75.6,75.8,75.55,75.6,1497.0
2021-05-17 12:15:00,NSE:MAJESCO,75.6,75.75,75.6,75.65,1710.0
2021-05-17 12:20:00,NSE:MAJESCO,75.65,75.8,75.55,75.65,1553.0
2021-05-17 12:25:00,NSE:MAJESCO,75.65,75.8,75.6,75.6,440.0
2021-05-17 12:30:00,NSE:MAJESCO,75.7,75.7,75.6,75.6,1314.0
2021-05-17 12:35:00,NSE:MAJESCO,75.6,75.6,75.6,75.6,375.0
2021-05-17 12:40:00,NSE:MAJESCO,75.6,75.7,75.6,75.65,759.0
2021-05-17 12:45:00,NSE:MAJESCO,75.65,75.7,75.6,75.65,515.0
2021-05-17 12:50:00,NSE:MAJESCO,75.65,75.7,75.6,75.6,6612.0
2021-05-17 12:55:00,NSE:MAJESCO,75.6,75.75,75.6,75.6,610.0
2021-05-17 13:00:00,NSE:MAJESCO,75.6,75.7,75.6,75.6,6074.0
2021-05-17 13:05:00,NSE:MAJESCO,75.7,75.7,75.6,75.7,950.0
2021-05-17 13:10:00,NSE:MAJESCO,75.6,75.7,75.6,75.6,1766.0
2021-05-17 13:15:00,NSE:MAJESCO,75.6,75.8,75.6,75.8,1601.0
2021-05-17 13:20:00,NSE:MAJESCO,75.7,75.75,75.65,75.65,300.0
2021-05-17 13:25:00,NSE:MAJESCO,75.65,75.65,75.6,75.65,1128.0
2021-05-17 13:30:00,NSE:MAJESCO,75.6,75.7,75.6,75.6,1355.0
2021-05-17 13:35:00,NSE:MAJESCO,75.6,75.7,75.6,75.6,3710.0
2021-05-17 13:40:00,NSE:MAJESCO,75.6,75.7,75.6,75.6,511.0
2021-05-17 13:45:00,NSE:MAJESCO,75.7,75.75,75.6,75.65,1053.0
2021-05-17 13:50:00,NSE:MAJESCO,75.65,75.75,75.65,75.65,708.0
2021-05-17 13:55:00,NSE:MAJESCO,75.6,75.75,75.6,75.6,3107.0
2021-05-17 14:00:00,NSE:MAJESCO,75.6,75.75,75.6,75.75,974.0
2021-05-17 14:05:00,NSE:MAJESCO,75.6,75.7,75.6,75.6,332.0
2021-05-17 14:10:00,NSE:MAJESCO,75.7,75.7,75.6,75.6,2913.0
2021-05-17 14:15:00,NSE:MAJESCO,75.6,75.75,75.6,75.6,245.0
2021-05-17 14:20:00,NSE:MAJESCO,75.6,75.75,75.6,75.6,3029.0
2021-05-17 14:25:00,NSE:MAJESCO,75.65,75.65,75.6,75.65,377.0
2021-05-17 14:30:00,NSE:MAJESCO,75.65,75.75,75.6,75.65,4469.0
2021-05-17 14:35:00,NSE:MAJESCO,75.65,75.7,75.65,75.7,965.0
2021-05-17 14:40:00,NSE:MAJESCO,75.65,75.75,75.6,75.65,2334.0
2021-05-17 14:45:00,NSE:MAJESCO,75.75,75.75,75.6,75.6,1405.0
2021-05-17 14:50:00,NSE:MAJESCO,75.6,75.7,75.6,75.6,1034.0
2021-05-17 14:55:00,NSE:MAJESCO,75.6,75.7,75.6,75.6,7310.0
2021-05-17 15:00:00,NSE:MAJESCO,75.6,75.75,75.6,75.75,5143.0
2021-05-17 15:05:00,NSE:MAJESCO,75.75,75.75,75.6,75.6,11731.0
2021-05-17 15:10:00,NSE:MAJESCO,75.6,75.7,75.6,75.7,3799.0
2021-05-17 15:15:00,NSE:MAJESCO,75.6,75.75,75.6,75.6,10066.0
2021-05-17 15:20:00,NSE:MAJESCO,75.65,75.7,75.65,75.65,1661.0
2021-05-17 15:25:00,NSE:MAJESCO,75.7,75.7,75.6,75.6,7450.0
2021-05-17 15:40:00,NSE:MAJESCO,75.6,75.6,75.6,75.6,302.0
2021-05-17 15:45:00,NSE:MAJESCO,75.6,75.6,75.6,75.6,1584.0
2021-05-18 09:05:00,NSE:MAJESCO,75.6,75.6,75.6,75.6,851.0
2021-05-18 09:15:00,NSE:MAJESCO,75.55,75.95,75.25,75.8,3908.0
2021-05-18 09:20:00,NSE:MAJESCO,75.8,75.95,75.75,75.75,835.0
2021-05-18 09:25:00,NSE:MAJESCO,75.85,75.9,75.75,75.9,1353.0
2021-05-18 09:30:00,NSE:MAJESCO,75.9,75.95,75.75,75.9,3673.0
2021-05-18 09:35:00,NSE:MAJESCO,75.9,75.95,75.75,75.75,1730.0
2021-05-18 09:40:00,NSE:MAJESCO,75.8,76.0,75.8,75.9,4092.0
2021-05-18 09:45:00,NSE:MAJESCO,76.0,76.0,75.85,75.95,2072.0
2021-05-18 09:50:00,NSE:MAJESCO,75.95,76.0,75.9,75.95,1232.0
2021-05-18 09:55:00,NSE:MAJESCO,75.95,76.0,75.9,75.9,2758.0
2021-05-18 10:00:00,NSE:MAJESCO,76.0,76.05,75.9,76.05,8892.0
2021-05-18 10:05:00,NSE:MAJESCO,76.05,76.05,75.95,76.0,2858.0
2021-05-18 10:10:00,NSE:MAJESCO,75.95,76.0,75.95,75.95,1049.0
2021-05-18 10:15:00,NSE:MAJESCO,76.0,76.0,75.95,75.95,1467.0
2021-05-18 10:20:00,NSE:MAJESCO,75.95,76.05,75.95,76.0,9219.0
2021-05-18 10:25:00,NSE:MAJESCO,75.95,76.2,75.95,76.05,3592.0
2021-05-18 10:30:00,NSE:MAJESCO,76.05,76.25,76.0,76.1,1105.0
2021-05-18 10:35:00,NSE:MAJESCO,76.15,76.75,76.05,76.7,9776.0
2021-05-18 10:40:00,NSE:MAJESCO,76.7,76.8,76.4,76.65,12121.0
2021-05-18 10:45:00,NSE:MAJESCO,76.65,76.75,76.55,76.55,2469.0
2021-05-18 10:50:00,NSE:MAJESCO,76.65,76.65,76.45,76.6,1814.0
2021-05-18 10:55:00,NSE:MAJESCO,76.5,76.7,76.4,76.4,2852.0
2021-05-18 11:00:00,NSE:MAJESCO,76.35,76.4,76.2,76.3,1883.0
2021-05-18 11:05:00,NSE:MAJESCO,76.35,76.4,76.25,76.3,737.0
2021-05-18 11:10:00,NSE:MAJESCO,76.25,76.4,76.25,76.4,2540.0
2021-05-18 11:15:00,NSE:MAJESCO,76.4,76.4,76.25,76.25,930.0
2021-05-18 11:20:00,NSE:MAJESCO,76.3,76.3,76.15,76.15,21259.0
2021-05-18 11:25:00,NSE:MAJESCO,76.3,76.3,76.1,76.3,926.0
2021-05-18 11:30:00,NSE:MAJESCO,76.3,76.45,76.2,76.45,2159.0
2021-05-18 11:35:00,NSE:MAJESCO,76.45,76.45,76.25,76.3,2011.0
2021-05-18 11:40:00,NSE:MAJESCO,76.25,76.4,76.25,76.4,399.0
2021-05-18 11:45:00,NSE:MAJESCO,76.4,76.4,76.3,76.3,1269.0
2021-05-18 11:50:00,NSE:MAJESCO,76.4,76.4,76.25,76.25,989.0
2021-05-18 11:55:00,NSE:MAJESCO,76.25,76.35,76.25,76.35,1148.0
2021-05-18 12:00:00,NSE:MAJESCO,76.35,76.35,76.25,76.35,2245.0
2021-05-18 12:05:00,NSE:MAJESCO,76.25,76.35,76.25,76.3,1106.0
2021-05-18 12:10:00,NSE:MAJESCO,76.25,76.5,76.25,76.4,3058.0
2021-05-18 12:15:00,NSE:MAJESCO,76.4,76.5,76.3,76.35,1574.0
2021-05-18 12:20:00,NSE:MAJESCO,76.35,76.4,76.25,76.25,2289.0
2021-05-18 12:25:00,NSE:MAJESCO,76.25,76.4,76.25,76.3,618.0
2021-05-18 12:30:00,NSE:MAJESCO,76.35,76.4,76.25,76.4,1804.0
2021-05-18 12:35:00,NSE:MAJESCO,76.25,76.4,76.25,76.25,969.0
2021-05-18 12:40:00,NSE:MAJESCO,76.25,76.4,76.25,76.4,320.0
2021-05-18 12:45:00,NSE:MAJESCO,76.4,76.45,76.25,76.4,2500.0
2021-05-18 12:50:00,NSE:MAJESCO,76.3,76.3,76.25,76.25,7300.0
2021-05-18 12:55:00,NSE:MAJESCO,76.3,76.45,76.3,76.3,1923.0
2021-05-18 13:00:00,NSE:MAJESCO,76.25,76.35,76.25,76.35,929.0
2021-05-18 13:05:00,NSE:MAJESCO,76.3,76.35,76.25,76.35,484.0
2021-05-18 13:10:00,NSE:MAJESCO,76.25,76.3,76.25,76.3,1810.0
2021-05-18 13:15:00,NSE:MAJESCO,76.25,76.3,76.25,76.3,1463.0
2021-05-18 13:20:00,NSE:MAJESCO,76.25,76.3,76.25,76.3,978.0
2021-05-18 13:25:00,NSE:MAJESCO,76.25,76.3,76.25,76.25,4752.0
2021-05-18 13:30:00,NSE:MAJESCO,76.25,76.3,76.25,76.25,7935.0
2021-05-18 13:35:00,NSE:MAJESCO,76.25,76.3,76.25,76.25,1251.0
2021-05-18 13:40:00,NSE:MAJESCO,76.25,76.3,76.25,76.25,1409.0
2021-05-18 13:45:00,NSE:MAJESCO,76.25,76.3,76.25,76.25,14727.0
2021-05-18 13:50:00,NSE:MAJESCO,76.3,76.3,76.25,76.3,105.0
2021-05-18 13:55:00,NSE:MAJESCO,76.3,76.3,76.25,76.3,1315.0
2021-05-18 14:00:00,NSE:MAJESCO,76.3,76.3,76.25,76.25,1508.0
2021-05-18 14:05:00,NSE:MAJESCO,76.25,76.3,76.25,76.25,2020.0
2021-05-18 14:10:00,NSE:MAJESCO,76.3,76.3,76.25,76.3,1520.0
2021-05-18 14:15:00,NSE:MAJESCO,76.3,76.3,76.25,76.25,1417.0
2021-05-18 14:20:00,NSE:MAJESCO,76.3,76.35,76.2,76.2,12303.0
2021-05-18 14:25:00,NSE:MAJESCO,76.2,76.3,76.2,76.3,746.0
2021-05-18 14:30:00,NSE:MAJESCO,76.3,76.3,76.2,76.25,3622.0
2021-05-18 14:35:00,NSE:MAJESCO,76.3,76.35,76.2,76.3,1422.0
2021-05-18 14:40:00,NSE:MAJESCO,76.3,76.3,76.2,76.25,1331.0
2021-05-18 14:45:00,NSE:MAJESCO,76.25,76.35,76.25,76.35,1171.0
2021-05-18 14:50:00,NSE:MAJESCO,76.35,76.4,76.25,76.25,1232.0
2021-05-18 14:55:00,NSE:MAJESCO,76.25,76.35,76.25,76.25,813.0
2021-05-18 15:00:00,NSE:MAJESCO,76.25,76.45,76.25,76.25,3525.0
2021-05-18 15:05:00,NSE:MAJESCO,76.25,76.4,76.25,76.3,1594.0
2021-05-18 15:10:00,NSE:MAJESCO,76.25,76.45,76.25,76.3,8850.0
2021-05-18 15:15:00,NSE:MAJESCO,76.35,76.4,76.3,76.3,2661.0
2021-05-18 15:20:00,NSE:MAJESCO,76.4,76.4,76.3,76.35,5183.0
2021-05-18 15:25:00,NSE:MAJESCO,76.3,76.9,76.3,76.5,70433.0
2021-05-18 15:30:00,NSE:MAJESCO,76.5,76.5,76.5,76.5,200.0
2021-05-18 15:40:00,NSE:MAJESCO,76.45,76.45,76.45,76.45,486.0
2021-05-18 15:55:00,NSE:MAJESCO,76.45,76.5,76.45,76.5,218.0
2021-05-19 09:05:00,NSE:MAJESCO,80.25,80.25,80.25,80.25,242841.0
2021-05-19 09:15:00,NSE:MAJESCO,79.95,79.95,78.5,79.75,252585.0
2021-05-19 09:20:00,NSE:MAJESCO,79.45,79.45,78.3,78.4,109478.0
2021-05-19 09:25:00,NSE:MAJESCO,78.35,78.85,77.8,78.45,97268.0
2021-05-19 09:30:00,NSE:MAJESCO,78.45,78.75,78.25,78.6,49747.0
2021-05-19 09:35:00,NSE:MAJESCO,78.6,78.6,78.35,78.5,26683.0
2021-05-19 09:40:00,NSE:MAJESCO,78.4,78.6,78.35,78.5,30689.0
2021-05-19 09:45:00,NSE:MAJESCO,78.5,78.5,77.7,78.45,74028.0
2021-05-19 09:50:00,NSE:MAJESCO,78.45,78.45,76.8,77.5,124906.0
2021-05-19 09:55:00,NSE:MAJESCO,77.5,78.4,77.45,77.55,75868.0
2021-05-19 10:00:00,NSE:MAJESCO,77.8,77.8,76.85,77.55,57964.0
2021-05-19 10:05:00,NSE:MAJESCO,77.35,77.7,76.95,77.35,27135.0
2021-05-19 10:10:00,NSE:MAJESCO,77.25,77.4,76.9,77.15,41568.0
2021-05-19 10:15:00,NSE:MAJESCO,77.2,77.45,77.2,77.4,7769.0
2021-05-19 10:20:00,NSE:MAJESCO,77.4,77.45,77.25,77.45,9329.0
2021-05-19 10:25:00,NSE:MAJESCO,77.45,77.5,77.0,77.35,49761.0
2021-05-19 10:30:00,NSE:MAJESCO,77.35,78.0,77.3,78.0,11034.0
2021-05-19 10:35:00,NSE:MAJESCO,78.0,78.0,77.0,77.1,50540.0
2021-05-19 10:40:00,NSE:MAJESCO,76.85,77.0,76.8,77.0,35085.0
2021-05-19 10:45:00,NSE:MAJESCO,77.0,77.0,76.85,77.0,12297.0
2021-05-19 10:50:00,NSE:MAJESCO,76.9,77.0,76.9,76.95,12338.0
2021-05-19 10:55:00,NSE:MAJESCO,77.0,77.0,76.95,77.0,5162.0
2021-05-19 11:00:00,NSE:MAJESCO,77.0,77.0,76.95,76.95,8635.0
2021-05-19 11:05:00,NSE:MAJESCO,77.0,77.0,76.95,77.0,4444.0
2021-05-19 11:10:00,NSE:MAJESCO,77.0,77.25,76.95,77.2,33015.0
2021-05-19 11:15:00,NSE:MAJESCO,77.2,77.45,77.15,77.4,8729.0
2021-05-19 11:20:00,NSE:MAJESCO,77.45,77.65,77.35,77.5,7893.0
2021-05-19 11:25:00,NSE:MAJESCO,77.55,77.75,76.95,77.1,46152.0
2021-05-19 11:30:00,NSE:MAJESCO,77.1,77.1,76.95,77.1,9497.0
2021-05-19 11:35:00,NSE:MAJESCO,77.1,77.1,77.0,77.0,3630.0
2021-05-19 11:40:00,NSE:MAJESCO,77.0,77.1,76.95,77.05,7141.0
2021-05-19 11:45:00,NSE:MAJESCO,77.0,77.5,76.95,77.3,13463.0
2021-05-19 11:50:00,NSE:MAJESCO,77.35,77.6,77.3,77.5,6917.0
2021-05-19 11:55:00,NSE:MAJESCO,77.4,77.6,77.35,77.45,3346.0
2021-05-19 12:00:00,NSE:MAJESCO,77.45,77.6,77.4,77.6,3836.0
2021-05-19 12:05:00,NSE:MAJESCO,77.55,77.6,77.4,77.6,3407.0
2021-05-19 12:10:00,NSE:MAJESCO,77.6,77.75,77.4,77.65,6274.0
2021-05-19 12:15:00,NSE:MAJESCO,77.6,77.75,77.5,77.65,6973.0
2021-05-19 12:20:00,NSE:MAJESCO,77.7,77.75,77.35,77.4,3812.0
2021-05-19 12:25:00,NSE:MAJESCO,77.4,77.5,77.4,77.4,8756.0
2021-05-19 12:30:00,NSE:MAJESCO,77.4,77.75,77.4,77.75,8768.0
2021-05-19 12:35:00,NSE:MAJESCO,77.75,77.85,77.65,77.8,5661.0
2021-05-19 12:40:00,NSE:MAJESCO,77.75,77.8,77.6,77.65,6386.0
2021-05-19 12:45:00,NSE:MAJESCO,77.55,77.8,77.55,77.8,7162.0
2021-05-19 12:50:00,NSE:MAJESCO,77.75,77.8,77.65,77.75,2874.0
2021-05-19 12:55:00,NSE:MAJESCO,77.7,77.75,77.5,77.7,3527.0
2021-05-19 13:00:00,NSE:MAJESCO,77.7,77.7,77.45,77.55,2636.0
2021-05-19 13:05:00,NSE:MAJESCO,77.65,77.7,77.5,77.7,2574.0
2021-05-19 13:10:00,NSE:MAJESCO,77.7,77.75,77.55,77.6,1397.0
2021-05-19 13:15:00,NSE:MAJESCO,77.7,77.7,77.5,77.7,4693.0
2021-05-19 13:20:00,NSE:MAJESCO,77.7,77.7,77.45,77.65,5374.0
2021-05-19 13:25:00,NSE:MAJESCO,77.5,77.65,77.3,77.55,3935.0
2021-05-19 13:30:00,NSE:MAJESCO,77.55,77.7,77.55,77.65,4283.0
2021-05-19 13:35:00,NSE:MAJESCO,77.6,77.7,77.4,77.4,4841.0
2021-05-19 13:40:00,NSE:MAJESCO,77.4,77.5,77.3,77.45,9193.0
2021-05-19 13:45:00,NSE:MAJESCO,77.45,77.5,77.2,77.45,6194.0
2021-05-19 13:50:00,NSE:MAJESCO,77.45,77.6,77.4,77.6,3490.0
2021-05-19 13:55:00,NSE:MAJESCO,77.5,77.6,77.4,77.45,4831.0
2021-05-19 14:00:00,NSE:MAJESCO,77.45,77.5,77.4,77.4,3726.0
2021-05-19 14:05:00,NSE:MAJESCO,77.45,77.7,77.45,77.6,2796.0
2021-05-19 14:10:00,NSE:MAJESCO,77.65,77.65,77.5,77.65,4234.0
2021-05-19 14:15:00,NSE:MAJESCO,77.7,77.8,77.55,77.6,4656.0
2021-05-19 14:20:00,NSE:MAJESCO,77.6,77.8,77.55,77.8,5204.0
2021-05-19 14:25:00,NSE:MAJESCO,77.8,77.85,77.65,77.85,9189.0
2021-05-19 14:30:00,NSE:MAJESCO,77.85,77.85,77.7,77.75,8108.0
2021-05-19 14:35:00,NSE:MAJESCO,77.85,77.85,77.7,77.7,2996.0
2021-05-19 14:40:00,NSE:MAJESCO,77.7,77.85,77.6,77.65,4744.0
2021-05-19 14:45:00,NSE:MAJESCO,77.65,77.8,77.55,77.8,4011.0
2021-05-19 14:50:00,NSE:MAJESCO,77.8,77.8,77.65,77.65,3497.0
2021-05-19 14:55:00,NSE:MAJESCO,77.65,77.7,77.6,77.6,3896.0
2021-05-19 15:00:00,NSE:MAJESCO,77.65,77.8,77.6,77.65,5844.0
2021-05-19 15:05:00,NSE:MAJESCO,77.65,77.8,77.6,77.8,7978.0
2021-05-19 15:10:00,NSE:MAJESCO,77.8,77.8,77.7,77.75,7551.0
2021-05-19 15:15:00,NSE:MAJESCO,77.75,77.85,77.55,77.6,17971.0
2021-05-19 15:20:00,NSE:MAJESCO,77.55,77.65,77.25,77.35,24995.0
2021-05-19 15:25:00,NSE:MAJESCO,77.3,77.3,76.25,77.15,83484.0
2021-05-19 15:30:00,NSE:MAJESCO,77.0,77.0,77.0,77.0,500.0
2021-05-19 15:40:00,NSE:MAJESCO,77.1,77.1,77.0,77.1,3261.0
2021-05-19 15:45:00,NSE:MAJESCO,77.1,77.1,77.1,77.1,300.0
2021-05-19 15:50:00,NSE:MAJESCO,77.1,77.1,77.1,77.1,18.0
2021-05-19 15:55:00,NSE:MAJESCO,77.1,77.1,77.0,77.1,239.0
2021-05-20 09:05:00,NSE:MAJESCO,80.0,80.0,80.0,80.0,28946.0
2021-05-20 09:15:00,NSE:MAJESCO,79.45,79.9,78.5,78.95,80711.0
2021-05-20 09:20:00,NSE:MAJESCO,78.95,78.95,77.8,77.9,51964.0
2021-05-20 09:25:00,NSE:MAJESCO,77.9,77.9,77.35,77.6,42747.0
2021-05-20 09:30:00,NSE:MAJESCO,77.6,77.75,77.35,77.7,16909.0
2021-05-20 09:35:00,NSE:MAJESCO,77.7,77.85,77.55,77.85,12842.0
2021-05-20 09:40:00,NSE:MAJESCO,77.7,77.95,77.7,77.95,40489.0
2021-05-20 09:45:00,NSE:MAJESCO,77.95,78.0,77.7,78.0,15068.0
2021-05-20 09:50:00,NSE:MAJESCO,78.0,78.6,77.85,78.6,14961.0
2021-05-20 09:55:00,NSE:MAJESCO,78.55,78.6,78.15,78.4,11943.0
2021-05-20 10:00:00,NSE:MAJESCO,78.45,78.5,78.25,78.45,8321.0
2021-05-20 10:05:00,NSE:MAJESCO,78.45,78.45,78.25,78.4,4905.0
2021-05-20 10:10:00,NSE:MAJESCO,78.4,78.4,78.25,78.3,10698.0
2021-05-20 10:15:00,NSE:MAJESCO,78.3,78.3,78.15,78.2,4424.0
2021-05-20 10:20:00,NSE:MAJESCO,78.15,78.2,77.95,78.0,12140.0
2021-05-20 10:25:00,NSE:MAJESCO,78.0,78.15,78.0,78.15,4907.0
2021-05-20 10:30:00,NSE:MAJESCO,78.1,78.3,78.1,78.2,3813.0
2021-05-20 10:35:00,NSE:MAJESCO,78.2,78.25,78.1,78.25,3532.0
2021-05-20 10:40:00,NSE:MAJESCO,78.25,78.4,78.0,78.4,10034.0
2021-05-20 10:45:00,NSE:MAJESCO,78.4,78.45,78.25,78.35,4541.0
2021-05-20 10:50:00,NSE:MAJESCO,78.35,78.45,78.35,78.4,3154.0
2021-05-20 10:55:00,NSE:MAJESCO,78.4,78.45,78.3,78.45,9295.0
2021-05-20 11:00:00,NSE:MAJESCO,78.45,78.45,78.2,78.45,6107.0
2021-05-20 11:05:00,NSE:MAJESCO,78.45,78.45,78.15,78.2,3763.0
2021-05-20 11:10:00,NSE:MAJESCO,78.15,78.2,77.9,78.0,15744.0
2021-05-20 11:15:00,NSE:MAJESCO,78.0,78.1,77.9,78.0,9378.0
2021-05-20 11:20:00,NSE:MAJESCO,78.0,78.15,78.0,78.15,2923.0
2021-05-20 11:25:00,NSE:MAJESCO,78.15,78.3,78.05,78.3,5574.0
2021-05-20 11:30:00,NSE:MAJESCO,78.25,78.3,78.1,78.25,5072.0
2021-05-20 11:35:00,NSE:MAJESCO,78.25,78.25,78.1,78.1,1635.0
2021-05-20 11:40:00,NSE:MAJESCO,78.1,78.35,78.05,78.3,4280.0
2021-05-20 11:45:00,NSE:MAJESCO,78.2,78.35,78.15,78.35,4847.0
2021-05-20 11:50:00,NSE:MAJESCO,78.35,78.35,78.15,78.3,2295.0
2021-05-20 11:55:00,NSE:MAJESCO,78.3,78.3,78.2,78.2,1568.0
2021-05-20 12:00:00,NSE:MAJESCO,78.2,78.35,78.2,78.3,3248.0
2021-05-20 12:05:00,NSE:MAJESCO,78.3,78.35,78.25,78.3,3343.0
2021-05-20 12:10:00,NSE:MAJESCO,78.25,78.35,78.25,78.25,3270.0
2021-05-20 12:15:00,NSE:MAJESCO,78.3,78.3,78.25,78.3,4024.0
2021-05-20 12:20:00,NSE:MAJESCO,78.25,78.3,78.25,78.25,4011.0
2021-05-20 12:25:00,NSE:MAJESCO,78.3,78.35,78.2,78.3,3315.0
2021-05-20 12:30:00,NSE:MAJESCO,78.3,78.3,78.15,78.2,3074.0
2021-05-20 12:35:00,NSE:MAJESCO,78.15,78.2,78.05,78.1,3391.0
2021-05-20 12:40:00,NSE:MAJESCO,78.1,78.2,78.1,78.2,3324.0
2021-05-20 12:45:00,NSE:MAJESCO,78.1,78.2,78.1,78.2,1051.0
2021-05-20 12:50:00,NSE:MAJESCO,78.2,78.2,78.05,78.2,4765.0
2021-05-20 12:55:00,NSE:MAJESCO,78.2,78.2,78.05,78.2,5982.0
2021-05-20 13:00:00,NSE:MAJESCO,78.2,78.2,78.05,78.1,1711.0
2021-05-20 13:05:00,NSE:MAJESCO,78.2,78.2,78.1,78.2,2553.0
2021-05-20 13:10:00,NSE:MAJESCO,78.2,78.2,78.1,78.15,1224.0
2021-05-20 13:15:00,NSE:MAJESCO,78.15,78.2,78.1,78.2,1617.0
2021-05-20 13:20:00,NSE:MAJESCO,78.2,78.2,78.0,78.1,3359.0
2021-05-20 13:25:00,NSE:MAJESCO,78.1,78.2,78.0,78.15,2790.0
2021-05-20 13:30:00,NSE:MAJESCO,78.15,78.2,78.05,78.15,3557.0
2021-05-20 13:35:00,NSE:MAJESCO,78.15,78.2,78.05,78.15,1322.0
2021-05-20 13:40:00,NSE:MAJESCO,78.15,78.2,78.1,78.1,3806.0
2021-05-20 13:45:00,NSE:MAJESCO,78.1,78.2,78.05,78.2,2507.0
2021-05-20 13:50:00,NSE:MAJESCO,78.2,78.3,78.15,78.3,3469.0
2021-05-20 13:55:00,NSE:MAJESCO,78.2,78.3,78.15,78.2,2213.0
2021-05-20 14:00:00,NSE:MAJESCO,78.2,78.3,78.15,78.25,1306.0
2021-05-20 14:05:00,NSE:MAJESCO,78.2,78.2,78.05,78.1,6045.0
2021-05-20 14:10:00,NSE:MAJESCO,78.2,78.25,78.1,78.25,1157.0
2021-05-20 14:15:00,NSE:MAJESCO,78.25,78.25,78.1,78.1,2046.0
2021-05-20 14:20:00,NSE:MAJESCO,78.2,78.25,78.1,78.1,2747.0
2021-05-20 14:25:00,NSE:MAJESCO,78.1,78.3,78.1,78.25,2645.0
2021-05-20 14:30:00,NSE:MAJESCO,78.25,78.25,78.1,78.25,685.0
2021-05-20 14:35:00,NSE:MAJESCO,78.1,78.25,78.1,78.2,4205.0
2021-05-20 14:40:00,NSE:MAJESCO,78.2,78.25,78.1,78.2,3421.0
2021-05-20 14:45:00,NSE:MAJESCO,78.2,78.3,78.1,78.2,7624.0
2021-05-20 14:50:00,NSE:MAJESCO,78.1,78.25,78.1,78.15,3360.0
2021-05-20 14:55:00,NSE:MAJESCO,78.25,78.25,77.85,77.85,19685.0
2021-05-20 15:00:00,NSE:MAJESCO,77.8,77.95,77.8,77.8,4219.0
2021-05-20 15:05:00,NSE:MAJESCO,77.8,77.9,77.75,77.9,7418.0
2021-05-20 15:10:00,NSE:MAJESCO,77.9,78.1,77.9,78.05,11451.0
2021-05-20 15:15:00,NSE:MAJESCO,78.1,78.1,77.9,78.1,5285.0
2021-05-20 15:20:00,NSE:MAJESCO,78.05,78.1,77.9,78.1,18822.0
2021-05-20 15:25:00,NSE:MAJESCO,78.0,78.1,77.95,78.1,24028.0
2021-05-20 15:40:00,NSE:MAJESCO,78.0,78.0,78.0,78.0,210.0
2021-05-21 09:05:00,NSE:MAJESCO,78.45,78.45,78.45,78.45,2442.0
2021-05-21 09:15:00,NSE:MAJESCO,78.0,78.25,77.1,77.6,27732.0
2021-05-21 09:20:00,NSE:MAJESCO,77.6,77.7,77.45,77.65,8951.0
2021-05-21 09:25:00,NSE:MAJESCO,77.65,77.85,77.55,77.55,8744.0
2021-05-21 09:30:00,NSE:MAJESCO,77.65,77.7,77.45,77.55,4451.0
2021-05-21 09:35:00,NSE:MAJESCO,77.6,77.6,77.25,77.45,9204.0
2021-05-21 09:40:00,NSE:MAJESCO,77.35,77.4,77.25,77.35,4831.0
2021-05-21 09:45:00,NSE:MAJESCO,77.4,77.5,77.35,77.4,4327.0
2021-05-21 09:50:00,NSE:MAJESCO,77.4,77.65,77.4,77.6,4049.0
2021-05-21 09:55:00,NSE:MAJESCO,77.6,77.6,77.4,77.55,5756.0
2021-05-21 10:00:00,NSE:MAJESCO,77.6,77.6,77.2,77.45,9262.0
2021-05-21 10:05:00,NSE:MAJESCO,77.5,77.55,77.3,77.45,2667.0
2021-05-21 10:10:00,NSE:MAJESCO,77.35,77.45,77.2,77.3,4590.0
2021-05-21 10:15:00,NSE:MAJESCO,77.3,77.45,77.25,77.35,6507.0
2021-05-21 10:20:00,NSE:MAJESCO,77.25,77.4,77.25,77.25,1289.0
2021-05-21 10:25:00,NSE:MAJESCO,77.35,77.35,77.2,77.25,3122.0
2021-05-21 10:30:00,NSE:MAJESCO,77.2,77.3,77.2,77.25,2115.0
2021-05-21 10:35:00,NSE:MAJESCO,77.2,77.3,77.1,77.3,3968.0
2021-05-21 10:40:00,NSE:MAJESCO,77.3,77.3,77.2,77.25,2083.0
2021-05-21 10:45:00,NSE:MAJESCO,77.3,77.45,77.25,77.4,1510.0
2021-05-21 10:50:00,NSE:MAJESCO,77.25,77.55,77.25,77.4,3259.0
2021-05-21 10:55:00,NSE:MAJESCO,77.45,77.65,77.45,77.45,4318.0
2021-05-21 11:00:00,NSE:MAJESCO,77.45,77.65,77.3,77.4,4365.0
2021-05-21 11:05:00,NSE:MAJESCO,77.3,77.55,77.3,77.45,2708.0
2021-05-21 11:10:00,NSE:MAJESCO,77.45,77.6,77.45,77.5,5579.0
2021-05-21 11:15:00,NSE:MAJESCO,77.5,77.6,77.45,77.6,2403.0
2021-05-21 11:20:00,NSE:MAJESCO,77.6,78.0,77.25,77.25,42935.0
2021-05-21 11:25:00,NSE:MAJESCO,77.3,77.35,77.1,77.2,18195.0
2021-05-21 11:30:00,NSE:MAJESCO,77.2,77.45,77.15,77.2,9994.0
2021-05-21 11:35:00,NSE:MAJESCO,77.1,77.3,77.1,77.1,9854.0
2021-05-21 11:40:00,NSE:MAJESCO,77.1,77.25,77.05,77.25,4981.0
2021-05-21 11:45:00,NSE:MAJESCO,77.1,77.3,77.1,77.1,1936.0
2021-05-21 11:50:00,NSE:MAJESCO,77.1,77.2,77.05,77.05,1761.0
2021-05-21 11:55:00,NSE:MAJESCO,77.05,77.15,77.05,77.05,5570.0
2021-05-21 12:00:00,NSE:MAJESCO,77.15,77.2,77.05,77.05,1556.0
2021-05-21 12:05:00,NSE:MAJESCO,77.1,77.2,77.05,77.05,4476.0
2021-05-21 12:10:00,NSE:MAJESCO,77.05,77.2,77.0,77.0,4171.0
2021-05-21 12:15:00,NSE:MAJESCO,77.05,77.1,77.0,77.05,3976.0
2021-05-21 12:20:00,NSE:MAJESCO,77.1,77.15,77.0,77.1,4133.0
2021-05-21 12:25:00,NSE:MAJESCO,77.15,77.15,77.1,77.1,2874.0
2021-05-21 12:30:00,NSE:MAJESCO,77.1,77.2,77.05,77.1,2551.0
2021-05-21 12:35:00,NSE:MAJESCO,77.1,77.2,77.1,77.1,2236.0
2021-05-21 12:40:00,NSE:MAJESCO,77.1,77.25,77.1,77.15,3715.0
2021-05-21 12:45:00,NSE:MAJESCO,77.1,77.25,77.1,77.1,4309.0
2021-05-21 12:50:00,NSE:MAJESCO,77.1,77.2,77.0,77.0,4519.0
2021-05-21 12:55:00,NSE:MAJESCO,77.05,77.15,77.0,77.05,3201.0
2021-05-21 13:00:00,NSE:MAJESCO,77.15,77.15,77.0,77.0,2200.0
2021-05-21 13:05:00,NSE:MAJESCO,77.0,77.15,77.0,77.05,6858.0
2021-05-21 13:10:00,NSE:MAJESCO,77.0,77.15,77.0,77.05,1337.0
2021-05-21 13:15:00,NSE:MAJESCO,77.05,77.15,77.0,77.0,4200.0
2021-05-21 13:20:00,NSE:MAJESCO,77.05,77.1,77.0,77.0,14018.0
2021-05-21 13:25:00,NSE:MAJESCO,77.0,77.1,76.95,77.0,2634.0
2021-05-21 13:30:00,NSE:MAJESCO,76.95,77.05,76.9,76.9,2404.0
2021-05-21 13:35:00,NSE:MAJESCO,77.0,77.1,76.9,77.0,2947.0
2021-05-21 13:40:00,NSE:MAJESCO,77.0,77.0,76.9,76.9,756.0
2021-05-21 13:45:00,NSE:MAJESCO,77.0,77.0,76.8,76.8,4686.0
2021-05-21 13:50:00,NSE:MAJESCO,76.95,77.0,76.85,76.85,1894.0
2021-05-21 13:55:00,NSE:MAJESCO,76.95,77.0,76.85,76.85,2436.0
2021-05-21 14:00:00,NSE:MAJESCO,76.75,76.85,76.7,76.8,4754.0
2021-05-21 14:05:00,NSE:MAJESCO,76.75,76.75,76.5,76.55,47356.0
2021-05-21 14:10:00,NSE:MAJESCO,76.55,76.75,76.5,76.6,2614.0
2021-05-21 14:15:00,NSE:MAJESCO,76.6,76.75,76.5,76.7,6669.0
2021-05-21 14:20:00,NSE:MAJESCO,76.6,76.7,76.55,76.7,5957.0
2021-05-21 14:25:00,NSE:MAJESCO,76.8,76.8,76.6,76.8,1184.0
2021-05-21 14:30:00,NSE:MAJESCO,76.7,76.85,76.6,76.65,1552.0
2021-05-21 14:35:00,NSE:MAJESCO,76.8,76.8,76.65,76.8,1090.0
2021-05-21 14:40:00,NSE:MAJESCO,76.7,76.85,76.7,76.8,2246.0
2021-05-21 14:45:00,NSE:MAJESCO,76.8,76.9,76.75,76.9,3244.0
2021-05-21 14:50:00,NSE:MAJESCO,76.75,76.9,76.75,76.8,750.0
2021-05-21 14:55:00,NSE:MAJESCO,76.75,76.95,76.75,76.95,3435.0
2021-05-21 15:00:00,NSE:MAJESCO,77.0,77.1,76.8,77.1,4260.0
2021-05-21 15:05:00,NSE:MAJESCO,77.0,77.3,77.0,77.0,5472.0
2021-05-21 15:10:00,NSE:MAJESCO,77.0,77.15,76.8,76.9,7781.0
2021-05-21 15:15:00,NSE:MAJESCO,76.9,77.1,76.8,76.8,6218.0
2021-05-21 15:20:00,NSE:MAJESCO,77.0,77.1,76.8,77.0,14462.0
2021-05-21 15:25:00,NSE:MAJESCO,77.0,77.35,77.0,77.05,19799.0
2021-05-21 15:40:00,NSE:MAJESCO,77.0,77.0,77.0,77.0,95.0
2021-05-21 15:45:00,NSE:MAJESCO,77.0,77.05,77.0,77.05,500.0
2021-05-24 09:05:00,NSE:MAJESCO,77.4,77.4,77.4,77.4,1930.0
2021-05-24 09:15:00,NSE:MAJESCO,77.35,77.45,76.1,76.35,17823.0
2021-05-24 09:20:00,NSE:MAJESCO,76.35,76.7,76.2,76.25,21043.0
2021-05-24 09:25:00,NSE:MAJESCO,76.25,76.5,76.2,76.2,17485.0
2021-05-24 09:30:00,NSE:MAJESCO,76.45,76.45,76.2,76.4,4676.0
2021-05-24 09:35:00,NSE:MAJESCO,76.4,76.45,76.2,76.2,5952.0
2021-05-24 09:40:00,NSE:MAJESCO,76.2,76.3,76.2,76.25,5038.0
2021-05-24 09:45:00,NSE:MAJESCO,76.35,76.4,76.25,76.4,4424.0
2021-05-24 09:50:00,NSE:MAJESCO,76.4,76.4,76.2,76.25,4785.0
2021-05-24 09:55:00,NSE:MAJESCO,76.25,76.25,76.2,76.2,23838.0
2021-05-24 10:00:00,NSE:MAJESCO,76.2,76.25,76.1,76.1,38033.0
2021-05-24 10:05:00,NSE:MAJESCO,76.15,76.25,76.1,76.25,7620.0
2021-05-24 10:10:00,NSE:MAJESCO,76.15,76.25,76.1,76.1,2504.0
2021-05-24 10:15:00,NSE:MAJESCO,76.1,76.25,76.1,76.25,1366.0
2021-05-24 10:20:00,NSE:MAJESCO,76.25,76.25,76.1,76.2,3327.0
2021-05-24 10:25:00,NSE:MAJESCO,76.2,76.25,76.2,76.2,1704.0
2021-05-24 10:30:00,NSE:MAJESCO,76.2,76.2,76.15,76.2,2612.0
2021-05-24 10:35:00,NSE:MAJESCO,76.2,76.25,76.1,76.2,3680.0
2021-05-24 10:40:00,NSE:MAJESCO,76.25,76.25,76.1,76.25,1787.0
2021-05-24 10:45:00,NSE:MAJESCO,76.2,76.25,76.2,76.2,2057.0
2021-05-24 10:50:00,NSE:MAJESCO,76.25,76.25,76.2,76.25,2960.0
2021-05-24 10:55:00,NSE:MAJESCO,76.25,76.3,76.2,76.2,985.0
2021-05-24 11:00:00,NSE:MAJESCO,76.2,76.35,76.2,76.25,1709.0
2021-05-24 11:05:00,NSE:MAJESCO,76.35,76.35,76.25,76.25,690.0
2021-05-24 11:10:00,NSE:MAJESCO,76.25,76.4,76.1,76.3,2641.0
2021-05-24 11:15:00,NSE:MAJESCO,76.3,76.4,76.25,76.3,1153.0
2021-05-24 11:20:00,NSE:MAJESCO,76.3,76.5,76.2,76.5,3481.0
2021-05-24 11:25:00,NSE:MAJESCO,76.35,76.5,76.35,76.45,1525.0
2021-05-24 11:30:00,NSE:MAJESCO,76.5,76.5,76.35,76.35,1183.0
2021-05-24 11:35:00,NSE:MAJESCO,76.3,76.45,76.3,76.35,1802.0
2021-05-24 11:40:00,NSE:MAJESCO,76.35,76.45,76.3,76.45,958.0
2021-05-24 11:45:00,NSE:MAJESCO,76.3,76.55,76.3,76.4,2130.0
2021-05-24 11:50:00,NSE:MAJESCO,76.4,76.4,76.3,76.3,1016.0
2021-05-24 11:55:00,NSE:MAJESCO,76.4,76.4,76.2,76.2,1511.0
2021-05-24 12:00:00,NSE:MAJESCO,76.3,76.35,76.2,76.35,641.0
2021-05-24 12:05:00,NSE:MAJESCO,76.35,76.35,76.2,76.25,808.0
2021-05-24 12:10:00,NSE:MAJESCO,76.25,76.35,76.25,76.3,1603.0
2021-05-24 12:15:00,NSE:MAJESCO,76.35,76.45,76.3,76.3,2156.0
2021-05-24 12:20:00,NSE:MAJESCO,76.4,76.4,76.25,76.25,1006.0
2021-05-24 12:25:00,NSE:MAJESCO,76.25,76.4,76.25,76.25,517.0
2021-05-24 12:30:00,NSE:MAJESCO,76.25,76.4,76.2,76.4,3833.0
2021-05-24 12:35:00,NSE:MAJESCO,76.4,76.4,76.2,76.2,3100.0
2021-05-24 12:40:00,NSE:MAJESCO,76.3,76.4,76.2,76.35,1113.0
2021-05-24 12:45:00,NSE:MAJESCO,76.25,76.4,76.25,76.25,963.0
2021-05-24 12:50:00,NSE:MAJESCO,76.3,76.45,76.3,76.3,8445.0
2021-05-24 12:55:00,NSE:MAJESCO,76.3,76.4,76.3,76.3,1797.0
2021-05-24 13:00:00,NSE:MAJESCO,76.3,76.35,76.3,76.35,2826.0
2021-05-24 13:05:00,NSE:MAJESCO,76.35,76.4,76.3,76.4,2254.0
2021-05-24 13:10:00,NSE:MAJESCO,76.35,76.4,76.3,76.4,1329.0
2021-05-24 13:15:00,NSE:MAJESCO,76.3,76.4,76.3,76.35,435.0
2021-05-24 13:20:00,NSE:MAJESCO,76.35,76.35,76.3,76.35,1031.0
2021-05-24 13:25:00,NSE:MAJESCO,76.45,76.45,76.3,76.3,1423.0
2021-05-24 13:30:00,NSE:MAJESCO,76.45,76.45,76.3,76.35,8559.0
2021-05-24 13:35:00,NSE:MAJESCO,76.35,76.5,76.35,76.4,1644.0
2021-05-24 13:40:00,NSE:MAJESCO,76.4,76.5,76.3,76.45,850.0
2021-05-24 13:45:00,NSE:MAJESCO,76.45,76.8,76.45,76.65,6374.0
2021-05-24 13:50:00,NSE:MAJESCO,76.65,76.8,76.5,76.5,4139.0
2021-05-24 13:55:00,NSE:MAJESCO,76.65,76.7,76.5,76.65,784.0
2021-05-24 14:00:00,NSE:MAJESCO,76.65,76.65,76.5,76.5,1183.0
2021-05-24 14:05:00,NSE:MAJESCO,76.5,76.55,76.4,76.45,2949.0
2021-05-24 14:10:00,NSE:MAJESCO,76.4,76.6,76.4,76.5,10515.0
2021-05-24 14:15:00,NSE:MAJESCO,76.6,76.65,76.5,76.55,1991.0
2021-05-24 14:20:00,NSE:MAJESCO,76.6,76.6,76.45,76.5,813.0
2021-05-24 14:25:00,NSE:MAJESCO,76.45,76.6,76.4,76.5,2624.0
2021-05-24 14:30:00,NSE:MAJESCO,76.65,76.8,76.5,76.65,2345.0
2021-05-24 14:35:00,NSE:MAJESCO,76.8,76.8,76.5,76.5,2024.0
2021-05-24 14:40:00,NSE:MAJESCO,76.5,76.6,76.45,76.6,1685.0
2021-05-24 14:45:00,NSE:MAJESCO,76.6,76.7,76.5,76.5,921.0
2021-05-24 14:50:00,NSE:MAJESCO,76.5,76.65,76.45,76.65,5433.0
2021-05-24 14:55:00,NSE:MAJESCO,76.5,76.55,76.3,76.35,1177.0
2021-05-24 15:00:00,NSE:MAJESCO,76.4,76.4,76.35,76.35,2376.0
2021-05-24 15:05:00,NSE:MAJESCO,76.3,76.55,76.3,76.55,4001.0
2021-05-24 15:10:00,NSE:MAJESCO,76.5,76.6,76.3,76.3,4640.0
2021-05-24 15:15:00,NSE:MAJESCO,76.45,76.6,76.35,76.5,6261.0
2021-05-24 15:20:00,NSE:MAJESCO,76.55,76.6,76.4,76.5,4903.0
2021-05-24 15:25:00,NSE:MAJESCO,76.5,76.55,76.3,76.45,21428.0
2021-05-24 15:30:00,NSE:MAJESCO,76.4,76.4,76.4,76.4,55.0
2021-05-24 15:50:00,NSE:MAJESCO,76.4,76.4,76.4,76.4,41.0
2021-05-25 09:05:00,NSE:MAJESCO,76.4,76.4,76.4,76.4,2031.0
2021-05-25 09:15:00,NSE:MAJESCO,76.35,76.95,76.3,76.5,7203.0
2021-05-25 09:20:00,NSE:MAJESCO,76.7,76.7,76.35,76.45,5936.0
2021-05-25 09:25:00,NSE:MAJESCO,76.4,76.55,76.3,76.4,3804.0
2021-05-25 09:30:00,NSE:MAJESCO,76.3,76.8,76.3,76.8,5639.0
2021-05-25 09:35:00,NSE:MAJESCO,76.7,76.8,76.55,76.6,2414.0
2021-05-25 09:40:00,NSE:MAJESCO,76.55,76.8,76.5,76.8,4781.0
2021-05-25 09:45:00,NSE:MAJESCO,76.8,76.85,76.5,76.5,5979.0
2021-05-25 09:50:00,NSE:MAJESCO,76.6,76.75,76.4,76.5,1801.0
2021-05-25 09:55:00,NSE:MAJESCO,76.5,76.75,76.35,76.4,3100.0
2021-05-25 10:00:00,NSE:MAJESCO,76.5,76.6,76.4,76.5,1969.0
2021-05-25 10:05:00,NSE:MAJESCO,76.5,76.6,76.35,76.35,1455.0
2021-05-25 10:10:00,NSE:MAJESCO,76.5,76.5,76.3,76.3,1644.0
2021-05-25 10:15:00,NSE:MAJESCO,76.35,76.5,76.35,76.45,2334.0
2021-05-25 10:20:00,NSE:MAJESCO,76.45,76.5,76.35,76.45,3085.0
2021-05-25 10:25:00,NSE:MAJESCO,76.45,76.45,76.3,76.45,711.0
2021-05-25 10:30:00,NSE:MAJESCO,76.3,76.4,76.3,76.4,2001.0
2021-05-25 10:35:00,NSE:MAJESCO,76.3,76.4,76.3,76.4,4680.0
2021-05-25 10:40:00,NSE:MAJESCO,76.4,76.4,76.3,76.3,2045.0
2021-05-25 10:45:00,NSE:MAJESCO,76.4,76.45,76.3,76.35,1838.0
2021-05-25 10:50:00,NSE:MAJESCO,76.45,76.5,76.35,76.45,1821.0
2021-05-25 10:55:00,NSE:MAJESCO,76.45,76.45,76.35,76.35,1382.0
2021-05-25 11:00:00,NSE:MAJESCO,76.45,76.5,76.35,76.5,3672.0
2021-05-25 11:05:00,NSE:MAJESCO,76.45,76.45,76.3,76.4,1356.0
2021-05-25 11:10:00,NSE:MAJESCO,76.35,76.45,76.3,76.35,2554.0
2021-05-25 11:15:00,NSE:MAJESCO,76.35,76.5,76.3,76.5,2907.0
2021-05-25 11:20:00,NSE:MAJESCO,76.5,76.5,76.4,76.5,1185.0
2021-05-25 11:25:00,NSE:MAJESCO,76.5,76.55,76.3,76.4,3464.0
2021-05-25 11:30:00,NSE:MAJESCO,76.4,76.5,76.4,76.4,1280.0
2021-05-25 11:35:00,NSE:MAJESCO,76.5,76.5,76.35,76.5,811.0
2021-05-25 11:40:00,NSE:MAJESCO,76.4,76.4,76.3,76.4,320.0
2021-05-25 11:45:00,NSE:MAJESCO,76.4,76.5,76.4,76.5,2852.0
2021-05-25 11:50:00,NSE:MAJESCO,76.5,76.5,76.4,76.4,481.0
2021-05-25 11:55:00,NSE:MAJESCO,76.5,76.5,76.3,76.5,928.0
2021-05-25 12:00:00,NSE:MAJESCO,76.25,76.3,76.15,76.3,50496.0
2021-05-25 12:05:00,NSE:MAJESCO,76.25,76.4,76.2,76.4,7032.0
2021-05-25 12:10:00,NSE:MAJESCO,76.45,76.5,76.3,76.5,53749.0
2021-05-25 12:15:00,NSE:MAJESCO,76.4,76.5,76.25,76.25,98748.0
2021-05-25 12:20:00,NSE:MAJESCO,76.25,76.3,76.25,76.25,14450.0
2021-05-25 12:25:00,NSE:MAJESCO,76.25,76.45,76.1,76.45,51828.0
2021-05-25 12:30:00,NSE:MAJESCO,76.45,76.45,76.15,76.25,2991.0
2021-05-25 12:35:00,NSE:MAJESCO,76.25,76.3,76.15,76.3,2827.0
2021-05-25 12:40:00,NSE:MAJESCO,76.25,76.35,76.25,76.35,451.0
2021-05-25 12:45:00,NSE:MAJESCO,76.35,76.35,76.15,76.3,2107.0
2021-05-25 12:50:00,NSE:MAJESCO,76.15,76.3,76.15,76.3,324.0
2021-05-25 12:55:00,NSE:MAJESCO,76.15,76.3,76.15,76.15,511.0
2021-05-25 13:00:00,NSE:MAJESCO,76.15,76.3,76.15,76.3,349.0
2021-05-25 13:05:00,NSE:MAJESCO,76.3,76.35,76.15,76.35,921.0
2021-05-25 13:10:00,NSE:MAJESCO,76.35,76.4,76.2,76.25,776.0
2021-05-25 13:15:00,NSE:MAJESCO,76.25,76.4,76.2,76.4,476.0
2021-05-25 13:20:00,NSE:MAJESCO,76.4,76.4,76.15,76.35,5052.0
2021-05-25 13:25:00,NSE:MAJESCO,76.25,76.4,76.25,76.25,1080.0
2021-05-25 13:30:00,NSE:MAJESCO,76.25,76.35,76.25,76.25,925.0
2021-05-25 13:35:00,NSE:MAJESCO,76.25,76.4,76.25,76.4,1485.0
2021-05-25 13:40:00,NSE:MAJESCO,76.4,76.4,76.1,76.1,5071.0
2021-05-25 13:45:00,NSE:MAJESCO,76.25,76.25,76.1,76.1,1071.0
2021-05-25 13:50:00,NSE:MAJESCO,76.25,76.35,76.2,76.2,2757.0
2021-05-25 13:55:00,NSE:MAJESCO,76.2,76.25,76.1,76.1,4354.0
2021-05-25 14:00:00,NSE:MAJESCO,76.1,76.3,76.1,76.1,8029.0
2021-05-25 14:05:00,NSE:MAJESCO,76.1,76.25,76.1,76.25,275.0
2021-05-25 14:10:00,NSE:MAJESCO,76.15,76.2,76.1,76.1,3772.0
2021-05-25 14:15:00,NSE:MAJESCO,76.2,76.35,76.1,76.35,828.0
2021-05-25 14:20:00,NSE:MAJESCO,76.25,76.25,76.1,76.1,2875.0
2021-05-25 14:25:00,NSE:MAJESCO,76.1,76.2,76.1,76.15,5153.0
2021-05-25 14:30:00,NSE:MAJESCO,76.1,76.15,76.1,76.1,3537.0
2021-05-25 14:35:00,NSE:MAJESCO,76.1,76.3,76.1,76.3,2299.0
2021-05-25 14:40:00,NSE:MAJESCO,76.3,76.3,76.15,76.3,497.0
2021-05-25 14:45:00,NSE:MAJESCO,76.3,76.3,76.2,76.2,109.0
2021-05-25 14:50:00,NSE:MAJESCO,76.3,76.3,76.15,76.2,530.0
2021-05-25 14:55:00,NSE:MAJESCO,76.2,76.3,76.2,76.2,849.0
2021-05-25 15:00:00,NSE:MAJESCO,76.2,76.3,76.2,76.3,750.0
2021-05-25 15:05:00,NSE:MAJESCO,76.2,76.3,76.2,76.3,1211.0
2021-05-25 15:10:00,NSE:MAJESCO,76.2,76.3,76.2,76.3,1740.0
2021-05-25 15:15:00,NSE:MAJESCO,76.3,76.3,76.2,76.2,9545.0
2021-05-25 15:20:00,NSE:MAJESCO,76.2,76.3,76.2,76.25,9618.0
2021-05-25 15:25:00,NSE:MAJESCO,76.25,76.25,76.2,76.25,8479.0
2021-05-25 15:45:00,NSE:MAJESCO,76.2,76.2,76.2,76.2,50.0
2021-05-26 09:05:00,NSE:MAJESCO,76.3,76.3,76.3,76.3,614.0
2021-05-26 09:15:00,NSE:MAJESCO,76.3,76.55,76.05,76.45,6632.0
2021-05-26 09:20:00,NSE:MAJESCO,76.45,76.45,76.15,76.2,5109.0
2021-05-26 09:25:00,NSE:MAJESCO,76.25,76.3,76.1,76.15,6186.0
2021-05-26 09:30:00,NSE:MAJESCO,76.4,76.5,76.3,76.45,3294.0
2021-05-26 09:35:00,NSE:MAJESCO,76.45,76.45,76.3,76.45,2291.0
2021-05-26 09:40:00,NSE:MAJESCO,76.45,76.45,76.2,76.35,3234.0
2021-05-26 09:45:00,NSE:MAJESCO,76.35,76.4,76.2,76.35,3221.0
2021-05-26 09:50:00,NSE:MAJESCO,76.4,76.45,76.3,76.45,1314.0
2021-05-26 09:55:00,NSE:MAJESCO,76.45,76.45,76.3,76.4,2617.0
2021-05-26 10:00:00,NSE:MAJESCO,76.4,76.4,76.2,76.35,5552.0
2021-05-26 10:05:00,NSE:MAJESCO,76.35,76.45,76.25,76.35,2207.0
2021-05-26 10:10:00,NSE:MAJESCO,76.45,76.45,76.15,76.4,12512.0
2021-05-26 10:15:00,NSE:MAJESCO,76.45,76.45,76.3,76.35,2752.0
2021-05-26 10:20:00,NSE:MAJESCO,76.35,76.4,76.3,76.4,688.0
2021-05-26 10:25:00,NSE:MAJESCO,76.4,76.4,76.3,76.3,1998.0
2021-05-26 10:30:00,NSE:MAJESCO,76.25,76.4,76.25,76.4,1766.0
2021-05-26 10:35:00,NSE:MAJESCO,76.2,76.4,76.2,76.2,2974.0
2021-05-26 10:40:00,NSE:MAJESCO,76.25,76.35,76.2,76.35,1532.0
2021-05-26 10:45:00,NSE:MAJESCO,76.35,76.35,76.2,76.25,1552.0
2021-05-26 10:50:00,NSE:MAJESCO,76.25,76.45,76.25,76.45,6837.0
2021-05-26 10:55:00,NSE:MAJESCO,76.45,76.5,76.35,76.45,5487.0
2021-05-26 11:00:00,NSE:MAJESCO,76.45,76.5,76.45,76.5,812.0
2021-05-26 11:05:00,NSE:MAJESCO,76.5,76.5,76.25,76.4,1426.0
2021-05-26 11:10:00,NSE:MAJESCO,76.25,76.4,76.25,76.25,1564.0
2021-05-26 11:15:00,NSE:MAJESCO,76.25,76.35,76.2,76.25,1711.0
2021-05-26 11:20:00,NSE:MAJESCO,76.35,76.4,76.25,76.4,1019.0
2021-05-26 11:25:00,NSE:MAJESCO,76.3,76.3,76.25,76.3,1159.0
2021-05-26 11:30:00,NSE:MAJESCO,76.3,76.5,76.25,76.45,2270.0
2021-05-26 11:35:00,NSE:MAJESCO,76.45,76.45,76.3,76.45,388.0
2021-05-26 11:40:00,NSE:MAJESCO,76.3,76.45,76.2,76.2,1859.0
2021-05-26 11:45:00,NSE:MAJESCO,76.3,76.7,76.2,76.5,34207.0
2021-05-26 11:50:00,NSE:MAJESCO,76.5,76.6,76.5,76.6,2891.0
2021-05-26 11:55:00,NSE:MAJESCO,76.6,76.6,76.5,76.6,707.0
2021-05-26 12:00:00,NSE:MAJESCO,76.5,76.6,76.5,76.6,1286.0
2021-05-26 12:05:00,NSE:MAJESCO,76.6,76.7,76.5,76.7,1473.0
2021-05-26 12:10:00,NSE:MAJESCO,76.7,76.7,76.5,76.5,1182.0
2021-05-26 12:15:00,NSE:MAJESCO,76.65,76.7,76.5,76.55,1317.0
2021-05-26 12:20:00,NSE:MAJESCO,76.5,76.7,76.5,76.7,3846.0
2021-05-26 12:25:00,NSE:MAJESCO,76.5,76.7,76.5,76.55,2718.0
2021-05-26 12:30:00,NSE:MAJESCO,76.55,76.7,76.55,76.7,2949.0
2021-05-26 12:35:00,NSE:MAJESCO,76.7,76.7,76.6,76.6,1646.0
2021-05-26 12:40:00,NSE:MAJESCO,76.6,76.75,76.6,76.65,1115.0
2021-05-26 12:45:00,NSE:MAJESCO,76.75,76.75,76.65,76.75,464.0
2021-05-26 12:50:00,NSE:MAJESCO,76.6,76.75,76.6,76.6,1160.0
2021-05-26 12:55:00,NSE:MAJESCO,76.6,76.75,76.6,76.75,6261.0
2021-05-26 13:00:00,NSE:MAJESCO,76.6,76.75,76.6,76.6,5908.0
2021-05-26 13:05:00,NSE:MAJESCO,76.7,76.7,76.6,76.65,1005.0
2021-05-26 13:10:00,NSE:MAJESCO,76.6,76.7,76.6,76.7,1372.0
2021-05-26 13:15:00,NSE:MAJESCO,76.7,76.8,76.65,76.75,5480.0
2021-05-26 13:20:00,NSE:MAJESCO,76.75,76.8,76.5,76.65,4282.0
2021-05-26 13:25:00,NSE:MAJESCO,76.65,76.7,76.55,76.7,233.0
2021-05-26 13:30:00,NSE:MAJESCO,76.55,76.7,76.55,76.65,261.0
2021-05-26 13:35:00,NSE:MAJESCO,76.55,76.75,76.55,76.7,1086.0
2021-05-26 13:40:00,NSE:MAJESCO,76.7,76.75,76.7,76.75,604.0
2021-05-26 13:45:00,NSE:MAJESCO,76.75,76.75,76.7,76.7,1205.0
2021-05-26 13:50:00,NSE:MAJESCO,76.75,76.8,76.7,76.7,1365.0
2021-05-26 13:55:00,NSE:MAJESCO,76.8,76.8,76.65,76.75,1105.0
2021-05-26 14:00:00,NSE:MAJESCO,76.8,76.8,76.65,76.65,1435.0
2021-05-26 14:05:00,NSE:MAJESCO,76.75,76.75,76.65,76.75,1298.0
2021-05-26 14:10:00,NSE:MAJESCO,76.75,76.75,76.6,76.6,610.0
2021-05-26 14:15:00,NSE:MAJESCO,76.6,76.65,76.6,76.65,1998.0
2021-05-26 14:20:00,NSE:MAJESCO,76.6,76.65,76.6,76.6,470.0
2021-05-26 14:25:00,NSE:MAJESCO,76.65,76.65,76.6,76.6,1332.0
2021-05-26 14:30:00,NSE:MAJESCO,76.6,76.65,76.5,76.65,1154.0
2021-05-26 14:35:00,NSE:MAJESCO,76.65,76.65,76.5,76.55,2320.0
2021-05-26 14:40:00,NSE:MAJESCO,76.5,76.65,76.5,76.65,664.0
2021-05-26 14:45:00,NSE:MAJESCO,76.55,76.65,76.5,76.6,1908.0
2021-05-26 14:50:00,NSE:MAJESCO,76.6,76.7,76.5,76.65,6209.0
2021-05-26 14:55:00,NSE:MAJESCO,76.5,76.7,76.4,76.4,6155.0
2021-05-26 15:00:00,NSE:MAJESCO,76.5,76.6,76.4,76.45,1695.0
2021-05-26 15:05:00,NSE:MAJESCO,76.45,76.6,76.4,76.4,4118.0
2021-05-26 15:10:00,NSE:MAJESCO,76.4,76.6,76.4,76.4,7355.0
2021-05-26 15:15:00,NSE:MAJESCO,76.4,76.55,76.4,76.55,3363.0
2021-05-26 15:20:00,NSE:MAJESCO,76.5,76.55,76.45,76.5,4636.0
2021-05-26 15:25:00,NSE:MAJESCO,76.45,76.55,76.4,76.45,5263.0
2021-05-26 15:55:00,NSE:MAJESCO,76.45,76.45,76.45,76.45,5.0
2021-05-27 09:05:00,NSE:MAJESCO,76.65,76.65,76.65,76.65,1150.0
2021-05-27 09:15:00,NSE:MAJESCO,76.7,76.7,76.3,76.6,6119.0
2021-05-27 09:20:00,NSE:MAJESCO,76.6,76.65,76.4,76.4,6649.0
2021-05-27 09:25:00,NSE:MAJESCO,76.4,76.6,76.3,76.35,5154.0
2021-05-27 09:30:00,NSE:MAJESCO,76.5,76.55,76.35,76.4,2047.0
2021-05-27 09:35:00,NSE:MAJESCO,76.45,76.5,76.35,76.5,2096.0
2021-05-27 09:40:00,NSE:MAJESCO,76.5,76.5,76.4,76.4,2673.0
2021-05-27 09:45:00,NSE:MAJESCO,76.35,76.5,76.35,76.5,3408.0
2021-05-27 09:50:00,NSE:MAJESCO,76.5,76.5,76.35,76.35,1207.0
2021-05-27 09:55:00,NSE:MAJESCO,76.5,76.5,76.35,76.5,2088.0
2021-05-27 10:00:00,NSE:MAJESCO,76.5,76.5,76.3,76.35,2286.0
2021-05-27 10:05:00,NSE:MAJESCO,76.4,76.45,76.3,76.45,1078.0
2021-05-27 10:10:00,NSE:MAJESCO,76.4,76.5,76.3,76.3,2737.0
2021-05-27 10:15:00,NSE:MAJESCO,76.45,76.5,76.35,76.4,1015.0
2021-05-27 10:20:00,NSE:MAJESCO,76.4,76.5,76.4,76.5,1679.0
2021-05-27 10:25:00,NSE:MAJESCO,76.4,76.5,76.35,76.5,1340.0
2021-05-27 10:30:00,NSE:MAJESCO,76.5,76.5,76.35,76.35,1221.0
2021-05-27 10:35:00,NSE:MAJESCO,76.4,76.45,76.35,76.4,1165.0
2021-05-27 10:40:00,NSE:MAJESCO,76.45,76.45,76.35,76.45,1286.0
2021-05-27 10:45:00,NSE:MAJESCO,76.45,76.5,76.35,76.35,1294.0
2021-05-27 10:50:00,NSE:MAJESCO,76.45,76.45,76.3,76.3,2362.0
2021-05-27 10:55:00,NSE:MAJESCO,76.45,76.5,76.3,76.45,3288.0
2021-05-27 11:00:00,NSE:MAJESCO,76.45,76.5,76.35,76.35,969.0
2021-05-27 11:05:00,NSE:MAJESCO,76.35,76.5,76.35,76.4,745.0
2021-05-27 11:10:00,NSE:MAJESCO,76.35,76.5,76.3,76.5,2891.0
2021-05-27 11:15:00,NSE:MAJESCO,76.5,76.5,76.3,76.3,4062.0
2021-05-27 11:20:00,NSE:MAJESCO,76.3,76.45,76.3,76.3,330.0
2021-05-27 11:25:00,NSE:MAJESCO,76.45,76.45,76.3,76.45,11306.0
2021-05-27 11:30:00,NSE:MAJESCO,76.3,76.5,76.3,76.45,1565.0
2021-05-27 11:35:00,NSE:MAJESCO,76.4,76.45,76.35,76.45,1808.0
2021-05-27 11:40:00,NSE:MAJESCO,76.35,76.5,76.35,76.35,1389.0
2021-05-27 11:45:00,NSE:MAJESCO,76.4,76.5,76.4,76.4,307.0
2021-05-27 11:50:00,NSE:MAJESCO,76.4,76.5,76.4,76.4,550.0
2021-05-27 11:55:00,NSE:MAJESCO,76.5,76.5,76.4,76.5,751.0
2021-05-27 12:00:00,NSE:MAJESCO,76.5,76.5,76.35,76.35,773.0
2021-05-27 12:05:00,NSE:MAJESCO,76.35,76.6,76.35,76.6,3877.0
2021-05-27 12:10:00,NSE:MAJESCO,76.6,76.6,76.45,76.5,1560.0
2021-05-27 12:15:00,NSE:MAJESCO,76.5,76.6,76.5,76.6,398.0
2021-05-27 12:20:00,NSE:MAJESCO,76.6,76.6,76.45,76.55,519.0
2021-05-27 12:25:00,NSE:MAJESCO,76.55,76.6,76.4,76.5,1017.0
2021-05-27 12:30:00,NSE:MAJESCO,76.5,76.6,76.4,76.5,1155.0
2021-05-27 12:35:00,NSE:MAJESCO,76.5,76.6,76.4,76.55,1520.0
2021-05-27 12:40:00,NSE:MAJESCO,76.55,76.55,76.45,76.5,156.0
2021-05-27 12:45:00,NSE:MAJESCO,76.45,76.55,76.45,76.45,1394.0
2021-05-27 12:50:00,NSE:MAJESCO,76.45,76.6,76.45,76.6,1288.0
2021-05-27 12:55:00,NSE:MAJESCO,76.6,76.6,76.4,76.5,1877.0
2021-05-27 13:00:00,NSE:MAJESCO,76.45,76.6,76.45,76.5,1164.0
2021-05-27 13:05:00,NSE:MAJESCO,76.55,76.55,76.45,76.55,1654.0
2021-05-27 13:10:00,NSE:MAJESCO,76.55,76.55,76.4,76.45,836.0
2021-05-27 13:15:00,NSE:MAJESCO,76.45,76.55,76.4,76.4,2488.0
2021-05-27 13:20:00,NSE:MAJESCO,76.55,76.55,76.45,76.45,823.0
2021-05-27 13:25:00,NSE:MAJESCO,76.45,76.55,76.45,76.55,654.0
2021-05-27 13:30:00,NSE:MAJESCO,76.5,76.6,76.4,76.6,1262.0
2021-05-27 13:35:00,NSE:MAJESCO,76.6,76.6,76.45,76.45,900.0
2021-05-27 13:40:00,NSE:MAJESCO,76.55,76.55,76.5,76.55,627.0
2021-05-27 13:45:00,NSE:MAJESCO,76.5,76.55,76.5,76.5,142.0
2021-05-27 13:50:00,NSE:MAJESCO,76.5,76.5,76.45,76.45,739.0
2021-05-27 13:55:00,NSE:MAJESCO,76.5,76.5,76.45,76.5,852.0
2021-05-27 14:00:00,NSE:MAJESCO,76.5,76.5,76.45,76.5,639.0
2021-05-27 14:05:00,NSE:MAJESCO,76.5,76.55,76.45,76.45,800.0
2021-05-27 14:10:00,NSE:MAJESCO,76.55,76.55,76.4,76.4,985.0
2021-05-27 14:15:00,NSE:MAJESCO,76.4,76.5,76.4,76.5,991.0
2021-05-27 14:20:00,NSE:MAJESCO,76.5,76.55,76.5,76.5,2952.0
2021-05-27 14:25:00,NSE:MAJESCO,76.45,76.55,76.45,76.55,1979.0
2021-05-27 14:30:00,NSE:MAJESCO,76.5,76.55,76.45,76.45,411.0
2021-05-27 14:35:00,NSE:MAJESCO,76.5,76.55,76.45,76.55,5118.0
2021-05-27 14:40:00,NSE:MAJESCO,76.5,76.55,76.45,76.5,556.0
2021-05-27 14:45:00,NSE:MAJESCO,76.55,76.55,76.45,76.55,1630.0
2021-05-27 14:50:00,NSE:MAJESCO,76.55,76.55,76.45,76.45,1238.0
2021-05-27 14:55:00,NSE:MAJESCO,76.5,76.55,76.4,76.5,1531.0
2021-05-27 15:00:00,NSE:MAJESCO,76.5,76.5,76.4,76.5,1687.0
2021-05-27 15:05:00,NSE:MAJESCO,76.45,76.5,76.4,76.5,1427.0
2021-05-27 15:10:00,NSE:MAJESCO,76.45,76.5,76.4,76.5,3694.0
2021-05-27 15:15:00,NSE:MAJESCO,76.5,76.5,76.4,76.4,1922.0
2021-05-27 15:20:00,NSE:MAJESCO,76.4,76.45,76.4,76.45,7658.0
2021-05-27 15:25:00,NSE:MAJESCO,76.45,76.65,76.4,76.6,8756.0
2021-05-27 15:55:00,NSE:MAJESCO,76.4,76.6,76.4,76.6,25.0
2021-05-28 09:05:00,NSE:MAJESCO,76.7,76.7,76.7,76.7,3124.0
2021-05-28 09:15:00,NSE:MAJESCO,76.7,76.95,76.45,76.8,22473.0
2021-05-28 09:20:00,NSE:MAJESCO,76.8,76.9,76.65,76.7,5564.0
2021-05-28 09:25:00,NSE:MAJESCO,76.8,76.8,76.7,76.7,2545.0
2021-05-28 09:30:00,NSE:MAJESCO,76.8,76.8,76.7,76.75,1272.0
2021-05-28 09:35:00,NSE:MAJESCO,76.75,76.75,76.7,76.7,3874.0
2021-05-28 09:40:00,NSE:MAJESCO,76.75,76.75,76.7,76.7,2758.0
2021-05-28 09:45:00,NSE:MAJESCO,76.65,76.75,76.55,76.55,3886.0
2021-05-28 09:50:00,NSE:MAJESCO,76.65,76.7,76.55,76.65,3998.0
2021-05-28 09:55:00,NSE:MAJESCO,76.7,76.7,76.5,76.55,2998.0
2021-05-28 10:00:00,NSE:MAJESCO,76.55,76.65,76.4,76.55,8356.0
2021-05-28 10:05:00,NSE:MAJESCO,76.55,76.6,76.4,76.55,5544.0
2021-05-28 10:10:00,NSE:MAJESCO,76.55,76.6,76.45,76.5,2028.0
2021-05-28 10:15:00,NSE:MAJESCO,76.45,76.6,76.45,76.6,2574.0
2021-05-28 10:20:00,NSE:MAJESCO,76.6,76.6,76.45,76.5,3636.0
2021-05-28 10:25:00,NSE:MAJESCO,76.5,76.6,76.45,76.55,1178.0
2021-05-28 10:30:00,NSE:MAJESCO,76.55,76.6,76.4,76.45,3533.0
2021-05-28 10:35:00,NSE:MAJESCO,76.45,76.55,76.45,76.45,1491.0
2021-05-28 10:40:00,NSE:MAJESCO,76.45,76.5,76.4,76.4,14382.0
2021-05-28 10:45:00,NSE:MAJESCO,76.5,76.6,76.4,76.6,2232.0
2021-05-28 10:50:00,NSE:MAJESCO,76.45,76.6,76.45,76.6,1764.0
2021-05-28 10:55:00,NSE:MAJESCO,76.5,76.6,76.45,76.6,1714.0
2021-05-28 11:00:00,NSE:MAJESCO,76.6,76.6,76.45,76.45,3090.0
2021-05-28 11:05:00,NSE:MAJESCO,76.45,76.55,76.45,76.45,2259.0
2021-05-28 11:10:00,NSE:MAJESCO,76.55,76.55,76.45,76.45,3011.0
2021-05-28 11:15:00,NSE:MAJESCO,76.45,76.55,76.45,76.45,1491.0
2021-05-28 11:20:00,NSE:MAJESCO,76.45,76.55,76.45,76.5,607.0
2021-05-28 11:25:00,NSE:MAJESCO,76.5,76.6,76.45,76.6,2126.0
2021-05-28 11:30:00,NSE:MAJESCO,76.5,76.6,76.45,76.5,720.0
2021-05-28 11:35:00,NSE:MAJESCO,76.45,76.55,76.45,76.45,259.0
2021-05-28 11:40:00,NSE:MAJESCO,76.45,76.55,76.45,76.45,2074.0
2021-05-28 11:45:00,NSE:MAJESCO,76.45,76.5,76.45,76.45,2033.0
2021-05-28 11:50:00,NSE:MAJESCO,76.5,76.5,76.45,76.45,1329.0
2021-05-28 11:55:00,NSE:MAJESCO,76.45,76.5,76.45,76.45,3812.0
2021-05-28 12:00:00,NSE:MAJESCO,76.5,76.5,76.45,76.45,20453.0
2021-05-28 12:05:00,NSE:MAJESCO,76.45,76.55,76.45,76.45,1053.0
2021-05-28 12:10:00,NSE:MAJESCO,76.45,76.55,76.45,76.55,742.0
2021-05-28 12:15:00,NSE:MAJESCO,76.45,76.55,76.45,76.5,803.0
2021-05-28 12:20:00,NSE:MAJESCO,76.5,76.5,76.45,76.5,1082.0
2021-05-28 12:25:00,NSE:MAJESCO,76.5,76.5,76.45,76.45,232.0
2021-05-28 12:30:00,NSE:MAJESCO,76.45,76.5,76.45,76.5,592.0
2021-05-28 12:35:00,NSE:MAJESCO,76.45,76.5,76.45,76.5,3892.0
2021-05-28 12:40:00,NSE:MAJESCO,76.5,76.5,76.45,76.5,577.0
2021-05-28 12:45:00,NSE:MAJESCO,76.45,76.5,76.45,76.45,3133.0
2021-05-28 12:50:00,NSE:MAJESCO,76.45,76.5,76.45,76.5,1436.0
2021-05-28 12:55:00,NSE:MAJESCO,76.45,76.5,76.45,76.45,304.0
2021-05-28 13:00:00,NSE:MAJESCO,76.45,76.5,76.45,76.45,2623.0
2021-05-28 13:05:00,NSE:MAJESCO,76.45,76.5,76.45,76.5,1491.0
2021-05-28 13:10:00,NSE:MAJESCO,76.45,76.5,76.45,76.5,1399.0
2021-05-28 13:15:00,NSE:MAJESCO,76.45,76.5,76.45,76.45,755.0
2021-05-28 13:20:00,NSE:MAJESCO,76.45,76.5,76.45,76.45,1224.0
2021-05-28 13:25:00,NSE:MAJESCO,76.45,76.5,76.45,76.5,1412.0
2021-05-28 13:30:00,NSE:MAJESCO,76.45,76.5,76.45,76.5,562.0
2021-05-28 13:35:00,NSE:MAJESCO,76.45,76.5,76.45,76.5,1319.0
2021-05-28 13:40:00,NSE:MAJESCO,76.5,76.5,76.45,76.45,514.0
2021-05-28 13:45:00,NSE:MAJESCO,76.5,76.5,76.45,76.5,648.0
2021-05-28 13:50:00,NSE:MAJESCO,76.45,76.5,76.45,76.45,1341.0
2021-05-28 13:55:00,NSE:MAJESCO,76.45,76.55,76.45,76.5,1808.0
2021-05-28 14:00:00,NSE:MAJESCO,76.5,76.55,76.45,76.5,1517.0
2021-05-28 14:05:00,NSE:MAJESCO,76.45,76.5,76.45,76.45,1283.0
2021-05-28 14:10:00,NSE:MAJESCO,76.45,76.5,76.45,76.45,1804.0
2021-05-28 14:15:00,NSE:MAJESCO,76.5,76.5,76.4,76.4,580.0
2021-05-28 14:20:00,NSE:MAJESCO,76.4,76.5,76.4,76.45,3961.0
2021-05-28 14:25:00,NSE:MAJESCO,76.45,76.5,76.45,76.45,2221.0
2021-05-28 14:30:00,NSE:MAJESCO,76.5,76.5,76.45,76.5,1656.0
2021-05-28 14:35:00,NSE:MAJESCO,76.5,76.5,76.45,76.45,1007.0
2021-05-28 14:40:00,NSE:MAJESCO,76.45,76.5,76.45,76.5,2665.0
2021-05-28 14:45:00,NSE:MAJESCO,76.45,76.5,76.45,76.45,1095.0
2021-05-28 14:50:00,NSE:MAJESCO,76.5,76.5,76.45,76.45,1786.0
2021-05-28 14:55:00,NSE:MAJESCO,76.5,76.5,76.45,76.45,3218.0
2021-05-28 15:00:00,NSE:MAJESCO,76.45,76.5,76.45,76.5,1621.0
2021-05-28 15:05:00,NSE:MAJESCO,76.5,76.5,76.45,76.5,6173.0
2021-05-28 15:10:00,NSE:MAJESCO,76.5,76.5,76.45,76.5,2026.0
2021-05-28 15:15:00,NSE:MAJESCO,76.5,76.55,76.45,76.45,5446.0
2021-05-28 15:20:00,NSE:MAJESCO,76.55,76.55,76.45,76.5,2012.0
2021-05-28 15:25:00,NSE:MAJESCO,76.5,76.5,76.45,76.45,11064.0
2021-05-28 15:40:00,NSE:MAJESCO,76.45,76.45,76.45,76.45,113.0
2021-05-28 15:45:00,NSE:MAJESCO,76.45,76.45,76.45,76.45,87.0
2021-05-31 09:05:00,NSE:MAJESCO,76.7,76.7,76.7,76.7,3755.0
2021-05-31 09:15:00,NSE:MAJESCO,76.7,76.7,76.45,76.7,8568.0
2021-05-31 09:20:00,NSE:MAJESCO,76.5,76.7,76.4,76.65,7348.0
2021-05-31 09:25:00,NSE:MAJESCO,76.5,76.75,76.4,76.4,6758.0
2021-05-31 09:30:00,NSE:MAJESCO,76.55,76.7,76.4,76.6,9710.0
2021-05-31 09:35:00,NSE:MAJESCO,76.6,76.75,76.6,76.75,6550.0
2021-05-31 09:40:00,NSE:MAJESCO,76.75,76.75,76.6,76.6,4468.0
2021-05-31 09:45:00,NSE:MAJESCO,76.7,76.7,76.45,76.65,5923.0
2021-05-31 09:50:00,NSE:MAJESCO,76.45,76.65,76.45,76.65,7243.0
2021-05-31 09:55:00,NSE:MAJESCO,76.7,76.75,76.55,76.75,7371.0
2021-05-31 10:00:00,NSE:MAJESCO,76.75,76.75,76.55,76.7,3369.0
2021-05-31 10:05:00,NSE:MAJESCO,76.55,76.7,76.55,76.55,1436.0
2021-05-31 10:10:00,NSE:MAJESCO,76.7,76.7,76.55,76.6,1574.0
2021-05-31 10:15:00,NSE:MAJESCO,76.65,76.7,76.55,76.65,10611.0
2021-05-31 10:20:00,NSE:MAJESCO,76.65,76.65,76.5,76.65,3670.0
2021-05-31 10:25:00,NSE:MAJESCO,76.5,76.65,76.5,76.65,2489.0
2021-05-31 10:30:00,NSE:MAJESCO,76.65,76.65,76.5,76.5,1930.0
2021-05-31 10:35:00,NSE:MAJESCO,76.6,76.65,76.5,76.6,7358.0
2021-05-31 10:40:00,NSE:MAJESCO,76.6,76.6,76.55,76.6,1548.0
2021-05-31 10:45:00,NSE:MAJESCO,76.55,76.6,76.5,76.6,1309.0
2021-05-31 10:50:00,NSE:MAJESCO,76.5,76.6,76.5,76.55,3276.0
2021-05-31 10:55:00,NSE:MAJESCO,76.5,76.6,76.5,76.6,1524.0
2021-05-31 11:00:00,NSE:MAJESCO,76.6,76.65,76.5,76.55,934.0
2021-05-31 11:05:00,NSE:MAJESCO,76.6,76.65,76.55,76.6,1614.0
2021-05-31 11:10:00,NSE:MAJESCO,76.6,76.65,76.55,76.65,2808.0
2021-05-31 11:15:00,NSE:MAJESCO,76.65,76.65,76.55,76.65,2136.0
2021-05-31 11:20:00,NSE:MAJESCO,76.65,76.65,76.55,76.65,3469.0
2021-05-31 11:25:00,NSE:MAJESCO,76.65,76.65,76.6,76.65,500.0
2021-05-31 11:30:00,NSE:MAJESCO,76.65,76.65,76.6,76.65,363.0
2021-05-31 11:35:00,NSE:MAJESCO,76.65,76.65,76.6,76.65,989.0
2021-05-31 11:40:00,NSE:MAJESCO,76.65,76.65,76.6,76.6,947.0
2021-05-31 11:45:00,NSE:MAJESCO,76.6,76.65,76.6,76.6,561.0
2021-05-31 11:50:00,NSE:MAJESCO,76.65,76.65,76.55,76.65,2076.0
2021-05-31 11:55:00,NSE:MAJESCO,76.55,76.65,76.55,76.65,506.0
2021-05-31 12:00:00,NSE:MAJESCO,76.65,76.65,76.55,76.55,2008.0
2021-05-31 12:05:00,NSE:MAJESCO,76.65,76.75,76.55,76.75,11108.0
2021-05-31 12:10:00,NSE:MAJESCO,76.65,76.75,76.55,76.55,1056.0
2021-05-31 12:15:00,NSE:MAJESCO,76.55,76.7,76.55,76.6,457.0
2021-05-31 12:20:00,NSE:MAJESCO,76.7,76.85,76.6,76.6,6140.0
2021-05-31 12:25:00,NSE:MAJESCO,76.6,76.8,76.6,76.7,1663.0
2021-05-31 12:30:00,NSE:MAJESCO,76.75,76.75,76.55,76.55,5970.0
2021-05-31 12:35:00,NSE:MAJESCO,76.6,76.7,76.6,76.7,1713.0
2021-05-31 12:40:00,NSE:MAJESCO,76.7,76.85,76.7,76.85,5070.0
2021-05-31 12:45:00,NSE:MAJESCO,76.85,76.85,76.75,76.75,1437.0
2021-05-31 12:50:00,NSE:MAJESCO,76.8,76.85,76.8,76.8,1432.0
2021-05-31 12:55:00,NSE:MAJESCO,76.85,76.85,76.8,76.8,1222.0
2021-05-31 13:00:00,NSE:MAJESCO,76.8,76.85,76.8,76.85,2283.0
2021-05-31 13:05:00,NSE:MAJESCO,76.85,76.85,76.8,76.85,1119.0
2021-05-31 13:10:00,NSE:MAJESCO,76.85,76.85,76.8,76.85,407.0
2021-05-31 13:15:00,NSE:MAJESCO,76.85,76.85,76.8,76.85,700.0
2021-05-31 13:20:00,NSE:MAJESCO,76.85,76.85,76.8,76.8,562.0
2021-05-31 13:25:00,NSE:MAJESCO,76.85,76.85,76.8,76.8,2998.0
2021-05-31 13:30:00,NSE:MAJESCO,76.85,76.85,76.75,76.75,3311.0
2021-05-31 13:35:00,NSE:MAJESCO,76.8,76.85,76.7,76.7,1228.0
2021-05-31 13:40:00,NSE:MAJESCO,76.85,76.85,76.5,76.65,55430.0
2021-05-31 13:45:00,NSE:MAJESCO,76.65,76.65,76.5,76.65,598.0
2021-05-31 13:50:00,NSE:MAJESCO,76.65,76.7,76.5,76.5,5326.0
2021-05-31 13:55:00,NSE:MAJESCO,76.65,76.65,76.5,76.5,1030.0
2021-05-31 14:00:00,NSE:MAJESCO,76.55,76.6,76.5,76.6,1738.0
2021-05-31 14:05:00,NSE:MAJESCO,76.55,76.65,76.55,76.65,301.0
2021-05-31 14:10:00,NSE:MAJESCO,76.55,76.65,76.55,76.55,974.0
2021-05-31 14:15:00,NSE:MAJESCO,76.55,76.6,76.55,76.6,446.0
2021-05-31 14:20:00,NSE:MAJESCO,76.6,76.6,76.5,76.5,607.0
2021-05-31 14:25:00,NSE:MAJESCO,76.5,76.55,76.5,76.55,2025.0
2021-05-31 14:30:00,NSE:MAJESCO,76.55,76.55,76.5,76.5,877.0
2021-05-31 14:35:00,NSE:MAJESCO,76.5,76.6,76.5,76.6,1601.0
2021-05-31 14:40:00,NSE:MAJESCO,76.5,76.65,76.5,76.55,2042.0
2021-05-31 14:45:00,NSE:MAJESCO,76.65,76.65,76.55,76.65,1787.0
2021-05-31 14:50:00,NSE:MAJESCO,76.55,76.65,76.5,76.55,1602.0
2021-05-31 14:55:00,NSE:MAJESCO,76.5,76.6,76.5,76.6,2139.0
2021-05-31 15:00:00,NSE:MAJESCO,76.5,76.6,76.5,76.5,2680.0
2021-05-31 15:05:00,NSE:MAJESCO,76.55,76.6,76.5,76.5,1458.0
2021-05-31 15:10:00,NSE:MAJESCO,76.6,76.65,76.5,76.6,2032.0
2021-05-31 15:15:00,NSE:MAJESCO,76.55,76.65,76.5,76.5,4124.0
2021-05-31 15:20:00,NSE:MAJESCO,76.5,76.55,76.5,76.5,3822.0
2021-05-31 15:25:00,NSE:MAJESCO,76.5,76.6,76.5,76.6,10521.0
2021-05-31 15:40:00,NSE:MAJESCO,76.55,76.55,76.55,76.55,100.0
2021-06-01 09:05:00,NSE:MAJESCO,76.7,76.7,76.7,76.7,550.0
2021-06-01 09:15:00,NSE:MAJESCO,76.75,76.85,76.55,76.65,7409.0
2021-06-01 09:20:00,NSE:MAJESCO,76.6,76.6,76.3,76.5,4248.0
2021-06-01 09:25:00,NSE:MAJESCO,76.35,76.65,76.35,76.4,7310.0
2021-06-01 09:30:00,NSE:MAJESCO,76.45,76.45,76.15,76.15,6300.0
2021-06-01 09:35:00,NSE:MAJESCO,76.1,76.25,76.1,76.2,5618.0
2021-06-01 09:40:00,NSE:MAJESCO,76.25,76.3,76.1,76.1,4599.0
2021-06-01 09:45:00,NSE:MAJESCO,76.1,76.3,76.1,76.15,3338.0
2021-06-01 09:50:00,NSE:MAJESCO,76.15,76.3,76.1,76.2,1230.0
2021-06-01 09:55:00,NSE:MAJESCO,76.1,76.2,76.1,76.1,2292.0
2021-06-01 10:00:00,NSE:MAJESCO,76.1,76.25,76.1,76.1,2499.0
2021-06-01 10:05:00,NSE:MAJESCO,76.15,76.3,76.15,76.3,3481.0
2021-06-01 10:10:00,NSE:MAJESCO,76.25,76.3,76.25,76.3,1118.0
2021-06-01 10:15:00,NSE:MAJESCO,76.25,76.35,76.25,76.25,3791.0
2021-06-01 10:20:00,NSE:MAJESCO,76.25,76.3,76.1,76.25,30966.0
2021-06-01 10:25:00,NSE:MAJESCO,76.25,76.25,76.1,76.25,1501.0
2021-06-01 10:30:00,NSE:MAJESCO,76.25,76.25,76.15,76.25,488.0
2021-06-01 10:35:00,NSE:MAJESCO,76.25,76.25,76.15,76.25,465.0
2021-06-01 10:40:00,NSE:MAJESCO,76.15,76.25,76.15,76.25,812.0
2021-06-01 10:45:00,NSE:MAJESCO,76.15,76.25,76.15,76.2,1851.0
2021-06-01 10:50:00,NSE:MAJESCO,76.2,76.2,76.15,76.2,1312.0
2021-06-01 10:55:00,NSE:MAJESCO,76.15,76.2,76.15,76.15,872.0
2021-06-01 11:00:00,NSE:MAJESCO,76.15,76.2,76.15,76.2,751.0
2021-06-01 11:05:00,NSE:MAJESCO,76.2,76.25,76.15,76.15,1212.0
2021-06-01 11:10:00,NSE:MAJESCO,76.2,76.25,76.15,76.15,1187.0
2021-06-01 11:15:00,NSE:MAJESCO,76.15,76.25,76.15,76.15,1141.0
2021-06-01 11:20:00,NSE:MAJESCO,76.15,76.25,76.15,76.25,1380.0
2021-06-01 11:25:00,NSE:MAJESCO,76.15,76.25,76.15,76.25,6039.0
2021-06-01 11:30:00,NSE:MAJESCO,76.15,76.25,76.15,76.2,7925.0
2021-06-01 11:35:00,NSE:MAJESCO,76.2,76.35,76.2,76.2,1198.0
2021-06-01 11:40:00,NSE:MAJESCO,76.3,76.3,76.2,76.2,912.0
2021-06-01 11:45:00,NSE:MAJESCO,76.2,76.3,76.2,76.3,2550.0
2021-06-01 11:50:00,NSE:MAJESCO,76.2,76.3,76.2,76.25,5468.0
2021-06-01 11:55:00,NSE:MAJESCO,76.3,76.4,76.2,76.4,2153.0
2021-06-01 12:00:00,NSE:MAJESCO,76.4,76.4,76.2,76.2,1077.0
2021-06-01 12:05:00,NSE:MAJESCO,76.4,76.4,76.2,76.4,284.0
2021-06-01 12:10:00,NSE:MAJESCO,76.25,76.4,76.2,76.35,855.0
2021-06-01 12:15:00,NSE:MAJESCO,76.2,76.25,76.2,76.25,523.0
2021-06-01 12:20:00,NSE:MAJESCO,76.25,76.35,76.2,76.2,3336.0
2021-06-01 12:25:00,NSE:MAJESCO,76.2,76.3,76.15,76.3,1789.0
2021-06-01 12:30:00,NSE:MAJESCO,76.3,76.35,76.2,76.35,1264.0
2021-06-01 12:35:00,NSE:MAJESCO,76.35,76.35,76.15,76.25,2770.0
2021-06-01 12:40:00,NSE:MAJESCO,76.2,76.35,76.15,76.35,290.0
2021-06-01 12:45:00,NSE:MAJESCO,76.35,76.35,76.2,76.2,232.0
2021-06-01 12:50:00,NSE:MAJESCO,76.35,76.35,76.15,76.3,265.0
2021-06-01 12:55:00,NSE:MAJESCO,76.3,76.35,76.2,76.35,2403.0
2021-06-01 13:00:00,NSE:MAJESCO,76.35,76.4,76.2,76.4,1350.0
2021-06-01 13:05:00,NSE:MAJESCO,76.35,76.4,76.2,76.2,1040.0
2021-06-01 13:10:00,NSE:MAJESCO,76.25,76.4,76.2,76.4,1008.0
2021-06-01 13:15:00,NSE:MAJESCO,76.4,76.4,76.2,76.3,324.0
2021-06-01 13:20:00,NSE:MAJESCO,76.2,76.3,76.2,76.3,320.0
2021-06-01 13:25:00,NSE:MAJESCO,76.3,76.4,76.3,76.3,1116.0
2021-06-01 13:30:00,NSE:MAJESCO,76.3,76.4,76.2,76.2,865.0
2021-06-01 13:35:00,NSE:MAJESCO,76.2,76.4,76.2,76.25,515.0
2021-06-01 13:40:00,NSE:MAJESCO,76.25,76.35,76.2,76.35,918.0
2021-06-01 13:45:00,NSE:MAJESCO,76.35,76.4,76.3,76.3,572.0
2021-06-01 13:50:00,NSE:MAJESCO,76.4,76.4,76.2,76.25,8075.0
2021-06-01 13:55:00,NSE:MAJESCO,76.2,76.25,76.15,76.2,296.0
2021-06-01 14:00:00,NSE:MAJESCO,76.25,76.25,76.2,76.25,492.0
2021-06-01 14:05:00,NSE:MAJESCO,76.2,76.25,76.15,76.25,3892.0
2021-06-01 14:10:00,NSE:MAJESCO,76.25,76.35,76.15,76.35,633.0
2021-06-01 14:15:00,NSE:MAJESCO,76.2,76.35,76.15,76.3,437.0
2021-06-01 14:20:00,NSE:MAJESCO,76.25,76.3,76.2,76.3,785.0
2021-06-01 14:25:00,NSE:MAJESCO,76.25,76.3,76.15,76.3,1405.0
2021-06-01 14:30:00,NSE:MAJESCO,76.3,76.3,76.25,76.3,657.0
2021-06-01 14:35:00,NSE:MAJESCO,76.3,76.3,76.15,76.2,459.0
2021-06-01 14:40:00,NSE:MAJESCO,76.25,76.3,76.15,76.15,737.0
2021-06-01 14:45:00,NSE:MAJESCO,76.2,76.3,76.15,76.2,349.0
2021-06-01 14:50:00,NSE:MAJESCO,76.3,76.3,76.2,76.3,1427.0
2021-06-01 14:55:00,NSE:MAJESCO,76.2,76.3,76.2,76.2,1487.0
2021-06-01 15:00:00,NSE:MAJESCO,76.2,76.3,76.2,76.2,984.0
2021-06-01 15:05:00,NSE:MAJESCO,76.25,76.3,76.2,76.2,2167.0
2021-06-01 15:10:00,NSE:MAJESCO,76.2,76.35,76.2,76.2,2293.0
2021-06-01 15:15:00,NSE:MAJESCO,76.25,76.35,76.2,76.35,2819.0
2021-06-01 15:20:00,NSE:MAJESCO,76.3,76.35,76.2,76.2,2791.0
2021-06-01 15:25:00,NSE:MAJESCO,76.25,76.3,76.2,76.2,9758.0
2021-06-01 15:45:00,NSE:MAJESCO,76.25,76.25,76.25,76.25,10.0
2021-06-01 15:50:00,NSE:MAJESCO,76.25,76.25,76.25,76.25,52.0
2021-06-02 09:05:00,NSE:MAJESCO,76.25,76.25,76.25,76.25,512.0
2021-06-02 09:15:00,NSE:MAJESCO,76.3,76.45,76.3,76.35,2128.0
2021-06-02 09:20:00,NSE:MAJESCO,76.4,76.4,75.65,75.65,6474.0
2021-06-02 09:25:00,NSE:MAJESCO,75.65,75.65,74.6,74.6,8097.0
2021-06-02 09:30:00,NSE:MAJESCO,74.7,74.85,74.5,74.85,7947.0
2021-06-02 09:35:00,NSE:MAJESCO,74.55,75.0,74.55,74.7,6218.0
2021-06-02 09:40:00,NSE:MAJESCO,74.7,75.0,74.7,74.75,2507.0
2021-06-02 09:45:00,NSE:MAJESCO,74.75,74.75,74.5,74.55,7413.0
2021-06-02 09:50:00,NSE:MAJESCO,74.55,74.95,74.5,74.95,19935.0
2021-06-02 09:55:00,NSE:MAJESCO,74.7,75.0,74.7,75.0,4581.0
2021-06-02 10:00:00,NSE:MAJESCO,75.0,75.3,75.0,75.25,1984.0
2021-06-02 10:05:00,NSE:MAJESCO,75.3,75.3,74.9,74.9,6455.0
2021-06-02 10:10:00,NSE:MAJESCO,74.9,75.0,74.6,75.0,8676.0
2021-06-02 10:15:00,NSE:MAJESCO,74.8,75.0,74.8,74.8,739.0
2021-06-02 10:20:00,NSE:MAJESCO,74.95,75.0,74.8,74.9,1118.0
2021-06-02 10:25:00,NSE:MAJESCO,74.85,75.0,74.85,74.95,1136.0
2021-06-02 10:30:00,NSE:MAJESCO,74.9,75.35,74.9,75.15,7711.0
2021-06-02 10:35:00,NSE:MAJESCO,75.15,75.5,75.15,75.5,3363.0
2021-06-02 10:40:00,NSE:MAJESCO,75.45,75.5,75.25,75.35,8562.0
2021-06-02 10:45:00,NSE:MAJESCO,75.6,75.7,75.35,75.7,12278.0
2021-06-02 10:50:00,NSE:MAJESCO,75.6,75.9,75.6,75.7,2334.0
2021-06-02 10:55:00,NSE:MAJESCO,75.7,75.9,75.7,75.8,1339.0
2021-06-02 11:00:00,NSE:MAJESCO,75.7,75.8,75.3,75.45,4534.0
2021-06-02 11:05:00,NSE:MAJESCO,75.3,75.5,75.0,75.0,18417.0
2021-06-02 11:10:00,NSE:MAJESCO,75.1,75.15,74.85,75.1,4593.0
2021-06-02 11:15:00,NSE:MAJESCO,74.95,75.1,74.9,75.1,1101.0
2021-06-02 11:20:00,NSE:MAJESCO,74.9,75.2,74.9,75.15,2191.0
2021-06-02 11:25:00,NSE:MAJESCO,75.25,75.25,75.1,75.25,499.0
2021-06-02 11:30:00,NSE:MAJESCO,75.1,75.25,75.05,75.25,439.0
2021-06-02 11:35:00,NSE:MAJESCO,75.25,75.3,75.15,75.3,1532.0
2021-06-02 11:40:00,NSE:MAJESCO,75.3,75.35,75.15,75.35,1020.0
2021-06-02 11:45:00,NSE:MAJESCO,75.15,75.3,75.15,75.3,598.0
2021-06-02 11:50:00,NSE:MAJESCO,75.35,75.35,75.2,75.2,471.0
2021-06-02 11:55:00,NSE:MAJESCO,75.2,75.4,75.1,75.1,2591.0
2021-06-02 12:00:00,NSE:MAJESCO,75.1,75.2,74.85,75.0,2937.0
2021-06-02 12:05:00,NSE:MAJESCO,75.0,75.2,75.0,75.2,1237.0
2021-06-02 12:10:00,NSE:MAJESCO,75.0,75.15,75.0,75.0,1696.0
2021-06-02 12:15:00,NSE:MAJESCO,75.15,75.2,75.0,75.2,1127.0
2021-06-02 12:20:00,NSE:MAJESCO,75.05,75.3,75.0,75.3,1902.0
2021-06-02 12:25:00,NSE:MAJESCO,75.1,75.3,75.1,75.3,960.0
2021-06-02 12:30:00,NSE:MAJESCO,75.3,75.35,75.15,75.35,1803.0
2021-06-02 12:35:00,NSE:MAJESCO,75.25,75.25,75.0,75.0,3611.0
2021-06-02 12:40:00,NSE:MAJESCO,75.0,75.1,74.95,75.1,774.0
2021-06-02 12:45:00,NSE:MAJESCO,75.1,75.1,75.0,75.05,518.0
2021-06-02 12:50:00,NSE:MAJESCO,75.1,75.4,75.0,75.25,2783.0
2021-06-02 12:55:00,NSE:MAJESCO,75.2,75.4,75.1,75.1,614.0
2021-06-02 13:00:00,NSE:MAJESCO,75.1,75.2,75.1,75.1,95.0
2021-06-02 13:05:00,NSE:MAJESCO,75.1,75.2,75.05,75.2,143.0
2021-06-02 13:10:00,NSE:MAJESCO,75.1,75.4,75.1,75.4,233.0
2021-06-02 13:15:00,NSE:MAJESCO,75.2,75.4,75.2,75.2,1229.0
2021-06-02 13:20:00,NSE:MAJESCO,75.2,75.3,75.05,75.25,2807.0
2021-06-02 13:25:00,NSE:MAJESCO,75.1,75.25,75.0,75.2,5638.0
2021-06-02 13:30:00,NSE:MAJESCO,75.2,75.2,75.0,75.2,221.0
2021-06-02 13:35:00,NSE:MAJESCO,75.2,75.2,75.0,75.2,917.0
2021-06-02 13:40:00,NSE:MAJESCO,75.2,75.2,75.05,75.15,913.0
2021-06-02 13:45:00,NSE:MAJESCO,75.15,75.15,75.0,75.0,820.0
2021-06-02 13:50:00,NSE:MAJESCO,75.15,75.15,75.05,75.05,727.0
2021-06-02 13:55:00,NSE:MAJESCO,75.15,75.15,75.05,75.15,490.0
2021-06-02 14:00:00,NSE:MAJESCO,75.15,75.2,75.05,75.2,1023.0
2021-06-02 14:05:00,NSE:MAJESCO,75.1,75.2,75.05,75.05,1685.0
2021-06-02 14:10:00,NSE:MAJESCO,75.15,75.15,75.05,75.1,1013.0
2021-06-02 14:15:00,NSE:MAJESCO,75.15,75.15,75.05,75.15,934.0
2021-06-02 14:20:00,NSE:MAJESCO,75.15,75.2,75.0,75.15,999.0
2021-06-02 14:25:00,NSE:MAJESCO,75.15,75.15,75.1,75.1,408.0
2021-06-02 14:30:00,NSE:MAJESCO,75.1,75.15,75.0,75.1,759.0
2021-06-02 14:35:00,NSE:MAJESCO,75.05,75.15,75.05,75.05,2161.0
2021-06-02 14:40:00,NSE:MAJESCO,75.15,75.3,75.0,75.15,3395.0
2021-06-02 14:45:00,NSE:MAJESCO,75.25,75.3,75.15,75.3,2926.0
2021-06-02 14:50:00,NSE:MAJESCO,75.3,75.3,75.2,75.3,687.0
2021-06-02 14:55:00,NSE:MAJESCO,75.3,75.4,75.1,75.15,926.0
2021-06-02 15:00:00,NSE:MAJESCO,75.2,75.2,75.15,75.2,661.0
2021-06-02 15:05:00,NSE:MAJESCO,75.2,75.2,75.15,75.15,726.0
2021-06-02 15:10:00,NSE:MAJESCO,75.15,75.2,75.1,75.2,9241.0
2021-06-02 15:15:00,NSE:MAJESCO,75.2,75.25,75.2,75.25,2719.0
2021-06-02 15:20:00,NSE:MAJESCO,75.25,75.25,75.2,75.2,8311.0
2021-06-02 15:25:00,NSE:MAJESCO,75.25,75.35,75.2,75.3,4956.0
2021-06-02 15:40:00,NSE:MAJESCO,75.2,75.3,75.2,75.2,82.0
2021-06-03 09:05:00,NSE:MAJESCO,75.2,75.2,75.2,75.2,1787.0
2021-06-03 09:15:00,NSE:MAJESCO,75.1,75.2,75.0,75.2,6250.0
2021-06-03 09:20:00,NSE:MAJESCO,75.1,75.25,75.05,75.05,2757.0
2021-06-03 09:25:00,NSE:MAJESCO,75.2,75.2,75.0,75.05,6020.0
2021-06-03 09:30:00,NSE:MAJESCO,75.05,75.1,75.05,75.1,1926.0
2021-06-03 09:35:00,NSE:MAJESCO,75.1,75.15,75.0,75.0,8724.0
2021-06-03 09:40:00,NSE:MAJESCO,75.0,75.15,75.0,75.1,3137.0
2021-06-03 09:45:00,NSE:MAJESCO,75.0,75.1,74.9,74.95,15136.0
2021-06-03 09:50:00,NSE:MAJESCO,75.0,75.0,74.85,74.85,3069.0
2021-06-03 09:55:00,NSE:MAJESCO,74.85,75.1,74.85,75.0,13585.0
2021-06-03 10:00:00,NSE:MAJESCO,75.15,75.15,74.9,75.1,1996.0
2021-06-03 10:05:00,NSE:MAJESCO,75.1,75.2,75.0,75.15,2851.0
2021-06-03 10:10:00,NSE:MAJESCO,75.05,75.25,75.05,75.25,2725.0
2021-06-03 10:15:00,NSE:MAJESCO,75.15,75.45,75.15,75.3,2944.0
2021-06-03 10:20:00,NSE:MAJESCO,75.2,75.3,75.15,75.2,2103.0
2021-06-03 10:25:00,NSE:MAJESCO,75.15,75.3,75.1,75.3,2062.0
2021-06-03 10:30:00,NSE:MAJESCO,75.3,75.45,75.25,75.4,2192.0
2021-06-03 10:35:00,NSE:MAJESCO,75.4,75.4,75.15,75.25,5352.0
2021-06-03 10:40:00,NSE:MAJESCO,75.25,75.3,75.1,75.3,1702.0
2021-06-03 10:45:00,NSE:MAJESCO,75.3,75.35,75.2,75.25,3035.0
2021-06-03 10:50:00,NSE:MAJESCO,75.35,75.35,75.1,75.25,1692.0
2021-06-03 10:55:00,NSE:MAJESCO,75.1,75.15,75.0,75.05,7636.0
2021-06-03 11:00:00,NSE:MAJESCO,75.05,75.1,75.0,75.1,1250.0
2021-06-03 11:05:00,NSE:MAJESCO,75.1,75.25,75.1,75.25,1709.0
2021-06-03 11:10:00,NSE:MAJESCO,75.2,75.4,75.1,75.3,3126.0
2021-06-03 11:15:00,NSE:MAJESCO,75.1,75.3,75.05,75.1,2363.0
2021-06-03 11:20:00,NSE:MAJESCO,75.1,75.3,75.1,75.1,1451.0
2021-06-03 11:25:00,NSE:MAJESCO,75.2,75.2,75.1,75.1,1988.0
2021-06-03 11:30:00,NSE:MAJESCO,75.15,75.2,75.1,75.2,786.0
2021-06-03 11:35:00,NSE:MAJESCO,75.05,75.15,75.05,75.1,779.0
2021-06-03 11:40:00,NSE:MAJESCO,75.2,75.2,75.05,75.1,4571.0
2021-06-03 11:45:00,NSE:MAJESCO,75.2,75.3,75.1,75.25,6955.0
2021-06-03 11:50:00,NSE:MAJESCO,75.3,75.3,75.15,75.2,957.0
2021-06-03 11:55:00,NSE:MAJESCO,75.2,75.5,75.2,75.5,14130.0
2021-06-03 12:00:00,NSE:MAJESCO,75.5,76.95,75.5,76.5,46104.0
2021-06-03 12:05:00,NSE:MAJESCO,76.55,76.55,76.1,76.2,6166.0
2021-06-03 12:10:00,NSE:MAJESCO,76.05,76.25,76.05,76.1,635.0
2021-06-03 12:15:00,NSE:MAJESCO,76.15,76.5,76.0,76.5,17378.0
2021-06-03 12:20:00,NSE:MAJESCO,76.25,76.55,76.25,76.5,2305.0
2021-06-03 12:25:00,NSE:MAJESCO,76.45,76.9,76.45,76.9,10528.0
2021-06-03 12:30:00,NSE:MAJESCO,76.85,76.9,76.55,76.65,7138.0
2021-06-03 12:35:00,NSE:MAJESCO,76.65,76.75,76.65,76.75,4067.0
2021-06-03 12:40:00,NSE:MAJESCO,76.75,77.95,76.7,76.95,83191.0
2021-06-03 12:45:00,NSE:MAJESCO,76.95,77.05,76.3,76.95,24770.0
2021-06-03 12:50:00,NSE:MAJESCO,76.8,77.15,76.75,77.05,38269.0
2021-06-03 12:55:00,NSE:MAJESCO,77.1,77.1,76.6,76.6,25585.0
2021-06-03 13:00:00,NSE:MAJESCO,76.75,76.8,75.6,76.15,27283.0
2021-06-03 13:05:00,NSE:MAJESCO,76.0,76.2,75.9,76.1,4212.0
2021-06-03 13:10:00,NSE:MAJESCO,76.05,76.1,76.0,76.1,2559.0
2021-06-03 13:15:00,NSE:MAJESCO,76.0,76.1,75.9,75.9,3001.0
2021-06-03 13:20:00,NSE:MAJESCO,76.05,76.1,75.8,76.05,1453.0
2021-06-03 13:25:00,NSE:MAJESCO,75.95,76.1,75.8,75.8,9312.0
2021-06-03 13:30:00,NSE:MAJESCO,75.8,76.1,75.75,75.9,2481.0
2021-06-03 13:35:00,NSE:MAJESCO,75.9,75.9,75.65,75.85,1149.0
2021-06-03 13:40:00,NSE:MAJESCO,75.65,75.9,75.65,75.8,515.0
2021-06-03 13:45:00,NSE:MAJESCO,75.9,75.9,75.8,75.9,1047.0
2021-06-03 13:50:00,NSE:MAJESCO,75.9,76.1,75.85,76.1,723.0
2021-06-03 13:55:00,NSE:MAJESCO,76.05,76.1,75.85,75.85,1794.0
2021-06-03 14:00:00,NSE:MAJESCO,75.95,75.95,75.7,75.95,2678.0
2021-06-03 14:05:00,NSE:MAJESCO,75.8,76.85,75.75,76.7,23592.0
2021-06-03 14:10:00,NSE:MAJESCO,76.7,76.85,76.4,76.6,4146.0
2021-06-03 14:15:00,NSE:MAJESCO,76.65,76.65,76.1,76.1,4219.0
2021-06-03 14:20:00,NSE:MAJESCO,76.1,76.45,76.1,76.4,1144.0
2021-06-03 14:25:00,NSE:MAJESCO,76.4,76.65,76.4,76.5,4407.0
2021-06-03 14:30:00,NSE:MAJESCO,76.6,76.6,76.4,76.5,1710.0
2021-06-03 14:35:00,NSE:MAJESCO,76.55,76.6,76.4,76.55,1035.0
2021-06-03 14:40:00,NSE:MAJESCO,76.5,76.55,76.3,76.5,6077.0
2021-06-03 14:45:00,NSE:MAJESCO,76.3,76.55,76.2,76.3,6131.0
2021-06-03 14:50:00,NSE:MAJESCO,76.35,76.5,76.3,76.5,3062.0
2021-06-03 14:55:00,NSE:MAJESCO,76.45,76.5,76.15,76.15,10225.0
2021-06-03 15:00:00,NSE:MAJESCO,76.2,76.5,76.05,76.05,11130.0
2021-06-03 15:05:00,NSE:MAJESCO,76.1,76.45,76.05,76.4,2581.0
2021-06-03 15:10:00,NSE:MAJESCO,76.2,76.45,76.05,76.2,2862.0
2021-06-03 15:15:00,NSE:MAJESCO,76.2,76.4,76.0,76.3,10140.0
2021-06-03 15:20:00,NSE:MAJESCO,76.35,76.35,76.05,76.25,11494.0
2021-06-03 15:25:00,NSE:MAJESCO,76.25,76.45,76.0,76.3,22695.0
2021-06-03 15:30:00,NSE:MAJESCO,76.4,76.4,76.4,76.4,2.0
2021-06-03 15:40:00,NSE:MAJESCO,76.2,76.2,76.2,76.2,5.0
2021-06-04 09:05:00,NSE:MAJESCO,76.5,76.5,76.5,76.5,1620.0
2021-06-04 09:15:00,NSE:MAJESCO,76.5,77.0,76.3,76.5,6356.0
2021-06-04 09:20:00,NSE:MAJESCO,76.5,76.95,76.4,76.9,9658.0
2021-06-04 09:25:00,NSE:MAJESCO,77.0,77.0,76.85,77.0,3732.0
2021-06-04 09:30:00,NSE:MAJESCO,77.0,77.0,76.7,77.0,5116.0
2021-06-04 09:35:00,NSE:MAJESCO,77.0,77.0,76.7,76.95,7198.0
2021-06-04 09:40:00,NSE:MAJESCO,76.95,77.35,76.75,77.15,14721.0
2021-06-04 09:45:00,NSE:MAJESCO,77.15,77.2,76.9,76.95,4674.0
2021-06-04 09:50:00,NSE:MAJESCO,77.0,77.0,76.65,76.7,5185.0
2021-06-04 09:55:00,NSE:MAJESCO,76.8,76.85,76.7,76.85,1375.0
2021-06-04 10:00:00,NSE:MAJESCO,76.8,77.0,76.7,76.95,2728.0
2021-06-04 10:05:00,NSE:MAJESCO,76.9,76.9,76.5,76.55,6004.0
2021-06-04 10:10:00,NSE:MAJESCO,76.55,76.75,76.5,76.65,2503.0
2021-06-04 10:15:00,NSE:MAJESCO,76.75,77.0,76.7,76.9,7916.0
2021-06-04 10:20:00,NSE:MAJESCO,76.9,77.0,76.75,76.9,2110.0
2021-06-04 10:25:00,NSE:MAJESCO,76.9,77.0,76.9,76.9,1424.0
2021-06-04 10:30:00,NSE:MAJESCO,76.9,77.0,76.8,76.9,4828.0
2021-06-04 10:35:00,NSE:MAJESCO,76.9,77.0,76.9,77.0,2285.0
2021-06-04 10:40:00,NSE:MAJESCO,77.0,77.15,77.0,77.0,2612.0
2021-06-04 10:45:00,NSE:MAJESCO,77.1,77.1,76.8,76.9,3977.0
2021-06-04 10:50:00,NSE:MAJESCO,76.8,77.05,76.8,76.95,3515.0
2021-06-04 10:55:00,NSE:MAJESCO,76.95,77.05,76.85,77.05,2135.0
2021-06-04 11:00:00,NSE:MAJESCO,77.0,77.95,77.0,77.85,61540.0
2021-06-04 11:05:00,NSE:MAJESCO,77.8,79.45,77.75,79.3,59332.0
2021-06-04 11:10:00,NSE:MAJESCO,79.45,80.0,79.35,80.0,142345.0
2021-06-04 11:15:00,NSE:MAJESCO,80.0,80.0,80.0,80.0,15039.0
2021-06-04 11:20:00,NSE:MAJESCO,80.0,80.0,80.0,80.0,8281.0
2021-06-04 11:25:00,NSE:MAJESCO,80.0,80.0,80.0,80.0,4686.0
2021-06-04 11:30:00,NSE:MAJESCO,80.0,80.0,80.0,80.0,18310.0
2021-06-04 11:35:00,NSE:MAJESCO,80.0,80.0,80.0,80.0,2111.0
2021-06-04 11:40:00,NSE:MAJESCO,80.0,80.0,80.0,80.0,3900.0
2021-06-04 11:45:00,NSE:MAJESCO,80.0,80.0,80.0,80.0,3176.0
2021-06-04 11:50:00,NSE:MAJESCO,80.0,80.0,80.0,80.0,3678.0
2021-06-04 11:55:00,NSE:MAJESCO,80.0,80.0,80.0,80.0,2550.0
2021-06-04 12:00:00,NSE:MAJESCO,80.0,80.0,80.0,80.0,1867.0
2021-06-04 12:05:00,NSE:MAJESCO,80.0,80.0,80.0,80.0,3909.0
2021-06-04 12:10:00,NSE:MAJESCO,80.0,80.0,80.0,80.0,2751.0
2021-06-04 12:15:00,NSE:MAJESCO,80.0,80.0,80.0,80.0,2629.0
2021-06-04 12:20:00,NSE:MAJESCO,80.0,80.0,80.0,80.0,647.0
2021-06-04 12:25:00,NSE:MAJESCO,80.0,80.0,80.0,80.0,1192.0
2021-06-04 12:30:00,NSE:MAJESCO,80.0,80.0,80.0,80.0,3211.0
2021-06-04 12:35:00,NSE:MAJESCO,80.0,80.0,80.0,80.0,2035.0
2021-06-04 12:40:00,NSE:MAJESCO,80.0,80.0,80.0,80.0,155.0
2021-06-04 12:45:00,NSE:MAJESCO,80.0,80.0,80.0,80.0,759.0
2021-06-04 12:50:00,NSE:MAJESCO,80.0,80.0,80.0,80.0,417.0
2021-06-04 12:55:00,NSE:MAJESCO,80.0,80.0,80.0,80.0,1839.0
2021-06-04 13:00:00,NSE:MAJESCO,80.0,80.0,80.0,80.0,463.0
2021-06-04 13:05:00,NSE:MAJESCO,80.0,80.0,80.0,80.0,564.0
2021-06-04 13:10:00,NSE:MAJESCO,80.0,80.0,80.0,80.0,474.0
2021-06-04 13:15:00,NSE:MAJESCO,80.0,80.0,80.0,80.0,20549.0
2021-06-04 13:20:00,NSE:MAJESCO,80.0,80.0,80.0,80.0,221.0
2021-06-04 13:25:00,NSE:MAJESCO,80.0,80.0,80.0,80.0,621.0
2021-06-04 13:30:00,NSE:MAJESCO,80.0,80.0,80.0,80.0,1080.0
2021-06-04 13:35:00,NSE:MAJESCO,80.0,80.0,80.0,80.0,459.0
2021-06-04 13:40:00,NSE:MAJESCO,80.0,80.0,80.0,80.0,1271.0
2021-06-04 13:45:00,NSE:MAJESCO,80.0,80.0,80.0,80.0,2850.0
2021-06-04 13:50:00,NSE:MAJESCO,80.0,80.0,80.0,80.0,1422.0
2021-06-04 13:55:00,NSE:MAJESCO,80.0,80.0,80.0,80.0,571.0
2021-06-04 14:00:00,NSE:MAJESCO,80.0,80.0,80.0,80.0,5.0
2021-06-04 14:05:00,NSE:MAJESCO,80.0,80.0,80.0,80.0,402.0
2021-06-04 14:10:00,NSE:MAJESCO,80.0,80.0,80.0,80.0,115.0
2021-06-04 14:15:00,NSE:MAJESCO,80.0,80.0,80.0,80.0,4087.0
2021-06-04 14:20:00,NSE:MAJESCO,80.0,80.0,80.0,80.0,627.0
2021-06-04 14:25:00,NSE:MAJESCO,80.0,80.0,80.0,80.0,763.0
2021-06-04 14:30:00,NSE:MAJESCO,80.0,80.0,80.0,80.0,840.0
2021-06-04 14:35:00,NSE:MAJESCO,80.0,80.0,80.0,80.0,2021.0
2021-06-04 14:40:00,NSE:MAJESCO,80.0,80.0,80.0,80.0,1541.0
2021-06-04 14:45:00,NSE:MAJESCO,80.0,80.0,80.0,80.0,12025.0
2021-06-04 14:50:00,NSE:MAJESCO,80.0,80.0,80.0,80.0,51.0
2021-06-04 14:55:00,NSE:MAJESCO,80.0,80.0,80.0,80.0,721.0
2021-06-04 15:00:00,NSE:MAJESCO,80.0,80.0,80.0,80.0,1341.0
2021-06-04 15:05:00,NSE:MAJESCO,80.0,80.0,80.0,80.0,1688.0
2021-06-04 15:10:00,NSE:MAJESCO,80.0,80.0,80.0,80.0,1885.0
2021-06-04 15:15:00,NSE:MAJESCO,80.0,80.0,80.0,80.0,2199.0
2021-06-04 15:20:00,NSE:MAJESCO,80.0,80.0,80.0,80.0,1621.0
2021-06-04 15:25:00,NSE:MAJESCO,80.0,80.0,80.0,80.0,1353.0
2021-06-04 15:50:00,NSE:MAJESCO,80.0,80.0,80.0,80.0,1.0
2021-06-07 09:05:00,NSE:MAJESCO,84.0,84.0,84.0,84.0,34668.0
2021-06-07 09:15:00,NSE:MAJESCO,83.95,85.9,82.5,85.35,149373.0
2021-06-07 09:20:00,NSE:MAJESCO,85.35,88.0,85.35,88.0,171719.0
2021-06-07 09:25:00,NSE:MAJESCO,88.0,88.0,88.0,88.0,13481.0
2021-06-07 09:30:00,NSE:MAJESCO,88.0,88.0,88.0,88.0,8381.0
2021-06-07 09:35:00,NSE:MAJESCO,88.0,88.0,88.0,88.0,5175.0
2021-06-07 09:40:00,NSE:MAJESCO,88.0,88.0,88.0,88.0,20723.0
2021-06-07 09:45:00,NSE:MAJESCO,88.0,88.0,88.0,88.0,4538.0
2021-06-07 09:50:00,NSE:MAJESCO,88.0,88.0,88.0,88.0,3333.0
2021-06-07 09:55:00,NSE:MAJESCO,88.0,88.0,88.0,88.0,2815.0
2021-06-07 10:00:00,NSE:MAJESCO,88.0,88.0,88.0,88.0,4141.0
2021-06-07 10:05:00,NSE:MAJESCO,88.0,88.0,88.0,88.0,3108.0
2021-06-07 10:10:00,NSE:MAJESCO,88.0,88.0,88.0,88.0,2588.0
2021-06-07 10:15:00,NSE:MAJESCO,88.0,88.0,88.0,88.0,1562.0
2021-06-07 10:20:00,NSE:MAJESCO,88.0,88.0,88.0,88.0,2987.0
2021-06-07 10:25:00,NSE:MAJESCO,88.0,88.0,88.0,88.0,14230.0
2021-06-07 10:30:00,NSE:MAJESCO,88.0,88.0,88.0,88.0,725.0
2021-06-07 10:35:00,NSE:MAJESCO,88.0,88.0,88.0,88.0,1385.0
2021-06-07 10:40:00,NSE:MAJESCO,88.0,88.0,88.0,88.0,531.0
2021-06-07 10:45:00,NSE:MAJESCO,88.0,88.0,88.0,88.0,866.0
2021-06-07 10:50:00,NSE:MAJESCO,88.0,88.0,88.0,88.0,500.0
2021-06-07 10:55:00,NSE:MAJESCO,88.0,88.0,88.0,88.0,239.0
2021-06-07 11:00:00,NSE:MAJESCO,88.0,88.0,88.0,88.0,2288.0
2021-06-07 11:05:00,NSE:MAJESCO,88.0,88.0,88.0,88.0,715.0
2021-06-07 11:10:00,NSE:MAJESCO,88.0,88.0,88.0,88.0,1305.0
2021-06-07 11:15:00,NSE:MAJESCO,88.0,88.0,88.0,88.0,162.0
2021-06-07 11:20:00,NSE:MAJESCO,88.0,88.0,88.0,88.0,172.0
2021-06-07 11:25:00,NSE:MAJESCO,88.0,88.0,88.0,88.0,476.0
2021-06-07 11:30:00,NSE:MAJESCO,88.0,88.0,88.0,88.0,701.0
2021-06-07 11:35:00,NSE:MAJESCO,88.0,88.0,88.0,88.0,1593.0
2021-06-07 11:40:00,NSE:MAJESCO,88.0,88.0,88.0,88.0,551.0
2021-06-07 11:45:00,NSE:MAJESCO,88.0,88.0,88.0,88.0,3559.0
2021-06-07 11:50:00,NSE:MAJESCO,88.0,88.0,88.0,88.0,845.0
2021-06-07 11:55:00,NSE:MAJESCO,88.0,88.0,88.0,88.0,509.0
2021-06-07 12:00:00,NSE:MAJESCO,88.0,88.0,88.0,88.0,711.0
2021-06-07 12:05:00,NSE:MAJESCO,88.0,88.0,88.0,88.0,690.0
2021-06-07 12:10:00,NSE:MAJESCO,88.0,88.0,88.0,88.0,174.0
2021-06-07 12:15:00,NSE:MAJESCO,88.0,88.0,88.0,88.0,390.0
2021-06-07 12:20:00,NSE:MAJESCO,88.0,88.0,88.0,88.0,418.0
2021-06-07 12:25:00,NSE:MAJESCO,88.0,88.0,88.0,88.0,877.0
2021-06-07 12:30:00,NSE:MAJESCO,88.0,88.0,88.0,88.0,418.0
2021-06-07 12:35:00,NSE:MAJESCO,88.0,88.0,88.0,88.0,1011.0
2021-06-07 12:40:00,NSE:MAJESCO,88.0,88.0,88.0,88.0,1115.0
2021-06-07 12:45:00,NSE:MAJESCO,88.0,88.0,88.0,88.0,731.0
2021-06-07 12:50:00,NSE:MAJESCO,88.0,88.0,88.0,88.0,2.0
2021-06-07 12:55:00,NSE:MAJESCO,88.0,88.0,88.0,88.0,1110.0
2021-06-07 13:00:00,NSE:MAJESCO,88.0,88.0,88.0,88.0,124.0
2021-06-07 13:05:00,NSE:MAJESCO,88.0,88.0,88.0,88.0,60.0
2021-06-07 13:10:00,NSE:MAJESCO,88.0,88.0,88.0,88.0,135.0
2021-06-07 13:15:00,NSE:MAJESCO,88.0,88.0,88.0,88.0,183.0
2021-06-07 13:20:00,NSE:MAJESCO,88.0,88.0,88.0,88.0,3226.0
2021-06-07 13:25:00,NSE:MAJESCO,88.0,88.0,88.0,88.0,75.0
2021-06-07 13:30:00,NSE:MAJESCO,88.0,88.0,88.0,88.0,65.0
2021-06-07 13:35:00,NSE:MAJESCO,88.0,88.0,88.0,88.0,491.0
2021-06-07 13:40:00,NSE:MAJESCO,88.0,88.0,88.0,88.0,843.0
2021-06-07 13:45:00,NSE:MAJESCO,88.0,88.0,88.0,88.0,159.0
2021-06-07 13:50:00,NSE:MAJESCO,88.0,88.0,88.0,88.0,85.0
2021-06-07 14:00:00,NSE:MAJESCO,88.0,88.0,88.0,88.0,2480.0
2021-06-07 14:05:00,NSE:MAJESCO,88.0,88.0,88.0,88.0,203.0
2021-06-07 14:10:00,NSE:MAJESCO,88.0,88.0,88.0,88.0,106.0
2021-06-07 14:15:00,NSE:MAJESCO,88.0,88.0,88.0,88.0,70.0
2021-06-07 14:20:00,NSE:MAJESCO,88.0,88.0,88.0,88.0,320.0
2021-06-07 14:25:00,NSE:MAJESCO,88.0,88.0,88.0,88.0,676.0
2021-06-07 14:30:00,NSE:MAJESCO,88.0,88.0,88.0,88.0,46.0
2021-06-07 14:35:00,NSE:MAJESCO,88.0,88.0,88.0,88.0,537.0
2021-06-07 14:40:00,NSE:MAJESCO,88.0,88.0,88.0,88.0,1.0
2021-06-07 14:45:00,NSE:MAJESCO,88.0,88.0,88.0,88.0,225.0
2021-06-07 14:50:00,NSE:MAJESCO,88.0,88.0,88.0,88.0,35.0
2021-06-07 14:55:00,NSE:MAJESCO,88.0,88.0,88.0,88.0,320.0
2021-06-07 15:00:00,NSE:MAJESCO,88.0,88.0,88.0,88.0,466.0
2021-06-07 15:05:00,NSE:MAJESCO,88.0,88.0,88.0,88.0,2525.0
2021-06-07 15:10:00,NSE:MAJESCO,88.0,88.0,88.0,88.0,140.0
2021-06-07 15:15:00,NSE:MAJESCO,88.0,88.0,88.0,88.0,328.0
2021-06-07 15:20:00,NSE:MAJESCO,88.0,88.0,88.0,88.0,136.0
2021-06-07 15:25:00,NSE:MAJESCO,88.0,88.0,88.0,88.0,372.0
2021-06-07 15:55:00,NSE:MAJESCO,88.0,88.0,88.0,88.0,50.0
2021-06-08 09:05:00,NSE:MAJESCO,95.85,95.85,95.85,95.85,92697.0
2021-06-08 09:15:00,NSE:MAJESCO,95.6,96.8,94.0,96.8,158528.0
2021-06-08 09:20:00,NSE:MAJESCO,96.8,96.8,96.8,96.8,9825.0
2021-06-08 09:25:00,NSE:MAJESCO,96.8,96.8,96.8,96.8,7477.0
2021-06-08 09:30:00,NSE:MAJESCO,96.8,96.8,96.8,96.8,14821.0
2021-06-08 09:35:00,NSE:MAJESCO,96.8,96.8,96.8,96.8,3158.0
2021-06-08 09:40:00,NSE:MAJESCO,96.8,96.8,96.8,96.8,20354.0
2021-06-08 09:45:00,NSE:MAJESCO,96.8,96.8,96.8,96.8,2780.0
2021-06-08 09:50:00,NSE:MAJESCO,96.8,96.8,96.8,96.8,8485.0
2021-06-08 09:55:00,NSE:MAJESCO,96.8,96.8,96.8,96.8,2580.0
2021-06-08 10:00:00,NSE:MAJESCO,96.8,96.8,96.8,96.8,12567.0
2021-06-08 10:05:00,NSE:MAJESCO,96.8,96.8,96.8,96.8,11341.0
2021-06-08 10:10:00,NSE:MAJESCO,96.8,96.8,96.8,96.8,17900.0
2021-06-08 10:15:00,NSE:MAJESCO,96.8,96.8,96.8,96.8,8610.0
2021-06-08 10:20:00,NSE:MAJESCO,96.8,96.8,96.8,96.8,639.0
2021-06-08 10:25:00,NSE:MAJESCO,96.8,96.8,96.8,96.8,1132.0
2021-06-08 10:30:00,NSE:MAJESCO,96.8,96.8,96.8,96.8,1288.0
2021-06-08 10:35:00,NSE:MAJESCO,96.8,96.8,96.8,96.8,1580.0
2021-06-08 10:40:00,NSE:MAJESCO,96.8,96.8,96.8,96.8,1551.0
2021-06-08 10:45:00,NSE:MAJESCO,96.8,96.8,96.8,96.8,1219.0
2021-06-08 10:50:00,NSE:MAJESCO,96.8,96.8,96.8,96.8,874.0
2021-06-08 10:55:00,NSE:MAJESCO,96.8,96.8,96.8,96.8,998.0
2021-06-08 11:00:00,NSE:MAJESCO,96.8,96.8,96.8,96.8,1171.0
2021-06-08 11:05:00,NSE:MAJESCO,96.8,96.8,96.8,96.8,815.0
2021-06-08 11:10:00,NSE:MAJESCO,96.8,96.8,96.8,96.8,1056.0
2021-06-08 11:15:00,NSE:MAJESCO,96.8,96.8,96.8,96.8,1319.0
2021-06-08 11:20:00,NSE:MAJESCO,96.8,96.8,96.8,96.8,727.0
2021-06-08 11:25:00,NSE:MAJESCO,96.8,96.8,96.8,96.8,371.0
2021-06-08 11:30:00,NSE:MAJESCO,96.8,96.8,96.8,96.8,1012.0
2021-06-08 11:35:00,NSE:MAJESCO,96.8,96.8,96.8,96.8,318.0
2021-06-08 11:40:00,NSE:MAJESCO,96.8,96.8,96.8,96.8,388.0
2021-06-08 11:45:00,NSE:MAJESCO,96.8,96.8,96.8,96.8,186.0
2021-06-08 11:50:00,NSE:MAJESCO,96.8,96.8,96.8,96.8,433.0
2021-06-08 11:55:00,NSE:MAJESCO,96.8,96.8,96.8,96.8,62.0
2021-06-08 12:00:00,NSE:MAJESCO,96.8,96.8,96.8,96.8,150.0
2021-06-08 12:05:00,NSE:MAJESCO,96.8,96.8,96.8,96.8,5165.0
2021-06-08 12:10:00,NSE:MAJESCO,96.8,96.8,96.8,96.8,2263.0
2021-06-08 12:15:00,NSE:MAJESCO,96.8,96.8,96.8,96.8,2237.0
2021-06-08 12:20:00,NSE:MAJESCO,96.8,96.8,96.8,96.8,96.0
2021-06-08 12:25:00,NSE:MAJESCO,96.8,96.8,96.8,96.8,1227.0
2021-06-08 12:30:00,NSE:MAJESCO,96.8,96.8,96.8,96.8,37.0
2021-06-08 12:35:00,NSE:MAJESCO,96.8,96.8,96.8,96.8,700.0
2021-06-08 12:40:00,NSE:MAJESCO,96.8,96.8,96.8,96.8,290.0
2021-06-08 12:45:00,NSE:MAJESCO,96.8,96.8,96.8,96.8,622.0
2021-06-08 12:50:00,NSE:MAJESCO,96.8,96.8,96.8,96.8,20103.0
2021-06-08 12:55:00,NSE:MAJESCO,96.8,96.8,96.8,96.8,178.0
2021-06-08 13:00:00,NSE:MAJESCO,96.8,96.8,96.8,96.8,235.0
2021-06-08 13:05:00,NSE:MAJESCO,96.8,96.8,96.8,96.8,68.0
2021-06-08 13:10:00,NSE:MAJESCO,96.8,96.8,96.8,96.8,376.0
2021-06-08 13:15:00,NSE:MAJESCO,96.8,96.8,96.8,96.8,250.0
2021-06-08 13:20:00,NSE:MAJESCO,96.8,96.8,96.8,96.8,582.0
2021-06-08 13:25:00,NSE:MAJESCO,96.8,96.8,96.8,96.8,334.0
2021-06-08 13:30:00,NSE:MAJESCO,96.8,96.8,96.8,96.8,611.0
2021-06-08 13:35:00,NSE:MAJESCO,96.8,96.8,96.8,96.8,132.0
2021-06-08 13:40:00,NSE:MAJESCO,96.8,96.8,96.8,96.8,5303.0
2021-06-08 13:45:00,NSE:MAJESCO,96.8,96.8,96.8,96.8,160.0
2021-06-08 13:50:00,NSE:MAJESCO,96.8,96.8,96.8,96.8,125.0
2021-06-08 13:55:00,NSE:MAJESCO,96.8,96.8,96.8,96.8,51.0
2021-06-08 14:00:00,NSE:MAJESCO,96.8,96.8,96.8,96.8,138.0
2021-06-08 14:05:00,NSE:MAJESCO,96.8,96.8,96.8,96.8,52.0
2021-06-08 14:10:00,NSE:MAJESCO,96.8,96.8,96.8,96.8,431.0
2021-06-08 14:15:00,NSE:MAJESCO,96.8,96.8,96.8,96.8,500.0
2021-06-08 14:20:00,NSE:MAJESCO,96.8,96.8,96.8,96.8,432.0
2021-06-08 14:25:00,NSE:MAJESCO,96.8,96.8,96.8,96.8,40.0
2021-06-08 14:30:00,NSE:MAJESCO,96.8,96.8,96.8,96.8,26.0
2021-06-08 14:35:00,NSE:MAJESCO,96.8,96.8,96.8,96.8,19.0
2021-06-08 14:40:00,NSE:MAJESCO,96.8,96.8,96.8,96.8,115.0
2021-06-08 14:45:00,NSE:MAJESCO,96.8,96.8,96.8,96.8,97.0
2021-06-08 14:50:00,NSE:MAJESCO,96.8,96.8,96.8,96.8,375.0
2021-06-08 14:55:00,NSE:MAJESCO,96.8,96.8,96.8,96.8,430.0
2021-06-08 15:00:00,NSE:MAJESCO,96.8,96.8,96.8,96.8,522.0
2021-06-08 15:05:00,NSE:MAJESCO,96.8,96.8,96.8,96.8,627.0
2021-06-08 15:10:00,NSE:MAJESCO,96.8,96.8,96.8,96.8,834.0
2021-06-08 15:15:00,NSE:MAJESCO,96.8,96.8,96.8,96.8,119.0
2021-06-08 15:20:00,NSE:MAJESCO,96.8,96.8,96.8,96.8,977.0
2021-06-08 15:25:00,NSE:MAJESCO,96.8,96.8,96.8,96.8,772.0
2021-06-08 15:45:00,NSE:MAJESCO,96.8,96.8,96.8,96.8,2.0
2021-06-09 09:05:00,NSE:MAJESCO,105.4,105.4,105.4,105.4,176055.0
2021-06-09 09:15:00,NSE:MAJESCO,106.45,106.45,105.0,106.45,106240.0
2021-06-09 09:20:00,NSE:MAJESCO,106.45,106.45,106.45,106.45,12414.0
2021-06-09 09:25:00,NSE:MAJESCO,106.45,106.45,106.45,106.45,47722.0
2021-06-09 09:30:00,NSE:MAJESCO,106.45,106.45,106.45,106.45,4644.0
2021-06-09 09:35:00,NSE:MAJESCO,106.45,106.45,106.45,106.45,13106.0
2021-06-09 09:40:00,NSE:MAJESCO,106.45,106.45,106.45,106.45,4690.0
2021-06-09 09:45:00,NSE:MAJESCO,106.45,106.45,106.45,106.45,8643.0
2021-06-09 09:50:00,NSE:MAJESCO,106.45,106.45,106.45,106.45,2068.0
2021-06-09 09:55:00,NSE:MAJESCO,106.45,106.45,106.45,106.45,11144.0
2021-06-09 10:00:00,NSE:MAJESCO,106.45,106.45,106.45,106.45,2390.0
2021-06-09 10:05:00,NSE:MAJESCO,106.45,106.45,106.45,106.45,36683.0
2021-06-09 10:10:00,NSE:MAJESCO,106.45,106.45,106.45,106.45,1944.0
2021-06-09 10:15:00,NSE:MAJESCO,106.45,106.45,106.45,106.45,14416.0
2021-06-09 10:20:00,NSE:MAJESCO,106.45,106.45,106.45,106.45,1886.0
2021-06-09 10:25:00,NSE:MAJESCO,106.45,106.45,106.45,106.45,471.0
2021-06-09 10:30:00,NSE:MAJESCO,106.45,106.45,106.45,106.45,1215.0
2021-06-09 10:35:00,NSE:MAJESCO,106.45,106.45,106.45,106.45,10865.0
2021-06-09 10:40:00,NSE:MAJESCO,106.45,106.45,106.45,106.45,838.0
2021-06-09 10:45:00,NSE:MAJESCO,106.45,106.45,106.45,106.45,1866.0
2021-06-09 10:50:00,NSE:MAJESCO,106.45,106.45,106.45,106.45,1519.0
2021-06-09 10:55:00,NSE:MAJESCO,106.45,106.45,106.45,106.45,1394.0
2021-06-09 11:00:00,NSE:MAJESCO,106.45,106.45,106.45,106.45,5100.0
2021-06-09 11:05:00,NSE:MAJESCO,106.45,106.45,106.45,106.45,920.0
2021-06-09 11:10:00,NSE:MAJESCO,106.45,106.45,106.45,106.45,452.0
2021-06-09 11:15:00,NSE:MAJESCO,106.45,106.45,106.45,106.45,2027.0
2021-06-09 11:20:00,NSE:MAJESCO,106.45,106.45,106.45,106.45,2231.0
2021-06-09 11:25:00,NSE:MAJESCO,106.45,106.45,106.45,106.45,1273.0
2021-06-09 11:30:00,NSE:MAJESCO,106.45,106.45,106.45,106.45,881.0
2021-06-09 11:35:00,NSE:MAJESCO,106.45,106.45,106.45,106.45,456.0
2021-06-09 11:40:00,NSE:MAJESCO,106.45,106.45,106.45,106.45,148.0
2021-06-09 11:45:00,NSE:MAJESCO,106.45,106.45,106.45,106.45,153.0
2021-06-09 11:50:00,NSE:MAJESCO,106.45,106.45,106.45,106.45,1005.0
2021-06-09 11:55:00,NSE:MAJESCO,106.45,106.45,106.45,106.45,241.0
2021-06-09 12:00:00,NSE:MAJESCO,106.45,106.45,106.45,106.45,273.0
2021-06-09 12:05:00,NSE:MAJESCO,106.45,106.45,106.45,106.45,387.0
2021-06-09 12:10:00,NSE:MAJESCO,106.45,106.45,106.45,106.45,416.0
2021-06-09 12:15:00,NSE:MAJESCO,106.45,106.45,106.45,106.45,909.0
2021-06-09 12:20:00,NSE:MAJESCO,106.45,106.45,106.45,106.45,1209.0
2021-06-09 12:25:00,NSE:MAJESCO,106.45,106.45,106.45,106.45,116.0
2021-06-09 12:30:00,NSE:MAJESCO,106.45,106.45,106.45,106.45,61.0
2021-06-09 12:35:00,NSE:MAJESCO,106.45,106.45,106.45,106.45,467.0
2021-06-09 12:40:00,NSE:MAJESCO,106.45,106.45,106.45,106.45,564.0
2021-06-09 12:45:00,NSE:MAJESCO,106.45,106.45,106.45,106.45,642.0
2021-06-09 12:50:00,NSE:MAJESCO,106.45,106.45,106.45,106.45,756.0
2021-06-09 12:55:00,NSE:MAJESCO,106.45,106.45,106.45,106.45,117.0
2021-06-09 13:00:00,NSE:MAJESCO,106.45,106.45,106.45,106.45,235.0
2021-06-09 13:05:00,NSE:MAJESCO,106.45,106.45,106.45,106.45,1152.0
2021-06-09 13:10:00,NSE:MAJESCO,106.45,106.45,106.45,106.45,22823.0
2021-06-09 13:15:00,NSE:MAJESCO,106.45,106.45,106.45,106.45,9632.0
2021-06-09 13:20:00,NSE:MAJESCO,106.45,106.45,106.45,106.45,3877.0
2021-06-09 13:25:00,NSE:MAJESCO,106.45,106.45,106.45,106.45,1828.0
2021-06-09 13:30:00,NSE:MAJESCO,106.45,106.45,106.45,106.45,3608.0
2021-06-09 13:35:00,NSE:MAJESCO,106.45,106.45,106.45,106.45,4229.0
2021-06-09 13:40:00,NSE:MAJESCO,106.45,106.45,106.45,106.45,1432.0
2021-06-09 13:45:00,NSE:MAJESCO,106.45,106.45,106.45,106.45,4640.0
2021-06-09 13:50:00,NSE:MAJESCO,106.45,106.45,106.45,106.45,663.0
2021-06-09 13:55:00,NSE:MAJESCO,106.45,106.45,106.45,106.45,5006.0
2021-06-09 14:00:00,NSE:MAJESCO,106.45,106.45,106.45,106.45,1003.0
2021-06-09 14:05:00,NSE:MAJESCO,106.45,106.45,106.45,106.45,2019.0
2021-06-09 14:10:00,NSE:MAJESCO,106.45,106.45,106.45,106.45,108.0
2021-06-09 14:15:00,NSE:MAJESCO,106.45,106.45,106.45,106.45,236.0
2021-06-09 14:20:00,NSE:MAJESCO,106.45,106.45,106.45,106.45,488.0
2021-06-09 14:25:00,NSE:MAJESCO,106.45,106.45,106.45,106.45,257.0
2021-06-09 14:30:00,NSE:MAJESCO,106.45,106.45,106.45,106.45,6402.0
2021-06-09 14:35:00,NSE:MAJESCO,106.45,106.45,106.45,106.45,5606.0
2021-06-09 14:40:00,NSE:MAJESCO,106.45,106.45,106.45,106.45,1280.0
2021-06-09 14:45:00,NSE:MAJESCO,106.45,106.45,106.45,106.45,8128.0
2021-06-09 14:50:00,NSE:MAJESCO,106.45,106.45,106.45,106.45,2556.0
2021-06-09 14:55:00,NSE:MAJESCO,106.45,106.45,106.45,106.45,1539.0
2021-06-09 15:00:00,NSE:MAJESCO,106.45,106.45,106.45,106.45,1290.0
2021-06-09 15:05:00,NSE:MAJESCO,106.45,106.45,106.45,106.45,2126.0
2021-06-09 15:10:00,NSE:MAJESCO,106.45,106.45,106.45,106.45,1747.0
2021-06-09 15:15:00,NSE:MAJESCO,106.45,106.45,106.45,106.45,1918.0
2021-06-09 15:20:00,NSE:MAJESCO,106.45,106.45,106.45,106.45,1254.0
2021-06-09 15:25:00,NSE:MAJESCO,106.45,106.45,106.45,106.45,460.0
2021-06-09 15:40:00,NSE:MAJESCO,106.45,106.45,106.45,106.45,300.0
2021-06-10 09:05:00,NSE:MAJESCO,111.75,111.75,111.75,111.75,47555.0
2021-06-10 09:15:00,NSE:MAJESCO,111.75,111.75,111.75,111.75,35092.0
2021-06-10 09:20:00,NSE:MAJESCO,111.75,111.75,111.75,111.75,10973.0
2021-06-10 09:25:00,NSE:MAJESCO,111.75,111.75,111.75,111.75,8317.0
2021-06-10 09:30:00,NSE:MAJESCO,111.75,111.75,111.75,111.75,4161.0
2021-06-10 09:35:00,NSE:MAJESCO,111.75,111.75,111.75,111.75,2480.0
2021-06-10 09:40:00,NSE:MAJESCO,111.75,111.75,111.75,111.75,2515.0
2021-06-10 09:45:00,NSE:MAJESCO,111.75,111.75,111.75,111.75,5985.0
2021-06-10 09:50:00,NSE:MAJESCO,111.75,111.75,111.75,111.75,6600.0
2021-06-10 09:55:00,NSE:MAJESCO,111.75,111.75,111.75,111.75,2440.0
2021-06-10 10:00:00,NSE:MAJESCO,111.75,111.75,111.75,111.75,5267.0
2021-06-10 10:05:00,NSE:MAJESCO,111.75,111.75,111.75,111.75,1061.0
2021-06-10 10:10:00,NSE:MAJESCO,111.75,111.75,111.75,111.75,926.0
2021-06-10 10:15:00,NSE:MAJESCO,111.75,111.75,111.75,111.75,3012.0
2021-06-10 10:20:00,NSE:MAJESCO,111.75,111.75,111.75,111.75,1632.0
2021-06-10 10:25:00,NSE:MAJESCO,111.75,111.75,111.75,111.75,2498.0
2021-06-10 10:30:00,NSE:MAJESCO,111.75,111.75,111.75,111.75,680.0
2021-06-10 10:35:00,NSE:MAJESCO,111.75,111.75,111.75,111.75,4660.0
2021-06-10 10:40:00,NSE:MAJESCO,111.75,111.75,111.75,111.75,1307.0
2021-06-10 10:45:00,NSE:MAJESCO,111.75,111.75,111.75,111.75,2710.0
2021-06-10 10:50:00,NSE:MAJESCO,111.75,111.75,111.75,111.75,1536.0
2021-06-10 10:55:00,NSE:MAJESCO,111.75,111.75,111.75,111.75,1374.0
2021-06-10 11:00:00,NSE:MAJESCO,111.75,111.75,111.75,111.75,134.0
2021-06-10 11:05:00,NSE:MAJESCO,111.75,111.75,111.75,111.75,627.0
2021-06-10 11:10:00,NSE:MAJESCO,111.75,111.75,111.75,111.75,1311.0
2021-06-10 11:15:00,NSE:MAJESCO,111.75,111.75,111.75,111.75,53405.0
2021-06-10 11:20:00,NSE:MAJESCO,111.75,111.75,111.75,111.75,2965.0
2021-06-10 11:25:00,NSE:MAJESCO,111.75,111.75,111.75,111.75,357.0
2021-06-10 11:30:00,NSE:MAJESCO,111.75,111.75,111.75,111.75,778.0
2021-06-10 11:35:00,NSE:MAJESCO,111.75,111.75,111.75,111.75,1255.0
2021-06-10 11:40:00,NSE:MAJESCO,111.75,111.75,111.75,111.75,704.0
2021-06-10 11:45:00,NSE:MAJESCO,111.75,111.75,111.75,111.75,201.0
2021-06-10 11:50:00,NSE:MAJESCO,111.75,111.75,111.75,111.75,173.0
2021-06-10 11:55:00,NSE:MAJESCO,111.75,111.75,111.75,111.75,1030.0
2021-06-10 12:00:00,NSE:MAJESCO,111.75,111.75,111.75,111.75,1019.0
2021-06-10 12:05:00,NSE:MAJESCO,111.75,111.75,111.75,111.75,203.0
2021-06-10 12:10:00,NSE:MAJESCO,111.75,111.75,111.75,111.75,1819.0
2021-06-10 12:15:00,NSE:MAJESCO,111.75,111.75,111.75,111.75,218.0
2021-06-10 12:20:00,NSE:MAJESCO,111.75,111.75,111.75,111.75,856.0
2021-06-10 12:25:00,NSE:MAJESCO,111.75,111.75,111.75,111.75,864.0
2021-06-10 12:30:00,NSE:MAJESCO,111.75,111.75,111.75,111.75,205.0
2021-06-10 12:35:00,NSE:MAJESCO,111.75,111.75,111.75,111.75,874.0
2021-06-10 12:40:00,NSE:MAJESCO,111.75,111.75,111.75,111.75,157.0
2021-06-10 12:45:00,NSE:MAJESCO,111.75,111.75,111.75,111.75,250.0
2021-06-10 12:55:00,NSE:MAJESCO,111.75,111.75,111.75,111.75,246.0
2021-06-10 13:00:00,NSE:MAJESCO,111.75,111.75,111.75,111.75,663.0
2021-06-10 13:05:00,NSE:MAJESCO,111.75,111.75,111.75,111.75,72.0
2021-06-10 13:10:00,NSE:MAJESCO,111.75,111.75,111.75,111.75,809.0
2021-06-10 13:15:00,NSE:MAJESCO,111.75,111.75,111.75,111.75,1391.0
2021-06-10 13:20:00,NSE:MAJESCO,111.75,111.75,111.75,111.75,423.0
2021-06-10 13:25:00,NSE:MAJESCO,111.75,111.75,111.75,111.75,436.0
2021-06-10 13:30:00,NSE:MAJESCO,111.75,111.75,111.75,111.75,734.0
2021-06-10 13:35:00,NSE:MAJESCO,111.75,111.75,111.75,111.75,263.0
2021-06-10 13:40:00,NSE:MAJESCO,111.75,111.75,111.75,111.75,71.0
2021-06-10 13:45:00,NSE:MAJESCO,111.75,111.75,111.75,111.75,162.0
2021-06-10 13:50:00,NSE:MAJESCO,111.75,111.75,111.75,111.75,131.0
2021-06-10 13:55:00,NSE:MAJESCO,111.75,111.75,111.75,111.75,258.0
2021-06-10 14:00:00,NSE:MAJESCO,111.75,111.75,111.75,111.75,130.0
2021-06-10 14:05:00,NSE:MAJESCO,111.75,111.75,111.75,111.75,1489.0
2021-06-10 14:10:00,NSE:MAJESCO,111.75,111.75,111.75,111.75,95.0
2021-06-10 14:15:00,NSE:MAJESCO,111.75,111.75,111.75,111.75,12.0
2021-06-10 14:20:00,NSE:MAJESCO,111.75,111.75,111.75,111.75,35.0
2021-06-10 14:25:00,NSE:MAJESCO,111.75,111.75,111.75,111.75,226.0
2021-06-10 14:30:00,NSE:MAJESCO,111.75,111.75,111.75,111.75,150.0
2021-06-10 14:35:00,NSE:MAJESCO,111.75,111.75,111.75,111.75,1090.0
2021-06-10 14:40:00,NSE:MAJESCO,111.75,111.75,111.75,111.75,79.0
2021-06-10 14:45:00,NSE:MAJESCO,111.75,111.75,111.75,111.75,405.0
2021-06-10 14:50:00,NSE:MAJESCO,111.75,111.75,111.75,111.75,296.0
2021-06-10 14:55:00,NSE:MAJESCO,111.75,111.75,111.75,111.75,652.0
2021-06-10 15:00:00,NSE:MAJESCO,111.75,111.75,111.75,111.75,4143.0
2021-06-10 15:05:00,NSE:MAJESCO,111.75,111.75,111.75,111.75,268.0
2021-06-10 15:10:00,NSE:MAJESCO,111.75,111.75,111.75,111.75,289.0
2021-06-10 15:15:00,NSE:MAJESCO,111.75,111.75,111.75,111.75,140.0
2021-06-10 15:20:00,NSE:MAJESCO,111.75,111.75,111.75,111.75,938.0
2021-06-10 15:25:00,NSE:MAJESCO,111.75,111.75,111.75,111.75,616.0
2021-06-10 15:40:00,NSE:MAJESCO,111.75,111.75,111.75,111.75,5.0
2021-06-11 09:05:00,NSE:MAJESCO,117.3,117.3,117.3,117.3,26063.0
2021-06-11 09:15:00,NSE:MAJESCO,117.3,117.3,112.0,112.4,961553.0
2021-06-11 09:20:00,NSE:MAJESCO,111.8,111.8,106.2,106.2,450688.0
2021-06-11 09:25:00,NSE:MAJESCO,106.2,106.2,106.2,106.2,37308.0
2021-06-11 09:30:00,NSE:MAJESCO,106.2,106.2,106.2,106.2,27292.0
2021-06-11 09:35:00,NSE:MAJESCO,106.2,106.2,106.2,106.2,16879.0
2021-06-11 09:40:00,NSE:MAJESCO,106.2,106.2,106.2,106.2,17076.0
2021-06-11 09:45:00,NSE:MAJESCO,106.2,106.2,106.2,106.2,15430.0
2021-06-11 09:50:00,NSE:MAJESCO,106.2,106.2,106.2,106.2,8854.0
2021-06-11 09:55:00,NSE:MAJESCO,106.2,106.2,106.2,106.2,8575.0
2021-06-11 10:00:00,NSE:MAJESCO,106.2,106.2,106.2,106.2,7021.0
2021-06-11 10:05:00,NSE:MAJESCO,106.2,106.2,106.2,106.2,8353.0
2021-06-11 10:10:00,NSE:MAJESCO,106.2,106.2,106.2,106.2,7773.0
2021-06-11 10:15:00,NSE:MAJESCO,106.2,106.2,106.2,106.2,19152.0
2021-06-11 10:20:00,NSE:MAJESCO,106.2,106.2,106.2,106.2,7796.0
2021-06-11 10:25:00,NSE:MAJESCO,106.2,106.2,106.2,106.2,4705.0
2021-06-11 10:30:00,NSE:MAJESCO,106.2,106.2,106.2,106.2,5318.0
2021-06-11 10:35:00,NSE:MAJESCO,106.2,106.2,106.2,106.2,4228.0
2021-06-11 10:40:00,NSE:MAJESCO,106.2,106.2,106.2,106.2,8725.0
2021-06-11 10:45:00,NSE:MAJESCO,106.2,106.2,106.2,106.2,3057.0
2021-06-11 10:50:00,NSE:MAJESCO,106.2,106.2,106.2,106.2,5123.0
2021-06-11 10:55:00,NSE:MAJESCO,106.2,106.2,106.2,106.2,4149.0
2021-06-11 11:00:00,NSE:MAJESCO,106.2,106.2,106.2,106.2,3201.0
2021-06-11 11:05:00,NSE:MAJESCO,106.2,106.2,106.2,106.2,5876.0
2021-06-11 11:10:00,NSE:MAJESCO,106.2,106.2,106.2,106.2,1795.0
2021-06-11 11:15:00,NSE:MAJESCO,106.2,106.2,106.2,106.2,3072.0
2021-06-11 11:20:00,NSE:MAJESCO,106.2,106.2,106.2,106.2,1936.0
2021-06-11 11:25:00,NSE:MAJESCO,106.2,106.2,106.2,106.2,3334.0
2021-06-11 11:30:00,NSE:MAJESCO,106.2,106.2,106.2,106.2,3738.0
2021-06-11 11:35:00,NSE:MAJESCO,106.2,106.2,106.2,106.2,1925.0
2021-06-11 11:40:00,NSE:MAJESCO,106.2,106.2,106.2,106.2,2051.0
2021-06-11 11:45:00,NSE:MAJESCO,106.2,106.2,106.2,106.2,2558.0
2021-06-11 11:50:00,NSE:MAJESCO,106.2,106.2,106.2,106.2,5369.0
2021-06-11 11:55:00,NSE:MAJESCO,106.2,106.2,106.2,106.2,5277.0
2021-06-11 12:00:00,NSE:MAJESCO,106.2,106.2,106.2,106.2,5459.0
2021-06-11 12:05:00,NSE:MAJESCO,106.2,106.2,106.2,106.2,1956.0
2021-06-11 12:10:00,NSE:MAJESCO,106.2,106.2,106.2,106.2,3655.0
2021-06-11 12:15:00,NSE:MAJESCO,106.2,106.2,106.2,106.2,52063.0
2021-06-11 12:20:00,NSE:MAJESCO,106.2,106.2,106.2,106.2,2474.0
2021-06-11 12:25:00,NSE:MAJESCO,106.2,106.2,106.2,106.2,1092.0
2021-06-11 12:30:00,NSE:MAJESCO,106.2,106.2,106.2,106.2,1267.0
2021-06-11 12:35:00,NSE:MAJESCO,106.2,106.2,106.2,106.2,2013.0
2021-06-11 12:40:00,NSE:MAJESCO,106.2,106.2,106.2,106.2,3484.0
2021-06-11 12:45:00,NSE:MAJESCO,106.2,106.2,106.2,106.2,1452.0
2021-06-11 12:50:00,NSE:MAJESCO,106.2,106.2,106.2,106.2,2361.0
2021-06-11 12:55:00,NSE:MAJESCO,106.2,106.2,106.2,106.2,2385.0
2021-06-11 13:00:00,NSE:MAJESCO,106.2,106.2,106.2,106.2,1889.0
2021-06-11 13:05:00,NSE:MAJESCO,106.2,106.2,106.2,106.2,1927.0
2021-06-11 13:10:00,NSE:MAJESCO,106.2,106.2,106.2,106.2,875.0
2021-06-11 13:15:00,NSE:MAJESCO,106.2,106.2,106.2,106.2,874.0
2021-06-11 13:20:00,NSE:MAJESCO,106.2,106.2,106.2,106.2,7367.0
2021-06-11 13:25:00,NSE:MAJESCO,106.2,106.2,106.2,106.2,4124.0
2021-06-11 13:30:00,NSE:MAJESCO,106.2,106.2,106.2,106.2,1117.0
2021-06-11 13:35:00,NSE:MAJESCO,106.2,106.2,106.2,106.2,2394.0
2021-06-11 13:40:00,NSE:MAJESCO,106.2,106.2,106.2,106.2,1560.0
2021-06-11 13:45:00,NSE:MAJESCO,106.2,106.2,106.2,106.2,993.0
2021-06-11 13:50:00,NSE:MAJESCO,106.2,106.2,106.2,106.2,2113.0
2021-06-11 13:55:00,NSE:MAJESCO,106.2,106.2,106.2,106.2,1400.0
2021-06-11 14:00:00,NSE:MAJESCO,106.2,106.2,106.2,106.2,1391.0
2021-06-11 14:05:00,NSE:MAJESCO,106.2,106.2,106.2,106.2,1300.0
2021-06-11 14:10:00,NSE:MAJESCO,106.2,106.2,106.2,106.2,666.0
2021-06-11 14:15:00,NSE:MAJESCO,106.2,106.2,106.2,106.2,1733.0
2021-06-11 14:20:00,NSE:MAJESCO,106.2,106.2,106.2,106.2,1104.0
2021-06-11 14:25:00,NSE:MAJESCO,106.2,106.2,106.2,106.2,1495.0
2021-06-11 14:30:00,NSE:MAJESCO,106.2,106.2,106.2,106.2,2260.0
2021-06-11 14:35:00,NSE:MAJESCO,106.2,106.2,106.2,106.2,3867.0
2021-06-11 14:40:00,NSE:MAJESCO,106.2,106.2,106.2,106.2,1416.0
2021-06-11 14:45:00,NSE:MAJESCO,106.2,106.2,106.2,106.2,2818.0
2021-06-11 14:50:00,NSE:MAJESCO,106.2,106.2,106.2,106.2,6413.0
2021-06-11 14:55:00,NSE:MAJESCO,106.2,106.2,106.2,106.2,2125.0
2021-06-11 15:00:00,NSE:MAJESCO,106.2,106.2,106.2,106.2,5329.0
2021-06-11 15:05:00,NSE:MAJESCO,106.2,106.2,106.2,106.2,4683.0
2021-06-11 15:10:00,NSE:MAJESCO,106.2,106.2,106.2,106.2,4405.0
2021-06-11 15:15:00,NSE:MAJESCO,106.2,106.2,106.2,106.2,2825.0
2021-06-11 15:20:00,NSE:MAJESCO,106.2,106.2,106.2,106.2,3405.0
2021-06-11 15:25:00,NSE:MAJESCO,106.2,106.2,106.2,106.2,9505.0
2021-06-11 15:40:00,NSE:MAJESCO,106.2,106.2,106.2,106.2,5.0
2021-06-14 09:05:00,NSE:MAJESCO,100.9,100.9,100.9,100.9,10670.0
2021-06-14 09:15:00,NSE:MAJESCO,100.9,100.9,100.9,100.9,12662.0
2021-06-14 09:20:00,NSE:MAJESCO,100.9,100.9,100.9,100.9,2806.0
2021-06-14 09:25:00,NSE:MAJESCO,100.9,100.9,100.9,100.9,2865.0
2021-06-14 09:30:00,NSE:MAJESCO,100.9,100.9,100.9,100.9,1176.0
2021-06-14 09:35:00,NSE:MAJESCO,100.9,100.9,100.9,100.9,4136.0
2021-06-14 09:40:00,NSE:MAJESCO,100.9,100.9,100.9,100.9,1299.0
2021-06-14 09:45:00,NSE:MAJESCO,100.9,100.9,100.9,100.9,1349.0
2021-06-14 09:50:00,NSE:MAJESCO,100.9,100.9,100.9,100.9,1486.0
2021-06-14 09:55:00,NSE:MAJESCO,100.9,100.9,100.9,100.9,2039.0
2021-06-14 10:00:00,NSE:MAJESCO,100.9,100.9,100.9,100.9,1881.0
2021-06-14 10:05:00,NSE:MAJESCO,100.9,100.9,100.9,100.9,1389.0
2021-06-14 10:10:00,NSE:MAJESCO,100.9,100.9,100.9,100.9,1145.0
2021-06-14 10:15:00,NSE:MAJESCO,100.9,100.9,100.9,100.9,1148.0
2021-06-14 10:20:00,NSE:MAJESCO,100.9,100.9,100.9,100.9,1464.0
2021-06-14 10:25:00,NSE:MAJESCO,100.9,100.9,100.9,100.9,1419.0
2021-06-14 10:30:00,NSE:MAJESCO,100.9,100.9,100.9,100.9,1520.0
2021-06-14 10:35:00,NSE:MAJESCO,100.9,100.9,100.9,100.9,1412.0
2021-06-14 10:40:00,NSE:MAJESCO,100.9,100.9,100.9,100.9,1054.0
2021-06-14 10:45:00,NSE:MAJESCO,100.9,100.9,100.9,100.9,3228.0
2021-06-14 10:50:00,NSE:MAJESCO,100.9,100.9,100.9,100.9,594.0
2021-06-14 10:55:00,NSE:MAJESCO,100.9,100.9,100.9,100.9,1096.0
2021-06-14 11:00:00,NSE:MAJESCO,100.9,100.9,100.9,100.9,1079.0
2021-06-14 11:05:00,NSE:MAJESCO,100.9,100.9,100.9,100.9,589.0
2021-06-14 11:10:00,NSE:MAJESCO,100.9,100.9,100.9,100.9,427.0
2021-06-14 11:15:00,NSE:MAJESCO,100.9,100.9,100.9,100.9,416.0
2021-06-14 11:20:00,NSE:MAJESCO,100.9,100.9,100.9,100.9,693.0
2021-06-14 11:25:00,NSE:MAJESCO,100.9,100.9,100.9,100.9,493.0
2021-06-14 11:30:00,NSE:MAJESCO,100.9,100.9,100.9,100.9,497.0
2021-06-14 11:35:00,NSE:MAJESCO,100.9,100.9,100.9,100.9,740.0
2021-06-14 11:40:00,NSE:MAJESCO,100.9,100.9,100.9,100.9,847.0
2021-06-14 11:45:00,NSE:MAJESCO,100.9,100.9,100.9,100.9,762.0
2021-06-14 11:50:00,NSE:MAJESCO,100.9,100.9,100.9,100.9,544.0
2021-06-14 11:55:00,NSE:MAJESCO,100.9,100.9,100.9,100.9,774.0
2021-06-14 12:00:00,NSE:MAJESCO,100.9,100.9,100.9,100.9,5187.0
2021-06-14 12:05:00,NSE:MAJESCO,100.9,100.9,100.9,100.9,1496.0
2021-06-14 12:10:00,NSE:MAJESCO,100.9,100.9,100.9,100.9,7585.0
2021-06-14 12:15:00,NSE:MAJESCO,100.9,100.9,100.9,100.9,662.0
2021-06-14 12:20:00,NSE:MAJESCO,100.9,100.9,100.9,100.9,407.0
2021-06-14 12:25:00,NSE:MAJESCO,100.9,100.9,100.9,100.9,498.0
2021-06-14 12:30:00,NSE:MAJESCO,100.9,100.9,100.9,100.9,1940.0
2021-06-14 12:35:00,NSE:MAJESCO,100.9,100.9,100.9,100.9,718.0
2021-06-14 12:40:00,NSE:MAJESCO,100.9,100.9,100.9,100.9,860.0
2021-06-14 12:45:00,NSE:MAJESCO,100.9,100.9,100.9,100.9,867.0
2021-06-14 12:50:00,NSE:MAJESCO,100.9,100.9,100.9,100.9,518.0
2021-06-14 12:55:00,NSE:MAJESCO,100.9,100.9,100.9,100.9,456.0
2021-06-14 13:00:00,NSE:MAJESCO,100.9,100.9,100.9,100.9,282.0
2021-06-14 13:05:00,NSE:MAJESCO,100.9,100.9,100.9,100.9,267.0
2021-06-14 13:10:00,NSE:MAJESCO,100.9,100.9,100.9,100.9,691.0
2021-06-14 13:15:00,NSE:MAJESCO,100.9,100.9,100.9,100.9,606.0
2021-06-14 13:20:00,NSE:MAJESCO,100.9,100.9,100.9,100.9,244.0
2021-06-14 13:25:00,NSE:MAJESCO,100.9,100.9,100.9,100.9,278.0
2021-06-14 13:30:00,NSE:MAJESCO,100.9,100.9,100.9,100.9,383.0
2021-06-14 13:35:00,NSE:MAJESCO,100.9,100.9,100.9,100.9,1364.0
2021-06-14 13:40:00,NSE:MAJESCO,100.9,100.9,100.9,100.9,391.0
2021-06-14 13:45:00,NSE:MAJESCO,100.9,100.9,100.9,100.9,436.0
2021-06-14 13:50:00,NSE:MAJESCO,100.9,100.9,100.9,100.9,1377.0
2021-06-14 13:55:00,NSE:MAJESCO,100.9,100.9,100.9,100.9,591.0
2021-06-14 14:00:00,NSE:MAJESCO,100.9,100.9,100.9,100.9,1200.0
2021-06-14 14:05:00,NSE:MAJESCO,100.9,100.9,100.9,100.9,619.0
2021-06-14 14:10:00,NSE:MAJESCO,100.9,100.9,100.9,100.9,832.0
2021-06-14 14:15:00,NSE:MAJESCO,100.9,100.9,100.9,100.9,273.0
2021-06-14 14:20:00,NSE:MAJESCO,100.9,100.9,100.9,100.9,703.0
2021-06-14 14:25:00,NSE:MAJESCO,100.9,100.9,100.9,100.9,1197.0
2021-06-14 14:30:00,NSE:MAJESCO,100.9,100.9,100.9,100.9,333.0
2021-06-14 14:35:00,NSE:MAJESCO,100.9,100.9,100.9,100.9,1158.0
2021-06-14 14:40:00,NSE:MAJESCO,100.9,100.9,100.9,100.9,948.0
2021-06-14 14:45:00,NSE:MAJESCO,100.9,100.9,100.9,100.9,1311.0
2021-06-14 14:50:00,NSE:MAJESCO,100.9,100.9,100.9,100.9,1227.0
2021-06-14 14:55:00,NSE:MAJESCO,100.9,100.9,100.9,100.9,505.0
2021-06-14 15:00:00,NSE:MAJESCO,100.9,100.9,100.9,100.9,509.0
2021-06-14 15:05:00,NSE:MAJESCO,100.9,100.9,100.9,100.9,1117.0
2021-06-14 15:10:00,NSE:MAJESCO,100.9,100.9,100.9,100.9,855.0
2021-06-14 15:15:00,NSE:MAJESCO,100.9,100.9,100.9,100.9,1818.0
2021-06-14 15:20:00,NSE:MAJESCO,100.9,100.9,100.9,100.9,2048.0
2021-06-14 15:25:00,NSE:MAJESCO,100.9,100.9,100.9,100.9,1997.0
2021-06-14 15:40:00,NSE:MAJESCO,100.9,100.9,100.9,100.9,60.0
2021-06-15 09:05:00,NSE:MAJESCO,95.9,95.9,95.9,95.9,5172.0
2021-06-15 09:15:00,NSE:MAJESCO,95.9,98.9,95.9,95.9,828621.0
2021-06-15 09:20:00,NSE:MAJESCO,95.9,95.9,95.9,95.9,33552.0
2021-06-15 09:25:00,NSE:MAJESCO,95.9,95.9,95.9,95.9,14861.0
2021-06-15 09:30:00,NSE:MAJESCO,95.9,95.9,95.9,95.9,4081.0
2021-06-15 09:35:00,NSE:MAJESCO,95.9,95.9,95.9,95.9,3454.0
2021-06-15 09:40:00,NSE:MAJESCO,95.9,95.9,95.9,95.9,3143.0
2021-06-15 09:45:00,NSE:MAJESCO,95.9,95.9,95.9,95.9,1843.0
2021-06-15 09:50:00,NSE:MAJESCO,95.9,95.9,95.9,95.9,5267.0
2021-06-15 09:55:00,NSE:MAJESCO,95.9,95.9,95.9,95.9,1993.0
2021-06-15 10:00:00,NSE:MAJESCO,95.9,95.9,95.9,95.9,14474.0
2021-06-15 10:05:00,NSE:MAJESCO,95.9,95.9,95.9,95.9,1013.0
2021-06-15 10:10:00,NSE:MAJESCO,95.9,95.9,95.9,95.9,3753.0
2021-06-15 10:15:00,NSE:MAJESCO,95.9,95.9,95.9,95.9,885.0
2021-06-15 10:20:00,NSE:MAJESCO,95.9,95.9,95.9,95.9,808.0
2021-06-15 10:25:00,NSE:MAJESCO,95.9,95.9,95.9,95.9,2659.0
2021-06-15 10:30:00,NSE:MAJESCO,95.9,95.9,95.9,95.9,1223.0
2021-06-15 10:35:00,NSE:MAJESCO,95.9,95.9,95.9,95.9,2816.0
2021-06-15 10:40:00,NSE:MAJESCO,95.9,95.9,95.9,95.9,1372.0
2021-06-15 10:45:00,NSE:MAJESCO,95.9,95.9,95.9,95.9,1019.0
2021-06-15 10:50:00,NSE:MAJESCO,95.9,95.9,95.9,95.9,1395.0
2021-06-15 10:55:00,NSE:MAJESCO,95.9,95.9,95.9,95.9,1910.0
2021-06-15 11:00:00,NSE:MAJESCO,95.9,95.9,95.9,95.9,1038.0
2021-06-15 11:05:00,NSE:MAJESCO,95.9,95.9,95.9,95.9,432.0
2021-06-15 11:10:00,NSE:MAJESCO,95.9,95.9,95.9,95.9,1219.0
2021-06-15 11:15:00,NSE:MAJESCO,95.9,95.9,95.9,95.9,5634.0
2021-06-15 11:20:00,NSE:MAJESCO,95.9,95.9,95.9,95.9,858.0
2021-06-15 11:25:00,NSE:MAJESCO,95.9,95.9,95.9,95.9,1164.0
2021-06-15 11:30:00,NSE:MAJESCO,95.9,95.9,95.9,95.9,901.0
2021-06-15 11:35:00,NSE:MAJESCO,95.9,95.9,95.9,95.9,929.0
2021-06-15 11:40:00,NSE:MAJESCO,95.9,95.9,95.9,95.9,419.0
2021-06-15 11:45:00,NSE:MAJESCO,95.9,95.9,95.9,95.9,592.0
2021-06-15 11:50:00,NSE:MAJESCO,95.9,95.9,95.9,95.9,594.0
2021-06-15 11:55:00,NSE:MAJESCO,95.9,95.9,95.9,95.9,1716.0
2021-06-15 12:00:00,NSE:MAJESCO,95.9,95.9,95.9,95.9,633.0
2021-06-15 12:05:00,NSE:MAJESCO,95.9,95.9,95.9,95.9,5496.0
2021-06-15 12:10:00,NSE:MAJESCO,95.9,95.9,95.9,95.9,100630.0
2021-06-15 12:15:00,NSE:MAJESCO,95.9,95.9,95.9,95.9,12355.0
2021-06-15 12:20:00,NSE:MAJESCO,95.9,95.9,95.9,95.9,763.0
2021-06-15 12:25:00,NSE:MAJESCO,95.9,95.9,95.9,95.9,2323.0
2021-06-15 12:30:00,NSE:MAJESCO,95.9,95.9,95.9,95.9,935.0
2021-06-15 12:35:00,NSE:MAJESCO,95.9,96.0,95.9,95.9,363765.0
2021-06-15 12:40:00,NSE:MAJESCO,95.9,95.9,95.9,95.9,5196.0
2021-06-15 12:45:00,NSE:MAJESCO,95.9,95.9,95.9,95.9,764.0
2021-06-15 12:50:00,NSE:MAJESCO,95.9,95.9,95.9,95.9,6611.0
2021-06-15 12:55:00,NSE:MAJESCO,95.9,95.9,95.9,95.9,2485.0
2021-06-15 13:00:00,NSE:MAJESCO,95.9,95.9,95.9,95.9,56157.0
2021-06-15 13:05:00,NSE:MAJESCO,95.9,95.9,95.9,95.9,57844.0
2021-06-15 13:10:00,NSE:MAJESCO,95.9,95.9,95.9,95.9,25829.0
2021-06-15 13:15:00,NSE:MAJESCO,95.9,95.9,95.9,95.9,21379.0
2021-06-15 13:20:00,NSE:MAJESCO,95.9,95.9,95.9,95.9,31339.0
2021-06-15 13:25:00,NSE:MAJESCO,95.9,95.9,95.9,95.9,3575.0
2021-06-15 13:30:00,NSE:MAJESCO,95.9,98.0,95.9,97.1,152692.0
2021-06-15 13:35:00,NSE:MAJESCO,97.15,99.5,96.55,99.5,142623.0
2021-06-15 13:40:00,NSE:MAJESCO,99.5,99.95,97.2,98.75,103331.0
2021-06-15 13:45:00,NSE:MAJESCO,98.55,99.0,98.0,98.8,56015.0
2021-06-15 13:50:00,NSE:MAJESCO,98.65,99.0,98.65,98.95,40120.0
2021-06-15 13:55:00,NSE:MAJESCO,98.95,99.35,98.7,99.0,69297.0
2021-06-15 14:00:00,NSE:MAJESCO,99.05,99.9,99.05,99.3,63646.0
2021-06-15 14:05:00,NSE:MAJESCO,99.3,99.4,96.35,97.35,70676.0
2021-06-15 14:10:00,NSE:MAJESCO,97.25,97.5,95.9,95.9,95016.0
2021-06-15 14:15:00,NSE:MAJESCO,95.9,95.9,95.9,95.9,115569.0
2021-06-15 14:20:00,NSE:MAJESCO,95.9,96.3,95.9,95.9,56738.0
2021-06-15 14:25:00,NSE:MAJESCO,95.9,96.8,95.9,96.45,36413.0
2021-06-15 14:30:00,NSE:MAJESCO,96.3,96.85,96.25,96.5,21815.0
2021-06-15 14:35:00,NSE:MAJESCO,96.5,96.7,96.2,96.25,12713.0
2021-06-15 14:40:00,NSE:MAJESCO,96.3,96.3,95.9,95.9,44023.0
2021-06-15 14:45:00,NSE:MAJESCO,95.9,95.9,95.9,95.9,6663.0
2021-06-15 14:50:00,NSE:MAJESCO,95.9,95.9,95.9,95.9,3381.0
2021-06-15 14:55:00,NSE:MAJESCO,95.9,95.9,95.9,95.9,9215.0
2021-06-15 15:00:00,NSE:MAJESCO,95.9,95.9,95.9,95.9,3851.0
2021-06-15 15:05:00,NSE:MAJESCO,95.9,95.9,95.9,95.9,5961.0
2021-06-15 15:10:00,NSE:MAJESCO,95.9,95.9,95.9,95.9,7302.0
2021-06-15 15:15:00,NSE:MAJESCO,95.9,95.9,95.9,95.9,5516.0
2021-06-15 15:20:00,NSE:MAJESCO,95.9,95.9,95.9,95.9,6599.0
2021-06-15 15:25:00,NSE:MAJESCO,95.9,95.9,95.9,95.9,7554.0
2021-06-15 15:40:00,NSE:MAJESCO,95.9,95.9,95.9,95.9,200.0
2021-06-16 09:05:00,NSE:MAJESCO,91.15,91.15,91.15,91.15,42349.0
2021-06-16 09:15:00,NSE:MAJESCO,91.2,93.65,91.2,92.75,144914.0
2021-06-16 09:20:00,NSE:MAJESCO,92.9,92.9,92.05,92.35,57931.0
2021-06-16 09:25:00,NSE:MAJESCO,92.3,92.5,92.0,92.25,44309.0
2021-06-16 09:30:00,NSE:MAJESCO,92.3,92.5,92.05,92.2,28603.0
2021-06-16 09:35:00,NSE:MAJESCO,92.2,93.9,92.2,93.2,52344.0
2021-06-16 09:40:00,NSE:MAJESCO,93.25,94.9,93.15,94.3,52405.0
2021-06-16 09:45:00,NSE:MAJESCO,94.35,94.95,92.55,92.6,40856.0
2021-06-16 09:50:00,NSE:MAJESCO,92.15,92.9,92.15,92.55,27834.0
2021-06-16 09:55:00,NSE:MAJESCO,92.55,92.95,92.2,92.4,17884.0
2021-06-16 10:00:00,NSE:MAJESCO,92.4,92.7,92.2,92.25,15442.0
2021-06-16 10:05:00,NSE:MAJESCO,92.4,92.85,92.2,92.65,10472.0
2021-06-16 10:10:00,NSE:MAJESCO,92.7,92.7,92.2,92.35,11869.0
2021-06-16 10:15:00,NSE:MAJESCO,92.35,92.35,91.15,91.5,61250.0
2021-06-16 10:20:00,NSE:MAJESCO,91.55,91.7,91.15,91.15,24712.0
2021-06-16 10:25:00,NSE:MAJESCO,91.15,91.15,91.15,91.15,4506.0
2021-06-16 10:30:00,NSE:MAJESCO,91.15,91.15,91.15,91.15,4363.0
2021-06-16 10:35:00,NSE:MAJESCO,91.15,91.15,91.15,91.15,2987.0
2021-06-16 10:40:00,NSE:MAJESCO,91.15,91.15,91.15,91.15,3067.0
2021-06-16 10:45:00,NSE:MAJESCO,91.15,91.15,91.15,91.15,2910.0
2021-06-16 10:50:00,NSE:MAJESCO,91.15,91.15,91.15,91.15,689.0
2021-06-16 10:55:00,NSE:MAJESCO,91.15,91.15,91.15,91.15,784.0
2021-06-16 11:00:00,NSE:MAJESCO,91.15,91.15,91.15,91.15,1099.0
2021-06-16 11:05:00,NSE:MAJESCO,91.15,91.15,91.15,91.15,1031.0
2021-06-16 11:10:00,NSE:MAJESCO,91.15,91.15,91.15,91.15,779.0
2021-06-16 11:15:00,NSE:MAJESCO,91.15,91.15,91.15,91.15,969.0
2021-06-16 11:20:00,NSE:MAJESCO,91.15,91.15,91.15,91.15,1023.0
2021-06-16 11:25:00,NSE:MAJESCO,91.15,91.15,91.15,91.15,3182.0
2021-06-16 11:30:00,NSE:MAJESCO,91.15,91.15,91.15,91.15,2876.0
2021-06-16 11:35:00,NSE:MAJESCO,91.15,91.15,91.15,91.15,1394.0
2021-06-16 11:40:00,NSE:MAJESCO,91.15,91.15,91.15,91.15,1087.0
2021-06-16 11:45:00,NSE:MAJESCO,91.15,91.15,91.15,91.15,439.0
2021-06-16 11:50:00,NSE:MAJESCO,91.15,91.15,91.15,91.15,392.0
2021-06-16 11:55:00,NSE:MAJESCO,91.15,91.15,91.15,91.15,371.0
2021-06-16 12:00:00,NSE:MAJESCO,91.15,91.15,91.15,91.15,554.0
2021-06-16 12:05:00,NSE:MAJESCO,91.15,91.15,91.15,91.15,1293.0
2021-06-16 12:10:00,NSE:MAJESCO,91.15,91.15,91.15,91.15,154.0
2021-06-16 12:15:00,NSE:MAJESCO,91.15,91.15,91.15,91.15,1268.0
2021-06-16 12:20:00,NSE:MAJESCO,91.15,91.15,91.15,91.15,1385.0
2021-06-16 12:25:00,NSE:MAJESCO,91.15,91.15,91.15,91.15,299.0
2021-06-16 12:30:00,NSE:MAJESCO,91.15,91.15,91.15,91.15,1728.0
2021-06-16 12:35:00,NSE:MAJESCO,91.15,91.15,91.15,91.15,1457.0
2021-06-16 12:40:00,NSE:MAJESCO,91.15,91.15,91.15,91.15,484.0
2021-06-16 12:45:00,NSE:MAJESCO,91.15,91.15,91.15,91.15,350.0
2021-06-16 12:50:00,NSE:MAJESCO,91.15,91.15,91.15,91.15,3043.0
2021-06-16 12:55:00,NSE:MAJESCO,91.15,91.15,91.15,91.15,1467.0
2021-06-16 13:00:00,NSE:MAJESCO,91.15,91.15,91.15,91.15,702.0
2021-06-16 13:05:00,NSE:MAJESCO,91.15,91.15,91.15,91.15,228.0
2021-06-16 13:10:00,NSE:MAJESCO,91.15,91.15,91.15,91.15,245.0
2021-06-16 13:15:00,NSE:MAJESCO,91.15,91.15,91.15,91.15,382.0
2021-06-16 13:20:00,NSE:MAJESCO,91.15,91.15,91.15,91.15,1198.0
2021-06-16 13:25:00,NSE:MAJESCO,91.15,91.15,91.15,91.15,659.0
2021-06-16 13:30:00,NSE:MAJESCO,91.15,91.15,91.15,91.15,628.0
2021-06-16 13:35:00,NSE:MAJESCO,91.15,91.15,91.15,91.15,460.0
2021-06-16 13:40:00,NSE:MAJESCO,91.15,91.15,91.15,91.15,177.0
2021-06-16 13:45:00,NSE:MAJESCO,91.15,91.15,91.15,91.15,275.0
2021-06-16 13:50:00,NSE:MAJESCO,91.15,91.15,91.15,91.15,2930.0
2021-06-16 13:55:00,NSE:MAJESCO,91.15,91.15,91.15,91.15,237.0
2021-06-16 14:00:00,NSE:MAJESCO,91.15,91.15,91.15,91.15,746.0
2021-06-16 14:05:00,NSE:MAJESCO,91.15,91.15,91.15,91.15,574.0
2021-06-16 14:10:00,NSE:MAJESCO,91.15,91.15,91.15,91.15,431.0
2021-06-16 14:15:00,NSE:MAJESCO,91.15,91.15,91.15,91.15,1723.0
2021-06-16 14:20:00,NSE:MAJESCO,91.15,91.15,91.15,91.15,646.0
2021-06-16 14:25:00,NSE:MAJESCO,91.15,91.15,91.15,91.15,1953.0
2021-06-16 14:30:00,NSE:MAJESCO,91.15,91.15,91.15,91.15,566.0
2021-06-16 14:35:00,NSE:MAJESCO,91.15,91.15,91.15,91.15,1191.0
2021-06-16 14:40:00,NSE:MAJESCO,91.15,91.15,91.15,91.15,762.0
2021-06-16 14:45:00,NSE:MAJESCO,91.15,91.15,91.15,91.15,1230.0
2021-06-16 14:50:00,NSE:MAJESCO,91.15,91.15,91.15,91.15,370.0
2021-06-16 14:55:00,NSE:MAJESCO,91.15,91.15,91.15,91.15,625.0
2021-06-16 15:00:00,NSE:MAJESCO,91.15,91.15,91.15,91.15,613.0
2021-06-16 15:05:00,NSE:MAJESCO,91.15,91.15,91.15,91.15,929.0
2021-06-16 15:10:00,NSE:MAJESCO,91.15,91.15,91.15,91.15,248.0
2021-06-16 15:15:00,NSE:MAJESCO,91.15,91.15,91.15,91.15,676.0
2021-06-16 15:20:00,NSE:MAJESCO,91.15,91.15,91.15,91.15,472.0
2021-06-16 15:25:00,NSE:MAJESCO,91.15,91.15,91.15,91.15,2722.0
2021-06-16 15:40:00,NSE:MAJESCO,91.15,91.15,91.15,91.15,45.0
2021-06-17 09:05:00,NSE:MAJESCO,86.6,86.6,86.6,86.6,48419.0
2021-06-17 09:15:00,NSE:MAJESCO,87.05,87.9,86.6,86.6,101627.0
2021-06-17 09:20:00,NSE:MAJESCO,86.7,88.0,86.6,86.8,66292.0
2021-06-17 09:25:00,NSE:MAJESCO,86.85,87.35,86.6,87.25,34081.0
2021-06-17 09:30:00,NSE:MAJESCO,87.25,88.75,86.9,87.95,50898.0
2021-06-17 09:35:00,NSE:MAJESCO,87.75,88.4,87.1,88.25,31921.0
2021-06-17 09:40:00,NSE:MAJESCO,88.3,88.3,87.6,88.0,27936.0
2021-06-17 09:45:00,NSE:MAJESCO,88.15,88.4,87.8,88.4,21004.0
2021-06-17 09:50:00,NSE:MAJESCO,88.25,88.35,88.0,88.35,16445.0
2021-06-17 09:55:00,NSE:MAJESCO,88.2,90.0,88.2,89.8,94649.0
2021-06-17 10:00:00,NSE:MAJESCO,89.5,89.5,88.35,89.15,32425.0
2021-06-17 10:05:00,NSE:MAJESCO,89.15,89.7,89.15,89.3,17076.0
2021-06-17 10:10:00,NSE:MAJESCO,89.4,89.4,88.45,88.6,16536.0
2021-06-17 10:15:00,NSE:MAJESCO,88.6,88.8,87.75,88.0,15603.0
2021-06-17 10:20:00,NSE:MAJESCO,88.0,88.0,87.5,87.65,14901.0
2021-06-17 10:25:00,NSE:MAJESCO,87.65,88.4,87.5,88.15,15490.0
2021-06-17 10:30:00,NSE:MAJESCO,87.95,88.15,87.7,87.85,12184.0
2021-06-17 10:35:00,NSE:MAJESCO,87.85,88.1,87.65,87.8,11303.0
2021-06-17 10:40:00,NSE:MAJESCO,87.8,88.05,87.6,87.9,7633.0
2021-06-17 10:45:00,NSE:MAJESCO,87.85,87.95,87.75,87.85,6798.0
2021-06-17 10:50:00,NSE:MAJESCO,87.85,88.0,87.7,87.8,8217.0
2021-06-17 10:55:00,NSE:MAJESCO,87.8,89.25,87.75,88.95,31110.0
2021-06-17 11:00:00,NSE:MAJESCO,89.0,89.0,88.5,88.75,9231.0
2021-06-17 11:05:00,NSE:MAJESCO,88.75,89.7,88.2,89.5,28284.0
2021-06-17 11:10:00,NSE:MAJESCO,89.5,89.8,89.15,89.25,8782.0
2021-06-17 11:15:00,NSE:MAJESCO,89.45,89.8,89.1,89.2,12542.0
2021-06-17 11:20:00,NSE:MAJESCO,89.25,89.25,88.5,88.5,12731.0
2021-06-17 11:25:00,NSE:MAJESCO,88.55,88.9,88.25,88.5,9717.0
2021-06-17 11:30:00,NSE:MAJESCO,88.5,89.1,88.3,88.65,9809.0
2021-06-17 11:35:00,NSE:MAJESCO,88.95,89.1,88.2,88.2,12697.0
2021-06-17 11:40:00,NSE:MAJESCO,88.3,88.6,88.05,88.45,7072.0
2021-06-17 11:45:00,NSE:MAJESCO,88.4,88.4,87.9,87.95,10225.0
2021-06-17 11:50:00,NSE:MAJESCO,88.0,88.0,87.65,87.8,9292.0
2021-06-17 11:55:00,NSE:MAJESCO,87.8,87.9,87.5,87.6,22537.0
2021-06-17 12:00:00,NSE:MAJESCO,87.6,87.6,86.6,86.7,90443.0
2021-06-17 12:05:00,NSE:MAJESCO,86.85,87.8,86.7,87.4,9184.0
2021-06-17 12:10:00,NSE:MAJESCO,87.35,87.55,87.05,87.2,3589.0
2021-06-17 12:15:00,NSE:MAJESCO,87.1,87.45,87.0,87.25,6742.0
2021-06-17 12:20:00,NSE:MAJESCO,87.25,87.25,87.0,87.15,3453.0
2021-06-17 12:25:00,NSE:MAJESCO,87.15,87.45,87.0,87.35,5847.0
2021-06-17 12:30:00,NSE:MAJESCO,87.35,87.95,87.25,87.95,6797.0
2021-06-17 12:35:00,NSE:MAJESCO,87.9,88.05,87.0,87.1,13101.0
2021-06-17 12:40:00,NSE:MAJESCO,87.1,87.75,87.0,87.6,9511.0
2021-06-17 12:45:00,NSE:MAJESCO,87.6,87.6,87.15,87.45,2483.0
2021-06-17 12:50:00,NSE:MAJESCO,87.5,87.6,87.1,87.45,2518.0
2021-06-17 12:55:00,NSE:MAJESCO,87.45,87.45,87.2,87.45,2117.0
2021-06-17 13:00:00,NSE:MAJESCO,87.45,87.45,87.1,87.3,2781.0
2021-06-17 13:05:00,NSE:MAJESCO,87.1,87.6,87.0,87.5,6136.0
2021-06-17 13:10:00,NSE:MAJESCO,87.35,87.6,87.35,87.55,1946.0
2021-06-17 13:15:00,NSE:MAJESCO,87.6,87.6,87.4,87.4,1649.0
2021-06-17 13:20:00,NSE:MAJESCO,87.4,87.45,87.2,87.35,2644.0
2021-06-17 13:25:00,NSE:MAJESCO,87.35,87.5,87.25,87.3,1722.0
2021-06-17 13:30:00,NSE:MAJESCO,87.4,87.5,87.05,87.2,4025.0
2021-06-17 13:35:00,NSE:MAJESCO,87.2,87.25,87.1,87.25,2433.0
2021-06-17 13:40:00,NSE:MAJESCO,87.25,87.3,87.15,87.3,1959.0
2021-06-17 13:45:00,NSE:MAJESCO,87.4,87.5,87.25,87.35,1951.0
2021-06-17 13:50:00,NSE:MAJESCO,87.35,87.5,87.25,87.5,3021.0
2021-06-17 13:55:00,NSE:MAJESCO,87.5,87.9,87.3,87.75,6940.0
2021-06-17 14:00:00,NSE:MAJESCO,87.65,87.7,87.55,87.55,881.0
2021-06-17 14:05:00,NSE:MAJESCO,87.5,87.6,87.0,87.0,3432.0
2021-06-17 14:10:00,NSE:MAJESCO,87.0,87.25,87.0,87.0,10399.0
2021-06-17 14:15:00,NSE:MAJESCO,87.1,87.2,86.75,86.9,2669.0
2021-06-17 14:20:00,NSE:MAJESCO,86.9,87.0,86.6,86.95,19978.0
2021-06-17 14:25:00,NSE:MAJESCO,86.9,86.9,86.6,86.6,4905.0
2021-06-17 14:30:00,NSE:MAJESCO,86.85,86.9,86.6,86.9,9490.0
2021-06-17 14:35:00,NSE:MAJESCO,86.85,86.85,86.6,86.7,4967.0
2021-06-17 14:40:00,NSE:MAJESCO,86.7,87.0,86.6,86.6,5199.0
2021-06-17 14:45:00,NSE:MAJESCO,86.65,86.95,86.6,86.9,2920.0
2021-06-17 14:50:00,NSE:MAJESCO,86.9,86.95,86.8,86.9,3703.0
2021-06-17 14:55:00,NSE:MAJESCO,86.9,86.9,86.65,86.7,2773.0
2021-06-17 15:00:00,NSE:MAJESCO,86.7,86.9,86.6,86.9,4044.0
2021-06-17 15:05:00,NSE:MAJESCO,86.9,86.9,86.6,86.65,7708.0
2021-06-17 15:10:00,NSE:MAJESCO,86.8,86.85,86.6,86.6,9119.0
2021-06-17 15:15:00,NSE:MAJESCO,86.6,86.85,86.6,86.8,5953.0
2021-06-17 15:20:00,NSE:MAJESCO,86.8,87.0,86.6,86.6,12040.0
2021-06-17 15:25:00,NSE:MAJESCO,86.6,86.9,86.6,86.6,7306.0
2021-06-17 15:40:00,NSE:MAJESCO,86.65,86.65,86.65,86.65,25.0
2021-06-18 09:05:00,NSE:MAJESCO,86.7,86.7,86.7,86.7,7743.0
2021-06-18 09:15:00,NSE:MAJESCO,88.0,90.95,88.0,90.95,75552.0
2021-06-18 09:20:00,NSE:MAJESCO,90.95,90.95,90.95,90.95,9684.0
2021-06-18 09:25:00,NSE:MAJESCO,90.95,90.95,90.95,90.95,4187.0
2021-06-18 09:30:00,NSE:MAJESCO,90.95,90.95,90.95,90.95,2675.0
2021-06-18 09:35:00,NSE:MAJESCO,90.95,90.95,90.95,90.95,2558.0
2021-06-18 09:40:00,NSE:MAJESCO,90.95,90.95,90.95,90.95,1750.0
2021-06-18 09:45:00,NSE:MAJESCO,90.95,90.95,90.95,90.95,1724.0
2021-06-18 09:50:00,NSE:MAJESCO,90.95,90.95,90.95,90.95,3119.0
2021-06-18 09:55:00,NSE:MAJESCO,90.95,90.95,90.95,90.95,3732.0
2021-06-18 10:00:00,NSE:MAJESCO,90.95,90.95,90.95,90.95,2424.0
2021-06-18 10:05:00,NSE:MAJESCO,90.95,90.95,90.95,90.95,772.0
2021-06-18 10:10:00,NSE:MAJESCO,90.95,90.95,90.95,90.95,1687.0
2021-06-18 10:15:00,NSE:MAJESCO,90.95,90.95,90.95,90.95,6767.0
2021-06-18 10:20:00,NSE:MAJESCO,90.95,90.95,90.95,90.95,4395.0
2021-06-18 10:25:00,NSE:MAJESCO,90.95,90.95,90.95,90.95,12144.0
2021-06-18 10:30:00,NSE:MAJESCO,90.95,90.95,88.1,89.85,322733.0
2021-06-18 10:35:00,NSE:MAJESCO,89.75,90.95,89.75,90.95,79297.0
2021-06-18 10:40:00,NSE:MAJESCO,90.9,90.95,90.75,90.75,59224.0
2021-06-18 10:45:00,NSE:MAJESCO,90.8,90.85,90.2,90.35,21440.0
2021-06-18 10:50:00,NSE:MAJESCO,90.35,90.35,89.0,89.35,27784.0
2021-06-18 10:55:00,NSE:MAJESCO,89.55,89.55,88.0,88.2,31974.0
2021-06-18 11:00:00,NSE:MAJESCO,88.2,89.0,87.4,88.85,25116.0
2021-06-18 11:05:00,NSE:MAJESCO,88.7,90.45,88.6,90.2,28958.0
2021-06-18 11:10:00,NSE:MAJESCO,90.2,90.75,90.05,90.7,18052.0
2021-06-18 11:15:00,NSE:MAJESCO,90.55,90.95,90.0,90.95,45876.0
2021-06-18 11:20:00,NSE:MAJESCO,90.95,90.95,90.95,90.95,4596.0
2021-06-18 11:25:00,NSE:MAJESCO,90.95,90.95,90.95,90.95,11149.0
2021-06-18 11:30:00,NSE:MAJESCO,90.95,90.95,90.95,90.95,3909.0
2021-06-18 11:35:00,NSE:MAJESCO,90.95,90.95,90.95,90.95,1251.0
2021-06-18 11:40:00,NSE:MAJESCO,90.95,90.95,90.95,90.95,1022.0
2021-06-18 11:45:00,NSE:MAJESCO,90.95,90.95,90.95,90.95,1780.0
2021-06-18 11:50:00,NSE:MAJESCO,90.95,90.95,90.95,90.95,2256.0
2021-06-18 11:55:00,NSE:MAJESCO,90.95,90.95,90.95,90.95,663.0
2021-06-18 12:00:00,NSE:MAJESCO,90.95,90.95,90.95,90.95,2119.0
2021-06-18 12:05:00,NSE:MAJESCO,90.95,90.95,90.95,90.95,126.0
2021-06-18 12:10:00,NSE:MAJESCO,90.95,90.95,90.95,90.95,170.0
2021-06-18 12:15:00,NSE:MAJESCO,90.95,90.95,90.95,90.95,651.0
2021-06-18 12:20:00,NSE:MAJESCO,90.95,90.95,90.95,90.95,346.0
2021-06-18 12:25:00,NSE:MAJESCO,90.95,90.95,90.95,90.95,1127.0
2021-06-18 12:30:00,NSE:MAJESCO,90.95,90.95,90.95,90.95,43.0
2021-06-18 12:35:00,NSE:MAJESCO,90.95,90.95,90.95,90.95,853.0
2021-06-18 12:40:00,NSE:MAJESCO,90.95,90.95,90.95,90.95,1136.0
2021-06-18 12:45:00,NSE:MAJESCO,90.95,90.95,90.95,90.95,66.0
2021-06-18 12:50:00,NSE:MAJESCO,90.95,90.95,90.95,90.95,598.0
2021-06-18 12:55:00,NSE:MAJESCO,90.95,90.95,90.95,90.95,374.0
2021-06-18 13:00:00,NSE:MAJESCO,90.95,90.95,90.95,90.95,401.0
2021-06-18 13:05:00,NSE:MAJESCO,90.95,90.95,90.95,90.95,241.0
2021-06-18 13:10:00,NSE:MAJESCO,90.95,90.95,90.95,90.95,69.0
2021-06-18 13:15:00,NSE:MAJESCO,90.95,90.95,90.95,90.95,128.0
2021-06-18 13:20:00,NSE:MAJESCO,90.95,90.95,90.95,90.95,857.0
2021-06-18 13:25:00,NSE:MAJESCO,90.95,90.95,90.95,90.95,926.0
2021-06-18 13:30:00,NSE:MAJESCO,90.95,90.95,90.95,90.95,510.0
2021-06-18 13:35:00,NSE:MAJESCO,90.95,90.95,90.95,90.95,219.0
2021-06-18 13:40:00,NSE:MAJESCO,90.95,90.95,90.95,90.95,454.0
2021-06-18 13:45:00,NSE:MAJESCO,90.95,90.95,90.95,90.95,152.0
2021-06-18 13:50:00,NSE:MAJESCO,90.95,90.95,90.95,90.95,750.0
2021-06-18 13:55:00,NSE:MAJESCO,90.95,90.95,90.95,90.95,252.0
2021-06-18 14:00:00,NSE:MAJESCO,90.95,90.95,90.95,90.95,450.0
2021-06-18 14:05:00,NSE:MAJESCO,90.95,90.95,90.95,90.95,135.0
2021-06-18 14:10:00,NSE:MAJESCO,90.95,90.95,90.95,90.95,145.0
2021-06-18 14:15:00,NSE:MAJESCO,90.95,90.95,90.95,90.95,676.0
2021-06-18 14:25:00,NSE:MAJESCO,90.95,90.95,90.95,90.95,360.0
2021-06-18 14:30:00,NSE:MAJESCO,90.95,90.95,90.95,90.95,257.0
2021-06-18 14:35:00,NSE:MAJESCO,90.95,90.95,90.95,90.95,1102.0
2021-06-18 14:40:00,NSE:MAJESCO,90.95,90.95,90.95,90.95,15.0
2021-06-18 14:45:00,NSE:MAJESCO,90.95,90.95,90.95,90.95,801.0
2021-06-18 14:50:00,NSE:MAJESCO,90.95,90.95,90.95,90.95,1.0
2021-06-18 14:55:00,NSE:MAJESCO,90.95,90.95,90.95,90.95,500.0
2021-06-18 15:00:00,NSE:MAJESCO,90.95,90.95,90.95,90.95,190.0
2021-06-18 15:05:00,NSE:MAJESCO,90.95,90.95,90.95,90.95,401.0
2021-06-18 15:10:00,NSE:MAJESCO,90.95,90.95,90.95,90.95,90.0
2021-06-18 15:15:00,NSE:MAJESCO,90.95,90.95,90.95,90.95,526.0
2021-06-18 15:20:00,NSE:MAJESCO,90.95,90.95,90.95,90.95,409.0
2021-06-18 15:25:00,NSE:MAJESCO,90.95,90.95,90.95,90.95,564.0
