datetime,symbol,open,high,low,close,volume
2020-11-11 15:00:00,NSE:GOODYEAR,805.8,816.35,805.8,808.6,708.0
2020-11-11 15:15:00,NSE:GOODYEAR,809.5,813.2,804.0,804.0,651.0
2020-11-12 09:15:00,NSE:GOODYEAR,812.1,812.1,808.2,810.5,219.0
2020-11-12 09:30:00,NSE:GOODYEAR,813.45,814.3,809.55,814.3,303.0
2020-11-12 09:45:00,NSE:GOODYEAR,814.0,820.0,814.0,816.1,152.0
2020-11-12 10:00:00,NSE:GOODYEAR,816.0,816.0,812.55,812.55,23.0
2020-11-12 10:15:00,NSE:GOODYEAR,817.0,817.0,815.05,815.05,32.0
2020-11-12 10:30:00,NSE:GOODYEAR,815.0,815.0,811.35,812.1,145.0
2020-11-12 10:45:00,NSE:GOODYEAR,810.5,810.55,810.5,810.55,3.0
2020-11-12 11:00:00,NSE:GOODYEAR,812.1,812.1,812.0,812.0,100.0
2020-11-12 11:15:00,NSE:GOODYEAR,810.55,810.55,810.1,810.4,29.0
2020-11-12 11:30:00,NSE:GOODYEAR,810.5,810.5,810.5,810.5,2.0
2020-11-12 11:45:00,NSE:GOODYEAR,812.0,812.0,812.0,812.0,8.0
2020-11-12 12:00:00,NSE:GOODYEAR,810.5,812.0,810.5,812.0,58.0
2020-11-12 12:15:00,NSE:GOODYEAR,812.0,812.0,810.05,810.05,221.0
2020-11-12 12:30:00,NSE:GOODYEAR,810.0,810.0,810.0,810.0,14.0
2020-11-12 12:45:00,NSE:GOODYEAR,809.95,809.95,809.1,809.1,12.0
2020-11-12 13:00:00,NSE:GOODYEAR,808.6,809.65,808.6,809.65,217.0
2020-11-12 13:15:00,NSE:GOODYEAR,809.0,809.0,809.0,809.0,1.0
2020-11-12 13:30:00,NSE:GOODYEAR,809.0,809.0,808.6,808.6,90.0
2020-11-12 13:45:00,NSE:GOODYEAR,808.6,809.9,808.6,808.75,24.0
2020-11-12 14:00:00,NSE:GOODYEAR,808.75,809.0,808.75,809.0,2.0
2020-11-12 14:15:00,NSE:GOODYEAR,808.75,809.85,808.6,809.85,65.0
2020-11-12 14:30:00,NSE:GOODYEAR,808.6,808.6,808.6,808.6,219.0
2020-11-12 14:45:00,NSE:GOODYEAR,809.65,809.65,808.5,808.5,118.0
2020-11-12 15:00:00,NSE:GOODYEAR,808.5,810.0,808.05,810.0,240.0
2020-11-12 15:15:00,NSE:GOODYEAR,810.0,810.0,808.0,808.0,249.0
2020-11-13 09:00:00,NSE:GOODYEAR,808.0,808.0,808.0,808.0,31.0
2020-11-13 09:15:00,NSE:GOODYEAR,808.0,808.0,805.15,807.85,104.0
2020-11-13 09:30:00,NSE:GOODYEAR,806.7,806.7,804.65,804.65,232.0
2020-11-13 09:45:00,NSE:GOODYEAR,804.9,805.95,803.0,803.0,221.0
2020-11-13 10:00:00,NSE:GOODYEAR,805.95,805.95,803.45,803.45,23.0
2020-11-13 10:15:00,NSE:GOODYEAR,803.0,806.75,803.0,806.75,114.0
2020-11-13 10:30:00,NSE:GOODYEAR,807.2,807.2,807.2,807.2,6.0
2020-11-13 10:45:00,NSE:GOODYEAR,805.5,807.45,805.5,805.6,82.0
2020-11-13 11:00:00,NSE:GOODYEAR,807.75,807.75,805.0,805.0,52.0
2020-11-13 11:30:00,NSE:GOODYEAR,806.4,810.0,805.0,807.55,298.0
2020-11-13 11:45:00,NSE:GOODYEAR,808.25,810.0,808.25,809.4,79.0
2020-11-13 12:00:00,NSE:GOODYEAR,808.55,810.0,808.55,810.0,99.0
2020-11-13 12:15:00,NSE:GOODYEAR,809.55,809.55,806.55,806.55,12.0
2020-11-13 12:30:00,NSE:GOODYEAR,805.2,809.0,805.2,809.0,189.0
2020-11-13 12:45:00,NSE:GOODYEAR,808.0,808.0,805.7,807.15,27.0
2020-11-13 13:00:00,NSE:GOODYEAR,807.2,807.55,807.2,807.55,32.0
2020-11-13 13:15:00,NSE:GOODYEAR,808.0,808.0,807.95,808.0,335.0
2020-11-13 13:30:00,NSE:GOODYEAR,807.2,807.2,805.5,805.5,190.0
2020-11-13 13:45:00,NSE:GOODYEAR,806.95,806.95,805.5,805.5,19.0
2020-11-13 14:00:00,NSE:GOODYEAR,806.95,806.95,806.95,806.95,6.0
2020-11-13 14:15:00,NSE:GOODYEAR,805.8,805.8,803.5,803.55,46.0
2020-11-13 14:30:00,NSE:GOODYEAR,805.3,806.75,805.3,806.75,25.0
2020-11-13 14:45:00,NSE:GOODYEAR,806.95,806.95,805.1,805.1,24.0
2020-11-13 15:00:00,NSE:GOODYEAR,806.8,806.8,806.65,806.8,16.0
2020-11-13 15:15:00,NSE:GOODYEAR,806.8,807.0,804.0,804.0,408.0
2020-11-14 18:00:00,NSE:GOODYEAR,811.95,811.95,811.95,811.95,140.0
2020-11-14 18:15:00,NSE:GOODYEAR,819.25,828.0,781.3,812.0,1146.0
2020-11-14 18:30:00,NSE:GOODYEAR,811.95,820.0,811.0,815.0,928.0
2020-11-14 18:45:00,NSE:GOODYEAR,815.1,822.85,815.1,820.0,294.0
2020-11-14 19:00:00,NSE:GOODYEAR,819.95,823.9,818.05,823.05,602.0
2020-11-14 19:15:00,NSE:GOODYEAR,820.65,820.65,820.65,820.65,3.0
2020-11-17 09:15:00,NSE:GOODYEAR,822.55,826.15,818.05,819.05,274.0
2020-11-17 09:30:00,NSE:GOODYEAR,822.1,833.0,822.1,827.0,821.0
2020-11-17 09:45:00,NSE:GOODYEAR,825.0,827.95,819.2,827.95,533.0
2020-11-17 10:00:00,NSE:GOODYEAR,826.45,828.95,825.0,825.4,229.0
2020-11-17 10:15:00,NSE:GOODYEAR,828.2,828.2,825.0,825.0,43.0
2020-11-17 10:30:00,NSE:GOODYEAR,824.85,826.5,824.85,825.05,190.0
2020-11-17 10:45:00,NSE:GOODYEAR,826.0,826.0,821.0,821.0,275.0
2020-11-17 11:00:00,NSE:GOODYEAR,825.65,827.5,825.65,827.5,74.0
2020-11-17 11:15:00,NSE:GOODYEAR,827.5,829.45,827.5,828.0,96.0
2020-11-17 11:30:00,NSE:GOODYEAR,826.15,827.05,823.25,823.65,104.0
2020-11-17 11:45:00,NSE:GOODYEAR,823.6,825.35,823.6,825.25,68.0
2020-11-17 12:00:00,NSE:GOODYEAR,825.6,827.05,825.6,827.05,232.0
2020-11-17 12:15:00,NSE:GOODYEAR,828.0,829.0,828.0,829.0,145.0
2020-11-17 12:30:00,NSE:GOODYEAR,829.95,829.95,827.05,827.05,76.0
2020-11-17 12:45:00,NSE:GOODYEAR,827.05,830.0,826.4,826.4,147.0
2020-11-17 13:00:00,NSE:GOODYEAR,828.4,831.2,825.05,825.05,819.0
2020-11-17 13:15:00,NSE:GOODYEAR,825.0,827.0,825.0,825.95,335.0
2020-11-17 13:30:00,NSE:GOODYEAR,825.95,827.55,825.95,826.0,44.0
2020-11-17 13:45:00,NSE:GOODYEAR,824.0,828.0,821.0,821.0,283.0
2020-11-17 14:00:00,NSE:GOODYEAR,823.0,825.0,823.0,824.95,115.0
2020-11-17 14:15:00,NSE:GOODYEAR,824.95,825.0,821.0,821.0,40.0
2020-11-17 14:30:00,NSE:GOODYEAR,821.0,821.0,813.65,816.0,946.0
2020-11-17 14:45:00,NSE:GOODYEAR,820.0,820.0,814.5,814.5,151.0
2020-11-17 15:00:00,NSE:GOODYEAR,812.25,820.0,812.25,820.0,238.0
2020-11-17 15:15:00,NSE:GOODYEAR,820.95,820.95,807.05,814.65,1288.0
2020-11-18 09:15:00,NSE:GOODYEAR,820.0,825.0,811.15,825.0,345.0
2020-11-18 09:30:00,NSE:GOODYEAR,819.8,824.0,812.05,818.35,644.0
2020-11-18 09:45:00,NSE:GOODYEAR,818.35,820.4,818.35,819.25,130.0
2020-11-18 10:00:00,NSE:GOODYEAR,819.75,822.15,819.75,820.6,165.0
2020-11-18 10:15:00,NSE:GOODYEAR,819.25,819.25,817.5,817.5,217.0
2020-11-18 10:30:00,NSE:GOODYEAR,817.0,817.5,815.2,817.5,63.0
2020-11-18 10:45:00,NSE:GOODYEAR,816.65,821.35,816.65,821.35,63.0
2020-11-18 11:15:00,NSE:GOODYEAR,819.85,819.85,815.6,815.6,158.0
2020-11-18 11:30:00,NSE:GOODYEAR,815.15,815.95,815.0,815.95,152.0
2020-11-18 11:45:00,NSE:GOODYEAR,816.25,816.25,816.25,816.25,13.0
2020-11-18 12:00:00,NSE:GOODYEAR,814.0,814.0,808.05,809.6,518.0
2020-11-18 12:15:00,NSE:GOODYEAR,810.6,816.0,810.6,816.0,261.0
2020-11-18 12:30:00,NSE:GOODYEAR,816.0,816.0,813.35,814.0,496.0
2020-11-18 12:45:00,NSE:GOODYEAR,814.0,814.0,813.0,814.0,756.0
2020-11-18 13:00:00,NSE:GOODYEAR,814.0,816.9,813.0,816.9,327.0
2020-11-18 13:15:00,NSE:GOODYEAR,816.95,816.95,814.05,815.0,146.0
2020-11-18 13:30:00,NSE:GOODYEAR,819.45,819.45,815.75,815.75,160.0
2020-11-18 13:45:00,NSE:GOODYEAR,815.5,819.9,815.5,819.75,283.0
2020-11-18 14:00:00,NSE:GOODYEAR,820.0,820.0,816.8,817.05,417.0
2020-11-18 14:15:00,NSE:GOODYEAR,816.5,817.25,815.3,817.25,319.0
2020-11-18 14:30:00,NSE:GOODYEAR,815.7,817.4,815.0,817.25,481.0
2020-11-18 14:45:00,NSE:GOODYEAR,817.55,817.55,815.2,817.0,341.0
2020-11-18 15:00:00,NSE:GOODYEAR,817.95,819.45,815.0,815.0,847.0
2020-11-18 15:15:00,NSE:GOODYEAR,817.2,817.2,813.0,813.85,909.0
2020-11-19 09:00:00,NSE:GOODYEAR,839.0,839.0,839.0,839.0,95.0
2020-11-19 09:15:00,NSE:GOODYEAR,833.5,838.0,827.05,831.9,2648.0
2020-11-19 09:30:00,NSE:GOODYEAR,831.9,836.3,825.65,828.05,1157.0
2020-11-19 09:45:00,NSE:GOODYEAR,830.0,832.55,828.95,831.9,259.0
2020-11-19 10:00:00,NSE:GOODYEAR,833.0,836.2,831.9,833.9,785.0
2020-11-19 10:15:00,NSE:GOODYEAR,834.0,834.0,830.0,830.0,518.0
2020-11-19 10:30:00,NSE:GOODYEAR,830.0,838.0,830.0,837.9,843.0
2020-11-19 10:45:00,NSE:GOODYEAR,837.95,838.0,832.85,832.85,457.0
2020-11-19 11:00:00,NSE:GOODYEAR,834.6,834.9,828.6,832.9,885.0
2020-11-19 11:15:00,NSE:GOODYEAR,833.25,833.25,829.25,832.0,222.0
2020-11-19 11:30:00,NSE:GOODYEAR,832.0,833.15,831.6,832.45,119.0
2020-11-19 11:45:00,NSE:GOODYEAR,835.15,835.45,832.9,832.9,397.0
2020-11-19 12:00:00,NSE:GOODYEAR,832.5,834.0,831.0,834.0,62.0
2020-11-19 12:15:00,NSE:GOODYEAR,833.3,833.3,830.65,831.35,788.0
2020-11-19 12:30:00,NSE:GOODYEAR,832.2,832.3,829.7,830.45,449.0
2020-11-19 12:45:00,NSE:GOODYEAR,829.4,830.0,829.2,830.0,155.0
2020-11-19 13:00:00,NSE:GOODYEAR,829.95,830.4,829.95,830.4,271.0
2020-11-19 13:15:00,NSE:GOODYEAR,830.1,830.1,829.35,830.0,567.0
2020-11-19 13:30:00,NSE:GOODYEAR,829.95,829.95,828.25,829.0,587.0
2020-11-19 13:45:00,NSE:GOODYEAR,829.0,829.0,819.95,820.0,1985.0
2020-11-19 14:00:00,NSE:GOODYEAR,820.0,821.3,816.6,816.6,841.0
2020-11-19 14:15:00,NSE:GOODYEAR,817.0,820.65,816.6,818.55,814.0
2020-11-19 14:30:00,NSE:GOODYEAR,817.15,821.95,817.0,820.05,435.0
2020-11-19 14:45:00,NSE:GOODYEAR,820.7,823.15,818.0,820.4,393.0
2020-11-19 15:00:00,NSE:GOODYEAR,817.9,820.75,816.6,819.0,500.0
2020-11-19 15:15:00,NSE:GOODYEAR,820.0,824.2,813.0,815.65,1379.0
2020-11-19 15:45:00,NSE:GOODYEAR,817.6,817.6,817.6,817.6,2.0
2020-11-20 09:00:00,NSE:GOODYEAR,828.7,828.7,828.7,828.7,17.0
2020-11-20 09:15:00,NSE:GOODYEAR,828.7,838.15,825.0,831.55,1419.0
2020-11-20 09:30:00,NSE:GOODYEAR,828.15,829.1,827.05,827.5,69.0
2020-11-20 09:45:00,NSE:GOODYEAR,829.2,833.0,827.4,828.55,1291.0
2020-11-20 10:00:00,NSE:GOODYEAR,829.0,830.25,825.1,825.1,204.0
2020-11-20 10:15:00,NSE:GOODYEAR,826.85,827.9,825.1,825.1,129.0
2020-11-20 10:30:00,NSE:GOODYEAR,827.9,830.1,825.65,830.1,261.0
2020-11-20 10:45:00,NSE:GOODYEAR,830.5,830.5,825.0,825.0,238.0
2020-11-20 11:00:00,NSE:GOODYEAR,825.5,826.15,820.05,820.05,107.0
2020-11-20 11:15:00,NSE:GOODYEAR,821.35,824.7,819.85,824.7,204.0
2020-11-20 11:30:00,NSE:GOODYEAR,820.9,823.95,820.9,822.65,86.0
2020-11-20 11:45:00,NSE:GOODYEAR,822.45,823.95,822.45,823.95,46.0
2020-11-20 12:00:00,NSE:GOODYEAR,823.5,823.5,823.5,823.5,16.0
2020-11-20 12:15:00,NSE:GOODYEAR,822.5,824.75,822.5,824.75,60.0
2020-11-20 12:30:00,NSE:GOODYEAR,825.75,826.7,825.75,826.05,18.0
2020-11-20 13:00:00,NSE:GOODYEAR,826.0,826.45,826.0,826.45,108.0
2020-11-20 13:15:00,NSE:GOODYEAR,826.45,826.45,824.7,824.7,48.0
2020-11-20 13:30:00,NSE:GOODYEAR,825.85,829.45,825.0,825.0,99.0
2020-11-20 13:45:00,NSE:GOODYEAR,828.7,829.0,824.45,824.45,222.0
2020-11-20 14:00:00,NSE:GOODYEAR,825.7,827.7,823.0,823.0,241.0
2020-11-20 14:15:00,NSE:GOODYEAR,826.55,827.7,825.0,827.7,65.0
2020-11-20 14:30:00,NSE:GOODYEAR,824.5,825.0,824.0,825.0,28.0
2020-11-20 14:45:00,NSE:GOODYEAR,826.25,826.25,822.0,822.0,150.0
2020-11-20 15:00:00,NSE:GOODYEAR,823.1,827.95,819.05,822.3,977.0
2020-11-20 15:15:00,NSE:GOODYEAR,821.6,823.0,815.25,822.0,861.0
2020-11-20 15:30:00,NSE:GOODYEAR,819.0,821.05,819.0,821.05,59.0
2020-11-23 09:15:00,NSE:GOODYEAR,826.9,827.8,821.3,823.4,195.0
2020-11-23 09:30:00,NSE:GOODYEAR,823.5,823.5,821.5,821.5,43.0
2020-11-23 09:45:00,NSE:GOODYEAR,821.3,823.0,815.3,817.6,218.0
2020-11-23 10:00:00,NSE:GOODYEAR,817.1,817.5,816.1,816.1,90.0
2020-11-23 10:15:00,NSE:GOODYEAR,814.1,818.35,814.1,818.35,110.0
2020-11-23 10:30:00,NSE:GOODYEAR,818.05,820.1,818.05,820.1,80.0
2020-11-23 10:45:00,NSE:GOODYEAR,820.1,830.2,820.05,827.3,462.0
2020-11-23 11:00:00,NSE:GOODYEAR,826.15,826.15,815.6,817.4,394.0
2020-11-23 11:15:00,NSE:GOODYEAR,817.0,820.0,816.0,816.5,355.0
2020-11-23 11:30:00,NSE:GOODYEAR,816.3,816.75,816.0,816.75,51.0
2020-11-23 11:45:00,NSE:GOODYEAR,816.3,820.35,815.75,816.4,167.0
2020-11-23 12:00:00,NSE:GOODYEAR,818.0,820.9,815.6,815.95,122.0
2020-11-23 12:15:00,NSE:GOODYEAR,817.4,818.3,815.45,815.7,12.0
2020-11-23 12:30:00,NSE:GOODYEAR,819.35,824.7,814.35,815.0,1160.0
2020-11-23 12:45:00,NSE:GOODYEAR,816.0,818.5,816.0,817.35,311.0
2020-11-23 13:00:00,NSE:GOODYEAR,816.05,820.0,816.0,817.0,443.0
2020-11-23 13:15:00,NSE:GOODYEAR,820.6,820.6,817.2,819.1,110.0
2020-11-23 13:30:00,NSE:GOODYEAR,820.0,820.0,817.2,817.2,107.0
2020-11-23 13:45:00,NSE:GOODYEAR,817.95,817.95,817.05,817.05,2.0
2020-11-23 14:00:00,NSE:GOODYEAR,819.05,822.4,817.05,817.05,242.0
2020-11-23 14:15:00,NSE:GOODYEAR,817.0,819.95,817.0,819.95,198.0
2020-11-23 14:30:00,NSE:GOODYEAR,819.95,819.95,816.35,817.0,161.0
2020-11-23 14:45:00,NSE:GOODYEAR,817.4,819.05,816.0,817.0,135.0
2020-11-23 15:00:00,NSE:GOODYEAR,817.75,819.6,816.15,816.3,410.0
2020-11-23 15:15:00,NSE:GOODYEAR,816.8,819.95,816.05,817.0,478.0
2020-11-24 09:00:00,NSE:GOODYEAR,832.95,832.95,832.95,832.95,60.0
2020-11-24 09:15:00,NSE:GOODYEAR,832.95,832.95,818.15,820.0,193.0
2020-11-24 09:30:00,NSE:GOODYEAR,818.25,819.9,806.95,816.15,540.0
2020-11-24 09:45:00,NSE:GOODYEAR,815.1,822.4,815.1,820.0,1940.0
2020-11-24 10:00:00,NSE:GOODYEAR,823.0,823.5,817.0,817.85,740.0
2020-11-24 10:15:00,NSE:GOODYEAR,819.25,819.95,817.85,818.45,183.0
2020-11-24 10:30:00,NSE:GOODYEAR,819.3,820.9,817.75,820.0,312.0
2020-11-24 10:45:00,NSE:GOODYEAR,820.0,820.7,817.9,818.05,66.0
2020-11-24 11:00:00,NSE:GOODYEAR,819.0,819.55,817.0,817.0,52.0
2020-11-24 11:15:00,NSE:GOODYEAR,818.55,819.6,818.55,818.6,52.0
2020-11-24 11:30:00,NSE:GOODYEAR,817.7,819.95,817.2,817.2,103.0
2020-11-24 11:45:00,NSE:GOODYEAR,817.55,817.55,817.55,817.55,1.0
2020-11-24 12:00:00,NSE:GOODYEAR,819.1,820.7,817.0,817.25,244.0
2020-11-24 12:15:00,NSE:GOODYEAR,817.95,819.4,817.0,818.4,193.0
2020-11-24 12:30:00,NSE:GOODYEAR,818.0,819.1,816.35,817.05,212.0
2020-11-24 12:45:00,NSE:GOODYEAR,815.1,818.2,815.1,817.15,135.0
2020-11-24 13:00:00,NSE:GOODYEAR,817.3,817.3,817.3,817.3,3.0
2020-11-24 13:15:00,NSE:GOODYEAR,818.7,818.7,817.3,817.3,128.0
2020-11-24 13:30:00,NSE:GOODYEAR,817.6,817.6,817.35,817.35,31.0
2020-11-24 13:45:00,NSE:GOODYEAR,817.3,820.7,816.75,819.15,321.0
2020-11-24 14:00:00,NSE:GOODYEAR,816.8,820.65,816.8,817.0,749.0
2020-11-24 14:15:00,NSE:GOODYEAR,819.65,819.7,818.05,818.4,192.0
2020-11-24 14:30:00,NSE:GOODYEAR,818.9,820.0,818.4,818.7,86.0
2020-11-24 14:45:00,NSE:GOODYEAR,820.0,820.0,818.15,818.15,450.0
2020-11-24 15:00:00,NSE:GOODYEAR,819.65,819.95,817.2,818.05,229.0
2020-11-24 15:15:00,NSE:GOODYEAR,819.65,820.0,815.25,817.7,498.0
2020-11-24 15:30:00,NSE:GOODYEAR,817.7,817.7,817.7,817.7,5.0
2020-11-25 09:00:00,NSE:GOODYEAR,821.0,821.0,821.0,821.0,70.0
2020-11-25 09:15:00,NSE:GOODYEAR,821.0,829.95,812.2,816.0,563.0
2020-11-25 09:30:00,NSE:GOODYEAR,816.5,820.8,816.5,816.7,833.0
2020-11-25 09:45:00,NSE:GOODYEAR,818.7,819.0,816.9,817.05,102.0
2020-11-25 10:00:00,NSE:GOODYEAR,818.15,819.95,817.0,817.0,164.0
2020-11-25 10:15:00,NSE:GOODYEAR,818.95,818.95,817.0,817.1,44.0
2020-11-25 10:30:00,NSE:GOODYEAR,819.45,819.45,816.85,817.15,138.0
2020-11-25 10:45:00,NSE:GOODYEAR,818.35,818.35,815.0,815.15,787.0
2020-11-25 11:00:00,NSE:GOODYEAR,815.1,815.6,814.7,815.0,210.0
2020-11-25 11:15:00,NSE:GOODYEAR,815.0,815.0,814.7,815.0,57.0
2020-11-25 11:30:00,NSE:GOODYEAR,814.7,814.7,814.7,814.7,4.0
2020-11-25 11:45:00,NSE:GOODYEAR,814.75,814.95,814.7,814.75,13.0
2020-11-25 12:00:00,NSE:GOODYEAR,814.75,814.75,814.75,814.75,26.0
2020-11-25 12:15:00,NSE:GOODYEAR,814.95,817.0,814.95,815.35,250.0
2020-11-25 12:30:00,NSE:GOODYEAR,815.45,817.0,815.45,816.8,15.0
2020-11-25 12:45:00,NSE:GOODYEAR,815.25,817.05,815.25,815.4,6.0
2020-11-25 13:00:00,NSE:GOODYEAR,816.95,817.4,816.25,816.25,59.0
2020-11-25 13:15:00,NSE:GOODYEAR,815.7,815.7,815.7,815.7,59.0
2020-11-25 13:30:00,NSE:GOODYEAR,816.9,816.9,813.6,813.6,250.0
2020-11-25 13:45:00,NSE:GOODYEAR,813.0,813.6,811.25,811.25,260.0
2020-11-25 14:00:00,NSE:GOODYEAR,810.55,813.1,806.3,811.1,616.0
2020-11-25 14:15:00,NSE:GOODYEAR,811.65,813.2,810.9,813.2,1792.0
2020-11-25 14:30:00,NSE:GOODYEAR,813.6,813.95,810.05,813.95,6964.0
2020-11-25 14:45:00,NSE:GOODYEAR,813.05,817.1,811.6,813.5,3595.0
2020-11-25 15:00:00,NSE:GOODYEAR,811.65,815.4,810.3,813.2,148.0
2020-11-25 15:15:00,NSE:GOODYEAR,813.2,815.0,813.2,813.2,1058.0
2020-11-26 09:15:00,NSE:GOODYEAR,815.5,819.7,806.55,810.05,298.0
2020-11-26 09:30:00,NSE:GOODYEAR,812.9,813.6,807.1,807.1,61.0
2020-11-26 09:45:00,NSE:GOODYEAR,810.8,812.35,807.45,810.0,39.0
2020-11-26 10:00:00,NSE:GOODYEAR,810.0,810.0,808.0,808.95,166.0
2020-11-26 10:15:00,NSE:GOODYEAR,809.0,811.15,808.75,810.0,116.0
2020-11-26 10:30:00,NSE:GOODYEAR,811.05,811.05,810.0,810.0,3.0
2020-11-26 10:45:00,NSE:GOODYEAR,811.95,812.95,809.0,809.0,313.0
2020-11-26 11:00:00,NSE:GOODYEAR,809.5,815.0,809.5,813.05,257.0
2020-11-26 11:15:00,NSE:GOODYEAR,815.55,815.55,812.8,812.8,86.0
2020-11-26 11:30:00,NSE:GOODYEAR,815.25,819.9,814.0,816.3,322.0
2020-11-26 11:45:00,NSE:GOODYEAR,816.25,824.5,812.75,815.0,16351.0
2020-11-26 12:00:00,NSE:GOODYEAR,814.0,814.0,813.2,813.2,661.0
2020-11-26 12:15:00,NSE:GOODYEAR,813.2,814.0,813.2,814.0,46.0
2020-11-26 12:30:00,NSE:GOODYEAR,814.0,814.0,809.0,809.05,16441.0
2020-11-26 12:45:00,NSE:GOODYEAR,813.95,813.95,810.7,811.0,54.0
2020-11-26 13:00:00,NSE:GOODYEAR,813.45,813.95,811.4,812.05,50.0
2020-11-26 13:15:00,NSE:GOODYEAR,812.8,814.0,812.05,812.15,63.0
2020-11-26 13:30:00,NSE:GOODYEAR,812.85,813.0,811.05,811.05,15072.0
2020-11-26 13:45:00,NSE:GOODYEAR,812.45,812.45,808.0,808.7,224.0
2020-11-26 14:00:00,NSE:GOODYEAR,809.95,809.95,807.35,808.05,747.0
2020-11-26 14:15:00,NSE:GOODYEAR,808.2,810.0,806.2,807.65,1399.0
2020-11-26 14:30:00,NSE:GOODYEAR,807.55,810.0,806.65,809.2,249.0
2020-11-26 14:45:00,NSE:GOODYEAR,809.05,820.0,808.5,812.95,19439.0
2020-11-26 15:00:00,NSE:GOODYEAR,811.6,816.45,808.5,810.95,17277.0
2020-11-26 15:15:00,NSE:GOODYEAR,810.95,814.0,807.5,809.95,5839.0
2020-11-26 15:45:00,NSE:GOODYEAR,810.65,810.65,810.65,810.65,5.0
2020-11-27 09:15:00,NSE:GOODYEAR,818.85,820.0,817.05,819.0,523.0
2020-11-27 09:30:00,NSE:GOODYEAR,819.6,825.0,819.0,825.0,1337.0
2020-11-27 09:45:00,NSE:GOODYEAR,827.95,828.05,823.0,824.2,659.0
2020-11-27 10:00:00,NSE:GOODYEAR,827.6,827.6,825.0,826.15,233.0
2020-11-27 10:15:00,NSE:GOODYEAR,825.0,825.25,824.0,825.0,244.0
2020-11-27 10:30:00,NSE:GOODYEAR,824.35,827.0,824.0,826.95,471.0
2020-11-27 10:45:00,NSE:GOODYEAR,826.8,826.95,825.2,825.2,197.0
2020-11-27 11:00:00,NSE:GOODYEAR,826.6,828.8,826.6,827.3,552.0
2020-11-27 11:15:00,NSE:GOODYEAR,824.65,824.9,824.0,824.0,82.0
2020-11-27 11:30:00,NSE:GOODYEAR,824.0,824.05,824.0,824.05,38.0
2020-11-27 11:45:00,NSE:GOODYEAR,824.9,825.0,824.0,825.0,122.0
2020-11-27 12:00:00,NSE:GOODYEAR,825.0,825.0,822.0,824.95,465.0
2020-11-27 12:15:00,NSE:GOODYEAR,824.75,824.75,820.0,824.6,458.0
2020-11-27 12:30:00,NSE:GOODYEAR,824.65,824.65,821.0,821.9,148.0
2020-11-27 12:45:00,NSE:GOODYEAR,821.05,822.65,820.3,822.4,46.0
2020-11-27 13:00:00,NSE:GOODYEAR,823.95,823.95,820.0,822.05,118.0
2020-11-27 13:15:00,NSE:GOODYEAR,821.55,822.6,821.55,822.6,30.0
2020-11-27 13:30:00,NSE:GOODYEAR,822.6,823.05,820.8,821.05,85.0
2020-11-27 13:45:00,NSE:GOODYEAR,821.05,822.8,821.05,822.8,50.0
2020-11-27 14:15:00,NSE:GOODYEAR,822.8,823.0,820.75,823.0,17.0
2020-11-27 14:30:00,NSE:GOODYEAR,822.1,823.0,822.1,823.0,50.0
2020-11-27 14:45:00,NSE:GOODYEAR,822.25,823.0,822.15,823.0,169.0
2020-11-27 15:00:00,NSE:GOODYEAR,822.05,823.0,821.25,821.25,116.0
2020-11-27 15:15:00,NSE:GOODYEAR,821.25,823.0,820.0,820.0,1202.0
2020-11-27 15:30:00,NSE:GOODYEAR,821.2,821.2,821.2,821.2,50.0
2020-12-01 09:00:00,NSE:GOODYEAR,829.9,829.9,829.9,829.9,10.0
2020-12-01 09:15:00,NSE:GOODYEAR,828.95,844.8,822.1,839.05,1889.0
2020-12-01 09:30:00,NSE:GOODYEAR,844.75,848.0,839.0,840.0,1055.0
2020-12-01 09:45:00,NSE:GOODYEAR,840.0,846.0,839.0,843.95,1179.0
2020-12-01 10:00:00,NSE:GOODYEAR,846.65,847.4,845.0,845.0,750.0
2020-12-01 10:15:00,NSE:GOODYEAR,847.95,847.95,843.95,843.95,410.0
2020-12-01 10:30:00,NSE:GOODYEAR,844.0,850.0,844.0,847.15,933.0
2020-12-01 10:45:00,NSE:GOODYEAR,849.45,849.95,842.0,849.5,1495.0
2020-12-01 11:00:00,NSE:GOODYEAR,850.0,850.0,847.35,847.35,410.0
2020-12-01 11:15:00,NSE:GOODYEAR,847.35,850.0,842.1,843.25,683.0
2020-12-01 11:30:00,NSE:GOODYEAR,842.05,845.95,842.0,842.0,247.0
2020-12-01 11:45:00,NSE:GOODYEAR,842.0,842.1,842.0,842.1,37.0
2020-12-01 12:00:00,NSE:GOODYEAR,842.4,842.4,842.0,842.0,67.0
2020-12-01 12:15:00,NSE:GOODYEAR,844.95,844.95,840.7,840.7,140.0
2020-12-01 12:30:00,NSE:GOODYEAR,840.7,848.5,840.7,848.5,478.0
2020-12-01 12:45:00,NSE:GOODYEAR,848.0,849.3,847.1,849.0,218.0
2020-12-01 13:00:00,NSE:GOODYEAR,846.25,846.25,841.0,841.1,385.0
2020-12-01 13:15:00,NSE:GOODYEAR,844.8,845.0,839.0,839.0,538.0
2020-12-01 13:30:00,NSE:GOODYEAR,839.05,840.3,839.05,840.0,138.0
2020-12-01 13:45:00,NSE:GOODYEAR,839.1,840.95,839.1,840.0,774.0
2020-12-01 14:00:00,NSE:GOODYEAR,840.95,840.95,839.0,840.0,1386.0
2020-12-01 14:15:00,NSE:GOODYEAR,840.0,840.25,839.0,839.0,473.0
2020-12-01 14:30:00,NSE:GOODYEAR,839.95,840.85,839.0,839.05,134.0
2020-12-01 14:45:00,NSE:GOODYEAR,840.0,842.1,837.9,838.75,784.0
2020-12-01 15:00:00,NSE:GOODYEAR,839.65,840.0,837.9,837.9,1827.0
2020-12-01 15:15:00,NSE:GOODYEAR,836.05,840.0,832.1,833.0,670.0
2020-12-02 09:15:00,NSE:GOODYEAR,833.05,840.8,831.95,838.65,405.0
2020-12-02 09:30:00,NSE:GOODYEAR,839.0,839.0,837.5,837.5,271.0
2020-12-02 09:45:00,NSE:GOODYEAR,838.85,840.95,838.85,840.9,64.0
2020-12-02 10:00:00,NSE:GOODYEAR,839.9,840.95,839.0,839.05,100.0
2020-12-02 10:15:00,NSE:GOODYEAR,840.95,840.95,835.8,837.15,595.0
2020-12-02 10:30:00,NSE:GOODYEAR,839.15,839.15,836.9,836.9,52.0
2020-12-02 10:45:00,NSE:GOODYEAR,836.5,836.9,834.0,834.95,244.0
2020-12-02 11:00:00,NSE:GOODYEAR,835.95,835.95,833.6,833.6,18.0
2020-12-02 11:15:00,NSE:GOODYEAR,837.45,837.9,836.9,836.9,45.0
2020-12-02 11:30:00,NSE:GOODYEAR,835.6,836.45,835.6,836.45,114.0
2020-12-02 11:45:00,NSE:GOODYEAR,834.2,836.0,834.2,836.0,134.0
2020-12-02 12:00:00,NSE:GOODYEAR,836.0,836.0,835.2,836.0,54.0
2020-12-02 12:15:00,NSE:GOODYEAR,834.4,834.4,832.05,832.05,57.0
2020-12-02 12:30:00,NSE:GOODYEAR,836.0,836.0,836.0,836.0,11.0
2020-12-02 12:45:00,NSE:GOODYEAR,836.0,836.9,836.0,836.85,26.0
2020-12-02 13:00:00,NSE:GOODYEAR,837.0,838.1,836.0,836.0,356.0
2020-12-02 13:15:00,NSE:GOODYEAR,836.0,836.5,836.0,836.5,135.0
2020-12-02 13:30:00,NSE:GOODYEAR,834.0,835.0,830.0,831.0,711.0
2020-12-02 13:45:00,NSE:GOODYEAR,834.1,834.1,834.1,834.1,3.0
2020-12-02 14:00:00,NSE:GOODYEAR,831.3,833.85,829.0,830.0,141.0
2020-12-02 14:15:00,NSE:GOODYEAR,830.0,831.0,830.0,831.0,417.0
2020-12-02 14:30:00,NSE:GOODYEAR,835.0,835.5,833.55,833.55,150.0
2020-12-02 14:45:00,NSE:GOODYEAR,833.5,835.0,833.5,835.0,163.0
2020-12-02 15:00:00,NSE:GOODYEAR,833.55,835.0,833.55,835.0,131.0
2020-12-02 15:15:00,NSE:GOODYEAR,834.35,837.5,832.0,832.0,478.0
2020-12-02 15:45:00,NSE:GOODYEAR,834.0,834.0,834.0,834.0,3.0
2020-12-03 09:00:00,NSE:GOODYEAR,840.0,840.0,840.0,840.0,13.0
2020-12-03 09:15:00,NSE:GOODYEAR,840.0,865.25,840.0,857.9,2835.0
2020-12-03 09:30:00,NSE:GOODYEAR,855.75,857.95,847.95,848.0,1074.0
2020-12-03 09:45:00,NSE:GOODYEAR,846.25,848.0,844.6,844.95,1465.0
2020-12-03 10:00:00,NSE:GOODYEAR,845.0,850.0,839.6,840.0,4743.0
2020-12-03 10:15:00,NSE:GOODYEAR,845.6,849.0,843.75,847.3,484.0
2020-12-03 10:30:00,NSE:GOODYEAR,846.0,849.0,844.4,846.05,1283.0
2020-12-03 10:45:00,NSE:GOODYEAR,845.3,847.55,844.0,844.0,1150.0
2020-12-03 11:00:00,NSE:GOODYEAR,847.65,849.15,843.15,844.0,1674.0
2020-12-03 11:15:00,NSE:GOODYEAR,844.0,847.8,843.15,847.8,1834.0
2020-12-03 11:30:00,NSE:GOODYEAR,849.0,855.0,849.0,850.0,3172.0
2020-12-03 11:45:00,NSE:GOODYEAR,850.0,850.4,849.8,850.0,129.0
2020-12-03 12:00:00,NSE:GOODYEAR,850.0,850.0,848.3,849.0,41.0
2020-12-03 12:15:00,NSE:GOODYEAR,849.0,849.0,844.6,844.95,605.0
2020-12-03 12:30:00,NSE:GOODYEAR,845.0,850.05,844.3,848.5,3436.0
2020-12-03 12:45:00,NSE:GOODYEAR,848.5,854.0,844.2,849.05,8510.0
2020-12-03 13:00:00,NSE:GOODYEAR,851.95,852.0,849.25,852.0,267.0
2020-12-03 13:15:00,NSE:GOODYEAR,852.0,852.0,852.0,852.0,393.0
2020-12-03 13:30:00,NSE:GOODYEAR,852.3,854.2,850.0,850.0,1570.0
2020-12-03 13:45:00,NSE:GOODYEAR,850.0,852.05,849.95,849.95,7258.0
2020-12-03 14:00:00,NSE:GOODYEAR,850.0,850.0,848.25,850.0,305.0
2020-12-03 14:15:00,NSE:GOODYEAR,850.0,850.25,850.0,850.0,2192.0
2020-12-03 14:30:00,NSE:GOODYEAR,848.2,850.0,848.2,849.0,790.0
2020-12-03 14:45:00,NSE:GOODYEAR,848.65,848.65,848.0,848.0,78.0
2020-12-03 15:00:00,NSE:GOODYEAR,848.0,848.0,844.6,845.0,3380.0
2020-12-03 15:15:00,NSE:GOODYEAR,845.0,845.0,841.1,842.05,2480.0
2020-12-03 15:30:00,NSE:GOODYEAR,845.0,845.0,845.0,845.0,5.0
2020-12-04 09:00:00,NSE:GOODYEAR,854.9,854.9,854.9,854.9,3.0
2020-12-04 09:15:00,NSE:GOODYEAR,854.9,868.0,853.05,856.05,4867.0
2020-12-04 09:30:00,NSE:GOODYEAR,860.25,861.9,860.0,860.3,1178.0
2020-12-04 09:45:00,NSE:GOODYEAR,864.3,867.0,860.45,865.0,1964.0
2020-12-04 10:00:00,NSE:GOODYEAR,862.6,867.0,861.7,866.0,1040.0
2020-12-04 10:15:00,NSE:GOODYEAR,866.6,869.0,866.0,866.65,984.0
2020-12-04 10:30:00,NSE:GOODYEAR,868.0,886.0,868.0,881.75,4909.0
2020-12-04 10:45:00,NSE:GOODYEAR,882.25,885.0,876.55,882.0,2265.0
2020-12-04 11:00:00,NSE:GOODYEAR,881.0,881.0,877.2,877.2,503.0
2020-12-04 11:15:00,NSE:GOODYEAR,877.2,882.75,877.2,882.75,602.0
2020-12-04 11:30:00,NSE:GOODYEAR,882.0,882.0,877.2,879.6,1170.0
2020-12-04 11:45:00,NSE:GOODYEAR,880.0,880.0,872.0,872.0,1731.0
2020-12-04 12:00:00,NSE:GOODYEAR,870.55,871.0,865.0,871.0,1361.0
2020-12-04 12:15:00,NSE:GOODYEAR,870.45,880.0,865.0,880.0,4482.0
2020-12-04 12:30:00,NSE:GOODYEAR,875.1,875.1,864.0,868.6,1174.0
2020-12-04 12:45:00,NSE:GOODYEAR,863.7,868.9,859.0,859.0,1054.0
2020-12-04 13:00:00,NSE:GOODYEAR,860.25,863.3,860.0,860.0,853.0
2020-12-04 13:15:00,NSE:GOODYEAR,860.0,868.0,860.0,867.3,968.0
2020-12-04 13:30:00,NSE:GOODYEAR,864.65,867.85,860.5,860.5,988.0
2020-12-04 13:45:00,NSE:GOODYEAR,860.5,865.0,860.5,860.5,992.0
2020-12-04 14:00:00,NSE:GOODYEAR,860.5,865.05,860.0,860.0,938.0
2020-12-04 14:15:00,NSE:GOODYEAR,860.0,860.15,854.2,856.0,472.0
2020-12-04 14:30:00,NSE:GOODYEAR,859.95,865.0,855.0,860.3,2238.0
2020-12-04 14:45:00,NSE:GOODYEAR,860.3,871.4,860.3,868.0,1959.0
2020-12-04 15:00:00,NSE:GOODYEAR,868.0,880.0,868.0,874.8,3413.0
2020-12-04 15:15:00,NSE:GOODYEAR,880.0,887.95,870.85,887.95,4836.0
2020-12-04 15:30:00,NSE:GOODYEAR,876.0,876.0,876.0,876.0,48.0
2020-12-07 09:00:00,NSE:GOODYEAR,889.0,889.0,889.0,889.0,42.0
2020-12-07 09:15:00,NSE:GOODYEAR,888.0,897.5,880.2,896.25,1582.0
2020-12-07 09:30:00,NSE:GOODYEAR,896.0,898.4,892.0,898.0,1863.0
2020-12-07 09:45:00,NSE:GOODYEAR,898.0,902.05,896.25,900.1,1092.0
2020-12-07 10:00:00,NSE:GOODYEAR,901.4,901.65,895.0,898.7,1288.0
2020-12-07 10:15:00,NSE:GOODYEAR,899.25,899.25,895.65,898.4,88.0
2020-12-07 10:30:00,NSE:GOODYEAR,898.0,899.0,883.0,886.05,1591.0
2020-12-07 10:45:00,NSE:GOODYEAR,885.25,888.3,881.4,888.3,437.0
2020-12-07 11:00:00,NSE:GOODYEAR,888.7,888.7,885.9,885.95,55.0
2020-12-07 11:15:00,NSE:GOODYEAR,886.7,888.4,886.7,887.0,260.0
2020-12-07 11:30:00,NSE:GOODYEAR,887.0,888.25,886.15,886.65,117.0
2020-12-07 11:45:00,NSE:GOODYEAR,887.55,890.85,886.15,890.85,2097.0
2020-12-07 12:00:00,NSE:GOODYEAR,889.05,896.85,888.0,896.85,331.0
2020-12-07 12:15:00,NSE:GOODYEAR,896.0,900.0,893.6,900.0,590.0
2020-12-07 12:30:00,NSE:GOODYEAR,900.2,901.55,896.5,900.4,770.0
2020-12-07 12:45:00,NSE:GOODYEAR,902.0,906.0,900.5,904.6,834.0
2020-12-07 13:00:00,NSE:GOODYEAR,903.5,920.0,903.0,915.0,4845.0
2020-12-07 13:15:00,NSE:GOODYEAR,915.0,1040.0,915.0,1005.0,99477.0
2020-12-07 13:30:00,NSE:GOODYEAR,1005.0,1015.0,995.15,1010.95,44992.0
2020-12-07 13:45:00,NSE:GOODYEAR,1010.1,1020.0,999.1,1005.05,16976.0
2020-12-07 14:00:00,NSE:GOODYEAR,1005.05,1008.95,995.65,998.15,12995.0
2020-12-07 14:15:00,NSE:GOODYEAR,998.2,1005.1,997.15,999.0,10885.0
2020-12-07 14:30:00,NSE:GOODYEAR,999.0,1000.0,991.0,997.05,11276.0
2020-12-07 14:45:00,NSE:GOODYEAR,996.2,998.9,993.0,994.0,5319.0
2020-12-07 15:00:00,NSE:GOODYEAR,994.35,999.0,990.0,997.15,9663.0
2020-12-07 15:15:00,NSE:GOODYEAR,998.5,1000.0,996.7,1000.0,16869.0
2020-12-07 15:30:00,NSE:GOODYEAR,997.65,1000.0,997.65,997.65,192.0
2020-12-07 15:45:00,NSE:GOODYEAR,997.65,997.65,997.65,997.65,20.0
2020-12-08 09:00:00,NSE:GOODYEAR,1110.0,1110.0,1110.0,1110.0,5382.0
2020-12-08 09:15:00,NSE:GOODYEAR,1095.0,1134.8,1050.0,1122.0,96649.0
2020-12-08 09:30:00,NSE:GOODYEAR,1125.0,1145.0,1115.05,1140.9,35948.0
2020-12-08 09:45:00,NSE:GOODYEAR,1140.15,1178.8,1140.0,1164.45,51219.0
2020-12-08 10:00:00,NSE:GOODYEAR,1165.85,1166.95,1128.45,1135.15,24842.0
2020-12-08 10:15:00,NSE:GOODYEAR,1135.45,1145.85,1127.2,1134.15,16956.0
2020-12-08 10:30:00,NSE:GOODYEAR,1133.1,1135.0,1130.0,1131.55,5668.0
2020-12-08 10:45:00,NSE:GOODYEAR,1131.55,1133.7,1120.55,1126.05,12145.0
2020-12-08 11:00:00,NSE:GOODYEAR,1126.0,1130.0,1121.05,1129.0,7621.0
2020-12-08 11:15:00,NSE:GOODYEAR,1130.15,1140.0,1111.0,1114.95,22154.0
2020-12-08 11:30:00,NSE:GOODYEAR,1114.0,1116.0,1099.95,1112.25,15043.0
2020-12-08 11:45:00,NSE:GOODYEAR,1114.0,1119.0,1113.95,1118.2,4357.0
2020-12-08 12:00:00,NSE:GOODYEAR,1117.9,1129.0,1117.05,1125.35,5085.0
2020-12-08 12:15:00,NSE:GOODYEAR,1126.65,1126.95,1121.0,1125.0,5363.0
2020-12-08 12:30:00,NSE:GOODYEAR,1125.0,1130.0,1121.9,1128.0,4416.0
2020-12-08 12:45:00,NSE:GOODYEAR,1129.65,1140.0,1128.05,1132.05,7537.0
2020-12-08 13:00:00,NSE:GOODYEAR,1131.55,1140.0,1131.0,1139.9,9866.0
2020-12-08 13:15:00,NSE:GOODYEAR,1138.9,1145.0,1136.45,1143.65,8735.0
2020-12-08 13:30:00,NSE:GOODYEAR,1143.95,1144.85,1136.0,1136.0,5815.0
2020-12-08 13:45:00,NSE:GOODYEAR,1136.0,1139.95,1131.0,1135.0,5342.0
2020-12-08 14:00:00,NSE:GOODYEAR,1137.0,1139.1,1130.0,1130.0,5876.0
2020-12-08 14:15:00,NSE:GOODYEAR,1130.05,1134.0,1111.0,1125.45,18333.0
2020-12-08 14:30:00,NSE:GOODYEAR,1125.45,1135.15,1122.1,1130.4,4724.0
2020-12-08 14:45:00,NSE:GOODYEAR,1131.45,1137.0,1129.0,1132.05,6778.0
2020-12-08 15:00:00,NSE:GOODYEAR,1132.05,1145.0,1130.0,1143.0,14641.0
2020-12-08 15:15:00,NSE:GOODYEAR,1143.8,1168.35,1140.2,1157.0,34489.0
2020-12-08 15:30:00,NSE:GOODYEAR,1148.6,1157.0,1148.6,1148.6,120.0
2020-12-08 15:45:00,NSE:GOODYEAR,1148.6,1148.6,1148.6,1148.6,94.0
2020-12-09 09:00:00,NSE:GOODYEAR,1208.0,1208.0,1208.0,1208.0,2464.0
2020-12-09 09:15:00,NSE:GOODYEAR,1199.7,1200.0,1160.0,1178.05,53200.0
2020-12-09 09:30:00,NSE:GOODYEAR,1179.0,1180.0,1160.2,1178.8,19779.0
2020-12-09 09:45:00,NSE:GOODYEAR,1179.0,1179.0,1170.0,1175.15,11020.0
2020-12-09 10:00:00,NSE:GOODYEAR,1177.25,1177.25,1168.0,1170.1,9153.0
2020-12-09 10:15:00,NSE:GOODYEAR,1170.15,1172.0,1165.0,1170.0,10865.0
2020-12-09 10:30:00,NSE:GOODYEAR,1170.0,1171.95,1168.0,1171.95,2839.0
2020-12-09 10:45:00,NSE:GOODYEAR,1173.15,1174.0,1168.0,1169.45,3522.0
2020-12-09 11:00:00,NSE:GOODYEAR,1169.55,1171.0,1168.7,1170.05,3706.0
2020-12-09 11:15:00,NSE:GOODYEAR,1170.1,1170.6,1169.1,1170.15,1968.0
2020-12-09 11:30:00,NSE:GOODYEAR,1170.4,1170.6,1170.0,1170.4,1570.0
2020-12-09 11:45:00,NSE:GOODYEAR,1170.0,1170.6,1165.0,1168.0,4695.0
2020-12-09 12:00:00,NSE:GOODYEAR,1168.0,1170.0,1168.0,1168.45,1948.0
2020-12-09 12:15:00,NSE:GOODYEAR,1168.2,1169.9,1167.55,1167.55,2346.0
2020-12-09 12:30:00,NSE:GOODYEAR,1167.9,1168.0,1166.0,1166.05,2404.0
2020-12-09 12:45:00,NSE:GOODYEAR,1167.55,1168.0,1162.0,1166.05,6427.0
2020-12-09 13:00:00,NSE:GOODYEAR,1167.75,1167.75,1163.55,1164.5,2932.0
2020-12-09 13:15:00,NSE:GOODYEAR,1164.45,1167.5,1164.3,1166.25,1629.0
2020-12-09 13:30:00,NSE:GOODYEAR,1166.95,1167.4,1165.0,1165.75,2683.0
2020-12-09 13:45:00,NSE:GOODYEAR,1166.45,1166.5,1165.0,1165.9,2811.0
2020-12-09 14:00:00,NSE:GOODYEAR,1166.0,1166.5,1164.15,1164.55,1448.0
2020-12-09 14:15:00,NSE:GOODYEAR,1164.6,1164.85,1158.0,1161.95,6380.0
2020-12-09 14:30:00,NSE:GOODYEAR,1161.9,1167.9,1158.3,1167.9,4432.0
2020-12-09 14:45:00,NSE:GOODYEAR,1167.5,1168.0,1162.15,1165.3,2519.0
2020-12-09 15:00:00,NSE:GOODYEAR,1164.6,1165.95,1162.5,1163.1,4014.0
2020-12-09 15:15:00,NSE:GOODYEAR,1163.1,1166.9,1162.0,1165.0,11910.0
2020-12-09 15:30:00,NSE:GOODYEAR,1164.0,1165.0,1164.0,1164.0,51.0
2020-12-09 15:45:00,NSE:GOODYEAR,1164.0,1164.0,1164.0,1164.0,2.0
2020-12-10 09:00:00,NSE:GOODYEAR,1190.0,1190.0,1190.0,1190.0,150.0
2020-12-10 09:15:00,NSE:GOODYEAR,1170.5,1189.45,1125.0,1165.0,4637.0
2020-12-10 09:30:00,NSE:GOODYEAR,1165.0,1170.0,1160.0,1164.95,4978.0
2020-12-10 09:45:00,NSE:GOODYEAR,1164.0,1166.05,1155.0,1156.05,4106.0
2020-12-10 10:00:00,NSE:GOODYEAR,1156.0,1164.0,1153.05,1160.0,3214.0
2020-12-10 10:15:00,NSE:GOODYEAR,1156.0,1170.0,1155.05,1164.0,3552.0
2020-12-10 10:30:00,NSE:GOODYEAR,1163.0,1173.0,1160.25,1169.95,3754.0
2020-12-10 10:45:00,NSE:GOODYEAR,1171.95,1171.95,1165.0,1165.3,3479.0
2020-12-10 11:00:00,NSE:GOODYEAR,1165.3,1170.0,1155.0,1167.15,3257.0
2020-12-10 11:15:00,NSE:GOODYEAR,1170.0,1170.0,1162.1,1168.35,2564.0
2020-12-10 11:30:00,NSE:GOODYEAR,1166.3,1169.9,1161.0,1168.3,2982.0
2020-12-10 11:45:00,NSE:GOODYEAR,1168.3,1170.0,1162.3,1168.15,3113.0
2020-12-10 12:00:00,NSE:GOODYEAR,1168.15,1169.95,1165.3,1165.3,2476.0
2020-12-10 12:15:00,NSE:GOODYEAR,1165.3,1168.0,1165.0,1166.0,2338.0
2020-12-10 12:30:00,NSE:GOODYEAR,1165.05,1168.0,1165.0,1167.95,2687.0
2020-12-10 12:45:00,NSE:GOODYEAR,1168.0,1168.0,1165.55,1167.0,3119.0
2020-12-10 13:00:00,NSE:GOODYEAR,1167.0,1169.75,1166.0,1169.25,2668.0
2020-12-10 13:15:00,NSE:GOODYEAR,1168.0,1170.0,1166.55,1166.55,2950.0
2020-12-10 13:30:00,NSE:GOODYEAR,1166.55,1168.0,1165.05,1166.0,2813.0
2020-12-10 13:45:00,NSE:GOODYEAR,1167.45,1170.0,1166.0,1170.0,3109.0
2020-12-10 14:00:00,NSE:GOODYEAR,1170.0,1170.0,1166.1,1167.0,2888.0
2020-12-10 14:15:00,NSE:GOODYEAR,1167.0,1169.0,1166.0,1168.85,2801.0
2020-12-10 14:30:00,NSE:GOODYEAR,1166.2,1169.75,1166.2,1169.0,3133.0
2020-12-10 14:45:00,NSE:GOODYEAR,1168.05,1169.75,1168.0,1169.45,3114.0
2020-12-10 15:00:00,NSE:GOODYEAR,1168.0,1169.0,1163.0,1165.0,3307.0
2020-12-10 15:15:00,NSE:GOODYEAR,1165.0,1165.0,1164.1,1165.0,5321.0
2020-12-10 15:30:00,NSE:GOODYEAR,1167.3,1167.3,1165.55,1165.55,306.0
2020-12-11 09:00:00,NSE:GOODYEAR,1170.0,1170.0,1170.0,1170.0,400.0
2020-12-11 09:15:00,NSE:GOODYEAR,1169.75,1175.0,1155.7,1163.0,9026.0
2020-12-11 09:30:00,NSE:GOODYEAR,1163.0,1169.85,1157.3,1165.0,7123.0
2020-12-11 09:45:00,NSE:GOODYEAR,1165.0,1168.0,1163.0,1166.1,2682.0
2020-12-11 10:00:00,NSE:GOODYEAR,1166.05,1168.0,1165.0,1165.85,1575.0
2020-12-11 10:15:00,NSE:GOODYEAR,1166.15,1168.0,1155.0,1162.0,14331.0
2020-12-11 10:30:00,NSE:GOODYEAR,1162.0,1164.0,1150.0,1155.95,4559.0
2020-12-11 10:45:00,NSE:GOODYEAR,1153.95,1162.3,1150.15,1155.85,1637.0
2020-12-11 11:00:00,NSE:GOODYEAR,1159.5,1159.95,1152.05,1158.0,2280.0
2020-12-11 11:15:00,NSE:GOODYEAR,1160.0,1160.0,1154.0,1157.0,1547.0
2020-12-11 11:30:00,NSE:GOODYEAR,1155.75,1160.0,1152.0,1157.3,1965.0
2020-12-11 11:45:00,NSE:GOODYEAR,1157.3,1159.95,1155.8,1159.0,522.0
2020-12-11 12:00:00,NSE:GOODYEAR,1159.65,1162.0,1157.25,1160.0,1493.0
2020-12-11 12:15:00,NSE:GOODYEAR,1160.0,1168.9,1158.2,1166.15,4150.0
2020-12-11 12:30:00,NSE:GOODYEAR,1166.15,1168.5,1158.0,1159.05,3166.0
2020-12-11 12:45:00,NSE:GOODYEAR,1159.1,1162.95,1159.05,1161.95,1456.0
2020-12-11 13:00:00,NSE:GOODYEAR,1160.25,1162.95,1159.1,1159.1,1000.0
2020-12-11 13:15:00,NSE:GOODYEAR,1159.1,1162.0,1158.05,1158.25,1553.0
2020-12-11 13:30:00,NSE:GOODYEAR,1158.25,1159.8,1158.25,1159.5,1073.0
2020-12-11 13:45:00,NSE:GOODYEAR,1158.3,1162.0,1158.3,1161.9,1088.0
2020-12-11 14:00:00,NSE:GOODYEAR,1160.05,1162.0,1159.0,1160.3,2286.0
2020-12-11 14:15:00,NSE:GOODYEAR,1160.3,1167.6,1158.0,1163.25,3155.0
2020-12-11 14:30:00,NSE:GOODYEAR,1158.85,1164.6,1158.5,1158.5,3052.0
2020-12-11 14:45:00,NSE:GOODYEAR,1158.5,1161.85,1158.5,1160.0,5246.0
2020-12-11 15:00:00,NSE:GOODYEAR,1160.0,1164.0,1158.5,1159.2,10228.0
2020-12-11 15:15:00,NSE:GOODYEAR,1159.2,1165.0,1158.0,1162.0,13500.0
2020-12-11 15:30:00,NSE:GOODYEAR,1161.2,1161.2,1161.0,1161.0,710.0
2020-12-11 15:45:00,NSE:GOODYEAR,1161.0,1161.0,1160.0,1160.0,11523.0
2020-12-14 09:00:00,NSE:GOODYEAR,1066.0,1066.0,1066.0,1066.0,1274.0
2020-12-14 09:15:00,NSE:GOODYEAR,1099.0,1099.0,1061.0,1070.0,9111.0
2020-12-14 09:30:00,NSE:GOODYEAR,1072.0,1078.0,1068.0,1075.0,3876.0
2020-12-14 09:45:00,NSE:GOODYEAR,1075.0,1076.0,1066.0,1066.2,4085.0
2020-12-14 10:00:00,NSE:GOODYEAR,1066.25,1071.0,1065.0,1070.0,1970.0
2020-12-14 10:15:00,NSE:GOODYEAR,1067.3,1069.9,1065.0,1066.0,1414.0
2020-12-14 10:30:00,NSE:GOODYEAR,1066.0,1069.8,1066.0,1067.15,1041.0
2020-12-14 10:45:00,NSE:GOODYEAR,1068.95,1069.8,1067.15,1069.1,838.0
2020-12-14 11:00:00,NSE:GOODYEAR,1069.2,1071.0,1067.0,1067.0,1333.0
2020-12-14 11:15:00,NSE:GOODYEAR,1069.2,1069.9,1065.5,1065.6,1214.0
2020-12-14 11:30:00,NSE:GOODYEAR,1068.0,1068.0,1062.0,1064.95,1882.0
2020-12-14 11:45:00,NSE:GOODYEAR,1063.0,1065.0,1052.25,1061.25,2794.0
2020-12-14 12:00:00,NSE:GOODYEAR,1061.1,1064.65,1061.1,1062.0,813.0
2020-12-14 12:15:00,NSE:GOODYEAR,1061.15,1062.95,1060.65,1062.0,278.0
2020-12-14 12:30:00,NSE:GOODYEAR,1062.95,1063.0,1060.05,1061.0,595.0
2020-12-14 12:45:00,NSE:GOODYEAR,1061.0,1062.95,1059.0,1059.0,884.0
2020-12-14 13:00:00,NSE:GOODYEAR,1060.0,1060.0,1059.0,1059.05,1624.0
2020-12-14 13:15:00,NSE:GOODYEAR,1059.0,1060.0,1059.0,1060.0,980.0
2020-12-14 13:30:00,NSE:GOODYEAR,1059.0,1060.0,1056.0,1059.05,1600.0
2020-12-14 13:45:00,NSE:GOODYEAR,1060.0,1060.0,1056.65,1058.6,775.0
2020-12-14 14:00:00,NSE:GOODYEAR,1059.9,1060.0,1058.65,1059.95,380.0
2020-12-14 14:15:00,NSE:GOODYEAR,1060.0,1060.0,1056.25,1059.0,1108.0
2020-12-14 14:30:00,NSE:GOODYEAR,1059.45,1059.9,1058.0,1059.5,809.0
2020-12-14 14:45:00,NSE:GOODYEAR,1059.5,1060.0,1057.05,1058.1,1510.0
2020-12-14 15:00:00,NSE:GOODYEAR,1056.0,1060.0,1056.0,1058.05,2058.0
2020-12-14 15:15:00,NSE:GOODYEAR,1059.5,1060.0,1058.0,1060.0,3808.0
2020-12-14 15:45:00,NSE:GOODYEAR,1059.45,1059.45,1059.45,1059.45,10.0
2020-12-15 09:00:00,NSE:GOODYEAR,1065.0,1065.0,1065.0,1065.0,338.0
2020-12-15 09:15:00,NSE:GOODYEAR,1065.0,1070.0,1016.65,1020.1,8652.0
2020-12-15 09:30:00,NSE:GOODYEAR,1020.15,1028.0,1011.0,1020.0,5927.0
2020-12-15 09:45:00,NSE:GOODYEAR,1022.9,1023.0,1006.55,1014.95,3853.0
2020-12-15 10:00:00,NSE:GOODYEAR,1015.0,1016.0,1006.0,1010.0,3535.0
2020-12-15 10:15:00,NSE:GOODYEAR,1007.0,1016.5,1007.0,1015.0,2054.0
2020-12-15 10:30:00,NSE:GOODYEAR,1014.95,1015.1,1008.0,1013.9,1236.0
2020-12-15 10:45:00,NSE:GOODYEAR,1012.95,1014.0,1008.3,1008.6,961.0
2020-12-15 11:00:00,NSE:GOODYEAR,1010.0,1034.8,1007.0,1020.0,6602.0
2020-12-15 11:15:00,NSE:GOODYEAR,1026.8,1026.8,1016.0,1021.85,1553.0
2020-12-15 11:30:00,NSE:GOODYEAR,1020.0,1025.0,1009.55,1015.3,2764.0
2020-12-15 11:45:00,NSE:GOODYEAR,1015.15,1021.9,1015.15,1016.35,1323.0
2020-12-15 12:00:00,NSE:GOODYEAR,1016.4,1019.0,1016.4,1019.0,521.0
2020-12-15 12:15:00,NSE:GOODYEAR,1019.85,1019.85,1016.7,1017.0,392.0
2020-12-15 12:30:00,NSE:GOODYEAR,1018.85,1019.0,1016.8,1018.8,655.0
2020-12-15 12:45:00,NSE:GOODYEAR,1018.0,1018.85,1014.0,1014.0,1045.0
2020-12-15 13:00:00,NSE:GOODYEAR,1014.0,1014.0,1011.25,1013.55,1489.0
2020-12-15 13:15:00,NSE:GOODYEAR,1012.0,1016.35,1012.0,1012.5,651.0
2020-12-15 13:30:00,NSE:GOODYEAR,1012.5,1014.0,1010.0,1011.9,1030.0
2020-12-15 13:45:00,NSE:GOODYEAR,1011.25,1012.0,1009.25,1009.35,1417.0
2020-12-15 14:00:00,NSE:GOODYEAR,1009.0,1015.0,1008.0,1012.45,1328.0
2020-12-15 14:15:00,NSE:GOODYEAR,1011.0,1014.7,1009.1,1010.25,966.0
2020-12-15 14:30:00,NSE:GOODYEAR,1013.0,1013.1,1010.1,1011.15,819.0
2020-12-15 14:45:00,NSE:GOODYEAR,1011.15,1012.0,1010.0,1011.15,777.0
2020-12-15 15:00:00,NSE:GOODYEAR,1010.0,1015.0,1009.05,1012.0,2531.0
2020-12-15 15:15:00,NSE:GOODYEAR,1013.0,1015.5,1010.0,1010.0,5889.0
2020-12-15 15:30:00,NSE:GOODYEAR,1013.3,1013.3,1010.0,1010.0,31.0
2020-12-15 15:45:00,NSE:GOODYEAR,1013.3,1013.3,1013.3,1013.3,23.0
2020-12-16 09:00:00,NSE:GOODYEAR,983.3,983.3,983.3,983.3,467.0
2020-12-16 09:15:00,NSE:GOODYEAR,983.3,1000.0,952.65,972.05,17835.0
2020-12-16 09:30:00,NSE:GOODYEAR,972.05,982.0,972.05,977.85,4005.0
2020-12-16 09:45:00,NSE:GOODYEAR,975.3,982.0,975.0,980.0,3689.0
2020-12-16 10:00:00,NSE:GOODYEAR,979.0,986.0,975.0,982.0,5014.0
2020-12-16 10:15:00,NSE:GOODYEAR,981.05,1004.75,979.25,1000.5,7308.0
2020-12-16 10:30:00,NSE:GOODYEAR,1000.5,1001.9,995.0,997.95,2434.0
2020-12-16 10:45:00,NSE:GOODYEAR,995.0,1000.5,995.0,1000.0,2133.0
2020-12-16 11:00:00,NSE:GOODYEAR,1000.0,1000.8,1000.0,1000.75,1124.0
2020-12-16 11:15:00,NSE:GOODYEAR,1000.75,1002.0,1000.0,1002.0,379.0
2020-12-16 11:30:00,NSE:GOODYEAR,1000.05,1002.6,998.85,1000.05,1142.0
2020-12-16 11:45:00,NSE:GOODYEAR,1000.0,1003.9,1000.0,1003.8,633.0
2020-12-16 12:00:00,NSE:GOODYEAR,1003.75,1006.0,1003.0,1005.0,1071.0
2020-12-16 12:15:00,NSE:GOODYEAR,1004.85,1017.5,1003.5,1010.5,2735.0
2020-12-16 12:30:00,NSE:GOODYEAR,1010.5,1018.0,1003.65,1007.45,1904.0
2020-12-16 12:45:00,NSE:GOODYEAR,1008.0,1009.9,1007.0,1007.95,386.0
2020-12-16 13:00:00,NSE:GOODYEAR,1007.95,1011.95,1007.0,1009.95,590.0
2020-12-16 13:15:00,NSE:GOODYEAR,1007.0,1009.95,1005.1,1009.95,108.0
2020-12-16 13:30:00,NSE:GOODYEAR,1009.95,1010.0,1004.15,1009.95,446.0
2020-12-16 13:45:00,NSE:GOODYEAR,1009.95,1009.95,1003.0,1003.0,345.0
2020-12-16 14:00:00,NSE:GOODYEAR,1003.0,1005.95,1002.0,1004.5,293.0
2020-12-16 14:15:00,NSE:GOODYEAR,1005.85,1007.6,1002.15,1007.6,286.0
2020-12-16 14:30:00,NSE:GOODYEAR,1004.6,1008.0,1001.0,1005.95,380.0
2020-12-16 14:45:00,NSE:GOODYEAR,1002.0,1004.95,1001.8,1003.0,391.0
2020-12-16 15:00:00,NSE:GOODYEAR,1003.25,1004.0,1001.05,1001.25,1447.0
2020-12-16 15:15:00,NSE:GOODYEAR,1001.25,1005.9,998.25,1000.85,4543.0
2020-12-16 15:45:00,NSE:GOODYEAR,1002.45,1002.45,1000.85,1002.45,14.0
2020-12-17 09:00:00,NSE:GOODYEAR,1002.45,1002.45,1002.45,1002.45,60.0
2020-12-17 09:15:00,NSE:GOODYEAR,1009.0,1019.9,1006.1,1011.5,1938.0
2020-12-17 09:30:00,NSE:GOODYEAR,1011.0,1011.5,1007.0,1007.0,969.0
2020-12-17 09:45:00,NSE:GOODYEAR,1009.85,1011.0,1002.0,1005.35,834.0
2020-12-17 10:00:00,NSE:GOODYEAR,1005.2,1009.55,1000.1,1003.5,853.0
2020-12-17 10:15:00,NSE:GOODYEAR,1007.7,1008.0,995.0,1001.7,1767.0
2020-12-17 10:30:00,NSE:GOODYEAR,1001.5,1002.0,995.0,1000.0,1347.0
2020-12-17 10:45:00,NSE:GOODYEAR,1000.0,1000.0,994.0,997.0,729.0
2020-12-17 11:00:00,NSE:GOODYEAR,995.0,999.9,994.0,999.2,725.0
2020-12-17 11:15:00,NSE:GOODYEAR,994.0,994.0,990.0,992.0,1654.0
2020-12-17 11:30:00,NSE:GOODYEAR,994.0,999.0,992.0,995.05,456.0
2020-12-17 11:45:00,NSE:GOODYEAR,999.0,999.0,995.1,995.4,101.0
2020-12-17 12:00:00,NSE:GOODYEAR,995.4,998.5,995.4,995.5,139.0
2020-12-17 12:15:00,NSE:GOODYEAR,997.95,998.0,995.0,997.75,387.0
2020-12-17 12:30:00,NSE:GOODYEAR,997.75,997.75,995.0,997.0,334.0
2020-12-17 12:45:00,NSE:GOODYEAR,995.05,996.95,994.3,994.3,231.0
2020-12-17 13:00:00,NSE:GOODYEAR,995.95,995.95,993.0,993.5,241.0
2020-12-17 13:15:00,NSE:GOODYEAR,994.45,994.5,990.0,994.05,957.0
2020-12-17 13:30:00,NSE:GOODYEAR,993.8,994.5,990.0,991.05,717.0
2020-12-17 13:45:00,NSE:GOODYEAR,991.05,994.45,990.0,994.1,388.0
2020-12-17 14:00:00,NSE:GOODYEAR,993.2,993.2,990.6,992.0,220.0
2020-12-17 14:15:00,NSE:GOODYEAR,991.05,991.8,990.2,991.7,439.0
2020-12-17 14:30:00,NSE:GOODYEAR,991.7,991.7,990.2,991.7,471.0
2020-12-17 14:45:00,NSE:GOODYEAR,990.0,990.8,989.0,989.95,1596.0
2020-12-17 15:00:00,NSE:GOODYEAR,989.95,989.95,988.25,989.85,1011.0
2020-12-17 15:15:00,NSE:GOODYEAR,988.5,989.95,981.25,989.95,2934.0
2020-12-17 15:45:00,NSE:GOODYEAR,986.7,986.7,986.7,986.7,1.0
2020-12-18 09:00:00,NSE:GOODYEAR,990.0,990.0,990.0,990.0,26.0
2020-12-18 09:15:00,NSE:GOODYEAR,990.05,995.85,975.1,978.0,2351.0
2020-12-18 09:30:00,NSE:GOODYEAR,978.0,978.0,968.0,968.0,2796.0
2020-12-18 09:45:00,NSE:GOODYEAR,969.0,969.0,954.65,958.9,4700.0
2020-12-18 10:00:00,NSE:GOODYEAR,958.0,964.3,955.85,963.9,1507.0
2020-12-18 10:15:00,NSE:GOODYEAR,964.55,968.8,963.0,968.6,880.0
2020-12-18 10:30:00,NSE:GOODYEAR,968.0,968.0,967.5,968.0,249.0
2020-12-18 10:45:00,NSE:GOODYEAR,966.4,970.0,965.05,969.0,571.0
2020-12-18 11:00:00,NSE:GOODYEAR,969.0,969.0,966.4,968.1,316.0
2020-12-18 11:15:00,NSE:GOODYEAR,968.1,969.9,968.0,969.0,169.0
2020-12-18 11:30:00,NSE:GOODYEAR,969.0,969.0,968.05,968.3,459.0
2020-12-18 11:45:00,NSE:GOODYEAR,968.3,969.45,968.0,968.4,254.0
2020-12-18 12:00:00,NSE:GOODYEAR,969.45,969.95,968.0,969.85,263.0
2020-12-18 12:15:00,NSE:GOODYEAR,969.85,972.0,969.85,971.95,364.0
2020-12-18 12:30:00,NSE:GOODYEAR,971.0,971.0,970.0,970.9,635.0
2020-12-18 12:45:00,NSE:GOODYEAR,970.85,972.0,970.0,971.0,358.0
2020-12-18 13:00:00,NSE:GOODYEAR,971.0,971.95,970.2,970.35,126.0
2020-12-18 13:15:00,NSE:GOODYEAR,970.3,971.35,970.25,971.0,72.0
2020-12-18 13:30:00,NSE:GOODYEAR,970.95,972.05,970.95,971.9,98.0
2020-12-18 13:45:00,NSE:GOODYEAR,971.9,971.9,970.05,971.6,218.0
2020-12-18 14:00:00,NSE:GOODYEAR,970.0,971.7,970.0,971.4,412.0
2020-12-18 14:15:00,NSE:GOODYEAR,970.05,971.95,970.0,971.1,462.0
2020-12-18 14:30:00,NSE:GOODYEAR,971.95,972.05,971.15,971.5,233.0
2020-12-18 14:45:00,NSE:GOODYEAR,972.05,972.05,970.3,971.0,492.0
2020-12-18 15:00:00,NSE:GOODYEAR,970.35,972.45,970.0,971.9,780.0
2020-12-18 15:15:00,NSE:GOODYEAR,971.7,971.9,970.0,971.25,1170.0
2020-12-18 15:30:00,NSE:GOODYEAR,970.75,970.75,970.75,970.75,5.0
2020-12-18 15:45:00,NSE:GOODYEAR,970.75,970.75,970.75,970.75,19.0
2020-12-21 09:00:00,NSE:GOODYEAR,970.75,970.75,970.75,970.75,23.0
2020-12-21 09:15:00,NSE:GOODYEAR,999.5,999.5,965.0,978.0,1479.0
2020-12-21 09:30:00,NSE:GOODYEAR,977.95,980.0,973.55,979.9,566.0
2020-12-21 09:45:00,NSE:GOODYEAR,980.55,986.95,978.5,986.95,875.0
2020-12-21 10:00:00,NSE:GOODYEAR,983.65,984.5,981.55,983.0,476.0
2020-12-21 10:15:00,NSE:GOODYEAR,980.75,983.45,980.0,982.95,314.0
2020-12-21 10:30:00,NSE:GOODYEAR,983.2,985.0,979.7,983.0,1054.0
2020-12-21 10:45:00,NSE:GOODYEAR,983.0,983.0,977.55,979.7,1835.0
2020-12-21 11:00:00,NSE:GOODYEAR,978.7,979.95,977.95,979.0,177.0
2020-12-21 11:15:00,NSE:GOODYEAR,979.0,979.0,978.9,978.95,96.0
2020-12-21 11:30:00,NSE:GOODYEAR,978.95,978.95,976.0,977.05,249.0
2020-12-21 11:45:00,NSE:GOODYEAR,977.05,977.5,976.0,976.0,143.0
2020-12-21 12:00:00,NSE:GOODYEAR,977.3,977.45,976.0,977.4,149.0
2020-12-21 12:15:00,NSE:GOODYEAR,977.45,977.45,975.5,976.0,48.0
2020-12-21 12:30:00,NSE:GOODYEAR,976.0,976.45,975.0,975.0,96.0
2020-12-21 12:45:00,NSE:GOODYEAR,975.0,975.0,970.1,972.05,460.0
2020-12-21 13:00:00,NSE:GOODYEAR,971.0,975.4,971.0,973.85,422.0
2020-12-21 13:15:00,NSE:GOODYEAR,973.85,976.45,971.55,974.5,303.0
2020-12-21 13:30:00,NSE:GOODYEAR,974.5,974.5,970.75,971.05,294.0
2020-12-21 13:45:00,NSE:GOODYEAR,971.05,973.6,967.65,967.65,552.0
2020-12-21 14:00:00,NSE:GOODYEAR,965.1,967.6,961.0,961.75,697.0
2020-12-21 14:15:00,NSE:GOODYEAR,960.5,961.75,950.05,950.05,1318.0
2020-12-21 14:30:00,NSE:GOODYEAR,951.0,951.0,908.8,920.5,3800.0
2020-12-21 14:45:00,NSE:GOODYEAR,925.0,926.0,911.0,921.0,1840.0
2020-12-21 15:00:00,NSE:GOODYEAR,921.0,927.0,916.0,922.65,1277.0
2020-12-21 15:15:00,NSE:GOODYEAR,919.0,923.0,916.85,922.4,1608.0
2020-12-21 15:30:00,NSE:GOODYEAR,919.55,919.55,919.55,919.55,5.0
2020-12-21 15:45:00,NSE:GOODYEAR,919.55,919.55,919.55,919.55,80.0
2020-12-22 09:00:00,NSE:GOODYEAR,925.0,925.0,925.0,925.0,37.0
2020-12-22 09:15:00,NSE:GOODYEAR,925.0,934.1,903.8,903.85,2417.0
2020-12-22 09:30:00,NSE:GOODYEAR,902.45,907.2,880.0,880.8,2904.0
2020-12-22 09:45:00,NSE:GOODYEAR,882.1,899.5,876.3,893.45,2091.0
2020-12-22 10:00:00,NSE:GOODYEAR,893.45,899.45,892.1,895.1,508.0
2020-12-22 10:15:00,NSE:GOODYEAR,895.1,899.95,895.1,899.95,788.0
2020-12-22 10:30:00,NSE:GOODYEAR,898.1,899.75,895.0,895.9,677.0
2020-12-22 10:45:00,NSE:GOODYEAR,895.0,897.2,894.6,896.6,244.0
2020-12-22 11:00:00,NSE:GOODYEAR,895.0,900.0,895.0,899.95,475.0
2020-12-22 11:15:00,NSE:GOODYEAR,896.75,899.5,882.55,889.3,1198.0
2020-12-22 11:30:00,NSE:GOODYEAR,889.3,893.6,889.3,891.0,322.0
2020-12-22 11:45:00,NSE:GOODYEAR,890.05,894.9,890.05,894.4,287.0
2020-12-22 12:00:00,NSE:GOODYEAR,894.4,895.0,892.55,895.0,161.0
2020-12-22 12:15:00,NSE:GOODYEAR,894.95,895.0,890.7,894.75,253.0
2020-12-22 12:30:00,NSE:GOODYEAR,890.35,894.75,890.35,894.1,246.0
2020-12-22 12:45:00,NSE:GOODYEAR,894.1,894.1,891.3,893.0,129.0
2020-12-22 13:00:00,NSE:GOODYEAR,892.2,894.2,892.2,894.2,105.0
2020-12-22 13:15:00,NSE:GOODYEAR,894.2,895.0,894.0,894.95,199.0
2020-12-22 13:30:00,NSE:GOODYEAR,894.85,895.0,893.0,894.95,478.0
2020-12-22 13:45:00,NSE:GOODYEAR,894.95,896.0,894.05,896.0,437.0
2020-12-22 14:00:00,NSE:GOODYEAR,896.6,899.35,895.35,899.3,312.0
2020-12-22 14:15:00,NSE:GOODYEAR,899.35,901.1,897.05,900.0,1435.0
2020-12-22 14:30:00,NSE:GOODYEAR,900.0,900.45,897.55,899.0,799.0
2020-12-22 14:45:00,NSE:GOODYEAR,899.9,900.45,896.0,899.4,798.0
2020-12-22 15:00:00,NSE:GOODYEAR,899.4,906.5,899.0,901.5,658.0
2020-12-22 15:15:00,NSE:GOODYEAR,905.95,913.95,901.5,908.65,1345.0
2020-12-22 15:45:00,NSE:GOODYEAR,904.3,904.3,904.3,904.3,51.0
2020-12-23 09:00:00,NSE:GOODYEAR,923.95,923.95,923.95,923.95,10.0
2020-12-23 09:15:00,NSE:GOODYEAR,910.05,921.7,909.65,917.75,1854.0
2020-12-23 09:30:00,NSE:GOODYEAR,916.8,918.4,913.55,918.4,602.0
2020-12-23 09:45:00,NSE:GOODYEAR,918.4,938.35,916.95,935.4,2284.0
2020-12-23 10:00:00,NSE:GOODYEAR,932.4,934.75,930.0,932.0,413.0
2020-12-23 10:15:00,NSE:GOODYEAR,932.85,939.0,932.85,938.4,496.0
2020-12-23 10:30:00,NSE:GOODYEAR,938.85,939.0,935.5,937.15,629.0
2020-12-23 10:45:00,NSE:GOODYEAR,936.85,939.8,935.0,937.0,570.0
2020-12-23 11:00:00,NSE:GOODYEAR,935.05,939.0,933.0,939.0,618.0
2020-12-23 11:15:00,NSE:GOODYEAR,939.0,939.0,930.0,937.55,683.0
2020-12-23 11:30:00,NSE:GOODYEAR,932.5,938.0,932.5,936.8,213.0
2020-12-23 11:45:00,NSE:GOODYEAR,936.8,937.0,933.75,933.75,88.0
2020-12-23 12:00:00,NSE:GOODYEAR,934.0,937.8,933.3,935.45,360.0
2020-12-23 12:15:00,NSE:GOODYEAR,935.45,937.5,935.0,935.9,308.0
2020-12-23 12:30:00,NSE:GOODYEAR,935.9,936.5,935.9,936.5,129.0
2020-12-23 12:45:00,NSE:GOODYEAR,936.5,936.5,933.8,933.8,225.0
2020-12-23 13:00:00,NSE:GOODYEAR,936.55,936.6,934.0,935.55,179.0
2020-12-23 13:15:00,NSE:GOODYEAR,936.35,938.2,936.35,938.2,353.0
2020-12-23 13:30:00,NSE:GOODYEAR,938.2,938.4,938.0,938.4,215.0
2020-12-23 13:45:00,NSE:GOODYEAR,939.0,946.75,938.05,946.05,805.0
2020-12-23 14:00:00,NSE:GOODYEAR,945.75,945.85,942.6,944.45,415.0
2020-12-23 14:15:00,NSE:GOODYEAR,945.9,946.0,943.0,945.55,194.0
2020-12-23 14:30:00,NSE:GOODYEAR,945.8,948.85,943.25,943.25,567.0
2020-12-23 14:45:00,NSE:GOODYEAR,944.45,948.7,944.45,947.9,318.0
2020-12-23 15:00:00,NSE:GOODYEAR,945.45,945.55,943.0,944.4,763.0
2020-12-23 15:15:00,NSE:GOODYEAR,943.1,951.0,943.1,946.0,1528.0
2020-12-23 15:30:00,NSE:GOODYEAR,946.0,946.0,946.0,946.0,40.0
2020-12-24 09:00:00,NSE:GOODYEAR,964.9,964.9,964.9,964.9,8.0
2020-12-24 09:15:00,NSE:GOODYEAR,961.95,980.0,951.5,979.05,2133.0
2020-12-24 09:30:00,NSE:GOODYEAR,980.0,980.0,974.4,975.5,1540.0
2020-12-24 09:45:00,NSE:GOODYEAR,977.0,977.0,967.0,969.35,1605.0
2020-12-24 10:00:00,NSE:GOODYEAR,972.0,973.0,968.95,970.2,327.0
2020-12-24 10:15:00,NSE:GOODYEAR,970.2,970.2,963.05,967.0,1115.0
2020-12-24 10:30:00,NSE:GOODYEAR,967.05,970.0,966.0,967.0,187.0
2020-12-24 10:45:00,NSE:GOODYEAR,967.0,969.2,966.0,968.4,536.0
2020-12-24 11:00:00,NSE:GOODYEAR,967.05,967.05,961.0,961.05,662.0
2020-12-24 11:15:00,NSE:GOODYEAR,961.05,967.6,961.05,964.85,330.0
2020-12-24 11:30:00,NSE:GOODYEAR,963.0,963.05,961.95,962.15,71.0
2020-12-24 11:45:00,NSE:GOODYEAR,964.35,964.55,962.0,963.5,128.0
2020-12-24 12:00:00,NSE:GOODYEAR,963.25,964.5,961.95,964.0,75.0
2020-12-24 12:15:00,NSE:GOODYEAR,964.0,964.85,964.0,964.85,40.0
2020-12-24 12:30:00,NSE:GOODYEAR,964.95,965.0,961.05,961.15,498.0
2020-12-24 12:45:00,NSE:GOODYEAR,964.15,964.15,961.2,961.6,67.0
2020-12-24 13:00:00,NSE:GOODYEAR,961.6,963.5,961.0,963.5,213.0
2020-12-24 13:15:00,NSE:GOODYEAR,964.15,965.0,957.05,958.0,851.0
2020-12-24 13:30:00,NSE:GOODYEAR,957.95,960.65,953.9,960.65,1351.0
2020-12-24 13:45:00,NSE:GOODYEAR,958.5,960.5,958.25,959.95,234.0
2020-12-24 14:00:00,NSE:GOODYEAR,959.3,959.3,954.4,956.35,187.0
2020-12-24 14:15:00,NSE:GOODYEAR,956.35,958.5,954.2,955.85,271.0
2020-12-24 14:30:00,NSE:GOODYEAR,958.4,958.4,955.0,957.95,382.0
2020-12-24 14:45:00,NSE:GOODYEAR,958.2,958.95,955.1,958.05,225.0
2020-12-24 15:00:00,NSE:GOODYEAR,958.0,960.4,954.0,954.05,809.0
2020-12-24 15:15:00,NSE:GOODYEAR,955.0,957.5,951.0,954.9,1266.0
2020-12-24 15:45:00,NSE:GOODYEAR,955.25,955.25,954.9,955.25,52.0
2020-12-28 09:00:00,NSE:GOODYEAR,956.05,956.05,956.05,956.05,32.0
2020-12-28 09:15:00,NSE:GOODYEAR,963.95,968.3,958.05,961.15,1322.0
2020-12-28 09:30:00,NSE:GOODYEAR,961.95,962.75,960.3,960.5,116.0
2020-12-28 09:45:00,NSE:GOODYEAR,962.0,962.65,961.3,962.0,160.0
2020-12-28 10:00:00,NSE:GOODYEAR,962.0,966.65,960.05,963.05,526.0
2020-12-28 10:15:00,NSE:GOODYEAR,964.95,968.0,964.05,968.0,519.0
2020-12-28 10:30:00,NSE:GOODYEAR,970.05,973.95,964.9,964.9,584.0
2020-12-28 10:45:00,NSE:GOODYEAR,964.7,964.9,961.75,964.65,190.0
2020-12-28 11:00:00,NSE:GOODYEAR,963.65,964.9,962.05,964.0,207.0
2020-12-28 11:15:00,NSE:GOODYEAR,964.0,964.0,962.25,963.95,99.0
2020-12-28 11:30:00,NSE:GOODYEAR,963.95,964.65,961.4,964.65,169.0
2020-12-28 11:45:00,NSE:GOODYEAR,962.95,964.65,962.0,962.95,16.0
2020-12-28 12:00:00,NSE:GOODYEAR,962.95,963.0,961.2,961.2,85.0
2020-12-28 12:15:00,NSE:GOODYEAR,961.2,961.2,961.0,961.0,162.0
2020-12-28 12:30:00,NSE:GOODYEAR,961.0,961.0,960.2,961.0,199.0
2020-12-28 12:45:00,NSE:GOODYEAR,961.0,961.0,960.2,961.0,297.0
2020-12-28 13:00:00,NSE:GOODYEAR,961.0,961.0,960.0,961.0,109.0
2020-12-28 13:15:00,NSE:GOODYEAR,961.0,961.0,960.0,961.0,182.0
2020-12-28 13:30:00,NSE:GOODYEAR,961.0,961.0,960.0,961.0,61.0
2020-12-28 13:45:00,NSE:GOODYEAR,961.0,961.0,960.0,960.0,83.0
2020-12-28 14:00:00,NSE:GOODYEAR,961.0,961.0,960.0,960.0,378.0
2020-12-28 14:15:00,NSE:GOODYEAR,960.0,960.0,959.2,960.0,455.0
2020-12-28 14:30:00,NSE:GOODYEAR,959.0,962.45,958.65,961.95,521.0
2020-12-28 14:45:00,NSE:GOODYEAR,960.4,963.0,960.1,962.75,185.0
2020-12-28 15:00:00,NSE:GOODYEAR,962.55,962.95,960.0,962.15,291.0
2020-12-28 15:15:00,NSE:GOODYEAR,962.15,964.6,960.1,964.0,1689.0
2020-12-29 09:00:00,NSE:GOODYEAR,973.75,973.75,973.75,973.75,261.0
2020-12-29 09:15:00,NSE:GOODYEAR,971.45,978.85,964.4,971.35,1975.0
2020-12-29 09:30:00,NSE:GOODYEAR,968.05,972.4,967.0,971.05,583.0
2020-12-29 09:45:00,NSE:GOODYEAR,971.05,971.05,966.65,968.05,834.0
2020-12-29 10:00:00,NSE:GOODYEAR,966.7,968.6,966.0,966.0,501.0
2020-12-29 10:15:00,NSE:GOODYEAR,965.0,969.15,965.0,969.1,1369.0
2020-12-29 10:30:00,NSE:GOODYEAR,969.1,970.4,969.0,969.05,631.0
2020-12-29 10:45:00,NSE:GOODYEAR,970.0,970.0,961.4,967.0,800.0
2020-12-29 11:00:00,NSE:GOODYEAR,967.0,967.0,962.15,966.5,445.0
2020-12-29 11:15:00,NSE:GOODYEAR,966.5,966.5,965.0,965.0,75.0
2020-12-29 11:30:00,NSE:GOODYEAR,965.0,965.95,963.0,963.0,196.0
2020-12-29 11:45:00,NSE:GOODYEAR,963.0,966.0,962.55,966.0,191.0
2020-12-29 12:00:00,NSE:GOODYEAR,966.0,967.3,966.0,966.95,80.0
2020-12-29 12:15:00,NSE:GOODYEAR,965.0,966.4,964.0,964.0,171.0
2020-12-29 12:30:00,NSE:GOODYEAR,964.5,966.1,962.3,966.1,330.0
2020-12-29 12:45:00,NSE:GOODYEAR,966.4,966.4,960.0,963.4,306.0
2020-12-29 13:00:00,NSE:GOODYEAR,966.4,967.0,965.0,965.0,134.0
2020-12-29 13:15:00,NSE:GOODYEAR,966.0,966.0,966.0,966.0,13.0
2020-12-29 13:30:00,NSE:GOODYEAR,966.0,967.0,965.0,965.0,184.0
2020-12-29 13:45:00,NSE:GOODYEAR,966.9,966.9,964.85,965.0,270.0
2020-12-29 14:00:00,NSE:GOODYEAR,965.0,965.65,965.0,965.65,184.0
2020-12-29 14:15:00,NSE:GOODYEAR,966.6,966.6,965.65,966.6,42.0
2020-12-29 14:30:00,NSE:GOODYEAR,966.8,968.85,966.7,968.2,201.0
2020-12-29 14:45:00,NSE:GOODYEAR,969.95,969.95,966.75,966.75,77.0
2020-12-29 15:00:00,NSE:GOODYEAR,966.65,971.95,966.65,969.2,1254.0
2020-12-29 15:15:00,NSE:GOODYEAR,971.95,973.0,966.0,970.0,1250.0
2020-12-29 15:30:00,NSE:GOODYEAR,969.8,970.0,969.8,970.0,57.0
2020-12-29 15:45:00,NSE:GOODYEAR,969.8,969.8,969.8,969.8,100.0
2020-12-30 09:00:00,NSE:GOODYEAR,978.9,978.9,978.9,978.9,50.0
2020-12-30 09:15:00,NSE:GOODYEAR,970.05,973.0,960.8,960.8,944.0
2020-12-30 09:30:00,NSE:GOODYEAR,961.45,964.9,960.0,963.95,405.0
2020-12-30 09:45:00,NSE:GOODYEAR,964.05,964.05,962.25,963.8,232.0
2020-12-30 10:00:00,NSE:GOODYEAR,963.8,964.0,960.0,961.05,325.0
2020-12-30 10:15:00,NSE:GOODYEAR,962.25,964.0,962.0,962.5,301.0
2020-12-30 10:30:00,NSE:GOODYEAR,962.5,962.5,957.05,958.5,811.0
2020-12-30 10:45:00,NSE:GOODYEAR,958.6,962.5,958.6,962.45,1048.0
2020-12-30 11:00:00,NSE:GOODYEAR,960.35,962.45,960.35,961.2,139.0
2020-12-30 11:15:00,NSE:GOODYEAR,962.05,962.45,962.05,962.45,110.0
2020-12-30 11:30:00,NSE:GOODYEAR,961.65,962.45,961.6,962.45,44.0
2020-12-30 11:45:00,NSE:GOODYEAR,962.45,962.45,962.0,962.45,122.0
2020-12-30 12:00:00,NSE:GOODYEAR,962.45,962.5,961.25,961.25,46.0
2020-12-30 12:15:00,NSE:GOODYEAR,962.45,962.5,960.65,960.65,680.0
2020-12-30 12:30:00,NSE:GOODYEAR,962.5,962.5,961.0,961.0,237.0
2020-12-30 12:45:00,NSE:GOODYEAR,961.0,962.35,960.0,961.75,113.0
2020-12-30 13:00:00,NSE:GOODYEAR,961.75,962.5,960.65,962.5,263.0
2020-12-30 13:15:00,NSE:GOODYEAR,962.4,962.4,960.7,962.0,21.0
2020-12-30 13:30:00,NSE:GOODYEAR,960.55,962.5,959.45,960.8,167.0
2020-12-30 13:45:00,NSE:GOODYEAR,960.8,962.5,960.8,962.4,104.0
2020-12-30 14:00:00,NSE:GOODYEAR,962.4,962.5,960.0,962.3,440.0
2020-12-30 14:15:00,NSE:GOODYEAR,960.45,962.45,960.25,960.25,34.0
2020-12-30 14:30:00,NSE:GOODYEAR,960.65,965.0,960.65,964.05,787.0
2020-12-30 14:45:00,NSE:GOODYEAR,964.05,965.0,964.0,964.5,282.0
2020-12-30 15:00:00,NSE:GOODYEAR,964.5,967.0,960.8,961.35,433.0
2020-12-30 15:15:00,NSE:GOODYEAR,961.35,962.0,958.0,958.2,1481.0
2020-12-30 15:30:00,NSE:GOODYEAR,958.2,959.95,958.2,959.95,22.0
2020-12-31 09:15:00,NSE:GOODYEAR,940.0,962.95,940.0,962.0,809.0
2020-12-31 09:30:00,NSE:GOODYEAR,962.0,964.7,962.0,963.3,165.0
2020-12-31 09:45:00,NSE:GOODYEAR,962.1,962.95,960.05,961.0,415.0
2020-12-31 10:00:00,NSE:GOODYEAR,961.05,962.45,960.1,960.1,106.0
2020-12-31 10:15:00,NSE:GOODYEAR,962.5,962.75,960.35,960.35,59.0
2020-12-31 10:30:00,NSE:GOODYEAR,962.0,962.45,960.7,960.85,122.0
2020-12-31 10:45:00,NSE:GOODYEAR,962.0,962.0,959.9,962.0,209.0
2020-12-31 11:00:00,NSE:GOODYEAR,960.0,960.0,958.0,959.9,368.0
2020-12-31 11:15:00,NSE:GOODYEAR,959.9,961.75,959.9,960.0,136.0
2020-12-31 11:30:00,NSE:GOODYEAR,962.0,962.3,957.65,959.3,382.0
2020-12-31 11:45:00,NSE:GOODYEAR,959.3,961.0,959.0,959.0,113.0
2020-12-31 12:00:00,NSE:GOODYEAR,959.0,959.0,958.2,959.0,8.0
2020-12-31 12:15:00,NSE:GOODYEAR,959.0,961.15,959.0,960.95,183.0
2020-12-31 12:30:00,NSE:GOODYEAR,960.95,960.95,958.25,960.45,99.0
2020-12-31 12:45:00,NSE:GOODYEAR,960.35,960.35,960.3,960.3,2.0
2020-12-31 13:00:00,NSE:GOODYEAR,957.65,960.25,957.65,959.8,130.0
2020-12-31 13:15:00,NSE:GOODYEAR,960.0,960.0,958.95,958.95,53.0
2020-12-31 13:30:00,NSE:GOODYEAR,959.0,959.0,958.8,959.0,13.0
2020-12-31 13:45:00,NSE:GOODYEAR,959.0,959.5,958.05,959.35,81.0
2020-12-31 14:00:00,NSE:GOODYEAR,959.5,960.0,959.5,960.0,193.0
2020-12-31 14:15:00,NSE:GOODYEAR,959.55,960.0,958.8,960.0,90.0
2020-12-31 14:30:00,NSE:GOODYEAR,961.15,961.15,960.5,961.05,92.0
2020-12-31 14:45:00,NSE:GOODYEAR,961.05,962.0,960.0,961.95,122.0
2020-12-31 15:00:00,NSE:GOODYEAR,961.0,965.0,961.0,962.5,266.0
2020-12-31 15:15:00,NSE:GOODYEAR,962.5,966.0,961.0,966.0,570.0
2021-01-01 09:00:00,NSE:GOODYEAR,969.7,969.7,969.7,969.7,10.0
2021-01-01 09:15:00,NSE:GOODYEAR,967.95,974.5,964.65,968.25,647.0
2021-01-01 09:30:00,NSE:GOODYEAR,968.3,968.3,965.0,966.95,224.0
2021-01-01 09:45:00,NSE:GOODYEAR,966.95,966.95,964.55,965.25,34.0
2021-01-01 10:00:00,NSE:GOODYEAR,964.0,965.6,958.95,960.0,1219.0
2021-01-01 10:15:00,NSE:GOODYEAR,960.35,962.9,960.35,962.0,107.0
2021-01-01 10:30:00,NSE:GOODYEAR,961.05,962.65,961.05,962.25,104.0
2021-01-01 10:45:00,NSE:GOODYEAR,963.85,963.85,959.3,960.0,474.0
2021-01-01 11:00:00,NSE:GOODYEAR,960.0,960.0,958.6,960.0,253.0
2021-01-01 11:15:00,NSE:GOODYEAR,960.0,960.0,956.75,958.55,302.0
2021-01-01 11:30:00,NSE:GOODYEAR,960.0,960.95,958.55,960.8,188.0
2021-01-01 11:45:00,NSE:GOODYEAR,960.25,963.8,960.0,960.0,210.0
2021-01-01 12:00:00,NSE:GOODYEAR,960.0,960.6,959.2,960.6,77.0
2021-01-01 12:15:00,NSE:GOODYEAR,960.6,961.75,959.15,959.15,264.0
2021-01-01 12:30:00,NSE:GOODYEAR,961.05,961.05,960.7,961.0,142.0
2021-01-01 12:45:00,NSE:GOODYEAR,961.0,966.0,959.05,966.0,875.0
2021-01-01 13:00:00,NSE:GOODYEAR,965.0,965.95,965.0,965.0,171.0
2021-01-01 13:15:00,NSE:GOODYEAR,965.0,965.55,965.0,965.45,68.0
2021-01-01 13:30:00,NSE:GOODYEAR,965.0,965.0,962.0,962.1,850.0
2021-01-01 13:45:00,NSE:GOODYEAR,963.35,965.65,962.25,965.0,70.0
2021-01-01 14:00:00,NSE:GOODYEAR,963.8,965.0,963.8,964.0,21.0
2021-01-01 14:15:00,NSE:GOODYEAR,964.45,964.45,963.75,963.75,43.0
2021-01-01 14:30:00,NSE:GOODYEAR,963.75,963.75,963.0,963.0,92.0
2021-01-01 14:45:00,NSE:GOODYEAR,963.5,963.8,960.0,963.8,776.0
2021-01-01 15:00:00,NSE:GOODYEAR,962.0,964.4,961.45,963.95,588.0
2021-01-01 15:15:00,NSE:GOODYEAR,964.0,968.45,960.0,960.0,806.0
2021-01-04 09:15:00,NSE:GOODYEAR,972.0,973.5,957.55,965.2,647.0
2021-01-04 09:30:00,NSE:GOODYEAR,966.0,966.85,965.0,965.95,350.0
2021-01-04 09:45:00,NSE:GOODYEAR,965.95,969.85,965.0,968.95,476.0
2021-01-04 10:00:00,NSE:GOODYEAR,965.75,969.25,965.3,965.3,201.0
2021-01-04 10:15:00,NSE:GOODYEAR,965.5,967.3,964.6,965.0,276.0
2021-01-04 10:30:00,NSE:GOODYEAR,965.0,965.4,962.0,964.0,351.0
2021-01-04 10:45:00,NSE:GOODYEAR,964.0,965.35,962.0,962.0,246.0
2021-01-04 11:00:00,NSE:GOODYEAR,962.0,965.65,960.15,965.65,456.0
2021-01-04 11:15:00,NSE:GOODYEAR,966.3,966.3,960.35,961.55,285.0
2021-01-04 11:30:00,NSE:GOODYEAR,961.55,961.95,960.5,961.95,496.0
2021-01-04 11:45:00,NSE:GOODYEAR,961.7,961.95,961.6,961.95,59.0
2021-01-04 12:00:00,NSE:GOODYEAR,960.0,963.5,960.0,963.5,625.0
2021-01-04 12:15:00,NSE:GOODYEAR,962.15,964.75,961.65,961.65,73.0
2021-01-04 12:30:00,NSE:GOODYEAR,962.15,967.9,962.15,966.85,1114.0
2021-01-04 12:45:00,NSE:GOODYEAR,968.0,968.0,966.3,967.0,58.0
2021-01-04 13:00:00,NSE:GOODYEAR,966.4,967.0,965.25,965.7,71.0
2021-01-04 13:15:00,NSE:GOODYEAR,967.45,967.6,966.05,967.0,47.0
2021-01-04 13:30:00,NSE:GOODYEAR,966.05,969.0,966.05,968.0,282.0
2021-01-04 13:45:00,NSE:GOODYEAR,968.0,969.0,965.45,965.45,410.0
2021-01-04 14:00:00,NSE:GOODYEAR,966.55,968.15,956.25,964.35,1199.0
2021-01-04 14:15:00,NSE:GOODYEAR,964.3,964.3,960.25,960.25,37.0
2021-01-04 14:30:00,NSE:GOODYEAR,963.8,969.4,963.8,966.2,531.0
2021-01-04 14:45:00,NSE:GOODYEAR,965.0,974.4,962.05,971.0,1501.0
2021-01-04 15:00:00,NSE:GOODYEAR,974.0,980.0,971.5,979.0,2536.0
2021-01-04 15:15:00,NSE:GOODYEAR,977.45,990.55,975.35,988.0,4622.0
2021-01-04 15:45:00,NSE:GOODYEAR,981.05,981.05,981.05,981.05,9.0
2021-01-05 09:00:00,NSE:GOODYEAR,965.05,965.05,965.05,965.05,67.0
2021-01-05 09:15:00,NSE:GOODYEAR,969.9,978.0,967.0,976.95,983.0
2021-01-05 09:30:00,NSE:GOODYEAR,971.75,977.4,970.0,972.0,903.0
2021-01-05 09:45:00,NSE:GOODYEAR,970.2,975.0,970.2,974.0,603.0
2021-01-05 10:00:00,NSE:GOODYEAR,974.4,975.0,971.0,971.5,324.0
2021-01-05 10:15:00,NSE:GOODYEAR,972.0,973.7,970.0,973.7,693.0
2021-01-05 10:30:00,NSE:GOODYEAR,973.5,973.5,970.0,970.5,283.0
2021-01-05 10:45:00,NSE:GOODYEAR,970.5,974.2,970.45,970.45,130.0
2021-01-05 11:00:00,NSE:GOODYEAR,973.05,976.55,970.75,974.1,524.0
2021-01-05 11:15:00,NSE:GOODYEAR,975.55,976.55,974.1,976.05,293.0
2021-01-05 11:30:00,NSE:GOODYEAR,976.4,976.4,974.1,975.85,50.0
2021-01-05 11:45:00,NSE:GOODYEAR,974.25,980.3,974.25,980.3,3652.0
2021-01-05 12:00:00,NSE:GOODYEAR,977.7,979.75,975.5,975.6,67.0
2021-01-05 12:15:00,NSE:GOODYEAR,976.5,977.35,975.05,975.2,95.0
2021-01-05 12:30:00,NSE:GOODYEAR,975.15,980.0,975.15,980.0,376.0
2021-01-05 12:45:00,NSE:GOODYEAR,978.6,981.0,977.15,977.15,515.0
2021-01-05 13:00:00,NSE:GOODYEAR,977.15,979.1,976.85,979.1,109.0
2021-01-05 13:15:00,NSE:GOODYEAR,978.9,979.9,976.0,976.3,339.0
2021-01-05 13:30:00,NSE:GOODYEAR,976.3,979.15,975.0,979.0,554.0
2021-01-05 13:45:00,NSE:GOODYEAR,975.35,978.95,975.35,978.45,374.0
2021-01-05 14:00:00,NSE:GOODYEAR,976.6,989.0,976.6,989.0,8346.0
2021-01-05 14:15:00,NSE:GOODYEAR,989.0,1013.2,981.05,984.0,13927.0
2021-01-05 14:30:00,NSE:GOODYEAR,981.4,985.9,976.0,977.7,2860.0
2021-01-05 14:45:00,NSE:GOODYEAR,979.0,982.4,975.75,975.75,2422.0
2021-01-05 15:00:00,NSE:GOODYEAR,976.0,985.0,974.0,982.0,1455.0
2021-01-05 15:15:00,NSE:GOODYEAR,982.0,985.0,980.1,980.1,1305.0
2021-01-05 15:45:00,NSE:GOODYEAR,979.6,980.1,979.6,980.1,8.0
2021-01-06 09:00:00,NSE:GOODYEAR,994.0,994.0,994.0,994.0,24.0
2021-01-06 09:15:00,NSE:GOODYEAR,980.05,990.0,975.0,983.45,1118.0
2021-01-06 09:30:00,NSE:GOODYEAR,981.15,983.45,975.5,979.0,1135.0
2021-01-06 09:45:00,NSE:GOODYEAR,979.0,985.0,979.0,984.9,483.0
2021-01-06 10:00:00,NSE:GOODYEAR,984.9,987.2,981.0,983.15,700.0
2021-01-06 10:15:00,NSE:GOODYEAR,984.0,984.0,981.0,982.25,236.0
2021-01-06 10:30:00,NSE:GOODYEAR,981.6,982.85,977.65,982.85,315.0
2021-01-06 10:45:00,NSE:GOODYEAR,980.45,984.25,980.45,984.05,123.0
2021-01-06 11:00:00,NSE:GOODYEAR,984.15,984.2,980.0,980.0,312.0
2021-01-06 11:15:00,NSE:GOODYEAR,981.9,981.9,980.05,980.45,19.0
2021-01-06 11:30:00,NSE:GOODYEAR,981.95,984.0,981.6,984.0,61.0
2021-01-06 11:45:00,NSE:GOODYEAR,983.6,984.05,979.9,979.9,808.0
2021-01-06 12:00:00,NSE:GOODYEAR,979.1,983.2,978.75,983.2,2075.0
2021-01-06 12:15:00,NSE:GOODYEAR,982.8,983.2,980.0,983.2,138.0
2021-01-06 12:30:00,NSE:GOODYEAR,983.95,983.95,981.0,981.0,162.0
2021-01-06 12:45:00,NSE:GOODYEAR,982.4,983.0,980.15,980.5,333.0
2021-01-06 13:00:00,NSE:GOODYEAR,981.1,982.4,979.15,980.05,554.0
2021-01-06 13:15:00,NSE:GOODYEAR,979.15,980.85,979.15,979.15,246.0
2021-01-06 13:30:00,NSE:GOODYEAR,980.95,981.95,976.25,977.45,557.0
2021-01-06 13:45:00,NSE:GOODYEAR,977.0,978.3,970.1,971.0,857.0
2021-01-06 14:00:00,NSE:GOODYEAR,971.0,971.0,966.05,968.0,341.0
2021-01-06 14:15:00,NSE:GOODYEAR,968.0,969.95,966.05,967.3,344.0
2021-01-06 14:30:00,NSE:GOODYEAR,969.05,971.15,964.2,971.1,777.0
2021-01-06 14:45:00,NSE:GOODYEAR,971.0,977.45,971.0,975.5,497.0
2021-01-06 15:00:00,NSE:GOODYEAR,976.7,977.4,975.2,976.95,579.0
2021-01-06 15:15:00,NSE:GOODYEAR,976.5,979.75,975.85,978.8,880.0
2021-01-07 09:00:00,NSE:GOODYEAR,980.0,980.0,980.0,980.0,34.0
2021-01-07 09:15:00,NSE:GOODYEAR,980.05,985.0,978.05,978.05,546.0
2021-01-07 09:30:00,NSE:GOODYEAR,978.05,979.95,978.0,979.35,514.0
2021-01-07 09:45:00,NSE:GOODYEAR,979.5,980.0,978.0,978.85,630.0
2021-01-07 10:00:00,NSE:GOODYEAR,978.85,982.35,977.55,982.3,525.0
2021-01-07 10:15:00,NSE:GOODYEAR,982.25,983.2,980.0,980.05,70.0
2021-01-07 10:30:00,NSE:GOODYEAR,981.8,981.8,980.0,981.25,292.0
2021-01-07 10:45:00,NSE:GOODYEAR,980.05,984.35,980.0,981.0,140.0
2021-01-07 11:00:00,NSE:GOODYEAR,981.0,981.95,980.55,980.9,144.0
2021-01-07 11:15:00,NSE:GOODYEAR,981.85,981.85,980.6,980.65,60.0
2021-01-07 11:30:00,NSE:GOODYEAR,981.0,981.8,980.5,980.55,131.0
2021-01-07 11:45:00,NSE:GOODYEAR,980.55,980.95,980.5,980.9,45.0
2021-01-07 12:00:00,NSE:GOODYEAR,980.9,981.0,980.0,981.0,279.0
2021-01-07 12:15:00,NSE:GOODYEAR,981.0,983.9,981.0,982.2,541.0
2021-01-07 12:30:00,NSE:GOODYEAR,982.0,983.95,981.3,981.3,169.0
2021-01-07 12:45:00,NSE:GOODYEAR,981.05,983.45,981.05,982.65,52.0
2021-01-07 13:00:00,NSE:GOODYEAR,982.0,982.25,980.4,980.5,332.0
2021-01-07 13:15:00,NSE:GOODYEAR,981.8,981.95,981.8,981.8,58.0
2021-01-07 13:30:00,NSE:GOODYEAR,980.5,980.9,980.05,980.9,180.0
2021-01-07 13:45:00,NSE:GOODYEAR,981.0,981.8,980.1,980.1,92.0
2021-01-07 14:00:00,NSE:GOODYEAR,980.1,983.8,980.1,982.0,551.0
2021-01-07 14:15:00,NSE:GOODYEAR,982.2,982.85,981.05,981.05,87.0
2021-01-07 14:30:00,NSE:GOODYEAR,981.05,982.3,980.85,981.0,170.0
2021-01-07 14:45:00,NSE:GOODYEAR,980.8,982.0,980.8,981.5,121.0
2021-01-07 15:00:00,NSE:GOODYEAR,981.5,982.0,978.1,978.2,1783.0
2021-01-07 15:15:00,NSE:GOODYEAR,978.2,980.0,976.3,980.0,1292.0
2021-01-08 09:00:00,NSE:GOODYEAR,979.55,979.55,979.55,979.55,17.0
2021-01-08 09:15:00,NSE:GOODYEAR,980.95,983.95,973.85,975.6,1094.0
2021-01-08 09:30:00,NSE:GOODYEAR,974.5,975.45,963.0,970.0,2701.0
2021-01-08 09:45:00,NSE:GOODYEAR,970.0,974.7,968.25,969.5,560.0
2021-01-08 10:00:00,NSE:GOODYEAR,969.5,970.0,965.0,969.0,1697.0
2021-01-08 10:15:00,NSE:GOODYEAR,969.0,972.9,966.95,970.5,1574.0
2021-01-08 10:30:00,NSE:GOODYEAR,969.3,971.95,969.3,971.1,482.0
2021-01-08 10:45:00,NSE:GOODYEAR,971.1,971.95,969.3,969.3,175.0
2021-01-08 11:00:00,NSE:GOODYEAR,969.0,970.45,968.2,968.25,219.0
2021-01-08 11:15:00,NSE:GOODYEAR,968.2,970.0,967.2,968.2,229.0
2021-01-08 11:30:00,NSE:GOODYEAR,968.2,970.0,967.2,969.9,322.0
2021-01-08 11:45:00,NSE:GOODYEAR,972.0,976.2,967.0,967.05,1501.0
2021-01-08 12:00:00,NSE:GOODYEAR,967.55,970.15,967.0,967.45,817.0
2021-01-08 12:15:00,NSE:GOODYEAR,967.45,967.5,966.2,967.45,675.0
2021-01-08 12:30:00,NSE:GOODYEAR,967.45,972.25,967.0,967.45,1646.0
2021-01-08 12:45:00,NSE:GOODYEAR,967.45,967.45,967.0,967.0,249.0
2021-01-08 13:00:00,NSE:GOODYEAR,967.45,968.0,966.3,967.0,917.0
2021-01-08 13:15:00,NSE:GOODYEAR,966.15,967.45,966.1,967.45,689.0
2021-01-08 13:30:00,NSE:GOODYEAR,967.0,967.4,964.5,964.5,997.0
2021-01-08 13:45:00,NSE:GOODYEAR,964.55,967.9,964.5,966.65,446.0
2021-01-08 14:00:00,NSE:GOODYEAR,965.0,966.85,964.7,964.7,282.0
2021-01-08 14:15:00,NSE:GOODYEAR,966.35,966.5,963.45,963.7,614.0
2021-01-08 14:30:00,NSE:GOODYEAR,966.5,966.5,963.45,966.35,746.0
2021-01-08 14:45:00,NSE:GOODYEAR,966.0,966.9,963.0,964.4,2024.0
2021-01-08 15:00:00,NSE:GOODYEAR,965.9,966.35,962.25,965.35,2654.0
2021-01-08 15:15:00,NSE:GOODYEAR,963.4,968.95,962.25,965.0,3886.0
2021-01-08 15:30:00,NSE:GOODYEAR,965.85,965.85,965.85,965.85,51.0
2021-01-08 15:45:00,NSE:GOODYEAR,965.85,965.85,965.0,965.0,45.0
2021-01-11 09:00:00,NSE:GOODYEAR,964.0,964.0,964.0,964.0,70.0
2021-01-11 09:15:00,NSE:GOODYEAR,964.0,969.65,955.0,961.95,5115.0
2021-01-11 09:30:00,NSE:GOODYEAR,968.95,968.95,961.45,961.45,1176.0
2021-01-11 09:45:00,NSE:GOODYEAR,965.15,967.05,962.0,962.25,908.0
2021-01-11 10:00:00,NSE:GOODYEAR,966.95,968.95,963.35,965.0,1298.0
2021-01-11 10:15:00,NSE:GOODYEAR,965.0,966.95,955.0,955.3,2190.0
2021-01-11 10:30:00,NSE:GOODYEAR,955.55,959.05,955.0,955.1,1233.0
2021-01-11 10:45:00,NSE:GOODYEAR,956.0,956.0,954.0,955.0,1285.0
2021-01-11 11:00:00,NSE:GOODYEAR,956.6,957.05,954.3,954.9,463.0
2021-01-11 11:15:00,NSE:GOODYEAR,955.45,955.45,954.0,955.1,572.0
2021-01-11 11:30:00,NSE:GOODYEAR,954.05,954.25,951.0,951.05,888.0
2021-01-11 11:45:00,NSE:GOODYEAR,951.05,955.65,951.0,955.45,562.0
2021-01-11 12:00:00,NSE:GOODYEAR,954.55,955.45,952.9,954.0,231.0
2021-01-11 12:15:00,NSE:GOODYEAR,954.0,954.7,953.0,953.0,82.0
2021-01-11 12:30:00,NSE:GOODYEAR,955.6,955.6,950.0,950.1,1288.0
2021-01-11 12:45:00,NSE:GOODYEAR,952.0,954.85,950.0,953.65,476.0
2021-01-11 13:00:00,NSE:GOODYEAR,953.65,953.65,950.25,953.05,245.0
2021-01-11 13:15:00,NSE:GOODYEAR,953.05,953.05,950.0,950.15,954.0
2021-01-11 13:30:00,NSE:GOODYEAR,950.4,953.85,950.0,953.45,722.0
2021-01-11 13:45:00,NSE:GOODYEAR,953.85,954.45,953.5,954.45,329.0
2021-01-11 14:00:00,NSE:GOODYEAR,954.75,956.9,954.75,956.9,329.0
2021-01-11 14:15:00,NSE:GOODYEAR,956.0,957.45,954.25,957.0,840.0
2021-01-11 14:30:00,NSE:GOODYEAR,956.0,957.35,950.2,953.5,1389.0
2021-01-11 14:45:00,NSE:GOODYEAR,953.0,954.0,952.5,952.55,320.0
2021-01-11 15:00:00,NSE:GOODYEAR,952.5,954.0,952.5,954.0,1154.0
2021-01-11 15:15:00,NSE:GOODYEAR,955.95,955.95,953.1,954.0,3853.0
2021-01-11 15:45:00,NSE:GOODYEAR,955.0,955.0,955.0,955.0,15.0
2021-01-12 09:00:00,NSE:GOODYEAR,953.5,953.5,953.5,953.5,30.0
2021-01-12 09:15:00,NSE:GOODYEAR,951.95,956.65,945.0,956.6,1264.0
2021-01-12 09:30:00,NSE:GOODYEAR,950.05,954.95,950.05,954.5,823.0
2021-01-12 09:45:00,NSE:GOODYEAR,954.0,964.0,951.05,962.9,1901.0
2021-01-12 10:00:00,NSE:GOODYEAR,963.2,969.0,961.05,965.3,1476.0
2021-01-12 10:15:00,NSE:GOODYEAR,964.35,965.9,963.0,965.0,313.0
2021-01-12 10:30:00,NSE:GOODYEAR,963.2,965.0,956.0,956.0,1654.0
2021-01-12 10:45:00,NSE:GOODYEAR,959.95,960.0,955.25,956.7,263.0
2021-01-12 11:00:00,NSE:GOODYEAR,958.75,960.0,956.45,958.15,639.0
2021-01-12 11:15:00,NSE:GOODYEAR,958.15,960.0,958.05,960.0,162.0
2021-01-12 11:30:00,NSE:GOODYEAR,959.0,960.0,959.0,960.0,2121.0
2021-01-12 11:45:00,NSE:GOODYEAR,960.0,960.0,958.5,958.5,1237.0
2021-01-12 12:00:00,NSE:GOODYEAR,959.5,960.0,958.05,958.2,146.0
2021-01-12 12:15:00,NSE:GOODYEAR,959.7,959.7,956.45,956.45,226.0
2021-01-12 12:30:00,NSE:GOODYEAR,956.6,959.4,956.0,956.6,165.0
2021-01-12 12:45:00,NSE:GOODYEAR,957.0,959.0,956.05,956.3,265.0
2021-01-12 13:00:00,NSE:GOODYEAR,958.45,958.45,953.1,955.0,1381.0
2021-01-12 13:15:00,NSE:GOODYEAR,955.0,958.75,953.1,958.6,212.0
2021-01-12 13:30:00,NSE:GOODYEAR,955.9,959.95,955.9,959.95,200.0
2021-01-12 13:45:00,NSE:GOODYEAR,959.95,959.95,956.85,957.0,182.0
2021-01-12 14:00:00,NSE:GOODYEAR,959.9,959.9,957.0,957.65,82.0
2021-01-12 14:15:00,NSE:GOODYEAR,957.9,960.0,957.7,960.0,581.0
2021-01-12 14:30:00,NSE:GOODYEAR,958.05,959.9,958.05,959.9,91.0
2021-01-12 14:45:00,NSE:GOODYEAR,959.9,959.9,957.7,957.7,348.0
2021-01-12 15:00:00,NSE:GOODYEAR,957.7,959.5,957.0,959.0,440.0
2021-01-12 15:15:00,NSE:GOODYEAR,959.9,967.9,956.9,959.85,1433.0
2021-01-12 15:30:00,NSE:GOODYEAR,959.15,959.15,959.15,959.15,50.0
2021-01-12 15:45:00,NSE:GOODYEAR,959.15,959.15,959.15,959.15,2.0
2021-01-13 09:15:00,NSE:GOODYEAR,955.25,965.7,955.05,962.0,397.0
2021-01-13 09:30:00,NSE:GOODYEAR,962.0,964.95,962.0,962.0,330.0
2021-01-13 09:45:00,NSE:GOODYEAR,963.45,969.0,961.65,969.0,2093.0
2021-01-13 10:00:00,NSE:GOODYEAR,969.0,969.0,964.1,964.2,1099.0
2021-01-13 10:15:00,NSE:GOODYEAR,964.2,966.1,963.1,963.1,630.0
2021-01-13 10:30:00,NSE:GOODYEAR,963.1,964.0,962.1,964.0,165.0
2021-01-13 10:45:00,NSE:GOODYEAR,963.1,964.9,962.1,964.9,241.0
2021-01-13 11:00:00,NSE:GOODYEAR,962.9,983.0,962.25,968.0,4405.0
2021-01-13 11:15:00,NSE:GOODYEAR,968.55,969.95,961.55,964.0,3698.0
2021-01-13 11:30:00,NSE:GOODYEAR,963.0,965.2,961.0,965.0,1406.0
2021-01-13 11:45:00,NSE:GOODYEAR,964.8,965.65,963.55,965.0,802.0
2021-01-13 12:00:00,NSE:GOODYEAR,965.0,965.0,963.0,963.0,571.0
2021-01-13 12:15:00,NSE:GOODYEAR,963.0,965.0,962.05,963.0,651.0
2021-01-13 12:30:00,NSE:GOODYEAR,963.0,963.0,962.0,963.0,207.0
2021-01-13 12:45:00,NSE:GOODYEAR,962.1,963.0,960.15,963.0,593.0
2021-01-13 13:00:00,NSE:GOODYEAR,962.95,963.0,960.25,960.5,60.0
2021-01-13 13:15:00,NSE:GOODYEAR,962.0,962.8,959.55,959.55,491.0
2021-01-13 13:30:00,NSE:GOODYEAR,959.5,959.85,957.1,959.85,1258.0
2021-01-13 13:45:00,NSE:GOODYEAR,959.0,959.0,956.1,957.0,418.0
2021-01-13 14:00:00,NSE:GOODYEAR,956.1,957.0,951.0,957.0,1075.0
2021-01-13 14:15:00,NSE:GOODYEAR,958.7,963.35,953.45,963.35,649.0
2021-01-13 14:30:00,NSE:GOODYEAR,960.85,963.85,957.65,963.05,456.0
2021-01-13 14:45:00,NSE:GOODYEAR,963.15,963.85,958.75,959.95,273.0
2021-01-13 15:00:00,NSE:GOODYEAR,959.95,960.0,958.0,960.0,527.0
2021-01-13 15:15:00,NSE:GOODYEAR,959.95,960.0,955.95,955.95,1154.0
2021-01-14 09:00:00,NSE:GOODYEAR,965.0,965.0,965.0,965.0,2.0
2021-01-14 09:15:00,NSE:GOODYEAR,959.4,971.0,933.95,951.6,2162.0
2021-01-14 09:30:00,NSE:GOODYEAR,955.3,955.3,946.05,948.0,511.0
2021-01-14 09:45:00,NSE:GOODYEAR,952.4,952.85,943.85,950.7,1048.0
2021-01-14 10:00:00,NSE:GOODYEAR,947.2,949.75,946.3,947.95,366.0
2021-01-14 10:15:00,NSE:GOODYEAR,947.75,947.9,947.0,947.9,622.0
2021-01-14 10:30:00,NSE:GOODYEAR,947.9,952.85,946.15,952.85,219.0
2021-01-14 10:45:00,NSE:GOODYEAR,952.8,952.8,947.45,950.2,215.0
2021-01-14 11:00:00,NSE:GOODYEAR,950.2,952.45,947.9,951.4,375.0
2021-01-14 11:15:00,NSE:GOODYEAR,951.85,952.85,949.45,952.85,105.0
2021-01-14 11:30:00,NSE:GOODYEAR,952.85,952.85,949.55,952.7,247.0
2021-01-14 11:45:00,NSE:GOODYEAR,952.7,953.45,950.6,953.45,121.0
2021-01-14 12:00:00,NSE:GOODYEAR,953.95,956.0,951.8,955.0,913.0
2021-01-14 12:15:00,NSE:GOODYEAR,955.0,955.0,954.9,955.0,115.0
2021-01-14 12:30:00,NSE:GOODYEAR,955.0,955.0,954.05,954.05,18.0
2021-01-14 12:45:00,NSE:GOODYEAR,953.6,954.7,953.6,954.7,281.0
2021-01-14 13:00:00,NSE:GOODYEAR,954.7,954.7,953.0,953.0,97.0
2021-01-14 13:15:00,NSE:GOODYEAR,953.6,956.6,953.6,954.0,389.0
2021-01-14 13:30:00,NSE:GOODYEAR,954.0,954.45,953.7,953.7,433.0
2021-01-14 13:45:00,NSE:GOODYEAR,954.45,954.45,954.0,954.0,198.0
2021-01-14 14:00:00,NSE:GOODYEAR,954.45,954.45,953.0,953.0,467.0
2021-01-14 14:15:00,NSE:GOODYEAR,952.1,953.0,950.55,952.5,1410.0
2021-01-14 14:30:00,NSE:GOODYEAR,953.0,953.0,950.45,952.55,776.0
2021-01-14 14:45:00,NSE:GOODYEAR,952.75,953.0,950.6,950.6,42.0
2021-01-14 15:00:00,NSE:GOODYEAR,950.1,953.1,950.1,951.95,382.0
2021-01-14 15:15:00,NSE:GOODYEAR,951.8,953.0,950.05,953.0,803.0
2021-01-14 15:30:00,NSE:GOODYEAR,952.1,952.1,952.1,952.1,10.0
2021-01-15 09:00:00,NSE:GOODYEAR,954.0,954.0,954.0,954.0,4.0
2021-01-15 09:15:00,NSE:GOODYEAR,941.0,958.75,934.0,953.2,902.0
2021-01-15 09:30:00,NSE:GOODYEAR,953.2,953.2,949.1,950.0,354.0
2021-01-15 09:45:00,NSE:GOODYEAR,947.9,948.55,943.0,946.7,791.0
2021-01-15 10:00:00,NSE:GOODYEAR,946.7,947.9,945.0,946.75,276.0
2021-01-15 10:15:00,NSE:GOODYEAR,947.8,952.8,945.9,951.7,478.0
2021-01-15 10:30:00,NSE:GOODYEAR,949.45,949.95,947.5,948.1,75.0
2021-01-15 10:45:00,NSE:GOODYEAR,949.7,950.0,948.0,950.0,125.0
2021-01-15 11:00:00,NSE:GOODYEAR,949.95,950.65,948.5,948.65,243.0
2021-01-15 11:15:00,NSE:GOODYEAR,950.0,950.0,947.0,948.15,100.0
2021-01-15 11:30:00,NSE:GOODYEAR,946.4,946.4,944.0,945.55,343.0
2021-01-15 11:45:00,NSE:GOODYEAR,945.85,947.95,945.85,945.95,26.0
2021-01-15 12:00:00,NSE:GOODYEAR,946.0,946.0,943.35,943.4,123.0
2021-01-15 12:15:00,NSE:GOODYEAR,943.1,944.65,943.0,944.0,149.0
2021-01-15 12:30:00,NSE:GOODYEAR,944.0,946.75,943.25,946.35,156.0
2021-01-15 12:45:00,NSE:GOODYEAR,947.05,947.05,945.05,945.05,12.0
2021-01-15 13:00:00,NSE:GOODYEAR,945.1,948.5,945.1,948.45,299.0
2021-01-15 13:15:00,NSE:GOODYEAR,948.8,948.8,947.05,947.05,40.0
2021-01-15 13:30:00,NSE:GOODYEAR,947.05,948.35,945.0,945.0,225.0
2021-01-15 13:45:00,NSE:GOODYEAR,945.05,945.05,941.0,941.0,621.0
2021-01-15 14:00:00,NSE:GOODYEAR,940.0,943.4,937.05,941.85,666.0
2021-01-15 14:15:00,NSE:GOODYEAR,941.85,943.95,941.85,942.0,1486.0
2021-01-15 14:30:00,NSE:GOODYEAR,942.0,944.9,940.3,940.3,85.0
2021-01-15 14:45:00,NSE:GOODYEAR,942.5,942.5,937.25,940.0,387.0
2021-01-15 15:00:00,NSE:GOODYEAR,940.0,941.45,938.0,940.0,178.0
2021-01-15 15:15:00,NSE:GOODYEAR,941.0,942.0,937.0,937.0,1767.0
2021-01-18 09:00:00,NSE:GOODYEAR,949.0,949.0,949.0,949.0,25.0
2021-01-18 09:15:00,NSE:GOODYEAR,930.0,949.9,930.0,936.1,1001.0
2021-01-18 09:30:00,NSE:GOODYEAR,935.05,937.9,930.0,930.0,607.0
2021-01-18 09:45:00,NSE:GOODYEAR,930.0,934.3,930.0,930.0,406.0
2021-01-18 10:00:00,NSE:GOODYEAR,928.05,930.0,926.0,930.0,273.0
2021-01-18 10:15:00,NSE:GOODYEAR,929.7,929.7,926.0,928.0,83.0
2021-01-18 10:30:00,NSE:GOODYEAR,926.0,928.0,922.25,925.7,547.0
2021-01-18 10:45:00,NSE:GOODYEAR,922.5,926.45,922.5,924.0,209.0
2021-01-18 11:00:00,NSE:GOODYEAR,924.0,925.6,922.0,925.0,526.0
2021-01-18 11:15:00,NSE:GOODYEAR,925.6,926.45,922.35,925.6,268.0
2021-01-18 11:30:00,NSE:GOODYEAR,926.85,926.85,920.05,926.0,384.0
2021-01-18 11:45:00,NSE:GOODYEAR,922.35,926.9,922.35,924.3,381.0
2021-01-18 12:00:00,NSE:GOODYEAR,926.05,927.55,926.05,927.55,41.0
2021-01-18 12:15:00,NSE:GOODYEAR,927.8,928.0,925.4,926.5,109.0
2021-01-18 12:30:00,NSE:GOODYEAR,925.45,926.95,925.45,926.95,74.0
2021-01-18 12:45:00,NSE:GOODYEAR,927.85,927.85,925.0,925.6,118.0
2021-01-18 13:00:00,NSE:GOODYEAR,925.6,927.45,925.1,925.15,112.0
2021-01-18 13:15:00,NSE:GOODYEAR,926.65,926.65,925.15,926.5,90.0
2021-01-18 13:30:00,NSE:GOODYEAR,925.15,926.5,925.15,926.45,145.0
2021-01-18 13:45:00,NSE:GOODYEAR,926.45,926.5,925.15,926.45,373.0
2021-01-18 14:00:00,NSE:GOODYEAR,926.45,926.5,925.55,926.5,312.0
2021-01-18 14:15:00,NSE:GOODYEAR,926.5,926.95,925.05,926.95,388.0
2021-01-18 14:30:00,NSE:GOODYEAR,926.75,927.0,925.55,926.0,234.0
2021-01-18 14:45:00,NSE:GOODYEAR,925.0,925.0,920.15,923.5,908.0
2021-01-18 15:00:00,NSE:GOODYEAR,924.0,925.7,920.05,920.55,464.0
2021-01-18 15:15:00,NSE:GOODYEAR,920.55,924.9,920.0,920.0,1191.0
2021-01-18 15:30:00,NSE:GOODYEAR,921.05,921.05,921.05,921.05,5.0
2021-01-18 15:45:00,NSE:GOODYEAR,921.05,921.05,921.05,921.05,4.0
2021-01-19 09:00:00,NSE:GOODYEAR,929.1,929.1,929.1,929.1,14.0
2021-01-19 09:15:00,NSE:GOODYEAR,928.95,931.85,921.2,928.5,410.0
2021-01-19 09:30:00,NSE:GOODYEAR,930.0,930.0,927.0,929.35,265.0
2021-01-19 09:45:00,NSE:GOODYEAR,927.1,929.2,926.5,929.2,313.0
2021-01-19 10:00:00,NSE:GOODYEAR,928.25,933.55,928.0,933.55,1057.0
2021-01-19 10:15:00,NSE:GOODYEAR,931.7,937.65,931.7,935.0,137.0
2021-01-19 10:30:00,NSE:GOODYEAR,931.65,935.0,930.0,935.0,210.0
2021-01-19 10:45:00,NSE:GOODYEAR,934.95,934.95,931.25,933.55,82.0
2021-01-19 11:00:00,NSE:GOODYEAR,934.0,934.7,930.8,932.45,99.0
2021-01-19 11:15:00,NSE:GOODYEAR,934.7,934.7,932.0,932.0,30.0
2021-01-19 11:30:00,NSE:GOODYEAR,932.0,934.6,932.0,933.9,42.0
2021-01-19 11:45:00,NSE:GOODYEAR,934.0,934.6,932.65,934.6,113.0
2021-01-19 12:00:00,NSE:GOODYEAR,934.6,934.6,931.9,932.7,33.0
2021-01-19 12:15:00,NSE:GOODYEAR,932.7,933.25,932.7,933.05,197.0
2021-01-19 12:30:00,NSE:GOODYEAR,934.05,935.0,934.05,934.05,114.0
2021-01-19 12:45:00,NSE:GOODYEAR,932.25,933.3,931.8,931.95,71.0
2021-01-19 13:00:00,NSE:GOODYEAR,933.0,936.75,933.0,936.75,118.0
2021-01-19 13:15:00,NSE:GOODYEAR,936.75,937.0,936.0,936.85,171.0
2021-01-19 13:30:00,NSE:GOODYEAR,935.0,935.0,933.05,935.0,202.0
2021-01-19 13:45:00,NSE:GOODYEAR,934.0,935.0,928.85,928.85,480.0
2021-01-19 14:00:00,NSE:GOODYEAR,928.0,930.0,926.45,928.0,512.0
2021-01-19 14:15:00,NSE:GOODYEAR,927.0,929.35,927.0,929.35,109.0
2021-01-19 14:30:00,NSE:GOODYEAR,929.0,929.85,927.15,929.85,36.0
2021-01-19 14:45:00,NSE:GOODYEAR,927.2,929.9,926.5,928.95,131.0
2021-01-19 15:00:00,NSE:GOODYEAR,927.7,936.95,925.8,936.0,1420.0
2021-01-19 15:15:00,NSE:GOODYEAR,935.0,940.0,930.4,940.0,1433.0
2021-01-19 15:45:00,NSE:GOODYEAR,934.35,934.35,934.35,934.35,10.0
2021-01-20 09:00:00,NSE:GOODYEAR,926.5,926.5,926.5,926.5,58.0
2021-01-20 09:15:00,NSE:GOODYEAR,937.3,944.95,931.0,944.95,436.0
2021-01-20 09:30:00,NSE:GOODYEAR,946.1,946.75,940.0,945.5,468.0
2021-01-20 09:45:00,NSE:GOODYEAR,946.25,946.25,944.4,946.25,63.0
2021-01-20 10:00:00,NSE:GOODYEAR,943.25,946.15,940.85,943.8,392.0
2021-01-20 10:15:00,NSE:GOODYEAR,943.75,947.0,941.55,947.0,367.0
2021-01-20 10:30:00,NSE:GOODYEAR,946.95,950.0,945.5,949.95,837.0
2021-01-20 10:45:00,NSE:GOODYEAR,948.1,956.0,944.9,952.65,1933.0
2021-01-20 11:00:00,NSE:GOODYEAR,954.95,989.9,954.0,982.8,8998.0
2021-01-20 11:15:00,NSE:GOODYEAR,982.75,982.95,972.0,975.75,3422.0
2021-01-20 11:30:00,NSE:GOODYEAR,975.05,979.35,970.05,971.0,971.0
2021-01-20 11:45:00,NSE:GOODYEAR,971.0,978.1,965.0,975.5,2120.0
2021-01-20 12:00:00,NSE:GOODYEAR,975.95,977.25,971.0,974.4,424.0
2021-01-20 12:15:00,NSE:GOODYEAR,973.95,973.95,965.15,966.65,843.0
2021-01-20 12:30:00,NSE:GOODYEAR,966.65,970.0,963.65,968.05,894.0
2021-01-20 12:45:00,NSE:GOODYEAR,968.05,972.9,965.25,972.0,679.0
2021-01-20 13:00:00,NSE:GOODYEAR,974.0,975.55,969.95,970.9,559.0
2021-01-20 13:15:00,NSE:GOODYEAR,969.9,970.0,964.35,966.35,1067.0
2021-01-20 13:30:00,NSE:GOODYEAR,968.35,972.9,966.65,970.35,795.0
2021-01-20 13:45:00,NSE:GOODYEAR,971.25,972.65,968.9,971.0,403.0
2021-01-20 14:00:00,NSE:GOODYEAR,970.5,971.0,969.0,970.0,311.0
2021-01-20 14:15:00,NSE:GOODYEAR,969.45,972.9,968.6,972.45,594.0
2021-01-20 14:30:00,NSE:GOODYEAR,974.45,978.6,972.9,972.9,1151.0
2021-01-20 14:45:00,NSE:GOODYEAR,974.0,974.95,969.95,974.95,1640.0
2021-01-20 15:00:00,NSE:GOODYEAR,973.95,998.4,973.95,984.05,14447.0
2021-01-20 15:15:00,NSE:GOODYEAR,980.05,992.0,975.65,987.0,7423.0
2021-01-20 15:30:00,NSE:GOODYEAR,987.25,987.25,987.0,987.25,14.0
2021-01-20 15:45:00,NSE:GOODYEAR,987.25,987.25,987.0,987.25,426.0
2021-01-21 09:00:00,NSE:GOODYEAR,997.65,997.65,997.65,997.65,316.0
2021-01-21 09:15:00,NSE:GOODYEAR,999.0,999.0,984.0,985.0,4857.0
2021-01-21 09:30:00,NSE:GOODYEAR,985.0,990.0,982.35,984.0,4253.0
2021-01-21 09:45:00,NSE:GOODYEAR,984.0,988.0,982.0,985.0,2556.0
2021-01-21 10:00:00,NSE:GOODYEAR,985.0,990.0,985.0,987.95,2612.0
2021-01-21 10:15:00,NSE:GOODYEAR,988.0,988.0,983.0,984.0,3052.0
2021-01-21 10:30:00,NSE:GOODYEAR,984.0,987.0,983.1,984.95,3684.0
2021-01-21 10:45:00,NSE:GOODYEAR,983.75,1029.4,983.0,1009.0,40238.0
2021-01-21 11:00:00,NSE:GOODYEAR,1009.0,1011.25,1000.05,1002.6,6422.0
2021-01-21 11:15:00,NSE:GOODYEAR,1002.6,1004.95,989.55,993.0,5232.0
2021-01-21 11:30:00,NSE:GOODYEAR,995.0,997.0,990.2,995.95,2188.0
2021-01-21 11:45:00,NSE:GOODYEAR,994.2,995.95,983.7,986.55,2812.0
2021-01-21 12:00:00,NSE:GOODYEAR,987.8,995.0,986.55,986.55,2445.0
2021-01-21 12:15:00,NSE:GOODYEAR,986.55,997.35,986.55,996.0,3486.0
2021-01-21 12:30:00,NSE:GOODYEAR,996.0,1004.4,992.65,996.9,6613.0
2021-01-21 12:45:00,NSE:GOODYEAR,999.55,1000.6,990.1,999.95,20183.0
2021-01-21 13:00:00,NSE:GOODYEAR,1000.1,1004.9,995.65,1000.0,3737.0
2021-01-21 13:15:00,NSE:GOODYEAR,1001.5,1007.3,999.0,999.95,3152.0
2021-01-21 13:30:00,NSE:GOODYEAR,1000.0,1016.45,1000.0,1015.55,13424.0
2021-01-21 13:45:00,NSE:GOODYEAR,1015.95,1019.9,1003.0,1009.0,9794.0
2021-01-21 14:00:00,NSE:GOODYEAR,1009.0,1009.95,990.45,992.0,7306.0
2021-01-21 14:15:00,NSE:GOODYEAR,992.05,998.75,990.2,998.55,5447.0
2021-01-21 14:30:00,NSE:GOODYEAR,997.0,999.0,991.0,991.0,4934.0
2021-01-21 14:45:00,NSE:GOODYEAR,990.3,990.3,980.3,985.4,6492.0
2021-01-21 15:00:00,NSE:GOODYEAR,985.3,989.0,970.05,988.15,5441.0
2021-01-21 15:15:00,NSE:GOODYEAR,988.0,991.2,980.25,980.25,8043.0
2021-01-21 15:30:00,NSE:GOODYEAR,980.25,985.6,980.25,985.6,18.0
2021-01-21 15:45:00,NSE:GOODYEAR,985.6,985.6,980.25,985.6,273.0
2021-01-22 09:00:00,NSE:GOODYEAR,1028.7,1028.7,1028.7,1028.7,1397.0
2021-01-22 09:15:00,NSE:GOODYEAR,1015.05,1033.35,1012.0,1012.0,27944.0
2021-01-22 09:30:00,NSE:GOODYEAR,1012.0,1024.5,1002.0,1024.0,9466.0
2021-01-22 09:45:00,NSE:GOODYEAR,1024.5,1027.0,1015.0,1017.95,11181.0
2021-01-22 10:00:00,NSE:GOODYEAR,1019.65,1026.05,1015.1,1018.0,7319.0
2021-01-22 10:15:00,NSE:GOODYEAR,1016.0,1018.0,1012.5,1015.8,4103.0
2021-01-22 10:30:00,NSE:GOODYEAR,1014.4,1018.0,1009.0,1012.75,5495.0
2021-01-22 10:45:00,NSE:GOODYEAR,1014.15,1014.15,1003.2,1010.0,8872.0
2021-01-22 11:00:00,NSE:GOODYEAR,1010.0,1011.8,1006.85,1006.9,2819.0
2021-01-22 11:15:00,NSE:GOODYEAR,1006.9,1011.95,1005.2,1010.1,1804.0
2021-01-22 11:30:00,NSE:GOODYEAR,1013.0,1018.05,1010.1,1014.8,2830.0
2021-01-22 11:45:00,NSE:GOODYEAR,1014.4,1021.95,1012.0,1020.45,4302.0
2021-01-22 12:00:00,NSE:GOODYEAR,1020.45,1025.0,1015.0,1015.2,5662.0
2021-01-22 12:15:00,NSE:GOODYEAR,1015.3,1015.3,1006.0,1008.45,2206.0
2021-01-22 12:30:00,NSE:GOODYEAR,1008.45,1009.8,1004.15,1005.3,4090.0
2021-01-22 12:45:00,NSE:GOODYEAR,1006.7,1009.5,1005.0,1006.0,818.0
2021-01-22 13:00:00,NSE:GOODYEAR,1006.0,1009.25,1000.0,1000.85,2472.0
2021-01-22 13:15:00,NSE:GOODYEAR,1005.05,1014.3,1000.75,1009.95,1823.0
2021-01-22 13:30:00,NSE:GOODYEAR,1009.85,1010.8,1005.0,1005.0,2192.0
2021-01-22 13:45:00,NSE:GOODYEAR,1006.0,1006.95,1001.7,1001.7,1620.0
2021-01-22 14:00:00,NSE:GOODYEAR,1000.55,1003.65,996.0,997.0,2289.0
2021-01-22 14:15:00,NSE:GOODYEAR,995.6,1005.2,995.3,1005.0,1369.0
2021-01-22 14:30:00,NSE:GOODYEAR,1005.95,1014.7,1004.05,1012.8,3872.0
2021-01-22 14:45:00,NSE:GOODYEAR,1011.05,1013.0,1005.0,1005.15,4359.0
2021-01-22 15:00:00,NSE:GOODYEAR,1007.8,1009.95,1005.0,1007.95,4714.0
2021-01-22 15:15:00,NSE:GOODYEAR,1007.7,1013.0,1005.05,1007.0,7950.0
2021-01-22 15:30:00,NSE:GOODYEAR,1008.0,1008.0,1007.0,1008.0,246.0
2021-01-22 15:45:00,NSE:GOODYEAR,1008.0,1008.0,1007.0,1007.0,100.0
2021-01-25 09:00:00,NSE:GOODYEAR,1020.0,1020.0,1020.0,1020.0,415.0
2021-01-25 09:15:00,NSE:GOODYEAR,1029.0,1029.0,1000.1,1007.95,6749.0
2021-01-25 09:30:00,NSE:GOODYEAR,1009.0,1014.9,1005.0,1005.7,5759.0
2021-01-25 09:45:00,NSE:GOODYEAR,1006.0,1014.65,1000.0,1011.15,7680.0
2021-01-25 10:00:00,NSE:GOODYEAR,1008.75,1012.0,1007.2,1010.0,3238.0
2021-01-25 10:15:00,NSE:GOODYEAR,1008.35,1022.3,1006.0,1006.05,9542.0
2021-01-25 10:30:00,NSE:GOODYEAR,1008.95,1009.8,1000.0,1000.0,2455.0
2021-01-25 10:45:00,NSE:GOODYEAR,1000.0,1003.35,996.05,1000.0,3497.0
2021-01-25 11:00:00,NSE:GOODYEAR,1000.3,1002.45,998.0,999.8,359.0
2021-01-25 11:15:00,NSE:GOODYEAR,999.8,1000.5,996.0,1000.5,920.0
2021-01-25 11:30:00,NSE:GOODYEAR,1000.45,1000.45,995.0,995.0,2719.0
2021-01-25 11:45:00,NSE:GOODYEAR,995.0,998.95,995.0,995.05,1110.0
2021-01-25 12:00:00,NSE:GOODYEAR,995.1,999.0,995.0,999.0,386.0
2021-01-25 12:15:00,NSE:GOODYEAR,999.0,999.0,995.25,997.9,302.0
2021-01-25 12:30:00,NSE:GOODYEAR,998.7,998.7,995.5,997.45,225.0
2021-01-25 12:45:00,NSE:GOODYEAR,997.45,998.0,995.05,996.4,1372.0
2021-01-25 13:00:00,NSE:GOODYEAR,997.15,998.0,996.3,997.95,1265.0
2021-01-25 13:15:00,NSE:GOODYEAR,997.85,998.95,995.05,997.0,517.0
2021-01-25 13:30:00,NSE:GOODYEAR,997.5,997.5,995.05,995.5,187.0
2021-01-25 13:45:00,NSE:GOODYEAR,995.4,997.3,995.0,997.05,242.0
2021-01-25 14:00:00,NSE:GOODYEAR,996.8,997.55,992.55,994.0,1338.0
2021-01-25 14:15:00,NSE:GOODYEAR,992.4,993.15,986.0,986.7,968.0
2021-01-25 14:30:00,NSE:GOODYEAR,986.0,989.0,983.1,983.1,869.0
2021-01-25 14:45:00,NSE:GOODYEAR,983.0,995.0,982.5,991.15,1436.0
2021-01-25 15:00:00,NSE:GOODYEAR,993.75,995.0,986.0,986.0,3165.0
2021-01-25 15:15:00,NSE:GOODYEAR,986.0,990.0,983.0,988.0,2184.0
2021-01-25 15:30:00,NSE:GOODYEAR,990.3,990.3,988.0,988.0,50.0
2021-01-25 15:45:00,NSE:GOODYEAR,990.3,990.3,988.0,990.3,110.0
2021-01-27 09:00:00,NSE:GOODYEAR,990.0,990.0,990.0,990.0,62.0
2021-01-27 09:15:00,NSE:GOODYEAR,985.05,987.1,959.0,959.6,4563.0
2021-01-27 09:30:00,NSE:GOODYEAR,957.95,960.25,952.5,957.0,4225.0
2021-01-27 09:45:00,NSE:GOODYEAR,956.0,957.5,951.0,956.25,909.0
2021-01-27 10:00:00,NSE:GOODYEAR,956.2,965.0,956.0,965.0,2590.0
2021-01-27 10:15:00,NSE:GOODYEAR,966.75,968.0,955.1,956.75,1430.0
2021-01-27 10:30:00,NSE:GOODYEAR,955.75,959.75,954.45,959.0,192.0
2021-01-27 10:45:00,NSE:GOODYEAR,957.0,961.0,956.15,958.0,988.0
2021-01-27 11:00:00,NSE:GOODYEAR,954.85,962.3,954.1,962.3,1960.0
2021-01-27 11:15:00,NSE:GOODYEAR,960.45,962.5,951.9,951.9,3265.0
2021-01-27 11:30:00,NSE:GOODYEAR,952.0,955.75,952.0,954.95,184.0
2021-01-27 11:45:00,NSE:GOODYEAR,955.0,955.0,953.0,953.0,104.0
2021-01-27 12:00:00,NSE:GOODYEAR,953.0,954.35,952.5,953.1,123.0
2021-01-27 12:15:00,NSE:GOODYEAR,954.4,954.4,952.55,954.4,154.0
2021-01-27 12:30:00,NSE:GOODYEAR,954.2,954.35,952.3,954.3,128.0
2021-01-27 12:45:00,NSE:GOODYEAR,952.5,954.4,952.35,952.5,506.0
2021-01-27 13:00:00,NSE:GOODYEAR,954.15,965.0,951.95,952.7,3683.0
2021-01-27 13:15:00,NSE:GOODYEAR,953.05,955.6,951.25,952.5,1180.0
2021-01-27 13:30:00,NSE:GOODYEAR,954.2,955.6,949.35,951.35,1101.0
2021-01-27 13:45:00,NSE:GOODYEAR,951.15,955.65,951.15,952.65,330.0
2021-01-27 14:00:00,NSE:GOODYEAR,952.2,955.6,952.2,953.05,128.0
2021-01-27 14:15:00,NSE:GOODYEAR,955.0,955.0,950.15,950.8,594.0
2021-01-27 14:30:00,NSE:GOODYEAR,950.15,951.0,948.0,949.75,586.0
2021-01-27 14:45:00,NSE:GOODYEAR,949.75,951.95,948.0,950.15,1007.0
2021-01-27 15:00:00,NSE:GOODYEAR,950.85,952.0,948.5,951.9,679.0
2021-01-27 15:15:00,NSE:GOODYEAR,951.95,953.95,945.1,947.0,2133.0
2021-01-28 09:00:00,NSE:GOODYEAR,949.95,949.95,949.95,949.95,1.0
2021-01-28 09:15:00,NSE:GOODYEAR,949.95,949.95,922.55,934.35,3003.0
2021-01-28 09:30:00,NSE:GOODYEAR,930.85,939.85,930.85,935.2,1199.0
2021-01-28 09:45:00,NSE:GOODYEAR,936.45,939.85,934.0,937.0,846.0
2021-01-28 10:00:00,NSE:GOODYEAR,937.0,937.0,931.0,934.7,1134.0
2021-01-28 10:15:00,NSE:GOODYEAR,935.9,940.3,931.4,936.9,1190.0
2021-01-28 10:30:00,NSE:GOODYEAR,936.0,936.8,933.0,934.0,194.0
2021-01-28 10:45:00,NSE:GOODYEAR,934.1,940.0,932.15,939.0,775.0
2021-01-28 11:00:00,NSE:GOODYEAR,939.95,940.0,935.1,938.2,1529.0
2021-01-28 11:15:00,NSE:GOODYEAR,938.15,940.0,931.4,931.7,1380.0
2021-01-28 11:30:00,NSE:GOODYEAR,931.75,932.45,929.45,930.05,1262.0
2021-01-28 11:45:00,NSE:GOODYEAR,931.65,932.75,930.0,930.5,305.0
2021-01-28 12:00:00,NSE:GOODYEAR,930.9,931.35,929.65,930.9,329.0
2021-01-28 12:15:00,NSE:GOODYEAR,930.0,931.45,929.6,930.0,132.0
2021-01-28 12:30:00,NSE:GOODYEAR,931.25,931.3,929.55,929.8,731.0
2021-01-28 12:45:00,NSE:GOODYEAR,929.8,929.8,927.4,929.75,1364.0
2021-01-28 13:00:00,NSE:GOODYEAR,929.75,929.75,928.5,928.55,318.0
2021-01-28 13:15:00,NSE:GOODYEAR,929.75,929.75,928.5,928.55,148.0
2021-01-28 13:30:00,NSE:GOODYEAR,929.75,932.75,928.5,930.65,827.0
2021-01-28 13:45:00,NSE:GOODYEAR,931.7,932.25,929.45,930.5,164.0
2021-01-28 14:00:00,NSE:GOODYEAR,931.6,931.6,929.15,930.6,200.0
2021-01-28 14:15:00,NSE:GOODYEAR,930.6,932.0,929.15,929.15,34.0
2021-01-28 14:30:00,NSE:GOODYEAR,931.0,932.75,928.5,929.1,424.0
2021-01-28 14:45:00,NSE:GOODYEAR,931.4,931.4,928.5,928.5,847.0
2021-01-28 15:00:00,NSE:GOODYEAR,929.0,934.2,928.5,932.55,1069.0
2021-01-28 15:15:00,NSE:GOODYEAR,930.0,953.0,928.5,935.0,2665.0
2021-01-29 09:00:00,NSE:GOODYEAR,934.1,934.1,934.1,934.1,37.0
2021-01-29 09:15:00,NSE:GOODYEAR,942.3,948.95,937.7,946.95,1174.0
2021-01-29 09:30:00,NSE:GOODYEAR,948.75,948.75,945.0,945.05,300.0
2021-01-29 09:45:00,NSE:GOODYEAR,947.0,949.0,942.1,942.1,767.0
2021-01-29 10:00:00,NSE:GOODYEAR,944.35,947.0,941.8,944.55,372.0
2021-01-29 10:15:00,NSE:GOODYEAR,946.95,946.95,943.75,943.75,2133.0
2021-01-29 10:30:00,NSE:GOODYEAR,943.75,944.9,943.75,943.8,200.0
2021-01-29 10:45:00,NSE:GOODYEAR,944.9,946.3,943.85,944.5,413.0
2021-01-29 11:00:00,NSE:GOODYEAR,945.2,945.2,944.5,944.5,285.0
2021-01-29 11:15:00,NSE:GOODYEAR,944.5,944.5,941.0,941.0,1749.0
2021-01-29 11:30:00,NSE:GOODYEAR,941.2,942.6,940.2,940.25,57.0
2021-01-29 11:45:00,NSE:GOODYEAR,940.25,943.0,940.0,940.1,442.0
2021-01-29 12:00:00,NSE:GOODYEAR,941.4,942.4,939.0,940.7,237.0
2021-01-29 12:15:00,NSE:GOODYEAR,942.15,944.0,937.95,937.95,287.0
2021-01-29 12:30:00,NSE:GOODYEAR,938.45,940.45,938.45,939.2,389.0
2021-01-29 12:45:00,NSE:GOODYEAR,941.1,941.1,940.0,940.0,7.0
2021-01-29 13:00:00,NSE:GOODYEAR,940.0,940.0,936.6,938.9,138.0
2021-01-29 13:15:00,NSE:GOODYEAR,937.9,937.9,937.0,937.0,61.0
2021-01-29 13:30:00,NSE:GOODYEAR,937.75,938.55,936.0,938.4,119.0
2021-01-29 13:45:00,NSE:GOODYEAR,936.0,936.55,934.25,936.55,217.0
2021-01-29 14:00:00,NSE:GOODYEAR,938.0,939.0,936.0,936.05,158.0
2021-01-29 14:15:00,NSE:GOODYEAR,938.3,938.65,936.15,936.15,184.0
2021-01-29 14:30:00,NSE:GOODYEAR,936.15,938.0,936.0,936.0,268.0
2021-01-29 14:45:00,NSE:GOODYEAR,936.85,937.0,935.0,936.8,256.0
2021-01-29 15:00:00,NSE:GOODYEAR,936.0,937.0,925.0,929.9,1334.0
2021-01-29 15:15:00,NSE:GOODYEAR,929.85,932.0,925.0,931.45,1222.0
2021-01-29 15:45:00,NSE:GOODYEAR,928.25,928.25,928.25,928.25,55.0
2021-02-01 09:00:00,NSE:GOODYEAR,933.0,933.0,933.0,933.0,4.0
2021-02-01 09:15:00,NSE:GOODYEAR,936.75,937.75,926.05,928.9,467.0
2021-02-01 09:30:00,NSE:GOODYEAR,928.9,930.95,926.8,927.0,546.0
2021-02-01 09:45:00,NSE:GOODYEAR,926.05,926.95,924.65,924.7,698.0
2021-02-01 10:00:00,NSE:GOODYEAR,925.0,926.6,924.0,924.0,1093.0
2021-02-01 10:15:00,NSE:GOODYEAR,924.05,926.25,924.05,925.0,249.0
2021-02-01 10:30:00,NSE:GOODYEAR,925.0,927.0,925.0,926.0,714.0
2021-02-01 10:45:00,NSE:GOODYEAR,927.0,928.1,926.0,926.0,589.0
2021-02-01 11:00:00,NSE:GOODYEAR,926.0,927.0,926.0,927.0,286.0
2021-02-01 11:15:00,NSE:GOODYEAR,926.0,930.0,926.0,927.3,218.0
2021-02-01 11:30:00,NSE:GOODYEAR,929.0,933.45,929.0,931.15,459.0
2021-02-01 11:45:00,NSE:GOODYEAR,931.0,933.65,926.0,929.0,1428.0
2021-02-01 12:00:00,NSE:GOODYEAR,929.25,932.05,928.1,928.1,583.0
2021-02-01 12:15:00,NSE:GOODYEAR,926.55,929.5,926.55,928.0,61.0
2021-02-01 12:30:00,NSE:GOODYEAR,928.0,930.7,928.0,930.25,97.0
2021-02-01 12:45:00,NSE:GOODYEAR,929.6,932.25,929.4,930.35,1080.0
2021-02-01 13:00:00,NSE:GOODYEAR,930.2,931.4,922.0,923.0,1089.0
2021-02-01 13:15:00,NSE:GOODYEAR,928.9,932.75,928.9,929.8,972.0
2021-02-01 13:30:00,NSE:GOODYEAR,932.6,932.6,927.6,930.0,2147.0
2021-02-01 13:45:00,NSE:GOODYEAR,930.0,930.75,926.05,926.25,1084.0
2021-02-01 14:00:00,NSE:GOODYEAR,927.85,929.95,919.95,927.4,3328.0
2021-02-01 14:15:00,NSE:GOODYEAR,925.75,932.0,925.75,929.95,1948.0
2021-02-01 14:30:00,NSE:GOODYEAR,927.55,931.4,927.55,929.25,635.0
2021-02-01 14:45:00,NSE:GOODYEAR,930.05,932.0,927.0,929.95,2971.0
2021-02-01 15:00:00,NSE:GOODYEAR,931.2,932.75,927.75,930.2,1041.0
2021-02-01 15:15:00,NSE:GOODYEAR,930.6,934.7,927.6,930.05,1534.0
2021-02-01 15:45:00,NSE:GOODYEAR,929.9,930.05,929.9,930.05,13.0
2021-02-02 09:00:00,NSE:GOODYEAR,947.0,947.0,947.0,947.0,60.0
2021-02-02 09:15:00,NSE:GOODYEAR,946.95,965.0,945.0,958.5,3734.0
2021-02-02 09:30:00,NSE:GOODYEAR,958.65,958.75,955.0,957.85,849.0
2021-02-02 09:45:00,NSE:GOODYEAR,954.25,955.0,950.0,952.75,1222.0
2021-02-02 10:00:00,NSE:GOODYEAR,948.4,955.0,948.4,953.4,829.0
2021-02-02 10:15:00,NSE:GOODYEAR,954.95,955.75,949.7,954.3,2587.0
2021-02-02 10:30:00,NSE:GOODYEAR,956.1,958.0,953.35,958.0,982.0
2021-02-02 10:45:00,NSE:GOODYEAR,957.55,958.2,954.3,957.4,626.0
2021-02-02 11:00:00,NSE:GOODYEAR,956.0,958.6,954.0,958.0,1049.0
2021-02-02 11:15:00,NSE:GOODYEAR,958.75,961.25,958.75,960.95,2287.0
2021-02-02 11:30:00,NSE:GOODYEAR,960.0,961.5,960.0,960.0,308.0
2021-02-02 11:45:00,NSE:GOODYEAR,960.0,960.8,959.0,960.0,3783.0
2021-02-02 12:00:00,NSE:GOODYEAR,960.0,966.0,960.0,966.0,857.0
2021-02-02 12:15:00,NSE:GOODYEAR,966.0,966.0,963.0,964.4,969.0
2021-02-02 12:30:00,NSE:GOODYEAR,964.0,964.0,958.2,958.2,300.0
2021-02-02 12:45:00,NSE:GOODYEAR,958.2,959.45,957.25,959.0,250.0
2021-02-02 13:00:00,NSE:GOODYEAR,959.0,959.0,956.75,957.4,370.0
2021-02-02 13:15:00,NSE:GOODYEAR,957.1,961.95,955.1,961.95,422.0
2021-02-02 13:30:00,NSE:GOODYEAR,962.35,962.6,957.15,957.15,470.0
2021-02-02 13:45:00,NSE:GOODYEAR,957.15,960.95,955.0,960.0,1005.0
2021-02-02 14:00:00,NSE:GOODYEAR,960.0,961.0,957.0,959.9,338.0
2021-02-02 14:15:00,NSE:GOODYEAR,959.9,959.9,947.05,954.6,2109.0
2021-02-02 14:30:00,NSE:GOODYEAR,954.8,955.0,946.0,951.55,554.0
2021-02-02 14:45:00,NSE:GOODYEAR,952.15,952.2,949.6,952.15,222.0
2021-02-02 15:00:00,NSE:GOODYEAR,952.15,953.05,950.0,953.05,623.0
2021-02-02 15:15:00,NSE:GOODYEAR,954.8,955.3,945.05,946.55,2302.0
2021-02-02 15:30:00,NSE:GOODYEAR,951.0,951.0,950.95,950.95,22.0
2021-02-03 09:00:00,NSE:GOODYEAR,964.0,964.0,964.0,964.0,48.0
2021-02-03 09:15:00,NSE:GOODYEAR,961.45,962.2,955.0,957.95,848.0
2021-02-03 09:30:00,NSE:GOODYEAR,957.95,961.0,956.9,959.45,540.0
2021-02-03 09:45:00,NSE:GOODYEAR,959.15,960.0,957.45,959.95,977.0
2021-02-03 10:00:00,NSE:GOODYEAR,959.55,968.5,959.15,961.5,1637.0
2021-02-03 10:15:00,NSE:GOODYEAR,961.5,969.3,960.45,967.75,988.0
2021-02-03 10:30:00,NSE:GOODYEAR,967.25,967.25,957.0,959.9,951.0
2021-02-03 10:45:00,NSE:GOODYEAR,959.9,959.9,958.0,959.7,559.0
2021-02-03 11:00:00,NSE:GOODYEAR,959.7,959.8,957.65,957.85,570.0
2021-02-03 11:15:00,NSE:GOODYEAR,959.65,959.8,957.65,959.65,353.0
2021-02-03 11:30:00,NSE:GOODYEAR,959.8,963.3,958.55,963.3,185.0
2021-02-03 11:45:00,NSE:GOODYEAR,964.25,965.0,962.05,964.0,427.0
2021-02-03 12:00:00,NSE:GOODYEAR,964.0,964.0,962.65,963.9,141.0
2021-02-03 12:15:00,NSE:GOODYEAR,963.9,963.9,959.05,960.0,503.0
2021-02-03 12:30:00,NSE:GOODYEAR,959.6,960.0,956.0,957.85,577.0
2021-02-03 12:45:00,NSE:GOODYEAR,957.25,969.4,956.35,968.95,3690.0
2021-02-03 13:00:00,NSE:GOODYEAR,969.0,969.0,964.1,968.1,494.0
2021-02-03 13:15:00,NSE:GOODYEAR,968.0,968.0,966.15,967.35,184.0
2021-02-03 13:30:00,NSE:GOODYEAR,964.9,966.65,964.2,966.55,37.0
2021-02-03 13:45:00,NSE:GOODYEAR,966.3,966.45,964.45,964.6,25.0
2021-02-03 14:00:00,NSE:GOODYEAR,964.3,966.0,962.05,962.45,425.0
2021-02-03 14:15:00,NSE:GOODYEAR,963.1,964.3,955.7,961.7,528.0
2021-02-03 14:30:00,NSE:GOODYEAR,963.0,963.0,959.95,960.35,138.0
2021-02-03 14:45:00,NSE:GOODYEAR,958.5,959.75,957.9,959.25,292.0
2021-02-03 15:00:00,NSE:GOODYEAR,959.2,959.4,957.0,957.05,736.0
2021-02-03 15:15:00,NSE:GOODYEAR,957.05,961.9,955.2,957.05,1434.0
2021-02-04 09:00:00,NSE:GOODYEAR,965.05,965.05,965.05,965.05,112.0
2021-02-04 09:15:00,NSE:GOODYEAR,967.4,987.0,965.9,979.5,3703.0
2021-02-04 09:30:00,NSE:GOODYEAR,979.1,998.5,976.35,998.0,11841.0
2021-02-04 09:45:00,NSE:GOODYEAR,998.45,1047.6,991.3,1020.95,49155.0
2021-02-04 10:00:00,NSE:GOODYEAR,1021.0,1026.95,1008.0,1010.15,11290.0
2021-02-04 10:15:00,NSE:GOODYEAR,1010.9,1014.15,1008.0,1010.0,7127.0
2021-02-04 10:30:00,NSE:GOODYEAR,1010.0,1013.0,1001.75,1009.0,5301.0
2021-02-04 10:45:00,NSE:GOODYEAR,1009.0,1015.0,1003.7,1014.3,9927.0
2021-02-04 11:00:00,NSE:GOODYEAR,1012.55,1015.0,1009.05,1010.6,3018.0
2021-02-04 11:15:00,NSE:GOODYEAR,1009.05,1014.0,1005.0,1007.0,1506.0
2021-02-04 11:30:00,NSE:GOODYEAR,1008.4,1011.9,1006.05,1009.4,505.0
2021-02-04 11:45:00,NSE:GOODYEAR,1009.4,1009.4,1006.0,1006.9,489.0
2021-02-04 12:00:00,NSE:GOODYEAR,1006.5,1009.25,1006.0,1008.2,812.0
2021-02-04 12:15:00,NSE:GOODYEAR,1008.35,1008.7,1000.0,1004.8,1546.0
2021-02-04 12:30:00,NSE:GOODYEAR,1005.05,1005.2,1001.6,1004.05,643.0
2021-02-04 12:45:00,NSE:GOODYEAR,1004.05,1005.0,1001.0,1002.1,1473.0
2021-02-04 13:00:00,NSE:GOODYEAR,1003.35,1004.7,1001.05,1003.55,627.0
2021-02-04 13:15:00,NSE:GOODYEAR,1003.05,1008.95,1003.05,1006.15,1666.0
2021-02-04 13:30:00,NSE:GOODYEAR,1006.8,1007.0,1002.05,1002.05,854.0
2021-02-04 13:45:00,NSE:GOODYEAR,1002.05,1004.05,997.45,1000.0,1134.0
2021-02-04 14:00:00,NSE:GOODYEAR,1000.0,1000.0,993.05,996.6,1215.0
2021-02-04 14:15:00,NSE:GOODYEAR,996.9,998.0,993.0,994.95,1134.0
2021-02-04 14:30:00,NSE:GOODYEAR,993.0,996.95,991.1,996.55,2998.0
2021-02-04 14:45:00,NSE:GOODYEAR,996.5,998.0,993.45,998.0,796.0
2021-02-04 15:00:00,NSE:GOODYEAR,999.0,999.0,993.95,997.5,1810.0
2021-02-04 15:15:00,NSE:GOODYEAR,997.7,999.0,984.6,987.0,5324.0
2021-02-04 15:30:00,NSE:GOODYEAR,993.25,993.25,987.0,993.25,37.0
2021-02-04 15:45:00,NSE:GOODYEAR,993.25,993.25,987.0,993.25,161.0
2021-02-05 09:00:00,NSE:GOODYEAR,1001.1,1001.1,1001.1,1001.1,46.0
2021-02-05 09:15:00,NSE:GOODYEAR,995.15,1000.0,994.15,998.35,1768.0
2021-02-05 09:30:00,NSE:GOODYEAR,998.4,999.0,986.8,991.25,1569.0
2021-02-05 09:45:00,NSE:GOODYEAR,989.0,992.4,975.0,983.5,1540.0
2021-02-05 10:00:00,NSE:GOODYEAR,983.45,988.0,980.45,981.5,423.0
2021-02-05 10:15:00,NSE:GOODYEAR,983.35,983.35,972.55,978.35,1258.0
2021-02-05 10:30:00,NSE:GOODYEAR,979.2,993.0,977.0,989.85,1934.0
2021-02-05 10:45:00,NSE:GOODYEAR,988.2,994.0,987.55,993.65,1027.0
2021-02-05 11:00:00,NSE:GOODYEAR,993.9,998.85,993.9,998.0,763.0
2021-02-05 11:15:00,NSE:GOODYEAR,996.9,998.75,992.0,995.95,820.0
2021-02-05 11:30:00,NSE:GOODYEAR,995.95,997.0,994.05,994.3,192.0
2021-02-05 11:45:00,NSE:GOODYEAR,994.0,996.75,992.05,996.0,319.0
2021-02-05 12:00:00,NSE:GOODYEAR,996.0,1001.1,992.05,997.95,3057.0
2021-02-05 12:15:00,NSE:GOODYEAR,997.95,999.0,982.8,989.95,1883.0
2021-02-05 12:30:00,NSE:GOODYEAR,989.95,990.45,984.0,989.0,687.0
2021-02-05 12:45:00,NSE:GOODYEAR,988.85,990.15,987.55,989.0,154.0
2021-02-05 13:00:00,NSE:GOODYEAR,989.0,989.0,985.5,987.6,163.0
2021-02-05 13:15:00,NSE:GOODYEAR,987.55,989.9,985.3,988.8,619.0
2021-02-05 13:30:00,NSE:GOODYEAR,988.55,988.55,976.0,981.0,1670.0
2021-02-05 13:45:00,NSE:GOODYEAR,976.6,980.0,976.6,978.05,197.0
2021-02-05 14:00:00,NSE:GOODYEAR,978.5,980.0,978.5,980.0,152.0
2021-02-05 14:15:00,NSE:GOODYEAR,978.0,979.95,973.0,973.95,1036.0
2021-02-05 14:30:00,NSE:GOODYEAR,971.6,978.85,970.0,978.85,1059.0
2021-02-05 14:45:00,NSE:GOODYEAR,977.0,978.0,972.35,975.2,444.0
2021-02-05 15:00:00,NSE:GOODYEAR,975.2,977.8,968.85,969.55,1095.0
2021-02-05 15:15:00,NSE:GOODYEAR,969.6,979.0,966.0,971.05,2575.0
2021-02-05 15:30:00,NSE:GOODYEAR,975.0,975.0,975.0,975.0,35.0
2021-02-08 09:00:00,NSE:GOODYEAR,990.0,990.0,990.0,990.0,246.0
2021-02-08 09:15:00,NSE:GOODYEAR,990.0,1007.45,989.1,998.0,3385.0
2021-02-08 09:30:00,NSE:GOODYEAR,996.5,1004.8,996.5,999.4,2469.0
2021-02-08 09:45:00,NSE:GOODYEAR,999.2,1008.0,993.0,995.55,3369.0
2021-02-08 10:00:00,NSE:GOODYEAR,994.2,998.2,994.2,997.6,498.0
2021-02-08 10:15:00,NSE:GOODYEAR,997.4,998.0,993.0,996.25,667.0
2021-02-08 10:30:00,NSE:GOODYEAR,996.95,997.9,995.85,995.95,337.0
2021-02-08 10:45:00,NSE:GOODYEAR,995.95,997.0,995.0,996.95,509.0
2021-02-08 11:00:00,NSE:GOODYEAR,994.95,995.0,991.8,993.9,2160.0
2021-02-08 11:15:00,NSE:GOODYEAR,993.85,993.85,982.8,987.8,3945.0
2021-02-08 11:30:00,NSE:GOODYEAR,986.85,991.7,986.85,991.7,537.0
2021-02-08 11:45:00,NSE:GOODYEAR,990.0,992.45,989.05,992.25,404.0
2021-02-08 12:00:00,NSE:GOODYEAR,991.0,991.95,989.0,990.0,260.0
2021-02-08 12:15:00,NSE:GOODYEAR,990.05,991.95,990.0,990.95,519.0
2021-02-08 12:30:00,NSE:GOODYEAR,990.0,994.0,990.0,992.7,434.0
2021-02-08 12:45:00,NSE:GOODYEAR,992.4,994.25,985.0,986.15,1599.0
2021-02-08 13:00:00,NSE:GOODYEAR,986.2,989.2,986.0,986.55,555.0
2021-02-08 13:15:00,NSE:GOODYEAR,986.8,989.8,981.35,987.0,2237.0
2021-02-08 13:30:00,NSE:GOODYEAR,986.85,986.85,984.1,985.0,180.0
2021-02-08 13:45:00,NSE:GOODYEAR,985.35,986.6,983.0,985.0,212.0
2021-02-08 14:00:00,NSE:GOODYEAR,985.5,987.5,982.15,986.1,2954.0
2021-02-08 14:15:00,NSE:GOODYEAR,987.0,988.35,986.05,986.9,206.0
2021-02-08 14:30:00,NSE:GOODYEAR,986.6,988.2,986.0,987.0,420.0
2021-02-08 14:45:00,NSE:GOODYEAR,986.05,990.0,986.05,987.0,1086.0
2021-02-08 15:00:00,NSE:GOODYEAR,986.0,989.75,986.0,989.75,1639.0
2021-02-08 15:15:00,NSE:GOODYEAR,989.5,994.95,985.05,985.05,1963.0
2021-02-08 15:30:00,NSE:GOODYEAR,988.55,988.55,988.55,988.55,40.0
2021-02-09 09:00:00,NSE:GOODYEAR,990.0,990.0,990.0,990.0,10.0
2021-02-09 09:15:00,NSE:GOODYEAR,990.0,996.15,983.55,993.0,3322.0
2021-02-09 09:30:00,NSE:GOODYEAR,993.0,995.0,989.05,993.0,1028.0
2021-02-09 09:45:00,NSE:GOODYEAR,992.0,996.0,990.0,992.55,2061.0
2021-02-09 10:00:00,NSE:GOODYEAR,993.95,995.25,992.1,992.15,997.0
2021-02-09 10:15:00,NSE:GOODYEAR,992.1,994.5,990.0,993.95,1618.0
2021-02-09 10:30:00,NSE:GOODYEAR,994.0,994.0,989.2,991.5,1141.0
2021-02-09 10:45:00,NSE:GOODYEAR,992.25,993.0,990.0,991.8,358.0
2021-02-09 11:00:00,NSE:GOODYEAR,992.4,993.0,989.15,989.15,364.0
2021-02-09 11:15:00,NSE:GOODYEAR,992.1,994.5,988.2,988.2,2022.0
2021-02-09 11:30:00,NSE:GOODYEAR,988.95,990.6,988.0,988.1,150.0
2021-02-09 11:45:00,NSE:GOODYEAR,989.35,989.35,987.25,988.0,849.0
2021-02-09 12:00:00,NSE:GOODYEAR,989.3,989.3,987.2,988.85,86.0
2021-02-09 12:15:00,NSE:GOODYEAR,989.0,990.3,985.0,985.0,1467.0
2021-02-09 12:30:00,NSE:GOODYEAR,984.0,986.7,980.15,986.7,1260.0
2021-02-09 12:45:00,NSE:GOODYEAR,986.0,987.55,982.8,984.9,745.0
2021-02-09 13:00:00,NSE:GOODYEAR,982.75,984.85,980.2,983.95,335.0
2021-02-09 13:15:00,NSE:GOODYEAR,984.2,984.8,982.15,984.65,69.0
2021-02-09 13:30:00,NSE:GOODYEAR,984.65,988.05,983.65,987.35,768.0
2021-02-09 13:45:00,NSE:GOODYEAR,987.05,988.55,986.0,986.1,842.0
2021-02-09 14:00:00,NSE:GOODYEAR,986.35,987.15,986.0,986.0,1049.0
2021-02-09 14:15:00,NSE:GOODYEAR,986.0,986.95,984.3,984.3,422.0
2021-02-09 14:30:00,NSE:GOODYEAR,984.35,985.0,976.55,980.0,1835.0
2021-02-09 14:45:00,NSE:GOODYEAR,977.0,979.8,976.5,977.4,189.0
2021-02-09 15:00:00,NSE:GOODYEAR,977.35,977.8,972.9,973.0,1794.0
2021-02-09 15:15:00,NSE:GOODYEAR,972.0,974.0,967.0,967.0,3059.0
2021-02-09 15:30:00,NSE:GOODYEAR,966.0,971.85,966.0,966.0,113.0
2021-02-09 15:45:00,NSE:GOODYEAR,971.85,971.85,971.85,971.85,9.0
2021-02-10 09:00:00,NSE:GOODYEAR,971.85,971.85,971.85,971.85,20.0
2021-02-10 09:15:00,NSE:GOODYEAR,976.0,981.5,972.05,972.9,1352.0
2021-02-10 09:30:00,NSE:GOODYEAR,973.1,984.5,973.1,982.5,444.0
2021-02-10 09:45:00,NSE:GOODYEAR,984.8,984.95,980.0,981.0,701.0
2021-02-10 10:00:00,NSE:GOODYEAR,976.6,982.0,976.6,980.1,634.0
2021-02-10 10:15:00,NSE:GOODYEAR,982.45,982.45,974.0,975.55,831.0
2021-02-10 10:30:00,NSE:GOODYEAR,973.25,979.75,973.25,975.1,405.0
2021-02-10 10:45:00,NSE:GOODYEAR,974.95,975.0,972.05,974.3,284.0
2021-02-10 11:00:00,NSE:GOODYEAR,976.0,980.0,973.4,977.3,1366.0
2021-02-10 11:15:00,NSE:GOODYEAR,979.3,979.3,973.35,973.35,1211.0
2021-02-10 11:30:00,NSE:GOODYEAR,975.45,976.0,975.45,976.0,112.0
2021-02-10 11:45:00,NSE:GOODYEAR,975.8,976.0,973.25,974.8,133.0
2021-02-10 12:00:00,NSE:GOODYEAR,974.8,974.8,973.25,974.35,319.0
2021-02-10 12:15:00,NSE:GOODYEAR,974.95,976.3,974.95,975.05,779.0
2021-02-10 12:30:00,NSE:GOODYEAR,974.8,974.8,973.55,974.7,88.0
2021-02-10 12:45:00,NSE:GOODYEAR,973.55,974.9,969.6,971.9,1090.0
2021-02-10 13:00:00,NSE:GOODYEAR,970.0,971.8,970.0,970.4,186.0
2021-02-10 13:15:00,NSE:GOODYEAR,970.0,973.0,966.2,970.0,679.0
2021-02-10 13:30:00,NSE:GOODYEAR,972.9,972.9,970.7,972.0,534.0
2021-02-10 13:45:00,NSE:GOODYEAR,970.55,972.0,970.0,971.05,157.0
2021-02-10 14:00:00,NSE:GOODYEAR,971.0,972.7,970.4,972.0,346.0
2021-02-10 14:15:00,NSE:GOODYEAR,973.15,974.75,972.65,972.65,126.0
2021-02-10 14:30:00,NSE:GOODYEAR,974.0,979.0,973.05,978.95,1565.0
2021-02-10 14:45:00,NSE:GOODYEAR,978.95,978.95,972.35,975.5,316.0
2021-02-10 15:00:00,NSE:GOODYEAR,975.45,978.0,973.0,978.0,589.0
2021-02-10 15:15:00,NSE:GOODYEAR,977.45,980.0,976.5,980.0,2341.0
2021-02-10 15:45:00,NSE:GOODYEAR,977.95,977.95,977.95,977.95,2.0
2021-02-11 09:00:00,NSE:GOODYEAR,970.0,970.0,970.0,970.0,35.0
2021-02-11 09:15:00,NSE:GOODYEAR,975.95,1003.15,973.05,998.0,11744.0
2021-02-11 09:30:00,NSE:GOODYEAR,999.0,999.9,991.25,994.75,6126.0
2021-02-11 09:45:00,NSE:GOODYEAR,995.0,1001.0,985.0,999.6,4175.0
2021-02-11 10:00:00,NSE:GOODYEAR,1001.0,1001.0,994.2,994.2,2011.0
2021-02-11 10:15:00,NSE:GOODYEAR,994.55,997.9,990.45,997.45,795.0
2021-02-11 10:30:00,NSE:GOODYEAR,997.45,997.65,996.0,997.65,418.0
2021-02-11 10:45:00,NSE:GOODYEAR,997.6,997.6,993.0,994.1,712.0
2021-02-11 11:00:00,NSE:GOODYEAR,995.55,995.6,991.55,991.55,238.0
2021-02-11 11:15:00,NSE:GOODYEAR,991.85,992.9,991.0,992.15,482.0
2021-02-11 11:30:00,NSE:GOODYEAR,991.25,995.95,991.25,995.95,317.0
2021-02-11 11:45:00,NSE:GOODYEAR,992.0,992.75,990.65,992.75,128.0
2021-02-11 12:00:00,NSE:GOODYEAR,990.45,992.5,990.1,992.0,270.0
2021-02-11 12:15:00,NSE:GOODYEAR,990.5,992.25,990.5,992.25,193.0
2021-02-11 12:30:00,NSE:GOODYEAR,992.25,997.2,992.0,993.85,672.0
2021-02-11 12:45:00,NSE:GOODYEAR,993.85,994.75,991.4,993.5,231.0
2021-02-11 13:00:00,NSE:GOODYEAR,991.4,995.4,991.4,994.9,710.0
2021-02-11 13:15:00,NSE:GOODYEAR,994.0,996.35,994.0,996.0,318.0
2021-02-11 13:30:00,NSE:GOODYEAR,996.0,997.4,994.0,995.5,768.0
2021-02-11 13:45:00,NSE:GOODYEAR,996.1,996.1,994.0,995.0,237.0
2021-02-11 14:00:00,NSE:GOODYEAR,995.0,996.95,994.05,996.95,806.0
2021-02-11 14:15:00,NSE:GOODYEAR,996.0,1000.25,996.0,998.2,2180.0
2021-02-11 14:30:00,NSE:GOODYEAR,998.0,1000.3,996.25,997.0,1914.0
2021-02-11 14:45:00,NSE:GOODYEAR,997.0,998.0,996.0,996.6,1220.0
2021-02-11 15:00:00,NSE:GOODYEAR,997.25,997.25,991.25,995.05,3468.0
2021-02-11 15:15:00,NSE:GOODYEAR,996.0,1001.0,993.05,1001.0,6068.0
2021-02-11 15:45:00,NSE:GOODYEAR,996.4,996.4,996.4,996.4,21.0
2021-02-12 09:00:00,NSE:GOODYEAR,1008.0,1008.0,1008.0,1008.0,411.0
2021-02-12 09:15:00,NSE:GOODYEAR,1008.05,1013.1,999.05,1007.0,6282.0
2021-02-12 09:30:00,NSE:GOODYEAR,1005.0,1010.0,1003.3,1008.55,1808.0
2021-02-12 09:45:00,NSE:GOODYEAR,1007.25,1008.95,1002.85,1003.3,1537.0
2021-02-12 10:00:00,NSE:GOODYEAR,1002.95,1006.35,1000.0,1006.35,1066.0
2021-02-12 10:15:00,NSE:GOODYEAR,1006.0,1010.0,1004.0,1005.0,1270.0
2021-02-12 10:30:00,NSE:GOODYEAR,1004.0,1006.9,1003.85,1005.95,968.0
2021-02-12 10:45:00,NSE:GOODYEAR,1006.0,1006.0,1002.55,1005.0,606.0
2021-02-12 11:00:00,NSE:GOODYEAR,1003.05,1005.3,1003.0,1004.3,838.0
2021-02-12 11:15:00,NSE:GOODYEAR,1004.3,1005.3,1004.0,1004.0,532.0
2021-02-12 11:30:00,NSE:GOODYEAR,1003.95,1005.3,1001.2,1003.55,688.0
2021-02-12 11:45:00,NSE:GOODYEAR,1001.2,1002.7,1000.1,1002.7,1096.0
2021-02-12 12:00:00,NSE:GOODYEAR,1002.0,1002.55,999.0,1001.5,1995.0
2021-02-12 12:15:00,NSE:GOODYEAR,999.05,1001.5,999.05,1000.05,112.0
2021-02-12 12:30:00,NSE:GOODYEAR,1000.1,1003.75,999.55,999.65,4038.0
2021-02-12 12:45:00,NSE:GOODYEAR,1000.95,1000.95,999.0,999.0,729.0
2021-02-12 13:00:00,NSE:GOODYEAR,999.0,1000.9,996.4,999.05,544.0
2021-02-12 13:15:00,NSE:GOODYEAR,999.15,999.15,997.1,997.1,197.0
2021-02-12 13:30:00,NSE:GOODYEAR,998.65,998.65,997.0,998.0,169.0
2021-02-12 13:45:00,NSE:GOODYEAR,998.0,998.0,988.0,989.95,2203.0
2021-02-12 14:00:00,NSE:GOODYEAR,989.95,990.0,985.0,990.0,858.0
2021-02-12 14:15:00,NSE:GOODYEAR,991.0,997.9,991.0,993.95,708.0
2021-02-12 14:30:00,NSE:GOODYEAR,996.9,996.9,994.05,994.85,683.0
2021-02-12 14:45:00,NSE:GOODYEAR,994.05,996.0,993.45,995.35,238.0
2021-02-12 15:00:00,NSE:GOODYEAR,995.3,999.0,991.95,999.0,789.0
2021-02-12 15:15:00,NSE:GOODYEAR,998.9,999.9,993.6,995.0,4254.0
2021-02-12 15:30:00,NSE:GOODYEAR,997.1,997.1,997.1,997.1,1.0
2021-02-12 15:45:00,NSE:GOODYEAR,997.1,997.1,997.1,997.1,6.0
2021-02-15 09:00:00,NSE:GOODYEAR,1010.6,1010.6,1010.6,1010.6,1276.0
2021-02-15 09:15:00,NSE:GOODYEAR,1015.0,1016.6,982.85,986.4,22071.0
2021-02-15 09:30:00,NSE:GOODYEAR,988.0,991.0,985.2,986.95,8065.0
2021-02-15 09:45:00,NSE:GOODYEAR,986.9,987.0,981.05,987.0,1933.0
2021-02-15 10:00:00,NSE:GOODYEAR,986.05,987.95,986.05,987.95,1758.0
2021-02-15 10:15:00,NSE:GOODYEAR,987.95,988.15,986.0,987.95,1593.0
2021-02-15 10:30:00,NSE:GOODYEAR,987.95,988.75,984.65,986.95,811.0
2021-02-15 10:45:00,NSE:GOODYEAR,986.95,988.3,985.25,988.0,589.0
2021-02-15 11:00:00,NSE:GOODYEAR,988.0,988.0,986.5,987.55,1024.0
2021-02-15 11:15:00,NSE:GOODYEAR,988.0,989.0,986.0,988.0,562.0
2021-02-15 11:30:00,NSE:GOODYEAR,985.25,986.5,983.55,985.55,959.0
2021-02-15 11:45:00,NSE:GOODYEAR,984.05,988.0,984.05,988.0,511.0
2021-02-15 12:00:00,NSE:GOODYEAR,988.0,990.0,983.6,985.0,3859.0
2021-02-15 12:15:00,NSE:GOODYEAR,985.0,985.0,983.1,984.55,354.0
2021-02-15 12:30:00,NSE:GOODYEAR,984.9,985.0,983.0,983.0,208.0
2021-02-15 12:45:00,NSE:GOODYEAR,982.85,983.0,981.6,982.0,757.0
2021-02-15 13:00:00,NSE:GOODYEAR,981.45,983.6,981.45,982.0,179.0
2021-02-15 13:15:00,NSE:GOODYEAR,982.0,983.6,981.1,982.85,386.0
2021-02-15 13:30:00,NSE:GOODYEAR,982.8,984.85,981.05,984.85,258.0
2021-02-15 13:45:00,NSE:GOODYEAR,984.45,984.5,982.7,982.7,367.0
2021-02-15 14:00:00,NSE:GOODYEAR,982.7,984.35,982.0,983.25,1538.0
2021-02-15 14:15:00,NSE:GOODYEAR,983.25,984.0,979.0,979.5,2104.0
2021-02-15 14:30:00,NSE:GOODYEAR,981.15,981.4,980.0,980.0,505.0
2021-02-15 14:45:00,NSE:GOODYEAR,981.4,981.4,978.05,980.75,1192.0
2021-02-15 15:00:00,NSE:GOODYEAR,980.05,981.0,977.0,980.3,1845.0
2021-02-15 15:15:00,NSE:GOODYEAR,980.05,980.05,975.0,979.0,3436.0
2021-02-15 15:30:00,NSE:GOODYEAR,977.8,977.8,977.8,977.8,20.0
2021-02-15 15:45:00,NSE:GOODYEAR,977.8,977.8,977.8,977.8,30.0
2021-02-16 09:00:00,NSE:GOODYEAR,985.6,985.6,985.6,985.6,15.0
2021-02-16 09:15:00,NSE:GOODYEAR,984.95,984.95,972.3,979.45,3082.0
2021-02-16 09:30:00,NSE:GOODYEAR,979.45,979.45,975.0,977.6,503.0
2021-02-16 09:45:00,NSE:GOODYEAR,977.6,977.6,968.65,970.65,1370.0
2021-02-16 10:00:00,NSE:GOODYEAR,970.8,971.2,965.5,968.05,1627.0
2021-02-16 10:15:00,NSE:GOODYEAR,968.75,973.4,968.0,971.9,509.0
2021-02-16 10:30:00,NSE:GOODYEAR,972.3,974.65,971.8,974.0,473.0
2021-02-16 10:45:00,NSE:GOODYEAR,973.9,974.0,972.05,973.7,279.0
2021-02-16 11:00:00,NSE:GOODYEAR,973.7,974.25,971.0,973.7,377.0
2021-02-16 11:15:00,NSE:GOODYEAR,973.5,973.5,969.65,971.0,481.0
2021-02-16 11:30:00,NSE:GOODYEAR,970.95,971.9,967.5,970.0,304.0
2021-02-16 11:45:00,NSE:GOODYEAR,970.0,970.0,966.45,970.0,502.0
2021-02-16 12:00:00,NSE:GOODYEAR,970.0,975.0,967.9,975.0,1253.0
2021-02-16 12:15:00,NSE:GOODYEAR,975.0,975.35,970.4,974.85,438.0
2021-02-16 12:30:00,NSE:GOODYEAR,974.9,975.75,969.55,970.0,545.0
2021-02-16 12:45:00,NSE:GOODYEAR,970.0,970.0,967.7,970.0,235.0
2021-02-16 13:00:00,NSE:GOODYEAR,970.0,970.0,962.25,963.4,1376.0
2021-02-16 13:15:00,NSE:GOODYEAR,963.35,966.9,962.4,965.2,1300.0
2021-02-16 13:30:00,NSE:GOODYEAR,965.2,966.25,964.0,966.1,211.0
2021-02-16 13:45:00,NSE:GOODYEAR,965.95,966.25,964.1,965.0,193.0
2021-02-16 14:00:00,NSE:GOODYEAR,964.1,965.0,962.55,964.0,370.0
2021-02-16 14:15:00,NSE:GOODYEAR,964.0,966.05,962.05,964.05,581.0
2021-02-16 14:30:00,NSE:GOODYEAR,964.0,966.0,960.1,962.25,818.0
2021-02-16 14:45:00,NSE:GOODYEAR,961.95,962.8,960.45,962.35,298.0
2021-02-16 15:00:00,NSE:GOODYEAR,962.0,963.6,960.2,960.2,1230.0
2021-02-16 15:15:00,NSE:GOODYEAR,961.85,964.5,959.55,963.0,1796.0
2021-02-16 15:45:00,NSE:GOODYEAR,961.45,961.45,961.45,961.45,3.0
2021-02-17 09:00:00,NSE:GOODYEAR,953.0,953.0,953.0,953.0,22.0
2021-02-17 09:15:00,NSE:GOODYEAR,963.0,966.0,959.95,960.95,1184.0
2021-02-17 09:30:00,NSE:GOODYEAR,962.55,962.55,957.95,959.0,714.0
2021-02-17 09:45:00,NSE:GOODYEAR,957.65,959.0,954.65,959.0,1814.0
2021-02-17 10:00:00,NSE:GOODYEAR,958.1,965.0,955.2,962.45,873.0
2021-02-17 10:15:00,NSE:GOODYEAR,962.15,963.2,957.0,959.75,533.0
2021-02-17 10:30:00,NSE:GOODYEAR,960.0,963.2,959.8,963.2,105.0
2021-02-17 10:45:00,NSE:GOODYEAR,963.2,965.75,962.0,964.6,253.0
2021-02-17 11:00:00,NSE:GOODYEAR,964.6,965.0,963.25,963.45,30.0
2021-02-17 11:15:00,NSE:GOODYEAR,965.1,965.45,963.65,964.0,141.0
2021-02-17 11:30:00,NSE:GOODYEAR,964.95,965.15,956.65,960.2,387.0
2021-02-17 11:45:00,NSE:GOODYEAR,960.0,963.8,959.9,963.8,212.0
2021-02-17 12:00:00,NSE:GOODYEAR,964.35,965.2,963.0,965.2,116.0
2021-02-17 12:15:00,NSE:GOODYEAR,965.3,971.25,964.2,966.95,1666.0
2021-02-17 12:30:00,NSE:GOODYEAR,966.55,970.75,964.2,969.6,201.0
2021-02-17 12:45:00,NSE:GOODYEAR,968.7,971.0,965.7,966.95,541.0
2021-02-17 13:00:00,NSE:GOODYEAR,966.95,967.7,961.25,962.7,409.0
2021-02-17 13:15:00,NSE:GOODYEAR,962.7,967.55,962.7,966.3,174.0
2021-02-17 13:30:00,NSE:GOODYEAR,962.6,962.6,956.85,960.0,517.0
2021-02-17 13:45:00,NSE:GOODYEAR,960.0,967.55,959.7,966.9,161.0
2021-02-17 14:00:00,NSE:GOODYEAR,966.6,966.7,963.55,964.8,165.0
2021-02-17 14:15:00,NSE:GOODYEAR,965.0,966.8,958.85,964.25,888.0
2021-02-17 14:30:00,NSE:GOODYEAR,961.85,963.85,961.3,962.65,120.0
2021-02-17 14:45:00,NSE:GOODYEAR,962.45,963.8,958.2,959.95,1102.0
2021-02-17 15:00:00,NSE:GOODYEAR,960.0,963.0,957.0,960.55,1898.0
2021-02-17 15:15:00,NSE:GOODYEAR,958.35,963.95,958.35,963.25,1545.0
2021-02-17 15:30:00,NSE:GOODYEAR,960.05,960.05,960.05,960.05,34.0
2021-02-17 15:45:00,NSE:GOODYEAR,960.05,960.05,960.05,960.05,1.0
2021-02-18 09:00:00,NSE:GOODYEAR,963.6,963.6,963.6,963.6,20.0
2021-02-18 09:15:00,NSE:GOODYEAR,965.0,969.9,963.6,966.1,457.0
2021-02-18 09:30:00,NSE:GOODYEAR,966.1,968.0,966.0,966.0,421.0
2021-02-18 09:45:00,NSE:GOODYEAR,967.45,967.45,964.65,965.0,77.0
2021-02-18 10:00:00,NSE:GOODYEAR,964.7,969.0,962.05,969.0,1143.0
2021-02-18 10:15:00,NSE:GOODYEAR,968.65,969.0,968.65,968.75,136.0
2021-02-18 10:30:00,NSE:GOODYEAR,968.05,969.0,968.05,969.0,157.0
2021-02-18 10:45:00,NSE:GOODYEAR,969.0,975.9,968.1,973.0,1348.0
2021-02-18 11:00:00,NSE:GOODYEAR,975.0,975.0,973.0,973.0,696.0
2021-02-18 11:15:00,NSE:GOODYEAR,973.7,974.0,973.0,973.0,271.0
2021-02-18 11:30:00,NSE:GOODYEAR,970.05,972.2,970.05,971.9,410.0
2021-02-18 11:45:00,NSE:GOODYEAR,970.1,971.85,968.0,971.25,662.0
2021-02-18 12:00:00,NSE:GOODYEAR,970.05,976.2,970.05,974.0,1328.0
2021-02-18 12:15:00,NSE:GOODYEAR,974.0,974.0,969.05,970.05,411.0
2021-02-18 12:30:00,NSE:GOODYEAR,969.55,970.05,963.7,964.7,496.0
2021-02-18 12:45:00,NSE:GOODYEAR,965.0,965.0,963.15,963.45,240.0
2021-02-18 13:00:00,NSE:GOODYEAR,965.0,965.0,963.35,964.5,139.0
2021-02-18 13:15:00,NSE:GOODYEAR,964.5,966.0,960.15,964.35,609.0
2021-02-18 13:30:00,NSE:GOODYEAR,962.8,965.9,960.1,964.0,267.0
2021-02-18 13:45:00,NSE:GOODYEAR,965.9,969.9,965.5,967.95,314.0
2021-02-18 14:00:00,NSE:GOODYEAR,966.45,969.95,965.35,969.95,486.0
2021-02-18 14:15:00,NSE:GOODYEAR,971.0,971.0,968.45,969.0,126.0
2021-02-18 14:30:00,NSE:GOODYEAR,969.0,973.0,968.8,970.3,354.0
2021-02-18 14:45:00,NSE:GOODYEAR,969.95,969.95,964.75,967.25,773.0
2021-02-18 15:00:00,NSE:GOODYEAR,966.4,968.0,964.05,967.95,619.0
2021-02-18 15:15:00,NSE:GOODYEAR,966.9,968.85,950.1,958.0,3243.0
2021-02-18 15:30:00,NSE:GOODYEAR,960.1,960.1,960.1,960.1,25.0
2021-02-18 15:45:00,NSE:GOODYEAR,960.1,960.1,960.1,960.1,116.0
2021-02-19 09:00:00,NSE:GOODYEAR,965.9,965.9,965.9,965.9,10.0
2021-02-19 09:15:00,NSE:GOODYEAR,965.2,965.2,956.8,961.9,747.0
2021-02-19 09:30:00,NSE:GOODYEAR,961.35,961.5,958.15,961.5,396.0
2021-02-19 09:45:00,NSE:GOODYEAR,960.65,962.9,960.15,962.75,382.0
2021-02-19 10:00:00,NSE:GOODYEAR,962.85,963.9,961.6,963.9,358.0
2021-02-19 10:15:00,NSE:GOODYEAR,962.0,963.5,961.9,962.0,479.0
2021-02-19 10:30:00,NSE:GOODYEAR,963.0,964.85,961.2,963.5,1876.0
2021-02-19 10:45:00,NSE:GOODYEAR,963.0,963.0,959.9,962.3,147.0
2021-02-19 11:00:00,NSE:GOODYEAR,962.3,962.5,959.0,959.8,329.0
2021-02-19 11:15:00,NSE:GOODYEAR,961.7,962.05,959.0,959.0,351.0
2021-02-19 11:30:00,NSE:GOODYEAR,960.7,963.0,960.7,963.0,364.0
2021-02-19 11:45:00,NSE:GOODYEAR,963.0,963.0,962.45,962.7,29.0
2021-02-19 12:00:00,NSE:GOODYEAR,962.8,962.8,959.0,960.35,233.0
2021-02-19 12:15:00,NSE:GOODYEAR,962.05,962.05,959.0,961.1,723.0
2021-02-19 12:30:00,NSE:GOODYEAR,961.65,961.75,958.0,960.0,333.0
2021-02-19 12:45:00,NSE:GOODYEAR,958.75,959.65,956.5,959.65,652.0
2021-02-19 13:00:00,NSE:GOODYEAR,959.6,959.85,956.75,959.35,83.0
2021-02-19 13:15:00,NSE:GOODYEAR,958.0,958.0,955.0,955.0,521.0
2021-02-19 13:30:00,NSE:GOODYEAR,955.05,957.1,955.0,956.3,302.0
2021-02-19 13:45:00,NSE:GOODYEAR,957.95,957.95,955.15,957.0,235.0
2021-02-19 14:00:00,NSE:GOODYEAR,955.2,957.0,944.05,948.55,1824.0
2021-02-19 14:15:00,NSE:GOODYEAR,950.0,954.0,948.55,948.55,133.0
2021-02-19 14:30:00,NSE:GOODYEAR,949.15,951.95,948.2,951.0,558.0
2021-02-19 14:45:00,NSE:GOODYEAR,950.0,950.7,947.15,947.15,495.0
2021-02-19 15:00:00,NSE:GOODYEAR,947.0,949.65,947.0,949.0,356.0
2021-02-19 15:15:00,NSE:GOODYEAR,948.0,957.45,946.55,950.0,1208.0
2021-02-19 15:30:00,NSE:GOODYEAR,948.4,950.0,948.4,950.0,17.0
2021-02-19 15:45:00,NSE:GOODYEAR,948.4,948.4,948.4,948.4,33.0
2021-02-22 09:00:00,NSE:GOODYEAR,953.4,953.4,953.4,953.4,81.0
2021-02-22 09:15:00,NSE:GOODYEAR,955.6,965.0,954.45,964.9,2581.0
2021-02-22 09:30:00,NSE:GOODYEAR,965.0,968.4,963.0,964.3,1106.0
2021-02-22 09:45:00,NSE:GOODYEAR,963.05,965.0,961.25,962.4,994.0
2021-02-22 10:00:00,NSE:GOODYEAR,961.35,963.55,961.2,961.2,486.0
2021-02-22 10:15:00,NSE:GOODYEAR,962.45,962.65,960.05,962.0,382.0
2021-02-22 10:30:00,NSE:GOODYEAR,960.95,962.4,958.2,958.4,854.0
2021-02-22 10:45:00,NSE:GOODYEAR,960.0,960.85,958.0,958.0,845.0
2021-02-22 11:00:00,NSE:GOODYEAR,957.4,957.4,945.4,955.0,3561.0
2021-02-22 11:15:00,NSE:GOODYEAR,959.35,959.35,956.05,957.0,27.0
2021-02-22 11:30:00,NSE:GOODYEAR,958.55,960.55,956.7,960.55,119.0
2021-02-22 11:45:00,NSE:GOODYEAR,957.0,959.1,955.85,955.85,372.0
2021-02-22 12:00:00,NSE:GOODYEAR,957.9,957.9,951.05,951.05,472.0
2021-02-22 12:15:00,NSE:GOODYEAR,952.5,954.35,952.45,954.35,53.0
2021-02-22 12:30:00,NSE:GOODYEAR,954.15,956.25,953.25,954.75,16.0
2021-02-22 12:45:00,NSE:GOODYEAR,954.1,954.1,952.05,953.95,81.0
2021-02-22 13:00:00,NSE:GOODYEAR,953.8,957.05,952.25,952.25,230.0
2021-02-22 13:15:00,NSE:GOODYEAR,952.25,954.25,951.0,953.1,364.0
2021-02-22 13:30:00,NSE:GOODYEAR,953.55,953.8,944.45,951.2,2444.0
2021-02-22 13:45:00,NSE:GOODYEAR,951.0,951.35,945.1,947.0,436.0
2021-02-22 14:00:00,NSE:GOODYEAR,946.6,950.75,945.0,947.9,580.0
2021-02-22 14:15:00,NSE:GOODYEAR,948.0,950.2,945.65,948.5,526.0
2021-02-22 14:30:00,NSE:GOODYEAR,949.7,952.05,947.0,952.05,622.0
2021-02-22 14:45:00,NSE:GOODYEAR,952.05,953.35,949.25,952.6,241.0
2021-02-22 15:00:00,NSE:GOODYEAR,952.1,952.1,947.0,950.95,614.0
2021-02-22 15:15:00,NSE:GOODYEAR,951.45,951.95,946.1,946.45,910.0
2021-02-23 09:00:00,NSE:GOODYEAR,990.0,990.0,990.0,990.0,1079.0
2021-02-23 09:15:00,NSE:GOODYEAR,990.0,999.65,971.0,973.2,13629.0
2021-02-23 09:30:00,NSE:GOODYEAR,974.05,975.15,965.25,970.0,6906.0
2021-02-23 09:45:00,NSE:GOODYEAR,969.3,976.0,960.55,976.0,3104.0
2021-02-23 10:00:00,NSE:GOODYEAR,976.0,991.65,971.0,990.0,9801.0
2021-02-23 10:15:00,NSE:GOODYEAR,991.5,996.6,985.5,995.25,8721.0
2021-02-23 10:30:00,NSE:GOODYEAR,997.9,997.9,986.0,986.6,2593.0
2021-02-23 10:45:00,NSE:GOODYEAR,987.95,987.95,985.0,985.05,1346.0
2021-02-23 11:00:00,NSE:GOODYEAR,985.0,987.8,983.0,983.65,808.0
2021-02-23 11:15:00,NSE:GOODYEAR,983.35,983.6,982.3,982.9,359.0
2021-02-23 11:30:00,NSE:GOODYEAR,982.9,982.9,969.55,970.0,2370.0
2021-02-23 11:45:00,NSE:GOODYEAR,968.45,978.95,966.5,976.7,824.0
2021-02-23 12:00:00,NSE:GOODYEAR,977.9,978.0,974.95,976.5,283.0
2021-02-23 12:15:00,NSE:GOODYEAR,976.5,976.5,974.15,975.35,147.0
2021-02-23 12:30:00,NSE:GOODYEAR,976.0,979.4,976.0,978.95,311.0
2021-02-23 12:45:00,NSE:GOODYEAR,978.95,978.95,976.0,977.65,513.0
2021-02-23 13:00:00,NSE:GOODYEAR,977.95,978.0,976.05,977.8,193.0
2021-02-23 13:15:00,NSE:GOODYEAR,977.95,981.4,975.0,977.55,680.0
2021-02-23 13:30:00,NSE:GOODYEAR,978.0,979.9,975.1,975.1,194.0
2021-02-23 13:45:00,NSE:GOODYEAR,975.0,976.9,975.0,976.2,186.0
2021-02-23 14:00:00,NSE:GOODYEAR,976.1,978.0,975.0,975.0,379.0
2021-02-23 14:15:00,NSE:GOODYEAR,976.0,977.4,975.0,977.4,658.0
2021-02-23 14:30:00,NSE:GOODYEAR,976.7,977.5,975.1,975.3,1012.0
2021-02-23 14:45:00,NSE:GOODYEAR,975.4,976.8,974.0,975.4,669.0
2021-02-23 15:00:00,NSE:GOODYEAR,974.55,976.85,974.0,974.0,1179.0
2021-02-23 15:15:00,NSE:GOODYEAR,975.0,978.5,974.0,977.0,3632.0
2021-02-23 15:45:00,NSE:GOODYEAR,976.6,977.0,976.6,976.6,252.0
2021-02-24 09:00:00,NSE:GOODYEAR,976.8,976.8,976.8,976.8,30.0
2021-02-24 09:15:00,NSE:GOODYEAR,976.0,976.2,966.65,967.35,1811.0
2021-02-24 09:30:00,NSE:GOODYEAR,969.8,972.4,967.3,972.4,477.0
2021-02-24 09:45:00,NSE:GOODYEAR,973.6,978.9,970.45,971.95,719.0
2021-02-24 10:00:00,NSE:GOODYEAR,971.95,974.5,970.35,972.0,92.0
2021-02-24 10:15:00,NSE:GOODYEAR,972.0,972.0,962.65,966.0,2035.0
2021-02-24 10:30:00,NSE:GOODYEAR,966.0,966.0,963.25,963.3,581.0
2021-02-24 10:45:00,NSE:GOODYEAR,964.6,964.65,962.0,964.0,507.0
2021-02-24 11:00:00,NSE:GOODYEAR,963.15,964.65,957.25,962.2,1195.0
2021-02-24 11:15:00,NSE:GOODYEAR,964.0,965.0,960.05,961.8,365.0
2021-02-24 11:30:00,NSE:GOODYEAR,962.55,963.05,955.0,956.9,1412.0
2021-02-24 15:45:00,NSE:GOODYEAR,957.0,969.0,950.0,961.05,232.0
2021-02-24 16:00:00,NSE:GOODYEAR,961.0,964.0,961.0,961.05,154.0
2021-02-24 16:15:00,NSE:GOODYEAR,964.0,966.0,962.0,962.0,559.0
2021-02-24 16:30:00,NSE:GOODYEAR,962.0,964.0,959.55,960.0,1922.0
2021-02-24 16:45:00,NSE:GOODYEAR,959.0,966.0,958.25,966.0,1248.0
2021-02-25 09:00:00,NSE:GOODYEAR,967.85,967.85,967.85,967.85,15.0
2021-02-25 09:15:00,NSE:GOODYEAR,967.55,973.25,959.5,959.5,3649.0
2021-02-25 09:30:00,NSE:GOODYEAR,959.6,964.55,958.6,960.0,929.0
2021-02-25 09:45:00,NSE:GOODYEAR,960.0,960.0,958.7,959.9,654.0
2021-02-25 10:00:00,NSE:GOODYEAR,959.9,962.55,958.4,959.95,1577.0
2021-02-25 10:15:00,NSE:GOODYEAR,959.95,969.05,958.1,968.5,1641.0
2021-02-25 10:30:00,NSE:GOODYEAR,968.5,968.5,965.0,968.0,473.0
2021-02-25 10:45:00,NSE:GOODYEAR,968.0,968.45,965.0,966.75,449.0
2021-02-25 11:00:00,NSE:GOODYEAR,966.8,968.0,965.4,966.75,237.0
2021-02-25 11:15:00,NSE:GOODYEAR,966.75,967.5,962.0,967.45,2039.0
2021-02-25 11:30:00,NSE:GOODYEAR,967.35,967.85,965.0,967.7,494.0
2021-02-25 11:45:00,NSE:GOODYEAR,965.0,965.5,962.0,962.95,1116.0
2021-02-25 12:00:00,NSE:GOODYEAR,963.0,965.05,962.15,964.5,292.0
2021-02-25 12:15:00,NSE:GOODYEAR,964.6,965.05,961.0,964.5,738.0
2021-02-25 12:30:00,NSE:GOODYEAR,964.5,967.7,962.0,966.7,649.0
2021-02-25 12:45:00,NSE:GOODYEAR,966.7,967.4,964.85,966.3,439.0
2021-02-25 13:00:00,NSE:GOODYEAR,966.4,966.45,962.4,965.0,344.0
2021-02-25 13:15:00,NSE:GOODYEAR,965.0,966.15,962.3,964.0,302.0
2021-02-25 13:30:00,NSE:GOODYEAR,963.95,963.95,962.5,962.95,23.0
2021-02-25 13:45:00,NSE:GOODYEAR,961.9,964.05,961.9,961.95,151.0
2021-02-25 14:00:00,NSE:GOODYEAR,963.0,963.0,960.0,962.0,360.0
2021-02-25 14:15:00,NSE:GOODYEAR,962.0,962.95,961.0,961.15,98.0
2021-02-25 14:30:00,NSE:GOODYEAR,961.15,962.5,960.0,960.0,1269.0
2021-02-25 14:45:00,NSE:GOODYEAR,960.0,962.15,960.0,960.05,785.0
2021-02-25 15:00:00,NSE:GOODYEAR,962.2,968.0,961.5,965.05,834.0
2021-02-25 15:15:00,NSE:GOODYEAR,968.0,975.0,965.0,969.0,2015.0
2021-02-25 15:30:00,NSE:GOODYEAR,968.25,969.0,968.25,968.25,11.0
2021-02-25 15:45:00,NSE:GOODYEAR,968.25,969.0,968.25,969.0,5.0
2021-02-26 09:00:00,NSE:GOODYEAR,949.0,949.0,949.0,949.0,144.0
2021-02-26 09:15:00,NSE:GOODYEAR,954.95,965.85,950.75,962.0,2552.0
2021-02-26 09:30:00,NSE:GOODYEAR,962.0,978.2,960.5,972.9,2786.0
2021-02-26 09:45:00,NSE:GOODYEAR,972.9,1008.0,971.05,1000.0,9785.0
2021-02-26 10:00:00,NSE:GOODYEAR,1000.0,1000.0,980.65,986.85,2618.0
2021-02-26 10:15:00,NSE:GOODYEAR,986.45,986.5,979.75,979.9,1025.0
2021-02-26 10:30:00,NSE:GOODYEAR,979.9,981.15,975.05,976.7,1553.0
2021-02-26 10:45:00,NSE:GOODYEAR,976.75,980.0,976.7,978.8,481.0
2021-02-26 11:00:00,NSE:GOODYEAR,978.2,980.0,975.3,977.95,967.0
2021-02-26 11:15:00,NSE:GOODYEAR,977.95,979.85,977.0,978.35,932.0
2021-02-26 11:30:00,NSE:GOODYEAR,978.35,978.35,970.0,971.0,894.0
2021-02-26 11:45:00,NSE:GOODYEAR,973.6,975.9,970.25,975.5,397.0
2021-02-26 12:00:00,NSE:GOODYEAR,975.55,977.75,972.05,977.5,322.0
2021-02-26 12:15:00,NSE:GOODYEAR,977.4,979.9,972.6,979.75,401.0
2021-02-26 12:30:00,NSE:GOODYEAR,979.0,980.0,975.0,975.0,881.0
2021-02-26 12:45:00,NSE:GOODYEAR,976.9,978.05,972.45,978.0,1083.0
2021-02-26 13:00:00,NSE:GOODYEAR,975.1,978.8,975.1,978.4,368.0
2021-02-26 13:15:00,NSE:GOODYEAR,978.5,980.0,977.3,980.0,921.0
2021-02-26 13:30:00,NSE:GOODYEAR,980.0,980.0,978.4,978.45,586.0
2021-02-26 13:45:00,NSE:GOODYEAR,978.4,978.45,975.8,977.75,853.0
2021-02-26 14:00:00,NSE:GOODYEAR,977.75,978.95,975.9,978.95,95.0
2021-02-26 14:15:00,NSE:GOODYEAR,978.75,978.75,975.2,975.5,199.0
2021-02-26 14:30:00,NSE:GOODYEAR,978.25,979.45,977.0,977.0,199.0
2021-02-26 14:45:00,NSE:GOODYEAR,977.0,977.05,976.0,976.0,120.0
2021-02-26 15:00:00,NSE:GOODYEAR,975.1,975.1,969.2,969.7,1036.0
2021-02-26 15:15:00,NSE:GOODYEAR,969.95,974.9,961.05,965.0,1770.0
2021-02-26 15:45:00,NSE:GOODYEAR,968.45,968.45,968.45,968.45,3.0
2021-03-01 09:00:00,NSE:GOODYEAR,970.0,970.0,970.0,970.0,15.0
2021-03-01 09:15:00,NSE:GOODYEAR,973.45,981.5,969.55,978.2,1870.0
2021-03-01 09:30:00,NSE:GOODYEAR,977.75,996.0,977.05,987.0,9256.0
2021-03-01 09:45:00,NSE:GOODYEAR,987.0,988.0,982.0,986.45,497.0
2021-03-01 10:00:00,NSE:GOODYEAR,986.15,988.0,984.9,985.05,798.0
2021-03-01 10:15:00,NSE:GOODYEAR,985.3,985.95,981.35,984.25,2278.0
2021-03-01 10:30:00,NSE:GOODYEAR,983.4,985.0,981.0,981.25,543.0
2021-03-01 10:45:00,NSE:GOODYEAR,981.1,983.75,981.1,982.2,207.0
2021-03-01 11:00:00,NSE:GOODYEAR,982.5,982.65,981.0,981.0,315.0
2021-03-01 11:15:00,NSE:GOODYEAR,982.0,982.75,981.0,981.0,182.0
2021-03-01 11:30:00,NSE:GOODYEAR,981.0,981.0,980.0,980.0,178.0
2021-03-01 11:45:00,NSE:GOODYEAR,979.15,980.3,975.1,979.7,177.0
2021-03-01 12:00:00,NSE:GOODYEAR,980.35,980.35,975.8,977.4,221.0
2021-03-01 12:15:00,NSE:GOODYEAR,976.85,981.55,976.85,978.5,425.0
2021-03-01 12:30:00,NSE:GOODYEAR,980.0,980.0,976.0,976.6,84.0
2021-03-01 12:45:00,NSE:GOODYEAR,977.3,977.3,976.8,977.1,16.0
2021-03-01 13:00:00,NSE:GOODYEAR,978.0,979.0,976.8,979.0,176.0
2021-03-01 13:15:00,NSE:GOODYEAR,979.0,979.0,976.6,976.65,229.0
2021-03-01 13:30:00,NSE:GOODYEAR,978.7,982.0,977.7,977.7,148.0
2021-03-01 13:45:00,NSE:GOODYEAR,979.45,983.0,972.05,979.0,1674.0
2021-03-01 14:00:00,NSE:GOODYEAR,978.0,978.0,974.05,974.05,498.0
2021-03-01 14:15:00,NSE:GOODYEAR,974.95,975.95,972.0,974.35,333.0
2021-03-01 14:30:00,NSE:GOODYEAR,975.95,978.25,972.35,978.0,301.0
2021-03-01 14:45:00,NSE:GOODYEAR,977.35,978.25,977.0,978.25,129.0
2021-03-01 15:00:00,NSE:GOODYEAR,978.5,979.0,974.65,979.0,346.0
2021-03-01 15:15:00,NSE:GOODYEAR,980.0,982.3,972.65,982.3,1061.0
2021-03-01 15:30:00,NSE:GOODYEAR,978.95,978.95,978.95,978.95,127.0
2021-03-01 15:45:00,NSE:GOODYEAR,978.95,978.95,978.95,978.95,167.0
2021-03-02 09:00:00,NSE:GOODYEAR,977.95,977.95,977.95,977.95,1.0
2021-03-02 09:15:00,NSE:GOODYEAR,977.95,984.9,977.95,980.0,742.0
2021-03-02 09:30:00,NSE:GOODYEAR,980.0,980.0,970.95,976.75,1379.0
2021-03-02 09:45:00,NSE:GOODYEAR,977.65,977.65,971.15,975.3,606.0
2021-03-02 10:00:00,NSE:GOODYEAR,975.75,975.75,967.0,970.0,1955.0
2021-03-02 10:15:00,NSE:GOODYEAR,969.55,979.9,967.1,975.55,4335.0
2021-03-02 10:30:00,NSE:GOODYEAR,972.05,975.3,970.0,973.35,1002.0
2021-03-02 10:45:00,NSE:GOODYEAR,974.6,974.6,971.3,971.35,123.0
2021-03-02 11:00:00,NSE:GOODYEAR,971.25,973.5,971.0,971.8,167.0
2021-03-02 11:15:00,NSE:GOODYEAR,971.0,971.65,967.5,970.1,319.0
2021-03-02 11:30:00,NSE:GOODYEAR,972.05,975.0,967.0,973.2,649.0
2021-03-02 11:45:00,NSE:GOODYEAR,973.25,973.25,971.65,973.15,42.0
2021-03-02 12:00:00,NSE:GOODYEAR,972.85,976.0,971.55,975.0,402.0
2021-03-02 12:15:00,NSE:GOODYEAR,975.0,978.3,975.0,976.25,286.0
2021-03-02 12:30:00,NSE:GOODYEAR,976.95,978.55,971.0,978.4,618.0
2021-03-02 12:45:00,NSE:GOODYEAR,978.4,978.4,975.05,976.5,141.0
2021-03-02 13:00:00,NSE:GOODYEAR,978.4,979.9,977.2,977.55,562.0
2021-03-02 13:15:00,NSE:GOODYEAR,978.0,978.5,975.3,975.3,103.0
2021-03-02 13:30:00,NSE:GOODYEAR,975.2,976.5,972.25,973.65,787.0
2021-03-02 13:45:00,NSE:GOODYEAR,978.0,978.5,973.9,973.9,120.0
2021-03-02 14:00:00,NSE:GOODYEAR,976.15,976.15,973.4,973.4,84.0
2021-03-02 14:15:00,NSE:GOODYEAR,973.8,974.85,973.4,974.85,175.0
2021-03-02 14:30:00,NSE:GOODYEAR,974.0,975.7,973.4,975.7,159.0
2021-03-02 14:45:00,NSE:GOODYEAR,975.95,977.9,975.95,976.15,191.0
2021-03-02 15:00:00,NSE:GOODYEAR,977.0,977.0,975.0,976.45,286.0
2021-03-02 15:15:00,NSE:GOODYEAR,977.3,978.2,975.0,975.0,1018.0
2021-03-03 09:00:00,NSE:GOODYEAR,976.2,976.2,976.2,976.2,25.0
2021-03-03 09:15:00,NSE:GOODYEAR,976.2,983.95,974.0,978.5,1383.0
2021-03-03 09:30:00,NSE:GOODYEAR,978.6,981.9,974.7,981.9,1995.0
2021-03-03 09:45:00,NSE:GOODYEAR,981.95,983.5,976.15,983.35,1089.0
2021-03-03 10:00:00,NSE:GOODYEAR,983.35,986.05,982.0,986.0,1086.0
2021-03-03 10:15:00,NSE:GOODYEAR,986.05,996.05,985.0,986.0,4467.0
2021-03-03 10:30:00,NSE:GOODYEAR,987.0,987.0,983.0,984.7,527.0
2021-03-03 10:45:00,NSE:GOODYEAR,984.7,985.45,983.05,984.95,344.0
2021-03-03 11:00:00,NSE:GOODYEAR,985.0,994.0,983.0,992.9,5745.0
2021-03-03 11:15:00,NSE:GOODYEAR,992.9,993.0,988.0,990.45,1001.0
2021-03-03 11:30:00,NSE:GOODYEAR,990.45,990.7,987.05,989.8,657.0
2021-03-03 11:45:00,NSE:GOODYEAR,989.85,990.2,985.95,989.8,230.0
2021-03-03 12:00:00,NSE:GOODYEAR,989.8,990.65,988.6,990.45,390.0
2021-03-03 12:15:00,NSE:GOODYEAR,990.45,990.6,989.5,989.5,337.0
2021-03-03 12:30:00,NSE:GOODYEAR,989.3,989.85,987.05,989.8,254.0
2021-03-03 12:45:00,NSE:GOODYEAR,989.8,989.9,987.3,989.25,320.0
2021-03-03 13:00:00,NSE:GOODYEAR,989.25,990.0,987.85,989.95,758.0
2021-03-03 13:15:00,NSE:GOODYEAR,989.95,990.0,988.75,989.95,127.0
2021-03-03 13:30:00,NSE:GOODYEAR,988.7,989.95,988.0,988.0,216.0
2021-03-03 13:45:00,NSE:GOODYEAR,985.55,989.0,985.55,986.65,645.0
2021-03-03 14:00:00,NSE:GOODYEAR,986.35,988.05,979.55,984.15,1028.0
2021-03-03 14:15:00,NSE:GOODYEAR,983.0,986.75,983.0,985.05,203.0
2021-03-03 14:30:00,NSE:GOODYEAR,985.0,986.5,982.25,982.25,525.0
2021-03-03 14:45:00,NSE:GOODYEAR,982.25,982.25,977.0,977.05,971.0
2021-03-03 15:00:00,NSE:GOODYEAR,977.25,979.0,977.0,978.5,722.0
2021-03-03 15:15:00,NSE:GOODYEAR,978.8,984.95,977.5,984.5,1223.0
2021-03-03 15:30:00,NSE:GOODYEAR,978.45,978.45,978.45,978.45,1.0
2021-03-03 15:45:00,NSE:GOODYEAR,978.45,984.5,978.45,984.5,50.0
2021-03-04 09:00:00,NSE:GOODYEAR,975.25,975.25,975.25,975.25,45.0
2021-03-04 09:15:00,NSE:GOODYEAR,975.3,999.0,975.0,987.75,5668.0
2021-03-04 09:30:00,NSE:GOODYEAR,989.55,989.55,982.7,983.85,675.0
2021-03-04 09:45:00,NSE:GOODYEAR,983.55,985.2,982.05,984.9,326.0
2021-03-04 10:00:00,NSE:GOODYEAR,984.9,985.0,979.0,982.15,1784.0
2021-03-04 10:15:00,NSE:GOODYEAR,982.3,982.3,974.1,977.0,1479.0
2021-03-04 10:30:00,NSE:GOODYEAR,977.0,978.9,971.75,977.3,1138.0
2021-03-04 10:45:00,NSE:GOODYEAR,977.3,980.0,977.3,980.0,720.0
2021-03-04 11:00:00,NSE:GOODYEAR,979.95,980.0,978.0,979.8,442.0
2021-03-04 11:15:00,NSE:GOODYEAR,979.8,980.0,978.05,979.95,536.0
2021-03-04 11:30:00,NSE:GOODYEAR,979.95,986.0,979.25,981.8,968.0
2021-03-04 11:45:00,NSE:GOODYEAR,981.9,982.0,980.0,982.0,279.0
2021-03-04 12:00:00,NSE:GOODYEAR,983.25,985.5,981.2,982.0,629.0
2021-03-04 12:15:00,NSE:GOODYEAR,982.0,982.0,978.6,981.0,760.0
2021-03-04 12:30:00,NSE:GOODYEAR,981.0,981.25,978.3,980.9,342.0
2021-03-04 12:45:00,NSE:GOODYEAR,980.9,981.2,979.2,980.0,203.0
2021-03-04 13:00:00,NSE:GOODYEAR,980.0,981.25,977.3,981.25,399.0
2021-03-04 13:15:00,NSE:GOODYEAR,981.35,984.9,980.05,982.85,352.0
2021-03-04 13:30:00,NSE:GOODYEAR,985.0,985.5,985.0,985.5,508.0
2021-03-04 13:45:00,NSE:GOODYEAR,985.5,985.5,980.15,983.0,284.0
2021-03-04 14:00:00,NSE:GOODYEAR,985.0,985.45,983.0,984.5,528.0
2021-03-04 14:15:00,NSE:GOODYEAR,986.4,988.95,985.8,988.95,345.0
2021-03-04 14:30:00,NSE:GOODYEAR,988.85,988.85,982.1,984.9,412.0
2021-03-04 14:45:00,NSE:GOODYEAR,984.0,986.0,982.85,983.85,489.0
2021-03-04 15:00:00,NSE:GOODYEAR,983.85,984.0,981.05,981.95,438.0
2021-03-04 15:15:00,NSE:GOODYEAR,981.95,983.95,975.05,978.15,1006.0
2021-03-04 15:30:00,NSE:GOODYEAR,980.5,980.5,980.5,980.5,50.0
2021-03-04 15:45:00,NSE:GOODYEAR,980.5,980.5,978.15,980.5,88.0
2021-03-05 09:00:00,NSE:GOODYEAR,979.95,979.95,979.95,979.95,6.0
2021-03-05 09:15:00,NSE:GOODYEAR,979.9,979.9,974.2,976.8,554.0
2021-03-05 09:30:00,NSE:GOODYEAR,975.1,977.0,974.0,976.95,646.0
2021-03-05 09:45:00,NSE:GOODYEAR,976.9,977.0,973.75,976.2,432.0
2021-03-05 10:00:00,NSE:GOODYEAR,975.0,977.0,973.25,977.0,218.0
2021-03-05 10:15:00,NSE:GOODYEAR,994.45,996.0,985.1,985.1,17016.0
2021-03-05 10:30:00,NSE:GOODYEAR,985.1,986.0,983.0,983.5,1029.0
2021-03-05 10:45:00,NSE:GOODYEAR,983.5,985.0,982.8,982.8,1507.0
2021-03-05 11:00:00,NSE:GOODYEAR,982.05,985.6,980.1,980.45,2961.0
2021-03-05 11:15:00,NSE:GOODYEAR,980.45,980.45,975.1,980.0,1290.0
2021-03-05 11:30:00,NSE:GOODYEAR,980.0,983.3,979.15,981.0,433.0
2021-03-05 11:45:00,NSE:GOODYEAR,981.0,984.0,980.1,981.65,262.0
2021-03-05 12:00:00,NSE:GOODYEAR,983.4,984.0,982.3,984.0,396.0
2021-03-05 12:15:00,NSE:GOODYEAR,984.0,984.65,981.5,983.95,690.0
2021-03-05 12:30:00,NSE:GOODYEAR,983.95,984.7,982.35,984.15,555.0
2021-03-05 12:45:00,NSE:GOODYEAR,984.0,984.9,981.1,984.2,411.0
2021-03-05 13:00:00,NSE:GOODYEAR,984.2,984.6,981.15,981.95,195.0
2021-03-05 13:15:00,NSE:GOODYEAR,981.95,984.15,981.1,982.05,260.0
2021-03-05 13:30:00,NSE:GOODYEAR,981.2,983.0,975.1,977.65,547.0
2021-03-05 13:45:00,NSE:GOODYEAR,977.65,979.0,975.0,977.65,461.0
2021-03-05 14:00:00,NSE:GOODYEAR,977.8,977.8,972.5,973.0,1013.0
2021-03-05 14:15:00,NSE:GOODYEAR,973.0,973.35,971.45,973.25,302.0
2021-03-05 14:30:00,NSE:GOODYEAR,973.15,973.75,971.0,973.1,515.0
2021-03-05 14:45:00,NSE:GOODYEAR,972.45,975.0,971.5,971.8,245.0
2021-03-05 15:00:00,NSE:GOODYEAR,971.65,976.95,971.35,974.55,1000.0
2021-03-05 15:15:00,NSE:GOODYEAR,974.05,977.9,971.25,975.0,1848.0
2021-03-05 15:30:00,NSE:GOODYEAR,976.95,976.95,974.15,974.15,10.0
2021-03-05 15:45:00,NSE:GOODYEAR,974.15,974.15,974.15,974.15,76.0
2021-03-08 09:00:00,NSE:GOODYEAR,988.9,988.9,988.9,988.9,123.0
2021-03-08 09:15:00,NSE:GOODYEAR,987.25,993.9,981.7,985.65,2122.0
2021-03-08 09:30:00,NSE:GOODYEAR,985.6,985.9,981.6,984.7,285.0
2021-03-08 09:45:00,NSE:GOODYEAR,984.95,985.9,983.3,985.9,322.0
2021-03-08 10:00:00,NSE:GOODYEAR,985.9,985.9,984.0,985.7,237.0
2021-03-08 10:15:00,NSE:GOODYEAR,984.05,985.6,982.0,983.85,243.0
2021-03-08 10:30:00,NSE:GOODYEAR,982.0,984.0,980.1,983.0,356.0
2021-03-08 10:45:00,NSE:GOODYEAR,983.85,984.0,983.05,983.2,378.0
2021-03-08 11:00:00,NSE:GOODYEAR,983.2,983.95,982.2,983.2,232.0
2021-03-08 11:15:00,NSE:GOODYEAR,983.3,984.0,983.0,984.0,183.0
2021-03-08 11:30:00,NSE:GOODYEAR,984.0,984.0,983.0,984.0,91.0
2021-03-08 11:45:00,NSE:GOODYEAR,984.0,984.0,983.95,984.0,75.0
2021-03-08 12:00:00,NSE:GOODYEAR,984.0,984.0,980.0,983.0,750.0
2021-03-08 12:15:00,NSE:GOODYEAR,983.0,983.9,982.45,983.8,128.0
2021-03-08 12:30:00,NSE:GOODYEAR,983.55,983.85,983.0,983.8,58.0
2021-03-08 12:45:00,NSE:GOODYEAR,983.9,984.0,980.8,983.0,257.0
2021-03-08 13:00:00,NSE:GOODYEAR,983.0,983.0,981.35,983.0,47.0
2021-03-08 13:15:00,NSE:GOODYEAR,983.0,983.95,981.05,983.0,77.0
2021-03-08 13:30:00,NSE:GOODYEAR,983.0,984.0,981.05,981.05,76.0
2021-03-08 13:45:00,NSE:GOODYEAR,980.0,980.0,979.95,979.95,541.0
2021-03-08 14:00:00,NSE:GOODYEAR,980.0,980.0,979.05,979.05,1052.0
2021-03-08 14:15:00,NSE:GOODYEAR,979.9,980.0,979.05,979.05,92.0
2021-03-08 14:30:00,NSE:GOODYEAR,980.0,981.9,977.65,978.7,502.0
2021-03-08 14:45:00,NSE:GOODYEAR,979.0,982.7,977.0,982.7,360.0
2021-03-08 15:00:00,NSE:GOODYEAR,982.0,983.75,979.0,979.65,252.0
2021-03-08 15:15:00,NSE:GOODYEAR,978.55,984.0,975.1,980.0,958.0
2021-03-09 09:00:00,NSE:GOODYEAR,980.0,980.0,980.0,980.0,1.0
2021-03-09 09:15:00,NSE:GOODYEAR,983.55,996.0,982.05,984.95,1946.0
2021-03-09 09:30:00,NSE:GOODYEAR,982.95,987.2,982.75,987.2,435.0
2021-03-09 09:45:00,NSE:GOODYEAR,986.75,987.15,982.7,982.7,589.0
2021-03-09 10:00:00,NSE:GOODYEAR,983.15,986.5,982.0,983.55,541.0
2021-03-09 10:15:00,NSE:GOODYEAR,985.65,985.65,982.8,983.25,124.0
2021-03-09 10:30:00,NSE:GOODYEAR,983.15,985.05,980.1,980.6,448.0
2021-03-09 10:45:00,NSE:GOODYEAR,981.0,981.75,981.0,981.55,69.0
2021-03-09 11:00:00,NSE:GOODYEAR,982.0,982.05,981.0,981.0,115.0
2021-03-09 11:15:00,NSE:GOODYEAR,981.0,981.0,980.0,980.4,63.0
2021-03-09 11:30:00,NSE:GOODYEAR,980.35,984.0,980.1,984.0,93.0
2021-03-09 11:45:00,NSE:GOODYEAR,982.1,982.1,980.0,980.0,176.0
2021-03-09 12:00:00,NSE:GOODYEAR,980.0,981.85,980.0,981.45,239.0
2021-03-09 12:15:00,NSE:GOODYEAR,982.0,982.0,980.0,980.0,292.0
2021-03-09 12:30:00,NSE:GOODYEAR,976.05,979.7,976.05,978.1,398.0
2021-03-09 12:45:00,NSE:GOODYEAR,979.45,979.9,977.0,977.95,131.0
2021-03-09 13:00:00,NSE:GOODYEAR,977.95,977.95,972.0,973.0,1739.0
2021-03-09 13:15:00,NSE:GOODYEAR,972.3,973.9,969.05,970.0,584.0
2021-03-09 13:30:00,NSE:GOODYEAR,970.0,970.0,969.05,970.0,119.0
2021-03-09 13:45:00,NSE:GOODYEAR,970.0,970.0,961.85,962.05,1157.0
2021-03-09 14:00:00,NSE:GOODYEAR,965.0,969.9,965.0,967.4,314.0
2021-03-09 14:15:00,NSE:GOODYEAR,967.3,969.35,967.3,968.2,105.0
2021-03-09 14:30:00,NSE:GOODYEAR,970.0,970.0,968.35,969.95,179.0
2021-03-09 14:45:00,NSE:GOODYEAR,968.65,970.15,966.0,966.0,368.0
2021-03-09 15:00:00,NSE:GOODYEAR,968.0,980.0,966.15,972.0,1330.0
2021-03-09 15:15:00,NSE:GOODYEAR,972.05,976.0,969.45,970.0,924.0
2021-03-09 15:30:00,NSE:GOODYEAR,972.65,972.65,972.65,972.65,1.0
2021-03-10 09:15:00,NSE:GOODYEAR,977.4,977.8,963.8,969.15,1343.0
2021-03-10 09:30:00,NSE:GOODYEAR,969.15,976.0,967.95,970.15,396.0
2021-03-10 09:45:00,NSE:GOODYEAR,971.35,974.9,971.35,974.9,81.0
2021-03-10 10:00:00,NSE:GOODYEAR,974.8,976.9,974.75,975.25,278.0
2021-03-10 10:15:00,NSE:GOODYEAR,976.6,976.9,971.35,973.85,545.0
2021-03-10 10:30:00,NSE:GOODYEAR,971.9,972.0,971.9,971.9,41.0
2021-03-10 10:45:00,NSE:GOODYEAR,971.9,974.35,971.9,973.0,345.0
2021-03-10 11:00:00,NSE:GOODYEAR,974.8,974.8,972.0,972.0,277.0
2021-03-10 11:15:00,NSE:GOODYEAR,973.4,973.4,972.0,972.0,18.0
2021-03-10 11:30:00,NSE:GOODYEAR,973.0,974.0,972.0,973.0,184.0
2021-03-10 11:45:00,NSE:GOODYEAR,974.0,976.0,971.75,973.95,2984.0
2021-03-10 12:00:00,NSE:GOODYEAR,973.55,973.55,971.0,973.2,49.0
2021-03-10 12:15:00,NSE:GOODYEAR,973.6,973.95,973.0,973.95,36.0
2021-03-10 12:30:00,NSE:GOODYEAR,973.0,975.0,973.0,973.4,83.0
2021-03-10 12:45:00,NSE:GOODYEAR,973.0,973.0,973.0,973.0,35.0
2021-03-10 13:00:00,NSE:GOODYEAR,973.0,974.0,972.15,972.55,73.0
2021-03-10 13:15:00,NSE:GOODYEAR,972.45,973.0,972.15,973.0,87.0
2021-03-10 13:30:00,NSE:GOODYEAR,972.15,973.0,971.9,971.9,140.0
2021-03-10 13:45:00,NSE:GOODYEAR,971.5,972.0,969.4,971.5,372.0
2021-03-10 14:00:00,NSE:GOODYEAR,970.0,970.0,969.0,969.0,105.0
2021-03-10 14:15:00,NSE:GOODYEAR,969.0,969.0,963.85,964.0,1437.0
2021-03-10 14:30:00,NSE:GOODYEAR,964.0,968.0,964.0,965.0,757.0
2021-03-10 14:45:00,NSE:GOODYEAR,967.15,967.95,965.0,966.05,785.0
2021-03-10 15:00:00,NSE:GOODYEAR,966.5,969.75,966.5,968.1,301.0
2021-03-10 15:15:00,NSE:GOODYEAR,968.1,970.65,967.0,967.0,1061.0
2021-03-12 09:00:00,NSE:GOODYEAR,970.1,970.1,970.1,970.1,1.0
2021-03-12 09:15:00,NSE:GOODYEAR,970.95,974.65,961.1,968.8,1799.0
2021-03-12 09:30:00,NSE:GOODYEAR,971.05,971.5,965.2,970.45,559.0
2021-03-12 09:45:00,NSE:GOODYEAR,970.35,973.25,970.0,970.4,246.0
2021-03-12 10:00:00,NSE:GOODYEAR,970.4,971.95,968.05,968.05,287.0
2021-03-12 10:15:00,NSE:GOODYEAR,968.0,968.95,966.1,966.1,245.0
2021-03-12 10:30:00,NSE:GOODYEAR,966.1,967.5,966.1,967.1,138.0
2021-03-12 10:45:00,NSE:GOODYEAR,968.85,968.85,967.0,967.0,369.0
2021-03-12 11:00:00,NSE:GOODYEAR,968.9,968.9,965.2,966.1,586.0
2021-03-12 11:15:00,NSE:GOODYEAR,965.0,970.0,965.0,969.0,327.0
2021-03-12 11:30:00,NSE:GOODYEAR,969.0,970.0,968.0,969.0,609.0
2021-03-12 11:45:00,NSE:GOODYEAR,970.4,970.4,968.15,968.2,244.0
2021-03-12 12:00:00,NSE:GOODYEAR,968.2,971.0,968.1,968.1,170.0
2021-03-12 12:15:00,NSE:GOODYEAR,969.85,969.85,965.15,966.5,304.0
2021-03-12 12:30:00,NSE:GOODYEAR,966.1,967.95,965.0,965.65,175.0
2021-03-12 12:45:00,NSE:GOODYEAR,966.0,967.4,965.4,966.05,277.0
2021-03-12 13:00:00,NSE:GOODYEAR,966.3,968.0,966.3,967.9,144.0
2021-03-12 13:15:00,NSE:GOODYEAR,966.0,966.05,966.0,966.05,242.0
2021-03-12 13:30:00,NSE:GOODYEAR,966.0,966.25,965.0,965.0,561.0
2021-03-12 13:45:00,NSE:GOODYEAR,964.55,966.35,964.55,966.25,277.0
2021-03-12 14:00:00,NSE:GOODYEAR,966.15,967.6,965.25,965.25,113.0
2021-03-12 14:15:00,NSE:GOODYEAR,965.0,965.2,964.0,965.0,434.0
2021-03-12 14:30:00,NSE:GOODYEAR,965.05,965.05,963.1,963.6,1128.0
2021-03-12 14:45:00,NSE:GOODYEAR,964.7,965.05,961.1,962.65,956.0
2021-03-12 15:00:00,NSE:GOODYEAR,964.45,964.75,963.15,963.4,220.0
2021-03-12 15:15:00,NSE:GOODYEAR,963.2,965.0,960.3,964.9,1798.0
2021-03-15 09:00:00,NSE:GOODYEAR,962.0,962.0,962.0,962.0,28.0
2021-03-15 09:15:00,NSE:GOODYEAR,961.95,961.95,953.85,957.95,596.0
2021-03-15 09:30:00,NSE:GOODYEAR,958.0,958.0,950.0,951.5,1354.0
2021-03-15 09:45:00,NSE:GOODYEAR,951.05,951.5,950.3,951.5,261.0
2021-03-15 10:00:00,NSE:GOODYEAR,951.5,951.5,945.0,950.95,1563.0
2021-03-15 10:15:00,NSE:GOODYEAR,950.95,952.85,950.75,952.6,121.0
2021-03-15 10:30:00,NSE:GOODYEAR,951.2,952.55,950.5,950.5,182.0
2021-03-15 10:45:00,NSE:GOODYEAR,950.0,951.25,949.0,951.0,201.0
2021-03-15 11:00:00,NSE:GOODYEAR,950.95,950.95,948.5,948.5,200.0
2021-03-15 11:15:00,NSE:GOODYEAR,948.5,949.95,948.0,949.95,186.0
2021-03-15 11:30:00,NSE:GOODYEAR,948.05,949.95,948.0,948.3,152.0
2021-03-15 11:45:00,NSE:GOODYEAR,949.75,949.9,949.05,949.5,29.0
2021-03-15 12:00:00,NSE:GOODYEAR,949.5,951.1,949.0,951.1,234.0
2021-03-15 12:15:00,NSE:GOODYEAR,950.05,952.75,950.05,952.75,60.0
2021-03-15 12:30:00,NSE:GOODYEAR,952.0,952.0,948.0,948.0,255.0
2021-03-15 12:45:00,NSE:GOODYEAR,950.0,952.75,950.0,952.0,237.0
2021-03-15 13:00:00,NSE:GOODYEAR,952.0,952.0,950.0,950.0,68.0
2021-03-15 13:15:00,NSE:GOODYEAR,951.7,951.7,950.0,950.0,116.0
2021-03-15 13:30:00,NSE:GOODYEAR,951.65,953.1,951.45,953.1,368.0
2021-03-15 13:45:00,NSE:GOODYEAR,956.65,956.65,948.5,950.0,1316.0
2021-03-15 14:00:00,NSE:GOODYEAR,950.0,950.0,948.0,949.85,49.0
2021-03-15 14:15:00,NSE:GOODYEAR,949.85,950.0,949.0,950.0,174.0
2021-03-15 14:30:00,NSE:GOODYEAR,949.3,950.0,949.3,950.0,228.0
2021-03-15 14:45:00,NSE:GOODYEAR,950.0,950.0,950.0,950.0,205.0
2021-03-15 15:00:00,NSE:GOODYEAR,950.0,950.0,945.0,946.0,2028.0
2021-03-15 15:15:00,NSE:GOODYEAR,947.0,948.95,946.0,948.95,1297.0
2021-03-15 15:30:00,NSE:GOODYEAR,948.95,948.95,948.95,948.95,1.0
2021-03-16 09:00:00,NSE:GOODYEAR,952.3,952.3,952.3,952.3,8.0
2021-03-16 09:15:00,NSE:GOODYEAR,959.75,959.75,951.15,952.4,278.0
2021-03-16 09:30:00,NSE:GOODYEAR,952.1,952.1,946.0,952.1,745.0
2021-03-16 09:45:00,NSE:GOODYEAR,952.1,952.15,950.1,950.1,118.0
2021-03-16 10:00:00,NSE:GOODYEAR,952.15,952.15,950.0,950.0,26.0
2021-03-16 10:15:00,NSE:GOODYEAR,950.0,955.0,949.5,952.85,105.0
2021-03-16 10:30:00,NSE:GOODYEAR,955.0,955.0,948.5,949.95,441.0
2021-03-16 10:45:00,NSE:GOODYEAR,949.95,950.0,949.55,950.0,852.0
2021-03-16 11:00:00,NSE:GOODYEAR,950.0,950.0,950.0,950.0,33.0
2021-03-16 11:15:00,NSE:GOODYEAR,950.0,950.0,949.0,950.0,353.0
2021-03-16 11:30:00,NSE:GOODYEAR,948.2,948.2,946.7,947.7,232.0
2021-03-16 11:45:00,NSE:GOODYEAR,949.3,949.4,946.0,946.0,173.0
2021-03-16 12:00:00,NSE:GOODYEAR,946.0,949.7,945.0,948.25,427.0
2021-03-16 12:15:00,NSE:GOODYEAR,948.85,948.9,948.85,948.85,24.0
2021-03-16 12:30:00,NSE:GOODYEAR,947.0,950.0,947.0,949.45,162.0
2021-03-16 12:45:00,NSE:GOODYEAR,949.45,949.45,946.0,946.0,389.0
2021-03-16 13:00:00,NSE:GOODYEAR,946.0,948.45,945.1,948.45,245.0
2021-03-16 13:15:00,NSE:GOODYEAR,946.45,946.5,942.0,942.0,940.0
2021-03-16 13:30:00,NSE:GOODYEAR,942.0,942.45,939.0,939.65,751.0
2021-03-16 13:45:00,NSE:GOODYEAR,941.65,941.75,938.0,938.05,409.0
2021-03-16 14:00:00,NSE:GOODYEAR,937.75,943.15,937.5,941.4,662.0
2021-03-16 14:15:00,NSE:GOODYEAR,942.0,942.6,938.0,938.0,339.0
2021-03-16 14:30:00,NSE:GOODYEAR,942.55,942.55,940.7,942.55,124.0
2021-03-16 14:45:00,NSE:GOODYEAR,941.9,942.15,939.05,942.15,133.0
2021-03-16 15:00:00,NSE:GOODYEAR,942.15,942.15,937.55,938.0,608.0
2021-03-16 15:15:00,NSE:GOODYEAR,937.6,942.1,935.1,939.95,1637.0
2021-03-16 15:30:00,NSE:GOODYEAR,937.55,939.95,937.55,937.55,23.0
2021-03-17 09:00:00,NSE:GOODYEAR,937.95,937.95,937.95,937.95,2.0
2021-03-17 09:15:00,NSE:GOODYEAR,941.7,948.0,940.0,944.7,908.0
2021-03-17 09:30:00,NSE:GOODYEAR,943.0,945.45,936.0,940.5,442.0
2021-03-17 09:45:00,NSE:GOODYEAR,942.0,943.85,941.45,943.85,86.0
2021-03-17 10:00:00,NSE:GOODYEAR,941.25,944.15,941.0,941.6,202.0
2021-03-17 10:15:00,NSE:GOODYEAR,939.0,939.05,939.0,939.05,60.0
2021-03-17 10:30:00,NSE:GOODYEAR,940.5,942.6,940.5,942.45,46.0
2021-03-17 10:45:00,NSE:GOODYEAR,942.25,942.5,939.55,942.2,51.0
2021-03-17 11:00:00,NSE:GOODYEAR,939.85,942.5,939.85,941.0,129.0
2021-03-17 11:15:00,NSE:GOODYEAR,943.1,945.0,940.2,941.3,796.0
2021-03-17 11:30:00,NSE:GOODYEAR,942.0,942.0,940.05,940.1,590.0
2021-03-17 11:45:00,NSE:GOODYEAR,943.1,943.1,940.05,940.05,28.0
2021-03-17 12:00:00,NSE:GOODYEAR,940.05,940.05,940.05,940.05,90.0
2021-03-17 12:15:00,NSE:GOODYEAR,941.05,941.05,939.0,939.0,251.0
2021-03-17 12:30:00,NSE:GOODYEAR,939.5,939.5,937.15,939.0,250.0
2021-03-17 12:45:00,NSE:GOODYEAR,939.0,939.0,937.0,937.05,43.0
2021-03-17 13:00:00,NSE:GOODYEAR,938.8,940.0,937.0,938.1,270.0
2021-03-17 13:15:00,NSE:GOODYEAR,938.95,940.2,937.5,940.0,133.0
2021-03-17 13:30:00,NSE:GOODYEAR,940.0,940.0,937.85,938.05,66.0
2021-03-17 13:45:00,NSE:GOODYEAR,937.0,937.0,932.55,934.95,714.0
2021-03-17 14:00:00,NSE:GOODYEAR,933.15,935.45,929.3,933.0,967.0
2021-03-17 14:15:00,NSE:GOODYEAR,933.0,935.0,933.0,934.4,139.0
2021-03-17 14:30:00,NSE:GOODYEAR,934.35,938.25,934.3,938.25,193.0
2021-03-17 14:45:00,NSE:GOODYEAR,937.0,937.0,933.05,933.05,241.0
2021-03-17 15:00:00,NSE:GOODYEAR,935.4,935.5,930.1,932.0,559.0
2021-03-17 15:15:00,NSE:GOODYEAR,932.0,939.95,926.0,933.4,1536.0
2021-03-17 15:45:00,NSE:GOODYEAR,929.7,929.7,929.7,929.7,9.0
2021-03-18 09:00:00,NSE:GOODYEAR,934.6,934.6,934.6,934.6,2.0
2021-03-18 09:15:00,NSE:GOODYEAR,934.6,938.8,928.0,932.3,1117.0
2021-03-18 09:30:00,NSE:GOODYEAR,934.6,935.85,934.0,934.0,154.0
2021-03-18 09:45:00,NSE:GOODYEAR,933.95,935.0,932.9,934.5,313.0
2021-03-18 10:00:00,NSE:GOODYEAR,932.75,934.5,931.25,934.5,363.0
2021-03-18 10:15:00,NSE:GOODYEAR,934.5,935.0,932.8,933.1,78.0
2021-03-18 10:30:00,NSE:GOODYEAR,931.15,932.75,929.6,929.6,174.0
2021-03-18 10:45:00,NSE:GOODYEAR,931.8,932.3,929.75,932.3,125.0
2021-03-18 11:00:00,NSE:GOODYEAR,932.0,932.0,929.0,930.0,139.0
2021-03-18 11:15:00,NSE:GOODYEAR,929.55,932.0,929.1,932.0,28.0
2021-03-18 11:30:00,NSE:GOODYEAR,932.0,932.0,929.1,930.0,152.0
2021-03-18 11:45:00,NSE:GOODYEAR,930.0,935.0,930.0,935.0,802.0
2021-03-18 12:00:00,NSE:GOODYEAR,935.0,935.0,934.1,934.55,83.0
2021-03-18 12:15:00,NSE:GOODYEAR,935.0,935.0,934.65,934.65,28.0
2021-03-18 12:30:00,NSE:GOODYEAR,934.65,934.65,931.1,932.6,84.0
2021-03-18 12:45:00,NSE:GOODYEAR,932.6,932.6,930.2,930.6,75.0
2021-03-18 13:00:00,NSE:GOODYEAR,932.1,932.1,930.0,930.0,110.0
2021-03-18 13:15:00,NSE:GOODYEAR,930.0,931.05,929.1,929.1,211.0
2021-03-18 13:30:00,NSE:GOODYEAR,929.0,931.5,928.0,929.45,270.0
2021-03-18 13:45:00,NSE:GOODYEAR,929.0,929.65,926.7,927.0,146.0
2021-03-18 14:00:00,NSE:GOODYEAR,927.0,927.0,923.0,923.0,421.0
2021-03-18 14:15:00,NSE:GOODYEAR,922.25,922.35,911.1,920.3,1427.0
2021-03-18 14:30:00,NSE:GOODYEAR,920.3,925.05,918.75,920.4,418.0
2021-03-18 14:45:00,NSE:GOODYEAR,920.25,920.4,920.0,920.35,851.0
2021-03-18 15:00:00,NSE:GOODYEAR,920.0,925.0,916.25,919.1,1414.0
2021-03-18 15:15:00,NSE:GOODYEAR,919.1,919.2,916.0,919.2,1958.0
2021-03-18 15:45:00,NSE:GOODYEAR,919.55,919.55,919.2,919.2,26.0
2021-03-19 09:00:00,NSE:GOODYEAR,913.0,913.0,913.0,913.0,1.0
2021-03-19 09:15:00,NSE:GOODYEAR,916.65,918.05,910.0,910.0,667.0
2021-03-19 09:30:00,NSE:GOODYEAR,910.0,910.0,903.65,906.15,364.0
2021-03-19 09:45:00,NSE:GOODYEAR,905.95,908.0,905.1,907.5,1012.0
2021-03-19 10:00:00,NSE:GOODYEAR,906.15,910.0,906.0,910.0,455.0
2021-03-19 10:15:00,NSE:GOODYEAR,909.95,909.95,900.0,909.15,953.0
2021-03-19 10:30:00,NSE:GOODYEAR,910.0,912.55,909.8,911.75,314.0
2021-03-19 10:45:00,NSE:GOODYEAR,911.4,916.55,909.65,916.5,283.0
2021-03-19 11:00:00,NSE:GOODYEAR,916.55,918.5,915.0,915.2,389.0
2021-03-19 11:15:00,NSE:GOODYEAR,915.25,915.25,910.85,910.85,131.0
2021-03-19 11:30:00,NSE:GOODYEAR,911.05,912.05,910.0,910.0,93.0
2021-03-19 11:45:00,NSE:GOODYEAR,907.6,914.7,907.6,914.7,157.0
2021-03-19 12:00:00,NSE:GOODYEAR,911.05,914.2,911.05,912.5,174.0
2021-03-19 12:15:00,NSE:GOODYEAR,912.0,913.0,911.05,912.35,213.0
2021-03-19 12:30:00,NSE:GOODYEAR,913.1,919.2,913.1,915.9,226.0
2021-03-19 12:45:00,NSE:GOODYEAR,913.0,922.05,913.0,919.2,542.0
2021-03-19 13:00:00,NSE:GOODYEAR,918.9,925.0,918.9,922.2,652.0
2021-03-19 13:15:00,NSE:GOODYEAR,920.65,923.0,920.65,922.05,72.0
2021-03-19 13:30:00,NSE:GOODYEAR,924.85,924.85,922.05,923.05,161.0
2021-03-19 13:45:00,NSE:GOODYEAR,923.05,924.0,923.0,924.0,70.0
2021-03-19 14:00:00,NSE:GOODYEAR,924.0,924.0,919.0,920.45,264.0
2021-03-19 14:15:00,NSE:GOODYEAR,919.6,920.5,919.0,920.5,189.0
2021-03-19 14:30:00,NSE:GOODYEAR,920.5,924.0,920.0,921.35,307.0
2021-03-19 14:45:00,NSE:GOODYEAR,922.8,924.85,922.25,924.55,221.0
2021-03-19 15:00:00,NSE:GOODYEAR,924.95,924.95,918.0,919.85,1442.0
2021-03-19 15:15:00,NSE:GOODYEAR,923.3,924.95,919.3,924.4,434.0
2021-03-22 09:00:00,NSE:GOODYEAR,933.0,933.0,933.0,933.0,161.0
2021-03-22 09:15:00,NSE:GOODYEAR,931.6,935.9,923.05,924.0,1309.0
2021-03-22 09:30:00,NSE:GOODYEAR,925.0,925.0,921.45,924.05,1058.0
2021-03-22 09:45:00,NSE:GOODYEAR,924.85,932.0,922.65,929.7,883.0
2021-03-22 10:00:00,NSE:GOODYEAR,929.55,932.0,929.3,931.55,573.0
2021-03-22 10:15:00,NSE:GOODYEAR,931.2,932.0,926.8,929.0,573.0
2021-03-22 10:30:00,NSE:GOODYEAR,929.0,929.0,928.05,929.0,151.0
2021-03-22 10:45:00,NSE:GOODYEAR,928.0,929.0,927.25,928.0,439.0
2021-03-22 11:00:00,NSE:GOODYEAR,927.25,929.0,927.25,928.0,462.0
2021-03-22 11:15:00,NSE:GOODYEAR,929.0,929.0,927.5,927.5,18.0
2021-03-22 11:30:00,NSE:GOODYEAR,927.25,928.45,927.25,927.25,282.0
2021-03-22 11:45:00,NSE:GOODYEAR,928.0,928.0,927.1,928.0,70.0
2021-03-22 12:00:00,NSE:GOODYEAR,928.0,929.0,927.95,928.0,300.0
2021-03-22 12:15:00,NSE:GOODYEAR,927.1,928.0,927.1,928.0,47.0
2021-03-22 12:30:00,NSE:GOODYEAR,927.15,928.0,927.15,928.0,18.0
2021-03-22 12:45:00,NSE:GOODYEAR,928.0,928.0,927.0,928.0,421.0
2021-03-22 13:00:00,NSE:GOODYEAR,927.0,928.0,924.0,924.0,435.0
2021-03-22 13:15:00,NSE:GOODYEAR,924.95,925.0,923.75,923.75,20.0
2021-03-22 13:30:00,NSE:GOODYEAR,924.05,925.0,921.0,925.0,835.0
2021-03-22 13:45:00,NSE:GOODYEAR,922.05,925.0,922.0,924.95,67.0
2021-03-22 14:00:00,NSE:GOODYEAR,924.95,925.0,924.7,925.0,125.0
2021-03-22 14:15:00,NSE:GOODYEAR,923.45,925.0,923.45,925.0,33.0
2021-03-22 14:30:00,NSE:GOODYEAR,921.0,922.35,921.0,921.0,327.0
2021-03-22 14:45:00,NSE:GOODYEAR,921.0,924.05,920.0,921.25,312.0
2021-03-22 15:00:00,NSE:GOODYEAR,922.05,922.05,919.35,919.35,1083.0
2021-03-22 15:15:00,NSE:GOODYEAR,919.35,920.0,919.3,919.35,1729.0
2021-03-23 09:00:00,NSE:GOODYEAR,924.7,924.7,924.7,924.7,2.0
2021-03-23 09:15:00,NSE:GOODYEAR,924.65,933.0,922.6,931.1,927.0
2021-03-23 09:30:00,NSE:GOODYEAR,931.8,931.8,927.0,928.4,595.0
2021-03-23 09:45:00,NSE:GOODYEAR,928.5,929.0,927.0,928.95,430.0
2021-03-23 10:00:00,NSE:GOODYEAR,928.95,928.95,927.6,928.0,85.0
2021-03-23 10:15:00,NSE:GOODYEAR,928.8,929.0,927.05,927.35,270.0
2021-03-23 10:30:00,NSE:GOODYEAR,927.4,928.6,926.1,926.15,288.0
2021-03-23 10:45:00,NSE:GOODYEAR,926.0,927.55,925.3,926.0,200.0
2021-03-23 11:00:00,NSE:GOODYEAR,927.5,929.0,925.0,925.15,3982.0
2021-03-23 11:15:00,NSE:GOODYEAR,925.15,928.0,925.0,925.3,1458.0
2021-03-23 11:30:00,NSE:GOODYEAR,925.05,928.0,925.05,925.05,78.0
2021-03-23 11:45:00,NSE:GOODYEAR,925.15,930.9,925.05,929.95,41.0
2021-03-23 12:00:00,NSE:GOODYEAR,928.0,928.0,925.3,927.6,247.0
2021-03-23 12:15:00,NSE:GOODYEAR,929.6,929.95,926.05,927.65,121.0
2021-03-23 12:30:00,NSE:GOODYEAR,927.7,927.7,924.7,925.0,795.0
2021-03-23 12:45:00,NSE:GOODYEAR,927.4,927.5,925.0,925.05,84.0
2021-03-23 13:00:00,NSE:GOODYEAR,925.1,927.0,925.0,925.2,211.0
2021-03-23 13:15:00,NSE:GOODYEAR,924.7,926.0,921.0,925.0,404.0
2021-03-23 13:30:00,NSE:GOODYEAR,925.0,925.0,923.0,923.0,134.0
2021-03-23 13:45:00,NSE:GOODYEAR,923.05,925.0,923.05,925.0,165.0
2021-03-23 14:00:00,NSE:GOODYEAR,923.2,924.85,923.2,924.85,93.0
2021-03-23 14:15:00,NSE:GOODYEAR,923.5,925.0,922.55,922.55,510.0
2021-03-23 14:30:00,NSE:GOODYEAR,923.0,924.05,922.55,924.05,264.0
2021-03-23 14:45:00,NSE:GOODYEAR,923.05,924.05,923.05,923.95,739.0
2021-03-23 15:00:00,NSE:GOODYEAR,924.25,924.95,923.8,924.0,187.0
2021-03-23 15:15:00,NSE:GOODYEAR,923.5,925.0,922.45,924.95,796.0
2021-03-24 09:00:00,NSE:GOODYEAR,926.0,926.0,926.0,926.0,40.0
2021-03-24 09:15:00,NSE:GOODYEAR,928.95,931.5,926.0,926.95,624.0
2021-03-24 09:30:00,NSE:GOODYEAR,926.3,931.5,925.0,927.15,702.0
2021-03-24 09:45:00,NSE:GOODYEAR,927.4,928.05,926.0,926.45,236.0
2021-03-24 10:00:00,NSE:GOODYEAR,926.95,927.3,925.75,927.3,89.0
2021-03-24 10:15:00,NSE:GOODYEAR,927.15,927.15,924.1,924.15,201.0
2021-03-24 10:30:00,NSE:GOODYEAR,924.15,925.3,920.15,924.0,322.0
2021-03-24 10:45:00,NSE:GOODYEAR,923.05,923.05,920.0,920.1,1519.0
2021-03-24 11:00:00,NSE:GOODYEAR,920.45,921.7,920.1,920.35,217.0
2021-03-24 11:15:00,NSE:GOODYEAR,921.05,923.95,921.05,923.4,49.0
2021-03-24 11:30:00,NSE:GOODYEAR,923.4,923.95,923.1,923.95,65.0
2021-03-24 11:45:00,NSE:GOODYEAR,923.15,924.0,923.0,923.0,116.0
2021-03-24 12:00:00,NSE:GOODYEAR,923.85,924.0,923.0,923.0,202.0
2021-03-24 12:15:00,NSE:GOODYEAR,924.0,926.7,923.6,925.35,194.0
2021-03-24 12:30:00,NSE:GOODYEAR,925.35,925.4,924.5,924.5,67.0
2021-03-24 12:45:00,NSE:GOODYEAR,925.35,925.35,923.0,923.0,76.0
2021-03-24 13:00:00,NSE:GOODYEAR,924.3,925.0,920.0,920.0,407.0
2021-03-24 13:15:00,NSE:GOODYEAR,919.9,920.45,919.5,920.1,38.0
2021-03-24 13:30:00,NSE:GOODYEAR,920.0,920.45,919.5,919.8,118.0
2021-03-24 13:45:00,NSE:GOODYEAR,920.0,920.0,918.05,919.35,414.0
2021-03-24 14:00:00,NSE:GOODYEAR,918.0,918.5,912.5,913.0,599.0
2021-03-24 14:15:00,NSE:GOODYEAR,912.5,912.5,911.05,912.05,557.0
2021-03-24 14:30:00,NSE:GOODYEAR,912.45,914.1,910.0,912.95,808.0
2021-03-24 14:45:00,NSE:GOODYEAR,912.95,920.6,910.0,920.0,1207.0
2021-03-24 15:00:00,NSE:GOODYEAR,920.0,921.95,884.7,906.0,4373.0
2021-03-24 15:15:00,NSE:GOODYEAR,906.0,914.8,882.1,898.7,2804.0
2021-03-24 15:30:00,NSE:GOODYEAR,901.4,901.4,898.7,898.7,65.0
2021-03-24 15:45:00,NSE:GOODYEAR,901.4,901.4,901.4,901.4,100.0
2021-03-25 09:00:00,NSE:GOODYEAR,902.0,902.0,902.0,902.0,60.0
2021-03-25 09:15:00,NSE:GOODYEAR,901.95,901.95,891.05,895.65,833.0
2021-03-25 09:30:00,NSE:GOODYEAR,895.4,898.15,891.0,894.45,224.0
2021-03-25 09:45:00,NSE:GOODYEAR,895.9,897.25,891.0,894.0,378.0
2021-03-25 10:00:00,NSE:GOODYEAR,893.45,897.0,893.45,897.0,182.0
2021-03-25 10:15:00,NSE:GOODYEAR,897.0,897.0,890.1,891.0,620.0
2021-03-25 10:30:00,NSE:GOODYEAR,892.0,895.25,892.0,892.1,170.0
2021-03-25 10:45:00,NSE:GOODYEAR,895.1,895.7,891.5,892.0,176.0
2021-03-25 11:00:00,NSE:GOODYEAR,891.5,894.35,890.85,892.9,177.0
2021-03-25 11:15:00,NSE:GOODYEAR,892.9,894.95,891.35,894.95,236.0
2021-03-25 11:30:00,NSE:GOODYEAR,894.95,895.9,893.5,893.9,67.0
2021-03-25 11:45:00,NSE:GOODYEAR,893.9,895.65,893.5,893.5,44.0
2021-03-25 12:00:00,NSE:GOODYEAR,893.5,893.65,888.0,888.0,808.0
2021-03-25 12:15:00,NSE:GOODYEAR,889.55,889.55,882.75,886.05,554.0
2021-03-25 12:30:00,NSE:GOODYEAR,884.0,886.25,883.0,886.25,380.0
2021-03-25 12:45:00,NSE:GOODYEAR,884.95,886.45,884.25,886.0,166.0
2021-03-25 13:00:00,NSE:GOODYEAR,886.25,886.45,884.7,886.0,374.0
2021-03-25 13:15:00,NSE:GOODYEAR,886.0,887.5,885.5,885.55,394.0
2021-03-25 13:30:00,NSE:GOODYEAR,887.15,888.0,885.7,888.0,301.0
2021-03-25 13:45:00,NSE:GOODYEAR,888.0,888.0,885.05,887.8,483.0
2021-03-25 14:00:00,NSE:GOODYEAR,887.75,890.0,886.05,886.05,880.0
2021-03-25 14:15:00,NSE:GOODYEAR,888.2,888.2,885.0,886.45,208.0
2021-03-25 14:30:00,NSE:GOODYEAR,886.45,890.0,885.55,888.05,836.0
2021-03-25 14:45:00,NSE:GOODYEAR,890.4,890.9,887.1,888.0,667.0
2021-03-25 15:00:00,NSE:GOODYEAR,888.0,895.1,888.0,891.05,505.0
2021-03-25 15:15:00,NSE:GOODYEAR,895.1,895.5,890.05,894.4,1187.0
2021-03-25 15:30:00,NSE:GOODYEAR,892.95,894.4,892.95,894.4,8.0
2021-03-25 15:45:00,NSE:GOODYEAR,892.95,892.95,892.95,892.95,20.0
2021-03-26 09:00:00,NSE:GOODYEAR,896.0,896.0,896.0,896.0,10.0
2021-03-26 09:15:00,NSE:GOODYEAR,897.6,904.35,893.0,901.9,694.0
2021-03-26 09:30:00,NSE:GOODYEAR,900.45,902.9,900.0,900.0,162.0
2021-03-26 09:45:00,NSE:GOODYEAR,900.0,900.0,896.0,896.3,65.0
2021-03-26 10:00:00,NSE:GOODYEAR,898.0,898.15,895.9,895.9,80.0
2021-03-26 10:15:00,NSE:GOODYEAR,895.9,900.0,895.9,899.85,413.0
2021-03-26 10:30:00,NSE:GOODYEAR,900.0,900.0,897.6,897.6,136.0
2021-03-26 10:45:00,NSE:GOODYEAR,897.1,898.0,896.25,897.8,2269.0
2021-03-26 11:00:00,NSE:GOODYEAR,897.0,899.25,896.6,896.6,82.0
2021-03-26 11:15:00,NSE:GOODYEAR,896.6,898.6,896.6,896.65,355.0
2021-03-26 11:30:00,NSE:GOODYEAR,897.0,899.7,896.65,899.15,126.0
2021-03-26 11:45:00,NSE:GOODYEAR,899.4,899.45,896.65,896.65,159.0
2021-03-26 12:00:00,NSE:GOODYEAR,897.0,898.65,896.7,898.0,342.0
2021-03-26 12:15:00,NSE:GOODYEAR,897.0,898.55,897.0,898.55,630.0
2021-03-26 12:30:00,NSE:GOODYEAR,898.0,899.0,897.4,899.0,161.0
2021-03-26 12:45:00,NSE:GOODYEAR,899.0,899.0,897.0,898.95,215.0
2021-03-26 13:00:00,NSE:GOODYEAR,897.75,898.9,897.3,898.0,225.0
2021-03-26 13:15:00,NSE:GOODYEAR,898.45,899.0,898.45,899.0,102.0
2021-03-26 13:30:00,NSE:GOODYEAR,899.0,901.65,899.0,900.0,1359.0
2021-03-26 13:45:00,NSE:GOODYEAR,900.0,902.0,900.0,902.0,95.0
2021-03-26 14:00:00,NSE:GOODYEAR,902.0,902.0,900.05,901.9,104.0
2021-03-26 14:15:00,NSE:GOODYEAR,901.95,902.0,900.0,900.0,322.0
2021-03-26 14:30:00,NSE:GOODYEAR,900.0,902.0,897.15,899.0,525.0
2021-03-26 14:45:00,NSE:GOODYEAR,898.65,899.95,897.0,899.95,131.0
2021-03-26 15:00:00,NSE:GOODYEAR,901.25,901.25,898.0,899.0,1196.0
2021-03-26 15:15:00,NSE:GOODYEAR,900.4,900.4,885.5,890.0,1766.0
2021-03-26 15:30:00,NSE:GOODYEAR,894.9,894.9,894.9,894.9,2.0
2021-03-30 09:00:00,NSE:GOODYEAR,900.0,900.0,900.0,900.0,154.0
2021-03-30 09:15:00,NSE:GOODYEAR,902.0,902.0,892.0,901.45,760.0
2021-03-30 09:30:00,NSE:GOODYEAR,901.9,905.0,900.1,902.0,196.0
2021-03-30 09:45:00,NSE:GOODYEAR,902.0,902.0,897.65,899.0,567.0
2021-03-30 10:00:00,NSE:GOODYEAR,898.8,898.8,895.0,895.0,561.0
2021-03-30 10:15:00,NSE:GOODYEAR,897.5,903.35,897.5,901.75,840.0
2021-03-30 10:30:00,NSE:GOODYEAR,900.0,904.0,899.05,899.05,567.0
2021-03-30 10:45:00,NSE:GOODYEAR,898.15,902.95,898.15,900.0,111.0
2021-03-30 11:00:00,NSE:GOODYEAR,899.5,899.5,898.0,898.0,129.0
2021-03-30 11:15:00,NSE:GOODYEAR,898.2,899.4,890.0,894.55,1125.0
2021-03-30 11:30:00,NSE:GOODYEAR,894.6,896.6,892.0,892.9,188.0
2021-03-30 11:45:00,NSE:GOODYEAR,892.9,896.3,891.1,891.1,272.0
2021-03-30 12:00:00,NSE:GOODYEAR,889.3,890.0,888.2,888.5,680.0
2021-03-30 12:15:00,NSE:GOODYEAR,888.75,891.95,888.75,888.85,164.0
2021-03-30 12:30:00,NSE:GOODYEAR,888.85,890.0,888.8,888.8,120.0
2021-03-30 12:45:00,NSE:GOODYEAR,890.0,890.0,889.0,889.0,37.0
2021-03-30 13:00:00,NSE:GOODYEAR,889.95,890.0,888.85,888.9,254.0
2021-03-30 13:15:00,NSE:GOODYEAR,890.0,890.0,888.85,889.0,345.0
2021-03-30 13:30:00,NSE:GOODYEAR,889.05,889.95,888.9,889.95,179.0
2021-03-30 13:45:00,NSE:GOODYEAR,890.0,890.0,889.0,889.95,347.0
2021-03-30 14:00:00,NSE:GOODYEAR,888.85,889.95,888.5,888.85,300.0
2021-03-30 14:15:00,NSE:GOODYEAR,887.0,890.05,886.05,889.0,692.0
2021-03-30 14:30:00,NSE:GOODYEAR,889.0,890.85,886.0,889.0,1069.0
2021-03-30 14:45:00,NSE:GOODYEAR,889.95,889.95,887.6,887.6,841.0
2021-03-30 15:00:00,NSE:GOODYEAR,888.0,889.0,887.7,887.75,312.0
2021-03-30 15:15:00,NSE:GOODYEAR,887.8,890.0,886.4,889.5,1627.0
2021-03-30 15:30:00,NSE:GOODYEAR,888.75,888.75,888.75,888.75,14.0
2021-03-30 15:45:00,NSE:GOODYEAR,888.75,888.75,888.75,888.75,2.0
2021-03-31 09:00:00,NSE:GOODYEAR,900.0,900.0,900.0,900.0,257.0
2021-03-31 09:15:00,NSE:GOODYEAR,899.75,899.75,887.3,892.95,428.0
2021-03-31 09:30:00,NSE:GOODYEAR,893.7,893.9,889.25,893.9,148.0
2021-03-31 09:45:00,NSE:GOODYEAR,893.9,893.9,891.0,893.0,316.0
2021-03-31 10:00:00,NSE:GOODYEAR,893.5,893.5,891.5,893.4,105.0
2021-03-31 10:15:00,NSE:GOODYEAR,893.05,893.5,890.35,893.45,250.0
2021-03-31 10:30:00,NSE:GOODYEAR,893.0,893.5,893.0,893.4,708.0
2021-03-31 10:45:00,NSE:GOODYEAR,893.0,895.0,891.7,894.95,659.0
2021-03-31 11:00:00,NSE:GOODYEAR,894.45,894.45,891.8,894.0,131.0
2021-03-31 11:15:00,NSE:GOODYEAR,892.85,892.85,891.7,892.4,119.0
2021-03-31 11:30:00,NSE:GOODYEAR,892.0,892.2,891.05,892.2,105.0
2021-03-31 11:45:00,NSE:GOODYEAR,891.05,892.2,891.05,891.5,205.0
2021-03-31 12:00:00,NSE:GOODYEAR,891.1,894.5,891.1,893.8,790.0
2021-03-31 12:15:00,NSE:GOODYEAR,893.8,894.45,892.6,894.45,129.0
2021-03-31 12:30:00,NSE:GOODYEAR,894.45,895.0,893.0,895.0,128.0
2021-03-31 12:45:00,NSE:GOODYEAR,895.0,896.95,893.9,896.95,146.0
2021-03-31 13:00:00,NSE:GOODYEAR,895.3,896.55,893.6,894.6,262.0
2021-03-31 13:15:00,NSE:GOODYEAR,895.8,898.35,895.0,895.0,554.0
2021-03-31 13:30:00,NSE:GOODYEAR,896.3,896.3,895.0,895.0,59.0
2021-03-31 13:45:00,NSE:GOODYEAR,895.0,895.0,894.0,895.0,53.0
2021-03-31 14:00:00,NSE:GOODYEAR,898.45,898.45,894.0,895.0,283.0
2021-03-31 14:15:00,NSE:GOODYEAR,895.0,895.0,890.05,893.55,676.0
2021-03-31 14:30:00,NSE:GOODYEAR,893.5,894.6,890.65,894.05,680.0
2021-03-31 14:45:00,NSE:GOODYEAR,893.65,894.55,890.55,894.0,198.0
2021-03-31 15:00:00,NSE:GOODYEAR,890.65,893.9,889.0,893.9,453.0
2021-03-31 15:15:00,NSE:GOODYEAR,893.45,894.95,889.9,894.5,1012.0
2021-03-31 15:30:00,NSE:GOODYEAR,891.3,891.3,891.3,891.3,9.0
2021-03-31 15:45:00,NSE:GOODYEAR,891.3,891.3,891.3,891.3,1.0
2021-04-01 09:00:00,NSE:GOODYEAR,896.0,896.0,896.0,896.0,5.0
2021-04-01 09:15:00,NSE:GOODYEAR,895.95,904.0,895.95,898.5,483.0
2021-04-01 09:30:00,NSE:GOODYEAR,898.05,900.0,897.95,899.5,107.0
2021-04-01 09:45:00,NSE:GOODYEAR,898.0,900.0,898.0,899.3,40.0
2021-04-01 10:00:00,NSE:GOODYEAR,899.1,899.95,897.0,899.8,211.0
2021-04-01 10:15:00,NSE:GOODYEAR,899.75,900.0,899.75,899.9,66.0
2021-04-01 10:30:00,NSE:GOODYEAR,899.75,899.75,895.0,896.05,545.0
2021-04-01 10:45:00,NSE:GOODYEAR,895.95,896.0,893.6,893.75,248.0
2021-04-01 11:00:00,NSE:GOODYEAR,895.25,898.75,894.3,898.75,107.0
2021-04-01 11:15:00,NSE:GOODYEAR,898.9,898.9,896.9,898.65,83.0
2021-04-01 11:30:00,NSE:GOODYEAR,896.75,898.0,896.75,898.0,28.0
2021-04-01 11:45:00,NSE:GOODYEAR,898.0,898.0,895.1,898.0,74.0
2021-04-01 12:00:00,NSE:GOODYEAR,899.8,903.0,896.85,901.85,540.0
2021-04-01 12:15:00,NSE:GOODYEAR,903.0,903.95,901.6,903.95,175.0
2021-04-01 12:30:00,NSE:GOODYEAR,904.0,905.75,903.6,905.75,119.0
2021-04-01 12:45:00,NSE:GOODYEAR,903.6,909.25,903.6,909.25,345.0
2021-04-01 13:00:00,NSE:GOODYEAR,906.65,909.5,906.65,909.4,34.0
2021-04-01 13:15:00,NSE:GOODYEAR,909.95,912.0,908.3,912.0,389.0
2021-04-01 13:30:00,NSE:GOODYEAR,909.9,912.0,906.3,911.95,336.0
2021-04-01 13:45:00,NSE:GOODYEAR,910.5,912.0,910.45,910.45,283.0
2021-04-01 14:00:00,NSE:GOODYEAR,910.0,910.15,909.35,910.15,102.0
2021-04-01 14:15:00,NSE:GOODYEAR,910.0,923.95,910.0,922.05,826.0
2021-04-01 14:30:00,NSE:GOODYEAR,923.9,923.9,913.0,917.75,655.0
2021-04-01 14:45:00,NSE:GOODYEAR,915.65,921.2,915.65,919.0,179.0
2021-04-01 15:00:00,NSE:GOODYEAR,919.1,922.0,916.35,921.7,416.0
2021-04-01 15:15:00,NSE:GOODYEAR,916.2,923.2,914.1,920.0,1680.0
2021-04-01 15:45:00,NSE:GOODYEAR,918.8,920.0,918.8,918.8,52.0
2021-04-05 09:00:00,NSE:GOODYEAR,925.0,925.0,925.0,925.0,36.0
2021-04-05 09:15:00,NSE:GOODYEAR,918.7,918.7,910.6,914.0,310.0
2021-04-05 09:30:00,NSE:GOODYEAR,910.55,916.0,910.0,914.05,432.0
2021-04-05 09:45:00,NSE:GOODYEAR,912.0,914.35,908.0,908.0,567.0
2021-04-05 10:00:00,NSE:GOODYEAR,905.65,910.45,901.75,905.65,500.0
2021-04-05 10:15:00,NSE:GOODYEAR,901.75,901.75,892.0,892.0,803.0
2021-04-05 10:30:00,NSE:GOODYEAR,892.0,894.75,884.0,885.0,2966.0
2021-04-05 10:45:00,NSE:GOODYEAR,885.0,897.55,883.8,897.55,1002.0
2021-04-05 11:00:00,NSE:GOODYEAR,895.0,897.5,892.6,896.1,429.0
2021-04-05 11:15:00,NSE:GOODYEAR,896.0,904.75,895.6,902.35,517.0
2021-04-05 11:30:00,NSE:GOODYEAR,901.0,901.0,899.1,899.1,208.0
2021-04-05 11:45:00,NSE:GOODYEAR,900.75,905.7,900.75,904.8,316.0
2021-04-05 12:00:00,NSE:GOODYEAR,902.1,904.0,902.1,904.0,147.0
2021-04-05 12:15:00,NSE:GOODYEAR,902.75,904.55,902.75,904.55,11.0
2021-04-05 12:30:00,NSE:GOODYEAR,904.55,906.0,904.55,906.0,137.0
2021-04-05 12:45:00,NSE:GOODYEAR,905.95,906.0,905.95,905.95,101.0
2021-04-05 13:00:00,NSE:GOODYEAR,904.05,905.0,902.5,904.0,360.0
2021-04-05 13:15:00,NSE:GOODYEAR,903.2,905.0,903.2,905.0,462.0
2021-04-05 13:30:00,NSE:GOODYEAR,908.0,909.0,906.05,906.6,1650.0
2021-04-05 13:45:00,NSE:GOODYEAR,908.7,908.85,906.4,908.8,104.0
2021-04-05 14:00:00,NSE:GOODYEAR,907.75,908.75,907.7,908.75,40.0
2021-04-05 14:15:00,NSE:GOODYEAR,908.75,912.7,908.75,911.45,302.0
2021-04-05 14:30:00,NSE:GOODYEAR,911.45,914.0,911.45,912.85,151.0
2021-04-05 14:45:00,NSE:GOODYEAR,911.9,914.65,911.9,912.7,52.0
2021-04-05 15:00:00,NSE:GOODYEAR,912.75,912.75,910.0,911.9,592.0
2021-04-05 15:15:00,NSE:GOODYEAR,910.1,912.65,910.0,910.0,581.0
2021-04-05 15:30:00,NSE:GOODYEAR,911.85,911.85,911.85,911.85,1.0
2021-04-05 15:45:00,NSE:GOODYEAR,911.85,911.85,911.85,911.85,69.0
2021-04-06 09:00:00,NSE:GOODYEAR,911.0,911.0,911.0,911.0,1.0
2021-04-06 09:15:00,NSE:GOODYEAR,911.0,911.05,896.15,905.25,315.0
2021-04-06 09:30:00,NSE:GOODYEAR,912.25,912.6,908.35,908.9,314.0
2021-04-06 09:45:00,NSE:GOODYEAR,906.25,909.05,906.25,909.05,73.0
2021-04-06 10:00:00,NSE:GOODYEAR,909.05,911.0,909.05,909.4,131.0
2021-04-06 10:15:00,NSE:GOODYEAR,909.05,909.05,900.05,901.35,426.0
2021-04-06 10:30:00,NSE:GOODYEAR,903.45,904.4,902.0,904.4,39.0
2021-04-06 10:45:00,NSE:GOODYEAR,902.4,904.45,902.4,904.4,63.0
2021-04-06 11:00:00,NSE:GOODYEAR,904.4,916.6,903.7,913.0,714.0
2021-04-06 11:15:00,NSE:GOODYEAR,913.0,915.15,912.05,915.15,1011.0
2021-04-06 11:30:00,NSE:GOODYEAR,915.85,915.85,910.0,911.0,95.0
2021-04-06 11:45:00,NSE:GOODYEAR,911.0,913.15,902.95,902.95,1301.0
2021-04-06 12:00:00,NSE:GOODYEAR,903.05,905.85,903.05,905.85,14.0
2021-04-06 12:15:00,NSE:GOODYEAR,905.95,905.95,905.95,905.95,54.0
2021-04-06 12:30:00,NSE:GOODYEAR,906.0,908.25,905.0,908.25,98.0
2021-04-06 12:45:00,NSE:GOODYEAR,906.0,907.75,906.0,907.25,144.0
2021-04-06 13:00:00,NSE:GOODYEAR,909.55,910.05,906.0,909.85,915.0
2021-04-06 13:15:00,NSE:GOODYEAR,909.85,910.65,909.85,910.65,38.0
2021-04-06 13:30:00,NSE:GOODYEAR,909.85,909.85,907.3,908.8,25.0
2021-04-06 13:45:00,NSE:GOODYEAR,908.8,908.8,908.0,908.45,65.0
2021-04-06 14:00:00,NSE:GOODYEAR,906.0,907.95,906.0,906.0,1794.0
2021-04-06 14:15:00,NSE:GOODYEAR,907.6,907.6,890.15,894.8,2509.0
2021-04-06 14:30:00,NSE:GOODYEAR,898.15,898.9,896.35,897.15,266.0
2021-04-06 14:45:00,NSE:GOODYEAR,897.5,901.9,897.5,901.9,181.0
2021-04-06 15:00:00,NSE:GOODYEAR,899.0,902.65,898.9,901.0,106.0
2021-04-06 15:15:00,NSE:GOODYEAR,900.35,907.95,896.5,907.5,943.0
2021-04-07 09:00:00,NSE:GOODYEAR,901.1,901.1,901.1,901.1,40.0
2021-04-07 09:15:00,NSE:GOODYEAR,904.05,908.7,902.3,907.0,276.0
2021-04-07 09:30:00,NSE:GOODYEAR,907.75,908.3,900.95,905.0,1228.0
2021-04-07 09:45:00,NSE:GOODYEAR,905.0,907.2,905.0,906.0,45.0
2021-04-07 10:00:00,NSE:GOODYEAR,908.05,908.5,907.85,908.5,18.0
2021-04-07 10:15:00,NSE:GOODYEAR,908.35,908.35,905.85,906.35,100.0
2021-04-07 10:30:00,NSE:GOODYEAR,908.0,909.95,900.35,901.1,894.0
2021-04-07 10:45:00,NSE:GOODYEAR,905.25,908.05,905.25,905.25,130.0
2021-04-07 11:00:00,NSE:GOODYEAR,905.5,910.5,905.5,910.0,182.0
2021-04-07 11:15:00,NSE:GOODYEAR,910.5,910.5,909.0,910.35,210.0
2021-04-07 11:30:00,NSE:GOODYEAR,911.2,912.0,910.0,912.0,374.0
2021-04-07 11:45:00,NSE:GOODYEAR,911.5,912.0,910.5,910.5,48.0
2021-04-07 12:00:00,NSE:GOODYEAR,911.9,911.9,911.9,911.9,69.0
2021-04-07 12:15:00,NSE:GOODYEAR,910.35,913.5,910.35,913.5,142.0
2021-04-07 12:45:00,NSE:GOODYEAR,912.85,913.5,912.0,912.35,113.0
2021-04-07 13:00:00,NSE:GOODYEAR,912.0,912.0,912.0,912.0,22.0
2021-04-07 13:15:00,NSE:GOODYEAR,913.0,913.0,910.6,912.0,251.0
2021-04-07 13:30:00,NSE:GOODYEAR,910.35,911.0,910.3,911.0,5.0
2021-04-07 13:45:00,NSE:GOODYEAR,911.5,911.5,911.25,911.25,19.0
2021-04-07 14:00:00,NSE:GOODYEAR,910.3,911.15,910.3,911.15,64.0
2021-04-07 14:15:00,NSE:GOODYEAR,911.35,913.95,910.1,913.9,317.0
2021-04-07 14:30:00,NSE:GOODYEAR,913.9,913.9,910.7,913.2,106.0
2021-04-07 14:45:00,NSE:GOODYEAR,913.2,913.2,913.2,913.2,11.0
2021-04-07 15:00:00,NSE:GOODYEAR,913.2,913.9,910.3,910.3,233.0
2021-04-07 15:15:00,NSE:GOODYEAR,910.3,919.95,910.1,915.0,1242.0
2021-04-07 15:45:00,NSE:GOODYEAR,913.6,913.6,913.6,913.6,1.0
2021-04-08 09:00:00,NSE:GOODYEAR,919.95,919.95,919.95,919.95,2.0
2021-04-08 09:15:00,NSE:GOODYEAR,913.3,920.6,913.3,917.5,308.0
2021-04-08 09:30:00,NSE:GOODYEAR,919.9,921.3,917.3,917.45,165.0
2021-04-08 09:45:00,NSE:GOODYEAR,918.9,922.85,917.4,918.75,191.0
2021-04-08 10:00:00,NSE:GOODYEAR,921.7,922.4,915.0,916.15,373.0
2021-04-08 10:15:00,NSE:GOODYEAR,916.8,917.7,915.0,915.0,346.0
2021-04-08 10:30:00,NSE:GOODYEAR,912.2,916.05,912.2,916.05,63.0
2021-04-08 10:45:00,NSE:GOODYEAR,915.45,917.15,914.0,916.1,183.0
2021-04-08 11:00:00,NSE:GOODYEAR,916.1,916.1,914.3,916.0,163.0
2021-04-08 11:15:00,NSE:GOODYEAR,915.95,916.7,914.55,914.95,75.0
2021-04-08 11:30:00,NSE:GOODYEAR,915.0,915.0,914.0,914.05,82.0
2021-04-08 11:45:00,NSE:GOODYEAR,914.75,914.8,905.35,911.75,1014.0
2021-04-08 12:00:00,NSE:GOODYEAR,907.6,910.2,905.0,909.75,254.0
2021-04-08 12:15:00,NSE:GOODYEAR,909.7,909.7,908.0,909.0,85.0
2021-04-08 12:30:00,NSE:GOODYEAR,909.0,909.0,909.0,909.0,68.0
2021-04-08 12:45:00,NSE:GOODYEAR,912.0,913.05,911.0,913.0,79.0
2021-04-08 13:00:00,NSE:GOODYEAR,912.95,916.2,912.5,916.2,501.0
2021-04-08 13:15:00,NSE:GOODYEAR,916.2,918.0,915.6,915.6,852.0
2021-04-08 13:30:00,NSE:GOODYEAR,917.3,917.3,915.6,915.6,14.0
2021-04-08 13:45:00,NSE:GOODYEAR,915.5,915.5,915.0,915.05,40.0
2021-04-08 14:00:00,NSE:GOODYEAR,915.0,917.15,915.0,917.0,109.0
2021-04-08 14:15:00,NSE:GOODYEAR,915.1,919.7,915.1,919.7,1623.0
2021-04-08 14:30:00,NSE:GOODYEAR,919.65,919.65,913.4,914.0,134.0
2021-04-08 14:45:00,NSE:GOODYEAR,911.8,914.75,911.55,913.6,277.0
2021-04-08 15:00:00,NSE:GOODYEAR,911.6,913.5,911.55,911.55,185.0
2021-04-08 15:15:00,NSE:GOODYEAR,912.0,915.35,910.0,910.0,677.0
2021-04-09 09:00:00,NSE:GOODYEAR,911.1,911.1,911.1,911.1,40.0
2021-04-09 09:15:00,NSE:GOODYEAR,912.5,912.5,908.15,911.55,312.0
2021-04-09 09:30:00,NSE:GOODYEAR,911.6,916.0,907.55,916.0,168.0
2021-04-09 09:45:00,NSE:GOODYEAR,914.95,915.55,914.2,914.9,48.0
2021-04-09 10:00:00,NSE:GOODYEAR,914.9,915.95,914.05,914.75,153.0
2021-04-09 10:15:00,NSE:GOODYEAR,915.95,916.8,915.95,916.75,22.0
2021-04-09 10:30:00,NSE:GOODYEAR,915.05,915.05,910.7,915.0,585.0
2021-04-09 10:45:00,NSE:GOODYEAR,914.25,915.05,912.15,912.15,83.0
2021-04-09 11:00:00,NSE:GOODYEAR,914.0,916.1,913.95,913.95,35.0
2021-04-09 11:15:00,NSE:GOODYEAR,913.95,914.0,912.5,914.0,26.0
2021-04-09 11:30:00,NSE:GOODYEAR,913.4,915.25,912.2,912.2,157.0
2021-04-09 11:45:00,NSE:GOODYEAR,911.7,913.35,911.25,911.25,59.0
2021-04-09 12:00:00,NSE:GOODYEAR,912.75,912.75,912.75,912.75,1.0
2021-04-09 12:15:00,NSE:GOODYEAR,914.5,914.55,914.5,914.55,23.0
2021-04-09 12:30:00,NSE:GOODYEAR,911.0,913.9,911.0,911.45,111.0
2021-04-09 12:45:00,NSE:GOODYEAR,911.4,911.4,911.4,911.4,7.0
2021-04-09 13:00:00,NSE:GOODYEAR,912.95,913.75,912.95,913.75,46.0
2021-04-09 13:15:00,NSE:GOODYEAR,911.7,912.95,911.7,912.5,108.0
2021-04-09 13:30:00,NSE:GOODYEAR,912.0,912.0,912.0,912.0,7.0
2021-04-09 13:45:00,NSE:GOODYEAR,913.9,913.9,911.8,913.3,346.0
2021-04-09 14:00:00,NSE:GOODYEAR,911.85,911.85,911.85,911.85,7.0
2021-04-09 14:15:00,NSE:GOODYEAR,913.25,913.25,911.9,912.95,17.0
2021-04-09 14:30:00,NSE:GOODYEAR,912.1,913.75,912.1,912.2,28.0
2021-04-09 14:45:00,NSE:GOODYEAR,912.25,914.15,912.25,912.25,105.0
2021-04-09 15:00:00,NSE:GOODYEAR,913.5,920.75,912.25,915.15,649.0
2021-04-09 15:15:00,NSE:GOODYEAR,915.1,918.95,910.0,911.05,903.0
2021-04-12 09:00:00,NSE:GOODYEAR,900.0,900.0,900.0,900.0,120.0
2021-04-12 09:15:00,NSE:GOODYEAR,900.0,904.95,890.0,891.0,566.0
2021-04-12 09:30:00,NSE:GOODYEAR,890.4,891.7,883.0,889.55,616.0
2021-04-12 09:45:00,NSE:GOODYEAR,892.05,905.45,892.05,903.0,457.0
2021-04-12 10:00:00,NSE:GOODYEAR,904.4,904.55,901.35,901.4,72.0
2021-04-12 10:15:00,NSE:GOODYEAR,904.1,904.1,900.0,900.0,274.0
2021-04-12 10:30:00,NSE:GOODYEAR,900.0,900.45,900.0,900.0,565.0
2021-04-12 10:45:00,NSE:GOODYEAR,897.65,899.9,895.0,895.0,376.0
2021-04-12 11:00:00,NSE:GOODYEAR,898.75,898.85,895.25,895.25,124.0
2021-04-12 11:15:00,NSE:GOODYEAR,896.65,896.65,895.1,895.5,17.0
2021-04-12 11:30:00,NSE:GOODYEAR,896.0,898.15,895.1,895.1,248.0
2021-04-12 11:45:00,NSE:GOODYEAR,895.1,898.15,895.1,897.0,193.0
2021-04-12 12:00:00,NSE:GOODYEAR,897.0,900.0,897.0,897.05,373.0
2021-04-12 12:15:00,NSE:GOODYEAR,897.05,899.8,897.0,897.3,139.0
2021-04-12 12:30:00,NSE:GOODYEAR,897.0,897.3,897.0,897.3,1072.0
2021-04-12 12:45:00,NSE:GOODYEAR,897.3,899.3,897.0,898.8,147.0
2021-04-12 13:00:00,NSE:GOODYEAR,898.45,898.8,897.0,898.0,687.0
2021-04-12 13:15:00,NSE:GOODYEAR,897.0,897.05,897.0,897.0,116.0
2021-04-12 13:30:00,NSE:GOODYEAR,898.75,900.5,897.0,897.0,3542.0
2021-04-12 13:45:00,NSE:GOODYEAR,897.0,898.2,896.0,898.2,611.0
2021-04-12 14:00:00,NSE:GOODYEAR,900.35,900.45,896.5,896.5,275.0
2021-04-12 14:15:00,NSE:GOODYEAR,896.7,900.3,896.5,900.3,107.0
2021-04-12 14:30:00,NSE:GOODYEAR,900.0,900.25,896.0,896.0,316.0
2021-04-12 14:45:00,NSE:GOODYEAR,895.9,898.0,893.05,894.65,4768.0
2021-04-12 15:00:00,NSE:GOODYEAR,894.75,895.0,893.0,893.05,319.0
2021-04-12 15:15:00,NSE:GOODYEAR,893.0,895.2,893.0,895.0,5459.0
2021-04-13 09:00:00,NSE:GOODYEAR,883.15,883.15,883.15,883.15,20.0
2021-04-13 09:15:00,NSE:GOODYEAR,894.75,894.8,886.2,889.2,401.0
2021-04-13 09:30:00,NSE:GOODYEAR,889.8,893.15,888.5,893.15,526.0
2021-04-13 09:45:00,NSE:GOODYEAR,891.8,894.75,891.35,894.6,81.0
2021-04-13 10:00:00,NSE:GOODYEAR,894.8,895.0,893.2,893.6,105.0
2021-04-13 10:15:00,NSE:GOODYEAR,894.65,894.65,892.0,894.3,72.0
2021-04-13 10:30:00,NSE:GOODYEAR,892.55,894.3,892.0,892.05,64.0
2021-04-13 10:45:00,NSE:GOODYEAR,892.0,892.05,891.4,891.4,218.0
2021-04-13 11:00:00,NSE:GOODYEAR,891.4,892.05,890.0,891.95,130.0
2021-04-13 11:15:00,NSE:GOODYEAR,891.95,892.05,889.0,889.95,205.0
2021-04-13 11:30:00,NSE:GOODYEAR,888.0,889.9,887.1,888.8,80.0
2021-04-13 11:45:00,NSE:GOODYEAR,886.65,890.0,886.65,889.8,106.0
2021-04-13 12:00:00,NSE:GOODYEAR,889.85,890.0,888.0,889.0,63.0
2021-04-13 12:15:00,NSE:GOODYEAR,890.0,890.0,890.0,890.0,8.0
2021-04-13 12:30:00,NSE:GOODYEAR,890.0,893.4,890.0,893.25,190.0
2021-04-13 12:45:00,NSE:GOODYEAR,893.25,893.25,890.05,890.05,53.0
2021-04-13 13:00:00,NSE:GOODYEAR,892.95,892.95,889.0,889.0,79.0
2021-04-13 13:15:00,NSE:GOODYEAR,890.0,891.5,889.8,890.0,152.0
2021-04-13 13:30:00,NSE:GOODYEAR,890.0,891.75,888.95,890.0,331.0
2021-04-13 13:45:00,NSE:GOODYEAR,890.0,890.0,889.05,890.0,35.0
2021-04-13 14:00:00,NSE:GOODYEAR,889.95,890.0,888.0,888.05,424.0
2021-04-13 14:15:00,NSE:GOODYEAR,890.0,890.1,888.65,890.0,272.0
2021-04-13 14:30:00,NSE:GOODYEAR,890.0,890.2,889.55,890.2,483.0
2021-04-13 14:45:00,NSE:GOODYEAR,890.2,890.2,888.65,888.65,140.0
2021-04-13 15:00:00,NSE:GOODYEAR,890.0,890.25,888.0,888.0,535.0
2021-04-13 15:15:00,NSE:GOODYEAR,889.9,890.0,887.9,890.0,454.0
2021-04-13 15:45:00,NSE:GOODYEAR,889.25,889.25,889.25,889.25,1.0
2021-04-15 09:00:00,NSE:GOODYEAR,887.0,887.0,887.0,887.0,30.0
2021-04-15 09:15:00,NSE:GOODYEAR,886.85,887.4,884.0,887.15,389.0
2021-04-15 09:30:00,NSE:GOODYEAR,887.1,887.4,885.0,887.1,168.0
2021-04-15 09:45:00,NSE:GOODYEAR,887.4,889.45,887.0,887.15,65.0
2021-04-15 10:00:00,NSE:GOODYEAR,889.0,891.65,889.0,890.8,119.0
2021-04-15 10:15:00,NSE:GOODYEAR,888.85,889.4,887.05,887.05,160.0
2021-04-15 10:30:00,NSE:GOODYEAR,889.85,890.35,889.85,890.1,6.0
2021-04-15 10:45:00,NSE:GOODYEAR,890.1,890.1,888.35,888.35,5.0
2021-04-15 11:00:00,NSE:GOODYEAR,888.5,891.0,888.5,891.0,125.0
2021-04-15 11:15:00,NSE:GOODYEAR,890.0,890.35,888.1,890.35,208.0
2021-04-15 11:30:00,NSE:GOODYEAR,890.35,891.0,888.95,888.95,57.0
2021-04-15 11:45:00,NSE:GOODYEAR,889.0,889.95,888.0,889.9,209.0
2021-04-15 12:00:00,NSE:GOODYEAR,889.85,889.95,889.85,889.95,15.0
2021-04-15 12:15:00,NSE:GOODYEAR,887.55,889.75,887.55,888.7,25.0
2021-04-15 12:30:00,NSE:GOODYEAR,888.7,888.7,888.0,888.0,10.0
2021-04-15 12:45:00,NSE:GOODYEAR,888.7,890.0,888.7,890.0,352.0
2021-04-15 13:00:00,NSE:GOODYEAR,889.6,889.95,889.6,889.95,7.0
2021-04-15 13:15:00,NSE:GOODYEAR,887.3,889.65,887.1,889.65,27.0
2021-04-15 13:30:00,NSE:GOODYEAR,889.65,889.7,889.65,889.7,13.0
2021-04-15 13:45:00,NSE:GOODYEAR,889.95,889.95,889.95,889.95,15.0
2021-04-15 14:00:00,NSE:GOODYEAR,888.1,890.0,888.1,890.0,108.0
2021-04-15 14:15:00,NSE:GOODYEAR,890.0,890.0,887.6,889.0,62.0
2021-04-15 14:30:00,NSE:GOODYEAR,888.0,888.0,888.0,888.0,50.0
2021-04-15 14:45:00,NSE:GOODYEAR,889.0,890.0,888.5,890.0,119.0
2021-04-15 15:00:00,NSE:GOODYEAR,888.5,890.0,888.0,888.0,137.0
2021-04-15 15:15:00,NSE:GOODYEAR,889.7,890.0,888.25,890.0,710.0
2021-04-16 09:15:00,NSE:GOODYEAR,880.0,898.9,880.0,890.9,344.0
2021-04-16 09:30:00,NSE:GOODYEAR,890.95,894.0,890.0,890.0,303.0
2021-04-16 09:45:00,NSE:GOODYEAR,892.4,892.95,888.25,888.25,78.0
2021-04-16 10:00:00,NSE:GOODYEAR,887.8,893.0,886.65,886.65,382.0
2021-04-16 10:15:00,NSE:GOODYEAR,887.75,890.95,887.75,890.0,187.0
2021-04-16 10:30:00,NSE:GOODYEAR,890.0,890.0,890.0,890.0,55.0
2021-04-16 10:45:00,NSE:GOODYEAR,890.0,890.0,889.15,890.0,74.0
2021-04-16 11:00:00,NSE:GOODYEAR,888.95,890.0,888.8,888.8,250.0
2021-04-16 11:15:00,NSE:GOODYEAR,890.0,890.0,888.85,890.0,87.0
2021-04-16 11:30:00,NSE:GOODYEAR,889.0,889.85,889.0,889.0,46.0
2021-04-16 11:45:00,NSE:GOODYEAR,890.0,890.0,888.0,888.0,346.0
2021-04-16 12:00:00,NSE:GOODYEAR,889.8,890.0,889.8,890.0,42.0
2021-04-16 12:15:00,NSE:GOODYEAR,890.0,890.0,888.6,890.0,35.0
2021-04-16 12:30:00,NSE:GOODYEAR,890.0,890.0,890.0,890.0,51.0
2021-04-16 12:45:00,NSE:GOODYEAR,890.0,890.0,889.0,889.0,18.0
2021-04-16 13:00:00,NSE:GOODYEAR,890.0,892.05,890.0,890.0,251.0
2021-04-16 13:15:00,NSE:GOODYEAR,891.5,891.5,891.5,891.5,9.0
2021-04-16 13:30:00,NSE:GOODYEAR,891.5,894.1,891.5,892.2,88.0
2021-04-16 13:45:00,NSE:GOODYEAR,892.0,895.3,892.0,895.3,87.0
2021-04-16 14:00:00,NSE:GOODYEAR,897.5,898.0,894.45,895.0,124.0
2021-04-16 14:15:00,NSE:GOODYEAR,896.0,896.0,895.0,895.0,42.0
2021-04-16 14:30:00,NSE:GOODYEAR,897.55,897.55,894.4,894.55,139.0
2021-04-16 14:45:00,NSE:GOODYEAR,897.0,897.0,894.25,894.3,170.0
2021-04-16 15:00:00,NSE:GOODYEAR,894.55,897.0,888.9,895.0,1680.0
2021-04-16 15:15:00,NSE:GOODYEAR,896.95,896.95,889.2,890.6,664.0
2021-04-19 09:00:00,NSE:GOODYEAR,892.05,892.05,892.05,892.05,13.0
2021-04-19 09:15:00,NSE:GOODYEAR,890.0,890.0,826.7,860.0,2501.0
2021-04-19 09:30:00,NSE:GOODYEAR,861.6,870.0,855.05,862.45,506.0
2021-04-19 09:45:00,NSE:GOODYEAR,862.65,867.0,862.65,866.0,109.0
2021-04-19 10:00:00,NSE:GOODYEAR,867.65,870.0,867.65,869.05,151.0
2021-04-19 10:15:00,NSE:GOODYEAR,869.05,871.1,868.8,871.1,107.0
2021-04-19 10:30:00,NSE:GOODYEAR,871.1,871.1,867.8,867.8,158.0
2021-04-19 10:45:00,NSE:GOODYEAR,868.0,870.0,868.0,870.0,186.0
2021-04-19 11:00:00,NSE:GOODYEAR,869.7,869.9,868.2,869.9,76.0
2021-04-19 11:15:00,NSE:GOODYEAR,869.9,869.95,868.15,869.75,70.0
2021-04-19 11:30:00,NSE:GOODYEAR,868.5,868.5,866.0,866.85,162.0
2021-04-19 11:45:00,NSE:GOODYEAR,867.95,869.3,867.95,869.3,24.0
2021-04-19 12:00:00,NSE:GOODYEAR,869.3,870.0,866.25,866.9,241.0
2021-04-19 12:15:00,NSE:GOODYEAR,867.0,869.55,867.0,867.45,50.0
2021-04-19 12:30:00,NSE:GOODYEAR,867.2,870.15,867.2,867.55,85.0
2021-04-19 12:45:00,NSE:GOODYEAR,867.55,871.1,867.55,871.1,171.0
2021-04-19 13:00:00,NSE:GOODYEAR,869.55,871.05,869.55,871.05,105.0
2021-04-19 13:15:00,NSE:GOODYEAR,869.6,871.8,869.6,871.8,145.0
2021-04-19 13:30:00,NSE:GOODYEAR,873.0,874.95,871.05,871.4,329.0
2021-04-19 13:45:00,NSE:GOODYEAR,871.0,872.0,871.0,872.0,26.0
2021-04-19 14:00:00,NSE:GOODYEAR,872.6,873.8,870.65,871.0,175.0
2021-04-19 14:15:00,NSE:GOODYEAR,870.65,874.0,870.6,871.6,184.0
2021-04-19 14:30:00,NSE:GOODYEAR,871.3,871.9,870.6,870.7,62.0
2021-04-19 14:45:00,NSE:GOODYEAR,870.7,873.2,870.65,873.2,28.0
2021-04-19 15:00:00,NSE:GOODYEAR,873.25,877.0,870.05,876.45,408.0
2021-04-19 15:15:00,NSE:GOODYEAR,876.05,880.0,872.0,874.0,347.0
2021-04-20 09:15:00,NSE:GOODYEAR,889.9,890.85,867.75,883.0,1210.0
2021-04-20 09:30:00,NSE:GOODYEAR,880.45,885.0,879.0,880.0,149.0
2021-04-20 09:45:00,NSE:GOODYEAR,880.0,884.0,878.4,878.4,85.0
2021-04-20 10:00:00,NSE:GOODYEAR,882.8,893.65,880.1,888.0,656.0
2021-04-20 10:15:00,NSE:GOODYEAR,885.65,885.7,881.75,885.5,132.0
2021-04-20 10:30:00,NSE:GOODYEAR,885.55,885.55,881.65,884.95,118.0
2021-04-20 10:45:00,NSE:GOODYEAR,885.5,888.2,883.1,883.1,18.0
2021-04-20 11:00:00,NSE:GOODYEAR,886.85,886.85,883.0,883.0,33.0
2021-04-20 11:15:00,NSE:GOODYEAR,883.0,883.0,882.0,882.0,146.0
2021-04-20 11:30:00,NSE:GOODYEAR,880.0,881.45,874.0,878.7,468.0
2021-04-20 11:45:00,NSE:GOODYEAR,879.95,881.35,874.05,881.35,242.0
2021-04-20 12:00:00,NSE:GOODYEAR,881.4,882.85,879.0,882.85,58.0
2021-04-20 12:15:00,NSE:GOODYEAR,882.4,885.4,882.4,885.4,90.0
2021-04-20 12:30:00,NSE:GOODYEAR,887.1,887.1,876.2,881.5,177.0
2021-04-20 12:45:00,NSE:GOODYEAR,881.9,885.0,880.0,882.85,185.0
2021-04-20 13:00:00,NSE:GOODYEAR,879.55,882.3,879.5,880.0,8.0
2021-04-20 13:15:00,NSE:GOODYEAR,881.5,882.8,879.2,882.8,101.0
2021-04-20 13:30:00,NSE:GOODYEAR,883.0,885.0,880.25,881.0,291.0
2021-04-20 13:45:00,NSE:GOODYEAR,884.0,884.0,880.75,884.0,111.0
2021-04-20 14:00:00,NSE:GOODYEAR,884.0,885.6,880.75,885.0,142.0
2021-04-20 14:15:00,NSE:GOODYEAR,887.5,889.6,884.0,884.0,65.0
2021-04-20 14:30:00,NSE:GOODYEAR,883.1,883.95,883.1,883.95,12.0
2021-04-20 14:45:00,NSE:GOODYEAR,881.0,885.0,879.2,884.15,359.0
2021-04-20 15:00:00,NSE:GOODYEAR,884.2,884.2,878.4,878.4,110.0
2021-04-20 15:15:00,NSE:GOODYEAR,884.95,889.1,875.0,879.0,668.0
2021-04-20 15:30:00,NSE:GOODYEAR,889.0,889.0,883.1,883.1,27.0
2021-04-20 15:45:00,NSE:GOODYEAR,883.1,883.1,883.1,883.1,1.0
2021-04-22 09:00:00,NSE:GOODYEAR,875.0,875.0,875.0,875.0,3.0
2021-04-22 09:15:00,NSE:GOODYEAR,878.0,888.05,874.35,888.0,337.0
2021-04-22 09:30:00,NSE:GOODYEAR,880.65,886.0,877.5,877.5,204.0
2021-04-22 09:45:00,NSE:GOODYEAR,882.55,883.4,875.0,875.5,297.0
2021-04-22 10:00:00,NSE:GOODYEAR,881.35,881.35,875.05,880.4,63.0
2021-04-22 10:15:00,NSE:GOODYEAR,879.95,879.95,871.0,875.9,487.0
2021-04-22 10:30:00,NSE:GOODYEAR,877.4,878.0,875.5,877.4,37.0
2021-04-22 10:45:00,NSE:GOODYEAR,877.85,878.0,875.45,875.45,117.0
2021-04-22 11:00:00,NSE:GOODYEAR,877.35,879.95,877.25,879.95,70.0
2021-04-22 11:15:00,NSE:GOODYEAR,879.95,879.95,877.0,877.0,128.0
2021-04-22 11:30:00,NSE:GOODYEAR,879.7,879.7,875.5,875.5,194.0
2021-04-22 11:45:00,NSE:GOODYEAR,878.45,878.5,875.5,878.5,1234.0
2021-04-22 12:00:00,NSE:GOODYEAR,875.5,880.0,875.5,880.0,67.0
2021-04-22 12:15:00,NSE:GOODYEAR,879.65,879.65,876.5,876.5,25.0
2021-04-22 12:30:00,NSE:GOODYEAR,878.85,879.45,878.85,879.45,6.0
2021-04-22 12:45:00,NSE:GOODYEAR,876.55,879.45,876.55,879.45,7.0
2021-04-22 13:00:00,NSE:GOODYEAR,879.45,879.45,877.0,878.9,13.0
2021-04-22 13:15:00,NSE:GOODYEAR,879.0,882.0,877.9,879.4,124.0
2021-04-22 13:30:00,NSE:GOODYEAR,879.4,879.4,877.9,879.4,150.0
2021-04-22 13:45:00,NSE:GOODYEAR,877.55,879.4,877.55,879.4,18.0
2021-04-22 14:00:00,NSE:GOODYEAR,879.0,881.85,879.0,881.85,160.0
2021-04-22 14:15:00,NSE:GOODYEAR,880.0,882.6,880.0,880.0,96.0
2021-04-22 14:30:00,NSE:GOODYEAR,882.0,882.55,875.45,882.55,387.0
2021-04-22 14:45:00,NSE:GOODYEAR,881.9,882.5,881.0,881.9,333.0
2021-04-22 15:00:00,NSE:GOODYEAR,878.05,879.5,876.85,879.35,118.0
2021-04-22 15:15:00,NSE:GOODYEAR,879.85,882.0,876.05,881.8,377.0
2021-04-23 09:00:00,NSE:GOODYEAR,875.05,875.05,875.05,875.05,1.0
2021-04-23 09:15:00,NSE:GOODYEAR,876.55,882.75,871.1,880.6,303.0
2021-04-23 09:30:00,NSE:GOODYEAR,882.55,882.55,881.15,882.5,34.0
2021-04-23 09:45:00,NSE:GOODYEAR,882.7,882.7,880.0,882.55,61.0
2021-04-23 10:00:00,NSE:GOODYEAR,881.0,882.65,877.4,878.2,266.0
2021-04-23 10:15:00,NSE:GOODYEAR,879.9,882.45,878.6,879.55,216.0
2021-04-23 10:30:00,NSE:GOODYEAR,883.0,884.35,881.15,881.15,77.0
2021-04-23 10:45:00,NSE:GOODYEAR,882.0,882.0,880.0,880.0,57.0
2021-04-23 11:00:00,NSE:GOODYEAR,881.1,883.95,881.1,882.0,82.0
2021-04-23 11:15:00,NSE:GOODYEAR,882.0,884.0,882.0,884.0,29.0
2021-04-23 11:30:00,NSE:GOODYEAR,884.0,884.0,882.05,882.05,131.0
2021-04-23 11:45:00,NSE:GOODYEAR,883.55,883.55,880.55,880.55,50.0
2021-04-23 12:00:00,NSE:GOODYEAR,882.9,882.9,880.6,881.0,21.0
2021-04-23 12:15:00,NSE:GOODYEAR,881.7,881.7,880.0,880.0,55.0
2021-04-23 12:30:00,NSE:GOODYEAR,881.65,881.65,880.05,881.65,17.0
2021-04-23 12:45:00,NSE:GOODYEAR,881.7,881.7,881.0,881.7,131.0
2021-04-23 13:00:00,NSE:GOODYEAR,881.3,881.65,880.05,881.65,88.0
2021-04-23 13:15:00,NSE:GOODYEAR,880.1,881.9,880.0,880.0,70.0
2021-04-23 13:30:00,NSE:GOODYEAR,881.8,881.9,879.9,881.9,31.0
2021-04-23 13:45:00,NSE:GOODYEAR,879.7,879.7,879.7,879.7,8.0
2021-04-23 14:00:00,NSE:GOODYEAR,879.75,881.7,879.3,881.65,37.0
2021-04-23 14:15:00,NSE:GOODYEAR,880.0,881.0,880.0,881.0,103.0
2021-04-23 14:30:00,NSE:GOODYEAR,879.3,882.75,879.3,879.3,127.0
2021-04-23 14:45:00,NSE:GOODYEAR,881.9,881.9,879.3,879.3,63.0
2021-04-23 15:00:00,NSE:GOODYEAR,879.3,882.4,879.0,882.4,238.0
2021-04-23 15:15:00,NSE:GOODYEAR,879.3,884.0,876.1,884.0,333.0
2021-04-26 09:00:00,NSE:GOODYEAR,888.0,888.0,888.0,888.0,1.0
2021-04-26 09:15:00,NSE:GOODYEAR,878.55,892.45,878.55,889.95,604.0
2021-04-26 09:30:00,NSE:GOODYEAR,889.55,889.55,885.0,885.0,54.0
2021-04-26 09:45:00,NSE:GOODYEAR,886.0,889.9,886.0,888.95,43.0
2021-04-26 10:00:00,NSE:GOODYEAR,886.2,888.0,882.05,882.05,144.0
2021-04-26 10:15:00,NSE:GOODYEAR,882.1,887.8,882.1,887.7,8.0
2021-04-26 10:30:00,NSE:GOODYEAR,887.8,887.8,885.0,885.0,49.0
2021-04-26 10:45:00,NSE:GOODYEAR,885.0,885.0,882.05,884.8,133.0
2021-04-26 11:00:00,NSE:GOODYEAR,884.8,884.8,882.05,884.7,54.0
2021-04-26 11:15:00,NSE:GOODYEAR,882.55,882.55,882.05,882.55,93.0
2021-04-26 11:30:00,NSE:GOODYEAR,882.55,884.7,882.55,884.7,41.0
2021-04-26 11:45:00,NSE:GOODYEAR,884.95,884.95,882.05,882.05,64.0
2021-04-26 12:00:00,NSE:GOODYEAR,883.15,883.15,883.15,883.15,1.0
2021-04-26 12:15:00,NSE:GOODYEAR,878.0,883.25,876.6,881.9,497.0
2021-04-26 12:30:00,NSE:GOODYEAR,881.45,881.75,878.1,881.75,54.0
2021-04-26 13:00:00,NSE:GOODYEAR,881.75,881.75,879.0,881.4,36.0
2021-04-26 13:15:00,NSE:GOODYEAR,881.4,881.9,881.4,881.9,18.0
2021-04-26 13:30:00,NSE:GOODYEAR,881.4,891.0,881.4,891.0,832.0
2021-04-26 13:45:00,NSE:GOODYEAR,892.0,894.2,885.6,894.2,415.0
2021-04-26 14:00:00,NSE:GOODYEAR,888.95,894.15,888.95,894.0,106.0
2021-04-26 14:15:00,NSE:GOODYEAR,889.25,889.6,885.0,885.0,152.0
2021-04-26 14:30:00,NSE:GOODYEAR,885.0,885.0,880.0,885.0,252.0
2021-04-26 14:45:00,NSE:GOODYEAR,880.75,884.75,880.1,880.1,78.0
2021-04-26 15:00:00,NSE:GOODYEAR,880.1,887.2,880.0,886.35,250.0
2021-04-26 15:15:00,NSE:GOODYEAR,880.3,889.95,879.0,889.0,494.0
2021-04-26 15:45:00,NSE:GOODYEAR,884.3,884.3,884.3,884.3,1.0
2021-04-27 09:00:00,NSE:GOODYEAR,895.0,895.0,895.0,895.0,3.0
2021-04-27 09:15:00,NSE:GOODYEAR,880.3,888.9,880.3,888.9,352.0
2021-04-27 09:30:00,NSE:GOODYEAR,888.45,890.0,884.15,889.0,105.0
2021-04-27 09:45:00,NSE:GOODYEAR,889.9,890.4,889.9,890.4,56.0
2021-04-27 10:00:00,NSE:GOODYEAR,892.2,893.0,892.2,892.2,38.0
2021-04-27 10:15:00,NSE:GOODYEAR,893.0,894.0,890.75,890.75,184.0
2021-04-27 10:30:00,NSE:GOODYEAR,887.75,894.0,887.75,889.25,182.0
2021-04-27 10:45:00,NSE:GOODYEAR,889.25,889.25,887.1,889.0,97.0
2021-04-27 11:00:00,NSE:GOODYEAR,889.0,889.0,887.05,889.0,125.0
2021-04-27 11:15:00,NSE:GOODYEAR,889.0,889.0,888.1,888.1,86.0
2021-04-27 11:30:00,NSE:GOODYEAR,889.0,892.3,889.0,892.3,76.0
2021-04-27 11:45:00,NSE:GOODYEAR,892.35,893.5,889.15,889.15,65.0
2021-04-27 12:00:00,NSE:GOODYEAR,891.15,891.95,889.05,891.95,46.0
2021-04-27 12:15:00,NSE:GOODYEAR,892.0,892.8,889.5,891.9,54.0
2021-04-27 12:30:00,NSE:GOODYEAR,891.95,891.95,889.5,889.5,26.0
2021-04-27 12:45:00,NSE:GOODYEAR,889.5,892.0,889.5,892.0,392.0
2021-04-27 13:00:00,NSE:GOODYEAR,892.5,909.0,892.5,898.65,3427.0
2021-04-27 13:15:00,NSE:GOODYEAR,899.05,906.4,899.05,902.2,310.0
2021-04-27 13:30:00,NSE:GOODYEAR,901.0,904.4,899.0,903.05,327.0
2021-04-27 13:45:00,NSE:GOODYEAR,905.65,918.85,903.05,916.0,1639.0
2021-04-27 14:00:00,NSE:GOODYEAR,916.0,917.8,902.9,905.0,420.0
2021-04-27 14:15:00,NSE:GOODYEAR,905.0,905.0,898.0,900.0,538.0
2021-04-27 14:30:00,NSE:GOODYEAR,903.65,903.65,898.15,903.0,107.0
2021-04-27 14:45:00,NSE:GOODYEAR,900.95,904.85,897.25,904.4,434.0
2021-04-27 15:00:00,NSE:GOODYEAR,903.6,904.45,900.05,900.85,161.0
2021-04-27 15:15:00,NSE:GOODYEAR,901.2,904.45,901.0,901.0,467.0
2021-04-27 15:45:00,NSE:GOODYEAR,902.1,902.1,902.1,902.1,12.0
2021-04-28 09:00:00,NSE:GOODYEAR,909.0,909.0,909.0,909.0,8.0
2021-04-28 09:15:00,NSE:GOODYEAR,901.05,905.1,901.05,902.5,74.0
2021-04-28 09:30:00,NSE:GOODYEAR,902.3,915.9,902.3,907.55,423.0
2021-04-28 09:45:00,NSE:GOODYEAR,915.95,918.0,905.85,909.9,272.0
2021-04-28 10:00:00,NSE:GOODYEAR,909.8,910.9,903.7,909.0,305.0
2021-04-28 10:15:00,NSE:GOODYEAR,914.05,914.05,908.4,910.45,47.0
2021-04-28 10:30:00,NSE:GOODYEAR,908.0,910.5,905.9,909.2,82.0
2021-04-28 10:45:00,NSE:GOODYEAR,906.9,910.85,905.9,906.85,175.0
2021-04-28 11:00:00,NSE:GOODYEAR,907.3,911.3,907.3,910.75,110.0
2021-04-28 11:15:00,NSE:GOODYEAR,910.0,911.3,905.85,907.0,169.0
2021-04-28 11:30:00,NSE:GOODYEAR,908.0,908.0,906.1,906.3,11.0
2021-04-28 11:45:00,NSE:GOODYEAR,908.2,909.85,908.1,909.85,34.0
2021-04-28 12:00:00,NSE:GOODYEAR,910.0,910.0,910.0,910.0,26.0
2021-04-28 12:15:00,NSE:GOODYEAR,911.95,911.95,909.0,911.0,107.0
2021-04-28 12:30:00,NSE:GOODYEAR,911.0,911.0,908.0,908.0,187.0
2021-04-28 12:45:00,NSE:GOODYEAR,908.0,909.95,908.0,909.5,59.0
2021-04-28 13:00:00,NSE:GOODYEAR,907.0,907.0,905.95,907.0,106.0
2021-04-28 13:15:00,NSE:GOODYEAR,907.0,907.0,902.3,905.15,400.0
2021-04-28 13:30:00,NSE:GOODYEAR,905.95,908.25,905.4,906.0,127.0
2021-04-28 13:45:00,NSE:GOODYEAR,902.75,903.1,902.75,903.1,30.0
2021-04-28 14:00:00,NSE:GOODYEAR,903.0,905.1,902.05,904.9,172.0
2021-04-28 14:15:00,NSE:GOODYEAR,905.0,905.0,902.55,905.0,352.0
2021-04-28 14:30:00,NSE:GOODYEAR,903.5,905.0,903.5,905.0,223.0
2021-04-28 14:45:00,NSE:GOODYEAR,906.7,906.7,904.0,904.0,145.0
2021-04-28 15:00:00,NSE:GOODYEAR,906.95,906.95,902.5,902.6,270.0
2021-04-28 15:15:00,NSE:GOODYEAR,903.0,905.1,895.0,895.0,432.0
2021-04-28 15:45:00,NSE:GOODYEAR,903.0,903.0,903.0,903.0,3.0
2021-04-29 09:15:00,NSE:GOODYEAR,913.95,913.95,906.85,910.0,473.0
2021-04-29 09:30:00,NSE:GOODYEAR,906.5,909.8,906.25,909.45,105.0
2021-04-29 09:45:00,NSE:GOODYEAR,909.45,909.45,904.0,904.0,140.0
2021-04-29 10:00:00,NSE:GOODYEAR,904.05,909.45,899.05,905.3,357.0
2021-04-29 10:15:00,NSE:GOODYEAR,903.15,904.55,900.0,901.05,93.0
2021-04-29 10:30:00,NSE:GOODYEAR,905.0,905.0,904.45,904.9,14.0
2021-04-29 10:45:00,NSE:GOODYEAR,902.75,904.95,900.0,900.0,81.0
2021-04-29 11:00:00,NSE:GOODYEAR,901.0,901.0,897.3,897.3,51.0
2021-04-29 11:15:00,NSE:GOODYEAR,899.85,899.85,898.05,899.0,37.0
2021-04-29 11:30:00,NSE:GOODYEAR,899.0,899.0,899.0,899.0,14.0
2021-04-29 11:45:00,NSE:GOODYEAR,899.0,900.0,895.0,897.4,178.0
2021-04-29 12:00:00,NSE:GOODYEAR,899.0,900.0,899.0,900.0,107.0
2021-04-29 12:15:00,NSE:GOODYEAR,900.0,901.0,900.0,901.0,58.0
2021-04-29 12:30:00,NSE:GOODYEAR,900.45,901.2,899.8,901.2,20.0
2021-04-29 12:45:00,NSE:GOODYEAR,903.0,903.0,901.0,903.0,88.0
2021-04-29 13:00:00,NSE:GOODYEAR,903.0,904.0,903.0,904.0,16.0
2021-04-29 13:15:00,NSE:GOODYEAR,904.0,905.0,904.0,905.0,15.0
2021-04-29 13:30:00,NSE:GOODYEAR,902.15,902.15,902.0,902.0,85.0
2021-04-29 13:45:00,NSE:GOODYEAR,901.0,904.35,901.0,904.35,62.0
2021-04-29 14:00:00,NSE:GOODYEAR,901.0,901.0,897.45,898.0,109.0
2021-04-29 14:15:00,NSE:GOODYEAR,897.1,898.0,897.1,897.5,33.0
2021-04-29 14:30:00,NSE:GOODYEAR,898.0,898.0,897.45,897.45,24.0
2021-04-29 14:45:00,NSE:GOODYEAR,899.0,899.0,896.8,898.85,192.0
2021-04-29 15:00:00,NSE:GOODYEAR,898.5,900.0,898.3,900.0,161.0
2021-04-29 15:15:00,NSE:GOODYEAR,901.0,905.0,900.0,900.0,436.0
2021-04-29 15:30:00,NSE:GOODYEAR,901.3,901.3,901.3,901.3,1.0
2021-04-29 15:45:00,NSE:GOODYEAR,901.3,901.3,901.3,901.3,2.0
2021-04-30 09:00:00,NSE:GOODYEAR,900.0,900.0,900.0,900.0,8.0
2021-04-30 09:15:00,NSE:GOODYEAR,899.45,908.8,891.0,908.0,1116.0
2021-04-30 09:30:00,NSE:GOODYEAR,906.3,906.35,895.0,904.5,216.0
2021-04-30 09:45:00,NSE:GOODYEAR,901.15,905.0,901.1,904.45,80.0
2021-04-30 10:00:00,NSE:GOODYEAR,903.55,909.0,902.3,907.95,161.0
2021-04-30 10:15:00,NSE:GOODYEAR,908.95,909.0,905.1,905.1,75.0
2021-04-30 10:30:00,NSE:GOODYEAR,905.0,905.0,902.55,902.55,42.0
2021-04-30 10:45:00,NSE:GOODYEAR,901.45,901.45,901.45,901.45,20.0
2021-04-30 11:00:00,NSE:GOODYEAR,904.0,908.0,902.6,903.95,199.0
2021-04-30 11:15:00,NSE:GOODYEAR,903.95,917.0,903.95,915.15,1428.0
2021-04-30 11:30:00,NSE:GOODYEAR,915.05,920.0,915.0,918.5,791.0
2021-04-30 11:45:00,NSE:GOODYEAR,918.0,918.4,915.0,915.0,180.0
2021-04-30 12:00:00,NSE:GOODYEAR,917.95,917.95,916.0,917.0,397.0
2021-04-30 12:15:00,NSE:GOODYEAR,917.0,933.0,916.25,926.65,2177.0
2021-04-30 12:30:00,NSE:GOODYEAR,928.0,934.95,922.5,923.0,1287.0
2021-04-30 12:45:00,NSE:GOODYEAR,923.8,926.95,920.1,926.9,829.0
2021-04-30 13:00:00,NSE:GOODYEAR,926.2,926.8,920.0,920.0,761.0
2021-04-30 13:15:00,NSE:GOODYEAR,920.0,920.0,918.0,919.0,493.0
2021-04-30 13:30:00,NSE:GOODYEAR,919.0,919.0,916.0,916.4,318.0
2021-04-30 13:45:00,NSE:GOODYEAR,916.4,916.75,907.75,915.0,1055.0
2021-04-30 14:00:00,NSE:GOODYEAR,914.75,916.9,910.0,913.0,295.0
2021-04-30 14:15:00,NSE:GOODYEAR,913.0,913.0,912.05,913.0,52.0
2021-04-30 14:30:00,NSE:GOODYEAR,913.0,917.55,913.0,913.65,98.0
2021-04-30 14:45:00,NSE:GOODYEAR,913.6,917.0,913.6,914.4,48.0
2021-04-30 15:00:00,NSE:GOODYEAR,913.65,913.65,908.05,908.05,412.0
2021-04-30 15:15:00,NSE:GOODYEAR,908.05,909.95,900.0,901.15,749.0
2021-04-30 15:30:00,NSE:GOODYEAR,906.35,906.35,906.35,906.35,1.0
2021-04-30 15:45:00,NSE:GOODYEAR,906.35,906.35,901.15,901.15,222.0
2021-05-03 09:00:00,NSE:GOODYEAR,892.25,892.25,892.25,892.25,47.0
2021-05-03 09:15:00,NSE:GOODYEAR,892.3,902.8,882.0,900.1,807.0
2021-05-03 09:30:00,NSE:GOODYEAR,900.0,900.0,896.15,899.9,51.0
2021-05-03 09:45:00,NSE:GOODYEAR,899.0,906.95,896.0,906.95,297.0
2021-05-03 10:00:00,NSE:GOODYEAR,906.35,907.15,902.15,906.5,124.0
2021-05-03 10:15:00,NSE:GOODYEAR,902.85,906.3,902.85,906.3,42.0
2021-05-03 10:30:00,NSE:GOODYEAR,906.45,906.45,903.0,905.0,82.0
2021-05-03 10:45:00,NSE:GOODYEAR,904.0,905.0,903.0,903.0,8.0
2021-05-03 11:00:00,NSE:GOODYEAR,903.0,905.0,900.6,900.6,55.0
2021-05-03 11:15:00,NSE:GOODYEAR,900.65,905.0,900.65,905.0,82.0
2021-05-03 11:30:00,NSE:GOODYEAR,904.45,904.45,900.05,903.0,80.0
2021-05-03 11:45:00,NSE:GOODYEAR,900.5,900.5,900.5,900.5,3.0
2021-05-03 12:00:00,NSE:GOODYEAR,900.0,903.0,899.05,899.6,207.0
2021-05-03 12:15:00,NSE:GOODYEAR,903.05,903.25,899.6,903.25,18.0
2021-05-03 12:30:00,NSE:GOODYEAR,903.25,903.35,903.25,903.35,13.0
2021-05-03 12:45:00,NSE:GOODYEAR,902.95,903.4,902.85,903.4,4.0
2021-05-03 13:00:00,NSE:GOODYEAR,903.6,905.0,903.6,905.0,214.0
2021-05-03 13:15:00,NSE:GOODYEAR,902.3,906.7,901.2,906.7,80.0
2021-05-03 13:30:00,NSE:GOODYEAR,901.15,906.65,900.6,900.6,17.0
2021-05-03 13:45:00,NSE:GOODYEAR,908.25,908.25,900.05,901.1,123.0
2021-05-03 14:00:00,NSE:GOODYEAR,901.55,906.7,901.55,906.7,32.0
2021-05-03 14:15:00,NSE:GOODYEAR,900.35,900.35,900.0,900.0,34.0
2021-05-03 14:30:00,NSE:GOODYEAR,905.1,906.4,900.0,906.1,134.0
2021-05-03 14:45:00,NSE:GOODYEAR,906.1,906.1,906.1,906.1,3.0
2021-05-03 15:00:00,NSE:GOODYEAR,901.55,901.55,901.5,901.5,19.0
2021-05-03 15:15:00,NSE:GOODYEAR,901.55,904.4,899.0,900.0,725.0
2021-05-04 09:15:00,NSE:GOODYEAR,905.0,908.85,905.0,908.5,109.0
2021-05-04 09:30:00,NSE:GOODYEAR,909.55,914.8,909.55,914.8,110.0
2021-05-04 09:45:00,NSE:GOODYEAR,911.0,914.35,911.0,913.45,270.0
2021-05-04 10:00:00,NSE:GOODYEAR,913.0,914.5,911.15,914.5,218.0
2021-05-04 10:15:00,NSE:GOODYEAR,914.0,914.0,911.0,912.0,176.0
2021-05-04 10:30:00,NSE:GOODYEAR,911.0,912.0,910.0,910.0,109.0
2021-05-04 10:45:00,NSE:GOODYEAR,910.0,912.0,910.0,912.0,405.0
2021-05-04 11:00:00,NSE:GOODYEAR,910.05,912.0,910.05,911.95,57.0
2021-05-04 11:15:00,NSE:GOODYEAR,910.0,910.0,908.05,908.05,605.0
2021-05-04 11:30:00,NSE:GOODYEAR,908.05,910.85,908.0,910.0,73.0
2021-05-04 11:45:00,NSE:GOODYEAR,910.5,910.5,908.0,908.0,380.0
2021-05-04 12:00:00,NSE:GOODYEAR,912.0,912.0,900.0,900.0,1525.0
2021-05-04 12:15:00,NSE:GOODYEAR,906.2,908.95,906.15,907.05,163.0
2021-05-04 12:30:00,NSE:GOODYEAR,915.2,915.2,909.25,911.45,542.0
2021-05-04 12:45:00,NSE:GOODYEAR,912.0,912.95,912.0,912.8,195.0
2021-05-04 13:00:00,NSE:GOODYEAR,913.85,914.6,910.55,914.6,142.0
2021-05-04 13:15:00,NSE:GOODYEAR,913.1,913.1,909.05,909.85,27.0
2021-05-04 13:30:00,NSE:GOODYEAR,909.85,910.0,905.1,908.0,210.0
2021-05-04 13:45:00,NSE:GOODYEAR,904.4,909.0,903.15,909.0,129.0
2021-05-04 14:00:00,NSE:GOODYEAR,904.05,908.95,904.05,908.8,4.0
2021-05-04 14:15:00,NSE:GOODYEAR,909.0,909.0,905.0,905.0,166.0
2021-05-04 14:30:00,NSE:GOODYEAR,905.0,906.0,904.0,904.0,80.0
2021-05-04 14:45:00,NSE:GOODYEAR,905.25,905.25,901.8,901.8,89.0
2021-05-04 15:00:00,NSE:GOODYEAR,905.0,905.0,901.35,904.9,153.0
2021-05-04 15:15:00,NSE:GOODYEAR,901.8,907.0,901.05,901.5,306.0
2021-05-05 09:15:00,NSE:GOODYEAR,901.4,913.8,901.4,908.0,767.0
2021-05-05 09:30:00,NSE:GOODYEAR,910.0,910.0,908.0,910.0,97.0
2021-05-05 09:45:00,NSE:GOODYEAR,911.15,912.0,909.0,909.6,279.0
2021-05-05 10:00:00,NSE:GOODYEAR,909.35,909.35,908.0,909.0,160.0
2021-05-05 10:15:00,NSE:GOODYEAR,909.0,910.25,909.0,910.25,210.0
2021-05-05 10:30:00,NSE:GOODYEAR,910.0,912.0,909.05,909.05,47.0
2021-05-05 10:45:00,NSE:GOODYEAR,912.0,912.0,909.6,909.6,13.0
2021-05-05 11:00:00,NSE:GOODYEAR,911.5,911.5,911.5,911.5,4.0
2021-05-05 11:15:00,NSE:GOODYEAR,911.5,911.5,911.5,911.5,1.0
2021-05-05 11:30:00,NSE:GOODYEAR,909.05,911.5,909.05,911.5,64.0
2021-05-05 11:45:00,NSE:GOODYEAR,911.5,911.5,909.45,909.45,24.0
2021-05-05 12:00:00,NSE:GOODYEAR,909.45,909.45,909.45,909.45,5.0
2021-05-05 12:15:00,NSE:GOODYEAR,911.3,911.45,911.3,911.3,20.0
2021-05-05 12:30:00,NSE:GOODYEAR,909.5,912.0,909.05,909.5,181.0
2021-05-05 12:45:00,NSE:GOODYEAR,910.0,915.0,909.85,910.05,212.0
2021-05-05 13:00:00,NSE:GOODYEAR,910.5,910.55,910.0,910.0,14.0
2021-05-05 13:15:00,NSE:GOODYEAR,910.0,910.0,909.55,909.55,52.0
2021-05-05 13:30:00,NSE:GOODYEAR,909.55,912.0,909.05,909.05,226.0
2021-05-05 13:45:00,NSE:GOODYEAR,909.65,909.65,909.0,909.0,100.0
2021-05-05 14:00:00,NSE:GOODYEAR,909.0,911.5,909.0,911.5,83.0
2021-05-05 14:15:00,NSE:GOODYEAR,911.45,911.45,909.0,909.0,254.0
2021-05-05 14:30:00,NSE:GOODYEAR,911.5,911.5,911.0,911.0,31.0
2021-05-05 14:45:00,NSE:GOODYEAR,910.0,914.8,910.0,911.0,194.0
2021-05-05 15:00:00,NSE:GOODYEAR,912.95,913.1,910.05,910.05,71.0
2021-05-05 15:15:00,NSE:GOODYEAR,910.05,914.8,910.05,914.8,260.0
2021-05-05 15:45:00,NSE:GOODYEAR,912.55,912.55,912.55,912.55,10.0
2021-05-06 09:15:00,NSE:GOODYEAR,913.3,917.0,911.1,912.5,377.0
2021-05-06 09:30:00,NSE:GOODYEAR,912.05,915.6,912.05,912.05,119.0
2021-05-06 09:45:00,NSE:GOODYEAR,913.0,915.6,911.25,911.25,137.0
2021-05-06 10:00:00,NSE:GOODYEAR,912.0,912.0,910.0,912.0,90.0
2021-05-06 10:15:00,NSE:GOODYEAR,914.0,914.0,910.0,912.85,195.0
2021-05-06 10:30:00,NSE:GOODYEAR,910.0,912.85,910.0,912.65,450.0
2021-05-06 10:45:00,NSE:GOODYEAR,910.6,913.0,910.0,910.85,426.0
2021-05-06 11:00:00,NSE:GOODYEAR,910.6,912.0,910.0,912.0,249.0
2021-05-06 11:15:00,NSE:GOODYEAR,910.55,912.5,910.3,910.35,75.0
2021-05-06 11:30:00,NSE:GOODYEAR,910.35,910.35,910.35,910.35,10.0
2021-05-06 11:45:00,NSE:GOODYEAR,912.8,913.0,910.7,913.0,164.0
2021-05-06 12:00:00,NSE:GOODYEAR,914.0,914.0,912.0,912.0,15.0
2021-05-06 12:15:00,NSE:GOODYEAR,914.0,914.0,913.95,913.95,2.0
2021-05-06 12:30:00,NSE:GOODYEAR,910.0,913.7,910.0,913.7,347.0
2021-05-06 12:45:00,NSE:GOODYEAR,910.6,914.0,910.6,914.0,112.0
2021-05-06 13:00:00,NSE:GOODYEAR,911.05,911.05,910.6,911.0,321.0
2021-05-06 13:15:00,NSE:GOODYEAR,911.0,911.0,910.5,911.0,136.0
2021-05-06 13:30:00,NSE:GOODYEAR,910.15,912.85,910.0,912.85,962.0
2021-05-06 13:45:00,NSE:GOODYEAR,913.9,913.9,912.0,912.0,20.0
2021-05-06 14:00:00,NSE:GOODYEAR,912.0,912.0,912.0,912.0,10.0
2021-05-06 14:15:00,NSE:GOODYEAR,910.0,912.95,910.0,912.95,86.0
2021-05-06 14:30:00,NSE:GOODYEAR,910.5,913.9,910.1,913.9,23.0
2021-05-06 14:45:00,NSE:GOODYEAR,913.7,913.7,910.05,912.85,51.0
2021-05-06 15:00:00,NSE:GOODYEAR,911.0,912.8,910.0,912.8,109.0
2021-05-06 15:15:00,NSE:GOODYEAR,910.0,913.9,910.0,913.9,1455.0
2021-05-07 09:00:00,NSE:GOODYEAR,910.05,910.05,910.05,910.05,1.0
2021-05-07 09:15:00,NSE:GOODYEAR,914.85,914.85,905.65,909.4,655.0
2021-05-07 09:30:00,NSE:GOODYEAR,911.2,914.2,911.2,914.2,33.0
2021-05-07 09:45:00,NSE:GOODYEAR,910.0,910.0,909.85,909.85,23.0
2021-05-07 10:00:00,NSE:GOODYEAR,909.4,913.0,909.05,913.0,286.0
2021-05-07 10:15:00,NSE:GOODYEAR,910.5,910.5,909.5,909.5,24.0
2021-05-07 10:30:00,NSE:GOODYEAR,909.55,910.0,909.05,909.05,124.0
2021-05-07 10:45:00,NSE:GOODYEAR,909.05,913.0,909.0,909.0,405.0
2021-05-07 11:00:00,NSE:GOODYEAR,911.95,912.5,909.5,909.5,97.0
2021-05-07 11:15:00,NSE:GOODYEAR,909.0,911.4,909.0,911.0,149.0
2021-05-07 11:30:00,NSE:GOODYEAR,909.05,913.0,909.05,913.0,65.0
2021-05-07 11:45:00,NSE:GOODYEAR,913.0,914.2,912.55,914.2,82.0
2021-05-07 12:00:00,NSE:GOODYEAR,914.15,914.15,910.0,913.55,244.0
2021-05-07 12:15:00,NSE:GOODYEAR,911.9,913.55,911.9,912.9,67.0
2021-05-07 12:30:00,NSE:GOODYEAR,909.0,911.3,909.0,911.3,550.0
2021-05-07 12:45:00,NSE:GOODYEAR,909.8,909.8,909.05,909.05,30.0
2021-05-07 13:00:00,NSE:GOODYEAR,910.1,910.1,909.05,909.05,31.0
2021-05-07 13:15:00,NSE:GOODYEAR,910.1,910.1,909.0,909.0,119.0
2021-05-07 13:30:00,NSE:GOODYEAR,910.0,910.0,910.0,910.0,11.0
2021-05-07 13:45:00,NSE:GOODYEAR,910.0,910.05,910.0,910.05,12.0
2021-05-07 14:00:00,NSE:GOODYEAR,910.0,911.3,909.05,911.0,949.0
2021-05-07 14:15:00,NSE:GOODYEAR,911.0,911.0,909.3,909.3,531.0
2021-05-07 14:30:00,NSE:GOODYEAR,911.0,912.5,911.0,912.5,1080.0
2021-05-07 14:45:00,NSE:GOODYEAR,912.5,912.5,911.55,911.55,255.0
2021-05-07 15:00:00,NSE:GOODYEAR,912.4,912.45,912.4,912.45,532.0
2021-05-07 15:15:00,NSE:GOODYEAR,912.45,912.5,911.55,912.0,454.0
2021-05-10 09:00:00,NSE:GOODYEAR,915.0,915.0,915.0,915.0,5.0
2021-05-10 09:15:00,NSE:GOODYEAR,922.95,922.95,905.0,908.0,811.0
2021-05-10 09:30:00,NSE:GOODYEAR,908.0,910.0,904.0,909.0,1113.0
2021-05-10 09:45:00,NSE:GOODYEAR,908.4,910.0,908.4,909.9,176.0
2021-05-10 10:00:00,NSE:GOODYEAR,909.9,910.0,904.55,904.55,447.0
2021-05-10 10:15:00,NSE:GOODYEAR,904.0,906.25,904.0,905.6,78.0
2021-05-10 10:30:00,NSE:GOODYEAR,906.2,906.85,905.1,905.5,48.0
2021-05-10 10:45:00,NSE:GOODYEAR,905.0,907.95,904.05,907.95,293.0
2021-05-10 11:00:00,NSE:GOODYEAR,904.6,906.9,904.6,906.9,148.0
2021-05-10 11:15:00,NSE:GOODYEAR,906.75,906.75,904.0,904.0,118.0
2021-05-10 11:30:00,NSE:GOODYEAR,904.0,907.0,904.0,907.0,249.0
2021-05-10 11:45:00,NSE:GOODYEAR,907.0,907.0,905.0,907.0,118.0
2021-05-10 12:00:00,NSE:GOODYEAR,907.95,907.95,904.55,907.1,162.0
2021-05-10 12:15:00,NSE:GOODYEAR,908.0,908.0,906.55,907.95,53.0
2021-05-10 12:30:00,NSE:GOODYEAR,907.95,908.0,906.5,906.5,80.0
2021-05-10 12:45:00,NSE:GOODYEAR,906.55,906.55,906.55,906.55,25.0
2021-05-10 13:00:00,NSE:GOODYEAR,908.0,908.0,907.0,907.0,27.0
2021-05-10 13:15:00,NSE:GOODYEAR,908.0,908.4,907.0,907.0,86.0
2021-05-10 13:30:00,NSE:GOODYEAR,907.0,908.4,907.0,908.4,13.0
2021-05-10 13:45:00,NSE:GOODYEAR,907.0,908.4,907.0,908.35,16.0
2021-05-10 14:00:00,NSE:GOODYEAR,906.6,908.35,906.6,908.35,236.0
2021-05-10 14:15:00,NSE:GOODYEAR,908.35,909.0,906.55,906.55,347.0
2021-05-10 14:30:00,NSE:GOODYEAR,906.55,906.55,906.0,906.0,227.0
2021-05-10 14:45:00,NSE:GOODYEAR,907.85,907.85,904.95,904.95,383.0
2021-05-10 15:00:00,NSE:GOODYEAR,904.15,905.0,903.2,903.55,311.0
2021-05-10 15:15:00,NSE:GOODYEAR,903.0,905.55,900.0,905.0,1152.0
2021-05-10 15:45:00,NSE:GOODYEAR,902.55,902.55,902.55,902.55,10.0
2021-05-11 09:00:00,NSE:GOODYEAR,916.0,916.0,916.0,916.0,1.0
2021-05-11 09:15:00,NSE:GOODYEAR,898.05,907.0,896.45,900.0,532.0
2021-05-11 09:30:00,NSE:GOODYEAR,900.0,904.5,899.5,902.25,86.0
2021-05-11 09:45:00,NSE:GOODYEAR,902.25,904.95,902.25,904.7,157.0
2021-05-11 10:00:00,NSE:GOODYEAR,905.0,906.8,903.0,903.0,54.0
2021-05-11 10:15:00,NSE:GOODYEAR,903.05,905.9,902.45,903.15,187.0
2021-05-11 10:30:00,NSE:GOODYEAR,905.0,907.85,903.15,906.0,275.0
2021-05-11 10:45:00,NSE:GOODYEAR,907.85,907.85,906.0,907.8,66.0
2021-05-11 11:00:00,NSE:GOODYEAR,906.0,907.75,906.0,907.0,48.0
2021-05-11 11:15:00,NSE:GOODYEAR,907.0,907.0,905.15,907.0,60.0
2021-05-11 11:30:00,NSE:GOODYEAR,907.0,907.95,905.0,907.85,69.0
2021-05-11 11:45:00,NSE:GOODYEAR,905.1,907.75,904.4,907.75,266.0
2021-05-11 12:00:00,NSE:GOODYEAR,908.0,909.5,908.0,909.5,167.0
2021-05-11 12:15:00,NSE:GOODYEAR,909.45,909.45,906.05,908.6,97.0
2021-05-11 12:30:00,NSE:GOODYEAR,909.0,910.0,906.0,906.0,296.0
2021-05-11 12:45:00,NSE:GOODYEAR,906.0,907.05,905.2,907.05,37.0
2021-05-11 13:00:00,NSE:GOODYEAR,905.1,905.6,905.0,905.0,77.0
2021-05-11 13:15:00,NSE:GOODYEAR,905.05,907.0,905.05,907.0,65.0
2021-05-11 13:30:00,NSE:GOODYEAR,907.7,907.85,907.7,907.85,156.0
2021-05-11 13:45:00,NSE:GOODYEAR,906.0,908.3,902.2,902.2,354.0
2021-05-11 14:00:00,NSE:GOODYEAR,900.0,905.9,899.0,900.35,561.0
2021-05-11 14:15:00,NSE:GOODYEAR,900.0,903.35,896.5,903.35,567.0
2021-05-11 14:30:00,NSE:GOODYEAR,904.9,905.0,901.8,904.95,366.0
2021-05-11 14:45:00,NSE:GOODYEAR,904.7,905.0,902.4,904.95,102.0
2021-05-11 15:00:00,NSE:GOODYEAR,901.55,902.3,900.0,900.0,358.0
2021-05-11 15:15:00,NSE:GOODYEAR,900.5,903.45,900.0,901.95,421.0
2021-05-11 15:45:00,NSE:GOODYEAR,901.15,901.15,901.15,901.15,34.0
2021-05-12 09:00:00,NSE:GOODYEAR,898.0,898.0,898.0,898.0,5.0
2021-05-12 09:15:00,NSE:GOODYEAR,907.0,907.9,900.1,903.7,262.0
2021-05-12 09:30:00,NSE:GOODYEAR,905.55,905.55,902.35,905.15,163.0
2021-05-12 09:45:00,NSE:GOODYEAR,908.35,910.0,906.2,906.2,170.0
2021-05-12 10:00:00,NSE:GOODYEAR,909.55,909.55,902.5,903.25,222.0
2021-05-12 10:15:00,NSE:GOODYEAR,903.05,905.7,902.5,902.65,86.0
2021-05-12 10:30:00,NSE:GOODYEAR,905.55,906.0,903.0,905.7,67.0
2021-05-12 10:45:00,NSE:GOODYEAR,903.25,906.1,903.25,906.1,67.0
2021-05-12 11:00:00,NSE:GOODYEAR,906.1,906.2,905.0,905.0,57.0
2021-05-12 11:15:00,NSE:GOODYEAR,905.0,908.35,901.25,902.0,1030.0
2021-05-12 11:30:00,NSE:GOODYEAR,902.0,902.0,901.5,902.0,542.0
2021-05-12 11:45:00,NSE:GOODYEAR,901.0,902.0,900.0,902.0,352.0
2021-05-12 12:00:00,NSE:GOODYEAR,902.0,902.0,900.3,901.0,409.0
2021-05-12 12:15:00,NSE:GOODYEAR,901.1,902.0,901.0,901.95,446.0
2021-05-12 12:30:00,NSE:GOODYEAR,901.0,902.0,901.0,901.0,434.0
2021-05-12 12:45:00,NSE:GOODYEAR,901.0,902.0,900.45,902.0,270.0
2021-05-12 13:00:00,NSE:GOODYEAR,903.65,905.5,901.55,904.1,243.0
2021-05-12 13:15:00,NSE:GOODYEAR,901.3,903.4,899.0,901.8,546.0
2021-05-12 13:30:00,NSE:GOODYEAR,902.0,904.75,902.0,904.7,70.0
2021-05-12 13:45:00,NSE:GOODYEAR,904.0,905.25,904.0,904.0,110.0
2021-05-12 14:00:00,NSE:GOODYEAR,905.0,905.95,902.0,902.0,241.0
2021-05-12 14:15:00,NSE:GOODYEAR,903.35,903.95,903.35,903.95,24.0
2021-05-12 14:30:00,NSE:GOODYEAR,903.35,903.35,901.0,901.1,211.0
2021-05-12 14:45:00,NSE:GOODYEAR,904.75,904.75,901.0,901.0,418.0
2021-05-12 15:00:00,NSE:GOODYEAR,900.0,904.35,899.05,904.35,548.0
2021-05-12 15:15:00,NSE:GOODYEAR,904.6,905.95,900.05,901.05,607.0
2021-05-12 15:30:00,NSE:GOODYEAR,905.35,905.35,902.4,902.4,75.0
2021-05-12 15:45:00,NSE:GOODYEAR,902.4,905.35,902.4,902.4,70.0
2021-05-14 09:00:00,NSE:GOODYEAR,909.95,909.95,909.95,909.95,35.0
2021-05-14 09:15:00,NSE:GOODYEAR,909.6,912.0,904.15,904.15,1003.0
2021-05-14 09:30:00,NSE:GOODYEAR,908.05,915.5,908.05,915.5,4470.0
2021-05-14 09:45:00,NSE:GOODYEAR,915.0,920.55,914.05,915.6,4106.0
2021-05-14 10:00:00,NSE:GOODYEAR,918.0,918.0,911.1,913.1,318.0
2021-05-14 10:15:00,NSE:GOODYEAR,915.3,920.0,912.0,917.0,548.0
2021-05-14 10:30:00,NSE:GOODYEAR,917.0,918.45,915.0,917.0,244.0
2021-05-14 10:45:00,NSE:GOODYEAR,917.0,918.45,915.0,917.0,406.0
2021-05-14 11:00:00,NSE:GOODYEAR,917.0,918.75,915.1,915.1,540.0
2021-05-14 11:15:00,NSE:GOODYEAR,915.0,915.1,913.5,915.0,194.0
2021-05-14 11:30:00,NSE:GOODYEAR,913.5,915.0,913.0,913.0,172.0
2021-05-14 11:45:00,NSE:GOODYEAR,912.95,913.0,912.05,912.05,143.0
2021-05-14 12:00:00,NSE:GOODYEAR,912.4,913.0,910.0,911.0,762.0
2021-05-14 12:15:00,NSE:GOODYEAR,910.95,911.0,910.0,911.0,102.0
2021-05-14 12:30:00,NSE:GOODYEAR,911.0,911.0,910.0,910.0,50.0
2021-05-14 12:45:00,NSE:GOODYEAR,910.7,911.0,910.7,911.0,137.0
2021-05-14 13:00:00,NSE:GOODYEAR,911.0,911.0,908.0,908.0,1128.0
2021-05-14 13:15:00,NSE:GOODYEAR,908.25,910.95,908.25,910.95,140.0
2021-05-14 13:30:00,NSE:GOODYEAR,910.95,911.0,909.2,909.2,249.0
2021-05-14 13:45:00,NSE:GOODYEAR,911.0,911.0,910.05,910.05,85.0
2021-05-14 14:00:00,NSE:GOODYEAR,910.0,910.75,908.0,908.0,351.0
2021-05-14 14:15:00,NSE:GOODYEAR,910.0,910.0,909.0,909.0,72.0
2021-05-14 14:30:00,NSE:GOODYEAR,909.0,910.75,908.65,910.75,100.0
2021-05-14 14:45:00,NSE:GOODYEAR,910.7,913.0,909.4,909.4,380.0
2021-05-14 15:00:00,NSE:GOODYEAR,909.4,910.1,909.4,910.1,13.0
2021-05-14 15:15:00,NSE:GOODYEAR,911.25,912.9,910.1,912.9,341.0
2021-05-17 09:00:00,NSE:GOODYEAR,903.05,903.05,903.05,903.05,100.0
2021-05-17 09:15:00,NSE:GOODYEAR,914.15,914.2,903.6,909.75,1060.0
2021-05-17 09:30:00,NSE:GOODYEAR,909.9,909.9,906.0,907.55,177.0
2021-05-17 09:45:00,NSE:GOODYEAR,907.6,909.95,907.6,909.0,179.0
2021-05-17 10:00:00,NSE:GOODYEAR,910.0,910.0,909.0,909.05,88.0
2021-05-17 10:15:00,NSE:GOODYEAR,909.0,910.65,909.0,910.0,148.0
2021-05-17 10:30:00,NSE:GOODYEAR,910.0,913.0,908.95,911.1,1613.0
2021-05-17 10:45:00,NSE:GOODYEAR,912.0,913.0,909.8,909.8,1045.0
2021-05-17 11:00:00,NSE:GOODYEAR,908.95,910.0,906.5,909.0,653.0
2021-05-17 11:15:00,NSE:GOODYEAR,909.0,910.0,909.0,910.0,445.0
2021-05-17 11:30:00,NSE:GOODYEAR,909.0,910.0,908.05,910.0,479.0
2021-05-17 11:45:00,NSE:GOODYEAR,909.0,910.0,909.0,910.0,208.0
2021-05-17 12:00:00,NSE:GOODYEAR,910.0,910.0,909.0,909.9,2570.0
2021-05-17 12:15:00,NSE:GOODYEAR,909.9,910.0,909.0,910.0,823.0
2021-05-17 12:30:00,NSE:GOODYEAR,909.0,910.0,907.5,909.8,1253.0
2021-05-17 12:45:00,NSE:GOODYEAR,909.0,909.0,907.0,908.95,323.0
2021-05-17 13:00:00,NSE:GOODYEAR,907.25,909.0,907.25,909.0,130.0
2021-05-17 13:15:00,NSE:GOODYEAR,909.0,909.0,906.9,906.95,221.0
2021-05-17 13:30:00,NSE:GOODYEAR,906.6,909.45,905.45,907.45,451.0
2021-05-17 13:45:00,NSE:GOODYEAR,907.45,907.9,904.9,907.15,71.0
2021-05-17 14:00:00,NSE:GOODYEAR,907.75,908.9,907.75,908.5,187.0
2021-05-17 14:15:00,NSE:GOODYEAR,908.85,908.85,906.75,908.8,87.0
2021-05-17 14:30:00,NSE:GOODYEAR,908.8,909.5,908.05,908.05,157.0
2021-05-17 14:45:00,NSE:GOODYEAR,908.85,908.85,906.1,907.95,250.0
2021-05-17 15:00:00,NSE:GOODYEAR,907.05,909.5,905.0,905.8,785.0
2021-05-17 15:15:00,NSE:GOODYEAR,906.0,909.5,903.0,906.8,1020.0
2021-05-17 15:30:00,NSE:GOODYEAR,906.65,906.65,906.65,906.65,180.0
2021-05-18 09:00:00,NSE:GOODYEAR,909.0,909.0,909.0,909.0,15.0
2021-05-18 09:15:00,NSE:GOODYEAR,912.95,913.0,908.0,910.1,181.0
2021-05-18 09:30:00,NSE:GOODYEAR,911.0,911.0,909.0,909.0,191.0
2021-05-18 09:45:00,NSE:GOODYEAR,910.45,914.0,909.05,912.5,592.0
2021-05-18 10:00:00,NSE:GOODYEAR,911.9,912.5,910.05,910.7,161.0
2021-05-18 10:15:00,NSE:GOODYEAR,911.95,912.0,910.85,912.0,36.0
2021-05-18 10:30:00,NSE:GOODYEAR,913.35,913.95,910.9,912.7,405.0
2021-05-18 10:45:00,NSE:GOODYEAR,912.7,912.7,911.7,911.7,134.0
2021-05-18 11:00:00,NSE:GOODYEAR,911.7,912.7,911.7,912.7,23.0
2021-05-18 11:15:00,NSE:GOODYEAR,911.7,912.7,911.1,912.4,349.0
2021-05-18 11:30:00,NSE:GOODYEAR,911.3,912.7,910.3,912.7,342.0
2021-05-18 11:45:00,NSE:GOODYEAR,912.7,912.95,910.75,912.6,280.0
2021-05-18 12:00:00,NSE:GOODYEAR,912.6,913.0,910.0,911.0,813.0
2021-05-18 12:15:00,NSE:GOODYEAR,912.45,912.45,910.1,910.6,235.0
2021-05-18 12:30:00,NSE:GOODYEAR,911.95,911.95,911.9,911.9,25.0
2021-05-18 12:45:00,NSE:GOODYEAR,911.9,911.9,909.7,910.15,28.0
2021-05-18 13:00:00,NSE:GOODYEAR,911.65,912.85,910.25,912.85,105.0
2021-05-18 13:15:00,NSE:GOODYEAR,912.55,912.55,911.5,911.5,126.0
2021-05-18 13:30:00,NSE:GOODYEAR,912.8,913.0,911.7,912.5,101.0
2021-05-18 13:45:00,NSE:GOODYEAR,912.5,912.5,911.7,912.0,106.0
2021-05-18 14:00:00,NSE:GOODYEAR,912.0,913.0,910.85,910.85,70.0
2021-05-18 14:15:00,NSE:GOODYEAR,912.55,913.0,910.1,910.35,232.0
2021-05-18 14:30:00,NSE:GOODYEAR,910.1,912.95,910.1,912.95,215.0
2021-05-18 14:45:00,NSE:GOODYEAR,912.95,913.0,910.15,910.5,178.0
2021-05-18 15:00:00,NSE:GOODYEAR,911.0,913.0,910.8,912.85,160.0
2021-05-18 15:15:00,NSE:GOODYEAR,912.85,913.0,910.15,913.0,586.0
2021-05-19 09:15:00,NSE:GOODYEAR,913.9,914.2,911.6,914.2,700.0
2021-05-19 09:30:00,NSE:GOODYEAR,914.0,914.2,912.0,912.0,414.0
2021-05-19 09:45:00,NSE:GOODYEAR,911.95,915.0,911.95,915.0,1415.0
2021-05-19 10:00:00,NSE:GOODYEAR,915.0,918.9,915.0,917.0,2789.0
2021-05-19 10:15:00,NSE:GOODYEAR,917.4,917.4,911.0,913.65,615.0
2021-05-19 10:30:00,NSE:GOODYEAR,911.7,914.9,911.7,914.0,65.0
2021-05-19 10:45:00,NSE:GOODYEAR,914.8,919.0,912.95,914.25,1827.0
2021-05-19 11:00:00,NSE:GOODYEAR,917.0,917.0,910.4,912.1,558.0
2021-05-19 11:15:00,NSE:GOODYEAR,915.0,915.7,912.25,912.25,83.0
2021-05-19 11:30:00,NSE:GOODYEAR,912.95,915.3,912.2,915.3,232.0
2021-05-19 11:45:00,NSE:GOODYEAR,915.3,916.0,915.3,916.0,78.0
2021-05-19 12:00:00,NSE:GOODYEAR,916.0,916.05,914.0,915.9,167.0
2021-05-19 12:15:00,NSE:GOODYEAR,915.95,917.9,914.55,914.55,138.0
2021-05-19 12:30:00,NSE:GOODYEAR,914.5,919.0,914.5,918.0,802.0
2021-05-19 12:45:00,NSE:GOODYEAR,918.0,918.9,915.6,915.6,401.0
2021-05-19 13:00:00,NSE:GOODYEAR,917.5,918.55,917.5,917.55,359.0
2021-05-19 13:15:00,NSE:GOODYEAR,917.6,918.9,917.6,917.6,243.0
2021-05-19 13:30:00,NSE:GOODYEAR,917.55,918.0,916.0,916.0,1308.0
2021-05-19 13:45:00,NSE:GOODYEAR,915.05,916.0,914.4,914.4,211.0
2021-05-19 14:00:00,NSE:GOODYEAR,915.0,915.0,915.0,915.0,15.0
2021-05-19 14:15:00,NSE:GOODYEAR,914.4,915.0,914.4,915.0,135.0
2021-05-19 14:30:00,NSE:GOODYEAR,914.4,915.95,914.4,914.4,156.0
2021-05-19 14:45:00,NSE:GOODYEAR,914.4,915.0,910.0,910.0,1537.0
2021-05-19 15:00:00,NSE:GOODYEAR,913.8,914.95,912.6,912.6,325.0
2021-05-19 15:15:00,NSE:GOODYEAR,914.0,914.75,910.1,912.1,934.0
2021-05-20 09:00:00,NSE:GOODYEAR,915.0,915.0,915.0,915.0,23.0
2021-05-20 09:15:00,NSE:GOODYEAR,918.0,920.95,915.0,920.9,2112.0
2021-05-20 09:30:00,NSE:GOODYEAR,920.0,940.05,919.15,938.1,7387.0
2021-05-20 09:45:00,NSE:GOODYEAR,936.45,940.0,931.55,939.85,4032.0
2021-05-20 10:00:00,NSE:GOODYEAR,939.85,946.0,937.1,939.95,5993.0
2021-05-20 10:15:00,NSE:GOODYEAR,939.95,939.95,920.05,924.15,12563.0
2021-05-20 10:30:00,NSE:GOODYEAR,925.0,928.0,920.0,925.0,3372.0
2021-05-20 10:45:00,NSE:GOODYEAR,925.35,929.85,925.0,927.0,578.0
2021-05-20 11:00:00,NSE:GOODYEAR,927.05,929.85,925.05,925.7,427.0
2021-05-20 11:15:00,NSE:GOODYEAR,927.4,929.85,926.0,929.45,1145.0
2021-05-20 11:30:00,NSE:GOODYEAR,929.4,933.75,927.95,930.55,2075.0
2021-05-20 11:45:00,NSE:GOODYEAR,930.6,935.0,930.6,932.65,411.0
2021-05-20 12:00:00,NSE:GOODYEAR,932.55,934.3,931.0,932.0,1101.0
2021-05-20 12:15:00,NSE:GOODYEAR,930.85,934.0,930.85,933.0,124.0
2021-05-20 12:30:00,NSE:GOODYEAR,933.0,934.3,931.35,932.25,706.0
2021-05-20 12:45:00,NSE:GOODYEAR,932.25,935.3,930.5,934.0,718.0
2021-05-20 13:00:00,NSE:GOODYEAR,934.9,935.05,932.5,934.0,1829.0
2021-05-20 13:15:00,NSE:GOODYEAR,934.95,935.0,931.0,933.35,1279.0
2021-05-20 13:30:00,NSE:GOODYEAR,931.4,934.95,931.35,934.95,591.0
2021-05-20 13:45:00,NSE:GOODYEAR,933.0,934.45,932.05,932.5,276.0
2021-05-20 14:00:00,NSE:GOODYEAR,934.7,934.95,925.2,931.0,4033.0
2021-05-20 14:15:00,NSE:GOODYEAR,930.0,934.0,928.1,930.35,1623.0
2021-05-20 14:30:00,NSE:GOODYEAR,932.0,932.95,928.5,928.5,1020.0
2021-05-20 14:45:00,NSE:GOODYEAR,928.5,928.5,918.0,919.0,6592.0
2021-05-20 15:00:00,NSE:GOODYEAR,919.0,920.0,908.05,917.0,7668.0
2021-05-20 15:15:00,NSE:GOODYEAR,917.0,922.9,914.9,921.75,3808.0
2021-05-20 15:30:00,NSE:GOODYEAR,915.15,915.15,915.15,915.15,5.0
2021-05-20 15:45:00,NSE:GOODYEAR,915.15,915.15,915.15,915.15,80.0
2021-05-21 09:00:00,NSE:GOODYEAR,928.95,928.95,928.95,928.95,2.0
2021-05-21 09:15:00,NSE:GOODYEAR,928.85,928.85,922.0,925.95,1801.0
2021-05-21 09:30:00,NSE:GOODYEAR,926.0,929.0,923.4,928.8,1345.0
2021-05-21 09:45:00,NSE:GOODYEAR,926.5,934.9,925.05,932.1,1667.0
2021-05-21 10:00:00,NSE:GOODYEAR,933.8,935.3,931.0,935.0,2683.0
2021-05-21 10:15:00,NSE:GOODYEAR,935.0,937.8,933.2,934.0,1404.0
2021-05-21 10:30:00,NSE:GOODYEAR,934.0,935.1,933.2,934.55,2570.0
2021-05-21 10:45:00,NSE:GOODYEAR,933.3,936.0,933.25,934.95,912.0
2021-05-21 11:00:00,NSE:GOODYEAR,934.95,934.95,933.25,934.8,663.0
2021-05-21 11:15:00,NSE:GOODYEAR,934.8,935.0,933.25,934.7,486.0
2021-05-21 11:30:00,NSE:GOODYEAR,933.35,934.9,932.0,934.0,449.0
2021-05-21 11:45:00,NSE:GOODYEAR,934.15,934.45,932.15,934.15,98.0
2021-05-21 12:00:00,NSE:GOODYEAR,934.05,934.05,930.0,931.0,786.0
2021-05-21 12:15:00,NSE:GOODYEAR,930.25,944.0,920.0,920.0,21001.0
2021-05-21 12:30:00,NSE:GOODYEAR,920.0,933.95,920.0,933.95,8047.0
2021-05-21 12:45:00,NSE:GOODYEAR,933.6,936.0,930.1,934.35,6135.0
2021-05-21 13:00:00,NSE:GOODYEAR,932.35,934.5,932.1,932.2,1404.0
2021-05-21 13:15:00,NSE:GOODYEAR,932.2,934.75,930.1,931.95,1670.0
2021-05-21 13:30:00,NSE:GOODYEAR,932.0,933.0,930.9,933.0,319.0
2021-05-21 13:45:00,NSE:GOODYEAR,931.3,933.0,925.1,925.1,960.0
2021-05-21 14:00:00,NSE:GOODYEAR,925.3,927.4,925.1,927.35,1445.0
2021-05-21 14:15:00,NSE:GOODYEAR,927.4,927.4,924.3,926.85,2268.0
2021-05-21 14:30:00,NSE:GOODYEAR,927.6,932.2,926.35,931.85,2153.0
2021-05-21 14:45:00,NSE:GOODYEAR,930.5,934.95,928.0,933.05,4529.0
2021-05-21 15:00:00,NSE:GOODYEAR,930.55,933.05,930.55,932.0,1108.0
2021-05-21 15:15:00,NSE:GOODYEAR,932.95,935.0,931.0,933.5,3397.0
2021-05-21 15:30:00,NSE:GOODYEAR,932.8,933.5,932.8,933.5,50.0
2021-05-21 15:45:00,NSE:GOODYEAR,932.8,932.8,932.8,932.8,100.0
2021-05-24 09:00:00,NSE:GOODYEAR,945.0,945.0,945.0,945.0,362.0
2021-05-24 09:15:00,NSE:GOODYEAR,944.95,945.0,935.0,940.6,2720.0
2021-05-24 09:30:00,NSE:GOODYEAR,940.35,942.85,935.85,940.0,1929.0
2021-05-24 09:45:00,NSE:GOODYEAR,940.0,940.1,938.0,938.0,1041.0
2021-05-24 10:00:00,NSE:GOODYEAR,937.1,940.5,936.75,939.0,2403.0
2021-05-24 10:15:00,NSE:GOODYEAR,939.9,940.0,937.05,938.55,320.0
2021-05-24 10:30:00,NSE:GOODYEAR,938.75,940.25,936.0,938.5,759.0
2021-05-24 10:45:00,NSE:GOODYEAR,937.1,940.45,937.05,939.95,1172.0
2021-05-24 11:00:00,NSE:GOODYEAR,939.9,939.9,938.05,939.5,495.0
2021-05-24 11:15:00,NSE:GOODYEAR,939.5,939.9,938.6,939.9,162.0
2021-05-24 11:30:00,NSE:GOODYEAR,939.9,939.95,938.7,938.75,247.0
2021-05-24 11:45:00,NSE:GOODYEAR,939.85,940.3,938.85,940.3,235.0
2021-05-24 12:00:00,NSE:GOODYEAR,939.0,940.5,938.8,939.15,759.0
2021-05-24 12:15:00,NSE:GOODYEAR,940.25,940.5,939.1,940.0,480.0
2021-05-24 12:30:00,NSE:GOODYEAR,939.2,940.0,939.2,939.8,455.0
2021-05-24 12:45:00,NSE:GOODYEAR,939.8,940.15,938.0,940.1,644.0
2021-05-24 13:00:00,NSE:GOODYEAR,940.1,940.15,938.7,940.15,841.0
2021-05-24 13:15:00,NSE:GOODYEAR,940.15,940.5,939.0,940.15,1098.0
2021-05-24 13:30:00,NSE:GOODYEAR,940.15,940.15,939.15,940.15,704.0
2021-05-24 13:45:00,NSE:GOODYEAR,940.15,940.15,938.35,940.0,1616.0
2021-05-24 14:00:00,NSE:GOODYEAR,938.45,940.0,938.45,939.0,851.0
2021-05-24 14:15:00,NSE:GOODYEAR,939.0,940.0,939.0,939.1,425.0
2021-05-24 14:30:00,NSE:GOODYEAR,939.5,940.0,939.1,940.0,2292.0
2021-05-24 14:45:00,NSE:GOODYEAR,939.2,940.0,939.2,939.5,1699.0
2021-05-24 15:00:00,NSE:GOODYEAR,939.25,940.0,939.1,940.0,1031.0
2021-05-24 15:15:00,NSE:GOODYEAR,940.0,940.45,938.0,938.1,3202.0
2021-05-25 09:00:00,NSE:GOODYEAR,944.95,944.95,944.95,944.95,44.0
2021-05-25 09:15:00,NSE:GOODYEAR,944.95,946.8,939.3,944.9,2307.0
2021-05-25 09:30:00,NSE:GOODYEAR,944.9,944.9,942.3,944.9,803.0
2021-05-25 09:45:00,NSE:GOODYEAR,944.9,945.3,943.05,944.8,649.0
2021-05-25 10:00:00,NSE:GOODYEAR,943.35,944.95,943.25,944.45,237.0
2021-05-25 10:15:00,NSE:GOODYEAR,943.6,944.95,943.0,943.75,603.0
2021-05-25 10:30:00,NSE:GOODYEAR,943.75,943.9,940.0,942.25,993.0
2021-05-25 10:45:00,NSE:GOODYEAR,941.1,943.0,939.0,943.0,1498.0
2021-05-25 11:00:00,NSE:GOODYEAR,943.0,943.0,938.1,938.6,1211.0
2021-05-25 11:15:00,NSE:GOODYEAR,939.2,940.0,936.0,937.75,737.0
2021-05-25 11:30:00,NSE:GOODYEAR,936.15,939.5,936.0,939.0,289.0
2021-05-25 11:45:00,NSE:GOODYEAR,939.45,939.45,937.2,938.9,199.0
2021-05-25 12:00:00,NSE:GOODYEAR,938.9,941.0,938.9,941.0,560.0
2021-05-25 12:15:00,NSE:GOODYEAR,941.0,941.0,939.5,940.0,578.0
2021-05-25 12:30:00,NSE:GOODYEAR,940.0,940.0,936.0,939.0,1123.0
2021-05-25 12:45:00,NSE:GOODYEAR,939.45,940.0,939.0,940.0,818.0
2021-05-25 13:00:00,NSE:GOODYEAR,940.0,940.0,939.0,939.75,776.0
2021-05-25 13:15:00,NSE:GOODYEAR,939.75,939.95,937.35,939.95,416.0
2021-05-25 13:30:00,NSE:GOODYEAR,939.95,939.95,938.4,939.05,179.0
2021-05-25 13:45:00,NSE:GOODYEAR,939.0,939.95,939.0,939.0,132.0
2021-05-25 14:00:00,NSE:GOODYEAR,939.0,939.0,935.0,935.15,959.0
2021-05-25 14:15:00,NSE:GOODYEAR,935.25,937.3,935.0,937.3,1259.0
2021-05-25 14:30:00,NSE:GOODYEAR,935.2,938.0,935.15,937.3,294.0
2021-05-25 14:45:00,NSE:GOODYEAR,937.75,938.0,931.0,935.05,1214.0
2021-05-25 15:00:00,NSE:GOODYEAR,935.2,939.55,934.8,937.25,1200.0
2021-05-25 15:15:00,NSE:GOODYEAR,937.05,939.5,931.55,939.5,1373.0
2021-05-26 09:00:00,NSE:GOODYEAR,940.0,940.0,940.0,940.0,254.0
2021-05-26 09:15:00,NSE:GOODYEAR,943.7,946.95,940.3,942.6,1725.0
2021-05-26 09:30:00,NSE:GOODYEAR,942.6,945.0,942.6,944.1,1140.0
2021-05-26 09:45:00,NSE:GOODYEAR,943.95,944.0,942.85,944.0,89.0
2021-05-26 10:00:00,NSE:GOODYEAR,944.0,944.3,941.8,943.4,963.0
2021-05-26 10:15:00,NSE:GOODYEAR,943.95,945.0,943.45,945.0,781.0
2021-05-26 10:30:00,NSE:GOODYEAR,945.0,945.25,942.1,945.1,2189.0
2021-05-26 10:45:00,NSE:GOODYEAR,945.15,945.5,940.2,942.55,1988.0
2021-05-26 11:00:00,NSE:GOODYEAR,942.6,944.0,941.25,942.6,758.0
2021-05-26 11:15:00,NSE:GOODYEAR,943.95,943.95,940.1,940.75,404.0
2021-05-26 11:30:00,NSE:GOODYEAR,941.95,943.85,940.0,940.35,1120.0
2021-05-26 11:45:00,NSE:GOODYEAR,941.5,942.5,938.0,942.25,1188.0
2021-05-26 12:00:00,NSE:GOODYEAR,940.95,942.95,938.1,938.3,836.0
2021-05-26 12:15:00,NSE:GOODYEAR,938.25,940.05,938.1,939.3,1848.0
2021-05-26 12:30:00,NSE:GOODYEAR,940.0,940.0,938.35,939.95,130.0
2021-05-26 12:45:00,NSE:GOODYEAR,940.0,940.0,937.05,938.1,771.0
2021-05-26 13:00:00,NSE:GOODYEAR,938.05,939.4,937.05,939.4,731.0
2021-05-26 13:15:00,NSE:GOODYEAR,938.65,939.5,937.05,937.8,247.0
2021-05-26 13:30:00,NSE:GOODYEAR,939.5,939.95,938.0,939.05,486.0
2021-05-26 13:45:00,NSE:GOODYEAR,939.05,939.15,937.55,937.55,343.0
2021-05-26 14:00:00,NSE:GOODYEAR,937.55,939.7,937.35,937.4,474.0
2021-05-26 14:15:00,NSE:GOODYEAR,937.55,939.95,937.5,937.5,237.0
2021-05-26 14:30:00,NSE:GOODYEAR,937.45,940.0,937.35,939.0,1692.0
2021-05-26 14:45:00,NSE:GOODYEAR,939.0,940.0,939.0,940.0,792.0
2021-05-26 15:00:00,NSE:GOODYEAR,939.0,940.0,937.55,939.0,615.0
2021-05-26 15:15:00,NSE:GOODYEAR,940.0,940.0,938.75,938.75,1525.0
2021-05-27 09:00:00,NSE:GOODYEAR,941.0,941.0,941.0,941.0,67.0
2021-05-27 09:15:00,NSE:GOODYEAR,941.05,945.0,941.05,945.0,2220.0
2021-05-27 09:30:00,NSE:GOODYEAR,945.0,945.0,942.95,943.3,796.0
2021-05-27 09:45:00,NSE:GOODYEAR,943.25,943.4,938.5,939.25,2060.0
2021-05-27 10:00:00,NSE:GOODYEAR,939.25,940.95,939.1,940.95,430.0
2021-05-27 10:15:00,NSE:GOODYEAR,941.0,942.45,939.2,941.0,359.0
2021-05-27 10:30:00,NSE:GOODYEAR,941.0,942.3,940.0,940.85,698.0
2021-05-27 10:45:00,NSE:GOODYEAR,941.95,943.95,940.05,940.15,825.0
2021-05-27 11:00:00,NSE:GOODYEAR,941.95,942.0,940.05,940.2,502.0
2021-05-27 11:15:00,NSE:GOODYEAR,940.2,942.0,940.0,940.0,708.0
2021-05-27 11:30:00,NSE:GOODYEAR,940.0,941.8,940.0,940.55,715.0
2021-05-27 11:45:00,NSE:GOODYEAR,941.4,941.8,940.65,941.75,266.0
2021-05-27 12:00:00,NSE:GOODYEAR,941.75,942.3,940.75,942.0,843.0
2021-05-27 12:15:00,NSE:GOODYEAR,942.0,942.0,940.85,941.95,443.0
2021-05-27 12:30:00,NSE:GOODYEAR,941.95,941.95,936.0,936.0,1707.0
2021-05-27 12:45:00,NSE:GOODYEAR,936.0,937.0,913.0,925.05,3843.0
2021-05-27 13:00:00,NSE:GOODYEAR,927.45,928.0,925.2,926.3,924.0
2021-05-27 13:15:00,NSE:GOODYEAR,926.3,932.55,925.5,930.3,953.0
2021-05-27 13:30:00,NSE:GOODYEAR,930.35,935.25,930.15,933.0,594.0
2021-05-27 13:45:00,NSE:GOODYEAR,933.0,934.25,930.3,930.45,175.0
2021-05-27 14:00:00,NSE:GOODYEAR,930.4,932.8,930.3,931.2,490.0
2021-05-27 14:15:00,NSE:GOODYEAR,932.5,932.9,930.3,932.45,244.0
2021-05-27 14:30:00,NSE:GOODYEAR,932.4,932.4,925.15,927.6,1146.0
2021-05-27 14:45:00,NSE:GOODYEAR,930.0,931.0,927.7,928.15,758.0
2021-05-27 15:00:00,NSE:GOODYEAR,930.0,930.0,928.0,929.05,545.0
2021-05-27 15:15:00,NSE:GOODYEAR,929.05,931.8,926.1,929.95,4844.0
2021-05-27 15:30:00,NSE:GOODYEAR,927.15,927.15,927.15,927.15,2.0
2021-05-27 15:45:00,NSE:GOODYEAR,929.25,929.25,929.25,929.25,7.0
2021-05-28 09:00:00,NSE:GOODYEAR,986.5,986.5,986.5,986.5,8303.0
2021-05-28 09:15:00,NSE:GOODYEAR,996.0,997.1,975.65,983.35,88904.0
2021-05-28 09:30:00,NSE:GOODYEAR,983.6,984.0,974.0,976.65,23556.0
2021-05-28 09:45:00,NSE:GOODYEAR,976.65,980.4,973.0,976.0,24345.0
2021-05-28 10:00:00,NSE:GOODYEAR,975.0,978.0,973.25,975.05,11584.0
2021-05-28 10:15:00,NSE:GOODYEAR,975.0,978.7,970.5,973.3,18058.0
2021-05-28 10:30:00,NSE:GOODYEAR,974.0,975.5,970.05,970.95,6860.0
2021-05-28 10:45:00,NSE:GOODYEAR,971.0,971.95,964.0,965.9,14670.0
2021-05-28 11:00:00,NSE:GOODYEAR,966.25,966.5,962.0,964.85,8335.0
2021-05-28 11:15:00,NSE:GOODYEAR,964.85,964.9,962.0,962.25,5173.0
2021-05-28 11:30:00,NSE:GOODYEAR,963.2,964.9,959.0,964.85,11980.0
2021-05-28 11:45:00,NSE:GOODYEAR,963.65,964.9,961.0,962.5,11031.0
2021-05-28 12:00:00,NSE:GOODYEAR,963.85,968.2,962.0,965.05,8720.0
2021-05-28 12:15:00,NSE:GOODYEAR,965.05,965.9,959.3,961.45,5709.0
2021-05-28 12:30:00,NSE:GOODYEAR,961.45,961.9,960.1,961.65,1648.0
2021-05-28 12:45:00,NSE:GOODYEAR,961.05,964.5,961.05,963.0,3254.0
2021-05-28 13:00:00,NSE:GOODYEAR,963.0,964.0,962.05,964.0,2165.0
2021-05-28 13:15:00,NSE:GOODYEAR,964.0,965.35,963.65,965.0,5479.0
2021-05-28 13:30:00,NSE:GOODYEAR,965.0,965.0,962.45,964.75,1798.0
2021-05-28 13:45:00,NSE:GOODYEAR,964.4,964.7,963.05,963.25,1389.0
2021-05-28 14:00:00,NSE:GOODYEAR,964.5,964.7,962.5,963.0,2232.0
2021-05-28 14:15:00,NSE:GOODYEAR,963.0,964.4,962.5,963.05,1389.0
2021-05-28 14:30:00,NSE:GOODYEAR,963.05,964.0,963.0,963.0,2829.0
2021-05-28 14:45:00,NSE:GOODYEAR,963.0,965.0,962.6,964.9,6054.0
2021-05-28 15:00:00,NSE:GOODYEAR,964.9,965.0,960.2,963.7,13247.0
2021-05-28 15:15:00,NSE:GOODYEAR,963.7,968.0,960.05,964.0,22623.0
2021-05-28 15:30:00,NSE:GOODYEAR,964.0,964.0,963.45,964.0,351.0
2021-05-28 15:45:00,NSE:GOODYEAR,963.45,963.45,963.45,963.45,10.0
2021-05-31 09:00:00,NSE:GOODYEAR,979.9,979.9,979.9,979.9,1127.0
2021-05-31 09:15:00,NSE:GOODYEAR,979.9,980.0,970.0,980.0,15869.0
2021-05-31 09:30:00,NSE:GOODYEAR,979.95,993.45,977.6,983.35,21219.0
2021-05-31 09:45:00,NSE:GOODYEAR,983.5,983.95,976.5,981.9,7252.0
2021-05-31 10:00:00,NSE:GOODYEAR,981.95,982.6,978.0,979.8,5087.0
2021-05-31 10:15:00,NSE:GOODYEAR,979.95,981.75,976.8,976.8,5700.0
2021-05-31 10:30:00,NSE:GOODYEAR,979.2,979.2,974.5,976.55,7541.0
2021-05-31 10:45:00,NSE:GOODYEAR,976.55,977.85,975.0,975.15,3386.0
2021-05-31 11:00:00,NSE:GOODYEAR,976.1,977.0,975.15,976.65,2429.0
2021-05-31 11:15:00,NSE:GOODYEAR,976.6,979.4,976.6,978.5,2135.0
2021-05-31 11:30:00,NSE:GOODYEAR,978.5,978.9,977.2,978.25,1370.0
2021-05-31 11:45:00,NSE:GOODYEAR,978.25,979.75,977.45,979.4,1941.0
2021-05-31 12:00:00,NSE:GOODYEAR,979.4,979.75,978.1,979.75,989.0
2021-05-31 12:15:00,NSE:GOODYEAR,979.75,981.0,978.35,980.85,2374.0
2021-05-31 12:30:00,NSE:GOODYEAR,979.95,981.0,979.6,980.8,1638.0
2021-05-31 12:45:00,NSE:GOODYEAR,980.0,981.9,979.7,980.8,1657.0
2021-05-31 13:00:00,NSE:GOODYEAR,980.8,981.85,979.05,980.45,1239.0
2021-05-31 13:15:00,NSE:GOODYEAR,980.45,980.95,979.05,980.65,1372.0
2021-05-31 13:30:00,NSE:GOODYEAR,980.5,980.65,979.45,979.45,263.0
2021-05-31 13:45:00,NSE:GOODYEAR,979.45,980.75,979.15,980.0,1713.0
2021-05-31 14:00:00,NSE:GOODYEAR,980.0,980.8,979.05,979.05,1237.0
2021-05-31 14:15:00,NSE:GOODYEAR,979.3,979.65,977.05,978.5,1663.0
2021-05-31 14:30:00,NSE:GOODYEAR,978.95,979.0,977.8,978.25,356.0
2021-05-31 14:45:00,NSE:GOODYEAR,978.9,979.0,976.15,976.7,2148.0
2021-05-31 15:00:00,NSE:GOODYEAR,977.6,979.0,976.05,977.05,4108.0
2021-05-31 15:15:00,NSE:GOODYEAR,977.95,978.1,974.6,977.0,5368.0
2021-05-31 15:30:00,NSE:GOODYEAR,977.5,977.5,976.8,976.8,138.0
2021-05-31 15:45:00,NSE:GOODYEAR,976.8,977.5,976.8,977.5,27.0
2021-06-01 09:00:00,NSE:GOODYEAR,979.9,979.9,979.9,979.9,333.0
2021-06-01 09:15:00,NSE:GOODYEAR,979.9,980.8,975.9,978.85,3411.0
2021-06-01 09:30:00,NSE:GOODYEAR,977.15,980.0,977.0,977.55,5031.0
2021-06-01 09:45:00,NSE:GOODYEAR,977.75,979.4,976.0,978.15,1962.0
2021-06-01 10:00:00,NSE:GOODYEAR,978.0,980.0,976.0,977.55,3402.0
2021-06-01 10:15:00,NSE:GOODYEAR,976.65,978.05,972.1,975.4,1972.0
2021-06-01 10:30:00,NSE:GOODYEAR,975.4,977.35,973.35,974.85,1947.0
2021-06-01 10:45:00,NSE:GOODYEAR,975.85,976.45,972.1,974.35,1593.0
2021-06-01 11:00:00,NSE:GOODYEAR,974.35,974.9,972.0,972.45,1702.0
2021-06-01 11:15:00,NSE:GOODYEAR,972.15,973.0,971.0,972.4,1204.0
2021-06-01 11:30:00,NSE:GOODYEAR,971.35,972.9,971.0,971.55,1386.0
2021-06-01 11:45:00,NSE:GOODYEAR,971.75,972.9,970.95,971.45,1260.0
2021-06-01 12:00:00,NSE:GOODYEAR,971.45,972.4,971.05,971.95,877.0
2021-06-01 12:15:00,NSE:GOODYEAR,971.95,972.8,971.95,972.8,1138.0
2021-06-01 12:30:00,NSE:GOODYEAR,972.8,972.8,971.5,972.25,1100.0
2021-06-01 12:45:00,NSE:GOODYEAR,971.7,972.75,971.05,971.8,1378.0
2021-06-01 13:00:00,NSE:GOODYEAR,971.8,972.0,970.25,971.6,1575.0
2021-06-01 13:15:00,NSE:GOODYEAR,971.6,972.75,971.05,971.35,1270.0
2021-06-01 13:30:00,NSE:GOODYEAR,971.35,972.7,971.2,971.7,964.0
2021-06-01 13:45:00,NSE:GOODYEAR,971.75,972.75,971.0,972.65,1638.0
2021-06-01 14:00:00,NSE:GOODYEAR,972.65,974.0,971.05,971.05,1186.0
2021-06-01 14:15:00,NSE:GOODYEAR,971.7,974.95,971.1,974.65,2125.0
2021-06-01 14:30:00,NSE:GOODYEAR,974.65,975.1,973.45,973.8,3017.0
2021-06-01 14:45:00,NSE:GOODYEAR,973.8,974.1,971.0,971.2,1490.0
2021-06-01 15:00:00,NSE:GOODYEAR,971.0,972.85,970.85,971.65,1443.0
2021-06-01 15:15:00,NSE:GOODYEAR,971.55,974.5,970.0,971.8,4818.0
2021-06-01 15:30:00,NSE:GOODYEAR,971.15,971.15,971.15,971.15,118.0
2021-06-01 15:45:00,NSE:GOODYEAR,971.15,971.15,971.15,971.15,1.0
2021-06-02 09:00:00,NSE:GOODYEAR,974.9,974.9,974.9,974.9,33.0
2021-06-02 09:15:00,NSE:GOODYEAR,974.9,975.6,971.3,974.2,3259.0
2021-06-02 09:30:00,NSE:GOODYEAR,974.2,974.25,968.5,970.15,2296.0
2021-06-02 09:45:00,NSE:GOODYEAR,969.0,970.85,968.65,970.0,972.0
2021-06-02 10:00:00,NSE:GOODYEAR,970.0,972.95,968.75,972.95,1197.0
2021-06-02 10:15:00,NSE:GOODYEAR,972.9,973.4,968.7,969.8,1492.0
2021-06-02 10:30:00,NSE:GOODYEAR,969.8,972.35,969.0,972.35,1984.0
2021-06-02 10:45:00,NSE:GOODYEAR,972.3,972.3,970.5,971.65,388.0
2021-06-02 11:00:00,NSE:GOODYEAR,971.65,971.65,966.1,966.55,3430.0
2021-06-02 11:15:00,NSE:GOODYEAR,966.0,966.55,965.1,965.65,1427.0
2021-06-02 11:30:00,NSE:GOODYEAR,965.6,966.55,964.6,965.8,2046.0
2021-06-02 11:45:00,NSE:GOODYEAR,965.8,966.5,964.55,965.0,1200.0
2021-06-02 12:00:00,NSE:GOODYEAR,965.0,967.9,964.3,967.6,1969.0
2021-06-02 12:15:00,NSE:GOODYEAR,967.05,969.95,967.0,968.5,1340.0
2021-06-02 12:30:00,NSE:GOODYEAR,968.5,971.0,968.5,971.0,556.0
2021-06-02 12:45:00,NSE:GOODYEAR,971.0,972.0,969.05,970.0,513.0
2021-06-02 13:00:00,NSE:GOODYEAR,970.0,974.95,969.45,973.85,1349.0
2021-06-02 13:15:00,NSE:GOODYEAR,973.85,975.0,972.4,974.9,690.0
2021-06-02 13:30:00,NSE:GOODYEAR,974.9,975.0,973.05,974.85,891.0
2021-06-02 13:45:00,NSE:GOODYEAR,974.85,979.9,973.5,978.45,2187.0
2021-06-02 14:00:00,NSE:GOODYEAR,978.45,990.0,977.0,985.95,11201.0
2021-06-02 14:15:00,NSE:GOODYEAR,984.55,990.0,982.0,987.5,8568.0
2021-06-02 14:30:00,NSE:GOODYEAR,986.25,987.1,982.0,982.6,3262.0
2021-06-02 14:45:00,NSE:GOODYEAR,983.95,986.0,982.0,983.0,1941.0
2021-06-02 15:00:00,NSE:GOODYEAR,983.0,983.9,974.0,975.5,6743.0
2021-06-02 15:15:00,NSE:GOODYEAR,975.55,981.15,975.55,978.0,4621.0
2021-06-02 15:30:00,NSE:GOODYEAR,978.7,978.7,978.7,978.7,10.0
2021-06-02 15:45:00,NSE:GOODYEAR,978.7,978.7,978.7,978.7,1.0
2021-06-03 09:00:00,NSE:GOODYEAR,988.7,988.7,988.7,988.7,143.0
2021-06-03 09:15:00,NSE:GOODYEAR,988.0,988.0,984.0,985.35,2835.0
2021-06-03 09:30:00,NSE:GOODYEAR,985.75,985.75,981.1,983.0,2898.0
2021-06-03 09:45:00,NSE:GOODYEAR,983.0,984.3,981.15,982.45,1286.0
2021-06-03 10:00:00,NSE:GOODYEAR,981.5,984.75,978.35,984.4,2346.0
2021-06-03 10:15:00,NSE:GOODYEAR,984.45,985.0,979.25,982.15,1665.0
2021-06-03 10:30:00,NSE:GOODYEAR,981.3,982.0,978.9,979.0,1449.0
2021-06-03 10:45:00,NSE:GOODYEAR,979.0,982.0,978.2,979.05,1983.0
2021-06-03 11:00:00,NSE:GOODYEAR,979.05,980.5,978.2,979.95,949.0
2021-06-03 11:15:00,NSE:GOODYEAR,979.95,980.0,978.25,978.6,1246.0
2021-06-03 11:30:00,NSE:GOODYEAR,979.5,981.95,978.3,981.4,2480.0
2021-06-03 11:45:00,NSE:GOODYEAR,981.3,982.0,980.05,981.5,673.0
2021-06-03 12:00:00,NSE:GOODYEAR,981.45,982.9,980.55,981.3,1352.0
2021-06-03 12:15:00,NSE:GOODYEAR,982.4,983.5,981.05,983.5,1785.0
2021-06-03 12:30:00,NSE:GOODYEAR,983.5,983.5,981.55,981.6,1382.0
2021-06-03 12:45:00,NSE:GOODYEAR,982.35,983.35,978.95,981.0,1673.0
2021-06-03 13:00:00,NSE:GOODYEAR,981.0,982.7,979.6,980.0,1260.0
2021-06-03 13:15:00,NSE:GOODYEAR,980.0,980.0,979.3,979.3,668.0
2021-06-03 13:30:00,NSE:GOODYEAR,979.7,980.0,978.45,980.0,986.0
2021-06-03 13:45:00,NSE:GOODYEAR,980.0,980.0,979.0,980.0,949.0
2021-06-03 14:00:00,NSE:GOODYEAR,980.0,980.0,977.0,979.75,1631.0
2021-06-03 14:15:00,NSE:GOODYEAR,979.9,979.95,977.5,978.5,1108.0
2021-06-03 14:30:00,NSE:GOODYEAR,978.5,979.55,974.25,977.2,2097.0
2021-06-03 14:45:00,NSE:GOODYEAR,977.2,978.8,977.2,978.8,815.0
2021-06-03 15:00:00,NSE:GOODYEAR,978.15,978.8,974.55,976.0,3112.0
2021-06-03 15:15:00,NSE:GOODYEAR,976.5,979.35,975.15,977.1,2982.0
2021-06-03 15:30:00,NSE:GOODYEAR,977.1,977.1,977.1,977.1,10.0
2021-06-03 15:45:00,NSE:GOODYEAR,976.45,976.45,976.45,976.45,45.0
2021-06-04 09:00:00,NSE:GOODYEAR,983.35,983.35,983.35,983.35,17.0
2021-06-04 09:15:00,NSE:GOODYEAR,980.0,985.05,980.0,983.75,2462.0
2021-06-04 09:30:00,NSE:GOODYEAR,982.2,984.7,981.1,982.9,1830.0
2021-06-04 09:45:00,NSE:GOODYEAR,983.15,984.0,980.4,982.85,1703.0
2021-06-04 10:00:00,NSE:GOODYEAR,982.85,985.05,981.35,982.4,1959.0
2021-06-04 10:15:00,NSE:GOODYEAR,982.65,983.4,980.85,982.05,1608.0
2021-06-04 10:30:00,NSE:GOODYEAR,981.3,983.4,980.6,982.75,1410.0
2021-06-04 10:45:00,NSE:GOODYEAR,982.3,983.3,981.0,982.0,1197.0
2021-06-04 11:00:00,NSE:GOODYEAR,982.0,982.65,980.55,981.25,1920.0
2021-06-04 11:15:00,NSE:GOODYEAR,981.25,981.95,978.15,979.15,2030.0
2021-06-04 11:30:00,NSE:GOODYEAR,978.35,980.5,978.3,980.0,804.0
2021-06-04 11:45:00,NSE:GOODYEAR,980.0,980.05,978.7,979.85,2298.0
2021-06-04 12:00:00,NSE:GOODYEAR,979.85,980.0,978.8,979.6,2292.0
2021-06-04 12:15:00,NSE:GOODYEAR,979.6,980.0,978.7,979.85,1472.0
2021-06-04 12:30:00,NSE:GOODYEAR,979.85,980.0,978.05,979.0,1458.0
2021-06-04 12:45:00,NSE:GOODYEAR,979.0,979.95,978.05,979.2,1557.0
2021-06-04 13:00:00,NSE:GOODYEAR,978.35,979.9,978.35,979.5,1324.0
2021-06-04 13:15:00,NSE:GOODYEAR,979.45,979.8,978.65,979.55,530.0
2021-06-04 13:30:00,NSE:GOODYEAR,979.45,979.45,975.0,975.1,2563.0
2021-06-04 13:45:00,NSE:GOODYEAR,975.2,977.4,975.1,976.3,1487.0
2021-06-04 14:00:00,NSE:GOODYEAR,976.95,977.4,976.1,976.85,692.0
2021-06-04 14:15:00,NSE:GOODYEAR,977.05,979.75,976.3,977.45,2144.0
2021-06-04 14:30:00,NSE:GOODYEAR,977.4,979.75,976.95,977.45,2095.0
2021-06-04 14:45:00,NSE:GOODYEAR,978.75,979.25,977.7,978.8,1556.0
2021-06-04 15:00:00,NSE:GOODYEAR,978.8,980.2,977.5,978.05,2147.0
2021-06-04 15:15:00,NSE:GOODYEAR,978.4,979.95,975.25,979.95,4714.0
2021-06-04 15:45:00,NSE:GOODYEAR,977.4,977.4,977.4,977.4,2.0
2021-06-07 09:00:00,NSE:GOODYEAR,987.7,987.7,987.7,987.7,247.0
2021-06-07 09:15:00,NSE:GOODYEAR,987.5,987.5,980.8,983.95,4994.0
2021-06-07 09:30:00,NSE:GOODYEAR,983.95,987.3,982.9,985.85,3346.0
2021-06-07 09:45:00,NSE:GOODYEAR,985.2,986.5,983.0,984.5,2615.0
2021-06-07 10:00:00,NSE:GOODYEAR,984.5,984.5,982.25,983.0,1687.0
2021-06-07 10:15:00,NSE:GOODYEAR,983.0,983.25,980.0,981.1,3835.0
2021-06-07 10:30:00,NSE:GOODYEAR,981.0,984.0,980.75,983.45,2112.0
2021-06-07 10:45:00,NSE:GOODYEAR,983.45,987.5,982.25,986.7,4739.0
2021-06-07 11:00:00,NSE:GOODYEAR,986.05,986.65,983.35,985.85,4151.0
2021-06-07 11:15:00,NSE:GOODYEAR,985.85,985.85,983.65,984.6,1799.0
2021-06-07 11:30:00,NSE:GOODYEAR,984.85,986.6,983.9,986.6,1803.0
2021-06-07 11:45:00,NSE:GOODYEAR,986.5,989.0,985.05,987.85,4278.0
2021-06-07 12:00:00,NSE:GOODYEAR,988.15,996.0,987.55,995.5,23527.0
2021-06-07 12:15:00,NSE:GOODYEAR,995.85,1017.0,995.0,1007.9,41758.0
2021-06-07 12:30:00,NSE:GOODYEAR,1007.05,1009.0,999.55,1003.4,13506.0
2021-06-07 12:45:00,NSE:GOODYEAR,1003.4,1007.65,1002.1,1004.6,6473.0
2021-06-07 13:00:00,NSE:GOODYEAR,1005.9,1008.75,1002.45,1002.45,4278.0
2021-06-07 13:15:00,NSE:GOODYEAR,1002.1,1007.05,1001.0,1005.2,5998.0
2021-06-07 13:30:00,NSE:GOODYEAR,1005.15,1007.65,1002.0,1004.15,7736.0
2021-06-07 13:45:00,NSE:GOODYEAR,1004.45,1005.0,1001.0,1002.35,4451.0
2021-06-07 14:00:00,NSE:GOODYEAR,1002.8,1002.8,995.35,997.5,7018.0
2021-06-07 14:15:00,NSE:GOODYEAR,997.5,999.5,996.05,996.2,2787.0
2021-06-07 14:30:00,NSE:GOODYEAR,997.1,998.25,994.25,995.55,4720.0
2021-06-07 14:45:00,NSE:GOODYEAR,996.05,997.0,994.75,995.45,2239.0
2021-06-07 15:00:00,NSE:GOODYEAR,996.0,996.7,990.1,992.0,7380.0
2021-06-07 15:15:00,NSE:GOODYEAR,992.0,995.0,990.05,994.55,7809.0
2021-06-07 15:30:00,NSE:GOODYEAR,994.95,994.95,992.95,992.95,13.0
2021-06-08 09:00:00,NSE:GOODYEAR,1001.0,1001.0,1001.0,1001.0,404.0
2021-06-08 09:15:00,NSE:GOODYEAR,1009.95,1012.4,996.15,997.25,9374.0
2021-06-08 09:30:00,NSE:GOODYEAR,997.25,1006.8,997.25,999.85,3383.0
2021-06-08 09:45:00,NSE:GOODYEAR,998.55,999.85,995.0,997.75,2855.0
2021-06-08 10:00:00,NSE:GOODYEAR,997.65,999.9,993.7,998.7,3098.0
2021-06-08 10:15:00,NSE:GOODYEAR,998.45,999.95,996.1,997.6,2200.0
2021-06-08 10:30:00,NSE:GOODYEAR,998.4,998.9,996.55,998.35,1952.0
2021-06-08 10:45:00,NSE:GOODYEAR,998.1,999.4,996.15,998.15,2276.0
2021-06-08 11:00:00,NSE:GOODYEAR,997.1,998.35,996.1,997.9,2618.0
2021-06-08 11:15:00,NSE:GOODYEAR,997.5,998.35,996.0,997.35,2500.0
2021-06-08 11:30:00,NSE:GOODYEAR,997.35,998.85,996.1,996.8,1948.0
2021-06-08 11:45:00,NSE:GOODYEAR,997.8,998.9,996.95,997.05,2605.0
2021-06-08 12:00:00,NSE:GOODYEAR,997.05,998.25,996.1,997.8,1804.0
2021-06-08 12:15:00,NSE:GOODYEAR,997.75,1000.0,997.0,998.0,8169.0
2021-06-08 12:30:00,NSE:GOODYEAR,998.0,999.55,996.1,998.45,2969.0
2021-06-08 12:45:00,NSE:GOODYEAR,998.85,998.95,996.1,997.1,2491.0
2021-06-08 13:00:00,NSE:GOODYEAR,997.6,999.0,996.5,997.0,2535.0
2021-06-08 13:15:00,NSE:GOODYEAR,997.55,998.15,996.95,997.95,1318.0
2021-06-08 13:30:00,NSE:GOODYEAR,997.95,997.95,997.0,997.85,789.0
2021-06-08 13:45:00,NSE:GOODYEAR,997.0,997.85,994.0,996.0,2303.0
2021-06-08 14:00:00,NSE:GOODYEAR,996.2,997.9,995.1,997.9,564.0
2021-06-08 14:15:00,NSE:GOODYEAR,997.9,997.9,996.6,996.6,668.0
2021-06-08 14:30:00,NSE:GOODYEAR,997.0,997.85,995.95,996.9,1084.0
2021-06-08 14:45:00,NSE:GOODYEAR,996.9,996.9,994.15,994.5,1813.0
2021-06-08 15:00:00,NSE:GOODYEAR,996.85,996.85,993.6,994.95,2773.0
2021-06-08 15:15:00,NSE:GOODYEAR,994.9,996.95,993.9,995.75,5348.0
2021-06-08 15:30:00,NSE:GOODYEAR,995.8,995.8,995.8,995.8,70.0
2021-06-08 15:45:00,NSE:GOODYEAR,994.8,994.8,994.8,994.8,9.0
2021-06-09 09:00:00,NSE:GOODYEAR,1004.7,1004.7,1004.7,1004.7,113.0
2021-06-09 09:15:00,NSE:GOODYEAR,1004.7,1004.7,997.45,1000.0,5573.0
2021-06-09 09:30:00,NSE:GOODYEAR,1000.9,1002.0,999.8,1001.7,1898.0
2021-06-09 09:45:00,NSE:GOODYEAR,1001.7,1001.7,999.0,1000.65,2883.0
2021-06-09 10:00:00,NSE:GOODYEAR,1000.85,1001.0,999.05,999.9,2695.0
2021-06-09 10:15:00,NSE:GOODYEAR,999.05,999.45,996.2,998.2,3148.0
2021-06-09 10:30:00,NSE:GOODYEAR,998.25,999.8,998.2,999.55,743.0
2021-06-09 10:45:00,NSE:GOODYEAR,999.55,999.95,998.2,999.65,1214.0
2021-06-09 11:00:00,NSE:GOODYEAR,999.65,1000.0,998.15,998.9,1679.0
2021-06-09 11:15:00,NSE:GOODYEAR,998.45,999.4,996.8,999.4,1703.0
2021-06-09 11:30:00,NSE:GOODYEAR,999.4,999.75,998.55,999.55,1382.0
2021-06-09 11:45:00,NSE:GOODYEAR,999.55,1000.0,998.65,999.85,1223.0
2021-06-09 12:00:00,NSE:GOODYEAR,999.85,1000.0,998.85,1000.0,5394.0
2021-06-09 12:15:00,NSE:GOODYEAR,999.95,1000.0,998.9,999.85,6013.0
2021-06-09 12:30:00,NSE:GOODYEAR,1000.0,1002.9,999.8,1002.9,2152.0
2021-06-09 12:45:00,NSE:GOODYEAR,1002.9,1002.9,1000.0,1001.5,1143.0
2021-06-09 13:00:00,NSE:GOODYEAR,1001.5,1001.9,994.0,995.5,6400.0
2021-06-09 13:15:00,NSE:GOODYEAR,995.1,995.5,988.8,991.9,4509.0
2021-06-09 13:30:00,NSE:GOODYEAR,991.9,992.55,990.0,992.55,3329.0
2021-06-09 13:45:00,NSE:GOODYEAR,993.95,994.0,990.0,992.15,2257.0
2021-06-09 14:00:00,NSE:GOODYEAR,992.6,993.65,991.55,992.3,726.0
2021-06-09 14:15:00,NSE:GOODYEAR,992.3,993.55,991.6,991.85,1221.0
2021-06-09 14:30:00,NSE:GOODYEAR,992.0,992.0,983.7,984.15,3481.0
2021-06-09 14:45:00,NSE:GOODYEAR,985.9,988.9,984.0,988.9,2344.0
2021-06-09 15:00:00,NSE:GOODYEAR,988.05,989.7,986.0,988.85,1177.0
2021-06-09 15:15:00,NSE:GOODYEAR,988.8,989.45,986.0,987.1,4122.0
2021-06-09 15:30:00,NSE:GOODYEAR,987.0,987.8,987.0,987.8,292.0
2021-06-10 09:00:00,NSE:GOODYEAR,997.95,997.95,997.95,997.95,47.0
2021-06-10 09:15:00,NSE:GOODYEAR,997.95,997.95,994.1,994.1,2311.0
2021-06-10 09:30:00,NSE:GOODYEAR,994.8,997.9,992.1,994.9,3511.0
2021-06-10 09:45:00,NSE:GOODYEAR,994.9,996.95,992.75,996.3,2246.0
2021-06-10 10:00:00,NSE:GOODYEAR,996.3,998.85,994.1,994.95,2505.0
2021-06-10 10:15:00,NSE:GOODYEAR,995.0,996.45,994.0,996.1,755.0
2021-06-10 10:30:00,NSE:GOODYEAR,996.1,996.3,993.5,994.4,1202.0
2021-06-10 10:45:00,NSE:GOODYEAR,994.45,994.65,992.5,994.0,795.0
2021-06-10 11:00:00,NSE:GOODYEAR,994.35,995.0,993.0,994.8,731.0
2021-06-10 11:15:00,NSE:GOODYEAR,994.8,994.9,992.5,993.55,670.0
2021-06-10 11:30:00,NSE:GOODYEAR,993.55,995.0,993.0,993.25,1054.0
2021-06-10 11:45:00,NSE:GOODYEAR,993.3,995.0,993.1,994.35,1098.0
2021-06-10 12:00:00,NSE:GOODYEAR,994.35,995.4,993.5,995.4,1819.0
2021-06-10 12:15:00,NSE:GOODYEAR,995.05,996.8,993.7,996.0,4590.0
2021-06-10 12:30:00,NSE:GOODYEAR,996.0,996.95,994.35,995.6,2598.0
2021-06-10 12:45:00,NSE:GOODYEAR,995.5,995.5,993.0,994.9,1774.0
2021-06-10 13:00:00,NSE:GOODYEAR,994.9,994.95,993.0,993.1,836.0
2021-06-10 13:15:00,NSE:GOODYEAR,993.8,994.75,992.45,993.6,1756.0
2021-06-10 13:30:00,NSE:GOODYEAR,993.5,993.7,990.0,990.0,4868.0
2021-06-10 13:45:00,NSE:GOODYEAR,990.0,991.5,989.0,989.2,1573.0
2021-06-10 14:00:00,NSE:GOODYEAR,990.5,991.0,989.0,989.55,1107.0
2021-06-10 14:15:00,NSE:GOODYEAR,990.4,991.45,988.85,989.55,1761.0
2021-06-10 14:30:00,NSE:GOODYEAR,989.6,990.0,984.8,985.0,5223.0
2021-06-10 14:45:00,NSE:GOODYEAR,985.65,987.4,980.75,984.1,10297.0
2021-06-10 15:00:00,NSE:GOODYEAR,985.0,985.0,980.5,980.95,4865.0
2021-06-10 15:15:00,NSE:GOODYEAR,980.5,985.0,980.0,984.0,6897.0
2021-06-10 15:30:00,NSE:GOODYEAR,984.0,984.0,981.9,981.9,55.0
2021-06-11 09:00:00,NSE:GOODYEAR,987.0,987.0,987.0,987.0,4.0
2021-06-11 09:15:00,NSE:GOODYEAR,987.0,994.0,987.0,992.8,1691.0
2021-06-11 09:30:00,NSE:GOODYEAR,992.8,993.35,990.0,991.7,2252.0
2021-06-11 09:45:00,NSE:GOODYEAR,991.7,993.95,991.25,992.9,1480.0
2021-06-11 10:00:00,NSE:GOODYEAR,992.3,993.5,989.9,989.95,2639.0
2021-06-11 10:15:00,NSE:GOODYEAR,990.0,991.85,988.25,991.7,1200.0
2021-06-11 10:30:00,NSE:GOODYEAR,991.9,992.8,990.0,992.0,2543.0
2021-06-11 10:45:00,NSE:GOODYEAR,992.0,992.95,989.9,990.2,2826.0
2021-06-11 11:00:00,NSE:GOODYEAR,990.45,993.0,990.25,990.85,1981.0
2021-06-11 11:15:00,NSE:GOODYEAR,991.0,992.15,989.0,990.85,2915.0
2021-06-11 11:30:00,NSE:GOODYEAR,990.75,991.8,989.0,991.0,1555.0
2021-06-11 11:45:00,NSE:GOODYEAR,991.0,991.95,988.6,989.3,1225.0
2021-06-11 12:00:00,NSE:GOODYEAR,988.25,989.85,988.05,989.0,926.0
2021-06-11 12:15:00,NSE:GOODYEAR,989.0,989.0,988.05,989.0,800.0
2021-06-11 12:30:00,NSE:GOODYEAR,988.95,989.0,985.5,987.65,2094.0
2021-06-11 12:45:00,NSE:GOODYEAR,987.65,990.0,987.65,989.0,1050.0
2021-06-11 13:00:00,NSE:GOODYEAR,989.0,990.8,987.0,988.0,897.0
2021-06-11 13:15:00,NSE:GOODYEAR,988.0,988.15,986.9,987.95,1588.0
2021-06-11 13:30:00,NSE:GOODYEAR,987.95,988.0,986.6,987.95,686.0
2021-06-11 13:45:00,NSE:GOODYEAR,987.95,987.95,983.4,984.8,1230.0
2021-06-11 14:00:00,NSE:GOODYEAR,984.8,986.0,984.4,984.75,1630.0
2021-06-11 14:15:00,NSE:GOODYEAR,985.15,985.15,984.0,985.0,1059.0
2021-06-11 14:30:00,NSE:GOODYEAR,985.8,985.95,984.55,985.9,543.0
2021-06-11 14:45:00,NSE:GOODYEAR,985.6,985.95,985.3,985.95,768.0
2021-06-11 15:00:00,NSE:GOODYEAR,985.95,989.95,985.8,988.9,2540.0
2021-06-11 15:15:00,NSE:GOODYEAR,988.85,989.9,985.6,989.9,3001.0
2021-06-11 15:45:00,NSE:GOODYEAR,987.25,987.25,987.25,987.25,20.0
2021-06-14 09:00:00,NSE:GOODYEAR,994.7,994.7,994.7,994.7,195.0
2021-06-14 09:15:00,NSE:GOODYEAR,994.7,997.0,980.0,983.75,8322.0
2021-06-14 09:30:00,NSE:GOODYEAR,985.2,986.45,980.35,984.05,2529.0
2021-06-14 09:45:00,NSE:GOODYEAR,983.6,984.6,980.95,983.55,3681.0
2021-06-14 10:00:00,NSE:GOODYEAR,984.0,984.0,981.0,983.1,1401.0
2021-06-14 10:15:00,NSE:GOODYEAR,982.05,984.0,981.55,982.65,3224.0
2021-06-14 10:30:00,NSE:GOODYEAR,983.8,984.0,981.8,983.4,1889.0
2021-06-14 10:45:00,NSE:GOODYEAR,983.5,984.0,981.95,983.05,2206.0
2021-06-14 11:00:00,NSE:GOODYEAR,983.55,983.55,975.9,979.0,5384.0
2021-06-14 11:15:00,NSE:GOODYEAR,979.55,981.9,979.55,980.95,1685.0
2021-06-14 11:30:00,NSE:GOODYEAR,980.95,982.3,979.95,980.85,1645.0
2021-06-14 11:45:00,NSE:GOODYEAR,980.7,982.15,979.55,980.25,1062.0
2021-06-14 12:00:00,NSE:GOODYEAR,980.25,981.95,980.0,981.0,2814.0
2021-06-14 12:15:00,NSE:GOODYEAR,980.9,981.95,979.5,980.3,1303.0
2021-06-14 12:30:00,NSE:GOODYEAR,980.3,981.95,980.05,981.85,877.0
2021-06-14 12:45:00,NSE:GOODYEAR,981.85,983.2,980.35,981.0,1060.0
2021-06-14 13:00:00,NSE:GOODYEAR,981.0,982.85,979.6,981.0,4173.0
2021-06-14 13:15:00,NSE:GOODYEAR,981.0,982.9,979.85,981.5,2310.0
2021-06-14 13:30:00,NSE:GOODYEAR,982.7,982.85,981.45,981.95,670.0
2021-06-14 13:45:00,NSE:GOODYEAR,981.95,982.55,981.5,982.55,885.0
2021-06-14 14:00:00,NSE:GOODYEAR,982.55,985.0,982.5,983.25,2083.0
2021-06-14 14:15:00,NSE:GOODYEAR,983.8,984.0,980.5,982.05,2352.0
2021-06-14 14:30:00,NSE:GOODYEAR,983.35,983.7,982.05,982.6,1995.0
2021-06-14 14:45:00,NSE:GOODYEAR,983.5,983.75,980.85,981.1,1234.0
2021-06-14 15:00:00,NSE:GOODYEAR,981.2,982.6,981.1,981.35,1425.0
2021-06-14 15:15:00,NSE:GOODYEAR,981.4,981.8,979.5,980.95,6350.0
2021-06-14 15:30:00,NSE:GOODYEAR,980.95,980.95,980.6,980.6,60.0
2021-06-15 09:00:00,NSE:GOODYEAR,987.95,987.95,987.95,987.95,66.0
2021-06-15 09:15:00,NSE:GOODYEAR,983.0,989.0,983.0,988.4,3236.0
2021-06-15 09:30:00,NSE:GOODYEAR,989.0,992.45,988.0,988.15,3120.0
2021-06-15 09:45:00,NSE:GOODYEAR,988.65,991.9,988.2,991.0,4402.0
2021-06-15 10:00:00,NSE:GOODYEAR,991.0,997.95,990.15,994.7,9218.0
2021-06-15 10:15:00,NSE:GOODYEAR,993.25,994.75,991.95,994.4,1947.0
2021-06-15 10:30:00,NSE:GOODYEAR,994.4,994.75,991.9,994.45,1471.0
2021-06-15 10:45:00,NSE:GOODYEAR,993.7,994.7,991.4,993.0,2678.0
2021-06-15 11:00:00,NSE:GOODYEAR,993.0,994.05,992.0,993.05,2004.0
2021-06-15 11:15:00,NSE:GOODYEAR,992.95,993.5,990.5,992.9,2224.0
2021-06-15 11:30:00,NSE:GOODYEAR,992.9,993.85,992.05,992.6,1172.0
2021-06-15 11:45:00,NSE:GOODYEAR,992.6,993.35,991.15,993.2,1313.0
2021-06-15 12:00:00,NSE:GOODYEAR,993.2,995.55,992.35,995.0,2131.0
2021-06-15 12:15:00,NSE:GOODYEAR,995.0,995.95,993.75,995.0,1405.0
2021-06-15 12:30:00,NSE:GOODYEAR,995.0,995.0,989.75,990.7,2485.0
2021-06-15 12:45:00,NSE:GOODYEAR,990.5,995.9,990.5,995.0,2138.0
2021-06-15 13:00:00,NSE:GOODYEAR,995.0,995.45,992.0,993.6,1151.0
2021-06-15 13:15:00,NSE:GOODYEAR,992.8,993.95,991.25,991.6,1764.0
2021-06-15 13:30:00,NSE:GOODYEAR,991.6,991.95,988.0,990.95,3069.0
2021-06-15 13:45:00,NSE:GOODYEAR,989.95,990.55,987.7,990.55,1439.0
2021-06-15 14:00:00,NSE:GOODYEAR,988.6,996.0,988.6,995.05,2867.0
2021-06-15 14:15:00,NSE:GOODYEAR,995.05,995.95,990.15,990.65,3357.0
2021-06-15 14:30:00,NSE:GOODYEAR,990.65,992.85,990.15,990.45,2025.0
2021-06-15 14:45:00,NSE:GOODYEAR,991.25,991.4,990.45,991.2,936.0
2021-06-15 15:00:00,NSE:GOODYEAR,991.2,992.3,990.0,990.15,2400.0
2021-06-15 15:15:00,NSE:GOODYEAR,990.75,991.25,988.0,989.05,6634.0
2021-06-15 15:30:00,NSE:GOODYEAR,989.95,989.95,989.95,989.95,6.0
2021-06-16 09:00:00,NSE:GOODYEAR,994.0,994.0,994.0,994.0,125.0
2021-06-16 09:15:00,NSE:GOODYEAR,994.0,994.0,986.45,989.2,3126.0
2021-06-16 09:30:00,NSE:GOODYEAR,989.2,990.9,988.25,990.9,2545.0
2021-06-16 09:45:00,NSE:GOODYEAR,990.9,994.55,990.9,993.85,2770.0
2021-06-16 10:00:00,NSE:GOODYEAR,993.75,993.8,990.4,991.55,1684.0
2021-06-16 10:15:00,NSE:GOODYEAR,991.5,993.15,985.55,986.5,3677.0
2021-06-16 10:30:00,NSE:GOODYEAR,987.2,989.0,985.05,986.25,1007.0
2021-06-16 10:45:00,NSE:GOODYEAR,985.05,986.35,982.0,985.3,3034.0
2021-06-16 11:00:00,NSE:GOODYEAR,985.25,986.35,984.0,986.0,868.0
2021-06-16 11:15:00,NSE:GOODYEAR,986.0,986.35,984.0,985.05,545.0
2021-06-16 11:30:00,NSE:GOODYEAR,985.05,986.0,984.0,985.0,1039.0
2021-06-16 11:45:00,NSE:GOODYEAR,985.0,988.8,985.0,988.8,425.0
2021-06-16 12:00:00,NSE:GOODYEAR,988.9,989.0,987.15,987.5,899.0
2021-06-16 12:15:00,NSE:GOODYEAR,988.25,989.95,987.5,987.5,1427.0
2021-06-16 12:30:00,NSE:GOODYEAR,987.05,988.15,986.0,986.65,1699.0
2021-06-16 12:45:00,NSE:GOODYEAR,986.2,988.9,985.25,988.3,737.0
2021-06-16 13:00:00,NSE:GOODYEAR,987.1,988.7,986.85,987.3,544.0
2021-06-16 13:15:00,NSE:GOODYEAR,987.0,988.0,986.8,987.85,724.0
2021-06-16 13:30:00,NSE:GOODYEAR,987.85,987.9,983.85,985.5,1477.0
2021-06-16 13:45:00,NSE:GOODYEAR,985.5,988.8,985.5,988.0,779.0
2021-06-16 14:00:00,NSE:GOODYEAR,988.0,988.65,987.35,988.65,756.0
2021-06-16 14:15:00,NSE:GOODYEAR,988.65,988.75,987.55,988.3,1748.0
2021-06-16 14:30:00,NSE:GOODYEAR,988.9,988.9,988.25,988.7,718.0
2021-06-16 14:45:00,NSE:GOODYEAR,988.3,988.7,987.0,987.7,1522.0
2021-06-16 15:00:00,NSE:GOODYEAR,987.7,988.35,984.75,985.5,3942.0
2021-06-16 15:15:00,NSE:GOODYEAR,985.45,986.9,983.0,985.0,5582.0
2021-06-16 15:30:00,NSE:GOODYEAR,985.0,985.0,985.0,985.0,5.0
2021-06-16 15:45:00,NSE:GOODYEAR,985.2,985.2,985.2,985.2,8.0
2021-06-17 09:00:00,NSE:GOODYEAR,987.0,987.0,987.0,987.0,128.0
2021-06-17 09:15:00,NSE:GOODYEAR,985.0,985.0,980.25,983.1,2344.0
2021-06-17 09:30:00,NSE:GOODYEAR,983.15,986.0,981.6,984.4,3528.0
2021-06-17 09:45:00,NSE:GOODYEAR,985.15,985.15,984.0,984.0,1540.0
2021-06-17 10:00:00,NSE:GOODYEAR,984.65,985.0,984.0,984.95,1863.0
2021-06-17 10:15:00,NSE:GOODYEAR,984.95,985.25,984.3,984.3,1107.0
2021-06-17 10:30:00,NSE:GOODYEAR,984.7,985.1,982.65,985.0,2421.0
2021-06-17 10:45:00,NSE:GOODYEAR,985.0,985.0,983.15,983.15,690.0
2021-06-17 11:00:00,NSE:GOODYEAR,983.95,985.0,983.55,983.75,706.0
2021-06-17 11:15:00,NSE:GOODYEAR,983.75,984.0,982.65,982.7,1067.0
2021-06-17 11:30:00,NSE:GOODYEAR,982.7,985.15,982.55,984.5,1962.0
2021-06-17 11:45:00,NSE:GOODYEAR,984.45,984.5,982.25,982.85,887.0
2021-06-17 12:00:00,NSE:GOODYEAR,982.85,983.0,980.75,981.9,1719.0
2021-06-17 12:15:00,NSE:GOODYEAR,981.9,982.9,979.2,980.9,3804.0
2021-06-17 12:30:00,NSE:GOODYEAR,981.0,985.0,980.0,982.9,5365.0
2021-06-17 12:45:00,NSE:GOODYEAR,982.75,983.0,980.6,981.0,5043.0
2021-06-17 13:00:00,NSE:GOODYEAR,978.6,980.95,978.6,980.35,2262.0
2021-06-17 13:15:00,NSE:GOODYEAR,980.35,981.9,980.0,980.45,1461.0
2021-06-17 13:30:00,NSE:GOODYEAR,980.0,981.55,980.0,980.0,1982.0
2021-06-17 13:45:00,NSE:GOODYEAR,980.0,981.0,979.65,980.0,965.0
2021-06-17 14:00:00,NSE:GOODYEAR,980.0,980.05,977.9,978.55,3659.0
2021-06-17 14:15:00,NSE:GOODYEAR,979.0,979.8,977.05,978.05,1882.0
2021-06-17 14:30:00,NSE:GOODYEAR,978.95,979.0,977.5,977.95,640.0
2021-06-17 14:45:00,NSE:GOODYEAR,977.95,978.95,977.55,978.1,2850.0
2021-06-17 15:00:00,NSE:GOODYEAR,979.0,980.9,978.1,978.1,3207.0
2021-06-17 15:15:00,NSE:GOODYEAR,978.15,980.0,977.0,978.0,5899.0
2021-06-17 15:45:00,NSE:GOODYEAR,978.4,978.4,978.0,978.0,54.0
2021-06-18 09:00:00,NSE:GOODYEAR,987.0,987.0,987.0,987.0,147.0
2021-06-18 09:15:00,NSE:GOODYEAR,987.0,989.95,982.6,987.0,4178.0
2021-06-18 09:30:00,NSE:GOODYEAR,986.5,986.95,981.7,982.95,2558.0
2021-06-18 09:45:00,NSE:GOODYEAR,982.85,982.9,977.5,977.5,1169.0
2021-06-18 10:00:00,NSE:GOODYEAR,977.5,979.95,977.05,978.0,1545.0
2021-06-18 10:15:00,NSE:GOODYEAR,978.0,979.3,975.2,975.45,2709.0
2021-06-18 10:30:00,NSE:GOODYEAR,975.55,977.05,974.25,974.5,2599.0
2021-06-18 10:45:00,NSE:GOODYEAR,974.25,976.0,970.0,970.45,3956.0
2021-06-18 11:00:00,NSE:GOODYEAR,970.0,970.5,967.0,970.0,4310.0
2021-06-18 11:15:00,NSE:GOODYEAR,970.0,972.0,968.65,970.0,2226.0
2021-06-18 11:30:00,NSE:GOODYEAR,970.0,970.75,967.05,968.0,2728.0
2021-06-18 11:45:00,NSE:GOODYEAR,968.0,968.0,967.7,968.0,1942.0
2021-06-18 12:00:00,NSE:GOODYEAR,968.0,971.15,967.9,970.5,2410.0
2021-06-18 12:15:00,NSE:GOODYEAR,970.45,971.0,970.0,971.0,678.0
2021-06-18 12:30:00,NSE:GOODYEAR,971.0,972.35,970.45,971.65,1134.0
2021-06-18 12:45:00,NSE:GOODYEAR,971.65,972.85,969.35,969.35,1041.0
2021-06-18 13:00:00,NSE:GOODYEAR,969.95,970.0,969.05,969.2,717.0
2021-06-18 13:15:00,NSE:GOODYEAR,969.9,970.0,967.25,967.5,1772.0
2021-06-18 13:30:00,NSE:GOODYEAR,967.5,970.0,966.05,969.0,5567.0
2021-06-18 13:45:00,NSE:GOODYEAR,968.0,969.0,967.5,968.95,1396.0
2021-06-18 14:00:00,NSE:GOODYEAR,969.0,970.0,967.0,970.0,1058.0
2021-06-18 14:15:00,NSE:GOODYEAR,970.0,970.0,968.55,969.55,1240.0
2021-06-18 14:30:00,NSE:GOODYEAR,969.8,971.0,969.1,969.9,3293.0
2021-06-18 14:45:00,NSE:GOODYEAR,969.9,970.55,969.6,970.0,1479.0
2021-06-18 15:00:00,NSE:GOODYEAR,970.0,971.0,967.6,970.95,3184.0
2021-06-18 15:15:00,NSE:GOODYEAR,970.9,972.0,969.65,972.0,6487.0
2021-06-18 15:45:00,NSE:GOODYEAR,970.4,972.0,970.4,972.0,50.0
2021-06-21 09:00:00,NSE:GOODYEAR,978.0,978.0,978.0,978.0,225.0
2021-06-21 09:15:00,NSE:GOODYEAR,972.0,979.0,967.05,971.55,5480.0
2021-06-21 09:30:00,NSE:GOODYEAR,972.8,976.3,970.65,974.0,3615.0
2021-06-21 09:45:00,NSE:GOODYEAR,975.15,976.15,972.4,972.95,2011.0
2021-06-21 10:00:00,NSE:GOODYEAR,972.95,973.0,971.7,971.75,2139.0
2021-06-21 10:15:00,NSE:GOODYEAR,972.45,974.25,972.45,973.1,1034.0
2021-06-21 10:30:00,NSE:GOODYEAR,973.1,973.95,971.05,973.0,810.0
2021-06-21 10:45:00,NSE:GOODYEAR,973.0,974.0,973.0,974.0,433.0
2021-06-21 11:00:00,NSE:GOODYEAR,974.0,974.0,972.5,973.15,498.0
2021-06-21 11:15:00,NSE:GOODYEAR,973.4,973.6,970.6,971.9,647.0
2021-06-21 11:30:00,NSE:GOODYEAR,971.95,972.0,970.6,972.0,529.0
2021-06-21 11:45:00,NSE:GOODYEAR,972.0,972.0,971.8,972.0,312.0
2021-06-21 12:00:00,NSE:GOODYEAR,972.0,973.0,971.75,973.0,506.0
2021-06-21 12:15:00,NSE:GOODYEAR,973.0,973.0,973.0,973.0,456.0
2021-06-21 12:30:00,NSE:GOODYEAR,973.0,974.45,972.95,974.0,1891.0
2021-06-21 12:45:00,NSE:GOODYEAR,974.0,974.0,972.55,973.75,541.0
2021-06-21 13:00:00,NSE:GOODYEAR,973.7,973.8,973.5,973.7,473.0
2021-06-21 13:15:00,NSE:GOODYEAR,973.6,974.0,973.5,974.0,815.0
2021-06-21 13:30:00,NSE:GOODYEAR,974.0,974.25,973.6,974.0,609.0
2021-06-21 13:45:00,NSE:GOODYEAR,974.0,974.0,973.6,974.0,293.0
2021-06-21 14:00:00,NSE:GOODYEAR,973.65,974.0,973.0,974.0,996.0
2021-06-21 14:15:00,NSE:GOODYEAR,974.0,974.25,973.2,973.2,2299.0
2021-06-21 14:30:00,NSE:GOODYEAR,972.95,973.35,970.0,973.35,4532.0
2021-06-21 14:45:00,NSE:GOODYEAR,973.4,973.7,972.85,973.15,637.0
2021-06-21 15:00:00,NSE:GOODYEAR,973.0,974.0,971.65,973.0,2329.0
2021-06-21 15:15:00,NSE:GOODYEAR,973.9,974.0,973.0,974.0,2568.0
2021-06-21 15:45:00,NSE:GOODYEAR,973.75,973.75,973.75,973.75,3.0
2021-06-22 09:00:00,NSE:GOODYEAR,977.0,977.0,977.0,977.0,48.0
2021-06-22 09:15:00,NSE:GOODYEAR,980.0,984.45,979.95,980.0,2943.0
2021-06-22 09:30:00,NSE:GOODYEAR,980.05,983.0,980.05,982.0,516.0
2021-06-22 09:45:00,NSE:GOODYEAR,982.9,984.45,982.0,983.5,3136.0
2021-06-22 10:00:00,NSE:GOODYEAR,982.55,984.0,982.25,983.85,1037.0
2021-06-22 10:15:00,NSE:GOODYEAR,983.85,984.0,982.05,982.6,769.0
2021-06-22 10:30:00,NSE:GOODYEAR,983.3,984.2,982.75,982.9,738.0
2021-06-22 10:45:00,NSE:GOODYEAR,982.8,984.95,982.8,983.95,1500.0
2021-06-22 11:00:00,NSE:GOODYEAR,983.05,984.0,981.65,983.95,1057.0
2021-06-22 11:15:00,NSE:GOODYEAR,983.8,983.8,981.05,983.0,800.0
2021-06-22 11:30:00,NSE:GOODYEAR,983.0,983.0,981.05,982.95,367.0
2021-06-22 11:45:00,NSE:GOODYEAR,982.95,983.75,982.6,983.75,994.0
2021-06-22 12:00:00,NSE:GOODYEAR,983.95,984.0,983.05,984.0,663.0
2021-06-22 12:15:00,NSE:GOODYEAR,984.0,984.45,982.6,982.85,1306.0
2021-06-22 12:30:00,NSE:GOODYEAR,984.25,984.25,982.6,982.6,469.0
2021-06-22 12:45:00,NSE:GOODYEAR,984.0,984.25,982.6,983.95,511.0
2021-06-22 13:00:00,NSE:GOODYEAR,982.85,984.25,982.75,984.25,552.0
2021-06-22 13:15:00,NSE:GOODYEAR,984.25,984.75,984.0,984.75,1348.0
2021-06-22 13:30:00,NSE:GOODYEAR,984.75,984.9,984.0,984.8,3351.0
2021-06-22 13:45:00,NSE:GOODYEAR,984.8,985.0,984.05,984.05,1025.0
2021-06-22 14:00:00,NSE:GOODYEAR,984.95,984.95,984.1,984.95,196.0
2021-06-22 14:15:00,NSE:GOODYEAR,984.95,984.95,984.2,984.95,207.0
2021-06-22 14:30:00,NSE:GOODYEAR,984.95,984.95,982.0,983.25,2232.0
2021-06-22 14:45:00,NSE:GOODYEAR,983.25,983.25,982.0,982.85,487.0
2021-06-22 15:00:00,NSE:GOODYEAR,983.0,983.9,982.05,982.3,1244.0
2021-06-22 15:15:00,NSE:GOODYEAR,983.4,983.9,982.05,983.0,1516.0
2021-06-22 15:45:00,NSE:GOODYEAR,982.9,983.0,982.9,983.0,6.0
2021-06-23 09:00:00,NSE:GOODYEAR,987.95,987.95,987.95,987.95,36.0
2021-06-23 09:15:00,NSE:GOODYEAR,986.0,987.95,983.9,984.3,2253.0
2021-06-23 09:30:00,NSE:GOODYEAR,985.2,985.95,984.0,985.8,1800.0
2021-06-23 09:45:00,NSE:GOODYEAR,985.95,986.45,985.25,986.25,2239.0
2021-06-23 10:00:00,NSE:GOODYEAR,986.2,986.45,984.05,984.25,1455.0
2021-06-23 10:15:00,NSE:GOODYEAR,984.5,986.5,984.2,986.0,1154.0
2021-06-23 10:30:00,NSE:GOODYEAR,986.2,986.5,985.0,986.5,611.0
2021-06-23 10:45:00,NSE:GOODYEAR,986.75,986.9,985.35,986.45,1728.0
2021-06-23 11:00:00,NSE:GOODYEAR,986.45,986.85,985.85,986.0,979.0
2021-06-23 11:15:00,NSE:GOODYEAR,986.85,986.95,986.0,986.85,799.0
2021-06-23 11:30:00,NSE:GOODYEAR,986.85,986.9,985.85,986.9,1355.0
2021-06-23 11:45:00,NSE:GOODYEAR,986.9,986.9,985.35,985.35,840.0
2021-06-23 12:00:00,NSE:GOODYEAR,985.6,986.25,984.95,986.0,1591.0
2021-06-23 12:15:00,NSE:GOODYEAR,985.05,986.45,985.05,985.65,757.0
2021-06-23 12:30:00,NSE:GOODYEAR,985.95,986.45,985.35,986.05,516.0
2021-06-23 12:45:00,NSE:GOODYEAR,985.35,986.95,985.35,986.6,1576.0
2021-06-23 13:00:00,NSE:GOODYEAR,986.9,986.95,985.95,986.0,547.0
2021-06-23 13:15:00,NSE:GOODYEAR,986.0,986.0,984.5,985.2,1100.0
2021-06-23 13:30:00,NSE:GOODYEAR,985.2,986.0,985.0,986.0,1730.0
2021-06-23 13:45:00,NSE:GOODYEAR,986.0,987.0,984.0,986.8,3005.0
2021-06-23 14:00:00,NSE:GOODYEAR,986.85,986.85,985.35,986.45,966.0
2021-06-23 14:15:00,NSE:GOODYEAR,986.35,986.45,984.0,984.0,873.0
2021-06-23 14:30:00,NSE:GOODYEAR,984.0,984.95,984.0,984.05,861.0
2021-06-23 14:45:00,NSE:GOODYEAR,984.85,984.9,982.4,983.6,2915.0
2021-06-23 15:00:00,NSE:GOODYEAR,983.6,984.0,981.85,983.95,8162.0
2021-06-23 15:15:00,NSE:GOODYEAR,983.95,984.0,980.15,982.0,4024.0
2021-06-23 15:30:00,NSE:GOODYEAR,984.0,984.0,984.0,984.0,10.0
2021-06-23 15:45:00,NSE:GOODYEAR,983.2,983.2,983.2,983.2,1.0
2021-06-24 09:00:00,NSE:GOODYEAR,988.0,988.0,988.0,988.0,65.0
2021-06-24 09:15:00,NSE:GOODYEAR,988.0,989.0,985.5,987.0,2408.0
2021-06-24 09:30:00,NSE:GOODYEAR,986.9,988.95,986.75,988.8,778.0
2021-06-24 09:45:00,NSE:GOODYEAR,987.65,988.85,987.05,988.4,1151.0
2021-06-24 10:00:00,NSE:GOODYEAR,988.2,988.8,987.0,988.7,2296.0
2021-06-24 10:15:00,NSE:GOODYEAR,988.6,1004.0,988.0,1003.0,18272.0
2021-06-24 10:30:00,NSE:GOODYEAR,1002.9,1014.0,999.65,1011.45,14906.0
2021-06-24 10:45:00,NSE:GOODYEAR,1013.05,1020.0,1007.7,1016.55,21559.0
2021-06-24 11:00:00,NSE:GOODYEAR,1016.5,1019.0,1012.8,1012.85,10928.0
2021-06-24 11:15:00,NSE:GOODYEAR,1013.0,1014.0,1007.05,1011.8,5045.0
2021-06-24 11:30:00,NSE:GOODYEAR,1011.8,1014.55,1010.1,1011.3,3266.0
2021-06-24 11:45:00,NSE:GOODYEAR,1010.2,1012.85,1010.1,1011.3,1238.0
2021-06-24 12:00:00,NSE:GOODYEAR,1012.0,1013.0,1010.1,1013.0,2598.0
2021-06-24 12:15:00,NSE:GOODYEAR,1013.0,1015.0,1010.45,1015.0,4626.0
2021-06-24 12:30:00,NSE:GOODYEAR,1015.0,1015.0,1008.35,1011.75,3140.0
2021-06-24 12:45:00,NSE:GOODYEAR,1011.9,1011.95,1007.15,1009.65,2954.0
2021-06-24 13:00:00,NSE:GOODYEAR,1009.3,1012.5,1007.45,1010.2,1761.0
2021-06-24 13:15:00,NSE:GOODYEAR,1011.85,1013.6,1010.15,1012.9,1162.0
2021-06-24 13:30:00,NSE:GOODYEAR,1012.0,1013.4,1011.0,1013.0,1360.0
2021-06-24 13:45:00,NSE:GOODYEAR,1013.0,1013.0,1010.05,1010.05,2080.0
2021-06-24 14:00:00,NSE:GOODYEAR,1011.75,1011.8,1010.0,1011.0,1208.0
2021-06-24 14:15:00,NSE:GOODYEAR,1011.0,1011.0,1007.05,1008.0,3255.0
2021-06-24 14:30:00,NSE:GOODYEAR,1006.7,1009.4,1005.75,1009.4,2207.0
2021-06-24 14:45:00,NSE:GOODYEAR,1009.0,1012.6,1008.65,1012.0,2210.0
2021-06-24 15:00:00,NSE:GOODYEAR,1012.55,1017.0,1011.65,1016.9,9356.0
2021-06-24 15:15:00,NSE:GOODYEAR,1016.7,1017.0,1012.0,1013.6,9377.0
2021-06-24 15:45:00,NSE:GOODYEAR,1014.85,1014.85,1014.85,1014.85,75.0
2021-06-25 09:00:00,NSE:GOODYEAR,1031.45,1031.45,1031.45,1031.45,1528.0
2021-06-25 09:15:00,NSE:GOODYEAR,1025.15,1047.95,1024.95,1043.9,36860.0
2021-06-25 09:30:00,NSE:GOODYEAR,1043.95,1045.0,1040.0,1044.0,9546.0
2021-06-25 09:45:00,NSE:GOODYEAR,1044.95,1057.0,1044.0,1044.0,35264.0
2021-06-25 10:00:00,NSE:GOODYEAR,1043.0,1051.0,1035.0,1050.05,16955.0
2021-06-25 10:15:00,NSE:GOODYEAR,1050.05,1065.0,1045.95,1048.0,24411.0
2021-06-25 10:30:00,NSE:GOODYEAR,1048.85,1055.0,1047.4,1049.25,4326.0
2021-06-25 10:45:00,NSE:GOODYEAR,1049.0,1050.0,1046.05,1049.45,3857.0
2021-06-25 11:00:00,NSE:GOODYEAR,1048.3,1053.0,1047.7,1048.05,3374.0
2021-06-25 11:15:00,NSE:GOODYEAR,1049.0,1049.25,1044.75,1046.2,2853.0
2021-06-25 11:30:00,NSE:GOODYEAR,1047.45,1048.9,1046.4,1047.2,1575.0
2021-06-25 11:45:00,NSE:GOODYEAR,1047.0,1048.25,1045.8,1046.95,1305.0
2021-06-25 12:00:00,NSE:GOODYEAR,1047.3,1049.8,1045.8,1049.0,1316.0
2021-06-25 12:15:00,NSE:GOODYEAR,1049.0,1057.6,1047.65,1057.6,7449.0
2021-06-25 12:30:00,NSE:GOODYEAR,1059.0,1064.9,1056.35,1058.05,10539.0
2021-06-25 12:45:00,NSE:GOODYEAR,1058.0,1059.45,1054.1,1058.45,3141.0
2021-06-25 13:00:00,NSE:GOODYEAR,1058.0,1060.0,1057.0,1059.0,1954.0
2021-06-25 13:15:00,NSE:GOODYEAR,1059.0,1059.9,1053.15,1053.15,1615.0
2021-06-25 13:30:00,NSE:GOODYEAR,1052.4,1061.0,1050.05,1059.95,3129.0
2021-06-25 13:45:00,NSE:GOODYEAR,1058.7,1074.0,1051.85,1072.9,45305.0
2021-06-25 14:00:00,NSE:GOODYEAR,1072.9,1072.9,1056.0,1059.0,11966.0
2021-06-25 14:15:00,NSE:GOODYEAR,1059.8,1064.3,1055.0,1058.75,8902.0
2021-06-25 14:30:00,NSE:GOODYEAR,1059.4,1059.95,1055.0,1057.05,7663.0
2021-06-25 14:45:00,NSE:GOODYEAR,1057.0,1060.0,1055.15,1060.0,3722.0
2021-06-25 15:00:00,NSE:GOODYEAR,1059.0,1060.0,1055.5,1058.5,6023.0
2021-06-25 15:15:00,NSE:GOODYEAR,1060.0,1060.0,1055.0,1058.1,12638.0
2021-06-25 15:30:00,NSE:GOODYEAR,1057.0,1057.0,1057.0,1057.0,27.0
2021-06-28 09:00:00,NSE:GOODYEAR,1070.0,1070.0,1070.0,1070.0,818.0
2021-06-28 09:15:00,NSE:GOODYEAR,1072.0,1089.7,1068.05,1082.85,25312.0
2021-06-28 09:30:00,NSE:GOODYEAR,1083.0,1087.7,1071.0,1078.65,9208.0
2021-06-28 09:45:00,NSE:GOODYEAR,1078.45,1081.55,1075.0,1081.35,5864.0
2021-06-28 10:00:00,NSE:GOODYEAR,1080.6,1082.5,1076.4,1079.0,3058.0
2021-06-28 10:15:00,NSE:GOODYEAR,1079.95,1084.0,1078.05,1078.05,3823.0
2021-06-28 10:30:00,NSE:GOODYEAR,1079.2,1079.95,1073.0,1075.4,3267.0
2021-06-28 10:45:00,NSE:GOODYEAR,1076.0,1077.0,1073.65,1076.0,2835.0
2021-06-28 11:00:00,NSE:GOODYEAR,1076.35,1079.95,1075.8,1078.9,4008.0
2021-06-28 11:15:00,NSE:GOODYEAR,1079.0,1084.8,1079.0,1082.0,3284.0
2021-06-28 11:30:00,NSE:GOODYEAR,1081.3,1082.8,1078.8,1080.55,1991.0
2021-06-28 11:45:00,NSE:GOODYEAR,1080.55,1088.0,1076.1,1080.0,16022.0
2021-06-28 12:00:00,NSE:GOODYEAR,1079.45,1092.95,1075.75,1082.75,41214.0
2021-06-28 12:15:00,NSE:GOODYEAR,1082.85,1084.2,1069.1,1080.9,14514.0
2021-06-28 12:30:00,NSE:GOODYEAR,1081.8,1082.8,1078.85,1082.0,3313.0
2021-06-28 12:45:00,NSE:GOODYEAR,1081.95,1083.65,1079.05,1083.0,5634.0
2021-06-28 13:00:00,NSE:GOODYEAR,1083.0,1083.15,1079.15,1080.0,1188.0
2021-06-28 13:15:00,NSE:GOODYEAR,1080.05,1081.0,1079.55,1080.0,1126.0
2021-06-28 13:30:00,NSE:GOODYEAR,1080.05,1081.85,1079.0,1080.1,1291.0
2021-06-28 13:45:00,NSE:GOODYEAR,1080.1,1081.85,1078.25,1079.85,1675.0
2021-06-28 14:00:00,NSE:GOODYEAR,1080.05,1081.85,1079.8,1080.05,1006.0
2021-06-28 14:15:00,NSE:GOODYEAR,1080.1,1081.0,1078.2,1079.9,1307.0
2021-06-28 14:30:00,NSE:GOODYEAR,1079.9,1080.55,1078.0,1079.7,1610.0
2021-06-28 14:45:00,NSE:GOODYEAR,1079.7,1080.0,1077.3,1078.5,1721.0
2021-06-28 15:00:00,NSE:GOODYEAR,1078.0,1078.5,1074.65,1078.4,3554.0
2021-06-28 15:15:00,NSE:GOODYEAR,1078.4,1081.0,1078.15,1080.0,8783.0
2021-06-28 15:30:00,NSE:GOODYEAR,1080.0,1080.0,1078.75,1080.0,106.0
2021-06-29 09:00:00,NSE:GOODYEAR,1087.0,1087.0,1087.0,1087.0,190.0
2021-06-29 09:15:00,NSE:GOODYEAR,1087.0,1100.0,1081.35,1098.0,20626.0
2021-06-29 09:30:00,NSE:GOODYEAR,1097.4,1099.5,1087.0,1090.85,19537.0
2021-06-29 09:45:00,NSE:GOODYEAR,1090.65,1098.0,1090.65,1097.6,13567.0
2021-06-29 10:00:00,NSE:GOODYEAR,1097.6,1097.6,1093.1,1096.3,3166.0
2021-06-29 10:15:00,NSE:GOODYEAR,1096.45,1097.55,1093.15,1096.15,1953.0
2021-06-29 10:30:00,NSE:GOODYEAR,1097.0,1099.0,1095.5,1097.7,5804.0
2021-06-29 10:45:00,NSE:GOODYEAR,1097.7,1098.95,1095.05,1098.7,2267.0
2021-06-29 11:00:00,NSE:GOODYEAR,1098.7,1098.7,1096.1,1096.6,2454.0
2021-06-29 11:15:00,NSE:GOODYEAR,1097.0,1098.95,1095.0,1098.45,1688.0
2021-06-29 11:30:00,NSE:GOODYEAR,1098.0,1098.8,1096.5,1098.8,1342.0
2021-06-29 11:45:00,NSE:GOODYEAR,1098.9,1113.95,1098.3,1107.0,20272.0
2021-06-29 12:00:00,NSE:GOODYEAR,1107.0,1109.95,1105.0,1105.85,6043.0
2021-06-29 12:15:00,NSE:GOODYEAR,1102.1,1108.5,1102.0,1105.0,5970.0
2021-06-29 12:30:00,NSE:GOODYEAR,1105.0,1107.0,1104.0,1106.95,1537.0
2021-06-29 12:45:00,NSE:GOODYEAR,1106.3,1110.0,1106.0,1107.0,4474.0
2021-06-29 13:00:00,NSE:GOODYEAR,1106.0,1107.8,1103.25,1107.25,3172.0
2021-06-29 13:15:00,NSE:GOODYEAR,1107.45,1107.95,1100.0,1104.7,5536.0
2021-06-29 13:30:00,NSE:GOODYEAR,1104.95,1106.0,1103.5,1105.0,800.0
2021-06-29 13:45:00,NSE:GOODYEAR,1103.5,1105.55,1102.0,1104.15,2239.0
2021-06-29 14:00:00,NSE:GOODYEAR,1102.1,1104.0,1100.0,1101.15,3324.0
2021-06-29 14:15:00,NSE:GOODYEAR,1102.0,1103.8,1100.05,1101.7,3033.0
2021-06-29 14:30:00,NSE:GOODYEAR,1101.8,1107.0,1098.55,1104.35,6049.0
2021-06-29 14:45:00,NSE:GOODYEAR,1104.3,1104.35,1100.3,1103.45,1235.0
2021-06-29 15:00:00,NSE:GOODYEAR,1103.5,1105.0,1101.5,1103.0,3429.0
2021-06-29 15:15:00,NSE:GOODYEAR,1104.0,1109.6,1103.0,1109.0,6725.0
2021-06-29 15:30:00,NSE:GOODYEAR,1109.9,1109.9,1105.05,1105.05,57.0
2021-06-30 09:00:00,NSE:GOODYEAR,1113.9,1113.9,1113.9,1113.9,393.0
2021-06-30 09:15:00,NSE:GOODYEAR,1113.9,1123.8,1110.05,1121.0,16787.0
2021-06-30 09:30:00,NSE:GOODYEAR,1121.0,1125.0,1119.2,1124.55,10275.0
2021-06-30 09:45:00,NSE:GOODYEAR,1124.0,1129.0,1122.25,1125.7,6892.0
2021-06-30 10:00:00,NSE:GOODYEAR,1126.1,1130.0,1125.3,1126.85,4797.0
2021-06-30 10:15:00,NSE:GOODYEAR,1126.85,1128.55,1125.1,1125.2,2327.0
2021-06-30 10:30:00,NSE:GOODYEAR,1125.25,1128.9,1125.25,1128.45,2347.0
2021-06-30 10:45:00,NSE:GOODYEAR,1128.0,1129.95,1127.05,1129.0,2972.0
2021-06-30 11:00:00,NSE:GOODYEAR,1128.05,1139.5,1127.25,1136.25,16713.0
2021-06-30 11:15:00,NSE:GOODYEAR,1136.25,1144.0,1136.25,1137.1,17443.0
2021-06-30 11:30:00,NSE:GOODYEAR,1137.9,1137.9,1130.0,1135.0,6890.0
2021-06-30 11:45:00,NSE:GOODYEAR,1135.0,1135.7,1132.0,1134.1,1883.0
2021-06-30 12:00:00,NSE:GOODYEAR,1134.1,1137.65,1131.35,1131.35,3009.0
2021-06-30 12:15:00,NSE:GOODYEAR,1131.3,1132.0,1129.4,1130.2,2151.0
2021-06-30 12:30:00,NSE:GOODYEAR,1130.85,1131.65,1128.0,1129.5,2390.0
2021-06-30 12:45:00,NSE:GOODYEAR,1129.65,1130.0,1126.0,1128.0,2053.0
2021-06-30 13:00:00,NSE:GOODYEAR,1129.0,1130.0,1126.5,1126.5,1144.0
2021-06-30 13:15:00,NSE:GOODYEAR,1127.5,1128.75,1125.0,1127.0,2690.0
2021-06-30 13:30:00,NSE:GOODYEAR,1127.1,1128.1,1119.7,1122.9,3998.0
2021-06-30 13:45:00,NSE:GOODYEAR,1123.35,1126.3,1122.0,1124.85,3085.0
2021-06-30 14:00:00,NSE:GOODYEAR,1124.9,1124.9,1118.0,1119.3,5509.0
2021-06-30 14:15:00,NSE:GOODYEAR,1120.0,1120.0,1106.1,1110.0,8437.0
2021-06-30 14:30:00,NSE:GOODYEAR,1109.95,1110.0,1100.55,1101.25,5842.0
2021-06-30 14:45:00,NSE:GOODYEAR,1101.1,1109.9,1101.1,1106.5,4538.0
2021-06-30 15:00:00,NSE:GOODYEAR,1107.65,1109.9,1105.05,1107.15,5308.0
2021-06-30 15:15:00,NSE:GOODYEAR,1107.1,1110.0,1085.0,1102.0,19203.0
2021-06-30 15:30:00,NSE:GOODYEAR,1104.0,1104.0,1096.95,1096.95,151.0
2021-07-01 09:00:00,NSE:GOODYEAR,1118.0,1118.0,1118.0,1118.0,402.0
2021-07-01 09:15:00,NSE:GOODYEAR,1118.0,1127.55,1102.9,1102.9,13840.0
2021-07-01 09:30:00,NSE:GOODYEAR,1105.1,1117.85,1103.3,1117.0,10806.0
2021-07-01 09:45:00,NSE:GOODYEAR,1117.0,1135.0,1116.3,1120.45,27628.0
2021-07-01 10:00:00,NSE:GOODYEAR,1120.45,1122.6,1108.15,1115.85,6701.0
2021-07-01 10:15:00,NSE:GOODYEAR,1113.0,1122.0,1110.3,1118.0,3545.0
2021-07-01 10:30:00,NSE:GOODYEAR,1116.05,1121.65,1113.0,1114.45,3788.0
2021-07-01 10:45:00,NSE:GOODYEAR,1113.3,1114.4,1106.2,1113.85,3656.0
2021-07-01 11:00:00,NSE:GOODYEAR,1112.05,1114.85,1110.05,1110.9,2143.0
2021-07-01 11:15:00,NSE:GOODYEAR,1110.3,1115.55,1110.3,1115.55,1482.0
2021-07-01 11:30:00,NSE:GOODYEAR,1115.0,1115.0,1111.0,1111.95,948.0
2021-07-01 11:45:00,NSE:GOODYEAR,1113.0,1122.0,1112.0,1119.6,3985.0
2021-07-01 12:00:00,NSE:GOODYEAR,1119.45,1119.45,1116.0,1116.8,987.0
2021-07-01 12:15:00,NSE:GOODYEAR,1118.0,1118.95,1114.0,1114.0,718.0
2021-07-01 12:30:00,NSE:GOODYEAR,1112.5,1117.0,1111.0,1112.5,1676.0
2021-07-01 12:45:00,NSE:GOODYEAR,1112.1,1120.0,1112.1,1116.5,1612.0
2021-07-01 13:00:00,NSE:GOODYEAR,1115.7,1120.45,1115.05,1117.0,791.0
2021-07-01 13:15:00,NSE:GOODYEAR,1117.0,1119.95,1115.6,1116.0,2319.0
2021-07-01 13:30:00,NSE:GOODYEAR,1116.25,1119.95,1116.0,1117.3,1221.0
2021-07-01 13:45:00,NSE:GOODYEAR,1118.85,1119.0,1111.4,1113.35,4110.0
2021-07-01 14:00:00,NSE:GOODYEAR,1114.65,1119.0,1113.05,1117.2,2956.0
2021-07-01 14:15:00,NSE:GOODYEAR,1117.2,1118.8,1115.0,1117.5,2039.0
2021-07-01 14:30:00,NSE:GOODYEAR,1117.85,1121.95,1111.0,1112.75,7938.0
2021-07-01 14:45:00,NSE:GOODYEAR,1113.4,1118.3,1110.0,1116.45,3463.0
2021-07-01 15:00:00,NSE:GOODYEAR,1116.55,1119.0,1112.0,1119.0,3699.0
2021-07-01 15:15:00,NSE:GOODYEAR,1119.05,1121.0,1111.0,1119.0,10066.0
2021-07-01 15:30:00,NSE:GOODYEAR,1117.0,1117.0,1116.45,1116.45,166.0
2021-07-02 09:00:00,NSE:GOODYEAR,1120.0,1120.0,1120.0,1120.0,55.0
2021-07-02 09:15:00,NSE:GOODYEAR,1119.95,1129.0,1117.0,1125.0,6780.0
2021-07-02 09:30:00,NSE:GOODYEAR,1125.0,1127.9,1123.0,1123.45,3019.0
2021-07-02 09:45:00,NSE:GOODYEAR,1124.4,1126.15,1121.65,1123.65,1647.0
2021-07-02 10:00:00,NSE:GOODYEAR,1123.8,1126.95,1122.0,1126.0,1723.0
2021-07-02 10:15:00,NSE:GOODYEAR,1126.2,1126.2,1124.65,1125.7,712.0
2021-07-02 10:30:00,NSE:GOODYEAR,1124.7,1125.0,1121.2,1123.25,1773.0
2021-07-02 10:45:00,NSE:GOODYEAR,1122.1,1123.1,1117.0,1119.95,1205.0
2021-07-02 11:00:00,NSE:GOODYEAR,1119.3,1120.15,1117.0,1119.0,2172.0
2021-07-02 11:15:00,NSE:GOODYEAR,1119.0,1123.0,1119.0,1121.65,496.0
2021-07-02 11:30:00,NSE:GOODYEAR,1119.35,1122.5,1119.35,1121.0,708.0
2021-07-02 11:45:00,NSE:GOODYEAR,1121.0,1122.4,1120.0,1121.75,333.0
2021-07-02 12:00:00,NSE:GOODYEAR,1121.8,1121.8,1118.55,1120.85,2561.0
2021-07-02 12:15:00,NSE:GOODYEAR,1119.75,1125.0,1117.0,1117.85,3321.0
2021-07-02 12:30:00,NSE:GOODYEAR,1117.4,1121.35,1117.25,1120.1,1140.0
2021-07-02 12:45:00,NSE:GOODYEAR,1119.8,1120.0,1117.95,1119.9,2133.0
2021-07-02 13:00:00,NSE:GOODYEAR,1120.45,1120.45,1118.85,1119.55,2613.0
2021-07-02 13:15:00,NSE:GOODYEAR,1119.55,1120.05,1117.0,1118.5,552.0
2021-07-02 13:30:00,NSE:GOODYEAR,1118.7,1119.4,1117.95,1118.9,317.0
2021-07-02 13:45:00,NSE:GOODYEAR,1118.9,1122.05,1117.8,1119.15,1543.0
2021-07-02 14:00:00,NSE:GOODYEAR,1118.0,1120.4,1118.0,1120.2,558.0
2021-07-02 14:15:00,NSE:GOODYEAR,1120.2,1123.35,1119.0,1123.35,483.0
2021-07-02 14:30:00,NSE:GOODYEAR,1123.35,1124.0,1120.0,1121.35,1086.0
2021-07-02 14:45:00,NSE:GOODYEAR,1120.0,1121.65,1120.0,1121.15,727.0
2021-07-02 15:00:00,NSE:GOODYEAR,1121.55,1121.6,1119.3,1120.0,2305.0
2021-07-02 15:15:00,NSE:GOODYEAR,1120.0,1120.0,1117.0,1118.75,3041.0
2021-07-02 15:30:00,NSE:GOODYEAR,1119.15,1119.15,1119.15,1119.15,9.0
2021-07-05 09:00:00,NSE:GOODYEAR,1128.9,1128.9,1128.9,1128.9,63.0
2021-07-05 09:15:00,NSE:GOODYEAR,1128.9,1129.95,1120.1,1124.6,4326.0
2021-07-05 09:30:00,NSE:GOODYEAR,1124.95,1128.2,1121.45,1122.45,4306.0
2021-07-05 09:45:00,NSE:GOODYEAR,1122.2,1126.95,1121.9,1123.7,2038.0
2021-07-05 10:00:00,NSE:GOODYEAR,1123.7,1128.2,1122.0,1127.7,2766.0
2021-07-05 10:15:00,NSE:GOODYEAR,1127.0,1127.65,1125.0,1126.7,1168.0
2021-07-05 10:30:00,NSE:GOODYEAR,1126.15,1126.9,1124.0,1124.3,553.0
2021-07-05 10:45:00,NSE:GOODYEAR,1125.05,1125.55,1124.0,1125.55,1008.0
2021-07-05 11:00:00,NSE:GOODYEAR,1124.5,1125.55,1122.25,1122.3,756.0
2021-07-05 11:15:00,NSE:GOODYEAR,1123.5,1125.25,1122.05,1124.0,1078.0
2021-07-05 11:30:00,NSE:GOODYEAR,1124.65,1125.25,1123.0,1123.8,548.0
2021-07-05 11:45:00,NSE:GOODYEAR,1123.75,1124.35,1123.0,1123.25,760.0
2021-07-05 12:00:00,NSE:GOODYEAR,1124.15,1124.5,1123.05,1123.5,337.0
2021-07-05 12:15:00,NSE:GOODYEAR,1123.6,1126.1,1123.05,1123.3,1272.0
2021-07-05 12:30:00,NSE:GOODYEAR,1123.35,1125.6,1122.5,1122.5,1717.0
2021-07-05 12:45:00,NSE:GOODYEAR,1122.95,1124.9,1122.05,1123.5,481.0
2021-07-05 13:00:00,NSE:GOODYEAR,1124.4,1124.8,1123.15,1123.15,586.0
2021-07-05 13:15:00,NSE:GOODYEAR,1123.15,1124.45,1123.0,1124.4,407.0
2021-07-05 13:30:00,NSE:GOODYEAR,1124.4,1124.4,1122.75,1123.55,573.0
2021-07-05 13:45:00,NSE:GOODYEAR,1122.75,1126.2,1122.15,1122.15,2085.0
2021-07-05 14:00:00,NSE:GOODYEAR,1123.75,1124.6,1122.0,1124.3,773.0
2021-07-05 14:15:00,NSE:GOODYEAR,1124.4,1126.0,1123.7,1124.0,1322.0
2021-07-05 14:30:00,NSE:GOODYEAR,1124.85,1125.4,1122.5,1122.5,879.0
2021-07-05 14:45:00,NSE:GOODYEAR,1124.05,1124.05,1121.85,1122.0,1974.0
2021-07-05 15:00:00,NSE:GOODYEAR,1122.0,1122.95,1119.0,1121.0,3093.0
2021-07-05 15:15:00,NSE:GOODYEAR,1121.0,1126.9,1116.05,1121.1,6005.0
2021-07-05 15:30:00,NSE:GOODYEAR,1120.6,1120.6,1120.6,1120.6,5.0
2021-07-06 09:00:00,NSE:GOODYEAR,1119.0,1119.0,1119.0,1119.0,212.0
2021-07-06 09:15:00,NSE:GOODYEAR,1119.0,1125.15,1118.95,1124.95,4556.0
2021-07-06 09:30:00,NSE:GOODYEAR,1123.6,1128.3,1121.0,1128.0,2561.0
2021-07-06 09:45:00,NSE:GOODYEAR,1128.0,1128.0,1125.25,1126.0,2919.0
2021-07-06 10:00:00,NSE:GOODYEAR,1126.5,1127.4,1126.15,1127.0,1807.0
2021-07-06 10:15:00,NSE:GOODYEAR,1127.0,1128.95,1126.5,1127.05,1655.0
2021-07-06 10:30:00,NSE:GOODYEAR,1127.9,1128.0,1126.2,1127.4,1488.0
2021-07-06 10:45:00,NSE:GOODYEAR,1126.8,1128.0,1123.6,1124.0,3014.0
2021-07-06 11:00:00,NSE:GOODYEAR,1123.75,1127.95,1123.75,1126.25,3020.0
2021-07-06 11:15:00,NSE:GOODYEAR,1126.3,1127.85,1125.2,1127.0,449.0
2021-07-06 11:30:00,NSE:GOODYEAR,1127.8,1128.1,1127.0,1127.25,773.0
2021-07-06 11:45:00,NSE:GOODYEAR,1128.0,1138.0,1127.1,1135.45,5501.0
2021-07-06 12:00:00,NSE:GOODYEAR,1135.45,1139.0,1133.95,1136.5,4411.0
2021-07-06 12:15:00,NSE:GOODYEAR,1136.5,1136.5,1129.95,1131.3,2505.0
2021-07-06 12:30:00,NSE:GOODYEAR,1131.3,1133.0,1129.75,1132.9,1599.0
2021-07-06 12:45:00,NSE:GOODYEAR,1132.9,1140.0,1131.0,1137.0,6407.0
2021-07-06 13:00:00,NSE:GOODYEAR,1137.0,1137.95,1133.25,1136.0,904.0
2021-07-06 13:15:00,NSE:GOODYEAR,1136.5,1137.0,1135.0,1135.8,591.0
2021-07-06 13:30:00,NSE:GOODYEAR,1136.75,1136.75,1134.2,1136.6,1056.0
2021-07-06 13:45:00,NSE:GOODYEAR,1136.7,1137.0,1135.2,1136.8,614.0
2021-07-06 14:00:00,NSE:GOODYEAR,1136.8,1136.8,1136.0,1136.4,477.0
2021-07-06 14:15:00,NSE:GOODYEAR,1136.4,1136.95,1129.8,1130.0,2772.0
2021-07-06 14:30:00,NSE:GOODYEAR,1129.0,1130.0,1125.4,1127.3,2628.0
2021-07-06 14:45:00,NSE:GOODYEAR,1126.05,1130.0,1126.05,1129.25,1346.0
2021-07-06 15:00:00,NSE:GOODYEAR,1129.0,1130.0,1125.75,1130.0,1783.0
2021-07-06 15:15:00,NSE:GOODYEAR,1129.25,1130.0,1127.0,1129.0,3022.0
2021-07-06 15:45:00,NSE:GOODYEAR,1128.6,1129.0,1128.6,1129.0,25.0
2021-07-07 09:00:00,NSE:GOODYEAR,1128.6,1128.6,1128.6,1128.6,49.0
2021-07-07 09:15:00,NSE:GOODYEAR,1128.6,1137.15,1125.0,1135.45,3375.0
2021-07-07 09:30:00,NSE:GOODYEAR,1134.2,1136.95,1132.0,1136.9,2314.0
2021-07-07 09:45:00,NSE:GOODYEAR,1136.8,1136.8,1130.3,1130.8,1851.0
2021-07-07 10:00:00,NSE:GOODYEAR,1130.5,1132.0,1130.0,1131.15,987.0
2021-07-07 10:15:00,NSE:GOODYEAR,1130.0,1132.0,1130.0,1130.9,797.0
2021-07-07 10:30:00,NSE:GOODYEAR,1130.9,1133.0,1129.3,1132.0,1099.0
2021-07-07 10:45:00,NSE:GOODYEAR,1131.5,1132.45,1129.7,1131.0,672.0
2021-07-07 11:00:00,NSE:GOODYEAR,1131.8,1132.7,1130.0,1132.0,1167.0
2021-07-07 11:15:00,NSE:GOODYEAR,1132.0,1133.9,1131.4,1133.9,511.0
2021-07-07 11:30:00,NSE:GOODYEAR,1133.0,1133.9,1131.95,1132.55,444.0
2021-07-07 11:45:00,NSE:GOODYEAR,1134.0,1134.45,1131.95,1133.0,599.0
2021-07-07 12:00:00,NSE:GOODYEAR,1133.9,1134.4,1133.0,1134.0,595.0
2021-07-07 12:15:00,NSE:GOODYEAR,1134.0,1134.0,1133.5,1133.9,899.0
2021-07-07 12:30:00,NSE:GOODYEAR,1133.1,1133.9,1133.1,1133.6,820.0
2021-07-07 12:45:00,NSE:GOODYEAR,1133.8,1133.8,1131.05,1133.0,1396.0
2021-07-07 13:00:00,NSE:GOODYEAR,1131.65,1132.35,1131.0,1132.0,283.0
2021-07-07 13:15:00,NSE:GOODYEAR,1133.0,1133.0,1130.0,1133.0,1492.0
2021-07-07 13:30:00,NSE:GOODYEAR,1133.0,1133.0,1130.8,1133.0,452.0
2021-07-07 13:45:00,NSE:GOODYEAR,1133.0,1133.0,1131.7,1132.85,230.0
2021-07-07 14:00:00,NSE:GOODYEAR,1132.85,1133.3,1132.2,1132.5,1261.0
2021-07-07 14:15:00,NSE:GOODYEAR,1132.25,1134.0,1130.0,1131.2,2539.0
2021-07-07 14:30:00,NSE:GOODYEAR,1130.2,1131.1,1127.6,1127.9,1696.0
2021-07-07 14:45:00,NSE:GOODYEAR,1128.0,1131.85,1127.0,1131.0,1167.0
2021-07-07 15:00:00,NSE:GOODYEAR,1131.0,1135.0,1129.8,1132.9,2230.0
2021-07-07 15:15:00,NSE:GOODYEAR,1134.75,1134.75,1130.8,1132.0,2133.0
2021-07-07 15:30:00,NSE:GOODYEAR,1132.55,1132.55,1132.0,1132.0,70.0
2021-07-08 09:00:00,NSE:GOODYEAR,1140.0,1140.0,1140.0,1140.0,201.0
2021-07-08 09:15:00,NSE:GOODYEAR,1139.95,1149.0,1135.0,1141.45,11834.0
2021-07-08 09:30:00,NSE:GOODYEAR,1142.55,1143.7,1140.85,1142.9,4105.0
2021-07-08 09:45:00,NSE:GOODYEAR,1142.2,1144.8,1138.5,1138.5,3389.0
2021-07-08 10:00:00,NSE:GOODYEAR,1138.5,1141.95,1136.0,1140.15,1324.0
2021-07-08 10:15:00,NSE:GOODYEAR,1141.65,1144.55,1140.8,1142.0,2794.0
2021-07-08 10:30:00,NSE:GOODYEAR,1141.55,1142.35,1137.4,1139.65,2704.0
2021-07-08 10:45:00,NSE:GOODYEAR,1140.35,1143.0,1138.0,1142.0,980.0
2021-07-08 11:00:00,NSE:GOODYEAR,1141.25,1144.75,1141.25,1143.9,1572.0
2021-07-08 11:15:00,NSE:GOODYEAR,1143.9,1144.8,1143.0,1144.5,1397.0
2021-07-08 11:30:00,NSE:GOODYEAR,1144.45,1144.8,1142.2,1143.15,660.0
2021-07-08 11:45:00,NSE:GOODYEAR,1142.95,1143.15,1142.0,1142.2,525.0
2021-07-08 12:00:00,NSE:GOODYEAR,1143.0,1143.0,1138.65,1139.45,1289.0
2021-07-08 12:15:00,NSE:GOODYEAR,1139.5,1140.85,1138.5,1140.85,581.0
2021-07-08 12:30:00,NSE:GOODYEAR,1140.0,1141.0,1138.25,1139.95,1397.0
2021-07-08 12:45:00,NSE:GOODYEAR,1140.0,1141.7,1138.6,1139.65,600.0
2021-07-08 13:00:00,NSE:GOODYEAR,1140.2,1141.45,1138.05,1140.0,1114.0
2021-07-08 13:15:00,NSE:GOODYEAR,1139.85,1140.0,1138.0,1138.85,2485.0
2021-07-08 13:30:00,NSE:GOODYEAR,1139.05,1140.0,1138.0,1140.0,762.0
2021-07-08 13:45:00,NSE:GOODYEAR,1140.0,1140.0,1137.55,1137.55,2260.0
2021-07-08 14:00:00,NSE:GOODYEAR,1137.55,1137.55,1130.0,1134.0,3623.0
2021-07-08 14:15:00,NSE:GOODYEAR,1133.1,1135.65,1132.0,1135.0,1910.0
2021-07-08 14:30:00,NSE:GOODYEAR,1135.4,1137.7,1132.2,1134.3,1290.0
2021-07-08 14:45:00,NSE:GOODYEAR,1135.2,1138.75,1134.1,1137.1,1066.0
2021-07-08 15:00:00,NSE:GOODYEAR,1138.8,1142.1,1136.5,1141.0,2102.0
2021-07-08 15:15:00,NSE:GOODYEAR,1141.0,1142.45,1137.05,1139.3,3111.0
2021-07-08 15:30:00,NSE:GOODYEAR,1138.0,1140.1,1138.0,1140.1,30.0
2021-07-09 09:00:00,NSE:GOODYEAR,1148.45,1148.45,1148.45,1148.45,262.0
2021-07-09 09:15:00,NSE:GOODYEAR,1147.9,1147.9,1131.0,1138.7,6099.0
2021-07-09 09:30:00,NSE:GOODYEAR,1138.6,1143.05,1136.0,1139.0,1634.0
2021-07-09 09:45:00,NSE:GOODYEAR,1139.25,1140.0,1137.0,1138.05,1167.0
2021-07-09 10:00:00,NSE:GOODYEAR,1138.2,1143.5,1138.2,1142.1,1301.0
2021-07-09 10:15:00,NSE:GOODYEAR,1142.05,1142.1,1140.0,1142.0,524.0
2021-07-09 10:30:00,NSE:GOODYEAR,1142.0,1143.4,1140.4,1143.35,718.0
2021-07-09 10:45:00,NSE:GOODYEAR,1140.05,1142.25,1139.0,1140.8,1382.0
2021-07-09 11:00:00,NSE:GOODYEAR,1140.8,1141.0,1138.0,1138.75,331.0
2021-07-09 11:15:00,NSE:GOODYEAR,1138.8,1138.8,1136.6,1138.8,348.0
2021-07-09 11:30:00,NSE:GOODYEAR,1138.8,1140.4,1138.8,1140.4,339.0
2021-07-09 11:45:00,NSE:GOODYEAR,1140.0,1142.2,1138.1,1140.0,1503.0
2021-07-09 12:00:00,NSE:GOODYEAR,1140.0,1143.0,1138.9,1142.25,1432.0
2021-07-09 12:15:00,NSE:GOODYEAR,1143.0,1143.0,1134.95,1138.85,5389.0
2021-07-09 12:30:00,NSE:GOODYEAR,1138.35,1139.95,1136.2,1139.95,1280.0
2021-07-09 12:45:00,NSE:GOODYEAR,1139.9,1141.0,1136.45,1138.85,1230.0
2021-07-09 13:00:00,NSE:GOODYEAR,1138.8,1138.8,1137.25,1137.25,911.0
2021-07-09 13:15:00,NSE:GOODYEAR,1137.25,1137.45,1132.0,1134.3,2648.0
2021-07-09 13:30:00,NSE:GOODYEAR,1134.4,1137.0,1134.05,1135.05,1364.0
2021-07-09 13:45:00,NSE:GOODYEAR,1136.75,1137.9,1135.1,1135.85,421.0
2021-07-09 14:00:00,NSE:GOODYEAR,1136.55,1138.6,1136.0,1138.1,541.0
2021-07-09 14:15:00,NSE:GOODYEAR,1137.05,1138.9,1135.0,1138.0,1285.0
2021-07-09 14:30:00,NSE:GOODYEAR,1136.5,1138.6,1135.1,1137.4,1933.0
2021-07-09 14:45:00,NSE:GOODYEAR,1137.4,1137.6,1132.75,1134.0,2122.0
2021-07-09 15:00:00,NSE:GOODYEAR,1135.55,1136.65,1133.0,1133.0,1983.0
2021-07-09 15:15:00,NSE:GOODYEAR,1133.45,1137.0,1130.0,1137.0,4185.0
2021-07-09 15:45:00,NSE:GOODYEAR,1133.05,1133.05,1133.05,1133.05,3.0
2021-07-12 09:00:00,NSE:GOODYEAR,1153.0,1153.0,1153.0,1153.0,206.0
2021-07-12 09:15:00,NSE:GOODYEAR,1153.0,1158.0,1144.15,1151.0,9866.0
2021-07-12 09:30:00,NSE:GOODYEAR,1151.7,1156.95,1151.65,1153.0,3898.0
2021-07-12 09:45:00,NSE:GOODYEAR,1154.0,1157.95,1153.0,1155.05,2692.0
2021-07-12 10:00:00,NSE:GOODYEAR,1156.05,1159.85,1155.35,1158.95,2850.0
2021-07-12 10:15:00,NSE:GOODYEAR,1159.6,1159.75,1154.35,1155.0,2852.0
2021-07-12 10:30:00,NSE:GOODYEAR,1154.0,1154.8,1151.3,1154.8,2356.0
2021-07-12 10:45:00,NSE:GOODYEAR,1154.0,1158.0,1154.0,1157.3,882.0
2021-07-12 11:00:00,NSE:GOODYEAR,1156.0,1157.0,1153.75,1155.75,1090.0
2021-07-12 11:15:00,NSE:GOODYEAR,1155.0,1159.0,1154.65,1159.0,999.0
2021-07-12 11:30:00,NSE:GOODYEAR,1159.0,1159.0,1157.1,1158.45,1062.0
2021-07-12 11:45:00,NSE:GOODYEAR,1159.0,1159.0,1155.45,1156.85,1166.0
2021-07-12 12:00:00,NSE:GOODYEAR,1156.95,1159.0,1156.1,1158.0,929.0
2021-07-12 12:15:00,NSE:GOODYEAR,1157.8,1158.95,1155.75,1155.75,1006.0
2021-07-12 12:30:00,NSE:GOODYEAR,1157.5,1158.9,1156.55,1157.9,405.0
2021-07-12 12:45:00,NSE:GOODYEAR,1157.8,1158.9,1157.5,1158.0,943.0
2021-07-12 13:00:00,NSE:GOODYEAR,1157.85,1158.0,1154.35,1154.35,1858.0
2021-07-12 13:15:00,NSE:GOODYEAR,1154.25,1156.1,1152.15,1155.65,2062.0
2021-07-12 13:30:00,NSE:GOODYEAR,1155.65,1158.0,1155.65,1158.0,805.0
2021-07-12 13:45:00,NSE:GOODYEAR,1157.05,1159.0,1157.05,1157.6,2290.0
2021-07-12 14:00:00,NSE:GOODYEAR,1157.0,1159.0,1157.0,1158.0,670.0
2021-07-12 14:15:00,NSE:GOODYEAR,1157.85,1158.8,1156.7,1158.0,481.0
2021-07-12 14:30:00,NSE:GOODYEAR,1158.0,1164.0,1156.55,1158.0,6284.0
2021-07-12 14:45:00,NSE:GOODYEAR,1157.55,1160.0,1154.05,1158.35,4665.0
2021-07-12 15:00:00,NSE:GOODYEAR,1159.05,1160.0,1155.05,1160.0,6077.0
2021-07-12 15:15:00,NSE:GOODYEAR,1159.85,1165.5,1159.0,1165.45,6520.0
2021-07-12 15:30:00,NSE:GOODYEAR,1166.0,1166.0,1166.0,1166.0,50.0
2021-07-12 15:45:00,NSE:GOODYEAR,1160.8,1160.8,1160.8,1160.8,50.0
2021-07-13 09:00:00,NSE:GOODYEAR,1181.45,1181.45,1181.45,1181.45,326.0
2021-07-13 09:15:00,NSE:GOODYEAR,1181.45,1181.45,1170.7,1176.8,8994.0
2021-07-13 09:30:00,NSE:GOODYEAR,1176.6,1188.0,1175.5,1186.15,8708.0
2021-07-13 09:45:00,NSE:GOODYEAR,1186.45,1189.0,1178.0,1178.9,8798.0
2021-07-13 10:00:00,NSE:GOODYEAR,1178.9,1185.85,1178.05,1184.0,2453.0
2021-07-13 10:15:00,NSE:GOODYEAR,1184.0,1187.95,1183.0,1186.45,3743.0
2021-07-13 10:30:00,NSE:GOODYEAR,1188.0,1189.8,1185.75,1187.0,3381.0
2021-07-13 10:45:00,NSE:GOODYEAR,1188.25,1189.8,1186.0,1186.0,2700.0
2021-07-13 11:00:00,NSE:GOODYEAR,1186.95,1199.0,1186.0,1197.95,9750.0
2021-07-13 11:15:00,NSE:GOODYEAR,1198.45,1207.25,1196.1,1197.45,17705.0
2021-07-13 11:30:00,NSE:GOODYEAR,1197.8,1197.8,1192.0,1195.9,2704.0
2021-07-13 11:45:00,NSE:GOODYEAR,1194.75,1196.0,1193.05,1195.0,2162.0
2021-07-13 12:00:00,NSE:GOODYEAR,1193.9,1198.0,1193.9,1198.0,1510.0
2021-07-13 12:15:00,NSE:GOODYEAR,1197.9,1198.7,1193.65,1196.15,2818.0
2021-07-13 12:30:00,NSE:GOODYEAR,1196.15,1199.0,1192.85,1195.05,3638.0
2021-07-13 12:45:00,NSE:GOODYEAR,1194.9,1198.05,1193.55,1197.9,1447.0
2021-07-13 13:00:00,NSE:GOODYEAR,1196.25,1198.0,1195.7,1197.6,1268.0
2021-07-13 13:15:00,NSE:GOODYEAR,1197.0,1197.6,1194.9,1195.0,1785.0
2021-07-13 13:30:00,NSE:GOODYEAR,1194.0,1195.8,1193.0,1194.25,2199.0
2021-07-13 13:45:00,NSE:GOODYEAR,1193.85,1196.0,1193.0,1194.5,932.0
2021-07-13 14:00:00,NSE:GOODYEAR,1194.7,1197.35,1192.15,1196.0,4380.0
2021-07-13 14:15:00,NSE:GOODYEAR,1197.0,1207.0,1197.0,1201.55,9102.0
2021-07-13 14:30:00,NSE:GOODYEAR,1202.0,1218.0,1201.0,1215.65,15227.0
2021-07-13 14:45:00,NSE:GOODYEAR,1217.2,1225.7,1209.8,1213.0,19659.0
2021-07-13 15:00:00,NSE:GOODYEAR,1213.15,1226.95,1213.0,1221.05,20573.0
2021-07-13 15:15:00,NSE:GOODYEAR,1221.05,1237.5,1220.0,1228.0,24661.0
2021-07-13 15:30:00,NSE:GOODYEAR,1229.5,1229.5,1226.3,1226.3,20.0
2021-07-14 09:00:00,NSE:GOODYEAR,1233.8,1233.8,1233.8,1233.8,832.0
2021-07-14 09:15:00,NSE:GOODYEAR,1232.0,1245.0,1231.0,1238.0,21990.0
2021-07-14 09:30:00,NSE:GOODYEAR,1237.15,1248.4,1230.0,1248.4,14933.0
2021-07-14 09:45:00,NSE:GOODYEAR,1248.4,1256.95,1244.0,1255.0,16780.0
2021-07-14 10:00:00,NSE:GOODYEAR,1255.0,1258.8,1253.0,1255.0,9398.0
2021-07-14 10:15:00,NSE:GOODYEAR,1255.5,1257.0,1252.15,1255.0,7500.0
2021-07-14 10:30:00,NSE:GOODYEAR,1255.0,1269.0,1253.35,1262.5,21344.0
2021-07-14 10:45:00,NSE:GOODYEAR,1262.2,1274.9,1262.2,1273.85,18487.0
2021-07-14 11:00:00,NSE:GOODYEAR,1273.9,1273.9,1270.0,1271.95,9030.0
2021-07-14 11:15:00,NSE:GOODYEAR,1272.85,1287.0,1272.85,1285.7,25366.0
2021-07-14 11:30:00,NSE:GOODYEAR,1285.7,1297.0,1283.05,1294.45,24828.0
2021-07-14 11:45:00,NSE:GOODYEAR,1295.6,1309.95,1286.3,1291.45,47909.0
2021-07-14 12:00:00,NSE:GOODYEAR,1289.35,1297.0,1287.0,1287.45,14419.0
2021-07-14 12:15:00,NSE:GOODYEAR,1288.55,1296.5,1272.25,1295.0,41248.0
2021-07-14 12:30:00,NSE:GOODYEAR,1293.25,1294.0,1283.15,1284.0,8085.0
2021-07-14 12:45:00,NSE:GOODYEAR,1284.1,1293.95,1284.1,1288.0,8247.0
2021-07-14 13:00:00,NSE:GOODYEAR,1289.15,1295.5,1287.55,1295.5,4420.0
2021-07-14 13:15:00,NSE:GOODYEAR,1296.5,1298.0,1286.0,1288.0,9601.0
2021-07-14 13:30:00,NSE:GOODYEAR,1287.8,1290.05,1287.0,1287.0,4101.0
2021-07-14 13:45:00,NSE:GOODYEAR,1287.0,1289.3,1286.0,1289.3,2928.0
2021-07-14 14:00:00,NSE:GOODYEAR,1289.95,1290.3,1285.1,1286.05,2712.0
2021-07-14 14:15:00,NSE:GOODYEAR,1285.15,1285.95,1271.3,1276.0,11270.0
2021-07-14 14:30:00,NSE:GOODYEAR,1276.0,1280.0,1275.0,1276.95,9440.0
2021-07-14 14:45:00,NSE:GOODYEAR,1275.8,1285.0,1275.8,1280.25,11636.0
2021-07-14 15:00:00,NSE:GOODYEAR,1279.95,1282.0,1274.0,1279.5,10065.0
2021-07-14 15:15:00,NSE:GOODYEAR,1279.4,1292.8,1275.0,1279.1,13562.0
2021-07-14 15:45:00,NSE:GOODYEAR,1279.55,1279.55,1279.55,1279.55,1.0
2021-07-15 09:00:00,NSE:GOODYEAR,1298.0,1298.0,1298.0,1298.0,410.0
2021-07-15 09:15:00,NSE:GOODYEAR,1299.85,1329.8,1286.6,1321.5,29983.0
2021-07-15 09:30:00,NSE:GOODYEAR,1321.7,1327.0,1305.75,1321.1,22362.0
2021-07-15 09:45:00,NSE:GOODYEAR,1320.85,1322.9,1310.0,1316.75,13198.0
2021-07-15 10:00:00,NSE:GOODYEAR,1316.75,1317.2,1312.0,1315.0,5742.0
2021-07-15 10:15:00,NSE:GOODYEAR,1315.0,1318.0,1313.0,1315.1,3868.0
2021-07-15 10:30:00,NSE:GOODYEAR,1315.2,1321.8,1315.0,1317.0,5068.0
2021-07-15 10:45:00,NSE:GOODYEAR,1316.1,1322.9,1315.6,1320.55,5542.0
2021-07-15 11:00:00,NSE:GOODYEAR,1321.5,1321.9,1317.0,1317.6,3226.0
2021-07-15 11:15:00,NSE:GOODYEAR,1318.3,1318.95,1316.4,1317.25,3117.0
2021-07-15 11:30:00,NSE:GOODYEAR,1317.25,1317.9,1313.9,1314.55,3349.0
2021-07-15 11:45:00,NSE:GOODYEAR,1316.35,1317.9,1314.55,1316.35,1943.0
2021-07-15 12:00:00,NSE:GOODYEAR,1316.4,1316.75,1310.0,1311.15,3611.0
2021-07-15 12:15:00,NSE:GOODYEAR,1312.2,1313.85,1306.3,1308.7,3310.0
2021-07-15 12:30:00,NSE:GOODYEAR,1307.55,1318.0,1307.05,1313.6,4283.0
2021-07-15 12:45:00,NSE:GOODYEAR,1314.7,1315.45,1312.0,1312.0,2033.0
2021-07-15 13:00:00,NSE:GOODYEAR,1312.05,1315.0,1312.0,1314.5,1275.0
2021-07-15 13:15:00,NSE:GOODYEAR,1313.95,1314.95,1313.95,1314.0,735.0
2021-07-15 13:30:00,NSE:GOODYEAR,1314.65,1318.95,1314.3,1318.0,6965.0
2021-07-15 13:45:00,NSE:GOODYEAR,1318.45,1318.5,1314.15,1314.25,1875.0
2021-07-15 14:00:00,NSE:GOODYEAR,1314.25,1316.5,1314.0,1314.0,1835.0
2021-07-15 14:15:00,NSE:GOODYEAR,1314.0,1316.45,1314.0,1315.55,1277.0
2021-07-15 14:30:00,NSE:GOODYEAR,1315.55,1315.8,1314.0,1315.4,1202.0
2021-07-15 14:45:00,NSE:GOODYEAR,1314.2,1315.3,1305.2,1310.0,6418.0
2021-07-15 15:00:00,NSE:GOODYEAR,1310.85,1314.95,1309.0,1314.05,5458.0
2021-07-15 15:15:00,NSE:GOODYEAR,1314.0,1314.45,1291.05,1311.0,17121.0
2021-07-15 15:30:00,NSE:GOODYEAR,1304.7,1304.7,1304.7,1304.7,7.0
2021-07-16 09:00:00,NSE:GOODYEAR,1313.0,1313.0,1313.0,1313.0,278.0
2021-07-16 09:15:00,NSE:GOODYEAR,1313.0,1331.85,1313.0,1319.7,15833.0
2021-07-16 09:30:00,NSE:GOODYEAR,1319.05,1320.0,1315.0,1316.0,5385.0
2021-07-16 09:45:00,NSE:GOODYEAR,1315.85,1317.0,1310.0,1311.05,5472.0
2021-07-16 10:00:00,NSE:GOODYEAR,1312.05,1313.0,1265.3,1292.0,20959.0
2021-07-16 10:15:00,NSE:GOODYEAR,1293.35,1297.15,1280.1,1283.0,8176.0
2021-07-16 10:30:00,NSE:GOODYEAR,1282.95,1285.0,1281.0,1283.55,4189.0
2021-07-16 10:45:00,NSE:GOODYEAR,1283.5,1286.5,1282.25,1284.4,4567.0
2021-07-16 11:00:00,NSE:GOODYEAR,1285.35,1289.55,1284.0,1286.0,1990.0
2021-07-16 11:15:00,NSE:GOODYEAR,1286.0,1288.55,1286.0,1286.15,1554.0
2021-07-16 11:30:00,NSE:GOODYEAR,1286.1,1287.1,1281.1,1283.75,5702.0
2021-07-16 11:45:00,NSE:GOODYEAR,1283.7,1284.95,1277.55,1278.85,3742.0
2021-07-16 12:00:00,NSE:GOODYEAR,1278.05,1281.85,1276.45,1278.85,4492.0
2021-07-16 12:15:00,NSE:GOODYEAR,1280.0,1280.45,1275.0,1275.0,2435.0
2021-07-16 12:30:00,NSE:GOODYEAR,1275.0,1276.05,1265.1,1272.15,6164.0
2021-07-16 12:45:00,NSE:GOODYEAR,1273.35,1273.35,1267.05,1269.95,4651.0
2021-07-16 13:00:00,NSE:GOODYEAR,1270.0,1278.0,1270.0,1274.0,1986.0
2021-07-16 13:15:00,NSE:GOODYEAR,1274.95,1278.75,1274.05,1278.5,1213.0
2021-07-16 13:30:00,NSE:GOODYEAR,1278.0,1283.0,1278.0,1279.8,3811.0
2021-07-16 13:45:00,NSE:GOODYEAR,1279.1,1280.0,1275.05,1278.0,1393.0
2021-07-16 14:00:00,NSE:GOODYEAR,1276.1,1279.3,1276.1,1277.9,1200.0
2021-07-16 14:15:00,NSE:GOODYEAR,1277.95,1281.95,1275.1,1279.05,3885.0
2021-07-16 14:30:00,NSE:GOODYEAR,1279.0,1282.0,1278.0,1281.0,3809.0
2021-07-16 14:45:00,NSE:GOODYEAR,1280.3,1281.0,1277.0,1277.4,3507.0
2021-07-16 15:00:00,NSE:GOODYEAR,1278.0,1279.8,1272.15,1274.1,5637.0
2021-07-16 15:15:00,NSE:GOODYEAR,1272.8,1285.0,1270.0,1285.0,8513.0
2021-07-16 15:30:00,NSE:GOODYEAR,1282.15,1282.15,1276.3,1282.15,5.0
2021-07-19 09:00:00,NSE:GOODYEAR,1282.0,1282.0,1282.0,1282.0,1313.0
2021-07-19 09:15:00,NSE:GOODYEAR,1280.75,1280.75,1250.45,1272.0,19617.0
2021-07-19 09:30:00,NSE:GOODYEAR,1273.25,1284.8,1262.55,1266.85,11838.0
2021-07-19 09:45:00,NSE:GOODYEAR,1270.05,1278.95,1263.65,1265.5,8120.0
2021-07-19 10:00:00,NSE:GOODYEAR,1265.8,1274.4,1264.1,1266.6,4154.0
2021-07-19 10:15:00,NSE:GOODYEAR,1266.65,1269.2,1261.6,1264.0,2470.0
2021-07-19 10:30:00,NSE:GOODYEAR,1264.0,1264.0,1261.0,1262.35,2138.0
2021-07-19 10:45:00,NSE:GOODYEAR,1263.2,1269.5,1263.2,1264.2,1064.0
2021-07-19 11:00:00,NSE:GOODYEAR,1263.95,1267.6,1261.2,1266.7,2404.0
2021-07-19 11:15:00,NSE:GOODYEAR,1266.7,1267.5,1260.25,1263.95,2614.0
2021-07-19 11:30:00,NSE:GOODYEAR,1264.0,1264.75,1261.1,1262.95,1356.0
2021-07-19 11:45:00,NSE:GOODYEAR,1261.8,1267.25,1261.8,1265.15,1788.0
2021-07-19 12:00:00,NSE:GOODYEAR,1265.25,1265.25,1261.1,1264.0,2023.0
2021-07-19 12:15:00,NSE:GOODYEAR,1264.0,1265.0,1263.25,1264.0,882.0
2021-07-19 12:30:00,NSE:GOODYEAR,1263.5,1264.95,1262.0,1262.7,694.0
2021-07-19 12:45:00,NSE:GOODYEAR,1263.15,1264.1,1260.45,1261.9,1764.0
2021-07-19 13:00:00,NSE:GOODYEAR,1261.25,1263.9,1258.45,1263.9,3910.0
2021-07-19 13:15:00,NSE:GOODYEAR,1263.9,1264.75,1262.45,1264.75,444.0
2021-07-19 13:30:00,NSE:GOODYEAR,1264.6,1264.75,1262.0,1263.0,505.0
2021-07-19 13:45:00,NSE:GOODYEAR,1263.0,1263.55,1260.25,1262.05,786.0
2021-07-19 14:00:00,NSE:GOODYEAR,1262.0,1263.75,1261.0,1263.75,800.0
2021-07-19 14:15:00,NSE:GOODYEAR,1263.0,1263.7,1260.0,1262.0,1804.0
2021-07-19 14:30:00,NSE:GOODYEAR,1262.0,1262.0,1251.0,1256.7,8278.0
2021-07-19 14:45:00,NSE:GOODYEAR,1257.5,1258.0,1251.0,1253.5,2319.0
2021-07-19 15:00:00,NSE:GOODYEAR,1254.0,1256.25,1250.0,1254.25,5965.0
2021-07-19 15:15:00,NSE:GOODYEAR,1252.75,1254.0,1241.05,1250.0,10206.0
2021-07-19 15:30:00,NSE:GOODYEAR,1249.5,1249.5,1249.5,1249.5,1.0
2021-07-20 09:00:00,NSE:GOODYEAR,1250.0,1250.0,1250.0,1250.0,250.0
2021-07-20 09:15:00,NSE:GOODYEAR,1259.95,1259.95,1238.0,1243.0,10853.0
2021-07-20 09:30:00,NSE:GOODYEAR,1242.95,1242.95,1233.0,1233.0,7236.0
2021-07-20 09:45:00,NSE:GOODYEAR,1234.05,1234.8,1227.65,1230.0,5020.0
2021-07-20 10:00:00,NSE:GOODYEAR,1230.0,1231.75,1225.1,1228.5,4219.0
2021-07-20 10:15:00,NSE:GOODYEAR,1228.5,1228.85,1219.7,1221.75,8685.0
2021-07-20 10:30:00,NSE:GOODYEAR,1222.0,1223.15,1203.0,1205.85,10460.0
2021-07-20 10:45:00,NSE:GOODYEAR,1205.85,1209.55,1200.05,1205.35,6519.0
2021-07-20 11:00:00,NSE:GOODYEAR,1204.05,1205.25,1200.05,1204.0,2725.0
2021-07-20 11:15:00,NSE:GOODYEAR,1204.4,1208.9,1200.0,1207.65,5205.0
2021-07-20 11:30:00,NSE:GOODYEAR,1207.7,1217.45,1207.05,1213.1,2940.0
2021-07-20 11:45:00,NSE:GOODYEAR,1213.15,1228.65,1213.15,1221.05,7893.0
2021-07-20 12:00:00,NSE:GOODYEAR,1221.85,1223.4,1215.0,1215.0,2294.0
2021-07-20 12:15:00,NSE:GOODYEAR,1215.8,1216.0,1210.7,1212.9,1389.0
2021-07-20 12:30:00,NSE:GOODYEAR,1213.35,1226.0,1212.9,1221.9,2528.0
2021-07-20 12:45:00,NSE:GOODYEAR,1223.0,1224.15,1220.15,1223.75,1512.0
2021-07-20 13:00:00,NSE:GOODYEAR,1222.5,1226.85,1221.55,1224.5,4209.0
2021-07-20 13:15:00,NSE:GOODYEAR,1224.8,1228.7,1224.5,1227.0,3902.0
2021-07-20 13:30:00,NSE:GOODYEAR,1227.0,1228.0,1225.2,1226.5,1137.0
2021-07-20 13:45:00,NSE:GOODYEAR,1227.6,1230.85,1225.5,1230.85,1589.0
2021-07-20 14:00:00,NSE:GOODYEAR,1231.25,1234.0,1230.45,1231.95,2811.0
2021-07-20 14:15:00,NSE:GOODYEAR,1232.05,1232.5,1226.0,1231.05,1395.0
2021-07-20 14:30:00,NSE:GOODYEAR,1231.0,1232.0,1227.2,1228.45,1512.0
2021-07-20 14:45:00,NSE:GOODYEAR,1228.85,1231.0,1228.0,1230.95,2036.0
2021-07-20 15:00:00,NSE:GOODYEAR,1230.95,1231.0,1227.0,1227.2,4120.0
2021-07-20 15:15:00,NSE:GOODYEAR,1228.0,1231.0,1205.05,1228.0,8157.0
2021-07-20 15:30:00,NSE:GOODYEAR,1228.0,1228.0,1228.0,1228.0,8.0
2021-07-20 15:45:00,NSE:GOODYEAR,1223.25,1223.25,1223.25,1223.25,72.0
2021-07-22 09:00:00,NSE:GOODYEAR,1279.5,1279.5,1279.5,1279.5,1207.0
2021-07-22 09:15:00,NSE:GOODYEAR,1260.5,1265.7,1234.1,1246.1,8442.0
2021-07-22 09:30:00,NSE:GOODYEAR,1246.1,1256.65,1245.05,1254.45,5243.0
2021-07-22 09:45:00,NSE:GOODYEAR,1256.1,1257.55,1251.2,1251.45,4219.0
2021-07-22 10:00:00,NSE:GOODYEAR,1252.6,1253.35,1251.15,1252.0,2165.0
2021-07-22 10:15:00,NSE:GOODYEAR,1252.0,1252.9,1250.25,1251.25,1051.0
2021-07-22 10:30:00,NSE:GOODYEAR,1250.25,1252.6,1245.4,1250.6,3409.0
2021-07-22 10:45:00,NSE:GOODYEAR,1250.6,1251.7,1248.3,1249.9,1209.0
2021-07-22 11:00:00,NSE:GOODYEAR,1250.15,1255.0,1249.15,1254.0,1534.0
2021-07-22 11:15:00,NSE:GOODYEAR,1254.0,1254.4,1251.05,1251.35,338.0
2021-07-22 11:30:00,NSE:GOODYEAR,1252.4,1254.45,1251.3,1253.15,1212.0
2021-07-22 11:45:00,NSE:GOODYEAR,1252.85,1254.3,1251.5,1252.6,734.0
2021-07-22 12:00:00,NSE:GOODYEAR,1253.9,1255.65,1253.0,1255.0,1090.0
2021-07-22 12:15:00,NSE:GOODYEAR,1255.6,1257.5,1251.95,1253.8,2640.0
2021-07-22 12:30:00,NSE:GOODYEAR,1254.0,1254.0,1251.5,1253.0,834.0
2021-07-22 12:45:00,NSE:GOODYEAR,1254.0,1254.0,1251.75,1251.75,474.0
2021-07-22 13:00:00,NSE:GOODYEAR,1251.75,1255.5,1251.3,1251.55,1826.0
2021-07-22 13:15:00,NSE:GOODYEAR,1251.65,1254.35,1251.3,1253.8,1012.0
2021-07-22 13:30:00,NSE:GOODYEAR,1253.8,1253.8,1251.3,1252.4,1372.0
2021-07-22 13:45:00,NSE:GOODYEAR,1252.7,1253.8,1252.0,1252.6,691.0
2021-07-22 14:00:00,NSE:GOODYEAR,1252.6,1253.8,1252.15,1253.8,908.0
2021-07-22 14:15:00,NSE:GOODYEAR,1253.8,1253.8,1251.0,1251.0,1440.0
2021-07-22 14:30:00,NSE:GOODYEAR,1251.0,1253.8,1251.0,1252.1,2325.0
2021-07-22 14:45:00,NSE:GOODYEAR,1252.1,1253.8,1251.55,1253.8,1746.0
2021-07-22 15:00:00,NSE:GOODYEAR,1251.85,1253.8,1251.7,1253.8,2647.0
2021-07-22 15:15:00,NSE:GOODYEAR,1253.8,1253.8,1244.5,1253.8,5262.0
2021-07-22 15:30:00,NSE:GOODYEAR,1252.45,1252.45,1252.45,1252.45,5.0
2021-07-23 09:00:00,NSE:GOODYEAR,1264.0,1264.0,1264.0,1264.0,107.0
2021-07-23 09:15:00,NSE:GOODYEAR,1264.0,1270.75,1256.95,1257.65,7223.0
2021-07-23 09:30:00,NSE:GOODYEAR,1257.0,1261.65,1252.4,1258.0,5542.0
2021-07-23 09:45:00,NSE:GOODYEAR,1256.95,1264.95,1256.95,1261.15,1966.0
2021-07-23 10:00:00,NSE:GOODYEAR,1261.15,1263.75,1260.7,1263.3,1461.0
2021-07-23 10:15:00,NSE:GOODYEAR,1263.3,1264.95,1260.0,1260.05,1444.0
2021-07-23 10:30:00,NSE:GOODYEAR,1261.0,1265.0,1260.15,1260.4,1988.0
2021-07-23 10:45:00,NSE:GOODYEAR,1260.4,1263.1,1256.85,1259.0,1602.0
2021-07-23 11:00:00,NSE:GOODYEAR,1257.95,1260.0,1252.4,1255.0,2647.0
2021-07-23 11:15:00,NSE:GOODYEAR,1255.0,1255.7,1252.85,1255.2,559.0
2021-07-23 11:30:00,NSE:GOODYEAR,1255.45,1259.45,1255.45,1257.0,828.0
2021-07-23 11:45:00,NSE:GOODYEAR,1257.0,1259.85,1256.5,1257.75,793.0
2021-07-23 12:00:00,NSE:GOODYEAR,1258.0,1259.0,1256.35,1256.35,346.0
2021-07-23 12:15:00,NSE:GOODYEAR,1257.05,1258.0,1255.0,1256.15,372.0
2021-07-23 12:30:00,NSE:GOODYEAR,1256.15,1257.5,1250.45,1252.0,2690.0
2021-07-23 12:45:00,NSE:GOODYEAR,1252.0,1256.25,1252.0,1256.25,1127.0
2021-07-23 13:15:00,NSE:GOODYEAR,1256.55,1259.35,1256.55,1257.25,1049.0
2021-07-23 13:30:00,NSE:GOODYEAR,1257.25,1259.6,1256.15,1257.85,452.0
2021-07-23 13:45:00,NSE:GOODYEAR,1256.35,1259.35,1256.35,1258.05,231.0
2021-07-23 14:00:00,NSE:GOODYEAR,1259.35,1259.5,1257.55,1258.9,294.0
2021-07-23 14:15:00,NSE:GOODYEAR,1258.5,1258.95,1255.0,1255.9,461.0
2021-07-23 14:30:00,NSE:GOODYEAR,1255.8,1258.15,1255.0,1255.95,1728.0
2021-07-23 14:45:00,NSE:GOODYEAR,1255.95,1257.0,1254.6,1255.85,1330.0
2021-07-23 15:00:00,NSE:GOODYEAR,1256.0,1260.0,1254.6,1259.7,2447.0
2021-07-23 15:15:00,NSE:GOODYEAR,1259.8,1264.9,1253.75,1262.0,4698.0
2021-07-23 15:30:00,NSE:GOODYEAR,1258.0,1258.0,1258.0,1258.0,12.0
2021-07-23 15:45:00,NSE:GOODYEAR,1257.85,1257.85,1257.85,1257.85,2.0
2021-07-26 09:00:00,NSE:GOODYEAR,1274.0,1274.0,1274.0,1274.0,279.0
2021-07-26 09:15:00,NSE:GOODYEAR,1274.45,1275.0,1257.65,1269.6,9535.0
2021-07-26 09:30:00,NSE:GOODYEAR,1269.0,1269.8,1266.45,1266.5,3155.0
2021-07-26 09:45:00,NSE:GOODYEAR,1267.75,1269.55,1265.0,1269.2,1667.0
2021-07-26 10:00:00,NSE:GOODYEAR,1269.2,1269.2,1263.0,1264.55,3236.0
2021-07-26 10:15:00,NSE:GOODYEAR,1264.0,1267.95,1264.0,1266.05,432.0
2021-07-26 10:30:00,NSE:GOODYEAR,1266.05,1268.0,1262.15,1266.55,2887.0
2021-07-26 10:45:00,NSE:GOODYEAR,1267.15,1269.55,1265.7,1268.55,791.0
2021-07-26 11:00:00,NSE:GOODYEAR,1269.5,1269.8,1268.8,1269.75,1162.0
2021-07-26 11:15:00,NSE:GOODYEAR,1269.75,1269.8,1268.5,1268.55,1398.0
2021-07-26 11:30:00,NSE:GOODYEAR,1269.3,1269.8,1268.5,1268.95,666.0
2021-07-26 11:45:00,NSE:GOODYEAR,1268.95,1269.0,1268.0,1268.0,657.0
2021-07-26 12:00:00,NSE:GOODYEAR,1268.85,1268.85,1265.85,1268.0,643.0
2021-07-26 12:15:00,NSE:GOODYEAR,1268.0,1269.0,1268.0,1268.0,245.0
2021-07-26 12:30:00,NSE:GOODYEAR,1269.0,1269.25,1267.0,1268.5,1400.0
2021-07-26 12:45:00,NSE:GOODYEAR,1268.85,1269.8,1267.0,1268.0,246.0
2021-07-26 13:00:00,NSE:GOODYEAR,1268.0,1270.0,1267.9,1269.5,448.0
2021-07-26 13:15:00,NSE:GOODYEAR,1269.5,1269.5,1267.0,1267.0,846.0
2021-07-26 13:30:00,NSE:GOODYEAR,1267.1,1269.5,1267.1,1269.0,834.0
2021-07-26 13:45:00,NSE:GOODYEAR,1268.6,1269.7,1267.0,1267.0,848.0
2021-07-26 14:00:00,NSE:GOODYEAR,1267.3,1269.8,1267.0,1267.0,667.0
2021-07-26 14:15:00,NSE:GOODYEAR,1267.0,1270.0,1267.0,1269.4,1521.0
2021-07-26 14:30:00,NSE:GOODYEAR,1269.4,1269.4,1266.35,1268.5,539.0
2021-07-26 14:45:00,NSE:GOODYEAR,1269.0,1270.0,1266.55,1269.5,1568.0
2021-07-26 15:00:00,NSE:GOODYEAR,1269.9,1269.9,1267.15,1267.5,1475.0
2021-07-26 15:15:00,NSE:GOODYEAR,1267.5,1273.0,1267.2,1270.1,3936.0
2021-07-26 15:45:00,NSE:GOODYEAR,1269.25,1269.25,1269.25,1269.25,25.0
2021-07-27 09:00:00,NSE:GOODYEAR,1269.25,1269.25,1269.25,1269.25,290.0
2021-07-27 09:15:00,NSE:GOODYEAR,1269.25,1278.95,1269.2,1278.0,9337.0
2021-07-27 09:30:00,NSE:GOODYEAR,1278.0,1278.0,1276.0,1278.0,4692.0
2021-07-27 09:45:00,NSE:GOODYEAR,1277.95,1278.0,1276.0,1278.0,4434.0
2021-07-27 10:00:00,NSE:GOODYEAR,1278.0,1279.0,1276.25,1279.0,3943.0
2021-07-27 10:15:00,NSE:GOODYEAR,1279.05,1280.0,1276.0,1276.1,7349.0
2021-07-27 10:30:00,NSE:GOODYEAR,1275.35,1280.0,1273.4,1278.1,6218.0
2021-07-27 10:45:00,NSE:GOODYEAR,1276.35,1276.8,1272.0,1274.4,5068.0
2021-07-27 11:00:00,NSE:GOODYEAR,1274.95,1279.95,1274.9,1278.65,3141.0
2021-07-27 11:15:00,NSE:GOODYEAR,1278.65,1279.9,1276.45,1279.0,2313.0
2021-07-27 11:30:00,NSE:GOODYEAR,1279.0,1284.0,1278.05,1282.8,6027.0
2021-07-27 11:45:00,NSE:GOODYEAR,1281.65,1284.8,1278.7,1284.6,5445.0
2021-07-27 12:00:00,NSE:GOODYEAR,1283.9,1284.85,1280.8,1282.0,3020.0
2021-07-27 12:15:00,NSE:GOODYEAR,1282.0,1284.85,1281.0,1284.5,2088.0
2021-07-27 12:30:00,NSE:GOODYEAR,1284.5,1284.85,1281.4,1284.4,2577.0
2021-07-27 12:45:00,NSE:GOODYEAR,1283.5,1284.8,1281.65,1283.0,2968.0
2021-07-27 13:00:00,NSE:GOODYEAR,1282.25,1284.0,1272.0,1273.0,6847.0
2021-07-27 13:15:00,NSE:GOODYEAR,1273.45,1279.9,1273.45,1276.1,2849.0
2021-07-27 13:30:00,NSE:GOODYEAR,1276.0,1276.35,1272.05,1275.75,1280.0
2021-07-27 13:45:00,NSE:GOODYEAR,1276.35,1276.8,1273.0,1273.55,1911.0
2021-07-27 14:00:00,NSE:GOODYEAR,1273.55,1273.9,1269.05,1271.8,3201.0
2021-07-27 14:15:00,NSE:GOODYEAR,1271.8,1271.85,1267.35,1268.5,2370.0
2021-07-27 14:30:00,NSE:GOODYEAR,1268.5,1273.8,1267.5,1271.0,2791.0
2021-07-27 14:45:00,NSE:GOODYEAR,1272.15,1273.8,1270.0,1272.75,1595.0
2021-07-27 15:00:00,NSE:GOODYEAR,1275.45,1275.95,1270.0,1271.0,2339.0
2021-07-27 15:15:00,NSE:GOODYEAR,1270.05,1276.05,1269.1,1276.05,6770.0
2021-07-27 15:30:00,NSE:GOODYEAR,1271.35,1271.35,1271.35,1271.35,4.0
2021-07-28 09:00:00,NSE:GOODYEAR,1290.0,1290.0,1290.0,1290.0,231.0
2021-07-28 09:15:00,NSE:GOODYEAR,1285.0,1287.55,1273.0,1278.8,7712.0
2021-07-28 09:30:00,NSE:GOODYEAR,1278.0,1284.0,1277.1,1277.25,4710.0
2021-07-28 09:45:00,NSE:GOODYEAR,1277.25,1278.9,1275.0,1278.25,4171.0
2021-07-28 10:00:00,NSE:GOODYEAR,1278.05,1280.0,1277.0,1280.0,1796.0
2021-07-28 10:15:00,NSE:GOODYEAR,1280.0,1280.75,1274.55,1274.55,1720.0
2021-07-28 10:30:00,NSE:GOODYEAR,1275.95,1275.95,1268.0,1268.0,3336.0
2021-07-28 10:45:00,NSE:GOODYEAR,1268.0,1269.0,1262.2,1266.9,4949.0
2021-07-28 11:00:00,NSE:GOODYEAR,1267.55,1271.9,1266.0,1269.0,2194.0
2021-07-28 11:15:00,NSE:GOODYEAR,1269.0,1270.75,1268.0,1270.5,2582.0
2021-07-28 11:30:00,NSE:GOODYEAR,1270.5,1271.95,1266.5,1271.9,1152.0
2021-07-28 11:45:00,NSE:GOODYEAR,1270.6,1273.25,1270.6,1273.0,960.0
2021-07-28 12:00:00,NSE:GOODYEAR,1273.0,1277.65,1272.45,1277.65,1255.0
2021-07-28 12:15:00,NSE:GOODYEAR,1277.7,1278.0,1277.0,1278.0,487.0
2021-07-28 12:30:00,NSE:GOODYEAR,1277.0,1283.0,1277.0,1278.5,2701.0
2021-07-28 12:45:00,NSE:GOODYEAR,1278.8,1280.0,1278.5,1278.75,649.0
2021-07-28 13:00:00,NSE:GOODYEAR,1278.75,1280.0,1278.5,1280.0,810.0
2021-07-28 13:15:00,NSE:GOODYEAR,1278.5,1281.8,1278.5,1281.6,881.0
2021-07-28 13:30:00,NSE:GOODYEAR,1280.5,1283.65,1280.0,1283.65,1511.0
2021-07-28 13:45:00,NSE:GOODYEAR,1283.95,1283.95,1281.65,1281.65,5728.0
2021-07-28 14:00:00,NSE:GOODYEAR,1281.75,1283.9,1280.0,1281.0,1401.0
2021-07-28 14:15:00,NSE:GOODYEAR,1281.0,1281.05,1275.0,1275.85,934.0
2021-07-28 14:30:00,NSE:GOODYEAR,1276.9,1280.0,1274.75,1275.0,2176.0
2021-07-28 14:45:00,NSE:GOODYEAR,1275.0,1276.0,1273.55,1276.0,1974.0
2021-07-28 15:00:00,NSE:GOODYEAR,1275.1,1280.0,1275.1,1279.75,1708.0
2021-07-28 15:15:00,NSE:GOODYEAR,1279.55,1279.95,1276.0,1279.95,7025.0
2021-07-28 15:30:00,NSE:GOODYEAR,1278.6,1278.6,1278.6,1278.6,5.0
2021-07-29 09:00:00,NSE:GOODYEAR,1285.0,1285.0,1285.0,1285.0,65.0
2021-07-29 09:15:00,NSE:GOODYEAR,1287.35,1287.4,1278.1,1282.35,4478.0
2021-07-29 09:30:00,NSE:GOODYEAR,1282.95,1284.95,1279.95,1280.05,2805.0
2021-07-29 09:45:00,NSE:GOODYEAR,1280.05,1283.15,1279.0,1281.3,1947.0
2021-07-29 10:00:00,NSE:GOODYEAR,1281.4,1283.85,1280.0,1283.5,1497.0
2021-07-29 10:15:00,NSE:GOODYEAR,1283.0,1283.5,1279.25,1280.2,1464.0
2021-07-29 10:30:00,NSE:GOODYEAR,1279.25,1282.0,1279.25,1282.0,852.0
2021-07-29 10:45:00,NSE:GOODYEAR,1283.15,1283.15,1279.5,1280.05,1739.0
2021-07-29 11:00:00,NSE:GOODYEAR,1280.95,1281.0,1277.0,1279.8,2075.0
2021-07-29 11:15:00,NSE:GOODYEAR,1279.3,1280.0,1269.5,1272.95,4235.0
2021-07-29 11:30:00,NSE:GOODYEAR,1273.5,1274.9,1268.4,1268.6,2111.0
2021-07-29 11:45:00,NSE:GOODYEAR,1268.15,1270.85,1265.2,1270.85,4121.0
2021-07-29 12:00:00,NSE:GOODYEAR,1271.55,1277.55,1271.55,1272.3,3131.0
2021-07-29 12:15:00,NSE:GOODYEAR,1274.1,1275.1,1273.0,1273.0,551.0
2021-07-29 12:30:00,NSE:GOODYEAR,1273.15,1275.35,1273.0,1273.05,1024.0
2021-07-29 12:45:00,NSE:GOODYEAR,1274.1,1274.75,1273.0,1273.9,858.0
2021-07-29 13:00:00,NSE:GOODYEAR,1273.5,1274.7,1273.0,1273.2,185.0
2021-07-29 13:15:00,NSE:GOODYEAR,1274.35,1274.75,1273.0,1273.0,710.0
2021-07-29 13:30:00,NSE:GOODYEAR,1274.05,1274.35,1273.0,1273.45,687.0
2021-07-29 13:45:00,NSE:GOODYEAR,1273.45,1274.25,1268.0,1269.55,2419.0
2021-07-29 14:00:00,NSE:GOODYEAR,1267.95,1274.05,1266.0,1273.5,1902.0
2021-07-29 14:15:00,NSE:GOODYEAR,1273.5,1274.0,1270.7,1271.0,735.0
2021-07-29 14:30:00,NSE:GOODYEAR,1271.0,1271.15,1268.2,1270.55,2597.0
2021-07-29 14:45:00,NSE:GOODYEAR,1269.95,1271.15,1269.95,1270.55,885.0
2021-07-29 15:00:00,NSE:GOODYEAR,1270.55,1271.15,1265.0,1266.0,2325.0
2021-07-29 15:15:00,NSE:GOODYEAR,1266.6,1270.0,1256.0,1270.0,7412.0
2021-07-29 15:30:00,NSE:GOODYEAR,1270.0,1270.0,1263.75,1263.75,33.0
2021-07-30 09:00:00,NSE:GOODYEAR,1278.0,1278.0,1278.0,1278.0,35.0
2021-07-30 09:15:00,NSE:GOODYEAR,1278.0,1278.0,1264.9,1267.55,5537.0
2021-07-30 09:30:00,NSE:GOODYEAR,1266.75,1271.0,1266.75,1271.0,3770.0
2021-07-30 09:45:00,NSE:GOODYEAR,1271.0,1272.65,1268.5,1272.6,1537.0
2021-07-30 10:00:00,NSE:GOODYEAR,1272.6,1272.65,1265.0,1270.75,2313.0
2021-07-30 10:15:00,NSE:GOODYEAR,1269.25,1272.5,1269.25,1272.5,1315.0
2021-07-30 10:30:00,NSE:GOODYEAR,1272.5,1274.0,1272.4,1272.55,1796.0
2021-07-30 10:45:00,NSE:GOODYEAR,1273.7,1274.0,1264.85,1272.9,6862.0
2021-07-30 11:00:00,NSE:GOODYEAR,1272.9,1273.95,1270.2,1273.4,1351.0
2021-07-30 11:15:00,NSE:GOODYEAR,1273.0,1274.0,1270.0,1271.3,2780.0
2021-07-30 11:30:00,NSE:GOODYEAR,1271.3,1273.9,1270.0,1273.75,1063.0
2021-07-30 11:45:00,NSE:GOODYEAR,1273.1,1276.0,1273.1,1274.9,2868.0
2021-07-30 12:00:00,NSE:GOODYEAR,1275.0,1276.0,1272.2,1272.95,1408.0
2021-07-30 12:15:00,NSE:GOODYEAR,1274.3,1275.85,1272.65,1275.45,1182.0
2021-07-30 12:30:00,NSE:GOODYEAR,1275.9,1275.9,1270.0,1270.4,1724.0
2021-07-30 12:45:00,NSE:GOODYEAR,1271.85,1274.8,1271.3,1274.75,258.0
2021-07-30 13:00:00,NSE:GOODYEAR,1273.95,1274.65,1271.55,1274.0,1081.0
2021-07-30 13:15:00,NSE:GOODYEAR,1273.0,1274.0,1271.05,1272.85,1139.0
2021-07-30 13:30:00,NSE:GOODYEAR,1272.05,1274.75,1272.05,1273.0,686.0
2021-07-30 13:45:00,NSE:GOODYEAR,1273.0,1274.7,1272.0,1274.45,651.0
2021-07-30 14:00:00,NSE:GOODYEAR,1274.45,1274.7,1273.2,1274.0,480.0
2021-07-30 14:15:00,NSE:GOODYEAR,1273.05,1274.65,1271.35,1274.55,2871.0
2021-07-30 14:30:00,NSE:GOODYEAR,1274.55,1274.55,1272.6,1273.5,1046.0
2021-07-30 14:45:00,NSE:GOODYEAR,1273.5,1273.5,1269.0,1270.0,2270.0
2021-07-30 15:00:00,NSE:GOODYEAR,1270.5,1272.5,1265.4,1271.8,3768.0
2021-07-30 15:15:00,NSE:GOODYEAR,1269.95,1273.0,1268.6,1273.0,4128.0
2021-07-30 15:30:00,NSE:GOODYEAR,1270.1,1270.1,1270.1,1270.1,3.0
2021-08-02 09:00:00,NSE:GOODYEAR,1300.0,1300.0,1300.0,1300.0,2083.0
2021-08-02 09:15:00,NSE:GOODYEAR,1289.95,1295.0,1279.6,1288.9,13403.0
2021-08-02 09:30:00,NSE:GOODYEAR,1288.05,1294.0,1287.3,1294.0,12562.0
2021-08-02 09:45:00,NSE:GOODYEAR,1294.0,1294.7,1288.0,1292.95,6500.0
2021-08-02 10:00:00,NSE:GOODYEAR,1293.0,1293.0,1289.0,1291.0,4288.0
2021-08-02 10:15:00,NSE:GOODYEAR,1291.3,1292.5,1289.15,1292.4,3488.0
2021-08-02 10:30:00,NSE:GOODYEAR,1292.5,1293.0,1289.9,1292.0,3374.0
2021-08-02 10:45:00,NSE:GOODYEAR,1292.0,1294.8,1291.2,1294.8,4664.0
2021-08-02 11:00:00,NSE:GOODYEAR,1294.8,1294.8,1293.0,1294.35,2230.0
2021-08-02 11:15:00,NSE:GOODYEAR,1294.35,1294.35,1292.0,1293.5,2121.0
2021-08-02 11:30:00,NSE:GOODYEAR,1293.5,1293.8,1292.15,1293.0,898.0
2021-08-02 11:45:00,NSE:GOODYEAR,1292.6,1294.8,1292.4,1294.55,2389.0
2021-08-02 12:00:00,NSE:GOODYEAR,1294.55,1300.0,1294.55,1298.0,10270.0
2021-08-02 12:15:00,NSE:GOODYEAR,1299.0,1299.45,1295.0,1295.05,2687.0
2021-08-02 12:30:00,NSE:GOODYEAR,1295.0,1296.0,1294.45,1294.8,2022.0
2021-08-02 12:45:00,NSE:GOODYEAR,1294.8,1298.0,1294.5,1297.25,2958.0
2021-08-02 13:00:00,NSE:GOODYEAR,1296.2,1297.85,1296.2,1297.55,783.0
2021-08-02 13:15:00,NSE:GOODYEAR,1297.55,1297.55,1294.0,1295.2,1706.0
2021-08-02 13:30:00,NSE:GOODYEAR,1296.0,1298.0,1296.0,1297.6,1985.0
2021-08-02 13:45:00,NSE:GOODYEAR,1297.45,1298.0,1295.25,1296.5,1782.0
2021-08-02 14:00:00,NSE:GOODYEAR,1295.25,1297.0,1294.55,1295.9,1913.0
2021-08-02 14:15:00,NSE:GOODYEAR,1295.05,1296.55,1295.0,1296.0,2044.0
2021-08-02 14:30:00,NSE:GOODYEAR,1296.0,1297.0,1295.25,1297.0,3844.0
2021-08-02 14:45:00,NSE:GOODYEAR,1297.0,1297.0,1295.0,1296.4,4922.0
2021-08-02 15:00:00,NSE:GOODYEAR,1296.0,1299.0,1295.0,1299.0,7183.0
2021-08-02 15:15:00,NSE:GOODYEAR,1298.95,1304.8,1298.95,1304.0,14883.0
2021-08-02 15:30:00,NSE:GOODYEAR,1304.0,1304.0,1299.4,1304.0,16.0
2021-08-03 09:00:00,NSE:GOODYEAR,1311.0,1311.0,1311.0,1311.0,808.0
2021-08-03 09:15:00,NSE:GOODYEAR,1313.0,1314.8,1305.65,1309.0,20148.0
2021-08-03 09:30:00,NSE:GOODYEAR,1309.4,1313.0,1305.0,1310.4,8239.0
2021-08-03 09:45:00,NSE:GOODYEAR,1311.75,1313.0,1310.2,1310.75,3068.0
2021-08-03 10:00:00,NSE:GOODYEAR,1311.05,1313.0,1309.0,1312.0,2077.0
2021-08-03 10:15:00,NSE:GOODYEAR,1312.5,1312.5,1308.0,1308.9,3316.0
2021-08-03 10:30:00,NSE:GOODYEAR,1308.1,1310.0,1306.05,1308.55,4650.0
2021-08-03 10:45:00,NSE:GOODYEAR,1308.65,1310.0,1308.0,1309.4,1544.0
2021-08-03 11:00:00,NSE:GOODYEAR,1309.4,1309.4,1303.0,1304.0,8249.0
2021-08-03 11:15:00,NSE:GOODYEAR,1304.0,1304.0,1299.25,1301.55,3804.0
2021-08-03 11:30:00,NSE:GOODYEAR,1302.0,1302.0,1287.0,1287.95,9434.0
2021-08-03 11:45:00,NSE:GOODYEAR,1287.95,1293.55,1287.0,1293.0,4900.0
2021-08-03 12:00:00,NSE:GOODYEAR,1293.0,1299.95,1291.05,1293.35,5890.0
2021-08-03 12:15:00,NSE:GOODYEAR,1292.95,1297.45,1292.85,1295.95,890.0
2021-08-03 12:30:00,NSE:GOODYEAR,1297.45,1297.95,1294.0,1296.2,940.0
2021-08-03 12:45:00,NSE:GOODYEAR,1294.75,1295.1,1288.95,1290.0,2878.0
2021-08-03 13:00:00,NSE:GOODYEAR,1290.0,1296.0,1289.2,1295.55,2441.0
2021-08-03 13:15:00,NSE:GOODYEAR,1295.55,1301.0,1294.25,1301.0,4992.0
2021-08-03 13:30:00,NSE:GOODYEAR,1301.0,1305.0,1299.5,1300.0,4840.0
2021-08-03 13:45:00,NSE:GOODYEAR,1299.85,1300.45,1295.0,1295.65,3822.0
2021-08-03 14:00:00,NSE:GOODYEAR,1295.65,1300.0,1295.65,1300.0,1984.0
2021-08-03 14:15:00,NSE:GOODYEAR,1299.95,1300.0,1297.15,1297.9,4120.0
2021-08-03 14:30:00,NSE:GOODYEAR,1297.5,1300.55,1297.5,1297.95,3670.0
2021-08-03 14:45:00,NSE:GOODYEAR,1298.5,1300.0,1297.0,1297.4,5167.0
2021-08-03 15:00:00,NSE:GOODYEAR,1297.4,1299.95,1288.9,1290.0,13514.0
2021-08-03 15:15:00,NSE:GOODYEAR,1290.0,1299.25,1290.0,1297.0,14445.0
2021-08-03 15:30:00,NSE:GOODYEAR,1295.6,1295.6,1295.4,1295.4,235.0
2021-08-04 09:00:00,NSE:GOODYEAR,1160.0,1160.0,1160.0,1160.0,2074.0
2021-08-04 09:15:00,NSE:GOODYEAR,1179.5,1224.8,1179.5,1199.95,48454.0
2021-08-04 09:30:00,NSE:GOODYEAR,1198.8,1199.9,1192.0,1193.0,11236.0
2021-08-04 09:45:00,NSE:GOODYEAR,1192.1,1204.0,1187.45,1203.45,10684.0
2021-08-04 10:00:00,NSE:GOODYEAR,1203.0,1203.0,1195.5,1198.5,6359.0
2021-08-04 10:15:00,NSE:GOODYEAR,1200.0,1203.9,1199.05,1203.0,5952.0
2021-08-04 10:30:00,NSE:GOODYEAR,1202.9,1208.0,1202.0,1206.0,4905.0
2021-08-04 10:45:00,NSE:GOODYEAR,1205.0,1206.0,1200.6,1201.6,3853.0
2021-08-04 11:00:00,NSE:GOODYEAR,1200.0,1202.0,1198.3,1200.55,2672.0
2021-08-04 11:15:00,NSE:GOODYEAR,1200.45,1200.55,1195.2,1197.4,2165.0
2021-08-04 11:30:00,NSE:GOODYEAR,1198.0,1199.0,1195.0,1198.1,2775.0
2021-08-04 11:45:00,NSE:GOODYEAR,1198.1,1198.1,1189.0,1192.0,7291.0
2021-08-04 12:00:00,NSE:GOODYEAR,1192.0,1194.55,1191.4,1193.55,1736.0
2021-08-04 12:15:00,NSE:GOODYEAR,1193.65,1195.6,1192.55,1195.0,1510.0
2021-08-04 12:30:00,NSE:GOODYEAR,1194.5,1196.6,1194.0,1196.0,1731.0
2021-08-04 12:45:00,NSE:GOODYEAR,1196.0,1197.5,1195.2,1196.4,1412.0
2021-08-04 13:00:00,NSE:GOODYEAR,1196.4,1197.5,1195.4,1196.0,2877.0
2021-08-04 13:15:00,NSE:GOODYEAR,1196.15,1197.4,1195.0,1195.55,1374.0
2021-08-04 13:30:00,NSE:GOODYEAR,1195.4,1197.0,1194.0,1196.0,1858.0
2021-08-04 13:45:00,NSE:GOODYEAR,1195.0,1196.9,1195.0,1195.0,994.0
2021-08-04 14:00:00,NSE:GOODYEAR,1195.0,1195.95,1194.0,1195.95,871.0
2021-08-04 14:15:00,NSE:GOODYEAR,1195.95,1196.0,1192.0,1194.1,9857.0
2021-08-04 14:30:00,NSE:GOODYEAR,1194.1,1194.25,1189.0,1192.95,4881.0
2021-08-04 14:45:00,NSE:GOODYEAR,1193.25,1194.95,1192.9,1194.0,1524.0
2021-08-04 15:00:00,NSE:GOODYEAR,1193.25,1194.9,1187.0,1190.1,5822.0
2021-08-04 15:15:00,NSE:GOODYEAR,1191.0,1199.0,1181.4,1198.9,11376.0
2021-08-04 15:30:00,NSE:GOODYEAR,1189.65,1189.65,1189.65,1189.65,10.0
2021-08-05 09:00:00,NSE:GOODYEAR,1199.8,1199.8,1199.8,1199.8,503.0
2021-08-05 09:15:00,NSE:GOODYEAR,1199.0,1199.0,1154.9,1154.9,15697.0
2021-08-05 09:30:00,NSE:GOODYEAR,1154.7,1157.5,1145.0,1153.1,10648.0
2021-08-05 09:45:00,NSE:GOODYEAR,1153.15,1157.75,1151.05,1155.35,2261.0
2021-08-05 10:00:00,NSE:GOODYEAR,1155.35,1155.65,1150.0,1152.4,3253.0
2021-08-05 10:15:00,NSE:GOODYEAR,1153.2,1155.3,1151.15,1152.3,2168.0
2021-08-05 10:30:00,NSE:GOODYEAR,1152.35,1152.4,1150.05,1150.85,1518.0
2021-08-05 10:45:00,NSE:GOODYEAR,1150.8,1152.4,1150.0,1151.35,1043.0
2021-08-05 11:00:00,NSE:GOODYEAR,1150.9,1153.0,1150.4,1151.4,873.0
2021-08-05 11:15:00,NSE:GOODYEAR,1151.05,1153.0,1150.95,1152.45,697.0
2021-08-05 11:30:00,NSE:GOODYEAR,1151.7,1154.0,1151.0,1154.0,1489.0
2021-08-05 11:45:00,NSE:GOODYEAR,1154.0,1155.0,1153.65,1154.85,816.0
2021-08-05 12:00:00,NSE:GOODYEAR,1154.85,1155.65,1153.85,1155.65,528.0
2021-08-05 12:15:00,NSE:GOODYEAR,1155.65,1162.0,1155.65,1160.0,3962.0
2021-08-05 12:30:00,NSE:GOODYEAR,1159.15,1162.0,1156.3,1156.95,1040.0
2021-08-05 12:45:00,NSE:GOODYEAR,1157.0,1161.25,1157.0,1160.0,1077.0
2021-08-05 13:00:00,NSE:GOODYEAR,1159.35,1159.95,1155.2,1157.1,1875.0
2021-08-05 13:15:00,NSE:GOODYEAR,1157.1,1157.8,1155.0,1156.05,388.0
2021-08-05 13:30:00,NSE:GOODYEAR,1156.0,1157.0,1155.0,1157.0,288.0
2021-08-05 13:45:00,NSE:GOODYEAR,1157.6,1158.05,1154.0,1156.2,1793.0
2021-08-05 14:00:00,NSE:GOODYEAR,1156.25,1156.3,1154.0,1154.95,471.0
2021-08-05 14:15:00,NSE:GOODYEAR,1155.0,1160.7,1155.0,1157.25,5036.0
2021-08-05 14:30:00,NSE:GOODYEAR,1157.9,1160.0,1157.25,1158.75,739.0
2021-08-05 14:45:00,NSE:GOODYEAR,1158.05,1158.8,1157.3,1158.2,383.0
2021-08-05 15:00:00,NSE:GOODYEAR,1158.2,1158.9,1152.7,1153.75,4193.0
2021-08-05 15:15:00,NSE:GOODYEAR,1154.5,1157.85,1150.65,1154.0,4624.0
2021-08-05 15:30:00,NSE:GOODYEAR,1155.25,1155.25,1155.25,1155.25,1.0
2021-08-06 09:00:00,NSE:GOODYEAR,1150.0,1150.0,1150.0,1150.0,180.0
2021-08-06 09:15:00,NSE:GOODYEAR,1145.2,1146.85,1137.2,1139.4,6672.0
2021-08-06 09:30:00,NSE:GOODYEAR,1139.85,1143.5,1132.5,1133.15,6805.0
2021-08-06 09:45:00,NSE:GOODYEAR,1133.6,1135.85,1125.3,1126.0,10414.0
2021-08-06 10:00:00,NSE:GOODYEAR,1126.0,1128.5,1124.25,1128.0,3887.0
2021-08-06 10:15:00,NSE:GOODYEAR,1128.0,1128.0,1125.0,1125.85,1952.0
2021-08-06 10:30:00,NSE:GOODYEAR,1125.0,1126.55,1121.0,1124.15,2947.0
2021-08-06 10:45:00,NSE:GOODYEAR,1122.9,1124.5,1120.0,1120.1,3552.0
2021-08-06 11:00:00,NSE:GOODYEAR,1121.0,1123.5,1120.2,1122.05,1187.0
2021-08-06 11:15:00,NSE:GOODYEAR,1122.8,1123.5,1121.0,1122.7,1424.0
2021-08-06 11:30:00,NSE:GOODYEAR,1122.75,1124.0,1121.05,1124.0,1766.0
2021-08-06 11:45:00,NSE:GOODYEAR,1124.0,1125.75,1122.4,1123.05,996.0
2021-08-06 12:00:00,NSE:GOODYEAR,1124.25,1128.0,1123.95,1128.0,1133.0
2021-08-06 12:15:00,NSE:GOODYEAR,1127.0,1128.9,1126.2,1128.0,518.0
2021-08-06 12:30:00,NSE:GOODYEAR,1129.3,1129.8,1126.5,1128.0,1306.0
2021-08-06 12:45:00,NSE:GOODYEAR,1128.0,1128.65,1126.0,1126.75,312.0
2021-08-06 13:00:00,NSE:GOODYEAR,1126.05,1126.9,1125.2,1126.0,824.0
2021-08-06 13:15:00,NSE:GOODYEAR,1125.35,1126.7,1124.0,1124.85,959.0
2021-08-06 13:30:00,NSE:GOODYEAR,1125.0,1130.0,1124.0,1129.0,1027.0
2021-08-06 13:45:00,NSE:GOODYEAR,1129.0,1131.3,1126.25,1128.8,1578.0
2021-08-06 14:00:00,NSE:GOODYEAR,1129.0,1129.0,1125.8,1126.45,570.0
2021-08-06 14:15:00,NSE:GOODYEAR,1126.3,1127.15,1125.3,1126.15,655.0
2021-08-06 14:30:00,NSE:GOODYEAR,1127.0,1127.45,1125.25,1126.0,554.0
2021-08-06 14:45:00,NSE:GOODYEAR,1125.3,1126.8,1121.0,1123.1,1829.0
2021-08-06 15:00:00,NSE:GOODYEAR,1123.0,1123.75,1119.0,1123.35,4245.0
2021-08-06 15:15:00,NSE:GOODYEAR,1123.55,1127.25,1120.0,1127.2,3852.0
2021-08-06 15:30:00,NSE:GOODYEAR,1129.9,1129.9,1129.9,1129.9,3.0
2021-08-09 09:00:00,NSE:GOODYEAR,1129.6,1129.6,1129.6,1129.6,56.0
2021-08-09 09:15:00,NSE:GOODYEAR,1129.55,1129.55,1101.85,1108.25,7767.0
2021-08-09 09:30:00,NSE:GOODYEAR,1109.4,1114.8,1105.15,1111.75,4205.0
2021-08-09 09:45:00,NSE:GOODYEAR,1111.8,1111.9,1103.55,1105.75,4066.0
2021-08-09 10:00:00,NSE:GOODYEAR,1106.25,1106.25,1102.0,1102.0,1716.0
2021-08-09 10:15:00,NSE:GOODYEAR,1101.5,1104.0,1100.05,1101.5,1824.0
2021-08-09 10:30:00,NSE:GOODYEAR,1102.0,1103.75,1101.2,1102.0,1253.0
2021-08-09 10:45:00,NSE:GOODYEAR,1102.0,1102.0,1096.0,1097.5,3431.0
2021-08-09 11:00:00,NSE:GOODYEAR,1097.4,1098.9,1093.3,1096.5,3109.0
2021-08-09 11:15:00,NSE:GOODYEAR,1096.45,1100.0,1095.7,1099.95,4156.0
2021-08-09 11:30:00,NSE:GOODYEAR,1099.95,1099.95,1093.0,1093.0,2789.0
2021-08-09 11:45:00,NSE:GOODYEAR,1093.65,1094.55,1090.0,1092.75,2276.0
2021-08-09 12:00:00,NSE:GOODYEAR,1092.25,1093.85,1091.4,1092.8,1215.0
2021-08-09 12:15:00,NSE:GOODYEAR,1092.8,1092.95,1088.8,1088.85,2741.0
2021-08-09 12:30:00,NSE:GOODYEAR,1088.85,1090.75,1088.0,1090.75,1679.0
2021-08-09 12:45:00,NSE:GOODYEAR,1089.4,1091.2,1085.5,1090.35,2753.0
2021-08-09 13:00:00,NSE:GOODYEAR,1090.3,1090.3,1088.0,1089.7,436.0
2021-08-09 13:15:00,NSE:GOODYEAR,1089.9,1095.05,1088.65,1095.0,5837.0
2021-08-09 13:30:00,NSE:GOODYEAR,1095.0,1095.05,1092.5,1094.55,717.0
2021-08-09 13:45:00,NSE:GOODYEAR,1094.5,1095.8,1092.0,1095.8,1664.0
2021-08-09 14:00:00,NSE:GOODYEAR,1095.35,1102.0,1095.0,1100.0,2214.0
2021-08-09 14:15:00,NSE:GOODYEAR,1100.05,1102.0,1099.0,1099.0,1189.0
2021-08-09 14:30:00,NSE:GOODYEAR,1099.0,1099.0,1095.9,1097.75,826.0
2021-08-09 14:45:00,NSE:GOODYEAR,1097.75,1103.95,1097.05,1103.95,1384.0
2021-08-09 15:00:00,NSE:GOODYEAR,1103.9,1107.1,1101.0,1102.85,4046.0
2021-08-09 15:15:00,NSE:GOODYEAR,1103.0,1110.0,1098.0,1103.0,3683.0
2021-08-09 15:30:00,NSE:GOODYEAR,1103.0,1103.2,1103.0,1103.2,11.0
2021-08-10 09:00:00,NSE:GOODYEAR,1081.0,1081.0,1081.0,1081.0,508.0
2021-08-10 09:15:00,NSE:GOODYEAR,1098.95,1119.85,1091.3,1110.0,12038.0
2021-08-10 09:30:00,NSE:GOODYEAR,1110.0,1110.0,1093.0,1094.0,6840.0
2021-08-10 09:45:00,NSE:GOODYEAR,1094.0,1101.4,1090.1,1097.0,5614.0
2021-08-10 10:00:00,NSE:GOODYEAR,1098.1,1107.55,1098.0,1105.05,3402.0
2021-08-10 10:15:00,NSE:GOODYEAR,1105.2,1113.3,1105.2,1106.1,1901.0
2021-08-10 10:30:00,NSE:GOODYEAR,1106.6,1107.85,1098.35,1103.0,2191.0
2021-08-10 10:45:00,NSE:GOODYEAR,1102.15,1102.85,1098.0,1101.0,568.0
2021-08-10 11:00:00,NSE:GOODYEAR,1101.4,1101.65,1098.0,1098.0,2431.0
2021-08-10 11:15:00,NSE:GOODYEAR,1098.25,1099.7,1094.45,1096.8,2002.0
2021-08-10 11:30:00,NSE:GOODYEAR,1095.6,1098.0,1095.6,1098.0,193.0
2021-08-10 11:45:00,NSE:GOODYEAR,1098.0,1098.5,1096.45,1096.45,295.0
2021-08-10 12:00:00,NSE:GOODYEAR,1098.3,1099.0,1096.25,1098.15,1285.0
2021-08-10 12:15:00,NSE:GOODYEAR,1098.1,1104.5,1098.1,1101.1,932.0
2021-08-10 12:30:00,NSE:GOODYEAR,1102.0,1102.0,1100.5,1101.6,128.0
2021-08-10 12:45:00,NSE:GOODYEAR,1100.6,1101.45,1096.05,1096.65,1605.0
2021-08-10 13:00:00,NSE:GOODYEAR,1097.95,1105.0,1094.5,1094.7,5953.0
2021-08-10 13:15:00,NSE:GOODYEAR,1095.35,1096.3,1087.3,1089.0,2610.0
2021-08-10 13:30:00,NSE:GOODYEAR,1088.55,1089.0,1084.0,1085.5,1585.0
2021-08-10 13:45:00,NSE:GOODYEAR,1085.5,1087.25,1080.0,1082.5,2605.0
2021-08-10 14:00:00,NSE:GOODYEAR,1081.5,1085.65,1070.2,1070.6,3646.0
2021-08-10 14:15:00,NSE:GOODYEAR,1072.95,1080.0,1070.0,1073.2,3404.0
2021-08-10 14:30:00,NSE:GOODYEAR,1072.15,1077.5,1070.65,1076.85,1419.0
2021-08-10 14:45:00,NSE:GOODYEAR,1075.3,1082.4,1075.0,1081.05,1008.0
2021-08-10 15:00:00,NSE:GOODYEAR,1081.05,1087.15,1080.3,1085.95,3082.0
2021-08-10 15:15:00,NSE:GOODYEAR,1085.5,1098.05,1075.15,1093.55,4945.0
2021-08-10 15:30:00,NSE:GOODYEAR,1086.2,1086.2,1086.2,1086.2,3.0
2021-08-11 09:00:00,NSE:GOODYEAR,1098.0,1098.0,1098.0,1098.0,124.0
2021-08-11 09:15:00,NSE:GOODYEAR,1095.9,1100.0,1069.95,1072.0,4828.0
2021-08-11 09:30:00,NSE:GOODYEAR,1072.5,1076.75,1053.25,1053.4,6394.0
2021-08-11 09:45:00,NSE:GOODYEAR,1054.0,1054.9,1031.2,1038.5,8241.0
2021-08-11 10:00:00,NSE:GOODYEAR,1039.0,1041.5,1031.0,1032.15,4145.0
2021-08-11 10:15:00,NSE:GOODYEAR,1032.1,1037.75,1031.0,1034.75,3705.0
2021-08-11 10:30:00,NSE:GOODYEAR,1033.3,1034.9,1019.7,1029.45,9920.0
2021-08-11 10:45:00,NSE:GOODYEAR,1029.45,1031.9,1028.25,1031.9,1959.0
2021-08-11 11:00:00,NSE:GOODYEAR,1031.65,1034.35,1027.45,1030.0,1727.0
2021-08-11 11:15:00,NSE:GOODYEAR,1030.0,1036.7,1028.1,1036.4,1390.0
2021-08-11 11:30:00,NSE:GOODYEAR,1036.45,1038.35,1032.65,1037.0,946.0
2021-08-11 11:45:00,NSE:GOODYEAR,1037.0,1039.95,1035.7,1036.7,1488.0
2021-08-11 12:00:00,NSE:GOODYEAR,1037.55,1045.0,1036.7,1043.9,1546.0
2021-08-11 12:15:00,NSE:GOODYEAR,1043.9,1049.0,1042.0,1047.45,2839.0
2021-08-11 12:30:00,NSE:GOODYEAR,1047.45,1050.0,1046.0,1047.5,1419.0
2021-08-11 12:45:00,NSE:GOODYEAR,1048.95,1048.95,1046.05,1048.15,489.0
2021-08-11 13:00:00,NSE:GOODYEAR,1048.0,1048.15,1045.75,1047.4,333.0
2021-08-11 13:15:00,NSE:GOODYEAR,1047.4,1054.65,1046.5,1052.95,1727.0
2021-08-11 13:30:00,NSE:GOODYEAR,1052.8,1056.75,1051.4,1055.15,491.0
2021-08-11 13:45:00,NSE:GOODYEAR,1056.5,1058.0,1053.85,1056.5,1560.0
2021-08-11 14:00:00,NSE:GOODYEAR,1056.5,1056.5,1047.55,1051.0,4061.0
2021-08-11 14:15:00,NSE:GOODYEAR,1051.9,1053.0,1047.95,1048.85,1700.0
2021-08-11 14:30:00,NSE:GOODYEAR,1048.85,1052.0,1046.15,1049.95,2903.0
2021-08-11 14:45:00,NSE:GOODYEAR,1049.95,1052.6,1048.8,1052.0,1342.0
2021-08-11 15:00:00,NSE:GOODYEAR,1054.05,1057.7,1051.25,1053.65,2745.0
2021-08-11 15:15:00,NSE:GOODYEAR,1055.0,1055.0,1042.15,1043.35,3063.0
2021-08-11 15:45:00,NSE:GOODYEAR,1050.0,1050.0,1050.0,1050.0,2.0
2021-08-12 09:00:00,NSE:GOODYEAR,1050.0,1050.0,1050.0,1050.0,92.0
2021-08-12 09:15:00,NSE:GOODYEAR,1050.0,1064.45,1048.4,1057.85,4436.0
2021-08-12 09:30:00,NSE:GOODYEAR,1057.9,1071.95,1057.9,1070.6,2943.0
2021-08-12 09:45:00,NSE:GOODYEAR,1069.0,1082.85,1069.0,1079.7,3074.0
2021-08-12 10:00:00,NSE:GOODYEAR,1076.0,1077.65,1072.25,1073.95,2778.0
2021-08-12 10:15:00,NSE:GOODYEAR,1074.0,1074.0,1066.85,1072.3,1491.0
2021-08-12 10:30:00,NSE:GOODYEAR,1072.35,1084.25,1072.35,1079.0,2734.0
2021-08-12 10:45:00,NSE:GOODYEAR,1080.0,1082.75,1080.0,1080.15,939.0
2021-08-12 11:00:00,NSE:GOODYEAR,1080.15,1081.0,1077.0,1078.6,1430.0
2021-08-12 11:15:00,NSE:GOODYEAR,1077.0,1079.25,1075.5,1079.0,606.0
2021-08-12 11:30:00,NSE:GOODYEAR,1077.05,1082.0,1076.0,1082.0,756.0
2021-08-12 11:45:00,NSE:GOODYEAR,1082.7,1085.0,1080.35,1083.5,954.0
2021-08-12 12:00:00,NSE:GOODYEAR,1083.55,1085.95,1082.6,1085.0,1191.0
2021-08-12 12:15:00,NSE:GOODYEAR,1085.05,1085.05,1080.8,1082.7,843.0
2021-08-12 12:30:00,NSE:GOODYEAR,1081.7,1082.05,1078.05,1081.0,437.0
2021-08-12 12:45:00,NSE:GOODYEAR,1081.85,1083.0,1080.65,1083.0,375.0
2021-08-12 13:00:00,NSE:GOODYEAR,1083.0,1083.9,1083.0,1083.5,293.0
2021-08-12 13:15:00,NSE:GOODYEAR,1083.5,1083.5,1078.9,1081.75,813.0
2021-08-12 13:30:00,NSE:GOODYEAR,1082.9,1083.0,1080.55,1082.8,371.0
2021-08-12 13:45:00,NSE:GOODYEAR,1082.8,1083.0,1078.35,1080.45,539.0
2021-08-12 14:00:00,NSE:GOODYEAR,1080.45,1083.8,1080.45,1082.95,517.0
2021-08-12 14:15:00,NSE:GOODYEAR,1080.95,1085.0,1080.05,1085.0,729.0
2021-08-12 14:30:00,NSE:GOODYEAR,1085.55,1085.95,1084.05,1085.8,1189.0
2021-08-12 14:45:00,NSE:GOODYEAR,1085.95,1103.1,1085.9,1092.0,8222.0
2021-08-12 15:00:00,NSE:GOODYEAR,1091.95,1097.7,1085.5,1095.0,1980.0
2021-08-12 15:15:00,NSE:GOODYEAR,1091.95,1098.95,1088.05,1098.0,2557.0
2021-08-12 15:45:00,NSE:GOODYEAR,1093.45,1093.45,1093.45,1093.45,10.0
2021-08-13 09:00:00,NSE:GOODYEAR,1106.6,1106.6,1106.6,1106.6,212.0
2021-08-13 09:15:00,NSE:GOODYEAR,1107.0,1107.0,1070.2,1074.9,7624.0
2021-08-13 09:30:00,NSE:GOODYEAR,1075.35,1082.3,1075.0,1077.0,3174.0
2021-08-13 09:45:00,NSE:GOODYEAR,1076.2,1077.15,1073.0,1074.5,2082.0
2021-08-13 10:00:00,NSE:GOODYEAR,1075.0,1075.4,1073.0,1075.0,864.0
2021-08-13 10:15:00,NSE:GOODYEAR,1075.0,1080.0,1075.0,1080.0,1753.0
2021-08-13 10:30:00,NSE:GOODYEAR,1079.5,1083.0,1078.35,1080.0,2193.0
2021-08-13 10:45:00,NSE:GOODYEAR,1079.6,1080.0,1077.9,1077.95,1700.0
2021-08-13 11:00:00,NSE:GOODYEAR,1077.95,1079.35,1075.15,1077.45,1293.0
2021-08-13 11:15:00,NSE:GOODYEAR,1077.45,1080.0,1076.15,1077.5,1460.0
2021-08-13 11:30:00,NSE:GOODYEAR,1077.8,1079.0,1076.0,1078.0,871.0
2021-08-13 11:45:00,NSE:GOODYEAR,1078.0,1079.0,1076.65,1078.0,1067.0
2021-08-13 12:00:00,NSE:GOODYEAR,1076.1,1078.6,1074.4,1077.45,1469.0
2021-08-13 12:15:00,NSE:GOODYEAR,1077.25,1080.0,1075.0,1077.65,1409.0
2021-08-13 12:30:00,NSE:GOODYEAR,1077.0,1080.0,1076.15,1077.75,335.0
2021-08-13 12:45:00,NSE:GOODYEAR,1077.0,1080.0,1076.0,1077.0,1460.0
2021-08-13 13:00:00,NSE:GOODYEAR,1077.8,1078.6,1075.05,1076.85,662.0
2021-08-13 13:15:00,NSE:GOODYEAR,1077.05,1078.75,1075.9,1077.7,374.0
2021-08-13 13:30:00,NSE:GOODYEAR,1076.6,1079.5,1076.15,1078.6,361.0
2021-08-13 13:45:00,NSE:GOODYEAR,1078.6,1083.7,1078.55,1083.15,786.0
2021-08-13 14:00:00,NSE:GOODYEAR,1084.25,1085.0,1080.5,1082.75,1061.0
2021-08-13 14:15:00,NSE:GOODYEAR,1082.65,1082.65,1077.15,1078.0,1110.0
2021-08-13 14:30:00,NSE:GOODYEAR,1078.0,1078.0,1076.5,1076.8,205.0
2021-08-13 14:45:00,NSE:GOODYEAR,1077.95,1078.0,1075.3,1076.0,1354.0
2021-08-13 15:00:00,NSE:GOODYEAR,1075.9,1084.2,1075.0,1084.2,3035.0
2021-08-13 15:15:00,NSE:GOODYEAR,1086.0,1100.4,1086.0,1092.6,6520.0
2021-08-13 15:30:00,NSE:GOODYEAR,1089.95,1089.95,1089.95,1089.95,55.0
