datetime,symbol,open,high,low,close,volume
2017-08-11 15:00:00,NSE:ORIENTLTD,77.0,77.0,77.0,77.0,2.0
2017-08-14 11:00:00,NSE:ORIENTLTD,83.95,83.95,83.95,83.95,64.0
2017-08-14 12:00:00,NSE:ORIENTLTD,81.0,81.0,80.05,80.1,102.0
2017-08-14 14:00:00,NSE:ORIENTLTD,83.0,83.0,83.0,83.0,4.0
2017-08-14 15:00:00,NSE:ORIENTLTD,80.0,80.0,80.0,80.0,14.0
2017-08-22 09:00:00,NSE:ORIENTLTD,80.0,80.0,77.05,77.05,7.0
2017-08-22 13:00:00,NSE:ORIENTLTD,79.2,84.9,79.2,84.9,7.0
2017-08-22 14:00:00,NSE:ORIENTLTD,80.0,80.0,80.0,80.0,1.0
2017-08-22 15:00:00,NSE:ORIENTLTD,79.15,79.15,79.1,79.1,350.0
2017-08-24 10:00:00,NSE:ORIENTLTD,79.1,79.1,79.1,79.1,5.0
2017-08-24 11:00:00,NSE:ORIENTLTD,79.1,79.15,76.2,76.2,126.0
2017-08-24 15:00:00,NSE:ORIENTLTD,79.0,81.9,75.0,75.0,475.0
2017-08-28 09:00:00,NSE:ORIENTLTD,75.0,75.0,75.0,75.0,5.0
2017-08-28 10:00:00,NSE:ORIENTLTD,77.95,77.95,77.95,77.95,1.0
2017-08-28 14:00:00,NSE:ORIENTLTD,75.0,75.0,75.0,75.0,100.0
2017-08-28 15:00:00,NSE:ORIENTLTD,75.9,77.9,75.9,77.9,8.0
2017-08-29 10:00:00,NSE:ORIENTLTD,73.0,73.05,73.0,73.05,69.0
2017-08-29 11:00:00,NSE:ORIENTLTD,75.0,75.0,75.0,75.0,1.0
2017-08-29 13:00:00,NSE:ORIENTLTD,74.0,74.0,74.0,74.0,5.0
2017-08-29 14:00:00,NSE:ORIENTLTD,74.95,74.95,74.0,74.0,103.0
2017-08-29 15:00:00,NSE:ORIENTLTD,77.9,77.9,77.9,77.9,151.0
2017-08-30 11:00:00,NSE:ORIENTLTD,75.25,77.35,75.25,77.35,124.0
2017-08-30 13:00:00,NSE:ORIENTLTD,77.7,77.7,75.25,75.25,150.0
2017-08-30 14:00:00,NSE:ORIENTLTD,75.25,75.25,75.25,75.25,3.0
2017-08-30 15:00:00,NSE:ORIENTLTD,76.0,76.0,75.1,75.1,122.0
2017-08-31 11:00:00,NSE:ORIENTLTD,73.5,73.55,73.5,73.5,1100.0
2017-08-31 13:00:00,NSE:ORIENTLTD,76.35,76.35,75.6,75.6,401.0
2017-08-31 15:00:00,NSE:ORIENTLTD,74.35,74.35,74.3,74.3,30.0
2017-09-01 15:00:00,NSE:ORIENTLTD,75.5,78.5,75.5,78.5,78.0
2017-09-04 10:00:00,NSE:ORIENTLTD,76.0,76.0,76.0,76.0,110.0
2017-09-04 11:00:00,NSE:ORIENTLTD,76.5,76.5,76.5,76.5,40.0
2017-09-04 14:00:00,NSE:ORIENTLTD,77.7,77.7,77.7,77.7,50.0
2017-09-04 15:00:00,NSE:ORIENTLTD,77.0,77.65,77.0,77.65,210.0
2017-09-05 10:00:00,NSE:ORIENTLTD,77.0,77.0,77.0,77.0,20.0
2017-09-05 14:00:00,NSE:ORIENTLTD,75.9,75.9,75.9,75.9,50.0
2017-09-05 15:00:00,NSE:ORIENTLTD,75.5,75.5,75.5,75.5,50.0
2017-09-06 09:00:00,NSE:ORIENTLTD,79.0,79.0,79.0,79.0,1.0
2017-09-06 12:00:00,NSE:ORIENTLTD,75.5,75.5,75.5,75.5,100.0
2017-09-06 15:00:00,NSE:ORIENTLTD,76.6,76.6,76.0,76.0,100.0
2017-09-07 12:00:00,NSE:ORIENTLTD,75.25,75.25,75.25,75.25,800.0
2017-09-07 13:00:00,NSE:ORIENTLTD,77.95,90.0,77.95,88.8,2096.0
2017-09-07 14:00:00,NSE:ORIENTLTD,86.25,89.5,86.0,86.0,840.0
2017-09-07 15:00:00,NSE:ORIENTLTD,85.3,88.85,85.0,86.95,1668.0
2017-09-08 09:00:00,NSE:ORIENTLTD,87.3,93.75,86.95,90.0,2610.0
2017-09-08 10:00:00,NSE:ORIENTLTD,90.0,90.0,89.0,89.5,404.0
2017-09-08 11:00:00,NSE:ORIENTLTD,89.0,89.0,86.35,86.35,1691.0
2017-09-08 12:00:00,NSE:ORIENTLTD,86.4,88.0,86.4,88.0,90.0
2017-09-08 13:00:00,NSE:ORIENTLTD,88.0,88.0,87.8,87.8,280.0
2017-09-08 14:00:00,NSE:ORIENTLTD,86.55,86.55,84.2,84.2,6.0
2017-09-08 15:00:00,NSE:ORIENTLTD,85.4,89.5,85.4,88.1,593.0
2017-09-11 11:00:00,NSE:ORIENTLTD,85.05,85.05,85.05,85.05,10.0
2017-09-11 12:00:00,NSE:ORIENTLTD,85.3,85.3,85.3,85.3,25.0
2017-09-11 13:00:00,NSE:ORIENTLTD,86.05,87.8,86.05,87.8,36.0
2017-09-11 14:00:00,NSE:ORIENTLTD,87.8,99.0,87.8,90.0,3889.0
2017-09-11 15:00:00,NSE:ORIENTLTD,93.95,96.0,90.05,92.2,4036.0
2017-09-12 10:00:00,NSE:ORIENTLTD,92.0,92.0,92.0,92.0,300.0
2017-09-12 11:00:00,NSE:ORIENTLTD,92.25,92.25,88.8,91.0,137.0
2017-09-12 12:00:00,NSE:ORIENTLTD,90.0,91.0,90.0,91.0,15.0
2017-09-12 13:00:00,NSE:ORIENTLTD,92.25,92.25,92.25,92.25,380.0
2017-09-12 14:00:00,NSE:ORIENTLTD,94.0,98.9,92.25,95.0,179.0
2017-09-12 15:00:00,NSE:ORIENTLTD,95.0,98.8,92.45,94.6,3098.0
2017-09-13 09:00:00,NSE:ORIENTLTD,92.5,99.9,92.5,96.5,13504.0
2017-09-13 10:00:00,NSE:ORIENTLTD,95.35,96.9,95.35,96.9,730.0
2017-09-13 12:00:00,NSE:ORIENTLTD,96.65,96.65,96.65,96.65,1.0
2017-09-13 13:00:00,NSE:ORIENTLTD,96.45,96.45,96.45,96.45,10.0
2017-09-13 14:00:00,NSE:ORIENTLTD,96.95,96.95,95.4,95.4,150.0
2017-09-13 15:00:00,NSE:ORIENTLTD,95.4,98.4,95.0,97.45,459.0
2017-09-14 09:00:00,NSE:ORIENTLTD,97.45,97.45,95.15,95.15,2761.0
2017-09-14 10:00:00,NSE:ORIENTLTD,95.2,99.0,95.2,98.95,418.0
2017-09-14 11:00:00,NSE:ORIENTLTD,97.4,97.4,97.4,97.4,2500.0
2017-09-14 12:00:00,NSE:ORIENTLTD,95.05,95.05,95.0,95.0,231.0
2017-09-14 13:00:00,NSE:ORIENTLTD,95.0,95.0,95.0,95.0,26.0
2017-09-14 14:00:00,NSE:ORIENTLTD,93.1,93.1,93.0,93.0,136.0
2017-09-14 15:00:00,NSE:ORIENTLTD,95.45,95.45,92.05,93.2,13.0
2017-09-15 09:00:00,NSE:ORIENTLTD,86.3,97.0,86.3,96.95,59.0
2017-09-15 10:00:00,NSE:ORIENTLTD,96.95,96.95,90.0,92.25,2670.0
2017-09-15 11:00:00,NSE:ORIENTLTD,97.0,98.9,93.0,94.0,267.0
2017-09-15 12:00:00,NSE:ORIENTLTD,97.85,98.05,97.85,98.05,1110.0
2017-09-15 13:00:00,NSE:ORIENTLTD,96.0,96.0,96.0,96.0,300.0
2017-09-15 14:00:00,NSE:ORIENTLTD,94.55,100.0,94.55,96.05,1435.0
2017-09-15 15:00:00,NSE:ORIENTLTD,97.0,100.0,97.0,99.1,3069.0
2017-09-18 09:00:00,NSE:ORIENTLTD,99.0,99.0,95.65,99.0,393.0
2017-09-18 12:00:00,NSE:ORIENTLTD,95.8,98.8,95.8,98.8,147.0
2017-09-18 15:00:00,NSE:ORIENTLTD,96.05,96.15,96.05,96.15,27.0
2017-09-19 09:00:00,NSE:ORIENTLTD,99.0,100.0,99.0,100.0,209.0
2017-09-19 10:00:00,NSE:ORIENTLTD,100.0,100.0,100.0,100.0,20.0
2017-09-19 11:00:00,NSE:ORIENTLTD,95.75,96.5,95.75,96.5,1079.0
2017-09-19 12:00:00,NSE:ORIENTLTD,96.5,96.55,96.5,96.55,1088.0
2017-09-19 14:00:00,NSE:ORIENTLTD,96.6,96.6,96.6,96.6,10.0
2017-09-19 15:00:00,NSE:ORIENTLTD,96.6,98.7,96.5,96.5,1050.0
2017-09-20 09:00:00,NSE:ORIENTLTD,92.15,98.9,92.15,98.9,469.0
2017-09-20 11:00:00,NSE:ORIENTLTD,96.95,96.95,96.95,96.95,260.0
2017-09-20 14:00:00,NSE:ORIENTLTD,96.05,98.0,96.05,98.0,300.0
2017-09-21 09:00:00,NSE:ORIENTLTD,98.0,99.5,98.0,99.5,205.0
2017-09-21 10:00:00,NSE:ORIENTLTD,94.5,94.5,94.5,94.5,100.0
2017-09-21 11:00:00,NSE:ORIENTLTD,99.25,99.25,99.25,99.25,25.0
2017-09-21 12:00:00,NSE:ORIENTLTD,99.25,99.25,95.8,95.8,12.0
2017-09-21 15:00:00,NSE:ORIENTLTD,99.5,99.5,99.5,99.5,430.0
2017-09-22 09:00:00,NSE:ORIENTLTD,99.9,99.9,99.9,99.9,4.0
2017-09-22 10:00:00,NSE:ORIENTLTD,99.9,99.9,99.9,99.9,200.0
2017-09-22 11:00:00,NSE:ORIENTLTD,97.0,97.0,97.0,97.0,200.0
2017-09-22 14:00:00,NSE:ORIENTLTD,97.0,97.0,97.0,97.0,18.0
2017-09-22 15:00:00,NSE:ORIENTLTD,96.0,96.0,96.0,96.0,402.0
2017-09-25 09:00:00,NSE:ORIENTLTD,105.95,105.95,92.0,97.6,76.0
2017-09-25 12:00:00,NSE:ORIENTLTD,95.9,95.9,95.9,95.9,10.0
2017-09-25 14:00:00,NSE:ORIENTLTD,95.9,95.9,95.9,95.9,5.0
2017-09-25 15:00:00,NSE:ORIENTLTD,95.9,96.0,95.0,95.0,22.0
2017-09-26 09:00:00,NSE:ORIENTLTD,89.6,98.0,88.0,98.0,523.0
2017-09-26 11:00:00,NSE:ORIENTLTD,96.0,96.0,94.55,94.55,604.0
2017-09-26 12:00:00,NSE:ORIENTLTD,94.55,94.55,94.55,94.55,60.0
2017-09-26 13:00:00,NSE:ORIENTLTD,95.0,95.0,95.0,95.0,5.0
2017-09-26 14:00:00,NSE:ORIENTLTD,95.4,96.8,95.4,96.8,425.0
2017-09-26 15:00:00,NSE:ORIENTLTD,95.5,95.5,91.05,91.05,652.0
2017-09-27 09:00:00,NSE:ORIENTLTD,97.0,97.0,97.0,97.0,110.0
2017-09-27 10:00:00,NSE:ORIENTLTD,98.0,104.0,95.05,101.95,8470.0
2017-09-27 11:00:00,NSE:ORIENTLTD,102.0,112.8,98.1,112.8,10080.0
2017-09-27 12:00:00,NSE:ORIENTLTD,112.8,112.8,112.8,112.8,910.0
2017-09-27 13:00:00,NSE:ORIENTLTD,112.8,112.8,112.8,112.8,507.0
2017-09-27 14:00:00,NSE:ORIENTLTD,112.8,112.8,108.6,109.95,11950.0
2017-09-27 15:00:00,NSE:ORIENTLTD,109.95,112.8,109.0,112.15,9416.0
2017-09-28 09:00:00,NSE:ORIENTLTD,117.0,134.55,117.0,134.55,130056.0
2017-09-28 10:00:00,NSE:ORIENTLTD,134.55,134.55,134.55,134.55,1668.0
2017-09-28 11:00:00,NSE:ORIENTLTD,134.55,134.55,134.55,134.55,499.0
2017-09-28 12:00:00,NSE:ORIENTLTD,134.55,134.55,134.55,134.55,104.0
2017-09-28 13:00:00,NSE:ORIENTLTD,134.55,134.55,134.55,134.55,497.0
2017-09-28 14:00:00,NSE:ORIENTLTD,134.55,134.55,134.55,134.55,10.0
2017-09-28 15:00:00,NSE:ORIENTLTD,134.55,134.55,134.55,134.55,1005.0
2017-09-29 09:00:00,NSE:ORIENTLTD,152.0,161.45,150.0,161.45,124115.0
2017-09-29 10:00:00,NSE:ORIENTLTD,161.45,161.45,161.45,161.45,755.0
2017-09-29 11:00:00,NSE:ORIENTLTD,161.45,161.45,161.45,161.45,801.0
2017-09-29 12:00:00,NSE:ORIENTLTD,161.45,161.45,161.45,161.45,531.0
2017-09-29 13:00:00,NSE:ORIENTLTD,161.45,161.45,161.45,161.45,261.0
2017-09-29 14:00:00,NSE:ORIENTLTD,161.45,161.45,161.45,161.45,22.0
2017-09-29 15:00:00,NSE:ORIENTLTD,161.45,161.45,161.45,161.45,18442.0
2017-10-03 09:00:00,NSE:ORIENTLTD,177.5,177.5,150.0,155.35,93560.0
2017-10-03 10:00:00,NSE:ORIENTLTD,154.2,156.4,151.0,154.9,20530.0
2017-10-03 11:00:00,NSE:ORIENTLTD,155.45,155.9,151.2,152.75,4482.0
2017-10-03 12:00:00,NSE:ORIENTLTD,152.7,154.4,151.25,152.5,4722.0
2017-10-03 13:00:00,NSE:ORIENTLTD,152.5,155.85,151.55,152.0,7286.0
2017-10-03 14:00:00,NSE:ORIENTLTD,152.5,157.95,151.85,154.5,15130.0
2017-10-03 15:00:00,NSE:ORIENTLTD,153.7,153.7,145.65,148.25,18634.0
2017-10-04 09:00:00,NSE:ORIENTLTD,146.0,147.0,136.2,139.2,16024.0
2017-10-04 10:00:00,NSE:ORIENTLTD,139.45,140.0,137.0,139.75,4721.0
2017-10-04 11:00:00,NSE:ORIENTLTD,139.75,141.9,139.75,140.55,1836.0
2017-10-04 12:00:00,NSE:ORIENTLTD,141.0,141.3,140.35,140.35,951.0
2017-10-04 13:00:00,NSE:ORIENTLTD,140.35,140.6,137.65,137.65,2169.0
2017-10-04 14:00:00,NSE:ORIENTLTD,138.0,140.4,135.15,138.0,6581.0
2017-10-04 15:00:00,NSE:ORIENTLTD,137.5,137.5,135.0,135.9,6367.0
2017-10-05 09:00:00,NSE:ORIENTLTD,134.0,149.45,134.0,149.45,20264.0
2017-10-05 10:00:00,NSE:ORIENTLTD,149.45,149.45,149.45,149.45,1180.0
2017-10-05 11:00:00,NSE:ORIENTLTD,149.45,149.45,149.45,149.45,445.0
2017-10-05 12:00:00,NSE:ORIENTLTD,149.45,149.45,149.45,149.45,260.0
2017-10-05 13:00:00,NSE:ORIENTLTD,149.45,149.45,149.45,149.45,378.0
2017-10-05 14:00:00,NSE:ORIENTLTD,149.45,149.45,149.45,149.45,880.0
2017-10-05 15:00:00,NSE:ORIENTLTD,149.45,149.45,149.45,149.45,1618.0
2017-10-06 09:00:00,NSE:ORIENTLTD,162.95,164.35,155.0,156.95,18588.0
2017-10-06 10:00:00,NSE:ORIENTLTD,151.5,164.35,151.5,163.8,37724.0
2017-10-06 11:00:00,NSE:ORIENTLTD,163.0,164.35,162.1,163.35,9090.0
2017-10-06 12:00:00,NSE:ORIENTLTD,162.65,163.85,158.0,159.8,3726.0
2017-10-06 13:00:00,NSE:ORIENTLTD,159.7,161.8,158.45,159.55,2622.0
2017-10-06 14:00:00,NSE:ORIENTLTD,159.7,163.95,159.7,163.5,12075.0
2017-10-06 15:00:00,NSE:ORIENTLTD,163.0,164.35,162.15,164.3,6870.0
2017-10-09 09:00:00,NSE:ORIENTLTD,172.3,172.3,147.55,158.2,10197.0
2017-10-09 10:00:00,NSE:ORIENTLTD,158.9,159.95,157.0,157.1,2204.0
2017-10-09 11:00:00,NSE:ORIENTLTD,157.0,157.05,154.0,157.05,1716.0
2017-10-09 12:00:00,NSE:ORIENTLTD,158.0,158.0,155.0,155.0,1190.0
2017-10-09 13:00:00,NSE:ORIENTLTD,155.0,155.0,150.0,154.5,1372.0
2017-10-09 14:00:00,NSE:ORIENTLTD,154.6,157.9,151.45,155.0,3578.0
2017-10-09 15:00:00,NSE:ORIENTLTD,155.05,160.0,155.0,160.0,3135.0
2017-10-10 09:00:00,NSE:ORIENTLTD,160.0,166.0,160.0,160.55,4830.0
2017-10-10 10:00:00,NSE:ORIENTLTD,160.35,160.35,147.1,151.2,5062.0
2017-10-10 11:00:00,NSE:ORIENTLTD,153.0,153.65,150.0,150.35,1110.0
2017-10-10 12:00:00,NSE:ORIENTLTD,150.95,152.9,150.2,151.7,1622.0
2017-10-10 13:00:00,NSE:ORIENTLTD,151.75,155.25,151.4,154.75,1513.0
2017-10-10 14:00:00,NSE:ORIENTLTD,155.2,155.2,150.5,152.5,4341.0
2017-10-10 15:00:00,NSE:ORIENTLTD,151.15,154.0,150.95,152.15,3495.0
2017-10-11 09:00:00,NSE:ORIENTLTD,158.9,158.9,145.25,152.0,5879.0
2017-10-11 10:00:00,NSE:ORIENTLTD,151.05,152.0,150.35,151.25,1036.0
2017-10-11 11:00:00,NSE:ORIENTLTD,151.2,151.95,151.0,151.9,1432.0
2017-10-11 12:00:00,NSE:ORIENTLTD,151.3,151.3,151.0,151.0,283.0
2017-10-11 13:00:00,NSE:ORIENTLTD,151.0,151.0,148.0,148.9,326.0
2017-10-11 14:00:00,NSE:ORIENTLTD,148.85,150.35,145.25,149.0,634.0
2017-10-11 15:00:00,NSE:ORIENTLTD,147.5,148.5,140.0,144.75,2448.0
2017-10-12 09:00:00,NSE:ORIENTLTD,150.85,150.85,138.0,145.0,89.0
2017-10-12 10:00:00,NSE:ORIENTLTD,145.0,145.0,139.05,139.05,297.0
2017-10-12 11:00:00,NSE:ORIENTLTD,144.95,144.95,144.0,144.0,66.0
2017-10-12 12:00:00,NSE:ORIENTLTD,143.95,143.95,140.05,143.95,25.0
2017-10-12 14:00:00,NSE:ORIENTLTD,141.0,143.35,140.0,143.35,75.0
2017-10-12 15:00:00,NSE:ORIENTLTD,143.3,143.5,143.0,143.5,253.0
2017-10-13 09:00:00,NSE:ORIENTLTD,136.15,146.75,136.15,144.95,462.0
2017-10-13 10:00:00,NSE:ORIENTLTD,141.0,141.0,138.0,138.0,235.0
2017-10-13 11:00:00,NSE:ORIENTLTD,140.0,143.8,137.0,142.95,493.0
2017-10-13 12:00:00,NSE:ORIENTLTD,142.0,142.0,142.0,142.0,41.0
2017-10-13 13:00:00,NSE:ORIENTLTD,141.8,141.8,137.05,137.05,520.0
2017-10-13 14:00:00,NSE:ORIENTLTD,137.05,141.65,136.15,141.5,585.0
2017-10-13 15:00:00,NSE:ORIENTLTD,136.15,141.0,136.15,141.0,645.0
2017-10-16 09:00:00,NSE:ORIENTLTD,133.0,140.0,132.9,132.9,409.0
2017-10-16 10:00:00,NSE:ORIENTLTD,132.9,136.9,132.9,132.9,849.0
2017-10-16 11:00:00,NSE:ORIENTLTD,132.9,132.9,132.9,132.9,3.0
2017-10-16 12:00:00,NSE:ORIENTLTD,132.9,132.9,132.9,132.9,27.0
2017-10-16 13:00:00,NSE:ORIENTLTD,132.9,132.9,132.9,132.9,100.0
2017-10-16 14:00:00,NSE:ORIENTLTD,132.9,132.9,132.9,132.9,158.0
2017-10-16 15:00:00,NSE:ORIENTLTD,132.9,132.9,132.9,132.9,373.0
2017-10-17 09:00:00,NSE:ORIENTLTD,132.9,132.95,132.9,132.9,1004.0
2017-10-17 10:00:00,NSE:ORIENTLTD,126.3,132.85,126.3,132.5,895.0
2017-10-17 11:00:00,NSE:ORIENTLTD,126.3,126.3,126.3,126.3,89.0
2017-10-17 12:00:00,NSE:ORIENTLTD,126.5,126.5,126.5,126.5,500.0
2017-10-17 13:00:00,NSE:ORIENTLTD,126.55,126.55,126.55,126.55,250.0
2017-10-17 14:00:00,NSE:ORIENTLTD,126.55,126.55,126.5,126.5,133.0
2017-10-17 15:00:00,NSE:ORIENTLTD,126.4,126.5,126.3,126.3,634.0
2017-10-18 09:00:00,NSE:ORIENTLTD,128.0,129.9,128.0,129.9,49.0
2017-10-18 10:00:00,NSE:ORIENTLTD,126.3,130.0,126.3,130.0,182.0
2017-10-18 11:00:00,NSE:ORIENTLTD,129.0,129.0,129.0,129.0,60.0
2017-10-18 12:00:00,NSE:ORIENTLTD,128.0,128.0,128.0,128.0,100.0
2017-10-18 13:00:00,NSE:ORIENTLTD,125.75,125.75,121.2,121.2,212.0
2017-10-18 14:00:00,NSE:ORIENTLTD,125.7,125.7,121.25,125.0,152.0
2017-10-18 15:00:00,NSE:ORIENTLTD,125.5,132.4,125.5,132.35,414.0
2017-10-23 09:00:00,NSE:ORIENTLTD,132.0,132.1,132.0,132.1,39.0
2017-10-23 10:00:00,NSE:ORIENTLTD,132.1,132.25,132.1,132.25,11.0
2017-10-23 12:00:00,NSE:ORIENTLTD,126.5,133.2,126.5,133.2,34.0
2017-10-23 13:00:00,NSE:ORIENTLTD,126.6,126.6,126.6,126.6,50.0
2017-10-23 14:00:00,NSE:ORIENTLTD,126.2,133.15,126.0,133.15,556.0
2017-10-23 15:00:00,NSE:ORIENTLTD,131.85,131.85,131.85,131.85,5.0
2017-10-24 09:00:00,NSE:ORIENTLTD,126.0,126.0,126.0,126.0,5.0
2017-10-24 10:00:00,NSE:ORIENTLTD,127.0,127.0,127.0,127.0,305.0
2017-10-24 11:00:00,NSE:ORIENTLTD,127.0,127.0,125.6,125.6,269.0
2017-10-24 12:00:00,NSE:ORIENTLTD,125.95,126.0,125.6,125.6,304.0
2017-10-24 13:00:00,NSE:ORIENTLTD,126.0,126.95,126.0,126.95,128.0
2017-10-24 14:00:00,NSE:ORIENTLTD,126.05,126.95,126.0,126.95,82.0
2017-10-24 15:00:00,NSE:ORIENTLTD,126.9,126.9,126.6,126.6,56.0
2017-10-25 09:00:00,NSE:ORIENTLTD,122.0,132.9,120.5,121.05,266.0
2017-10-25 10:00:00,NSE:ORIENTLTD,128.95,128.95,128.95,128.95,10.0
2017-10-25 11:00:00,NSE:ORIENTLTD,121.0,128.5,121.0,128.5,581.0
2017-10-25 12:00:00,NSE:ORIENTLTD,120.3,128.5,120.3,128.4,152.0
2017-10-25 13:00:00,NSE:ORIENTLTD,128.4,128.4,120.35,128.4,17.0
2017-10-25 14:00:00,NSE:ORIENTLTD,120.4,127.9,120.4,127.9,710.0
2017-10-25 15:00:00,NSE:ORIENTLTD,127.55,128.5,120.5,125.2,534.0
2017-10-26 09:00:00,NSE:ORIENTLTD,131.2,131.2,120.35,126.95,685.0
2017-10-26 10:00:00,NSE:ORIENTLTD,126.75,126.75,120.8,120.8,2.0
2017-10-26 11:00:00,NSE:ORIENTLTD,120.8,124.95,120.8,124.95,76.0
2017-10-26 12:00:00,NSE:ORIENTLTD,124.95,124.95,124.95,124.95,10.0
2017-10-26 13:00:00,NSE:ORIENTLTD,124.8,125.0,124.8,125.0,181.0
2017-10-26 14:00:00,NSE:ORIENTLTD,126.95,126.95,126.95,126.95,15.0
2017-10-26 15:00:00,NSE:ORIENTLTD,125.0,126.0,120.7,126.0,767.0
2017-10-27 09:00:00,NSE:ORIENTLTD,126.7,126.7,119.2,126.45,164.0
2017-10-27 10:00:00,NSE:ORIENTLTD,124.95,124.95,119.0,120.5,223.0
2017-10-27 11:00:00,NSE:ORIENTLTD,120.5,121.0,120.5,121.0,100.0
2017-10-27 12:00:00,NSE:ORIENTLTD,124.75,124.75,124.75,124.75,51.0
2017-10-27 13:00:00,NSE:ORIENTLTD,124.5,124.5,124.5,124.5,5.0
2017-10-27 14:00:00,NSE:ORIENTLTD,124.5,124.5,120.0,124.5,267.0
2017-10-27 15:00:00,NSE:ORIENTLTD,120.0,120.0,120.0,120.0,200.0
2017-10-30 09:00:00,NSE:ORIENTLTD,125.0,125.0,118.0,123.95,206.0
2017-10-30 11:00:00,NSE:ORIENTLTD,122.0,122.0,122.0,122.0,510.0
2017-10-30 12:00:00,NSE:ORIENTLTD,122.0,122.0,118.3,118.3,360.0
2017-10-30 13:00:00,NSE:ORIENTLTD,122.0,122.0,122.0,122.0,50.0
2017-10-30 14:00:00,NSE:ORIENTLTD,118.5,118.5,118.45,118.45,195.0
2017-10-30 15:00:00,NSE:ORIENTLTD,118.45,123.95,115.2,123.95,486.0
2017-10-31 09:00:00,NSE:ORIENTLTD,123.95,123.95,122.0,122.0,64.0
2017-10-31 10:00:00,NSE:ORIENTLTD,114.6,122.0,114.6,122.0,282.0
2017-10-31 11:00:00,NSE:ORIENTLTD,121.5,121.5,121.5,121.5,200.0
2017-10-31 15:00:00,NSE:ORIENTLTD,116.05,116.55,116.05,116.55,301.0
2017-11-01 09:00:00,NSE:ORIENTLTD,121.5,121.5,111.1,120.9,475.0
2017-11-01 10:00:00,NSE:ORIENTLTD,120.9,120.9,112.0,112.0,473.0
2017-11-01 11:00:00,NSE:ORIENTLTD,112.25,119.9,112.25,119.9,359.0
2017-11-01 12:00:00,NSE:ORIENTLTD,119.9,119.9,119.9,119.9,50.0
2017-11-01 13:00:00,NSE:ORIENTLTD,119.9,119.9,119.9,119.9,40.0
2017-11-01 14:00:00,NSE:ORIENTLTD,115.0,120.85,115.0,115.1,479.0
2017-11-01 15:00:00,NSE:ORIENTLTD,116.05,121.8,116.05,116.25,203.0
2017-11-02 09:00:00,NSE:ORIENTLTD,121.0,121.0,113.1,120.35,525.0
2017-11-02 10:00:00,NSE:ORIENTLTD,120.3,120.3,120.3,120.3,2.0
2017-11-02 11:00:00,NSE:ORIENTLTD,119.75,119.75,114.05,115.1,523.0
2017-11-02 12:00:00,NSE:ORIENTLTD,120.3,124.55,114.0,124.5,1778.0
2017-11-02 13:00:00,NSE:ORIENTLTD,124.5,124.5,115.55,115.55,1526.0
2017-11-02 14:00:00,NSE:ORIENTLTD,123.95,124.0,116.3,124.0,432.0
2017-11-03 09:00:00,NSE:ORIENTLTD,124.0,129.95,119.0,129.95,1913.0
2017-11-03 10:00:00,NSE:ORIENTLTD,120.3,125.0,120.3,121.1,132.0
2017-11-03 11:00:00,NSE:ORIENTLTD,125.0,125.0,125.0,125.0,2.0
2017-11-03 12:00:00,NSE:ORIENTLTD,121.55,128.0,121.55,128.0,151.0
2017-11-03 13:00:00,NSE:ORIENTLTD,121.8,121.8,121.8,121.8,1.0
2017-11-03 14:00:00,NSE:ORIENTLTD,122.05,122.05,122.0,122.0,31.0
2017-11-03 15:00:00,NSE:ORIENTLTD,122.0,122.0,122.0,122.0,1.0
2017-11-06 09:00:00,NSE:ORIENTLTD,127.3,127.3,117.3,119.0,177.0
2017-11-06 10:00:00,NSE:ORIENTLTD,126.7,126.7,126.5,126.5,105.0
2017-11-06 11:00:00,NSE:ORIENTLTD,120.0,121.0,120.0,121.0,305.0
2017-11-06 12:00:00,NSE:ORIENTLTD,121.0,121.0,121.0,121.0,86.0
2017-11-06 13:00:00,NSE:ORIENTLTD,125.65,125.65,125.65,125.65,155.0
2017-11-06 14:00:00,NSE:ORIENTLTD,125.7,126.5,122.25,122.25,398.0
2017-11-06 15:00:00,NSE:ORIENTLTD,125.85,126.5,125.85,126.5,479.0
2017-11-07 09:00:00,NSE:ORIENTLTD,126.0,126.0,121.25,121.25,300.0
2017-11-07 10:00:00,NSE:ORIENTLTD,127.3,127.3,122.7,127.3,275.0
2017-11-07 11:00:00,NSE:ORIENTLTD,127.3,127.3,127.3,127.3,1.0
2017-11-07 13:00:00,NSE:ORIENTLTD,123.05,123.05,123.05,123.05,1.0
2017-11-07 14:00:00,NSE:ORIENTLTD,127.0,128.0,121.6,128.0,551.0
2017-11-07 15:00:00,NSE:ORIENTLTD,122.0,128.0,122.0,128.0,52.0
2017-11-08 09:00:00,NSE:ORIENTLTD,122.55,129.0,122.55,129.0,53.0
2017-11-08 10:00:00,NSE:ORIENTLTD,123.0,123.0,123.0,123.0,2.0
2017-11-08 11:00:00,NSE:ORIENTLTD,124.3,124.3,124.3,124.3,37.0
2017-11-08 12:00:00,NSE:ORIENTLTD,124.3,128.0,124.3,128.0,314.0
2017-11-08 13:00:00,NSE:ORIENTLTD,127.8,127.8,125.0,125.0,178.0
2017-11-08 15:00:00,NSE:ORIENTLTD,129.0,129.0,129.0,129.0,199.0
2017-11-09 09:00:00,NSE:ORIENTLTD,122.6,134.75,122.6,134.75,53.0
2017-11-09 10:00:00,NSE:ORIENTLTD,125.9,125.9,125.9,125.9,216.0
2017-11-09 11:00:00,NSE:ORIENTLTD,130.0,130.0,130.0,130.0,100.0
2017-11-09 12:00:00,NSE:ORIENTLTD,126.1,126.1,126.1,126.1,10.0
2017-11-09 14:00:00,NSE:ORIENTLTD,133.0,133.0,127.05,127.05,402.0
2017-11-09 15:00:00,NSE:ORIENTLTD,134.0,134.0,134.0,134.0,100.0
2017-11-10 09:00:00,NSE:ORIENTLTD,130.0,131.25,130.0,131.05,221.0
2017-11-10 10:00:00,NSE:ORIENTLTD,127.0,127.0,127.0,127.0,50.0
2017-11-10 11:00:00,NSE:ORIENTLTD,130.0,131.05,130.0,131.05,95.0
2017-11-10 12:00:00,NSE:ORIENTLTD,137.8,137.8,137.7,137.7,150.0
2017-11-10 13:00:00,NSE:ORIENTLTD,137.7,137.7,137.7,137.7,92.0
2017-11-10 15:00:00,NSE:ORIENTLTD,133.55,140.0,133.55,138.0,2043.0
2017-11-13 09:00:00,NSE:ORIENTLTD,131.4,131.4,131.4,131.4,5.0
2017-11-13 10:00:00,NSE:ORIENTLTD,137.0,137.0,137.0,137.0,16.0
2017-11-13 11:00:00,NSE:ORIENTLTD,135.0,135.0,135.0,135.0,83.0
2017-11-13 13:00:00,NSE:ORIENTLTD,135.0,141.85,135.0,141.85,201.0
2017-11-13 14:00:00,NSE:ORIENTLTD,137.9,137.9,137.9,137.9,7.0
2017-11-13 15:00:00,NSE:ORIENTLTD,137.85,137.85,137.85,137.85,340.0
2017-11-14 09:00:00,NSE:ORIENTLTD,144.0,144.7,142.5,142.5,711.0
2017-11-14 10:00:00,NSE:ORIENTLTD,140.0,140.0,140.0,140.0,50.0
2017-11-14 11:00:00,NSE:ORIENTLTD,144.7,144.7,135.2,144.0,732.0
2017-11-14 14:00:00,NSE:ORIENTLTD,137.25,137.25,136.5,136.5,2652.0
2017-11-14 15:00:00,NSE:ORIENTLTD,136.5,141.95,133.5,140.0,2071.0
2017-11-15 09:00:00,NSE:ORIENTLTD,129.4,130.25,129.4,130.25,260.0
2017-11-15 10:00:00,NSE:ORIENTLTD,140.95,140.95,133.0,133.0,204.0
2017-11-15 13:00:00,NSE:ORIENTLTD,131.15,131.15,131.15,131.15,2.0
2017-11-15 14:00:00,NSE:ORIENTLTD,130.2,130.2,130.2,130.2,100.0
2017-11-15 15:00:00,NSE:ORIENTLTD,130.2,130.2,130.05,130.05,264.0
2017-11-16 11:00:00,NSE:ORIENTLTD,125.45,125.45,125.45,125.45,150.0
2017-11-16 12:00:00,NSE:ORIENTLTD,125.7,133.5,125.7,125.7,306.0
2017-11-16 14:00:00,NSE:ORIENTLTD,126.05,126.05,126.05,126.05,50.0
2017-11-16 15:00:00,NSE:ORIENTLTD,127.05,127.05,127.05,127.05,300.0
2017-11-17 09:00:00,NSE:ORIENTLTD,121.0,121.0,121.0,121.0,675.0
2017-11-17 10:00:00,NSE:ORIENTLTD,123.25,123.25,123.25,123.25,1.0
2017-11-17 14:00:00,NSE:ORIENTLTD,126.05,127.0,126.0,126.0,260.0
2017-11-17 15:00:00,NSE:ORIENTLTD,126.0,130.85,126.0,127.05,28.0
2017-11-20 09:00:00,NSE:ORIENTLTD,127.0,127.0,122.35,122.35,105.0
2017-11-20 10:00:00,NSE:ORIENTLTD,133.4,133.4,133.4,133.4,1414.0
2017-11-20 11:00:00,NSE:ORIENTLTD,133.4,133.4,133.4,133.4,435.0
2017-11-20 12:00:00,NSE:ORIENTLTD,133.4,133.4,133.4,133.4,10.0
2017-11-20 14:00:00,NSE:ORIENTLTD,133.4,133.4,133.4,133.4,15.0
2017-11-20 15:00:00,NSE:ORIENTLTD,133.4,133.4,133.4,133.4,85.0
2017-11-21 09:00:00,NSE:ORIENTLTD,140.05,140.05,140.05,140.05,1060.0
2017-11-21 10:00:00,NSE:ORIENTLTD,140.05,140.05,140.05,140.05,196.0
2017-11-21 12:00:00,NSE:ORIENTLTD,140.05,140.05,140.05,140.05,50.0
2017-11-21 13:00:00,NSE:ORIENTLTD,140.05,140.05,140.05,140.05,17.0
2017-11-21 14:00:00,NSE:ORIENTLTD,140.05,140.05,140.05,140.05,540.0
2017-11-22 09:00:00,NSE:ORIENTLTD,147.05,147.05,147.05,147.05,1067.0
2017-11-22 10:00:00,NSE:ORIENTLTD,147.05,147.05,147.05,147.05,374.0
2017-11-22 11:00:00,NSE:ORIENTLTD,147.05,147.05,147.05,147.05,255.0
2017-11-22 12:00:00,NSE:ORIENTLTD,147.05,147.05,147.05,147.05,450.0
2017-11-22 13:00:00,NSE:ORIENTLTD,147.05,147.05,147.05,147.05,121.0
2017-11-22 14:00:00,NSE:ORIENTLTD,147.05,147.05,147.05,147.05,290.0
2017-11-23 09:00:00,NSE:ORIENTLTD,154.4,154.4,154.4,154.4,1021.0
2017-11-23 10:00:00,NSE:ORIENTLTD,154.4,154.4,154.4,154.4,164.0
2017-11-23 11:00:00,NSE:ORIENTLTD,154.4,154.4,154.4,154.4,15.0
2017-11-23 12:00:00,NSE:ORIENTLTD,154.4,154.4,154.4,154.4,188.0
2017-11-23 13:00:00,NSE:ORIENTLTD,154.4,154.4,154.4,154.4,160.0
2017-11-24 09:00:00,NSE:ORIENTLTD,162.1,162.1,162.1,162.1,1955.0
2017-11-24 10:00:00,NSE:ORIENTLTD,162.1,162.1,162.1,162.1,952.0
2017-11-24 11:00:00,NSE:ORIENTLTD,162.1,162.1,162.1,162.1,290.0
2017-11-24 12:00:00,NSE:ORIENTLTD,162.1,162.1,162.1,162.1,210.0
2017-11-24 13:00:00,NSE:ORIENTLTD,162.1,162.1,162.1,162.1,202.0
2017-11-24 14:00:00,NSE:ORIENTLTD,162.1,162.1,162.1,162.1,100.0
2017-11-27 09:00:00,NSE:ORIENTLTD,170.2,170.2,170.2,170.2,896.0
2017-11-27 10:00:00,NSE:ORIENTLTD,170.2,170.2,170.2,170.2,312.0
2017-11-27 11:00:00,NSE:ORIENTLTD,170.2,170.2,170.2,170.2,33.0
2017-11-27 12:00:00,NSE:ORIENTLTD,170.2,170.2,170.2,170.2,530.0
2017-11-27 13:00:00,NSE:ORIENTLTD,170.2,170.2,170.2,170.2,20.0
2017-11-27 14:00:00,NSE:ORIENTLTD,170.2,170.2,170.2,170.2,5.0
2017-11-28 09:00:00,NSE:ORIENTLTD,178.7,178.7,162.35,168.9,11986.0
2017-11-28 10:00:00,NSE:ORIENTLTD,168.85,168.85,161.7,161.7,3770.0
2017-11-28 11:00:00,NSE:ORIENTLTD,161.7,161.7,161.7,161.7,689.0
2017-11-28 12:00:00,NSE:ORIENTLTD,161.7,161.7,161.7,161.7,186.0
2017-11-28 13:00:00,NSE:ORIENTLTD,161.7,161.7,161.7,161.7,123.0
2017-11-28 14:00:00,NSE:ORIENTLTD,161.7,161.7,161.7,161.7,200.0
2017-11-28 15:00:00,NSE:ORIENTLTD,161.7,161.7,161.7,161.7,193.0
2017-11-29 09:00:00,NSE:ORIENTLTD,155.05,162.0,155.05,156.55,2300.0
2017-11-29 10:00:00,NSE:ORIENTLTD,158.0,158.0,158.0,158.0,130.0
2017-11-29 11:00:00,NSE:ORIENTLTD,158.0,160.4,155.35,156.5,1017.0
2017-11-29 12:00:00,NSE:ORIENTLTD,160.25,160.25,156.5,156.5,351.0
2017-11-29 13:00:00,NSE:ORIENTLTD,156.5,156.5,156.5,156.5,98.0
2017-11-29 14:00:00,NSE:ORIENTLTD,156.5,156.55,155.0,156.55,1185.0
2017-11-29 15:00:00,NSE:ORIENTLTD,159.55,159.55,156.05,157.6,199.0
2017-11-30 10:00:00,NSE:ORIENTLTD,155.15,155.15,155.15,155.15,50.0
2017-11-30 11:00:00,NSE:ORIENTLTD,155.35,155.35,155.0,155.0,6124.0
2017-11-30 13:00:00,NSE:ORIENTLTD,158.1,158.1,158.1,158.1,100.0
2017-11-30 14:00:00,NSE:ORIENTLTD,155.15,160.0,155.15,160.0,1097.0
2017-11-30 15:00:00,NSE:ORIENTLTD,156.15,158.0,155.0,155.35,3620.0
2017-12-01 09:00:00,NSE:ORIENTLTD,155.0,155.0,155.0,155.0,110.0
2017-12-01 10:00:00,NSE:ORIENTLTD,155.0,155.0,155.0,155.0,25.0
2017-12-01 11:00:00,NSE:ORIENTLTD,155.0,156.9,155.0,156.9,302.0
2017-12-01 12:00:00,NSE:ORIENTLTD,156.85,156.85,156.85,156.85,110.0
2017-12-01 13:00:00,NSE:ORIENTLTD,156.35,156.35,156.35,156.35,75.0
2017-12-01 14:00:00,NSE:ORIENTLTD,155.1,155.1,155.0,155.0,505.0
2017-12-01 15:00:00,NSE:ORIENTLTD,155.0,156.8,155.0,155.0,285.0
2017-12-04 09:00:00,NSE:ORIENTLTD,160.0,160.0,155.0,155.0,100.0
2017-12-04 10:00:00,NSE:ORIENTLTD,155.0,158.85,155.0,155.0,106.0
2017-12-04 11:00:00,NSE:ORIENTLTD,155.0,155.0,155.0,155.0,90.0
2017-12-04 12:00:00,NSE:ORIENTLTD,155.0,155.0,155.0,155.0,500.0
2017-12-04 13:00:00,NSE:ORIENTLTD,155.0,155.0,155.0,155.0,100.0
2017-12-04 15:00:00,NSE:ORIENTLTD,155.0,158.85,155.0,156.0,355.0
2017-12-05 09:00:00,NSE:ORIENTLTD,162.0,162.9,155.05,155.05,140.0
2017-12-05 10:00:00,NSE:ORIENTLTD,161.25,161.25,161.25,161.25,3.0
2017-12-05 11:00:00,NSE:ORIENTLTD,157.05,157.05,157.05,157.05,35.0
2017-12-05 12:00:00,NSE:ORIENTLTD,157.0,157.0,157.0,157.0,403.0
2017-12-05 13:00:00,NSE:ORIENTLTD,157.0,157.0,157.0,157.0,200.0
2017-12-05 14:00:00,NSE:ORIENTLTD,157.0,159.25,157.0,159.25,468.0
2017-12-05 15:00:00,NSE:ORIENTLTD,156.15,156.4,156.15,156.4,229.0
2017-12-06 09:00:00,NSE:ORIENTLTD,157.25,157.25,157.25,157.25,2.0
2017-12-06 10:00:00,NSE:ORIENTLTD,157.25,157.25,157.0,157.0,3.0
2017-12-06 11:00:00,NSE:ORIENTLTD,156.0,156.05,156.0,156.05,158.0
2017-12-06 13:00:00,NSE:ORIENTLTD,156.05,157.0,156.0,157.0,40.0
2017-12-06 14:00:00,NSE:ORIENTLTD,157.5,157.5,157.5,157.5,115.0
2017-12-07 09:00:00,NSE:ORIENTLTD,160.0,160.0,160.0,160.0,384.0
2017-12-07 10:00:00,NSE:ORIENTLTD,161.0,164.1,160.0,160.0,1524.0
2017-12-07 11:00:00,NSE:ORIENTLTD,160.0,160.0,160.0,160.0,50.0
2017-12-07 12:00:00,NSE:ORIENTLTD,160.0,160.0,160.0,160.0,100.0
2017-12-07 14:00:00,NSE:ORIENTLTD,160.0,160.0,160.0,160.0,300.0
2017-12-07 15:00:00,NSE:ORIENTLTD,160.05,160.05,160.05,160.05,50.0
2017-12-08 09:00:00,NSE:ORIENTLTD,161.2,174.85,161.2,164.5,91.0
2017-12-08 10:00:00,NSE:ORIENTLTD,164.5,164.5,161.25,161.25,70.0
2017-12-08 11:00:00,NSE:ORIENTLTD,164.5,164.5,161.25,161.25,2.0
2017-12-08 13:00:00,NSE:ORIENTLTD,162.05,162.05,162.05,162.05,1.0
2017-12-08 14:00:00,NSE:ORIENTLTD,164.5,164.5,161.2,164.4,519.0
2017-12-08 15:00:00,NSE:ORIENTLTD,162.0,164.35,162.0,162.45,199.0
2017-12-11 09:00:00,NSE:ORIENTLTD,162.45,162.45,160.45,162.45,16.0
2017-12-11 10:00:00,NSE:ORIENTLTD,163.0,163.05,163.0,163.0,47.0
2017-12-11 11:00:00,NSE:ORIENTLTD,163.0,163.0,163.0,163.0,40.0
2017-12-11 12:00:00,NSE:ORIENTLTD,163.0,163.0,162.5,162.5,8.0
2017-12-11 14:00:00,NSE:ORIENTLTD,162.5,162.5,162.5,162.5,19.0
2017-12-12 09:00:00,NSE:ORIENTLTD,160.0,160.0,160.0,160.0,70.0
2017-12-12 10:00:00,NSE:ORIENTLTD,160.1,160.1,160.1,160.1,25.0
2017-12-12 12:00:00,NSE:ORIENTLTD,160.0,160.0,160.0,160.0,700.0
2017-12-12 13:00:00,NSE:ORIENTLTD,160.0,160.0,160.0,160.0,12.0
2017-12-12 14:00:00,NSE:ORIENTLTD,160.0,160.0,160.0,160.0,25.0
2017-12-12 15:00:00,NSE:ORIENTLTD,160.0,160.0,160.0,160.0,735.0
2017-12-13 09:00:00,NSE:ORIENTLTD,160.05,160.05,160.05,160.05,141.0
2017-12-13 10:00:00,NSE:ORIENTLTD,160.0,160.0,160.0,160.0,300.0
2017-12-13 11:00:00,NSE:ORIENTLTD,160.0,160.0,160.0,160.0,6175.0
2017-12-13 12:00:00,NSE:ORIENTLTD,160.0,160.0,160.0,160.0,984.0
2017-12-13 13:00:00,NSE:ORIENTLTD,160.0,160.0,160.0,160.0,101.0
2017-12-13 14:00:00,NSE:ORIENTLTD,160.0,160.0,160.0,160.0,25.0
2017-12-13 15:00:00,NSE:ORIENTLTD,160.0,160.0,160.0,160.0,40.0
2017-12-14 09:00:00,NSE:ORIENTLTD,165.15,165.15,160.0,160.0,670.0
2017-12-14 10:00:00,NSE:ORIENTLTD,160.05,160.05,160.05,160.05,80.0
2017-12-14 11:00:00,NSE:ORIENTLTD,160.05,160.1,160.05,160.1,32.0
2017-12-14 12:00:00,NSE:ORIENTLTD,160.1,160.1,160.1,160.1,5.0
2017-12-14 13:00:00,NSE:ORIENTLTD,160.05,161.5,160.05,160.05,172.0
2017-12-14 14:00:00,NSE:ORIENTLTD,160.05,160.05,160.0,160.0,3000.0
2017-12-14 15:00:00,NSE:ORIENTLTD,160.0,160.0,160.0,160.0,37.0
2017-12-15 09:00:00,NSE:ORIENTLTD,165.0,165.0,161.0,161.0,560.0
2017-12-15 10:00:00,NSE:ORIENTLTD,165.0,166.7,162.1,165.0,96.0
2017-12-15 11:00:00,NSE:ORIENTLTD,162.15,165.0,162.15,165.0,206.0
2017-12-15 12:00:00,NSE:ORIENTLTD,162.15,162.9,162.15,162.9,219.0
2017-12-15 14:00:00,NSE:ORIENTLTD,161.0,161.0,161.0,161.0,743.0
2017-12-15 15:00:00,NSE:ORIENTLTD,161.0,161.0,160.95,161.0,6.0
2017-12-18 09:00:00,NSE:ORIENTLTD,161.0,165.8,161.0,165.8,350.0
2017-12-18 10:00:00,NSE:ORIENTLTD,165.8,176.65,162.5,171.0,3194.0
2017-12-18 11:00:00,NSE:ORIENTLTD,165.05,169.95,165.05,169.0,376.0
2017-12-18 12:00:00,NSE:ORIENTLTD,168.75,169.0,168.75,169.0,795.0
2017-12-18 13:00:00,NSE:ORIENTLTD,166.0,166.0,163.65,164.85,751.0
2017-12-18 14:00:00,NSE:ORIENTLTD,164.85,164.85,164.85,164.85,352.0
2017-12-18 15:00:00,NSE:ORIENTLTD,165.0,167.8,165.0,167.2,311.0
2017-12-19 09:00:00,NSE:ORIENTLTD,175.0,175.0,165.0,169.0,505.0
2017-12-19 10:00:00,NSE:ORIENTLTD,172.5,172.75,170.0,171.0,770.0
2017-12-19 11:00:00,NSE:ORIENTLTD,172.0,173.85,170.0,173.85,1045.0
2017-12-19 12:00:00,NSE:ORIENTLTD,171.05,171.05,171.05,171.05,50.0
2017-12-19 13:00:00,NSE:ORIENTLTD,172.0,173.0,172.0,173.0,151.0
2017-12-19 14:00:00,NSE:ORIENTLTD,172.95,173.2,172.95,173.15,507.0
2017-12-19 15:00:00,NSE:ORIENTLTD,173.8,173.8,170.0,173.8,2419.0
2017-12-20 09:00:00,NSE:ORIENTLTD,173.8,187.95,173.8,178.05,930.0
2017-12-20 10:00:00,NSE:ORIENTLTD,178.1,184.95,178.1,178.2,1490.0
2017-12-20 11:00:00,NSE:ORIENTLTD,186.1,186.1,176.0,183.0,1273.0
2017-12-20 12:00:00,NSE:ORIENTLTD,180.1,181.0,180.1,181.0,440.0
2017-12-20 13:00:00,NSE:ORIENTLTD,180.0,180.0,180.0,180.0,562.0
2017-12-20 14:00:00,NSE:ORIENTLTD,179.0,180.5,176.0,180.5,1309.0
2017-12-20 15:00:00,NSE:ORIENTLTD,180.0,180.45,180.0,180.45,503.0
2017-12-21 09:00:00,NSE:ORIENTLTD,180.45,184.7,180.45,184.05,16.0
2017-12-21 11:00:00,NSE:ORIENTLTD,184.0,184.5,184.0,184.5,45.0
2017-12-21 12:00:00,NSE:ORIENTLTD,182.7,184.4,182.0,184.4,138.0
2017-12-21 13:00:00,NSE:ORIENTLTD,180.2,180.2,180.2,180.2,23.0
2017-12-21 14:00:00,NSE:ORIENTLTD,180.25,180.25,180.25,180.25,36.0
2017-12-21 15:00:00,NSE:ORIENTLTD,180.1,180.1,180.1,180.1,100.0
2017-12-22 09:00:00,NSE:ORIENTLTD,180.1,187.9,179.05,187.9,232.0
2017-12-22 10:00:00,NSE:ORIENTLTD,184.5,184.5,179.05,179.05,76.0
2017-12-22 11:00:00,NSE:ORIENTLTD,181.1,181.3,181.1,181.1,443.0
2017-12-22 12:00:00,NSE:ORIENTLTD,182.0,182.0,181.1,181.1,43.0
2017-12-22 13:00:00,NSE:ORIENTLTD,184.0,184.0,179.05,180.5,740.0
2017-12-22 14:00:00,NSE:ORIENTLTD,180.0,184.0,180.0,184.0,33.0
2017-12-22 15:00:00,NSE:ORIENTLTD,184.0,184.9,180.1,184.9,76.0
2017-12-26 09:00:00,NSE:ORIENTLTD,181.05,181.1,181.05,181.1,40.0
2017-12-26 10:00:00,NSE:ORIENTLTD,181.0,185.9,181.0,185.05,1118.0
2017-12-26 11:00:00,NSE:ORIENTLTD,185.05,185.9,185.05,185.9,254.0
2017-12-26 12:00:00,NSE:ORIENTLTD,185.9,186.0,185.9,185.9,227.0
2017-12-26 13:00:00,NSE:ORIENTLTD,185.05,188.0,185.05,185.05,152.0
2017-12-26 14:00:00,NSE:ORIENTLTD,187.0,190.0,185.0,190.0,2390.0
2017-12-26 15:00:00,NSE:ORIENTLTD,190.0,199.1,187.0,198.5,2306.0
2017-12-27 09:00:00,NSE:ORIENTLTD,190.6,216.25,190.6,216.0,24701.0
2017-12-27 10:00:00,NSE:ORIENTLTD,214.05,216.0,201.0,202.6,5315.0
2017-12-27 11:00:00,NSE:ORIENTLTD,203.95,205.0,202.0,202.0,961.0
2017-12-27 12:00:00,NSE:ORIENTLTD,202.0,204.95,201.0,201.0,927.0
2017-12-27 13:00:00,NSE:ORIENTLTD,203.0,204.5,201.25,202.0,165.0
2017-12-27 14:00:00,NSE:ORIENTLTD,204.4,204.4,201.2,201.2,3480.0
2017-12-27 15:00:00,NSE:ORIENTLTD,202.15,216.25,202.0,213.7,8112.0
2017-12-28 09:00:00,NSE:ORIENTLTD,215.0,233.95,210.05,215.1,10396.0
2017-12-28 10:00:00,NSE:ORIENTLTD,215.1,224.0,215.1,220.5,16308.0
2017-12-28 11:00:00,NSE:ORIENTLTD,223.4,225.0,220.0,220.6,7028.0
2017-12-28 12:00:00,NSE:ORIENTLTD,221.2,224.85,220.05,220.05,7341.0
2017-12-28 13:00:00,NSE:ORIENTLTD,223.75,223.75,220.35,221.15,19114.0
2017-12-28 14:00:00,NSE:ORIENTLTD,221.1,223.8,220.45,223.5,268.0
2017-12-28 15:00:00,NSE:ORIENTLTD,223.5,231.0,220.4,228.8,14163.0
2017-12-29 09:00:00,NSE:ORIENTLTD,230.8,233.0,216.5,216.5,7975.0
2017-12-29 10:00:00,NSE:ORIENTLTD,216.5,218.0,215.5,216.85,14755.0
2017-12-29 11:00:00,NSE:ORIENTLTD,216.55,216.9,215.65,216.2,368.0
2017-12-29 12:00:00,NSE:ORIENTLTD,216.5,218.0,216.4,216.4,918.0
2017-12-29 13:00:00,NSE:ORIENTLTD,216.0,217.45,216.0,217.05,542.0
2017-12-29 14:00:00,NSE:ORIENTLTD,217.05,217.05,215.5,215.5,31927.0
2017-12-29 15:00:00,NSE:ORIENTLTD,215.5,216.75,215.5,216.25,486.0
2018-01-01 09:00:00,NSE:ORIENTLTD,216.25,216.25,207.1,215.0,13223.0
2018-01-01 10:00:00,NSE:ORIENTLTD,215.0,218.9,214.5,216.7,12848.0
2018-01-01 11:00:00,NSE:ORIENTLTD,211.2,217.85,211.2,217.85,295.0
2018-01-01 12:00:00,NSE:ORIENTLTD,216.5,218.0,211.3,214.6,13468.0
2018-01-01 13:00:00,NSE:ORIENTLTD,218.0,218.8,215.85,215.85,12737.0
2018-01-01 14:00:00,NSE:ORIENTLTD,216.0,216.0,216.0,216.0,445.0
2018-01-01 15:00:00,NSE:ORIENTLTD,218.8,218.8,216.05,216.05,203.0
2018-01-02 09:00:00,NSE:ORIENTLTD,220.0,220.0,206.55,206.55,5405.0
2018-01-02 10:00:00,NSE:ORIENTLTD,206.55,207.9,206.55,207.9,898.0
2018-01-02 11:00:00,NSE:ORIENTLTD,207.9,207.9,206.55,206.55,622.0
2018-01-02 12:00:00,NSE:ORIENTLTD,206.55,209.45,206.55,206.55,295.0
2018-01-02 13:00:00,NSE:ORIENTLTD,206.55,209.0,206.55,209.0,1025.0
2018-01-02 14:00:00,NSE:ORIENTLTD,207.0,214.9,206.8,208.5,2741.0
2018-01-02 15:00:00,NSE:ORIENTLTD,206.6,207.0,206.55,206.55,189.0
2018-01-03 09:00:00,NSE:ORIENTLTD,205.9,209.95,202.0,208.0,311.0
2018-01-03 10:00:00,NSE:ORIENTLTD,208.0,208.0,198.5,207.6,159.0
2018-01-03 11:00:00,NSE:ORIENTLTD,207.4,207.4,199.0,199.0,15.0
2018-01-03 12:00:00,NSE:ORIENTLTD,199.35,210.9,199.35,200.0,1052.0
2018-01-03 13:00:00,NSE:ORIENTLTD,202.0,202.0,200.3,200.3,233.0
2018-01-03 14:00:00,NSE:ORIENTLTD,200.5,200.5,196.3,196.3,792.0
2018-01-03 15:00:00,NSE:ORIENTLTD,197.0,200.0,196.3,200.0,547.0
2018-01-04 10:00:00,NSE:ORIENTLTD,187.05,187.05,187.05,187.05,30.0
2018-01-04 11:00:00,NSE:ORIENTLTD,187.05,187.05,186.95,186.95,374.0
2018-01-04 12:00:00,NSE:ORIENTLTD,186.95,186.95,186.95,186.95,1.0
2018-01-04 13:00:00,NSE:ORIENTLTD,186.95,186.95,186.95,186.95,19.0
2018-01-04 14:00:00,NSE:ORIENTLTD,186.95,196.7,186.95,187.0,5.0
2018-01-04 15:00:00,NSE:ORIENTLTD,196.5,196.5,196.4,196.4,31.0
2018-01-05 09:00:00,NSE:ORIENTLTD,204.9,204.9,186.6,201.95,49.0
2018-01-05 10:00:00,NSE:ORIENTLTD,201.95,201.95,201.95,201.95,10.0
2018-01-05 11:00:00,NSE:ORIENTLTD,191.05,191.05,191.05,191.05,1.0
2018-01-05 12:00:00,NSE:ORIENTLTD,191.05,191.05,186.6,186.6,283.0
2018-01-05 13:00:00,NSE:ORIENTLTD,192.0,192.0,192.0,192.0,100.0
2018-01-05 15:00:00,NSE:ORIENTLTD,186.6,194.0,186.6,186.9,211.0
2018-01-08 09:00:00,NSE:ORIENTLTD,196.2,196.2,184.0,184.0,648.0
2018-01-08 10:00:00,NSE:ORIENTLTD,186.0,186.0,185.0,185.0,265.0
2018-01-08 11:00:00,NSE:ORIENTLTD,184.5,185.0,184.0,184.0,410.0
2018-01-08 12:00:00,NSE:ORIENTLTD,185.0,185.0,184.0,184.0,123.0
2018-01-08 13:00:00,NSE:ORIENTLTD,185.0,185.0,184.05,184.05,7.0
2018-01-08 14:00:00,NSE:ORIENTLTD,185.0,185.0,184.05,184.05,244.0
2018-01-08 15:00:00,NSE:ORIENTLTD,185.0,185.0,185.0,185.0,62.0
2018-01-09 09:00:00,NSE:ORIENTLTD,185.65,185.7,185.65,185.7,53.0
2018-01-09 10:00:00,NSE:ORIENTLTD,193.95,193.95,193.95,193.95,5.0
2018-01-09 11:00:00,NSE:ORIENTLTD,188.0,192.0,185.65,186.5,606.0
2018-01-09 12:00:00,NSE:ORIENTLTD,193.5,193.5,187.0,187.0,465.0
2018-01-09 14:00:00,NSE:ORIENTLTD,186.75,190.7,186.5,190.7,230.0
2018-01-09 15:00:00,NSE:ORIENTLTD,186.5,190.7,185.0,190.7,1531.0
2018-01-10 10:00:00,NSE:ORIENTLTD,176.8,182.0,176.8,182.0,342.0
2018-01-10 11:00:00,NSE:ORIENTLTD,182.0,182.0,177.5,180.0,755.0
2018-01-10 12:00:00,NSE:ORIENTLTD,180.0,180.0,180.0,180.0,50.0
2018-01-10 13:00:00,NSE:ORIENTLTD,177.0,180.5,176.9,180.5,2485.0
2018-01-10 14:00:00,NSE:ORIENTLTD,177.75,180.5,177.5,180.45,1009.0
2018-01-10 15:00:00,NSE:ORIENTLTD,180.0,180.0,180.0,180.0,1000.0
2018-01-11 09:00:00,NSE:ORIENTLTD,189.0,189.0,189.0,189.0,327.0
2018-01-11 10:00:00,NSE:ORIENTLTD,189.0,189.0,189.0,189.0,561.0
2018-01-11 11:00:00,NSE:ORIENTLTD,189.0,189.0,189.0,189.0,5.0
2018-01-11 12:00:00,NSE:ORIENTLTD,189.0,189.0,189.0,189.0,50.0
2018-01-11 14:00:00,NSE:ORIENTLTD,189.0,189.0,189.0,189.0,5.0
2018-01-12 09:00:00,NSE:ORIENTLTD,198.45,198.45,198.45,198.45,438.0
2018-01-12 10:00:00,NSE:ORIENTLTD,198.45,198.45,198.45,198.45,38.0
2018-01-12 11:00:00,NSE:ORIENTLTD,198.45,198.45,198.45,198.45,770.0
2018-01-12 12:00:00,NSE:ORIENTLTD,198.45,198.45,198.45,198.45,106.0
2018-01-12 13:00:00,NSE:ORIENTLTD,198.45,198.45,198.45,198.45,141.0
2018-01-12 14:00:00,NSE:ORIENTLTD,198.45,198.45,198.45,198.45,7.0
2018-01-15 09:00:00,NSE:ORIENTLTD,208.35,208.35,208.35,208.35,447.0
2018-01-15 10:00:00,NSE:ORIENTLTD,208.35,208.35,208.35,208.35,274.0
2018-01-15 11:00:00,NSE:ORIENTLTD,208.35,208.35,208.35,208.35,60.0
2018-01-15 12:00:00,NSE:ORIENTLTD,208.35,208.35,208.35,208.35,320.0
2018-01-15 13:00:00,NSE:ORIENTLTD,208.35,208.35,208.35,208.35,695.0
2018-01-15 14:00:00,NSE:ORIENTLTD,208.35,208.35,208.35,208.35,50.0
2018-01-16 09:00:00,NSE:ORIENTLTD,217.8,217.8,199.0,199.0,462.0
2018-01-16 10:00:00,NSE:ORIENTLTD,197.95,197.95,197.95,197.95,1600.0
2018-01-16 11:00:00,NSE:ORIENTLTD,197.95,197.95,197.95,197.95,237.0
2018-01-16 12:00:00,NSE:ORIENTLTD,205.6,205.6,205.6,205.6,100.0
2018-01-16 13:00:00,NSE:ORIENTLTD,200.0,200.0,199.5,199.5,145.0
2018-01-16 15:00:00,NSE:ORIENTLTD,199.5,199.5,199.5,199.5,165.0
2018-01-17 09:00:00,NSE:ORIENTLTD,199.45,199.45,199.45,199.45,6.0
2018-01-17 10:00:00,NSE:ORIENTLTD,199.45,199.45,199.45,199.45,40.0
2018-01-18 09:00:00,NSE:ORIENTLTD,190.0,190.0,190.0,190.0,350.0
2018-01-18 10:00:00,NSE:ORIENTLTD,190.0,190.0,190.0,190.0,25.0
2018-01-18 12:00:00,NSE:ORIENTLTD,191.0,198.0,191.0,198.0,23.0
2018-01-18 13:00:00,NSE:ORIENTLTD,191.0,192.0,190.0,190.0,152.0
2018-01-18 15:00:00,NSE:ORIENTLTD,190.0,190.0,190.0,190.0,50.0
2018-01-19 09:00:00,NSE:ORIENTLTD,184.0,184.0,184.0,184.0,47.0
2018-01-19 10:00:00,NSE:ORIENTLTD,190.0,190.0,190.0,190.0,15.0
2018-01-19 11:00:00,NSE:ORIENTLTD,190.0,190.0,189.95,189.95,181.0
2018-01-19 13:00:00,NSE:ORIENTLTD,189.5,189.5,189.5,189.5,10.0
2018-01-19 15:00:00,NSE:ORIENTLTD,190.0,190.0,190.0,190.0,52.0
2018-01-22 10:00:00,NSE:ORIENTLTD,189.95,189.95,189.95,189.95,2.0
2018-01-22 11:00:00,NSE:ORIENTLTD,194.95,195.0,194.95,195.0,80.0
2018-01-22 13:00:00,NSE:ORIENTLTD,193.0,193.0,193.0,193.0,1000.0
2018-01-22 14:00:00,NSE:ORIENTLTD,195.0,195.0,195.0,195.0,50.0
2018-01-23 09:00:00,NSE:ORIENTLTD,195.0,195.0,195.0,195.0,25.0
2018-01-23 10:00:00,NSE:ORIENTLTD,199.5,204.75,199.5,204.75,651.0
2018-01-23 11:00:00,NSE:ORIENTLTD,204.7,204.75,202.05,202.2,1415.0
2018-01-23 12:00:00,NSE:ORIENTLTD,204.75,204.75,204.75,204.75,3.0
2018-01-23 13:00:00,NSE:ORIENTLTD,204.75,204.75,204.75,204.75,4059.0
2018-01-23 14:00:00,NSE:ORIENTLTD,204.75,204.75,204.75,204.75,210.0
2018-01-23 15:00:00,NSE:ORIENTLTD,204.75,204.75,204.75,204.75,100.0
2018-01-24 10:00:00,NSE:ORIENTLTD,206.5,206.5,200.0,200.0,200.0
2018-01-24 11:00:00,NSE:ORIENTLTD,205.0,205.0,205.0,205.0,20.0
2018-01-24 13:00:00,NSE:ORIENTLTD,200.0,200.0,200.0,200.0,50.0
2018-01-25 10:00:00,NSE:ORIENTLTD,201.0,201.0,201.0,201.0,10.0
2018-01-25 11:00:00,NSE:ORIENTLTD,201.0,201.0,201.0,201.0,1.0
2018-01-29 10:00:00,NSE:ORIENTLTD,201.0,201.0,201.0,201.0,58.0
2018-01-29 11:00:00,NSE:ORIENTLTD,201.0,201.0,200.0,200.0,414.0
2018-01-29 12:00:00,NSE:ORIENTLTD,200.0,200.0,200.0,200.0,1.0
2018-01-29 14:00:00,NSE:ORIENTLTD,200.0,200.0,200.0,200.0,5.0
2018-01-29 15:00:00,NSE:ORIENTLTD,200.0,200.0,200.0,200.0,1117.0
2018-01-30 09:00:00,NSE:ORIENTLTD,192.0,192.0,192.0,192.0,15.0
2018-01-30 11:00:00,NSE:ORIENTLTD,202.0,202.0,202.0,202.0,200.0
2018-01-30 12:00:00,NSE:ORIENTLTD,200.0,200.0,200.0,200.0,350.0
2018-01-30 13:00:00,NSE:ORIENTLTD,200.0,200.0,200.0,200.0,51.0
2018-01-30 14:00:00,NSE:ORIENTLTD,200.0,200.0,200.0,200.0,127.0
2018-01-30 15:00:00,NSE:ORIENTLTD,201.0,201.0,200.0,200.0,420.0
2018-01-31 09:00:00,NSE:ORIENTLTD,209.8,209.8,205.0,205.0,3551.0
2018-01-31 14:00:00,NSE:ORIENTLTD,201.0,201.05,201.0,201.05,109.0
2018-02-01 10:00:00,NSE:ORIENTLTD,201.0,209.9,201.0,209.9,310.0
2018-02-01 11:00:00,NSE:ORIENTLTD,201.0,201.0,201.0,201.0,100.0
2018-02-01 12:00:00,NSE:ORIENTLTD,201.0,201.0,201.0,201.0,1001.0
2018-02-01 14:00:00,NSE:ORIENTLTD,201.0,201.0,201.0,201.0,50.0
2018-02-01 15:00:00,NSE:ORIENTLTD,201.0,201.0,201.0,201.0,200.0
2018-02-02 09:00:00,NSE:ORIENTLTD,200.0,200.0,200.0,200.0,300.0
2018-02-02 10:00:00,NSE:ORIENTLTD,200.0,200.0,200.0,200.0,3516.0
2018-02-02 11:00:00,NSE:ORIENTLTD,200.0,200.0,200.0,200.0,1184.0
2018-02-02 14:00:00,NSE:ORIENTLTD,195.0,195.0,194.0,194.0,200.0
2018-02-02 15:00:00,NSE:ORIENTLTD,193.05,205.0,192.05,197.85,934.0
2018-02-05 09:00:00,NSE:ORIENTLTD,188.1,189.0,188.1,189.0,133.0
2018-02-05 10:00:00,NSE:ORIENTLTD,205.0,205.0,205.0,205.0,33.0
2018-02-05 11:00:00,NSE:ORIENTLTD,188.0,188.0,188.0,188.0,127.0
2018-02-06 09:00:00,NSE:ORIENTLTD,180.1,180.1,180.1,180.1,50.0
2018-02-06 11:00:00,NSE:ORIENTLTD,181.0,181.0,181.0,181.0,62.0
2018-02-06 12:00:00,NSE:ORIENTLTD,188.0,188.0,188.0,188.0,1.0
2018-02-06 13:00:00,NSE:ORIENTLTD,188.0,188.0,188.0,188.0,99.0
2018-02-06 14:00:00,NSE:ORIENTLTD,181.05,193.0,181.05,193.0,198.0
2018-02-06 15:00:00,NSE:ORIENTLTD,197.4,197.4,197.4,197.4,1.0
2018-02-07 10:00:00,NSE:ORIENTLTD,205.4,207.25,204.0,207.25,4725.0
2018-02-07 11:00:00,NSE:ORIENTLTD,200.1,200.1,200.05,200.05,61.0
2018-02-07 12:00:00,NSE:ORIENTLTD,205.95,207.25,205.95,207.25,1818.0
2018-02-07 14:00:00,NSE:ORIENTLTD,207.25,207.25,207.25,207.25,8.0
2018-02-07 15:00:00,NSE:ORIENTLTD,207.25,207.25,207.25,207.25,100.0
2018-02-08 09:00:00,NSE:ORIENTLTD,208.0,217.25,208.0,208.2,1200.0
2018-02-08 10:00:00,NSE:ORIENTLTD,209.0,214.95,208.7,209.0,625.0
2018-02-08 11:00:00,NSE:ORIENTLTD,209.3,216.5,209.0,209.0,4114.0
2018-02-08 12:00:00,NSE:ORIENTLTD,210.0,217.6,209.0,211.0,2703.0
2018-02-08 13:00:00,NSE:ORIENTLTD,215.0,215.0,215.0,215.0,47.0
2018-02-08 14:00:00,NSE:ORIENTLTD,215.0,217.5,214.0,217.5,455.0
2018-02-08 15:00:00,NSE:ORIENTLTD,211.45,216.45,211.05,211.05,552.0
2018-02-09 09:00:00,NSE:ORIENTLTD,220.7,220.7,203.7,211.2,630.0
2018-02-09 10:00:00,NSE:ORIENTLTD,213.0,213.0,213.0,213.0,206.0
2018-02-09 12:00:00,NSE:ORIENTLTD,212.9,212.9,212.9,212.9,1797.0
2018-02-09 13:00:00,NSE:ORIENTLTD,212.95,212.95,212.95,212.95,5.0
2018-02-09 14:00:00,NSE:ORIENTLTD,212.95,212.95,212.95,212.95,2.0
2018-02-09 15:00:00,NSE:ORIENTLTD,212.95,212.95,209.0,209.0,1570.0
2018-02-12 10:00:00,NSE:ORIENTLTD,206.0,206.0,206.0,206.0,250.0
2018-02-12 11:00:00,NSE:ORIENTLTD,218.0,218.0,218.0,218.0,5000.0
2018-02-12 12:00:00,NSE:ORIENTLTD,207.65,219.4,207.65,211.0,14184.0
2018-02-12 13:00:00,NSE:ORIENTLTD,209.05,209.05,209.05,209.05,10.0
2018-02-12 14:00:00,NSE:ORIENTLTD,214.0,217.5,214.0,214.05,1040.0
2018-02-12 15:00:00,NSE:ORIENTLTD,216.05,216.05,210.0,215.9,387.0
2018-02-14 09:00:00,NSE:ORIENTLTD,208.0,210.6,208.0,210.5,20411.0
2018-02-14 11:00:00,NSE:ORIENTLTD,213.0,218.95,213.0,218.95,298.0
2018-02-14 12:00:00,NSE:ORIENTLTD,218.9,218.9,213.5,213.5,1050.0
2018-02-14 15:00:00,NSE:ORIENTLTD,213.05,213.05,213.05,213.05,1000.0
2018-02-15 09:00:00,NSE:ORIENTLTD,213.0,213.0,213.0,213.0,5160.0
2018-02-15 10:00:00,NSE:ORIENTLTD,214.9,214.9,213.1,213.1,63.0
2018-02-15 12:00:00,NSE:ORIENTLTD,213.0,224.15,211.1,224.15,10218.0
2018-02-15 13:00:00,NSE:ORIENTLTD,224.15,224.15,224.15,224.15,360.0
2018-02-15 14:00:00,NSE:ORIENTLTD,224.15,224.15,220.25,224.15,1824.0
2018-02-15 15:00:00,NSE:ORIENTLTD,224.05,224.05,220.35,223.1,110.0
2018-02-16 09:00:00,NSE:ORIENTLTD,231.95,231.95,220.0,220.0,315.0
2018-02-16 10:00:00,NSE:ORIENTLTD,220.0,220.05,219.8,220.0,326.0
2018-02-16 11:00:00,NSE:ORIENTLTD,220.0,220.0,219.95,220.0,550.0
2018-02-16 12:00:00,NSE:ORIENTLTD,222.95,222.95,222.95,222.95,100.0
2018-02-16 13:00:00,NSE:ORIENTLTD,220.0,220.0,220.0,220.0,3.0
2018-02-16 14:00:00,NSE:ORIENTLTD,222.7,222.7,222.7,222.7,50.0
2018-02-16 15:00:00,NSE:ORIENTLTD,220.05,220.1,215.0,216.9,2124.0
2018-02-19 09:00:00,NSE:ORIENTLTD,215.0,215.0,214.95,214.95,100.0
2018-02-19 10:00:00,NSE:ORIENTLTD,215.0,215.0,215.0,215.0,15.0
2018-02-19 11:00:00,NSE:ORIENTLTD,227.0,227.7,227.0,227.7,1213.0
2018-02-19 12:00:00,NSE:ORIENTLTD,227.7,227.7,227.7,227.7,204.0
2018-02-19 13:00:00,NSE:ORIENTLTD,227.7,227.7,227.7,227.7,350.0
2018-02-19 15:00:00,NSE:ORIENTLTD,227.7,227.7,227.7,227.7,60.0
2018-02-20 09:00:00,NSE:ORIENTLTD,232.95,239.05,228.0,236.55,3645.0
2018-02-20 10:00:00,NSE:ORIENTLTD,239.0,239.05,236.4,236.4,466.0
2018-02-20 11:00:00,NSE:ORIENTLTD,238.85,238.85,236.0,236.1,295.0
2018-02-20 12:00:00,NSE:ORIENTLTD,236.1,239.05,235.45,239.05,537.0
2018-02-20 13:00:00,NSE:ORIENTLTD,235.45,239.05,235.45,236.0,228.0
2018-02-20 14:00:00,NSE:ORIENTLTD,237.0,239.05,235.45,239.05,142.0
2018-02-20 15:00:00,NSE:ORIENTLTD,235.5,235.5,227.0,231.5,10228.0
2018-02-21 09:00:00,NSE:ORIENTLTD,227.0,238.4,226.8,233.85,392.0
2018-02-21 10:00:00,NSE:ORIENTLTD,233.65,233.65,233.65,233.65,43.0
2018-02-21 11:00:00,NSE:ORIENTLTD,233.6,233.6,233.0,233.55,120.0
2018-02-21 13:00:00,NSE:ORIENTLTD,227.0,233.45,226.85,226.85,27.0
2018-02-21 14:00:00,NSE:ORIENTLTD,228.0,232.8,226.5,232.8,222.0
2018-02-21 15:00:00,NSE:ORIENTLTD,227.0,227.0,227.0,227.0,305.0
2018-02-22 09:00:00,NSE:ORIENTLTD,237.9,237.9,226.1,228.0,222.0
2018-02-22 10:00:00,NSE:ORIENTLTD,227.9,228.0,226.0,226.0,384.0
2018-02-22 11:00:00,NSE:ORIENTLTD,226.05,229.9,226.0,229.9,110.0
2018-02-22 12:00:00,NSE:ORIENTLTD,230.0,230.0,230.0,230.0,53.0
2018-02-22 13:00:00,NSE:ORIENTLTD,230.0,230.0,225.85,226.15,1551.0
2018-02-22 14:00:00,NSE:ORIENTLTD,226.1,227.0,226.0,226.0,28.0
2018-02-22 15:00:00,NSE:ORIENTLTD,226.5,226.5,225.4,225.95,2488.0
2018-02-23 09:00:00,NSE:ORIENTLTD,225.0,225.0,225.0,225.0,200.0
2018-02-23 11:00:00,NSE:ORIENTLTD,223.05,225.05,223.05,223.05,10.0
2018-02-23 13:00:00,NSE:ORIENTLTD,228.0,228.0,228.0,228.0,91.0
2018-02-23 14:00:00,NSE:ORIENTLTD,227.5,237.2,227.5,237.2,7064.0
2018-02-23 15:00:00,NSE:ORIENTLTD,237.2,237.2,237.2,237.2,5085.0
2018-02-26 09:00:00,NSE:ORIENTLTD,237.2,249.05,237.2,248.0,369.0
2018-02-26 10:00:00,NSE:ORIENTLTD,240.6,240.6,240.5,240.5,535.0
2018-02-26 11:00:00,NSE:ORIENTLTD,237.1,237.1,237.0,237.1,53.0
2018-02-26 13:00:00,NSE:ORIENTLTD,240.4,240.4,237.0,237.0,81.0
2018-02-26 14:00:00,NSE:ORIENTLTD,237.0,240.5,237.0,240.3,822.0
2018-02-26 15:00:00,NSE:ORIENTLTD,240.3,241.75,234.7,235.05,6664.0
2018-02-27 09:00:00,NSE:ORIENTLTD,230.05,233.05,230.05,233.0,210.0
2018-02-27 10:00:00,NSE:ORIENTLTD,233.0,233.0,230.0,230.0,51.0
2018-02-27 11:00:00,NSE:ORIENTLTD,230.0,233.3,230.0,230.0,42.0
2018-02-27 14:00:00,NSE:ORIENTLTD,233.3,233.3,233.3,233.3,165.0
2018-02-27 15:00:00,NSE:ORIENTLTD,235.0,237.95,234.95,237.95,1484.0
2018-02-28 09:00:00,NSE:ORIENTLTD,233.0,233.0,232.0,232.0,307.0
2018-02-28 12:00:00,NSE:ORIENTLTD,236.9,236.9,232.05,232.05,15.0
2018-02-28 13:00:00,NSE:ORIENTLTD,231.7,232.0,231.7,232.0,902.0
2018-02-28 14:00:00,NSE:ORIENTLTD,232.0,232.0,232.0,232.0,50.0
2018-02-28 15:00:00,NSE:ORIENTLTD,234.95,234.95,234.95,234.95,1.0
2018-03-01 09:00:00,NSE:ORIENTLTD,233.5,233.5,233.5,233.5,300.0
2018-03-01 10:00:00,NSE:ORIENTLTD,233.5,233.5,230.0,230.0,25.0
2018-03-01 11:00:00,NSE:ORIENTLTD,235.8,235.8,230.1,230.1,200.0
2018-03-01 12:00:00,NSE:ORIENTLTD,230.1,230.1,230.1,230.1,5.0
2018-03-01 13:00:00,NSE:ORIENTLTD,230.1,230.1,230.0,230.0,200.0
2018-03-01 15:00:00,NSE:ORIENTLTD,232.0,232.1,232.0,232.0,645.0
2018-03-05 09:00:00,NSE:ORIENTLTD,231.9,232.0,231.0,231.0,915.0
2018-03-05 10:00:00,NSE:ORIENTLTD,231.05,231.05,231.05,231.05,1.0
2018-03-05 11:00:00,NSE:ORIENTLTD,231.05,231.05,231.0,231.05,325.0
2018-03-05 13:00:00,NSE:ORIENTLTD,233.0,233.0,232.0,232.0,616.0
2018-03-05 14:00:00,NSE:ORIENTLTD,232.0,232.0,232.0,232.0,335.0
2018-03-05 15:00:00,NSE:ORIENTLTD,231.9,232.1,231.0,231.9,868.0
2018-03-06 09:00:00,NSE:ORIENTLTD,233.5,233.5,232.05,232.05,376.0
2018-03-06 10:00:00,NSE:ORIENTLTD,232.05,232.05,232.0,232.0,185.0
2018-03-06 12:00:00,NSE:ORIENTLTD,231.95,243.3,231.95,243.3,4033.0
2018-03-06 15:00:00,NSE:ORIENTLTD,243.3,243.3,243.3,243.3,20.0
2018-03-07 09:00:00,NSE:ORIENTLTD,250.2,254.0,240.05,247.8,2279.0
2018-03-07 10:00:00,NSE:ORIENTLTD,247.75,247.75,244.2,244.25,29.0
2018-03-07 11:00:00,NSE:ORIENTLTD,244.25,244.25,244.2,244.2,86.0
2018-03-07 12:00:00,NSE:ORIENTLTD,248.0,254.95,248.0,248.7,1958.0
2018-03-07 13:00:00,NSE:ORIENTLTD,248.0,248.95,244.2,244.2,63.0
2018-03-07 14:00:00,NSE:ORIENTLTD,242.05,248.0,242.0,242.0,470.0
2018-03-07 15:00:00,NSE:ORIENTLTD,241.95,242.05,241.5,242.05,3072.0
2018-03-08 09:00:00,NSE:ORIENTLTD,241.95,241.95,240.65,240.65,625.0
2018-03-08 10:00:00,NSE:ORIENTLTD,242.0,246.5,242.0,246.5,10434.0
2018-03-08 11:00:00,NSE:ORIENTLTD,246.5,250.0,240.7,246.0,4546.0
2018-03-08 12:00:00,NSE:ORIENTLTD,246.1,250.0,246.1,250.0,2844.0
2018-03-08 13:00:00,NSE:ORIENTLTD,249.0,249.0,249.0,249.0,361.0
2018-03-08 14:00:00,NSE:ORIENTLTD,250.0,254.0,245.95,245.95,20111.0
2018-03-08 15:00:00,NSE:ORIENTLTD,246.0,246.95,242.3,246.95,273.0
2018-03-09 09:00:00,NSE:ORIENTLTD,246.95,246.95,244.6,244.6,437.0
2018-03-09 10:00:00,NSE:ORIENTLTD,244.6,244.6,243.75,244.6,2131.0
2018-03-09 11:00:00,NSE:ORIENTLTD,244.6,244.6,244.6,244.6,19.0
2018-03-09 12:00:00,NSE:ORIENTLTD,244.6,244.6,244.6,244.6,14.0
2018-03-09 13:00:00,NSE:ORIENTLTD,246.6,246.6,246.6,246.6,1.0
2018-03-09 14:00:00,NSE:ORIENTLTD,246.45,246.55,243.45,246.5,2156.0
2018-03-09 15:00:00,NSE:ORIENTLTD,243.4,246.75,242.0,242.0,3109.0
2018-03-12 09:00:00,NSE:ORIENTLTD,243.1,245.95,243.05,245.95,202.0
2018-03-12 10:00:00,NSE:ORIENTLTD,245.95,245.95,243.05,243.05,2.0
2018-03-12 11:00:00,NSE:ORIENTLTD,245.0,245.0,245.0,245.0,13.0
2018-03-12 12:00:00,NSE:ORIENTLTD,245.0,245.0,243.05,243.05,7.0
2018-03-12 13:00:00,NSE:ORIENTLTD,243.05,244.95,243.0,243.0,115.0
2018-03-12 14:00:00,NSE:ORIENTLTD,243.2,246.05,241.0,241.0,2577.0
2018-03-12 15:00:00,NSE:ORIENTLTD,241.0,246.45,241.0,241.05,1506.0
2018-03-13 09:00:00,NSE:ORIENTLTD,240.5,242.0,239.6,242.0,1745.0
2018-03-13 12:00:00,NSE:ORIENTLTD,242.2,243.85,242.2,243.85,12.0
2018-03-13 13:00:00,NSE:ORIENTLTD,242.2,243.0,242.0,242.0,110.0
2018-03-13 14:00:00,NSE:ORIENTLTD,242.0,243.05,242.0,243.05,319.0
2018-03-13 15:00:00,NSE:ORIENTLTD,242.0,242.0,240.7,240.9,2425.0
2018-03-14 09:00:00,NSE:ORIENTLTD,240.0,244.25,239.95,240.2,65.0
2018-03-14 10:00:00,NSE:ORIENTLTD,240.55,252.95,240.25,252.95,6376.0
2018-03-14 11:00:00,NSE:ORIENTLTD,252.95,252.95,250.05,250.05,358.0
2018-03-14 12:00:00,NSE:ORIENTLTD,250.05,250.05,250.05,250.05,113.0
2018-03-14 13:00:00,NSE:ORIENTLTD,250.0,250.25,250.0,250.0,5299.0
2018-03-14 14:00:00,NSE:ORIENTLTD,251.3,251.3,251.0,251.0,349.0
2018-03-14 15:00:00,NSE:ORIENTLTD,250.0,250.0,250.0,250.0,1050.0
2018-03-15 09:00:00,NSE:ORIENTLTD,250.45,254.0,250.45,250.8,2992.0
2018-03-15 10:00:00,NSE:ORIENTLTD,253.7,254.0,249.85,253.9,2347.0
2018-03-15 11:00:00,NSE:ORIENTLTD,251.0,253.9,250.05,250.05,1448.0
2018-03-15 12:00:00,NSE:ORIENTLTD,251.5,253.5,250.1,251.6,4222.0
2018-03-15 13:00:00,NSE:ORIENTLTD,252.2,252.2,252.2,252.2,1255.0
2018-03-15 14:00:00,NSE:ORIENTLTD,249.7,252.75,249.7,252.75,471.0
2018-03-15 15:00:00,NSE:ORIENTLTD,252.5,252.5,249.75,249.75,1013.0
2018-03-16 09:00:00,NSE:ORIENTLTD,249.35,254.0,249.2,250.9,4423.0
2018-03-16 10:00:00,NSE:ORIENTLTD,251.25,254.0,248.9,252.0,1586.0
2018-03-16 11:00:00,NSE:ORIENTLTD,252.0,253.95,248.8,253.95,479.0
2018-03-16 13:00:00,NSE:ORIENTLTD,249.1,249.1,249.1,249.1,80.0
2018-03-16 14:00:00,NSE:ORIENTLTD,251.1,251.1,251.1,251.1,1250.0
2018-03-16 15:00:00,NSE:ORIENTLTD,249.7,254.0,249.7,249.8,2341.0
2018-03-19 09:00:00,NSE:ORIENTLTD,247.0,253.6,247.0,252.9,1232.0
2018-03-19 10:00:00,NSE:ORIENTLTD,250.05,254.0,247.0,252.95,383.0
2018-03-19 11:00:00,NSE:ORIENTLTD,252.95,253.95,247.55,247.55,54.0
2018-03-19 13:00:00,NSE:ORIENTLTD,248.0,253.9,247.55,253.9,5018.0
2018-03-19 14:00:00,NSE:ORIENTLTD,253.0,253.0,250.0,250.0,5025.0
2018-03-19 15:00:00,NSE:ORIENTLTD,250.0,252.95,247.0,247.25,2820.0
2018-03-20 09:00:00,NSE:ORIENTLTD,253.05,253.05,247.05,247.45,3327.0
2018-03-20 10:00:00,NSE:ORIENTLTD,247.25,248.0,247.0,247.7,1370.0
2018-03-20 11:00:00,NSE:ORIENTLTD,247.45,252.5,247.15,252.5,1393.0
2018-03-20 12:00:00,NSE:ORIENTLTD,248.0,251.0,247.15,247.15,2555.0
2018-03-20 13:00:00,NSE:ORIENTLTD,248.1,248.2,248.1,248.2,1250.0
2018-03-20 14:00:00,NSE:ORIENTLTD,250.0,250.0,247.2,248.2,6080.0
2018-03-20 15:00:00,NSE:ORIENTLTD,247.2,249.0,247.2,247.2,699.0
2018-03-21 09:00:00,NSE:ORIENTLTD,252.85,253.75,248.05,251.85,1757.0
2018-03-21 10:00:00,NSE:ORIENTLTD,248.4,252.85,248.0,250.0,2271.0
2018-03-21 11:00:00,NSE:ORIENTLTD,249.1,253.9,248.1,253.9,1972.0
2018-03-21 12:00:00,NSE:ORIENTLTD,253.9,253.9,253.9,253.9,5.0
2018-03-21 13:00:00,NSE:ORIENTLTD,259.6,259.65,259.6,259.65,5585.0
2018-03-21 14:00:00,NSE:ORIENTLTD,259.65,259.65,259.65,259.65,215.0
2018-03-22 09:00:00,NSE:ORIENTLTD,263.0,263.1,259.25,259.8,7605.0
2018-03-22 10:00:00,NSE:ORIENTLTD,261.7,262.8,259.85,262.0,1760.0
2018-03-22 11:00:00,NSE:ORIENTLTD,260.0,261.5,257.2,260.0,6451.0
2018-03-22 12:00:00,NSE:ORIENTLTD,262.95,262.95,262.75,262.9,110.0
2018-03-22 13:00:00,NSE:ORIENTLTD,260.0,262.4,260.0,262.4,29.0
2018-03-22 14:00:00,NSE:ORIENTLTD,258.35,262.35,257.5,257.5,1492.0
2018-03-22 15:00:00,NSE:ORIENTLTD,260.0,260.75,256.35,258.55,6889.0
2018-03-23 09:00:00,NSE:ORIENTLTD,262.05,262.8,258.05,261.75,2391.0
2018-03-23 10:00:00,NSE:ORIENTLTD,258.45,261.75,257.7,259.85,3517.0
2018-03-23 11:00:00,NSE:ORIENTLTD,259.75,260.0,257.75,258.8,926.0
2018-03-23 12:00:00,NSE:ORIENTLTD,257.95,259.1,257.95,259.0,1620.0
2018-03-23 14:00:00,NSE:ORIENTLTD,260.0,261.95,257.5,260.9,2280.0
2018-03-23 15:00:00,NSE:ORIENTLTD,258.15,260.0,257.9,258.0,2124.0
2018-03-26 09:00:00,NSE:ORIENTLTD,261.75,261.75,258.2,259.3,2709.0
2018-03-26 10:00:00,NSE:ORIENTLTD,259.0,260.95,258.7,258.7,970.0
2018-03-26 11:00:00,NSE:ORIENTLTD,259.0,259.0,259.0,259.0,9001.0
2018-03-26 12:00:00,NSE:ORIENTLTD,259.95,259.95,258.2,258.2,53.0
2018-03-26 13:00:00,NSE:ORIENTLTD,258.4,259.9,258.2,259.05,346.0
2018-03-26 14:00:00,NSE:ORIENTLTD,258.15,259.85,258.15,258.2,890.0
2018-03-26 15:00:00,NSE:ORIENTLTD,258.85,260.0,258.0,260.0,2165.0
2018-03-27 09:00:00,NSE:ORIENTLTD,262.0,271.95,258.75,271.95,7540.0
2018-03-27 10:00:00,NSE:ORIENTLTD,266.25,271.5,261.25,261.25,2587.0
2018-03-27 11:00:00,NSE:ORIENTLTD,261.45,264.65,261.25,261.3,377.0
2018-03-27 12:00:00,NSE:ORIENTLTD,262.0,263.95,261.3,261.3,208.0
2018-03-27 13:00:00,NSE:ORIENTLTD,261.35,263.9,261.3,263.9,198.0
2018-03-27 14:00:00,NSE:ORIENTLTD,264.9,264.95,261.6,264.85,388.0
2018-03-27 15:00:00,NSE:ORIENTLTD,263.8,264.7,263.65,263.75,15070.0
2018-03-28 09:00:00,NSE:ORIENTLTD,264.0,264.0,260.0,260.3,1626.0
2018-03-28 10:00:00,NSE:ORIENTLTD,263.55,263.65,260.05,262.0,106.0
2018-03-28 11:00:00,NSE:ORIENTLTD,261.4,262.5,260.05,260.05,3563.0
2018-03-28 13:00:00,NSE:ORIENTLTD,261.6,262.0,260.05,261.5,3012.0
2018-03-28 14:00:00,NSE:ORIENTLTD,260.0,261.5,260.0,261.5,44.0
2018-03-28 15:00:00,NSE:ORIENTLTD,260.05,262.0,259.5,260.0,2275.0
2018-04-02 09:00:00,NSE:ORIENTLTD,263.9,266.8,263.7,265.75,912.0
2018-04-02 10:00:00,NSE:ORIENTLTD,263.9,266.0,263.7,266.0,255.0
2018-04-02 11:00:00,NSE:ORIENTLTD,265.5,265.5,265.1,265.1,5000.0
2018-04-02 13:00:00,NSE:ORIENTLTD,267.0,267.0,267.0,267.0,110.0
2018-04-02 14:00:00,NSE:ORIENTLTD,267.0,267.0,267.0,267.0,20.0
2018-04-02 15:00:00,NSE:ORIENTLTD,267.0,267.0,267.0,267.0,465.0
2018-04-03 09:00:00,NSE:ORIENTLTD,272.7,273.1,270.2,273.1,860.0
2018-04-03 10:00:00,NSE:ORIENTLTD,273.5,273.6,273.5,273.6,689.0
2018-04-03 11:00:00,NSE:ORIENTLTD,273.6,273.6,270.4,270.4,3032.0
2018-04-03 12:00:00,NSE:ORIENTLTD,270.5,271.25,270.5,271.25,12731.0
2018-04-03 13:00:00,NSE:ORIENTLTD,271.25,273.5,271.25,273.0,95.0
2018-04-03 14:00:00,NSE:ORIENTLTD,273.0,275.0,270.6,273.95,5179.0
2018-04-03 15:00:00,NSE:ORIENTLTD,271.0,272.0,271.0,271.0,477.0
2018-04-04 09:00:00,NSE:ORIENTLTD,274.0,274.0,271.15,272.85,224.0
2018-04-04 10:00:00,NSE:ORIENTLTD,271.15,273.7,270.9,272.05,3851.0
2018-04-04 11:00:00,NSE:ORIENTLTD,273.9,273.9,272.0,272.0,245.0
2018-04-04 12:00:00,NSE:ORIENTLTD,272.0,272.0,270.9,270.9,402.0
2018-04-04 13:00:00,NSE:ORIENTLTD,270.9,273.05,270.0,270.05,2115.0
2018-04-04 14:00:00,NSE:ORIENTLTD,271.95,271.95,270.0,270.0,56.0
2018-04-04 15:00:00,NSE:ORIENTLTD,271.0,273.4,270.05,273.4,1748.0
2018-04-05 09:00:00,NSE:ORIENTLTD,274.95,274.95,272.0,273.5,376.0
2018-04-05 10:00:00,NSE:ORIENTLTD,273.5,273.95,272.15,272.45,3178.0
2018-04-05 11:00:00,NSE:ORIENTLTD,273.35,273.5,272.3,272.75,232.0
2018-04-05 12:00:00,NSE:ORIENTLTD,272.25,272.25,272.25,272.25,13.0
2018-04-05 13:00:00,NSE:ORIENTLTD,273.0,275.0,272.25,272.25,221.0
2018-04-05 14:00:00,NSE:ORIENTLTD,272.75,274.8,272.35,272.35,216.0
2018-04-05 15:00:00,NSE:ORIENTLTD,274.8,274.8,273.0,273.0,1014.0
2018-04-06 09:00:00,NSE:ORIENTLTD,280.0,285.5,280.0,285.5,1973.0
2018-04-06 10:00:00,NSE:ORIENTLTD,285.5,285.5,283.0,285.0,4218.0
2018-04-06 11:00:00,NSE:ORIENTLTD,284.95,284.95,281.1,284.45,260.0
2018-04-06 12:00:00,NSE:ORIENTLTD,281.75,285.0,281.75,285.0,2113.0
2018-04-06 13:00:00,NSE:ORIENTLTD,283.0,285.0,283.0,284.0,616.0
2018-04-06 14:00:00,NSE:ORIENTLTD,285.0,285.0,284.0,285.0,750.0
2018-04-06 15:00:00,NSE:ORIENTLTD,280.0,280.0,279.0,280.0,4472.0
2018-04-09 09:00:00,NSE:ORIENTLTD,284.0,284.0,279.7,282.0,4077.0
2018-04-09 10:00:00,NSE:ORIENTLTD,281.4,281.95,281.0,281.95,5050.0
2018-04-09 11:00:00,NSE:ORIENTLTD,282.0,284.5,281.1,281.1,27031.0
2018-04-09 12:00:00,NSE:ORIENTLTD,284.8,284.8,281.0,281.0,901.0
2018-04-09 13:00:00,NSE:ORIENTLTD,279.6,282.0,279.6,282.0,3557.0
2018-04-09 14:00:00,NSE:ORIENTLTD,279.6,279.6,275.1,278.0,1149.0
2018-04-09 15:00:00,NSE:ORIENTLTD,275.15,276.0,275.15,275.9,1615.0
2018-04-10 09:00:00,NSE:ORIENTLTD,275.0,275.05,269.6,270.45,6890.0
2018-04-10 10:00:00,NSE:ORIENTLTD,271.0,272.2,268.65,272.2,3888.0
2018-04-10 11:00:00,NSE:ORIENTLTD,268.65,271.95,268.0,271.95,1731.0
2018-04-10 12:00:00,NSE:ORIENTLTD,271.0,271.0,271.0,271.0,1.0
2018-04-10 13:00:00,NSE:ORIENTLTD,271.0,275.05,268.0,275.05,981.0
2018-04-10 15:00:00,NSE:ORIENTLTD,275.0,275.75,275.0,275.1,2703.0
2018-04-11 09:00:00,NSE:ORIENTLTD,269.75,273.95,269.3,269.5,4189.0
2018-04-11 10:00:00,NSE:ORIENTLTD,269.5,269.5,268.9,268.9,1002.0
2018-04-11 11:00:00,NSE:ORIENTLTD,268.9,268.9,268.4,268.4,648.0
2018-04-11 12:00:00,NSE:ORIENTLTD,268.45,271.0,268.45,270.0,3540.0
2018-04-11 13:00:00,NSE:ORIENTLTD,269.0,269.95,269.0,269.95,3187.0
2018-04-11 14:00:00,NSE:ORIENTLTD,269.95,270.1,268.4,270.1,12381.0
2018-04-11 15:00:00,NSE:ORIENTLTD,270.1,273.0,268.2,268.2,10603.0
2018-04-12 09:00:00,NSE:ORIENTLTD,273.1,284.95,269.6,284.2,8210.0
2018-04-12 10:00:00,NSE:ORIENTLTD,280.05,285.0,280.05,280.7,5103.0
2018-04-12 11:00:00,NSE:ORIENTLTD,284.95,290.0,282.0,282.05,5994.0
2018-04-12 12:00:00,NSE:ORIENTLTD,283.35,287.0,283.1,287.0,3813.0
2018-04-12 13:00:00,NSE:ORIENTLTD,285.05,290.0,284.05,290.0,3369.0
2018-04-12 14:00:00,NSE:ORIENTLTD,285.85,290.0,285.85,287.0,3818.0
2018-04-12 15:00:00,NSE:ORIENTLTD,289.9,289.9,284.0,286.3,13681.0
2018-04-13 09:00:00,NSE:ORIENTLTD,289.7,290.1,282.05,285.4,7473.0
2018-04-13 10:00:00,NSE:ORIENTLTD,287.35,292.0,284.6,288.5,7931.0
2018-04-13 11:00:00,NSE:ORIENTLTD,287.5,290.45,287.5,288.1,471.0
2018-04-13 12:00:00,NSE:ORIENTLTD,288.1,289.5,287.5,287.5,4854.0
2018-04-13 13:00:00,NSE:ORIENTLTD,287.5,287.95,287.5,287.5,3423.0
2018-04-13 14:00:00,NSE:ORIENTLTD,287.5,289.0,287.5,289.0,226.0
2018-04-13 15:00:00,NSE:ORIENTLTD,287.0,290.0,284.0,289.95,2757.0
2018-04-16 09:00:00,NSE:ORIENTLTD,290.0,295.0,286.05,295.0,3924.0
2018-04-16 10:00:00,NSE:ORIENTLTD,295.0,295.0,292.45,295.0,62.0
2018-04-16 11:00:00,NSE:ORIENTLTD,295.0,296.1,293.65,296.1,8976.0
2018-04-16 12:00:00,NSE:ORIENTLTD,296.1,296.1,293.25,293.25,3720.0
2018-04-16 13:00:00,NSE:ORIENTLTD,296.1,296.4,295.0,295.25,439.0
2018-04-16 14:00:00,NSE:ORIENTLTD,297.0,315.5,292.0,292.5,32521.0
2018-04-16 15:00:00,NSE:ORIENTLTD,297.15,301.0,293.0,298.2,2089.0
2018-04-17 09:00:00,NSE:ORIENTLTD,305.0,305.0,298.05,302.0,3770.0
2018-04-17 10:00:00,NSE:ORIENTLTD,302.95,303.0,302.45,302.45,2690.0
2018-04-17 11:00:00,NSE:ORIENTLTD,302.95,304.5,302.55,304.5,4240.0
2018-04-17 12:00:00,NSE:ORIENTLTD,304.05,304.35,301.25,302.9,663.0
2018-04-17 13:00:00,NSE:ORIENTLTD,300.0,302.8,300.0,302.75,5506.0
2018-04-17 14:00:00,NSE:ORIENTLTD,300.0,302.55,300.0,302.55,58.0
2018-04-17 15:00:00,NSE:ORIENTLTD,300.05,302.75,300.05,300.3,901.0
2018-04-18 09:00:00,NSE:ORIENTLTD,300.75,305.0,300.0,303.05,5624.0
2018-04-18 10:00:00,NSE:ORIENTLTD,303.0,304.0,300.5,303.0,10630.0
2018-04-18 11:00:00,NSE:ORIENTLTD,302.5,303.0,300.0,300.0,10884.0
2018-04-18 12:00:00,NSE:ORIENTLTD,300.5,303.0,300.5,303.0,14070.0
2018-04-18 13:00:00,NSE:ORIENTLTD,300.5,303.0,300.5,302.35,10125.0
2018-04-18 14:00:00,NSE:ORIENTLTD,302.35,303.0,300.5,303.0,10299.0
2018-04-18 15:00:00,NSE:ORIENTLTD,301.05,303.7,301.0,301.4,950.0
2018-04-19 09:00:00,NSE:ORIENTLTD,304.25,304.25,300.25,300.45,3159.0
2018-04-19 10:00:00,NSE:ORIENTLTD,300.0,301.95,299.95,301.95,3033.0
2018-04-19 11:00:00,NSE:ORIENTLTD,300.5,303.95,299.9,301.3,6105.0
2018-04-19 12:00:00,NSE:ORIENTLTD,301.1,303.7,300.05,302.35,5246.0
2018-04-19 13:00:00,NSE:ORIENTLTD,301.7,301.7,301.5,301.5,3044.0
2018-04-19 14:00:00,NSE:ORIENTLTD,300.9,300.9,300.0,300.45,3306.0
2018-04-19 15:00:00,NSE:ORIENTLTD,300.75,303.0,299.6,300.6,4733.0
2018-04-20 09:00:00,NSE:ORIENTLTD,304.15,305.0,300.65,301.5,5787.0
2018-04-20 10:00:00,NSE:ORIENTLTD,303.95,304.1,301.6,302.4,4546.0
2018-04-20 11:00:00,NSE:ORIENTLTD,303.15,303.15,300.0,300.0,505.0
2018-04-20 12:00:00,NSE:ORIENTLTD,299.9,301.95,299.8,301.25,10382.0
2018-04-20 13:00:00,NSE:ORIENTLTD,301.0,301.05,300.8,300.8,3500.0
2018-04-20 14:00:00,NSE:ORIENTLTD,300.05,303.15,300.05,300.05,6871.0
2018-04-20 15:00:00,NSE:ORIENTLTD,305.0,311.0,305.0,310.0,7590.0
2018-04-23 09:00:00,NSE:ORIENTLTD,319.0,319.0,313.0,316.45,6028.0
2018-04-23 10:00:00,NSE:ORIENTLTD,316.45,317.5,314.45,315.5,4738.0
2018-04-23 11:00:00,NSE:ORIENTLTD,316.65,320.25,315.4,318.75,8015.0
2018-04-23 12:00:00,NSE:ORIENTLTD,318.75,320.0,316.0,318.35,1313.0
2018-04-23 13:00:00,NSE:ORIENTLTD,318.3,321.0,317.0,317.5,2487.0
2018-04-23 14:00:00,NSE:ORIENTLTD,319.0,320.75,315.25,317.0,15518.0
2018-04-23 15:00:00,NSE:ORIENTLTD,318.05,321.7,317.95,318.4,7592.0
2018-04-24 09:00:00,NSE:ORIENTLTD,330.0,330.0,327.0,330.0,5981.0
2018-04-24 10:00:00,NSE:ORIENTLTD,330.0,330.0,326.5,330.0,951.0
2018-04-24 11:00:00,NSE:ORIENTLTD,329.65,330.0,329.65,330.0,4055.0
2018-04-24 12:00:00,NSE:ORIENTLTD,330.0,330.0,325.3,325.3,5347.0
2018-04-24 13:00:00,NSE:ORIENTLTD,327.5,330.0,327.5,328.1,10797.0
2018-04-24 14:00:00,NSE:ORIENTLTD,329.0,330.0,327.3,330.0,6287.0
2018-04-24 15:00:00,NSE:ORIENTLTD,325.65,328.0,325.0,325.5,4778.0
2018-04-25 09:00:00,NSE:ORIENTLTD,329.95,330.1,325.0,328.35,6159.0
2018-04-25 10:00:00,NSE:ORIENTLTD,329.7,330.0,326.0,329.1,4618.0
2018-04-25 11:00:00,NSE:ORIENTLTD,327.3,329.75,327.3,328.05,3256.0
2018-04-25 12:00:00,NSE:ORIENTLTD,328.0,328.0,328.0,328.0,3.0
2018-04-25 13:00:00,NSE:ORIENTLTD,328.75,330.0,327.65,328.1,5092.0
2018-04-25 14:00:00,NSE:ORIENTLTD,329.0,330.0,328.5,330.0,9059.0
2018-04-25 15:00:00,NSE:ORIENTLTD,323.25,323.25,322.8,323.0,4606.0
2018-04-26 09:00:00,NSE:ORIENTLTD,325.15,327.65,325.15,327.05,6477.0
2018-04-26 10:00:00,NSE:ORIENTLTD,325.4,327.2,325.1,325.9,4128.0
2018-04-26 11:00:00,NSE:ORIENTLTD,325.15,325.95,325.0,325.0,262.0
2018-04-26 12:00:00,NSE:ORIENTLTD,325.7,325.7,325.0,325.0,5160.0
2018-04-26 13:00:00,NSE:ORIENTLTD,324.9,325.95,324.85,325.95,1940.0
2018-04-26 14:00:00,NSE:ORIENTLTD,325.7,325.95,325.05,325.25,18232.0
2018-04-26 15:00:00,NSE:ORIENTLTD,325.25,325.95,317.0,321.1,9347.0
2018-04-27 09:00:00,NSE:ORIENTLTD,320.05,324.0,320.0,320.0,5382.0
2018-04-27 10:00:00,NSE:ORIENTLTD,320.0,322.2,319.95,321.1,704.0
2018-04-27 11:00:00,NSE:ORIENTLTD,321.1,321.1,320.0,320.85,8756.0
2018-04-27 12:00:00,NSE:ORIENTLTD,320.65,321.0,320.0,320.0,1956.0
2018-04-27 13:00:00,NSE:ORIENTLTD,320.8,321.1,320.0,321.0,5287.0
2018-04-27 14:00:00,NSE:ORIENTLTD,321.0,323.95,321.0,323.95,10512.0
2018-04-27 15:00:00,NSE:ORIENTLTD,321.65,321.65,320.95,321.15,19971.0
2018-04-30 09:00:00,NSE:ORIENTLTD,330.0,332.6,330.0,330.05,6495.0
2018-04-30 10:00:00,NSE:ORIENTLTD,333.15,333.15,329.85,332.0,3974.0
2018-04-30 11:00:00,NSE:ORIENTLTD,332.0,333.95,330.0,333.95,1365.0
2018-04-30 12:00:00,NSE:ORIENTLTD,334.35,334.7,330.0,330.0,6809.0
2018-04-30 13:00:00,NSE:ORIENTLTD,332.1,333.15,331.25,332.0,5708.0
2018-04-30 14:00:00,NSE:ORIENTLTD,332.7,333.95,330.5,330.55,10414.0
2018-04-30 15:00:00,NSE:ORIENTLTD,330.5,330.5,326.0,326.0,7536.0
2018-05-02 09:00:00,NSE:ORIENTLTD,324.0,334.7,324.0,334.7,8044.0
2018-05-02 10:00:00,NSE:ORIENTLTD,334.4,338.0,330.4,334.05,3568.0
2018-05-02 11:00:00,NSE:ORIENTLTD,333.95,335.25,333.95,335.0,638.0
2018-05-02 12:00:00,NSE:ORIENTLTD,333.3,335.0,333.3,335.0,6362.0
2018-05-02 13:00:00,NSE:ORIENTLTD,333.3,334.05,333.3,333.45,10080.0
2018-05-02 14:00:00,NSE:ORIENTLTD,333.45,335.25,329.75,329.8,12217.0
2018-05-02 15:00:00,NSE:ORIENTLTD,333.0,333.95,330.3,332.0,4442.0
2018-05-03 09:00:00,NSE:ORIENTLTD,333.0,335.1,332.45,332.85,5441.0
2018-05-03 10:00:00,NSE:ORIENTLTD,334.9,346.35,332.45,346.35,28596.0
2018-05-03 11:00:00,NSE:ORIENTLTD,345.0,358.0,344.05,350.0,4066.0
2018-05-03 12:00:00,NSE:ORIENTLTD,351.95,353.0,339.0,341.0,11774.0
2018-05-03 13:00:00,NSE:ORIENTLTD,340.9,341.55,331.65,339.55,2150.0
2018-05-03 14:00:00,NSE:ORIENTLTD,338.15,339.95,338.15,339.85,2065.0
2018-05-03 15:00:00,NSE:ORIENTLTD,339.55,341.0,331.0,331.0,3992.0
2018-05-04 09:00:00,NSE:ORIENTLTD,330.0,339.65,330.0,334.45,596.0
2018-05-04 10:00:00,NSE:ORIENTLTD,334.75,345.0,331.25,332.0,4682.0
2018-05-04 11:00:00,NSE:ORIENTLTD,330.4,334.95,330.4,333.5,306.0
2018-05-04 12:00:00,NSE:ORIENTLTD,334.0,335.0,333.5,333.5,37.0
2018-05-04 13:00:00,NSE:ORIENTLTD,333.5,334.05,330.4,330.4,203.0
2018-05-04 14:00:00,NSE:ORIENTLTD,333.0,334.05,326.6,326.6,7261.0
2018-05-04 15:00:00,NSE:ORIENTLTD,326.75,347.5,326.7,345.0,15314.0
2018-05-07 09:00:00,NSE:ORIENTLTD,336.45,344.0,336.45,344.0,5805.0
2018-05-07 10:00:00,NSE:ORIENTLTD,344.5,350.0,344.5,350.0,1819.0
2018-05-07 11:00:00,NSE:ORIENTLTD,344.85,349.15,344.05,349.15,1376.0
2018-05-07 12:00:00,NSE:ORIENTLTD,349.0,349.15,345.0,346.75,6045.0
2018-05-07 13:00:00,NSE:ORIENTLTD,345.0,349.95,345.0,349.95,181.0
2018-05-07 14:00:00,NSE:ORIENTLTD,347.1,349.0,345.0,349.0,206.0
2018-05-07 15:00:00,NSE:ORIENTLTD,349.0,350.0,346.05,350.0,2518.0
2018-05-08 09:00:00,NSE:ORIENTLTD,369.95,369.95,335.0,351.8,4359.0
2018-05-08 10:00:00,NSE:ORIENTLTD,352.0,353.0,350.8,351.0,385.0
2018-05-08 11:00:00,NSE:ORIENTLTD,351.5,354.0,350.7,353.7,1358.0
2018-05-08 12:00:00,NSE:ORIENTLTD,351.1,354.0,347.45,354.0,699.0
2018-05-08 13:00:00,NSE:ORIENTLTD,347.15,347.3,347.0,347.0,331.0
2018-05-08 14:00:00,NSE:ORIENTLTD,349.85,349.85,345.0,347.0,344.0
2018-05-08 15:00:00,NSE:ORIENTLTD,347.0,359.0,345.0,350.85,1553.0
2018-05-09 09:00:00,NSE:ORIENTLTD,353.05,353.6,348.0,351.55,618.0
2018-05-09 10:00:00,NSE:ORIENTLTD,350.35,355.0,345.05,345.95,6090.0
2018-05-09 11:00:00,NSE:ORIENTLTD,348.7,348.7,345.2,345.2,153.0
2018-05-09 12:00:00,NSE:ORIENTLTD,346.0,355.0,344.7,347.75,1258.0
2018-05-09 13:00:00,NSE:ORIENTLTD,345.65,350.5,345.0,345.1,465.0
2018-05-09 14:00:00,NSE:ORIENTLTD,345.0,347.25,344.5,347.25,576.0
2018-05-09 15:00:00,NSE:ORIENTLTD,346.65,350.0,345.0,347.95,795.0
2018-05-10 09:00:00,NSE:ORIENTLTD,350.0,350.0,345.0,347.55,3843.0
2018-05-10 10:00:00,NSE:ORIENTLTD,349.5,349.9,347.5,348.25,301.0
2018-05-10 11:00:00,NSE:ORIENTLTD,348.7,349.15,346.15,346.15,200.0
2018-05-10 12:00:00,NSE:ORIENTLTD,346.1,348.2,339.9,339.9,881.0
2018-05-10 13:00:00,NSE:ORIENTLTD,343.3,343.3,339.9,341.0,150.0
2018-05-10 14:00:00,NSE:ORIENTLTD,340.05,341.95,340.05,341.95,278.0
2018-05-10 15:00:00,NSE:ORIENTLTD,341.25,341.25,339.9,341.0,776.0
2018-05-11 09:00:00,NSE:ORIENTLTD,353.95,359.35,353.95,355.25,6898.0
2018-05-11 10:00:00,NSE:ORIENTLTD,357.35,357.6,355.05,355.05,493.0
2018-05-11 11:00:00,NSE:ORIENTLTD,354.95,357.35,354.75,355.1,6191.0
2018-05-11 12:00:00,NSE:ORIENTLTD,356.8,374.55,354.85,362.6,14439.0
2018-05-11 13:00:00,NSE:ORIENTLTD,360.05,362.95,359.0,360.05,2746.0
2018-05-11 14:00:00,NSE:ORIENTLTD,361.65,361.7,360.0,360.0,2488.0
2018-05-11 15:00:00,NSE:ORIENTLTD,360.0,364.0,359.15,361.15,4501.0
2018-05-14 09:00:00,NSE:ORIENTLTD,365.0,367.2,361.85,364.9,8047.0
2018-05-14 10:00:00,NSE:ORIENTLTD,365.0,379.3,364.9,371.7,7426.0
2018-05-14 11:00:00,NSE:ORIENTLTD,371.7,373.35,368.65,368.65,2036.0
2018-05-14 12:00:00,NSE:ORIENTLTD,370.0,373.5,368.65,372.35,5108.0
2018-05-14 13:00:00,NSE:ORIENTLTD,370.75,372.35,365.0,369.35,4729.0
2018-05-14 14:00:00,NSE:ORIENTLTD,366.2,369.65,360.0,361.55,5629.0
2018-05-14 15:00:00,NSE:ORIENTLTD,360.5,362.3,360.0,360.0,23987.0
2018-05-15 09:00:00,NSE:ORIENTLTD,364.1,365.2,360.6,363.95,4482.0
2018-05-15 10:00:00,NSE:ORIENTLTD,364.0,364.0,362.0,362.0,3970.0
2018-05-15 11:00:00,NSE:ORIENTLTD,362.0,363.9,360.05,360.05,4310.0
2018-05-15 12:00:00,NSE:ORIENTLTD,359.9,362.15,359.9,360.75,473.0
2018-05-15 13:00:00,NSE:ORIENTLTD,362.05,362.15,359.9,359.9,4501.0
2018-05-15 14:00:00,NSE:ORIENTLTD,360.1,360.45,359.7,359.7,4571.0
2018-05-15 15:00:00,NSE:ORIENTLTD,359.7,360.05,359.6,360.05,1207.0
2018-05-16 09:00:00,NSE:ORIENTLTD,364.85,364.85,360.0,360.0,4740.0
2018-05-16 10:00:00,NSE:ORIENTLTD,361.75,362.0,359.95,361.15,1237.0
2018-05-16 11:00:00,NSE:ORIENTLTD,361.0,361.25,360.0,360.0,3353.0
2018-05-16 12:00:00,NSE:ORIENTLTD,360.8,361.1,360.05,360.05,3006.0
2018-05-16 13:00:00,NSE:ORIENTLTD,360.9,360.95,360.05,360.05,3075.0
2018-05-16 14:00:00,NSE:ORIENTLTD,361.0,361.55,360.05,360.05,4449.0
2018-05-16 15:00:00,NSE:ORIENTLTD,360.0,360.05,359.2,359.45,3519.0
2018-05-17 09:00:00,NSE:ORIENTLTD,360.0,389.1,360.0,382.1,22204.0
2018-05-17 10:00:00,NSE:ORIENTLTD,383.0,383.5,370.05,372.0,4231.0
2018-05-17 11:00:00,NSE:ORIENTLTD,372.95,373.8,370.5,371.0,756.0
2018-05-17 12:00:00,NSE:ORIENTLTD,370.6,373.85,370.4,373.85,1119.0
2018-05-17 13:00:00,NSE:ORIENTLTD,371.0,372.5,370.0,370.25,6516.0
2018-05-17 14:00:00,NSE:ORIENTLTD,370.05,372.2,370.0,370.9,1442.0
2018-05-17 15:00:00,NSE:ORIENTLTD,370.0,375.0,370.0,371.8,1119.0
2018-05-18 09:00:00,NSE:ORIENTLTD,375.0,375.7,370.2,375.7,11961.0
2018-05-18 10:00:00,NSE:ORIENTLTD,375.85,384.65,367.5,382.0,12554.0
2018-05-18 11:00:00,NSE:ORIENTLTD,382.0,388.7,380.0,386.0,4399.0
2018-05-18 12:00:00,NSE:ORIENTLTD,383.05,387.0,379.0,382.0,5917.0
2018-05-18 13:00:00,NSE:ORIENTLTD,381.95,382.0,372.05,373.95,1356.0
2018-05-18 14:00:00,NSE:ORIENTLTD,373.95,374.0,373.0,374.0,1397.0
2018-05-18 15:00:00,NSE:ORIENTLTD,373.8,389.0,373.8,380.0,9343.0
2018-05-21 09:00:00,NSE:ORIENTLTD,389.0,410.55,380.05,397.5,39118.0
2018-05-21 10:00:00,NSE:ORIENTLTD,397.5,400.0,383.55,387.05,39412.0
2018-05-21 11:00:00,NSE:ORIENTLTD,387.05,388.0,379.0,383.8,2824.0
2018-05-21 12:00:00,NSE:ORIENTLTD,383.8,385.0,374.7,378.0,4139.0
2018-05-21 13:00:00,NSE:ORIENTLTD,377.9,378.95,371.0,375.1,2997.0
2018-05-21 14:00:00,NSE:ORIENTLTD,377.55,392.0,371.0,388.6,7025.0
2018-05-21 15:00:00,NSE:ORIENTLTD,385.0,398.75,371.0,385.3,9422.0
2018-05-22 09:00:00,NSE:ORIENTLTD,384.95,395.45,378.0,392.5,7888.0
2018-05-22 10:00:00,NSE:ORIENTLTD,390.0,393.45,383.0,387.85,9664.0
2018-05-22 11:00:00,NSE:ORIENTLTD,386.0,386.95,381.1,382.8,871.0
2018-05-22 12:00:00,NSE:ORIENTLTD,382.55,383.9,382.0,383.9,284.0
2018-05-22 13:00:00,NSE:ORIENTLTD,383.9,387.85,378.0,380.0,2884.0
2018-05-22 14:00:00,NSE:ORIENTLTD,380.45,383.75,378.6,381.05,1556.0
2018-05-22 15:00:00,NSE:ORIENTLTD,380.05,380.9,378.7,380.0,2807.0
2018-05-23 09:00:00,NSE:ORIENTLTD,384.85,384.85,374.5,375.55,5334.0
2018-05-23 10:00:00,NSE:ORIENTLTD,376.0,377.9,374.6,374.65,859.0
2018-05-23 11:00:00,NSE:ORIENTLTD,374.6,377.45,374.5,377.0,946.0
2018-05-23 12:00:00,NSE:ORIENTLTD,377.0,377.0,377.0,377.0,236.0
2018-05-23 13:00:00,NSE:ORIENTLTD,377.0,377.0,376.05,376.05,145.0
2018-05-23 14:00:00,NSE:ORIENTLTD,376.1,376.8,374.4,374.4,539.0
2018-05-23 15:00:00,NSE:ORIENTLTD,375.4,377.45,374.3,377.0,1053.0
2018-05-24 09:00:00,NSE:ORIENTLTD,374.95,375.3,364.4,364.4,7507.0
2018-05-24 10:00:00,NSE:ORIENTLTD,364.0,365.45,363.05,365.4,3200.0
2018-05-24 11:00:00,NSE:ORIENTLTD,365.45,365.45,362.9,362.9,663.0
2018-05-24 12:00:00,NSE:ORIENTLTD,362.8,364.0,362.1,362.1,1427.0
2018-05-24 13:00:00,NSE:ORIENTLTD,362.1,390.0,362.05,377.6,13118.0
2018-05-24 14:00:00,NSE:ORIENTLTD,376.0,385.0,373.55,382.5,1142.0
2018-05-24 15:00:00,NSE:ORIENTLTD,382.05,384.75,370.0,379.85,2500.0
2018-05-25 09:00:00,NSE:ORIENTLTD,378.0,404.4,378.0,387.65,8133.0
2018-05-25 10:00:00,NSE:ORIENTLTD,385.25,390.0,385.1,387.05,1187.0
2018-05-25 11:00:00,NSE:ORIENTLTD,387.8,400.0,385.05,394.0,3986.0
2018-05-25 12:00:00,NSE:ORIENTLTD,394.0,398.95,387.6,398.95,2082.0
2018-05-25 13:00:00,NSE:ORIENTLTD,399.45,400.0,389.0,395.95,6416.0
2018-05-25 14:00:00,NSE:ORIENTLTD,393.6,396.0,392.0,395.3,778.0
2018-05-25 15:00:00,NSE:ORIENTLTD,394.0,397.0,392.05,394.25,4830.0
2018-05-28 09:00:00,NSE:ORIENTLTD,395.0,395.7,388.0,388.0,5427.0
2018-05-28 10:00:00,NSE:ORIENTLTD,390.95,390.95,386.7,390.55,1690.0
2018-05-28 11:00:00,NSE:ORIENTLTD,389.0,423.0,388.5,395.0,19097.0
2018-05-28 12:00:00,NSE:ORIENTLTD,394.0,400.35,394.0,397.05,1274.0
2018-05-28 13:00:00,NSE:ORIENTLTD,400.95,400.95,393.3,393.3,2654.0
2018-05-28 14:00:00,NSE:ORIENTLTD,397.95,399.45,393.45,393.55,5488.0
2018-05-28 15:00:00,NSE:ORIENTLTD,393.55,395.95,393.5,394.05,818.0
2018-05-29 09:00:00,NSE:ORIENTLTD,400.0,404.9,395.5,404.9,6439.0
2018-05-29 10:00:00,NSE:ORIENTLTD,400.6,403.8,398.0,398.8,470.0
2018-05-29 11:00:00,NSE:ORIENTLTD,398.8,401.95,398.55,401.0,1030.0
2018-05-29 12:00:00,NSE:ORIENTLTD,401.0,405.0,395.95,398.0,7531.0
2018-05-29 13:00:00,NSE:ORIENTLTD,398.0,402.7,392.0,394.0,6046.0
2018-05-29 14:00:00,NSE:ORIENTLTD,394.05,394.05,386.05,389.0,5309.0
2018-05-29 15:00:00,NSE:ORIENTLTD,389.0,394.05,387.2,387.2,2120.0
2018-05-30 09:00:00,NSE:ORIENTLTD,385.0,385.0,376.0,384.7,6004.0
2018-05-30 10:00:00,NSE:ORIENTLTD,384.85,385.3,382.1,383.9,3766.0
2018-05-30 11:00:00,NSE:ORIENTLTD,383.95,385.6,382.5,385.4,969.0
2018-05-30 12:00:00,NSE:ORIENTLTD,383.75,385.6,383.1,383.2,5242.0
2018-05-30 13:00:00,NSE:ORIENTLTD,389.0,389.0,382.1,382.7,3662.0
2018-05-30 14:00:00,NSE:ORIENTLTD,383.2,387.9,382.55,386.5,5566.0
2018-05-30 15:00:00,NSE:ORIENTLTD,385.9,389.95,382.0,385.0,7581.0
2018-05-31 09:00:00,NSE:ORIENTLTD,386.25,394.0,383.0,383.0,5214.0
2018-05-31 10:00:00,NSE:ORIENTLTD,382.0,385.45,379.0,381.65,4802.0
2018-05-31 11:00:00,NSE:ORIENTLTD,379.0,382.95,379.0,381.6,4687.0
2018-05-31 12:00:00,NSE:ORIENTLTD,382.05,384.55,380.5,382.2,4235.0
2018-05-31 13:00:00,NSE:ORIENTLTD,383.95,384.45,381.15,381.15,3138.0
2018-05-31 14:00:00,NSE:ORIENTLTD,383.05,384.85,378.5,378.5,8717.0
2018-05-31 15:00:00,NSE:ORIENTLTD,380.0,386.0,378.5,380.0,1437.0
2018-06-01 09:00:00,NSE:ORIENTLTD,375.2,379.95,373.7,373.75,8118.0
2018-06-01 10:00:00,NSE:ORIENTLTD,374.8,376.0,374.8,375.05,4743.0
2018-06-01 11:00:00,NSE:ORIENTLTD,375.25,376.0,374.85,374.85,4718.0
2018-06-01 12:00:00,NSE:ORIENTLTD,375.85,375.85,374.65,374.65,477.0
2018-06-01 13:00:00,NSE:ORIENTLTD,374.75,375.45,374.6,375.45,5143.0
2018-06-01 14:00:00,NSE:ORIENTLTD,375.45,375.5,374.5,374.5,16213.0
2018-06-01 15:00:00,NSE:ORIENTLTD,375.0,378.0,373.55,373.55,2261.0
2018-06-04 09:00:00,NSE:ORIENTLTD,366.15,367.8,363.75,364.55,10216.0
2018-06-04 10:00:00,NSE:ORIENTLTD,364.55,364.9,363.75,364.3,1126.0
2018-06-04 11:00:00,NSE:ORIENTLTD,363.65,364.45,363.65,364.4,3990.0
2018-06-04 12:00:00,NSE:ORIENTLTD,364.0,364.35,363.45,364.05,4972.0
2018-06-04 13:00:00,NSE:ORIENTLTD,364.05,364.9,364.0,364.6,5152.0
2018-06-04 14:00:00,NSE:ORIENTLTD,364.4,364.4,363.9,363.9,8225.0
2018-06-04 15:00:00,NSE:ORIENTLTD,364.35,364.6,363.75,364.5,3823.0
2018-06-05 09:00:00,NSE:ORIENTLTD,365.05,367.55,360.0,360.0,7387.0
2018-06-05 10:00:00,NSE:ORIENTLTD,360.0,362.05,354.0,354.75,6821.0
2018-06-05 11:00:00,NSE:ORIENTLTD,354.75,355.45,353.85,353.9,12303.0
2018-06-05 12:00:00,NSE:ORIENTLTD,354.0,354.1,343.9,343.9,4778.0
2018-06-05 13:00:00,NSE:ORIENTLTD,343.9,345.0,342.75,342.8,6279.0
2018-06-05 14:00:00,NSE:ORIENTLTD,342.8,358.0,342.25,346.55,14188.0
2018-06-05 15:00:00,NSE:ORIENTLTD,347.05,350.0,342.4,346.15,2061.0
2018-06-06 09:00:00,NSE:ORIENTLTD,349.9,365.0,349.9,359.35,7964.0
2018-06-06 10:00:00,NSE:ORIENTLTD,357.8,361.3,352.85,355.55,4000.0
2018-06-06 11:00:00,NSE:ORIENTLTD,356.8,363.0,354.95,360.0,16387.0
2018-06-06 12:00:00,NSE:ORIENTLTD,359.0,359.0,354.25,357.9,933.0
2018-06-06 13:00:00,NSE:ORIENTLTD,357.75,357.85,350.0,350.1,3293.0
2018-06-06 14:00:00,NSE:ORIENTLTD,354.0,363.0,352.6,357.5,12559.0
2018-06-06 15:00:00,NSE:ORIENTLTD,357.5,365.0,356.0,358.1,4439.0
2018-06-07 09:00:00,NSE:ORIENTLTD,369.95,375.0,367.95,374.95,10092.0
2018-06-07 10:00:00,NSE:ORIENTLTD,374.0,375.0,371.3,372.5,4355.0
2018-06-07 11:00:00,NSE:ORIENTLTD,373.95,373.95,371.55,373.9,5164.0
2018-06-07 12:00:00,NSE:ORIENTLTD,371.45,372.9,370.4,371.85,5169.0
2018-06-07 13:00:00,NSE:ORIENTLTD,372.95,373.0,369.55,371.0,6415.0
2018-06-07 14:00:00,NSE:ORIENTLTD,370.9,371.0,370.1,371.0,7053.0
2018-06-07 15:00:00,NSE:ORIENTLTD,371.0,374.0,368.0,370.05,12265.0
2018-06-08 09:00:00,NSE:ORIENTLTD,379.95,383.75,370.55,380.95,5878.0
2018-06-08 10:00:00,NSE:ORIENTLTD,380.95,381.0,371.0,373.9,31760.0
2018-06-08 11:00:00,NSE:ORIENTLTD,373.9,374.35,372.5,373.9,125.0
2018-06-08 12:00:00,NSE:ORIENTLTD,373.2,373.8,370.75,370.75,13065.0
2018-06-08 13:00:00,NSE:ORIENTLTD,371.05,372.95,371.0,371.4,11335.0
2018-06-08 14:00:00,NSE:ORIENTLTD,371.0,372.0,370.0,370.6,8695.0
2018-06-08 15:00:00,NSE:ORIENTLTD,370.6,373.25,369.0,369.1,6467.0
2018-06-11 09:00:00,NSE:ORIENTLTD,370.15,384.0,370.15,381.05,10277.0
2018-06-11 10:00:00,NSE:ORIENTLTD,380.0,385.0,380.0,382.8,6728.0
2018-06-11 11:00:00,NSE:ORIENTLTD,381.3,384.95,381.3,384.5,4220.0
2018-06-11 12:00:00,NSE:ORIENTLTD,384.8,385.0,383.3,384.7,5925.0
2018-06-11 13:00:00,NSE:ORIENTLTD,383.55,385.5,383.5,384.65,10020.0
2018-06-11 14:00:00,NSE:ORIENTLTD,384.0,385.6,383.0,385.6,47966.0
2018-06-11 15:00:00,NSE:ORIENTLTD,386.0,386.0,384.75,385.7,5255.0
2018-06-12 09:00:00,NSE:ORIENTLTD,388.0,391.95,386.95,389.8,5502.0
2018-06-12 10:00:00,NSE:ORIENTLTD,389.0,389.0,381.05,382.8,4972.0
2018-06-12 11:00:00,NSE:ORIENTLTD,382.95,385.4,382.6,384.95,463.0
2018-06-12 12:00:00,NSE:ORIENTLTD,382.9,384.0,380.05,380.05,6069.0
2018-06-12 13:00:00,NSE:ORIENTLTD,382.0,382.0,380.15,381.45,6040.0
2018-06-12 14:00:00,NSE:ORIENTLTD,381.45,382.8,380.5,382.8,7080.0
2018-06-12 15:00:00,NSE:ORIENTLTD,380.5,382.25,379.9,382.25,4721.0
2018-06-13 09:00:00,NSE:ORIENTLTD,389.0,389.0,382.5,383.95,5494.0
2018-06-13 10:00:00,NSE:ORIENTLTD,383.8,383.8,381.0,382.9,6570.0
2018-06-13 11:00:00,NSE:ORIENTLTD,381.5,382.6,381.05,381.25,5230.0
2018-06-13 12:00:00,NSE:ORIENTLTD,382.0,383.95,382.0,383.75,5450.0
2018-06-13 13:00:00,NSE:ORIENTLTD,383.0,383.0,382.0,382.05,369.0
2018-06-13 14:00:00,NSE:ORIENTLTD,382.0,383.0,379.7,380.0,20115.0
2018-06-13 15:00:00,NSE:ORIENTLTD,380.0,381.0,379.85,380.0,4764.0
2018-06-14 09:00:00,NSE:ORIENTLTD,381.5,383.0,380.3,380.3,6066.0
2018-06-14 10:00:00,NSE:ORIENTLTD,381.1,410.0,381.1,386.95,15703.0
2018-06-14 11:00:00,NSE:ORIENTLTD,386.95,387.0,384.95,385.6,810.0
2018-06-14 12:00:00,NSE:ORIENTLTD,385.0,385.4,381.0,381.0,1540.0
2018-06-14 13:00:00,NSE:ORIENTLTD,381.0,383.0,380.1,382.4,991.0
2018-06-14 14:00:00,NSE:ORIENTLTD,381.05,381.5,380.1,380.1,1929.0
2018-06-14 15:00:00,NSE:ORIENTLTD,381.45,381.85,379.6,380.1,5081.0
2018-06-15 09:00:00,NSE:ORIENTLTD,381.6,389.0,380.0,388.95,12746.0
2018-06-15 10:00:00,NSE:ORIENTLTD,389.0,389.2,386.5,386.7,11598.0
2018-06-15 11:00:00,NSE:ORIENTLTD,388.0,388.25,386.7,387.0,2139.0
2018-06-15 12:00:00,NSE:ORIENTLTD,387.0,387.4,386.5,387.0,7026.0
2018-06-15 13:00:00,NSE:ORIENTLTD,387.4,387.4,384.5,384.55,1445.0
2018-06-15 14:00:00,NSE:ORIENTLTD,385.6,403.0,384.5,386.45,14301.0
2018-06-15 15:00:00,NSE:ORIENTLTD,385.0,389.6,382.1,385.4,3336.0
2018-06-18 09:00:00,NSE:ORIENTLTD,384.9,399.75,377.95,378.0,13924.0
2018-06-18 10:00:00,NSE:ORIENTLTD,378.05,379.4,372.15,372.2,1773.0
2018-06-18 11:00:00,NSE:ORIENTLTD,373.05,373.95,369.8,369.8,27163.0
2018-06-18 12:00:00,NSE:ORIENTLTD,370.0,372.45,369.9,369.9,44902.0
2018-06-18 13:00:00,NSE:ORIENTLTD,370.95,373.45,370.05,370.5,3681.0
2018-06-18 14:00:00,NSE:ORIENTLTD,370.05,371.75,370.05,371.75,947.0
2018-06-18 15:00:00,NSE:ORIENTLTD,370.05,370.45,367.45,369.15,3129.0
2018-06-19 09:00:00,NSE:ORIENTLTD,367.45,367.45,354.65,356.95,1262.0
2018-06-19 10:00:00,NSE:ORIENTLTD,356.0,357.25,353.0,353.0,305.0
2018-06-19 11:00:00,NSE:ORIENTLTD,353.0,355.45,353.0,354.0,601.0
2018-06-19 12:00:00,NSE:ORIENTLTD,354.0,354.9,353.15,354.85,86.0
2018-06-19 13:00:00,NSE:ORIENTLTD,354.8,354.8,352.0,353.65,178.0
2018-06-19 14:00:00,NSE:ORIENTLTD,351.0,352.65,350.15,351.0,10561.0
2018-06-19 15:00:00,NSE:ORIENTLTD,351.0,352.75,349.85,349.85,2034.0
2018-06-20 09:00:00,NSE:ORIENTLTD,353.95,356.8,350.45,351.95,2229.0
2018-06-20 10:00:00,NSE:ORIENTLTD,354.9,354.9,354.9,354.9,1.0
2018-06-20 11:00:00,NSE:ORIENTLTD,354.9,362.95,354.85,359.7,4538.0
2018-06-20 12:00:00,NSE:ORIENTLTD,358.8,359.9,358.8,359.9,525.0
2018-06-20 13:00:00,NSE:ORIENTLTD,362.0,362.0,360.1,360.1,2800.0
2018-06-20 14:00:00,NSE:ORIENTLTD,359.75,359.75,357.4,359.0,201.0
2018-06-20 15:00:00,NSE:ORIENTLTD,359.9,379.95,359.7,364.65,9215.0
2018-06-21 09:00:00,NSE:ORIENTLTD,367.95,368.0,364.55,365.1,2667.0
2018-06-21 10:00:00,NSE:ORIENTLTD,364.6,378.0,360.5,362.0,6562.0
2018-06-21 11:00:00,NSE:ORIENTLTD,364.45,364.9,361.95,362.0,442.0
2018-06-21 12:00:00,NSE:ORIENTLTD,363.8,365.0,361.0,364.85,351.0
2018-06-21 13:00:00,NSE:ORIENTLTD,364.9,364.9,360.05,361.0,650.0
2018-06-21 14:00:00,NSE:ORIENTLTD,360.0,360.0,354.0,354.0,2590.0
2018-06-21 15:00:00,NSE:ORIENTLTD,354.0,359.85,350.2,352.7,1646.0
2018-06-22 09:00:00,NSE:ORIENTLTD,354.0,354.75,350.0,350.1,5105.0
2018-06-22 10:00:00,NSE:ORIENTLTD,349.7,349.7,340.0,340.1,1399.0
2018-06-22 11:00:00,NSE:ORIENTLTD,342.95,343.3,339.35,340.0,1209.0
2018-06-22 12:00:00,NSE:ORIENTLTD,340.05,340.1,340.0,340.0,484.0
2018-06-22 13:00:00,NSE:ORIENTLTD,339.95,339.95,336.1,338.05,2268.0
2018-06-22 14:00:00,NSE:ORIENTLTD,338.05,339.25,337.35,339.25,71.0
2018-06-22 15:00:00,NSE:ORIENTLTD,339.25,340.1,335.05,337.9,5063.0
2018-06-25 09:00:00,NSE:ORIENTLTD,335.0,336.0,330.85,333.05,6405.0
2018-06-25 10:00:00,NSE:ORIENTLTD,332.15,334.75,332.15,332.3,4245.0
2018-06-25 11:00:00,NSE:ORIENTLTD,332.3,332.3,329.5,329.5,972.0
2018-06-25 12:00:00,NSE:ORIENTLTD,329.0,329.0,324.95,325.0,1255.0
2018-06-25 13:00:00,NSE:ORIENTLTD,327.4,327.4,322.0,323.4,151.0
2018-06-25 14:00:00,NSE:ORIENTLTD,323.45,323.5,320.5,321.5,7461.0
2018-06-25 15:00:00,NSE:ORIENTLTD,320.0,327.8,320.0,323.25,3670.0
2018-06-26 09:00:00,NSE:ORIENTLTD,323.0,323.4,320.05,321.9,5198.0
2018-06-26 10:00:00,NSE:ORIENTLTD,321.5,334.95,320.95,328.85,2031.0
2018-06-26 11:00:00,NSE:ORIENTLTD,331.9,340.0,330.0,333.0,9212.0
2018-06-26 12:00:00,NSE:ORIENTLTD,332.05,332.75,331.0,332.75,100.0
2018-06-26 13:00:00,NSE:ORIENTLTD,332.75,343.5,330.5,337.0,10167.0
2018-06-26 14:00:00,NSE:ORIENTLTD,337.0,338.35,334.5,334.5,3636.0
2018-06-26 15:00:00,NSE:ORIENTLTD,334.55,337.9,330.0,332.35,4540.0
2018-06-27 09:00:00,NSE:ORIENTLTD,340.9,345.0,333.55,345.0,5641.0
2018-06-27 10:00:00,NSE:ORIENTLTD,342.3,347.0,342.3,345.0,1309.0
2018-06-27 11:00:00,NSE:ORIENTLTD,345.0,359.8,345.0,347.0,2509.0
2018-06-27 12:00:00,NSE:ORIENTLTD,348.6,348.6,337.0,339.25,6856.0
2018-06-27 13:00:00,NSE:ORIENTLTD,338.7,338.7,330.0,333.05,2028.0
2018-06-27 14:00:00,NSE:ORIENTLTD,331.0,337.0,330.0,335.95,2844.0
2018-06-27 15:00:00,NSE:ORIENTLTD,336.0,346.5,335.2,341.1,6958.0
2018-06-28 09:00:00,NSE:ORIENTLTD,343.1,348.65,342.05,345.05,3034.0
2018-06-28 10:00:00,NSE:ORIENTLTD,345.1,345.95,342.45,345.0,113.0
2018-06-28 11:00:00,NSE:ORIENTLTD,342.0,354.35,342.0,351.95,3183.0
2018-06-28 12:00:00,NSE:ORIENTLTD,347.2,351.8,345.7,345.7,699.0
2018-06-28 13:00:00,NSE:ORIENTLTD,345.7,345.7,343.4,344.5,86.0
2018-06-28 14:00:00,NSE:ORIENTLTD,342.95,354.95,340.7,353.05,9329.0
2018-06-28 15:00:00,NSE:ORIENTLTD,353.05,356.05,351.9,354.4,5906.0
2018-06-29 09:00:00,NSE:ORIENTLTD,354.5,365.0,354.5,360.0,3898.0
2018-06-29 10:00:00,NSE:ORIENTLTD,360.0,366.7,360.0,364.15,2273.0
2018-06-29 11:00:00,NSE:ORIENTLTD,364.15,370.0,363.65,367.3,2791.0
2018-06-29 12:00:00,NSE:ORIENTLTD,369.7,384.0,361.5,364.8,10905.0
2018-06-29 13:00:00,NSE:ORIENTLTD,360.5,364.8,360.1,364.0,583.0
2018-06-29 14:00:00,NSE:ORIENTLTD,361.05,367.15,361.05,367.0,3563.0
2018-06-29 15:00:00,NSE:ORIENTLTD,365.95,365.95,350.0,360.8,1515.0
2018-07-02 09:00:00,NSE:ORIENTLTD,361.0,366.7,354.0,360.0,3259.0
2018-07-02 10:00:00,NSE:ORIENTLTD,355.05,359.0,354.0,355.0,558.0
2018-07-02 11:00:00,NSE:ORIENTLTD,351.25,355.9,350.65,355.9,313.0
2018-07-02 12:00:00,NSE:ORIENTLTD,350.15,355.5,350.15,355.25,129.0
2018-07-02 13:00:00,NSE:ORIENTLTD,350.5,351.9,349.75,351.9,1172.0
2018-07-02 14:00:00,NSE:ORIENTLTD,349.5,351.75,349.5,350.1,156.0
2018-07-02 15:00:00,NSE:ORIENTLTD,350.05,350.2,347.5,348.0,1212.0
2018-07-03 09:00:00,NSE:ORIENTLTD,348.5,348.5,341.1,341.1,2576.0
2018-07-03 10:00:00,NSE:ORIENTLTD,341.1,341.1,339.95,340.9,299.0
2018-07-03 11:00:00,NSE:ORIENTLTD,340.95,342.3,340.95,342.3,300.0
2018-07-03 12:00:00,NSE:ORIENTLTD,342.3,343.3,342.3,343.3,60.0
2018-07-03 13:00:00,NSE:ORIENTLTD,345.0,355.0,345.0,350.0,3793.0
2018-07-03 14:00:00,NSE:ORIENTLTD,349.25,351.45,349.25,351.45,45.0
2018-07-03 15:00:00,NSE:ORIENTLTD,351.65,351.65,344.1,346.7,320.0
2018-07-04 09:00:00,NSE:ORIENTLTD,353.95,354.95,346.5,350.0,2894.0
2018-07-04 10:00:00,NSE:ORIENTLTD,348.85,351.8,348.8,351.8,14.0
2018-07-04 11:00:00,NSE:ORIENTLTD,348.85,348.85,348.85,348.85,1.0
2018-07-04 12:00:00,NSE:ORIENTLTD,351.8,364.8,349.1,353.0,8964.0
2018-07-04 13:00:00,NSE:ORIENTLTD,352.4,352.4,352.4,352.4,244.0
2018-07-04 14:00:00,NSE:ORIENTLTD,354.0,354.0,350.15,350.15,273.0
2018-07-04 15:00:00,NSE:ORIENTLTD,351.65,351.65,345.0,350.35,2272.0
2018-07-05 09:00:00,NSE:ORIENTLTD,355.0,355.0,341.55,347.95,3404.0
2018-07-05 10:00:00,NSE:ORIENTLTD,346.0,346.95,345.7,345.7,69.0
2018-07-05 11:00:00,NSE:ORIENTLTD,347.35,349.1,347.35,349.1,64.0
2018-07-05 12:00:00,NSE:ORIENTLTD,350.0,356.0,346.15,355.95,1393.0
2018-07-05 13:00:00,NSE:ORIENTLTD,355.0,366.9,353.0,364.05,4181.0
2018-07-05 14:00:00,NSE:ORIENTLTD,364.05,374.0,362.3,365.0,3377.0
2018-07-05 15:00:00,NSE:ORIENTLTD,360.0,362.2,358.0,361.15,5384.0
2018-07-06 09:00:00,NSE:ORIENTLTD,363.0,374.85,362.95,374.85,4995.0
2018-07-06 10:00:00,NSE:ORIENTLTD,371.3,374.0,370.4,372.95,274.0
2018-07-06 11:00:00,NSE:ORIENTLTD,370.85,376.0,370.0,370.05,7645.0
2018-07-06 12:00:00,NSE:ORIENTLTD,371.0,371.0,370.0,370.0,7.0
2018-07-06 13:00:00,NSE:ORIENTLTD,371.2,371.65,368.55,368.55,98.0
2018-07-06 14:00:00,NSE:ORIENTLTD,368.55,371.65,368.15,368.15,1934.0
2018-07-06 15:00:00,NSE:ORIENTLTD,369.0,370.0,365.0,370.0,1021.0
2018-07-09 09:00:00,NSE:ORIENTLTD,369.0,383.8,369.0,374.45,12041.0
2018-07-09 10:00:00,NSE:ORIENTLTD,374.45,376.25,373.05,374.0,843.0
2018-07-09 11:00:00,NSE:ORIENTLTD,376.25,376.25,374.0,374.0,286.0
2018-07-09 12:00:00,NSE:ORIENTLTD,375.7,376.0,374.0,374.0,97.0
2018-07-09 13:00:00,NSE:ORIENTLTD,373.55,378.0,373.0,374.5,10303.0
2018-07-09 14:00:00,NSE:ORIENTLTD,375.95,375.95,371.3,372.5,2387.0
2018-07-09 15:00:00,NSE:ORIENTLTD,371.3,375.8,370.0,372.1,1234.0
2018-07-10 09:00:00,NSE:ORIENTLTD,372.05,372.7,370.0,372.0,3684.0
2018-07-10 10:00:00,NSE:ORIENTLTD,372.0,377.95,369.9,369.9,1112.0
2018-07-10 11:00:00,NSE:ORIENTLTD,374.35,374.35,370.0,370.0,396.0
2018-07-10 12:00:00,NSE:ORIENTLTD,370.05,370.05,364.55,364.55,460.0
2018-07-10 13:00:00,NSE:ORIENTLTD,364.55,365.0,361.1,364.45,821.0
2018-07-10 14:00:00,NSE:ORIENTLTD,364.45,365.8,362.0,362.1,701.0
2018-07-10 15:00:00,NSE:ORIENTLTD,364.75,364.75,359.7,359.7,892.0
2018-07-11 09:00:00,NSE:ORIENTLTD,374.95,374.95,360.0,360.0,2921.0
2018-07-11 10:00:00,NSE:ORIENTLTD,363.0,363.0,362.0,362.0,25.0
2018-07-11 11:00:00,NSE:ORIENTLTD,360.0,360.0,359.65,359.65,712.0
2018-07-11 12:00:00,NSE:ORIENTLTD,359.65,360.85,359.65,360.85,43.0
2018-07-11 13:00:00,NSE:ORIENTLTD,361.3,374.8,360.5,362.2,20012.0
2018-07-11 14:00:00,NSE:ORIENTLTD,365.0,365.0,361.0,364.0,340.0
2018-07-11 15:00:00,NSE:ORIENTLTD,363.6,364.8,360.5,360.5,3055.0
2018-07-12 09:00:00,NSE:ORIENTLTD,362.0,368.5,361.85,364.85,5388.0
2018-07-12 11:00:00,NSE:ORIENTLTD,363.95,377.0,361.8,374.45,46354.0
2018-07-12 12:00:00,NSE:ORIENTLTD,374.5,376.75,373.0,376.4,592.0
2018-07-12 13:00:00,NSE:ORIENTLTD,375.0,375.95,373.05,373.05,134.0
2018-07-12 14:00:00,NSE:ORIENTLTD,375.0,375.0,372.75,373.05,78.0
2018-07-12 15:00:00,NSE:ORIENTLTD,375.0,375.0,373.05,374.65,13872.0
2018-07-13 09:00:00,NSE:ORIENTLTD,370.25,403.0,370.25,403.0,7343.0
2018-07-13 10:00:00,NSE:ORIENTLTD,404.0,449.55,377.0,382.75,77318.0
2018-07-13 11:00:00,NSE:ORIENTLTD,383.0,407.0,382.0,384.0,21037.0
2018-07-13 12:00:00,NSE:ORIENTLTD,384.05,387.4,376.0,381.0,4160.0
2018-07-13 13:00:00,NSE:ORIENTLTD,381.0,381.0,376.25,378.05,1468.0
2018-07-13 14:00:00,NSE:ORIENTLTD,378.05,385.0,375.0,376.0,2326.0
2018-07-13 15:00:00,NSE:ORIENTLTD,377.0,378.0,371.1,374.7,5004.0
2018-07-16 09:00:00,NSE:ORIENTLTD,389.85,389.85,357.05,360.75,6758.0
2018-07-16 10:00:00,NSE:ORIENTLTD,361.6,363.1,361.15,361.15,227.0
2018-07-16 11:00:00,NSE:ORIENTLTD,361.3,362.2,358.2,358.2,1372.0
2018-07-16 12:00:00,NSE:ORIENTLTD,358.2,360.85,358.2,360.85,247.0
2018-07-16 13:00:00,NSE:ORIENTLTD,360.85,360.85,358.4,359.0,69.0
2018-07-16 14:00:00,NSE:ORIENTLTD,358.6,358.6,357.05,357.05,311.0
2018-07-16 15:00:00,NSE:ORIENTLTD,357.05,358.5,357.0,357.5,1411.0
2018-07-17 09:00:00,NSE:ORIENTLTD,352.05,356.45,349.9,352.9,4640.0
2018-07-17 10:00:00,NSE:ORIENTLTD,352.75,352.9,350.05,351.0,379.0
2018-07-17 11:00:00,NSE:ORIENTLTD,351.85,351.85,350.0,350.1,7687.0
2018-07-17 12:00:00,NSE:ORIENTLTD,350.85,350.85,350.75,350.85,2505.0
2018-07-17 13:00:00,NSE:ORIENTLTD,350.9,350.9,350.05,350.85,101.0
2018-07-17 14:00:00,NSE:ORIENTLTD,350.85,353.25,350.85,352.0,60.0
2018-07-17 15:00:00,NSE:ORIENTLTD,351.15,353.3,350.0,350.0,745.0
2018-07-18 09:00:00,NSE:ORIENTLTD,353.2,360.0,353.2,354.95,2652.0
2018-07-18 10:00:00,NSE:ORIENTLTD,353.6,353.6,353.2,353.2,46.0
2018-07-18 11:00:00,NSE:ORIENTLTD,354.0,356.45,353.55,356.45,339.0
2018-07-18 12:00:00,NSE:ORIENTLTD,353.0,353.6,351.55,351.55,234.0
2018-07-18 13:00:00,NSE:ORIENTLTD,350.3,350.95,350.25,350.95,193.0
2018-07-18 14:00:00,NSE:ORIENTLTD,350.0,350.0,340.55,340.55,427.0
2018-07-18 15:00:00,NSE:ORIENTLTD,342.95,349.95,340.05,349.95,410.0
2018-07-19 09:00:00,NSE:ORIENTLTD,346.0,346.0,331.65,331.65,2744.0
2018-07-19 10:00:00,NSE:ORIENTLTD,334.45,335.65,334.4,335.65,143.0
2018-07-19 11:00:00,NSE:ORIENTLTD,335.65,335.65,333.05,333.05,28.0
2018-07-19 12:00:00,NSE:ORIENTLTD,334.9,334.9,331.05,331.1,386.0
2018-07-19 13:00:00,NSE:ORIENTLTD,334.3,334.3,331.0,331.0,122.0
2018-07-19 14:00:00,NSE:ORIENTLTD,331.0,333.4,331.0,332.0,52.0
2018-07-19 15:00:00,NSE:ORIENTLTD,333.45,346.8,331.55,338.25,406.0
2018-07-20 09:00:00,NSE:ORIENTLTD,338.3,359.9,327.35,335.0,7567.0
2018-07-20 10:00:00,NSE:ORIENTLTD,335.65,335.8,332.1,333.4,149.0
2018-07-20 11:00:00,NSE:ORIENTLTD,333.0,333.8,333.0,333.0,104.0
2018-07-20 12:00:00,NSE:ORIENTLTD,332.95,333.0,328.55,333.0,333.0
2018-07-20 13:00:00,NSE:ORIENTLTD,332.65,332.65,325.15,325.25,219.0
2018-07-20 14:00:00,NSE:ORIENTLTD,328.95,331.0,325.0,326.55,375.0
2018-07-20 15:00:00,NSE:ORIENTLTD,326.6,328.0,322.0,323.85,1013.0
2018-07-23 09:00:00,NSE:ORIENTLTD,323.85,338.95,319.75,320.0,4268.0
2018-07-23 10:00:00,NSE:ORIENTLTD,320.0,323.0,320.0,323.0,527.0
2018-07-23 11:00:00,NSE:ORIENTLTD,322.8,323.0,320.85,322.9,247.0
2018-07-23 12:00:00,NSE:ORIENTLTD,322.9,322.9,322.6,322.6,40.0
2018-07-23 13:00:00,NSE:ORIENTLTD,322.6,322.6,322.55,322.55,110.0
2018-07-23 14:00:00,NSE:ORIENTLTD,321.5,321.5,321.5,321.5,60.0
2018-07-23 15:00:00,NSE:ORIENTLTD,322.6,322.6,319.85,319.85,478.0
2018-07-24 09:00:00,NSE:ORIENTLTD,316.0,325.55,316.0,324.7,4101.0
2018-07-24 10:00:00,NSE:ORIENTLTD,322.8,323.1,310.0,310.05,1350.0
2018-07-24 11:00:00,NSE:ORIENTLTD,310.15,314.95,310.0,312.0,462.0
2018-07-24 12:00:00,NSE:ORIENTLTD,312.7,312.7,310.0,310.15,253.0
2018-07-24 13:00:00,NSE:ORIENTLTD,310.0,312.3,310.0,310.05,1089.0
2018-07-24 14:00:00,NSE:ORIENTLTD,310.05,313.0,309.8,310.0,971.0
2018-07-24 15:00:00,NSE:ORIENTLTD,309.8,310.35,307.5,308.7,3408.0
2018-07-25 09:00:00,NSE:ORIENTLTD,305.15,350.0,304.85,308.75,6001.0
2018-07-25 10:00:00,NSE:ORIENTLTD,305.0,316.35,305.0,316.35,1331.0
2018-07-25 11:00:00,NSE:ORIENTLTD,317.55,317.55,314.05,317.55,479.0
2018-07-25 12:00:00,NSE:ORIENTLTD,317.0,317.15,314.0,314.3,2035.0
2018-07-25 13:00:00,NSE:ORIENTLTD,312.15,312.35,308.85,310.4,657.0
2018-07-25 14:00:00,NSE:ORIENTLTD,310.4,311.5,306.05,306.05,679.0
2018-07-25 15:00:00,NSE:ORIENTLTD,306.05,306.05,304.6,304.6,973.0
2018-07-26 09:00:00,NSE:ORIENTLTD,301.1,306.05,301.1,303.2,2600.0
2018-07-26 10:00:00,NSE:ORIENTLTD,301.95,303.5,299.65,300.85,1015.0
2018-07-26 11:00:00,NSE:ORIENTLTD,300.05,300.7,299.75,300.7,179.0
2018-07-26 12:00:00,NSE:ORIENTLTD,299.75,300.3,299.75,300.25,46.0
2018-07-26 13:00:00,NSE:ORIENTLTD,300.7,300.7,299.75,299.8,61.0
2018-07-26 14:00:00,NSE:ORIENTLTD,299.8,299.95,299.65,299.65,629.0
2018-07-26 15:00:00,NSE:ORIENTLTD,299.65,299.75,299.4,299.55,389.0
2018-07-27 09:00:00,NSE:ORIENTLTD,303.15,324.85,303.15,308.05,3564.0
2018-07-27 10:00:00,NSE:ORIENTLTD,311.15,311.15,302.05,302.05,984.0
2018-07-27 11:00:00,NSE:ORIENTLTD,303.0,304.05,301.0,301.05,454.0
2018-07-27 12:00:00,NSE:ORIENTLTD,301.0,302.2,301.0,301.05,162.0
2018-07-27 13:00:00,NSE:ORIENTLTD,301.05,302.2,301.05,302.15,54.0
2018-07-27 14:00:00,NSE:ORIENTLTD,302.15,311.4,302.15,311.4,572.0
2018-07-27 15:00:00,NSE:ORIENTLTD,311.45,317.0,305.1,317.0,530.0
2018-07-30 09:00:00,NSE:ORIENTLTD,329.8,329.8,309.7,311.4,3015.0
2018-07-30 10:00:00,NSE:ORIENTLTD,312.2,315.4,310.1,310.1,613.0
2018-07-30 11:00:00,NSE:ORIENTLTD,310.25,310.9,310.25,310.35,464.0
2018-07-30 12:00:00,NSE:ORIENTLTD,311.25,311.9,310.0,311.0,2062.0
2018-07-30 13:00:00,NSE:ORIENTLTD,311.0,311.0,311.0,311.0,2.0
2018-07-30 14:00:00,NSE:ORIENTLTD,310.1,310.1,307.0,309.2,100.0
2018-07-30 15:00:00,NSE:ORIENTLTD,307.2,307.25,305.0,305.0,216.0
2018-07-31 09:00:00,NSE:ORIENTLTD,325.0,325.0,305.0,306.7,2522.0
2018-07-31 10:00:00,NSE:ORIENTLTD,307.55,308.75,304.05,307.15,863.0
2018-07-31 11:00:00,NSE:ORIENTLTD,301.0,304.65,300.15,301.0,224.0
2018-07-31 12:00:00,NSE:ORIENTLTD,301.95,301.95,301.95,301.95,21.0
2018-07-31 13:00:00,NSE:ORIENTLTD,301.0,301.0,301.0,301.0,81.0
2018-07-31 14:00:00,NSE:ORIENTLTD,301.0,302.95,300.2,300.2,34.0
2018-07-31 15:00:00,NSE:ORIENTLTD,300.15,302.0,300.05,300.4,1029.0
2018-08-01 09:00:00,NSE:ORIENTLTD,316.9,316.9,302.05,303.55,3251.0
2018-08-01 10:00:00,NSE:ORIENTLTD,304.0,304.0,300.6,300.6,295.0
2018-08-01 11:00:00,NSE:ORIENTLTD,300.0,301.65,299.9,299.9,566.0
2018-08-01 12:00:00,NSE:ORIENTLTD,299.8,302.35,299.8,299.9,388.0
2018-08-01 13:00:00,NSE:ORIENTLTD,299.9,299.9,299.9,299.9,100.0
2018-08-01 15:00:00,NSE:ORIENTLTD,300.05,302.25,300.0,300.05,152.0
2018-08-02 09:00:00,NSE:ORIENTLTD,300.15,304.0,300.0,300.0,2788.0
2018-08-02 10:00:00,NSE:ORIENTLTD,300.0,302.35,299.8,300.0,248.0
2018-08-02 11:00:00,NSE:ORIENTLTD,300.0,301.0,300.0,300.0,172.0
2018-08-02 12:00:00,NSE:ORIENTLTD,301.5,302.0,301.45,302.0,130.0
2018-08-02 13:00:00,NSE:ORIENTLTD,301.25,301.95,299.7,300.75,368.0
2018-08-02 14:00:00,NSE:ORIENTLTD,300.0,300.75,299.7,300.7,52.0
2018-08-02 15:00:00,NSE:ORIENTLTD,299.65,299.65,299.65,299.65,33.0
2018-08-03 09:00:00,NSE:ORIENTLTD,301.0,308.05,300.1,303.2,2959.0
2018-08-03 10:00:00,NSE:ORIENTLTD,304.7,304.7,304.7,304.7,1.0
2018-08-03 11:00:00,NSE:ORIENTLTD,301.95,319.9,301.1,301.1,19616.0
2018-08-03 12:00:00,NSE:ORIENTLTD,303.85,303.85,303.85,303.85,1.0
2018-08-03 13:00:00,NSE:ORIENTLTD,303.0,303.0,303.0,303.0,68.0
2018-08-03 14:00:00,NSE:ORIENTLTD,301.3,301.3,300.55,300.55,648.0
2018-08-03 15:00:00,NSE:ORIENTLTD,300.55,302.0,300.5,300.95,1092.0
2018-08-06 09:00:00,NSE:ORIENTLTD,304.5,307.5,300.2,300.3,2802.0
2018-08-06 10:00:00,NSE:ORIENTLTD,300.35,301.45,300.35,301.45,26.0
2018-08-06 11:00:00,NSE:ORIENTLTD,301.5,301.65,300.85,300.85,237.0
2018-08-06 12:00:00,NSE:ORIENTLTD,301.0,301.0,299.75,299.75,578.0
2018-08-06 13:00:00,NSE:ORIENTLTD,299.8,301.95,299.8,300.85,589.0
2018-08-06 14:00:00,NSE:ORIENTLTD,300.25,300.25,300.25,300.25,454.0
2018-08-06 15:00:00,NSE:ORIENTLTD,300.25,300.25,299.5,299.75,670.0
2018-08-07 09:00:00,NSE:ORIENTLTD,301.5,305.1,300.15,300.15,2748.0
2018-08-07 10:00:00,NSE:ORIENTLTD,300.45,300.45,300.45,300.45,5.0
2018-08-07 11:00:00,NSE:ORIENTLTD,300.4,300.45,300.05,300.45,228.0
2018-08-07 12:00:00,NSE:ORIENTLTD,299.9,300.25,299.9,299.95,450.0
2018-08-07 13:00:00,NSE:ORIENTLTD,299.9,299.9,299.9,299.9,10.0
2018-08-07 14:00:00,NSE:ORIENTLTD,299.95,299.95,299.95,299.95,1064.0
2018-08-07 15:00:00,NSE:ORIENTLTD,299.8,300.0,299.65,299.65,659.0
2018-08-08 09:00:00,NSE:ORIENTLTD,302.5,305.1,302.5,303.2,1786.0
2018-08-08 10:00:00,NSE:ORIENTLTD,301.1,305.0,301.1,302.0,2598.0
2018-08-08 11:00:00,NSE:ORIENTLTD,301.7,303.95,301.7,303.0,48.0
2018-08-08 12:00:00,NSE:ORIENTLTD,301.1,303.0,301.1,303.0,2305.0
2018-08-08 13:00:00,NSE:ORIENTLTD,303.95,305.0,303.95,304.35,1076.0
2018-08-08 14:00:00,NSE:ORIENTLTD,304.5,304.5,302.05,304.05,1308.0
2018-08-08 15:00:00,NSE:ORIENTLTD,304.4,309.9,304.4,304.6,2578.0
2018-08-09 09:00:00,NSE:ORIENTLTD,300.15,310.05,300.15,302.0,2671.0
2018-08-09 10:00:00,NSE:ORIENTLTD,302.0,302.0,301.0,301.0,88.0
2018-08-09 11:00:00,NSE:ORIENTLTD,300.5,300.5,300.5,300.5,5.0
2018-08-09 12:00:00,NSE:ORIENTLTD,300.25,301.1,300.25,301.1,53.0
2018-08-09 14:00:00,NSE:ORIENTLTD,301.9,301.9,300.35,300.35,55.0
2018-08-09 15:00:00,NSE:ORIENTLTD,301.8,301.8,300.05,300.05,180.0
2018-08-10 09:00:00,NSE:ORIENTLTD,300.5,302.0,299.95,302.0,3003.0
2018-08-10 10:00:00,NSE:ORIENTLTD,300.9,300.9,300.9,300.9,100.0
2018-08-10 13:00:00,NSE:ORIENTLTD,299.95,299.95,299.95,299.95,15.0
2018-08-10 14:00:00,NSE:ORIENTLTD,299.95,299.95,299.95,299.95,10.0
2018-08-10 15:00:00,NSE:ORIENTLTD,299.85,299.85,299.75,299.75,368.0
2018-08-13 09:00:00,NSE:ORIENTLTD,300.0,300.0,275.05,283.1,3180.0
2018-08-13 10:00:00,NSE:ORIENTLTD,284.0,288.5,284.0,286.0,110.0
2018-08-13 11:00:00,NSE:ORIENTLTD,286.1,286.1,286.0,286.0,220.0
2018-08-13 12:00:00,NSE:ORIENTLTD,286.0,286.0,284.0,285.35,58.0
2018-08-13 13:00:00,NSE:ORIENTLTD,287.8,287.8,284.0,285.85,22.0
2018-08-13 14:00:00,NSE:ORIENTLTD,281.4,281.4,281.4,281.4,3.0
2018-08-13 15:00:00,NSE:ORIENTLTD,281.2,289.9,276.6,276.6,473.0
2018-08-14 09:00:00,NSE:ORIENTLTD,282.0,283.5,275.5,275.5,3390.0
2018-08-14 10:00:00,NSE:ORIENTLTD,268.9,271.5,268.6,268.6,3101.0
2018-08-14 11:00:00,NSE:ORIENTLTD,269.9,269.9,268.6,268.6,23.0
2018-08-14 12:00:00,NSE:ORIENTLTD,268.6,270.05,268.6,270.05,188.0
2018-08-14 13:00:00,NSE:ORIENTLTD,270.6,270.6,268.65,268.65,179.0
2018-08-14 14:00:00,NSE:ORIENTLTD,268.6,268.6,268.6,268.6,20.0
2018-08-14 15:00:00,NSE:ORIENTLTD,268.6,268.6,266.9,266.9,973.0
2018-08-16 09:00:00,NSE:ORIENTLTD,271.0,284.1,270.0,270.0,2969.0
2018-08-16 10:00:00,NSE:ORIENTLTD,270.0,271.1,270.0,271.1,103.0
2018-08-16 11:00:00,NSE:ORIENTLTD,270.1,270.7,270.1,270.7,21.0
2018-08-16 12:00:00,NSE:ORIENTLTD,270.7,274.85,270.7,274.5,140.0
2018-08-16 13:00:00,NSE:ORIENTLTD,273.95,273.95,271.1,271.1,11.0
2018-08-16 14:00:00,NSE:ORIENTLTD,271.0,271.0,271.0,271.0,75.0
2018-08-16 15:00:00,NSE:ORIENTLTD,270.25,270.25,269.95,270.1,124.0
2018-08-17 09:00:00,NSE:ORIENTLTD,270.05,270.05,270.05,270.05,25.0
2018-08-17 10:00:00,NSE:ORIENTLTD,272.85,289.95,272.15,279.75,3639.0
2018-08-17 11:00:00,NSE:ORIENTLTD,275.0,320.0,272.0,280.0,7452.0
2018-08-17 12:00:00,NSE:ORIENTLTD,282.0,285.75,271.5,272.95,2369.0
2018-08-17 13:00:00,NSE:ORIENTLTD,276.4,276.4,273.05,275.0,140.0
2018-08-17 14:00:00,NSE:ORIENTLTD,275.0,276.45,273.0,273.0,294.0
2018-08-17 15:00:00,NSE:ORIENTLTD,273.1,274.95,270.6,272.15,2270.0
2018-08-20 09:00:00,NSE:ORIENTLTD,270.05,308.6,270.05,275.6,851.0
2018-08-20 10:00:00,NSE:ORIENTLTD,275.95,275.95,274.0,274.0,158.0
2018-08-20 11:00:00,NSE:ORIENTLTD,274.0,275.5,272.0,272.25,408.0
2018-08-20 12:00:00,NSE:ORIENTLTD,272.1,272.1,272.1,272.1,5.0
2018-08-20 13:00:00,NSE:ORIENTLTD,272.15,272.15,272.15,272.15,6.0
2018-08-20 14:00:00,NSE:ORIENTLTD,274.15,274.15,272.0,272.0,296.0
2018-08-20 15:00:00,NSE:ORIENTLTD,271.25,274.85,270.0,270.95,947.0
2018-08-21 09:00:00,NSE:ORIENTLTD,270.95,281.9,270.95,278.45,353.0
2018-08-21 10:00:00,NSE:ORIENTLTD,275.05,275.05,271.95,272.0,77.0
2018-08-21 11:00:00,NSE:ORIENTLTD,271.05,271.05,271.0,271.0,134.0
2018-08-21 12:00:00,NSE:ORIENTLTD,272.3,280.0,270.2,270.2,327.0
2018-08-21 14:00:00,NSE:ORIENTLTD,270.65,275.8,270.65,275.8,236.0
2018-08-21 15:00:00,NSE:ORIENTLTD,271.05,274.75,270.0,270.35,291.0
2018-08-23 09:00:00,NSE:ORIENTLTD,270.0,270.1,270.0,270.1,300.0
2018-08-23 10:00:00,NSE:ORIENTLTD,270.15,272.45,270.1,270.1,214.0
2018-08-23 11:00:00,NSE:ORIENTLTD,270.0,270.0,269.5,269.5,755.0
2018-08-23 12:00:00,NSE:ORIENTLTD,269.9,275.95,269.9,274.6,79.0
2018-08-23 13:00:00,NSE:ORIENTLTD,273.75,273.75,273.75,273.75,1.0
2018-08-23 15:00:00,NSE:ORIENTLTD,272.6,272.6,269.3,269.5,518.0
2018-08-24 09:00:00,NSE:ORIENTLTD,274.9,274.9,270.05,270.1,45.0
2018-08-24 10:00:00,NSE:ORIENTLTD,270.1,270.1,270.1,270.1,3.0
2018-08-24 11:00:00,NSE:ORIENTLTD,270.1,270.1,270.1,270.1,193.0
2018-08-24 12:00:00,NSE:ORIENTLTD,270.05,270.05,270.0,270.0,206.0
2018-08-24 13:00:00,NSE:ORIENTLTD,270.5,270.5,270.5,270.5,30.0
2018-08-24 14:00:00,NSE:ORIENTLTD,270.0,271.0,269.9,269.9,97.0
2018-08-24 15:00:00,NSE:ORIENTLTD,269.85,271.0,269.5,269.8,625.0
2018-08-27 09:00:00,NSE:ORIENTLTD,270.2,274.95,270.0,270.1,928.0
2018-08-27 10:00:00,NSE:ORIENTLTD,270.1,273.7,270.1,273.7,80.0
2018-08-27 11:00:00,NSE:ORIENTLTD,272.0,273.25,272.0,273.25,11.0
2018-08-27 12:00:00,NSE:ORIENTLTD,270.05,274.0,270.05,270.55,338.0
2018-08-27 13:00:00,NSE:ORIENTLTD,270.55,273.0,270.1,272.8,187.0
2018-08-27 14:00:00,NSE:ORIENTLTD,270.05,270.05,270.05,270.05,100.0
2018-08-27 15:00:00,NSE:ORIENTLTD,271.7,272.85,269.8,269.8,808.0
2018-08-28 09:00:00,NSE:ORIENTLTD,270.2,270.25,270.1,270.1,327.0
2018-08-28 10:00:00,NSE:ORIENTLTD,271.0,274.6,270.1,274.6,724.0
2018-08-28 11:00:00,NSE:ORIENTLTD,270.1,270.1,270.1,270.1,6.0
2018-08-28 12:00:00,NSE:ORIENTLTD,270.2,270.2,270.2,270.2,139.0
2018-08-28 13:00:00,NSE:ORIENTLTD,270.65,272.85,270.2,270.2,43.0
2018-08-28 14:00:00,NSE:ORIENTLTD,271.9,271.9,270.2,270.2,3.0
2018-08-28 15:00:00,NSE:ORIENTLTD,270.2,271.5,269.9,269.9,285.0
2018-08-29 09:00:00,NSE:ORIENTLTD,270.1,278.2,270.1,271.9,1695.0
2018-08-29 10:00:00,NSE:ORIENTLTD,273.75,276.5,271.25,273.9,2956.0
2018-08-29 11:00:00,NSE:ORIENTLTD,271.75,273.9,271.2,271.75,355.0
2018-08-29 12:00:00,NSE:ORIENTLTD,273.45,273.45,272.85,272.85,3.0
2018-08-29 13:00:00,NSE:ORIENTLTD,271.75,272.85,271.75,272.85,192.0
2018-08-29 14:00:00,NSE:ORIENTLTD,271.2,271.2,271.2,271.2,13.0
2018-08-29 15:00:00,NSE:ORIENTLTD,271.25,272.9,270.05,272.85,53558.0
2018-08-30 09:00:00,NSE:ORIENTLTD,270.95,277.35,270.35,273.9,1220.0
2018-08-30 10:00:00,NSE:ORIENTLTD,271.9,271.95,270.4,270.4,20.0
2018-08-30 12:00:00,NSE:ORIENTLTD,270.5,270.5,270.5,270.5,5.0
2018-08-30 14:00:00,NSE:ORIENTLTD,270.5,270.5,270.45,270.45,147.0
2018-08-30 15:00:00,NSE:ORIENTLTD,271.95,271.95,269.95,269.95,328.0
2018-08-31 09:00:00,NSE:ORIENTLTD,270.2,275.0,269.95,269.95,480.0
2018-08-31 10:00:00,NSE:ORIENTLTD,269.95,269.95,266.6,269.35,602.0
2018-08-31 11:00:00,NSE:ORIENTLTD,269.4,269.95,269.35,269.95,10.0
2018-08-31 13:00:00,NSE:ORIENTLTD,269.3,270.5,269.3,270.25,332.0
2018-08-31 14:00:00,NSE:ORIENTLTD,270.3,270.3,270.2,270.2,154.0
2018-08-31 15:00:00,NSE:ORIENTLTD,269.95,270.0,269.9,269.95,197.0
2018-09-03 09:00:00,NSE:ORIENTLTD,270.2,282.85,270.2,275.0,4132.0
2018-09-03 10:00:00,NSE:ORIENTLTD,276.0,277.9,271.05,271.1,160.0
2018-09-03 11:00:00,NSE:ORIENTLTD,271.2,271.5,271.2,271.5,6.0
2018-09-03 12:00:00,NSE:ORIENTLTD,274.5,274.5,272.0,272.0,207.0
2018-09-03 13:00:00,NSE:ORIENTLTD,272.05,272.05,271.25,271.25,127.0
2018-09-03 14:00:00,NSE:ORIENTLTD,271.2,271.2,271.0,271.0,215.0
2018-09-03 15:00:00,NSE:ORIENTLTD,271.2,271.2,270.0,270.75,454.0
2018-09-04 09:00:00,NSE:ORIENTLTD,270.35,280.45,270.1,270.5,234.0
2018-09-04 12:00:00,NSE:ORIENTLTD,272.3,272.3,270.5,270.5,23.0
2018-09-04 13:00:00,NSE:ORIENTLTD,271.7,275.95,270.0,270.2,3392.0
2018-09-04 14:00:00,NSE:ORIENTLTD,270.45,270.45,270.1,270.1,4.0
2018-09-04 15:00:00,NSE:ORIENTLTD,270.05,272.9,269.8,269.8,451.0
2018-09-05 09:00:00,NSE:ORIENTLTD,276.9,279.6,270.15,273.25,4380.0
2018-09-05 10:00:00,NSE:ORIENTLTD,271.25,271.25,270.15,270.85,435.0
2018-09-05 11:00:00,NSE:ORIENTLTD,270.9,270.9,270.25,270.25,54.0
2018-09-05 12:00:00,NSE:ORIENTLTD,270.1,270.1,270.1,270.1,188.0
2018-09-05 14:00:00,NSE:ORIENTLTD,270.1,270.95,270.05,270.95,456.0
2018-09-05 15:00:00,NSE:ORIENTLTD,270.1,272.0,269.15,269.7,1726.0
2018-09-06 09:00:00,NSE:ORIENTLTD,270.75,277.0,270.55,272.35,2398.0
2018-09-06 10:00:00,NSE:ORIENTLTD,273.85,276.9,270.25,273.9,5632.0
2018-09-06 11:00:00,NSE:ORIENTLTD,270.1,271.95,270.1,271.5,259.0
2018-09-06 13:00:00,NSE:ORIENTLTD,270.1,270.1,270.1,270.1,4.0
2018-09-06 14:00:00,NSE:ORIENTLTD,270.1,270.1,270.1,270.1,10.0
2018-09-06 15:00:00,NSE:ORIENTLTD,270.05,270.05,270.05,270.05,319.0
2018-09-07 09:00:00,NSE:ORIENTLTD,272.65,276.35,270.65,272.0,1884.0
2018-09-07 10:00:00,NSE:ORIENTLTD,271.95,271.95,271.95,271.95,1.0
2018-09-07 13:00:00,NSE:ORIENTLTD,270.5,270.5,270.5,270.5,20.0
2018-09-07 14:00:00,NSE:ORIENTLTD,270.15,270.15,270.15,270.15,112.0
2018-09-07 15:00:00,NSE:ORIENTLTD,270.1,270.1,270.1,270.1,561.0
2018-09-10 09:00:00,NSE:ORIENTLTD,270.1,278.95,270.1,270.3,4407.0
2018-09-10 10:00:00,NSE:ORIENTLTD,270.3,270.3,270.3,270.3,100.0
2018-09-10 11:00:00,NSE:ORIENTLTD,271.85,271.9,270.25,270.4,120.0
2018-09-10 12:00:00,NSE:ORIENTLTD,270.4,276.15,270.3,270.35,242.0
2018-09-10 13:00:00,NSE:ORIENTLTD,272.0,273.0,270.4,271.45,223.0
2018-09-10 14:00:00,NSE:ORIENTLTD,272.0,275.0,270.1,270.1,706.0
2018-09-10 15:00:00,NSE:ORIENTLTD,270.1,270.1,269.95,269.95,454.0
2018-09-11 09:00:00,NSE:ORIENTLTD,270.0,277.7,270.0,271.7,2969.0
2018-09-11 10:00:00,NSE:ORIENTLTD,271.95,271.95,270.25,271.95,429.0
2018-09-11 13:00:00,NSE:ORIENTLTD,270.25,270.7,270.25,270.7,139.0
2018-09-11 14:00:00,NSE:ORIENTLTD,270.7,270.7,270.7,270.7,7.0
2018-09-11 15:00:00,NSE:ORIENTLTD,270.05,270.85,270.05,270.1,604.0
2018-09-12 09:00:00,NSE:ORIENTLTD,271.0,276.7,270.2,271.0,4478.0
2018-09-12 10:00:00,NSE:ORIENTLTD,270.6,275.0,270.55,271.2,1990.0
2018-09-12 11:00:00,NSE:ORIENTLTD,272.05,275.0,270.55,273.0,3976.0
2018-09-12 12:00:00,NSE:ORIENTLTD,273.85,273.85,270.25,270.25,105.0
2018-09-12 13:00:00,NSE:ORIENTLTD,270.25,270.85,270.25,270.85,42.0
2018-09-12 14:00:00,NSE:ORIENTLTD,270.25,270.25,270.15,270.15,58.0
2018-09-12 15:00:00,NSE:ORIENTLTD,270.15,270.15,269.85,269.85,456.0
2018-09-14 09:00:00,NSE:ORIENTLTD,270.9,278.1,270.9,271.0,911.0
2018-09-14 10:00:00,NSE:ORIENTLTD,276.0,276.0,272.0,272.0,872.0
2018-09-14 12:00:00,NSE:ORIENTLTD,273.15,277.0,270.15,270.3,1807.0
2018-09-14 13:00:00,NSE:ORIENTLTD,271.0,271.0,270.3,270.3,24.0
2018-09-14 14:00:00,NSE:ORIENTLTD,270.5,270.5,270.2,270.2,82.0
2018-09-14 15:00:00,NSE:ORIENTLTD,270.1,270.1,270.1,270.1,1260.0
2018-09-17 09:00:00,NSE:ORIENTLTD,281.0,281.0,270.3,270.55,693.0
2018-09-17 10:00:00,NSE:ORIENTLTD,274.4,274.4,270.5,270.5,203.0
2018-09-17 12:00:00,NSE:ORIENTLTD,271.0,271.0,270.5,270.5,322.0
2018-09-17 13:00:00,NSE:ORIENTLTD,270.1,270.15,270.1,270.15,56.0
2018-09-17 14:00:00,NSE:ORIENTLTD,270.15,271.0,270.15,270.15,54.0
2018-09-17 15:00:00,NSE:ORIENTLTD,270.4,271.45,270.1,270.2,334.0
2018-09-18 09:00:00,NSE:ORIENTLTD,271.05,277.05,271.05,271.35,218.0
2018-09-18 10:00:00,NSE:ORIENTLTD,271.1,272.65,270.25,270.3,184.0
2018-09-18 11:00:00,NSE:ORIENTLTD,270.3,272.7,270.3,271.8,93.0
2018-09-18 12:00:00,NSE:ORIENTLTD,270.3,270.3,270.25,270.25,10.0
2018-09-18 13:00:00,NSE:ORIENTLTD,270.25,270.25,270.25,270.25,18.0
2018-09-18 14:00:00,NSE:ORIENTLTD,270.0,270.0,269.8,269.8,467.0
2018-09-18 15:00:00,NSE:ORIENTLTD,269.8,271.0,269.65,269.8,171.0
2018-09-19 09:00:00,NSE:ORIENTLTD,273.05,273.05,270.35,270.35,102.0
2018-09-19 10:00:00,NSE:ORIENTLTD,270.1,270.1,270.1,270.1,10.0
2018-09-19 11:00:00,NSE:ORIENTLTD,270.05,270.05,270.0,270.0,403.0
2018-09-19 12:00:00,NSE:ORIENTLTD,271.0,271.95,270.0,271.95,94.0
2018-09-19 14:00:00,NSE:ORIENTLTD,270.1,270.1,270.0,270.0,70.0
2018-09-19 15:00:00,NSE:ORIENTLTD,270.0,270.1,270.0,270.1,216.0
2018-09-21 09:00:00,NSE:ORIENTLTD,270.15,270.15,270.15,270.15,23.0
2018-09-21 10:00:00,NSE:ORIENTLTD,270.15,278.75,270.15,270.2,145.0
2018-09-21 11:00:00,NSE:ORIENTLTD,270.2,271.7,270.0,270.0,35.0
2018-09-21 12:00:00,NSE:ORIENTLTD,274.0,274.0,269.1,269.1,1256.0
2018-09-21 13:00:00,NSE:ORIENTLTD,269.1,270.0,268.2,268.2,291.0
2018-09-21 15:00:00,NSE:ORIENTLTD,268.0,268.0,268.0,268.0,27.0
2018-09-24 09:00:00,NSE:ORIENTLTD,276.0,276.0,251.7,271.9,275.0
2018-09-24 10:00:00,NSE:ORIENTLTD,254.3,266.75,253.0,254.05,136.0
2018-09-24 11:00:00,NSE:ORIENTLTD,251.9,251.9,251.9,251.9,150.0
2018-09-24 12:00:00,NSE:ORIENTLTD,251.95,255.05,250.2,252.05,58.0
2018-09-24 13:00:00,NSE:ORIENTLTD,254.0,254.0,250.5,250.5,10.0
2018-09-24 14:00:00,NSE:ORIENTLTD,259.9,259.9,250.05,251.95,135.0
2018-09-24 15:00:00,NSE:ORIENTLTD,250.05,250.05,249.8,249.8,393.0
2018-09-25 09:00:00,NSE:ORIENTLTD,250.1,255.2,250.1,250.5,111.0
2018-09-25 10:00:00,NSE:ORIENTLTD,250.5,253.85,250.4,253.85,222.0
2018-09-25 11:00:00,NSE:ORIENTLTD,250.05,253.3,250.05,253.3,126.0
2018-09-25 12:00:00,NSE:ORIENTLTD,250.05,250.05,250.05,250.05,71.0
2018-09-25 13:00:00,NSE:ORIENTLTD,250.05,250.05,250.0,250.0,70.0
2018-09-25 14:00:00,NSE:ORIENTLTD,250.0,250.0,250.0,250.0,26.0
2018-09-25 15:00:00,NSE:ORIENTLTD,250.0,250.0,250.0,250.0,55.0
2018-09-26 09:00:00,NSE:ORIENTLTD,256.85,256.85,251.4,253.05,30.0
2018-09-26 10:00:00,NSE:ORIENTLTD,252.0,253.05,250.2,253.0,1404.0
2018-09-26 11:00:00,NSE:ORIENTLTD,250.4,250.4,250.05,250.05,601.0
2018-09-26 12:00:00,NSE:ORIENTLTD,250.0,250.0,250.0,250.0,37.0
2018-09-26 13:00:00,NSE:ORIENTLTD,250.0,250.0,249.6,249.6,200.0
2018-09-26 14:00:00,NSE:ORIENTLTD,252.0,252.0,249.6,250.15,124.0
2018-09-26 15:00:00,NSE:ORIENTLTD,250.05,250.05,249.35,249.35,276.0
2018-09-27 09:00:00,NSE:ORIENTLTD,250.1,252.9,250.1,250.15,419.0
2018-09-27 10:00:00,NSE:ORIENTLTD,250.1,250.1,250.1,250.1,100.0
2018-09-27 11:00:00,NSE:ORIENTLTD,251.0,251.0,251.0,251.0,1.0
2018-09-27 14:00:00,NSE:ORIENTLTD,250.0,250.0,250.0,250.0,25.0
2018-09-27 15:00:00,NSE:ORIENTLTD,250.0,250.0,249.8,249.9,339.0
2018-09-28 09:00:00,NSE:ORIENTLTD,250.0,254.6,249.9,249.9,206.0
2018-09-28 10:00:00,NSE:ORIENTLTD,249.2,256.0,249.2,250.0,559.0
2018-09-28 11:00:00,NSE:ORIENTLTD,250.05,250.05,250.05,250.05,22.0
2018-09-28 12:00:00,NSE:ORIENTLTD,250.05,250.05,250.0,250.0,32.0
2018-09-28 13:00:00,NSE:ORIENTLTD,249.25,254.8,249.25,254.8,32.0
2018-09-28 14:00:00,NSE:ORIENTLTD,250.0,250.0,249.0,249.0,280.0
2018-09-28 15:00:00,NSE:ORIENTLTD,248.75,248.75,248.75,248.75,10.0
2018-10-01 09:00:00,NSE:ORIENTLTD,250.0,250.0,249.7,249.7,557.0
2018-10-01 10:00:00,NSE:ORIENTLTD,249.7,249.7,249.7,249.7,31.0
2018-10-01 15:00:00,NSE:ORIENTLTD,249.7,249.7,249.0,249.0,1050.0
2018-10-03 09:00:00,NSE:ORIENTLTD,274.9,274.9,249.6,249.65,491.0
2018-10-03 10:00:00,NSE:ORIENTLTD,250.05,251.05,249.6,250.85,694.0
2018-10-03 11:00:00,NSE:ORIENTLTD,250.45,251.75,249.6,249.8,590.0
2018-10-03 12:00:00,NSE:ORIENTLTD,249.8,249.8,249.8,249.8,28.0
2018-10-03 13:00:00,NSE:ORIENTLTD,251.0,251.9,249.8,250.9,16932.0
2018-10-03 14:00:00,NSE:ORIENTLTD,251.95,251.95,249.8,249.8,302.0
2018-10-03 15:00:00,NSE:ORIENTLTD,251.9,251.9,249.0,249.0,550.0
2018-10-04 09:00:00,NSE:ORIENTLTD,252.6,252.6,225.6,226.0,474.0
2018-10-04 10:00:00,NSE:ORIENTLTD,226.05,226.05,226.05,226.05,1.0
2018-10-04 11:00:00,NSE:ORIENTLTD,226.05,239.3,226.05,239.0,72.0
2018-10-04 12:00:00,NSE:ORIENTLTD,230.0,230.0,230.0,230.0,33.0
2018-10-04 14:00:00,NSE:ORIENTLTD,235.5,235.5,227.0,229.0,34.0
2018-10-04 15:00:00,NSE:ORIENTLTD,226.2,226.2,219.0,219.0,524.0
2018-10-05 09:00:00,NSE:ORIENTLTD,220.05,221.9,219.75,221.9,306.0
2018-10-05 10:00:00,NSE:ORIENTLTD,221.6,221.6,219.2,219.2,117.0
2018-10-05 11:00:00,NSE:ORIENTLTD,219.15,219.15,218.75,218.75,104.0
2018-10-05 12:00:00,NSE:ORIENTLTD,218.75,218.75,218.55,218.55,58.0
2018-10-05 14:00:00,NSE:ORIENTLTD,221.0,223.05,217.8,217.8,256.0
2018-10-05 15:00:00,NSE:ORIENTLTD,217.8,217.8,215.0,215.0,287.0
2018-10-08 09:00:00,NSE:ORIENTLTD,210.05,217.05,210.05,211.0,106.0
2018-10-08 10:00:00,NSE:ORIENTLTD,211.0,215.0,209.45,209.45,215.0
2018-10-08 11:00:00,NSE:ORIENTLTD,213.95,213.95,209.0,209.0,51.0
2018-10-08 12:00:00,NSE:ORIENTLTD,213.0,213.0,208.6,208.6,118.0
2018-10-08 13:00:00,NSE:ORIENTLTD,208.0,208.0,208.0,208.0,35.0
2018-10-08 14:00:00,NSE:ORIENTLTD,208.0,208.0,197.0,197.0,164.0
2018-10-08 15:00:00,NSE:ORIENTLTD,200.0,207.0,185.2,193.5,1453.0
2018-10-09 09:00:00,NSE:ORIENTLTD,190.0,199.55,180.5,183.1,1563.0
2018-10-09 10:00:00,NSE:ORIENTLTD,183.1,187.65,181.0,183.65,732.0
2018-10-09 11:00:00,NSE:ORIENTLTD,183.65,183.65,179.0,179.1,172.0
2018-10-09 12:00:00,NSE:ORIENTLTD,182.15,183.45,174.0,174.0,325.0
2018-10-09 13:00:00,NSE:ORIENTLTD,172.8,189.75,172.8,180.05,741.0
2018-10-09 14:00:00,NSE:ORIENTLTD,175.15,230.0,170.0,201.0,5118.0
2018-10-09 15:00:00,NSE:ORIENTLTD,201.0,207.65,199.05,202.0,569.0
2018-10-10 09:00:00,NSE:ORIENTLTD,194.45,209.95,189.95,193.75,6579.0
2018-10-10 10:00:00,NSE:ORIENTLTD,191.65,195.0,189.9,194.0,264.0
2018-10-10 11:00:00,NSE:ORIENTLTD,193.0,195.0,191.95,194.0,365.0
2018-10-10 13:00:00,NSE:ORIENTLTD,196.0,197.75,191.25,191.25,19.0
2018-10-10 14:00:00,NSE:ORIENTLTD,197.55,197.55,194.0,194.0,34.0
2018-10-10 15:00:00,NSE:ORIENTLTD,195.0,195.0,185.55,191.25,635.0
2018-10-11 09:00:00,NSE:ORIENTLTD,185.0,187.95,179.5,187.95,51.0
2018-10-11 10:00:00,NSE:ORIENTLTD,180.5,194.95,180.1,194.95,84.0
2018-10-11 11:00:00,NSE:ORIENTLTD,187.45,190.05,183.0,188.0,402.0
2018-10-11 13:00:00,NSE:ORIENTLTD,188.0,188.0,188.0,188.0,3.0
2018-10-11 15:00:00,NSE:ORIENTLTD,186.0,186.0,182.2,182.2,39.0
2018-10-12 09:00:00,NSE:ORIENTLTD,185.05,191.05,181.6,181.6,63.0
2018-10-12 10:00:00,NSE:ORIENTLTD,182.95,190.05,181.6,185.0,119.0
2018-10-12 11:00:00,NSE:ORIENTLTD,194.95,194.95,183.0,185.0,34.0
2018-10-12 12:00:00,NSE:ORIENTLTD,193.75,193.75,191.0,191.0,56.0
2018-10-12 13:00:00,NSE:ORIENTLTD,185.15,194.95,185.15,189.95,207.0
2018-10-12 14:00:00,NSE:ORIENTLTD,190.0,194.05,190.0,194.0,144.0
2018-10-12 15:00:00,NSE:ORIENTLTD,199.5,199.5,199.5,199.5,45.0
2018-10-15 09:00:00,NSE:ORIENTLTD,208.5,208.5,191.05,198.3,302.0
2018-10-15 10:00:00,NSE:ORIENTLTD,194.05,201.05,194.05,197.05,140.0
2018-10-15 12:00:00,NSE:ORIENTLTD,197.05,197.05,197.0,197.0,86.0
2018-10-15 13:00:00,NSE:ORIENTLTD,197.05,202.4,197.05,202.4,182.0
2018-10-15 14:00:00,NSE:ORIENTLTD,198.0,198.0,198.0,198.0,40.0
2018-10-15 15:00:00,NSE:ORIENTLTD,198.05,198.15,198.05,198.15,49.0
2018-10-16 09:00:00,NSE:ORIENTLTD,188.6,208.75,188.6,192.55,32.0
2018-10-16 10:00:00,NSE:ORIENTLTD,192.75,192.75,192.75,192.75,16.0
2018-10-16 11:00:00,NSE:ORIENTLTD,199.0,200.0,199.0,200.0,5.0
2018-10-16 12:00:00,NSE:ORIENTLTD,200.0,200.0,200.0,200.0,5.0
2018-10-16 15:00:00,NSE:ORIENTLTD,202.4,205.0,193.2,201.65,43.0
2018-10-17 09:00:00,NSE:ORIENTLTD,209.9,209.9,209.9,209.9,10.0
2018-10-17 11:00:00,NSE:ORIENTLTD,203.0,207.95,194.95,207.95,34.0
2018-10-17 12:00:00,NSE:ORIENTLTD,205.8,205.8,205.8,205.8,10.0
2018-10-17 14:00:00,NSE:ORIENTLTD,204.8,204.8,204.8,204.8,14.0
2018-10-19 09:00:00,NSE:ORIENTLTD,204.8,209.2,190.0,199.7,117.0
2018-10-19 10:00:00,NSE:ORIENTLTD,196.0,196.0,196.0,196.0,3.0
2018-10-19 11:00:00,NSE:ORIENTLTD,196.0,202.05,196.0,196.1,54.0
2018-10-19 12:00:00,NSE:ORIENTLTD,196.05,204.0,194.0,194.55,5140.0
2018-10-19 13:00:00,NSE:ORIENTLTD,198.0,198.0,197.05,197.05,53.0
2018-10-19 14:00:00,NSE:ORIENTLTD,197.05,197.05,197.05,197.05,9.0
2018-10-19 15:00:00,NSE:ORIENTLTD,197.05,198.05,197.05,197.15,74.0
2018-10-22 10:00:00,NSE:ORIENTLTD,201.0,201.0,187.55,188.3,29.0
2018-10-22 12:00:00,NSE:ORIENTLTD,196.0,196.0,195.0,195.0,8.0
2018-10-22 14:00:00,NSE:ORIENTLTD,198.0,200.0,198.0,200.0,2.0
2018-10-22 15:00:00,NSE:ORIENTLTD,202.0,202.0,202.0,202.0,8.0
2018-10-23 09:00:00,NSE:ORIENTLTD,198.5,211.05,194.3,198.0,1740.0
2018-10-23 10:00:00,NSE:ORIENTLTD,193.5,203.0,193.5,203.0,123.0
2018-10-23 11:00:00,NSE:ORIENTLTD,201.15,202.95,197.5,197.5,94.0
2018-10-23 12:00:00,NSE:ORIENTLTD,201.85,202.0,197.5,201.95,1937.0
2018-10-23 13:00:00,NSE:ORIENTLTD,202.0,202.0,197.4,200.75,1051.0
2018-10-23 14:00:00,NSE:ORIENTLTD,197.25,203.5,197.25,202.55,404.0
2018-10-23 15:00:00,NSE:ORIENTLTD,202.5,202.95,200.0,200.6,103.0
2018-10-24 09:00:00,NSE:ORIENTLTD,214.4,214.4,195.3,195.3,16.0
2018-10-24 11:00:00,NSE:ORIENTLTD,197.95,200.0,196.05,198.55,121.0
2018-10-24 12:00:00,NSE:ORIENTLTD,197.0,197.0,197.0,197.0,10.0
2018-10-24 13:00:00,NSE:ORIENTLTD,196.15,196.2,196.15,196.2,101.0
2018-10-24 15:00:00,NSE:ORIENTLTD,205.0,205.0,204.95,205.0,48.0
2018-10-25 10:00:00,NSE:ORIENTLTD,205.0,205.0,197.15,202.9,11510.0
2018-10-25 11:00:00,NSE:ORIENTLTD,198.0,203.8,198.0,198.15,36.0
2018-10-25 13:00:00,NSE:ORIENTLTD,204.4,204.4,204.4,204.4,25.0
2018-10-25 14:00:00,NSE:ORIENTLTD,204.35,204.35,198.5,202.5,39.0
2018-10-25 15:00:00,NSE:ORIENTLTD,202.75,203.95,202.4,203.0,375.0
2018-10-26 09:00:00,NSE:ORIENTLTD,193.5,193.5,193.5,193.5,25.0
2018-10-26 10:00:00,NSE:ORIENTLTD,194.15,194.15,194.15,194.15,2.0
2018-10-26 12:00:00,NSE:ORIENTLTD,198.95,199.0,194.5,194.5,25.0
2018-10-26 14:00:00,NSE:ORIENTLTD,195.0,195.0,194.65,194.65,23.0
2018-10-26 15:00:00,NSE:ORIENTLTD,194.65,194.65,194.65,194.65,37.0
2018-10-29 09:00:00,NSE:ORIENTLTD,203.95,203.95,203.9,203.9,5.0
2018-10-29 12:00:00,NSE:ORIENTLTD,193.0,193.0,191.05,191.05,12.0
2018-10-29 14:00:00,NSE:ORIENTLTD,191.95,214.8,191.05,194.6,1135.0
2018-10-29 15:00:00,NSE:ORIENTLTD,199.0,199.0,194.5,194.9,686.0
2018-10-30 09:00:00,NSE:ORIENTLTD,197.05,198.05,187.15,190.0,22.0
2018-10-30 10:00:00,NSE:ORIENTLTD,192.95,199.8,190.0,193.9,105.0
2018-10-30 11:00:00,NSE:ORIENTLTD,196.05,199.9,191.0,194.0,507.0
2018-10-30 12:00:00,NSE:ORIENTLTD,191.2,198.9,191.2,191.25,3.0
2018-10-30 13:00:00,NSE:ORIENTLTD,191.2,197.05,191.2,192.95,70.0
2018-10-30 14:00:00,NSE:ORIENTLTD,192.2,195.95,192.2,195.95,1125.0
2018-10-30 15:00:00,NSE:ORIENTLTD,193.0,193.0,188.0,188.0,19.0
2018-10-31 10:00:00,NSE:ORIENTLTD,201.05,202.95,190.0,198.0,34.0
2018-10-31 12:00:00,NSE:ORIENTLTD,189.2,189.2,189.15,189.15,55.0
2018-10-31 13:00:00,NSE:ORIENTLTD,194.95,194.95,189.0,189.0,4.0
2018-10-31 14:00:00,NSE:ORIENTLTD,189.05,195.9,189.05,195.9,11.0
2018-10-31 15:00:00,NSE:ORIENTLTD,189.0,189.0,189.0,189.0,26.0
2018-11-01 09:00:00,NSE:ORIENTLTD,205.05,205.05,188.0,188.0,21.0
2018-11-01 10:00:00,NSE:ORIENTLTD,191.95,196.0,189.05,189.05,24.0
2018-11-01 13:00:00,NSE:ORIENTLTD,195.5,195.5,195.5,195.5,1.0
2018-11-01 15:00:00,NSE:ORIENTLTD,189.45,195.5,189.45,195.5,11.0
2018-11-02 09:00:00,NSE:ORIENTLTD,192.0,199.9,187.1,188.0,330.0
2018-11-02 10:00:00,NSE:ORIENTLTD,189.0,193.05,187.1,187.1,51.0
2018-11-02 14:00:00,NSE:ORIENTLTD,188.5,189.0,188.5,189.0,4.0
2018-11-02 15:00:00,NSE:ORIENTLTD,189.0,189.0,180.1,180.1,442.0
2018-11-05 10:00:00,NSE:ORIENTLTD,191.05,193.05,183.1,183.1,78.0
2018-11-05 11:00:00,NSE:ORIENTLTD,183.95,187.05,183.0,183.0,30.0
2018-11-05 12:00:00,NSE:ORIENTLTD,185.0,185.0,185.0,185.0,1.0
2018-11-05 14:00:00,NSE:ORIENTLTD,183.0,186.05,181.0,181.05,135.0
2018-11-05 15:00:00,NSE:ORIENTLTD,184.05,184.05,181.0,181.0,12.0
2018-11-06 09:00:00,NSE:ORIENTLTD,185.05,185.05,185.05,185.05,5.0
2018-11-06 10:00:00,NSE:ORIENTLTD,177.0,191.0,177.0,178.0,202.0
2018-11-06 12:00:00,NSE:ORIENTLTD,194.9,194.95,182.95,194.45,141.0
2018-11-06 13:00:00,NSE:ORIENTLTD,187.0,189.9,177.0,180.0,186.0
2018-11-06 14:00:00,NSE:ORIENTLTD,180.45,217.0,173.05,204.0,2382.0
2018-11-06 15:00:00,NSE:ORIENTLTD,205.5,217.0,205.5,217.0,571.0
2018-11-09 09:00:00,NSE:ORIENTLTD,233.05,270.0,230.0,267.35,2707.0
2018-11-09 10:00:00,NSE:ORIENTLTD,266.5,266.5,242.0,248.95,11613.0
2018-11-09 11:00:00,NSE:ORIENTLTD,247.1,250.0,246.25,246.5,1130.0
2018-11-09 12:00:00,NSE:ORIENTLTD,247.0,250.0,246.55,246.75,970.0
2018-11-09 13:00:00,NSE:ORIENTLTD,249.5,250.0,249.5,250.0,1474.0
2018-11-09 14:00:00,NSE:ORIENTLTD,250.0,250.0,246.65,248.85,324.0
2018-11-09 15:00:00,NSE:ORIENTLTD,247.0,249.9,235.0,235.0,1639.0
2018-11-12 09:00:00,NSE:ORIENTLTD,251.0,251.0,237.0,241.95,753.0
2018-11-12 10:00:00,NSE:ORIENTLTD,243.7,243.7,237.0,238.5,257.0
2018-11-12 11:00:00,NSE:ORIENTLTD,238.5,240.0,238.5,240.0,140.0
2018-11-12 12:00:00,NSE:ORIENTLTD,239.75,240.0,237.0,237.0,138.0
2018-11-12 13:00:00,NSE:ORIENTLTD,237.15,245.9,237.15,244.5,322.0
2018-11-12 14:00:00,NSE:ORIENTLTD,244.45,245.9,240.05,242.0,254.0
2018-11-12 15:00:00,NSE:ORIENTLTD,245.9,245.9,241.35,245.9,63.0
2018-11-13 09:00:00,NSE:ORIENTLTD,240.0,256.05,240.0,242.35,712.0
2018-11-13 10:00:00,NSE:ORIENTLTD,247.05,250.0,240.35,240.5,305.0
2018-11-13 11:00:00,NSE:ORIENTLTD,240.55,240.55,240.55,240.55,10.0
2018-11-13 12:00:00,NSE:ORIENTLTD,242.95,248.7,240.5,242.0,134.0
2018-11-13 13:00:00,NSE:ORIENTLTD,241.5,245.6,240.5,240.5,75.0
2018-11-13 14:00:00,NSE:ORIENTLTD,242.45,247.95,240.5,242.25,113.0
2018-11-13 15:00:00,NSE:ORIENTLTD,249.85,249.85,240.5,240.5,105.0
2018-11-14 09:00:00,NSE:ORIENTLTD,236.95,248.9,235.0,247.6,603.0
2018-11-14 10:00:00,NSE:ORIENTLTD,244.0,244.0,235.0,235.0,39.0
2018-11-14 11:00:00,NSE:ORIENTLTD,235.0,235.0,227.95,230.0,384.0
2018-11-14 12:00:00,NSE:ORIENTLTD,225.1,230.0,225.1,226.1,121.0
2018-11-14 13:00:00,NSE:ORIENTLTD,226.15,229.2,226.0,229.2,83.0
2018-11-14 14:00:00,NSE:ORIENTLTD,226.2,226.2,224.1,225.0,253.0
2018-11-14 15:00:00,NSE:ORIENTLTD,224.85,224.85,224.85,224.85,25.0
2018-11-15 09:00:00,NSE:ORIENTLTD,202.6,241.55,202.6,214.5,914.0
2018-11-15 10:00:00,NSE:ORIENTLTD,221.9,230.0,221.9,229.75,387.0
2018-11-15 11:00:00,NSE:ORIENTLTD,225.0,225.0,202.4,214.85,2140.0
2018-11-15 12:00:00,NSE:ORIENTLTD,213.9,213.9,204.6,204.6,81.0
2018-11-15 13:00:00,NSE:ORIENTLTD,204.45,209.95,203.0,207.95,251.0
2018-11-15 14:00:00,NSE:ORIENTLTD,209.95,209.95,205.3,208.5,264.0
2018-11-15 15:00:00,NSE:ORIENTLTD,208.0,208.0,202.4,207.4,920.0
2018-11-16 09:00:00,NSE:ORIENTLTD,203.0,207.4,200.0,200.0,495.0
2018-11-16 10:00:00,NSE:ORIENTLTD,190.05,207.9,190.05,207.9,189.0
2018-11-16 11:00:00,NSE:ORIENTLTD,205.9,205.9,197.05,198.05,5.0
2018-11-16 12:00:00,NSE:ORIENTLTD,198.05,198.05,195.0,195.0,20.0
2018-11-16 13:00:00,NSE:ORIENTLTD,195.0,195.0,195.0,195.0,2.0
2018-11-16 14:00:00,NSE:ORIENTLTD,204.45,204.95,204.45,204.95,92.0
2018-11-16 15:00:00,NSE:ORIENTLTD,197.55,204.9,194.15,194.3,86.0
2018-11-19 09:00:00,NSE:ORIENTLTD,190.0,196.05,183.1,188.15,357.0
2018-11-19 10:00:00,NSE:ORIENTLTD,190.0,199.6,188.1,195.8,97.0
2018-11-19 11:00:00,NSE:ORIENTLTD,191.05,197.9,190.0,190.0,422.0
2018-11-19 12:00:00,NSE:ORIENTLTD,189.95,189.95,186.35,187.05,120.0
2018-11-19 13:00:00,NSE:ORIENTLTD,187.05,189.8,184.0,189.8,128.0
2018-11-19 14:00:00,NSE:ORIENTLTD,188.95,189.7,186.55,189.0,77.0
2018-11-19 15:00:00,NSE:ORIENTLTD,189.0,190.0,185.05,185.05,132.0
2018-11-20 09:00:00,NSE:ORIENTLTD,180.0,189.95,180.0,185.0,176.0
2018-11-20 10:00:00,NSE:ORIENTLTD,185.0,189.9,182.5,189.9,545.0
2018-11-20 11:00:00,NSE:ORIENTLTD,188.05,189.65,182.7,187.9,567.0
2018-11-20 12:00:00,NSE:ORIENTLTD,183.3,187.9,183.3,183.55,172.0
2018-11-20 13:00:00,NSE:ORIENTLTD,184.0,186.95,184.0,186.95,25.0
2018-11-20 15:00:00,NSE:ORIENTLTD,185.95,185.95,185.95,185.95,101.0
2018-11-21 09:00:00,NSE:ORIENTLTD,180.05,188.95,180.05,183.1,419.0
2018-11-21 10:00:00,NSE:ORIENTLTD,189.65,189.65,183.2,184.0,128.0
2018-11-21 11:00:00,NSE:ORIENTLTD,184.0,186.6,184.0,186.6,13.0
2018-11-21 12:00:00,NSE:ORIENTLTD,184.6,184.6,184.6,184.6,1.0
2018-11-21 13:00:00,NSE:ORIENTLTD,184.6,184.6,184.6,184.6,5.0
2018-11-21 14:00:00,NSE:ORIENTLTD,183.05,187.8,183.05,186.0,128.0
2018-11-21 15:00:00,NSE:ORIENTLTD,186.0,187.8,186.0,187.8,152.0
2018-11-22 09:00:00,NSE:ORIENTLTD,186.55,186.55,182.85,185.2,32.0
2018-11-22 10:00:00,NSE:ORIENTLTD,185.2,185.2,179.7,182.95,572.0
2018-11-22 11:00:00,NSE:ORIENTLTD,181.15,181.15,181.15,181.15,1.0
2018-11-22 12:00:00,NSE:ORIENTLTD,182.3,182.3,179.75,179.75,104.0
2018-11-22 13:00:00,NSE:ORIENTLTD,179.75,179.75,179.75,179.75,5.0
2018-11-22 14:00:00,NSE:ORIENTLTD,180.0,180.0,180.0,180.0,60.0
2018-11-22 15:00:00,NSE:ORIENTLTD,180.1,180.1,180.1,180.1,166.0
2018-11-26 09:00:00,NSE:ORIENTLTD,178.85,180.0,174.05,178.8,353.0
2018-11-26 10:00:00,NSE:ORIENTLTD,180.0,184.65,180.0,181.5,70.0
2018-11-26 11:00:00,NSE:ORIENTLTD,183.0,183.0,178.85,178.85,53.0
2018-11-26 12:00:00,NSE:ORIENTLTD,178.8,179.0,176.55,176.55,26.0
2018-11-26 13:00:00,NSE:ORIENTLTD,177.0,181.0,177.0,177.0,22.0
2018-11-26 15:00:00,NSE:ORIENTLTD,177.0,177.0,174.15,174.15,107.0
2018-11-27 10:00:00,NSE:ORIENTLTD,176.5,179.8,171.55,179.5,102.0
2018-11-27 11:00:00,NSE:ORIENTLTD,179.0,179.0,179.0,179.0,102.0
2018-11-27 12:00:00,NSE:ORIENTLTD,176.55,177.85,171.85,175.25,110.0
2018-11-27 13:00:00,NSE:ORIENTLTD,177.95,178.95,173.1,173.1,150.0
2018-11-27 14:00:00,NSE:ORIENTLTD,173.1,176.0,173.1,176.0,100.0
2018-11-27 15:00:00,NSE:ORIENTLTD,175.95,175.95,175.9,175.9,7.0
2018-11-28 09:00:00,NSE:ORIENTLTD,175.6,179.65,169.35,173.0,93.0
2018-11-28 10:00:00,NSE:ORIENTLTD,173.7,178.0,172.0,176.05,721.0
2018-11-28 11:00:00,NSE:ORIENTLTD,175.75,178.0,175.75,178.0,78.0
2018-11-28 12:00:00,NSE:ORIENTLTD,176.3,178.95,174.6,174.6,238.0
2018-11-28 13:00:00,NSE:ORIENTLTD,179.0,179.0,174.6,174.6,15.0
2018-11-28 15:00:00,NSE:ORIENTLTD,178.0,178.0,172.6,177.95,17.0
2018-11-29 09:00:00,NSE:ORIENTLTD,171.0,171.0,170.0,170.0,20.0
2018-11-29 10:00:00,NSE:ORIENTLTD,170.0,170.15,170.0,170.15,40.0
2018-11-29 11:00:00,NSE:ORIENTLTD,170.15,170.15,170.15,170.15,5.0
2018-11-29 12:00:00,NSE:ORIENTLTD,170.35,170.35,170.35,170.35,1.0
2018-11-29 13:00:00,NSE:ORIENTLTD,173.95,173.95,173.95,173.95,1.0
2018-11-29 14:00:00,NSE:ORIENTLTD,170.3,170.3,170.3,170.3,120.0
2018-11-29 15:00:00,NSE:ORIENTLTD,169.0,169.15,167.4,169.15,302.0
2018-11-30 10:00:00,NSE:ORIENTLTD,169.1,169.1,169.1,169.1,7.0
2018-11-30 11:00:00,NSE:ORIENTLTD,169.1,172.95,169.1,172.95,4.0
2018-11-30 12:00:00,NSE:ORIENTLTD,166.25,166.25,166.0,166.2,5.0
2018-11-30 13:00:00,NSE:ORIENTLTD,166.0,169.0,165.95,169.0,102.0
2018-11-30 15:00:00,NSE:ORIENTLTD,165.6,165.6,165.6,165.6,6.0
2018-12-03 09:00:00,NSE:ORIENTLTD,160.0,174.35,160.0,174.35,31.0
2018-12-03 13:00:00,NSE:ORIENTLTD,172.9,172.9,172.9,172.9,1.0
2018-12-03 14:00:00,NSE:ORIENTLTD,162.55,172.8,162.55,164.9,171.0
2018-12-03 15:00:00,NSE:ORIENTLTD,168.95,168.95,162.5,162.5,90.0
2018-12-04 09:00:00,NSE:ORIENTLTD,158.05,158.05,158.05,158.05,50.0
2018-12-04 10:00:00,NSE:ORIENTLTD,165.95,165.95,165.95,165.95,3.0
2018-12-04 11:00:00,NSE:ORIENTLTD,165.95,165.95,159.4,159.4,570.0
2018-12-04 12:00:00,NSE:ORIENTLTD,161.0,164.85,161.0,163.0,172.0
2018-12-04 13:00:00,NSE:ORIENTLTD,165.85,165.85,165.0,165.0,60.0
2018-12-04 15:00:00,NSE:ORIENTLTD,162.0,162.0,160.0,160.0,30.0
2018-12-05 09:00:00,NSE:ORIENTLTD,168.35,168.35,165.0,165.0,224.0
2018-12-05 10:00:00,NSE:ORIENTLTD,164.9,164.95,164.9,164.95,6.0
2018-12-05 11:00:00,NSE:ORIENTLTD,164.4,164.4,164.4,164.4,21.0
2018-12-05 12:00:00,NSE:ORIENTLTD,164.4,166.25,164.4,166.25,12.0
2018-12-05 14:00:00,NSE:ORIENTLTD,160.5,164.9,160.5,164.9,204.0
2018-12-05 15:00:00,NSE:ORIENTLTD,163.95,163.95,163.95,163.95,3.0
2018-12-06 09:00:00,NSE:ORIENTLTD,156.25,169.95,156.25,169.9,48.0
2018-12-06 10:00:00,NSE:ORIENTLTD,158.4,164.9,158.15,158.15,25.0
2018-12-06 11:00:00,NSE:ORIENTLTD,163.4,163.4,159.05,159.05,46.0
2018-12-06 14:00:00,NSE:ORIENTLTD,159.0,159.05,159.0,159.05,76.0
2018-12-06 15:00:00,NSE:ORIENTLTD,159.0,159.0,159.0,159.0,129.0
2018-12-07 11:00:00,NSE:ORIENTLTD,169.95,169.95,168.95,168.95,20.0
2018-12-07 12:00:00,NSE:ORIENTLTD,165.0,168.9,165.0,168.9,706.0
2018-12-07 13:00:00,NSE:ORIENTLTD,168.85,168.85,160.1,164.95,53.0
2018-12-07 15:00:00,NSE:ORIENTLTD,161.2,164.95,161.2,164.95,37.0
2018-12-10 09:00:00,NSE:ORIENTLTD,149.4,149.4,149.4,149.4,101.0
2018-12-10 10:00:00,NSE:ORIENTLTD,169.9,169.9,169.9,169.9,30.0
2018-12-10 12:00:00,NSE:ORIENTLTD,156.0,156.0,153.55,153.55,49.0
2018-12-10 14:00:00,NSE:ORIENTLTD,154.0,154.0,154.0,154.0,20.0
2018-12-10 15:00:00,NSE:ORIENTLTD,159.9,159.9,154.2,154.3,53.0
2018-12-11 12:00:00,NSE:ORIENTLTD,163.95,163.95,163.95,163.95,1.0
2018-12-12 11:00:00,NSE:ORIENTLTD,163.9,168.0,163.9,168.0,42.0
2018-12-12 12:00:00,NSE:ORIENTLTD,168.0,171.75,168.0,171.75,216.0
2018-12-12 13:00:00,NSE:ORIENTLTD,171.5,171.55,171.5,171.55,61.0
2018-12-12 14:00:00,NSE:ORIENTLTD,171.55,171.55,171.55,171.55,1.0
2018-12-12 15:00:00,NSE:ORIENTLTD,165.05,165.05,165.0,165.0,56.0
2018-12-13 09:00:00,NSE:ORIENTLTD,165.0,165.0,165.0,165.0,8.0
2018-12-13 10:00:00,NSE:ORIENTLTD,172.0,174.85,169.0,169.05,267.0
2018-12-13 11:00:00,NSE:ORIENTLTD,172.45,172.45,172.45,172.45,1.0
2018-12-13 12:00:00,NSE:ORIENTLTD,171.6,171.6,171.6,171.6,64.0
2018-12-13 13:00:00,NSE:ORIENTLTD,171.0,171.8,171.0,171.8,24.0
2018-12-13 15:00:00,NSE:ORIENTLTD,169.05,169.05,165.5,167.75,80.0
2018-12-14 11:00:00,NSE:ORIENTLTD,167.2,170.0,167.15,170.0,62.0
2018-12-14 14:00:00,NSE:ORIENTLTD,167.5,168.5,167.5,168.5,183.0
2018-12-14 15:00:00,NSE:ORIENTLTD,165.5,165.5,165.5,165.5,4.0
2018-12-17 10:00:00,NSE:ORIENTLTD,165.5,165.5,165.5,165.5,40.0
2018-12-17 12:00:00,NSE:ORIENTLTD,165.45,165.45,165.45,165.45,1.0
2018-12-17 13:00:00,NSE:ORIENTLTD,165.5,165.5,165.5,165.5,50.0
2018-12-17 14:00:00,NSE:ORIENTLTD,160.15,165.5,160.15,165.5,3.0
2018-12-17 15:00:00,NSE:ORIENTLTD,157.1,157.1,157.1,157.1,60.0
2018-12-18 09:00:00,NSE:ORIENTLTD,157.1,157.1,157.1,157.1,1.0
2018-12-18 10:00:00,NSE:ORIENTLTD,158.25,158.25,158.25,158.25,15.0
2018-12-18 12:00:00,NSE:ORIENTLTD,158.3,158.3,158.3,158.3,1.0
2018-12-18 14:00:00,NSE:ORIENTLTD,164.65,164.65,164.65,164.65,1.0
2018-12-19 09:00:00,NSE:ORIENTLTD,164.65,164.65,164.65,164.65,2.0
2018-12-19 10:00:00,NSE:ORIENTLTD,165.5,165.5,164.65,164.65,59.0
2018-12-19 11:00:00,NSE:ORIENTLTD,164.65,165.5,164.65,165.0,268.0
2018-12-19 14:00:00,NSE:ORIENTLTD,160.75,165.5,160.75,165.5,65.0
2018-12-19 15:00:00,NSE:ORIENTLTD,165.5,165.5,161.05,161.05,52.0
2018-12-20 13:00:00,NSE:ORIENTLTD,164.95,164.95,164.95,164.95,62.0
2018-12-20 14:00:00,NSE:ORIENTLTD,161.05,161.05,161.05,161.05,5.0
2018-12-21 11:00:00,NSE:ORIENTLTD,161.1,167.5,161.1,161.1,24.0
2018-12-21 13:00:00,NSE:ORIENTLTD,167.3,167.3,165.5,165.5,50.0
2018-12-21 14:00:00,NSE:ORIENTLTD,165.5,169.0,165.5,169.0,382.0
2018-12-21 15:00:00,NSE:ORIENTLTD,169.0,169.0,169.0,169.0,20.0
2018-12-24 09:00:00,NSE:ORIENTLTD,177.4,177.4,176.75,177.0,42.0
2018-12-24 10:00:00,NSE:ORIENTLTD,164.2,164.2,164.2,164.2,30.0
2018-12-24 13:00:00,NSE:ORIENTLTD,176.5,176.5,174.95,174.95,7.0
2018-12-24 15:00:00,NSE:ORIENTLTD,174.95,174.95,174.95,174.95,2.0
2018-12-26 13:00:00,NSE:ORIENTLTD,166.35,174.5,166.35,174.5,53.0
2018-12-26 14:00:00,NSE:ORIENTLTD,173.5,173.5,166.3,166.3,5.0
2018-12-26 15:00:00,NSE:ORIENTLTD,166.3,171.95,166.3,166.9,8.0
2018-12-27 10:00:00,NSE:ORIENTLTD,175.95,175.95,175.95,175.95,50.0
2018-12-27 13:00:00,NSE:ORIENTLTD,170.05,174.7,164.65,174.7,109.0
2018-12-27 14:00:00,NSE:ORIENTLTD,163.6,174.4,163.6,174.4,860.0
2018-12-27 15:00:00,NSE:ORIENTLTD,163.65,163.9,163.65,163.9,148.0
2018-12-28 09:00:00,NSE:ORIENTLTD,171.95,171.95,171.95,171.95,100.0
2018-12-28 10:00:00,NSE:ORIENTLTD,165.2,165.2,165.2,165.2,1.0
2018-12-28 11:00:00,NSE:ORIENTLTD,165.2,165.2,165.2,165.2,30.0
2018-12-28 12:00:00,NSE:ORIENTLTD,165.35,165.35,165.35,165.35,10.0
2018-12-28 13:00:00,NSE:ORIENTLTD,171.6,171.6,171.6,171.6,75.0
2018-12-28 14:00:00,NSE:ORIENTLTD,170.0,170.0,170.0,170.0,8.0
2018-12-28 15:00:00,NSE:ORIENTLTD,166.7,171.6,166.7,171.6,75.0
2018-12-31 09:00:00,NSE:ORIENTLTD,169.7,173.2,169.7,170.0,108.0
2018-12-31 13:00:00,NSE:ORIENTLTD,169.1,169.1,169.1,169.1,6.0
2018-12-31 15:00:00,NSE:ORIENTLTD,172.9,172.95,169.3,172.95,69.0
2019-01-01 13:00:00,NSE:ORIENTLTD,174.95,174.95,174.9,174.9,52.0
2019-01-01 15:00:00,NSE:ORIENTLTD,174.9,174.9,174.9,174.9,20.0
2019-01-02 15:00:00,NSE:ORIENTLTD,170.05,170.05,170.05,170.05,1.0
2019-01-03 11:00:00,NSE:ORIENTLTD,170.05,170.05,164.2,164.2,103.0
2019-01-03 14:00:00,NSE:ORIENTLTD,162.0,162.05,162.0,162.05,60.0
2019-01-03 15:00:00,NSE:ORIENTLTD,162.5,162.5,161.75,161.75,71.0
2019-01-04 10:00:00,NSE:ORIENTLTD,160.0,160.0,160.0,160.0,2.0
2019-01-04 11:00:00,NSE:ORIENTLTD,160.05,168.6,160.05,168.45,470.0
2019-01-04 14:00:00,NSE:ORIENTLTD,167.9,167.9,160.05,160.05,2.0
2019-01-04 15:00:00,NSE:ORIENTLTD,160.15,164.85,160.1,160.1,8.0
2019-01-07 10:00:00,NSE:ORIENTLTD,154.7,155.55,154.7,155.55,5.0
2019-01-07 11:00:00,NSE:ORIENTLTD,156.2,164.0,156.2,164.0,21.0
2019-01-07 12:00:00,NSE:ORIENTLTD,157.2,163.9,157.2,162.95,668.0
2019-01-07 13:00:00,NSE:ORIENTLTD,157.45,162.95,157.45,162.95,322.0
2019-01-07 14:00:00,NSE:ORIENTLTD,158.0,160.2,158.0,159.25,153.0
2019-01-07 15:00:00,NSE:ORIENTLTD,163.0,166.0,162.4,166.0,31.0
2019-01-08 10:00:00,NSE:ORIENTLTD,160.05,160.2,160.05,160.2,6.0
2019-01-08 11:00:00,NSE:ORIENTLTD,160.3,160.3,160.3,160.3,5.0
2019-01-08 12:00:00,NSE:ORIENTLTD,160.75,160.75,160.75,160.75,6.0
2019-01-08 13:00:00,NSE:ORIENTLTD,167.95,167.95,167.95,167.95,15.0
2019-01-08 14:00:00,NSE:ORIENTLTD,167.95,167.95,167.95,167.95,10.0
2019-01-08 15:00:00,NSE:ORIENTLTD,167.0,168.5,167.0,168.5,131.0
2019-01-09 10:00:00,NSE:ORIENTLTD,160.75,160.75,160.75,160.75,10.0
2019-01-09 11:00:00,NSE:ORIENTLTD,176.0,176.0,173.0,173.0,52.0
2019-01-09 15:00:00,NSE:ORIENTLTD,165.0,165.0,165.0,165.0,3.0
2019-01-10 10:00:00,NSE:ORIENTLTD,165.0,165.0,165.0,165.0,2.0
2019-01-10 11:00:00,NSE:ORIENTLTD,167.0,167.0,167.0,167.0,251.0
2019-01-10 12:00:00,NSE:ORIENTLTD,162.45,171.65,162.45,166.0,798.0
2019-01-10 13:00:00,NSE:ORIENTLTD,166.0,166.0,166.0,166.0,4.0
2019-01-11 10:00:00,NSE:ORIENTLTD,166.95,167.0,161.15,167.0,353.0
2019-01-11 11:00:00,NSE:ORIENTLTD,164.05,164.05,164.05,164.05,2.0
2019-01-11 12:00:00,NSE:ORIENTLTD,165.3,173.7,165.3,165.35,1041.0
2019-01-11 14:00:00,NSE:ORIENTLTD,166.0,166.0,166.0,166.0,7.0
2019-01-11 15:00:00,NSE:ORIENTLTD,166.05,170.0,166.05,170.0,2.0
2019-01-14 10:00:00,NSE:ORIENTLTD,162.55,163.25,162.55,163.25,2.0
2019-01-14 11:00:00,NSE:ORIENTLTD,163.85,163.85,163.85,163.85,1.0
2019-01-14 15:00:00,NSE:ORIENTLTD,161.05,161.05,161.05,161.05,1.0
2019-01-15 09:00:00,NSE:ORIENTLTD,161.05,161.05,161.05,161.05,3.0
2019-01-15 15:00:00,NSE:ORIENTLTD,169.1,169.1,161.5,161.5,55.0
2019-01-16 10:00:00,NSE:ORIENTLTD,167.75,167.75,155.5,156.2,37.0
2019-01-16 13:00:00,NSE:ORIENTLTD,162.8,163.5,162.8,163.5,6.0
2019-01-16 14:00:00,NSE:ORIENTLTD,162.85,162.85,160.45,160.45,5.0
2019-01-16 15:00:00,NSE:ORIENTLTD,160.45,160.45,160.45,160.45,2.0
2019-01-17 10:00:00,NSE:ORIENTLTD,161.5,162.0,161.5,162.0,205.0
2019-01-17 11:00:00,NSE:ORIENTLTD,167.5,168.45,167.5,168.45,228.0
2019-01-17 12:00:00,NSE:ORIENTLTD,165.05,168.45,165.05,168.45,16.0
2019-01-17 13:00:00,NSE:ORIENTLTD,168.45,168.45,168.45,168.45,47.0
2019-01-17 15:00:00,NSE:ORIENTLTD,165.05,168.45,165.05,168.45,35.0
2019-01-18 10:00:00,NSE:ORIENTLTD,164.05,164.05,164.05,164.05,1.0
2019-01-18 11:00:00,NSE:ORIENTLTD,173.0,173.0,164.15,164.15,30.0
2019-01-18 12:00:00,NSE:ORIENTLTD,164.15,164.15,164.15,164.15,3.0
2019-01-18 13:00:00,NSE:ORIENTLTD,162.65,162.65,162.65,162.65,5.0
2019-01-18 14:00:00,NSE:ORIENTLTD,175.35,175.35,175.35,175.35,31.0
2019-01-18 15:00:00,NSE:ORIENTLTD,175.35,175.35,164.3,175.35,65.0
2019-01-21 09:00:00,NSE:ORIENTLTD,164.1,164.1,164.1,164.1,55.0
2019-01-21 10:00:00,NSE:ORIENTLTD,173.4,173.4,164.85,164.85,25.0
2019-01-21 11:00:00,NSE:ORIENTLTD,164.9,165.05,164.9,165.05,5.0
2019-01-21 13:00:00,NSE:ORIENTLTD,165.1,165.1,165.1,165.1,50.0
2019-01-21 14:00:00,NSE:ORIENTLTD,167.5,167.5,164.8,165.0,64.0
2019-01-21 15:00:00,NSE:ORIENTLTD,165.0,166.7,164.8,164.85,90.0
2019-01-22 10:00:00,NSE:ORIENTLTD,159.1,172.95,159.1,159.5,6.0
2019-01-22 13:00:00,NSE:ORIENTLTD,161.0,161.0,161.0,161.0,36.0
2019-01-22 14:00:00,NSE:ORIENTLTD,160.25,160.25,160.25,160.25,25.0
2019-01-22 15:00:00,NSE:ORIENTLTD,160.35,166.4,160.25,160.25,1723.0
2019-01-23 12:00:00,NSE:ORIENTLTD,160.05,170.0,160.05,170.0,396.0
2019-01-23 13:00:00,NSE:ORIENTLTD,170.0,170.0,160.5,160.5,850.0
2019-01-24 09:00:00,NSE:ORIENTLTD,157.0,157.0,156.05,156.05,132.0
2019-01-24 10:00:00,NSE:ORIENTLTD,159.0,162.15,159.0,162.15,25.0
2019-01-24 11:00:00,NSE:ORIENTLTD,162.1,162.1,159.1,159.1,66.0
2019-01-24 13:00:00,NSE:ORIENTLTD,160.0,160.0,160.0,160.0,5.0
2019-01-24 14:00:00,NSE:ORIENTLTD,160.0,168.0,160.0,167.95,66.0
2019-01-24 15:00:00,NSE:ORIENTLTD,162.5,162.5,162.5,162.5,1.0
2019-01-25 10:00:00,NSE:ORIENTLTD,162.0,162.0,162.0,162.0,44.0
2019-01-25 11:00:00,NSE:ORIENTLTD,162.05,162.05,162.0,162.0,9.0
2019-01-25 14:00:00,NSE:ORIENTLTD,162.1,162.1,162.1,162.1,8.0
2019-01-25 15:00:00,NSE:ORIENTLTD,162.0,162.0,162.0,162.0,8.0
2019-01-28 09:00:00,NSE:ORIENTLTD,154.1,169.95,154.1,169.95,6.0
2019-01-28 10:00:00,NSE:ORIENTLTD,154.55,169.9,154.55,160.0,204.0
2019-01-28 11:00:00,NSE:ORIENTLTD,160.35,166.0,160.1,166.0,371.0
2019-01-28 12:00:00,NSE:ORIENTLTD,166.0,166.0,160.05,160.05,32.0
2019-01-28 14:00:00,NSE:ORIENTLTD,156.1,159.95,155.05,159.9,772.0
2019-01-28 15:00:00,NSE:ORIENTLTD,159.75,159.75,156.15,158.25,154.0
2019-01-29 09:00:00,NSE:ORIENTLTD,153.6,165.5,153.6,163.75,405.0
2019-01-29 10:00:00,NSE:ORIENTLTD,156.35,163.85,156.35,163.4,305.0
2019-01-29 11:00:00,NSE:ORIENTLTD,157.0,163.4,157.0,163.4,2.0
2019-01-29 12:00:00,NSE:ORIENTLTD,163.45,164.0,160.55,160.55,21.0
2019-01-29 13:00:00,NSE:ORIENTLTD,161.05,161.05,161.05,161.05,1.0
2019-01-29 14:00:00,NSE:ORIENTLTD,163.8,163.8,161.05,161.05,2.0
2019-01-29 15:00:00,NSE:ORIENTLTD,163.8,164.0,156.2,157.1,319.0
2019-01-30 10:00:00,NSE:ORIENTLTD,168.95,168.95,168.95,168.95,1.0
2019-01-30 13:00:00,NSE:ORIENTLTD,163.7,163.7,163.7,163.7,161.0
2019-01-30 14:00:00,NSE:ORIENTLTD,160.0,163.0,158.45,158.5,1555.0
2019-01-30 15:00:00,NSE:ORIENTLTD,156.0,159.95,156.0,157.15,277.0
2019-01-31 09:00:00,NSE:ORIENTLTD,159.0,164.75,159.0,161.0,102.0
2019-01-31 10:00:00,NSE:ORIENTLTD,161.75,161.75,155.55,155.55,6.0
2019-01-31 11:00:00,NSE:ORIENTLTD,155.5,155.5,155.15,155.2,253.0
2019-01-31 12:00:00,NSE:ORIENTLTD,158.0,158.0,158.0,158.0,1.0
2019-01-31 14:00:00,NSE:ORIENTLTD,157.45,157.45,157.45,157.45,7.0
2019-01-31 15:00:00,NSE:ORIENTLTD,155.0,159.9,153.0,158.95,146.0
2019-02-01 09:00:00,NSE:ORIENTLTD,162.5,162.5,162.5,162.5,5.0
2019-02-01 10:00:00,NSE:ORIENTLTD,152.1,163.9,152.1,158.95,1359.0
2019-02-01 11:00:00,NSE:ORIENTLTD,158.4,158.4,158.4,158.4,4.0
2019-02-01 12:00:00,NSE:ORIENTLTD,156.1,156.1,152.5,152.5,1421.0
2019-02-01 13:00:00,NSE:ORIENTLTD,152.45,152.5,151.05,151.95,428.0
2019-02-01 14:00:00,NSE:ORIENTLTD,152.7,154.0,152.25,154.0,106.0
2019-02-01 15:00:00,NSE:ORIENTLTD,154.0,155.0,151.05,151.05,270.0
2019-02-04 10:00:00,NSE:ORIENTLTD,155.0,155.0,155.0,155.0,1.0
2019-02-04 11:00:00,NSE:ORIENTLTD,148.05,150.0,148.0,150.0,11.0
2019-02-04 12:00:00,NSE:ORIENTLTD,155.0,155.0,147.1,154.7,238.0
2019-02-04 15:00:00,NSE:ORIENTLTD,153.0,153.0,153.0,153.0,3.0
2019-02-05 09:00:00,NSE:ORIENTLTD,145.5,153.95,145.5,153.95,111.0
2019-02-05 10:00:00,NSE:ORIENTLTD,146.15,151.0,146.15,151.0,6.0
2019-02-05 11:00:00,NSE:ORIENTLTD,146.5,150.3,146.5,150.3,132.0
2019-02-05 12:00:00,NSE:ORIENTLTD,146.5,153.95,146.5,153.95,379.0
2019-02-05 14:00:00,NSE:ORIENTLTD,152.0,152.0,152.0,152.0,100.0
2019-02-05 15:00:00,NSE:ORIENTLTD,145.5,145.75,145.5,145.75,92.0
2019-02-06 09:00:00,NSE:ORIENTLTD,152.8,152.8,145.75,145.75,150.0
2019-02-06 10:00:00,NSE:ORIENTLTD,146.5,146.5,146.5,146.5,32.0
2019-02-06 11:00:00,NSE:ORIENTLTD,146.5,146.5,146.5,146.5,5.0
2019-02-06 12:00:00,NSE:ORIENTLTD,145.85,146.0,140.25,142.8,273.0
2019-02-06 13:00:00,NSE:ORIENTLTD,140.6,146.5,140.6,146.5,167.0
2019-02-06 15:00:00,NSE:ORIENTLTD,140.55,151.8,140.55,151.8,9.0
2019-02-07 10:00:00,NSE:ORIENTLTD,145.0,150.0,145.0,150.0,108.0
2019-02-07 11:00:00,NSE:ORIENTLTD,149.0,149.0,149.0,149.0,102.0
2019-02-07 12:00:00,NSE:ORIENTLTD,149.0,149.0,149.0,149.0,10.0
2019-02-07 13:00:00,NSE:ORIENTLTD,147.95,147.95,147.95,147.95,2.0
2019-02-07 14:00:00,NSE:ORIENTLTD,142.0,145.0,142.0,145.0,9.0
2019-02-07 15:00:00,NSE:ORIENTLTD,145.0,146.9,145.0,146.9,49.0
2019-02-08 14:00:00,NSE:ORIENTLTD,140.0,149.95,140.0,149.95,203.0
2019-02-08 15:00:00,NSE:ORIENTLTD,139.8,139.8,139.8,139.8,5.0
2019-02-11 10:00:00,NSE:ORIENTLTD,141.0,141.0,141.0,141.0,10.0
2019-02-11 12:00:00,NSE:ORIENTLTD,144.95,144.95,144.95,144.95,1.0
2019-02-11 14:00:00,NSE:ORIENTLTD,140.0,146.0,140.0,146.0,170.0
2019-02-12 13:00:00,NSE:ORIENTLTD,136.0,149.0,136.0,149.0,38.0
2019-02-14 15:00:00,NSE:ORIENTLTD,138.0,148.0,138.0,148.0,52.0
2019-02-15 09:00:00,NSE:ORIENTLTD,147.95,147.95,147.95,147.95,1.0
2019-02-15 10:00:00,NSE:ORIENTLTD,133.05,133.05,133.05,133.05,27.0
2019-02-15 11:00:00,NSE:ORIENTLTD,143.5,147.95,135.05,135.05,46.0
2019-02-15 14:00:00,NSE:ORIENTLTD,137.0,143.0,137.0,143.0,74.0
2019-02-15 15:00:00,NSE:ORIENTLTD,136.0,142.0,136.0,140.8,34.0
2019-02-18 09:00:00,NSE:ORIENTLTD,148.0,148.0,148.0,148.0,5.0
2019-02-18 11:00:00,NSE:ORIENTLTD,131.0,140.0,131.0,140.0,160.0
2019-02-18 12:00:00,NSE:ORIENTLTD,140.0,145.6,131.6,135.0,156.0
2019-02-18 13:00:00,NSE:ORIENTLTD,135.0,135.0,135.0,135.0,10.0
2019-02-18 15:00:00,NSE:ORIENTLTD,135.0,135.0,135.0,135.0,66.0
2019-02-19 09:00:00,NSE:ORIENTLTD,147.85,147.85,136.15,136.15,5.0
2019-02-19 10:00:00,NSE:ORIENTLTD,140.1,140.1,140.1,140.1,57.0
2019-02-19 11:00:00,NSE:ORIENTLTD,145.0,145.0,145.0,145.0,1.0
2019-02-19 13:00:00,NSE:ORIENTLTD,144.0,144.0,144.0,144.0,2.0
2019-02-19 15:00:00,NSE:ORIENTLTD,142.0,142.0,142.0,142.0,2.0
2019-02-20 10:00:00,NSE:ORIENTLTD,144.9,146.9,135.25,146.85,12.0
2019-02-20 12:00:00,NSE:ORIENTLTD,137.25,141.95,137.25,141.95,19.0
2019-02-20 14:00:00,NSE:ORIENTLTD,140.5,140.5,140.5,140.5,1.0
2019-02-20 15:00:00,NSE:ORIENTLTD,140.5,142.0,140.5,142.0,32.0
2019-02-21 09:00:00,NSE:ORIENTLTD,147.95,147.95,135.15,135.15,2.0
2019-02-21 10:00:00,NSE:ORIENTLTD,147.0,147.0,147.0,147.0,4.0
2019-02-21 11:00:00,NSE:ORIENTLTD,135.5,147.0,135.5,145.0,88.0
2019-02-21 12:00:00,NSE:ORIENTLTD,136.0,143.0,136.0,143.0,10.0
2019-02-21 15:00:00,NSE:ORIENTLTD,136.1,136.1,136.1,136.1,41.0
2019-02-22 09:00:00,NSE:ORIENTLTD,144.45,144.45,144.45,144.45,4.0
2019-02-22 10:00:00,NSE:ORIENTLTD,140.0,146.95,127.8,146.35,327.0
2019-02-22 12:00:00,NSE:ORIENTLTD,145.95,145.95,145.95,145.95,25.0
2019-02-22 15:00:00,NSE:ORIENTLTD,145.9,145.9,145.0,145.0,33.0
2019-02-25 09:00:00,NSE:ORIENTLTD,150.0,150.0,140.05,149.85,252.0
2019-02-25 10:00:00,NSE:ORIENTLTD,148.0,148.0,142.1,142.1,7.0
2019-02-25 12:00:00,NSE:ORIENTLTD,147.8,147.8,147.8,147.8,1.0
2019-02-25 13:00:00,NSE:ORIENTLTD,147.65,147.65,143.05,143.05,18.0
2019-02-25 14:00:00,NSE:ORIENTLTD,143.0,145.0,142.1,145.0,145.0
2019-02-25 15:00:00,NSE:ORIENTLTD,142.25,148.0,142.25,146.85,63.0
2019-02-26 09:00:00,NSE:ORIENTLTD,146.0,146.1,142.95,143.0,358.0
2019-02-26 10:00:00,NSE:ORIENTLTD,140.0,148.0,140.0,140.1,53.0
2019-02-26 12:00:00,NSE:ORIENTLTD,140.15,140.15,140.15,140.15,1.0
2019-02-26 15:00:00,NSE:ORIENTLTD,146.9,147.0,146.8,146.8,120.0
2019-02-27 09:00:00,NSE:ORIENTLTD,146.8,146.8,146.8,146.8,2.0
2019-02-27 10:00:00,NSE:ORIENTLTD,140.0,146.8,135.55,137.0,146.0
2019-02-27 11:00:00,NSE:ORIENTLTD,146.75,146.75,138.05,141.8,174.0
2019-02-27 12:00:00,NSE:ORIENTLTD,140.0,142.0,140.0,142.0,42.0
2019-02-27 14:00:00,NSE:ORIENTLTD,142.05,142.05,142.0,142.0,50.0
2019-02-27 15:00:00,NSE:ORIENTLTD,142.0,142.0,142.0,142.0,10.0
2019-02-28 11:00:00,NSE:ORIENTLTD,142.0,142.0,140.0,140.0,4.0
2019-02-28 12:00:00,NSE:ORIENTLTD,146.65,146.65,138.0,139.0,27.0
2019-02-28 13:00:00,NSE:ORIENTLTD,145.0,145.0,139.0,139.0,55.0
2019-02-28 15:00:00,NSE:ORIENTLTD,145.1,145.1,139.0,142.1,201.0
2019-03-01 09:00:00,NSE:ORIENTLTD,150.0,150.0,140.0,148.7,149.0
2019-03-01 10:00:00,NSE:ORIENTLTD,148.0,148.0,148.0,148.0,200.0
2019-03-01 12:00:00,NSE:ORIENTLTD,147.55,147.55,147.55,147.55,1.0
2019-03-01 15:00:00,NSE:ORIENTLTD,142.05,144.95,142.05,144.85,12.0
2019-03-05 10:00:00,NSE:ORIENTLTD,144.75,144.75,144.75,144.75,1.0
2019-03-05 11:00:00,NSE:ORIENTLTD,144.75,144.85,140.15,140.15,101.0
2019-03-05 12:00:00,NSE:ORIENTLTD,144.85,145.0,144.0,145.0,127.0
2019-03-05 13:00:00,NSE:ORIENTLTD,141.25,148.85,141.25,148.85,53.0
2019-03-05 15:00:00,NSE:ORIENTLTD,153.75,159.1,146.85,159.1,169.0
2019-03-06 09:00:00,NSE:ORIENTLTD,158.95,159.0,144.6,159.0,11.0
2019-03-06 10:00:00,NSE:ORIENTLTD,149.3,158.95,149.3,149.35,231.0
2019-03-06 11:00:00,NSE:ORIENTLTD,158.9,158.9,150.9,150.9,23.0
2019-03-06 13:00:00,NSE:ORIENTLTD,151.2,151.2,151.2,151.2,1.0
2019-03-06 14:00:00,NSE:ORIENTLTD,151.2,156.5,150.9,150.9,219.0
2019-03-06 15:00:00,NSE:ORIENTLTD,157.4,157.95,146.0,147.0,444.0
2019-03-07 11:00:00,NSE:ORIENTLTD,147.0,154.4,147.0,152.85,233.0
2019-03-07 15:00:00,NSE:ORIENTLTD,149.7,151.25,148.05,148.45,125.0
2019-03-08 10:00:00,NSE:ORIENTLTD,151.25,151.25,151.25,151.25,8.0
2019-03-08 11:00:00,NSE:ORIENTLTD,151.3,152.05,150.55,152.0,54.0
2019-03-08 12:00:00,NSE:ORIENTLTD,152.05,154.8,152.05,152.05,808.0
2019-03-08 13:00:00,NSE:ORIENTLTD,152.3,152.3,148.1,151.0,494.0
2019-03-08 15:00:00,NSE:ORIENTLTD,148.05,152.2,148.05,149.1,21.0
2019-03-11 10:00:00,NSE:ORIENTLTD,155.45,155.45,155.45,155.45,30.0
2019-03-11 11:00:00,NSE:ORIENTLTD,155.45,155.45,155.45,155.45,2.0
2019-03-11 12:00:00,NSE:ORIENTLTD,150.0,150.0,150.0,150.0,125.0
2019-03-11 14:00:00,NSE:ORIENTLTD,150.05,150.05,150.05,150.05,1.0
2019-03-11 15:00:00,NSE:ORIENTLTD,150.0,153.95,150.0,150.5,133.0
2019-03-12 09:00:00,NSE:ORIENTLTD,155.95,155.95,155.95,155.95,1.0
2019-03-12 10:00:00,NSE:ORIENTLTD,155.9,155.9,150.55,150.55,13.0
2019-03-12 11:00:00,NSE:ORIENTLTD,150.6,150.6,150.6,150.6,5.0
2019-03-12 12:00:00,NSE:ORIENTLTD,150.6,150.6,150.5,150.5,6.0
2019-03-12 13:00:00,NSE:ORIENTLTD,150.55,155.6,150.55,150.6,3.0
2019-03-12 14:00:00,NSE:ORIENTLTD,155.65,155.65,150.1,155.55,159.0
2019-03-12 15:00:00,NSE:ORIENTLTD,150.2,150.2,150.0,150.0,155.0
2019-03-13 09:00:00,NSE:ORIENTLTD,157.95,157.95,157.95,157.95,2.0
2019-03-13 10:00:00,NSE:ORIENTLTD,150.2,157.45,150.2,150.25,4.0
2019-03-13 11:00:00,NSE:ORIENTLTD,156.95,156.95,150.4,156.7,312.0
2019-03-13 13:00:00,NSE:ORIENTLTD,156.55,156.55,156.55,156.55,2.0
2019-03-13 14:00:00,NSE:ORIENTLTD,153.25,153.25,153.25,153.25,38.0
2019-03-13 15:00:00,NSE:ORIENTLTD,153.95,156.5,153.95,156.0,328.0
2019-03-14 09:00:00,NSE:ORIENTLTD,155.0,155.0,154.9,154.9,5.0
2019-03-14 12:00:00,NSE:ORIENTLTD,154.0,154.0,154.0,154.0,1.0
2019-03-14 13:00:00,NSE:ORIENTLTD,148.55,148.55,148.55,148.55,1.0
2019-03-14 14:00:00,NSE:ORIENTLTD,154.95,154.95,154.95,154.95,5.0
2019-03-14 15:00:00,NSE:ORIENTLTD,154.8,154.8,148.55,148.85,129.0
2019-03-15 09:00:00,NSE:ORIENTLTD,155.8,155.8,148.85,148.85,116.0
2019-03-15 10:00:00,NSE:ORIENTLTD,148.85,148.85,146.45,148.85,7.0
2019-03-15 11:00:00,NSE:ORIENTLTD,148.8,148.85,148.8,148.85,116.0
2019-03-15 13:00:00,NSE:ORIENTLTD,148.7,149.95,141.25,149.95,65.0
2019-03-15 14:00:00,NSE:ORIENTLTD,146.5,146.5,146.5,146.5,124.0
2019-03-15 15:00:00,NSE:ORIENTLTD,144.0,146.5,141.55,142.7,194.0
2019-03-18 10:00:00,NSE:ORIENTLTD,143.2,143.2,143.15,143.15,9.0
2019-03-18 13:00:00,NSE:ORIENTLTD,148.35,148.4,148.35,148.4,4.0
2019-03-18 14:00:00,NSE:ORIENTLTD,148.45,148.5,148.0,148.0,297.0
2019-03-18 15:00:00,NSE:ORIENTLTD,147.0,147.0,147.0,147.0,1.0
2019-03-19 09:00:00,NSE:ORIENTLTD,147.0,147.0,144.0,144.0,5.0
2019-03-19 10:00:00,NSE:ORIENTLTD,145.95,145.95,145.95,145.95,1.0
2019-03-19 11:00:00,NSE:ORIENTLTD,146.0,147.05,146.0,147.05,246.0
2019-03-19 12:00:00,NSE:ORIENTLTD,147.3,148.0,147.3,148.0,81.0
2019-03-19 13:00:00,NSE:ORIENTLTD,144.1,149.9,144.05,144.05,102.0
2019-03-19 14:00:00,NSE:ORIENTLTD,149.9,149.9,144.1,149.85,101.0
2019-03-19 15:00:00,NSE:ORIENTLTD,149.65,149.65,149.6,149.6,4.0
2019-03-20 09:00:00,NSE:ORIENTLTD,136.0,148.85,136.0,147.85,167.0
2019-03-20 10:00:00,NSE:ORIENTLTD,145.0,147.95,142.05,147.95,142.0
2019-03-20 11:00:00,NSE:ORIENTLTD,142.5,142.5,142.5,142.5,50.0
2019-03-20 13:00:00,NSE:ORIENTLTD,142.7,146.0,142.7,146.0,29.0
2019-03-20 14:00:00,NSE:ORIENTLTD,143.0,147.8,143.0,146.0,130.0
2019-03-20 15:00:00,NSE:ORIENTLTD,146.05,146.05,143.05,143.05,15.0
2019-03-22 09:00:00,NSE:ORIENTLTD,148.4,148.4,148.0,148.0,242.0
2019-03-22 10:00:00,NSE:ORIENTLTD,144.05,148.45,144.05,148.45,72.0
2019-03-22 14:00:00,NSE:ORIENTLTD,148.4,148.4,148.4,148.4,1.0
2019-03-22 15:00:00,NSE:ORIENTLTD,148.4,148.4,148.4,148.4,1.0
2019-03-25 10:00:00,NSE:ORIENTLTD,136.5,148.2,136.5,148.2,40.0
2019-03-25 11:00:00,NSE:ORIENTLTD,148.0,148.0,148.0,148.0,16001.0
2019-03-25 13:00:00,NSE:ORIENTLTD,138.5,138.5,138.5,138.5,55.0
2019-03-25 14:00:00,NSE:ORIENTLTD,146.95,146.95,146.75,146.75,13.0
2019-03-25 15:00:00,NSE:ORIENTLTD,138.75,140.6,138.75,140.6,35.0
2019-03-26 09:00:00,NSE:ORIENTLTD,148.4,148.4,148.4,148.4,10.0
2019-03-26 10:00:00,NSE:ORIENTLTD,147.3,147.3,147.3,147.3,10.0
2019-03-26 11:00:00,NSE:ORIENTLTD,138.9,138.9,138.9,138.9,10.0
2019-03-26 12:00:00,NSE:ORIENTLTD,142.0,142.0,142.0,142.0,51.0
2019-03-26 13:00:00,NSE:ORIENTLTD,142.0,142.0,142.0,142.0,50.0
2019-03-26 15:00:00,NSE:ORIENTLTD,139.8,139.8,139.8,139.8,120.0
2019-03-27 09:00:00,NSE:ORIENTLTD,130.0,153.7,130.0,143.7,197.0
2019-03-27 10:00:00,NSE:ORIENTLTD,143.7,143.7,143.7,143.7,201.0
2019-03-27 13:00:00,NSE:ORIENTLTD,143.5,143.5,136.7,136.7,2420.0
2019-03-27 15:00:00,NSE:ORIENTLTD,143.35,143.35,143.35,143.35,1.0
2019-03-28 12:00:00,NSE:ORIENTLTD,136.3,141.0,136.3,140.5,83.0
2019-03-28 14:00:00,NSE:ORIENTLTD,140.95,141.0,140.0,140.0,9.0
2019-03-28 15:00:00,NSE:ORIENTLTD,139.05,139.35,139.0,139.0,136.0
2019-03-29 11:00:00,NSE:ORIENTLTD,143.4,143.4,134.0,139.95,207.0
2019-03-29 12:00:00,NSE:ORIENTLTD,139.8,139.8,133.9,137.0,187.0
2019-03-29 13:00:00,NSE:ORIENTLTD,137.0,137.85,137.0,137.85,82.0
2019-03-29 14:00:00,NSE:ORIENTLTD,142.2,142.2,137.85,137.85,1475.0
2019-03-29 15:00:00,NSE:ORIENTLTD,141.5,141.5,137.0,137.0,107.0
2019-04-01 11:00:00,NSE:ORIENTLTD,137.0,137.0,137.0,137.0,100.0
2019-04-01 14:00:00,NSE:ORIENTLTD,151.5,151.5,138.1,145.75,513.0
2019-04-01 15:00:00,NSE:ORIENTLTD,140.75,140.95,140.75,140.95,5.0
2019-04-02 10:00:00,NSE:ORIENTLTD,145.75,145.75,138.2,141.0,922.0
2019-04-02 12:00:00,NSE:ORIENTLTD,140.5,142.0,140.05,140.05,703.0
2019-04-02 13:00:00,NSE:ORIENTLTD,140.45,141.0,140.4,141.0,117.0
2019-04-02 14:00:00,NSE:ORIENTLTD,140.0,140.0,138.4,140.0,4619.0
2019-04-03 10:00:00,NSE:ORIENTLTD,144.85,144.85,144.85,144.85,40.0
2019-04-03 11:00:00,NSE:ORIENTLTD,140.05,140.1,140.05,140.1,51.0
2019-04-03 12:00:00,NSE:ORIENTLTD,144.75,144.75,144.75,144.75,200.0
2019-04-03 14:00:00,NSE:ORIENTLTD,140.05,140.05,140.0,140.0,120.0
2019-04-03 15:00:00,NSE:ORIENTLTD,140.0,140.0,140.0,140.0,98.0
2019-04-04 09:00:00,NSE:ORIENTLTD,140.0,140.0,140.0,140.0,100.0
2019-04-04 10:00:00,NSE:ORIENTLTD,140.0,140.0,140.0,140.0,7.0
2019-04-04 12:00:00,NSE:ORIENTLTD,144.5,144.5,144.5,144.5,15.0
2019-04-04 15:00:00,NSE:ORIENTLTD,142.9,142.9,140.2,140.2,22.0
2019-04-05 14:00:00,NSE:ORIENTLTD,142.5,142.5,142.5,142.5,25.0
2019-04-09 09:00:00,NSE:ORIENTLTD,138.0,138.0,138.0,138.0,100.0
2019-04-09 10:00:00,NSE:ORIENTLTD,150.95,150.95,149.0,149.0,588.0
2019-04-09 11:00:00,NSE:ORIENTLTD,141.5,141.5,141.45,141.45,155.0
2019-04-09 14:00:00,NSE:ORIENTLTD,139.6,141.0,139.0,140.95,415.0
2019-04-09 15:00:00,NSE:ORIENTLTD,139.05,139.05,139.05,139.05,4.0
2019-04-10 09:00:00,NSE:ORIENTLTD,139.95,139.95,139.95,139.95,9.0
2019-04-10 10:00:00,NSE:ORIENTLTD,139.95,139.95,139.95,139.95,1.0
2019-04-11 10:00:00,NSE:ORIENTLTD,137.05,137.05,137.05,137.05,50.0
2019-04-11 11:00:00,NSE:ORIENTLTD,139.0,139.0,139.0,139.0,100.0
2019-04-11 12:00:00,NSE:ORIENTLTD,138.95,138.95,138.95,138.95,50.0
2019-04-11 14:00:00,NSE:ORIENTLTD,138.0,139.95,138.0,139.95,62.0
2019-04-12 10:00:00,NSE:ORIENTLTD,143.85,143.85,143.85,143.85,36.0
2019-04-12 14:00:00,NSE:ORIENTLTD,143.85,143.85,141.0,143.85,50.0
2019-04-12 15:00:00,NSE:ORIENTLTD,138.55,138.55,138.55,138.55,10.0
2019-04-15 09:00:00,NSE:ORIENTLTD,140.0,140.0,140.0,140.0,34.0
2019-04-15 11:00:00,NSE:ORIENTLTD,150.95,150.95,139.25,148.0,848.0
2019-04-15 12:00:00,NSE:ORIENTLTD,146.5,146.5,142.05,142.05,120.0
2019-04-15 14:00:00,NSE:ORIENTLTD,145.65,145.65,142.5,142.5,112.0
2019-04-15 15:00:00,NSE:ORIENTLTD,143.95,145.6,143.1,144.9,149.0
2019-04-16 09:00:00,NSE:ORIENTLTD,144.85,144.85,144.85,144.85,1.0
2019-04-16 10:00:00,NSE:ORIENTLTD,149.95,149.95,141.15,149.35,446.0
2019-04-16 11:00:00,NSE:ORIENTLTD,149.3,149.3,143.0,147.9,53.0
2019-04-16 12:00:00,NSE:ORIENTLTD,147.9,147.9,147.9,147.9,18.0
2019-04-16 13:00:00,NSE:ORIENTLTD,147.9,147.9,147.9,147.9,2.0
2019-04-16 14:00:00,NSE:ORIENTLTD,147.8,147.8,143.3,143.3,377.0
2019-04-16 15:00:00,NSE:ORIENTLTD,143.35,149.35,143.35,146.25,785.0
2019-04-18 09:00:00,NSE:ORIENTLTD,138.0,150.0,138.0,150.0,98.0
2019-04-18 10:00:00,NSE:ORIENTLTD,140.0,140.0,140.0,140.0,100.0
2019-04-18 11:00:00,NSE:ORIENTLTD,140.2,140.3,140.2,140.3,110.0
2019-04-18 12:00:00,NSE:ORIENTLTD,144.9,144.9,140.3,140.3,107.0
2019-04-18 14:00:00,NSE:ORIENTLTD,140.55,145.95,140.35,142.15,1435.0
2019-04-18 15:00:00,NSE:ORIENTLTD,142.15,145.9,142.15,144.3,90.0
2019-04-22 10:00:00,NSE:ORIENTLTD,145.85,145.85,145.85,145.85,20.0
2019-04-22 11:00:00,NSE:ORIENTLTD,145.8,145.8,145.8,145.8,100.0
2019-04-22 13:00:00,NSE:ORIENTLTD,141.0,141.0,141.0,141.0,71.0
2019-04-22 14:00:00,NSE:ORIENTLTD,141.15,141.15,141.15,141.15,1.0
2019-04-22 15:00:00,NSE:ORIENTLTD,141.1,141.1,141.1,141.1,20.0
2019-04-23 11:00:00,NSE:ORIENTLTD,141.1,141.15,141.1,141.1,282.0
2019-04-23 12:00:00,NSE:ORIENTLTD,141.1,141.1,141.05,141.1,125.0
2019-04-23 15:00:00,NSE:ORIENTLTD,141.8,145.0,141.8,145.0,30.0
2019-04-25 11:00:00,NSE:ORIENTLTD,148.0,148.0,137.05,137.05,60.0
2019-04-25 12:00:00,NSE:ORIENTLTD,137.05,137.05,137.05,137.05,50.0
2019-04-25 14:00:00,NSE:ORIENTLTD,150.0,150.0,150.0,150.0,500.0
2019-04-25 15:00:00,NSE:ORIENTLTD,140.05,150.0,140.05,140.15,380.0
2019-04-26 13:00:00,NSE:ORIENTLTD,142.0,142.0,142.0,142.0,11.0
2019-04-26 15:00:00,NSE:ORIENTLTD,140.6,140.6,140.6,140.6,1.0
2019-04-30 09:00:00,NSE:ORIENTLTD,137.0,137.05,137.0,137.05,214.0
2019-04-30 10:00:00,NSE:ORIENTLTD,137.15,137.2,137.15,137.15,104.0
2019-04-30 11:00:00,NSE:ORIENTLTD,137.25,137.25,137.25,137.25,52.0
2019-04-30 13:00:00,NSE:ORIENTLTD,146.85,146.85,137.5,137.5,801.0
2019-04-30 15:00:00,NSE:ORIENTLTD,137.55,137.55,137.1,137.1,30.0
2019-05-02 09:00:00,NSE:ORIENTLTD,131.35,131.35,131.35,131.35,4.0
2019-05-02 10:00:00,NSE:ORIENTLTD,145.85,145.85,145.85,145.85,1.0
2019-05-02 12:00:00,NSE:ORIENTLTD,133.05,142.0,133.05,142.0,424.0
2019-05-02 13:00:00,NSE:ORIENTLTD,142.0,142.0,137.6,139.8,290.0
2019-05-02 14:00:00,NSE:ORIENTLTD,142.0,142.0,142.0,142.0,50.0
2019-05-03 09:00:00,NSE:ORIENTLTD,148.75,149.95,143.05,144.1,2661.0
2019-05-03 10:00:00,NSE:ORIENTLTD,144.1,144.1,144.1,144.1,54.0
2019-05-03 11:00:00,NSE:ORIENTLTD,144.1,144.1,144.1,144.1,211.0
2019-05-03 12:00:00,NSE:ORIENTLTD,145.0,145.0,143.4,143.4,201.0
2019-05-03 13:00:00,NSE:ORIENTLTD,144.0,144.0,143.95,143.95,2.0
2019-05-03 14:00:00,NSE:ORIENTLTD,143.55,144.9,143.55,144.0,817.0
2019-05-03 15:00:00,NSE:ORIENTLTD,145.0,145.65,145.0,145.65,102.0
2019-05-06 13:00:00,NSE:ORIENTLTD,145.45,145.5,145.45,145.5,2.0
2019-05-06 14:00:00,NSE:ORIENTLTD,145.4,145.5,141.0,145.5,53.0
2019-05-06 15:00:00,NSE:ORIENTLTD,145.5,145.5,140.35,145.0,88.0
2019-05-07 10:00:00,NSE:ORIENTLTD,140.05,140.05,139.95,140.0,213.0
2019-05-07 11:00:00,NSE:ORIENTLTD,135.0,135.55,135.0,135.55,28.0
2019-05-07 12:00:00,NSE:ORIENTLTD,135.65,135.65,135.65,135.65,1.0
2019-05-07 13:00:00,NSE:ORIENTLTD,139.95,139.95,139.95,139.95,32.0
2019-05-07 14:00:00,NSE:ORIENTLTD,141.9,141.9,139.0,139.0,101.0
2019-05-07 15:00:00,NSE:ORIENTLTD,137.15,137.15,137.0,137.0,51.0
2019-05-08 09:00:00,NSE:ORIENTLTD,146.55,146.55,137.2,137.2,7.0
2019-05-08 10:00:00,NSE:ORIENTLTD,145.85,145.85,145.8,145.8,452.0
2019-05-08 11:00:00,NSE:ORIENTLTD,137.55,144.85,137.55,144.85,25.0
2019-05-08 13:00:00,NSE:ORIENTLTD,144.75,144.8,144.75,144.8,5.0
2019-05-08 14:00:00,NSE:ORIENTLTD,144.8,144.8,144.8,144.8,2.0
2019-05-08 15:00:00,NSE:ORIENTLTD,144.7,144.7,138.05,138.05,451.0
2019-05-09 14:00:00,NSE:ORIENTLTD,138.9,138.9,138.35,138.35,101.0
2019-05-09 15:00:00,NSE:ORIENTLTD,138.35,138.35,138.35,138.35,10.0
2019-05-13 09:00:00,NSE:ORIENTLTD,149.95,149.95,138.1,148.9,11.0
2019-05-13 10:00:00,NSE:ORIENTLTD,148.9,148.9,138.2,138.2,2.0
2019-05-13 15:00:00,NSE:ORIENTLTD,138.25,138.25,138.25,138.25,3.0
2019-05-14 10:00:00,NSE:ORIENTLTD,125.05,130.5,125.05,130.5,20.0
2019-05-14 11:00:00,NSE:ORIENTLTD,144.0,144.0,144.0,144.0,10.0
2019-05-14 13:00:00,NSE:ORIENTLTD,130.8,140.0,130.8,140.0,141.0
2019-05-14 14:00:00,NSE:ORIENTLTD,130.95,143.9,130.95,131.05,116.0
2019-05-14 15:00:00,NSE:ORIENTLTD,131.25,143.95,131.2,138.15,38.0
2019-05-15 11:00:00,NSE:ORIENTLTD,130.65,130.65,130.65,130.65,1.0
2019-05-15 12:00:00,NSE:ORIENTLTD,140.0,140.0,140.0,140.0,2.0
2019-05-16 09:00:00,NSE:ORIENTLTD,124.0,148.65,124.0,136.05,527.0
2019-05-16 10:00:00,NSE:ORIENTLTD,136.2,136.2,136.2,136.2,53.0
2019-05-16 12:00:00,NSE:ORIENTLTD,136.2,136.2,136.2,136.2,5.0
2019-05-16 15:00:00,NSE:ORIENTLTD,137.0,143.5,137.0,143.5,153.0
2019-05-17 09:00:00,NSE:ORIENTLTD,132.95,147.55,132.95,140.0,436.0
2019-05-17 11:00:00,NSE:ORIENTLTD,134.35,139.9,134.35,139.9,37.0
2019-05-17 13:00:00,NSE:ORIENTLTD,134.4,134.4,134.4,134.4,119.0
2019-05-17 15:00:00,NSE:ORIENTLTD,136.5,145.0,136.5,145.0,132.0
2019-05-20 10:00:00,NSE:ORIENTLTD,135.85,135.85,135.85,135.85,1.0
2019-05-20 13:00:00,NSE:ORIENTLTD,144.65,144.65,144.65,144.65,51.0
2019-05-20 14:00:00,NSE:ORIENTLTD,144.0,145.0,144.0,145.0,61.0
2019-05-20 15:00:00,NSE:ORIENTLTD,145.05,147.0,145.05,145.05,185.0
2019-05-21 11:00:00,NSE:ORIENTLTD,145.5,145.5,145.5,145.5,1.0
2019-05-21 14:00:00,NSE:ORIENTLTD,144.0,144.0,144.0,144.0,40.0
2019-05-21 15:00:00,NSE:ORIENTLTD,139.05,139.05,139.05,139.05,30.0
2019-05-22 12:00:00,NSE:ORIENTLTD,144.55,144.55,144.35,144.4,333.0
2019-05-22 13:00:00,NSE:ORIENTLTD,143.95,143.95,139.3,143.9,119.0
2019-05-22 15:00:00,NSE:ORIENTLTD,139.65,139.75,139.65,139.75,315.0
2019-05-23 11:00:00,NSE:ORIENTLTD,139.85,139.85,139.85,139.85,10.0
2019-05-23 15:00:00,NSE:ORIENTLTD,139.85,139.85,139.85,139.85,50.0
2019-05-24 09:00:00,NSE:ORIENTLTD,139.0,139.0,139.0,139.0,10.0
2019-05-24 10:00:00,NSE:ORIENTLTD,139.0,139.0,135.05,135.05,101.0
2019-05-24 11:00:00,NSE:ORIENTLTD,143.5,143.5,135.0,135.0,104.0
2019-05-24 12:00:00,NSE:ORIENTLTD,140.0,140.0,140.0,140.0,2.0
2019-05-27 09:00:00,NSE:ORIENTLTD,144.85,144.85,141.0,144.85,910.0
2019-05-27 10:00:00,NSE:ORIENTLTD,138.2,138.4,138.2,138.4,11.0
2019-05-27 11:00:00,NSE:ORIENTLTD,140.0,144.3,140.0,144.3,26.0
2019-05-27 12:00:00,NSE:ORIENTLTD,139.1,139.1,139.05,139.05,20.0
2019-05-27 13:00:00,NSE:ORIENTLTD,139.05,139.05,139.05,139.05,1.0
2019-05-27 15:00:00,NSE:ORIENTLTD,139.1,139.1,139.1,139.1,1.0
2019-05-28 10:00:00,NSE:ORIENTLTD,139.1,143.4,132.15,132.15,160.0
2019-05-28 11:00:00,NSE:ORIENTLTD,140.25,140.25,140.05,140.05,12.0
2019-05-28 15:00:00,NSE:ORIENTLTD,134.45,138.5,133.65,138.5,66.0
2019-05-29 09:00:00,NSE:ORIENTLTD,135.0,135.0,135.0,135.0,180.0
2019-05-29 10:00:00,NSE:ORIENTLTD,135.0,135.1,135.0,135.1,91.0
2019-05-29 11:00:00,NSE:ORIENTLTD,139.95,139.95,139.95,139.95,10.0
2019-05-29 13:00:00,NSE:ORIENTLTD,139.95,139.95,139.0,139.0,135.0
2019-05-29 14:00:00,NSE:ORIENTLTD,140.0,158.95,140.0,158.95,1477.0
2019-05-29 15:00:00,NSE:ORIENTLTD,155.0,155.0,151.5,154.0,282.0
2019-05-30 09:00:00,NSE:ORIENTLTD,158.0,158.0,147.0,148.0,1596.0
2019-05-30 10:00:00,NSE:ORIENTLTD,148.0,149.95,148.0,149.95,53.0
2019-05-30 11:00:00,NSE:ORIENTLTD,149.95,149.95,148.1,148.1,217.0
2019-05-30 12:00:00,NSE:ORIENTLTD,148.1,152.5,148.1,152.5,166.0
2019-05-30 14:00:00,NSE:ORIENTLTD,151.0,152.45,148.35,148.35,341.0
2019-05-30 15:00:00,NSE:ORIENTLTD,151.95,152.0,148.1,150.05,542.0
2019-05-31 09:00:00,NSE:ORIENTLTD,146.25,146.25,146.25,146.25,35.0
2019-05-31 15:00:00,NSE:ORIENTLTD,151.0,151.0,150.05,151.0,516.0
2019-06-03 09:00:00,NSE:ORIENTLTD,150.95,151.0,146.0,151.0,16.0
2019-06-03 10:00:00,NSE:ORIENTLTD,150.95,154.9,146.3,152.25,5544.0
2019-06-03 11:00:00,NSE:ORIENTLTD,152.2,152.2,152.2,152.2,34.0
2019-06-03 12:00:00,NSE:ORIENTLTD,149.2,149.2,149.2,149.2,10.0
2019-06-03 13:00:00,NSE:ORIENTLTD,149.7,150.0,149.7,150.0,200.0
2019-06-03 14:00:00,NSE:ORIENTLTD,151.85,151.85,148.5,151.4,1108.0
2019-06-03 15:00:00,NSE:ORIENTLTD,151.8,151.85,151.8,151.85,85.0
2019-06-04 09:00:00,NSE:ORIENTLTD,152.0,152.0,152.0,152.0,30.0
2019-06-04 11:00:00,NSE:ORIENTLTD,147.0,151.7,147.0,151.7,200.0
2019-06-04 15:00:00,NSE:ORIENTLTD,151.5,151.5,151.5,151.5,30.0
2019-06-06 09:00:00,NSE:ORIENTLTD,151.0,151.0,151.0,151.0,10.0
2019-06-06 12:00:00,NSE:ORIENTLTD,144.65,144.65,144.65,144.65,100.0
2019-06-06 13:00:00,NSE:ORIENTLTD,150.5,160.0,150.5,160.0,788.0
2019-06-06 14:00:00,NSE:ORIENTLTD,160.0,178.75,156.0,161.55,911.0
2019-06-06 15:00:00,NSE:ORIENTLTD,167.0,174.45,162.05,162.45,659.0
2019-06-07 09:00:00,NSE:ORIENTLTD,159.0,167.0,159.0,160.45,650.0
2019-06-07 10:00:00,NSE:ORIENTLTD,165.0,172.0,165.0,172.0,13.0
2019-06-07 11:00:00,NSE:ORIENTLTD,172.0,172.0,165.0,165.0,5.0
2019-06-07 13:00:00,NSE:ORIENTLTD,165.0,165.0,165.0,165.0,111.0
2019-06-07 14:00:00,NSE:ORIENTLTD,170.95,171.0,162.3,162.5,92.0
2019-06-07 15:00:00,NSE:ORIENTLTD,163.2,164.1,163.2,164.1,99.0
2019-06-10 09:00:00,NSE:ORIENTLTD,172.0,172.0,159.0,159.0,11.0
2019-06-10 10:00:00,NSE:ORIENTLTD,174.0,174.0,161.1,171.0,171.0
2019-06-10 12:00:00,NSE:ORIENTLTD,165.05,165.05,165.05,165.05,60.0
2019-06-10 14:00:00,NSE:ORIENTLTD,170.6,170.6,170.6,170.6,5.0
2019-06-10 15:00:00,NSE:ORIENTLTD,165.05,170.55,165.05,170.55,28.0
2019-06-11 10:00:00,NSE:ORIENTLTD,162.65,162.65,162.65,162.65,110.0
2019-06-11 12:00:00,NSE:ORIENTLTD,162.9,162.9,162.9,162.9,6.0
2019-06-11 15:00:00,NSE:ORIENTLTD,165.0,165.0,165.0,165.0,150.0
2019-06-12 11:00:00,NSE:ORIENTLTD,163.7,163.7,163.7,163.7,4.0
2019-06-12 14:00:00,NSE:ORIENTLTD,171.75,171.75,164.2,164.2,25.0
2019-06-12 15:00:00,NSE:ORIENTLTD,170.35,170.35,164.1,164.1,11.0
2019-06-13 09:00:00,NSE:ORIENTLTD,165.3,165.3,165.3,165.3,20.0
2019-06-13 10:00:00,NSE:ORIENTLTD,165.3,165.3,165.3,165.3,17.0
2019-06-13 11:00:00,NSE:ORIENTLTD,165.3,165.3,165.3,165.3,57.0
2019-06-13 13:00:00,NSE:ORIENTLTD,160.0,160.0,160.0,160.0,12.0
2019-06-13 14:00:00,NSE:ORIENTLTD,160.9,167.4,160.75,160.75,521.0
2019-06-13 15:00:00,NSE:ORIENTLTD,162.0,164.0,162.0,164.0,11.0
2019-06-14 09:00:00,NSE:ORIENTLTD,171.95,171.95,171.95,171.95,1.0
2019-06-14 10:00:00,NSE:ORIENTLTD,171.45,171.45,171.45,171.45,1.0
2019-06-14 11:00:00,NSE:ORIENTLTD,168.0,168.0,162.15,162.7,20.0
2019-06-14 14:00:00,NSE:ORIENTLTD,166.0,166.0,166.0,166.0,3.0
2019-06-14 15:00:00,NSE:ORIENTLTD,165.95,167.0,147.95,155.6,25.0
2019-06-17 09:00:00,NSE:ORIENTLTD,153.25,153.25,153.25,153.25,1.0
2019-06-17 11:00:00,NSE:ORIENTLTD,164.85,164.85,164.85,164.85,1.0
2019-06-17 13:00:00,NSE:ORIENTLTD,164.85,164.85,153.45,154.5,162.0
2019-06-17 14:00:00,NSE:ORIENTLTD,163.9,163.9,154.0,154.0,41.0
2019-06-17 15:00:00,NSE:ORIENTLTD,154.1,154.1,154.1,154.1,1.0
2019-06-18 10:00:00,NSE:ORIENTLTD,151.25,162.6,151.25,162.6,2.0
2019-06-18 11:00:00,NSE:ORIENTLTD,162.55,162.55,162.55,162.55,100.0
2019-06-18 13:00:00,NSE:ORIENTLTD,152.6,152.6,152.6,152.6,1.0
2019-06-18 15:00:00,NSE:ORIENTLTD,161.95,161.95,161.95,161.95,11.0
2019-06-19 11:00:00,NSE:ORIENTLTD,161.9,161.9,151.55,151.55,2.0
2019-06-19 12:00:00,NSE:ORIENTLTD,152.0,161.4,152.0,161.4,990.0
2019-06-20 10:00:00,NSE:ORIENTLTD,165.95,165.95,165.95,165.95,1.0
2019-06-20 11:00:00,NSE:ORIENTLTD,154.7,165.4,154.7,165.4,31.0
2019-06-20 13:00:00,NSE:ORIENTLTD,153.9,153.9,153.9,153.9,73.0
2019-06-20 15:00:00,NSE:ORIENTLTD,161.35,161.35,153.8,153.8,47.0
2019-06-21 09:00:00,NSE:ORIENTLTD,162.85,162.85,162.85,162.85,1.0
2019-06-21 10:00:00,NSE:ORIENTLTD,148.9,159.4,148.9,159.4,52.0
2019-06-21 11:00:00,NSE:ORIENTLTD,150.55,150.55,150.55,150.55,1.0
2019-06-21 14:00:00,NSE:ORIENTLTD,158.7,158.7,158.7,158.7,1.0
2019-06-24 09:00:00,NSE:ORIENTLTD,136.55,136.55,136.5,136.5,2.0
2019-06-24 10:00:00,NSE:ORIENTLTD,154.95,158.0,150.0,150.0,90.0
2019-06-24 11:00:00,NSE:ORIENTLTD,157.85,157.85,157.85,157.85,3.0
2019-06-24 12:00:00,NSE:ORIENTLTD,150.2,150.55,150.2,150.55,4.0
2019-06-24 14:00:00,NSE:ORIENTLTD,152.75,157.85,150.6,150.6,10.0
2019-06-25 10:00:00,NSE:ORIENTLTD,150.55,150.55,150.55,150.55,1.0
2019-06-25 11:00:00,NSE:ORIENTLTD,150.6,150.6,150.6,150.6,2.0
2019-06-25 12:00:00,NSE:ORIENTLTD,150.6,150.6,150.6,150.6,20.0
2019-06-25 14:00:00,NSE:ORIENTLTD,148.0,148.0,148.0,148.0,6.0
2019-06-25 15:00:00,NSE:ORIENTLTD,150.6,150.6,150.6,150.6,1.0
2019-06-26 10:00:00,NSE:ORIENTLTD,130.2,130.2,130.2,130.2,1.0
2019-06-26 11:00:00,NSE:ORIENTLTD,131.0,155.0,131.0,150.0,181.0
2019-06-26 13:00:00,NSE:ORIENTLTD,154.85,154.85,154.85,154.85,1.0
2019-06-26 14:00:00,NSE:ORIENTLTD,149.95,149.95,149.95,149.95,34.0
2019-06-26 15:00:00,NSE:ORIENTLTD,154.05,154.05,154.05,154.05,1.0
2019-06-27 09:00:00,NSE:ORIENTLTD,153.75,153.75,153.75,153.75,1.0
2019-06-27 11:00:00,NSE:ORIENTLTD,143.35,143.35,143.35,143.35,5.0
2019-06-27 12:00:00,NSE:ORIENTLTD,153.6,153.6,153.6,153.6,3.0
2019-06-27 13:00:00,NSE:ORIENTLTD,153.6,153.6,146.15,146.15,51.0
2019-06-27 15:00:00,NSE:ORIENTLTD,146.1,146.1,146.1,146.1,53.0
2019-06-28 09:00:00,NSE:ORIENTLTD,153.9,153.9,153.9,153.9,1.0
2019-06-28 11:00:00,NSE:ORIENTLTD,153.65,153.65,137.0,137.0,41.0
2019-06-28 12:00:00,NSE:ORIENTLTD,139.75,145.1,139.75,145.1,2.0
2019-06-28 14:00:00,NSE:ORIENTLTD,138.55,145.0,138.55,145.0,36.0
2019-06-28 15:00:00,NSE:ORIENTLTD,145.0,145.0,145.0,145.0,22.0
2019-07-01 09:00:00,NSE:ORIENTLTD,148.0,148.0,147.95,148.0,51.0
2019-07-01 10:00:00,NSE:ORIENTLTD,147.9,148.0,147.85,148.0,321.0
2019-07-01 11:00:00,NSE:ORIENTLTD,148.0,148.0,148.0,148.0,1.0
2019-07-01 13:00:00,NSE:ORIENTLTD,140.0,144.1,138.05,144.1,63.0
2019-07-01 14:00:00,NSE:ORIENTLTD,142.55,142.65,142.2,142.25,5.0
2019-07-01 15:00:00,NSE:ORIENTLTD,142.25,146.75,142.0,146.75,55.0
2019-07-02 09:00:00,NSE:ORIENTLTD,146.7,146.7,135.1,135.1,54.0
2019-07-02 10:00:00,NSE:ORIENTLTD,146.7,146.7,146.7,146.7,30.0
2019-07-02 11:00:00,NSE:ORIENTLTD,137.2,146.2,137.2,146.2,31.0
2019-07-02 12:00:00,NSE:ORIENTLTD,141.25,146.0,141.25,146.0,2.0
2019-07-02 13:00:00,NSE:ORIENTLTD,138.75,138.75,138.75,138.75,15.0
2019-07-02 14:00:00,NSE:ORIENTLTD,138.75,138.75,138.75,138.75,2.0
2019-07-02 15:00:00,NSE:ORIENTLTD,138.75,138.75,138.75,138.75,30.0
2019-07-03 09:00:00,NSE:ORIENTLTD,148.0,148.0,135.15,135.15,20.0
2019-07-03 11:00:00,NSE:ORIENTLTD,135.95,135.95,135.95,135.95,1.0
2019-07-03 12:00:00,NSE:ORIENTLTD,136.05,136.05,136.05,136.05,208.0
2019-07-03 13:00:00,NSE:ORIENTLTD,136.0,136.0,135.8,135.8,592.0
2019-07-03 14:00:00,NSE:ORIENTLTD,136.0,144.9,136.0,136.0,202.0
2019-07-03 15:00:00,NSE:ORIENTLTD,144.3,144.3,140.95,141.25,2305.0
2019-07-04 10:00:00,NSE:ORIENTLTD,135.1,135.1,135.1,135.1,1.0
2019-07-04 11:00:00,NSE:ORIENTLTD,141.2,141.2,141.2,141.2,1.0
2019-07-04 12:00:00,NSE:ORIENTLTD,136.0,136.0,136.0,136.0,21.0
2019-07-04 13:00:00,NSE:ORIENTLTD,141.2,141.2,141.2,141.2,8.0
2019-07-04 14:00:00,NSE:ORIENTLTD,144.75,144.75,144.75,144.75,20.0
2019-07-04 15:00:00,NSE:ORIENTLTD,143.9,143.9,143.9,143.9,1.0
2019-07-05 13:00:00,NSE:ORIENTLTD,141.9,141.9,141.9,141.9,1.0
2019-07-05 14:00:00,NSE:ORIENTLTD,134.0,139.7,134.0,135.5,236.0
2019-07-05 15:00:00,NSE:ORIENTLTD,143.85,143.85,143.85,143.85,3.0
2019-07-08 10:00:00,NSE:ORIENTLTD,142.95,142.95,142.95,142.95,1.0
2019-07-08 11:00:00,NSE:ORIENTLTD,133.8,133.85,133.8,133.85,24.0
2019-07-08 14:00:00,NSE:ORIENTLTD,141.95,141.95,128.35,128.35,221.0
2019-07-08 15:00:00,NSE:ORIENTLTD,130.5,132.0,121.0,125.35,135.0
2019-07-09 09:00:00,NSE:ORIENTLTD,129.95,139.0,125.0,130.5,735.0
2019-07-09 10:00:00,NSE:ORIENTLTD,130.5,130.5,127.75,130.5,105.0
2019-07-09 11:00:00,NSE:ORIENTLTD,130.3,130.35,130.3,130.35,9.0
2019-07-09 12:00:00,NSE:ORIENTLTD,129.0,129.0,129.0,129.0,15.0
2019-07-09 13:00:00,NSE:ORIENTLTD,129.0,129.0,127.75,127.75,49.0
2019-07-09 14:00:00,NSE:ORIENTLTD,127.75,127.75,122.6,124.0,101.0
2019-07-09 15:00:00,NSE:ORIENTLTD,125.0,127.8,124.5,125.75,13.0
2019-07-10 09:00:00,NSE:ORIENTLTD,125.75,125.75,125.75,125.75,50.0
2019-07-10 10:00:00,NSE:ORIENTLTD,125.75,126.6,125.75,126.5,26.0
2019-07-10 15:00:00,NSE:ORIENTLTD,126.5,126.5,126.5,126.5,11.0
2019-07-11 10:00:00,NSE:ORIENTLTD,135.3,138.7,123.7,124.45,133.0
2019-07-11 11:00:00,NSE:ORIENTLTD,132.0,132.0,132.0,132.0,4.0
2019-07-11 12:00:00,NSE:ORIENTLTD,124.2,124.5,124.2,124.5,301.0
2019-07-11 13:00:00,NSE:ORIENTLTD,124.0,124.0,124.0,124.0,2.0
2019-07-11 14:00:00,NSE:ORIENTLTD,124.55,126.0,124.0,126.0,97.0
2019-07-11 15:00:00,NSE:ORIENTLTD,125.5,129.85,125.5,126.5,191.0
2019-07-12 10:00:00,NSE:ORIENTLTD,126.6,126.6,126.6,126.6,3.0
2019-07-12 11:00:00,NSE:ORIENTLTD,126.6,126.6,126.6,126.6,11.0
2019-07-12 13:00:00,NSE:ORIENTLTD,129.8,129.8,129.8,129.8,31.0
2019-07-12 15:00:00,NSE:ORIENTLTD,126.6,126.6,126.5,126.6,114.0
2019-07-15 11:00:00,NSE:ORIENTLTD,118.4,118.4,118.4,118.4,150.0
2019-07-15 14:00:00,NSE:ORIENTLTD,122.1,122.1,122.1,122.1,61.0
2019-07-15 15:00:00,NSE:ORIENTLTD,126.0,126.0,122.05,122.05,154.0
2019-07-16 12:00:00,NSE:ORIENTLTD,122.05,122.05,122.05,122.05,10.0
2019-07-16 13:00:00,NSE:ORIENTLTD,122.0,122.05,122.0,122.05,15.0
2019-07-16 14:00:00,NSE:ORIENTLTD,118.6,125.0,116.7,125.0,18.0
2019-07-16 15:00:00,NSE:ORIENTLTD,129.5,129.6,117.25,118.3,142.0
2019-07-18 09:00:00,NSE:ORIENTLTD,136.45,136.45,122.55,132.65,474.0
2019-07-18 10:00:00,NSE:ORIENTLTD,130.5,130.5,125.0,125.0,280.0
2019-07-18 11:00:00,NSE:ORIENTLTD,129.95,129.95,129.95,129.95,5.0
2019-07-18 12:00:00,NSE:ORIENTLTD,129.9,129.9,123.4,129.3,48.0
2019-07-18 13:00:00,NSE:ORIENTLTD,129.0,129.3,128.9,128.9,15.0
2019-07-18 14:00:00,NSE:ORIENTLTD,124.5,126.0,124.5,126.0,110.0
2019-07-18 15:00:00,NSE:ORIENTLTD,125.0,126.8,123.25,126.8,264.0
2019-07-19 09:00:00,NSE:ORIENTLTD,126.8,126.8,126.8,126.8,15.0
2019-07-19 10:00:00,NSE:ORIENTLTD,126.8,126.85,126.8,126.8,186.0
2019-07-19 11:00:00,NSE:ORIENTLTD,121.15,128.75,121.15,128.75,110.0
2019-07-19 15:00:00,NSE:ORIENTLTD,124.0,124.0,122.0,122.0,19.0
2019-07-22 09:00:00,NSE:ORIENTLTD,115.25,115.25,115.25,115.25,1.0
2019-07-22 14:00:00,NSE:ORIENTLTD,125.0,125.0,120.5,120.5,301.0
2019-07-22 15:00:00,NSE:ORIENTLTD,118.0,119.1,118.0,119.1,45.0
2019-07-23 13:00:00,NSE:ORIENTLTD,120.0,120.0,120.0,120.0,1.0
2019-07-23 15:00:00,NSE:ORIENTLTD,120.0,120.0,120.0,120.0,200.0
2019-07-24 09:00:00,NSE:ORIENTLTD,129.85,129.9,129.5,129.5,3.0
2019-07-24 10:00:00,NSE:ORIENTLTD,117.2,117.2,117.2,117.2,1.0
2019-07-24 14:00:00,NSE:ORIENTLTD,117.25,117.25,117.25,117.25,2.0
2019-07-24 15:00:00,NSE:ORIENTLTD,117.3,117.3,117.3,117.3,1.0
2019-07-25 10:00:00,NSE:ORIENTLTD,117.5,117.5,117.5,117.5,37.0
2019-07-25 11:00:00,NSE:ORIENTLTD,117.5,117.5,117.5,117.5,40.0
2019-07-25 12:00:00,NSE:ORIENTLTD,117.55,120.0,117.3,120.0,91.0
2019-07-25 15:00:00,NSE:ORIENTLTD,123.55,123.55,117.4,117.4,23.0
2019-07-26 13:00:00,NSE:ORIENTLTD,117.9,117.9,117.9,117.9,14.0
2019-07-26 14:00:00,NSE:ORIENTLTD,117.9,117.9,117.9,117.9,1.0
2019-07-26 15:00:00,NSE:ORIENTLTD,120.35,121.0,117.9,117.9,17.0
2019-07-29 11:00:00,NSE:ORIENTLTD,117.25,117.25,117.25,117.25,72.0
2019-07-29 14:00:00,NSE:ORIENTLTD,117.0,117.0,117.0,117.0,1.0
2019-07-30 14:00:00,NSE:ORIENTLTD,117.0,117.0,115.0,115.0,102.0
2019-07-30 15:00:00,NSE:ORIENTLTD,109.0,110.0,107.0,109.7,77.0
2019-07-31 09:00:00,NSE:ORIENTLTD,110.0,110.0,110.0,110.0,18.0
2019-07-31 12:00:00,NSE:ORIENTLTD,109.0,109.0,106.05,106.05,126.0
2019-07-31 13:00:00,NSE:ORIENTLTD,105.0,105.0,104.3,104.4,39.0
2019-07-31 14:00:00,NSE:ORIENTLTD,104.3,104.3,102.95,104.0,142.0
2019-07-31 15:00:00,NSE:ORIENTLTD,105.0,108.55,105.0,107.0,141.0
2019-08-02 09:00:00,NSE:ORIENTLTD,128.3,128.3,91.15,92.0,50.0
2019-08-02 10:00:00,NSE:ORIENTLTD,100.0,120.0,100.0,120.0,180.0
2019-08-02 11:00:00,NSE:ORIENTLTD,112.0,112.0,106.5,106.5,12.0
2019-08-02 12:00:00,NSE:ORIENTLTD,112.6,112.6,112.0,112.0,9.0
2019-08-02 14:00:00,NSE:ORIENTLTD,108.0,114.5,108.0,114.3,102.0
2019-08-02 15:00:00,NSE:ORIENTLTD,114.3,114.45,110.3,114.45,59.0
2019-08-05 09:00:00,NSE:ORIENTLTD,119.0,119.0,115.0,115.0,20.0
2019-08-05 10:00:00,NSE:ORIENTLTD,115.0,115.0,115.0,115.0,1.0
2019-08-05 11:00:00,NSE:ORIENTLTD,105.7,105.7,105.7,105.7,1.0
2019-08-05 12:00:00,NSE:ORIENTLTD,106.1,106.1,106.1,106.1,3.0
2019-08-05 13:00:00,NSE:ORIENTLTD,106.1,106.1,106.1,106.1,1.0
2019-08-05 14:00:00,NSE:ORIENTLTD,126.75,126.75,111.0,111.0,162.0
2019-08-06 09:00:00,NSE:ORIENTLTD,116.0,116.0,116.0,116.0,5.0
2019-08-06 10:00:00,NSE:ORIENTLTD,116.0,116.0,116.0,116.0,5.0
2019-08-07 09:00:00,NSE:ORIENTLTD,125.0,125.0,125.0,125.0,5.0
2019-08-07 10:00:00,NSE:ORIENTLTD,105.0,105.0,105.0,105.0,10.0
2019-08-07 11:00:00,NSE:ORIENTLTD,123.45,123.45,123.45,123.45,22.0
2019-08-07 12:00:00,NSE:ORIENTLTD,122.9,122.9,122.9,122.9,7.0
2019-08-07 14:00:00,NSE:ORIENTLTD,106.3,122.75,106.3,122.75,63.0
2019-08-07 15:00:00,NSE:ORIENTLTD,115.0,122.0,115.0,122.0,12.0
2019-08-08 13:00:00,NSE:ORIENTLTD,112.4,112.4,109.0,112.3,60.0
2019-08-08 14:00:00,NSE:ORIENTLTD,108.1,125.0,108.1,118.0,71.0
2019-08-08 15:00:00,NSE:ORIENTLTD,110.05,110.05,110.05,110.05,20.0
2019-08-09 09:00:00,NSE:ORIENTLTD,110.05,110.05,110.05,110.05,1.0
2019-08-09 11:00:00,NSE:ORIENTLTD,110.35,110.35,110.35,110.35,24.0
2019-08-09 12:00:00,NSE:ORIENTLTD,114.5,128.5,111.5,111.5,225.0
2019-08-09 13:00:00,NSE:ORIENTLTD,113.05,113.05,113.05,113.05,26.0
2019-08-09 14:00:00,NSE:ORIENTLTD,113.3,113.3,113.3,113.3,6.0
2019-08-09 15:00:00,NSE:ORIENTLTD,113.35,118.0,112.1,112.1,108.0
2019-08-13 10:00:00,NSE:ORIENTLTD,119.0,128.95,110.0,110.0,106.0
2019-08-13 11:00:00,NSE:ORIENTLTD,110.05,110.05,110.05,110.05,4.0
2019-08-13 14:00:00,NSE:ORIENTLTD,111.05,111.05,111.05,111.05,50.0
2019-08-13 15:00:00,NSE:ORIENTLTD,114.0,120.0,114.0,116.1,23.0
2019-08-14 09:00:00,NSE:ORIENTLTD,118.0,118.0,118.0,118.0,2.0
2019-08-14 11:00:00,NSE:ORIENTLTD,108.0,111.0,108.0,111.0,41.0
2019-08-16 09:00:00,NSE:ORIENTLTD,114.0,114.0,114.0,114.0,5.0
2019-08-16 15:00:00,NSE:ORIENTLTD,114.0,114.0,114.0,114.0,1.0
2019-08-19 09:00:00,NSE:ORIENTLTD,118.0,118.0,110.0,110.0,55.0
2019-08-19 11:00:00,NSE:ORIENTLTD,113.0,119.0,113.0,119.0,12.0
2019-08-19 14:00:00,NSE:ORIENTLTD,115.0,115.0,115.0,115.0,5.0
2019-08-19 15:00:00,NSE:ORIENTLTD,113.0,116.0,113.0,116.0,28.0
2019-08-20 11:00:00,NSE:ORIENTLTD,115.0,116.0,106.35,116.0,11.0
2019-08-20 12:00:00,NSE:ORIENTLTD,106.4,110.0,106.4,110.0,7.0
2019-08-20 13:00:00,NSE:ORIENTLTD,110.0,110.0,110.0,110.0,1.0
2019-08-20 15:00:00,NSE:ORIENTLTD,113.0,113.0,106.8,106.8,16.0
2019-08-21 10:00:00,NSE:ORIENTLTD,111.0,111.0,111.0,111.0,9.0
2019-08-21 13:00:00,NSE:ORIENTLTD,112.0,112.0,112.0,112.0,50.0
2019-08-21 14:00:00,NSE:ORIENTLTD,123.0,123.0,122.0,122.0,402.0
2019-08-21 15:00:00,NSE:ORIENTLTD,121.95,121.95,121.95,121.95,1.0
2019-08-22 09:00:00,NSE:ORIENTLTD,119.9,119.9,119.9,119.9,1.0
2019-08-22 13:00:00,NSE:ORIENTLTD,119.95,119.95,119.95,119.95,1.0
2019-08-22 14:00:00,NSE:ORIENTLTD,107.35,107.35,100.3,100.3,402.0
2019-08-22 15:00:00,NSE:ORIENTLTD,103.0,113.0,103.0,110.0,254.0
2019-08-23 10:00:00,NSE:ORIENTLTD,110.0,110.0,110.0,110.0,1.0
2019-08-23 12:00:00,NSE:ORIENTLTD,103.5,103.5,103.5,103.5,35.0
2019-08-23 14:00:00,NSE:ORIENTLTD,119.5,119.5,103.7,117.85,230.0
2019-08-26 09:00:00,NSE:ORIENTLTD,116.0,116.0,116.0,116.0,10.0
2019-08-26 10:00:00,NSE:ORIENTLTD,110.05,110.05,110.05,110.05,25.0
2019-08-26 11:00:00,NSE:ORIENTLTD,110.1,110.1,110.1,110.1,1.0
2019-08-26 14:00:00,NSE:ORIENTLTD,110.55,110.55,110.55,110.55,83.0
2019-08-26 15:00:00,NSE:ORIENTLTD,116.9,116.9,110.55,111.65,78.0
2019-08-27 09:00:00,NSE:ORIENTLTD,110.7,110.7,110.7,110.7,25.0
2019-08-27 12:00:00,NSE:ORIENTLTD,111.3,111.3,111.3,111.3,1.0
2019-08-27 15:00:00,NSE:ORIENTLTD,111.45,111.45,111.45,111.45,138.0
2019-08-29 09:00:00,NSE:ORIENTLTD,111.0,111.0,111.0,111.0,1.0
2019-08-29 15:00:00,NSE:ORIENTLTD,111.0,111.0,111.0,111.0,3.0
2019-08-30 11:00:00,NSE:ORIENTLTD,112.0,112.0,112.0,112.0,3.0
2019-08-30 15:00:00,NSE:ORIENTLTD,112.0,112.0,111.0,111.0,6.0
2019-09-04 09:00:00,NSE:ORIENTLTD,112.0,112.0,112.0,112.0,1.0
2019-09-05 09:00:00,NSE:ORIENTLTD,112.0,112.0,112.0,112.0,5.0
2019-09-05 10:00:00,NSE:ORIENTLTD,111.9,112.0,111.9,112.0,24.0
2019-09-06 14:00:00,NSE:ORIENTLTD,112.0,112.0,112.0,112.0,7.0
2019-09-06 15:00:00,NSE:ORIENTLTD,132.5,132.5,123.35,123.35,16.0
2019-09-09 10:00:00,NSE:ORIENTLTD,123.35,131.95,123.35,131.95,105.0
2019-09-09 13:00:00,NSE:ORIENTLTD,130.95,130.95,126.6,126.6,12.0
2019-09-09 14:00:00,NSE:ORIENTLTD,130.95,130.95,130.95,130.95,4.0
2019-09-09 15:00:00,NSE:ORIENTLTD,124.0,127.0,123.35,127.0,102.0
2019-09-11 11:00:00,NSE:ORIENTLTD,126.0,134.0,124.9,132.15,16.0
2019-09-11 12:00:00,NSE:ORIENTLTD,111.1,127.0,111.1,123.0,134.0
2019-09-11 15:00:00,NSE:ORIENTLTD,126.05,126.05,116.0,116.0,14.0
2019-09-12 09:00:00,NSE:ORIENTLTD,134.9,134.9,134.9,134.9,1.0
2019-09-12 10:00:00,NSE:ORIENTLTD,129.0,129.0,129.0,129.0,10.0
2019-09-12 12:00:00,NSE:ORIENTLTD,128.9,128.9,128.9,128.9,50.0
2019-09-12 15:00:00,NSE:ORIENTLTD,128.25,128.25,128.25,128.25,8.0
2019-09-13 09:00:00,NSE:ORIENTLTD,124.25,124.25,124.25,124.25,9.0
2019-09-13 10:00:00,NSE:ORIENTLTD,124.3,124.35,124.3,124.3,85.0
2019-09-13 13:00:00,NSE:ORIENTLTD,125.1,125.1,125.1,125.1,1.0
2019-09-13 15:00:00,NSE:ORIENTLTD,129.65,130.0,129.65,130.0,5.0
2019-09-16 12:00:00,NSE:ORIENTLTD,125.85,125.85,125.85,125.85,1.0
2019-09-16 15:00:00,NSE:ORIENTLTD,125.85,125.85,125.85,125.85,6.0
2019-09-17 11:00:00,NSE:ORIENTLTD,120.2,129.9,120.2,121.9,59.0
2019-09-17 12:00:00,NSE:ORIENTLTD,129.5,129.95,121.75,129.0,440.0
2019-09-17 13:00:00,NSE:ORIENTLTD,131.0,133.45,131.0,133.45,42.0
2019-09-17 14:00:00,NSE:ORIENTLTD,131.0,131.0,126.1,128.65,22.0
2019-09-17 15:00:00,NSE:ORIENTLTD,126.1,128.0,126.1,126.2,45.0
2019-09-18 11:00:00,NSE:ORIENTLTD,133.35,133.95,126.55,129.6,26.0
2019-09-18 12:00:00,NSE:ORIENTLTD,126.05,148.9,120.2,133.9,516.0
2019-09-18 13:00:00,NSE:ORIENTLTD,134.0,134.0,129.9,129.9,429.0
2019-09-18 14:00:00,NSE:ORIENTLTD,129.0,133.95,129.0,133.95,39.0
2019-09-18 15:00:00,NSE:ORIENTLTD,124.5,132.55,122.0,124.25,454.0
2019-09-19 09:00:00,NSE:ORIENTLTD,142.0,142.0,122.05,130.0,253.0
2019-09-19 10:00:00,NSE:ORIENTLTD,130.0,132.4,126.05,126.1,50.0
2019-09-19 11:00:00,NSE:ORIENTLTD,126.25,139.55,126.2,133.05,567.0
2019-09-19 12:00:00,NSE:ORIENTLTD,128.0,128.0,122.05,122.85,515.0
2019-09-19 13:00:00,NSE:ORIENTLTD,122.85,123.95,122.55,122.55,469.0
2019-09-19 14:00:00,NSE:ORIENTLTD,123.5,123.5,123.5,123.5,50.0
2019-09-19 15:00:00,NSE:ORIENTLTD,122.65,122.65,120.2,120.2,144.0
2019-09-20 10:00:00,NSE:ORIENTLTD,107.3,124.05,107.3,119.2,568.0
2019-09-20 11:00:00,NSE:ORIENTLTD,119.2,124.0,119.2,124.0,94.0
2019-09-20 12:00:00,NSE:ORIENTLTD,124.0,124.0,120.25,120.25,155.0
2019-09-20 13:00:00,NSE:ORIENTLTD,127.7,127.9,125.25,125.25,166.0
2019-09-20 15:00:00,NSE:ORIENTLTD,120.15,129.85,120.15,120.5,113.0
2019-09-23 09:00:00,NSE:ORIENTLTD,124.85,124.85,124.85,124.85,2.0
2019-09-23 11:00:00,NSE:ORIENTLTD,117.35,123.0,117.35,123.0,21.0
2019-09-23 13:00:00,NSE:ORIENTLTD,118.55,123.45,118.55,121.05,69.0
2019-09-23 14:00:00,NSE:ORIENTLTD,121.0,124.85,120.5,120.5,221.0
2019-09-23 15:00:00,NSE:ORIENTLTD,125.8,125.8,118.0,118.45,55.0
2019-09-24 09:00:00,NSE:ORIENTLTD,133.85,133.85,118.1,118.1,11.0
2019-09-24 12:00:00,NSE:ORIENTLTD,120.05,128.85,120.05,128.85,181.0
2019-09-24 13:00:00,NSE:ORIENTLTD,119.25,119.25,119.25,119.25,23.0
2019-09-24 14:00:00,NSE:ORIENTLTD,119.6,129.45,119.2,126.0,147.0
2019-09-24 15:00:00,NSE:ORIENTLTD,120.95,125.85,119.55,121.0,112.0
2019-09-25 10:00:00,NSE:ORIENTLTD,123.95,123.95,122.2,122.2,57.0
2019-09-25 11:00:00,NSE:ORIENTLTD,120.0,120.0,117.25,117.25,13.0
2019-09-25 12:00:00,NSE:ORIENTLTD,117.35,117.35,117.35,117.35,3.0
2019-09-25 15:00:00,NSE:ORIENTLTD,115.15,126.0,115.15,117.0,11.0
2019-09-26 09:00:00,NSE:ORIENTLTD,123.05,123.05,123.0,123.0,20.0
2019-09-26 10:00:00,NSE:ORIENTLTD,123.0,123.75,112.0,123.75,202.0
2019-09-26 11:00:00,NSE:ORIENTLTD,116.0,116.0,116.0,116.0,1.0
2019-09-26 13:00:00,NSE:ORIENTLTD,117.0,117.0,117.0,117.0,1.0
2019-09-26 14:00:00,NSE:ORIENTLTD,118.5,128.5,118.1,118.1,823.0
2019-09-26 15:00:00,NSE:ORIENTLTD,118.55,133.65,118.55,119.25,118.0
2019-09-27 09:00:00,NSE:ORIENTLTD,125.0,125.0,120.2,120.2,34.0
2019-09-27 10:00:00,NSE:ORIENTLTD,125.0,125.0,120.3,120.3,63.0
2019-09-27 11:00:00,NSE:ORIENTLTD,120.1,120.3,120.1,120.3,156.0
2019-09-27 13:00:00,NSE:ORIENTLTD,120.3,120.3,120.1,120.3,60.0
2019-09-27 15:00:00,NSE:ORIENTLTD,120.15,120.15,120.15,120.15,11.0
2019-09-30 09:00:00,NSE:ORIENTLTD,112.25,115.15,112.25,115.1,8.0
2019-09-30 11:00:00,NSE:ORIENTLTD,124.7,124.7,124.7,124.7,1.0
2019-09-30 13:00:00,NSE:ORIENTLTD,125.95,125.95,125.95,125.95,50.0
2019-09-30 14:00:00,NSE:ORIENTLTD,116.0,125.0,116.0,116.25,1048.0
2019-09-30 15:00:00,NSE:ORIENTLTD,122.6,125.95,122.6,125.2,30.0
2019-10-01 09:00:00,NSE:ORIENTLTD,102.55,102.55,102.55,102.55,41.0
2019-10-01 10:00:00,NSE:ORIENTLTD,124.4,124.4,114.7,114.7,35.0
2019-10-01 11:00:00,NSE:ORIENTLTD,125.8,125.8,125.8,125.8,50.0
2019-10-01 13:00:00,NSE:ORIENTLTD,125.6,125.6,125.6,125.6,50.0
2019-10-01 14:00:00,NSE:ORIENTLTD,125.55,125.55,111.35,111.35,124.0
2019-10-01 15:00:00,NSE:ORIENTLTD,111.35,111.35,111.35,111.35,10.0
2019-10-03 12:00:00,NSE:ORIENTLTD,111.35,111.35,111.35,111.35,30.0
2019-10-03 13:00:00,NSE:ORIENTLTD,111.35,111.35,111.35,111.35,2.0
2019-10-03 14:00:00,NSE:ORIENTLTD,106.0,120.0,106.0,114.85,291.0
2019-10-03 15:00:00,NSE:ORIENTLTD,114.8,114.8,109.0,113.0,24.0
2019-10-07 10:00:00,NSE:ORIENTLTD,123.5,123.5,109.4,109.4,78.0
2019-10-07 11:00:00,NSE:ORIENTLTD,112.8,114.4,109.3,109.3,104.0
2019-10-07 14:00:00,NSE:ORIENTLTD,112.95,112.95,112.95,112.95,1.0
2019-10-07 15:00:00,NSE:ORIENTLTD,110.75,110.75,110.75,110.75,126.0
2019-10-10 13:00:00,NSE:ORIENTLTD,105.6,105.6,105.6,105.6,1.0
2019-10-10 14:00:00,NSE:ORIENTLTD,108.75,108.8,108.0,108.0,26.0
2019-10-10 15:00:00,NSE:ORIENTLTD,107.0,107.0,105.6,105.6,13.0
2019-10-11 13:00:00,NSE:ORIENTLTD,105.6,105.6,105.55,105.6,101.0
2019-10-11 15:00:00,NSE:ORIENTLTD,115.0,115.0,115.0,115.0,1.0
2019-10-14 10:00:00,NSE:ORIENTLTD,100.3,114.9,100.3,114.9,205.0
2019-10-14 14:00:00,NSE:ORIENTLTD,114.05,114.05,105.6,106.95,44.0
2019-10-14 15:00:00,NSE:ORIENTLTD,106.0,106.0,105.55,105.55,12.0
2019-10-15 11:00:00,NSE:ORIENTLTD,100.0,108.5,96.2,103.5,414.0
2019-10-15 14:00:00,NSE:ORIENTLTD,102.0,107.0,101.5,107.0,65.0
2019-10-15 15:00:00,NSE:ORIENTLTD,105.0,108.5,105.0,105.1,108.0
2019-10-16 15:00:00,NSE:ORIENTLTD,107.95,108.0,105.0,105.0,29.0
2019-10-17 09:00:00,NSE:ORIENTLTD,94.05,108.3,94.05,100.0,201.0
2019-10-17 12:00:00,NSE:ORIENTLTD,100.7,100.7,100.7,100.7,1.0
2019-10-17 13:00:00,NSE:ORIENTLTD,106.05,106.05,106.05,106.05,1.0
2019-10-17 15:00:00,NSE:ORIENTLTD,101.05,101.05,101.05,101.05,1.0
2019-10-18 09:00:00,NSE:ORIENTLTD,117.8,117.8,102.0,102.0,218.0
2019-10-18 10:00:00,NSE:ORIENTLTD,102.2,104.95,102.2,104.95,7.0
2019-10-18 11:00:00,NSE:ORIENTLTD,115.95,115.95,102.3,115.9,126.0
2019-10-18 13:00:00,NSE:ORIENTLTD,114.95,114.95,114.95,114.95,10.0
2019-10-18 14:00:00,NSE:ORIENTLTD,113.05,113.05,113.05,113.05,1.0
2019-10-18 15:00:00,NSE:ORIENTLTD,114.75,114.75,104.0,108.1,224.0
2019-10-22 11:00:00,NSE:ORIENTLTD,110.0,110.0,110.0,110.0,107.0
2019-10-22 14:00:00,NSE:ORIENTLTD,110.0,110.0,109.95,110.0,9.0
2019-10-22 15:00:00,NSE:ORIENTLTD,110.0,110.0,110.0,110.0,2.0
2019-10-23 10:00:00,NSE:ORIENTLTD,101.5,101.5,101.5,101.5,100.0
2019-10-23 11:00:00,NSE:ORIENTLTD,102.2,102.25,102.2,102.2,7.0
2019-10-23 15:00:00,NSE:ORIENTLTD,105.8,114.45,105.8,114.45,2.0
2019-10-24 09:00:00,NSE:ORIENTLTD,101.25,117.9,101.25,109.95,207.0
2019-10-24 11:00:00,NSE:ORIENTLTD,110.0,110.0,110.0,110.0,1.0
2019-10-24 14:00:00,NSE:ORIENTLTD,109.45,109.45,109.45,109.45,8.0
2019-10-25 09:00:00,NSE:ORIENTLTD,100.0,114.95,100.0,110.45,49.0
2019-10-25 14:00:00,NSE:ORIENTLTD,110.4,110.4,110.4,110.4,158.0
2019-10-25 15:00:00,NSE:ORIENTLTD,110.45,110.45,110.45,110.45,107.0
2019-10-30 13:00:00,NSE:ORIENTLTD,105.7,110.4,105.7,110.4,2.0
2019-10-31 09:00:00,NSE:ORIENTLTD,100.05,103.0,100.05,103.0,38.0
2019-10-31 10:00:00,NSE:ORIENTLTD,104.0,109.9,103.6,109.9,617.0
2019-10-31 11:00:00,NSE:ORIENTLTD,104.0,108.5,104.0,104.45,106.0
2019-10-31 12:00:00,NSE:ORIENTLTD,105.05,108.55,105.0,107.0,117.0
2019-10-31 13:00:00,NSE:ORIENTLTD,106.5,106.5,106.5,106.5,50.0
2019-10-31 14:00:00,NSE:ORIENTLTD,105.0,105.45,104.5,104.5,83.0
2019-10-31 15:00:00,NSE:ORIENTLTD,104.4,104.75,103.7,103.7,304.0
2019-11-01 09:00:00,NSE:ORIENTLTD,104.95,107.0,104.95,107.0,111.0
2019-11-01 10:00:00,NSE:ORIENTLTD,106.95,107.05,104.65,106.75,91.0
2019-11-01 11:00:00,NSE:ORIENTLTD,104.8,104.8,103.95,103.95,75.0
2019-11-01 15:00:00,NSE:ORIENTLTD,102.1,102.1,102.1,102.1,57.0
2019-11-04 09:00:00,NSE:ORIENTLTD,97.0,97.0,97.0,97.0,10.0
2019-11-04 11:00:00,NSE:ORIENTLTD,107.9,117.9,97.3,105.05,1205.0
2019-11-04 12:00:00,NSE:ORIENTLTD,105.95,105.95,103.5,105.95,507.0
2019-11-04 13:00:00,NSE:ORIENTLTD,103.5,103.5,103.5,103.5,27.0
2019-11-04 14:00:00,NSE:ORIENTLTD,104.8,105.95,104.8,105.95,44.0
2019-11-04 15:00:00,NSE:ORIENTLTD,105.95,105.95,100.25,105.9,272.0
2019-11-05 09:00:00,NSE:ORIENTLTD,115.95,115.95,115.95,115.95,100.0
2019-11-05 10:00:00,NSE:ORIENTLTD,105.9,115.95,101.6,107.8,729.0
2019-11-05 11:00:00,NSE:ORIENTLTD,104.05,104.05,104.05,104.05,311.0
2019-11-05 14:00:00,NSE:ORIENTLTD,102.1,107.8,102.1,104.45,9.0
2019-11-05 15:00:00,NSE:ORIENTLTD,102.1,106.5,101.05,106.0,97.0
2019-11-06 09:00:00,NSE:ORIENTLTD,106.0,106.0,106.0,106.0,21.0
2019-11-06 12:00:00,NSE:ORIENTLTD,98.2,102.8,98.2,102.8,108.0
2019-11-06 13:00:00,NSE:ORIENTLTD,108.9,108.9,108.9,108.9,100.0
2019-11-06 14:00:00,NSE:ORIENTLTD,100.15,106.5,99.0,101.15,123.0
2019-11-06 15:00:00,NSE:ORIENTLTD,99.15,103.0,99.15,100.55,559.0
2019-11-07 09:00:00,NSE:ORIENTLTD,89.8,109.95,88.6,102.75,143.0
2019-11-07 11:00:00,NSE:ORIENTLTD,102.7,103.0,102.6,102.6,86.0
2019-11-07 12:00:00,NSE:ORIENTLTD,103.1,103.1,103.0,103.0,9.0
2019-11-07 13:00:00,NSE:ORIENTLTD,103.0,108.7,100.1,100.1,87.0
2019-11-07 14:00:00,NSE:ORIENTLTD,108.95,108.95,100.0,100.25,94.0
2019-11-07 15:00:00,NSE:ORIENTLTD,100.15,104.85,100.05,100.05,71.0
2019-11-08 10:00:00,NSE:ORIENTLTD,103.95,103.95,103.95,103.95,7.0
2019-11-08 12:00:00,NSE:ORIENTLTD,100.05,100.05,99.0,99.0,236.0
2019-11-08 13:00:00,NSE:ORIENTLTD,99.0,99.0,99.0,99.0,58.0
2019-11-08 14:00:00,NSE:ORIENTLTD,99.0,99.0,98.95,99.0,4.0
2019-11-08 15:00:00,NSE:ORIENTLTD,99.0,108.7,98.85,108.5,254.0
2019-11-11 09:00:00,NSE:ORIENTLTD,98.0,107.45,95.95,100.5,218.0
2019-11-11 10:00:00,NSE:ORIENTLTD,100.25,100.25,100.25,100.25,6.0
2019-11-11 11:00:00,NSE:ORIENTLTD,99.55,99.55,99.55,99.55,10.0
2019-11-11 12:00:00,NSE:ORIENTLTD,100.9,102.0,100.9,101.75,17.0
2019-11-11 13:00:00,NSE:ORIENTLTD,101.5,101.5,101.5,101.5,10.0
2019-11-11 14:00:00,NSE:ORIENTLTD,99.0,101.7,99.0,101.7,100.0
2019-11-11 15:00:00,NSE:ORIENTLTD,99.05,100.6,99.0,99.0,177.0
2019-11-13 09:00:00,NSE:ORIENTLTD,99.05,99.05,99.05,99.05,1.0
2019-11-13 11:00:00,NSE:ORIENTLTD,99.05,99.1,99.05,99.05,121.0
2019-11-13 12:00:00,NSE:ORIENTLTD,100.0,100.0,100.0,100.0,11.0
2019-11-13 13:00:00,NSE:ORIENTLTD,100.0,100.0,100.0,100.0,5.0
2019-11-13 14:00:00,NSE:ORIENTLTD,99.05,99.05,99.0,99.0,22.0
2019-11-13 15:00:00,NSE:ORIENTLTD,99.0,99.0,96.35,96.65,28.0
2019-11-14 09:00:00,NSE:ORIENTLTD,111.0,111.0,90.1,95.0,261.0
2019-11-14 11:00:00,NSE:ORIENTLTD,96.7,99.8,96.7,98.8,34.0
2019-11-14 12:00:00,NSE:ORIENTLTD,92.35,92.35,92.35,92.35,22.0
2019-11-14 14:00:00,NSE:ORIENTLTD,96.75,96.8,96.75,96.75,101.0
2019-11-14 15:00:00,NSE:ORIENTLTD,95.95,95.95,92.8,92.8,120.0
2019-11-15 13:00:00,NSE:ORIENTLTD,102.9,102.9,93.2,93.2,100.0
2019-11-15 14:00:00,NSE:ORIENTLTD,98.35,99.85,98.35,99.85,2.0
2019-11-15 15:00:00,NSE:ORIENTLTD,97.5,97.5,95.7,95.7,53.0
2019-11-18 13:00:00,NSE:ORIENTLTD,94.2,94.2,91.95,92.25,16.0
2019-11-18 14:00:00,NSE:ORIENTLTD,92.2,95.0,92.2,93.9,30.0
2019-11-18 15:00:00,NSE:ORIENTLTD,91.3,99.8,91.2,99.0,59.0
2019-11-19 09:00:00,NSE:ORIENTLTD,97.8,97.8,97.8,97.8,8.0
2019-11-19 11:00:00,NSE:ORIENTLTD,97.65,97.65,91.1,91.1,242.0
2019-11-19 12:00:00,NSE:ORIENTLTD,97.0,97.0,96.85,96.85,31.0
2019-11-19 13:00:00,NSE:ORIENTLTD,92.0,94.8,92.0,94.8,39.0
2019-11-19 15:00:00,NSE:ORIENTLTD,94.2,95.45,92.55,95.45,42.0
2019-11-20 09:00:00,NSE:ORIENTLTD,89.3,95.45,89.3,95.45,119.0
2019-11-20 10:00:00,NSE:ORIENTLTD,95.4,104.2,90.15,96.05,242.0
2019-11-20 11:00:00,NSE:ORIENTLTD,95.8,99.0,90.9,97.0,61.0
2019-11-20 13:00:00,NSE:ORIENTLTD,96.75,96.75,96.75,96.75,28.0
2019-11-20 14:00:00,NSE:ORIENTLTD,100.0,102.7,100.0,102.7,18.0
2019-11-20 15:00:00,NSE:ORIENTLTD,97.0,97.0,97.0,97.0,2.0
2019-11-21 09:00:00,NSE:ORIENTLTD,102.5,102.5,102.45,102.45,30.0
2019-11-21 10:00:00,NSE:ORIENTLTD,102.0,102.0,101.9,101.9,9.0
2019-11-21 11:00:00,NSE:ORIENTLTD,97.25,97.25,97.25,97.25,1.0
2019-11-21 12:00:00,NSE:ORIENTLTD,97.25,97.25,95.65,95.65,100.0
2019-11-21 15:00:00,NSE:ORIENTLTD,95.7,97.05,91.1,97.05,95.0
2019-11-22 09:00:00,NSE:ORIENTLTD,96.85,96.9,96.85,96.9,2.0
2019-11-22 11:00:00,NSE:ORIENTLTD,96.9,96.9,96.9,96.9,1.0
2019-11-22 15:00:00,NSE:ORIENTLTD,101.85,101.85,101.85,101.85,2.0
2019-11-25 09:00:00,NSE:ORIENTLTD,97.25,97.25,97.25,97.25,1.0
2019-11-25 13:00:00,NSE:ORIENTLTD,97.35,100.0,97.1,97.1,516.0
2019-11-25 15:00:00,NSE:ORIENTLTD,98.0,98.0,98.0,98.0,1.0
2019-11-26 10:00:00,NSE:ORIENTLTD,98.0,99.85,98.0,99.8,18.0
2019-11-26 13:00:00,NSE:ORIENTLTD,97.2,97.2,97.2,97.2,1.0
2019-11-26 15:00:00,NSE:ORIENTLTD,97.0,97.0,94.35,94.35,107.0
2019-11-27 09:00:00,NSE:ORIENTLTD,85.0,102.6,85.0,102.0,329.0
2019-11-27 10:00:00,NSE:ORIENTLTD,95.35,95.35,95.3,95.35,207.0
2019-11-27 11:00:00,NSE:ORIENTLTD,97.95,97.95,97.95,97.95,10.0
2019-11-27 12:00:00,NSE:ORIENTLTD,97.9,97.9,97.9,97.9,11.0
2019-11-27 14:00:00,NSE:ORIENTLTD,95.05,96.1,93.05,95.85,24.0
2019-11-27 15:00:00,NSE:ORIENTLTD,95.3,95.4,92.05,93.45,125.0
2019-11-28 09:00:00,NSE:ORIENTLTD,98.05,98.05,98.05,98.05,8.0
2019-11-28 10:00:00,NSE:ORIENTLTD,97.95,97.95,97.95,97.95,1.0
2019-11-28 11:00:00,NSE:ORIENTLTD,98.0,98.0,97.9,98.0,8.0
2019-11-29 11:00:00,NSE:ORIENTLTD,97.0,98.0,97.0,98.0,9.0
2019-11-29 14:00:00,NSE:ORIENTLTD,98.0,98.05,98.0,98.0,20.0
2019-11-29 15:00:00,NSE:ORIENTLTD,98.0,98.05,94.0,94.0,5.0
2019-12-02 09:00:00,NSE:ORIENTLTD,103.35,103.35,83.5,101.5,81.0
2019-12-02 10:00:00,NSE:ORIENTLTD,92.5,100.9,92.5,100.0,15.0
2019-12-02 11:00:00,NSE:ORIENTLTD,100.0,100.0,100.0,100.0,15.0
2019-12-02 12:00:00,NSE:ORIENTLTD,96.5,101.9,96.5,99.85,4010.0
2019-12-02 14:00:00,NSE:ORIENTLTD,96.95,99.25,93.45,99.25,2251.0
2019-12-02 15:00:00,NSE:ORIENTLTD,101.75,101.75,101.75,101.75,3.0
2019-12-03 12:00:00,NSE:ORIENTLTD,96.35,100.7,94.55,95.05,26.0
2019-12-03 13:00:00,NSE:ORIENTLTD,96.0,96.1,96.0,96.1,3.0
2019-12-03 14:00:00,NSE:ORIENTLTD,96.1,96.1,96.1,96.1,25.0
2019-12-03 15:00:00,NSE:ORIENTLTD,95.3,97.9,95.1,97.9,155.0
2019-12-04 09:00:00,NSE:ORIENTLTD,90.25,112.2,90.25,93.0,407.0
2019-12-04 10:00:00,NSE:ORIENTLTD,88.2,93.75,85.3,90.75,1089.0
2019-12-04 11:00:00,NSE:ORIENTLTD,91.0,93.8,91.0,93.8,136.0
2019-12-04 12:00:00,NSE:ORIENTLTD,92.7,93.75,92.7,92.7,79.0
2019-12-04 13:00:00,NSE:ORIENTLTD,92.75,98.95,92.7,93.8,231.0
2019-12-04 14:00:00,NSE:ORIENTLTD,93.85,93.85,93.85,93.85,105.0
2019-12-04 15:00:00,NSE:ORIENTLTD,96.35,98.3,94.5,95.05,152.0
2019-12-05 10:00:00,NSE:ORIENTLTD,101.45,101.5,92.1,94.0,453.0
2019-12-05 11:00:00,NSE:ORIENTLTD,95.8,100.8,95.8,100.0,17.0
2019-12-05 12:00:00,NSE:ORIENTLTD,99.95,99.95,96.0,96.0,222.0
2019-12-05 13:00:00,NSE:ORIENTLTD,96.75,96.75,96.15,96.15,4.0
2019-12-05 14:00:00,NSE:ORIENTLTD,98.7,98.7,96.75,97.3,3.0
2019-12-05 15:00:00,NSE:ORIENTLTD,93.0,100.0,93.0,100.0,691.0
2019-12-06 09:00:00,NSE:ORIENTLTD,99.95,100.0,93.15,94.0,11.0
2019-12-06 12:00:00,NSE:ORIENTLTD,94.6,94.6,94.6,94.6,1.0
2019-12-06 13:00:00,NSE:ORIENTLTD,98.9,98.9,95.05,95.05,11.0
2019-12-06 14:00:00,NSE:ORIENTLTD,98.55,98.55,98.55,98.55,1.0
2019-12-06 15:00:00,NSE:ORIENTLTD,98.85,98.85,98.85,98.85,9.0
2019-12-09 09:00:00,NSE:ORIENTLTD,115.85,115.85,93.35,95.0,43.0
2019-12-09 10:00:00,NSE:ORIENTLTD,105.6,105.6,105.6,105.6,60.0
2019-12-09 11:00:00,NSE:ORIENTLTD,96.2,96.2,96.2,96.2,1.0
2019-12-09 12:00:00,NSE:ORIENTLTD,96.35,101.0,96.2,96.2,16.0
2019-12-09 13:00:00,NSE:ORIENTLTD,100.95,100.95,96.4,100.95,23.0
2019-12-09 14:00:00,NSE:ORIENTLTD,101.0,101.0,101.0,101.0,3.0
2019-12-09 15:00:00,NSE:ORIENTLTD,102.0,102.0,101.95,101.95,36.0
2019-12-10 14:00:00,NSE:ORIENTLTD,95.0,95.0,95.0,95.0,3.0
2019-12-10 15:00:00,NSE:ORIENTLTD,95.15,95.15,95.15,95.15,3.0
2019-12-11 10:00:00,NSE:ORIENTLTD,97.9,97.9,97.9,97.9,3.0
2019-12-11 13:00:00,NSE:ORIENTLTD,94.1,94.1,94.1,94.1,1.0
2019-12-11 14:00:00,NSE:ORIENTLTD,94.1,94.1,94.1,94.1,3.0
2019-12-11 15:00:00,NSE:ORIENTLTD,112.4,112.4,94.15,94.15,1121.0
2019-12-12 09:00:00,NSE:ORIENTLTD,100.4,100.4,94.0,100.4,109.0
2019-12-12 10:00:00,NSE:ORIENTLTD,99.95,99.95,99.65,99.65,50.0
2019-12-12 13:00:00,NSE:ORIENTLTD,99.5,99.5,99.5,99.5,20.0
2019-12-12 14:00:00,NSE:ORIENTLTD,99.5,99.5,99.5,99.5,20.0
2019-12-12 15:00:00,NSE:ORIENTLTD,99.4,99.4,99.4,99.4,1.0
2019-12-13 09:00:00,NSE:ORIENTLTD,93.2,93.2,93.2,93.2,24.0
2019-12-13 10:00:00,NSE:ORIENTLTD,99.7,99.7,99.7,99.7,10.0
2019-12-13 11:00:00,NSE:ORIENTLTD,94.85,94.85,94.85,94.85,1.0
2019-12-13 12:00:00,NSE:ORIENTLTD,97.75,97.75,97.75,97.75,5.0
2019-12-13 13:00:00,NSE:ORIENTLTD,94.85,94.85,94.8,94.8,52.0
2019-12-13 14:00:00,NSE:ORIENTLTD,114.4,114.4,94.7,94.7,2324.0
2019-12-13 15:00:00,NSE:ORIENTLTD,98.65,98.75,94.4,94.95,411.0
2019-12-16 09:00:00,NSE:ORIENTLTD,101.6,101.95,95.0,95.0,41.0
2019-12-16 12:00:00,NSE:ORIENTLTD,95.85,95.85,95.85,95.85,83.0
2019-12-16 13:00:00,NSE:ORIENTLTD,96.0,96.0,96.0,96.0,3.0
2019-12-16 14:00:00,NSE:ORIENTLTD,96.2,96.2,96.2,96.2,20.0
2019-12-16 15:00:00,NSE:ORIENTLTD,96.2,96.2,93.0,93.0,281.0
2019-12-17 09:00:00,NSE:ORIENTLTD,95.0,98.05,95.0,95.1,102.0
2019-12-17 10:00:00,NSE:ORIENTLTD,95.0,95.0,95.0,95.0,5.0
2019-12-17 14:00:00,NSE:ORIENTLTD,95.0,95.0,95.0,95.0,23.0
2019-12-17 15:00:00,NSE:ORIENTLTD,94.8,94.8,90.65,93.4,453.0
2019-12-18 09:00:00,NSE:ORIENTLTD,91.95,97.0,91.95,97.0,12.0
2019-12-18 10:00:00,NSE:ORIENTLTD,97.85,97.85,91.15,92.6,312.0
2019-12-18 14:00:00,NSE:ORIENTLTD,92.7,96.0,92.7,95.0,117.0
2019-12-18 15:00:00,NSE:ORIENTLTD,93.1,95.0,92.75,95.0,1022.0
2019-12-19 14:00:00,NSE:ORIENTLTD,92.05,94.9,92.05,92.05,7.0
2019-12-19 15:00:00,NSE:ORIENTLTD,91.0,91.0,91.0,91.0,17.0
2019-12-20 12:00:00,NSE:ORIENTLTD,92.0,92.0,91.0,91.05,61.0
2019-12-20 13:00:00,NSE:ORIENTLTD,91.05,91.05,91.05,91.05,1.0
2019-12-20 14:00:00,NSE:ORIENTLTD,91.0,92.1,91.0,92.1,67.0
2019-12-20 15:00:00,NSE:ORIENTLTD,91.0,92.4,90.2,92.4,11.0
2019-12-23 09:00:00,NSE:ORIENTLTD,92.4,98.95,92.4,94.0,136.0
2019-12-23 14:00:00,NSE:ORIENTLTD,92.15,92.15,92.15,92.15,1.0
2019-12-23 15:00:00,NSE:ORIENTLTD,94.25,94.55,91.2,92.65,136.0
2019-12-24 10:00:00,NSE:ORIENTLTD,96.85,96.85,96.85,96.85,1.0
2019-12-24 11:00:00,NSE:ORIENTLTD,91.2,91.2,90.95,91.0,105.0
2019-12-24 14:00:00,NSE:ORIENTLTD,95.05,95.6,95.05,95.6,7.0
2019-12-24 15:00:00,NSE:ORIENTLTD,93.0,93.0,91.1,92.4,97.0
2019-12-26 09:00:00,NSE:ORIENTLTD,91.0,91.0,91.0,91.0,2.0
2019-12-26 13:00:00,NSE:ORIENTLTD,95.05,95.05,91.0,91.0,1000.0
2019-12-27 09:00:00,NSE:ORIENTLTD,93.75,96.95,93.75,96.95,15.0
2019-12-27 10:00:00,NSE:ORIENTLTD,96.85,96.85,96.85,96.85,2.0
2019-12-27 12:00:00,NSE:ORIENTLTD,91.4,96.25,91.4,96.25,4.0
2019-12-27 13:00:00,NSE:ORIENTLTD,94.0,94.0,94.0,94.0,1.0
2019-12-27 14:00:00,NSE:ORIENTLTD,93.05,93.05,93.05,93.05,1.0
2019-12-30 10:00:00,NSE:ORIENTLTD,95.95,95.95,95.95,95.95,1.0
2019-12-30 13:00:00,NSE:ORIENTLTD,91.0,93.8,91.0,91.8,1170.0
2019-12-30 14:00:00,NSE:ORIENTLTD,92.7,93.5,92.7,93.5,55.0
2019-12-30 15:00:00,NSE:ORIENTLTD,93.5,94.0,91.8,93.6,121.0
2019-12-31 09:00:00,NSE:ORIENTLTD,95.2,95.2,95.2,95.2,1.0
2019-12-31 11:00:00,NSE:ORIENTLTD,92.05,94.25,92.05,94.25,3.0
2020-01-01 09:00:00,NSE:ORIENTLTD,94.25,94.25,94.25,94.25,1.0
2020-01-01 12:00:00,NSE:ORIENTLTD,94.0,94.0,94.0,94.0,151.0
2020-01-01 15:00:00,NSE:ORIENTLTD,93.0,93.0,93.0,93.0,2.0
2020-01-02 09:00:00,NSE:ORIENTLTD,90.4,90.4,90.4,90.4,200.0
2020-01-02 10:00:00,NSE:ORIENTLTD,95.0,95.0,95.0,95.0,200.0
2020-01-02 11:00:00,NSE:ORIENTLTD,95.0,95.0,94.9,94.9,47.0
2020-01-02 14:00:00,NSE:ORIENTLTD,94.45,94.45,94.45,94.45,16.0
2020-01-02 15:00:00,NSE:ORIENTLTD,93.0,94.85,93.0,94.85,12.0
2020-01-03 09:00:00,NSE:ORIENTLTD,102.0,102.0,97.95,97.95,16.0
2020-01-03 10:00:00,NSE:ORIENTLTD,97.3,97.3,92.3,92.35,19.0
2020-01-03 11:00:00,NSE:ORIENTLTD,92.5,94.0,92.5,94.0,13.0
2020-01-03 12:00:00,NSE:ORIENTLTD,93.95,93.95,93.95,93.95,7.0
2020-01-03 13:00:00,NSE:ORIENTLTD,94.0,94.0,94.0,94.0,200.0
2020-01-03 14:00:00,NSE:ORIENTLTD,95.0,95.0,95.0,95.0,1.0
2020-01-03 15:00:00,NSE:ORIENTLTD,95.0,95.0,95.0,95.0,1.0
2020-01-06 09:00:00,NSE:ORIENTLTD,91.4,91.4,91.4,91.4,3.0
2020-01-06 10:00:00,NSE:ORIENTLTD,99.9,99.9,92.5,92.5,45.0
2020-01-06 11:00:00,NSE:ORIENTLTD,93.05,93.05,93.05,93.05,1.0
2020-01-06 13:00:00,NSE:ORIENTLTD,99.8,99.8,99.8,99.8,100.0
2020-01-06 14:00:00,NSE:ORIENTLTD,93.6,93.6,93.6,93.6,10.0
2020-01-06 15:00:00,NSE:ORIENTLTD,96.15,96.15,96.0,96.0,57.0
2020-01-07 09:00:00,NSE:ORIENTLTD,96.0,96.0,92.95,92.95,316.0
2020-01-07 10:00:00,NSE:ORIENTLTD,93.15,93.15,93.15,93.15,20.0
2020-01-07 15:00:00,NSE:ORIENTLTD,93.15,93.15,93.15,93.15,21.0
2020-01-08 09:00:00,NSE:ORIENTLTD,93.0,98.0,91.7,91.7,143.0
2020-01-08 10:00:00,NSE:ORIENTLTD,95.0,95.0,95.0,95.0,1.0
2020-01-08 14:00:00,NSE:ORIENTLTD,92.9,92.9,92.9,92.9,5.0
2020-01-08 15:00:00,NSE:ORIENTLTD,92.9,92.9,92.9,92.9,1.0
2020-01-09 10:00:00,NSE:ORIENTLTD,99.1,99.1,99.1,99.1,1.0
2020-01-09 12:00:00,NSE:ORIENTLTD,97.8,97.8,97.8,97.8,1.0
2020-01-09 14:00:00,NSE:ORIENTLTD,93.5,93.5,93.5,93.5,2.0
2020-01-10 10:00:00,NSE:ORIENTLTD,91.4,97.4,91.35,97.4,13.0
2020-01-10 11:00:00,NSE:ORIENTLTD,91.65,96.8,91.65,96.8,14.0
2020-01-10 13:00:00,NSE:ORIENTLTD,96.0,96.0,96.0,96.0,99.0
2020-01-10 14:00:00,NSE:ORIENTLTD,96.1,96.1,96.1,96.1,1.0
2020-01-10 15:00:00,NSE:ORIENTLTD,97.4,98.0,97.4,98.0,46.0
2020-01-13 11:00:00,NSE:ORIENTLTD,97.95,98.0,97.95,98.0,14.0
2020-01-13 12:00:00,NSE:ORIENTLTD,97.95,97.95,97.95,97.95,8.0
2020-01-13 15:00:00,NSE:ORIENTLTD,96.0,98.0,96.0,98.0,121.0
2020-01-14 09:00:00,NSE:ORIENTLTD,90.65,98.45,90.65,98.45,4.0
2020-01-14 11:00:00,NSE:ORIENTLTD,95.05,95.05,95.0,95.0,2.0
2020-01-14 15:00:00,NSE:ORIENTLTD,98.35,98.35,95.15,95.15,152.0
2020-01-15 15:00:00,NSE:ORIENTLTD,98.45,98.45,98.4,98.4,6.0
2020-01-16 14:00:00,NSE:ORIENTLTD,95.0,98.4,94.95,98.4,105.0
2020-01-16 15:00:00,NSE:ORIENTLTD,98.4,98.4,98.4,98.4,1.0
2020-01-17 09:00:00,NSE:ORIENTLTD,92.3,112.9,92.3,98.9,649.0
2020-01-17 10:00:00,NSE:ORIENTLTD,98.4,99.95,98.4,99.0,80.0
2020-01-17 11:00:00,NSE:ORIENTLTD,99.25,99.25,99.25,99.25,6.0
2020-01-17 12:00:00,NSE:ORIENTLTD,99.25,99.25,99.25,99.25,11.0
2020-01-17 14:00:00,NSE:ORIENTLTD,99.25,99.25,99.0,99.0,156.0
2020-01-17 15:00:00,NSE:ORIENTLTD,99.25,99.95,99.05,99.25,107.0
2020-01-20 11:00:00,NSE:ORIENTLTD,99.05,99.05,99.05,99.05,1.0
2020-01-20 15:00:00,NSE:ORIENTLTD,99.0,99.0,94.0,94.15,257.0
2020-01-21 09:00:00,NSE:ORIENTLTD,94.1,94.1,94.05,94.05,2.0
2020-01-21 11:00:00,NSE:ORIENTLTD,94.55,94.55,94.55,94.55,1.0
2020-01-21 12:00:00,NSE:ORIENTLTD,96.4,98.05,96.4,98.0,17.0
2020-01-21 13:00:00,NSE:ORIENTLTD,97.7,97.7,97.7,97.7,9.0
2020-01-21 14:00:00,NSE:ORIENTLTD,95.0,96.95,95.0,96.95,39.0
2020-01-21 15:00:00,NSE:ORIENTLTD,96.95,96.95,96.95,96.95,8.0
2020-01-22 11:00:00,NSE:ORIENTLTD,100.9,100.9,100.9,100.9,1.0
2020-01-23 12:00:00,NSE:ORIENTLTD,94.6,94.6,94.6,94.6,1.0
2020-01-23 13:00:00,NSE:ORIENTLTD,94.6,94.65,94.6,94.6,100.0
2020-01-23 14:00:00,NSE:ORIENTLTD,94.75,96.95,94.75,96.0,73.0
2020-01-23 15:00:00,NSE:ORIENTLTD,96.0,99.95,94.6,99.95,173.0
2020-01-24 09:00:00,NSE:ORIENTLTD,94.25,94.25,94.25,94.25,20.0
2020-01-24 10:00:00,NSE:ORIENTLTD,99.95,99.95,95.1,95.1,200.0
2020-01-24 14:00:00,NSE:ORIENTLTD,98.0,98.0,98.0,98.0,51.0
2020-01-24 15:00:00,NSE:ORIENTLTD,97.9,97.9,97.9,97.9,1.0
2020-01-27 09:00:00,NSE:ORIENTLTD,104.9,104.9,97.95,98.05,163.0
2020-01-27 10:00:00,NSE:ORIENTLTD,98.0,98.0,98.0,98.0,49.0
2020-01-27 11:00:00,NSE:ORIENTLTD,97.9,97.9,97.0,97.0,21.0
2020-01-27 12:00:00,NSE:ORIENTLTD,97.05,97.05,97.05,97.05,1.0
2020-01-27 14:00:00,NSE:ORIENTLTD,97.0,98.0,97.0,98.0,18.0
2020-01-27 15:00:00,NSE:ORIENTLTD,98.0,98.0,98.0,98.0,1.0
2020-01-28 14:00:00,NSE:ORIENTLTD,97.9,98.0,91.3,95.0,148.0
2020-01-28 15:00:00,NSE:ORIENTLTD,95.0,98.0,95.0,95.1,61.0
2020-01-29 10:00:00,NSE:ORIENTLTD,93.95,93.95,93.9,93.9,51.0
2020-01-29 11:00:00,NSE:ORIENTLTD,96.55,97.7,96.55,97.7,41.0
2020-01-29 14:00:00,NSE:ORIENTLTD,93.05,93.05,93.05,93.05,30.0
2020-01-29 15:00:00,NSE:ORIENTLTD,94.0,94.0,93.05,93.05,20.0
2020-01-30 09:00:00,NSE:ORIENTLTD,93.1,93.1,93.1,93.1,2.0
2020-01-30 11:00:00,NSE:ORIENTLTD,94.5,94.5,94.5,94.5,1.0
2020-01-30 12:00:00,NSE:ORIENTLTD,93.15,93.15,93.15,93.15,1.0
2020-01-30 15:00:00,NSE:ORIENTLTD,93.0,93.0,93.0,93.0,2.0
2020-01-31 15:00:00,NSE:ORIENTLTD,94.1,94.45,94.1,94.45,2.0
2020-02-01 09:00:00,NSE:ORIENTLTD,92.7,92.7,91.0,91.0,501.0
2020-02-01 14:00:00,NSE:ORIENTLTD,91.0,91.0,91.0,91.0,33.0
2020-02-01 15:00:00,NSE:ORIENTLTD,90.0,91.0,90.0,90.5,106.0
2020-02-03 09:00:00,NSE:ORIENTLTD,90.45,90.45,84.05,88.0,53.0
2020-02-03 10:00:00,NSE:ORIENTLTD,88.0,90.45,85.95,90.45,59.0
2020-02-03 11:00:00,NSE:ORIENTLTD,90.4,90.4,90.4,90.4,100.0
2020-02-03 12:00:00,NSE:ORIENTLTD,88.0,88.0,88.0,88.0,50.0
2020-02-03 14:00:00,NSE:ORIENTLTD,90.0,90.0,90.0,90.0,101.0
2020-02-03 15:00:00,NSE:ORIENTLTD,89.0,92.8,89.0,91.75,10.0
2020-02-04 09:00:00,NSE:ORIENTLTD,88.75,88.8,88.75,88.8,2.0
2020-02-04 10:00:00,NSE:ORIENTLTD,84.6,84.75,84.6,84.75,71.0
2020-02-04 12:00:00,NSE:ORIENTLTD,92.65,92.65,92.65,92.65,2.0
2020-02-04 13:00:00,NSE:ORIENTLTD,92.6,92.6,92.6,92.6,1.0
2020-02-04 14:00:00,NSE:ORIENTLTD,92.5,92.5,92.5,92.5,1.0
2020-02-04 15:00:00,NSE:ORIENTLTD,92.5,92.5,90.5,90.5,152.0
2020-02-05 10:00:00,NSE:ORIENTLTD,87.0,87.05,87.0,87.05,119.0
2020-02-05 11:00:00,NSE:ORIENTLTD,87.05,88.5,87.05,88.5,7.0
2020-02-05 12:00:00,NSE:ORIENTLTD,87.1,87.1,87.1,87.1,1.0
2020-02-05 13:00:00,NSE:ORIENTLTD,89.8,89.8,89.8,89.8,20.0
2020-02-05 15:00:00,NSE:ORIENTLTD,87.15,87.15,87.0,87.0,51.0
2020-02-07 09:00:00,NSE:ORIENTLTD,84.15,84.15,84.15,84.15,5.0
2020-02-07 10:00:00,NSE:ORIENTLTD,84.35,84.35,84.35,84.35,11.0
2020-02-07 11:00:00,NSE:ORIENTLTD,84.95,86.05,84.95,86.05,14.0
2020-02-07 12:00:00,NSE:ORIENTLTD,85.0,89.95,84.95,88.65,47.0
2020-02-07 13:00:00,NSE:ORIENTLTD,88.65,89.0,88.65,89.0,101.0
2020-02-07 14:00:00,NSE:ORIENTLTD,89.0,89.0,89.0,89.0,5.0
2020-02-10 10:00:00,NSE:ORIENTLTD,90.95,92.75,90.95,92.75,4.0
2020-02-10 11:00:00,NSE:ORIENTLTD,90.05,90.05,90.05,90.05,133.0
2020-02-11 09:00:00,NSE:ORIENTLTD,83.0,91.9,83.0,87.85,157.0
2020-02-11 10:00:00,NSE:ORIENTLTD,87.9,87.9,87.75,87.8,14.0
2020-02-11 11:00:00,NSE:ORIENTLTD,86.0,88.0,86.0,88.0,18.0
2020-02-11 12:00:00,NSE:ORIENTLTD,87.1,87.1,87.1,87.1,9.0
2020-02-11 13:00:00,NSE:ORIENTLTD,87.1,92.0,87.1,92.0,59.0
2020-02-11 14:00:00,NSE:ORIENTLTD,92.0,92.0,92.0,92.0,63.0
2020-02-11 15:00:00,NSE:ORIENTLTD,85.7,92.0,85.7,92.0,26.0
2020-02-12 12:00:00,NSE:ORIENTLTD,89.0,89.0,89.0,89.0,21.0
2020-02-12 13:00:00,NSE:ORIENTLTD,84.1,84.1,84.1,84.1,34.0
2020-02-12 14:00:00,NSE:ORIENTLTD,88.95,88.95,88.95,88.95,1.0
2020-02-12 15:00:00,NSE:ORIENTLTD,88.9,88.9,88.9,88.9,1.0
2020-02-13 09:00:00,NSE:ORIENTLTD,89.6,94.45,88.95,94.25,109.0
2020-02-13 11:00:00,NSE:ORIENTLTD,85.5,85.5,85.5,85.5,1.0
2020-02-13 12:00:00,NSE:ORIENTLTD,85.7,85.7,85.7,85.7,25.0
2020-02-13 15:00:00,NSE:ORIENTLTD,86.2,86.2,86.15,86.15,33.0
2020-02-14 09:00:00,NSE:ORIENTLTD,86.15,86.15,85.0,85.0,24.0
2020-02-14 12:00:00,NSE:ORIENTLTD,85.05,85.05,85.05,85.05,3.0
2020-02-14 13:00:00,NSE:ORIENTLTD,85.1,85.1,85.1,85.1,4.0
2020-02-14 15:00:00,NSE:ORIENTLTD,85.1,85.1,85.1,85.1,2.0
2020-02-17 09:00:00,NSE:ORIENTLTD,85.1,85.1,85.05,85.1,26.0
2020-02-17 14:00:00,NSE:ORIENTLTD,91.4,91.4,91.4,91.4,1.0
2020-02-17 15:00:00,NSE:ORIENTLTD,93.55,93.55,93.55,93.55,1.0
2020-02-18 09:00:00,NSE:ORIENTLTD,92.0,93.7,92.0,93.7,100.0
2020-02-18 14:00:00,NSE:ORIENTLTD,84.65,87.45,84.65,87.45,101.0
2020-02-18 15:00:00,NSE:ORIENTLTD,87.4,87.4,85.85,86.0,8.0
2020-02-19 09:00:00,NSE:ORIENTLTD,90.0,91.0,90.0,91.0,38.0
2020-02-19 10:00:00,NSE:ORIENTLTD,91.95,91.95,91.95,91.95,10.0
2020-02-19 11:00:00,NSE:ORIENTLTD,86.35,86.35,86.35,86.35,10.0
2020-02-19 12:00:00,NSE:ORIENTLTD,90.9,90.9,90.9,90.9,100.0
2020-02-19 13:00:00,NSE:ORIENTLTD,90.85,90.85,90.85,90.85,1.0
2020-02-19 14:00:00,NSE:ORIENTLTD,90.9,90.9,90.4,90.4,64.0
2020-02-19 15:00:00,NSE:ORIENTLTD,91.0,91.0,91.0,91.0,21.0
2020-02-20 10:00:00,NSE:ORIENTLTD,90.6,90.9,80.05,90.0,6304.0
2020-02-20 11:00:00,NSE:ORIENTLTD,90.85,90.85,90.85,90.85,7.0
2020-02-20 12:00:00,NSE:ORIENTLTD,90.75,90.75,90.75,90.75,1.0
2020-02-20 13:00:00,NSE:ORIENTLTD,88.05,88.05,87.0,87.0,12.0
2020-02-20 15:00:00,NSE:ORIENTLTD,86.15,93.5,86.15,93.5,345.0
2020-02-24 09:00:00,NSE:ORIENTLTD,93.5,93.5,93.5,93.5,10.0
2020-02-24 11:00:00,NSE:ORIENTLTD,93.5,93.5,88.25,88.25,8.0
2020-02-24 12:00:00,NSE:ORIENTLTD,92.35,92.6,86.6,86.6,23.0
2020-02-24 13:00:00,NSE:ORIENTLTD,93.5,96.0,93.5,93.55,226.0
2020-02-24 14:00:00,NSE:ORIENTLTD,95.05,95.05,93.95,95.05,8.0
2020-02-24 15:00:00,NSE:ORIENTLTD,95.05,95.05,95.05,95.05,10.0
2020-02-25 09:00:00,NSE:ORIENTLTD,95.5,95.5,90.0,90.0,54.0
2020-02-25 15:00:00,NSE:ORIENTLTD,92.5,92.5,92.5,92.5,1.0
2020-02-26 10:00:00,NSE:ORIENTLTD,95.05,95.05,92.55,92.55,1151.0
2020-02-26 11:00:00,NSE:ORIENTLTD,92.2,92.2,92.2,92.2,1.0
2020-02-26 12:00:00,NSE:ORIENTLTD,95.1,95.15,95.1,95.1,171.0
2020-02-26 13:00:00,NSE:ORIENTLTD,98.75,111.0,98.75,111.0,958.0
2020-02-26 14:00:00,NSE:ORIENTLTD,111.0,111.0,111.0,111.0,1372.0
2020-02-26 15:00:00,NSE:ORIENTLTD,111.0,111.0,111.0,111.0,404.0
2020-02-27 09:00:00,NSE:ORIENTLTD,133.2,133.2,118.5,130.0,37110.0
2020-02-27 10:00:00,NSE:ORIENTLTD,130.0,133.2,128.75,133.2,14947.0
2020-02-27 11:00:00,NSE:ORIENTLTD,133.2,133.2,133.2,133.2,1230.0
2020-02-27 12:00:00,NSE:ORIENTLTD,133.2,133.2,133.2,133.2,105.0
2020-02-27 13:00:00,NSE:ORIENTLTD,133.2,133.2,133.2,133.2,517.0
2020-02-27 14:00:00,NSE:ORIENTLTD,133.2,133.2,133.2,133.2,30.0
2020-02-27 15:00:00,NSE:ORIENTLTD,133.2,133.2,133.2,133.2,18.0
2020-02-28 09:00:00,NSE:ORIENTLTD,131.5,131.5,119.9,119.9,9660.0
2020-02-28 10:00:00,NSE:ORIENTLTD,119.9,119.9,119.9,119.9,50.0
2020-02-28 11:00:00,NSE:ORIENTLTD,119.9,119.9,119.9,119.9,312.0
2020-02-28 12:00:00,NSE:ORIENTLTD,119.9,119.9,119.9,119.9,38.0
2020-02-28 13:00:00,NSE:ORIENTLTD,119.9,119.9,119.9,119.9,173.0
2020-02-28 14:00:00,NSE:ORIENTLTD,119.9,119.9,119.9,119.9,95.0
2020-02-28 15:00:00,NSE:ORIENTLTD,119.9,119.9,119.9,119.9,11.0
2020-03-02 09:00:00,NSE:ORIENTLTD,119.5,119.5,107.95,107.95,2699.0
2020-03-02 10:00:00,NSE:ORIENTLTD,107.95,107.95,107.95,107.95,127.0
2020-03-02 11:00:00,NSE:ORIENTLTD,107.95,107.95,107.95,107.95,125.0
2020-03-02 12:00:00,NSE:ORIENTLTD,107.95,107.95,107.95,107.95,9.0
2020-03-02 13:00:00,NSE:ORIENTLTD,107.95,107.95,107.95,107.95,160.0
2020-03-02 14:00:00,NSE:ORIENTLTD,107.95,107.95,107.95,107.95,972.0
2020-03-02 15:00:00,NSE:ORIENTLTD,107.95,107.95,107.95,107.95,3.0
2020-03-03 09:00:00,NSE:ORIENTLTD,103.05,106.7,97.5,101.15,5825.0
2020-03-03 10:00:00,NSE:ORIENTLTD,101.15,102.0,97.2,100.0,779.0
2020-03-03 11:00:00,NSE:ORIENTLTD,99.95,99.95,99.0,99.9,39.0
2020-03-03 12:00:00,NSE:ORIENTLTD,99.0,99.75,97.2,99.75,597.0
2020-03-03 13:00:00,NSE:ORIENTLTD,97.25,98.95,97.25,98.0,33.0
2020-03-03 14:00:00,NSE:ORIENTLTD,98.95,99.0,97.2,97.3,385.0
2020-03-03 15:00:00,NSE:ORIENTLTD,97.2,99.0,97.2,97.55,678.0
2020-03-04 09:00:00,NSE:ORIENTLTD,97.55,102.4,93.65,99.5,1285.0
2020-03-04 10:00:00,NSE:ORIENTLTD,94.2,98.45,93.1,93.1,520.0
2020-03-04 11:00:00,NSE:ORIENTLTD,93.1,93.1,92.7,92.7,279.0
2020-03-04 12:00:00,NSE:ORIENTLTD,92.7,95.0,92.7,95.0,271.0
2020-03-04 13:00:00,NSE:ORIENTLTD,92.75,92.8,92.75,92.8,10.0
2020-03-04 14:00:00,NSE:ORIENTLTD,94.75,95.0,92.8,94.5,500.0
2020-03-04 15:00:00,NSE:ORIENTLTD,95.0,95.55,95.0,95.55,716.0
2020-03-05 09:00:00,NSE:ORIENTLTD,94.0,98.95,94.0,95.0,783.0
2020-03-05 10:00:00,NSE:ORIENTLTD,94.6,94.95,94.4,94.4,79.0
2020-03-05 11:00:00,NSE:ORIENTLTD,94.6,94.6,94.5,94.5,213.0
2020-03-05 13:00:00,NSE:ORIENTLTD,94.05,94.05,94.05,94.05,200.0
2020-03-05 14:00:00,NSE:ORIENTLTD,95.35,99.9,94.05,94.6,330.0
2020-03-05 15:00:00,NSE:ORIENTLTD,96.8,96.8,95.0,95.0,517.0
2020-03-06 09:00:00,NSE:ORIENTLTD,94.0,94.0,90.25,90.25,258.0
2020-03-06 10:00:00,NSE:ORIENTLTD,93.0,93.3,90.35,93.3,7.0
2020-03-06 12:00:00,NSE:ORIENTLTD,93.2,93.2,90.45,90.45,515.0
2020-03-06 14:00:00,NSE:ORIENTLTD,90.45,93.2,90.45,93.2,308.0
2020-03-06 15:00:00,NSE:ORIENTLTD,90.6,90.6,90.6,90.6,54.0
2020-03-09 09:00:00,NSE:ORIENTLTD,86.3,87.15,86.1,86.1,407.0
2020-03-09 10:00:00,NSE:ORIENTLTD,86.9,86.95,86.9,86.95,187.0
2020-03-09 11:00:00,NSE:ORIENTLTD,86.2,86.2,86.1,86.1,10.0
2020-03-09 13:00:00,NSE:ORIENTLTD,86.9,86.9,86.9,86.9,41.0
2020-03-09 14:00:00,NSE:ORIENTLTD,86.9,86.95,86.9,86.95,13.0
2020-03-11 09:00:00,NSE:ORIENTLTD,82.65,84.65,82.65,82.65,269.0
2020-03-11 10:00:00,NSE:ORIENTLTD,82.65,82.65,82.65,82.65,148.0
2020-03-11 12:00:00,NSE:ORIENTLTD,82.65,82.65,82.65,82.65,2.0
2020-03-11 13:00:00,NSE:ORIENTLTD,82.65,85.0,82.65,82.65,1346.0
2020-03-11 14:00:00,NSE:ORIENTLTD,82.7,86.45,82.65,82.65,46.0
2020-03-11 15:00:00,NSE:ORIENTLTD,82.65,82.65,82.65,82.65,14.0
2020-03-12 10:00:00,NSE:ORIENTLTD,78.6,78.65,78.6,78.65,71.0
2020-03-12 12:00:00,NSE:ORIENTLTD,78.65,78.65,78.65,78.65,50.0
2020-03-12 13:00:00,NSE:ORIENTLTD,78.65,78.65,78.65,78.65,300.0
2020-03-12 14:00:00,NSE:ORIENTLTD,78.65,78.65,78.65,78.65,1.0
2020-03-13 11:00:00,NSE:ORIENTLTD,77.1,77.1,77.0,77.0,11.0
2020-03-13 12:00:00,NSE:ORIENTLTD,77.0,77.0,77.0,77.0,10.0
2020-03-13 13:00:00,NSE:ORIENTLTD,77.0,82.55,74.9,75.35,1505.0
2020-03-13 14:00:00,NSE:ORIENTLTD,76.0,76.0,76.0,76.0,62.0
2020-03-13 15:00:00,NSE:ORIENTLTD,81.65,81.95,77.0,81.95,107.0
2020-03-16 09:00:00,NSE:ORIENTLTD,79.0,79.0,79.0,79.0,65.0
2020-03-16 10:00:00,NSE:ORIENTLTD,78.1,78.1,78.1,78.1,114.0
2020-03-16 11:00:00,NSE:ORIENTLTD,78.3,78.3,78.0,78.0,251.0
2020-03-16 12:00:00,NSE:ORIENTLTD,78.0,78.1,78.0,78.1,616.0
2020-03-16 13:00:00,NSE:ORIENTLTD,84.0,84.0,78.0,78.0,2.0
2020-03-16 14:00:00,NSE:ORIENTLTD,78.0,78.0,77.7,77.7,102.0
2020-03-16 15:00:00,NSE:ORIENTLTD,80.85,80.85,80.85,80.85,2.0
2020-03-17 09:00:00,NSE:ORIENTLTD,84.8,84.8,76.85,76.85,179.0
2020-03-17 10:00:00,NSE:ORIENTLTD,76.85,76.85,76.85,76.85,70.0
2020-03-17 11:00:00,NSE:ORIENTLTD,79.95,79.95,76.85,76.85,123.0
2020-03-17 12:00:00,NSE:ORIENTLTD,79.8,79.8,79.8,79.8,5.0
2020-03-17 13:00:00,NSE:ORIENTLTD,76.85,77.0,76.85,77.0,52.0
2020-03-17 14:00:00,NSE:ORIENTLTD,77.0,77.0,76.85,76.85,48.0
2020-03-17 15:00:00,NSE:ORIENTLTD,79.8,79.8,79.8,79.8,65.0
2020-03-18 09:00:00,NSE:ORIENTLTD,75.0,75.0,75.0,75.0,50.0
2020-03-18 11:00:00,NSE:ORIENTLTD,74.9,74.9,74.0,74.0,5.0
2020-03-18 12:00:00,NSE:ORIENTLTD,74.0,74.0,73.1,73.1,35.0
2020-03-18 13:00:00,NSE:ORIENTLTD,73.1,73.1,73.1,73.1,17.0
2020-03-18 14:00:00,NSE:ORIENTLTD,73.1,74.9,73.1,74.9,164.0
2020-03-19 10:00:00,NSE:ORIENTLTD,71.2,71.2,71.2,71.2,42.0
2020-03-19 14:00:00,NSE:ORIENTLTD,71.2,75.0,71.2,75.0,238.0
2020-03-20 09:00:00,NSE:ORIENTLTD,75.0,75.0,75.0,75.0,1.0
2020-03-20 10:00:00,NSE:ORIENTLTD,71.3,71.3,71.25,71.25,27.0
2020-03-20 13:00:00,NSE:ORIENTLTD,74.95,78.7,74.95,78.7,808.0
2020-03-20 14:00:00,NSE:ORIENTLTD,78.7,78.7,78.6,78.6,70.0
2020-03-23 09:00:00,NSE:ORIENTLTD,75.0,75.0,75.0,75.0,100.0
2020-03-23 10:00:00,NSE:ORIENTLTD,75.0,75.0,75.0,75.0,0.0
2020-03-23 11:00:00,NSE:ORIENTLTD,74.95,74.95,74.95,74.95,6.0
2020-03-23 12:00:00,NSE:ORIENTLTD,75.0,75.0,75.0,75.0,5.0
2020-03-23 13:00:00,NSE:ORIENTLTD,75.0,75.0,75.0,75.0,9.0
2020-03-23 14:00:00,NSE:ORIENTLTD,78.0,78.0,78.0,78.0,20.0
2020-03-23 15:00:00,NSE:ORIENTLTD,75.0,78.0,75.0,78.0,13.0
2020-03-24 09:00:00,NSE:ORIENTLTD,78.0,78.0,78.0,78.0,1.0
2020-03-24 10:00:00,NSE:ORIENTLTD,75.0,75.0,75.0,75.0,69.0
2020-03-24 12:00:00,NSE:ORIENTLTD,75.0,75.0,73.5,73.5,431.0
2020-03-24 13:00:00,NSE:ORIENTLTD,73.5,73.5,73.5,73.5,100.0
2020-03-25 13:00:00,NSE:ORIENTLTD,72.0,72.0,72.0,72.0,100.0
2020-03-25 14:00:00,NSE:ORIENTLTD,71.0,71.0,71.0,71.0,21.0
2020-03-25 15:00:00,NSE:ORIENTLTD,72.0,72.0,72.0,72.0,89.0
2020-03-26 11:00:00,NSE:ORIENTLTD,72.0,72.0,71.0,71.0,35.0
2020-03-26 12:00:00,NSE:ORIENTLTD,70.6,70.6,70.6,70.6,25.0
2020-03-26 13:00:00,NSE:ORIENTLTD,68.4,68.4,68.4,68.4,25.0
2020-03-26 14:00:00,NSE:ORIENTLTD,68.4,68.4,68.4,68.4,1.0
2020-03-26 15:00:00,NSE:ORIENTLTD,68.4,70.6,68.4,70.6,120.0
2020-03-27 09:00:00,NSE:ORIENTLTD,65.85,72.75,65.85,72.75,95.0
2020-03-27 10:00:00,NSE:ORIENTLTD,66.25,72.75,66.25,67.0,37.0
2020-03-27 11:00:00,NSE:ORIENTLTD,67.5,67.5,67.5,67.5,12.0
2020-03-27 12:00:00,NSE:ORIENTLTD,67.5,67.5,67.5,67.5,3.0
2020-03-27 13:00:00,NSE:ORIENTLTD,67.5,67.5,67.5,67.5,52.0
2020-03-27 14:00:00,NSE:ORIENTLTD,67.4,72.75,66.3,72.75,99.0
2020-03-27 15:00:00,NSE:ORIENTLTD,66.3,72.7,66.3,72.7,5.0
2020-03-30 09:00:00,NSE:ORIENTLTD,64.25,64.25,64.25,64.25,80.0
2020-03-30 10:00:00,NSE:ORIENTLTD,64.25,64.5,64.25,64.5,140.0
2020-03-30 11:00:00,NSE:ORIENTLTD,70.95,70.95,64.5,64.5,2.0
2020-03-30 13:00:00,NSE:ORIENTLTD,69.5,69.5,69.5,69.5,6.0
2020-03-30 15:00:00,NSE:ORIENTLTD,69.45,69.45,64.25,64.25,89.0
2020-03-31 10:00:00,NSE:ORIENTLTD,64.25,64.25,64.25,64.25,30.0
2020-03-31 11:00:00,NSE:ORIENTLTD,61.55,61.55,61.55,61.55,9.0
2020-03-31 12:00:00,NSE:ORIENTLTD,61.55,61.55,61.55,61.55,70.0
2020-03-31 14:00:00,NSE:ORIENTLTD,65.4,65.4,62.0,65.0,33.0
2020-03-31 15:00:00,NSE:ORIENTLTD,61.7,61.7,61.7,61.7,6.0
2020-04-01 11:00:00,NSE:ORIENTLTD,64.5,64.5,64.5,64.5,65.0
2020-04-01 15:00:00,NSE:ORIENTLTD,64.75,64.75,64.75,64.75,5.0
2020-04-03 09:00:00,NSE:ORIENTLTD,67.6,67.6,67.6,67.6,25.0
2020-04-03 10:00:00,NSE:ORIENTLTD,67.6,67.6,67.6,67.6,5.0
2020-04-03 14:00:00,NSE:ORIENTLTD,67.6,67.6,67.6,67.6,1.0
2020-04-07 10:00:00,NSE:ORIENTLTD,70.4,70.4,64.3,70.0,85.0
2020-04-07 11:00:00,NSE:ORIENTLTD,70.0,70.0,70.0,70.0,25.0
2020-04-07 12:00:00,NSE:ORIENTLTD,70.0,70.0,70.0,70.0,14.0
2020-04-07 14:00:00,NSE:ORIENTLTD,70.4,70.4,70.4,70.4,12.0
2020-04-07 15:00:00,NSE:ORIENTLTD,70.0,70.0,70.0,70.0,10.0
2020-04-08 09:00:00,NSE:ORIENTLTD,73.0,73.4,73.0,73.4,25.0
2020-04-08 10:00:00,NSE:ORIENTLTD,73.0,73.0,73.0,73.0,1.0
2020-04-08 11:00:00,NSE:ORIENTLTD,66.5,72.5,66.5,66.55,55.0
2020-04-08 12:00:00,NSE:ORIENTLTD,72.35,72.35,66.55,66.55,41.0
2020-04-08 13:00:00,NSE:ORIENTLTD,66.6,73.35,66.6,67.1,34.0
2020-04-08 14:00:00,NSE:ORIENTLTD,73.5,73.5,73.5,73.5,10.0
2020-04-08 15:00:00,NSE:ORIENTLTD,73.0,73.0,67.15,67.15,81.0
2020-04-09 10:00:00,NSE:ORIENTLTD,70.0,70.0,70.0,70.0,117.0
2020-04-09 11:00:00,NSE:ORIENTLTD,67.65,70.0,67.65,70.0,11.0
2020-04-09 14:00:00,NSE:ORIENTLTD,70.0,70.0,70.0,70.0,1.0
2020-04-09 15:00:00,NSE:ORIENTLTD,70.0,70.0,70.0,70.0,110.0
2020-04-13 09:00:00,NSE:ORIENTLTD,67.85,67.85,67.85,67.85,2.0
2020-04-13 11:00:00,NSE:ORIENTLTD,73.0,73.0,71.1,71.1,7.0
2020-04-13 15:00:00,NSE:ORIENTLTD,72.0,72.0,72.0,72.0,11.0
2020-04-15 10:00:00,NSE:ORIENTLTD,72.0,74.3,72.0,74.3,35.0
2020-04-15 11:00:00,NSE:ORIENTLTD,74.3,74.3,74.3,74.3,270.0
2020-04-15 12:00:00,NSE:ORIENTLTD,75.6,75.6,69.05,69.05,101.0
2020-04-15 13:00:00,NSE:ORIENTLTD,69.05,72.0,69.05,72.0,32.0
2020-04-15 15:00:00,NSE:ORIENTLTD,70.0,70.0,68.4,68.4,153.0
2020-04-16 10:00:00,NSE:ORIENTLTD,72.0,72.0,68.0,68.0,2.0
2020-04-16 11:00:00,NSE:ORIENTLTD,72.0,72.0,72.0,72.0,1.0
2020-04-16 12:00:00,NSE:ORIENTLTD,72.0,72.0,72.0,72.0,2.0
2020-04-17 09:00:00,NSE:ORIENTLTD,68.4,73.0,68.4,73.0,125.0
2020-04-17 10:00:00,NSE:ORIENTLTD,72.95,72.95,70.0,70.0,7.0
2020-04-17 12:00:00,NSE:ORIENTLTD,69.5,69.5,69.5,69.5,1002.0
2020-04-17 13:00:00,NSE:ORIENTLTD,72.9,72.9,72.9,72.9,1002.0
2020-04-17 14:00:00,NSE:ORIENTLTD,70.45,71.0,70.45,71.0,3.0
2020-04-17 15:00:00,NSE:ORIENTLTD,71.0,72.85,69.2,72.85,73.0
2020-04-20 10:00:00,NSE:ORIENTLTD,68.2,75.25,68.15,75.25,295.0
2020-04-20 11:00:00,NSE:ORIENTLTD,75.25,75.25,75.25,75.25,56.0
2020-04-20 12:00:00,NSE:ORIENTLTD,75.2,75.2,70.3,75.15,4.0
2020-04-21 10:00:00,NSE:ORIENTLTD,71.5,76.0,71.5,76.0,41.0
2020-04-21 12:00:00,NSE:ORIENTLTD,71.6,71.6,71.6,71.6,5.0
2020-04-21 13:00:00,NSE:ORIENTLTD,78.0,78.0,71.55,72.0,606.0
2020-04-21 15:00:00,NSE:ORIENTLTD,73.25,73.25,72.0,72.0,33.0
2020-04-22 12:00:00,NSE:ORIENTLTD,69.05,69.05,69.05,69.05,30.0
2020-04-22 13:00:00,NSE:ORIENTLTD,74.9,74.9,74.9,74.9,25.0
2020-04-22 14:00:00,NSE:ORIENTLTD,69.7,69.7,69.7,69.7,5.0
2020-04-22 15:00:00,NSE:ORIENTLTD,69.9,69.9,69.9,69.9,5.0
2020-04-23 09:00:00,NSE:ORIENTLTD,73.35,73.35,73.35,73.35,10.0
2020-04-23 10:00:00,NSE:ORIENTLTD,73.35,73.35,73.35,73.35,2.0
2020-04-23 11:00:00,NSE:ORIENTLTD,73.35,73.35,73.35,73.35,7.0
2020-04-23 13:00:00,NSE:ORIENTLTD,73.35,73.35,73.35,73.35,7.0
2020-04-23 15:00:00,NSE:ORIENTLTD,73.35,73.35,73.35,73.35,19.0
2020-04-24 09:00:00,NSE:ORIENTLTD,76.7,76.7,75.95,75.95,23.0
2020-04-24 10:00:00,NSE:ORIENTLTD,75.95,75.95,70.15,70.15,12.0
2020-04-24 12:00:00,NSE:ORIENTLTD,76.7,76.7,70.2,70.2,149.0
2020-04-24 13:00:00,NSE:ORIENTLTD,70.2,70.2,70.0,70.0,83.0
2020-04-24 14:00:00,NSE:ORIENTLTD,70.25,70.25,69.7,69.7,40.0
2020-04-24 15:00:00,NSE:ORIENTLTD,69.7,69.7,69.7,69.7,11.0
2020-04-27 10:00:00,NSE:ORIENTLTD,73.0,73.0,70.0,70.0,26.0
2020-04-27 12:00:00,NSE:ORIENTLTD,73.0,73.0,70.55,70.55,2.0
2020-04-27 14:00:00,NSE:ORIENTLTD,70.55,70.55,70.55,70.55,1.0
2020-04-27 15:00:00,NSE:ORIENTLTD,70.55,70.55,69.0,69.0,210.0
2020-04-28 09:00:00,NSE:ORIENTLTD,69.0,72.45,69.0,72.4,178.0
2020-04-28 13:00:00,NSE:ORIENTLTD,72.1,72.1,72.1,72.1,1.0
2020-04-28 14:00:00,NSE:ORIENTLTD,72.1,72.1,72.1,72.1,3.0
2020-04-28 15:00:00,NSE:ORIENTLTD,69.0,71.85,67.55,69.1,59.0
2020-04-29 09:00:00,NSE:ORIENTLTD,72.5,72.5,66.15,72.5,19.0
2020-04-29 12:00:00,NSE:ORIENTLTD,72.35,72.35,72.35,72.35,1.0
2020-04-29 13:00:00,NSE:ORIENTLTD,69.0,72.45,69.0,72.45,220.0
2020-04-29 15:00:00,NSE:ORIENTLTD,69.15,72.25,69.15,72.25,52.0
2020-04-30 09:00:00,NSE:ORIENTLTD,72.25,72.25,72.25,72.25,51.0
2020-04-30 10:00:00,NSE:ORIENTLTD,72.25,72.25,72.25,72.25,1.0
2020-04-30 11:00:00,NSE:ORIENTLTD,72.25,72.25,72.25,72.25,50.0
2020-04-30 12:00:00,NSE:ORIENTLTD,72.25,72.25,72.25,72.25,130.0
2020-04-30 13:00:00,NSE:ORIENTLTD,72.25,72.25,72.25,72.25,47.0
2020-05-04 12:00:00,NSE:ORIENTLTD,68.8,68.8,68.8,68.8,15.0
2020-05-04 14:00:00,NSE:ORIENTLTD,68.85,68.85,68.85,68.85,100.0
2020-05-05 11:00:00,NSE:ORIENTLTD,68.9,68.9,68.9,68.9,100.0
2020-05-05 13:00:00,NSE:ORIENTLTD,68.55,68.9,68.55,68.9,80.0
2020-05-05 15:00:00,NSE:ORIENTLTD,68.9,68.9,68.9,68.9,7.0
2020-05-06 13:00:00,NSE:ORIENTLTD,68.9,68.9,68.9,68.9,1.0
2020-05-06 14:00:00,NSE:ORIENTLTD,68.9,68.9,65.5,65.5,20.0
2020-05-07 10:00:00,NSE:ORIENTLTD,62.4,62.4,62.4,62.4,4.0
2020-05-07 11:00:00,NSE:ORIENTLTD,68.7,68.7,68.7,68.7,1.0
2020-05-07 13:00:00,NSE:ORIENTLTD,68.7,68.7,68.7,68.7,2.0
2020-05-07 14:00:00,NSE:ORIENTLTD,64.05,68.7,64.05,67.0,45.0
2020-05-08 10:00:00,NSE:ORIENTLTD,65.0,65.0,65.0,65.0,25.0
2020-05-08 11:00:00,NSE:ORIENTLTD,70.2,70.35,70.2,70.35,5.0
2020-05-08 13:00:00,NSE:ORIENTLTD,65.7,65.7,65.7,65.7,1.0
2020-05-08 14:00:00,NSE:ORIENTLTD,70.25,70.25,70.25,70.25,10.0
2020-05-08 15:00:00,NSE:ORIENTLTD,67.0,67.0,63.7,63.7,12.0
2020-05-11 11:00:00,NSE:ORIENTLTD,64.3,64.3,63.7,63.7,13.0
2020-05-11 12:00:00,NSE:ORIENTLTD,63.7,63.7,63.65,63.7,64.0
2020-05-11 14:00:00,NSE:ORIENTLTD,63.7,63.7,63.7,63.7,48.0
2020-05-11 15:00:00,NSE:ORIENTLTD,63.7,63.7,63.7,63.7,2.0
2020-05-12 09:00:00,NSE:ORIENTLTD,61.2,61.2,61.2,61.2,12.0
2020-05-12 10:00:00,NSE:ORIENTLTD,65.4,65.4,61.2,61.2,3.0
2020-05-12 12:00:00,NSE:ORIENTLTD,66.4,66.4,62.0,62.0,55.0
2020-05-12 13:00:00,NSE:ORIENTLTD,66.85,66.85,66.85,66.85,55.0
2020-05-12 14:00:00,NSE:ORIENTLTD,66.75,66.75,66.75,66.75,1.0
2020-05-12 15:00:00,NSE:ORIENTLTD,66.75,66.8,66.75,66.8,9.0
2020-05-13 12:00:00,NSE:ORIENTLTD,63.75,63.75,63.75,63.75,8.0
2020-05-13 14:00:00,NSE:ORIENTLTD,66.8,66.8,63.85,64.1,176.0
2020-05-13 15:00:00,NSE:ORIENTLTD,70.0,70.0,70.0,70.0,100.0
2020-05-14 09:00:00,NSE:ORIENTLTD,66.6,69.95,66.55,69.65,115.0
2020-05-14 10:00:00,NSE:ORIENTLTD,66.7,66.7,66.7,66.7,50.0
2020-05-14 11:00:00,NSE:ORIENTLTD,66.7,68.0,66.7,66.7,360.0
2020-05-14 12:00:00,NSE:ORIENTLTD,72.75,72.75,72.75,72.75,4.0
2020-05-14 13:00:00,NSE:ORIENTLTD,66.75,66.75,66.75,66.75,50.0
2020-05-14 15:00:00,NSE:ORIENTLTD,72.3,72.3,72.3,72.3,1.0
2020-05-15 09:00:00,NSE:ORIENTLTD,69.0,69.05,69.0,69.05,14.0
2020-05-15 10:00:00,NSE:ORIENTLTD,69.05,69.05,69.05,69.05,30.0
2020-05-15 11:00:00,NSE:ORIENTLTD,74.2,74.2,69.05,69.05,15.0
2020-05-15 13:00:00,NSE:ORIENTLTD,69.1,73.25,69.1,73.25,11.0
2020-05-15 14:00:00,NSE:ORIENTLTD,69.1,72.0,68.7,72.0,47.0
2020-05-15 15:00:00,NSE:ORIENTLTD,69.1,72.2,69.1,72.2,37.0
2020-05-18 09:00:00,NSE:ORIENTLTD,72.45,72.45,65.65,65.7,38.0
2020-05-18 11:00:00,NSE:ORIENTLTD,65.7,65.7,65.55,65.55,120.0
2020-05-18 14:00:00,NSE:ORIENTLTD,65.55,71.45,65.55,71.45,16.0
2020-05-19 09:00:00,NSE:ORIENTLTD,71.45,75.0,68.0,68.05,36.0
2020-05-19 10:00:00,NSE:ORIENTLTD,68.25,72.75,68.25,72.45,16.0
2020-05-19 12:00:00,NSE:ORIENTLTD,68.9,68.9,68.9,68.9,2.0
2020-05-19 15:00:00,NSE:ORIENTLTD,68.75,70.0,68.0,68.0,25.0
2020-05-20 10:00:00,NSE:ORIENTLTD,72.2,72.2,67.05,67.05,2.0
2020-05-20 11:00:00,NSE:ORIENTLTD,72.1,72.1,67.5,72.0,46.0
2020-05-20 12:00:00,NSE:ORIENTLTD,72.0,72.0,68.0,71.9,4.0
2020-05-20 13:00:00,NSE:ORIENTLTD,67.55,67.55,67.55,67.55,1.0
2020-05-20 14:00:00,NSE:ORIENTLTD,71.45,71.45,68.0,68.0,33.0
2020-05-20 15:00:00,NSE:ORIENTLTD,71.4,71.4,67.5,67.5,44.0
2020-05-21 10:00:00,NSE:ORIENTLTD,69.0,69.0,69.0,69.0,25.0
2020-05-21 11:00:00,NSE:ORIENTLTD,66.0,66.0,66.0,66.0,102.0
2020-05-21 12:00:00,NSE:ORIENTLTD,69.65,69.65,66.0,66.0,451.0
2020-05-21 13:00:00,NSE:ORIENTLTD,69.5,69.5,69.45,69.45,102.0
2020-05-21 14:00:00,NSE:ORIENTLTD,69.45,69.45,66.05,66.05,76.0
2020-05-21 15:00:00,NSE:ORIENTLTD,66.0,69.5,66.0,69.5,108.0
2020-05-22 09:00:00,NSE:ORIENTLTD,66.5,66.5,66.5,66.5,5.0
2020-05-22 12:00:00,NSE:ORIENTLTD,66.7,66.75,66.5,66.5,62.0
2020-05-22 13:00:00,NSE:ORIENTLTD,64.75,64.75,64.75,64.75,16.0
2020-05-22 15:00:00,NSE:ORIENTLTD,64.75,64.75,64.75,64.75,50.0
2020-05-26 10:00:00,NSE:ORIENTLTD,64.75,64.75,64.75,64.75,2.0
2020-05-26 12:00:00,NSE:ORIENTLTD,64.75,64.75,64.75,64.75,1.0
2020-05-26 13:00:00,NSE:ORIENTLTD,64.75,64.75,64.75,64.75,12.0
2020-05-27 09:00:00,NSE:ORIENTLTD,64.0,64.0,64.0,64.0,10.0
2020-05-27 10:00:00,NSE:ORIENTLTD,64.0,64.05,64.0,64.0,19.0
2020-05-27 11:00:00,NSE:ORIENTLTD,64.0,64.0,64.0,64.0,69.0
2020-05-27 12:00:00,NSE:ORIENTLTD,64.0,64.0,62.2,62.2,207.0
2020-05-27 13:00:00,NSE:ORIENTLTD,64.0,64.0,64.0,64.0,25.0
2020-05-27 14:00:00,NSE:ORIENTLTD,64.0,64.0,64.0,64.0,77.0
2020-05-27 15:00:00,NSE:ORIENTLTD,67.9,67.9,67.9,67.9,11.0
2020-05-28 09:00:00,NSE:ORIENTLTD,64.55,64.55,64.55,64.55,19.0
2020-05-28 10:00:00,NSE:ORIENTLTD,64.6,67.85,64.6,67.85,3.0
2020-05-28 11:00:00,NSE:ORIENTLTD,64.65,64.7,64.65,64.7,21.0
2020-05-28 12:00:00,NSE:ORIENTLTD,64.85,70.5,64.8,64.8,201.0
2020-05-28 15:00:00,NSE:ORIENTLTD,70.25,70.25,64.8,69.95,71.0
2020-05-29 14:00:00,NSE:ORIENTLTD,69.0,69.0,69.0,69.0,11.0
2020-05-29 15:00:00,NSE:ORIENTLTD,69.9,69.9,64.0,68.9,103.0
2020-06-01 09:00:00,NSE:ORIENTLTD,68.55,68.6,68.55,68.6,116.0
2020-06-01 10:00:00,NSE:ORIENTLTD,68.55,68.6,67.1,67.1,122.0
2020-06-01 12:00:00,NSE:ORIENTLTD,67.1,67.1,67.1,67.1,30.0
2020-06-01 15:00:00,NSE:ORIENTLTD,68.65,68.65,67.15,67.15,60.0
2020-06-02 09:00:00,NSE:ORIENTLTD,69.0,71.65,68.3,68.3,50.0
2020-06-02 10:00:00,NSE:ORIENTLTD,71.65,71.65,68.5,71.65,287.0
2020-06-02 13:00:00,NSE:ORIENTLTD,68.5,68.5,68.5,68.5,1.0
2020-06-03 09:00:00,NSE:ORIENTLTD,71.9,71.9,71.9,71.9,40.0
2020-06-03 10:00:00,NSE:ORIENTLTD,71.9,71.9,71.9,71.9,32.0
2020-06-03 11:00:00,NSE:ORIENTLTD,71.9,71.9,71.9,71.9,30.0
2020-06-03 12:00:00,NSE:ORIENTLTD,71.9,71.9,71.9,71.9,373.0
2020-06-03 13:00:00,NSE:ORIENTLTD,71.9,71.9,71.9,71.9,10.0
2020-06-03 14:00:00,NSE:ORIENTLTD,70.0,70.0,70.0,70.0,135.0
2020-06-04 09:00:00,NSE:ORIENTLTD,70.0,70.0,70.0,70.0,1.0
2020-06-04 10:00:00,NSE:ORIENTLTD,70.0,70.0,70.0,70.0,2.0
2020-06-04 12:00:00,NSE:ORIENTLTD,70.0,70.0,70.0,70.0,8.0
2020-06-04 13:00:00,NSE:ORIENTLTD,70.0,70.0,70.0,70.0,25.0
2020-06-05 09:00:00,NSE:ORIENTLTD,63.2,77.0,63.2,77.0,843.0
2020-06-05 10:00:00,NSE:ORIENTLTD,68.4,77.0,68.4,77.0,479.0
2020-06-05 11:00:00,NSE:ORIENTLTD,77.0,77.0,77.0,77.0,1.0
2020-06-05 14:00:00,NSE:ORIENTLTD,77.0,77.0,77.0,77.0,10.0
2020-06-05 15:00:00,NSE:ORIENTLTD,77.0,77.0,77.0,77.0,77.0
2020-06-08 09:00:00,NSE:ORIENTLTD,84.4,84.4,84.0,84.4,425.0
2020-06-08 10:00:00,NSE:ORIENTLTD,84.0,84.4,80.0,84.1,856.0
2020-06-08 11:00:00,NSE:ORIENTLTD,83.9,84.0,81.05,84.0,619.0
2020-06-08 12:00:00,NSE:ORIENTLTD,81.55,84.7,81.2,84.7,273.0
2020-06-08 13:00:00,NSE:ORIENTLTD,84.6,84.65,84.6,84.65,151.0
2020-06-08 14:00:00,NSE:ORIENTLTD,84.65,84.65,84.65,84.65,135.0
2020-06-08 15:00:00,NSE:ORIENTLTD,82.0,84.65,82.0,84.65,130.0
2020-06-09 09:00:00,NSE:ORIENTLTD,83.95,92.1,80.0,84.5,1456.0
2020-06-09 10:00:00,NSE:ORIENTLTD,84.5,90.15,81.5,88.55,413.0
2020-06-09 11:00:00,NSE:ORIENTLTD,88.3,88.3,81.5,82.95,293.0
2020-06-09 12:00:00,NSE:ORIENTLTD,83.8,83.8,83.8,83.8,5.0
2020-06-09 13:00:00,NSE:ORIENTLTD,81.05,81.05,81.0,81.0,167.0
2020-06-09 14:00:00,NSE:ORIENTLTD,82.75,82.75,80.0,80.0,314.0
2020-06-09 15:00:00,NSE:ORIENTLTD,81.0,89.05,81.0,82.9,122.0
2020-06-10 09:00:00,NSE:ORIENTLTD,76.75,87.9,76.75,86.0,997.0
2020-06-10 10:00:00,NSE:ORIENTLTD,84.95,90.9,79.75,90.85,1256.0
2020-06-10 11:00:00,NSE:ORIENTLTD,90.8,90.8,85.0,85.0,192.0
2020-06-10 12:00:00,NSE:ORIENTLTD,85.2,90.75,85.2,90.75,30.0
2020-06-10 13:00:00,NSE:ORIENTLTD,81.8,88.0,81.8,84.95,296.0
2020-06-10 14:00:00,NSE:ORIENTLTD,87.5,88.0,87.5,88.0,69.0
2020-06-10 15:00:00,NSE:ORIENTLTD,88.05,89.5,82.0,89.5,464.0
2020-06-11 09:00:00,NSE:ORIENTLTD,90.0,95.0,82.9,93.0,669.0
2020-06-11 10:00:00,NSE:ORIENTLTD,84.35,92.9,84.35,92.9,110.0
2020-06-11 12:00:00,NSE:ORIENTLTD,85.15,85.15,85.15,85.15,4.0
2020-06-11 14:00:00,NSE:ORIENTLTD,91.95,92.0,91.95,92.0,21.0
2020-06-11 15:00:00,NSE:ORIENTLTD,85.55,91.9,85.55,91.9,21.0
2020-06-12 09:00:00,NSE:ORIENTLTD,87.4,93.95,85.05,93.95,1020.0
2020-06-12 10:00:00,NSE:ORIENTLTD,93.95,93.95,87.75,90.0,222.0
2020-06-12 12:00:00,NSE:ORIENTLTD,93.0,93.0,92.95,92.95,26.0
2020-06-12 13:00:00,NSE:ORIENTLTD,87.5,92.95,86.2,86.2,939.0
2020-06-12 14:00:00,NSE:ORIENTLTD,90.85,90.85,87.5,87.5,40.0
2020-06-12 15:00:00,NSE:ORIENTLTD,86.8,90.55,86.8,86.8,79.0
2020-06-15 10:00:00,NSE:ORIENTLTD,84.1,90.9,84.1,86.0,2768.0
2020-06-15 11:00:00,NSE:ORIENTLTD,85.95,85.95,85.0,85.0,27.0
2020-06-15 12:00:00,NSE:ORIENTLTD,85.45,86.9,84.2,86.0,61.0
2020-06-15 13:00:00,NSE:ORIENTLTD,85.0,87.05,84.95,85.65,313.0
2020-06-15 14:00:00,NSE:ORIENTLTD,84.55,87.45,84.55,84.55,593.0
2020-06-15 15:00:00,NSE:ORIENTLTD,86.8,86.8,86.8,86.8,200.0
2020-06-16 09:00:00,NSE:ORIENTLTD,90.4,90.4,84.1,89.95,300.0
2020-06-16 10:00:00,NSE:ORIENTLTD,90.25,90.25,86.25,86.65,44.0
2020-06-16 11:00:00,NSE:ORIENTLTD,86.65,89.25,86.65,89.25,13.0
2020-06-16 12:00:00,NSE:ORIENTLTD,86.35,86.35,86.0,86.0,101.0
2020-06-16 13:00:00,NSE:ORIENTLTD,86.05,86.05,86.0,86.0,76.0
2020-06-16 14:00:00,NSE:ORIENTLTD,88.7,88.7,87.15,87.15,17.0
2020-06-16 15:00:00,NSE:ORIENTLTD,86.55,86.55,85.7,85.7,140.0
2020-06-17 10:00:00,NSE:ORIENTLTD,82.6,89.7,82.6,89.4,146.0
2020-06-17 12:00:00,NSE:ORIENTLTD,84.75,84.75,84.75,84.75,1.0
2020-06-17 14:00:00,NSE:ORIENTLTD,85.85,85.85,85.85,85.85,2.0
2020-06-17 15:00:00,NSE:ORIENTLTD,84.75,84.75,84.2,84.2,54.0
2020-06-18 10:00:00,NSE:ORIENTLTD,89.0,89.0,89.0,89.0,25.0
2020-06-18 11:00:00,NSE:ORIENTLTD,88.9,88.9,88.9,88.9,10.0
2020-06-18 13:00:00,NSE:ORIENTLTD,89.0,89.0,89.0,89.0,100.0
2020-06-18 15:00:00,NSE:ORIENTLTD,89.0,89.0,89.0,89.0,26.0
2020-06-19 09:00:00,NSE:ORIENTLTD,85.25,91.95,85.25,85.25,7.0
2020-06-19 10:00:00,NSE:ORIENTLTD,91.95,91.95,91.95,91.95,21.0
2020-06-19 11:00:00,NSE:ORIENTLTD,91.95,91.95,85.1,85.1,125.0
2020-06-19 14:00:00,NSE:ORIENTLTD,91.95,91.95,85.2,85.2,108.0
2020-06-19 15:00:00,NSE:ORIENTLTD,85.2,91.85,85.2,91.85,103.0
2020-06-22 09:00:00,NSE:ORIENTLTD,96.2,96.2,87.1,87.3,400.0
2020-06-22 10:00:00,NSE:ORIENTLTD,87.35,87.35,87.35,87.35,295.0
2020-06-22 11:00:00,NSE:ORIENTLTD,87.3,87.3,87.1,87.1,123.0
2020-06-22 12:00:00,NSE:ORIENTLTD,87.1,87.1,87.1,87.1,10.0
2020-06-22 13:00:00,NSE:ORIENTLTD,93.45,93.45,87.1,91.95,88.0
2020-06-22 15:00:00,NSE:ORIENTLTD,87.1,87.1,87.1,87.1,14.0
2020-06-23 10:00:00,NSE:ORIENTLTD,82.75,89.9,82.75,89.9,16.0
2020-06-23 11:00:00,NSE:ORIENTLTD,83.05,89.95,83.05,89.95,121.0
2020-06-23 12:00:00,NSE:ORIENTLTD,89.95,89.95,89.95,89.95,6.0
2020-06-24 12:00:00,NSE:ORIENTLTD,85.5,85.5,85.5,85.5,128.0
2020-06-24 13:00:00,NSE:ORIENTLTD,85.5,85.5,85.5,85.5,13.0
2020-06-25 09:00:00,NSE:ORIENTLTD,85.5,85.5,85.5,85.5,100.0
2020-06-25 10:00:00,NSE:ORIENTLTD,81.3,89.45,81.25,89.0,82.0
2020-06-25 11:00:00,NSE:ORIENTLTD,87.95,87.95,87.95,87.95,40.0
2020-06-26 09:00:00,NSE:ORIENTLTD,87.95,87.95,87.95,87.95,101.0
2020-06-26 10:00:00,NSE:ORIENTLTD,86.0,86.0,83.6,83.6,877.0
2020-06-26 12:00:00,NSE:ORIENTLTD,87.6,87.6,83.6,83.6,151.0
2020-06-26 13:00:00,NSE:ORIENTLTD,87.6,87.6,83.6,83.65,477.0
2020-06-26 15:00:00,NSE:ORIENTLTD,83.65,83.65,83.65,83.65,100.0
2020-06-29 09:00:00,NSE:ORIENTLTD,86.25,86.25,83.65,84.05,99.0
2020-06-29 11:00:00,NSE:ORIENTLTD,80.1,80.1,80.1,80.1,50.0
2020-06-29 12:00:00,NSE:ORIENTLTD,80.0,80.0,80.0,80.0,35.0
2020-06-29 13:00:00,NSE:ORIENTLTD,80.0,80.0,79.55,79.55,102.0
2020-06-29 15:00:00,NSE:ORIENTLTD,79.55,83.95,79.55,83.95,102.0
2020-06-30 10:00:00,NSE:ORIENTLTD,75.7,75.7,75.7,75.7,1.0
2020-06-30 11:00:00,NSE:ORIENTLTD,76.05,76.05,76.05,76.05,1.0
2020-06-30 12:00:00,NSE:ORIENTLTD,76.05,76.05,76.05,76.05,20.0
2020-06-30 15:00:00,NSE:ORIENTLTD,76.1,76.1,76.1,76.1,34.0
2020-07-01 10:00:00,NSE:ORIENTLTD,76.1,76.1,76.1,76.1,100.0
2020-07-01 12:00:00,NSE:ORIENTLTD,72.3,72.3,72.3,72.3,35.0
2020-07-01 14:00:00,NSE:ORIENTLTD,72.4,72.4,72.4,72.4,325.0
2020-07-02 09:00:00,NSE:ORIENTLTD,74.4,74.4,74.4,74.4,29.0
2020-07-02 10:00:00,NSE:ORIENTLTD,74.4,75.9,74.4,75.9,33.0
2020-07-02 11:00:00,NSE:ORIENTLTD,75.85,75.85,75.85,75.85,20.0
2020-07-02 12:00:00,NSE:ORIENTLTD,75.85,75.85,75.85,75.85,204.0
2020-07-02 14:00:00,NSE:ORIENTLTD,75.8,75.8,75.8,75.8,9.0
2020-07-02 15:00:00,NSE:ORIENTLTD,75.8,75.85,74.1,74.1,76.0
2020-07-03 09:00:00,NSE:ORIENTLTD,75.3,75.3,75.3,75.3,57.0
2020-07-03 10:00:00,NSE:ORIENTLTD,75.3,75.3,75.3,75.3,93.0
2020-07-03 11:00:00,NSE:ORIENTLTD,75.3,75.3,75.3,75.3,5.0
2020-07-03 12:00:00,NSE:ORIENTLTD,75.3,78.75,75.3,78.75,112.0
2020-07-03 13:00:00,NSE:ORIENTLTD,78.75,78.75,78.75,78.75,52.0
2020-07-06 10:00:00,NSE:ORIENTLTD,78.75,78.75,78.75,78.75,9.0
2020-07-06 15:00:00,NSE:ORIENTLTD,78.75,78.75,78.75,78.75,41.0
2020-07-07 10:00:00,NSE:ORIENTLTD,74.85,75.15,74.85,75.15,91.0
2020-07-07 12:00:00,NSE:ORIENTLTD,79.0,82.5,75.15,75.15,225.0
2020-07-07 14:00:00,NSE:ORIENTLTD,82.5,82.5,76.15,76.15,194.0
2020-07-07 15:00:00,NSE:ORIENTLTD,76.25,76.25,76.25,76.25,54.0
2020-07-08 11:00:00,NSE:ORIENTLTD,73.1,73.1,73.1,73.1,2.0
2020-07-08 13:00:00,NSE:ORIENTLTD,75.0,78.0,75.0,78.0,7.0
2020-07-08 15:00:00,NSE:ORIENTLTD,73.6,77.0,73.6,77.0,5.0
2020-07-09 09:00:00,NSE:ORIENTLTD,76.0,76.0,73.0,73.0,35.0
2020-07-09 10:00:00,NSE:ORIENTLTD,79.8,79.8,73.1,79.8,107.0
2020-07-09 11:00:00,NSE:ORIENTLTD,79.7,79.7,79.7,79.7,60.0
2020-07-09 12:00:00,NSE:ORIENTLTD,74.15,74.15,74.15,74.15,7.0
2020-07-10 10:00:00,NSE:ORIENTLTD,70.45,70.5,70.45,70.5,126.0
2020-07-10 11:00:00,NSE:ORIENTLTD,77.75,77.75,77.75,77.75,284.0
2020-07-10 12:00:00,NSE:ORIENTLTD,71.25,71.25,71.25,71.25,12.0
2020-07-10 15:00:00,NSE:ORIENTLTD,71.75,71.75,71.75,71.75,3.0
2020-07-13 09:00:00,NSE:ORIENTLTD,69.1,69.1,69.1,69.1,30.0
2020-07-13 10:00:00,NSE:ORIENTLTD,72.9,72.9,72.9,72.9,13.0
2020-07-13 11:00:00,NSE:ORIENTLTD,69.5,69.5,69.5,69.5,5.0
2020-07-13 14:00:00,NSE:ORIENTLTD,71.6,71.6,71.05,71.05,12.0
2020-07-13 15:00:00,NSE:ORIENTLTD,71.5,71.5,71.1,71.1,7.0
2020-07-14 10:00:00,NSE:ORIENTLTD,69.2,69.2,69.2,69.2,29.0
2020-07-14 11:00:00,NSE:ORIENTLTD,74.95,74.95,74.95,74.95,12.0
2020-07-14 12:00:00,NSE:ORIENTLTD,74.0,74.0,74.0,74.0,4.0
2020-07-14 14:00:00,NSE:ORIENTLTD,72.9,73.0,72.9,73.0,74.0
2020-07-14 15:00:00,NSE:ORIENTLTD,73.15,73.15,73.15,73.15,30.0
2020-07-15 09:00:00,NSE:ORIENTLTD,69.5,69.5,69.5,69.5,19.0
2020-07-15 13:00:00,NSE:ORIENTLTD,76.15,76.15,76.15,76.15,18.0
2020-07-15 14:00:00,NSE:ORIENTLTD,76.15,76.15,70.65,70.65,11.0
2020-07-16 09:00:00,NSE:ORIENTLTD,67.2,67.2,67.2,67.2,8.0
2020-07-16 10:00:00,NSE:ORIENTLTD,73.9,73.9,73.9,73.9,3.0
2020-07-16 11:00:00,NSE:ORIENTLTD,67.65,67.65,67.65,67.65,20.0
2020-07-16 15:00:00,NSE:ORIENTLTD,73.85,73.85,73.85,73.85,3.0
2020-07-17 11:00:00,NSE:ORIENTLTD,70.2,70.2,70.2,70.2,10.0
2020-07-17 12:00:00,NSE:ORIENTLTD,70.2,70.2,70.2,70.2,1.0
2020-07-17 14:00:00,NSE:ORIENTLTD,70.3,70.3,70.3,70.3,22.0
2020-07-17 15:00:00,NSE:ORIENTLTD,71.0,71.0,71.0,71.0,38.0
2020-07-20 09:00:00,NSE:ORIENTLTD,71.0,71.0,71.0,71.0,13.0
2020-07-20 11:00:00,NSE:ORIENTLTD,73.5,73.5,73.5,73.5,20.0
2020-07-20 12:00:00,NSE:ORIENTLTD,73.9,73.9,73.9,73.9,54.0
2020-07-20 14:00:00,NSE:ORIENTLTD,73.85,73.85,73.85,73.85,110.0
2020-07-21 09:00:00,NSE:ORIENTLTD,70.2,70.2,70.2,70.2,17.0
2020-07-21 10:00:00,NSE:ORIENTLTD,70.25,77.5,70.25,77.5,14.0
2020-07-21 11:00:00,NSE:ORIENTLTD,77.5,77.5,77.5,77.5,62.0
2020-07-21 12:00:00,NSE:ORIENTLTD,70.4,77.25,70.4,77.25,71.0
2020-07-21 14:00:00,NSE:ORIENTLTD,71.3,71.3,71.3,71.3,1.0
2020-07-21 15:00:00,NSE:ORIENTLTD,71.35,72.65,71.35,72.6,201.0
2020-07-22 10:00:00,NSE:ORIENTLTD,70.7,76.25,70.7,76.25,15.0
2020-07-22 13:00:00,NSE:ORIENTLTD,72.0,72.0,72.0,72.0,50.0
2020-07-22 14:00:00,NSE:ORIENTLTD,74.0,74.0,72.0,72.0,6.0
2020-07-22 15:00:00,NSE:ORIENTLTD,71.45,71.45,71.45,71.45,20.0
2020-07-23 09:00:00,NSE:ORIENTLTD,71.45,71.45,71.45,71.45,100.0
2020-07-23 10:00:00,NSE:ORIENTLTD,75.0,75.0,75.0,75.0,31.0
2020-07-23 12:00:00,NSE:ORIENTLTD,72.0,72.0,72.0,72.0,148.0
2020-07-23 13:00:00,NSE:ORIENTLTD,68.35,68.35,68.35,68.35,2.0
2020-07-23 14:00:00,NSE:ORIENTLTD,75.0,75.0,68.35,75.0,182.0
2020-07-24 09:00:00,NSE:ORIENTLTD,74.9,74.9,74.9,74.9,40.0
2020-07-24 10:00:00,NSE:ORIENTLTD,71.4,71.4,71.4,71.4,42.0
2020-07-24 13:00:00,NSE:ORIENTLTD,71.25,71.25,71.25,71.25,50.0
2020-07-24 15:00:00,NSE:ORIENTLTD,74.9,74.9,74.9,74.9,10.0
2020-07-27 09:00:00,NSE:ORIENTLTD,71.2,71.2,71.2,71.2,17.0
2020-07-27 14:00:00,NSE:ORIENTLTD,77.95,77.95,77.95,77.95,1.0
2020-07-27 15:00:00,NSE:ORIENTLTD,71.2,77.85,71.2,77.85,68.0
2020-07-30 13:00:00,NSE:ORIENTLTD,72.3,72.3,72.3,72.3,11.0
2020-07-30 14:00:00,NSE:ORIENTLTD,72.3,72.3,72.3,72.3,2.0
2020-07-30 15:00:00,NSE:ORIENTLTD,72.3,72.3,72.3,72.3,1.0
2020-07-31 10:00:00,NSE:ORIENTLTD,68.7,68.75,68.7,68.75,37.0
2020-07-31 11:00:00,NSE:ORIENTLTD,68.75,68.75,68.75,68.75,50.0
2020-07-31 12:00:00,NSE:ORIENTLTD,68.7,68.75,68.7,68.75,40.0
2020-07-31 13:00:00,NSE:ORIENTLTD,68.7,68.7,68.7,68.7,30.0
2020-07-31 14:00:00,NSE:ORIENTLTD,68.7,68.7,68.7,68.7,5.0
2020-07-31 15:00:00,NSE:ORIENTLTD,68.7,68.7,68.7,68.7,32.0
2020-08-03 09:00:00,NSE:ORIENTLTD,68.7,68.7,68.7,68.7,5.0
2020-08-03 10:00:00,NSE:ORIENTLTD,65.65,65.65,65.65,65.65,1.0
2020-08-03 11:00:00,NSE:ORIENTLTD,68.7,68.7,68.7,68.7,20.0
2020-08-03 12:00:00,NSE:ORIENTLTD,68.65,68.65,68.65,68.65,30.0
2020-08-03 15:00:00,NSE:ORIENTLTD,68.65,68.65,67.0,67.0,334.0
2020-08-04 09:00:00,NSE:ORIENTLTD,67.0,67.2,67.0,67.2,90.0
2020-08-04 12:00:00,NSE:ORIENTLTD,67.2,67.2,67.2,67.2,3.0
2020-08-04 15:00:00,NSE:ORIENTLTD,63.95,67.25,63.95,63.95,150.0
2020-08-05 09:00:00,NSE:ORIENTLTD,68.25,68.25,61.75,68.25,68.0
2020-08-07 09:00:00,NSE:ORIENTLTD,64.85,71.65,64.85,71.65,22.0
2020-08-07 10:00:00,NSE:ORIENTLTD,69.5,69.5,69.5,69.5,1.0
2020-08-07 13:00:00,NSE:ORIENTLTD,69.5,69.5,69.5,69.5,1.0
2020-08-07 14:00:00,NSE:ORIENTLTD,69.5,69.5,69.5,69.5,0.0
2020-08-10 14:00:00,NSE:ORIENTLTD,72.95,72.95,72.95,72.95,52.0
2020-08-10 15:00:00,NSE:ORIENTLTD,67.65,69.5,67.65,69.5,201.0
2020-08-11 15:00:00,NSE:ORIENTLTD,69.1,69.1,69.1,69.1,10.0
2020-08-12 11:00:00,NSE:ORIENTLTD,69.0,69.0,69.0,69.0,50.0
2020-08-13 11:00:00,NSE:ORIENTLTD,69.05,69.05,69.0,69.0,34.0
2020-08-13 13:00:00,NSE:ORIENTLTD,65.6,68.95,65.6,68.95,85.0
2020-08-13 14:00:00,NSE:ORIENTLTD,68.95,68.95,68.95,68.95,2.0
2020-08-13 15:00:00,NSE:ORIENTLTD,65.6,65.6,65.6,65.6,13.0
2020-08-14 09:00:00,NSE:ORIENTLTD,66.0,66.0,66.0,66.0,1.0
2020-08-14 10:00:00,NSE:ORIENTLTD,66.5,68.85,66.5,68.85,155.0
2020-08-14 11:00:00,NSE:ORIENTLTD,66.0,66.0,66.0,66.0,800.0
2020-08-14 13:00:00,NSE:ORIENTLTD,68.85,68.85,68.85,68.85,10.0
2020-08-14 14:00:00,NSE:ORIENTLTD,66.1,66.1,66.1,66.1,90.0
2020-08-14 15:00:00,NSE:ORIENTLTD,66.1,68.75,66.1,68.75,45.0
2020-08-17 09:00:00,NSE:ORIENTLTD,64.0,64.0,64.0,64.0,10.0
2020-08-18 12:00:00,NSE:ORIENTLTD,63.55,67.2,63.55,67.2,112.0
2020-08-18 13:00:00,NSE:ORIENTLTD,67.2,67.2,67.2,67.2,10.0
2020-08-18 14:00:00,NSE:ORIENTLTD,67.2,67.2,67.2,67.2,371.0
2020-08-18 15:00:00,NSE:ORIENTLTD,67.2,67.2,67.2,67.2,250.0
2020-08-19 09:00:00,NSE:ORIENTLTD,70.0,70.55,70.0,70.55,112.0
2020-08-19 10:00:00,NSE:ORIENTLTD,70.55,70.55,70.55,70.55,100.0
2020-08-19 11:00:00,NSE:ORIENTLTD,70.55,70.55,70.55,70.55,75.0
2020-08-20 10:00:00,NSE:ORIENTLTD,74.05,74.05,70.9,73.95,157.0
2020-08-20 11:00:00,NSE:ORIENTLTD,73.95,74.0,73.95,74.0,480.0
2020-08-20 12:00:00,NSE:ORIENTLTD,74.0,74.0,74.0,74.0,25.0
2020-08-20 14:00:00,NSE:ORIENTLTD,74.05,74.05,74.05,74.05,419.0
2020-08-21 09:00:00,NSE:ORIENTLTD,77.75,77.75,77.7,77.7,125.0
2020-08-21 10:00:00,NSE:ORIENTLTD,77.7,77.75,77.5,77.6,204.0
2020-08-21 11:00:00,NSE:ORIENTLTD,77.7,77.75,77.7,77.75,93.0
2020-08-21 12:00:00,NSE:ORIENTLTD,77.75,77.75,74.3,74.3,203.0
2020-08-21 13:00:00,NSE:ORIENTLTD,74.35,74.35,74.35,74.35,1.0
2020-08-21 14:00:00,NSE:ORIENTLTD,74.5,77.75,74.4,74.4,700.0
2020-08-21 15:00:00,NSE:ORIENTLTD,74.4,74.5,74.4,74.5,237.0
2020-08-24 09:00:00,NSE:ORIENTLTD,77.0,77.0,75.1,75.1,50.0
2020-08-24 10:00:00,NSE:ORIENTLTD,77.9,77.9,77.9,77.9,337.0
2020-08-24 11:00:00,NSE:ORIENTLTD,77.9,77.9,77.9,77.9,236.0
2020-08-24 12:00:00,NSE:ORIENTLTD,77.9,77.9,75.1,75.1,106.0
2020-08-24 13:00:00,NSE:ORIENTLTD,78.2,78.2,78.2,78.2,59.0
2020-08-25 09:00:00,NSE:ORIENTLTD,82.1,82.1,74.55,82.1,516.0
2020-08-25 11:00:00,NSE:ORIENTLTD,82.1,82.1,82.1,82.1,1.0
2020-08-25 12:00:00,NSE:ORIENTLTD,82.1,82.1,82.1,82.1,501.0
2020-08-25 15:00:00,NSE:ORIENTLTD,82.1,82.1,82.1,82.1,173.0
2020-08-26 09:00:00,NSE:ORIENTLTD,83.9,86.2,83.0,83.0,360.0
2020-08-26 10:00:00,NSE:ORIENTLTD,86.15,86.15,83.2,85.95,301.0
2020-08-26 11:00:00,NSE:ORIENTLTD,86.15,86.2,86.15,86.2,202.0
2020-08-26 14:00:00,NSE:ORIENTLTD,86.2,86.2,86.2,86.2,176.0
2020-08-26 15:00:00,NSE:ORIENTLTD,86.2,86.2,86.2,86.2,50.0
2020-08-27 09:00:00,NSE:ORIENTLTD,90.5,90.5,87.05,87.05,581.0
2020-08-27 10:00:00,NSE:ORIENTLTD,90.35,90.5,90.3,90.5,177.0
2020-08-27 12:00:00,NSE:ORIENTLTD,90.5,90.5,90.5,90.5,291.0
2020-08-27 14:00:00,NSE:ORIENTLTD,90.5,90.5,90.5,90.5,51.0
2020-08-27 15:00:00,NSE:ORIENTLTD,90.5,90.5,90.5,90.5,3.0
2020-08-28 09:00:00,NSE:ORIENTLTD,95.0,95.0,95.0,95.0,712.0
2020-08-28 10:00:00,NSE:ORIENTLTD,95.0,95.0,93.25,93.9,82.0
2020-08-28 11:00:00,NSE:ORIENTLTD,93.9,95.0,93.15,95.0,660.0
2020-08-28 12:00:00,NSE:ORIENTLTD,95.0,95.0,93.15,93.25,538.0
2020-08-28 13:00:00,NSE:ORIENTLTD,94.85,94.9,93.15,94.9,302.0
2020-08-28 14:00:00,NSE:ORIENTLTD,93.25,95.0,93.25,95.0,314.0
2020-08-28 15:00:00,NSE:ORIENTLTD,95.0,95.0,88.0,88.0,2117.0
2020-08-31 09:00:00,NSE:ORIENTLTD,91.65,91.65,91.6,91.6,150.0
2020-08-31 10:00:00,NSE:ORIENTLTD,93.95,93.95,88.5,88.5,113.0
2020-08-31 11:00:00,NSE:ORIENTLTD,88.5,88.5,88.35,88.35,348.0
2020-08-31 12:00:00,NSE:ORIENTLTD,88.35,88.35,88.35,88.35,3.0
2020-08-31 13:00:00,NSE:ORIENTLTD,90.45,90.45,90.45,90.45,5.0
2020-08-31 15:00:00,NSE:ORIENTLTD,88.35,89.7,88.35,88.35,12.0
2020-09-01 11:00:00,NSE:ORIENTLTD,84.55,84.55,84.55,84.55,111.0
2020-09-01 12:00:00,NSE:ORIENTLTD,84.6,84.6,84.6,84.6,102.0
2020-09-01 14:00:00,NSE:ORIENTLTD,85.0,85.0,85.0,85.0,19.0
2020-09-01 15:00:00,NSE:ORIENTLTD,85.0,85.0,85.0,85.0,2.0
2020-09-02 14:00:00,NSE:ORIENTLTD,85.0,87.45,85.0,87.45,212.0
2020-09-02 15:00:00,NSE:ORIENTLTD,87.95,88.4,87.95,88.4,201.0
2020-09-03 09:00:00,NSE:ORIENTLTD,88.35,88.35,88.35,88.35,221.0
2020-09-04 11:00:00,NSE:ORIENTLTD,83.95,83.95,83.95,83.95,1.0
2020-09-04 13:00:00,NSE:ORIENTLTD,83.95,87.5,83.95,87.5,51.0
2020-09-04 15:00:00,NSE:ORIENTLTD,83.95,88.35,83.95,88.35,80.0
2020-09-07 11:00:00,NSE:ORIENTLTD,84.15,84.15,84.15,84.15,29.0
2020-09-07 15:00:00,NSE:ORIENTLTD,86.0,88.05,84.15,88.05,28.0
2020-09-09 09:00:00,NSE:ORIENTLTD,81.05,81.05,81.05,81.05,6.0
2020-09-09 11:00:00,NSE:ORIENTLTD,81.05,81.05,80.2,80.2,233.0
2020-09-09 13:00:00,NSE:ORIENTLTD,80.2,80.2,80.2,80.2,10.0
2020-09-09 14:00:00,NSE:ORIENTLTD,80.2,81.0,80.2,81.0,25.0
2020-09-09 15:00:00,NSE:ORIENTLTD,80.2,80.2,80.2,80.2,57.0
2020-09-10 10:00:00,NSE:ORIENTLTD,80.2,80.2,80.2,80.2,10.0
2020-09-10 11:00:00,NSE:ORIENTLTD,76.8,76.8,76.8,76.8,100.0
2020-09-10 13:00:00,NSE:ORIENTLTD,83.7,83.7,83.7,83.7,51.0
2020-09-10 15:00:00,NSE:ORIENTLTD,83.7,83.7,83.7,83.7,5.0
2020-09-11 10:00:00,NSE:ORIENTLTD,79.55,79.55,79.55,79.55,50.0
2020-09-11 11:00:00,NSE:ORIENTLTD,86.0,86.0,86.0,86.0,6.0
2020-09-11 12:00:00,NSE:ORIENTLTD,79.55,79.55,79.55,79.55,1.0
2020-09-11 13:00:00,NSE:ORIENTLTD,79.55,79.55,79.55,79.55,1.0
2020-09-11 14:00:00,NSE:ORIENTLTD,86.5,86.5,79.55,79.55,49.0
2020-09-11 15:00:00,NSE:ORIENTLTD,79.55,81.0,79.55,81.0,57.0
2020-09-14 09:00:00,NSE:ORIENTLTD,76.3,76.3,76.3,76.3,10.0
2020-09-14 10:00:00,NSE:ORIENTLTD,79.85,79.85,79.85,79.85,1.0
2020-09-14 11:00:00,NSE:ORIENTLTD,76.55,76.55,76.55,76.55,1.0
2020-09-14 12:00:00,NSE:ORIENTLTD,81.0,81.0,81.0,81.0,66.0
2020-09-14 13:00:00,NSE:ORIENTLTD,76.85,76.85,76.85,76.85,5.0
2020-09-14 15:00:00,NSE:ORIENTLTD,77.0,80.85,77.0,80.2,11.0
2020-09-15 09:00:00,NSE:ORIENTLTD,80.85,80.85,80.85,80.85,5.0
2020-09-15 10:00:00,NSE:ORIENTLTD,76.5,76.5,76.5,76.5,5.0
2020-09-15 11:00:00,NSE:ORIENTLTD,80.9,80.9,76.25,76.25,6.0
2020-09-15 12:00:00,NSE:ORIENTLTD,81.0,81.0,81.0,81.0,66.0
2020-09-15 13:00:00,NSE:ORIENTLTD,76.3,81.0,76.3,80.9,191.0
2020-09-15 14:00:00,NSE:ORIENTLTD,76.9,79.0,76.9,79.0,211.0
2020-09-15 15:00:00,NSE:ORIENTLTD,79.45,82.0,76.9,82.0,76.0
2020-09-16 11:00:00,NSE:ORIENTLTD,76.8,76.8,76.8,76.8,5.0
2020-09-16 12:00:00,NSE:ORIENTLTD,82.8,82.8,82.8,82.8,2.0
2020-09-16 13:00:00,NSE:ORIENTLTD,76.85,76.85,76.85,76.85,11.0
2020-09-16 15:00:00,NSE:ORIENTLTD,82.8,82.8,76.85,82.8,418.0
2020-09-17 09:00:00,NSE:ORIENTLTD,77.15,77.25,77.15,77.2,26.0
2020-09-17 10:00:00,NSE:ORIENTLTD,77.4,77.4,77.4,77.4,1.0
2020-09-17 13:00:00,NSE:ORIENTLTD,77.4,77.4,77.4,77.4,86.0
2020-09-17 14:00:00,NSE:ORIENTLTD,77.1,81.45,77.1,77.1,47.0
2020-09-17 15:00:00,NSE:ORIENTLTD,81.5,81.5,81.5,81.5,1.0
2020-09-18 12:00:00,NSE:ORIENTLTD,77.5,77.5,77.45,77.45,100.0
2020-09-18 13:00:00,NSE:ORIENTLTD,84.95,84.95,77.45,79.1,498.0
2020-09-18 14:00:00,NSE:ORIENTLTD,78.2,78.2,78.2,78.2,50.0
2020-09-18 15:00:00,NSE:ORIENTLTD,84.85,84.85,84.85,84.85,85.0
2020-09-21 09:00:00,NSE:ORIENTLTD,81.0,81.0,81.0,81.0,50.0
2020-09-21 10:00:00,NSE:ORIENTLTD,80.65,80.65,80.65,80.65,90.0
2020-09-22 10:00:00,NSE:ORIENTLTD,76.9,80.45,76.65,80.45,120.0
2020-09-22 14:00:00,NSE:ORIENTLTD,76.8,76.8,76.8,76.8,40.0
2020-09-23 09:00:00,NSE:ORIENTLTD,73.05,79.9,73.05,76.2,162.0
2020-09-23 10:00:00,NSE:ORIENTLTD,73.05,78.8,73.05,78.8,515.0
2020-09-23 14:00:00,NSE:ORIENTLTD,75.0,77.8,73.05,77.8,71.0
2020-09-24 15:00:00,NSE:ORIENTLTD,79.95,79.95,79.95,79.95,1.0
2020-09-25 10:00:00,NSE:ORIENTLTD,80.0,80.0,80.0,80.0,1.0
2020-09-25 12:00:00,NSE:ORIENTLTD,76.6,76.6,76.6,76.6,24.0
2020-09-28 09:00:00,NSE:ORIENTLTD,79.75,79.75,79.75,79.75,10.0
2020-09-28 10:00:00,NSE:ORIENTLTD,76.0,79.6,76.0,79.6,56.0
2020-09-28 12:00:00,NSE:ORIENTLTD,79.6,79.6,79.6,79.6,10.0
2020-09-28 15:00:00,NSE:ORIENTLTD,76.0,79.55,76.0,79.55,12.0
2020-09-29 09:00:00,NSE:ORIENTLTD,72.9,79.45,72.9,79.45,57.0
2020-09-29 11:00:00,NSE:ORIENTLTD,78.0,78.0,78.0,78.0,20.0
2020-09-29 12:00:00,NSE:ORIENTLTD,73.05,73.05,73.05,73.05,1.0
2020-09-29 13:00:00,NSE:ORIENTLTD,73.05,73.05,72.9,72.9,196.0
2020-09-29 14:00:00,NSE:ORIENTLTD,73.0,73.0,72.9,72.9,8.0
2020-09-30 10:00:00,NSE:ORIENTLTD,72.9,72.9,72.9,72.9,30.0
2020-09-30 11:00:00,NSE:ORIENTLTD,75.45,75.45,75.45,75.45,100.0
2020-10-05 15:00:00,NSE:ORIENTLTD,79.0,79.0,79.0,79.0,3.0
2020-10-06 09:00:00,NSE:ORIENTLTD,79.0,79.0,78.95,78.95,110.0
2020-10-06 14:00:00,NSE:ORIENTLTD,75.1,75.1,75.1,75.1,50.0
2020-10-06 15:00:00,NSE:ORIENTLTD,75.1,75.1,75.05,75.05,49.0
2020-10-07 09:00:00,NSE:ORIENTLTD,75.0,75.0,75.0,75.0,15.0
2020-10-07 12:00:00,NSE:ORIENTLTD,72.5,74.45,72.5,74.45,114.0
2020-10-08 10:00:00,NSE:ORIENTLTD,70.9,70.9,70.9,70.9,200.0
2020-10-08 11:00:00,NSE:ORIENTLTD,71.0,71.0,71.0,71.0,100.0
2020-10-08 12:00:00,NSE:ORIENTLTD,73.9,73.9,73.9,73.9,200.0
2020-10-08 14:00:00,NSE:ORIENTLTD,73.7,73.7,73.7,73.7,1.0
2020-10-08 15:00:00,NSE:ORIENTLTD,73.7,73.7,72.0,72.0,57.0
2020-10-12 10:00:00,NSE:ORIENTLTD,70.0,70.0,69.6,69.6,10.0
2020-10-12 11:00:00,NSE:ORIENTLTD,69.85,69.85,69.85,69.85,25.0
2020-10-12 12:00:00,NSE:ORIENTLTD,74.5,74.5,74.5,74.5,1.0
2020-10-12 13:00:00,NSE:ORIENTLTD,70.1,70.1,70.1,70.1,34.0
2020-10-12 14:00:00,NSE:ORIENTLTD,70.1,70.1,70.1,70.1,50.0
2020-10-12 15:00:00,NSE:ORIENTLTD,70.05,74.5,70.05,74.5,27.0
2020-10-14 09:00:00,NSE:ORIENTLTD,67.05,67.1,67.05,67.1,140.0
2020-10-14 10:00:00,NSE:ORIENTLTD,67.25,71.45,67.25,68.0,206.0
2020-10-14 11:00:00,NSE:ORIENTLTD,68.0,71.45,68.0,68.35,177.0
2020-10-14 12:00:00,NSE:ORIENTLTD,67.25,67.25,67.25,67.25,100.0
2020-10-14 13:00:00,NSE:ORIENTLTD,70.45,70.45,70.45,70.45,40.0
2020-10-14 14:00:00,NSE:ORIENTLTD,70.0,70.0,70.0,70.0,2.0
2020-10-14 15:00:00,NSE:ORIENTLTD,68.0,68.0,68.0,68.0,40.0
2020-10-15 09:00:00,NSE:ORIENTLTD,65.25,71.4,65.25,71.4,41.0
2020-10-15 10:00:00,NSE:ORIENTLTD,66.15,71.4,66.15,66.8,229.0
2020-10-15 11:00:00,NSE:ORIENTLTD,71.4,71.4,71.4,71.4,4.0
2020-10-15 12:00:00,NSE:ORIENTLTD,67.1,67.1,67.0,67.0,500.0
2020-10-15 14:00:00,NSE:ORIENTLTD,66.25,66.25,65.1,65.1,190.0
2020-10-15 15:00:00,NSE:ORIENTLTD,64.6,66.25,64.6,66.25,288.0
2020-10-16 11:00:00,NSE:ORIENTLTD,67.95,67.95,67.95,67.95,1.0
2020-10-16 12:00:00,NSE:ORIENTLTD,66.9,66.95,66.9,66.95,2.0
2020-10-16 15:00:00,NSE:ORIENTLTD,66.95,66.95,66.9,66.9,35.0
2020-10-19 09:00:00,NSE:ORIENTLTD,68.0,68.0,68.0,68.0,500.0
2020-10-19 10:00:00,NSE:ORIENTLTD,66.1,66.1,66.1,66.1,100.0
2020-10-19 13:00:00,NSE:ORIENTLTD,67.0,67.0,67.0,67.0,100.0
2020-10-19 14:00:00,NSE:ORIENTLTD,66.0,66.0,66.0,66.0,9.0
2020-10-20 11:00:00,NSE:ORIENTLTD,68.7,68.7,68.7,68.7,30.0
2020-10-20 12:00:00,NSE:ORIENTLTD,66.0,66.0,65.15,65.15,271.0
2020-10-20 13:00:00,NSE:ORIENTLTD,65.0,65.0,65.0,65.0,5.0
2020-10-20 14:00:00,NSE:ORIENTLTD,64.05,65.0,64.05,65.0,12.0
2020-10-21 09:00:00,NSE:ORIENTLTD,66.95,66.95,66.95,66.95,103.0
2020-10-21 10:00:00,NSE:ORIENTLTD,63.45,63.5,63.45,63.5,55.0
2020-10-21 11:00:00,NSE:ORIENTLTD,66.95,66.95,66.95,66.95,4.0
2020-10-21 12:00:00,NSE:ORIENTLTD,66.8,66.8,64.0,64.0,422.0
2020-10-21 15:00:00,NSE:ORIENTLTD,65.5,65.5,64.5,64.5,66.0
2020-10-22 12:00:00,NSE:ORIENTLTD,64.55,64.55,64.5,64.5,2.0
2020-10-22 13:00:00,NSE:ORIENTLTD,66.7,66.7,66.7,66.7,8.0
2020-10-22 15:00:00,NSE:ORIENTLTD,66.75,66.75,66.75,66.75,7.0
2020-10-23 12:00:00,NSE:ORIENTLTD,66.75,66.75,66.75,66.75,5.0
2020-10-23 13:00:00,NSE:ORIENTLTD,66.75,69.8,64.5,64.5,58.0
2020-10-23 14:00:00,NSE:ORIENTLTD,68.95,68.95,68.95,68.95,13.0
2020-10-23 15:00:00,NSE:ORIENTLTD,69.25,69.25,69.25,69.25,32.0
2020-10-26 09:00:00,NSE:ORIENTLTD,72.0,72.7,72.0,72.7,108.0
2020-10-26 10:00:00,NSE:ORIENTLTD,71.9,71.9,67.0,70.0,401.0
2020-10-26 11:00:00,NSE:ORIENTLTD,69.95,69.95,69.95,69.95,1.0
2020-10-26 13:00:00,NSE:ORIENTLTD,69.9,69.9,69.9,69.9,1.0
2020-10-26 15:00:00,NSE:ORIENTLTD,69.9,71.85,69.9,70.0,212.0
2020-10-27 09:00:00,NSE:ORIENTLTD,72.0,72.0,67.75,67.75,18.0
2020-10-27 10:00:00,NSE:ORIENTLTD,69.8,69.8,69.8,69.8,10.0
2020-10-28 11:00:00,NSE:ORIENTLTD,67.55,67.55,67.55,67.55,1.0
2020-10-28 12:00:00,NSE:ORIENTLTD,67.55,67.55,67.55,67.55,8.0
2020-10-29 09:00:00,NSE:ORIENTLTD,70.9,70.9,64.2,64.2,201.0
2020-10-29 11:00:00,NSE:ORIENTLTD,64.5,70.4,64.5,65.0,19.0
2020-10-29 15:00:00,NSE:ORIENTLTD,66.6,67.0,66.6,67.0,200.0
2020-10-30 11:00:00,NSE:ORIENTLTD,67.1,67.1,67.1,67.1,20.0
2020-11-02 12:00:00,NSE:ORIENTLTD,67.05,67.05,65.0,65.0,30.0
2020-11-02 15:00:00,NSE:ORIENTLTD,64.2,64.2,64.2,64.2,15.0
2020-11-03 09:00:00,NSE:ORIENTLTD,64.05,67.0,62.25,67.0,283.0
2020-11-03 11:00:00,NSE:ORIENTLTD,67.3,67.3,67.3,67.3,5.0
2020-11-03 15:00:00,NSE:ORIENTLTD,67.25,67.25,67.25,67.25,9.0
2020-11-05 11:00:00,NSE:ORIENTLTD,64.65,64.65,64.65,64.65,1.0
2020-11-05 14:00:00,NSE:ORIENTLTD,64.8,69.45,64.7,68.45,56.0
2020-11-05 15:00:00,NSE:ORIENTLTD,68.0,68.0,67.95,67.95,2.0
2020-11-06 10:00:00,NSE:ORIENTLTD,67.95,67.95,67.95,67.95,25.0
2020-11-06 11:00:00,NSE:ORIENTLTD,67.95,67.95,67.95,67.95,24.0
2020-11-06 13:00:00,NSE:ORIENTLTD,67.95,67.95,67.95,67.95,1.0
2020-11-06 14:00:00,NSE:ORIENTLTD,69.4,69.4,69.4,69.4,1.0
2020-11-06 15:00:00,NSE:ORIENTLTD,69.45,71.3,67.95,71.3,204.0
2020-11-09 09:00:00,NSE:ORIENTLTD,68.0,68.0,68.0,68.0,1.0
2020-11-09 10:00:00,NSE:ORIENTLTD,71.4,71.4,68.0,68.0,170.0
2020-11-09 11:00:00,NSE:ORIENTLTD,68.0,72.95,68.0,72.95,137.0
2020-11-09 14:00:00,NSE:ORIENTLTD,67.95,67.95,67.95,67.95,10.0
2020-11-09 15:00:00,NSE:ORIENTLTD,70.9,71.0,70.9,71.0,127.0
2020-11-10 13:00:00,NSE:ORIENTLTD,68.1,68.1,68.1,68.1,200.0
2020-11-10 14:00:00,NSE:ORIENTLTD,71.45,71.45,71.45,71.45,1.0
2020-11-10 15:00:00,NSE:ORIENTLTD,68.1,70.65,68.1,70.65,43.0
2020-11-11 13:00:00,NSE:ORIENTLTD,68.1,68.1,68.1,68.1,1.0
2020-11-11 14:00:00,NSE:ORIENTLTD,71.9,71.9,71.9,71.9,45.0
2020-11-11 15:00:00,NSE:ORIENTLTD,71.9,71.9,67.45,67.45,30.0
2020-11-12 09:00:00,NSE:ORIENTLTD,70.95,70.95,70.95,70.95,15.0
2020-11-12 15:00:00,NSE:ORIENTLTD,69.95,69.95,69.95,69.95,20.0
2020-11-13 12:00:00,NSE:ORIENTLTD,67.05,67.05,67.05,67.05,76.0
2020-11-13 14:00:00,NSE:ORIENTLTD,71.95,71.95,71.95,71.95,55.0
2020-11-13 15:00:00,NSE:ORIENTLTD,67.5,67.5,67.5,67.5,100.0
2020-11-14 18:00:00,NSE:ORIENTLTD,71.0,71.0,67.5,71.0,118.0
2020-11-14 19:00:00,NSE:ORIENTLTD,71.0,71.0,71.0,71.0,254.0
2020-11-17 09:00:00,NSE:ORIENTLTD,67.5,67.5,67.5,67.5,2.0
2020-11-17 10:00:00,NSE:ORIENTLTD,70.9,73.0,70.9,73.0,623.0
2020-11-17 11:00:00,NSE:ORIENTLTD,72.0,72.0,72.0,72.0,3.0
2020-11-17 12:00:00,NSE:ORIENTLTD,72.0,72.0,72.0,72.0,20.0
2020-11-17 14:00:00,NSE:ORIENTLTD,73.0,74.2,72.05,72.05,367.0
2020-11-17 15:00:00,NSE:ORIENTLTD,72.25,74.0,72.25,74.0,51.0
2020-11-18 09:00:00,NSE:ORIENTLTD,75.15,75.15,71.1,71.55,121.0
2020-11-18 10:00:00,NSE:ORIENTLTD,75.0,75.0,73.05,75.0,807.0
2020-11-18 11:00:00,NSE:ORIENTLTD,75.0,75.0,75.0,75.0,21.0
2020-11-18 12:00:00,NSE:ORIENTLTD,75.0,75.0,75.0,75.0,23.0
2020-11-18 14:00:00,NSE:ORIENTLTD,74.4,74.4,74.35,74.4,867.0
2020-11-18 15:00:00,NSE:ORIENTLTD,77.15,77.15,75.05,77.15,300.0
2020-11-19 09:00:00,NSE:ORIENTLTD,80.8,80.8,78.1,78.1,214.0
2020-11-19 12:00:00,NSE:ORIENTLTD,78.1,78.1,78.1,78.1,148.0
2020-11-19 13:00:00,NSE:ORIENTLTD,77.2,77.2,77.2,77.2,6.0
2020-11-19 15:00:00,NSE:ORIENTLTD,80.0,80.85,80.0,80.85,463.0
2020-11-20 10:00:00,NSE:ORIENTLTD,77.15,77.15,77.15,77.15,70.0
2020-11-20 12:00:00,NSE:ORIENTLTD,76.85,76.85,76.85,76.85,30.0
2020-11-20 13:00:00,NSE:ORIENTLTD,79.95,79.95,76.1,79.75,113.0
2020-11-20 14:00:00,NSE:ORIENTLTD,76.15,76.15,76.15,76.15,100.0
2020-11-20 15:00:00,NSE:ORIENTLTD,78.9,78.9,76.1,76.1,213.0
2020-11-23 09:00:00,NSE:ORIENTLTD,74.1,74.1,74.1,74.1,100.0
2020-11-23 11:00:00,NSE:ORIENTLTD,74.2,74.25,74.2,74.2,100.0
2020-11-23 12:00:00,NSE:ORIENTLTD,76.0,76.0,76.0,76.0,25.0
2020-11-23 13:00:00,NSE:ORIENTLTD,74.2,78.75,74.2,78.75,34.0
2020-11-23 15:00:00,NSE:ORIENTLTD,74.35,74.35,74.35,74.35,4.0
2020-11-24 09:00:00,NSE:ORIENTLTD,77.9,77.9,74.5,74.5,36.0
2020-11-24 10:00:00,NSE:ORIENTLTD,72.2,72.2,72.2,72.2,134.0
2020-11-24 11:00:00,NSE:ORIENTLTD,72.2,72.2,72.2,72.2,117.0
2020-11-24 15:00:00,NSE:ORIENTLTD,75.8,75.8,75.8,75.8,1.0
2020-11-25 09:00:00,NSE:ORIENTLTD,78.45,78.45,78.45,78.45,18.0
2020-11-25 10:00:00,NSE:ORIENTLTD,77.65,77.65,77.65,77.65,20.0
2020-11-25 11:00:00,NSE:ORIENTLTD,77.55,77.55,73.15,73.15,164.0
2020-11-25 12:00:00,NSE:ORIENTLTD,76.65,76.65,76.65,76.65,1.0
2020-11-25 13:00:00,NSE:ORIENTLTD,73.85,73.85,73.85,73.85,15.0
2020-11-25 14:00:00,NSE:ORIENTLTD,76.25,76.25,76.15,76.15,38.0
2020-11-25 15:00:00,NSE:ORIENTLTD,73.45,73.45,73.45,73.45,18.0
2020-11-26 10:00:00,NSE:ORIENTLTD,73.45,75.85,70.55,70.55,10.0
2020-11-26 11:00:00,NSE:ORIENTLTD,74.7,74.7,74.7,74.7,8.0
2020-11-26 12:00:00,NSE:ORIENTLTD,74.0,74.0,74.0,74.0,10.0
2020-11-26 13:00:00,NSE:ORIENTLTD,74.7,74.7,74.7,74.7,215.0
2020-11-26 14:00:00,NSE:ORIENTLTD,75.1,75.1,75.1,75.1,50.0
2020-11-26 15:00:00,NSE:ORIENTLTD,75.5,76.95,75.5,76.95,6.0
2020-11-27 09:00:00,NSE:ORIENTLTD,77.75,77.75,77.75,77.75,1.0
2020-11-27 12:00:00,NSE:ORIENTLTD,73.45,73.45,73.45,73.45,20.0
2020-11-27 13:00:00,NSE:ORIENTLTD,77.35,77.4,77.35,77.4,66.0
2020-11-27 14:00:00,NSE:ORIENTLTD,77.35,77.35,77.35,77.35,1.0
2020-12-01 09:00:00,NSE:ORIENTLTD,78.0,78.0,73.95,73.95,43.0
2020-12-01 10:00:00,NSE:ORIENTLTD,78.6,78.6,78.6,78.6,100.0
2020-12-01 11:00:00,NSE:ORIENTLTD,78.4,78.4,78.4,78.4,10.0
2020-12-01 12:00:00,NSE:ORIENTLTD,74.6,77.75,74.6,77.75,101.0
2020-12-01 13:00:00,NSE:ORIENTLTD,74.35,77.2,74.3,75.0,401.0
2020-12-01 15:00:00,NSE:ORIENTLTD,77.0,78.7,77.0,78.7,103.0
2020-12-02 09:00:00,NSE:ORIENTLTD,75.3,75.3,75.25,75.25,100.0
2020-12-02 11:00:00,NSE:ORIENTLTD,79.2,79.2,79.2,79.2,2.0
2020-12-02 12:00:00,NSE:ORIENTLTD,79.15,79.15,79.0,79.0,65.0
2020-12-02 13:00:00,NSE:ORIENTLTD,75.4,78.9,75.4,78.9,3.0
2020-12-02 14:00:00,NSE:ORIENTLTD,78.3,78.3,78.3,78.3,5.0
2020-12-02 15:00:00,NSE:ORIENTLTD,75.25,75.25,75.25,75.25,42.0
2020-12-03 10:00:00,NSE:ORIENTLTD,79.0,79.0,75.45,75.45,75.0
2020-12-03 13:00:00,NSE:ORIENTLTD,78.45,78.45,78.0,78.0,32.0
2020-12-03 14:00:00,NSE:ORIENTLTD,77.8,77.8,77.8,77.8,10.0
2020-12-03 15:00:00,NSE:ORIENTLTD,77.7,77.9,77.7,77.7,23.0
2020-12-04 10:00:00,NSE:ORIENTLTD,75.5,75.5,75.5,75.5,14.0
2020-12-04 11:00:00,NSE:ORIENTLTD,76.25,76.3,76.25,76.25,25.0
2020-12-04 13:00:00,NSE:ORIENTLTD,80.9,80.9,76.6,76.6,78.0
2020-12-04 15:00:00,NSE:ORIENTLTD,76.75,76.75,76.75,76.75,12.0
2020-12-07 09:00:00,NSE:ORIENTLTD,84.4,84.4,76.75,76.75,20.0
2020-12-07 10:00:00,NSE:ORIENTLTD,76.75,81.5,76.75,81.35,47.0
2020-12-07 11:00:00,NSE:ORIENTLTD,81.15,81.15,81.15,81.15,10.0
2020-12-07 12:00:00,NSE:ORIENTLTD,81.05,81.1,81.05,81.1,12.0
2020-12-07 13:00:00,NSE:ORIENTLTD,80.0,84.0,77.35,77.35,264.0
2020-12-07 14:00:00,NSE:ORIENTLTD,77.75,83.95,77.75,78.05,476.0
2020-12-07 15:00:00,NSE:ORIENTLTD,78.6,78.65,78.6,78.65,2.0
2020-12-08 09:00:00,NSE:ORIENTLTD,86.45,86.45,84.0,86.45,520.0
2020-12-08 10:00:00,NSE:ORIENTLTD,85.1,86.45,85.1,86.0,74.0
2020-12-08 11:00:00,NSE:ORIENTLTD,86.0,86.0,82.0,82.0,166.0
2020-12-08 12:00:00,NSE:ORIENTLTD,86.0,86.0,82.2,82.2,130.0
2020-12-08 14:00:00,NSE:ORIENTLTD,84.0,84.5,82.0,82.0,226.0
2020-12-08 15:00:00,NSE:ORIENTLTD,82.0,82.0,82.0,82.0,13.0
2020-12-09 09:00:00,NSE:ORIENTLTD,82.0,82.0,82.0,82.0,10.0
2020-12-09 10:00:00,NSE:ORIENTLTD,82.2,82.25,82.2,82.2,10.0
2020-12-09 11:00:00,NSE:ORIENTLTD,84.0,84.0,84.0,84.0,66.0
2020-12-09 12:00:00,NSE:ORIENTLTD,84.0,84.0,84.0,84.0,34.0
2020-12-09 13:00:00,NSE:ORIENTLTD,84.0,84.0,84.0,84.0,68.0
2020-12-09 14:00:00,NSE:ORIENTLTD,84.0,84.0,84.0,84.0,70.0
2020-12-09 15:00:00,NSE:ORIENTLTD,84.0,84.0,84.0,84.0,30.0
2020-12-10 10:00:00,NSE:ORIENTLTD,80.6,86.95,79.2,86.95,234.0
2020-12-10 12:00:00,NSE:ORIENTLTD,76.05,82.0,76.05,82.0,227.0
2020-12-10 14:00:00,NSE:ORIENTLTD,81.25,81.95,81.25,81.95,412.0
2020-12-10 15:00:00,NSE:ORIENTLTD,84.0,84.0,84.0,84.0,170.0
2020-12-11 09:00:00,NSE:ORIENTLTD,87.35,87.4,78.8,87.4,250.0
2020-12-11 12:00:00,NSE:ORIENTLTD,81.6,84.5,81.6,84.5,51.0
2020-12-14 09:00:00,NSE:ORIENTLTD,84.65,84.65,84.5,84.5,51.0
2020-12-14 10:00:00,NSE:ORIENTLTD,80.0,84.4,80.0,84.4,155.0
2020-12-14 11:00:00,NSE:ORIENTLTD,81.0,84.0,81.0,81.55,310.0
2020-12-14 12:00:00,NSE:ORIENTLTD,81.7,84.25,81.7,83.95,31.0
2020-12-14 14:00:00,NSE:ORIENTLTD,82.5,82.5,82.5,82.5,8.0
2020-12-14 15:00:00,NSE:ORIENTLTD,83.95,84.0,83.95,84.0,32.0
2020-12-15 09:00:00,NSE:ORIENTLTD,80.05,80.05,80.05,80.05,10.0
2020-12-15 10:00:00,NSE:ORIENTLTD,80.15,80.15,80.05,80.15,17.0
2020-12-15 11:00:00,NSE:ORIENTLTD,85.95,85.95,85.0,85.0,68.0
2020-12-15 12:00:00,NSE:ORIENTLTD,81.05,81.25,81.05,81.25,29.0
2020-12-15 13:00:00,NSE:ORIENTLTD,85.35,85.35,81.3,84.05,66.0
2020-12-15 14:00:00,NSE:ORIENTLTD,85.45,85.45,85.45,85.45,6.0
2020-12-15 15:00:00,NSE:ORIENTLTD,84.95,84.95,81.4,81.4,24.0
2020-12-16 10:00:00,NSE:ORIENTLTD,84.95,84.95,82.5,82.5,175.0
2020-12-16 11:00:00,NSE:ORIENTLTD,82.5,82.5,82.45,82.5,102.0
2020-12-16 13:00:00,NSE:ORIENTLTD,84.95,85.0,84.1,84.1,411.0
2020-12-16 14:00:00,NSE:ORIENTLTD,84.1,86.5,82.5,86.5,771.0
2020-12-16 15:00:00,NSE:ORIENTLTD,83.15,83.15,83.1,83.15,151.0
2020-12-17 09:00:00,NSE:ORIENTLTD,83.1,83.1,83.1,83.1,8.0
2020-12-17 10:00:00,NSE:ORIENTLTD,75.2,84.55,75.2,84.2,812.0
2020-12-17 11:00:00,NSE:ORIENTLTD,82.0,82.0,82.0,82.0,20.0
2020-12-17 12:00:00,NSE:ORIENTLTD,80.5,80.5,80.5,80.5,5.0
2020-12-17 13:00:00,NSE:ORIENTLTD,83.95,83.95,81.0,81.1,210.0
2020-12-17 14:00:00,NSE:ORIENTLTD,81.0,81.9,81.0,81.85,270.0
2020-12-17 15:00:00,NSE:ORIENTLTD,81.0,82.0,81.0,82.0,82.0
2020-12-18 09:00:00,NSE:ORIENTLTD,78.0,83.85,76.0,83.85,401.0
2020-12-18 10:00:00,NSE:ORIENTLTD,81.55,81.55,79.8,79.8,4.0
2020-12-18 11:00:00,NSE:ORIENTLTD,77.15,79.9,77.15,79.85,350.0
2020-12-18 12:00:00,NSE:ORIENTLTD,79.85,79.85,79.55,79.55,60.0
2020-12-18 13:00:00,NSE:ORIENTLTD,79.55,79.55,79.55,79.55,5.0
2020-12-18 14:00:00,NSE:ORIENTLTD,78.0,79.85,77.55,79.75,248.0
2020-12-18 15:00:00,NSE:ORIENTLTD,79.75,82.45,79.0,80.0,331.0
2020-12-21 09:00:00,NSE:ORIENTLTD,79.55,79.55,79.55,79.55,1.0
2020-12-21 10:00:00,NSE:ORIENTLTD,79.55,79.55,79.35,79.4,282.0
2020-12-21 11:00:00,NSE:ORIENTLTD,79.4,79.4,79.4,79.4,1.0
2020-12-21 12:00:00,NSE:ORIENTLTD,79.0,79.4,78.5,79.4,80.0
2020-12-21 13:00:00,NSE:ORIENTLTD,78.5,79.4,78.5,79.4,56.0
2020-12-21 14:00:00,NSE:ORIENTLTD,78.55,78.55,78.1,78.1,108.0
2020-12-21 15:00:00,NSE:ORIENTLTD,78.1,78.1,78.1,78.1,40.0
2020-12-22 09:00:00,NSE:ORIENTLTD,73.1,73.1,73.1,73.1,10.0
2020-12-22 10:00:00,NSE:ORIENTLTD,73.25,81.0,73.25,74.2,413.0
2020-12-22 11:00:00,NSE:ORIENTLTD,74.4,78.95,74.4,78.95,15.0
2020-12-22 12:00:00,NSE:ORIENTLTD,76.1,76.1,76.1,76.1,20.0
2020-12-22 13:00:00,NSE:ORIENTLTD,79.0,79.0,79.0,79.0,20.0
2020-12-22 14:00:00,NSE:ORIENTLTD,79.0,79.0,76.4,79.0,34.0
2020-12-22 15:00:00,NSE:ORIENTLTD,79.0,79.0,79.0,79.0,190.0
2020-12-23 10:00:00,NSE:ORIENTLTD,79.0,79.0,74.25,74.25,2123.0
2020-12-23 11:00:00,NSE:ORIENTLTD,77.3,77.3,74.0,75.2,3547.0
2020-12-23 12:00:00,NSE:ORIENTLTD,74.0,77.0,73.95,77.0,2225.0
2020-12-23 13:00:00,NSE:ORIENTLTD,77.0,77.0,77.0,77.0,291.0
2020-12-23 14:00:00,NSE:ORIENTLTD,76.8,77.85,75.9,76.25,283.0
2020-12-23 15:00:00,NSE:ORIENTLTD,77.5,77.85,76.3,76.3,540.0
2020-12-24 09:00:00,NSE:ORIENTLTD,80.8,80.8,75.15,78.95,290.0
2020-12-24 10:00:00,NSE:ORIENTLTD,78.9,80.0,78.9,80.0,254.0
2020-12-24 11:00:00,NSE:ORIENTLTD,80.0,83.5,80.0,81.5,633.0
2020-12-24 12:00:00,NSE:ORIENTLTD,80.0,80.0,78.15,78.15,99.0
2020-12-24 14:00:00,NSE:ORIENTLTD,80.0,80.0,78.25,79.85,28.0
2020-12-24 15:00:00,NSE:ORIENTLTD,79.8,79.85,78.6,79.85,84.0
2020-12-28 09:00:00,NSE:ORIENTLTD,79.6,80.0,79.6,80.0,27.0
2020-12-28 10:00:00,NSE:ORIENTLTD,81.0,81.0,78.2,81.0,113.0
2020-12-28 11:00:00,NSE:ORIENTLTD,78.3,78.3,78.3,78.3,25.0
2020-12-28 12:00:00,NSE:ORIENTLTD,79.0,79.0,79.0,79.0,24.0
2020-12-28 13:00:00,NSE:ORIENTLTD,80.8,80.8,80.65,80.7,25.0
2020-12-28 14:00:00,NSE:ORIENTLTD,80.7,80.7,80.0,80.0,2.0
2020-12-28 15:00:00,NSE:ORIENTLTD,80.7,80.7,80.0,80.0,75.0
2020-12-29 09:00:00,NSE:ORIENTLTD,77.5,81.8,77.5,81.8,102.0
2020-12-29 10:00:00,NSE:ORIENTLTD,81.75,81.8,81.0,81.8,120.0
2020-12-29 11:00:00,NSE:ORIENTLTD,78.2,78.2,78.2,78.2,150.0
2020-12-29 12:00:00,NSE:ORIENTLTD,81.75,81.75,81.75,81.75,88.0
2020-12-29 14:00:00,NSE:ORIENTLTD,81.5,81.7,81.5,81.7,56.0
2020-12-29 15:00:00,NSE:ORIENTLTD,81.8,81.8,79.15,81.7,467.0
2020-12-30 11:00:00,NSE:ORIENTLTD,78.65,78.65,78.65,78.65,45.0
2020-12-30 14:00:00,NSE:ORIENTLTD,81.0,81.0,78.65,80.85,560.0
2020-12-30 15:00:00,NSE:ORIENTLTD,80.85,81.0,80.8,80.8,109.0
2020-12-31 10:00:00,NSE:ORIENTLTD,80.8,80.8,80.8,80.8,1.0
2020-12-31 11:00:00,NSE:ORIENTLTD,80.8,80.8,80.8,80.8,12.0
2020-12-31 14:00:00,NSE:ORIENTLTD,80.85,80.85,80.85,80.85,11.0
2020-12-31 15:00:00,NSE:ORIENTLTD,80.85,80.85,80.85,80.85,51.0
2021-01-01 09:00:00,NSE:ORIENTLTD,77.6,77.6,77.6,77.6,2.0
2021-01-01 10:00:00,NSE:ORIENTLTD,77.6,81.9,77.6,81.75,262.0
2021-01-01 11:00:00,NSE:ORIENTLTD,78.5,81.5,78.5,80.0,237.0
2021-01-01 13:00:00,NSE:ORIENTLTD,80.95,80.95,80.95,80.95,25.0
2021-01-01 14:00:00,NSE:ORIENTLTD,80.55,80.9,79.0,79.8,237.0
2021-01-01 15:00:00,NSE:ORIENTLTD,79.8,79.85,79.8,79.8,173.0
2021-01-04 09:00:00,NSE:ORIENTLTD,77.25,81.5,77.25,81.5,240.0
2021-01-04 10:00:00,NSE:ORIENTLTD,77.5,81.5,77.5,81.4,388.0
2021-01-04 13:00:00,NSE:ORIENTLTD,81.3,81.3,78.65,81.25,143.0
2021-01-04 15:00:00,NSE:ORIENTLTD,79.55,80.45,79.55,80.45,183.0
2021-01-05 09:00:00,NSE:ORIENTLTD,83.05,83.05,77.25,82.0,397.0
2021-01-05 10:00:00,NSE:ORIENTLTD,80.65,80.65,78.0,80.0,289.0
2021-01-05 12:00:00,NSE:ORIENTLTD,80.0,80.0,80.0,80.0,21.0
2021-01-05 13:00:00,NSE:ORIENTLTD,80.65,80.65,80.0,80.0,55.0
2021-01-05 14:00:00,NSE:ORIENTLTD,81.0,81.5,80.0,80.05,216.0
2021-01-05 15:00:00,NSE:ORIENTLTD,80.05,80.05,80.05,80.05,5.0
2021-01-06 09:00:00,NSE:ORIENTLTD,82.05,82.55,78.0,78.15,328.0
2021-01-06 10:00:00,NSE:ORIENTLTD,82.05,82.2,78.6,81.15,254.0
2021-01-06 11:00:00,NSE:ORIENTLTD,80.0,81.9,79.25,80.2,851.0
2021-01-06 12:00:00,NSE:ORIENTLTD,81.0,81.0,81.0,81.0,62.0
2021-01-06 13:00:00,NSE:ORIENTLTD,80.6,80.6,80.6,80.6,25.0
2021-01-06 14:00:00,NSE:ORIENTLTD,79.85,79.85,79.05,79.2,26.0
2021-01-06 15:00:00,NSE:ORIENTLTD,79.2,80.8,79.0,79.0,60.0
2021-01-07 09:00:00,NSE:ORIENTLTD,82.1,82.1,78.25,79.7,911.0
2021-01-07 11:00:00,NSE:ORIENTLTD,80.1,84.65,80.1,82.6,949.0
2021-01-07 12:00:00,NSE:ORIENTLTD,83.95,84.4,82.1,83.95,376.0
2021-01-07 13:00:00,NSE:ORIENTLTD,82.25,83.7,82.25,83.65,406.0
2021-01-07 14:00:00,NSE:ORIENTLTD,83.65,83.95,82.1,83.95,1193.0
2021-01-07 15:00:00,NSE:ORIENTLTD,83.9,83.9,83.0,83.85,407.0
2021-01-08 09:00:00,NSE:ORIENTLTD,84.0,86.4,83.9,84.0,372.0
2021-01-08 10:00:00,NSE:ORIENTLTD,83.1,83.1,83.1,83.1,25.0
2021-01-08 11:00:00,NSE:ORIENTLTD,83.1,83.1,83.1,83.1,11.0
2021-01-08 12:00:00,NSE:ORIENTLTD,83.9,84.8,83.9,84.8,135.0
2021-01-08 13:00:00,NSE:ORIENTLTD,84.8,86.0,84.8,86.0,606.0
2021-01-08 14:00:00,NSE:ORIENTLTD,83.4,86.0,83.4,86.0,100.0
2021-01-08 15:00:00,NSE:ORIENTLTD,85.95,86.3,83.7,86.3,152.0
2021-01-11 09:00:00,NSE:ORIENTLTD,88.9,88.9,88.0,88.0,151.0
2021-01-11 10:00:00,NSE:ORIENTLTD,87.8,88.4,83.9,86.7,874.0
2021-01-11 11:00:00,NSE:ORIENTLTD,83.7,85.3,83.7,84.85,134.0
2021-01-11 12:00:00,NSE:ORIENTLTD,84.8,84.8,84.8,84.8,3.0
2021-01-11 13:00:00,NSE:ORIENTLTD,84.7,84.7,84.7,84.7,49.0
2021-01-11 14:00:00,NSE:ORIENTLTD,84.15,86.85,83.8,83.8,282.0
2021-01-11 15:00:00,NSE:ORIENTLTD,87.85,87.9,83.75,83.75,220.0
2021-01-12 09:00:00,NSE:ORIENTLTD,84.45,84.45,84.45,84.45,1.0
2021-01-12 10:00:00,NSE:ORIENTLTD,84.7,87.0,84.65,84.65,55.0
2021-01-12 11:00:00,NSE:ORIENTLTD,86.95,86.95,86.95,86.95,7.0
2021-01-12 13:00:00,NSE:ORIENTLTD,85.15,85.15,85.0,85.05,14.0
2021-01-12 14:00:00,NSE:ORIENTLTD,87.0,91.25,84.7,89.05,2568.0
2021-01-12 15:00:00,NSE:ORIENTLTD,89.25,91.6,86.2,86.2,1506.0
2021-01-13 09:00:00,NSE:ORIENTLTD,90.0,97.9,90.0,94.5,1047.0
2021-01-13 10:00:00,NSE:ORIENTLTD,94.5,94.5,92.1,93.6,581.0
2021-01-13 11:00:00,NSE:ORIENTLTD,93.7,93.7,93.7,93.7,190.0
2021-01-13 12:00:00,NSE:ORIENTLTD,93.35,93.9,92.0,93.9,722.0
2021-01-13 13:00:00,NSE:ORIENTLTD,93.7,94.0,91.9,92.95,266.0
2021-01-13 14:00:00,NSE:ORIENTLTD,93.1,94.55,92.1,94.55,534.0
2021-01-13 15:00:00,NSE:ORIENTLTD,94.35,96.0,93.6,95.0,525.0
2021-01-14 09:00:00,NSE:ORIENTLTD,102.0,104.1,95.4,104.1,3034.0
2021-01-14 10:00:00,NSE:ORIENTLTD,102.35,104.1,102.35,104.1,587.0
2021-01-14 11:00:00,NSE:ORIENTLTD,104.1,104.1,104.1,104.1,164.0
2021-01-14 12:00:00,NSE:ORIENTLTD,104.1,104.1,104.1,104.1,15.0
2021-01-14 13:00:00,NSE:ORIENTLTD,104.1,104.1,104.1,104.1,2.0
2021-01-15 09:00:00,NSE:ORIENTLTD,112.0,114.5,112.0,114.5,1477.0
2021-01-15 10:00:00,NSE:ORIENTLTD,114.5,114.5,110.0,114.45,7679.0
2021-01-15 11:00:00,NSE:ORIENTLTD,114.35,114.5,106.2,114.5,5884.0
2021-01-15 12:00:00,NSE:ORIENTLTD,114.5,114.5,113.5,114.5,508.0
2021-01-15 13:00:00,NSE:ORIENTLTD,114.5,114.5,114.0,114.5,3690.0
2021-01-15 14:00:00,NSE:ORIENTLTD,114.0,114.5,109.85,114.5,8839.0
2021-01-15 15:00:00,NSE:ORIENTLTD,114.5,114.5,112.5,114.45,927.0
2021-01-18 09:00:00,NSE:ORIENTLTD,113.95,113.95,108.75,108.75,2134.0
2021-01-18 10:00:00,NSE:ORIENTLTD,108.75,108.75,108.75,108.75,1021.0
2021-01-18 11:00:00,NSE:ORIENTLTD,108.75,108.75,108.75,108.75,2205.0
2021-01-18 12:00:00,NSE:ORIENTLTD,108.75,108.75,108.75,108.75,22.0
2021-01-18 13:00:00,NSE:ORIENTLTD,108.75,108.75,108.75,108.75,134.0
2021-01-18 14:00:00,NSE:ORIENTLTD,108.75,108.75,108.75,108.75,63.0
2021-01-18 15:00:00,NSE:ORIENTLTD,108.75,111.0,108.75,108.75,3184.0
2021-01-19 09:00:00,NSE:ORIENTLTD,104.5,113.75,103.4,104.8,2691.0
2021-01-19 10:00:00,NSE:ORIENTLTD,104.7,104.7,103.4,103.4,1300.0
2021-01-19 11:00:00,NSE:ORIENTLTD,103.4,104.45,103.4,104.45,1044.0
2021-01-19 12:00:00,NSE:ORIENTLTD,103.4,104.45,103.4,104.0,260.0
2021-01-19 13:00:00,NSE:ORIENTLTD,104.5,104.5,103.4,103.5,293.0
2021-01-19 14:00:00,NSE:ORIENTLTD,104.4,104.5,103.6,104.45,161.0
2021-01-19 15:00:00,NSE:ORIENTLTD,104.5,104.5,103.4,103.4,140.0
2021-01-20 09:00:00,NSE:ORIENTLTD,107.95,107.95,100.1,100.1,1259.0
2021-01-20 10:00:00,NSE:ORIENTLTD,101.95,101.95,100.65,101.75,114.0
2021-01-20 11:00:00,NSE:ORIENTLTD,100.65,101.65,99.95,100.45,366.0
2021-01-20 12:00:00,NSE:ORIENTLTD,100.4,100.45,100.05,100.45,172.0
2021-01-20 13:00:00,NSE:ORIENTLTD,100.45,100.95,100.45,100.95,30.0
2021-01-20 14:00:00,NSE:ORIENTLTD,100.45,100.7,99.6,100.55,256.0
2021-01-20 15:00:00,NSE:ORIENTLTD,100.5,100.95,99.55,99.55,690.0
2021-01-21 09:00:00,NSE:ORIENTLTD,104.6,104.6,97.6,99.2,2406.0
2021-01-21 10:00:00,NSE:ORIENTLTD,98.65,99.95,97.8,99.15,1178.0
2021-01-21 11:00:00,NSE:ORIENTLTD,98.1,99.95,98.1,99.95,308.0
2021-01-21 12:00:00,NSE:ORIENTLTD,99.95,99.95,98.6,98.6,124.0
2021-01-21 13:00:00,NSE:ORIENTLTD,98.6,99.2,98.5,98.55,443.0
2021-01-21 14:00:00,NSE:ORIENTLTD,98.55,98.55,98.55,98.55,2.0
2021-01-21 15:00:00,NSE:ORIENTLTD,98.1,98.1,97.9,97.9,193.0
2021-01-22 09:00:00,NSE:ORIENTLTD,93.75,100.7,93.75,97.1,643.0
2021-01-22 10:00:00,NSE:ORIENTLTD,97.1,100.35,97.1,97.2,213.0
2021-01-22 11:00:00,NSE:ORIENTLTD,99.9,99.9,99.9,99.9,1.0
2021-01-22 12:00:00,NSE:ORIENTLTD,99.0,99.0,98.2,98.75,40.0
2021-01-22 13:00:00,NSE:ORIENTLTD,96.9,96.9,96.25,96.25,26.0
2021-01-22 14:00:00,NSE:ORIENTLTD,98.75,98.75,98.75,98.75,9.0
2021-01-22 15:00:00,NSE:ORIENTLTD,96.1,97.65,95.75,97.35,334.0
2021-01-25 09:00:00,NSE:ORIENTLTD,102.0,102.0,95.0,95.5,176.0
2021-01-25 10:00:00,NSE:ORIENTLTD,95.5,95.5,94.95,95.2,94.0
2021-01-25 11:00:00,NSE:ORIENTLTD,95.2,95.2,95.2,95.2,15.0
2021-01-25 12:00:00,NSE:ORIENTLTD,96.1,96.1,95.95,95.95,6.0
2021-01-25 13:00:00,NSE:ORIENTLTD,95.95,95.95,95.95,95.95,1.0
2021-01-25 14:00:00,NSE:ORIENTLTD,95.35,95.95,95.35,95.9,104.0
2021-01-25 15:00:00,NSE:ORIENTLTD,95.35,95.9,95.35,95.35,201.0
2021-01-27 09:00:00,NSE:ORIENTLTD,91.75,94.45,91.7,91.7,52.0
2021-01-27 10:00:00,NSE:ORIENTLTD,91.05,91.05,90.65,90.65,188.0
2021-01-27 11:00:00,NSE:ORIENTLTD,90.7,90.7,90.7,90.7,11.0
2021-01-27 12:00:00,NSE:ORIENTLTD,93.75,93.75,90.6,90.6,36.0
2021-01-27 13:00:00,NSE:ORIENTLTD,90.6,90.6,90.6,90.6,50.0
2021-01-27 14:00:00,NSE:ORIENTLTD,90.6,90.6,90.6,90.6,146.0
2021-01-27 15:00:00,NSE:ORIENTLTD,90.6,90.6,90.6,90.6,148.0
2021-01-28 09:00:00,NSE:ORIENTLTD,88.1,94.85,88.1,91.0,205.0
2021-01-28 10:00:00,NSE:ORIENTLTD,89.1,89.1,89.1,89.1,15.0
2021-01-28 11:00:00,NSE:ORIENTLTD,90.9,91.05,90.9,91.05,12.0
2021-01-28 14:00:00,NSE:ORIENTLTD,89.15,92.95,89.15,92.95,403.0
2021-01-28 15:00:00,NSE:ORIENTLTD,94.4,94.4,94.4,94.4,38.0
2021-01-29 09:00:00,NSE:ORIENTLTD,95.9,95.9,91.6,91.7,173.0
2021-01-29 10:00:00,NSE:ORIENTLTD,95.0,95.0,95.0,95.0,150.0
2021-01-29 11:00:00,NSE:ORIENTLTD,92.55,95.0,92.55,92.65,126.0
2021-01-29 12:00:00,NSE:ORIENTLTD,92.65,92.65,92.6,92.6,150.0
2021-01-29 14:00:00,NSE:ORIENTLTD,94.35,94.35,94.35,94.35,12.0
2021-01-29 15:00:00,NSE:ORIENTLTD,94.0,94.0,92.6,93.95,98.0
2021-02-01 09:00:00,NSE:ORIENTLTD,96.95,97.5,90.7,90.85,263.0
2021-02-01 10:00:00,NSE:ORIENTLTD,90.9,90.9,90.9,90.9,25.0
2021-02-01 11:00:00,NSE:ORIENTLTD,93.3,93.3,91.1,91.1,12.0
2021-02-01 12:00:00,NSE:ORIENTLTD,91.1,92.6,91.1,92.5,57.0
2021-02-01 13:00:00,NSE:ORIENTLTD,92.0,92.05,92.0,92.05,60.0
2021-02-01 14:00:00,NSE:ORIENTLTD,92.1,92.1,90.75,90.75,88.0
2021-02-01 15:00:00,NSE:ORIENTLTD,90.75,91.0,90.75,91.0,49.0
2021-02-02 09:00:00,NSE:ORIENTLTD,91.2,91.2,89.15,91.2,72.0
2021-02-02 10:00:00,NSE:ORIENTLTD,92.5,95.35,92.05,92.05,233.0
2021-02-02 14:00:00,NSE:ORIENTLTD,93.55,93.55,93.55,93.55,23.0
2021-02-02 15:00:00,NSE:ORIENTLTD,94.4,94.4,92.8,94.4,112.0
2021-02-03 09:00:00,NSE:ORIENTLTD,93.5,93.8,93.5,93.65,447.0
2021-02-03 11:00:00,NSE:ORIENTLTD,93.9,93.9,93.15,93.15,253.0
2021-02-03 13:00:00,NSE:ORIENTLTD,93.15,93.9,91.3,93.9,453.0
2021-02-03 14:00:00,NSE:ORIENTLTD,93.9,93.9,91.5,92.35,55.0
2021-02-03 15:00:00,NSE:ORIENTLTD,92.0,92.0,90.7,90.7,91.0
2021-02-04 09:00:00,NSE:ORIENTLTD,90.9,90.9,90.9,90.9,1.0
2021-02-04 10:00:00,NSE:ORIENTLTD,90.65,90.65,90.65,90.65,1.0
2021-02-04 12:00:00,NSE:ORIENTLTD,91.5,95.0,91.5,95.0,106.0
2021-02-04 13:00:00,NSE:ORIENTLTD,91.1,94.35,89.5,92.8,574.0
2021-02-04 14:00:00,NSE:ORIENTLTD,92.75,92.85,92.7,92.85,196.0
2021-02-04 15:00:00,NSE:ORIENTLTD,91.9,93.9,91.25,93.9,169.0
2021-02-05 09:00:00,NSE:ORIENTLTD,93.55,95.3,93.5,95.3,28.0
2021-02-05 10:00:00,NSE:ORIENTLTD,95.0,95.35,94.0,94.0,143.0
2021-02-05 11:00:00,NSE:ORIENTLTD,93.1,93.1,91.1,92.4,165.0
2021-02-05 13:00:00,NSE:ORIENTLTD,91.25,91.25,91.25,91.25,11.0
2021-02-05 14:00:00,NSE:ORIENTLTD,92.3,92.35,92.3,92.35,6.0
2021-02-05 15:00:00,NSE:ORIENTLTD,93.55,93.55,92.0,92.0,23.0
2021-02-08 09:00:00,NSE:ORIENTLTD,92.15,96.75,88.4,91.65,651.0
2021-02-08 10:00:00,NSE:ORIENTLTD,92.4,92.65,92.4,92.65,101.0
2021-02-08 11:00:00,NSE:ORIENTLTD,93.0,95.4,93.0,95.4,60.0
2021-02-08 12:00:00,NSE:ORIENTLTD,95.0,95.0,93.05,93.05,257.0
2021-02-08 13:00:00,NSE:ORIENTLTD,95.0,96.25,95.0,95.8,19.0
2021-02-08 14:00:00,NSE:ORIENTLTD,93.15,94.0,93.15,93.25,135.0
2021-02-08 15:00:00,NSE:ORIENTLTD,93.25,94.35,93.25,93.3,210.0
2021-02-09 09:00:00,NSE:ORIENTLTD,97.9,97.95,94.1,95.45,1002.0
2021-02-09 10:00:00,NSE:ORIENTLTD,95.45,96.15,95.45,96.15,114.0
2021-02-09 11:00:00,NSE:ORIENTLTD,96.1,97.95,96.1,97.95,768.0
2021-02-09 12:00:00,NSE:ORIENTLTD,97.95,97.95,97.55,97.55,10.0
2021-02-09 13:00:00,NSE:ORIENTLTD,97.25,97.25,95.55,95.55,54.0
2021-02-09 14:00:00,NSE:ORIENTLTD,95.6,95.6,95.6,95.6,10.0
2021-02-09 15:00:00,NSE:ORIENTLTD,95.65,95.65,95.0,95.0,341.0
2021-02-10 09:00:00,NSE:ORIENTLTD,95.0,95.4,93.3,95.3,96.0
2021-02-10 10:00:00,NSE:ORIENTLTD,93.7,94.15,93.3,93.3,33.0
2021-02-10 11:00:00,NSE:ORIENTLTD,94.9,94.9,92.5,92.5,108.0
2021-02-10 12:00:00,NSE:ORIENTLTD,93.6,93.6,93.6,93.6,14.0
2021-02-10 13:00:00,NSE:ORIENTLTD,94.75,95.0,94.15,95.0,37.0
2021-02-10 14:00:00,NSE:ORIENTLTD,94.0,94.05,94.0,94.0,35.0
2021-02-10 15:00:00,NSE:ORIENTLTD,94.9,95.3,93.25,93.25,109.0
2021-02-11 09:00:00,NSE:ORIENTLTD,90.5,94.7,90.5,94.7,398.0
2021-02-11 10:00:00,NSE:ORIENTLTD,94.5,95.65,90.9,92.9,1045.0
2021-02-11 11:00:00,NSE:ORIENTLTD,94.4,94.4,94.35,94.35,10.0
2021-02-11 13:00:00,NSE:ORIENTLTD,94.4,94.4,92.6,92.6,3.0
2021-02-11 14:00:00,NSE:ORIENTLTD,93.45,93.85,93.45,93.85,24.0
2021-02-11 15:00:00,NSE:ORIENTLTD,93.85,93.85,92.0,92.9,645.0
2021-02-12 10:00:00,NSE:ORIENTLTD,91.4,94.85,91.4,94.85,126.0
2021-02-12 11:00:00,NSE:ORIENTLTD,91.8,94.65,91.5,91.8,228.0
2021-02-12 12:00:00,NSE:ORIENTLTD,93.85,93.85,93.85,93.85,16.0
2021-02-12 15:00:00,NSE:ORIENTLTD,93.8,93.8,89.0,90.0,288.0
2021-02-15 10:00:00,NSE:ORIENTLTD,93.7,93.7,91.2,91.2,227.0
2021-02-15 11:00:00,NSE:ORIENTLTD,91.9,91.9,91.5,91.5,136.0
2021-02-15 12:00:00,NSE:ORIENTLTD,91.1,91.1,91.1,91.1,50.0
2021-02-15 13:00:00,NSE:ORIENTLTD,92.4,92.4,91.25,92.3,65.0
2021-02-15 14:00:00,NSE:ORIENTLTD,92.3,92.3,90.3,90.3,230.0
2021-02-15 15:00:00,NSE:ORIENTLTD,91.0,92.25,88.25,88.3,110.0
2021-02-16 10:00:00,NSE:ORIENTLTD,90.95,90.95,90.9,90.95,11.0
2021-02-16 11:00:00,NSE:ORIENTLTD,90.9,90.9,90.9,90.9,5.0
2021-02-16 12:00:00,NSE:ORIENTLTD,90.7,94.0,90.2,94.0,162.0
2021-02-16 13:00:00,NSE:ORIENTLTD,93.95,93.95,88.4,88.4,14.0
2021-02-16 14:00:00,NSE:ORIENTLTD,94.0,94.0,88.35,88.35,60.0
2021-02-16 15:00:00,NSE:ORIENTLTD,88.4,94.0,88.4,94.0,60.0
2021-02-17 09:00:00,NSE:ORIENTLTD,85.45,93.55,85.45,93.55,474.0
2021-02-17 10:00:00,NSE:ORIENTLTD,93.5,93.5,93.5,93.5,4.0
2021-02-17 11:00:00,NSE:ORIENTLTD,90.1,90.1,89.1,89.15,41.0
2021-02-17 12:00:00,NSE:ORIENTLTD,89.1,92.4,88.9,92.4,195.0
2021-02-17 13:00:00,NSE:ORIENTLTD,88.9,88.9,88.9,88.9,27.0
2021-02-17 14:00:00,NSE:ORIENTLTD,91.4,91.4,90.0,90.35,70.0
2021-02-17 15:00:00,NSE:ORIENTLTD,90.35,93.0,90.35,93.0,131.0
2021-02-18 09:00:00,NSE:ORIENTLTD,87.0,95.9,87.0,90.95,289.0
2021-02-18 10:00:00,NSE:ORIENTLTD,90.45,92.95,90.45,92.05,69.0
2021-02-18 11:00:00,NSE:ORIENTLTD,92.5,92.5,91.2,92.45,54.0
2021-02-18 12:00:00,NSE:ORIENTLTD,91.95,92.35,91.15,91.15,31.0
2021-02-18 13:00:00,NSE:ORIENTLTD,92.55,92.55,92.55,92.55,5.0
2021-02-18 14:00:00,NSE:ORIENTLTD,91.2,91.5,90.3,90.45,218.0
2021-02-18 15:00:00,NSE:ORIENTLTD,90.5,90.5,90.5,90.5,18.0
2021-02-19 09:00:00,NSE:ORIENTLTD,94.6,94.6,90.3,91.05,182.0
2021-02-19 10:00:00,NSE:ORIENTLTD,88.6,92.9,87.5,88.35,2150.0
2021-02-19 11:00:00,NSE:ORIENTLTD,88.3,88.3,88.3,88.3,10.0
2021-02-19 12:00:00,NSE:ORIENTLTD,88.85,88.85,88.3,88.5,163.0
2021-02-19 13:00:00,NSE:ORIENTLTD,88.5,88.9,88.5,88.9,40.0
2021-02-19 14:00:00,NSE:ORIENTLTD,88.5,89.45,88.5,89.45,382.0
2021-02-19 15:00:00,NSE:ORIENTLTD,89.6,93.95,88.5,93.95,856.0
2021-02-22 09:00:00,NSE:ORIENTLTD,94.75,94.75,88.45,88.45,37.0
2021-02-22 10:00:00,NSE:ORIENTLTD,89.9,90.65,89.9,90.55,13.0
2021-02-22 12:00:00,NSE:ORIENTLTD,89.35,90.0,89.0,89.5,81.0
2021-02-22 13:00:00,NSE:ORIENTLTD,89.3,89.5,89.0,89.5,89.0
2021-02-22 14:00:00,NSE:ORIENTLTD,88.7,89.55,88.7,89.55,25.0
2021-02-22 15:00:00,NSE:ORIENTLTD,90.75,90.75,89.05,89.75,274.0
2021-02-23 10:00:00,NSE:ORIENTLTD,89.6,90.0,89.55,90.0,34.0
2021-02-23 11:00:00,NSE:ORIENTLTD,87.45,89.35,87.1,89.35,59.0
2021-02-23 12:00:00,NSE:ORIENTLTD,88.95,89.3,88.95,89.3,24.0
2021-02-23 13:00:00,NSE:ORIENTLTD,87.1,87.55,87.1,87.55,32.0
2021-02-23 14:00:00,NSE:ORIENTLTD,87.5,87.55,87.5,87.55,17.0
2021-02-23 15:00:00,NSE:ORIENTLTD,88.7,88.7,87.5,87.5,33.0
2021-02-24 09:00:00,NSE:ORIENTLTD,88.85,88.9,88.45,88.75,9.0
2021-02-24 11:00:00,NSE:ORIENTLTD,87.65,87.65,87.65,87.65,3.0
2021-02-24 16:00:00,NSE:ORIENTLTD,84.05,90.45,84.05,85.4,47.0
2021-02-25 10:00:00,NSE:ORIENTLTD,87.85,89.65,87.85,89.65,57.0
2021-02-25 11:00:00,NSE:ORIENTLTD,89.1,90.7,87.5,90.7,132.0
2021-02-25 12:00:00,NSE:ORIENTLTD,87.5,89.0,87.5,89.0,234.0
2021-02-25 13:00:00,NSE:ORIENTLTD,89.0,89.95,89.0,89.0,65.0
2021-02-25 14:00:00,NSE:ORIENTLTD,89.0,91.45,89.0,91.45,431.0
2021-02-25 15:00:00,NSE:ORIENTLTD,91.45,91.45,91.45,91.45,133.0
2021-02-26 09:00:00,NSE:ORIENTLTD,92.2,95.9,88.25,95.75,228.0
2021-02-26 11:00:00,NSE:ORIENTLTD,93.8,93.8,90.0,90.0,124.0
2021-02-26 12:00:00,NSE:ORIENTLTD,89.25,89.25,88.5,88.5,379.0
2021-02-26 14:00:00,NSE:ORIENTLTD,92.9,92.9,89.0,92.8,602.0
2021-02-26 15:00:00,NSE:ORIENTLTD,88.9,88.95,88.7,88.7,45.0
2021-03-01 09:00:00,NSE:ORIENTLTD,88.75,89.15,88.75,89.1,33.0
2021-03-01 10:00:00,NSE:ORIENTLTD,89.4,89.4,89.15,89.4,153.0
2021-03-01 11:00:00,NSE:ORIENTLTD,91.35,91.35,90.15,90.15,5.0
2021-03-01 15:00:00,NSE:ORIENTLTD,89.95,89.95,89.15,89.15,38.0
2021-03-02 09:00:00,NSE:ORIENTLTD,91.25,92.85,91.25,92.85,10.0
2021-03-02 10:00:00,NSE:ORIENTLTD,90.05,90.05,90.05,90.05,2.0
2021-03-02 11:00:00,NSE:ORIENTLTD,90.15,90.15,90.15,90.15,4.0
2021-03-02 12:00:00,NSE:ORIENTLTD,90.15,90.15,90.15,90.15,6.0
2021-03-02 13:00:00,NSE:ORIENTLTD,90.15,90.15,89.5,89.5,287.0
2021-03-02 14:00:00,NSE:ORIENTLTD,90.35,90.35,89.55,89.55,3.0
2021-03-02 15:00:00,NSE:ORIENTLTD,89.5,89.5,89.5,89.5,9.0
2021-03-03 09:00:00,NSE:ORIENTLTD,89.1,89.45,89.1,89.4,8.0
2021-03-03 11:00:00,NSE:ORIENTLTD,89.4,89.75,89.4,89.4,143.0
2021-03-03 12:00:00,NSE:ORIENTLTD,91.1,91.1,90.05,90.15,139.0
2021-03-03 13:00:00,NSE:ORIENTLTD,90.3,90.3,90.25,90.25,165.0
2021-03-03 14:00:00,NSE:ORIENTLTD,91.35,91.35,91.0,91.0,113.0
2021-03-03 15:00:00,NSE:ORIENTLTD,90.45,90.45,90.4,90.4,20.0
2021-03-04 09:00:00,NSE:ORIENTLTD,86.3,92.25,86.3,90.0,155.0
2021-03-04 10:00:00,NSE:ORIENTLTD,89.55,89.55,89.5,89.5,4.0
2021-03-04 11:00:00,NSE:ORIENTLTD,89.9,89.9,89.9,89.9,100.0
2021-03-04 12:00:00,NSE:ORIENTLTD,89.9,89.9,89.25,89.25,11.0
2021-03-04 14:00:00,NSE:ORIENTLTD,89.25,89.85,89.05,89.05,46.0
2021-03-04 15:00:00,NSE:ORIENTLTD,90.0,92.0,90.0,90.0,62.0
2021-03-05 09:00:00,NSE:ORIENTLTD,91.05,91.1,91.05,91.05,7.0
2021-03-05 10:00:00,NSE:ORIENTLTD,90.2,93.0,90.2,90.45,215.0
2021-03-05 11:00:00,NSE:ORIENTLTD,90.2,90.2,87.3,88.0,339.0
2021-03-05 12:00:00,NSE:ORIENTLTD,88.85,88.85,88.85,88.85,25.0
2021-03-05 14:00:00,NSE:ORIENTLTD,88.9,89.35,88.9,89.35,3.0
2021-03-05 15:00:00,NSE:ORIENTLTD,89.4,92.4,88.0,88.0,19.0
2021-03-08 09:00:00,NSE:ORIENTLTD,92.4,92.4,86.3,88.3,176.0
2021-03-08 11:00:00,NSE:ORIENTLTD,88.15,88.15,88.15,88.15,14.0
2021-03-08 13:00:00,NSE:ORIENTLTD,88.35,88.35,88.3,88.3,50.0
2021-03-08 14:00:00,NSE:ORIENTLTD,88.3,88.3,88.1,88.1,206.0
2021-03-08 15:00:00,NSE:ORIENTLTD,88.5,89.8,88.3,88.3,122.0
2021-03-09 09:00:00,NSE:ORIENTLTD,86.0,87.95,86.0,87.95,42.0
2021-03-09 10:00:00,NSE:ORIENTLTD,88.3,88.35,88.3,88.35,16.0
2021-03-09 11:00:00,NSE:ORIENTLTD,88.9,88.9,88.9,88.9,5.0
2021-03-09 12:00:00,NSE:ORIENTLTD,89.75,89.75,89.75,89.75,2.0
2021-03-09 15:00:00,NSE:ORIENTLTD,88.5,89.5,88.3,88.3,382.0
2021-03-10 09:00:00,NSE:ORIENTLTD,90.0,90.9,89.25,90.9,303.0
2021-03-10 11:00:00,NSE:ORIENTLTD,89.7,90.6,89.45,90.6,9.0
2021-03-10 14:00:00,NSE:ORIENTLTD,89.5,89.5,87.85,87.85,12.0
2021-03-10 15:00:00,NSE:ORIENTLTD,87.0,88.45,85.3,85.8,69.0
2021-03-12 10:00:00,NSE:ORIENTLTD,89.95,90.05,87.35,87.35,134.0
2021-03-12 11:00:00,NSE:ORIENTLTD,87.35,90.0,86.0,89.8,231.0
2021-03-12 12:00:00,NSE:ORIENTLTD,89.8,89.8,86.25,86.25,62.0
2021-03-12 13:00:00,NSE:ORIENTLTD,86.5,86.5,86.5,86.5,8.0
2021-03-12 14:00:00,NSE:ORIENTLTD,86.3,86.3,85.8,85.8,55.0
2021-03-12 15:00:00,NSE:ORIENTLTD,85.8,89.8,85.8,89.8,60.0
2021-03-15 09:00:00,NSE:ORIENTLTD,89.75,90.9,89.05,90.9,810.0
2021-03-15 10:00:00,NSE:ORIENTLTD,89.75,90.8,87.45,87.5,519.0
2021-03-15 11:00:00,NSE:ORIENTLTD,87.5,90.8,87.5,90.8,72.0
2021-03-15 12:00:00,NSE:ORIENTLTD,89.0,89.0,88.35,88.35,354.0
2021-03-15 13:00:00,NSE:ORIENTLTD,90.7,90.7,90.7,90.7,110.0
2021-03-15 15:00:00,NSE:ORIENTLTD,90.7,90.7,90.7,90.7,1.0
2021-03-16 09:00:00,NSE:ORIENTLTD,90.65,94.75,90.6,94.75,110.0
2021-03-16 10:00:00,NSE:ORIENTLTD,93.65,93.65,92.95,92.95,12.0
2021-03-16 11:00:00,NSE:ORIENTLTD,92.0,92.0,92.0,92.0,2.0
2021-03-16 12:00:00,NSE:ORIENTLTD,90.05,90.05,90.05,90.05,2.0
2021-03-16 14:00:00,NSE:ORIENTLTD,91.0,91.0,90.05,90.05,108.0
2021-03-16 15:00:00,NSE:ORIENTLTD,90.05,92.0,90.05,92.0,22.0
2021-03-17 09:00:00,NSE:ORIENTLTD,91.75,91.75,87.45,87.45,536.0
2021-03-17 10:00:00,NSE:ORIENTLTD,88.0,88.0,88.0,88.0,99.0
2021-03-17 11:00:00,NSE:ORIENTLTD,88.0,88.0,88.0,88.0,96.0
2021-03-17 12:00:00,NSE:ORIENTLTD,88.15,88.15,88.05,88.05,260.0
2021-03-17 14:00:00,NSE:ORIENTLTD,88.95,88.95,88.95,88.95,12.0
2021-03-17 15:00:00,NSE:ORIENTLTD,88.15,88.15,88.15,88.15,117.0
2021-03-18 10:00:00,NSE:ORIENTLTD,83.75,89.1,83.75,85.7,1315.0
2021-03-18 11:00:00,NSE:ORIENTLTD,85.65,85.65,84.35,84.4,420.0
2021-03-18 12:00:00,NSE:ORIENTLTD,86.8,86.8,86.2,86.8,6.0
2021-03-18 13:00:00,NSE:ORIENTLTD,85.05,85.05,84.95,84.95,7.0
2021-03-18 14:00:00,NSE:ORIENTLTD,83.8,83.8,83.75,83.75,186.0
2021-03-18 15:00:00,NSE:ORIENTLTD,83.75,83.75,83.75,83.75,20.0
2021-03-19 09:00:00,NSE:ORIENTLTD,80.1,85.6,79.6,79.6,135.0
2021-03-19 10:00:00,NSE:ORIENTLTD,79.6,79.6,79.6,79.6,572.0
2021-03-19 11:00:00,NSE:ORIENTLTD,80.0,80.0,79.6,79.6,56.0
2021-03-19 12:00:00,NSE:ORIENTLTD,79.6,79.6,79.6,79.6,95.0
2021-03-19 13:00:00,NSE:ORIENTLTD,79.6,80.0,79.6,80.0,187.0
2021-03-19 14:00:00,NSE:ORIENTLTD,81.0,83.4,81.0,83.4,148.0
2021-03-19 15:00:00,NSE:ORIENTLTD,82.8,82.8,81.0,81.0,308.0
2021-03-22 09:00:00,NSE:ORIENTLTD,82.75,86.3,80.05,84.7,153.0
2021-03-22 10:00:00,NSE:ORIENTLTD,82.0,82.0,82.0,82.0,2.0
2021-03-22 11:00:00,NSE:ORIENTLTD,83.45,83.45,83.45,83.45,62.0
2021-03-22 12:00:00,NSE:ORIENTLTD,80.9,82.35,80.9,82.35,7.0
2021-03-22 13:00:00,NSE:ORIENTLTD,83.15,83.15,83.15,83.15,2.0
2021-03-22 15:00:00,NSE:ORIENTLTD,83.15,83.15,82.9,82.9,39.0
2021-03-23 09:00:00,NSE:ORIENTLTD,86.3,86.3,83.4,85.4,24.0
2021-03-23 10:00:00,NSE:ORIENTLTD,83.75,83.75,83.75,83.75,236.0
2021-03-23 11:00:00,NSE:ORIENTLTD,83.7,83.7,80.45,80.45,257.0
2021-03-23 12:00:00,NSE:ORIENTLTD,83.45,83.45,82.0,82.1,5.0
2021-03-23 13:00:00,NSE:ORIENTLTD,82.75,82.75,81.8,82.7,5.0
2021-03-23 14:00:00,NSE:ORIENTLTD,81.9,81.9,81.05,81.05,5.0
2021-03-23 15:00:00,NSE:ORIENTLTD,80.5,81.0,80.0,81.0,409.0
2021-03-24 10:00:00,NSE:ORIENTLTD,83.35,83.35,78.25,83.3,100.0
2021-03-24 11:00:00,NSE:ORIENTLTD,78.4,78.4,78.4,78.4,10.0
2021-03-24 12:00:00,NSE:ORIENTLTD,81.7,81.7,81.7,81.7,11.0
2021-03-24 14:00:00,NSE:ORIENTLTD,81.65,82.65,80.55,80.55,64.0
2021-03-24 15:00:00,NSE:ORIENTLTD,83.9,84.0,83.9,84.0,63.0
2021-03-25 09:00:00,NSE:ORIENTLTD,80.2,86.85,80.2,85.95,162.0
2021-03-25 10:00:00,NSE:ORIENTLTD,84.0,84.0,84.0,84.0,10.0
2021-03-25 11:00:00,NSE:ORIENTLTD,80.7,80.7,80.7,80.7,5.0
2021-03-25 13:00:00,NSE:ORIENTLTD,81.0,82.9,81.0,82.9,12.0
2021-03-25 14:00:00,NSE:ORIENTLTD,81.35,81.35,79.8,80.0,184.0
2021-03-25 15:00:00,NSE:ORIENTLTD,80.0,81.35,80.0,81.35,16.0
2021-03-26 12:00:00,NSE:ORIENTLTD,78.0,80.95,78.0,80.95,304.0
2021-03-26 14:00:00,NSE:ORIENTLTD,80.85,80.85,80.85,80.85,2.0
2021-03-26 15:00:00,NSE:ORIENTLTD,78.0,78.05,78.0,78.0,351.0
2021-03-30 09:00:00,NSE:ORIENTLTD,78.0,78.0,78.0,78.0,25.0
2021-03-30 10:00:00,NSE:ORIENTLTD,81.3,81.3,81.25,81.25,67.0
2021-03-30 11:00:00,NSE:ORIENTLTD,78.0,78.0,77.1,77.1,102.0
2021-03-30 12:00:00,NSE:ORIENTLTD,78.0,78.0,77.95,77.95,349.0
2021-03-30 14:00:00,NSE:ORIENTLTD,78.0,78.0,78.0,78.0,50.0
2021-03-30 15:00:00,NSE:ORIENTLTD,78.0,81.95,77.05,77.05,190.0
2021-03-31 09:00:00,NSE:ORIENTLTD,82.2,82.2,76.1,76.15,224.0
2021-03-31 10:00:00,NSE:ORIENTLTD,82.15,82.15,82.15,82.15,10.0
2021-03-31 11:00:00,NSE:ORIENTLTD,77.4,81.95,77.4,78.15,175.0
2021-03-31 12:00:00,NSE:ORIENTLTD,81.55,81.6,78.25,78.25,30.0
2021-03-31 13:00:00,NSE:ORIENTLTD,79.25,79.3,79.25,79.3,2.0
2021-03-31 14:00:00,NSE:ORIENTLTD,79.3,79.3,79.3,79.3,41.0
2021-03-31 15:00:00,NSE:ORIENTLTD,79.3,80.0,77.25,80.0,351.0
2021-04-01 11:00:00,NSE:ORIENTLTD,80.8,80.85,80.8,80.8,2.0
2021-04-01 12:00:00,NSE:ORIENTLTD,81.65,81.65,81.65,81.65,2.0
2021-04-01 13:00:00,NSE:ORIENTLTD,81.1,81.1,81.0,81.0,203.0
2021-04-01 14:00:00,NSE:ORIENTLTD,78.15,80.9,78.15,80.9,215.0
2021-04-01 15:00:00,NSE:ORIENTLTD,80.0,80.9,80.0,80.9,4.0
2021-04-05 09:00:00,NSE:ORIENTLTD,80.45,80.65,80.45,80.55,33.0
2021-04-05 14:00:00,NSE:ORIENTLTD,77.25,77.3,77.25,77.3,2.0
2021-04-05 15:00:00,NSE:ORIENTLTD,77.3,77.3,77.3,77.3,5.0
2021-04-06 09:00:00,NSE:ORIENTLTD,81.15,81.15,77.4,81.15,414.0
2021-04-06 11:00:00,NSE:ORIENTLTD,77.95,81.15,77.95,81.15,12.0
2021-04-06 13:00:00,NSE:ORIENTLTD,79.35,79.35,79.35,79.35,1.0
2021-04-06 14:00:00,NSE:ORIENTLTD,81.15,81.15,78.6,78.6,211.0
2021-04-07 10:00:00,NSE:ORIENTLTD,82.5,82.5,79.7,79.7,30.0
2021-04-07 11:00:00,NSE:ORIENTLTD,82.45,82.5,82.4,82.5,380.0
2021-04-08 09:00:00,NSE:ORIENTLTD,75.8,89.85,75.8,88.1,150.0
2021-04-08 10:00:00,NSE:ORIENTLTD,83.3,88.85,82.15,85.0,149.0
2021-04-08 11:00:00,NSE:ORIENTLTD,87.65,87.9,87.65,87.9,103.0
2021-04-08 12:00:00,NSE:ORIENTLTD,87.0,87.85,87.0,87.85,250.0
2021-04-08 13:00:00,NSE:ORIENTLTD,87.45,87.5,85.35,87.4,2296.0
2021-04-08 14:00:00,NSE:ORIENTLTD,87.0,87.0,87.0,87.0,22.0
2021-04-08 15:00:00,NSE:ORIENTLTD,86.25,87.0,86.25,87.0,194.0
2021-04-09 09:00:00,NSE:ORIENTLTD,89.75,89.75,86.5,86.5,15.0
2021-04-09 10:00:00,NSE:ORIENTLTD,86.5,86.5,83.0,84.5,2221.0
2021-04-09 12:00:00,NSE:ORIENTLTD,86.5,86.5,86.5,86.5,10.0
2021-04-09 14:00:00,NSE:ORIENTLTD,86.5,86.5,84.6,84.6,111.0
2021-04-09 15:00:00,NSE:ORIENTLTD,84.7,84.7,84.7,84.7,38.0
2021-04-12 09:00:00,NSE:ORIENTLTD,80.4,89.4,76.45,80.6,1143.0
2021-04-12 10:00:00,NSE:ORIENTLTD,78.95,78.95,77.65,77.65,155.0
2021-04-12 11:00:00,NSE:ORIENTLTD,79.55,79.55,77.65,77.65,557.0
2021-04-12 12:00:00,NSE:ORIENTLTD,77.45,77.45,77.1,77.1,33.0
2021-04-12 13:00:00,NSE:ORIENTLTD,78.65,78.65,78.55,78.55,37.0
2021-04-12 14:00:00,NSE:ORIENTLTD,78.65,80.0,77.2,78.85,410.0
2021-04-12 15:00:00,NSE:ORIENTLTD,77.3,79.6,77.3,79.6,478.0
2021-04-13 09:00:00,NSE:ORIENTLTD,84.9,84.95,76.15,83.5,669.0
2021-04-13 10:00:00,NSE:ORIENTLTD,82.6,82.6,80.0,80.0,1074.0
2021-04-13 11:00:00,NSE:ORIENTLTD,79.75,79.75,79.7,79.7,14.0
2021-04-13 12:00:00,NSE:ORIENTLTD,79.5,79.5,78.55,79.5,34.0
2021-04-13 13:00:00,NSE:ORIENTLTD,79.5,80.4,79.5,79.5,46.0
2021-04-13 14:00:00,NSE:ORIENTLTD,79.5,79.5,79.5,79.5,4.0
2021-04-13 15:00:00,NSE:ORIENTLTD,79.5,79.85,78.0,78.0,257.0
2021-04-15 09:00:00,NSE:ORIENTLTD,78.95,78.95,77.9,78.95,20.0
2021-04-15 10:00:00,NSE:ORIENTLTD,80.95,80.95,80.95,80.95,2.0
2021-04-15 12:00:00,NSE:ORIENTLTD,81.0,82.05,80.8,81.95,250.0
2021-04-15 13:00:00,NSE:ORIENTLTD,81.95,81.95,81.8,81.8,76.0
2021-04-15 14:00:00,NSE:ORIENTLTD,81.8,81.8,80.35,80.35,2.0
2021-04-15 15:00:00,NSE:ORIENTLTD,84.7,84.7,78.0,82.5,3590.0
2021-04-16 09:00:00,NSE:ORIENTLTD,84.85,86.8,78.05,84.25,412.0
2021-04-16 10:00:00,NSE:ORIENTLTD,82.15,82.15,82.15,82.15,6.0
2021-04-16 11:00:00,NSE:ORIENTLTD,81.8,81.8,79.25,81.8,188.0
2021-04-16 12:00:00,NSE:ORIENTLTD,81.8,81.85,81.8,81.8,253.0
2021-04-16 14:00:00,NSE:ORIENTLTD,81.75,82.45,81.75,82.45,36.0
2021-04-16 15:00:00,NSE:ORIENTLTD,81.0,87.0,81.0,87.0,121.0
2021-04-19 09:00:00,NSE:ORIENTLTD,83.0,83.8,79.5,79.5,109.0
2021-04-19 10:00:00,NSE:ORIENTLTD,78.95,79.0,78.9,79.0,211.0
2021-04-19 11:00:00,NSE:ORIENTLTD,78.95,79.0,78.15,78.15,106.0
2021-04-19 12:00:00,NSE:ORIENTLTD,78.0,78.0,76.9,76.95,287.0
2021-04-19 13:00:00,NSE:ORIENTLTD,77.0,78.95,77.0,78.95,222.0
2021-04-19 14:00:00,NSE:ORIENTLTD,78.45,78.45,77.0,77.0,272.0
2021-04-19 15:00:00,NSE:ORIENTLTD,78.0,83.8,78.0,83.8,672.0
2021-04-20 09:00:00,NSE:ORIENTLTD,77.45,88.9,77.45,87.15,656.0
2021-04-20 10:00:00,NSE:ORIENTLTD,79.3,86.65,79.3,82.15,2914.0
2021-04-20 11:00:00,NSE:ORIENTLTD,82.15,82.15,82.15,82.15,49.0
2021-04-20 13:00:00,NSE:ORIENTLTD,83.2,83.85,82.2,82.2,433.0
2021-04-20 14:00:00,NSE:ORIENTLTD,81.95,83.7,81.1,83.7,982.0
2021-04-20 15:00:00,NSE:ORIENTLTD,82.85,83.6,80.0,83.6,1663.0
2021-04-22 11:00:00,NSE:ORIENTLTD,82.4,84.4,81.05,84.4,227.0
2021-04-22 12:00:00,NSE:ORIENTLTD,81.3,81.3,81.05,81.05,516.0
2021-04-22 13:00:00,NSE:ORIENTLTD,82.85,82.85,82.85,82.85,2.0
2021-04-22 14:00:00,NSE:ORIENTLTD,82.9,82.9,82.9,82.9,50.0
2021-04-22 15:00:00,NSE:ORIENTLTD,82.85,82.85,81.25,81.25,151.0
2021-04-23 10:00:00,NSE:ORIENTLTD,82.95,83.45,81.05,81.05,4.0
2021-04-23 12:00:00,NSE:ORIENTLTD,81.0,81.0,79.15,81.0,59.0
2021-04-23 13:00:00,NSE:ORIENTLTD,81.0,81.0,81.0,81.0,10.0
2021-04-23 14:00:00,NSE:ORIENTLTD,78.6,78.6,78.6,78.6,106.0
2021-04-23 15:00:00,NSE:ORIENTLTD,80.65,80.65,80.65,80.65,4.0
2021-04-26 09:00:00,NSE:ORIENTLTD,83.0,84.85,81.3,81.3,43.0
2021-04-26 10:00:00,NSE:ORIENTLTD,80.2,80.2,78.8,78.8,101.0
2021-04-26 12:00:00,NSE:ORIENTLTD,81.8,81.8,79.15,80.35,414.0
2021-04-26 13:00:00,NSE:ORIENTLTD,81.6,83.0,81.6,83.0,179.0
2021-04-26 15:00:00,NSE:ORIENTLTD,82.95,82.95,79.25,80.0,255.0
2021-04-27 09:00:00,NSE:ORIENTLTD,78.15,80.95,78.15,80.95,11.0
2021-04-27 10:00:00,NSE:ORIENTLTD,79.1,82.0,78.55,81.9,306.0
2021-04-27 11:00:00,NSE:ORIENTLTD,81.9,81.9,79.25,80.7,1699.0
2021-04-27 12:00:00,NSE:ORIENTLTD,80.7,80.7,80.0,80.5,300.0
2021-04-27 13:00:00,NSE:ORIENTLTD,80.8,80.8,80.05,80.05,453.0
2021-04-27 14:00:00,NSE:ORIENTLTD,80.8,80.8,80.8,80.8,10.0
2021-04-27 15:00:00,NSE:ORIENTLTD,80.05,81.05,80.0,80.0,206.0
2021-04-28 09:00:00,NSE:ORIENTLTD,76.5,82.1,76.5,79.7,753.0
2021-04-28 10:00:00,NSE:ORIENTLTD,79.7,79.9,78.2,79.9,186.0
2021-04-28 11:00:00,NSE:ORIENTLTD,78.25,78.9,77.2,78.55,659.0
2021-04-28 12:00:00,NSE:ORIENTLTD,78.45,78.45,78.0,78.0,76.0
2021-04-28 13:00:00,NSE:ORIENTLTD,78.0,78.0,78.0,78.0,97.0
2021-04-28 14:00:00,NSE:ORIENTLTD,78.0,79.7,78.0,79.7,377.0
2021-04-28 15:00:00,NSE:ORIENTLTD,79.7,80.85,78.55,78.55,56.0
2021-04-29 09:00:00,NSE:ORIENTLTD,73.6,78.95,73.6,78.95,701.0
2021-04-29 10:00:00,NSE:ORIENTLTD,77.3,77.3,76.85,76.85,333.0
2021-04-29 11:00:00,NSE:ORIENTLTD,76.85,76.85,76.85,76.85,20.0
2021-04-29 12:00:00,NSE:ORIENTLTD,76.85,77.55,76.85,77.55,16.0
2021-04-29 13:00:00,NSE:ORIENTLTD,75.9,75.9,75.9,75.9,5.0
2021-04-29 14:00:00,NSE:ORIENTLTD,77.0,79.85,76.5,77.65,2475.0
2021-04-29 15:00:00,NSE:ORIENTLTD,77.0,78.5,77.0,77.05,534.0
2021-04-30 09:00:00,NSE:ORIENTLTD,78.0,78.0,78.0,78.0,1.0
2021-04-30 10:00:00,NSE:ORIENTLTD,76.1,78.95,76.1,78.85,222.0
2021-04-30 11:00:00,NSE:ORIENTLTD,78.4,78.4,77.1,77.1,172.0
2021-04-30 12:00:00,NSE:ORIENTLTD,79.0,79.0,79.0,79.0,220.0
2021-04-30 13:00:00,NSE:ORIENTLTD,76.55,78.85,76.55,77.75,1082.0
2021-04-30 14:00:00,NSE:ORIENTLTD,77.45,77.45,77.0,77.4,72.0
2021-04-30 15:00:00,NSE:ORIENTLTD,76.1,76.15,74.65,74.65,1391.0
2021-05-03 09:00:00,NSE:ORIENTLTD,74.65,78.0,74.65,78.0,16.0
2021-05-03 11:00:00,NSE:ORIENTLTD,72.6,76.4,72.6,76.4,31.0
2021-05-03 12:00:00,NSE:ORIENTLTD,76.35,76.35,76.35,76.35,1.0
2021-05-03 13:00:00,NSE:ORIENTLTD,75.95,75.95,75.95,75.95,5.0
2021-05-03 14:00:00,NSE:ORIENTLTD,75.8,75.85,73.55,75.85,2090.0
2021-05-03 15:00:00,NSE:ORIENTLTD,74.1,75.85,73.7,74.75,123.0
2021-05-04 09:00:00,NSE:ORIENTLTD,79.35,79.35,74.4,76.75,253.0
2021-05-04 10:00:00,NSE:ORIENTLTD,75.85,75.85,75.0,75.0,49.0
2021-05-04 11:00:00,NSE:ORIENTLTD,76.6,76.6,76.6,76.6,2.0
2021-05-04 12:00:00,NSE:ORIENTLTD,75.9,75.9,75.9,75.9,16.0
2021-05-04 13:00:00,NSE:ORIENTLTD,75.1,76.75,73.3,73.45,997.0
2021-05-04 14:00:00,NSE:ORIENTLTD,75.4,75.4,73.5,74.85,181.0
2021-05-04 15:00:00,NSE:ORIENTLTD,74.8,74.8,73.4,74.0,92.0
2021-05-05 09:00:00,NSE:ORIENTLTD,76.3,76.3,76.0,76.0,4.0
2021-05-05 10:00:00,NSE:ORIENTLTD,76.0,76.0,75.95,75.95,2.0
2021-05-05 11:00:00,NSE:ORIENTLTD,75.9,75.9,73.95,75.45,518.0
2021-05-05 12:00:00,NSE:ORIENTLTD,75.35,75.4,74.95,74.95,187.0
2021-05-05 14:00:00,NSE:ORIENTLTD,74.9,74.9,74.1,74.9,183.0
2021-05-05 15:00:00,NSE:ORIENTLTD,74.0,74.6,73.0,74.4,516.0
2021-05-06 09:00:00,NSE:ORIENTLTD,73.4,75.4,73.4,75.35,115.0
2021-05-06 10:00:00,NSE:ORIENTLTD,75.35,76.25,75.35,76.0,442.0
2021-05-06 11:00:00,NSE:ORIENTLTD,75.95,75.95,73.85,75.35,69.0
2021-05-06 12:00:00,NSE:ORIENTLTD,75.35,75.35,75.35,75.35,3.0
2021-05-06 13:00:00,NSE:ORIENTLTD,74.05,76.0,74.05,76.0,144.0
2021-05-06 15:00:00,NSE:ORIENTLTD,74.05,79.45,74.05,79.0,796.0
2021-05-07 09:00:00,NSE:ORIENTLTD,77.45,77.7,77.45,77.5,207.0
2021-05-07 10:00:00,NSE:ORIENTLTD,79.4,79.5,77.5,79.5,411.0
2021-05-07 11:00:00,NSE:ORIENTLTD,79.45,79.45,77.15,79.35,44.0
2021-05-07 12:00:00,NSE:ORIENTLTD,79.3,79.35,77.5,79.3,153.0
2021-05-07 13:00:00,NSE:ORIENTLTD,79.0,79.0,77.5,77.5,296.0
2021-05-07 14:00:00,NSE:ORIENTLTD,79.3,79.3,79.3,79.3,10.0
2021-05-07 15:00:00,NSE:ORIENTLTD,79.3,79.3,76.05,77.15,407.0
2021-05-10 09:00:00,NSE:ORIENTLTD,79.5,79.5,79.35,79.45,66.0
2021-05-10 10:00:00,NSE:ORIENTLTD,79.4,79.4,77.4,77.4,42.0
2021-05-10 11:00:00,NSE:ORIENTLTD,79.25,79.25,77.4,77.4,36.0
2021-05-10 12:00:00,NSE:ORIENTLTD,77.0,77.35,77.0,77.0,16.0
2021-05-10 13:00:00,NSE:ORIENTLTD,77.0,77.0,77.0,77.0,119.0
2021-05-10 14:00:00,NSE:ORIENTLTD,77.9,79.2,77.75,79.2,65.0
2021-05-10 15:00:00,NSE:ORIENTLTD,79.1,79.15,79.1,79.15,19.0
2021-05-11 09:00:00,NSE:ORIENTLTD,79.5,79.5,76.0,79.5,982.0
2021-05-11 10:00:00,NSE:ORIENTLTD,77.5,77.5,76.45,76.45,33.0
2021-05-11 11:00:00,NSE:ORIENTLTD,79.25,79.3,76.6,78.85,110.0
2021-05-11 12:00:00,NSE:ORIENTLTD,78.85,79.3,78.85,79.3,101.0
2021-05-11 13:00:00,NSE:ORIENTLTD,77.5,77.5,77.5,77.5,6.0
2021-05-11 14:00:00,NSE:ORIENTLTD,78.5,78.5,78.5,78.5,40.0
2021-05-11 15:00:00,NSE:ORIENTLTD,78.5,78.5,77.2,78.45,67.0
2021-05-12 09:00:00,NSE:ORIENTLTD,79.3,79.3,78.45,78.45,45.0
2021-05-12 10:00:00,NSE:ORIENTLTD,77.1,78.15,77.05,78.15,53.0
2021-05-12 11:00:00,NSE:ORIENTLTD,77.15,79.0,77.15,78.15,29.0
2021-05-12 12:00:00,NSE:ORIENTLTD,78.2,78.2,78.15,78.15,131.0
2021-05-12 13:00:00,NSE:ORIENTLTD,78.95,79.6,77.4,77.9,1216.0
2021-05-12 14:00:00,NSE:ORIENTLTD,78.0,79.45,77.45,78.0,148.0
2021-05-12 15:00:00,NSE:ORIENTLTD,78.95,79.5,77.95,78.45,64.0
2021-05-14 09:00:00,NSE:ORIENTLTD,79.45,79.7,78.1,79.7,217.0
2021-05-14 10:00:00,NSE:ORIENTLTD,77.5,78.9,77.5,78.9,422.0
2021-05-14 11:00:00,NSE:ORIENTLTD,77.65,78.55,77.65,77.75,148.0
2021-05-14 12:00:00,NSE:ORIENTLTD,77.6,78.55,77.6,77.6,2128.0
2021-05-14 13:00:00,NSE:ORIENTLTD,78.5,79.4,77.6,79.4,536.0
2021-05-14 14:00:00,NSE:ORIENTLTD,77.6,77.6,76.25,77.0,1041.0
2021-05-14 15:00:00,NSE:ORIENTLTD,77.0,79.35,75.3,79.35,361.0
2021-05-17 09:00:00,NSE:ORIENTLTD,84.6,84.65,77.0,80.35,1086.0
2021-05-17 10:00:00,NSE:ORIENTLTD,80.8,82.45,80.8,81.05,729.0
2021-05-17 11:00:00,NSE:ORIENTLTD,82.45,82.45,81.05,81.05,160.0
2021-05-17 12:00:00,NSE:ORIENTLTD,82.45,82.45,79.75,80.45,250.0
2021-05-17 13:00:00,NSE:ORIENTLTD,80.45,82.35,79.75,82.35,113.0
2021-05-17 14:00:00,NSE:ORIENTLTD,79.75,82.3,79.5,81.45,295.0
2021-05-17 15:00:00,NSE:ORIENTLTD,81.45,82.35,81.45,82.35,124.0
2021-05-18 09:00:00,NSE:ORIENTLTD,83.95,83.95,82.15,82.15,231.0
2021-05-18 10:00:00,NSE:ORIENTLTD,82.25,82.25,80.8,80.8,376.0
2021-05-18 11:00:00,NSE:ORIENTLTD,81.5,81.5,80.95,81.0,110.0
2021-05-18 12:00:00,NSE:ORIENTLTD,80.95,80.95,80.95,80.95,161.0
2021-05-18 13:00:00,NSE:ORIENTLTD,80.9,80.95,80.9,80.95,94.0
2021-05-18 15:00:00,NSE:ORIENTLTD,80.25,82.35,80.25,80.25,243.0
2021-05-19 09:00:00,NSE:ORIENTLTD,80.65,82.65,80.5,81.1,313.0
2021-05-19 10:00:00,NSE:ORIENTLTD,81.8,81.8,80.0,80.0,275.0
2021-05-19 11:00:00,NSE:ORIENTLTD,80.9,80.9,80.9,80.9,5.0
2021-05-19 12:00:00,NSE:ORIENTLTD,80.9,80.9,80.9,80.9,20.0
2021-05-19 13:00:00,NSE:ORIENTLTD,80.1,80.1,80.1,80.1,44.0
2021-05-19 14:00:00,NSE:ORIENTLTD,80.0,80.85,79.95,79.95,90.0
2021-05-19 15:00:00,NSE:ORIENTLTD,79.95,79.95,79.65,79.65,87.0
2021-05-20 09:00:00,NSE:ORIENTLTD,81.5,81.5,81.0,81.0,98.0
2021-05-20 10:00:00,NSE:ORIENTLTD,81.8,81.9,76.5,78.05,525.0
2021-05-20 11:00:00,NSE:ORIENTLTD,76.55,79.0,76.5,78.95,371.0
2021-05-20 12:00:00,NSE:ORIENTLTD,77.45,79.6,77.45,79.1,129.0
2021-05-20 13:00:00,NSE:ORIENTLTD,79.0,79.05,77.5,77.95,96.0
2021-05-20 14:00:00,NSE:ORIENTLTD,78.45,79.5,78.0,79.0,580.0
2021-05-20 15:00:00,NSE:ORIENTLTD,78.95,79.0,78.5,78.5,69.0
2021-05-21 09:00:00,NSE:ORIENTLTD,77.95,78.15,77.0,77.0,835.0
2021-05-21 10:00:00,NSE:ORIENTLTD,77.0,77.5,75.1,75.7,1650.0
2021-05-21 11:00:00,NSE:ORIENTLTD,76.65,77.75,76.65,77.75,868.0
2021-05-21 12:00:00,NSE:ORIENTLTD,77.75,83.4,77.5,80.0,2811.0
2021-05-21 13:00:00,NSE:ORIENTLTD,78.75,81.75,78.75,81.6,691.0
2021-05-21 14:00:00,NSE:ORIENTLTD,80.8,80.8,79.3,80.4,33.0
2021-05-21 15:00:00,NSE:ORIENTLTD,80.45,81.0,80.0,80.95,327.0
2021-05-24 09:00:00,NSE:ORIENTLTD,77.4,81.35,77.4,79.4,516.0
2021-05-24 10:00:00,NSE:ORIENTLTD,79.0,80.4,77.65,77.8,2789.0
2021-05-24 11:00:00,NSE:ORIENTLTD,77.8,79.2,76.15,77.3,2369.0
2021-05-24 12:00:00,NSE:ORIENTLTD,77.65,78.55,77.0,78.45,3715.0
2021-05-24 13:00:00,NSE:ORIENTLTD,78.3,79.25,77.85,78.55,315.0
2021-05-24 14:00:00,NSE:ORIENTLTD,79.5,79.6,78.45,78.45,1280.0
2021-05-24 15:00:00,NSE:ORIENTLTD,78.8,78.8,78.45,78.45,1270.0
2021-05-25 09:00:00,NSE:ORIENTLTD,79.35,79.35,77.5,77.5,1127.0
2021-05-25 10:00:00,NSE:ORIENTLTD,78.6,78.6,77.5,78.25,1345.0
2021-05-25 11:00:00,NSE:ORIENTLTD,77.65,78.15,77.65,78.05,186.0
2021-05-25 12:00:00,NSE:ORIENTLTD,78.05,78.25,77.6,78.25,822.0
2021-05-25 13:00:00,NSE:ORIENTLTD,78.1,78.1,78.1,78.1,38.0
2021-05-25 14:00:00,NSE:ORIENTLTD,77.6,77.6,77.6,77.6,1.0
2021-05-25 15:00:00,NSE:ORIENTLTD,79.2,79.35,77.5,79.35,681.0
2021-05-26 09:00:00,NSE:ORIENTLTD,78.1,79.3,78.1,79.25,79.0
2021-05-26 10:00:00,NSE:ORIENTLTD,79.25,79.25,78.95,78.95,61.0
2021-05-26 11:00:00,NSE:ORIENTLTD,78.15,79.0,78.0,78.0,2026.0
2021-05-26 12:00:00,NSE:ORIENTLTD,77.75,79.25,77.75,79.1,465.0
2021-05-26 13:00:00,NSE:ORIENTLTD,79.05,79.1,78.1,78.1,359.0
2021-05-26 14:00:00,NSE:ORIENTLTD,79.05,79.25,75.05,79.25,2940.0
2021-05-26 15:00:00,NSE:ORIENTLTD,78.95,78.95,77.55,77.7,414.0
2021-05-27 09:00:00,NSE:ORIENTLTD,79.05,79.3,77.8,78.85,299.0
2021-05-27 10:00:00,NSE:ORIENTLTD,78.85,79.2,78.85,79.2,262.0
2021-05-27 11:00:00,NSE:ORIENTLTD,79.1,79.1,79.05,79.05,28.0
2021-05-27 12:00:00,NSE:ORIENTLTD,79.05,79.05,78.3,79.05,36.0
2021-05-27 14:00:00,NSE:ORIENTLTD,78.95,78.95,78.55,78.55,52.0
2021-05-27 15:00:00,NSE:ORIENTLTD,78.95,78.95,78.95,78.95,200.0
2021-05-28 09:00:00,NSE:ORIENTLTD,77.45,78.65,77.45,78.65,551.0
2021-05-28 10:00:00,NSE:ORIENTLTD,77.75,78.45,77.65,78.2,216.0
2021-05-28 11:00:00,NSE:ORIENTLTD,77.85,78.2,77.65,78.2,317.0
2021-05-28 12:00:00,NSE:ORIENTLTD,78.2,78.2,78.2,78.2,40.0
2021-05-28 14:00:00,NSE:ORIENTLTD,77.65,77.65,77.0,77.0,392.0
2021-05-28 15:00:00,NSE:ORIENTLTD,77.45,77.5,76.15,77.5,237.0
2021-05-31 09:00:00,NSE:ORIENTLTD,79.35,79.35,77.1,77.1,220.0
2021-05-31 10:00:00,NSE:ORIENTLTD,77.0,77.95,76.9,77.1,1611.0
2021-05-31 11:00:00,NSE:ORIENTLTD,77.95,77.95,77.9,77.9,1200.0
2021-05-31 12:00:00,NSE:ORIENTLTD,77.25,77.9,77.1,77.15,622.0
2021-05-31 13:00:00,NSE:ORIENTLTD,77.9,77.9,77.9,77.9,18.0
2021-05-31 14:00:00,NSE:ORIENTLTD,77.8,77.8,75.1,76.6,3455.0
2021-05-31 15:00:00,NSE:ORIENTLTD,75.95,76.7,75.9,75.95,590.0
2021-06-01 09:00:00,NSE:ORIENTLTD,75.0,77.35,75.0,76.65,356.0
2021-06-01 10:00:00,NSE:ORIENTLTD,76.7,76.7,76.4,76.4,106.0
2021-06-01 11:00:00,NSE:ORIENTLTD,76.45,76.45,75.9,75.9,326.0
2021-06-01 12:00:00,NSE:ORIENTLTD,76.0,76.0,76.0,76.0,43.0
2021-06-01 13:00:00,NSE:ORIENTLTD,76.0,76.0,76.0,76.0,94.0
2021-06-01 14:00:00,NSE:ORIENTLTD,76.0,76.0,76.0,76.0,234.0
2021-06-02 09:00:00,NSE:ORIENTLTD,77.15,77.8,77.1,77.8,231.0
2021-06-02 10:00:00,NSE:ORIENTLTD,77.65,77.65,76.2,77.4,143.0
2021-06-02 11:00:00,NSE:ORIENTLTD,77.4,77.4,77.4,77.4,250.0
2021-06-02 12:00:00,NSE:ORIENTLTD,75.25,76.7,75.25,75.85,1034.0
2021-06-02 13:00:00,NSE:ORIENTLTD,75.8,75.8,75.5,75.7,752.0
2021-06-02 14:00:00,NSE:ORIENTLTD,75.7,77.15,75.45,76.0,1242.0
2021-06-02 15:00:00,NSE:ORIENTLTD,77.15,77.2,76.0,76.05,472.0
2021-06-03 09:00:00,NSE:ORIENTLTD,76.05,77.75,76.05,76.6,384.0
2021-06-03 10:00:00,NSE:ORIENTLTD,77.4,77.4,77.0,77.0,158.0
2021-06-03 11:00:00,NSE:ORIENTLTD,77.3,77.4,77.0,77.0,350.0
2021-06-03 13:00:00,NSE:ORIENTLTD,77.75,77.75,77.0,77.0,553.0
2021-06-03 14:00:00,NSE:ORIENTLTD,77.75,78.65,77.75,78.65,259.0
2021-06-03 15:00:00,NSE:ORIENTLTD,77.55,78.5,77.25,77.25,415.0
2021-06-04 09:00:00,NSE:ORIENTLTD,79.35,79.35,77.25,77.25,135.0
2021-06-04 10:00:00,NSE:ORIENTLTD,78.75,79.25,77.65,77.65,513.0
2021-06-04 11:00:00,NSE:ORIENTLTD,78.65,78.65,77.9,78.5,67.0
2021-06-04 12:00:00,NSE:ORIENTLTD,78.15,79.1,77.85,79.1,772.0
2021-06-04 13:00:00,NSE:ORIENTLTD,78.25,78.25,78.25,78.25,16.0
2021-06-04 14:00:00,NSE:ORIENTLTD,78.45,78.45,78.45,78.45,1.0
2021-06-04 15:00:00,NSE:ORIENTLTD,77.8,77.8,77.6,77.6,77.0
2021-06-07 09:00:00,NSE:ORIENTLTD,79.0,84.45,79.0,80.75,1744.0
2021-06-07 10:00:00,NSE:ORIENTLTD,80.5,85.9,80.5,83.65,8549.0
2021-06-07 11:00:00,NSE:ORIENTLTD,83.7,93.2,83.7,89.0,15293.0
2021-06-07 12:00:00,NSE:ORIENTLTD,88.6,92.0,88.6,91.0,6374.0
2021-06-07 13:00:00,NSE:ORIENTLTD,92.3,93.2,89.25,93.2,11642.0
2021-06-07 14:00:00,NSE:ORIENTLTD,93.2,93.2,93.2,93.2,657.0
2021-06-07 15:00:00,NSE:ORIENTLTD,93.2,93.2,93.2,93.2,580.0
2021-06-08 09:00:00,NSE:ORIENTLTD,103.8,111.8,102.6,110.7,101288.0
2021-06-08 10:00:00,NSE:ORIENTLTD,110.7,111.8,110.25,111.8,41727.0
2021-06-08 11:00:00,NSE:ORIENTLTD,111.8,111.8,111.8,111.8,1240.0
2021-06-08 12:00:00,NSE:ORIENTLTD,111.8,111.8,111.8,111.8,407.0
2021-06-08 13:00:00,NSE:ORIENTLTD,111.8,111.8,111.8,111.8,238.0
2021-06-08 14:00:00,NSE:ORIENTLTD,111.8,111.8,111.8,111.8,105.0
2021-06-08 15:00:00,NSE:ORIENTLTD,111.8,111.8,111.8,111.8,163.0
2021-06-09 09:00:00,NSE:ORIENTLTD,118.9,122.9,114.3,116.0,66965.0
2021-06-09 10:00:00,NSE:ORIENTLTD,116.7,118.9,115.3,117.1,21077.0
2021-06-09 11:00:00,NSE:ORIENTLTD,117.1,117.9,113.0,116.3,14373.0
2021-06-09 12:00:00,NSE:ORIENTLTD,116.25,116.95,105.0,108.8,24501.0
2021-06-09 13:00:00,NSE:ORIENTLTD,108.7,112.6,108.65,112.0,7767.0
2021-06-09 14:00:00,NSE:ORIENTLTD,112.0,113.5,108.0,108.35,6904.0
2021-06-09 15:00:00,NSE:ORIENTLTD,108.35,112.6,107.35,109.7,6305.0
2021-06-10 09:00:00,NSE:ORIENTLTD,110.0,112.9,100.05,102.6,21474.0
2021-06-10 10:00:00,NSE:ORIENTLTD,102.0,105.0,101.0,102.95,11581.0
2021-06-10 11:00:00,NSE:ORIENTLTD,102.9,103.0,101.65,102.0,6196.0
2021-06-10 12:00:00,NSE:ORIENTLTD,102.0,103.0,101.5,101.85,6095.0
2021-06-10 13:00:00,NSE:ORIENTLTD,101.85,102.5,101.0,101.9,7529.0
2021-06-10 14:00:00,NSE:ORIENTLTD,101.9,102.5,101.55,102.15,8465.0
2021-06-10 15:00:00,NSE:ORIENTLTD,102.35,105.0,101.6,102.4,10885.0
2021-06-11 09:00:00,NSE:ORIENTLTD,108.9,108.9,97.65,99.1,28454.0
2021-06-11 10:00:00,NSE:ORIENTLTD,99.4,100.05,99.2,99.65,2297.0
2021-06-11 11:00:00,NSE:ORIENTLTD,99.45,100.4,99.3,100.3,1712.0
2021-06-11 12:00:00,NSE:ORIENTLTD,100.3,100.9,96.5,97.5,15694.0
2021-06-11 13:00:00,NSE:ORIENTLTD,97.0,97.5,95.5,96.0,10254.0
2021-06-11 14:00:00,NSE:ORIENTLTD,95.6,96.45,94.55,95.75,14790.0
2021-06-11 15:00:00,NSE:ORIENTLTD,95.7,95.9,94.75,95.2,14827.0
2021-06-14 09:00:00,NSE:ORIENTLTD,97.1,98.0,95.0,95.05,7112.0
2021-06-14 10:00:00,NSE:ORIENTLTD,95.0,95.0,94.0,94.05,4315.0
2021-06-14 11:00:00,NSE:ORIENTLTD,94.05,94.45,93.6,93.85,1922.0
2021-06-14 12:00:00,NSE:ORIENTLTD,93.7,94.3,91.3,92.1,6670.0
2021-06-14 13:00:00,NSE:ORIENTLTD,92.45,92.45,91.8,92.0,5171.0
2021-06-14 14:00:00,NSE:ORIENTLTD,92.4,92.4,90.0,91.0,10870.0
2021-06-14 15:00:00,NSE:ORIENTLTD,91.0,92.5,90.9,92.4,3650.0
2021-06-15 09:00:00,NSE:ORIENTLTD,92.95,93.0,91.05,92.95,2242.0
2021-06-15 10:00:00,NSE:ORIENTLTD,92.95,92.95,91.5,92.4,2280.0
2021-06-15 11:00:00,NSE:ORIENTLTD,92.4,92.4,87.3,89.1,5318.0
2021-06-15 12:00:00,NSE:ORIENTLTD,89.2,91.65,85.15,88.6,9648.0
2021-06-15 13:00:00,NSE:ORIENTLTD,88.6,90.0,88.0,88.9,6921.0
2021-06-15 14:00:00,NSE:ORIENTLTD,89.0,89.0,88.5,89.0,1516.0
2021-06-15 15:00:00,NSE:ORIENTLTD,88.95,90.9,88.65,89.9,9266.0
2021-06-16 09:00:00,NSE:ORIENTLTD,92.8,92.8,88.85,90.0,1187.0
2021-06-16 10:00:00,NSE:ORIENTLTD,90.0,91.75,89.45,89.55,926.0
2021-06-16 11:00:00,NSE:ORIENTLTD,90.15,90.15,85.5,87.0,18510.0
2021-06-16 12:00:00,NSE:ORIENTLTD,87.4,87.4,86.1,86.4,4146.0
2021-06-16 13:00:00,NSE:ORIENTLTD,86.45,87.4,86.4,86.85,2474.0
2021-06-16 14:00:00,NSE:ORIENTLTD,86.85,87.35,86.4,87.25,2894.0
2021-06-16 15:00:00,NSE:ORIENTLTD,87.25,87.4,86.0,86.2,4968.0
2021-06-17 09:00:00,NSE:ORIENTLTD,86.75,86.75,84.25,84.95,6221.0
2021-06-17 10:00:00,NSE:ORIENTLTD,84.9,85.4,84.0,84.9,4197.0
2021-06-17 11:00:00,NSE:ORIENTLTD,84.9,84.9,84.25,84.35,1539.0
2021-06-17 12:00:00,NSE:ORIENTLTD,84.8,84.85,84.35,84.35,1456.0
2021-06-17 13:00:00,NSE:ORIENTLTD,84.6,84.95,84.35,84.5,1963.0
2021-06-17 14:00:00,NSE:ORIENTLTD,84.35,84.45,83.5,83.9,4644.0
2021-06-17 15:00:00,NSE:ORIENTLTD,83.9,84.25,83.5,84.25,1800.0
2021-06-18 09:00:00,NSE:ORIENTLTD,85.65,87.0,82.05,83.4,2951.0
2021-06-18 10:00:00,NSE:ORIENTLTD,82.6,82.7,79.8,80.95,8656.0
2021-06-18 11:00:00,NSE:ORIENTLTD,80.95,81.8,80.0,81.8,5540.0
2021-06-18 12:00:00,NSE:ORIENTLTD,81.8,82.1,81.55,81.55,1670.0
2021-06-18 13:00:00,NSE:ORIENTLTD,81.5,82.45,81.5,81.5,2902.0
2021-06-18 14:00:00,NSE:ORIENTLTD,82.4,82.55,81.65,82.25,1232.0
2021-06-18 15:00:00,NSE:ORIENTLTD,82.45,82.6,81.5,82.5,2087.0
2021-06-21 09:00:00,NSE:ORIENTLTD,81.0,83.7,79.5,79.65,5919.0
2021-06-21 10:00:00,NSE:ORIENTLTD,79.95,82.8,79.65,82.2,12677.0
2021-06-21 11:00:00,NSE:ORIENTLTD,82.35,82.35,81.15,81.25,1735.0
2021-06-21 12:00:00,NSE:ORIENTLTD,81.55,82.8,81.55,81.65,1402.0
2021-06-21 13:00:00,NSE:ORIENTLTD,81.65,83.9,81.65,82.85,1911.0
2021-06-21 14:00:00,NSE:ORIENTLTD,82.8,83.4,82.35,83.4,1851.0
2021-06-21 15:00:00,NSE:ORIENTLTD,82.45,84.9,82.45,83.5,1741.0
2021-06-22 09:00:00,NSE:ORIENTLTD,85.0,85.0,82.05,82.75,7593.0
2021-06-22 10:00:00,NSE:ORIENTLTD,82.8,83.6,82.75,83.45,1311.0
2021-06-22 11:00:00,NSE:ORIENTLTD,83.6,83.6,82.15,82.35,3588.0
2021-06-22 12:00:00,NSE:ORIENTLTD,82.35,82.5,82.35,82.5,1320.0
2021-06-22 13:00:00,NSE:ORIENTLTD,82.5,83.0,82.5,82.95,1258.0
2021-06-22 14:00:00,NSE:ORIENTLTD,82.7,83.6,82.5,82.95,4399.0
2021-06-22 15:00:00,NSE:ORIENTLTD,82.95,85.0,82.4,82.4,7677.0
2021-06-23 09:00:00,NSE:ORIENTLTD,84.9,84.9,82.45,83.45,1502.0
2021-06-23 10:00:00,NSE:ORIENTLTD,83.4,83.9,82.4,82.4,7992.0
2021-06-23 11:00:00,NSE:ORIENTLTD,82.4,82.4,81.25,82.2,3302.0
2021-06-23 12:00:00,NSE:ORIENTLTD,81.65,82.2,81.65,82.15,509.0
2021-06-23 13:00:00,NSE:ORIENTLTD,82.2,82.4,81.6,82.4,1117.0
2021-06-23 14:00:00,NSE:ORIENTLTD,82.25,82.4,81.0,81.05,4240.0
2021-06-23 15:00:00,NSE:ORIENTLTD,81.0,81.55,80.6,81.5,2174.0
2021-06-24 09:00:00,NSE:ORIENTLTD,81.75,82.05,80.2,80.25,6733.0
2021-06-24 10:00:00,NSE:ORIENTLTD,80.25,81.05,79.9,79.9,7197.0
2021-06-24 11:00:00,NSE:ORIENTLTD,79.8,80.1,79.5,79.5,4193.0
2021-06-24 12:00:00,NSE:ORIENTLTD,79.8,80.0,79.6,80.0,1438.0
2021-06-24 13:00:00,NSE:ORIENTLTD,80.0,80.0,79.5,79.5,3429.0
2021-06-24 14:00:00,NSE:ORIENTLTD,79.65,79.95,79.3,79.5,1873.0
2021-06-24 15:00:00,NSE:ORIENTLTD,79.45,79.45,79.2,79.35,1506.0
2021-06-25 09:00:00,NSE:ORIENTLTD,79.8,80.45,77.4,79.8,3759.0
2021-06-25 10:00:00,NSE:ORIENTLTD,79.85,83.3,79.8,83.3,7828.0
2021-06-25 11:00:00,NSE:ORIENTLTD,83.3,83.3,82.5,83.3,7251.0
2021-06-25 12:00:00,NSE:ORIENTLTD,83.3,83.3,82.9,83.3,13168.0
2021-06-25 13:00:00,NSE:ORIENTLTD,83.0,83.25,82.9,83.15,2051.0
2021-06-25 14:00:00,NSE:ORIENTLTD,83.2,83.2,82.8,83.2,2539.0
2021-06-25 15:00:00,NSE:ORIENTLTD,83.2,83.2,82.8,83.0,4164.0
2021-06-28 09:00:00,NSE:ORIENTLTD,84.8,84.8,81.4,83.05,9488.0
2021-06-28 10:00:00,NSE:ORIENTLTD,83.05,84.45,81.0,81.95,10430.0
2021-06-28 11:00:00,NSE:ORIENTLTD,82.35,82.45,81.5,81.55,2601.0
2021-06-28 12:00:00,NSE:ORIENTLTD,81.55,82.0,81.45,81.5,1028.0
2021-06-28 13:00:00,NSE:ORIENTLTD,81.5,81.5,81.25,81.25,754.0
2021-06-28 14:00:00,NSE:ORIENTLTD,81.4,81.45,79.9,80.0,7187.0
2021-06-28 15:00:00,NSE:ORIENTLTD,80.0,80.6,79.3,79.85,13292.0
2021-06-29 09:00:00,NSE:ORIENTLTD,81.85,81.85,80.95,81.5,3622.0
2021-06-29 10:00:00,NSE:ORIENTLTD,81.5,81.8,81.25,81.8,403.0
2021-06-29 11:00:00,NSE:ORIENTLTD,81.5,81.7,81.5,81.7,962.0
2021-06-29 12:00:00,NSE:ORIENTLTD,81.45,81.65,81.3,81.5,355.0
2021-06-29 13:00:00,NSE:ORIENTLTD,81.55,81.85,81.45,81.8,788.0
2021-06-29 14:00:00,NSE:ORIENTLTD,81.8,82.0,80.8,80.85,1579.0
2021-06-29 15:00:00,NSE:ORIENTLTD,80.85,81.3,80.0,80.55,2584.0
2021-06-30 09:00:00,NSE:ORIENTLTD,80.0,81.95,79.55,81.7,2849.0
2021-06-30 10:00:00,NSE:ORIENTLTD,81.7,81.7,80.8,81.6,1006.0
2021-06-30 11:00:00,NSE:ORIENTLTD,82.0,82.0,81.5,81.75,1130.0
2021-06-30 12:00:00,NSE:ORIENTLTD,81.75,81.75,81.0,81.0,999.0
2021-06-30 13:00:00,NSE:ORIENTLTD,81.25,82.0,80.55,81.75,2947.0
2021-06-30 14:00:00,NSE:ORIENTLTD,81.7,81.7,81.1,81.15,457.0
2021-06-30 15:00:00,NSE:ORIENTLTD,81.15,82.0,81.0,82.0,2877.0
2021-07-01 09:00:00,NSE:ORIENTLTD,82.45,82.7,80.4,82.0,1615.0
2021-07-01 10:00:00,NSE:ORIENTLTD,82.05,82.05,80.55,80.55,1573.0
2021-07-01 11:00:00,NSE:ORIENTLTD,81.5,81.5,80.45,81.45,490.0
2021-07-01 12:00:00,NSE:ORIENTLTD,81.45,81.45,80.5,81.15,312.0
2021-07-01 13:00:00,NSE:ORIENTLTD,81.4,81.4,81.4,81.4,25.0
2021-07-01 14:00:00,NSE:ORIENTLTD,81.4,81.4,81.0,81.0,199.0
2021-07-01 15:00:00,NSE:ORIENTLTD,81.0,81.4,80.5,81.4,815.0
2021-07-02 09:00:00,NSE:ORIENTLTD,80.25,81.4,80.25,80.6,1801.0
2021-07-02 10:00:00,NSE:ORIENTLTD,80.6,81.95,80.6,81.8,1886.0
2021-07-02 11:00:00,NSE:ORIENTLTD,80.55,81.75,80.55,81.75,226.0
2021-07-02 12:00:00,NSE:ORIENTLTD,81.35,81.35,80.6,80.65,222.0
2021-07-02 13:00:00,NSE:ORIENTLTD,80.6,81.5,80.6,81.25,58.0
2021-07-02 14:00:00,NSE:ORIENTLTD,81.45,81.9,80.25,81.9,2159.0
2021-07-02 15:00:00,NSE:ORIENTLTD,81.7,81.8,80.9,81.8,4467.0
2021-07-05 09:00:00,NSE:ORIENTLTD,81.6,82.4,81.05,81.95,1908.0
2021-07-05 10:00:00,NSE:ORIENTLTD,82.2,82.35,80.5,80.6,3374.0
2021-07-05 11:00:00,NSE:ORIENTLTD,81.0,81.25,80.6,80.75,512.0
2021-07-05 12:00:00,NSE:ORIENTLTD,80.8,80.95,80.65,80.65,322.0
2021-07-05 13:00:00,NSE:ORIENTLTD,80.65,83.15,80.65,81.55,2881.0
2021-07-05 14:00:00,NSE:ORIENTLTD,81.25,81.6,80.6,81.0,2392.0
2021-07-05 15:00:00,NSE:ORIENTLTD,81.0,81.25,80.65,80.9,870.0
2021-07-06 09:00:00,NSE:ORIENTLTD,80.75,81.75,80.0,80.4,3625.0
2021-07-06 10:00:00,NSE:ORIENTLTD,80.45,80.6,80.2,80.3,467.0
2021-07-06 11:00:00,NSE:ORIENTLTD,80.3,80.6,80.0,80.0,1697.0
2021-07-06 12:00:00,NSE:ORIENTLTD,80.3,80.4,80.0,80.35,288.0
2021-07-06 13:00:00,NSE:ORIENTLTD,80.45,80.45,80.0,80.0,547.0
2021-07-06 14:00:00,NSE:ORIENTLTD,80.3,80.3,80.1,80.1,503.0
2021-07-06 15:00:00,NSE:ORIENTLTD,80.05,80.05,79.05,79.85,1784.0
2021-07-07 09:00:00,NSE:ORIENTLTD,79.5,79.7,79.0,79.7,1035.0
2021-07-07 10:00:00,NSE:ORIENTLTD,80.05,81.0,79.1,79.15,4710.0
2021-07-07 11:00:00,NSE:ORIENTLTD,79.15,79.15,79.15,79.15,1.0
2021-07-07 12:00:00,NSE:ORIENTLTD,79.7,80.25,79.25,79.7,1226.0
2021-07-07 13:00:00,NSE:ORIENTLTD,79.75,81.5,79.75,81.5,3279.0
2021-07-07 14:00:00,NSE:ORIENTLTD,81.1,81.5,81.1,81.15,690.0
2021-07-07 15:00:00,NSE:ORIENTLTD,81.25,82.0,80.1,81.25,3517.0
2021-07-08 09:00:00,NSE:ORIENTLTD,82.9,82.9,80.3,81.3,2147.0
2021-07-08 10:00:00,NSE:ORIENTLTD,81.55,81.6,80.8,81.25,819.0
2021-07-08 11:00:00,NSE:ORIENTLTD,81.25,81.5,81.25,81.5,190.0
2021-07-08 12:00:00,NSE:ORIENTLTD,81.85,81.85,80.8,81.7,440.0
2021-07-08 13:00:00,NSE:ORIENTLTD,81.75,81.75,81.1,81.1,111.0
2021-07-08 14:00:00,NSE:ORIENTLTD,81.1,81.65,80.3,80.5,4616.0
2021-07-08 15:00:00,NSE:ORIENTLTD,81.75,82.5,80.3,81.35,4546.0
2021-07-09 09:00:00,NSE:ORIENTLTD,80.05,81.15,79.55,79.55,4056.0
2021-07-09 10:00:00,NSE:ORIENTLTD,80.0,81.45,79.95,80.55,1674.0
2021-07-09 11:00:00,NSE:ORIENTLTD,80.9,80.95,80.15,80.15,131.0
2021-07-09 12:00:00,NSE:ORIENTLTD,80.9,80.9,80.15,80.3,201.0
2021-07-09 14:00:00,NSE:ORIENTLTD,80.85,80.85,80.2,80.8,54.0
2021-07-09 15:00:00,NSE:ORIENTLTD,80.8,80.8,79.5,79.55,1191.0
2021-07-12 09:00:00,NSE:ORIENTLTD,81.95,81.95,79.15,80.3,5177.0
2021-07-12 10:00:00,NSE:ORIENTLTD,81.0,81.5,80.15,81.2,6681.0
2021-07-12 11:00:00,NSE:ORIENTLTD,81.2,81.6,80.2,81.45,3555.0
2021-07-12 12:00:00,NSE:ORIENTLTD,80.95,81.8,80.95,81.65,3255.0
2021-07-12 13:00:00,NSE:ORIENTLTD,81.65,81.95,81.0,81.0,4910.0
2021-07-12 14:00:00,NSE:ORIENTLTD,81.4,81.8,80.55,81.05,2116.0
2021-07-12 15:00:00,NSE:ORIENTLTD,81.2,81.9,81.15,81.5,2429.0
2021-07-13 09:00:00,NSE:ORIENTLTD,82.7,82.7,80.6,81.45,8914.0
2021-07-13 10:00:00,NSE:ORIENTLTD,81.45,83.0,81.3,82.35,9726.0
2021-07-13 11:00:00,NSE:ORIENTLTD,82.2,82.85,82.1,82.75,3037.0
2021-07-13 12:00:00,NSE:ORIENTLTD,82.75,83.0,82.35,82.85,2641.0
2021-07-13 13:00:00,NSE:ORIENTLTD,82.85,83.15,82.7,82.7,4323.0
2021-07-13 14:00:00,NSE:ORIENTLTD,82.7,83.1,82.7,83.05,729.0
2021-07-13 15:00:00,NSE:ORIENTLTD,83.05,83.5,82.3,82.3,2915.0
2021-07-14 09:00:00,NSE:ORIENTLTD,83.95,84.0,82.75,83.1,3790.0
2021-07-14 10:00:00,NSE:ORIENTLTD,83.4,83.95,83.1,83.95,2898.0
2021-07-14 11:00:00,NSE:ORIENTLTD,83.95,87.25,83.95,87.0,16935.0
2021-07-14 12:00:00,NSE:ORIENTLTD,87.0,87.0,85.5,86.85,12917.0
2021-07-14 13:00:00,NSE:ORIENTLTD,86.85,87.1,85.8,87.1,15407.0
2021-07-14 14:00:00,NSE:ORIENTLTD,87.1,87.25,87.05,87.25,4504.0
2021-07-14 15:00:00,NSE:ORIENTLTD,87.25,87.25,87.25,87.25,1978.0
2021-07-15 09:00:00,NSE:ORIENTLTD,88.0,90.0,87.75,89.45,11694.0
2021-07-15 10:00:00,NSE:ORIENTLTD,89.45,90.0,87.35,87.35,17048.0
2021-07-15 11:00:00,NSE:ORIENTLTD,87.95,88.75,85.55,87.2,9046.0
2021-07-15 12:00:00,NSE:ORIENTLTD,87.4,88.5,86.85,87.05,2321.0
2021-07-15 13:00:00,NSE:ORIENTLTD,87.05,87.05,86.35,87.05,1058.0
2021-07-15 14:00:00,NSE:ORIENTLTD,87.1,87.9,86.55,87.9,1948.0
2021-07-15 15:00:00,NSE:ORIENTLTD,88.0,88.2,87.3,87.35,3493.0
2021-07-16 09:00:00,NSE:ORIENTLTD,89.95,89.95,86.45,86.45,5869.0
2021-07-16 10:00:00,NSE:ORIENTLTD,86.9,87.5,86.1,87.45,1778.0
2021-07-16 11:00:00,NSE:ORIENTLTD,87.0,87.0,86.0,87.0,2217.0
2021-07-16 12:00:00,NSE:ORIENTLTD,86.95,87.9,86.3,86.5,1361.0
2021-07-16 13:00:00,NSE:ORIENTLTD,86.8,87.45,86.8,87.0,1595.0
2021-07-16 14:00:00,NSE:ORIENTLTD,86.75,87.45,86.05,87.0,1802.0
2021-07-16 15:00:00,NSE:ORIENTLTD,87.4,87.5,85.6,87.3,898.0
2021-07-19 09:00:00,NSE:ORIENTLTD,85.65,87.05,85.6,86.3,1600.0
2021-07-19 10:00:00,NSE:ORIENTLTD,85.9,86.3,85.75,85.75,1677.0
2021-07-19 11:00:00,NSE:ORIENTLTD,85.5,86.0,84.45,84.65,6058.0
2021-07-19 12:00:00,NSE:ORIENTLTD,85.0,85.1,85.0,85.1,3236.0
2021-07-19 13:00:00,NSE:ORIENTLTD,85.0,85.1,84.45,84.45,5820.0
2021-07-19 14:00:00,NSE:ORIENTLTD,84.5,84.5,83.0,83.05,3894.0
2021-07-19 15:00:00,NSE:ORIENTLTD,83.05,84.25,83.05,83.7,2467.0
2021-07-20 09:00:00,NSE:ORIENTLTD,81.75,85.95,81.75,83.05,2641.0
2021-07-20 10:00:00,NSE:ORIENTLTD,83.05,85.0,83.05,84.75,7709.0
2021-07-20 11:00:00,NSE:ORIENTLTD,83.85,84.35,82.6,82.6,3557.0
2021-07-20 12:00:00,NSE:ORIENTLTD,82.65,82.8,82.65,82.65,703.0
2021-07-20 13:00:00,NSE:ORIENTLTD,83.3,83.35,82.15,82.4,1620.0
2021-07-20 14:00:00,NSE:ORIENTLTD,82.15,82.7,81.8,82.65,1448.0
2021-07-20 15:00:00,NSE:ORIENTLTD,82.0,82.0,81.05,81.2,4543.0
2021-07-22 09:00:00,NSE:ORIENTLTD,82.95,83.95,81.55,81.65,4853.0
2021-07-22 10:00:00,NSE:ORIENTLTD,81.65,82.0,81.6,81.65,556.0
2021-07-22 11:00:00,NSE:ORIENTLTD,81.9,81.95,81.0,81.6,1783.0
2021-07-22 12:00:00,NSE:ORIENTLTD,81.65,81.8,81.5,81.8,380.0
2021-07-22 13:00:00,NSE:ORIENTLTD,81.8,81.95,81.8,81.85,384.0
2021-07-22 14:00:00,NSE:ORIENTLTD,81.8,82.9,81.1,81.75,3424.0
2021-07-22 15:00:00,NSE:ORIENTLTD,82.2,82.4,80.35,82.0,1705.0
2021-07-23 09:00:00,NSE:ORIENTLTD,79.3,83.95,79.3,81.25,1682.0
2021-07-23 10:00:00,NSE:ORIENTLTD,81.25,81.4,79.8,79.8,1270.0
2021-07-23 11:00:00,NSE:ORIENTLTD,80.45,80.85,80.35,80.55,288.0
2021-07-23 12:00:00,NSE:ORIENTLTD,81.05,81.1,81.05,81.05,70.0
2021-07-23 13:00:00,NSE:ORIENTLTD,81.05,81.2,80.85,80.95,264.0
2021-07-23 14:00:00,NSE:ORIENTLTD,81.25,81.25,80.7,80.95,301.0
2021-07-23 15:00:00,NSE:ORIENTLTD,80.95,81.3,79.5,79.55,3113.0
2021-07-26 09:00:00,NSE:ORIENTLTD,81.4,82.45,80.4,82.35,989.0
2021-07-26 10:00:00,NSE:ORIENTLTD,81.2,81.85,81.15,81.15,240.0
2021-07-26 11:00:00,NSE:ORIENTLTD,81.15,81.25,80.1,80.1,1190.0
2021-07-26 12:00:00,NSE:ORIENTLTD,80.95,81.15,80.0,81.1,2866.0
2021-07-26 13:00:00,NSE:ORIENTLTD,80.35,81.0,80.15,80.85,376.0
2021-07-26 14:00:00,NSE:ORIENTLTD,80.85,80.85,79.85,80.8,2145.0
2021-07-26 15:00:00,NSE:ORIENTLTD,80.7,80.7,80.05,80.1,768.0
2021-07-27 09:00:00,NSE:ORIENTLTD,80.45,82.4,80.3,80.85,556.0
2021-07-27 10:00:00,NSE:ORIENTLTD,80.5,81.8,80.0,81.8,4480.0
2021-07-27 11:00:00,NSE:ORIENTLTD,81.05,82.9,80.6,82.9,5862.0
2021-07-27 12:00:00,NSE:ORIENTLTD,82.9,84.1,82.6,83.15,10863.0
2021-07-27 13:00:00,NSE:ORIENTLTD,83.15,83.8,82.85,83.55,330.0
2021-07-27 14:00:00,NSE:ORIENTLTD,83.7,83.9,82.85,83.3,3603.0
2021-07-27 15:00:00,NSE:ORIENTLTD,83.6,83.6,82.95,83.0,2667.0
2021-07-28 09:00:00,NSE:ORIENTLTD,83.35,83.9,83.35,83.45,1612.0
2021-07-28 10:00:00,NSE:ORIENTLTD,83.15,83.3,80.15,80.5,3802.0
2021-07-28 11:00:00,NSE:ORIENTLTD,80.15,82.45,80.15,82.0,971.0
2021-07-28 12:00:00,NSE:ORIENTLTD,82.0,83.7,81.7,81.7,1697.0
2021-07-28 13:00:00,NSE:ORIENTLTD,81.7,83.0,81.7,82.5,742.0
2021-07-28 14:00:00,NSE:ORIENTLTD,82.5,82.95,82.5,82.95,53.0
2021-07-28 15:00:00,NSE:ORIENTLTD,82.95,83.0,81.05,81.05,1193.0
2021-07-29 09:00:00,NSE:ORIENTLTD,81.1,85.0,81.1,83.1,504.0
2021-07-29 10:00:00,NSE:ORIENTLTD,83.6,84.0,82.75,83.0,4661.0
2021-07-29 11:00:00,NSE:ORIENTLTD,82.9,83.6,82.7,82.7,1072.0
2021-07-29 12:00:00,NSE:ORIENTLTD,82.5,82.75,81.95,82.65,1065.0
2021-07-29 13:00:00,NSE:ORIENTLTD,82.65,82.7,81.6,82.15,876.0
2021-07-29 14:00:00,NSE:ORIENTLTD,82.0,82.1,81.0,81.35,1671.0
2021-07-29 15:00:00,NSE:ORIENTLTD,81.3,82.0,80.45,81.05,1873.0
2021-07-30 09:00:00,NSE:ORIENTLTD,82.8,82.8,81.95,82.0,447.0
2021-07-30 10:00:00,NSE:ORIENTLTD,82.0,82.0,80.9,81.0,1594.0
2021-07-30 11:00:00,NSE:ORIENTLTD,81.25,81.3,81.25,81.3,45.0
2021-07-30 12:00:00,NSE:ORIENTLTD,81.3,81.35,81.0,81.05,354.0
2021-07-30 13:00:00,NSE:ORIENTLTD,81.1,81.2,81.0,81.0,495.0
2021-07-30 14:00:00,NSE:ORIENTLTD,81.2,81.2,80.9,80.9,319.0
2021-07-30 15:00:00,NSE:ORIENTLTD,81.0,81.2,80.45,81.2,1156.0
