datetime,symbol,open,high,low,close,volume
2018-08-08 09:00:00,NSE:TDPOWERSYS,149.7,149.7,147.9,148.0,7339.0
2018-08-08 10:00:00,NSE:TDPOWERSYS,148.35,149.2,147.1,147.1,6812.0
2018-08-08 11:00:00,NSE:TDPOWERSYS,147.1,147.15,146.1,146.1,2701.0
2018-08-08 12:00:00,NSE:TDPOWERSYS,146.5,147.45,146.5,147.45,244.0
2018-08-08 13:00:00,NSE:TDPOWERSYS,147.4,147.45,146.25,146.6,830.0
2018-08-08 14:00:00,NSE:TDPOWERSYS,146.8,148.9,140.6,140.95,87360.0
2018-08-08 15:00:00,NSE:TDPOWERSYS,141.0,141.85,138.95,140.6,9047.0
2018-08-09 09:00:00,NSE:TDPOWERSYS,140.95,145.4,140.0,144.0,9702.0
2018-08-09 10:00:00,NSE:TDPOWERSYS,144.45,144.5,143.0,144.0,2429.0
2018-08-09 11:00:00,NSE:TDPOWERSYS,143.95,143.95,142.0,143.5,1018.0
2018-08-09 12:00:00,NSE:TDPOWERSYS,142.1,144.0,141.9,144.0,1990.0
2018-08-09 13:00:00,NSE:TDPOWERSYS,141.1,143.65,141.1,143.0,835.0
2018-08-09 14:00:00,NSE:TDPOWERSYS,142.1,144.0,142.1,142.8,1472.0
2018-08-09 15:00:00,NSE:TDPOWERSYS,144.4,144.4,142.0,142.9,2224.0
2018-08-10 09:00:00,NSE:TDPOWERSYS,142.1,143.65,142.1,142.65,1524.0
2018-08-10 10:00:00,NSE:TDPOWERSYS,143.0,144.4,142.3,144.4,5005.0
2018-08-10 11:00:00,NSE:TDPOWERSYS,145.8,147.95,144.1,144.1,3601.0
2018-08-10 12:00:00,NSE:TDPOWERSYS,145.4,146.0,145.4,146.0,8203.0
2018-08-10 13:00:00,NSE:TDPOWERSYS,145.95,146.0,144.6,146.0,1670.0
2018-08-10 14:00:00,NSE:TDPOWERSYS,144.5,144.9,138.5,139.0,46778.0
2018-08-10 15:00:00,NSE:TDPOWERSYS,139.7,139.7,133.3,137.55,14460.0
2018-08-13 09:00:00,NSE:TDPOWERSYS,136.4,138.75,136.0,136.4,670.0
2018-08-13 10:00:00,NSE:TDPOWERSYS,136.4,138.35,136.0,138.0,1244.0
2018-08-13 11:00:00,NSE:TDPOWERSYS,136.7,137.75,136.5,136.75,875.0
2018-08-13 12:00:00,NSE:TDPOWERSYS,137.7,138.4,137.05,137.25,19030.0
2018-08-13 13:00:00,NSE:TDPOWERSYS,137.3,137.9,137.3,137.5,578.0
2018-08-13 14:00:00,NSE:TDPOWERSYS,137.5,138.65,137.0,137.0,1959.0
2018-08-13 15:00:00,NSE:TDPOWERSYS,136.75,138.0,134.35,135.45,3137.0
2018-08-14 09:00:00,NSE:TDPOWERSYS,133.55,136.0,132.0,134.05,1310.0
2018-08-14 10:00:00,NSE:TDPOWERSYS,135.5,135.75,134.55,135.65,4611.0
2018-08-14 11:00:00,NSE:TDPOWERSYS,135.45,135.55,134.3,135.1,579.0
2018-08-14 12:00:00,NSE:TDPOWERSYS,135.0,135.0,135.0,135.0,576.0
2018-08-14 13:00:00,NSE:TDPOWERSYS,135.0,135.0,132.0,134.45,1425.0
2018-08-14 14:00:00,NSE:TDPOWERSYS,133.0,134.4,132.3,133.9,2599.0
2018-08-14 15:00:00,NSE:TDPOWERSYS,133.05,134.9,133.05,134.9,2832.0
2018-08-16 09:00:00,NSE:TDPOWERSYS,133.5,134.7,133.05,134.5,851.0
2018-08-16 10:00:00,NSE:TDPOWERSYS,134.45,134.6,133.05,134.6,1823.0
2018-08-16 11:00:00,NSE:TDPOWERSYS,134.55,134.55,133.85,133.9,1340.0
2018-08-16 12:00:00,NSE:TDPOWERSYS,133.9,134.0,132.9,133.95,1536.0
2018-08-16 13:00:00,NSE:TDPOWERSYS,133.95,134.4,133.1,134.4,652.0
2018-08-16 14:00:00,NSE:TDPOWERSYS,134.35,134.35,134.0,134.0,345.0
2018-08-16 15:00:00,NSE:TDPOWERSYS,133.8,134.6,132.9,134.2,5273.0
2018-08-17 09:00:00,NSE:TDPOWERSYS,133.2,139.0,133.2,136.8,1635.0
2018-08-17 10:00:00,NSE:TDPOWERSYS,135.5,135.5,135.0,135.0,820.0
2018-08-17 11:00:00,NSE:TDPOWERSYS,135.45,135.5,135.0,135.0,109.0
2018-08-17 12:00:00,NSE:TDPOWERSYS,134.7,136.0,134.7,134.75,1443.0
2018-08-17 13:00:00,NSE:TDPOWERSYS,134.7,135.5,133.55,135.5,2020.0
2018-08-17 14:00:00,NSE:TDPOWERSYS,134.95,134.95,134.1,134.1,118.0
2018-08-17 15:00:00,NSE:TDPOWERSYS,134.8,134.8,132.4,133.85,3663.0
2018-08-20 09:00:00,NSE:TDPOWERSYS,135.3,137.9,135.3,136.0,1147.0
2018-08-20 10:00:00,NSE:TDPOWERSYS,136.0,136.0,135.9,135.95,1928.0
2018-08-20 11:00:00,NSE:TDPOWERSYS,135.95,136.0,134.0,134.0,16160.0
2018-08-20 12:00:00,NSE:TDPOWERSYS,134.2,135.0,133.0,133.1,20278.0
2018-08-20 13:00:00,NSE:TDPOWERSYS,133.25,133.8,133.25,133.25,682.0
2018-08-20 14:00:00,NSE:TDPOWERSYS,133.95,134.9,133.4,134.5,398.0
2018-08-20 15:00:00,NSE:TDPOWERSYS,134.1,135.0,134.05,134.85,4650.0
2018-08-21 09:00:00,NSE:TDPOWERSYS,134.0,135.0,133.5,133.5,393.0
2018-08-21 10:00:00,NSE:TDPOWERSYS,133.0,134.0,133.0,133.5,970.0
2018-08-21 11:00:00,NSE:TDPOWERSYS,133.5,134.0,133.5,134.0,6703.0
2018-08-21 12:00:00,NSE:TDPOWERSYS,133.95,134.0,133.6,134.0,1030.0
2018-08-21 13:00:00,NSE:TDPOWERSYS,134.0,134.0,133.6,134.0,2096.0
2018-08-21 14:00:00,NSE:TDPOWERSYS,133.9,134.0,133.05,133.15,7992.0
2018-08-21 15:00:00,NSE:TDPOWERSYS,133.2,135.5,133.2,134.95,1281.0
2018-08-23 09:00:00,NSE:TDPOWERSYS,134.95,135.95,134.95,135.55,253.0
2018-08-23 10:00:00,NSE:TDPOWERSYS,135.3,135.3,134.0,134.0,263.0
2018-08-23 11:00:00,NSE:TDPOWERSYS,134.9,134.95,133.0,133.5,684.0
2018-08-23 12:00:00,NSE:TDPOWERSYS,133.5,134.0,133.5,133.5,632.0
2018-08-23 13:00:00,NSE:TDPOWERSYS,133.5,134.0,133.3,134.0,820.0
2018-08-23 14:00:00,NSE:TDPOWERSYS,134.0,134.0,134.0,134.0,232.0
2018-08-23 15:00:00,NSE:TDPOWERSYS,133.95,133.95,133.95,133.95,40.0
2018-08-24 09:00:00,NSE:TDPOWERSYS,133.15,134.0,132.0,132.55,1185.0
2018-08-24 10:00:00,NSE:TDPOWERSYS,133.5,133.9,132.65,133.5,1187.0
2018-08-24 11:00:00,NSE:TDPOWERSYS,133.9,133.9,133.5,133.5,261.0
2018-08-24 12:00:00,NSE:TDPOWERSYS,133.9,133.9,133.5,133.9,866.0
2018-08-24 13:00:00,NSE:TDPOWERSYS,133.5,133.9,133.5,133.9,1212.0
2018-08-24 14:00:00,NSE:TDPOWERSYS,133.9,135.0,133.2,133.3,5558.0
2018-08-24 15:00:00,NSE:TDPOWERSYS,134.0,134.0,133.0,133.0,1891.0
2018-08-27 09:00:00,NSE:TDPOWERSYS,135.25,135.25,133.5,134.0,521.0
2018-08-27 10:00:00,NSE:TDPOWERSYS,134.5,135.0,134.0,135.0,2030.0
2018-08-27 11:00:00,NSE:TDPOWERSYS,134.95,134.95,128.75,130.0,9620.0
2018-08-27 12:00:00,NSE:TDPOWERSYS,129.8,131.0,129.4,130.75,1593.0
2018-08-27 13:00:00,NSE:TDPOWERSYS,128.75,131.0,128.75,130.7,5337.0
2018-08-27 14:00:00,NSE:TDPOWERSYS,130.5,131.0,130.0,131.0,3288.0
2018-08-27 15:00:00,NSE:TDPOWERSYS,130.55,130.6,129.35,130.25,3080.0
2018-08-28 09:00:00,NSE:TDPOWERSYS,130.5,130.5,129.0,129.0,4669.0
2018-08-28 10:00:00,NSE:TDPOWERSYS,129.05,129.7,129.0,129.7,1720.0
2018-08-28 11:00:00,NSE:TDPOWERSYS,129.7,130.0,129.5,129.5,966.0
2018-08-28 12:00:00,NSE:TDPOWERSYS,130.0,130.0,129.2,130.0,1387.0
2018-08-28 13:00:00,NSE:TDPOWERSYS,129.15,130.0,129.15,129.5,350.0
2018-08-28 14:00:00,NSE:TDPOWERSYS,129.5,130.5,129.1,129.95,3886.0
2018-08-28 15:00:00,NSE:TDPOWERSYS,129.0,129.0,128.25,128.95,1217.0
2018-08-29 09:00:00,NSE:TDPOWERSYS,129.95,130.0,129.0,129.05,3182.0
2018-08-29 10:00:00,NSE:TDPOWERSYS,129.0,129.0,128.25,129.0,2331.0
2018-08-29 11:00:00,NSE:TDPOWERSYS,129.0,129.9,128.4,129.0,3676.0
2018-08-29 12:00:00,NSE:TDPOWERSYS,129.0,129.0,129.0,129.0,959.0
2018-08-29 13:00:00,NSE:TDPOWERSYS,129.0,129.0,127.95,128.0,1915.0
2018-08-29 14:00:00,NSE:TDPOWERSYS,128.0,129.0,127.6,128.0,4890.0
2018-08-29 15:00:00,NSE:TDPOWERSYS,128.0,128.0,127.5,127.95,9504.0
2018-08-30 09:00:00,NSE:TDPOWERSYS,129.0,129.0,128.0,128.0,963.0
2018-08-30 10:00:00,NSE:TDPOWERSYS,128.0,128.6,128.0,128.6,382.0
2018-08-30 11:00:00,NSE:TDPOWERSYS,128.05,128.05,126.0,126.3,4463.0
2018-08-30 12:00:00,NSE:TDPOWERSYS,127.45,128.0,126.4,127.0,1144.0
2018-08-30 13:00:00,NSE:TDPOWERSYS,127.0,127.05,126.05,126.75,2401.0
2018-08-30 14:00:00,NSE:TDPOWERSYS,126.6,127.55,126.0,127.0,4652.0
2018-08-30 15:00:00,NSE:TDPOWERSYS,127.0,127.45,127.0,127.45,1798.0
2018-08-31 09:00:00,NSE:TDPOWERSYS,127.1,129.55,127.1,128.35,1901.0
2018-08-31 10:00:00,NSE:TDPOWERSYS,128.4,128.7,127.0,127.8,5136.0
2018-08-31 11:00:00,NSE:TDPOWERSYS,127.0,127.0,126.1,126.9,435.0
2018-08-31 12:00:00,NSE:TDPOWERSYS,126.9,127.35,124.5,125.0,15870.0
2018-08-31 13:00:00,NSE:TDPOWERSYS,125.0,126.0,124.0,124.85,5761.0
2018-08-31 14:00:00,NSE:TDPOWERSYS,125.0,125.8,124.6,125.35,11919.0
2018-08-31 15:00:00,NSE:TDPOWERSYS,125.75,126.0,124.95,125.55,1151.0
2018-09-03 09:00:00,NSE:TDPOWERSYS,127.35,127.95,125.75,127.25,1698.0
2018-09-03 10:00:00,NSE:TDPOWERSYS,127.25,129.8,126.8,128.0,4630.0
2018-09-03 11:00:00,NSE:TDPOWERSYS,127.95,128.0,125.65,126.7,10662.0
2018-09-03 12:00:00,NSE:TDPOWERSYS,126.6,127.0,126.25,126.95,3732.0
2018-09-03 13:00:00,NSE:TDPOWERSYS,126.9,126.95,123.55,124.5,20014.0
2018-09-03 14:00:00,NSE:TDPOWERSYS,124.55,127.85,124.0,125.95,15332.0
2018-09-03 15:00:00,NSE:TDPOWERSYS,124.55,126.3,124.55,125.45,1136.0
2018-09-04 09:00:00,NSE:TDPOWERSYS,127.2,127.2,125.15,125.5,848.0
2018-09-04 10:00:00,NSE:TDPOWERSYS,125.5,125.55,124.5,124.5,510.0
2018-09-04 11:00:00,NSE:TDPOWERSYS,124.45,124.45,124.1,124.45,232.0
2018-09-04 12:00:00,NSE:TDPOWERSYS,124.5,126.35,124.1,126.3,4995.0
2018-09-04 13:00:00,NSE:TDPOWERSYS,126.35,126.35,124.3,124.4,1322.0
2018-09-04 14:00:00,NSE:TDPOWERSYS,124.5,125.05,123.85,124.0,4145.0
2018-09-04 15:00:00,NSE:TDPOWERSYS,124.0,124.0,123.5,123.5,4043.0
2018-09-05 09:00:00,NSE:TDPOWERSYS,125.75,125.75,124.05,124.5,53.0
2018-09-05 10:00:00,NSE:TDPOWERSYS,124.0,124.1,123.85,124.0,878.0
2018-09-05 11:00:00,NSE:TDPOWERSYS,123.6,124.4,123.6,124.4,200.0
2018-09-05 12:00:00,NSE:TDPOWERSYS,123.55,123.95,122.45,122.45,742.0
2018-09-05 13:00:00,NSE:TDPOWERSYS,122.45,123.95,122.45,123.05,4790.0
2018-09-05 14:00:00,NSE:TDPOWERSYS,123.35,125.0,122.0,125.0,6533.0
2018-09-05 15:00:00,NSE:TDPOWERSYS,123.4,126.45,123.4,126.45,1574.0
2018-09-06 09:00:00,NSE:TDPOWERSYS,126.0,126.7,124.0,125.0,236.0
2018-09-06 10:00:00,NSE:TDPOWERSYS,125.0,125.0,124.2,124.9,4274.0
2018-09-06 11:00:00,NSE:TDPOWERSYS,125.0,125.0,124.35,124.5,3857.0
2018-09-06 12:00:00,NSE:TDPOWERSYS,124.45,125.75,118.15,121.15,47940.0
2018-09-06 13:00:00,NSE:TDPOWERSYS,121.95,124.8,117.95,121.0,132603.0
2018-09-06 14:00:00,NSE:TDPOWERSYS,121.0,128.45,120.5,127.0,21347.0
2018-09-06 15:00:00,NSE:TDPOWERSYS,127.0,128.5,124.5,124.5,21456.0
2018-09-07 09:00:00,NSE:TDPOWERSYS,126.0,127.55,124.0,124.05,2246.0
2018-09-07 10:00:00,NSE:TDPOWERSYS,124.05,125.0,123.95,124.7,6807.0
2018-09-07 11:00:00,NSE:TDPOWERSYS,124.75,125.0,122.4,122.5,4484.0
2018-09-07 12:00:00,NSE:TDPOWERSYS,122.5,122.5,120.15,121.0,23645.0
2018-09-07 13:00:00,NSE:TDPOWERSYS,121.0,121.75,117.65,120.45,66063.0
2018-09-07 14:00:00,NSE:TDPOWERSYS,120.9,121.0,117.9,118.0,29524.0
2018-09-07 15:00:00,NSE:TDPOWERSYS,118.35,119.0,117.7,118.3,18437.0
2018-09-10 09:00:00,NSE:TDPOWERSYS,138.0,138.0,113.6,120.55,21793.0
2018-09-10 10:00:00,NSE:TDPOWERSYS,120.5,123.45,120.0,122.35,5944.0
2018-09-10 11:00:00,NSE:TDPOWERSYS,122.65,126.45,122.0,122.0,22089.0
2018-09-10 12:00:00,NSE:TDPOWERSYS,121.9,122.9,120.95,121.05,11408.0
2018-09-10 13:00:00,NSE:TDPOWERSYS,121.0,122.0,117.95,120.0,83015.0
2018-09-10 14:00:00,NSE:TDPOWERSYS,119.05,121.15,119.05,121.0,29199.0
2018-09-10 15:00:00,NSE:TDPOWERSYS,121.0,123.45,121.0,122.1,13125.0
2018-09-11 09:00:00,NSE:TDPOWERSYS,123.1,124.0,121.3,121.35,4760.0
2018-09-11 10:00:00,NSE:TDPOWERSYS,121.7,121.7,118.1,119.55,11810.0
2018-09-11 11:00:00,NSE:TDPOWERSYS,119.55,119.9,119.0,119.85,1987.0
2018-09-11 12:00:00,NSE:TDPOWERSYS,119.6,119.6,117.25,118.05,25741.0
2018-09-11 13:00:00,NSE:TDPOWERSYS,118.85,120.95,118.85,119.8,4841.0
2018-09-11 14:00:00,NSE:TDPOWERSYS,119.95,120.1,116.1,120.1,14760.0
2018-09-11 15:00:00,NSE:TDPOWERSYS,120.3,121.35,119.35,119.95,3855.0
2018-09-12 09:00:00,NSE:TDPOWERSYS,121.8,122.0,119.5,122.0,7447.0
2018-09-12 10:00:00,NSE:TDPOWERSYS,121.9,122.0,120.75,121.05,22588.0
2018-09-12 11:00:00,NSE:TDPOWERSYS,121.85,121.85,118.5,118.55,22859.0
2018-09-12 12:00:00,NSE:TDPOWERSYS,118.5,119.0,116.85,117.95,47894.0
2018-09-12 13:00:00,NSE:TDPOWERSYS,119.3,120.5,118.0,120.25,3108.0
2018-09-12 14:00:00,NSE:TDPOWERSYS,119.9,122.45,119.0,122.0,29357.0
2018-09-12 15:00:00,NSE:TDPOWERSYS,121.65,122.35,119.3,119.95,51376.0
2018-09-14 09:00:00,NSE:TDPOWERSYS,122.6,125.5,121.0,121.35,23174.0
2018-09-14 10:00:00,NSE:TDPOWERSYS,121.6,121.75,119.55,120.0,8585.0
2018-09-14 11:00:00,NSE:TDPOWERSYS,119.95,119.95,119.25,119.45,1938.0
2018-09-14 12:00:00,NSE:TDPOWERSYS,118.95,119.0,116.0,118.15,49333.0
2018-09-14 13:00:00,NSE:TDPOWERSYS,118.05,118.35,117.8,118.0,5709.0
2018-09-14 14:00:00,NSE:TDPOWERSYS,117.95,118.75,117.85,118.4,12741.0
2018-09-14 15:00:00,NSE:TDPOWERSYS,118.5,119.4,118.0,118.7,10369.0
2018-09-17 09:00:00,NSE:TDPOWERSYS,118.95,119.65,118.0,118.7,1682.0
2018-09-17 10:00:00,NSE:TDPOWERSYS,118.7,118.85,117.85,118.75,1886.0
2018-09-17 11:00:00,NSE:TDPOWERSYS,118.3,118.3,118.0,118.05,455.0
2018-09-17 12:00:00,NSE:TDPOWERSYS,118.05,119.0,118.05,118.75,2483.0
2018-09-17 13:00:00,NSE:TDPOWERSYS,118.75,119.05,118.0,118.25,1768.0
2018-09-17 14:00:00,NSE:TDPOWERSYS,118.1,119.5,118.05,119.5,1185.0
2018-09-17 15:00:00,NSE:TDPOWERSYS,119.5,120.0,119.0,119.55,692.0
2018-09-18 09:00:00,NSE:TDPOWERSYS,118.5,121.25,118.5,120.95,1847.0
2018-09-18 10:00:00,NSE:TDPOWERSYS,120.5,120.5,116.0,116.85,18055.0
2018-09-18 11:00:00,NSE:TDPOWERSYS,116.8,117.0,115.25,115.4,10859.0
2018-09-18 12:00:00,NSE:TDPOWERSYS,116.0,116.0,115.35,115.95,48978.0
2018-09-18 13:00:00,NSE:TDPOWERSYS,115.0,115.9,113.1,115.0,83143.0
2018-09-18 14:00:00,NSE:TDPOWERSYS,114.95,118.75,114.35,116.0,13691.0
2018-09-18 15:00:00,NSE:TDPOWERSYS,115.7,116.1,114.0,115.05,6468.0
2018-09-19 09:00:00,NSE:TDPOWERSYS,115.95,117.0,114.65,114.7,4610.0
2018-09-19 10:00:00,NSE:TDPOWERSYS,114.7,114.7,113.0,113.65,6853.0
2018-09-19 11:00:00,NSE:TDPOWERSYS,113.65,114.0,111.5,114.0,15167.0
2018-09-19 12:00:00,NSE:TDPOWERSYS,114.0,114.0,111.75,111.8,15866.0
2018-09-19 13:00:00,NSE:TDPOWERSYS,111.75,111.85,108.6,110.4,75891.0
2018-09-19 14:00:00,NSE:TDPOWERSYS,109.75,110.0,108.25,109.0,11709.0
2018-09-19 15:00:00,NSE:TDPOWERSYS,109.0,110.0,108.9,109.7,5761.0
2018-09-21 09:00:00,NSE:TDPOWERSYS,111.3,117.9,111.3,116.5,28676.0
2018-09-21 10:00:00,NSE:TDPOWERSYS,116.4,117.0,115.35,117.0,12948.0
2018-09-21 11:00:00,NSE:TDPOWERSYS,116.85,128.4,116.45,123.0,142856.0
2018-09-21 12:00:00,NSE:TDPOWERSYS,122.95,124.55,116.0,117.25,66741.0
2018-09-21 13:00:00,NSE:TDPOWERSYS,117.7,118.8,113.1,117.5,37865.0
2018-09-21 14:00:00,NSE:TDPOWERSYS,117.0,117.7,113.1,114.5,14338.0
2018-09-21 15:00:00,NSE:TDPOWERSYS,114.5,119.85,113.8,116.55,14783.0
2018-09-24 09:00:00,NSE:TDPOWERSYS,126.05,134.8,124.05,124.95,173409.0
2018-09-24 10:00:00,NSE:TDPOWERSYS,124.95,128.15,124.55,128.15,53796.0
2018-09-24 11:00:00,NSE:TDPOWERSYS,128.0,129.95,124.6,125.25,43064.0
2018-09-24 12:00:00,NSE:TDPOWERSYS,125.2,127.05,124.6,126.25,15642.0
2018-09-24 13:00:00,NSE:TDPOWERSYS,126.3,128.6,125.55,126.7,64426.0
2018-09-24 14:00:00,NSE:TDPOWERSYS,126.4,128.9,125.05,125.5,102808.0
2018-09-24 15:00:00,NSE:TDPOWERSYS,125.55,128.0,125.05,127.0,91197.0
2018-09-25 09:00:00,NSE:TDPOWERSYS,126.9,126.9,122.05,123.15,17247.0
2018-09-25 10:00:00,NSE:TDPOWERSYS,123.2,128.25,123.15,127.0,25529.0
2018-09-25 11:00:00,NSE:TDPOWERSYS,127.4,127.8,126.1,126.45,5136.0
2018-09-25 12:00:00,NSE:TDPOWERSYS,126.5,127.4,126.0,126.45,7047.0
2018-09-25 13:00:00,NSE:TDPOWERSYS,126.85,126.85,124.55,124.9,9458.0
2018-09-25 14:00:00,NSE:TDPOWERSYS,125.0,127.4,124.1,127.4,13239.0
2018-09-25 15:00:00,NSE:TDPOWERSYS,127.15,131.65,127.15,129.4,26047.0
2018-09-26 09:00:00,NSE:TDPOWERSYS,130.0,139.7,127.95,137.5,113629.0
2018-09-26 10:00:00,NSE:TDPOWERSYS,137.5,142.05,135.2,138.2,135070.0
2018-09-26 11:00:00,NSE:TDPOWERSYS,138.1,139.3,136.55,137.0,20215.0
2018-09-26 12:00:00,NSE:TDPOWERSYS,136.95,139.75,136.3,138.55,21244.0
2018-09-26 13:00:00,NSE:TDPOWERSYS,138.5,144.9,137.4,144.5,59736.0
2018-09-26 14:00:00,NSE:TDPOWERSYS,144.45,145.4,137.85,143.15,94215.0
2018-09-26 15:00:00,NSE:TDPOWERSYS,143.15,144.5,138.85,140.85,122177.0
2018-09-27 09:00:00,NSE:TDPOWERSYS,144.9,146.8,133.6,133.8,341777.0
2018-09-27 10:00:00,NSE:TDPOWERSYS,133.8,138.0,133.6,136.35,67852.0
2018-09-27 11:00:00,NSE:TDPOWERSYS,136.0,137.9,135.9,136.8,25182.0
2018-09-27 12:00:00,NSE:TDPOWERSYS,136.85,137.0,135.75,136.4,10239.0
2018-09-27 13:00:00,NSE:TDPOWERSYS,136.2,136.5,134.25,134.25,13961.0
2018-09-27 14:00:00,NSE:TDPOWERSYS,134.3,136.0,133.05,134.85,31170.0
2018-09-27 15:00:00,NSE:TDPOWERSYS,134.9,137.4,134.5,136.15,71630.0
2018-09-28 09:00:00,NSE:TDPOWERSYS,136.0,136.0,129.15,130.4,46800.0
2018-09-28 10:00:00,NSE:TDPOWERSYS,130.05,132.3,129.25,129.9,11733.0
2018-09-28 11:00:00,NSE:TDPOWERSYS,129.75,132.65,129.75,131.25,11570.0
2018-09-28 12:00:00,NSE:TDPOWERSYS,131.35,131.9,127.2,128.55,12933.0
2018-09-28 13:00:00,NSE:TDPOWERSYS,128.65,129.7,127.2,128.0,5409.0
2018-09-28 14:00:00,NSE:TDPOWERSYS,128.05,128.15,124.45,124.5,10715.0
2018-09-28 15:00:00,NSE:TDPOWERSYS,124.45,129.0,124.45,126.65,15363.0
2018-10-01 09:00:00,NSE:TDPOWERSYS,125.0,125.0,117.05,121.45,19791.0
2018-10-01 10:00:00,NSE:TDPOWERSYS,121.95,122.35,119.0,119.15,14483.0
2018-10-01 11:00:00,NSE:TDPOWERSYS,119.85,119.9,118.0,119.5,9113.0
2018-10-01 12:00:00,NSE:TDPOWERSYS,120.0,120.0,118.55,118.7,2714.0
2018-10-01 13:00:00,NSE:TDPOWERSYS,119.15,121.0,118.75,120.3,2256.0
2018-10-01 14:00:00,NSE:TDPOWERSYS,120.5,122.0,117.95,120.0,48500.0
2018-10-01 15:00:00,NSE:TDPOWERSYS,120.0,121.75,119.3,120.05,33206.0
2018-10-03 09:00:00,NSE:TDPOWERSYS,120.0,120.05,116.65,118.05,8628.0
2018-10-03 10:00:00,NSE:TDPOWERSYS,118.05,119.55,116.95,116.95,5095.0
2018-10-03 11:00:00,NSE:TDPOWERSYS,116.85,117.75,115.0,115.5,17995.0
2018-10-03 12:00:00,NSE:TDPOWERSYS,115.6,116.15,114.0,114.5,14480.0
2018-10-03 13:00:00,NSE:TDPOWERSYS,115.35,128.75,115.35,124.3,38821.0
2018-10-03 14:00:00,NSE:TDPOWERSYS,124.5,126.75,122.55,123.7,25910.0
2018-10-03 15:00:00,NSE:TDPOWERSYS,124.05,124.3,118.55,121.8,14264.0
2018-10-04 09:00:00,NSE:TDPOWERSYS,120.0,122.0,115.0,121.8,7127.0
2018-10-04 10:00:00,NSE:TDPOWERSYS,121.8,122.0,120.0,120.0,4576.0
2018-10-04 11:00:00,NSE:TDPOWERSYS,120.3,120.95,118.1,119.95,4224.0
2018-10-04 12:00:00,NSE:TDPOWERSYS,119.75,122.0,119.0,119.85,5198.0
2018-10-04 13:00:00,NSE:TDPOWERSYS,120.0,120.5,117.15,117.2,23450.0
2018-10-04 14:00:00,NSE:TDPOWERSYS,117.15,119.9,117.0,119.85,18119.0
2018-10-04 15:00:00,NSE:TDPOWERSYS,119.85,119.9,118.2,119.0,5171.0
2018-10-05 09:00:00,NSE:TDPOWERSYS,119.0,120.0,118.5,119.75,4907.0
2018-10-05 10:00:00,NSE:TDPOWERSYS,119.75,119.9,118.25,118.5,3671.0
2018-10-05 11:00:00,NSE:TDPOWERSYS,118.6,120.0,115.2,117.2,18331.0
2018-10-05 12:00:00,NSE:TDPOWERSYS,117.25,118.55,116.5,117.95,8503.0
2018-10-05 13:00:00,NSE:TDPOWERSYS,117.5,118.0,117.0,118.0,1610.0
2018-10-05 14:00:00,NSE:TDPOWERSYS,118.4,119.75,117.0,118.85,11816.0
2018-10-05 15:00:00,NSE:TDPOWERSYS,118.5,118.5,116.0,116.85,4924.0
2018-10-08 09:00:00,NSE:TDPOWERSYS,124.0,124.0,113.1,113.95,60925.0
2018-10-08 10:00:00,NSE:TDPOWERSYS,113.95,115.5,113.45,115.0,20664.0
2018-10-08 11:00:00,NSE:TDPOWERSYS,115.0,116.75,114.1,114.5,11661.0
2018-10-08 12:00:00,NSE:TDPOWERSYS,114.55,114.95,113.3,113.35,5573.0
2018-10-08 13:00:00,NSE:TDPOWERSYS,113.35,114.55,109.0,109.0,38302.0
2018-10-08 14:00:00,NSE:TDPOWERSYS,109.65,111.75,107.0,109.0,66852.0
2018-10-08 15:00:00,NSE:TDPOWERSYS,109.0,110.5,104.7,107.1,87796.0
2018-10-09 09:00:00,NSE:TDPOWERSYS,107.7,110.0,107.7,109.0,4241.0
2018-10-09 10:00:00,NSE:TDPOWERSYS,108.9,109.95,101.5,103.95,27777.0
2018-10-09 11:00:00,NSE:TDPOWERSYS,103.6,103.95,97.55,100.5,49284.0
2018-10-09 12:00:00,NSE:TDPOWERSYS,100.05,103.55,99.6,103.55,11616.0
2018-10-09 13:00:00,NSE:TDPOWERSYS,103.6,105.5,95.9,98.5,187517.0
2018-10-09 14:00:00,NSE:TDPOWERSYS,98.65,101.9,95.0,100.15,145660.0
2018-10-09 15:00:00,NSE:TDPOWERSYS,100.1,104.0,98.55,101.2,47029.0
2018-10-10 09:00:00,NSE:TDPOWERSYS,103.55,114.5,103.55,113.25,56022.0
2018-10-10 10:00:00,NSE:TDPOWERSYS,113.25,119.9,113.2,117.35,69221.0
2018-10-10 11:00:00,NSE:TDPOWERSYS,117.25,119.0,116.0,118.15,11854.0
2018-10-10 12:00:00,NSE:TDPOWERSYS,118.15,119.3,116.65,117.55,9595.0
2018-10-10 13:00:00,NSE:TDPOWERSYS,117.5,118.65,117.3,117.6,3645.0
2018-10-10 14:00:00,NSE:TDPOWERSYS,117.55,119.9,117.3,118.85,57114.0
2018-10-10 15:00:00,NSE:TDPOWERSYS,118.65,119.05,113.65,117.35,42208.0
2018-10-11 09:00:00,NSE:TDPOWERSYS,113.25,123.9,110.0,120.0,137792.0
2018-10-11 10:00:00,NSE:TDPOWERSYS,120.0,125.0,120.0,122.0,80718.0
2018-10-11 11:00:00,NSE:TDPOWERSYS,122.0,126.0,121.25,125.0,57502.0
2018-10-11 12:00:00,NSE:TDPOWERSYS,125.0,125.25,120.2,121.65,11052.0
2018-10-11 13:00:00,NSE:TDPOWERSYS,121.65,123.5,121.15,123.15,2180.0
2018-10-11 14:00:00,NSE:TDPOWERSYS,121.2,123.5,119.7,120.5,15245.0
2018-10-11 15:00:00,NSE:TDPOWERSYS,121.0,123.5,121.0,121.7,27288.0
2018-10-12 09:00:00,NSE:TDPOWERSYS,122.0,127.95,121.9,127.5,23067.0
2018-10-12 10:00:00,NSE:TDPOWERSYS,127.5,128.0,125.3,127.0,10210.0
2018-10-12 11:00:00,NSE:TDPOWERSYS,127.0,127.35,125.5,126.0,6696.0
2018-10-12 12:00:00,NSE:TDPOWERSYS,125.55,126.0,121.25,124.0,12880.0
2018-10-12 13:00:00,NSE:TDPOWERSYS,123.0,124.45,122.2,124.4,1677.0
2018-10-12 14:00:00,NSE:TDPOWERSYS,124.45,130.9,123.8,128.15,70972.0
2018-10-12 15:00:00,NSE:TDPOWERSYS,127.95,131.5,127.0,131.5,25882.0
2018-10-15 09:00:00,NSE:TDPOWERSYS,129.0,137.75,128.95,135.75,50518.0
2018-10-15 10:00:00,NSE:TDPOWERSYS,135.75,137.0,135.0,136.1,12874.0
2018-10-15 11:00:00,NSE:TDPOWERSYS,135.95,138.4,134.1,137.0,21129.0
2018-10-15 12:00:00,NSE:TDPOWERSYS,137.0,139.9,137.0,137.85,20577.0
2018-10-15 13:00:00,NSE:TDPOWERSYS,137.8,141.6,137.4,139.6,60432.0
2018-10-15 14:00:00,NSE:TDPOWERSYS,139.85,141.85,139.1,141.0,21078.0
2018-10-15 15:00:00,NSE:TDPOWERSYS,140.95,144.0,140.0,141.8,141218.0
2018-10-16 09:00:00,NSE:TDPOWERSYS,140.95,148.3,140.9,147.25,42665.0
2018-10-16 10:00:00,NSE:TDPOWERSYS,147.25,150.7,147.0,147.5,125504.0
2018-10-16 11:00:00,NSE:TDPOWERSYS,147.3,150.4,147.3,149.0,27460.0
2018-10-16 12:00:00,NSE:TDPOWERSYS,149.05,150.0,147.0,147.15,8807.0
2018-10-16 13:00:00,NSE:TDPOWERSYS,147.15,147.5,145.7,145.7,24795.0
2018-10-16 14:00:00,NSE:TDPOWERSYS,145.5,149.0,145.0,145.35,15548.0
2018-10-16 15:00:00,NSE:TDPOWERSYS,146.5,147.45,145.45,146.7,30334.0
2018-10-17 09:00:00,NSE:TDPOWERSYS,145.0,147.85,136.0,141.0,26124.0
2018-10-17 10:00:00,NSE:TDPOWERSYS,141.0,141.0,137.95,138.5,7098.0
2018-10-17 11:00:00,NSE:TDPOWERSYS,138.4,139.0,136.15,137.85,3828.0
2018-10-17 12:00:00,NSE:TDPOWERSYS,138.0,139.1,137.65,138.95,895.0
2018-10-17 13:00:00,NSE:TDPOWERSYS,138.95,139.0,137.0,137.0,3396.0
2018-10-17 14:00:00,NSE:TDPOWERSYS,137.0,137.55,136.0,136.7,10239.0
2018-10-17 15:00:00,NSE:TDPOWERSYS,136.0,136.55,135.0,135.4,17710.0
2018-10-19 09:00:00,NSE:TDPOWERSYS,132.4,138.4,127.45,136.0,18308.0
2018-10-19 10:00:00,NSE:TDPOWERSYS,135.95,136.2,131.1,133.0,6235.0
2018-10-19 11:00:00,NSE:TDPOWERSYS,133.0,133.75,130.25,131.0,9110.0
2018-10-19 12:00:00,NSE:TDPOWERSYS,131.3,132.5,130.95,131.0,3825.0
2018-10-19 13:00:00,NSE:TDPOWERSYS,131.0,131.55,129.0,130.0,3741.0
2018-10-19 14:00:00,NSE:TDPOWERSYS,129.0,131.5,128.6,129.35,6573.0
2018-10-19 15:00:00,NSE:TDPOWERSYS,129.8,130.0,128.6,129.1,7644.0
2018-10-22 09:00:00,NSE:TDPOWERSYS,130.0,137.0,126.0,133.5,13686.0
2018-10-22 10:00:00,NSE:TDPOWERSYS,133.65,137.85,133.05,136.5,17289.0
2018-10-22 11:00:00,NSE:TDPOWERSYS,136.2,136.95,135.0,135.95,3806.0
2018-10-22 12:00:00,NSE:TDPOWERSYS,135.9,137.0,135.0,135.05,7946.0
2018-10-22 13:00:00,NSE:TDPOWERSYS,135.0,135.85,132.55,135.35,51839.0
2018-10-22 14:00:00,NSE:TDPOWERSYS,134.3,135.75,133.0,133.05,12740.0
2018-10-22 15:00:00,NSE:TDPOWERSYS,133.95,135.0,132.3,134.6,22264.0
2018-10-23 09:00:00,NSE:TDPOWERSYS,133.75,134.75,130.05,132.7,11948.0
2018-10-23 10:00:00,NSE:TDPOWERSYS,132.5,134.7,132.0,132.8,2633.0
2018-10-23 11:00:00,NSE:TDPOWERSYS,132.0,132.65,131.75,131.75,4022.0
2018-10-23 12:00:00,NSE:TDPOWERSYS,131.75,133.45,131.0,132.6,977.0
2018-10-23 13:00:00,NSE:TDPOWERSYS,132.75,132.75,129.55,130.45,29434.0
2018-10-23 14:00:00,NSE:TDPOWERSYS,130.0,131.5,128.65,131.5,9162.0
2018-10-23 15:00:00,NSE:TDPOWERSYS,131.3,131.85,129.1,131.0,4391.0
2018-10-24 09:00:00,NSE:TDPOWERSYS,131.9,135.0,131.7,134.65,4785.0
2018-10-24 10:00:00,NSE:TDPOWERSYS,134.15,134.15,132.5,132.5,3325.0
2018-10-24 11:00:00,NSE:TDPOWERSYS,132.5,133.9,131.1,131.25,2321.0
2018-10-24 12:00:00,NSE:TDPOWERSYS,131.4,132.95,131.4,132.05,718.0
2018-10-24 13:00:00,NSE:TDPOWERSYS,132.15,132.95,132.0,132.05,627.0
2018-10-24 14:00:00,NSE:TDPOWERSYS,132.15,133.3,131.0,132.2,6329.0
2018-10-24 15:00:00,NSE:TDPOWERSYS,131.85,132.3,131.25,131.6,1738.0
2018-10-25 09:00:00,NSE:TDPOWERSYS,130.1,132.45,129.3,131.0,4686.0
2018-10-25 10:00:00,NSE:TDPOWERSYS,131.1,132.3,131.1,131.15,1931.0
2018-10-25 11:00:00,NSE:TDPOWERSYS,131.2,131.55,131.0,131.55,5535.0
2018-10-25 12:00:00,NSE:TDPOWERSYS,131.0,131.0,131.0,131.0,2500.0
2018-10-25 13:00:00,NSE:TDPOWERSYS,131.05,131.55,131.0,131.0,5172.0
2018-10-25 14:00:00,NSE:TDPOWERSYS,131.05,131.5,130.5,131.5,1488.0
2018-10-25 15:00:00,NSE:TDPOWERSYS,131.4,131.4,129.0,129.7,2822.0
2018-10-26 09:00:00,NSE:TDPOWERSYS,129.05,130.3,129.0,129.0,4793.0
2018-10-26 10:00:00,NSE:TDPOWERSYS,130.0,131.0,129.1,130.0,10617.0
2018-10-26 11:00:00,NSE:TDPOWERSYS,129.0,131.3,129.0,131.0,12266.0
2018-10-26 12:00:00,NSE:TDPOWERSYS,129.05,131.2,129.05,129.95,1111.0
2018-10-26 13:00:00,NSE:TDPOWERSYS,129.75,129.95,129.75,129.95,11.0
2018-10-26 14:00:00,NSE:TDPOWERSYS,129.95,130.0,129.0,129.45,3137.0
2018-10-26 15:00:00,NSE:TDPOWERSYS,129.75,129.85,129.0,129.05,5036.0
2018-10-29 09:00:00,NSE:TDPOWERSYS,130.0,131.95,129.0,129.0,11943.0
2018-10-29 10:00:00,NSE:TDPOWERSYS,129.0,130.0,128.5,129.0,8314.0
2018-10-29 11:00:00,NSE:TDPOWERSYS,129.0,129.0,128.5,128.5,635.0
2018-10-29 12:00:00,NSE:TDPOWERSYS,128.5,129.8,128.05,129.7,9309.0
2018-10-29 13:00:00,NSE:TDPOWERSYS,129.6,131.2,129.6,130.85,5503.0
2018-10-29 14:00:00,NSE:TDPOWERSYS,130.85,130.85,128.0,128.85,6177.0
2018-10-29 15:00:00,NSE:TDPOWERSYS,129.0,129.95,128.0,128.35,19212.0
2018-10-30 09:00:00,NSE:TDPOWERSYS,129.5,137.4,129.5,135.75,24539.0
2018-10-30 10:00:00,NSE:TDPOWERSYS,136.8,137.45,135.0,136.2,13818.0
2018-10-30 11:00:00,NSE:TDPOWERSYS,136.15,138.0,135.65,137.0,8155.0
2018-10-30 12:00:00,NSE:TDPOWERSYS,137.0,138.6,130.0,135.25,18903.0
2018-10-30 13:00:00,NSE:TDPOWERSYS,135.5,138.0,135.1,136.1,8823.0
2018-10-30 14:00:00,NSE:TDPOWERSYS,136.05,137.9,131.15,134.25,19774.0
2018-10-30 15:00:00,NSE:TDPOWERSYS,134.3,135.8,132.0,133.25,10035.0
2018-10-31 09:00:00,NSE:TDPOWERSYS,131.95,136.0,129.0,130.7,13630.0
2018-10-31 10:00:00,NSE:TDPOWERSYS,130.75,132.9,129.0,132.85,2955.0
2018-10-31 11:00:00,NSE:TDPOWERSYS,132.0,133.6,129.2,131.5,5136.0
2018-10-31 12:00:00,NSE:TDPOWERSYS,131.45,132.7,131.1,132.4,335.0
2018-10-31 13:00:00,NSE:TDPOWERSYS,132.2,132.3,131.0,132.3,169.0
2018-10-31 14:00:00,NSE:TDPOWERSYS,132.25,132.25,130.05,131.1,3594.0
2018-10-31 15:00:00,NSE:TDPOWERSYS,131.5,132.2,130.5,132.1,3835.0
2018-11-01 09:00:00,NSE:TDPOWERSYS,134.0,134.0,131.45,132.2,1584.0
2018-11-01 10:00:00,NSE:TDPOWERSYS,131.25,131.85,131.1,131.7,512.0
2018-11-01 11:00:00,NSE:TDPOWERSYS,131.8,131.8,131.5,131.65,314.0
2018-11-01 12:00:00,NSE:TDPOWERSYS,131.45,133.0,130.2,131.0,3595.0
2018-11-01 13:00:00,NSE:TDPOWERSYS,131.0,132.5,131.0,132.35,1079.0
2018-11-01 14:00:00,NSE:TDPOWERSYS,133.0,133.35,131.5,133.35,4567.0
2018-11-01 15:00:00,NSE:TDPOWERSYS,133.45,134.0,131.6,133.0,2022.0
2018-11-02 09:00:00,NSE:TDPOWERSYS,132.3,135.0,132.3,132.65,8570.0
2018-11-02 10:00:00,NSE:TDPOWERSYS,135.0,135.05,133.8,133.85,5301.0
2018-11-02 11:00:00,NSE:TDPOWERSYS,134.45,134.9,132.85,133.25,308.0
2018-11-02 12:00:00,NSE:TDPOWERSYS,134.95,135.0,134.05,135.0,2237.0
2018-11-02 13:00:00,NSE:TDPOWERSYS,134.1,135.1,133.5,135.1,2367.0
2018-11-02 14:00:00,NSE:TDPOWERSYS,135.5,136.0,133.0,133.0,6024.0
2018-11-02 15:00:00,NSE:TDPOWERSYS,134.0,135.0,133.0,133.95,6992.0
2018-11-05 09:00:00,NSE:TDPOWERSYS,135.0,135.0,129.85,133.55,471.0
2018-11-05 10:00:00,NSE:TDPOWERSYS,134.0,134.65,131.85,131.85,759.0
2018-11-05 11:00:00,NSE:TDPOWERSYS,131.95,132.0,131.95,132.0,1437.0
2018-11-05 12:00:00,NSE:TDPOWERSYS,131.8,133.5,130.05,133.1,1207.0
2018-11-05 13:00:00,NSE:TDPOWERSYS,132.5,132.5,132.0,132.0,33.0
2018-11-05 14:00:00,NSE:TDPOWERSYS,132.0,132.0,130.5,130.5,1399.0
2018-11-05 15:00:00,NSE:TDPOWERSYS,130.9,130.95,130.0,130.35,700.0
2018-11-06 09:00:00,NSE:TDPOWERSYS,143.0,143.0,131.95,133.0,9652.0
2018-11-06 10:00:00,NSE:TDPOWERSYS,132.45,133.0,131.6,131.65,657.0
2018-11-06 11:00:00,NSE:TDPOWERSYS,132.35,132.35,130.5,132.0,912.0
2018-11-06 12:00:00,NSE:TDPOWERSYS,131.0,131.0,131.0,131.0,949.0
2018-11-06 13:00:00,NSE:TDPOWERSYS,131.75,131.75,130.25,130.95,695.0
2018-11-06 14:00:00,NSE:TDPOWERSYS,130.25,131.95,130.0,130.35,3556.0
2018-11-06 15:00:00,NSE:TDPOWERSYS,130.7,132.0,129.0,131.5,6452.0
2018-11-09 09:00:00,NSE:TDPOWERSYS,133.3,133.45,132.85,133.1,1702.0
2018-11-09 10:00:00,NSE:TDPOWERSYS,132.05,132.55,131.25,132.55,1511.0
2018-11-09 11:00:00,NSE:TDPOWERSYS,132.55,133.15,131.05,131.1,1248.0
2018-11-09 12:00:00,NSE:TDPOWERSYS,131.15,132.6,130.9,132.6,478.0
2018-11-09 13:00:00,NSE:TDPOWERSYS,131.5,131.5,131.5,131.5,5.0
2018-11-09 14:00:00,NSE:TDPOWERSYS,132.0,132.0,131.05,131.95,4556.0
2018-11-09 15:00:00,NSE:TDPOWERSYS,132.3,133.0,130.1,131.3,345.0
2018-11-12 09:00:00,NSE:TDPOWERSYS,133.95,134.0,131.55,133.0,530.0
2018-11-12 10:00:00,NSE:TDPOWERSYS,132.75,132.75,132.1,132.1,104.0
2018-11-12 11:00:00,NSE:TDPOWERSYS,131.9,131.9,131.0,131.9,5169.0
2018-11-12 12:00:00,NSE:TDPOWERSYS,131.4,131.4,131.0,131.0,150.0
2018-11-12 13:00:00,NSE:TDPOWERSYS,131.0,131.0,131.0,131.0,5015.0
2018-11-12 14:00:00,NSE:TDPOWERSYS,131.0,131.0,131.0,131.0,313.0
2018-11-12 15:00:00,NSE:TDPOWERSYS,131.0,131.9,130.2,130.65,278.0
2018-11-13 09:00:00,NSE:TDPOWERSYS,132.25,132.55,131.05,132.55,655.0
2018-11-13 10:00:00,NSE:TDPOWERSYS,131.1,131.1,130.0,130.5,15996.0
2018-11-13 11:00:00,NSE:TDPOWERSYS,130.5,131.5,130.05,130.05,2687.0
2018-11-13 12:00:00,NSE:TDPOWERSYS,130.05,130.75,130.05,130.75,82.0
2018-11-13 13:00:00,NSE:TDPOWERSYS,130.05,130.05,130.05,130.05,555.0
2018-11-13 14:00:00,NSE:TDPOWERSYS,130.75,130.75,130.15,130.15,94.0
2018-11-13 15:00:00,NSE:TDPOWERSYS,130.05,131.05,130.05,130.5,1900.0
2018-11-14 09:00:00,NSE:TDPOWERSYS,131.0,137.0,131.0,132.1,12053.0
2018-11-14 10:00:00,NSE:TDPOWERSYS,132.5,132.75,132.5,132.65,369.0
2018-11-14 11:00:00,NSE:TDPOWERSYS,132.0,132.0,132.0,132.0,5700.0
2018-11-14 12:00:00,NSE:TDPOWERSYS,132.0,132.0,132.0,132.0,1000.0
2018-11-14 13:00:00,NSE:TDPOWERSYS,132.0,132.0,132.0,132.0,7872.0
2018-11-14 14:00:00,NSE:TDPOWERSYS,132.0,132.65,132.0,132.0,9822.0
2018-11-14 15:00:00,NSE:TDPOWERSYS,131.95,132.7,131.4,132.7,314.0
2018-11-15 09:00:00,NSE:TDPOWERSYS,130.05,131.75,130.0,130.65,436.0
2018-11-15 10:00:00,NSE:TDPOWERSYS,130.25,130.25,130.25,130.25,99.0
2018-11-15 11:00:00,NSE:TDPOWERSYS,130.05,131.0,130.05,130.4,475.0
2018-11-15 12:00:00,NSE:TDPOWERSYS,130.4,130.4,129.7,129.95,159.0
2018-11-15 13:00:00,NSE:TDPOWERSYS,130.0,130.0,128.45,128.45,56.0
2018-11-15 14:00:00,NSE:TDPOWERSYS,128.9,130.0,126.5,128.55,3115.0
2018-11-15 15:00:00,NSE:TDPOWERSYS,128.5,128.55,128.2,128.55,384.0
2018-11-16 09:00:00,NSE:TDPOWERSYS,129.15,130.0,129.05,129.05,691.0
2018-11-16 10:00:00,NSE:TDPOWERSYS,129.9,130.75,129.0,129.0,803.0
2018-11-16 11:00:00,NSE:TDPOWERSYS,129.0,130.0,129.0,129.6,1936.0
2018-11-16 12:00:00,NSE:TDPOWERSYS,129.25,129.6,129.25,129.25,2132.0
2018-11-16 13:00:00,NSE:TDPOWERSYS,129.6,129.6,129.3,129.3,129.0
2018-11-16 14:00:00,NSE:TDPOWERSYS,130.0,130.0,129.3,130.0,2337.0
2018-11-16 15:00:00,NSE:TDPOWERSYS,129.55,130.0,129.25,129.25,344.0
2018-11-19 09:00:00,NSE:TDPOWERSYS,136.0,136.0,128.05,130.5,22085.0
2018-11-19 10:00:00,NSE:TDPOWERSYS,130.5,130.5,130.0,130.15,608.0
2018-11-19 11:00:00,NSE:TDPOWERSYS,130.0,130.1,130.0,130.1,939.0
2018-11-19 12:00:00,NSE:TDPOWERSYS,130.1,130.15,130.0,130.15,107.0
2018-11-19 13:00:00,NSE:TDPOWERSYS,130.5,130.5,129.95,130.0,11932.0
2018-11-19 14:00:00,NSE:TDPOWERSYS,130.0,130.5,127.8,130.5,2348.0
2018-11-19 15:00:00,NSE:TDPOWERSYS,130.5,130.5,129.7,130.0,542.0
2018-11-20 09:00:00,NSE:TDPOWERSYS,131.9,131.9,128.4,129.15,50286.0
2018-11-20 10:00:00,NSE:TDPOWERSYS,128.25,130.55,128.15,130.0,3978.0
2018-11-20 11:00:00,NSE:TDPOWERSYS,130.05,130.05,129.35,130.0,4504.0
2018-11-20 12:00:00,NSE:TDPOWERSYS,128.75,130.0,128.75,130.0,212.0
2018-11-20 13:00:00,NSE:TDPOWERSYS,128.9,128.9,128.5,128.5,1153.0
2018-11-20 14:00:00,NSE:TDPOWERSYS,127.85,129.0,127.55,127.55,272.0
2018-11-20 15:00:00,NSE:TDPOWERSYS,127.45,129.35,127.0,128.2,4309.0
2018-11-21 09:00:00,NSE:TDPOWERSYS,128.65,130.25,128.5,130.0,633.0
2018-11-21 10:00:00,NSE:TDPOWERSYS,129.65,129.65,129.3,129.65,820.0
2018-11-21 11:00:00,NSE:TDPOWERSYS,130.0,131.0,129.5,130.0,5154.0
2018-11-21 12:00:00,NSE:TDPOWERSYS,130.0,130.7,128.15,130.0,2040.0
2018-11-21 13:00:00,NSE:TDPOWERSYS,130.0,130.5,129.8,129.95,2794.0
2018-11-21 14:00:00,NSE:TDPOWERSYS,130.0,130.0,129.75,130.0,4134.0
2018-11-21 15:00:00,NSE:TDPOWERSYS,130.0,130.0,129.0,129.65,7532.0
2018-11-22 09:00:00,NSE:TDPOWERSYS,131.5,131.5,128.75,130.0,374.0
2018-11-22 10:00:00,NSE:TDPOWERSYS,129.8,130.0,128.45,130.0,4693.0
2018-11-22 11:00:00,NSE:TDPOWERSYS,130.0,130.0,129.45,129.5,1352.0
2018-11-22 12:00:00,NSE:TDPOWERSYS,129.45,129.45,129.45,129.45,50.0
2018-11-22 13:00:00,NSE:TDPOWERSYS,129.0,129.0,129.0,129.0,100.0
2018-11-22 14:00:00,NSE:TDPOWERSYS,129.4,129.5,128.85,129.5,2965.0
2018-11-22 15:00:00,NSE:TDPOWERSYS,129.5,129.5,128.0,129.3,2675.0
2018-11-26 09:00:00,NSE:TDPOWERSYS,132.0,132.0,128.15,129.1,1329.0
2018-11-26 10:00:00,NSE:TDPOWERSYS,130.0,130.0,130.0,130.0,6000.0
2018-11-26 11:00:00,NSE:TDPOWERSYS,130.0,130.0,129.0,130.0,1031.0
2018-11-26 12:00:00,NSE:TDPOWERSYS,129.0,130.25,129.0,129.7,1094.0
2018-11-26 13:00:00,NSE:TDPOWERSYS,129.5,130.2,129.5,129.7,62.0
2018-11-26 14:00:00,NSE:TDPOWERSYS,129.7,130.25,129.05,129.5,2073.0
2018-11-26 15:00:00,NSE:TDPOWERSYS,130.0,130.2,129.5,130.0,4995.0
2018-11-27 09:00:00,NSE:TDPOWERSYS,129.95,130.0,126.5,129.7,5657.0
2018-11-27 10:00:00,NSE:TDPOWERSYS,129.85,130.0,128.0,129.8,2082.0
2018-11-27 11:00:00,NSE:TDPOWERSYS,129.75,129.95,129.75,129.95,1735.0
2018-11-27 12:00:00,NSE:TDPOWERSYS,129.45,129.6,129.45,129.5,14.0
2018-11-27 13:00:00,NSE:TDPOWERSYS,129.45,130.0,128.95,128.95,2875.0
2018-11-27 14:00:00,NSE:TDPOWERSYS,129.95,130.0,128.9,129.05,2417.0
2018-11-27 15:00:00,NSE:TDPOWERSYS,128.65,130.25,128.65,130.0,2100.0
2018-11-28 10:00:00,NSE:TDPOWERSYS,128.85,129.95,128.5,129.65,242.0
2018-11-28 11:00:00,NSE:TDPOWERSYS,130.0,130.15,128.5,128.5,551.0
2018-11-28 12:00:00,NSE:TDPOWERSYS,128.5,128.75,128.5,128.75,5.0
2018-11-28 13:00:00,NSE:TDPOWERSYS,128.75,129.7,128.75,128.9,199.0
2018-11-28 14:00:00,NSE:TDPOWERSYS,129.1,129.1,128.0,128.0,1386.0
2018-11-28 15:00:00,NSE:TDPOWERSYS,127.8,128.2,127.0,127.35,455.0
2018-11-29 09:00:00,NSE:TDPOWERSYS,129.5,130.0,129.45,129.95,848.0
2018-11-29 10:00:00,NSE:TDPOWERSYS,129.95,129.95,129.5,129.5,36.0
2018-11-29 11:00:00,NSE:TDPOWERSYS,129.35,129.35,126.0,127.0,2485.0
2018-11-29 12:00:00,NSE:TDPOWERSYS,127.0,128.2,127.0,128.0,71.0
2018-11-29 13:00:00,NSE:TDPOWERSYS,127.75,129.95,127.0,129.95,1410.0
2018-11-29 14:00:00,NSE:TDPOWERSYS,129.8,130.0,128.0,129.5,7394.0
2018-11-29 15:00:00,NSE:TDPOWERSYS,129.9,130.0,128.5,129.95,5460.0
2018-11-30 09:00:00,NSE:TDPOWERSYS,125.15,129.35,125.15,129.35,282.0
2018-11-30 10:00:00,NSE:TDPOWERSYS,129.0,129.55,129.0,129.55,277.0
2018-11-30 11:00:00,NSE:TDPOWERSYS,129.55,129.55,129.25,129.25,37.0
2018-11-30 12:00:00,NSE:TDPOWERSYS,129.25,129.25,129.0,129.0,138.0
2018-11-30 13:00:00,NSE:TDPOWERSYS,129.0,132.0,129.0,131.6,6331.0
2018-11-30 14:00:00,NSE:TDPOWERSYS,131.35,136.0,130.25,131.7,12834.0
2018-11-30 15:00:00,NSE:TDPOWERSYS,131.65,133.15,129.9,132.45,23656.0
2018-12-03 09:00:00,NSE:TDPOWERSYS,133.45,134.9,131.45,134.0,6537.0
2018-12-03 10:00:00,NSE:TDPOWERSYS,132.85,133.2,130.75,132.1,1611.0
2018-12-03 11:00:00,NSE:TDPOWERSYS,132.25,132.25,129.45,129.65,7313.0
2018-12-03 12:00:00,NSE:TDPOWERSYS,129.5,132.0,128.05,129.65,3980.0
2018-12-03 13:00:00,NSE:TDPOWERSYS,129.4,132.0,128.6,130.0,3214.0
2018-12-03 14:00:00,NSE:TDPOWERSYS,130.0,130.9,129.55,130.0,4302.0
2018-12-03 15:00:00,NSE:TDPOWERSYS,129.25,130.8,128.75,130.5,10546.0
2018-12-04 09:00:00,NSE:TDPOWERSYS,132.8,133.5,129.5,130.0,6222.0
2018-12-04 10:00:00,NSE:TDPOWERSYS,129.8,130.0,129.45,129.55,3540.0
2018-12-04 11:00:00,NSE:TDPOWERSYS,130.0,130.0,128.0,128.95,1204.0
2018-12-04 12:00:00,NSE:TDPOWERSYS,129.9,129.9,129.4,129.4,938.0
2018-12-04 13:00:00,NSE:TDPOWERSYS,129.2,129.9,129.2,129.9,508.0
2018-12-04 14:00:00,NSE:TDPOWERSYS,129.9,129.9,129.35,129.9,288.0
2018-12-04 15:00:00,NSE:TDPOWERSYS,129.9,131.0,129.55,129.55,1294.0
2018-12-05 09:00:00,NSE:TDPOWERSYS,133.5,133.5,128.7,130.0,9088.0
2018-12-05 10:00:00,NSE:TDPOWERSYS,130.0,130.0,129.5,129.5,2170.0
2018-12-05 11:00:00,NSE:TDPOWERSYS,129.5,130.0,129.5,130.0,250.0
2018-12-05 12:00:00,NSE:TDPOWERSYS,129.95,130.0,129.95,129.95,26.0
2018-12-05 13:00:00,NSE:TDPOWERSYS,130.0,130.5,129.05,130.0,5042.0
2018-12-05 14:00:00,NSE:TDPOWERSYS,130.0,130.05,129.25,129.25,1930.0
2018-12-05 15:00:00,NSE:TDPOWERSYS,129.25,130.0,129.25,130.0,1581.0
2018-12-06 09:00:00,NSE:TDPOWERSYS,130.0,130.0,130.0,130.0,40.0
2018-12-06 10:00:00,NSE:TDPOWERSYS,128.9,128.9,128.9,128.9,10.0
2018-12-06 11:00:00,NSE:TDPOWERSYS,129.5,129.55,129.5,129.55,4.0
2018-12-06 12:00:00,NSE:TDPOWERSYS,129.5,129.95,129.5,129.95,150.0
2018-12-06 13:00:00,NSE:TDPOWERSYS,129.9,129.9,129.05,129.05,153.0
2018-12-06 14:00:00,NSE:TDPOWERSYS,129.5,130.0,129.25,129.25,1266.0
2018-12-06 15:00:00,NSE:TDPOWERSYS,129.95,129.95,127.0,128.45,547.0
2018-12-07 09:00:00,NSE:TDPOWERSYS,130.0,130.0,128.65,128.65,1022.0
2018-12-07 12:00:00,NSE:TDPOWERSYS,128.85,128.85,128.75,128.75,82.0
2018-12-07 13:00:00,NSE:TDPOWERSYS,128.75,129.0,128.75,129.0,1276.0
2018-12-07 14:00:00,NSE:TDPOWERSYS,128.7,129.0,128.7,129.0,651.0
2018-12-07 15:00:00,NSE:TDPOWERSYS,129.0,129.0,128.7,129.0,1657.0
2018-12-10 09:00:00,NSE:TDPOWERSYS,129.2,131.75,128.7,129.05,1599.0
2018-12-10 10:00:00,NSE:TDPOWERSYS,129.0,129.0,127.95,127.95,19967.0
2018-12-10 11:00:00,NSE:TDPOWERSYS,127.95,128.0,127.5,128.0,114.0
2018-12-10 12:00:00,NSE:TDPOWERSYS,128.0,128.0,127.2,127.2,360.0
2018-12-10 14:00:00,NSE:TDPOWERSYS,127.25,127.75,127.25,127.75,107.0
2018-12-10 15:00:00,NSE:TDPOWERSYS,127.5,127.5,124.0,124.0,2445.0
2018-12-11 09:00:00,NSE:TDPOWERSYS,120.2,125.75,120.2,123.25,446.0
2018-12-11 10:00:00,NSE:TDPOWERSYS,124.0,124.15,124.0,124.15,208.0
2018-12-11 11:00:00,NSE:TDPOWERSYS,125.0,128.5,125.0,128.0,2730.0
2018-12-11 12:00:00,NSE:TDPOWERSYS,128.0,128.0,126.5,127.0,702.0
2018-12-11 13:00:00,NSE:TDPOWERSYS,127.0,128.3,127.0,128.0,393.0
2018-12-11 14:00:00,NSE:TDPOWERSYS,129.0,129.95,128.25,129.95,801.0
2018-12-11 15:00:00,NSE:TDPOWERSYS,129.95,130.0,129.0,129.0,708.0
2018-12-12 09:00:00,NSE:TDPOWERSYS,128.0,131.65,126.35,130.0,1700.0
2018-12-12 10:00:00,NSE:TDPOWERSYS,130.0,130.0,128.8,128.8,970.0
2018-12-12 11:00:00,NSE:TDPOWERSYS,128.8,128.8,128.8,128.8,30.0
2018-12-12 12:00:00,NSE:TDPOWERSYS,128.0,129.75,125.5,128.2,2749.0
2018-12-12 13:00:00,NSE:TDPOWERSYS,127.75,127.75,127.2,127.2,76.0
2018-12-12 14:00:00,NSE:TDPOWERSYS,129.95,130.0,129.05,129.9,1956.0
2018-12-12 15:00:00,NSE:TDPOWERSYS,129.15,130.75,127.25,129.5,10666.0
2018-12-13 09:00:00,NSE:TDPOWERSYS,131.3,132.0,128.2,129.8,4181.0
2018-12-13 10:00:00,NSE:TDPOWERSYS,130.0,131.25,129.95,131.25,1408.0
2018-12-13 11:00:00,NSE:TDPOWERSYS,130.55,131.25,130.05,130.55,1768.0
2018-12-13 12:00:00,NSE:TDPOWERSYS,131.35,131.75,130.0,130.6,3202.0
2018-12-13 13:00:00,NSE:TDPOWERSYS,130.6,130.85,129.8,130.0,3696.0
2018-12-13 14:00:00,NSE:TDPOWERSYS,129.95,129.95,129.4,129.75,106.0
2018-12-13 15:00:00,NSE:TDPOWERSYS,129.4,130.9,129.4,130.0,3928.0
2018-12-14 09:00:00,NSE:TDPOWERSYS,128.0,130.0,127.95,128.95,639.0
2018-12-14 10:00:00,NSE:TDPOWERSYS,130.0,131.25,129.2,129.2,1032.0
2018-12-14 11:00:00,NSE:TDPOWERSYS,129.2,130.0,129.2,129.95,108.0
2018-12-14 12:00:00,NSE:TDPOWERSYS,129.5,129.5,128.5,128.5,402.0
2018-12-14 13:00:00,NSE:TDPOWERSYS,128.7,129.95,128.5,129.95,326.0
2018-12-14 14:00:00,NSE:TDPOWERSYS,129.95,130.0,129.35,130.0,5820.0
2018-12-14 15:00:00,NSE:TDPOWERSYS,130.0,130.0,128.6,129.5,2451.0
2018-12-17 09:00:00,NSE:TDPOWERSYS,130.3,131.35,130.3,130.55,302.0
2018-12-17 10:00:00,NSE:TDPOWERSYS,130.9,130.9,129.05,129.05,352.0
2018-12-17 11:00:00,NSE:TDPOWERSYS,129.05,129.95,127.65,129.95,4224.0
2018-12-17 12:00:00,NSE:TDPOWERSYS,129.95,130.0,129.05,129.25,1363.0
2018-12-17 13:00:00,NSE:TDPOWERSYS,129.05,129.05,128.6,128.6,75.0
2018-12-17 14:00:00,NSE:TDPOWERSYS,128.25,130.0,128.0,129.95,3268.0
2018-12-17 15:00:00,NSE:TDPOWERSYS,129.3,130.0,126.15,127.45,14707.0
2018-12-18 09:00:00,NSE:TDPOWERSYS,127.4,128.35,127.3,128.35,106.0
2018-12-18 10:00:00,NSE:TDPOWERSYS,127.4,127.4,127.3,127.3,300.0
2018-12-18 11:00:00,NSE:TDPOWERSYS,127.4,129.9,127.0,129.7,1767.0
2018-12-18 12:00:00,NSE:TDPOWERSYS,129.9,129.9,129.0,129.85,1059.0
2018-12-18 13:00:00,NSE:TDPOWERSYS,129.8,129.8,126.95,127.0,6090.0
2018-12-18 14:00:00,NSE:TDPOWERSYS,127.0,129.9,127.0,129.25,3270.0
2018-12-18 15:00:00,NSE:TDPOWERSYS,128.55,129.35,126.6,126.6,4385.0
2018-12-19 09:00:00,NSE:TDPOWERSYS,127.0,127.95,126.8,127.95,437.0
2018-12-19 10:00:00,NSE:TDPOWERSYS,128.15,129.55,128.15,128.5,5023.0
2018-12-19 11:00:00,NSE:TDPOWERSYS,128.5,128.65,128.0,128.0,396.0
2018-12-19 12:00:00,NSE:TDPOWERSYS,128.05,129.0,128.0,128.55,1128.0
2018-12-19 13:00:00,NSE:TDPOWERSYS,129.0,129.0,128.0,128.0,1454.0
2018-12-19 14:00:00,NSE:TDPOWERSYS,128.0,128.95,127.85,128.95,1824.0
2018-12-19 15:00:00,NSE:TDPOWERSYS,128.0,129.0,127.5,128.0,5040.0
2018-12-20 09:00:00,NSE:TDPOWERSYS,127.05,127.05,127.0,127.0,304.0
2018-12-20 10:00:00,NSE:TDPOWERSYS,128.95,129.0,128.0,129.0,3052.0
2018-12-20 11:00:00,NSE:TDPOWERSYS,128.9,128.9,128.85,128.85,501.0
2018-12-20 12:00:00,NSE:TDPOWERSYS,128.85,128.85,128.85,128.85,1000.0
2018-12-20 13:00:00,NSE:TDPOWERSYS,128.5,129.95,127.05,128.1,3742.0
2018-12-20 14:00:00,NSE:TDPOWERSYS,129.0,129.0,128.1,129.0,2367.0
2018-12-20 15:00:00,NSE:TDPOWERSYS,128.7,129.5,128.7,129.0,1488.0
2018-12-21 09:00:00,NSE:TDPOWERSYS,129.0,129.0,128.05,128.95,232.0
2018-12-21 10:00:00,NSE:TDPOWERSYS,128.25,128.9,128.1,128.75,1109.0
2018-12-21 11:00:00,NSE:TDPOWERSYS,128.0,129.0,127.05,127.95,3208.0
2018-12-21 12:00:00,NSE:TDPOWERSYS,127.9,128.75,127.5,127.5,509.0
2018-12-21 13:00:00,NSE:TDPOWERSYS,128.05,130.0,128.0,128.0,3203.0
2018-12-21 14:00:00,NSE:TDPOWERSYS,128.05,128.05,126.15,126.3,1817.0
2018-12-21 15:00:00,NSE:TDPOWERSYS,126.5,128.75,126.05,127.45,4136.0
2018-12-24 09:00:00,NSE:TDPOWERSYS,124.6,128.9,124.6,128.15,444.0
2018-12-24 10:00:00,NSE:TDPOWERSYS,130.0,130.0,129.6,129.7,1066.0
2018-12-24 11:00:00,NSE:TDPOWERSYS,129.15,129.15,128.5,128.5,1108.0
2018-12-24 12:00:00,NSE:TDPOWERSYS,128.95,128.95,126.0,126.4,5489.0
2018-12-24 13:00:00,NSE:TDPOWERSYS,126.25,128.85,125.05,126.55,6875.0
2018-12-24 14:00:00,NSE:TDPOWERSYS,126.5,127.0,126.05,126.05,2622.0
2018-12-24 15:00:00,NSE:TDPOWERSYS,125.95,127.2,125.7,126.5,2815.0
2018-12-26 09:00:00,NSE:TDPOWERSYS,126.4,129.3,126.0,126.0,931.0
2018-12-26 10:00:00,NSE:TDPOWERSYS,127.0,127.5,125.95,127.5,2316.0
2018-12-26 11:00:00,NSE:TDPOWERSYS,127.5,129.4,127.5,129.25,2309.0
2018-12-26 12:00:00,NSE:TDPOWERSYS,129.25,130.0,127.5,129.7,1408.0
2018-12-26 13:00:00,NSE:TDPOWERSYS,128.95,129.95,128.05,129.95,2549.0
2018-12-26 14:00:00,NSE:TDPOWERSYS,129.5,129.95,128.25,129.7,3058.0
2018-12-26 15:00:00,NSE:TDPOWERSYS,129.35,129.95,128.7,129.45,3015.0
2018-12-27 09:00:00,NSE:TDPOWERSYS,130.5,130.5,129.0,129.0,355.0
2018-12-27 10:00:00,NSE:TDPOWERSYS,130.0,130.0,127.05,128.35,1452.0
2018-12-27 11:00:00,NSE:TDPOWERSYS,128.0,130.0,128.0,129.4,3478.0
2018-12-27 12:00:00,NSE:TDPOWERSYS,129.45,129.5,128.8,129.3,1609.0
2018-12-27 13:00:00,NSE:TDPOWERSYS,129.3,130.45,128.8,130.0,3210.0
2018-12-27 14:00:00,NSE:TDPOWERSYS,129.4,130.0,129.05,129.25,1851.0
2018-12-27 15:00:00,NSE:TDPOWERSYS,130.1,130.1,129.3,130.05,1733.0
2018-12-28 09:00:00,NSE:TDPOWERSYS,129.05,129.05,129.05,129.05,1.0
2018-12-28 10:00:00,NSE:TDPOWERSYS,129.0,129.7,129.0,129.0,220.0
2018-12-28 11:00:00,NSE:TDPOWERSYS,128.1,129.0,128.1,128.25,431.0
2018-12-28 12:00:00,NSE:TDPOWERSYS,128.9,128.9,128.0,128.0,505.0
2018-12-28 13:00:00,NSE:TDPOWERSYS,127.55,129.35,127.55,128.0,2696.0
2018-12-28 14:00:00,NSE:TDPOWERSYS,128.0,128.0,127.1,127.3,5584.0
2018-12-28 15:00:00,NSE:TDPOWERSYS,127.5,129.5,127.5,127.55,9743.0
2018-12-31 09:00:00,NSE:TDPOWERSYS,127.7,128.5,127.65,127.65,126.0
2018-12-31 10:00:00,NSE:TDPOWERSYS,128.35,129.0,126.45,127.85,2439.0
2018-12-31 11:00:00,NSE:TDPOWERSYS,127.85,129.45,127.85,129.45,3591.0
2018-12-31 12:00:00,NSE:TDPOWERSYS,129.4,130.0,128.85,129.0,4704.0
2018-12-31 13:00:00,NSE:TDPOWERSYS,129.95,130.0,129.0,130.0,4071.0
2018-12-31 14:00:00,NSE:TDPOWERSYS,130.0,130.0,129.85,130.0,297.0
2018-12-31 15:00:00,NSE:TDPOWERSYS,130.0,130.2,129.5,130.2,489.0
2019-01-01 09:00:00,NSE:TDPOWERSYS,129.5,129.5,129.5,129.5,1.0
2019-01-01 10:00:00,NSE:TDPOWERSYS,130.0,130.0,130.0,130.0,1975.0
2019-01-01 11:00:00,NSE:TDPOWERSYS,129.95,130.0,129.05,130.0,1725.0
2019-01-01 12:00:00,NSE:TDPOWERSYS,130.0,130.0,129.3,130.0,1300.0
2019-01-01 13:00:00,NSE:TDPOWERSYS,130.0,130.05,129.3,130.0,3133.0
2019-01-01 14:00:00,NSE:TDPOWERSYS,129.35,130.0,127.85,128.15,8865.0
2019-01-01 15:00:00,NSE:TDPOWERSYS,128.0,129.95,128.0,129.0,2541.0
2019-01-02 09:00:00,NSE:TDPOWERSYS,128.9,128.9,128.9,128.9,1.0
2019-01-02 10:00:00,NSE:TDPOWERSYS,129.65,129.9,128.5,129.9,2089.0
2019-01-02 11:00:00,NSE:TDPOWERSYS,129.75,129.95,129.05,129.05,7504.0
2019-01-02 12:00:00,NSE:TDPOWERSYS,129.05,129.2,129.05,129.2,304.0
2019-01-02 13:00:00,NSE:TDPOWERSYS,128.55,128.7,128.55,128.55,55.0
2019-01-02 14:00:00,NSE:TDPOWERSYS,128.05,129.0,128.05,128.05,2341.0
2019-01-02 15:00:00,NSE:TDPOWERSYS,128.95,129.0,128.35,129.0,550.0
2019-01-03 09:00:00,NSE:TDPOWERSYS,128.7,128.7,128.0,128.0,101.0
2019-01-03 10:00:00,NSE:TDPOWERSYS,128.3,129.0,127.85,127.85,5132.0
2019-01-03 11:00:00,NSE:TDPOWERSYS,127.0,127.0,127.0,127.0,2166.0
2019-01-03 13:00:00,NSE:TDPOWERSYS,127.55,127.55,127.55,127.55,10.0
2019-01-03 14:00:00,NSE:TDPOWERSYS,127.7,128.9,127.2,127.2,5084.0
2019-01-03 15:00:00,NSE:TDPOWERSYS,126.65,127.75,125.5,126.0,17020.0
2019-01-04 09:00:00,NSE:TDPOWERSYS,126.6,127.7,126.6,127.4,616.0
2019-01-04 10:00:00,NSE:TDPOWERSYS,127.0,127.0,126.85,126.85,150.0
2019-01-04 11:00:00,NSE:TDPOWERSYS,128.45,128.5,128.35,128.35,6266.0
2019-01-04 12:00:00,NSE:TDPOWERSYS,128.35,128.35,126.0,126.0,386.0
2019-01-04 13:00:00,NSE:TDPOWERSYS,127.95,127.95,126.75,126.75,447.0
2019-01-04 14:00:00,NSE:TDPOWERSYS,126.5,128.35,126.5,128.35,3850.0
2019-01-04 15:00:00,NSE:TDPOWERSYS,127.25,127.95,127.05,127.9,678.0
2019-01-07 09:00:00,NSE:TDPOWERSYS,124.55,128.95,124.55,126.85,1272.0
2019-01-07 10:00:00,NSE:TDPOWERSYS,126.65,126.95,125.0,125.9,6159.0
2019-01-07 11:00:00,NSE:TDPOWERSYS,126.3,126.3,125.1,126.3,641.0
2019-01-07 12:00:00,NSE:TDPOWERSYS,126.0,126.55,125.5,126.05,1581.0
2019-01-07 13:00:00,NSE:TDPOWERSYS,126.0,126.35,125.55,125.55,567.0
2019-01-07 14:00:00,NSE:TDPOWERSYS,126.7,126.7,125.9,125.9,1509.0
2019-01-07 15:00:00,NSE:TDPOWERSYS,125.9,127.95,124.55,126.7,10127.0
2019-01-08 10:00:00,NSE:TDPOWERSYS,126.7,129.05,126.7,127.6,8920.0
2019-01-08 11:00:00,NSE:TDPOWERSYS,129.0,129.0,126.1,126.2,1737.0
2019-01-08 12:00:00,NSE:TDPOWERSYS,126.35,127.35,126.25,127.1,161.0
2019-01-08 13:00:00,NSE:TDPOWERSYS,127.35,127.4,126.5,126.5,1816.0
2019-01-08 14:00:00,NSE:TDPOWERSYS,126.5,126.95,126.35,126.35,760.0
2019-01-08 15:00:00,NSE:TDPOWERSYS,126.1,127.95,125.5,125.5,2872.0
2019-01-09 09:00:00,NSE:TDPOWERSYS,127.35,127.35,126.05,126.05,125.0
2019-01-09 10:00:00,NSE:TDPOWERSYS,128.0,128.0,126.5,126.5,6104.0
2019-01-09 12:00:00,NSE:TDPOWERSYS,126.5,128.0,126.1,127.0,4207.0
2019-01-09 13:00:00,NSE:TDPOWERSYS,126.55,126.55,126.55,126.55,100.0
2019-01-09 14:00:00,NSE:TDPOWERSYS,126.55,126.55,126.55,126.55,50.0
2019-01-09 15:00:00,NSE:TDPOWERSYS,128.0,128.0,126.55,126.55,2429.0
2019-01-10 09:00:00,NSE:TDPOWERSYS,127.15,127.5,127.15,127.5,385.0
2019-01-10 10:00:00,NSE:TDPOWERSYS,126.05,126.95,126.0,126.9,1572.0
2019-01-10 11:00:00,NSE:TDPOWERSYS,126.9,127.3,126.9,127.25,90.0
2019-01-10 12:00:00,NSE:TDPOWERSYS,126.9,128.6,126.1,128.6,14980.0
2019-01-10 13:00:00,NSE:TDPOWERSYS,128.0,129.5,128.0,128.0,7202.0
2019-01-10 14:00:00,NSE:TDPOWERSYS,127.8,128.25,127.0,127.5,6500.0
2019-01-10 15:00:00,NSE:TDPOWERSYS,127.25,128.0,127.25,128.0,382.0
2019-01-11 09:00:00,NSE:TDPOWERSYS,129.95,129.95,127.95,127.95,2437.0
2019-01-11 10:00:00,NSE:TDPOWERSYS,127.7,128.9,127.7,128.0,866.0
2019-01-11 11:00:00,NSE:TDPOWERSYS,127.9,128.0,127.5,127.5,403.0
2019-01-11 12:00:00,NSE:TDPOWERSYS,127.5,127.95,127.5,127.5,198.0
2019-01-11 13:00:00,NSE:TDPOWERSYS,127.35,127.4,126.8,126.8,257.0
2019-01-11 14:00:00,NSE:TDPOWERSYS,127.4,127.95,127.4,127.95,178.0
2019-01-11 15:00:00,NSE:TDPOWERSYS,127.95,128.0,126.6,128.0,4008.0
2019-01-14 09:00:00,NSE:TDPOWERSYS,128.5,128.5,128.0,128.35,200.0
2019-01-14 10:00:00,NSE:TDPOWERSYS,128.5,128.5,126.5,126.5,2356.0
2019-01-14 11:00:00,NSE:TDPOWERSYS,127.5,128.0,126.75,127.85,4001.0
2019-01-14 12:00:00,NSE:TDPOWERSYS,127.5,127.5,127.5,127.5,1.0
2019-01-14 13:00:00,NSE:TDPOWERSYS,127.85,127.85,127.0,127.0,1550.0
2019-01-14 14:00:00,NSE:TDPOWERSYS,127.85,127.85,126.5,126.5,1829.0
2019-01-14 15:00:00,NSE:TDPOWERSYS,127.25,127.25,126.5,127.0,1171.0
2019-01-15 09:00:00,NSE:TDPOWERSYS,128.45,128.45,127.3,128.15,251.0
2019-01-15 10:00:00,NSE:TDPOWERSYS,127.25,127.25,127.25,127.25,20.0
2019-01-15 11:00:00,NSE:TDPOWERSYS,127.05,127.7,127.05,127.7,288.0
2019-01-15 12:00:00,NSE:TDPOWERSYS,128.0,128.0,128.0,128.0,8050.0
2019-01-15 13:00:00,NSE:TDPOWERSYS,127.8,127.95,127.1,127.8,4507.0
2019-01-15 14:00:00,NSE:TDPOWERSYS,127.1,127.8,127.0,127.1,4890.0
2019-01-15 15:00:00,NSE:TDPOWERSYS,127.45,127.45,126.55,126.55,3370.0
2019-01-16 09:00:00,NSE:TDPOWERSYS,128.0,128.0,127.15,127.15,7.0
2019-01-16 10:00:00,NSE:TDPOWERSYS,127.15,127.35,126.25,127.1,578.0
2019-01-16 11:00:00,NSE:TDPOWERSYS,127.15,128.0,126.95,127.0,2784.0
2019-01-16 13:00:00,NSE:TDPOWERSYS,127.0,127.95,126.65,126.65,1700.0
2019-01-16 14:00:00,NSE:TDPOWERSYS,128.0,128.0,127.0,127.95,6107.0
2019-01-16 15:00:00,NSE:TDPOWERSYS,127.95,128.0,127.0,127.0,1057.0
2019-01-17 09:00:00,NSE:TDPOWERSYS,128.0,128.0,127.5,127.5,10250.0
2019-01-17 10:00:00,NSE:TDPOWERSYS,128.0,128.0,128.0,128.0,1764.0
2019-01-17 11:00:00,NSE:TDPOWERSYS,127.95,128.0,127.0,127.0,1548.0
2019-01-17 12:00:00,NSE:TDPOWERSYS,127.0,127.9,126.0,127.5,3259.0
2019-01-17 13:00:00,NSE:TDPOWERSYS,127.85,127.9,127.8,127.8,1080.0
2019-01-17 14:00:00,NSE:TDPOWERSYS,127.1,127.95,127.1,127.95,2010.0
2019-01-17 15:00:00,NSE:TDPOWERSYS,127.95,128.0,127.15,127.9,2483.0
2019-01-18 09:00:00,NSE:TDPOWERSYS,128.0,128.0,127.0,127.0,7150.0
2019-01-18 10:00:00,NSE:TDPOWERSYS,127.05,128.0,127.05,128.0,1016.0
2019-01-18 11:00:00,NSE:TDPOWERSYS,127.05,127.75,126.25,126.25,668.0
2019-01-18 12:00:00,NSE:TDPOWERSYS,128.0,128.0,128.0,128.0,1500.0
2019-01-18 13:00:00,NSE:TDPOWERSYS,128.0,128.0,127.0,127.0,1705.0
2019-01-18 14:00:00,NSE:TDPOWERSYS,126.5,127.95,126.5,126.9,3100.0
2019-01-18 15:00:00,NSE:TDPOWERSYS,126.65,127.8,126.6,127.5,1938.0
2019-01-21 09:00:00,NSE:TDPOWERSYS,127.5,127.5,127.05,127.05,242.0
2019-01-21 10:00:00,NSE:TDPOWERSYS,127.4,127.85,127.2,127.85,341.0
2019-01-21 11:00:00,NSE:TDPOWERSYS,127.9,127.9,127.0,127.1,472.0
2019-01-21 13:00:00,NSE:TDPOWERSYS,127.1,127.1,127.1,127.1,1.0
2019-01-21 14:00:00,NSE:TDPOWERSYS,128.0,128.2,128.0,128.0,10032.0
2019-01-21 15:00:00,NSE:TDPOWERSYS,126.75,127.7,126.6,127.7,227.0
2019-01-22 09:00:00,NSE:TDPOWERSYS,126.6,126.6,126.55,126.55,26.0
2019-01-22 10:00:00,NSE:TDPOWERSYS,126.9,128.05,126.9,127.5,9623.0
2019-01-22 11:00:00,NSE:TDPOWERSYS,127.5,127.8,127.05,127.05,631.0
2019-01-22 12:00:00,NSE:TDPOWERSYS,127.05,127.05,127.0,127.0,92.0
2019-01-22 13:00:00,NSE:TDPOWERSYS,127.0,127.7,127.0,127.05,43.0
2019-01-22 14:00:00,NSE:TDPOWERSYS,127.0,127.0,127.0,127.0,120.0
2019-01-22 15:00:00,NSE:TDPOWERSYS,126.5,127.6,126.35,127.5,857.0
2019-01-23 09:00:00,NSE:TDPOWERSYS,127.0,127.0,127.0,127.0,15.0
2019-01-23 10:00:00,NSE:TDPOWERSYS,127.0,128.05,126.95,127.95,10050.0
2019-01-23 11:00:00,NSE:TDPOWERSYS,127.25,127.25,127.25,127.25,1.0
2019-01-23 12:00:00,NSE:TDPOWERSYS,127.25,127.25,127.05,127.05,190.0
2019-01-23 13:00:00,NSE:TDPOWERSYS,127.05,127.05,127.05,127.05,55.0
2019-01-23 14:00:00,NSE:TDPOWERSYS,127.0,128.4,125.65,127.35,4755.0
2019-01-23 15:00:00,NSE:TDPOWERSYS,127.4,127.4,126.25,127.0,292.0
2019-01-24 09:00:00,NSE:TDPOWERSYS,126.5,126.5,126.5,126.5,55.0
2019-01-24 10:00:00,NSE:TDPOWERSYS,128.0,128.15,126.5,126.55,5995.0
2019-01-24 11:00:00,NSE:TDPOWERSYS,126.55,126.55,126.5,126.5,109.0
2019-01-24 12:00:00,NSE:TDPOWERSYS,126.5,127.0,126.5,127.0,532.0
2019-01-24 13:00:00,NSE:TDPOWERSYS,126.5,126.5,126.05,126.05,507.0
2019-01-24 14:00:00,NSE:TDPOWERSYS,127.0,128.0,127.0,127.75,3000.0
2019-01-24 15:00:00,NSE:TDPOWERSYS,128.0,128.0,127.0,127.0,1701.0
2019-01-25 09:00:00,NSE:TDPOWERSYS,126.5,128.15,126.5,128.0,4950.0
2019-01-25 10:00:00,NSE:TDPOWERSYS,128.0,128.55,127.1,127.1,3544.0
2019-01-25 11:00:00,NSE:TDPOWERSYS,127.1,127.1,127.0,127.0,710.0
2019-01-25 12:00:00,NSE:TDPOWERSYS,127.05,128.0,127.05,127.1,1194.0
2019-01-25 13:00:00,NSE:TDPOWERSYS,129.0,129.05,127.3,127.9,5304.0
2019-01-25 14:00:00,NSE:TDPOWERSYS,127.9,128.0,127.9,127.9,1098.0
2019-01-25 15:00:00,NSE:TDPOWERSYS,127.5,128.9,126.5,127.0,7166.0
2019-01-28 09:00:00,NSE:TDPOWERSYS,126.3,127.9,125.0,127.25,6447.0
2019-01-28 10:00:00,NSE:TDPOWERSYS,128.0,128.0,126.5,126.5,15561.0
2019-01-28 11:00:00,NSE:TDPOWERSYS,125.5,127.0,125.5,126.1,1915.0
2019-01-28 12:00:00,NSE:TDPOWERSYS,126.25,126.25,126.05,126.25,309.0
2019-01-28 13:00:00,NSE:TDPOWERSYS,126.25,126.25,125.55,125.55,1091.0
2019-01-28 14:00:00,NSE:TDPOWERSYS,127.0,127.85,126.05,126.05,6609.0
2019-01-28 15:00:00,NSE:TDPOWERSYS,126.05,127.4,124.9,125.35,22165.0
2019-01-29 09:00:00,NSE:TDPOWERSYS,126.0,126.35,125.45,125.45,3076.0
2019-01-29 10:00:00,NSE:TDPOWERSYS,125.0,126.0,124.6,125.1,3908.0
2019-01-29 11:00:00,NSE:TDPOWERSYS,125.7,125.75,125.5,125.5,2027.0
2019-01-29 12:00:00,NSE:TDPOWERSYS,125.05,126.0,125.0,126.0,2992.0
2019-01-29 13:00:00,NSE:TDPOWERSYS,125.95,125.95,125.95,125.95,210.0
2019-01-29 14:00:00,NSE:TDPOWERSYS,126.0,126.0,125.0,125.0,4074.0
2019-01-29 15:00:00,NSE:TDPOWERSYS,125.0,126.9,124.0,126.9,5397.0
2019-01-30 09:00:00,NSE:TDPOWERSYS,126.0,127.1,126.0,126.6,1021.0
2019-01-30 10:00:00,NSE:TDPOWERSYS,127.0,127.0,126.35,127.0,2006.0
2019-01-30 11:00:00,NSE:TDPOWERSYS,126.4,127.0,126.1,126.7,2555.0
2019-01-30 12:00:00,NSE:TDPOWERSYS,126.7,126.7,126.35,126.7,1505.0
2019-01-30 13:00:00,NSE:TDPOWERSYS,126.7,126.7,126.0,126.0,2421.0
2019-01-30 14:00:00,NSE:TDPOWERSYS,126.55,126.7,126.55,126.7,992.0
2019-01-30 15:00:00,NSE:TDPOWERSYS,126.65,126.7,125.15,126.0,1285.0
2019-01-31 09:00:00,NSE:TDPOWERSYS,126.95,127.0,126.1,127.0,999.0
2019-01-31 10:00:00,NSE:TDPOWERSYS,127.0,127.0,126.0,126.0,2742.0
2019-01-31 11:00:00,NSE:TDPOWERSYS,126.95,127.0,125.75,126.65,1515.0
2019-01-31 12:00:00,NSE:TDPOWERSYS,126.45,127.35,126.15,127.35,1789.0
2019-01-31 13:00:00,NSE:TDPOWERSYS,126.9,127.05,126.5,127.0,1673.0
2019-01-31 14:00:00,NSE:TDPOWERSYS,126.9,126.9,126.85,126.9,1203.0
2019-01-31 15:00:00,NSE:TDPOWERSYS,126.9,127.0,126.5,126.9,2845.0
2019-02-01 09:00:00,NSE:TDPOWERSYS,126.1,132.05,126.1,130.65,24709.0
2019-02-01 10:00:00,NSE:TDPOWERSYS,130.75,131.75,129.0,129.0,3959.0
2019-02-01 11:00:00,NSE:TDPOWERSYS,129.05,130.75,127.45,130.0,21403.0
2019-02-01 12:00:00,NSE:TDPOWERSYS,130.0,131.25,129.25,131.25,8817.0
2019-02-01 13:00:00,NSE:TDPOWERSYS,131.25,132.15,128.05,128.35,14677.0
2019-02-01 14:00:00,NSE:TDPOWERSYS,128.1,130.1,128.1,129.95,6875.0
2019-02-01 15:00:00,NSE:TDPOWERSYS,129.95,130.0,128.3,128.3,4285.0
2019-02-04 09:00:00,NSE:TDPOWERSYS,129.05,134.75,129.05,129.4,5206.0
2019-02-04 10:00:00,NSE:TDPOWERSYS,130.0,130.0,129.75,129.9,1832.0
2019-02-04 11:00:00,NSE:TDPOWERSYS,129.95,130.0,129.0,130.0,5463.0
2019-02-04 12:00:00,NSE:TDPOWERSYS,129.9,130.6,129.3,129.9,1632.0
2019-02-04 13:00:00,NSE:TDPOWERSYS,129.9,130.0,126.1,128.9,7112.0
2019-02-04 14:00:00,NSE:TDPOWERSYS,128.9,131.95,128.15,129.75,5002.0
2019-02-04 15:00:00,NSE:TDPOWERSYS,129.75,131.0,129.4,130.55,6324.0
2019-02-05 09:00:00,NSE:TDPOWERSYS,134.0,134.0,129.5,130.0,3442.0
2019-02-05 10:00:00,NSE:TDPOWERSYS,130.0,130.0,129.25,129.55,1527.0
2019-02-05 11:00:00,NSE:TDPOWERSYS,129.0,129.45,127.85,128.0,6707.0
2019-02-05 12:00:00,NSE:TDPOWERSYS,128.85,128.85,128.0,128.85,2630.0
2019-02-05 13:00:00,NSE:TDPOWERSYS,128.9,129.55,128.5,129.15,1129.0
2019-02-05 14:00:00,NSE:TDPOWERSYS,129.55,129.55,128.0,128.9,2276.0
2019-02-05 15:00:00,NSE:TDPOWERSYS,128.05,130.0,127.15,128.4,3463.0
2019-02-06 09:00:00,NSE:TDPOWERSYS,133.7,134.0,127.7,129.55,6175.0
2019-02-06 10:00:00,NSE:TDPOWERSYS,129.95,130.0,128.15,128.35,1571.0
2019-02-06 11:00:00,NSE:TDPOWERSYS,128.55,130.0,128.55,129.95,3104.0
2019-02-06 12:00:00,NSE:TDPOWERSYS,130.0,130.0,129.95,130.0,404.0
2019-02-06 13:00:00,NSE:TDPOWERSYS,130.0,131.0,128.85,128.85,3310.0
2019-02-06 14:00:00,NSE:TDPOWERSYS,129.15,130.05,129.05,129.95,3525.0
2019-02-06 15:00:00,NSE:TDPOWERSYS,129.2,129.95,129.2,129.95,1886.0
2019-02-07 09:00:00,NSE:TDPOWERSYS,129.45,129.45,129.0,129.0,18.0
2019-02-07 10:00:00,NSE:TDPOWERSYS,129.0,129.65,129.0,129.5,1407.0
2019-02-07 11:00:00,NSE:TDPOWERSYS,129.5,129.5,129.5,129.5,481.0
2019-02-07 12:00:00,NSE:TDPOWERSYS,129.5,130.05,129.5,129.9,5797.0
2019-02-07 13:00:00,NSE:TDPOWERSYS,130.0,130.0,129.0,129.4,5326.0
2019-02-07 14:00:00,NSE:TDPOWERSYS,130.0,130.0,129.1,129.5,3066.0
2019-02-07 15:00:00,NSE:TDPOWERSYS,129.8,129.9,128.5,129.8,2291.0
2019-02-08 09:00:00,NSE:TDPOWERSYS,127.5,128.5,127.5,128.5,507.0
2019-02-08 10:00:00,NSE:TDPOWERSYS,129.15,129.5,129.15,129.2,67.0
2019-02-08 11:00:00,NSE:TDPOWERSYS,129.15,129.9,128.75,129.9,1413.0
2019-02-08 12:00:00,NSE:TDPOWERSYS,129.5,129.7,129.5,129.7,505.0
2019-02-08 13:00:00,NSE:TDPOWERSYS,129.5,129.7,129.5,129.5,2244.0
2019-02-08 14:00:00,NSE:TDPOWERSYS,129.5,130.4,129.5,129.5,4483.0
2019-02-08 15:00:00,NSE:TDPOWERSYS,129.5,130.0,127.6,127.6,8861.0
2019-02-11 09:00:00,NSE:TDPOWERSYS,129.05,129.05,128.25,129.0,19665.0
2019-02-11 10:00:00,NSE:TDPOWERSYS,129.0,129.0,127.0,127.0,834.0
2019-02-11 11:00:00,NSE:TDPOWERSYS,127.0,128.5,127.0,128.5,2102.0
2019-02-11 12:00:00,NSE:TDPOWERSYS,128.5,128.5,127.0,128.5,4984.0
2019-02-11 13:00:00,NSE:TDPOWERSYS,128.5,128.5,128.5,128.5,5218.0
2019-02-11 14:00:00,NSE:TDPOWERSYS,128.5,128.5,128.5,128.5,1191.0
2019-02-11 15:00:00,NSE:TDPOWERSYS,128.5,129.0,128.5,128.9,2787.0
2019-02-12 09:00:00,NSE:TDPOWERSYS,127.4,129.2,127.4,128.9,15922.0
2019-02-12 10:00:00,NSE:TDPOWERSYS,128.6,128.85,128.0,128.85,1510.0
2019-02-12 11:00:00,NSE:TDPOWERSYS,128.3,128.3,128.3,128.3,2.0
2019-02-12 12:00:00,NSE:TDPOWERSYS,128.1,128.1,128.0,128.0,10931.0
2019-02-12 13:00:00,NSE:TDPOWERSYS,128.0,128.0,128.0,128.0,5015.0
2019-02-12 14:00:00,NSE:TDPOWERSYS,128.0,128.0,128.0,128.0,100.0
2019-02-12 15:00:00,NSE:TDPOWERSYS,127.75,127.75,127.75,127.75,238.0
2019-02-13 09:00:00,NSE:TDPOWERSYS,128.0,128.0,128.0,128.0,519.0
2019-02-13 10:00:00,NSE:TDPOWERSYS,128.0,128.75,127.85,127.95,10777.0
2019-02-13 11:00:00,NSE:TDPOWERSYS,127.9,128.0,127.75,127.75,10163.0
2019-02-13 12:00:00,NSE:TDPOWERSYS,127.55,127.55,127.55,127.55,2.0
2019-02-13 14:00:00,NSE:TDPOWERSYS,127.8,127.8,127.5,127.5,1853.0
2019-02-13 15:00:00,NSE:TDPOWERSYS,127.5,128.0,127.5,128.0,3162.0
2019-02-14 09:00:00,NSE:TDPOWERSYS,127.0,128.65,125.0,127.8,16848.0
2019-02-14 10:00:00,NSE:TDPOWERSYS,127.1,127.7,127.0,127.0,1627.0
2019-02-14 11:00:00,NSE:TDPOWERSYS,127.0,127.0,126.85,127.0,4683.0
2019-02-14 12:00:00,NSE:TDPOWERSYS,127.3,127.3,127.05,127.05,892.0
2019-02-14 13:00:00,NSE:TDPOWERSYS,127.05,127.5,127.05,127.5,717.0
2019-02-14 14:00:00,NSE:TDPOWERSYS,127.25,127.25,127.0,127.0,3760.0
2019-02-14 15:00:00,NSE:TDPOWERSYS,126.15,128.0,126.15,128.0,4195.0
2019-02-15 09:00:00,NSE:TDPOWERSYS,127.15,127.9,127.0,127.85,1002.0
2019-02-15 10:00:00,NSE:TDPOWERSYS,127.3,127.3,127.0,127.0,932.0
2019-02-15 11:00:00,NSE:TDPOWERSYS,127.0,127.55,127.0,127.3,1850.0
2019-02-15 12:00:00,NSE:TDPOWERSYS,127.25,127.25,127.0,127.0,50.0
2019-02-15 13:00:00,NSE:TDPOWERSYS,127.3,127.3,126.85,127.0,3337.0
2019-02-15 14:00:00,NSE:TDPOWERSYS,127.0,127.0,123.0,124.6,75251.0
2019-02-15 15:00:00,NSE:TDPOWERSYS,124.5,126.5,124.05,124.1,5926.0
2019-02-18 09:00:00,NSE:TDPOWERSYS,123.25,125.1,123.25,124.85,5370.0
2019-02-18 10:00:00,NSE:TDPOWERSYS,124.8,124.8,124.0,124.0,445.0
2019-02-18 11:00:00,NSE:TDPOWERSYS,124.55,124.55,124.0,124.15,195.0
2019-02-18 12:00:00,NSE:TDPOWERSYS,124.7,124.95,123.85,124.0,19796.0
2019-02-18 13:00:00,NSE:TDPOWERSYS,124.0,124.9,121.85,124.0,52926.0
2019-02-18 14:00:00,NSE:TDPOWERSYS,124.95,124.95,124.35,124.35,710.0
2019-02-18 15:00:00,NSE:TDPOWERSYS,124.0,124.5,122.25,123.45,32200.0
2019-02-19 09:00:00,NSE:TDPOWERSYS,124.0,124.5,124.0,124.5,435.0
2019-02-19 10:00:00,NSE:TDPOWERSYS,124.5,125.15,124.5,124.5,1377.0
2019-02-19 11:00:00,NSE:TDPOWERSYS,124.5,124.8,124.0,124.0,188.0
2019-02-19 12:00:00,NSE:TDPOWERSYS,124.0,124.0,124.0,124.0,553.0
2019-02-19 13:00:00,NSE:TDPOWERSYS,123.95,123.95,123.5,123.75,1222.0
2019-02-19 14:00:00,NSE:TDPOWERSYS,123.85,123.85,123.85,123.85,2677.0
2019-02-19 15:00:00,NSE:TDPOWERSYS,123.5,124.0,123.0,123.0,2744.0
2019-02-20 09:00:00,NSE:TDPOWERSYS,123.3,124.45,123.3,123.8,869.0
2019-02-20 10:00:00,NSE:TDPOWERSYS,123.75,123.75,123.75,123.75,203.0
2019-02-20 11:00:00,NSE:TDPOWERSYS,123.95,123.95,123.25,123.25,1281.0
2019-02-20 12:00:00,NSE:TDPOWERSYS,122.75,124.0,121.0,122.0,58757.0
2019-02-20 13:00:00,NSE:TDPOWERSYS,122.0,122.0,121.1,121.1,399.0
2019-02-20 14:00:00,NSE:TDPOWERSYS,121.0,122.0,121.0,122.0,6311.0
2019-02-20 15:00:00,NSE:TDPOWERSYS,121.05,124.0,121.05,122.35,6535.0
2019-02-21 09:00:00,NSE:TDPOWERSYS,124.0,124.0,123.25,123.25,2159.0
2019-02-21 10:00:00,NSE:TDPOWERSYS,123.0,123.0,122.75,123.0,685.0
2019-02-21 11:00:00,NSE:TDPOWERSYS,122.75,123.4,122.75,122.85,1208.0
2019-02-21 12:00:00,NSE:TDPOWERSYS,122.3,123.0,122.0,122.0,2251.0
2019-02-21 13:00:00,NSE:TDPOWERSYS,122.05,122.05,122.05,122.05,50.0
2019-02-21 14:00:00,NSE:TDPOWERSYS,122.25,122.25,122.25,122.25,5.0
2019-02-21 15:00:00,NSE:TDPOWERSYS,123.0,124.0,122.25,124.0,5967.0
2019-02-22 09:00:00,NSE:TDPOWERSYS,124.0,124.05,123.9,124.0,557.0
2019-02-22 10:00:00,NSE:TDPOWERSYS,124.0,124.0,124.0,124.0,100.0
2019-02-22 11:00:00,NSE:TDPOWERSYS,124.0,124.4,121.9,122.0,23152.0
2019-02-22 12:00:00,NSE:TDPOWERSYS,122.0,122.0,122.0,122.0,515.0
2019-02-22 13:00:00,NSE:TDPOWERSYS,122.95,122.95,122.95,122.95,88.0
2019-02-22 14:00:00,NSE:TDPOWERSYS,123.2,123.35,123.2,123.25,319.0
2019-02-22 15:00:00,NSE:TDPOWERSYS,122.8,122.8,122.0,122.0,9540.0
2019-02-25 09:00:00,NSE:TDPOWERSYS,121.1,123.8,120.0,123.0,19699.0
2019-02-25 10:00:00,NSE:TDPOWERSYS,122.9,123.0,122.6,122.8,2185.0
2019-02-25 11:00:00,NSE:TDPOWERSYS,122.4,122.4,122.0,122.0,7137.0
2019-02-25 12:00:00,NSE:TDPOWERSYS,122.7,122.7,122.7,122.7,10.0
2019-02-25 13:00:00,NSE:TDPOWERSYS,122.2,122.2,122.0,122.0,312.0
2019-02-25 14:00:00,NSE:TDPOWERSYS,122.75,125.85,122.75,124.75,15148.0
2019-02-25 15:00:00,NSE:TDPOWERSYS,125.05,126.95,125.05,126.95,1854.0
2019-02-26 09:00:00,NSE:TDPOWERSYS,128.0,128.0,124.0,124.0,1189.0
2019-02-26 10:00:00,NSE:TDPOWERSYS,123.9,124.95,123.6,124.95,1609.0
2019-02-26 11:00:00,NSE:TDPOWERSYS,124.3,126.75,124.3,126.75,659.0
2019-02-26 12:00:00,NSE:TDPOWERSYS,126.7,127.1,126.7,127.1,54.0
2019-02-26 13:00:00,NSE:TDPOWERSYS,126.25,126.25,123.75,125.2,1691.0
2019-02-26 14:00:00,NSE:TDPOWERSYS,125.2,125.2,123.6,124.85,346.0
2019-02-26 15:00:00,NSE:TDPOWERSYS,125.0,127.95,125.0,126.8,4479.0
2019-02-27 09:00:00,NSE:TDPOWERSYS,129.0,129.4,128.7,128.7,3046.0
2019-02-27 10:00:00,NSE:TDPOWERSYS,129.0,131.9,128.95,128.95,17002.0
2019-02-27 11:00:00,NSE:TDPOWERSYS,128.25,128.9,126.85,127.45,2421.0
2019-02-27 12:00:00,NSE:TDPOWERSYS,127.5,128.35,127.5,128.35,293.0
2019-02-27 13:00:00,NSE:TDPOWERSYS,128.35,129.7,128.35,129.5,454.0
2019-02-27 14:00:00,NSE:TDPOWERSYS,129.95,129.95,127.0,127.1,1315.0
2019-02-27 15:00:00,NSE:TDPOWERSYS,127.55,127.55,127.2,127.5,995.0
2019-02-28 09:00:00,NSE:TDPOWERSYS,129.95,130.4,126.8,129.5,4234.0
2019-02-28 10:00:00,NSE:TDPOWERSYS,130.35,130.35,129.3,129.35,551.0
2019-02-28 11:00:00,NSE:TDPOWERSYS,129.0,130.0,129.0,130.0,2902.0
2019-02-28 12:00:00,NSE:TDPOWERSYS,129.75,129.85,127.85,127.9,4779.0
2019-02-28 13:00:00,NSE:TDPOWERSYS,127.45,127.6,127.15,127.4,3475.0
2019-02-28 14:00:00,NSE:TDPOWERSYS,128.0,129.0,127.75,128.05,2005.0
2019-02-28 15:00:00,NSE:TDPOWERSYS,128.0,128.35,127.0,127.0,10286.0
2019-03-01 09:00:00,NSE:TDPOWERSYS,128.0,129.7,127.1,128.0,10770.0
2019-03-01 10:00:00,NSE:TDPOWERSYS,127.95,128.0,127.95,128.0,1173.0
2019-03-01 11:00:00,NSE:TDPOWERSYS,127.75,128.0,127.65,128.0,300.0
2019-03-01 12:00:00,NSE:TDPOWERSYS,128.0,129.5,127.0,127.0,15185.0
2019-03-01 13:00:00,NSE:TDPOWERSYS,128.0,128.0,128.0,128.0,2640.0
2019-03-01 14:00:00,NSE:TDPOWERSYS,127.05,127.75,127.0,127.75,325.0
2019-03-01 15:00:00,NSE:TDPOWERSYS,127.75,128.0,127.75,128.0,527.0
2019-03-05 09:00:00,NSE:TDPOWERSYS,129.7,129.8,127.3,128.0,5791.0
2019-03-05 10:00:00,NSE:TDPOWERSYS,127.9,128.75,127.9,128.0,1744.0
2019-03-05 11:00:00,NSE:TDPOWERSYS,128.1,128.5,128.0,128.0,625.0
2019-03-05 12:00:00,NSE:TDPOWERSYS,128.5,128.5,127.65,128.0,1939.0
2019-03-05 13:00:00,NSE:TDPOWERSYS,128.0,130.5,127.6,127.6,17483.0
2019-03-05 14:00:00,NSE:TDPOWERSYS,128.0,128.0,127.3,127.3,2343.0
2019-03-05 15:00:00,NSE:TDPOWERSYS,128.0,129.6,127.75,128.65,2870.0
2019-03-06 09:00:00,NSE:TDPOWERSYS,129.75,129.75,128.45,128.8,3949.0
2019-03-06 10:00:00,NSE:TDPOWERSYS,128.8,129.5,128.5,128.5,1366.0
2019-03-06 11:00:00,NSE:TDPOWERSYS,128.5,128.5,128.0,128.05,1610.0
2019-03-06 12:00:00,NSE:TDPOWERSYS,128.05,128.15,127.75,128.0,2732.0
2019-03-06 13:00:00,NSE:TDPOWERSYS,128.0,130.6,126.15,126.2,16628.0
2019-03-06 14:00:00,NSE:TDPOWERSYS,126.15,127.0,126.0,126.0,1706.0
2019-03-06 15:00:00,NSE:TDPOWERSYS,125.9,126.3,125.8,126.1,1622.0
2019-03-07 09:00:00,NSE:TDPOWERSYS,127.3,127.7,126.0,126.65,1056.0
2019-03-07 10:00:00,NSE:TDPOWERSYS,127.0,127.0,126.55,126.55,336.0
2019-03-07 11:00:00,NSE:TDPOWERSYS,126.9,127.1,126.7,126.7,181.0
2019-03-07 12:00:00,NSE:TDPOWERSYS,127.4,127.4,126.75,127.1,406.0
2019-03-07 13:00:00,NSE:TDPOWERSYS,127.15,127.15,126.5,127.0,6770.0
2019-03-07 14:00:00,NSE:TDPOWERSYS,126.6,127.0,126.1,126.2,1714.0
2019-03-07 15:00:00,NSE:TDPOWERSYS,126.2,128.0,126.2,127.05,4957.0
2019-03-08 09:00:00,NSE:TDPOWERSYS,127.0,133.15,126.35,132.5,23881.0
2019-03-08 10:00:00,NSE:TDPOWERSYS,130.65,134.95,130.0,133.95,26767.0
2019-03-08 11:00:00,NSE:TDPOWERSYS,134.75,136.5,128.55,129.5,59606.0
2019-03-08 12:00:00,NSE:TDPOWERSYS,129.5,130.05,128.9,129.0,5354.0
2019-03-08 13:00:00,NSE:TDPOWERSYS,128.7,129.0,128.7,129.0,342.0
2019-03-08 14:00:00,NSE:TDPOWERSYS,129.0,129.0,125.95,126.65,11600.0
2019-03-08 15:00:00,NSE:TDPOWERSYS,127.15,127.9,126.65,127.4,10495.0
2019-03-11 09:00:00,NSE:TDPOWERSYS,131.0,131.0,128.3,128.5,7126.0
2019-03-11 10:00:00,NSE:TDPOWERSYS,128.5,128.5,128.4,128.45,2257.0
2019-03-11 11:00:00,NSE:TDPOWERSYS,128.45,128.9,128.0,128.5,1244.0
2019-03-11 12:00:00,NSE:TDPOWERSYS,128.4,130.9,128.4,129.5,14998.0
2019-03-11 13:00:00,NSE:TDPOWERSYS,129.5,130.25,129.4,129.5,2633.0
2019-03-11 14:00:00,NSE:TDPOWERSYS,129.45,130.5,129.05,129.5,11139.0
2019-03-11 15:00:00,NSE:TDPOWERSYS,129.5,129.55,128.4,129.05,30449.0
2019-03-12 09:00:00,NSE:TDPOWERSYS,130.75,134.95,130.65,132.0,33834.0
2019-03-12 10:00:00,NSE:TDPOWERSYS,131.3,134.2,130.5,131.45,27022.0
2019-03-12 11:00:00,NSE:TDPOWERSYS,131.45,138.95,131.1,132.6,361173.0
2019-03-12 12:00:00,NSE:TDPOWERSYS,132.6,133.5,129.0,129.2,40989.0
2019-03-12 13:00:00,NSE:TDPOWERSYS,129.65,130.55,129.35,129.75,8760.0
2019-03-12 14:00:00,NSE:TDPOWERSYS,129.0,129.95,128.85,129.0,5944.0
2019-03-12 15:00:00,NSE:TDPOWERSYS,129.45,129.6,128.1,128.9,19636.0
2019-03-13 09:00:00,NSE:TDPOWERSYS,129.7,131.6,129.7,130.5,15914.0
2019-03-13 10:00:00,NSE:TDPOWERSYS,130.5,130.75,129.1,129.85,2505.0
2019-03-13 11:00:00,NSE:TDPOWERSYS,129.25,130.0,128.1,129.0,4492.0
2019-03-13 12:00:00,NSE:TDPOWERSYS,129.0,129.0,128.1,128.1,1604.0
2019-03-13 13:00:00,NSE:TDPOWERSYS,128.1,129.9,128.1,129.9,2410.0
2019-03-13 14:00:00,NSE:TDPOWERSYS,129.5,129.85,129.0,129.35,1866.0
2019-03-13 15:00:00,NSE:TDPOWERSYS,129.95,130.0,129.15,129.85,6192.0
2019-03-14 09:00:00,NSE:TDPOWERSYS,130.35,130.35,128.1,128.65,5909.0
2019-03-14 10:00:00,NSE:TDPOWERSYS,129.5,130.5,128.7,130.0,7305.0
2019-03-14 11:00:00,NSE:TDPOWERSYS,130.0,130.5,129.15,129.5,5553.0
2019-03-14 12:00:00,NSE:TDPOWERSYS,129.45,129.45,129.2,129.25,626.0
2019-03-14 13:00:00,NSE:TDPOWERSYS,129.45,129.8,129.45,129.75,765.0
2019-03-14 14:00:00,NSE:TDPOWERSYS,129.55,129.75,129.45,129.55,456.0
2019-03-14 15:00:00,NSE:TDPOWERSYS,131.05,131.1,128.4,130.05,14353.0
2019-03-15 09:00:00,NSE:TDPOWERSYS,131.75,136.0,130.7,135.05,22029.0
2019-03-15 10:00:00,NSE:TDPOWERSYS,135.05,137.9,133.0,133.0,14456.0
2019-03-15 11:00:00,NSE:TDPOWERSYS,133.0,134.5,130.1,130.7,18747.0
2019-03-15 12:00:00,NSE:TDPOWERSYS,130.2,130.4,129.15,129.35,12918.0
2019-03-15 13:00:00,NSE:TDPOWERSYS,129.5,133.5,129.4,133.05,10646.0
2019-03-15 14:00:00,NSE:TDPOWERSYS,132.95,133.9,131.0,131.0,18060.0
2019-03-15 15:00:00,NSE:TDPOWERSYS,131.0,132.6,131.0,131.75,21233.0
2019-03-18 09:00:00,NSE:TDPOWERSYS,131.25,137.9,131.25,133.0,10929.0
2019-03-18 10:00:00,NSE:TDPOWERSYS,133.15,133.45,132.75,132.8,2013.0
2019-03-18 11:00:00,NSE:TDPOWERSYS,133.45,133.45,131.5,131.9,7430.0
2019-03-18 12:00:00,NSE:TDPOWERSYS,131.9,131.9,131.3,131.55,213.0
2019-03-18 13:00:00,NSE:TDPOWERSYS,131.5,131.5,131.0,131.0,2500.0
2019-03-18 14:00:00,NSE:TDPOWERSYS,131.25,131.9,129.9,130.4,13712.0
2019-03-18 15:00:00,NSE:TDPOWERSYS,130.5,131.95,129.4,131.2,17766.0
2019-03-19 09:00:00,NSE:TDPOWERSYS,130.7,130.7,129.75,130.0,5274.0
2019-03-19 10:00:00,NSE:TDPOWERSYS,129.75,129.75,129.5,129.5,175.0
2019-03-19 11:00:00,NSE:TDPOWERSYS,130.0,130.0,129.0,129.25,2619.0
2019-03-19 12:00:00,NSE:TDPOWERSYS,129.05,129.05,128.85,129.0,6126.0
2019-03-19 13:00:00,NSE:TDPOWERSYS,129.25,129.3,128.65,128.7,624.0
2019-03-19 14:00:00,NSE:TDPOWERSYS,128.7,129.0,128.5,128.85,6229.0
2019-03-19 15:00:00,NSE:TDPOWERSYS,128.55,129.85,127.65,129.85,2270.0
2019-03-20 09:00:00,NSE:TDPOWERSYS,130.0,130.05,129.0,129.0,3102.0
2019-03-20 10:00:00,NSE:TDPOWERSYS,129.05,129.05,129.0,129.0,5865.0
2019-03-20 11:00:00,NSE:TDPOWERSYS,128.95,128.95,128.0,128.0,1848.0
2019-03-20 12:00:00,NSE:TDPOWERSYS,128.0,128.0,128.0,128.0,228.0
2019-03-20 13:00:00,NSE:TDPOWERSYS,128.0,128.55,128.0,128.0,631.0
2019-03-20 14:00:00,NSE:TDPOWERSYS,130.0,130.0,127.95,128.3,9262.0
2019-03-20 15:00:00,NSE:TDPOWERSYS,128.3,128.35,127.5,127.6,2909.0
2019-03-22 09:00:00,NSE:TDPOWERSYS,126.1,128.35,126.1,128.3,821.0
2019-03-22 10:00:00,NSE:TDPOWERSYS,128.3,128.3,127.45,127.65,1140.0
2019-03-22 11:00:00,NSE:TDPOWERSYS,127.65,128.0,127.4,127.8,323.0
2019-03-22 12:00:00,NSE:TDPOWERSYS,127.55,127.55,127.3,127.3,163.0
2019-03-22 13:00:00,NSE:TDPOWERSYS,127.2,127.2,126.75,126.85,5729.0
2019-03-22 14:00:00,NSE:TDPOWERSYS,126.5,126.55,126.1,126.55,1323.0
2019-03-22 15:00:00,NSE:TDPOWERSYS,126.75,127.9,126.7,127.4,1898.0
2019-03-25 09:00:00,NSE:TDPOWERSYS,125.7,127.0,124.35,124.55,13484.0
2019-03-25 10:00:00,NSE:TDPOWERSYS,124.5,125.05,124.0,125.0,11896.0
2019-03-25 11:00:00,NSE:TDPOWERSYS,125.0,125.5,125.0,125.05,1129.0
2019-03-25 12:00:00,NSE:TDPOWERSYS,125.05,125.05,124.1,124.25,1128.0
2019-03-25 13:00:00,NSE:TDPOWERSYS,124.45,124.5,124.2,124.5,878.0
2019-03-25 14:00:00,NSE:TDPOWERSYS,124.2,124.7,124.1,124.7,2472.0
2019-03-25 15:00:00,NSE:TDPOWERSYS,124.65,124.8,124.15,124.3,2018.0
2019-03-26 09:00:00,NSE:TDPOWERSYS,124.3,124.85,124.25,124.75,2343.0
2019-03-26 10:00:00,NSE:TDPOWERSYS,125.05,125.4,125.0,125.0,1775.0
2019-03-26 11:00:00,NSE:TDPOWERSYS,125.15,125.15,124.0,124.05,4636.0
2019-03-26 12:00:00,NSE:TDPOWERSYS,124.05,124.85,123.5,124.85,4045.0
2019-03-26 13:00:00,NSE:TDPOWERSYS,123.9,123.9,123.9,123.9,4.0
2019-03-26 14:00:00,NSE:TDPOWERSYS,124.2,124.2,122.25,123.0,10051.0
2019-03-26 15:00:00,NSE:TDPOWERSYS,122.25,123.5,120.6,120.65,5734.0
2019-03-27 09:00:00,NSE:TDPOWERSYS,123.0,124.3,123.0,123.45,2126.0
2019-03-27 10:00:00,NSE:TDPOWERSYS,123.0,123.0,122.0,122.0,7817.0
2019-03-27 11:00:00,NSE:TDPOWERSYS,122.9,123.0,122.0,122.0,1480.0
2019-03-27 12:00:00,NSE:TDPOWERSYS,122.25,122.35,122.0,122.0,439.0
2019-03-27 13:00:00,NSE:TDPOWERSYS,122.0,122.95,121.95,122.0,2854.0
2019-03-27 14:00:00,NSE:TDPOWERSYS,122.0,122.0,120.5,120.55,19438.0
2019-03-27 15:00:00,NSE:TDPOWERSYS,120.55,121.05,119.0,120.5,3255.0
2019-03-28 09:00:00,NSE:TDPOWERSYS,121.0,121.65,120.5,121.35,4172.0
2019-03-28 10:00:00,NSE:TDPOWERSYS,121.35,121.35,120.55,120.55,1895.0
2019-03-28 11:00:00,NSE:TDPOWERSYS,120.5,121.0,119.5,119.85,15856.0
2019-03-28 12:00:00,NSE:TDPOWERSYS,120.15,120.15,120.0,120.0,1249.0
2019-03-28 13:00:00,NSE:TDPOWERSYS,119.5,120.35,119.5,119.9,435.0
2019-03-28 14:00:00,NSE:TDPOWERSYS,120.35,120.35,119.5,119.5,888.0
2019-03-28 15:00:00,NSE:TDPOWERSYS,119.5,120.0,119.05,119.8,1892.0
2019-03-29 09:00:00,NSE:TDPOWERSYS,120.0,120.85,119.5,119.95,1845.0
2019-03-29 10:00:00,NSE:TDPOWERSYS,120.0,120.0,119.9,119.9,703.0
2019-03-29 11:00:00,NSE:TDPOWERSYS,120.25,120.25,119.5,119.5,1567.0
2019-03-29 12:00:00,NSE:TDPOWERSYS,119.75,121.0,119.7,119.7,1660.0
2019-03-29 13:00:00,NSE:TDPOWERSYS,119.9,119.9,119.9,119.9,101.0
2019-03-29 14:00:00,NSE:TDPOWERSYS,120.0,120.0,120.0,120.0,500.0
2019-03-29 15:00:00,NSE:TDPOWERSYS,119.9,120.0,119.9,120.0,3993.0
2019-04-01 09:00:00,NSE:TDPOWERSYS,121.45,121.45,121.0,121.35,933.0
2019-04-01 10:00:00,NSE:TDPOWERSYS,121.4,121.9,120.1,120.75,4312.0
2019-04-01 11:00:00,NSE:TDPOWERSYS,120.05,121.0,118.15,119.05,8499.0
2019-04-01 12:00:00,NSE:TDPOWERSYS,119.35,119.45,118.3,119.45,952.0
2019-04-01 13:00:00,NSE:TDPOWERSYS,118.65,118.65,118.65,118.65,100.0
2019-04-01 14:00:00,NSE:TDPOWERSYS,119.45,119.45,118.45,118.6,883.0
2019-04-01 15:00:00,NSE:TDPOWERSYS,118.75,120.0,117.6,118.2,3902.0
2019-04-02 09:00:00,NSE:TDPOWERSYS,119.0,119.3,118.5,118.85,1434.0
2019-04-02 10:00:00,NSE:TDPOWERSYS,118.95,119.4,118.55,118.8,4960.0
2019-04-02 11:00:00,NSE:TDPOWERSYS,118.8,119.45,118.0,119.45,6600.0
2019-04-02 12:00:00,NSE:TDPOWERSYS,119.3,119.3,118.0,118.0,1974.0
2019-04-02 13:00:00,NSE:TDPOWERSYS,117.95,118.0,117.95,117.95,1585.0
2019-04-02 14:00:00,NSE:TDPOWERSYS,118.0,118.2,116.9,117.55,6448.0
2019-04-02 15:00:00,NSE:TDPOWERSYS,117.55,117.55,115.1,116.5,804.0
2019-04-03 09:00:00,NSE:TDPOWERSYS,118.2,127.8,118.2,119.2,8103.0
2019-04-03 10:00:00,NSE:TDPOWERSYS,119.0,120.2,118.25,119.2,5796.0
2019-04-03 11:00:00,NSE:TDPOWERSYS,118.0,119.2,118.0,119.05,50601.0
2019-04-03 12:00:00,NSE:TDPOWERSYS,118.85,119.15,118.0,118.65,71038.0
2019-04-03 13:00:00,NSE:TDPOWERSYS,118.4,118.4,118.0,118.35,15110.0
2019-04-03 14:00:00,NSE:TDPOWERSYS,118.35,118.35,117.0,117.4,2056.0
2019-04-03 15:00:00,NSE:TDPOWERSYS,117.85,117.85,117.0,117.25,2009.0
2019-04-04 09:00:00,NSE:TDPOWERSYS,119.0,120.0,115.95,119.2,13186.0
2019-04-04 10:00:00,NSE:TDPOWERSYS,119.7,120.0,119.2,119.5,2376.0
2019-04-04 11:00:00,NSE:TDPOWERSYS,119.5,119.5,118.25,119.0,1937.0
2019-04-04 12:00:00,NSE:TDPOWERSYS,119.05,119.05,118.8,118.8,101.0
2019-04-04 13:00:00,NSE:TDPOWERSYS,119.85,121.2,119.8,119.85,4805.0
2019-04-04 14:00:00,NSE:TDPOWERSYS,119.65,120.55,119.0,119.15,1386.0
2019-04-04 15:00:00,NSE:TDPOWERSYS,119.2,121.95,119.0,120.25,3095.0
2019-04-05 09:00:00,NSE:TDPOWERSYS,120.0,122.45,120.0,122.1,1623.0
2019-04-05 10:00:00,NSE:TDPOWERSYS,122.0,122.8,121.75,121.85,5894.0
2019-04-05 11:00:00,NSE:TDPOWERSYS,122.0,122.15,122.0,122.0,14847.0
2019-04-05 12:00:00,NSE:TDPOWERSYS,122.0,122.0,122.0,122.0,5198.0
2019-04-05 13:00:00,NSE:TDPOWERSYS,121.25,121.4,120.85,121.25,3703.0
2019-04-05 14:00:00,NSE:TDPOWERSYS,121.25,122.0,120.85,121.95,2421.0
2019-04-05 15:00:00,NSE:TDPOWERSYS,122.0,123.0,120.8,122.2,5879.0
2019-04-08 09:00:00,NSE:TDPOWERSYS,122.1,123.75,121.5,123.0,19303.0
2019-04-08 10:00:00,NSE:TDPOWERSYS,123.0,123.0,121.9,122.6,11629.0
2019-04-08 11:00:00,NSE:TDPOWERSYS,122.95,122.95,122.0,122.25,5073.0
2019-04-08 12:00:00,NSE:TDPOWERSYS,122.45,123.0,122.0,122.1,21185.0
2019-04-08 13:00:00,NSE:TDPOWERSYS,122.05,122.5,122.0,122.0,3562.0
2019-04-08 14:00:00,NSE:TDPOWERSYS,121.9,121.9,121.25,121.75,291.0
2019-04-08 15:00:00,NSE:TDPOWERSYS,121.25,121.25,120.1,121.05,1339.0
2019-04-09 09:00:00,NSE:TDPOWERSYS,122.9,122.95,121.5,121.5,3633.0
2019-04-09 10:00:00,NSE:TDPOWERSYS,122.0,122.85,121.5,121.5,3383.0
2019-04-09 11:00:00,NSE:TDPOWERSYS,120.8,120.9,120.1,120.1,293.0
2019-04-09 12:00:00,NSE:TDPOWERSYS,120.05,120.2,119.95,120.2,1038.0
2019-04-09 13:00:00,NSE:TDPOWERSYS,120.55,120.55,120.05,120.05,342.0
2019-04-09 14:00:00,NSE:TDPOWERSYS,120.0,120.0,118.6,119.85,2014.0
2019-04-09 15:00:00,NSE:TDPOWERSYS,120.05,120.5,118.05,119.55,3432.0
2019-04-10 09:00:00,NSE:TDPOWERSYS,120.95,123.65,120.95,121.55,4334.0
2019-04-10 10:00:00,NSE:TDPOWERSYS,121.8,122.05,121.05,121.05,237.0
2019-04-10 11:00:00,NSE:TDPOWERSYS,120.75,120.75,120.75,120.75,201.0
2019-04-10 12:00:00,NSE:TDPOWERSYS,121.0,122.0,121.0,122.0,10408.0
2019-04-10 13:00:00,NSE:TDPOWERSYS,122.0,122.3,122.0,122.1,275.0
2019-04-10 14:00:00,NSE:TDPOWERSYS,122.0,123.75,122.0,123.7,2776.0
2019-04-10 15:00:00,NSE:TDPOWERSYS,124.0,126.0,123.0,126.0,3257.0
2019-04-11 09:00:00,NSE:TDPOWERSYS,124.0,127.55,123.95,126.45,1996.0
2019-04-11 10:00:00,NSE:TDPOWERSYS,126.45,126.45,126.0,126.0,609.0
2019-04-11 11:00:00,NSE:TDPOWERSYS,126.0,127.0,126.0,126.0,2938.0
2019-04-11 12:00:00,NSE:TDPOWERSYS,126.05,126.05,126.0,126.0,656.0
2019-04-11 13:00:00,NSE:TDPOWERSYS,127.0,127.0,127.0,127.0,370.0
2019-04-11 14:00:00,NSE:TDPOWERSYS,126.75,126.95,126.55,126.95,113.0
2019-04-11 15:00:00,NSE:TDPOWERSYS,127.0,128.0,127.0,127.5,374.0
2019-04-12 09:00:00,NSE:TDPOWERSYS,126.65,126.65,126.15,126.35,255.0
2019-04-12 10:00:00,NSE:TDPOWERSYS,126.0,126.0,126.0,126.0,607.0
2019-04-12 11:00:00,NSE:TDPOWERSYS,127.0,128.0,127.0,127.45,1343.0
2019-04-12 12:00:00,NSE:TDPOWERSYS,127.45,127.6,127.2,127.5,729.0
2019-04-12 13:00:00,NSE:TDPOWERSYS,127.5,129.7,127.5,128.05,1561.0
2019-04-12 14:00:00,NSE:TDPOWERSYS,128.05,129.0,127.7,128.9,1969.0
2019-04-12 15:00:00,NSE:TDPOWERSYS,128.9,131.4,128.25,129.5,6324.0
2019-04-15 09:00:00,NSE:TDPOWERSYS,130.5,130.5,129.25,129.3,1424.0
2019-04-15 10:00:00,NSE:TDPOWERSYS,129.55,130.65,129.55,130.0,941.0
2019-04-15 11:00:00,NSE:TDPOWERSYS,130.05,130.45,130.05,130.3,185.0
2019-04-15 12:00:00,NSE:TDPOWERSYS,130.2,130.2,130.0,130.0,1299.0
2019-04-15 13:00:00,NSE:TDPOWERSYS,130.0,135.0,130.0,132.2,7678.0
2019-04-15 14:00:00,NSE:TDPOWERSYS,132.05,132.25,131.0,132.25,1943.0
2019-04-15 15:00:00,NSE:TDPOWERSYS,131.15,132.25,131.15,131.7,1248.0
2019-04-16 09:00:00,NSE:TDPOWERSYS,132.0,132.0,129.95,130.25,333.0
2019-04-16 10:00:00,NSE:TDPOWERSYS,130.75,131.45,130.05,131.0,378.0
2019-04-16 11:00:00,NSE:TDPOWERSYS,131.0,131.0,130.3,130.4,2507.0
2019-04-16 12:00:00,NSE:TDPOWERSYS,131.0,132.5,131.0,131.5,1740.0
2019-04-16 13:00:00,NSE:TDPOWERSYS,132.5,132.5,131.45,131.45,190.0
2019-04-16 14:00:00,NSE:TDPOWERSYS,131.05,132.0,130.4,131.95,5517.0
2019-04-16 15:00:00,NSE:TDPOWERSYS,130.85,131.9,130.35,131.9,512.0
2019-04-18 09:00:00,NSE:TDPOWERSYS,131.85,131.85,130.5,131.7,2201.0
2019-04-18 10:00:00,NSE:TDPOWERSYS,130.95,130.95,130.95,130.95,3.0
2019-04-18 11:00:00,NSE:TDPOWERSYS,131.0,132.0,130.35,131.0,7936.0
2019-04-18 12:00:00,NSE:TDPOWERSYS,131.0,131.0,130.4,130.95,4352.0
2019-04-18 13:00:00,NSE:TDPOWERSYS,130.4,130.4,130.2,130.2,56.0
2019-04-18 14:00:00,NSE:TDPOWERSYS,130.25,131.0,129.85,129.85,17972.0
2019-04-18 15:00:00,NSE:TDPOWERSYS,129.65,129.65,129.5,129.5,1000.0
2019-04-22 09:00:00,NSE:TDPOWERSYS,129.5,130.05,129.5,130.05,434.0
2019-04-22 10:00:00,NSE:TDPOWERSYS,129.5,129.5,129.5,129.5,226.0
2019-04-22 11:00:00,NSE:TDPOWERSYS,129.5,129.5,129.25,129.25,425.0
2019-04-22 12:00:00,NSE:TDPOWERSYS,130.0,130.0,128.0,128.05,1138.0
2019-04-22 13:00:00,NSE:TDPOWERSYS,128.0,128.0,124.0,124.95,3984.0
2019-04-22 14:00:00,NSE:TDPOWERSYS,124.55,126.7,124.35,124.5,1815.0
2019-04-22 15:00:00,NSE:TDPOWERSYS,124.35,124.35,122.05,123.45,5672.0
2019-04-23 09:00:00,NSE:TDPOWERSYS,123.0,124.15,123.0,123.75,468.0
2019-04-23 10:00:00,NSE:TDPOWERSYS,123.75,124.2,123.75,124.2,220.0
2019-04-23 11:00:00,NSE:TDPOWERSYS,124.55,125.25,124.55,125.25,198.0
2019-04-23 12:00:00,NSE:TDPOWERSYS,125.15,125.15,124.0,125.0,621.0
2019-04-23 13:00:00,NSE:TDPOWERSYS,125.0,125.3,124.25,124.55,3293.0
2019-04-23 15:00:00,NSE:TDPOWERSYS,125.25,127.95,124.8,127.95,522.0
2019-04-24 09:00:00,NSE:TDPOWERSYS,125.35,125.35,125.1,125.1,115.0
2019-04-24 10:00:00,NSE:TDPOWERSYS,125.1,125.1,125.05,125.05,23.0
2019-04-24 11:00:00,NSE:TDPOWERSYS,125.5,125.5,125.1,125.1,146.0
2019-04-24 12:00:00,NSE:TDPOWERSYS,125.75,125.75,125.75,125.75,47.0
2019-04-24 13:00:00,NSE:TDPOWERSYS,126.0,126.25,126.0,126.05,352.0
2019-04-24 14:00:00,NSE:TDPOWERSYS,126.0,126.95,126.0,126.95,105.0
2019-04-24 15:00:00,NSE:TDPOWERSYS,127.35,129.75,124.0,124.0,1576.0
2019-04-25 09:00:00,NSE:TDPOWERSYS,126.85,126.85,125.85,126.0,35.0
2019-04-25 10:00:00,NSE:TDPOWERSYS,125.65,125.65,125.45,125.65,3.0
2019-04-25 11:00:00,NSE:TDPOWERSYS,125.75,126.75,125.7,126.7,32.0
2019-04-25 12:00:00,NSE:TDPOWERSYS,126.05,126.05,123.65,124.95,718.0
2019-04-25 13:00:00,NSE:TDPOWERSYS,125.55,126.15,125.55,125.9,107.0
2019-04-25 14:00:00,NSE:TDPOWERSYS,124.65,126.0,123.0,125.85,872.0
2019-04-25 15:00:00,NSE:TDPOWERSYS,125.95,125.95,123.1,124.7,443.0
2019-04-26 09:00:00,NSE:TDPOWERSYS,124.55,125.0,124.55,125.0,71.0
2019-04-26 10:00:00,NSE:TDPOWERSYS,124.65,124.95,124.45,124.5,346.0
2019-04-26 11:00:00,NSE:TDPOWERSYS,124.05,124.5,124.05,124.5,6.0
2019-04-26 12:00:00,NSE:TDPOWERSYS,124.0,124.5,123.05,124.5,654.0
2019-04-26 13:00:00,NSE:TDPOWERSYS,123.25,124.5,123.25,124.5,50.0
2019-04-26 14:00:00,NSE:TDPOWERSYS,123.5,124.8,123.25,124.8,194.0
2019-04-26 15:00:00,NSE:TDPOWERSYS,124.3,125.0,123.0,123.7,510.0
2019-04-30 09:00:00,NSE:TDPOWERSYS,125.55,125.55,122.0,124.65,1610.0
2019-04-30 10:00:00,NSE:TDPOWERSYS,124.15,124.65,123.3,123.3,297.0
2019-04-30 11:00:00,NSE:TDPOWERSYS,122.55,123.3,122.55,123.3,151.0
2019-04-30 12:00:00,NSE:TDPOWERSYS,122.6,123.3,122.6,123.3,80.0
2019-04-30 13:00:00,NSE:TDPOWERSYS,123.3,123.3,122.55,123.3,356.0
2019-04-30 14:00:00,NSE:TDPOWERSYS,122.85,124.0,121.9,124.0,1692.0
2019-04-30 15:00:00,NSE:TDPOWERSYS,124.0,125.75,123.0,125.0,1143.0
2019-05-02 09:00:00,NSE:TDPOWERSYS,124.0,124.0,122.3,123.55,127.0
2019-05-02 10:00:00,NSE:TDPOWERSYS,123.55,123.55,123.0,123.0,125.0
2019-05-02 12:00:00,NSE:TDPOWERSYS,124.0,124.0,122.55,122.6,672.0
2019-05-02 13:00:00,NSE:TDPOWERSYS,125.0,128.95,125.0,127.0,2260.0
2019-05-02 14:00:00,NSE:TDPOWERSYS,126.1,126.9,124.05,126.85,456.0
2019-05-02 15:00:00,NSE:TDPOWERSYS,126.3,127.15,126.15,127.0,1531.0
2019-05-03 09:00:00,NSE:TDPOWERSYS,125.5,125.5,123.7,124.95,560.0
2019-05-03 10:00:00,NSE:TDPOWERSYS,125.0,125.5,125.0,125.5,103.0
2019-05-03 11:00:00,NSE:TDPOWERSYS,125.5,125.55,125.5,125.5,73.0
2019-05-03 12:00:00,NSE:TDPOWERSYS,124.65,125.0,124.65,125.0,10078.0
2019-05-03 13:00:00,NSE:TDPOWERSYS,123.35,124.35,123.15,124.0,313.0
2019-05-03 14:00:00,NSE:TDPOWERSYS,124.05,124.05,124.0,124.0,2.0
2019-05-03 15:00:00,NSE:TDPOWERSYS,124.0,124.0,123.3,123.3,336.0
2019-05-06 09:00:00,NSE:TDPOWERSYS,122.9,122.9,122.25,122.25,32.0
2019-05-06 10:00:00,NSE:TDPOWERSYS,122.25,123.35,122.2,123.35,232.0
2019-05-06 11:00:00,NSE:TDPOWERSYS,123.35,123.35,121.9,122.2,478.0
2019-05-06 12:00:00,NSE:TDPOWERSYS,123.35,123.35,122.95,123.0,152.0
2019-05-06 13:00:00,NSE:TDPOWERSYS,123.05,123.05,123.05,123.05,5.0
2019-05-06 14:00:00,NSE:TDPOWERSYS,123.1,123.1,122.2,122.2,273.0
2019-05-06 15:00:00,NSE:TDPOWERSYS,122.35,123.15,122.3,123.0,394.0
2019-05-07 10:00:00,NSE:TDPOWERSYS,122.4,122.4,122.0,122.05,115.0
2019-05-07 11:00:00,NSE:TDPOWERSYS,124.65,128.9,124.65,126.0,3008.0
2019-05-07 12:00:00,NSE:TDPOWERSYS,125.85,126.1,124.45,124.95,600.0
2019-05-07 13:00:00,NSE:TDPOWERSYS,125.0,125.95,122.85,124.75,1024.0
2019-05-07 14:00:00,NSE:TDPOWERSYS,123.7,126.0,122.45,123.6,2133.0
2019-05-07 15:00:00,NSE:TDPOWERSYS,123.1,126.05,123.1,124.5,3116.0
2019-05-08 09:00:00,NSE:TDPOWERSYS,123.15,124.95,123.05,124.95,277.0
2019-05-08 10:00:00,NSE:TDPOWERSYS,124.1,125.15,119.5,121.5,5116.0
2019-05-08 11:00:00,NSE:TDPOWERSYS,122.3,122.3,120.75,121.8,234.0
2019-05-08 12:00:00,NSE:TDPOWERSYS,129.75,129.75,124.1,124.45,3450.0
2019-05-08 13:00:00,NSE:TDPOWERSYS,124.05,124.05,123.0,123.0,80.0
2019-05-08 14:00:00,NSE:TDPOWERSYS,123.0,123.9,120.55,122.35,4223.0
2019-05-08 15:00:00,NSE:TDPOWERSYS,121.95,122.95,120.1,120.9,1211.0
2019-05-09 09:00:00,NSE:TDPOWERSYS,122.15,122.35,120.5,122.35,477.0
2019-05-09 10:00:00,NSE:TDPOWERSYS,122.35,123.25,122.35,123.25,763.0
2019-05-09 11:00:00,NSE:TDPOWERSYS,122.7,124.35,121.85,123.95,855.0
2019-05-09 12:00:00,NSE:TDPOWERSYS,123.85,123.85,122.0,123.8,652.0
2019-05-09 13:00:00,NSE:TDPOWERSYS,122.8,123.85,122.55,123.75,863.0
2019-05-09 14:00:00,NSE:TDPOWERSYS,123.6,123.7,122.7,123.6,92.0
2019-05-09 15:00:00,NSE:TDPOWERSYS,123.5,123.85,122.8,123.75,339.0
2019-05-10 09:00:00,NSE:TDPOWERSYS,121.65,123.35,121.65,123.35,527.0
2019-05-10 10:00:00,NSE:TDPOWERSYS,123.3,124.35,121.0,123.15,1103.0
2019-05-10 11:00:00,NSE:TDPOWERSYS,123.1,123.1,121.3,122.9,3539.0
2019-05-10 12:00:00,NSE:TDPOWERSYS,121.45,122.7,121.45,122.7,6.0
2019-05-10 13:00:00,NSE:TDPOWERSYS,123.15,123.15,121.55,122.05,904.0
2019-05-10 14:00:00,NSE:TDPOWERSYS,121.6,122.95,121.55,122.5,455.0
2019-05-10 15:00:00,NSE:TDPOWERSYS,122.0,123.15,121.55,122.8,1690.0
2019-05-13 09:00:00,NSE:TDPOWERSYS,122.15,123.35,122.15,123.25,55.0
2019-05-13 10:00:00,NSE:TDPOWERSYS,123.5,124.4,123.5,124.4,321.0
2019-05-13 11:00:00,NSE:TDPOWERSYS,124.35,124.4,123.05,123.05,782.0
2019-05-13 12:00:00,NSE:TDPOWERSYS,123.85,123.85,123.85,123.85,1.0
2019-05-13 14:00:00,NSE:TDPOWERSYS,123.05,123.05,122.05,122.25,2115.0
2019-05-13 15:00:00,NSE:TDPOWERSYS,122.9,122.9,120.3,120.75,2005.0
2019-05-14 09:00:00,NSE:TDPOWERSYS,120.45,120.45,120.45,120.45,2.0
2019-05-14 10:00:00,NSE:TDPOWERSYS,120.2,120.65,120.0,120.65,211.0
2019-05-14 11:00:00,NSE:TDPOWERSYS,120.65,122.65,120.0,122.55,1205.0
2019-05-14 12:00:00,NSE:TDPOWERSYS,122.5,122.5,122.45,122.45,175.0
2019-05-14 13:00:00,NSE:TDPOWERSYS,122.45,122.45,121.15,122.3,207.0
2019-05-14 14:00:00,NSE:TDPOWERSYS,121.0,121.85,120.15,120.15,421.0
2019-05-14 15:00:00,NSE:TDPOWERSYS,121.45,122.45,120.2,120.6,332.0
2019-05-15 09:00:00,NSE:TDPOWERSYS,122.1,122.1,120.55,121.45,31.0
2019-05-15 10:00:00,NSE:TDPOWERSYS,121.0,121.45,120.2,121.2,1122.0
2019-05-15 11:00:00,NSE:TDPOWERSYS,121.2,121.3,120.5,121.3,1001.0
2019-05-15 12:00:00,NSE:TDPOWERSYS,121.6,121.6,121.3,121.3,78.0
2019-05-15 13:00:00,NSE:TDPOWERSYS,120.95,121.0,120.95,121.0,104.0
2019-05-15 14:00:00,NSE:TDPOWERSYS,121.55,122.3,121.55,122.3,147.0
2019-05-15 15:00:00,NSE:TDPOWERSYS,122.0,123.55,120.75,123.55,237.0
2019-05-16 09:00:00,NSE:TDPOWERSYS,121.5,121.95,121.0,121.95,111.0
2019-05-16 10:00:00,NSE:TDPOWERSYS,122.0,122.05,122.0,122.0,1065.0
2019-05-16 11:00:00,NSE:TDPOWERSYS,122.0,123.0,121.15,122.9,912.0
2019-05-16 12:00:00,NSE:TDPOWERSYS,122.9,122.9,121.65,121.65,3.0
2019-05-16 13:00:00,NSE:TDPOWERSYS,122.15,122.95,121.5,122.95,618.0
2019-05-16 14:00:00,NSE:TDPOWERSYS,122.65,122.7,122.0,122.7,72.0
2019-05-16 15:00:00,NSE:TDPOWERSYS,122.7,122.75,122.0,122.0,590.0
2019-05-17 09:00:00,NSE:TDPOWERSYS,121.15,122.0,121.15,121.95,122.0
2019-05-17 10:00:00,NSE:TDPOWERSYS,122.0,123.25,122.0,122.0,747.0
2019-05-17 11:00:00,NSE:TDPOWERSYS,122.75,122.75,122.75,122.75,1.0
2019-05-17 12:00:00,NSE:TDPOWERSYS,122.5,122.5,122.5,122.5,100.0
2019-05-17 13:00:00,NSE:TDPOWERSYS,123.0,123.0,123.0,123.0,90.0
2019-05-17 14:00:00,NSE:TDPOWERSYS,122.9,122.9,122.5,122.9,948.0
2019-05-17 15:00:00,NSE:TDPOWERSYS,122.5,125.95,122.5,123.5,3896.0
2019-05-20 09:00:00,NSE:TDPOWERSYS,129.0,129.0,122.1,126.95,4138.0
2019-05-20 10:00:00,NSE:TDPOWERSYS,126.85,128.7,124.25,127.65,2130.0
2019-05-20 11:00:00,NSE:TDPOWERSYS,127.5,127.5,124.55,124.55,134.0
2019-05-20 12:00:00,NSE:TDPOWERSYS,125.95,128.5,124.15,127.1,10511.0
2019-05-20 13:00:00,NSE:TDPOWERSYS,127.05,128.9,126.45,128.7,832.0
2019-05-20 14:00:00,NSE:TDPOWERSYS,128.0,128.0,126.15,126.15,1503.0
2019-05-20 15:00:00,NSE:TDPOWERSYS,127.55,128.5,127.55,127.95,1489.0
2019-05-21 09:00:00,NSE:TDPOWERSYS,125.7,125.7,125.1,125.1,102.0
2019-05-21 10:00:00,NSE:TDPOWERSYS,125.05,125.05,125.05,125.05,22.0
2019-05-21 11:00:00,NSE:TDPOWERSYS,125.0,125.0,123.1,123.1,821.0
2019-05-21 12:00:00,NSE:TDPOWERSYS,123.4,123.4,123.1,123.1,603.0
2019-05-21 13:00:00,NSE:TDPOWERSYS,123.1,124.55,122.4,123.15,2237.0
2019-05-21 14:00:00,NSE:TDPOWERSYS,124.4,124.5,123.45,124.0,14.0
2019-05-21 15:00:00,NSE:TDPOWERSYS,123.45,124.75,122.4,123.25,403.0
2019-05-22 09:00:00,NSE:TDPOWERSYS,124.0,124.5,122.3,122.3,345.0
2019-05-22 10:00:00,NSE:TDPOWERSYS,122.25,123.85,122.25,123.8,474.0
2019-05-22 12:00:00,NSE:TDPOWERSYS,123.85,124.65,123.55,124.15,60.0
2019-05-22 13:00:00,NSE:TDPOWERSYS,124.0,124.25,122.55,124.25,7.0
2019-05-22 14:00:00,NSE:TDPOWERSYS,123.0,123.0,122.0,122.95,1156.0
2019-05-22 15:00:00,NSE:TDPOWERSYS,122.65,123.5,122.0,122.45,904.0
2019-05-23 09:00:00,NSE:TDPOWERSYS,135.0,143.0,134.25,136.75,55170.0
2019-05-23 10:00:00,NSE:TDPOWERSYS,136.7,138.8,136.4,137.35,16153.0
2019-05-23 11:00:00,NSE:TDPOWERSYS,137.35,137.7,134.75,135.95,10691.0
2019-05-23 12:00:00,NSE:TDPOWERSYS,135.45,136.0,134.75,136.0,7855.0
2019-05-23 13:00:00,NSE:TDPOWERSYS,136.0,136.0,134.85,135.15,1985.0
2019-05-23 14:00:00,NSE:TDPOWERSYS,135.7,135.9,134.85,135.1,3109.0
2019-05-23 15:00:00,NSE:TDPOWERSYS,135.0,135.0,130.9,133.1,11293.0
2019-05-24 09:00:00,NSE:TDPOWERSYS,134.0,136.7,134.0,135.05,10231.0
2019-05-24 10:00:00,NSE:TDPOWERSYS,135.75,140.0,135.3,138.45,5908.0
2019-05-24 11:00:00,NSE:TDPOWERSYS,138.05,145.05,137.05,141.95,21979.0
2019-05-24 12:00:00,NSE:TDPOWERSYS,141.9,145.4,141.9,145.0,19418.0
2019-05-24 13:00:00,NSE:TDPOWERSYS,145.0,145.4,144.0,144.5,8564.0
2019-05-24 14:00:00,NSE:TDPOWERSYS,144.55,145.55,144.1,144.85,9512.0
2019-05-24 15:00:00,NSE:TDPOWERSYS,145.0,146.65,144.6,146.0,9142.0
2019-05-27 09:00:00,NSE:TDPOWERSYS,146.0,151.5,146.0,151.5,13856.0
2019-05-27 10:00:00,NSE:TDPOWERSYS,150.05,153.5,150.0,152.0,5626.0
2019-05-27 11:00:00,NSE:TDPOWERSYS,152.0,153.0,151.1,152.0,2940.0
2019-05-27 12:00:00,NSE:TDPOWERSYS,152.0,152.55,150.0,150.95,11522.0
2019-05-27 13:00:00,NSE:TDPOWERSYS,150.95,152.8,150.1,152.05,5296.0
2019-05-27 14:00:00,NSE:TDPOWERSYS,152.0,152.95,151.15,152.0,4159.0
2019-05-27 15:00:00,NSE:TDPOWERSYS,152.1,153.5,152.1,153.5,4467.0
2019-05-28 09:00:00,NSE:TDPOWERSYS,153.0,156.0,153.0,154.0,12351.0
2019-05-28 10:00:00,NSE:TDPOWERSYS,154.0,154.0,151.0,152.55,2726.0
2019-05-28 11:00:00,NSE:TDPOWERSYS,151.05,152.5,150.9,152.0,13997.0
2019-05-28 12:00:00,NSE:TDPOWERSYS,152.0,152.55,152.0,152.5,7098.0
2019-05-28 13:00:00,NSE:TDPOWERSYS,152.1,152.55,152.0,152.0,1545.0
2019-05-28 14:00:00,NSE:TDPOWERSYS,151.05,152.0,151.05,151.5,2311.0
2019-05-28 15:00:00,NSE:TDPOWERSYS,152.0,152.4,151.0,151.9,15216.0
2019-05-29 09:00:00,NSE:TDPOWERSYS,151.0,151.0,148.05,149.95,1260.0
2019-05-29 10:00:00,NSE:TDPOWERSYS,149.9,149.9,148.1,148.1,3038.0
2019-05-29 11:00:00,NSE:TDPOWERSYS,148.1,150.0,148.1,150.0,1041.0
2019-05-29 12:00:00,NSE:TDPOWERSYS,148.5,150.25,148.5,149.1,426.0
2019-05-29 13:00:00,NSE:TDPOWERSYS,149.1,149.1,148.95,148.95,312.0
2019-05-29 14:00:00,NSE:TDPOWERSYS,149.0,150.9,149.0,150.9,2926.0
2019-05-29 15:00:00,NSE:TDPOWERSYS,150.25,151.25,150.25,150.9,2911.0
2019-05-30 09:00:00,NSE:TDPOWERSYS,160.0,160.0,151.85,153.3,3114.0
2019-05-30 10:00:00,NSE:TDPOWERSYS,153.35,154.4,152.05,153.55,1570.0
2019-05-30 11:00:00,NSE:TDPOWERSYS,152.25,153.65,152.2,152.25,170.0
2019-05-30 12:00:00,NSE:TDPOWERSYS,152.2,153.0,152.15,152.3,495.0
2019-05-30 13:00:00,NSE:TDPOWERSYS,152.3,152.95,150.5,151.45,1754.0
2019-05-30 14:00:00,NSE:TDPOWERSYS,151.3,152.95,148.2,148.9,1777.0
2019-05-30 15:00:00,NSE:TDPOWERSYS,149.0,152.0,149.0,149.8,2055.0
2019-05-31 09:00:00,NSE:TDPOWERSYS,156.9,156.9,151.45,151.5,185.0
2019-05-31 10:00:00,NSE:TDPOWERSYS,151.0,155.95,151.0,155.1,6284.0
2019-05-31 11:00:00,NSE:TDPOWERSYS,155.0,156.6,154.0,154.0,3892.0
2019-05-31 12:00:00,NSE:TDPOWERSYS,154.0,154.7,152.6,154.0,1272.0
2019-05-31 13:00:00,NSE:TDPOWERSYS,152.75,153.55,152.75,153.55,699.0
2019-05-31 14:00:00,NSE:TDPOWERSYS,153.55,153.75,152.0,152.5,1890.0
2019-05-31 15:00:00,NSE:TDPOWERSYS,153.0,153.0,152.1,152.7,2834.0
2019-06-03 09:00:00,NSE:TDPOWERSYS,158.0,158.0,153.75,154.2,555.0
2019-06-03 10:00:00,NSE:TDPOWERSYS,154.2,155.5,152.6,152.6,3566.0
2019-06-03 11:00:00,NSE:TDPOWERSYS,153.0,159.0,153.0,157.8,2399.0
2019-06-03 12:00:00,NSE:TDPOWERSYS,156.0,156.15,155.2,155.2,236.0
2019-06-03 13:00:00,NSE:TDPOWERSYS,155.8,156.95,155.35,155.6,486.0
2019-06-03 14:00:00,NSE:TDPOWERSYS,156.0,157.5,156.0,157.5,407.0
2019-06-03 15:00:00,NSE:TDPOWERSYS,156.8,157.35,156.5,157.2,556.0
2019-06-04 09:00:00,NSE:TDPOWERSYS,156.5,158.05,155.35,155.8,2118.0
2019-06-04 10:00:00,NSE:TDPOWERSYS,155.3,157.0,155.3,155.55,1212.0
2019-06-04 11:00:00,NSE:TDPOWERSYS,155.4,155.4,155.4,155.4,622.0
2019-06-04 12:00:00,NSE:TDPOWERSYS,155.4,156.85,155.4,155.5,260.0
2019-06-04 13:00:00,NSE:TDPOWERSYS,155.45,156.0,155.45,156.0,83.0
2019-06-04 14:00:00,NSE:TDPOWERSYS,156.0,156.0,155.4,155.4,629.0
2019-06-04 15:00:00,NSE:TDPOWERSYS,156.0,157.0,156.0,157.0,1848.0
2019-06-06 09:00:00,NSE:TDPOWERSYS,158.9,158.9,151.85,153.55,1808.0
2019-06-06 10:00:00,NSE:TDPOWERSYS,152.35,153.75,152.2,152.35,133.0
2019-06-06 11:00:00,NSE:TDPOWERSYS,153.7,156.9,153.1,154.5,767.0
2019-06-06 12:00:00,NSE:TDPOWERSYS,154.5,155.0,153.75,155.0,767.0
2019-06-06 13:00:00,NSE:TDPOWERSYS,154.05,154.05,152.5,152.5,2611.0
2019-06-06 14:00:00,NSE:TDPOWERSYS,154.0,154.95,154.0,154.95,395.0
2019-06-06 15:00:00,NSE:TDPOWERSYS,154.95,155.0,152.5,153.1,1559.0
2019-06-07 09:00:00,NSE:TDPOWERSYS,150.9,152.45,148.5,152.0,1749.0
2019-06-07 10:00:00,NSE:TDPOWERSYS,152.0,153.05,152.0,153.0,65.0
2019-06-07 12:00:00,NSE:TDPOWERSYS,153.55,154.8,153.0,154.0,486.0
2019-06-07 13:00:00,NSE:TDPOWERSYS,153.25,156.8,153.1,154.2,971.0
2019-06-07 14:00:00,NSE:TDPOWERSYS,154.2,154.2,152.1,152.1,667.0
2019-06-07 15:00:00,NSE:TDPOWERSYS,154.1,154.9,151.3,153.0,798.0
2019-06-10 09:00:00,NSE:TDPOWERSYS,152.0,152.0,149.15,150.0,1013.0
2019-06-10 10:00:00,NSE:TDPOWERSYS,149.45,150.55,149.45,150.55,172.0
2019-06-10 11:00:00,NSE:TDPOWERSYS,151.55,151.55,150.0,151.0,2124.0
2019-06-10 12:00:00,NSE:TDPOWERSYS,150.0,150.05,150.0,150.0,451.0
2019-06-10 14:00:00,NSE:TDPOWERSYS,150.0,151.95,150.0,151.0,1032.0
2019-06-10 15:00:00,NSE:TDPOWERSYS,151.0,152.0,150.0,151.0,1159.0
2019-06-11 09:00:00,NSE:TDPOWERSYS,151.25,151.25,150.0,150.0,550.0
2019-06-11 10:00:00,NSE:TDPOWERSYS,150.0,150.0,150.0,150.0,150.0
2019-06-11 11:00:00,NSE:TDPOWERSYS,150.0,151.25,150.0,151.25,118.0
2019-06-11 12:00:00,NSE:TDPOWERSYS,152.3,152.8,152.3,152.8,44.0
2019-06-11 13:00:00,NSE:TDPOWERSYS,152.9,152.9,152.9,152.9,112.0
2019-06-11 14:00:00,NSE:TDPOWERSYS,152.9,153.35,150.45,152.0,3319.0
2019-06-11 15:00:00,NSE:TDPOWERSYS,152.0,152.0,151.3,152.0,452.0
2019-06-12 09:00:00,NSE:TDPOWERSYS,150.1,150.5,149.1,149.1,475.0
2019-06-12 10:00:00,NSE:TDPOWERSYS,149.1,149.1,147.5,147.5,110.0
2019-06-12 11:00:00,NSE:TDPOWERSYS,150.4,150.5,148.1,150.35,243.0
2019-06-12 12:00:00,NSE:TDPOWERSYS,150.35,150.35,148.55,149.75,814.0
2019-06-12 14:00:00,NSE:TDPOWERSYS,149.7,149.7,149.0,149.0,614.0
2019-06-12 15:00:00,NSE:TDPOWERSYS,149.0,149.4,148.0,148.0,983.0
2019-06-13 10:00:00,NSE:TDPOWERSYS,150.9,150.9,148.6,150.9,201.0
2019-06-13 11:00:00,NSE:TDPOWERSYS,148.2,149.6,146.15,148.45,919.0
2019-06-13 12:00:00,NSE:TDPOWERSYS,148.15,148.15,145.1,145.1,407.0
2019-06-13 13:00:00,NSE:TDPOWERSYS,146.75,148.1,144.9,147.35,660.0
2019-06-13 14:00:00,NSE:TDPOWERSYS,141.1,146.6,141.1,145.9,2978.0
2019-06-13 15:00:00,NSE:TDPOWERSYS,145.9,147.3,145.0,145.85,749.0
2019-06-14 09:00:00,NSE:TDPOWERSYS,148.0,148.0,146.25,146.3,3071.0
2019-06-14 10:00:00,NSE:TDPOWERSYS,146.65,147.75,146.65,147.15,2619.0
2019-06-14 11:00:00,NSE:TDPOWERSYS,147.2,147.65,147.15,147.15,210.0
2019-06-14 12:00:00,NSE:TDPOWERSYS,147.2,147.4,145.05,145.3,1252.0
2019-06-14 13:00:00,NSE:TDPOWERSYS,146.45,146.45,146.45,146.45,2.0
2019-06-14 14:00:00,NSE:TDPOWERSYS,145.55,146.55,145.55,146.55,3.0
2019-06-14 15:00:00,NSE:TDPOWERSYS,147.4,147.4,146.05,147.4,1318.0
2019-06-17 09:00:00,NSE:TDPOWERSYS,144.1,147.05,141.25,144.55,1268.0
2019-06-17 10:00:00,NSE:TDPOWERSYS,144.5,146.0,144.5,144.5,273.0
2019-06-17 11:00:00,NSE:TDPOWERSYS,146.0,146.0,145.0,146.0,47.0
2019-06-17 12:00:00,NSE:TDPOWERSYS,146.0,146.0,146.0,146.0,22.0
2019-06-17 13:00:00,NSE:TDPOWERSYS,146.7,148.05,146.7,147.05,173.0
2019-06-17 14:00:00,NSE:TDPOWERSYS,148.0,148.05,148.0,148.0,1446.0
2019-06-17 15:00:00,NSE:TDPOWERSYS,148.0,150.0,148.0,149.05,572.0
2019-06-18 09:00:00,NSE:TDPOWERSYS,149.1,149.95,147.55,148.0,2191.0
2019-06-18 10:00:00,NSE:TDPOWERSYS,149.2,149.55,148.2,149.5,1255.0
2019-06-18 11:00:00,NSE:TDPOWERSYS,148.3,149.45,148.3,149.45,285.0
2019-06-18 12:00:00,NSE:TDPOWERSYS,148.35,149.35,148.3,149.35,71.0
2019-06-18 13:00:00,NSE:TDPOWERSYS,148.35,148.4,148.0,148.0,2139.0
2019-06-18 14:00:00,NSE:TDPOWERSYS,149.1,149.25,148.1,148.1,503.0
2019-06-18 15:00:00,NSE:TDPOWERSYS,148.1,149.9,148.0,148.0,712.0
2019-06-19 09:00:00,NSE:TDPOWERSYS,147.1,150.0,147.1,149.5,361.0
2019-06-19 10:00:00,NSE:TDPOWERSYS,148.75,148.75,148.6,148.6,49.0
2019-06-19 11:00:00,NSE:TDPOWERSYS,148.1,148.6,148.0,148.6,232.0
2019-06-19 12:00:00,NSE:TDPOWERSYS,148.0,148.55,148.0,148.0,251.0
2019-06-19 13:00:00,NSE:TDPOWERSYS,148.0,148.55,146.1,146.5,1742.0
2019-06-19 14:00:00,NSE:TDPOWERSYS,146.5,148.45,146.5,146.6,408.0
2019-06-19 15:00:00,NSE:TDPOWERSYS,147.5,148.35,146.65,146.65,755.0
2019-06-20 09:00:00,NSE:TDPOWERSYS,147.1,148.0,145.5,146.5,737.0
2019-06-20 10:00:00,NSE:TDPOWERSYS,148.0,148.0,146.55,147.9,117.0
2019-06-20 11:00:00,NSE:TDPOWERSYS,147.85,147.9,147.85,147.9,36.0
2019-06-20 12:00:00,NSE:TDPOWERSYS,147.1,147.1,147.1,147.1,75.0
2019-06-20 13:00:00,NSE:TDPOWERSYS,147.0,147.0,146.0,146.5,726.0
2019-06-20 15:00:00,NSE:TDPOWERSYS,147.9,148.0,147.0,147.0,401.0
2019-06-21 09:00:00,NSE:TDPOWERSYS,146.8,147.3,146.8,147.3,22.0
2019-06-21 10:00:00,NSE:TDPOWERSYS,147.0,148.4,147.0,148.4,108.0
2019-06-21 11:00:00,NSE:TDPOWERSYS,148.0,148.0,148.0,148.0,4.0
2019-06-21 12:00:00,NSE:TDPOWERSYS,147.3,148.0,147.05,148.0,298.0
2019-06-21 13:00:00,NSE:TDPOWERSYS,148.0,149.0,148.0,149.0,531.0
2019-06-21 14:00:00,NSE:TDPOWERSYS,148.1,149.6,148.1,148.15,99.0
2019-06-21 15:00:00,NSE:TDPOWERSYS,149.55,151.7,148.0,149.3,2606.0
2019-06-24 09:00:00,NSE:TDPOWERSYS,146.8,150.5,146.8,148.0,181.0
2019-06-24 10:00:00,NSE:TDPOWERSYS,148.0,148.05,148.0,148.05,48.0
2019-06-24 11:00:00,NSE:TDPOWERSYS,148.05,148.05,148.05,148.05,15.0
2019-06-24 12:00:00,NSE:TDPOWERSYS,149.65,149.7,149.65,149.7,6.0
2019-06-24 13:00:00,NSE:TDPOWERSYS,149.7,149.75,149.7,149.75,2315.0
2019-06-24 14:00:00,NSE:TDPOWERSYS,148.1,149.0,146.55,148.0,6554.0
2019-06-24 15:00:00,NSE:TDPOWERSYS,148.0,148.1,146.7,148.0,562.0
2019-06-25 09:00:00,NSE:TDPOWERSYS,146.8,149.2,146.8,149.2,240.0
2019-06-25 10:00:00,NSE:TDPOWERSYS,148.0,148.0,146.05,148.0,660.0
2019-06-25 11:00:00,NSE:TDPOWERSYS,148.8,148.8,148.15,148.75,3291.0
2019-06-25 12:00:00,NSE:TDPOWERSYS,149.0,149.0,149.0,149.0,162.0
2019-06-25 13:00:00,NSE:TDPOWERSYS,149.0,149.0,149.0,149.0,43.0
2019-06-25 14:00:00,NSE:TDPOWERSYS,149.95,149.95,149.05,149.9,134.0
2019-06-25 15:00:00,NSE:TDPOWERSYS,149.0,149.8,149.0,149.55,142.0
2019-06-26 09:00:00,NSE:TDPOWERSYS,146.8,151.15,146.8,150.05,364.0
2019-06-26 10:00:00,NSE:TDPOWERSYS,150.15,150.15,150.05,150.1,767.0
2019-06-26 11:00:00,NSE:TDPOWERSYS,150.15,154.9,150.15,152.0,2521.0
2019-06-26 12:00:00,NSE:TDPOWERSYS,152.0,153.1,150.5,151.5,4290.0
2019-06-26 14:00:00,NSE:TDPOWERSYS,151.0,151.95,150.5,151.45,802.0
2019-06-26 15:00:00,NSE:TDPOWERSYS,150.5,151.75,150.5,151.0,1296.0
2019-06-27 09:00:00,NSE:TDPOWERSYS,146.8,151.95,146.8,151.95,262.0
2019-06-27 10:00:00,NSE:TDPOWERSYS,152.0,153.9,152.0,153.55,278.0
2019-06-27 11:00:00,NSE:TDPOWERSYS,152.5,152.5,152.1,152.1,4402.0
2019-06-27 12:00:00,NSE:TDPOWERSYS,152.0,152.0,150.55,150.6,758.0
2019-06-27 13:00:00,NSE:TDPOWERSYS,150.05,151.75,150.05,150.3,403.0
2019-06-27 14:00:00,NSE:TDPOWERSYS,150.3,151.5,150.25,151.4,408.0
2019-06-27 15:00:00,NSE:TDPOWERSYS,150.55,152.1,150.2,150.2,400.0
2019-06-28 09:00:00,NSE:TDPOWERSYS,149.0,151.85,149.0,149.15,210.0
2019-06-28 10:00:00,NSE:TDPOWERSYS,149.15,151.45,149.15,151.45,391.0
2019-06-28 11:00:00,NSE:TDPOWERSYS,149.2,150.2,149.15,150.05,300.0
2019-06-28 12:00:00,NSE:TDPOWERSYS,150.0,151.5,150.0,151.5,1266.0
2019-06-28 13:00:00,NSE:TDPOWERSYS,151.05,151.5,151.0,151.5,4635.0
2019-06-28 14:00:00,NSE:TDPOWERSYS,151.0,151.5,151.0,151.5,240.0
2019-06-28 15:00:00,NSE:TDPOWERSYS,151.8,154.0,151.65,154.0,1494.0
2019-07-01 09:00:00,NSE:TDPOWERSYS,151.1,153.0,151.1,151.55,109.0
2019-07-01 10:00:00,NSE:TDPOWERSYS,151.6,151.6,151.6,151.6,96.0
2019-07-01 11:00:00,NSE:TDPOWERSYS,151.6,152.45,151.6,151.65,253.0
2019-07-01 12:00:00,NSE:TDPOWERSYS,152.45,154.0,152.15,153.9,1462.0
2019-07-01 13:00:00,NSE:TDPOWERSYS,152.1,153.2,152.1,152.1,102.0
2019-07-01 14:00:00,NSE:TDPOWERSYS,152.15,152.15,152.15,152.15,10.0
2019-07-01 15:00:00,NSE:TDPOWERSYS,153.2,158.25,152.3,154.85,2627.0
2019-07-02 09:00:00,NSE:TDPOWERSYS,150.2,164.0,150.2,163.0,11201.0
2019-07-02 10:00:00,NSE:TDPOWERSYS,163.65,168.65,157.8,162.6,58166.0
2019-07-02 11:00:00,NSE:TDPOWERSYS,162.35,164.5,161.05,163.0,7994.0
2019-07-02 12:00:00,NSE:TDPOWERSYS,162.25,163.9,162.2,163.0,9609.0
2019-07-02 13:00:00,NSE:TDPOWERSYS,163.85,163.85,161.05,162.0,3278.0
2019-07-02 14:00:00,NSE:TDPOWERSYS,162.0,163.75,159.9,162.6,7445.0
2019-07-02 15:00:00,NSE:TDPOWERSYS,162.55,164.0,160.0,161.85,12494.0
2019-07-03 09:00:00,NSE:TDPOWERSYS,166.0,169.0,164.0,165.55,25165.0
2019-07-03 10:00:00,NSE:TDPOWERSYS,165.55,167.7,165.55,167.3,6877.0
2019-07-03 11:00:00,NSE:TDPOWERSYS,167.3,167.5,166.45,166.45,4873.0
2019-07-03 12:00:00,NSE:TDPOWERSYS,166.95,167.5,166.4,167.5,3666.0
2019-07-03 13:00:00,NSE:TDPOWERSYS,167.0,168.0,162.6,163.25,14931.0
2019-07-03 14:00:00,NSE:TDPOWERSYS,163.0,165.75,163.0,163.15,3117.0
2019-07-03 15:00:00,NSE:TDPOWERSYS,163.2,166.0,163.2,165.05,8329.0
2019-07-04 09:00:00,NSE:TDPOWERSYS,163.1,168.35,163.1,164.7,5249.0
2019-07-04 10:00:00,NSE:TDPOWERSYS,164.0,164.0,162.0,162.95,3599.0
2019-07-04 11:00:00,NSE:TDPOWERSYS,162.95,166.5,162.6,163.95,5844.0
2019-07-04 12:00:00,NSE:TDPOWERSYS,164.35,165.5,164.3,165.5,26.0
2019-07-04 13:00:00,NSE:TDPOWERSYS,164.0,164.45,162.6,163.0,1262.0
2019-07-04 14:00:00,NSE:TDPOWERSYS,163.1,163.1,162.15,162.3,1749.0
2019-07-04 15:00:00,NSE:TDPOWERSYS,163.0,163.65,162.15,162.25,3549.0
2019-07-05 09:00:00,NSE:TDPOWERSYS,162.0,163.5,160.3,161.6,3591.0
2019-07-05 10:00:00,NSE:TDPOWERSYS,163.6,163.6,161.35,163.35,74.0
2019-07-05 11:00:00,NSE:TDPOWERSYS,161.35,163.3,161.35,163.0,311.0
2019-07-05 12:00:00,NSE:TDPOWERSYS,160.8,161.95,160.8,161.85,233.0
2019-07-05 13:00:00,NSE:TDPOWERSYS,159.65,161.05,159.5,159.5,1322.0
2019-07-05 14:00:00,NSE:TDPOWERSYS,159.5,160.7,155.0,158.45,1231.0
2019-07-05 15:00:00,NSE:TDPOWERSYS,158.45,158.45,153.3,155.25,3670.0
2019-07-08 09:00:00,NSE:TDPOWERSYS,151.65,153.6,150.35,150.4,2704.0
2019-07-08 10:00:00,NSE:TDPOWERSYS,150.65,151.35,147.0,147.0,2843.0
2019-07-08 11:00:00,NSE:TDPOWERSYS,149.25,150.3,147.0,149.95,3284.0
2019-07-08 12:00:00,NSE:TDPOWERSYS,150.0,150.9,148.45,150.0,800.0
2019-07-08 13:00:00,NSE:TDPOWERSYS,150.55,150.55,150.0,150.0,1090.0
2019-07-08 14:00:00,NSE:TDPOWERSYS,150.0,151.0,149.95,151.0,1862.0
2019-07-08 15:00:00,NSE:TDPOWERSYS,151.0,152.6,148.0,150.85,1067.0
2019-07-09 09:00:00,NSE:TDPOWERSYS,148.1,150.0,144.8,149.95,1643.0
2019-07-09 10:00:00,NSE:TDPOWERSYS,149.5,149.9,147.1,147.1,318.0
2019-07-09 11:00:00,NSE:TDPOWERSYS,147.1,150.0,147.1,150.0,490.0
2019-07-09 12:00:00,NSE:TDPOWERSYS,150.0,151.0,147.5,148.95,5094.0
2019-07-09 13:00:00,NSE:TDPOWERSYS,148.65,149.2,146.8,147.15,3583.0
2019-07-09 14:00:00,NSE:TDPOWERSYS,147.1,149.1,146.95,149.1,1285.0
2019-07-09 15:00:00,NSE:TDPOWERSYS,149.8,150.45,149.0,150.25,4106.0
2019-07-10 09:00:00,NSE:TDPOWERSYS,145.5,152.9,145.5,150.45,535.0
2019-07-10 10:00:00,NSE:TDPOWERSYS,152.0,152.8,152.0,152.8,851.0
2019-07-10 11:00:00,NSE:TDPOWERSYS,152.75,152.75,152.0,152.0,689.0
2019-07-10 12:00:00,NSE:TDPOWERSYS,152.0,152.0,150.3,152.0,539.0
2019-07-10 13:00:00,NSE:TDPOWERSYS,150.5,150.5,150.5,150.5,390.0
2019-07-10 14:00:00,NSE:TDPOWERSYS,151.0,152.0,150.5,152.0,259.0
2019-07-10 15:00:00,NSE:TDPOWERSYS,152.0,152.5,151.2,152.05,119.0
2019-07-11 09:00:00,NSE:TDPOWERSYS,150.1,152.65,148.55,150.35,507.0
2019-07-11 10:00:00,NSE:TDPOWERSYS,151.4,151.4,148.5,149.35,673.0
2019-07-11 11:00:00,NSE:TDPOWERSYS,149.3,150.45,149.0,150.45,158.0
2019-07-11 12:00:00,NSE:TDPOWERSYS,148.8,149.8,148.8,149.8,35.0
2019-07-11 13:00:00,NSE:TDPOWERSYS,149.05,149.55,149.05,149.55,102.0
2019-07-11 14:00:00,NSE:TDPOWERSYS,149.0,149.3,148.95,149.0,1759.0
2019-07-11 15:00:00,NSE:TDPOWERSYS,149.15,149.3,146.5,147.9,2452.0
2019-07-12 09:00:00,NSE:TDPOWERSYS,147.0,149.35,147.0,147.5,793.0
2019-07-12 10:00:00,NSE:TDPOWERSYS,147.5,148.75,147.0,148.75,931.0
2019-07-12 11:00:00,NSE:TDPOWERSYS,148.75,149.15,148.05,149.15,1032.0
2019-07-12 12:00:00,NSE:TDPOWERSYS,149.15,153.0,149.0,152.05,1886.0
2019-07-12 13:00:00,NSE:TDPOWERSYS,152.0,152.15,152.0,152.1,509.0
2019-07-12 14:00:00,NSE:TDPOWERSYS,152.05,152.05,150.0,150.05,1753.0
2019-07-12 15:00:00,NSE:TDPOWERSYS,150.0,150.95,148.9,149.65,887.0
2019-07-15 09:00:00,NSE:TDPOWERSYS,148.0,153.1,148.0,152.5,1396.0
2019-07-15 10:00:00,NSE:TDPOWERSYS,152.5,152.75,152.1,152.15,1828.0
2019-07-15 11:00:00,NSE:TDPOWERSYS,152.15,153.35,152.15,152.15,430.0
2019-07-15 12:00:00,NSE:TDPOWERSYS,152.15,152.15,152.15,152.15,24.0
2019-07-15 13:00:00,NSE:TDPOWERSYS,152.1,152.9,152.1,152.1,2321.0
2019-07-15 14:00:00,NSE:TDPOWERSYS,152.1,152.65,152.1,152.65,102.0
2019-07-15 15:00:00,NSE:TDPOWERSYS,152.55,153.35,152.2,153.35,250.0
2019-07-16 09:00:00,NSE:TDPOWERSYS,150.0,154.55,150.0,154.0,1056.0
2019-07-16 10:00:00,NSE:TDPOWERSYS,153.3,158.0,153.3,155.25,2925.0
2019-07-16 11:00:00,NSE:TDPOWERSYS,155.25,158.0,155.2,155.9,472.0
2019-07-16 12:00:00,NSE:TDPOWERSYS,155.7,155.7,155.25,155.25,26.0
2019-07-16 13:00:00,NSE:TDPOWERSYS,155.9,157.8,155.5,156.0,1089.0
2019-07-16 14:00:00,NSE:TDPOWERSYS,156.05,159.7,156.0,157.3,2290.0
2019-07-16 15:00:00,NSE:TDPOWERSYS,156.55,158.8,156.55,158.8,599.0
2019-07-17 09:00:00,NSE:TDPOWERSYS,159.0,159.95,158.95,159.95,597.0
2019-07-17 10:00:00,NSE:TDPOWERSYS,156.15,157.0,156.15,157.0,352.0
2019-07-17 11:00:00,NSE:TDPOWERSYS,157.85,157.85,157.05,157.05,1356.0
2019-07-17 12:00:00,NSE:TDPOWERSYS,157.05,160.0,157.0,158.25,5631.0
2019-07-17 13:00:00,NSE:TDPOWERSYS,158.1,158.1,157.5,157.5,1752.0
2019-07-17 14:00:00,NSE:TDPOWERSYS,157.5,159.4,157.5,158.35,2362.0
2019-07-17 15:00:00,NSE:TDPOWERSYS,158.0,158.9,158.0,158.0,2866.0
2019-07-18 09:00:00,NSE:TDPOWERSYS,157.9,159.65,157.9,158.8,971.0
2019-07-18 10:00:00,NSE:TDPOWERSYS,158.8,159.65,158.7,159.65,314.0
2019-07-18 11:00:00,NSE:TDPOWERSYS,158.65,159.45,158.65,159.45,49.0
2019-07-18 12:00:00,NSE:TDPOWERSYS,158.65,159.0,158.6,159.0,785.0
2019-07-18 13:00:00,NSE:TDPOWERSYS,159.0,159.0,158.6,158.6,1861.0
2019-07-18 14:00:00,NSE:TDPOWERSYS,159.0,159.0,158.6,158.6,2604.0
2019-07-18 15:00:00,NSE:TDPOWERSYS,158.6,159.0,158.6,158.6,2076.0
2019-07-19 09:00:00,NSE:TDPOWERSYS,162.0,162.0,159.0,159.3,346.0
2019-07-19 10:00:00,NSE:TDPOWERSYS,159.5,159.5,156.4,156.4,1121.0
2019-07-19 11:00:00,NSE:TDPOWERSYS,156.55,156.55,153.0,154.85,984.0
2019-07-19 12:00:00,NSE:TDPOWERSYS,155.0,155.0,153.05,154.0,908.0
2019-07-19 13:00:00,NSE:TDPOWERSYS,152.5,153.0,152.5,152.8,5764.0
2019-07-19 14:00:00,NSE:TDPOWERSYS,152.5,152.9,152.5,152.5,379.0
2019-07-19 15:00:00,NSE:TDPOWERSYS,152.5,152.85,152.5,152.65,896.0
2019-07-22 09:00:00,NSE:TDPOWERSYS,155.0,155.0,148.0,149.7,909.0
2019-07-22 10:00:00,NSE:TDPOWERSYS,149.7,149.7,148.0,148.0,1778.0
2019-07-22 11:00:00,NSE:TDPOWERSYS,148.05,149.7,148.05,148.3,481.0
2019-07-22 12:00:00,NSE:TDPOWERSYS,149.45,149.45,148.35,149.0,12.0
2019-07-22 13:00:00,NSE:TDPOWERSYS,148.5,149.95,148.0,148.45,1438.0
2019-07-22 14:00:00,NSE:TDPOWERSYS,150.0,151.95,148.5,149.55,1198.0
2019-07-22 15:00:00,NSE:TDPOWERSYS,149.5,153.0,148.6,149.65,1031.0
2019-07-23 09:00:00,NSE:TDPOWERSYS,148.1,150.55,148.1,150.35,233.0
2019-07-23 10:00:00,NSE:TDPOWERSYS,150.35,150.35,149.1,150.0,2972.0
2019-07-23 11:00:00,NSE:TDPOWERSYS,150.0,150.0,149.05,149.05,191.0
2019-07-23 12:00:00,NSE:TDPOWERSYS,149.8,150.0,148.2,150.0,2579.0
2019-07-23 13:00:00,NSE:TDPOWERSYS,149.0,149.2,148.35,149.0,187.0
2019-07-23 14:00:00,NSE:TDPOWERSYS,149.75,149.95,149.1,149.3,71.0
2019-07-23 15:00:00,NSE:TDPOWERSYS,149.0,149.95,148.0,148.2,2447.0
2019-07-24 09:00:00,NSE:TDPOWERSYS,148.1,151.0,148.1,150.3,1430.0
2019-07-24 10:00:00,NSE:TDPOWERSYS,150.3,150.8,150.3,150.35,190.0
2019-07-24 11:00:00,NSE:TDPOWERSYS,150.0,150.0,149.9,149.9,5243.0
2019-07-24 12:00:00,NSE:TDPOWERSYS,150.0,150.0,149.9,149.9,320.0
2019-07-24 13:00:00,NSE:TDPOWERSYS,150.0,150.0,150.0,150.0,99.0
2019-07-24 14:00:00,NSE:TDPOWERSYS,150.0,150.0,149.95,150.0,78.0
2019-07-24 15:00:00,NSE:TDPOWERSYS,149.95,150.25,149.9,149.9,2405.0
2019-07-25 09:00:00,NSE:TDPOWERSYS,148.1,149.0,143.3,147.15,2594.0
2019-07-25 10:00:00,NSE:TDPOWERSYS,147.95,149.65,147.95,149.05,3295.0
2019-07-25 11:00:00,NSE:TDPOWERSYS,149.25,150.05,149.1,149.9,7021.0
2019-07-25 12:00:00,NSE:TDPOWERSYS,149.8,149.8,147.75,147.8,10035.0
2019-07-25 13:00:00,NSE:TDPOWERSYS,148.75,148.75,148.7,148.7,261.0
2019-07-25 14:00:00,NSE:TDPOWERSYS,147.75,147.8,146.45,147.5,1903.0
2019-07-25 15:00:00,NSE:TDPOWERSYS,147.5,151.15,146.55,146.6,2398.0
2019-07-26 09:00:00,NSE:TDPOWERSYS,147.8,148.55,146.15,147.9,1017.0
2019-07-26 10:00:00,NSE:TDPOWERSYS,146.9,148.35,146.9,148.35,948.0
2019-07-26 11:00:00,NSE:TDPOWERSYS,147.85,147.85,147.85,147.85,150.0
2019-07-26 12:00:00,NSE:TDPOWERSYS,147.85,148.5,147.85,148.05,491.0
2019-07-26 13:00:00,NSE:TDPOWERSYS,147.7,147.7,147.35,147.35,14.0
2019-07-26 14:00:00,NSE:TDPOWERSYS,147.0,147.7,146.1,147.7,1057.0
2019-07-26 15:00:00,NSE:TDPOWERSYS,147.45,147.7,147.0,147.0,909.0
2019-07-29 09:00:00,NSE:TDPOWERSYS,143.0,149.25,141.25,148.0,1486.0
2019-07-29 10:00:00,NSE:TDPOWERSYS,148.85,148.85,148.05,148.05,14.0
2019-07-29 11:00:00,NSE:TDPOWERSYS,148.0,148.05,148.0,148.0,861.0
2019-07-29 12:00:00,NSE:TDPOWERSYS,148.0,148.3,148.0,148.1,553.0
2019-07-29 13:00:00,NSE:TDPOWERSYS,148.0,149.35,148.0,149.35,6245.0
2019-07-29 14:00:00,NSE:TDPOWERSYS,149.05,149.05,146.45,146.5,697.0
2019-07-29 15:00:00,NSE:TDPOWERSYS,146.5,146.5,144.1,146.4,2397.0
2019-07-30 09:00:00,NSE:TDPOWERSYS,143.8,148.05,143.8,146.45,158.0
2019-07-30 10:00:00,NSE:TDPOWERSYS,146.1,146.55,145.5,146.55,911.0
2019-07-30 12:00:00,NSE:TDPOWERSYS,145.05,146.35,145.05,146.35,1773.0
2019-07-30 13:00:00,NSE:TDPOWERSYS,145.5,145.5,145.05,145.05,227.0
2019-07-30 14:00:00,NSE:TDPOWERSYS,146.0,146.0,144.45,144.75,2115.0
2019-07-30 15:00:00,NSE:TDPOWERSYS,144.4,145.35,143.3,143.3,1667.0
2019-07-31 09:00:00,NSE:TDPOWERSYS,143.8,144.15,142.1,143.25,917.0
2019-07-31 10:00:00,NSE:TDPOWERSYS,143.25,144.1,143.0,143.3,1869.0
2019-07-31 11:00:00,NSE:TDPOWERSYS,143.25,145.5,143.25,145.5,5134.0
2019-07-31 12:00:00,NSE:TDPOWERSYS,144.5,144.5,143.25,143.25,256.0
2019-07-31 13:00:00,NSE:TDPOWERSYS,143.2,145.0,143.2,145.0,1285.0
2019-07-31 14:00:00,NSE:TDPOWERSYS,144.2,145.0,144.2,145.0,323.0
2019-07-31 15:00:00,NSE:TDPOWERSYS,145.5,148.8,145.5,148.0,417.0
2019-08-01 09:00:00,NSE:TDPOWERSYS,146.1,152.7,146.1,146.5,1918.0
2019-08-01 10:00:00,NSE:TDPOWERSYS,146.2,147.15,146.0,146.0,138.0
2019-08-01 11:00:00,NSE:TDPOWERSYS,145.15,146.45,144.5,144.7,879.0
2019-08-01 12:00:00,NSE:TDPOWERSYS,144.7,144.7,144.0,144.0,1959.0
2019-08-01 13:00:00,NSE:TDPOWERSYS,144.0,144.0,144.0,144.0,504.0
2019-08-01 14:00:00,NSE:TDPOWERSYS,144.0,144.05,143.15,143.15,3085.0
2019-08-01 15:00:00,NSE:TDPOWERSYS,143.55,145.5,143.25,144.0,1288.0
2019-08-02 09:00:00,NSE:TDPOWERSYS,143.1,149.0,143.1,145.05,2796.0
2019-08-02 10:00:00,NSE:TDPOWERSYS,146.0,146.0,146.0,146.0,300.0
2019-08-02 11:00:00,NSE:TDPOWERSYS,145.85,146.0,145.85,146.0,997.0
2019-08-02 12:00:00,NSE:TDPOWERSYS,146.0,146.0,146.0,146.0,35.0
2019-08-02 13:00:00,NSE:TDPOWERSYS,145.0,145.0,144.3,145.0,289.0
2019-08-02 14:00:00,NSE:TDPOWERSYS,146.0,146.5,145.3,146.45,502.0
2019-08-02 15:00:00,NSE:TDPOWERSYS,145.35,150.0,145.35,147.85,482.0
2019-08-05 09:00:00,NSE:TDPOWERSYS,144.1,144.15,135.85,137.5,6512.0
2019-08-05 10:00:00,NSE:TDPOWERSYS,138.0,139.5,136.85,139.05,1401.0
2019-08-05 11:00:00,NSE:TDPOWERSYS,139.05,140.55,136.5,138.3,844.0
2019-08-05 12:00:00,NSE:TDPOWERSYS,138.3,138.5,136.95,136.95,1830.0
2019-08-05 13:00:00,NSE:TDPOWERSYS,137.0,138.5,137.0,138.5,3152.0
2019-08-05 14:00:00,NSE:TDPOWERSYS,137.15,139.0,137.05,138.3,3290.0
2019-08-05 15:00:00,NSE:TDPOWERSYS,137.8,137.95,135.0,136.9,4294.0
2019-08-06 09:00:00,NSE:TDPOWERSYS,135.1,140.0,135.1,138.0,825.0
2019-08-06 10:00:00,NSE:TDPOWERSYS,139.55,142.7,139.55,141.55,556.0
2019-08-06 11:00:00,NSE:TDPOWERSYS,140.25,140.25,140.1,140.1,84.0
2019-08-06 12:00:00,NSE:TDPOWERSYS,141.45,141.45,141.4,141.4,21.0
2019-08-06 13:00:00,NSE:TDPOWERSYS,140.0,142.15,140.0,140.0,708.0
2019-08-06 14:00:00,NSE:TDPOWERSYS,139.0,141.05,138.5,140.0,3444.0
2019-08-06 15:00:00,NSE:TDPOWERSYS,140.1,140.9,139.5,139.5,348.0
2019-08-07 09:00:00,NSE:TDPOWERSYS,141.05,142.0,140.25,141.65,688.0
2019-08-07 10:00:00,NSE:TDPOWERSYS,139.4,141.3,139.4,141.1,167.0
2019-08-07 11:00:00,NSE:TDPOWERSYS,140.0,140.9,140.0,140.9,603.0
2019-08-07 12:00:00,NSE:TDPOWERSYS,140.15,140.15,140.05,140.05,12.0
2019-08-07 13:00:00,NSE:TDPOWERSYS,140.05,140.45,137.5,138.35,1833.0
2019-08-07 14:00:00,NSE:TDPOWERSYS,137.5,137.5,137.0,137.5,506.0
2019-08-07 15:00:00,NSE:TDPOWERSYS,137.0,137.5,136.55,137.0,1210.0
2019-08-08 09:00:00,NSE:TDPOWERSYS,137.15,138.9,137.15,138.9,209.0
2019-08-08 10:00:00,NSE:TDPOWERSYS,137.5,137.5,137.5,137.5,65.0
2019-08-08 11:00:00,NSE:TDPOWERSYS,138.5,138.6,138.5,138.5,485.0
2019-08-08 12:00:00,NSE:TDPOWERSYS,138.6,138.6,138.5,138.5,55.0
2019-08-08 14:00:00,NSE:TDPOWERSYS,138.5,139.1,137.1,139.1,953.0
2019-08-08 15:00:00,NSE:TDPOWERSYS,137.85,138.95,137.7,137.95,516.0
2019-08-09 09:00:00,NSE:TDPOWERSYS,138.95,141.95,138.95,140.55,301.0
2019-08-09 10:00:00,NSE:TDPOWERSYS,140.55,140.95,140.05,140.95,500.0
2019-08-09 11:00:00,NSE:TDPOWERSYS,139.25,139.85,138.0,139.0,3368.0
2019-08-09 12:00:00,NSE:TDPOWERSYS,139.0,140.05,138.75,138.9,1981.0
2019-08-09 13:00:00,NSE:TDPOWERSYS,138.0,139.0,137.8,138.3,2779.0
2019-08-09 14:00:00,NSE:TDPOWERSYS,138.3,138.3,137.5,137.95,696.0
2019-08-09 15:00:00,NSE:TDPOWERSYS,137.5,137.5,137.0,137.0,1524.0
2019-08-13 09:00:00,NSE:TDPOWERSYS,140.0,140.0,136.6,136.6,1693.0
2019-08-13 10:00:00,NSE:TDPOWERSYS,137.35,137.45,137.35,137.45,20.0
2019-08-13 11:00:00,NSE:TDPOWERSYS,136.4,136.4,136.2,136.2,1032.0
2019-08-13 12:00:00,NSE:TDPOWERSYS,136.3,136.85,136.3,136.85,128.0
2019-08-13 13:00:00,NSE:TDPOWERSYS,136.55,136.55,135.85,136.45,913.0
2019-08-13 14:00:00,NSE:TDPOWERSYS,136.5,136.5,135.65,135.65,1103.0
2019-08-13 15:00:00,NSE:TDPOWERSYS,135.1,135.1,133.75,134.65,2039.0
2019-08-14 09:00:00,NSE:TDPOWERSYS,134.9,135.5,134.3,134.3,7967.0
2019-08-14 10:00:00,NSE:TDPOWERSYS,134.3,134.5,134.3,134.5,2755.0
2019-08-14 11:00:00,NSE:TDPOWERSYS,134.5,135.0,133.75,134.7,1023.0
2019-08-14 12:00:00,NSE:TDPOWERSYS,134.0,134.25,133.5,134.2,2213.0
2019-08-14 13:00:00,NSE:TDPOWERSYS,134.0,134.05,133.75,133.75,3545.0
2019-08-14 14:00:00,NSE:TDPOWERSYS,134.0,134.2,133.5,133.5,20283.0
2019-08-14 15:00:00,NSE:TDPOWERSYS,133.85,139.0,133.5,139.0,747.0
2019-08-16 09:00:00,NSE:TDPOWERSYS,134.0,135.0,131.45,133.5,4139.0
2019-08-16 10:00:00,NSE:TDPOWERSYS,130.25,132.75,130.25,132.65,1414.0
2019-08-16 11:00:00,NSE:TDPOWERSYS,130.35,132.5,130.35,131.25,255.0
2019-08-16 12:00:00,NSE:TDPOWERSYS,131.7,132.65,131.45,132.6,250.0
2019-08-16 13:00:00,NSE:TDPOWERSYS,131.0,132.45,131.0,131.7,1221.0
2019-08-16 14:00:00,NSE:TDPOWERSYS,130.0,131.45,129.75,130.35,8909.0
2019-08-16 15:00:00,NSE:TDPOWERSYS,129.85,130.0,129.3,129.5,7890.0
2019-08-19 09:00:00,NSE:TDPOWERSYS,130.1,132.95,130.0,131.0,7246.0
2019-08-19 10:00:00,NSE:TDPOWERSYS,130.4,131.0,130.4,130.45,445.0
2019-08-19 11:00:00,NSE:TDPOWERSYS,131.0,131.9,131.0,131.1,4538.0
2019-08-19 12:00:00,NSE:TDPOWERSYS,130.7,130.75,130.5,130.5,515.0
2019-08-19 13:00:00,NSE:TDPOWERSYS,130.5,131.0,130.5,131.0,2150.0
2019-08-19 14:00:00,NSE:TDPOWERSYS,130.5,131.0,130.4,130.4,727.0
2019-08-19 15:00:00,NSE:TDPOWERSYS,131.0,131.0,130.0,130.0,5136.0
2019-08-20 09:00:00,NSE:TDPOWERSYS,132.95,132.95,130.9,130.9,1379.0
2019-08-20 11:00:00,NSE:TDPOWERSYS,130.85,130.95,130.75,130.75,540.0
2019-08-20 13:00:00,NSE:TDPOWERSYS,130.75,130.75,130.75,130.75,35.0
2019-08-20 14:00:00,NSE:TDPOWERSYS,130.8,130.8,130.5,130.5,1146.0
2019-08-20 15:00:00,NSE:TDPOWERSYS,130.5,130.5,130.0,130.0,1858.0
2019-08-21 09:00:00,NSE:TDPOWERSYS,131.0,131.0,130.8,130.8,687.0
2019-08-21 10:00:00,NSE:TDPOWERSYS,130.7,130.7,130.5,130.5,890.0
2019-08-21 11:00:00,NSE:TDPOWERSYS,130.4,130.4,130.4,130.4,185.0
2019-08-21 14:00:00,NSE:TDPOWERSYS,130.2,130.95,130.1,130.95,1198.0
2019-08-21 15:00:00,NSE:TDPOWERSYS,130.3,130.9,129.9,130.0,34533.0
2019-08-22 09:00:00,NSE:TDPOWERSYS,131.0,131.0,130.1,130.1,1025.0
2019-08-22 10:00:00,NSE:TDPOWERSYS,130.05,130.45,130.0,130.0,1211.0
2019-08-22 11:00:00,NSE:TDPOWERSYS,130.0,130.1,129.25,130.0,2548.0
2019-08-22 12:00:00,NSE:TDPOWERSYS,130.1,130.1,130.1,130.1,60.0
2019-08-22 13:00:00,NSE:TDPOWERSYS,130.45,130.5,130.15,130.15,474.0
2019-08-22 14:00:00,NSE:TDPOWERSYS,130.0,130.0,128.95,129.95,1568.0
2019-08-22 15:00:00,NSE:TDPOWERSYS,130.0,130.55,130.0,130.3,189.0
2019-08-23 09:00:00,NSE:TDPOWERSYS,131.05,131.05,129.95,129.95,2436.0
2019-08-23 10:00:00,NSE:TDPOWERSYS,130.0,135.0,130.0,134.5,490.0
2019-08-23 11:00:00,NSE:TDPOWERSYS,134.1,134.9,132.2,134.1,264.0
2019-08-23 12:00:00,NSE:TDPOWERSYS,134.9,135.0,133.5,133.5,604.0
2019-08-23 13:00:00,NSE:TDPOWERSYS,135.0,136.0,134.05,134.1,504.0
2019-08-23 14:00:00,NSE:TDPOWERSYS,135.45,136.7,130.05,130.1,1996.0
2019-08-23 15:00:00,NSE:TDPOWERSYS,131.45,134.9,130.0,131.05,1478.0
2019-08-26 09:00:00,NSE:TDPOWERSYS,137.7,138.2,132.35,137.35,1742.0
2019-08-26 10:00:00,NSE:TDPOWERSYS,137.45,137.45,131.0,133.75,927.0
2019-08-26 11:00:00,NSE:TDPOWERSYS,133.7,133.7,132.85,132.85,111.0
2019-08-26 12:00:00,NSE:TDPOWERSYS,132.85,132.85,132.05,132.65,44.0
2019-08-26 13:00:00,NSE:TDPOWERSYS,133.0,133.25,130.85,132.4,838.0
2019-08-26 14:00:00,NSE:TDPOWERSYS,132.4,133.0,131.0,132.95,1435.0
2019-08-26 15:00:00,NSE:TDPOWERSYS,131.9,133.4,131.0,131.35,914.0
2019-08-27 09:00:00,NSE:TDPOWERSYS,140.0,140.0,134.65,134.65,666.0
2019-08-27 10:00:00,NSE:TDPOWERSYS,135.0,135.5,134.1,135.0,2827.0
2019-08-27 11:00:00,NSE:TDPOWERSYS,135.0,135.95,134.95,135.95,3071.0
2019-08-27 12:00:00,NSE:TDPOWERSYS,134.05,135.05,131.85,132.0,2543.0
2019-08-27 13:00:00,NSE:TDPOWERSYS,132.0,134.5,132.0,134.0,4855.0
2019-08-27 14:00:00,NSE:TDPOWERSYS,133.1,133.1,131.1,132.55,1473.0
2019-08-27 15:00:00,NSE:TDPOWERSYS,131.65,132.3,131.15,131.25,215.0
2019-08-28 09:00:00,NSE:TDPOWERSYS,133.95,134.0,133.0,133.35,47.0
2019-08-28 10:00:00,NSE:TDPOWERSYS,133.0,136.85,131.45,134.35,1351.0
2019-08-28 11:00:00,NSE:TDPOWERSYS,134.35,134.35,133.45,133.45,221.0
2019-08-28 12:00:00,NSE:TDPOWERSYS,133.45,134.35,131.1,134.35,1738.0
2019-08-28 13:00:00,NSE:TDPOWERSYS,133.3,135.15,133.2,135.0,751.0
2019-08-28 14:00:00,NSE:TDPOWERSYS,133.3,135.0,133.3,134.75,242.0
2019-08-28 15:00:00,NSE:TDPOWERSYS,134.45,140.0,133.0,136.0,1199.0
2019-08-29 09:00:00,NSE:TDPOWERSYS,138.95,138.95,134.15,134.15,637.0
2019-08-29 10:00:00,NSE:TDPOWERSYS,134.1,134.5,134.1,134.5,106.0
2019-08-29 11:00:00,NSE:TDPOWERSYS,134.1,134.1,132.5,132.5,188.0
2019-08-29 12:00:00,NSE:TDPOWERSYS,132.8,132.8,132.25,132.25,13.0
2019-08-29 13:00:00,NSE:TDPOWERSYS,132.1,132.7,132.1,132.7,21.0
2019-08-29 14:00:00,NSE:TDPOWERSYS,132.8,132.8,132.15,132.45,35.0
2019-08-29 15:00:00,NSE:TDPOWERSYS,132.2,132.2,132.1,132.15,90.0
2019-08-30 09:00:00,NSE:TDPOWERSYS,131.35,132.85,131.3,131.4,457.0
2019-08-30 10:00:00,NSE:TDPOWERSYS,131.55,133.55,130.85,132.7,866.0
2019-08-30 11:00:00,NSE:TDPOWERSYS,132.0,132.35,131.1,132.35,196.0
2019-08-30 12:00:00,NSE:TDPOWERSYS,132.3,132.9,132.0,132.0,105.0
2019-08-30 13:00:00,NSE:TDPOWERSYS,132.25,134.0,131.0,133.75,1478.0
2019-08-30 14:00:00,NSE:TDPOWERSYS,133.95,134.1,131.5,133.95,1467.0
2019-08-30 15:00:00,NSE:TDPOWERSYS,132.7,136.0,132.5,134.0,3931.0
2019-09-03 09:00:00,NSE:TDPOWERSYS,132.2,132.2,132.1,132.1,200.0
2019-09-03 10:00:00,NSE:TDPOWERSYS,133.9,133.9,131.1,133.0,242.0
2019-09-03 11:00:00,NSE:TDPOWERSYS,133.7,133.7,133.7,133.7,7.0
2019-09-03 12:00:00,NSE:TDPOWERSYS,132.5,133.25,131.15,133.1,148.0
2019-09-03 13:00:00,NSE:TDPOWERSYS,131.1,132.95,131.0,131.0,658.0
2019-09-03 14:00:00,NSE:TDPOWERSYS,131.5,131.95,131.0,131.0,141.0
2019-09-03 15:00:00,NSE:TDPOWERSYS,130.6,131.45,128.05,130.05,2042.0
2019-09-04 10:00:00,NSE:TDPOWERSYS,131.5,131.5,131.5,131.5,112.0
2019-09-04 11:00:00,NSE:TDPOWERSYS,132.85,133.0,132.85,133.0,243.0
2019-09-04 12:00:00,NSE:TDPOWERSYS,133.0,133.05,133.0,133.0,288.0
2019-09-04 13:00:00,NSE:TDPOWERSYS,133.6,134.85,133.25,134.85,84.0
2019-09-04 14:00:00,NSE:TDPOWERSYS,135.0,136.8,133.25,135.0,821.0
2019-09-04 15:00:00,NSE:TDPOWERSYS,135.0,135.0,134.95,135.0,7962.0
2019-09-05 09:00:00,NSE:TDPOWERSYS,136.9,139.0,133.3,137.1,934.0
2019-09-05 10:00:00,NSE:TDPOWERSYS,137.1,137.1,133.25,133.4,887.0
2019-09-05 12:00:00,NSE:TDPOWERSYS,133.25,135.0,133.25,133.3,284.0
2019-09-05 13:00:00,NSE:TDPOWERSYS,135.05,135.05,133.3,133.3,3.0
2019-09-05 14:00:00,NSE:TDPOWERSYS,135.0,135.0,133.15,133.2,156.0
2019-09-05 15:00:00,NSE:TDPOWERSYS,135.1,135.25,132.8,135.25,29360.0
2019-09-06 09:00:00,NSE:TDPOWERSYS,135.25,135.25,135.25,135.25,10.0
2019-09-06 10:00:00,NSE:TDPOWERSYS,136.95,136.95,131.0,133.7,2833.0
2019-09-06 11:00:00,NSE:TDPOWERSYS,133.65,133.65,133.0,133.0,14.0
2019-09-06 12:00:00,NSE:TDPOWERSYS,132.45,132.65,132.45,132.65,44.0
2019-09-06 13:00:00,NSE:TDPOWERSYS,132.45,133.15,132.0,133.15,267.0
2019-09-06 14:00:00,NSE:TDPOWERSYS,132.95,132.95,132.55,132.55,18.0
2019-09-06 15:00:00,NSE:TDPOWERSYS,132.5,134.5,131.5,133.7,3509.0
2019-09-09 09:00:00,NSE:TDPOWERSYS,133.15,140.45,132.45,134.05,1531.0
2019-09-09 10:00:00,NSE:TDPOWERSYS,136.5,136.5,133.0,135.5,234.0
2019-09-09 11:00:00,NSE:TDPOWERSYS,135.5,135.5,133.5,135.5,110.0
2019-09-09 12:00:00,NSE:TDPOWERSYS,132.55,135.3,132.55,132.65,515.0
2019-09-09 13:00:00,NSE:TDPOWERSYS,132.65,134.7,131.0,134.7,1787.0
2019-09-09 14:00:00,NSE:TDPOWERSYS,133.9,134.0,133.9,134.0,258.0
2019-09-09 15:00:00,NSE:TDPOWERSYS,132.8,136.1,132.05,135.4,2955.0
2019-09-11 09:00:00,NSE:TDPOWERSYS,136.9,140.0,136.25,136.25,784.0
2019-09-11 10:00:00,NSE:TDPOWERSYS,137.8,138.1,136.3,138.0,760.0
2019-09-11 11:00:00,NSE:TDPOWERSYS,138.05,138.05,138.0,138.0,20.0
2019-09-11 12:00:00,NSE:TDPOWERSYS,138.0,138.0,138.0,138.0,186.0
2019-09-11 13:00:00,NSE:TDPOWERSYS,138.0,138.05,138.0,138.05,542.0
2019-09-11 14:00:00,NSE:TDPOWERSYS,138.05,138.05,138.05,138.05,51.0
2019-09-11 15:00:00,NSE:TDPOWERSYS,138.0,140.5,138.0,140.0,4275.0
2019-09-12 09:00:00,NSE:TDPOWERSYS,137.1,144.55,137.1,144.55,2560.0
2019-09-12 10:00:00,NSE:TDPOWERSYS,144.0,144.65,144.0,144.0,9973.0
2019-09-12 11:00:00,NSE:TDPOWERSYS,144.0,144.0,144.0,144.0,5010.0
2019-09-12 12:00:00,NSE:TDPOWERSYS,144.0,144.0,140.55,140.55,15585.0
2019-09-12 13:00:00,NSE:TDPOWERSYS,140.95,141.95,140.0,141.05,4043.0
2019-09-12 14:00:00,NSE:TDPOWERSYS,141.05,142.3,138.0,141.0,3055.0
2019-09-12 15:00:00,NSE:TDPOWERSYS,141.0,141.1,138.0,140.25,9443.0
2019-09-13 09:00:00,NSE:TDPOWERSYS,140.0,141.0,139.75,139.75,50003.0
2019-09-13 10:00:00,NSE:TDPOWERSYS,140.85,141.0,140.85,141.0,9.0
2019-09-13 11:00:00,NSE:TDPOWERSYS,141.0,141.0,140.85,140.85,207.0
2019-09-13 13:00:00,NSE:TDPOWERSYS,140.85,140.85,140.0,140.0,100.0
2019-09-13 14:00:00,NSE:TDPOWERSYS,140.0,140.0,139.05,139.15,1919.0
2019-09-13 15:00:00,NSE:TDPOWERSYS,140.0,142.55,139.15,139.3,741.0
2019-09-16 09:00:00,NSE:TDPOWERSYS,140.0,143.5,140.0,141.1,41269.0
2019-09-16 10:00:00,NSE:TDPOWERSYS,141.0,147.95,141.0,146.7,29309.0
2019-09-16 11:00:00,NSE:TDPOWERSYS,145.45,146.7,145.1,145.1,341.0
2019-09-16 12:00:00,NSE:TDPOWERSYS,145.1,145.1,144.15,144.5,668.0
2019-09-16 13:00:00,NSE:TDPOWERSYS,144.1,145.35,143.95,144.55,1133.0
2019-09-16 14:00:00,NSE:TDPOWERSYS,143.9,144.5,143.85,144.5,9.0
2019-09-16 15:00:00,NSE:TDPOWERSYS,144.0,146.0,143.6,144.5,1865.0
2019-09-17 09:00:00,NSE:TDPOWERSYS,146.8,147.7,144.55,146.6,34321.0
2019-09-17 10:00:00,NSE:TDPOWERSYS,147.15,147.55,146.55,146.7,733.0
2019-09-17 11:00:00,NSE:TDPOWERSYS,147.35,147.4,146.25,146.45,609.0
2019-09-17 12:00:00,NSE:TDPOWERSYS,146.45,146.5,143.7,145.15,7482.0
2019-09-17 13:00:00,NSE:TDPOWERSYS,145.3,145.3,143.25,144.0,1535.0
2019-09-17 14:00:00,NSE:TDPOWERSYS,145.35,146.0,143.0,143.0,1353.0
2019-09-17 15:00:00,NSE:TDPOWERSYS,143.0,145.95,141.8,145.95,1885.0
2019-09-18 09:00:00,NSE:TDPOWERSYS,146.5,147.4,143.45,143.45,26811.0
2019-09-18 10:00:00,NSE:TDPOWERSYS,144.0,144.95,142.15,144.95,1999.0
2019-09-18 11:00:00,NSE:TDPOWERSYS,144.0,144.0,144.0,144.0,214.0
2019-09-18 12:00:00,NSE:TDPOWERSYS,144.0,144.0,144.0,144.0,34.0
2019-09-18 13:00:00,NSE:TDPOWERSYS,144.0,144.0,144.0,144.0,98.0
2019-09-18 15:00:00,NSE:TDPOWERSYS,144.05,144.05,143.5,144.0,3075.0
2019-09-19 09:00:00,NSE:TDPOWERSYS,144.0,144.85,143.45,144.0,1316.0
2019-09-19 10:00:00,NSE:TDPOWERSYS,143.1,144.05,143.05,144.05,1479.0
2019-09-19 11:00:00,NSE:TDPOWERSYS,144.0,144.0,143.3,143.3,1106.0
2019-09-19 12:00:00,NSE:TDPOWERSYS,143.35,144.0,143.3,143.3,154.0
2019-09-19 13:00:00,NSE:TDPOWERSYS,143.3,144.05,142.9,143.15,1803.0
2019-09-19 14:00:00,NSE:TDPOWERSYS,144.0,145.0,143.2,144.15,136.0
2019-09-19 15:00:00,NSE:TDPOWERSYS,144.2,147.0,144.05,145.4,13697.0
2019-09-20 09:00:00,NSE:TDPOWERSYS,144.5,149.0,144.5,144.5,1805.0
2019-09-20 10:00:00,NSE:TDPOWERSYS,144.5,146.15,144.2,146.15,4321.0
2019-09-20 11:00:00,NSE:TDPOWERSYS,147.0,148.0,142.85,146.1,22498.0
2019-09-20 12:00:00,NSE:TDPOWERSYS,144.5,147.95,144.5,147.95,2667.0
2019-09-20 13:00:00,NSE:TDPOWERSYS,147.15,149.0,147.15,147.95,372.0
2019-09-20 14:00:00,NSE:TDPOWERSYS,147.95,148.5,147.2,147.35,1886.0
2019-09-20 15:00:00,NSE:TDPOWERSYS,147.2,149.0,147.2,149.0,7787.0
2019-09-23 09:00:00,NSE:TDPOWERSYS,152.35,152.35,148.45,149.95,1351.0
2019-09-23 10:00:00,NSE:TDPOWERSYS,149.95,150.0,147.65,147.65,1155.0
2019-09-23 11:00:00,NSE:TDPOWERSYS,149.9,150.5,148.0,149.3,3107.0
2019-09-23 12:00:00,NSE:TDPOWERSYS,150.75,151.0,149.85,149.85,884.0
2019-09-23 13:00:00,NSE:TDPOWERSYS,149.5,158.0,149.0,153.0,11066.0
2019-09-23 14:00:00,NSE:TDPOWERSYS,151.95,153.0,149.45,152.0,1863.0
2019-09-23 15:00:00,NSE:TDPOWERSYS,150.2,150.95,150.0,150.0,2235.0
2019-09-24 09:00:00,NSE:TDPOWERSYS,149.1,153.55,149.1,151.5,8722.0
2019-09-24 10:00:00,NSE:TDPOWERSYS,153.0,153.0,150.3,152.35,556.0
2019-09-24 11:00:00,NSE:TDPOWERSYS,150.25,151.95,150.25,151.85,1063.0
2019-09-24 12:00:00,NSE:TDPOWERSYS,151.9,151.9,150.25,150.25,275.0
2019-09-24 13:00:00,NSE:TDPOWERSYS,150.25,150.95,149.25,150.95,4472.0
2019-09-24 14:00:00,NSE:TDPOWERSYS,151.0,151.0,150.05,150.2,170.0
2019-09-24 15:00:00,NSE:TDPOWERSYS,152.35,153.0,150.55,153.0,3357.0
2019-09-25 09:00:00,NSE:TDPOWERSYS,151.5,151.5,148.0,148.0,944.0
2019-09-25 10:00:00,NSE:TDPOWERSYS,148.0,150.35,147.1,150.15,2436.0
2019-09-25 11:00:00,NSE:TDPOWERSYS,150.0,151.5,149.95,151.5,496.0
2019-09-25 12:00:00,NSE:TDPOWERSYS,151.5,152.5,149.65,152.5,7905.0
2019-09-25 13:00:00,NSE:TDPOWERSYS,150.75,150.75,150.0,150.0,210.0
2019-09-25 14:00:00,NSE:TDPOWERSYS,150.0,150.75,149.25,150.75,94.0
2019-09-25 15:00:00,NSE:TDPOWERSYS,150.75,152.35,150.75,152.0,893.0
2019-09-26 09:00:00,NSE:TDPOWERSYS,154.05,154.05,149.45,151.15,4369.0
2019-09-26 10:00:00,NSE:TDPOWERSYS,150.1,150.15,150.1,150.15,580.0
2019-09-26 11:00:00,NSE:TDPOWERSYS,150.0,152.4,149.35,150.05,10801.0
2019-09-26 12:00:00,NSE:TDPOWERSYS,150.0,150.0,148.85,150.0,463.0
2019-09-26 14:00:00,NSE:TDPOWERSYS,149.75,149.75,149.05,149.05,29.0
2019-09-26 15:00:00,NSE:TDPOWERSYS,148.65,150.9,148.6,150.9,236.0
2019-09-27 09:00:00,NSE:TDPOWERSYS,151.5,151.85,150.05,150.05,2520.0
2019-09-27 10:00:00,NSE:TDPOWERSYS,150.05,150.05,150.0,150.0,53.0
2019-09-27 11:00:00,NSE:TDPOWERSYS,150.0,150.0,148.85,150.0,415.0
2019-09-27 12:00:00,NSE:TDPOWERSYS,150.0,150.0,149.7,150.0,525.0
2019-09-27 13:00:00,NSE:TDPOWERSYS,150.05,150.5,150.0,150.1,1067.0
2019-09-27 14:00:00,NSE:TDPOWERSYS,149.95,150.05,149.95,149.95,1111.0
2019-09-27 15:00:00,NSE:TDPOWERSYS,150.0,150.35,148.35,150.0,434.0
2019-09-30 09:00:00,NSE:TDPOWERSYS,152.0,152.0,148.2,150.0,4132.0
2019-09-30 10:00:00,NSE:TDPOWERSYS,150.0,150.25,149.95,150.0,11433.0
2019-09-30 11:00:00,NSE:TDPOWERSYS,150.0,150.25,149.1,149.1,4681.0
2019-09-30 12:00:00,NSE:TDPOWERSYS,149.95,150.25,149.95,150.0,4625.0
2019-09-30 13:00:00,NSE:TDPOWERSYS,150.0,151.15,150.0,150.05,1506.0
2019-09-30 14:00:00,NSE:TDPOWERSYS,150.7,150.7,150.1,150.1,601.0
2019-09-30 15:00:00,NSE:TDPOWERSYS,150.05,151.0,148.1,149.95,3648.0
2019-10-01 09:00:00,NSE:TDPOWERSYS,150.85,150.85,150.7,150.7,80.0
2019-10-01 10:00:00,NSE:TDPOWERSYS,150.05,150.05,148.1,150.0,755.0
2019-10-01 11:00:00,NSE:TDPOWERSYS,150.0,150.0,148.3,150.0,3315.0
2019-10-01 12:00:00,NSE:TDPOWERSYS,148.7,150.0,148.1,150.0,215.0
2019-10-01 13:00:00,NSE:TDPOWERSYS,150.0,150.0,148.25,150.0,7313.0
2019-10-01 14:00:00,NSE:TDPOWERSYS,150.0,150.0,149.5,150.0,14200.0
2019-10-01 15:00:00,NSE:TDPOWERSYS,148.7,150.0,148.15,150.0,179.0
2019-10-03 09:00:00,NSE:TDPOWERSYS,148.25,153.25,148.25,150.05,612.0
2019-10-03 10:00:00,NSE:TDPOWERSYS,150.0,150.0,149.9,150.0,250.0
2019-10-03 11:00:00,NSE:TDPOWERSYS,150.0,150.5,150.0,150.5,574.0
2019-10-03 13:00:00,NSE:TDPOWERSYS,149.25,150.0,147.75,150.0,1861.0
2019-10-03 14:00:00,NSE:TDPOWERSYS,150.0,150.0,149.0,149.0,1024.0
2019-10-03 15:00:00,NSE:TDPOWERSYS,148.85,150.5,148.15,148.15,1486.0
2019-10-04 09:00:00,NSE:TDPOWERSYS,150.0,152.4,149.1,149.95,211.0
2019-10-04 10:00:00,NSE:TDPOWERSYS,150.0,150.0,149.1,149.15,1158.0
2019-10-04 11:00:00,NSE:TDPOWERSYS,149.15,150.0,149.15,150.0,922.0
2019-10-04 12:00:00,NSE:TDPOWERSYS,150.0,150.0,150.0,150.0,35.0
2019-10-04 13:00:00,NSE:TDPOWERSYS,150.0,150.0,149.2,150.0,1590.0
2019-10-04 14:00:00,NSE:TDPOWERSYS,150.0,150.0,148.0,148.6,2718.0
2019-10-04 15:00:00,NSE:TDPOWERSYS,148.55,150.5,148.45,150.5,534.0
2019-10-07 09:00:00,NSE:TDPOWERSYS,149.45,150.45,148.0,150.0,5177.0
2019-10-07 10:00:00,NSE:TDPOWERSYS,150.0,150.3,149.0,150.0,6379.0
2019-10-07 11:00:00,NSE:TDPOWERSYS,150.0,150.25,147.85,150.25,2725.0
2019-10-07 12:00:00,NSE:TDPOWERSYS,150.0,150.0,149.8,149.8,4335.0
2019-10-07 13:00:00,NSE:TDPOWERSYS,149.4,149.7,148.2,148.25,19788.0
2019-10-07 14:00:00,NSE:TDPOWERSYS,148.25,149.0,147.15,148.25,3288.0
2019-10-07 15:00:00,NSE:TDPOWERSYS,148.5,149.5,147.15,149.5,11851.0
2019-10-09 09:00:00,NSE:TDPOWERSYS,150.0,150.0,148.1,149.4,4019.0
2019-10-09 10:00:00,NSE:TDPOWERSYS,149.5,149.5,148.2,148.7,2305.0
2019-10-09 11:00:00,NSE:TDPOWERSYS,148.15,148.7,147.95,148.0,2659.0
2019-10-09 12:00:00,NSE:TDPOWERSYS,148.1,148.1,147.95,147.95,1860.0
2019-10-09 13:00:00,NSE:TDPOWERSYS,147.8,147.8,147.7,147.8,251.0
2019-10-09 14:00:00,NSE:TDPOWERSYS,147.25,147.95,143.4,144.0,4970.0
2019-10-09 15:00:00,NSE:TDPOWERSYS,144.4,147.05,143.0,147.0,8115.0
2019-10-10 09:00:00,NSE:TDPOWERSYS,146.0,146.05,144.1,145.5,675.0
2019-10-10 11:00:00,NSE:TDPOWERSYS,145.3,145.3,144.0,144.0,1139.0
2019-10-10 12:00:00,NSE:TDPOWERSYS,147.0,148.25,143.7,148.25,1889.0
2019-10-10 13:00:00,NSE:TDPOWERSYS,148.3,149.7,147.25,149.7,1201.0
2019-10-10 14:00:00,NSE:TDPOWERSYS,148.15,149.45,144.3,146.0,2359.0
2019-10-10 15:00:00,NSE:TDPOWERSYS,145.9,148.0,144.6,148.0,3916.0
2019-10-11 09:00:00,NSE:TDPOWERSYS,146.05,147.5,146.05,147.5,51.0
2019-10-11 10:00:00,NSE:TDPOWERSYS,147.4,147.5,146.0,146.95,774.0
2019-10-11 11:00:00,NSE:TDPOWERSYS,147.0,147.0,146.1,146.2,653.0
2019-10-11 12:00:00,NSE:TDPOWERSYS,146.2,146.85,145.1,146.5,1244.0
2019-10-11 13:00:00,NSE:TDPOWERSYS,146.5,146.75,145.9,145.9,78.0
2019-10-11 14:00:00,NSE:TDPOWERSYS,145.9,145.95,144.3,145.95,303.0
2019-10-11 15:00:00,NSE:TDPOWERSYS,144.1,147.95,144.1,147.95,2246.0
2019-10-14 09:00:00,NSE:TDPOWERSYS,145.1,148.55,145.1,148.45,331.0
2019-10-14 10:00:00,NSE:TDPOWERSYS,149.0,149.0,148.55,148.55,1503.0
2019-10-14 12:00:00,NSE:TDPOWERSYS,147.0,147.0,146.0,146.0,771.0
2019-10-14 13:00:00,NSE:TDPOWERSYS,146.0,147.55,146.0,147.55,445.0
2019-10-14 14:00:00,NSE:TDPOWERSYS,148.0,148.55,148.0,148.55,217.0
2019-10-14 15:00:00,NSE:TDPOWERSYS,147.65,148.8,146.3,148.8,1437.0
2019-10-15 09:00:00,NSE:TDPOWERSYS,148.0,148.0,146.65,147.5,543.0
2019-10-15 10:00:00,NSE:TDPOWERSYS,147.7,147.7,146.3,146.3,210.0
2019-10-15 11:00:00,NSE:TDPOWERSYS,146.5,147.45,146.5,147.45,552.0
2019-10-15 13:00:00,NSE:TDPOWERSYS,146.3,147.0,144.1,146.15,4730.0
2019-10-15 14:00:00,NSE:TDPOWERSYS,145.9,145.9,145.0,145.0,623.0
2019-10-15 15:00:00,NSE:TDPOWERSYS,145.5,146.95,144.5,146.95,3077.0
2019-10-16 09:00:00,NSE:TDPOWERSYS,147.75,147.75,146.25,146.25,105.0
2019-10-16 10:00:00,NSE:TDPOWERSYS,147.15,147.25,147.15,147.25,55.0
2019-10-16 11:00:00,NSE:TDPOWERSYS,146.4,146.55,146.4,146.55,325.0
2019-10-16 12:00:00,NSE:TDPOWERSYS,146.55,146.95,146.55,146.55,58.0
2019-10-16 13:00:00,NSE:TDPOWERSYS,146.55,146.6,146.55,146.55,142.0
2019-10-16 14:00:00,NSE:TDPOWERSYS,146.6,147.25,146.3,147.2,745.0
2019-10-16 15:00:00,NSE:TDPOWERSYS,147.0,147.0,145.55,147.0,527.0
2019-10-17 09:00:00,NSE:TDPOWERSYS,146.1,146.95,146.1,146.95,37.0
2019-10-17 10:00:00,NSE:TDPOWERSYS,147.0,147.0,146.15,146.25,169.0
2019-10-17 11:00:00,NSE:TDPOWERSYS,147.15,147.15,146.45,146.45,26.0
2019-10-17 12:00:00,NSE:TDPOWERSYS,147.0,147.0,146.95,146.95,1061.0
2019-10-17 14:00:00,NSE:TDPOWERSYS,146.3,147.15,146.3,147.15,1714.0
2019-10-17 15:00:00,NSE:TDPOWERSYS,147.0,147.0,147.0,147.0,561.0
2019-10-18 09:00:00,NSE:TDPOWERSYS,147.0,147.15,147.0,147.0,784.0
2019-10-18 10:00:00,NSE:TDPOWERSYS,147.6,147.6,147.0,147.0,4245.0
2019-10-18 11:00:00,NSE:TDPOWERSYS,147.3,147.3,147.0,147.0,150.0
2019-10-18 12:00:00,NSE:TDPOWERSYS,147.0,147.0,147.0,147.0,42.0
2019-10-18 13:00:00,NSE:TDPOWERSYS,147.0,147.0,146.65,146.9,302.0
2019-10-18 14:00:00,NSE:TDPOWERSYS,146.0,147.0,145.35,147.0,726.0
2019-10-18 15:00:00,NSE:TDPOWERSYS,146.3,147.2,145.3,145.3,1007.0
2019-10-22 09:00:00,NSE:TDPOWERSYS,146.15,147.85,145.15,146.05,5855.0
2019-10-22 10:00:00,NSE:TDPOWERSYS,146.1,147.0,144.25,145.0,4679.0
2019-10-22 11:00:00,NSE:TDPOWERSYS,142.25,146.0,142.25,146.0,3901.0
2019-10-22 12:00:00,NSE:TDPOWERSYS,146.0,146.0,144.5,145.1,828.0
2019-10-22 13:00:00,NSE:TDPOWERSYS,145.5,146.0,145.05,145.1,289.0
2019-10-22 14:00:00,NSE:TDPOWERSYS,146.0,146.0,146.0,146.0,100.0
2019-10-22 15:00:00,NSE:TDPOWERSYS,146.0,147.0,140.25,147.0,6259.0
2019-10-23 09:00:00,NSE:TDPOWERSYS,146.0,146.0,144.65,145.75,1318.0
2019-10-23 10:00:00,NSE:TDPOWERSYS,145.05,145.9,145.0,145.9,106.0
2019-10-23 11:00:00,NSE:TDPOWERSYS,145.6,145.75,145.1,145.6,522.0
2019-10-23 12:00:00,NSE:TDPOWERSYS,145.6,145.6,145.6,145.6,100.0
2019-10-23 13:00:00,NSE:TDPOWERSYS,145.25,145.25,144.3,144.3,355.0
2019-10-23 14:00:00,NSE:TDPOWERSYS,144.3,145.1,143.6,145.1,1414.0
2019-10-23 15:00:00,NSE:TDPOWERSYS,143.25,146.0,143.25,146.0,1800.0
2019-10-24 09:00:00,NSE:TDPOWERSYS,146.0,146.05,144.5,144.5,706.0
2019-10-24 10:00:00,NSE:TDPOWERSYS,145.0,145.0,144.5,145.0,152.0
2019-10-24 11:00:00,NSE:TDPOWERSYS,145.0,145.7,143.0,143.0,1696.0
2019-10-24 12:00:00,NSE:TDPOWERSYS,142.85,146.0,142.7,145.0,2859.0
2019-10-24 14:00:00,NSE:TDPOWERSYS,144.3,145.0,144.3,145.0,47.0
2019-10-24 15:00:00,NSE:TDPOWERSYS,144.95,149.0,144.95,149.0,631.0
2019-10-25 09:00:00,NSE:TDPOWERSYS,148.35,148.35,148.35,148.35,183.0
2019-10-25 10:00:00,NSE:TDPOWERSYS,146.65,146.65,145.95,146.0,191.0
2019-10-25 11:00:00,NSE:TDPOWERSYS,145.0,145.0,143.95,144.0,1666.0
2019-10-25 12:00:00,NSE:TDPOWERSYS,145.0,145.0,144.95,144.95,550.0
2019-10-25 13:00:00,NSE:TDPOWERSYS,144.5,145.0,144.5,145.0,1264.0
2019-10-25 14:00:00,NSE:TDPOWERSYS,144.5,145.0,144.5,145.0,358.0
2019-10-25 15:00:00,NSE:TDPOWERSYS,144.45,145.0,143.15,145.0,2820.0
2019-10-27 18:00:00,NSE:TDPOWERSYS,145.1,146.0,143.5,146.0,4320.0
2019-10-27 19:00:00,NSE:TDPOWERSYS,146.4,146.75,145.9,145.9,179.0
2019-10-29 09:00:00,NSE:TDPOWERSYS,145.25,145.5,143.6,145.0,1505.0
2019-10-29 10:00:00,NSE:TDPOWERSYS,145.0,145.0,144.7,145.0,197.0
2019-10-29 11:00:00,NSE:TDPOWERSYS,145.0,145.0,144.95,145.0,100.0
2019-10-29 12:00:00,NSE:TDPOWERSYS,145.25,145.25,145.25,145.25,5.0
2019-10-29 13:00:00,NSE:TDPOWERSYS,144.5,145.15,144.5,144.55,210.0
2019-10-29 14:00:00,NSE:TDPOWERSYS,145.0,145.15,144.0,144.9,603.0
2019-10-29 15:00:00,NSE:TDPOWERSYS,144.85,144.9,144.15,144.5,963.0
2019-10-30 09:00:00,NSE:TDPOWERSYS,145.15,145.15,144.1,145.0,873.0
2019-10-30 10:00:00,NSE:TDPOWERSYS,145.0,148.3,139.15,143.55,4579.0
2019-10-30 11:00:00,NSE:TDPOWERSYS,144.0,144.9,143.5,144.8,545.0
2019-10-30 12:00:00,NSE:TDPOWERSYS,144.0,144.9,144.0,144.85,110.0
2019-10-30 13:00:00,NSE:TDPOWERSYS,144.95,144.95,144.35,144.35,603.0
2019-10-30 14:00:00,NSE:TDPOWERSYS,145.0,145.0,143.45,144.9,126.0
2019-10-30 15:00:00,NSE:TDPOWERSYS,144.95,146.3,141.1,144.25,2516.0
2019-10-31 09:00:00,NSE:TDPOWERSYS,145.2,145.2,145.0,145.0,300.0
2019-10-31 10:00:00,NSE:TDPOWERSYS,145.05,145.05,144.5,144.55,814.0
2019-10-31 11:00:00,NSE:TDPOWERSYS,144.75,145.75,144.75,145.2,909.0
2019-10-31 12:00:00,NSE:TDPOWERSYS,145.2,145.2,145.2,145.2,14.0
2019-10-31 13:00:00,NSE:TDPOWERSYS,145.5,145.85,145.1,145.85,561.0
2019-10-31 14:00:00,NSE:TDPOWERSYS,145.1,145.75,145.1,145.75,259.0
2019-10-31 15:00:00,NSE:TDPOWERSYS,145.1,145.1,144.55,144.55,1362.0
2019-11-01 10:00:00,NSE:TDPOWERSYS,145.9,145.9,145.25,145.25,13.0
2019-11-01 11:00:00,NSE:TDPOWERSYS,145.1,145.1,144.95,145.0,153.0
2019-11-01 12:00:00,NSE:TDPOWERSYS,145.0,145.0,144.25,144.25,316.0
2019-11-01 13:00:00,NSE:TDPOWERSYS,144.95,146.0,144.95,146.0,873.0
2019-11-01 14:00:00,NSE:TDPOWERSYS,146.0,146.75,146.0,146.05,603.0
2019-11-01 15:00:00,NSE:TDPOWERSYS,147.0,148.8,147.0,148.8,1193.0
2019-11-04 09:00:00,NSE:TDPOWERSYS,147.0,147.0,146.1,146.15,351.0
2019-11-04 10:00:00,NSE:TDPOWERSYS,146.1,147.0,146.1,147.0,108.0
2019-11-04 11:00:00,NSE:TDPOWERSYS,145.5,146.5,145.3,145.3,749.0
2019-11-04 12:00:00,NSE:TDPOWERSYS,145.35,146.75,145.35,146.6,212.0
2019-11-04 13:00:00,NSE:TDPOWERSYS,145.2,146.6,145.2,146.6,501.0
2019-11-04 14:00:00,NSE:TDPOWERSYS,145.3,146.5,145.3,146.5,2051.0
2019-11-04 15:00:00,NSE:TDPOWERSYS,145.35,145.35,145.2,145.2,2712.0
2019-11-05 09:00:00,NSE:TDPOWERSYS,146.4,146.4,146.4,146.4,1.0
2019-11-05 10:00:00,NSE:TDPOWERSYS,145.1,146.3,145.0,146.3,154.0
2019-11-05 11:00:00,NSE:TDPOWERSYS,146.45,146.45,145.0,145.0,817.0
2019-11-05 12:00:00,NSE:TDPOWERSYS,145.0,145.0,144.55,145.0,309.0
2019-11-05 13:00:00,NSE:TDPOWERSYS,145.0,145.0,145.0,145.0,90.0
2019-11-05 14:00:00,NSE:TDPOWERSYS,144.5,145.1,144.5,145.1,1128.0
2019-11-05 15:00:00,NSE:TDPOWERSYS,145.1,148.0,142.5,146.0,11198.0
2019-11-06 09:00:00,NSE:TDPOWERSYS,146.05,146.05,145.95,146.0,204.0
2019-11-06 11:00:00,NSE:TDPOWERSYS,146.0,146.0,145.8,146.0,1948.0
2019-11-06 12:00:00,NSE:TDPOWERSYS,146.85,146.85,145.5,145.5,151.0
2019-11-06 13:00:00,NSE:TDPOWERSYS,145.55,145.55,145.55,145.55,20.0
2019-11-06 14:00:00,NSE:TDPOWERSYS,147.0,149.0,146.0,147.7,2852.0
2019-11-06 15:00:00,NSE:TDPOWERSYS,147.1,149.0,146.6,146.6,248.0
2019-11-07 09:00:00,NSE:TDPOWERSYS,148.0,159.0,148.0,149.2,505.0
2019-11-07 10:00:00,NSE:TDPOWERSYS,149.45,153.0,149.45,152.55,1457.0
2019-11-07 11:00:00,NSE:TDPOWERSYS,149.45,149.45,147.3,148.05,427.0
2019-11-07 12:00:00,NSE:TDPOWERSYS,148.05,148.25,147.35,148.25,110.0
2019-11-07 13:00:00,NSE:TDPOWERSYS,149.85,151.5,148.5,151.4,302.0
2019-11-07 14:00:00,NSE:TDPOWERSYS,151.0,151.0,148.1,148.1,1194.0
2019-11-07 15:00:00,NSE:TDPOWERSYS,147.15,148.95,145.0,146.8,10772.0
2019-11-08 09:00:00,NSE:TDPOWERSYS,146.1,147.8,146.1,147.8,384.0
2019-11-08 14:00:00,NSE:TDPOWERSYS,145.1,147.6,144.1,146.1,6620.0
2019-11-08 15:00:00,NSE:TDPOWERSYS,146.4,146.4,146.0,146.0,1179.0
2019-11-11 09:00:00,NSE:TDPOWERSYS,145.95,145.95,145.95,145.95,9.0
2019-11-11 10:00:00,NSE:TDPOWERSYS,145.95,145.95,144.55,144.55,1339.0
2019-11-11 11:00:00,NSE:TDPOWERSYS,144.5,145.0,144.0,145.0,3911.0
2019-11-11 12:00:00,NSE:TDPOWERSYS,145.35,145.35,145.35,145.35,40.0
2019-11-11 13:00:00,NSE:TDPOWERSYS,144.15,144.15,144.0,144.0,812.0
2019-11-11 14:00:00,NSE:TDPOWERSYS,144.0,145.25,144.0,145.25,268.0
2019-11-11 15:00:00,NSE:TDPOWERSYS,145.25,146.05,144.0,145.0,2776.0
2019-11-13 09:00:00,NSE:TDPOWERSYS,145.0,146.9,145.0,146.75,933.0
2019-11-13 10:00:00,NSE:TDPOWERSYS,146.8,146.8,145.2,146.65,267.0
2019-11-13 11:00:00,NSE:TDPOWERSYS,146.6,146.6,145.25,146.45,514.0
2019-11-13 12:00:00,NSE:TDPOWERSYS,145.25,146.45,145.25,146.45,101.0
2019-11-13 14:00:00,NSE:TDPOWERSYS,145.3,146.45,144.1,144.1,804.0
2019-11-13 15:00:00,NSE:TDPOWERSYS,144.15,145.8,144.15,145.8,1316.0
2019-11-14 09:00:00,NSE:TDPOWERSYS,147.9,160.1,147.85,152.05,7055.0
2019-11-14 10:00:00,NSE:TDPOWERSYS,153.0,154.0,150.45,151.6,2815.0
2019-11-14 11:00:00,NSE:TDPOWERSYS,151.7,153.5,150.65,151.45,2148.0
2019-11-14 12:00:00,NSE:TDPOWERSYS,151.45,151.45,149.15,149.65,2243.0
2019-11-14 13:00:00,NSE:TDPOWERSYS,149.7,151.2,149.45,150.45,533.0
2019-11-14 14:00:00,NSE:TDPOWERSYS,150.15,151.2,148.75,148.75,1524.0
2019-11-14 15:00:00,NSE:TDPOWERSYS,148.8,152.9,147.65,152.0,6079.0
2019-11-15 09:00:00,NSE:TDPOWERSYS,155.0,155.0,149.3,150.0,1691.0
2019-11-15 10:00:00,NSE:TDPOWERSYS,149.0,149.4,145.3,147.0,2364.0
2019-11-15 11:00:00,NSE:TDPOWERSYS,147.0,147.5,146.9,147.5,551.0
2019-11-15 12:00:00,NSE:TDPOWERSYS,147.5,148.45,146.9,148.45,1616.0
2019-11-15 13:00:00,NSE:TDPOWERSYS,147.1,148.45,146.8,147.5,653.0
2019-11-15 14:00:00,NSE:TDPOWERSYS,147.0,147.7,146.7,147.0,1904.0
2019-11-15 15:00:00,NSE:TDPOWERSYS,146.7,149.9,146.6,149.45,53078.0
2019-11-18 09:00:00,NSE:TDPOWERSYS,149.0,151.7,147.1,147.2,1303.0
2019-11-18 10:00:00,NSE:TDPOWERSYS,147.25,148.75,147.0,148.7,609.0
2019-11-18 11:00:00,NSE:TDPOWERSYS,147.1,148.7,147.1,148.7,149.0
2019-11-18 12:00:00,NSE:TDPOWERSYS,147.2,148.35,147.2,148.35,6.0
2019-11-18 13:00:00,NSE:TDPOWERSYS,147.25,147.95,146.7,147.85,1719.0
2019-11-18 14:00:00,NSE:TDPOWERSYS,146.7,147.85,146.7,146.7,176.0
2019-11-18 15:00:00,NSE:TDPOWERSYS,147.4,147.65,146.6,146.6,664.0
2019-11-19 09:00:00,NSE:TDPOWERSYS,142.3,147.5,142.3,147.05,2928.0
2019-11-19 10:00:00,NSE:TDPOWERSYS,147.0,149.6,146.9,146.9,1580.0
2019-11-19 11:00:00,NSE:TDPOWERSYS,149.3,149.3,147.0,148.75,112.0
2019-11-19 12:00:00,NSE:TDPOWERSYS,148.75,148.75,146.7,148.75,1485.0
2019-11-19 13:00:00,NSE:TDPOWERSYS,146.6,147.95,146.6,147.95,573.0
2019-11-19 14:00:00,NSE:TDPOWERSYS,146.6,147.95,146.6,147.95,101.0
2019-11-19 15:00:00,NSE:TDPOWERSYS,146.6,146.6,146.4,146.5,1435.0
2019-11-20 09:00:00,NSE:TDPOWERSYS,147.0,147.6,147.0,147.1,502.0
2019-11-20 10:00:00,NSE:TDPOWERSYS,147.6,147.6,147.0,147.0,126.0
2019-11-20 11:00:00,NSE:TDPOWERSYS,147.05,147.05,147.0,147.0,20.0
2019-11-20 12:00:00,NSE:TDPOWERSYS,146.9,146.9,146.9,146.9,500.0
2019-11-20 13:00:00,NSE:TDPOWERSYS,146.9,146.9,146.9,146.9,37.0
2019-11-20 14:00:00,NSE:TDPOWERSYS,147.1,147.1,147.05,147.05,402.0
2019-11-20 15:00:00,NSE:TDPOWERSYS,146.9,146.9,146.9,146.9,136.0
2019-11-21 09:00:00,NSE:TDPOWERSYS,149.9,149.95,147.05,149.95,77829.0
2019-11-21 10:00:00,NSE:TDPOWERSYS,148.75,149.5,148.45,148.55,1896.0
2019-11-21 11:00:00,NSE:TDPOWERSYS,147.75,148.45,147.7,148.45,9.0
2019-11-21 12:00:00,NSE:TDPOWERSYS,147.6,147.6,147.55,147.55,52.0
2019-11-21 14:00:00,NSE:TDPOWERSYS,147.3,148.2,145.15,146.6,1852.0
2019-11-21 15:00:00,NSE:TDPOWERSYS,148.0,148.0,146.1,147.5,892.0
2019-11-22 09:00:00,NSE:TDPOWERSYS,147.55,147.55,147.5,147.5,167.0
2019-11-22 10:00:00,NSE:TDPOWERSYS,148.9,149.45,146.0,147.5,511.0
2019-11-22 11:00:00,NSE:TDPOWERSYS,147.5,149.45,147.0,148.95,1027.0
2019-11-22 12:00:00,NSE:TDPOWERSYS,147.35,148.35,147.35,148.35,27.0
2019-11-22 13:00:00,NSE:TDPOWERSYS,148.35,149.9,147.55,148.25,54051.0
2019-11-22 14:00:00,NSE:TDPOWERSYS,149.55,149.7,147.4,147.4,1332.0
2019-11-22 15:00:00,NSE:TDPOWERSYS,148.1,149.75,146.15,149.75,2039.0
2019-11-25 09:00:00,NSE:TDPOWERSYS,146.25,148.0,146.25,148.0,249.0
2019-11-25 10:00:00,NSE:TDPOWERSYS,148.0,148.0,148.0,148.0,100.0
2019-11-25 11:00:00,NSE:TDPOWERSYS,148.0,148.0,146.65,147.75,166.0
2019-11-25 12:00:00,NSE:TDPOWERSYS,146.1,147.7,146.1,147.2,1474.0
2019-11-25 13:00:00,NSE:TDPOWERSYS,147.7,147.75,147.7,147.75,96.0
2019-11-25 14:00:00,NSE:TDPOWERSYS,145.1,147.45,145.1,146.95,583.0
2019-11-25 15:00:00,NSE:TDPOWERSYS,145.9,146.8,143.1,145.0,2866.0
2019-11-26 09:00:00,NSE:TDPOWERSYS,144.2,149.9,144.2,147.55,11118.0
2019-11-26 10:00:00,NSE:TDPOWERSYS,146.15,147.95,146.15,146.9,426.0
2019-11-26 12:00:00,NSE:TDPOWERSYS,147.05,147.05,145.55,145.55,470.0
2019-11-26 13:00:00,NSE:TDPOWERSYS,145.55,146.0,144.25,144.4,290.0
2019-11-26 14:00:00,NSE:TDPOWERSYS,146.0,146.0,143.8,143.8,872.0
2019-11-26 15:00:00,NSE:TDPOWERSYS,144.5,145.5,143.8,144.25,2007.0
2019-11-27 09:00:00,NSE:TDPOWERSYS,144.25,146.35,144.25,146.0,671.0
2019-11-27 10:00:00,NSE:TDPOWERSYS,146.0,146.0,144.0,145.7,409.0
2019-11-27 11:00:00,NSE:TDPOWERSYS,144.9,144.9,143.25,144.7,79.0
2019-11-27 12:00:00,NSE:TDPOWERSYS,143.1,144.65,142.1,142.5,956.0
2019-11-27 13:00:00,NSE:TDPOWERSYS,143.15,143.45,142.25,143.45,232.0
2019-11-27 14:00:00,NSE:TDPOWERSYS,143.4,143.4,142.1,143.35,521.0
2019-11-27 15:00:00,NSE:TDPOWERSYS,142.0,143.9,141.45,142.8,1626.0
2019-11-28 09:00:00,NSE:TDPOWERSYS,150.0,150.0,139.5,140.8,3337.0
2019-11-28 10:00:00,NSE:TDPOWERSYS,140.0,142.9,140.0,142.25,685.0
2019-11-28 11:00:00,NSE:TDPOWERSYS,142.2,142.2,140.3,141.9,104.0
2019-11-28 12:00:00,NSE:TDPOWERSYS,141.0,141.95,141.0,141.85,303.0
2019-11-28 13:00:00,NSE:TDPOWERSYS,141.15,141.95,141.0,141.9,636.0
2019-11-28 14:00:00,NSE:TDPOWERSYS,141.0,141.45,140.0,140.95,1441.0
2019-11-28 15:00:00,NSE:TDPOWERSYS,140.0,140.85,138.0,138.65,3153.0
2019-11-29 09:00:00,NSE:TDPOWERSYS,144.0,144.0,141.25,141.25,206.0
2019-11-29 10:00:00,NSE:TDPOWERSYS,141.8,142.05,139.9,140.55,847.0
2019-11-29 11:00:00,NSE:TDPOWERSYS,139.25,141.1,139.25,141.1,99.0
2019-11-29 12:00:00,NSE:TDPOWERSYS,141.15,141.15,141.15,141.15,166.0
2019-11-29 13:00:00,NSE:TDPOWERSYS,139.05,139.25,136.75,138.0,1087.0
2019-11-29 14:00:00,NSE:TDPOWERSYS,136.65,139.5,136.65,139.45,1040.0
2019-11-29 15:00:00,NSE:TDPOWERSYS,139.35,139.35,138.0,138.0,330.0
2019-12-02 09:00:00,NSE:TDPOWERSYS,141.75,141.75,137.0,139.6,1556.0
2019-12-02 10:00:00,NSE:TDPOWERSYS,139.45,139.7,139.4,139.7,131.0
2019-12-02 11:00:00,NSE:TDPOWERSYS,138.25,139.35,135.0,136.0,9980.0
2019-12-02 12:00:00,NSE:TDPOWERSYS,135.0,136.3,135.0,136.3,999.0
2019-12-02 13:00:00,NSE:TDPOWERSYS,136.2,136.2,135.7,135.7,61.0
2019-12-02 14:00:00,NSE:TDPOWERSYS,135.5,135.9,135.0,135.9,1596.0
2019-12-02 15:00:00,NSE:TDPOWERSYS,135.95,136.3,135.0,135.0,4079.0
2019-12-03 09:00:00,NSE:TDPOWERSYS,135.1,137.5,135.1,137.5,179.0
2019-12-03 11:00:00,NSE:TDPOWERSYS,136.85,136.85,136.0,136.0,39.0
2019-12-03 12:00:00,NSE:TDPOWERSYS,136.0,136.0,135.1,135.35,402.0
2019-12-03 13:00:00,NSE:TDPOWERSYS,135.9,135.9,135.9,135.9,4.0
2019-12-03 14:00:00,NSE:TDPOWERSYS,135.1,135.7,135.0,135.7,950.0
2019-12-03 15:00:00,NSE:TDPOWERSYS,135.55,135.95,135.0,135.1,1384.0
2019-12-04 09:00:00,NSE:TDPOWERSYS,135.25,139.55,135.25,137.6,348.0
2019-12-04 10:00:00,NSE:TDPOWERSYS,135.9,136.9,135.3,136.75,759.0
2019-12-04 11:00:00,NSE:TDPOWERSYS,136.05,136.35,135.45,135.45,49.0
2019-12-04 12:00:00,NSE:TDPOWERSYS,135.95,137.15,135.95,137.15,373.0
2019-12-04 13:00:00,NSE:TDPOWERSYS,135.65,136.95,135.3,136.95,302.0
2019-12-04 14:00:00,NSE:TDPOWERSYS,135.1,136.7,135.1,136.45,702.0
2019-12-04 15:00:00,NSE:TDPOWERSYS,136.0,138.9,136.0,136.7,2440.0
2019-12-05 09:00:00,NSE:TDPOWERSYS,139.7,139.7,137.0,137.05,166.0
2019-12-05 10:00:00,NSE:TDPOWERSYS,137.9,137.9,137.85,137.85,40.0
2019-12-05 11:00:00,NSE:TDPOWERSYS,137.8,137.8,137.8,137.8,36.0
2019-12-05 12:00:00,NSE:TDPOWERSYS,137.0,137.0,136.0,136.95,545.0
2019-12-05 14:00:00,NSE:TDPOWERSYS,136.0,137.15,135.95,136.65,698.0
2019-12-05 15:00:00,NSE:TDPOWERSYS,137.0,137.75,135.3,136.1,815.0
2019-12-06 09:00:00,NSE:TDPOWERSYS,136.65,136.65,136.65,136.65,30.0
2019-12-06 10:00:00,NSE:TDPOWERSYS,137.6,137.6,135.15,135.3,259.0
2019-12-06 11:00:00,NSE:TDPOWERSYS,136.15,136.7,135.15,135.15,138.0
2019-12-06 12:00:00,NSE:TDPOWERSYS,136.8,136.8,136.8,136.8,1.0
2019-12-06 13:00:00,NSE:TDPOWERSYS,136.25,136.25,136.0,136.0,166.0
2019-12-06 14:00:00,NSE:TDPOWERSYS,136.0,136.0,136.0,136.0,20.0
2019-12-06 15:00:00,NSE:TDPOWERSYS,135.95,137.95,135.1,135.2,318.0
2019-12-09 09:00:00,NSE:TDPOWERSYS,135.1,136.4,135.1,135.95,68.0
2019-12-09 10:00:00,NSE:TDPOWERSYS,135.95,136.0,135.95,136.0,10.0
2019-12-09 11:00:00,NSE:TDPOWERSYS,136.5,136.5,135.95,136.0,116.0
2019-12-09 12:00:00,NSE:TDPOWERSYS,135.1,137.75,135.05,137.4,267.0
2019-12-09 13:00:00,NSE:TDPOWERSYS,137.0,137.9,136.2,137.9,205.0
2019-12-09 14:00:00,NSE:TDPOWERSYS,137.95,138.65,137.25,137.5,1459.0
2019-12-09 15:00:00,NSE:TDPOWERSYS,137.5,138.3,136.2,138.3,1466.0
2019-12-10 09:00:00,NSE:TDPOWERSYS,138.85,138.85,136.15,137.4,206.0
2019-12-10 10:00:00,NSE:TDPOWERSYS,137.4,138.85,136.4,138.3,950.0
2019-12-10 11:00:00,NSE:TDPOWERSYS,136.2,138.15,136.2,138.1,205.0
2019-12-10 12:00:00,NSE:TDPOWERSYS,138.85,138.85,138.85,138.85,286.0
2019-12-10 13:00:00,NSE:TDPOWERSYS,137.0,137.0,137.0,137.0,100.0
2019-12-10 14:00:00,NSE:TDPOWERSYS,137.9,137.9,137.0,137.0,7.0
2019-12-10 15:00:00,NSE:TDPOWERSYS,136.25,136.5,135.5,135.55,4271.0
2019-12-11 10:00:00,NSE:TDPOWERSYS,137.45,137.55,135.5,137.3,562.0
2019-12-11 12:00:00,NSE:TDPOWERSYS,136.05,137.2,135.5,137.15,549.0
2019-12-11 13:00:00,NSE:TDPOWERSYS,137.15,137.15,137.15,137.15,50.0
2019-12-11 15:00:00,NSE:TDPOWERSYS,137.25,137.25,135.5,135.5,309.0
2019-12-12 09:00:00,NSE:TDPOWERSYS,135.5,137.85,135.5,137.45,851.0
2019-12-12 10:00:00,NSE:TDPOWERSYS,137.75,137.75,137.4,137.4,508.0
2019-12-12 11:00:00,NSE:TDPOWERSYS,137.05,137.05,136.05,136.05,16.0
2019-12-12 12:00:00,NSE:TDPOWERSYS,135.65,137.4,135.65,137.4,62.0
2019-12-12 13:00:00,NSE:TDPOWERSYS,137.35,137.35,137.35,137.35,1.0
2019-12-12 14:00:00,NSE:TDPOWERSYS,135.6,137.8,135.6,137.8,91.0
2019-12-12 15:00:00,NSE:TDPOWERSYS,135.65,137.2,135.5,135.5,2058.0
2019-12-13 09:00:00,NSE:TDPOWERSYS,135.5,137.2,135.45,136.9,428.0
2019-12-13 11:00:00,NSE:TDPOWERSYS,135.0,137.65,135.0,137.65,4334.0
2019-12-13 12:00:00,NSE:TDPOWERSYS,137.0,137.85,135.0,137.45,5868.0
2019-12-13 13:00:00,NSE:TDPOWERSYS,137.4,137.4,137.4,137.4,15.0
2019-12-13 14:00:00,NSE:TDPOWERSYS,136.0,136.8,135.0,136.0,3392.0
2019-12-13 15:00:00,NSE:TDPOWERSYS,136.0,136.0,135.0,135.0,2435.0
2019-12-16 11:00:00,NSE:TDPOWERSYS,136.0,136.5,135.5,136.5,3379.0
2019-12-16 12:00:00,NSE:TDPOWERSYS,136.5,136.5,136.5,136.5,36.0
2019-12-16 14:00:00,NSE:TDPOWERSYS,136.5,137.25,136.05,136.05,202.0
2019-12-16 15:00:00,NSE:TDPOWERSYS,136.75,137.0,136.0,137.0,1005.0
2019-12-17 09:00:00,NSE:TDPOWERSYS,135.25,137.95,135.0,136.5,877.0
2019-12-17 10:00:00,NSE:TDPOWERSYS,136.2,137.7,135.3,136.85,931.0
2019-12-17 11:00:00,NSE:TDPOWERSYS,136.5,137.2,135.6,136.6,918.0
2019-12-17 12:00:00,NSE:TDPOWERSYS,136.9,136.9,135.5,136.65,3307.0
2019-12-17 13:00:00,NSE:TDPOWERSYS,136.5,136.5,136.5,136.5,50.0
2019-12-17 14:00:00,NSE:TDPOWERSYS,136.0,136.45,136.0,136.0,1131.0
2019-12-17 15:00:00,NSE:TDPOWERSYS,135.8,135.8,135.25,135.5,1681.0
2019-12-18 10:00:00,NSE:TDPOWERSYS,135.5,135.5,135.5,135.5,150.0
2019-12-18 11:00:00,NSE:TDPOWERSYS,135.35,136.45,135.3,136.35,742.0
2019-12-18 12:00:00,NSE:TDPOWERSYS,135.25,135.65,135.25,135.65,236.0
2019-12-18 13:00:00,NSE:TDPOWERSYS,135.25,136.3,135.25,135.25,735.0
2019-12-18 14:00:00,NSE:TDPOWERSYS,136.2,136.2,135.75,135.85,2270.0
2019-12-18 15:00:00,NSE:TDPOWERSYS,136.2,136.2,135.0,135.15,1698.0
2019-12-19 10:00:00,NSE:TDPOWERSYS,136.05,136.05,136.05,136.05,2.0
2019-12-19 11:00:00,NSE:TDPOWERSYS,135.3,136.05,135.3,136.05,462.0
2019-12-19 12:00:00,NSE:TDPOWERSYS,135.65,138.8,135.65,135.85,153.0
2019-12-19 13:00:00,NSE:TDPOWERSYS,135.85,135.85,135.85,135.85,135.0
2019-12-19 14:00:00,NSE:TDPOWERSYS,135.75,135.75,135.75,135.75,200.0
2019-12-19 15:00:00,NSE:TDPOWERSYS,135.75,135.9,135.0,135.3,1649.0
2019-12-20 09:00:00,NSE:TDPOWERSYS,135.5,137.2,135.5,136.85,507.0
2019-12-20 10:00:00,NSE:TDPOWERSYS,136.9,137.9,136.35,137.9,4.0
2019-12-20 11:00:00,NSE:TDPOWERSYS,135.15,137.4,135.15,137.35,290.0
2019-12-20 12:00:00,NSE:TDPOWERSYS,137.4,137.4,137.4,137.4,36.0
2019-12-20 13:00:00,NSE:TDPOWERSYS,135.4,136.8,135.4,136.8,51.0
2019-12-20 14:00:00,NSE:TDPOWERSYS,136.85,136.85,136.0,136.0,1331.0
2019-12-20 15:00:00,NSE:TDPOWERSYS,136.3,137.8,136.0,137.8,1133.0
2019-12-23 12:00:00,NSE:TDPOWERSYS,138.85,138.9,138.85,138.9,37.0
2019-12-23 13:00:00,NSE:TDPOWERSYS,136.5,136.5,136.5,136.5,500.0
2019-12-23 15:00:00,NSE:TDPOWERSYS,135.1,135.1,135.0,135.0,1726.0
2019-12-24 09:00:00,NSE:TDPOWERSYS,135.05,135.15,135.05,135.15,245.0
2019-12-24 11:00:00,NSE:TDPOWERSYS,135.7,135.75,135.7,135.7,360.0
2019-12-24 12:00:00,NSE:TDPOWERSYS,135.7,137.5,135.7,137.4,111.0
2019-12-24 14:00:00,NSE:TDPOWERSYS,136.05,136.05,136.0,136.0,93.0
2019-12-24 15:00:00,NSE:TDPOWERSYS,135.3,135.3,135.1,135.1,226.0
2019-12-26 09:00:00,NSE:TDPOWERSYS,135.0,135.0,135.0,135.0,1265.0
2019-12-26 10:00:00,NSE:TDPOWERSYS,135.9,135.9,135.15,135.15,577.0
2019-12-26 11:00:00,NSE:TDPOWERSYS,136.4,136.5,135.3,135.3,697.0
2019-12-26 12:00:00,NSE:TDPOWERSYS,137.0,137.0,135.4,135.4,98.0
2019-12-26 13:00:00,NSE:TDPOWERSYS,136.75,136.75,135.25,135.25,102.0
2019-12-26 14:00:00,NSE:TDPOWERSYS,135.5,135.5,135.5,135.5,50.0
2019-12-26 15:00:00,NSE:TDPOWERSYS,135.5,137.0,135.3,135.8,1053.0
2019-12-27 09:00:00,NSE:TDPOWERSYS,135.5,138.9,135.45,137.0,909.0
2019-12-27 10:00:00,NSE:TDPOWERSYS,137.0,138.85,137.0,138.85,284.0
2019-12-27 11:00:00,NSE:TDPOWERSYS,138.8,138.8,135.95,137.25,1945.0
2019-12-27 12:00:00,NSE:TDPOWERSYS,137.3,138.9,137.3,138.65,617.0
2019-12-27 13:00:00,NSE:TDPOWERSYS,137.3,138.0,137.25,137.25,187.0
2019-12-27 15:00:00,NSE:TDPOWERSYS,137.4,137.4,137.2,137.2,412.0
2019-12-30 09:00:00,NSE:TDPOWERSYS,138.0,138.0,138.0,138.0,15.0
2019-12-30 10:00:00,NSE:TDPOWERSYS,138.0,139.45,137.0,138.0,693.0
2019-12-30 11:00:00,NSE:TDPOWERSYS,138.95,138.95,138.95,138.95,1.0
2019-12-30 12:00:00,NSE:TDPOWERSYS,138.05,139.0,138.0,139.0,10453.0
2019-12-30 13:00:00,NSE:TDPOWERSYS,139.0,139.0,139.0,139.0,10.0
2019-12-30 14:00:00,NSE:TDPOWERSYS,139.0,139.0,138.05,138.55,1968.0
2019-12-30 15:00:00,NSE:TDPOWERSYS,139.55,147.0,139.55,142.3,1913.0
2019-12-31 09:00:00,NSE:TDPOWERSYS,144.25,144.25,144.25,144.25,51.0
2019-12-31 10:00:00,NSE:TDPOWERSYS,144.95,144.95,141.1,143.6,693.0
2019-12-31 11:00:00,NSE:TDPOWERSYS,141.15,143.35,141.15,141.15,15.0
2019-12-31 12:00:00,NSE:TDPOWERSYS,140.3,142.75,140.3,142.7,550.0
2019-12-31 13:00:00,NSE:TDPOWERSYS,140.55,142.3,140.5,142.25,366.0
2019-12-31 14:00:00,NSE:TDPOWERSYS,140.0,140.0,138.0,139.6,574.0
2019-12-31 15:00:00,NSE:TDPOWERSYS,138.45,139.55,138.0,138.05,772.0
2020-01-01 09:00:00,NSE:TDPOWERSYS,139.95,139.95,138.6,138.6,65.0
2020-01-01 10:00:00,NSE:TDPOWERSYS,138.6,138.6,138.6,138.6,2.0
2020-01-01 11:00:00,NSE:TDPOWERSYS,139.8,139.8,139.75,139.75,145.0
2020-01-01 12:00:00,NSE:TDPOWERSYS,139.7,139.7,139.7,139.7,35.0
2020-01-01 13:00:00,NSE:TDPOWERSYS,139.65,139.65,138.0,138.0,231.0
2020-01-01 14:00:00,NSE:TDPOWERSYS,138.0,138.4,137.1,138.4,352.0
2020-01-01 15:00:00,NSE:TDPOWERSYS,138.15,138.15,137.1,137.1,204.0
2020-01-02 09:00:00,NSE:TDPOWERSYS,137.8,138.05,137.8,138.0,77.0
2020-01-02 10:00:00,NSE:TDPOWERSYS,138.0,138.9,138.0,138.9,105.0
2020-01-02 11:00:00,NSE:TDPOWERSYS,138.9,140.05,138.9,140.0,1008.0
2020-01-02 12:00:00,NSE:TDPOWERSYS,141.0,142.0,141.0,142.0,538.0
2020-01-02 13:00:00,NSE:TDPOWERSYS,142.0,142.0,140.1,140.1,135.0
2020-01-02 14:00:00,NSE:TDPOWERSYS,140.0,140.0,138.4,139.7,1203.0
2020-01-02 15:00:00,NSE:TDPOWERSYS,139.0,148.7,138.75,143.2,5138.0
2020-01-03 09:00:00,NSE:TDPOWERSYS,142.0,142.0,141.5,141.5,861.0
2020-01-03 10:00:00,NSE:TDPOWERSYS,140.2,143.85,140.2,141.5,199.0
2020-01-03 11:00:00,NSE:TDPOWERSYS,144.0,144.0,144.0,144.0,500.0
2020-01-03 12:00:00,NSE:TDPOWERSYS,142.5,142.5,140.55,140.55,360.0
2020-01-03 13:00:00,NSE:TDPOWERSYS,141.0,141.0,141.0,141.0,124.0
2020-01-03 14:00:00,NSE:TDPOWERSYS,140.0,141.95,138.0,138.4,3046.0
2020-01-03 15:00:00,NSE:TDPOWERSYS,138.1,140.55,136.6,139.0,1826.0
2020-01-06 09:00:00,NSE:TDPOWERSYS,137.0,137.0,137.0,137.0,21.0
2020-01-06 10:00:00,NSE:TDPOWERSYS,137.0,137.85,136.0,136.0,326.0
2020-01-06 11:00:00,NSE:TDPOWERSYS,136.0,137.85,135.4,135.4,731.0
2020-01-06 12:00:00,NSE:TDPOWERSYS,136.95,137.45,135.1,137.0,2995.0
2020-01-06 13:00:00,NSE:TDPOWERSYS,135.55,136.9,135.55,136.9,81.0
2020-01-06 14:00:00,NSE:TDPOWERSYS,137.15,137.45,135.2,136.9,3369.0
2020-01-06 15:00:00,NSE:TDPOWERSYS,137.0,137.8,135.6,137.8,2603.0
2020-01-07 09:00:00,NSE:TDPOWERSYS,138.4,138.5,136.5,138.5,1277.0
2020-01-07 10:00:00,NSE:TDPOWERSYS,136.55,139.35,136.55,139.35,1508.0
2020-01-07 12:00:00,NSE:TDPOWERSYS,136.65,139.0,136.6,138.95,121.0
2020-01-07 13:00:00,NSE:TDPOWERSYS,138.35,138.7,136.4,136.45,2043.0
2020-01-07 14:00:00,NSE:TDPOWERSYS,138.3,138.3,136.55,136.55,92.0
2020-01-07 15:00:00,NSE:TDPOWERSYS,136.5,136.5,135.35,135.95,328.0
2020-01-08 10:00:00,NSE:TDPOWERSYS,137.9,137.9,137.9,137.9,20.0
2020-01-08 11:00:00,NSE:TDPOWERSYS,137.05,137.05,137.05,137.05,23.0
2020-01-08 14:00:00,NSE:TDPOWERSYS,137.35,137.5,137.35,137.5,1030.0
2020-01-08 15:00:00,NSE:TDPOWERSYS,138.0,138.0,137.5,137.5,152.0
2020-01-09 09:00:00,NSE:TDPOWERSYS,137.0,137.0,137.0,137.0,100.0
2020-01-09 10:00:00,NSE:TDPOWERSYS,138.9,139.0,138.9,139.0,105.0
2020-01-09 11:00:00,NSE:TDPOWERSYS,139.0,140.8,137.15,137.15,410.0
2020-01-09 12:00:00,NSE:TDPOWERSYS,139.8,139.8,138.0,138.0,740.0
2020-01-09 13:00:00,NSE:TDPOWERSYS,137.5,137.55,136.5,137.35,1152.0
2020-01-09 14:00:00,NSE:TDPOWERSYS,137.25,138.0,136.5,136.5,530.0
2020-01-09 15:00:00,NSE:TDPOWERSYS,136.7,136.7,136.15,136.4,232.0
2020-01-10 09:00:00,NSE:TDPOWERSYS,136.4,136.4,136.4,136.4,1.0
2020-01-10 10:00:00,NSE:TDPOWERSYS,136.4,138.2,136.4,138.2,51.0
2020-01-10 11:00:00,NSE:TDPOWERSYS,136.4,138.05,135.95,136.0,3718.0
2020-01-10 12:00:00,NSE:TDPOWERSYS,135.2,137.55,135.2,136.8,1904.0
2020-01-10 13:00:00,NSE:TDPOWERSYS,136.85,136.85,136.0,136.8,32.0
2020-01-10 14:00:00,NSE:TDPOWERSYS,136.35,136.35,136.35,136.35,10.0
2020-01-10 15:00:00,NSE:TDPOWERSYS,136.65,136.65,135.3,135.45,698.0
2020-01-13 10:00:00,NSE:TDPOWERSYS,137.55,137.55,136.2,136.95,352.0
2020-01-13 12:00:00,NSE:TDPOWERSYS,136.2,136.8,136.2,136.8,11.0
2020-01-13 13:00:00,NSE:TDPOWERSYS,136.2,136.2,136.15,136.15,160.0
2020-01-13 14:00:00,NSE:TDPOWERSYS,136.5,136.7,136.0,136.7,4338.0
2020-01-13 15:00:00,NSE:TDPOWERSYS,136.05,136.85,136.0,136.35,2494.0
2020-01-14 09:00:00,NSE:TDPOWERSYS,136.0,136.75,135.0,136.75,1540.0
2020-01-14 10:00:00,NSE:TDPOWERSYS,136.85,136.9,135.35,136.7,186.0
2020-01-14 11:00:00,NSE:TDPOWERSYS,136.5,137.0,135.6,135.75,1391.0
2020-01-14 12:00:00,NSE:TDPOWERSYS,135.7,136.8,135.7,136.8,169.0
2020-01-14 13:00:00,NSE:TDPOWERSYS,136.75,136.75,136.75,136.75,2.0
2020-01-14 14:00:00,NSE:TDPOWERSYS,136.7,137.0,135.7,136.35,5506.0
2020-01-14 15:00:00,NSE:TDPOWERSYS,136.45,137.0,136.45,136.95,5116.0
2020-01-15 10:00:00,NSE:TDPOWERSYS,136.25,136.25,136.25,136.25,50.0
2020-01-15 11:00:00,NSE:TDPOWERSYS,136.7,137.0,136.3,137.0,4315.0
2020-01-15 12:00:00,NSE:TDPOWERSYS,137.5,139.3,137.5,138.5,1358.0
2020-01-15 13:00:00,NSE:TDPOWERSYS,138.55,138.55,138.55,138.55,31.0
2020-01-15 14:00:00,NSE:TDPOWERSYS,139.3,141.4,139.3,141.25,590.0
2020-01-15 15:00:00,NSE:TDPOWERSYS,141.6,143.8,141.05,143.8,562.0
2020-01-16 09:00:00,NSE:TDPOWERSYS,144.4,144.4,141.0,141.95,1104.0
2020-01-16 10:00:00,NSE:TDPOWERSYS,141.25,141.25,140.0,140.0,581.0
2020-01-16 11:00:00,NSE:TDPOWERSYS,140.05,140.75,138.15,140.65,101.0
2020-01-16 12:00:00,NSE:TDPOWERSYS,141.8,141.8,138.1,139.0,486.0
2020-01-16 13:00:00,NSE:TDPOWERSYS,139.0,139.0,139.0,139.0,50.0
2020-01-16 14:00:00,NSE:TDPOWERSYS,139.5,139.5,139.5,139.5,42.0
2020-01-16 15:00:00,NSE:TDPOWERSYS,139.5,139.5,139.1,139.5,349.0
2020-01-17 09:00:00,NSE:TDPOWERSYS,140.15,142.05,139.3,141.05,720.0
2020-01-17 10:00:00,NSE:TDPOWERSYS,142.0,142.9,141.55,142.9,360.0
2020-01-17 11:00:00,NSE:TDPOWERSYS,141.35,141.35,141.35,141.35,500.0
2020-01-17 12:00:00,NSE:TDPOWERSYS,142.45,143.0,141.4,141.95,514.0
2020-01-17 13:00:00,NSE:TDPOWERSYS,141.25,142.0,141.25,142.0,1380.0
2020-01-17 14:00:00,NSE:TDPOWERSYS,143.5,147.25,143.0,145.0,2470.0
2020-01-17 15:00:00,NSE:TDPOWERSYS,145.0,146.7,144.75,145.55,885.0
2020-01-20 09:00:00,NSE:TDPOWERSYS,146.3,146.3,140.2,142.3,530.0
2020-01-20 10:00:00,NSE:TDPOWERSYS,143.4,143.4,140.8,141.9,450.0
2020-01-20 11:00:00,NSE:TDPOWERSYS,141.95,143.05,141.6,142.0,805.0
2020-01-20 12:00:00,NSE:TDPOWERSYS,142.6,142.85,142.0,142.85,361.0
2020-01-20 13:00:00,NSE:TDPOWERSYS,142.8,146.45,142.0,146.0,2103.0
2020-01-20 14:00:00,NSE:TDPOWERSYS,146.0,147.95,144.9,147.0,7869.0
2020-01-20 15:00:00,NSE:TDPOWERSYS,146.3,148.95,145.95,147.0,1768.0
2020-01-21 09:00:00,NSE:TDPOWERSYS,143.1,145.05,143.1,144.0,52.0
2020-01-21 10:00:00,NSE:TDPOWERSYS,143.4,146.95,143.4,146.45,1267.0
2020-01-21 11:00:00,NSE:TDPOWERSYS,146.45,146.9,144.85,146.75,1660.0
2020-01-21 12:00:00,NSE:TDPOWERSYS,145.0,145.5,144.5,145.5,259.0
2020-01-21 13:00:00,NSE:TDPOWERSYS,145.45,145.45,145.0,145.4,1493.0
2020-01-21 14:00:00,NSE:TDPOWERSYS,145.0,145.0,145.0,145.0,35.0
2020-01-21 15:00:00,NSE:TDPOWERSYS,144.55,145.0,144.55,145.0,380.0
2020-01-22 09:00:00,NSE:TDPOWERSYS,145.0,145.0,145.0,145.0,102.0
2020-01-22 10:00:00,NSE:TDPOWERSYS,145.0,145.0,142.7,143.4,1126.0
2020-01-22 11:00:00,NSE:TDPOWERSYS,143.35,144.5,143.35,144.35,341.0
2020-01-22 12:00:00,NSE:TDPOWERSYS,144.0,144.0,143.25,143.3,816.0
2020-01-22 13:00:00,NSE:TDPOWERSYS,143.0,143.0,142.2,142.3,328.0
2020-01-22 14:00:00,NSE:TDPOWERSYS,142.3,144.35,142.25,142.4,55.0
2020-01-22 15:00:00,NSE:TDPOWERSYS,144.2,147.8,143.2,145.75,4807.0
2020-01-23 09:00:00,NSE:TDPOWERSYS,146.1,146.1,142.15,144.25,1710.0
2020-01-23 10:00:00,NSE:TDPOWERSYS,142.55,143.7,142.55,143.65,104.0
2020-01-23 11:00:00,NSE:TDPOWERSYS,143.7,143.7,143.7,143.7,30.0
2020-01-23 12:00:00,NSE:TDPOWERSYS,143.95,143.95,143.6,143.6,12.0
2020-01-23 13:00:00,NSE:TDPOWERSYS,143.6,143.9,143.6,143.9,11.0
2020-01-23 14:00:00,NSE:TDPOWERSYS,143.0,143.0,143.0,143.0,41.0
2020-01-23 15:00:00,NSE:TDPOWERSYS,142.8,143.5,142.15,142.15,608.0
2020-01-24 09:00:00,NSE:TDPOWERSYS,142.5,142.5,142.5,142.5,25.0
2020-01-24 10:00:00,NSE:TDPOWERSYS,142.55,142.55,142.5,142.5,10.0
2020-01-24 11:00:00,NSE:TDPOWERSYS,142.5,142.7,139.0,140.3,973.0
2020-01-24 12:00:00,NSE:TDPOWERSYS,140.65,142.8,140.65,142.8,2.0
2020-01-24 13:00:00,NSE:TDPOWERSYS,142.45,142.5,140.7,142.3,1215.0
2020-01-24 14:00:00,NSE:TDPOWERSYS,141.0,142.35,140.65,142.35,144.0
2020-01-24 15:00:00,NSE:TDPOWERSYS,141.3,141.95,139.6,140.7,990.0
2020-01-27 09:00:00,NSE:TDPOWERSYS,143.0,143.0,143.0,143.0,71.0
2020-01-27 11:00:00,NSE:TDPOWERSYS,140.0,140.0,138.6,138.6,1317.0
2020-01-27 12:00:00,NSE:TDPOWERSYS,138.6,139.9,138.6,139.7,264.0
2020-01-27 13:00:00,NSE:TDPOWERSYS,139.7,139.75,139.65,139.65,134.0
2020-01-27 14:00:00,NSE:TDPOWERSYS,139.8,139.8,138.0,138.0,4351.0
2020-01-27 15:00:00,NSE:TDPOWERSYS,138.1,138.1,137.4,137.4,473.0
2020-01-28 09:00:00,NSE:TDPOWERSYS,142.0,142.0,137.95,140.1,559.0
2020-01-28 10:00:00,NSE:TDPOWERSYS,140.0,140.3,139.95,139.95,108.0
2020-01-28 11:00:00,NSE:TDPOWERSYS,137.0,139.9,137.0,138.45,596.0
2020-01-28 12:00:00,NSE:TDPOWERSYS,138.4,138.45,135.55,137.9,977.0
2020-01-28 13:00:00,NSE:TDPOWERSYS,135.5,137.85,135.5,137.85,202.0
2020-01-28 14:00:00,NSE:TDPOWERSYS,136.0,137.85,135.2,135.45,729.0
2020-01-28 15:00:00,NSE:TDPOWERSYS,135.75,136.55,135.0,135.45,1028.0
2020-01-29 09:00:00,NSE:TDPOWERSYS,135.15,138.5,135.15,138.5,182.0
2020-01-29 10:00:00,NSE:TDPOWERSYS,138.45,138.45,136.15,138.0,813.0
2020-01-29 11:00:00,NSE:TDPOWERSYS,137.0,138.15,137.0,137.0,116.0
2020-01-29 12:00:00,NSE:TDPOWERSYS,137.05,138.4,136.05,136.15,832.0
2020-01-29 13:00:00,NSE:TDPOWERSYS,137.25,138.05,137.25,137.3,918.0
2020-01-29 14:00:00,NSE:TDPOWERSYS,137.3,137.3,137.3,137.3,275.0
2020-01-29 15:00:00,NSE:TDPOWERSYS,137.55,137.55,136.5,137.0,1512.0
2020-01-30 09:00:00,NSE:TDPOWERSYS,135.5,138.85,135.5,136.95,1020.0
2020-01-30 10:00:00,NSE:TDPOWERSYS,136.0,136.0,136.0,136.0,16.0
2020-01-30 11:00:00,NSE:TDPOWERSYS,136.25,139.1,136.25,136.3,7.0
2020-01-30 13:00:00,NSE:TDPOWERSYS,136.3,137.0,136.1,137.0,70.0
2020-01-30 14:00:00,NSE:TDPOWERSYS,137.4,138.75,137.4,137.75,325.0
2020-01-30 15:00:00,NSE:TDPOWERSYS,137.7,137.7,137.5,137.5,185.0
2020-01-31 09:00:00,NSE:TDPOWERSYS,140.0,140.0,139.8,139.8,205.0
2020-01-31 10:00:00,NSE:TDPOWERSYS,138.0,139.3,137.0,138.8,685.0
2020-01-31 12:00:00,NSE:TDPOWERSYS,138.15,138.15,136.0,136.0,5267.0
2020-01-31 13:00:00,NSE:TDPOWERSYS,136.15,136.15,136.15,136.15,2.0
2020-01-31 14:00:00,NSE:TDPOWERSYS,137.55,137.6,137.55,137.6,254.0
2020-01-31 15:00:00,NSE:TDPOWERSYS,136.3,136.3,136.25,136.25,1032.0
2020-02-01 14:00:00,NSE:TDPOWERSYS,136.0,136.0,136.0,136.0,410.0
2020-02-01 15:00:00,NSE:TDPOWERSYS,135.0,135.05,132.15,135.05,222.0
2020-02-03 09:00:00,NSE:TDPOWERSYS,135.1,136.75,133.3,133.3,245.0
2020-02-03 10:00:00,NSE:TDPOWERSYS,133.6,135.5,133.6,135.5,48.0
2020-02-03 11:00:00,NSE:TDPOWERSYS,135.0,136.55,135.0,135.0,696.0
2020-02-03 12:00:00,NSE:TDPOWERSYS,133.05,134.95,130.05,134.95,632.0
2020-02-03 13:00:00,NSE:TDPOWERSYS,133.75,133.75,132.0,132.0,558.0
2020-02-03 14:00:00,NSE:TDPOWERSYS,131.6,133.15,131.6,133.15,353.0
2020-02-03 15:00:00,NSE:TDPOWERSYS,133.0,133.95,130.2,131.5,2013.0
2020-02-04 10:00:00,NSE:TDPOWERSYS,132.45,133.0,131.7,132.5,12593.0
2020-02-04 11:00:00,NSE:TDPOWERSYS,132.0,132.95,132.0,132.75,156.0
2020-02-04 12:00:00,NSE:TDPOWERSYS,132.5,132.5,132.5,132.5,553.0
2020-02-04 13:00:00,NSE:TDPOWERSYS,133.0,134.9,132.65,133.0,888.0
2020-02-04 14:00:00,NSE:TDPOWERSYS,133.0,133.0,128.5,129.3,21634.0
2020-02-04 15:00:00,NSE:TDPOWERSYS,129.2,129.75,128.0,128.75,4970.0
2020-02-05 09:00:00,NSE:TDPOWERSYS,131.4,131.4,128.5,128.5,3439.0
2020-02-05 10:00:00,NSE:TDPOWERSYS,129.4,133.55,129.0,131.95,1540.0
2020-02-05 11:00:00,NSE:TDPOWERSYS,131.0,131.0,129.0,129.0,1963.0
2020-02-05 12:00:00,NSE:TDPOWERSYS,130.0,130.0,130.0,130.0,29.0
2020-02-05 13:00:00,NSE:TDPOWERSYS,130.0,130.0,130.0,130.0,47.0
2020-02-05 14:00:00,NSE:TDPOWERSYS,129.0,130.0,128.0,130.0,24403.0
2020-02-05 15:00:00,NSE:TDPOWERSYS,129.2,131.0,128.3,130.0,10785.0
2020-02-06 09:00:00,NSE:TDPOWERSYS,131.0,133.0,130.65,130.65,233.0
2020-02-06 10:00:00,NSE:TDPOWERSYS,132.0,132.5,132.0,132.5,142.0
2020-02-06 11:00:00,NSE:TDPOWERSYS,132.5,132.6,131.0,131.0,1116.0
2020-02-06 12:00:00,NSE:TDPOWERSYS,131.0,131.0,130.0,130.25,2834.0
2020-02-06 13:00:00,NSE:TDPOWERSYS,130.05,130.75,128.35,128.6,805.0
2020-02-06 14:00:00,NSE:TDPOWERSYS,129.05,131.0,129.0,131.0,654.0
2020-02-06 15:00:00,NSE:TDPOWERSYS,130.4,130.95,130.4,130.4,405.0
2020-02-07 09:00:00,NSE:TDPOWERSYS,141.25,147.0,137.6,141.5,131560.0
2020-02-07 10:00:00,NSE:TDPOWERSYS,141.3,152.4,141.1,152.2,381119.0
2020-02-07 11:00:00,NSE:TDPOWERSYS,152.15,156.7,151.2,156.7,202161.0
2020-02-07 12:00:00,NSE:TDPOWERSYS,156.7,156.7,156.7,156.7,4969.0
2020-02-07 13:00:00,NSE:TDPOWERSYS,156.7,156.7,156.7,156.7,1020.0
2020-02-07 14:00:00,NSE:TDPOWERSYS,156.7,156.7,152.25,156.7,241674.0
2020-02-07 15:00:00,NSE:TDPOWERSYS,156.7,156.7,156.7,156.7,1501.0
2020-02-10 09:00:00,NSE:TDPOWERSYS,161.0,164.4,147.4,153.65,150652.0
2020-02-10 10:00:00,NSE:TDPOWERSYS,153.45,155.65,152.65,152.85,44445.0
2020-02-10 11:00:00,NSE:TDPOWERSYS,153.0,157.6,152.7,156.7,37857.0
2020-02-10 12:00:00,NSE:TDPOWERSYS,157.1,157.65,156.05,157.1,14442.0
2020-02-10 13:00:00,NSE:TDPOWERSYS,157.05,172.0,156.5,165.25,193040.0
2020-02-10 14:00:00,NSE:TDPOWERSYS,165.6,168.85,164.8,166.6,52824.0
2020-02-10 15:00:00,NSE:TDPOWERSYS,166.7,171.5,165.6,168.55,55684.0
2020-02-11 09:00:00,NSE:TDPOWERSYS,168.0,171.65,165.5,169.5,47209.0
2020-02-11 10:00:00,NSE:TDPOWERSYS,169.7,181.4,169.7,176.3,74256.0
2020-02-11 11:00:00,NSE:TDPOWERSYS,176.3,187.4,175.25,183.0,53458.0
2020-02-11 12:00:00,NSE:TDPOWERSYS,183.0,189.8,181.35,186.0,117917.0
2020-02-11 13:00:00,NSE:TDPOWERSYS,186.0,190.0,184.4,186.4,52799.0
2020-02-11 14:00:00,NSE:TDPOWERSYS,186.25,188.8,173.3,174.85,104224.0
2020-02-11 15:00:00,NSE:TDPOWERSYS,175.45,175.55,170.0,172.55,57054.0
2020-02-12 09:00:00,NSE:TDPOWERSYS,172.75,175.0,171.95,174.5,19894.0
2020-02-12 10:00:00,NSE:TDPOWERSYS,173.1,174.4,168.1,169.55,15019.0
2020-02-12 11:00:00,NSE:TDPOWERSYS,169.6,170.95,169.4,170.1,4962.0
2020-02-12 12:00:00,NSE:TDPOWERSYS,170.1,174.0,170.0,173.5,7961.0
2020-02-12 13:00:00,NSE:TDPOWERSYS,173.45,174.05,171.85,173.0,6479.0
2020-02-12 14:00:00,NSE:TDPOWERSYS,173.0,179.6,172.0,176.55,14116.0
2020-02-12 15:00:00,NSE:TDPOWERSYS,176.9,181.0,173.2,178.35,19777.0
2020-02-13 09:00:00,NSE:TDPOWERSYS,172.9,176.4,168.0,174.9,9481.0
2020-02-13 10:00:00,NSE:TDPOWERSYS,173.55,175.35,173.45,174.5,3256.0
2020-02-13 11:00:00,NSE:TDPOWERSYS,173.7,173.7,170.5,171.95,12254.0
2020-02-13 12:00:00,NSE:TDPOWERSYS,171.95,173.9,171.25,173.6,4315.0
2020-02-13 13:00:00,NSE:TDPOWERSYS,173.35,175.4,173.35,174.05,8466.0
2020-02-13 14:00:00,NSE:TDPOWERSYS,176.15,176.5,173.6,175.9,8548.0
2020-02-13 15:00:00,NSE:TDPOWERSYS,176.0,180.0,175.45,179.0,13065.0
2020-02-14 09:00:00,NSE:TDPOWERSYS,175.1,179.75,172.1,173.85,7771.0
2020-02-14 10:00:00,NSE:TDPOWERSYS,174.9,176.4,173.85,174.5,1302.0
2020-02-14 11:00:00,NSE:TDPOWERSYS,174.65,175.75,174.15,174.25,780.0
2020-02-14 12:00:00,NSE:TDPOWERSYS,174.2,175.7,173.0,173.0,532.0
2020-02-14 13:00:00,NSE:TDPOWERSYS,173.0,174.0,172.1,173.0,2046.0
2020-02-14 14:00:00,NSE:TDPOWERSYS,176.8,176.8,172.7,174.0,2342.0
2020-02-14 15:00:00,NSE:TDPOWERSYS,173.5,175.7,170.5,170.55,5333.0
2020-02-17 09:00:00,NSE:TDPOWERSYS,170.05,173.05,169.0,170.0,4103.0
2020-02-17 10:00:00,NSE:TDPOWERSYS,170.9,171.65,167.1,168.8,2505.0
2020-02-17 11:00:00,NSE:TDPOWERSYS,169.8,169.8,167.1,168.5,1795.0
2020-02-17 12:00:00,NSE:TDPOWERSYS,168.05,168.6,168.0,168.0,10600.0
2020-02-17 13:00:00,NSE:TDPOWERSYS,168.1,171.8,168.1,168.45,823.0
2020-02-17 14:00:00,NSE:TDPOWERSYS,171.0,171.05,167.0,168.05,9543.0
2020-02-17 15:00:00,NSE:TDPOWERSYS,169.0,170.05,167.0,168.1,3689.0
2020-02-18 09:00:00,NSE:TDPOWERSYS,167.0,171.1,167.0,167.0,2832.0
2020-02-18 10:00:00,NSE:TDPOWERSYS,167.0,169.0,167.0,167.2,1272.0
2020-02-18 11:00:00,NSE:TDPOWERSYS,167.15,168.1,167.1,168.1,1044.0
2020-02-18 12:00:00,NSE:TDPOWERSYS,168.15,169.75,168.15,169.5,657.0
2020-02-18 13:00:00,NSE:TDPOWERSYS,168.15,169.95,167.05,167.15,783.0
2020-02-18 14:00:00,NSE:TDPOWERSYS,168.0,169.95,167.2,169.0,1241.0
2020-02-18 15:00:00,NSE:TDPOWERSYS,168.0,170.5,166.1,168.2,6188.0
2020-02-19 09:00:00,NSE:TDPOWERSYS,167.0,171.5,167.0,171.5,1398.0
2020-02-19 10:00:00,NSE:TDPOWERSYS,171.5,174.9,170.4,174.9,1189.0
2020-02-19 11:00:00,NSE:TDPOWERSYS,174.0,175.0,169.0,169.05,1275.0
2020-02-19 12:00:00,NSE:TDPOWERSYS,169.05,172.9,169.05,172.0,736.0
2020-02-19 13:00:00,NSE:TDPOWERSYS,174.0,174.0,167.0,168.95,3923.0
2020-02-19 14:00:00,NSE:TDPOWERSYS,169.0,171.0,167.0,170.55,1430.0
2020-02-19 15:00:00,NSE:TDPOWERSYS,170.55,171.0,167.0,167.05,3377.0
2020-02-20 09:00:00,NSE:TDPOWERSYS,168.65,170.9,167.0,169.3,4583.0
2020-02-20 10:00:00,NSE:TDPOWERSYS,167.0,169.95,167.0,169.0,2269.0
2020-02-20 11:00:00,NSE:TDPOWERSYS,168.0,168.95,168.0,168.95,133.0
2020-02-20 12:00:00,NSE:TDPOWERSYS,167.95,168.0,167.0,167.0,1094.0
2020-02-20 13:00:00,NSE:TDPOWERSYS,167.55,169.9,167.0,168.05,5677.0
2020-02-20 14:00:00,NSE:TDPOWERSYS,168.05,169.95,167.15,168.45,1634.0
2020-02-20 15:00:00,NSE:TDPOWERSYS,167.55,168.25,167.0,167.0,1303.0
2020-02-24 09:00:00,NSE:TDPOWERSYS,167.0,167.1,165.75,165.75,17620.0
2020-02-24 10:00:00,NSE:TDPOWERSYS,165.75,165.75,164.55,165.15,5645.0
2020-02-24 11:00:00,NSE:TDPOWERSYS,166.15,166.15,166.15,166.15,300.0
2020-02-24 12:00:00,NSE:TDPOWERSYS,165.5,166.1,165.5,166.0,1089.0
2020-02-24 13:00:00,NSE:TDPOWERSYS,166.0,166.15,165.6,165.65,6416.0
2020-02-24 14:00:00,NSE:TDPOWERSYS,165.65,165.65,165.65,165.65,1429.0
2020-02-24 15:00:00,NSE:TDPOWERSYS,165.65,175.6,165.0,168.5,6178.0
2020-02-25 09:00:00,NSE:TDPOWERSYS,169.0,172.0,167.45,167.5,1866.0
2020-02-25 10:00:00,NSE:TDPOWERSYS,168.95,169.8,168.95,168.95,305.0
2020-02-25 11:00:00,NSE:TDPOWERSYS,169.0,169.0,168.0,168.0,224.0
2020-02-25 12:00:00,NSE:TDPOWERSYS,168.7,169.0,168.7,169.0,208.0
2020-02-25 13:00:00,NSE:TDPOWERSYS,167.65,170.7,167.45,167.45,2482.0
2020-02-25 14:00:00,NSE:TDPOWERSYS,167.45,172.0,167.45,171.8,2533.0
2020-02-25 15:00:00,NSE:TDPOWERSYS,170.95,172.0,169.3,172.0,4461.0
2020-02-26 09:00:00,NSE:TDPOWERSYS,167.7,168.85,167.5,167.6,2262.0
2020-02-26 10:00:00,NSE:TDPOWERSYS,168.1,168.1,167.5,167.65,344.0
2020-02-26 11:00:00,NSE:TDPOWERSYS,167.7,167.7,167.7,167.7,37.0
2020-02-26 12:00:00,NSE:TDPOWERSYS,167.7,167.7,167.7,167.7,24.0
2020-02-26 13:00:00,NSE:TDPOWERSYS,167.7,168.9,167.65,168.9,242.0
2020-02-26 14:00:00,NSE:TDPOWERSYS,169.0,170.7,167.0,168.45,1473.0
2020-02-26 15:00:00,NSE:TDPOWERSYS,167.05,169.95,167.0,169.95,4603.0
2020-02-27 09:00:00,NSE:TDPOWERSYS,168.0,168.0,167.0,167.0,2219.0
2020-02-27 10:00:00,NSE:TDPOWERSYS,167.0,168.0,167.0,168.0,796.0
2020-02-27 11:00:00,NSE:TDPOWERSYS,169.2,169.7,168.0,169.5,555.0
2020-02-27 12:00:00,NSE:TDPOWERSYS,169.0,169.0,168.0,168.0,319.0
2020-02-27 13:00:00,NSE:TDPOWERSYS,167.05,167.05,167.05,167.05,50.0
2020-02-27 14:00:00,NSE:TDPOWERSYS,167.2,169.0,167.2,167.85,361.0
2020-02-27 15:00:00,NSE:TDPOWERSYS,168.0,171.8,168.0,170.0,2670.0
2020-02-28 09:00:00,NSE:TDPOWERSYS,168.0,168.0,166.7,167.05,3259.0
2020-02-28 10:00:00,NSE:TDPOWERSYS,167.05,168.0,167.05,167.8,2056.0
2020-02-28 11:00:00,NSE:TDPOWERSYS,167.3,167.65,167.3,167.35,344.0
2020-02-28 12:00:00,NSE:TDPOWERSYS,167.3,167.8,166.7,167.0,3743.0
2020-02-28 13:00:00,NSE:TDPOWERSYS,166.7,166.7,166.3,166.3,1858.0
2020-02-28 14:00:00,NSE:TDPOWERSYS,166.4,170.5,166.4,168.05,7037.0
2020-02-28 15:00:00,NSE:TDPOWERSYS,168.1,169.45,166.2,166.2,8742.0
2020-03-02 09:00:00,NSE:TDPOWERSYS,167.75,169.8,166.5,167.9,2683.0
2020-03-02 10:00:00,NSE:TDPOWERSYS,168.0,168.0,166.55,166.6,517.0
2020-03-02 11:00:00,NSE:TDPOWERSYS,166.6,168.25,166.5,166.55,2297.0
2020-03-02 12:00:00,NSE:TDPOWERSYS,167.9,167.9,166.8,166.8,63.0
2020-03-02 13:00:00,NSE:TDPOWERSYS,166.05,166.05,165.95,165.95,3650.0
2020-03-02 14:00:00,NSE:TDPOWERSYS,165.15,166.45,163.3,164.45,1981.0
2020-03-02 15:00:00,NSE:TDPOWERSYS,163.3,164.85,155.1,159.15,7215.0
2020-03-03 09:00:00,NSE:TDPOWERSYS,155.2,161.2,155.2,160.05,483.0
2020-03-03 10:00:00,NSE:TDPOWERSYS,159.15,161.9,157.5,157.5,2951.0
2020-03-03 11:00:00,NSE:TDPOWERSYS,157.5,157.8,156.5,156.5,1263.0
2020-03-03 12:00:00,NSE:TDPOWERSYS,156.5,157.7,156.5,157.3,734.0
2020-03-03 13:00:00,NSE:TDPOWERSYS,157.0,157.7,156.35,157.4,893.0
2020-03-03 14:00:00,NSE:TDPOWERSYS,157.0,157.55,157.0,157.0,963.0
2020-03-03 15:00:00,NSE:TDPOWERSYS,157.4,158.0,155.1,156.7,5193.0
2020-03-04 09:00:00,NSE:TDPOWERSYS,158.0,159.7,156.1,158.5,3574.0
2020-03-04 10:00:00,NSE:TDPOWERSYS,158.45,158.45,156.8,157.8,4524.0
2020-03-04 11:00:00,NSE:TDPOWERSYS,156.85,157.65,156.55,156.55,100.0
2020-03-04 12:00:00,NSE:TDPOWERSYS,156.55,157.3,156.1,156.1,124.0
2020-03-04 13:00:00,NSE:TDPOWERSYS,157.35,157.35,155.1,155.1,576.0
2020-03-04 14:00:00,NSE:TDPOWERSYS,155.1,155.1,150.05,150.95,2684.0
2020-03-04 15:00:00,NSE:TDPOWERSYS,151.0,153.95,148.85,153.95,2422.0
2020-03-05 09:00:00,NSE:TDPOWERSYS,154.75,154.85,154.0,154.2,5230.0
2020-03-05 10:00:00,NSE:TDPOWERSYS,154.8,155.0,154.0,154.4,827.0
2020-03-05 11:00:00,NSE:TDPOWERSYS,154.4,155.0,154.4,154.9,553.0
2020-03-05 12:00:00,NSE:TDPOWERSYS,155.0,156.0,154.35,155.9,7159.0
2020-03-05 13:00:00,NSE:TDPOWERSYS,155.55,169.2,155.45,162.6,11924.0
2020-03-05 14:00:00,NSE:TDPOWERSYS,162.45,163.95,160.0,162.3,2545.0
2020-03-05 15:00:00,NSE:TDPOWERSYS,162.35,163.85,155.0,156.15,10119.0
2020-03-06 09:00:00,NSE:TDPOWERSYS,150.0,153.95,142.6,151.5,5489.0
2020-03-06 10:00:00,NSE:TDPOWERSYS,151.95,155.75,150.05,150.1,1582.0
2020-03-06 11:00:00,NSE:TDPOWERSYS,150.5,152.0,150.5,150.5,1172.0
2020-03-06 12:00:00,NSE:TDPOWERSYS,151.45,154.0,151.35,153.95,1129.0
2020-03-06 13:00:00,NSE:TDPOWERSYS,153.9,155.45,153.9,154.9,149.0
2020-03-06 14:00:00,NSE:TDPOWERSYS,154.5,154.5,150.6,153.0,3534.0
2020-03-06 15:00:00,NSE:TDPOWERSYS,153.8,167.35,153.5,157.75,4712.0
2020-03-09 09:00:00,NSE:TDPOWERSYS,155.0,155.0,150.05,153.75,609.0
2020-03-09 10:00:00,NSE:TDPOWERSYS,151.05,151.05,146.0,147.05,2043.0
2020-03-09 11:00:00,NSE:TDPOWERSYS,147.0,152.5,147.0,151.85,2208.0
2020-03-09 12:00:00,NSE:TDPOWERSYS,150.3,152.25,145.1,147.45,6633.0
2020-03-09 13:00:00,NSE:TDPOWERSYS,145.3,146.15,144.05,144.15,2571.0
2020-03-09 14:00:00,NSE:TDPOWERSYS,144.05,146.45,143.8,144.9,2677.0
2020-03-09 15:00:00,NSE:TDPOWERSYS,144.9,147.6,143.0,144.0,3419.0
2020-03-11 09:00:00,NSE:TDPOWERSYS,147.95,149.0,146.65,148.35,591.0
2020-03-11 10:00:00,NSE:TDPOWERSYS,148.6,149.85,146.5,146.6,1707.0
2020-03-11 11:00:00,NSE:TDPOWERSYS,146.6,147.0,145.5,145.5,1323.0
2020-03-11 12:00:00,NSE:TDPOWERSYS,145.5,146.05,145.5,146.0,229.0
2020-03-11 13:00:00,NSE:TDPOWERSYS,147.2,147.2,147.2,147.2,100.0
2020-03-11 14:00:00,NSE:TDPOWERSYS,145.55,147.15,145.55,147.1,402.0
2020-03-11 15:00:00,NSE:TDPOWERSYS,146.7,155.0,144.5,147.8,4155.0
2020-03-12 09:00:00,NSE:TDPOWERSYS,143.1,143.15,129.95,135.25,8747.0
2020-03-12 10:00:00,NSE:TDPOWERSYS,135.65,135.65,132.2,133.8,3397.0
2020-03-12 11:00:00,NSE:TDPOWERSYS,135.95,135.95,133.0,134.75,6190.0
2020-03-12 12:00:00,NSE:TDPOWERSYS,133.65,137.7,133.65,136.35,3648.0
2020-03-12 13:00:00,NSE:TDPOWERSYS,136.25,136.85,135.7,136.75,1047.0
2020-03-12 14:00:00,NSE:TDPOWERSYS,135.6,135.6,132.2,132.2,2337.0
2020-03-12 15:00:00,NSE:TDPOWERSYS,133.05,138.8,133.05,138.75,2779.0
2020-03-13 09:00:00,NSE:TDPOWERSYS,125.0,125.0,116.65,122.0,1236.0
2020-03-13 10:00:00,NSE:TDPOWERSYS,122.0,139.8,110.0,134.9,5617.0
2020-03-13 11:00:00,NSE:TDPOWERSYS,130.4,135.95,130.2,130.4,1730.0
2020-03-13 12:00:00,NSE:TDPOWERSYS,131.95,134.9,130.25,134.9,3544.0
2020-03-13 13:00:00,NSE:TDPOWERSYS,133.05,136.9,130.8,132.9,8394.0
2020-03-13 14:00:00,NSE:TDPOWERSYS,132.05,133.65,130.2,130.2,2360.0
2020-03-13 15:00:00,NSE:TDPOWERSYS,131.0,136.0,130.05,132.3,4017.0
2020-03-16 09:00:00,NSE:TDPOWERSYS,130.0,130.0,119.95,124.5,6390.0
2020-03-16 10:00:00,NSE:TDPOWERSYS,124.05,124.9,121.65,123.3,4160.0
2020-03-16 11:00:00,NSE:TDPOWERSYS,122.1,125.9,122.0,125.0,927.0
2020-03-16 12:00:00,NSE:TDPOWERSYS,123.95,129.15,118.0,118.25,12174.0
2020-03-16 13:00:00,NSE:TDPOWERSYS,118.5,119.45,117.0,118.3,2069.0
2020-03-16 14:00:00,NSE:TDPOWERSYS,118.3,119.0,116.0,118.0,3715.0
2020-03-16 15:00:00,NSE:TDPOWERSYS,118.0,120.0,116.0,118.6,5627.0
2020-03-17 09:00:00,NSE:TDPOWERSYS,111.0,119.9,111.0,119.0,3518.0
2020-03-17 10:00:00,NSE:TDPOWERSYS,118.3,120.15,118.3,119.3,1750.0
2020-03-17 11:00:00,NSE:TDPOWERSYS,119.05,119.05,112.2,114.0,5198.0
2020-03-17 12:00:00,NSE:TDPOWERSYS,113.95,115.0,110.25,113.05,6538.0
2020-03-17 13:00:00,NSE:TDPOWERSYS,113.95,114.7,112.7,112.7,809.0
2020-03-17 14:00:00,NSE:TDPOWERSYS,112.7,114.3,111.95,113.8,4493.0
2020-03-17 15:00:00,NSE:TDPOWERSYS,112.25,112.25,107.3,112.0,4467.0
2020-03-18 09:00:00,NSE:TDPOWERSYS,110.0,117.45,110.0,112.0,3894.0
2020-03-18 10:00:00,NSE:TDPOWERSYS,112.05,113.75,112.05,112.3,3191.0
2020-03-18 11:00:00,NSE:TDPOWERSYS,113.3,113.3,110.0,110.0,2745.0
2020-03-18 12:00:00,NSE:TDPOWERSYS,108.9,108.9,103.05,106.9,4950.0
2020-03-18 13:00:00,NSE:TDPOWERSYS,105.0,110.8,105.0,107.9,5003.0
2020-03-18 14:00:00,NSE:TDPOWERSYS,108.05,112.1,108.0,109.75,2173.0
2020-03-18 15:00:00,NSE:TDPOWERSYS,109.9,118.15,109.5,114.1,5585.0
2020-03-19 09:00:00,NSE:TDPOWERSYS,115.0,117.2,102.7,102.7,24017.0
2020-03-19 10:00:00,NSE:TDPOWERSYS,103.95,103.95,95.55,98.9,8880.0
2020-03-19 11:00:00,NSE:TDPOWERSYS,98.05,105.0,98.05,100.65,40632.0
2020-03-19 12:00:00,NSE:TDPOWERSYS,101.0,101.7,100.0,101.5,3485.0
2020-03-19 13:00:00,NSE:TDPOWERSYS,101.5,103.9,99.0,99.35,7221.0
2020-03-19 14:00:00,NSE:TDPOWERSYS,99.95,100.15,99.3,99.3,6551.0
2020-03-19 15:00:00,NSE:TDPOWERSYS,98.75,98.75,95.55,97.1,4434.0
2020-03-20 09:00:00,NSE:TDPOWERSYS,100.0,101.7,95.1,95.15,2092.0
2020-03-20 10:00:00,NSE:TDPOWERSYS,94.95,95.1,93.3,95.0,3687.0
2020-03-20 11:00:00,NSE:TDPOWERSYS,95.25,95.25,92.6,92.95,8204.0
2020-03-20 12:00:00,NSE:TDPOWERSYS,95.2,100.2,93.0,97.85,6429.0
2020-03-20 13:00:00,NSE:TDPOWERSYS,96.15,98.0,96.15,96.35,1134.0
2020-03-20 14:00:00,NSE:TDPOWERSYS,96.2,96.25,94.7,95.0,1886.0
2020-03-20 15:00:00,NSE:TDPOWERSYS,95.8,97.0,95.0,95.0,3314.0
2020-03-23 09:00:00,NSE:TDPOWERSYS,82.1,87.2,80.95,83.5,1856.0
2020-03-23 10:00:00,NSE:TDPOWERSYS,80.05,80.05,77.3,77.3,6856.0
2020-03-23 11:00:00,NSE:TDPOWERSYS,80.0,94.0,77.25,80.5,6521.0
2020-03-23 12:00:00,NSE:TDPOWERSYS,79.9,98.7,77.5,86.65,7508.0
2020-03-23 13:00:00,NSE:TDPOWERSYS,86.65,93.65,86.65,87.55,996.0
2020-03-23 14:00:00,NSE:TDPOWERSYS,87.55,89.95,86.85,87.45,422.0
2020-03-23 15:00:00,NSE:TDPOWERSYS,87.45,88.1,80.0,85.9,2324.0
2020-03-24 09:00:00,NSE:TDPOWERSYS,86.95,86.95,80.1,80.15,5194.0
2020-03-24 10:00:00,NSE:TDPOWERSYS,80.4,81.0,79.0,81.0,1686.0
2020-03-24 11:00:00,NSE:TDPOWERSYS,81.0,82.8,80.35,82.05,853.0
2020-03-24 12:00:00,NSE:TDPOWERSYS,82.05,83.85,82.05,82.2,141.0
2020-03-24 13:00:00,NSE:TDPOWERSYS,82.2,82.2,81.0,81.0,308.0
2020-03-24 14:00:00,NSE:TDPOWERSYS,82.65,82.7,79.2,79.2,400.0
2020-03-24 15:00:00,NSE:TDPOWERSYS,81.25,81.85,79.15,79.15,425.0
2020-03-25 09:00:00,NSE:TDPOWERSYS,76.0,76.0,76.0,76.0,35.0
2020-03-25 10:00:00,NSE:TDPOWERSYS,75.9,82.35,72.0,76.9,2595.0
2020-03-25 11:00:00,NSE:TDPOWERSYS,75.9,75.9,71.75,72.5,4171.0
2020-03-25 12:00:00,NSE:TDPOWERSYS,72.5,74.0,71.8,74.0,1436.0
2020-03-25 13:00:00,NSE:TDPOWERSYS,74.0,79.3,71.75,79.3,3217.0
2020-03-25 14:00:00,NSE:TDPOWERSYS,79.3,80.0,76.1,79.7,8279.0
2020-03-25 15:00:00,NSE:TDPOWERSYS,79.9,81.75,77.0,79.55,2054.0
2020-03-26 09:00:00,NSE:TDPOWERSYS,79.4,80.1,79.4,80.0,207.0
2020-03-26 10:00:00,NSE:TDPOWERSYS,82.85,84.95,79.65,81.9,1936.0
2020-03-26 11:00:00,NSE:TDPOWERSYS,81.9,85.5,81.9,85.0,25487.0
2020-03-26 12:00:00,NSE:TDPOWERSYS,83.0,84.7,82.95,84.15,410.0
2020-03-26 13:00:00,NSE:TDPOWERSYS,84.3,84.45,81.8,83.05,107.0
2020-03-26 14:00:00,NSE:TDPOWERSYS,81.0,81.75,74.0,76.35,8553.0
2020-03-26 15:00:00,NSE:TDPOWERSYS,76.25,78.35,76.25,77.5,5422.0
2020-03-27 09:00:00,NSE:TDPOWERSYS,84.0,84.0,77.0,80.0,206.0
2020-03-27 10:00:00,NSE:TDPOWERSYS,81.95,81.95,70.0,74.5,17245.0
2020-03-27 11:00:00,NSE:TDPOWERSYS,74.5,76.95,73.0,75.85,1356.0
2020-03-27 12:00:00,NSE:TDPOWERSYS,75.85,76.8,75.85,76.5,967.0
2020-03-27 13:00:00,NSE:TDPOWERSYS,76.5,77.0,75.0,77.0,608.0
2020-03-27 14:00:00,NSE:TDPOWERSYS,77.55,79.0,76.2,79.0,4358.0
2020-03-27 15:00:00,NSE:TDPOWERSYS,78.95,78.95,75.0,75.0,722.0
2020-03-30 09:00:00,NSE:TDPOWERSYS,70.25,77.95,70.25,74.3,2350.0
2020-03-30 10:00:00,NSE:TDPOWERSYS,74.85,77.0,74.1,77.0,1130.0
2020-03-30 11:00:00,NSE:TDPOWERSYS,76.05,76.05,76.05,76.05,49.0
2020-03-30 12:00:00,NSE:TDPOWERSYS,75.0,76.8,75.0,76.0,172.0
2020-03-30 13:00:00,NSE:TDPOWERSYS,76.0,76.95,76.0,76.85,2477.0
2020-03-30 15:00:00,NSE:TDPOWERSYS,75.0,81.75,74.5,81.75,4714.0
2020-03-31 09:00:00,NSE:TDPOWERSYS,76.0,78.5,75.35,78.5,473.0
2020-03-31 10:00:00,NSE:TDPOWERSYS,76.8,77.4,76.8,77.4,266.0
2020-03-31 11:00:00,NSE:TDPOWERSYS,75.55,79.25,75.55,79.25,311.0
2020-03-31 12:00:00,NSE:TDPOWERSYS,79.95,81.25,79.95,81.25,100.0
2020-03-31 13:00:00,NSE:TDPOWERSYS,81.25,81.25,80.0,80.0,187.0
2020-03-31 14:00:00,NSE:TDPOWERSYS,81.25,83.1,79.65,83.0,3714.0
2020-03-31 15:00:00,NSE:TDPOWERSYS,83.55,85.0,83.55,85.0,1578.0
2020-04-01 09:00:00,NSE:TDPOWERSYS,81.55,82.0,81.55,82.0,2.0
2020-04-01 10:00:00,NSE:TDPOWERSYS,82.15,89.0,82.15,83.2,332.0
2020-04-01 11:00:00,NSE:TDPOWERSYS,83.3,83.3,83.3,83.3,1.0
2020-04-01 12:00:00,NSE:TDPOWERSYS,84.75,87.65,84.6,84.75,53.0
2020-04-01 13:00:00,NSE:TDPOWERSYS,87.85,87.9,85.2,85.35,355.0
2020-04-01 14:00:00,NSE:TDPOWERSYS,85.35,86.85,85.35,85.35,152.0
2020-04-01 15:00:00,NSE:TDPOWERSYS,86.75,91.8,85.7,91.8,1116.0
2020-04-03 09:00:00,NSE:TDPOWERSYS,93.5,93.5,85.0,85.4,250.0
2020-04-03 10:00:00,NSE:TDPOWERSYS,85.6,92.7,85.6,88.1,202.0
2020-04-03 11:00:00,NSE:TDPOWERSYS,92.85,96.0,88.7,89.9,3371.0
2020-04-03 12:00:00,NSE:TDPOWERSYS,89.0,89.9,85.6,89.9,1869.0
2020-04-03 13:00:00,NSE:TDPOWERSYS,89.7,89.7,84.0,88.85,1018.0
2020-04-03 14:00:00,NSE:TDPOWERSYS,87.5,89.4,86.0,88.95,98.0
2020-04-03 15:00:00,NSE:TDPOWERSYS,88.95,89.5,84.15,85.55,365.0
2020-04-07 09:00:00,NSE:TDPOWERSYS,92.5,92.5,83.75,91.9,893.0
2020-04-07 10:00:00,NSE:TDPOWERSYS,86.5,86.5,86.5,86.5,1.0
2020-04-07 11:00:00,NSE:TDPOWERSYS,87.5,90.75,86.7,87.4,101.0
2020-04-07 12:00:00,NSE:TDPOWERSYS,87.5,89.65,87.2,89.65,249.0
2020-04-07 13:00:00,NSE:TDPOWERSYS,89.9,89.9,87.3,87.45,305.0
2020-04-07 14:00:00,NSE:TDPOWERSYS,91.0,91.0,87.7,88.3,421.0
2020-04-07 15:00:00,NSE:TDPOWERSYS,87.45,87.45,81.05,84.4,7291.0
2020-04-08 09:00:00,NSE:TDPOWERSYS,83.25,86.25,83.25,85.6,1068.0
2020-04-08 10:00:00,NSE:TDPOWERSYS,85.45,87.9,84.1,87.9,1037.0
2020-04-08 11:00:00,NSE:TDPOWERSYS,87.2,89.85,87.0,88.9,6264.0
2020-04-08 12:00:00,NSE:TDPOWERSYS,89.0,89.05,87.2,87.55,1937.0
2020-04-08 13:00:00,NSE:TDPOWERSYS,87.55,89.0,87.55,89.0,2109.0
2020-04-08 14:00:00,NSE:TDPOWERSYS,89.0,89.0,86.3,89.0,2265.0
2020-04-08 15:00:00,NSE:TDPOWERSYS,88.9,89.0,88.9,89.0,5569.0
2020-04-09 09:00:00,NSE:TDPOWERSYS,96.0,96.0,91.0,91.0,136.0
2020-04-09 10:00:00,NSE:TDPOWERSYS,93.7,93.7,91.15,91.2,212.0
2020-04-09 11:00:00,NSE:TDPOWERSYS,91.5,92.0,90.35,90.6,224.0
2020-04-09 12:00:00,NSE:TDPOWERSYS,91.95,92.25,89.0,90.95,1082.0
2020-04-09 13:00:00,NSE:TDPOWERSYS,90.05,90.05,90.05,90.05,4.0
2020-04-09 14:00:00,NSE:TDPOWERSYS,91.05,91.1,90.25,90.25,314.0
2020-04-09 15:00:00,NSE:TDPOWERSYS,90.25,90.4,87.5,88.3,5765.0
2020-04-13 09:00:00,NSE:TDPOWERSYS,87.2,87.2,84.25,84.95,706.0
2020-04-13 10:00:00,NSE:TDPOWERSYS,84.95,85.0,82.8,84.0,1140.0
2020-04-13 11:00:00,NSE:TDPOWERSYS,84.0,86.0,83.0,85.8,2376.0
2020-04-13 12:00:00,NSE:TDPOWERSYS,85.4,85.75,84.85,85.0,146.0
2020-04-13 13:00:00,NSE:TDPOWERSYS,84.9,85.05,84.0,84.0,8154.0
2020-04-13 14:00:00,NSE:TDPOWERSYS,84.55,86.0,83.95,85.05,4463.0
2020-04-13 15:00:00,NSE:TDPOWERSYS,85.95,85.95,81.2,83.25,6497.0
2020-04-15 09:00:00,NSE:TDPOWERSYS,80.2,83.65,80.2,83.4,6853.0
2020-04-15 10:00:00,NSE:TDPOWERSYS,83.65,83.7,81.05,81.05,2605.0
2020-04-15 11:00:00,NSE:TDPOWERSYS,83.0,83.2,82.1,83.15,10316.0
2020-04-15 12:00:00,NSE:TDPOWERSYS,83.5,84.0,82.95,83.0,8661.0
2020-04-15 13:00:00,NSE:TDPOWERSYS,83.0,83.5,83.0,83.15,2231.0
2020-04-15 14:00:00,NSE:TDPOWERSYS,83.2,83.4,82.0,83.0,6325.0
2020-04-15 15:00:00,NSE:TDPOWERSYS,82.95,82.95,81.05,82.05,569.0
2020-04-16 09:00:00,NSE:TDPOWERSYS,87.0,87.0,81.05,84.9,685.0
2020-04-16 10:00:00,NSE:TDPOWERSYS,83.95,83.95,83.75,83.75,137.0
2020-04-16 11:00:00,NSE:TDPOWERSYS,83.95,85.0,83.95,84.0,863.0
2020-04-16 12:00:00,NSE:TDPOWERSYS,84.05,84.2,84.0,84.2,332.0
2020-04-16 13:00:00,NSE:TDPOWERSYS,84.6,85.9,84.0,84.0,1216.0
2020-04-16 14:00:00,NSE:TDPOWERSYS,83.8,88.0,83.8,85.55,2728.0
2020-04-16 15:00:00,NSE:TDPOWERSYS,85.55,86.0,84.7,85.65,1880.0
2020-04-17 09:00:00,NSE:TDPOWERSYS,88.55,88.55,86.25,88.0,4129.0
2020-04-17 10:00:00,NSE:TDPOWERSYS,88.05,88.05,86.6,86.6,662.0
2020-04-17 11:00:00,NSE:TDPOWERSYS,87.0,87.2,86.5,86.5,4429.0
2020-04-17 12:00:00,NSE:TDPOWERSYS,87.6,88.05,87.5,88.0,125.0
2020-04-17 13:00:00,NSE:TDPOWERSYS,88.0,88.05,86.7,88.0,578.0
2020-04-17 14:00:00,NSE:TDPOWERSYS,87.05,88.0,87.0,87.5,2010.0
2020-04-17 15:00:00,NSE:TDPOWERSYS,86.85,88.5,86.25,88.5,6838.0
2020-04-20 09:00:00,NSE:TDPOWERSYS,89.0,94.5,88.35,91.35,3746.0
2020-04-20 10:00:00,NSE:TDPOWERSYS,91.95,91.95,91.35,91.5,639.0
2020-04-20 11:00:00,NSE:TDPOWERSYS,92.1,92.1,89.4,89.85,630.0
2020-04-20 12:00:00,NSE:TDPOWERSYS,90.0,90.0,87.9,89.7,820.0
2020-04-20 13:00:00,NSE:TDPOWERSYS,90.0,91.0,90.0,91.0,494.0
2020-04-20 14:00:00,NSE:TDPOWERSYS,90.55,93.3,90.55,93.0,3605.0
2020-04-20 15:00:00,NSE:TDPOWERSYS,91.8,94.0,90.9,93.1,975.0
2020-04-21 09:00:00,NSE:TDPOWERSYS,90.0,90.5,89.05,89.1,2793.0
2020-04-21 10:00:00,NSE:TDPOWERSYS,89.1,90.0,89.1,90.0,872.0
2020-04-21 11:00:00,NSE:TDPOWERSYS,90.0,91.65,90.0,91.5,266.0
2020-04-21 12:00:00,NSE:TDPOWERSYS,91.95,91.95,90.2,90.25,588.0
2020-04-21 13:00:00,NSE:TDPOWERSYS,90.0,91.05,88.95,91.05,821.0
2020-04-21 14:00:00,NSE:TDPOWERSYS,91.0,91.05,91.0,91.0,287.0
2020-04-21 15:00:00,NSE:TDPOWERSYS,91.8,92.0,90.0,92.0,3250.0
2020-04-22 09:00:00,NSE:TDPOWERSYS,88.15,90.0,88.15,90.0,619.0
2020-04-22 10:00:00,NSE:TDPOWERSYS,90.0,90.45,90.0,90.45,51.0
2020-04-22 11:00:00,NSE:TDPOWERSYS,90.45,90.7,90.45,90.7,181.0
2020-04-22 12:00:00,NSE:TDPOWERSYS,91.0,91.0,90.8,90.8,20.0
2020-04-22 13:00:00,NSE:TDPOWERSYS,90.8,91.0,90.8,91.0,164.0
2020-04-22 14:00:00,NSE:TDPOWERSYS,90.8,91.0,90.75,91.0,593.0
2020-04-22 15:00:00,NSE:TDPOWERSYS,91.0,91.0,90.1,90.1,1203.0
2020-04-23 10:00:00,NSE:TDPOWERSYS,91.0,91.05,90.1,91.05,928.0
2020-04-23 11:00:00,NSE:TDPOWERSYS,90.45,92.55,90.45,91.9,134.0
2020-04-23 12:00:00,NSE:TDPOWERSYS,90.75,90.75,90.75,90.75,200.0
2020-04-23 13:00:00,NSE:TDPOWERSYS,91.5,92.0,90.5,90.65,2087.0
2020-04-23 14:00:00,NSE:TDPOWERSYS,90.5,91.0,90.5,90.95,719.0
2020-04-23 15:00:00,NSE:TDPOWERSYS,90.8,94.0,89.9,90.25,1151.0
2020-04-24 09:00:00,NSE:TDPOWERSYS,95.0,95.0,90.35,93.9,1129.0
2020-04-24 10:00:00,NSE:TDPOWERSYS,91.15,95.75,91.15,93.65,2881.0
2020-04-24 11:00:00,NSE:TDPOWERSYS,93.8,95.8,92.95,93.0,1430.0
2020-04-24 12:00:00,NSE:TDPOWERSYS,95.0,95.35,94.8,94.8,7603.0
2020-04-24 13:00:00,NSE:TDPOWERSYS,94.8,94.8,94.8,94.8,5.0
2020-04-24 14:00:00,NSE:TDPOWERSYS,94.0,94.0,92.8,93.0,5194.0
2020-04-24 15:00:00,NSE:TDPOWERSYS,93.0,93.95,93.0,93.0,1243.0
2020-04-27 09:00:00,NSE:TDPOWERSYS,93.0,93.15,92.0,92.0,7028.0
2020-04-27 10:00:00,NSE:TDPOWERSYS,92.0,94.75,92.0,93.0,340.0
2020-04-27 11:00:00,NSE:TDPOWERSYS,92.3,94.65,92.0,92.0,3063.0
2020-04-27 12:00:00,NSE:TDPOWERSYS,92.0,93.0,91.1,93.0,6750.0
2020-04-27 13:00:00,NSE:TDPOWERSYS,93.0,93.0,91.0,92.0,16681.0
2020-04-27 14:00:00,NSE:TDPOWERSYS,92.0,92.0,88.25,90.0,10918.0
2020-04-27 15:00:00,NSE:TDPOWERSYS,90.05,91.15,88.8,90.05,1875.0
2020-04-28 09:00:00,NSE:TDPOWERSYS,90.15,90.15,90.1,90.1,593.0
2020-04-28 10:00:00,NSE:TDPOWERSYS,89.95,90.0,89.9,90.0,1533.0
2020-04-28 11:00:00,NSE:TDPOWERSYS,88.5,90.0,88.5,90.0,105.0
2020-04-28 12:00:00,NSE:TDPOWERSYS,88.45,89.95,88.4,89.95,6.0
2020-04-28 13:00:00,NSE:TDPOWERSYS,89.95,89.95,88.45,88.5,425.0
2020-04-28 14:00:00,NSE:TDPOWERSYS,88.45,89.35,85.7,86.25,2142.0
2020-04-28 15:00:00,NSE:TDPOWERSYS,86.95,90.0,86.9,89.05,4794.0
2020-04-29 09:00:00,NSE:TDPOWERSYS,87.25,88.25,87.25,88.25,207.0
2020-04-29 10:00:00,NSE:TDPOWERSYS,89.0,89.0,88.55,88.55,540.0
2020-04-29 11:00:00,NSE:TDPOWERSYS,88.65,89.0,88.65,89.0,6.0
2020-04-29 12:00:00,NSE:TDPOWERSYS,88.7,89.0,88.7,89.0,19.0
2020-04-29 13:00:00,NSE:TDPOWERSYS,89.2,90.85,89.2,90.75,14.0
2020-04-29 14:00:00,NSE:TDPOWERSYS,90.65,91.0,90.45,91.0,777.0
2020-04-29 15:00:00,NSE:TDPOWERSYS,93.05,93.05,89.0,91.5,2259.0
2020-04-30 09:00:00,NSE:TDPOWERSYS,92.0,96.0,92.0,92.7,6976.0
2020-04-30 10:00:00,NSE:TDPOWERSYS,92.65,94.0,90.6,90.6,5424.0
2020-04-30 11:00:00,NSE:TDPOWERSYS,92.5,92.5,90.55,92.4,419.0
2020-04-30 12:00:00,NSE:TDPOWERSYS,91.2,91.2,88.15,90.75,1888.0
2020-04-30 13:00:00,NSE:TDPOWERSYS,88.55,90.8,88.5,90.8,464.0
2020-04-30 14:00:00,NSE:TDPOWERSYS,92.2,92.2,89.2,89.95,823.0
2020-04-30 15:00:00,NSE:TDPOWERSYS,90.0,92.5,89.5,89.75,1521.0
2020-05-04 09:00:00,NSE:TDPOWERSYS,87.1,89.85,86.3,86.3,377.0
2020-05-04 10:00:00,NSE:TDPOWERSYS,88.3,88.45,86.3,86.3,242.0
2020-05-04 11:00:00,NSE:TDPOWERSYS,87.0,88.7,87.0,88.7,7.0
2020-05-04 12:00:00,NSE:TDPOWERSYS,87.0,87.0,87.0,87.0,5.0
2020-05-04 14:00:00,NSE:TDPOWERSYS,88.15,88.5,87.2,88.5,413.0
2020-05-04 15:00:00,NSE:TDPOWERSYS,88.9,89.45,85.2,85.3,2221.0
2020-05-05 09:00:00,NSE:TDPOWERSYS,86.0,86.0,86.0,86.0,8.0
2020-05-05 10:00:00,NSE:TDPOWERSYS,87.0,90.05,87.0,88.7,433.0
2020-05-05 11:00:00,NSE:TDPOWERSYS,88.65,88.65,88.6,88.6,197.0
2020-05-05 13:00:00,NSE:TDPOWERSYS,89.3,89.3,89.3,89.3,205.0
2020-05-05 14:00:00,NSE:TDPOWERSYS,87.15,89.0,86.55,89.0,347.0
2020-05-05 15:00:00,NSE:TDPOWERSYS,86.55,88.3,85.05,85.7,835.0
2020-05-06 09:00:00,NSE:TDPOWERSYS,88.0,88.0,86.0,86.0,32.0
2020-05-06 10:00:00,NSE:TDPOWERSYS,85.0,85.0,85.0,85.0,100.0
2020-05-06 11:00:00,NSE:TDPOWERSYS,85.8,85.8,85.8,85.8,90.0
2020-05-06 12:00:00,NSE:TDPOWERSYS,85.8,85.8,85.8,85.8,64.0
2020-05-06 13:00:00,NSE:TDPOWERSYS,86.75,86.75,85.8,85.8,3.0
2020-05-06 14:00:00,NSE:TDPOWERSYS,86.9,86.9,85.15,85.85,768.0
2020-05-06 15:00:00,NSE:TDPOWERSYS,85.1,86.5,85.1,85.2,174.0
2020-05-07 10:00:00,NSE:TDPOWERSYS,85.5,87.35,85.5,87.3,102.0
2020-05-07 11:00:00,NSE:TDPOWERSYS,87.3,87.5,85.0,85.05,537.0
2020-05-07 12:00:00,NSE:TDPOWERSYS,86.9,86.9,86.9,86.9,10.0
2020-05-07 13:00:00,NSE:TDPOWERSYS,85.0,86.45,83.6,84.8,2392.0
2020-05-07 14:00:00,NSE:TDPOWERSYS,84.75,86.5,84.55,86.4,1128.0
2020-05-07 15:00:00,NSE:TDPOWERSYS,84.65,85.0,84.65,84.75,320.0
2020-05-08 09:00:00,NSE:TDPOWERSYS,85.45,86.45,84.55,85.95,724.0
2020-05-08 10:00:00,NSE:TDPOWERSYS,86.05,87.0,86.0,86.0,311.0
2020-05-08 11:00:00,NSE:TDPOWERSYS,86.05,86.85,86.0,86.0,32.0
2020-05-08 12:00:00,NSE:TDPOWERSYS,86.1,86.1,86.1,86.1,15.0
2020-05-08 13:00:00,NSE:TDPOWERSYS,85.9,85.9,84.1,84.1,687.0
2020-05-08 14:00:00,NSE:TDPOWERSYS,84.1,85.55,82.95,83.5,7308.0
2020-05-08 15:00:00,NSE:TDPOWERSYS,83.4,85.7,82.9,84.0,437.0
2020-05-11 09:00:00,NSE:TDPOWERSYS,86.55,86.55,82.45,84.7,2250.0
2020-05-11 10:00:00,NSE:TDPOWERSYS,83.6,84.7,83.0,83.0,898.0
2020-05-11 11:00:00,NSE:TDPOWERSYS,84.0,84.0,83.05,83.05,744.0
2020-05-11 12:00:00,NSE:TDPOWERSYS,83.0,83.45,82.0,82.0,1592.0
2020-05-11 13:00:00,NSE:TDPOWERSYS,83.5,84.5,82.3,84.5,2577.0
2020-05-11 14:00:00,NSE:TDPOWERSYS,84.4,84.4,82.55,82.55,876.0
2020-05-11 15:00:00,NSE:TDPOWERSYS,82.6,84.5,82.6,83.1,2433.0
2020-05-12 09:00:00,NSE:TDPOWERSYS,82.2,82.3,82.1,82.1,142.0
2020-05-12 10:00:00,NSE:TDPOWERSYS,84.8,84.8,84.8,84.8,10.0
2020-05-12 11:00:00,NSE:TDPOWERSYS,82.1,84.75,82.1,82.1,549.0
2020-05-12 12:00:00,NSE:TDPOWERSYS,82.1,83.75,81.4,82.15,47.0
2020-05-12 13:00:00,NSE:TDPOWERSYS,82.5,82.5,80.9,81.9,603.0
2020-05-12 14:00:00,NSE:TDPOWERSYS,81.9,82.0,79.9,81.3,3414.0
2020-05-12 15:00:00,NSE:TDPOWERSYS,83.0,83.0,81.1,81.1,508.0
2020-05-13 09:00:00,NSE:TDPOWERSYS,85.9,85.9,81.0,82.95,334.0
2020-05-13 10:00:00,NSE:TDPOWERSYS,83.45,83.45,82.1,82.25,254.0
2020-05-13 11:00:00,NSE:TDPOWERSYS,82.1,83.45,82.0,83.45,2142.0
2020-05-13 13:00:00,NSE:TDPOWERSYS,82.8,82.8,82.8,82.8,5.0
2020-05-13 14:00:00,NSE:TDPOWERSYS,83.0,83.65,82.0,82.1,474.0
2020-05-13 15:00:00,NSE:TDPOWERSYS,84.7,84.7,82.2,83.1,407.0
2020-05-14 09:00:00,NSE:TDPOWERSYS,83.0,83.9,83.0,83.7,854.0
2020-05-14 10:00:00,NSE:TDPOWERSYS,82.1,82.45,82.1,82.45,154.0
2020-05-14 11:00:00,NSE:TDPOWERSYS,82.45,82.7,82.45,82.45,455.0
2020-05-14 12:00:00,NSE:TDPOWERSYS,82.5,82.5,81.55,81.55,486.0
2020-05-14 13:00:00,NSE:TDPOWERSYS,83.5,83.5,83.5,83.5,111.0
2020-05-14 14:00:00,NSE:TDPOWERSYS,82.2,83.35,81.7,82.25,735.0
2020-05-14 15:00:00,NSE:TDPOWERSYS,82.5,82.5,80.6,81.4,584.0
2020-05-15 09:00:00,NSE:TDPOWERSYS,81.05,82.2,80.3,81.45,2109.0
2020-05-15 10:00:00,NSE:TDPOWERSYS,81.1,82.6,81.1,82.5,1001.0
2020-05-15 11:00:00,NSE:TDPOWERSYS,81.8,82.55,81.05,81.2,1405.0
2020-05-15 13:00:00,NSE:TDPOWERSYS,81.2,81.2,81.2,81.2,100.0
2020-05-15 14:00:00,NSE:TDPOWERSYS,81.9,81.9,81.9,81.9,93.0
2020-05-15 15:00:00,NSE:TDPOWERSYS,82.05,82.9,82.05,82.9,586.0
2020-05-18 09:00:00,NSE:TDPOWERSYS,82.0,82.0,80.5,80.5,156.0
2020-05-18 10:00:00,NSE:TDPOWERSYS,80.05,81.9,75.05,78.0,4388.0
2020-05-18 11:00:00,NSE:TDPOWERSYS,78.0,78.2,78.0,78.0,1043.0
2020-05-18 12:00:00,NSE:TDPOWERSYS,78.35,78.55,78.0,78.55,262.0
2020-05-18 13:00:00,NSE:TDPOWERSYS,78.0,78.45,77.0,78.4,1212.0
2020-05-18 14:00:00,NSE:TDPOWERSYS,78.1,78.7,77.75,78.7,1154.0
2020-05-18 15:00:00,NSE:TDPOWERSYS,78.55,80.05,78.0,80.05,6148.0
2020-05-19 09:00:00,NSE:TDPOWERSYS,79.1,81.85,78.1,79.3,3264.0
2020-05-19 10:00:00,NSE:TDPOWERSYS,80.0,80.3,78.7,79.0,6143.0
2020-05-19 11:00:00,NSE:TDPOWERSYS,79.0,80.8,78.7,80.0,2207.0
2020-05-19 12:00:00,NSE:TDPOWERSYS,80.6,81.25,80.35,81.25,6023.0
2020-05-19 13:00:00,NSE:TDPOWERSYS,80.5,81.0,80.15,80.15,103.0
2020-05-19 14:00:00,NSE:TDPOWERSYS,80.0,81.15,80.0,81.15,409.0
2020-05-19 15:00:00,NSE:TDPOWERSYS,80.85,81.7,80.0,80.7,2442.0
2020-05-20 09:00:00,NSE:TDPOWERSYS,80.0,80.0,77.95,79.0,165.0
2020-05-20 10:00:00,NSE:TDPOWERSYS,79.0,80.55,79.0,80.0,456.0
2020-05-20 11:00:00,NSE:TDPOWERSYS,79.2,80.8,78.15,78.4,2057.0
2020-05-20 12:00:00,NSE:TDPOWERSYS,78.4,80.75,78.4,79.3,187.0
2020-05-20 13:00:00,NSE:TDPOWERSYS,80.05,80.25,80.0,80.25,1019.0
2020-05-20 14:00:00,NSE:TDPOWERSYS,80.85,81.05,80.05,81.05,2679.0
2020-05-20 15:00:00,NSE:TDPOWERSYS,81.15,82.75,80.75,82.4,183.0
2020-05-21 09:00:00,NSE:TDPOWERSYS,80.0,82.5,80.0,80.25,233.0
2020-05-21 10:00:00,NSE:TDPOWERSYS,80.2,82.0,80.2,82.0,57.0
2020-05-21 11:00:00,NSE:TDPOWERSYS,80.45,80.45,80.4,80.4,20.0
2020-05-21 12:00:00,NSE:TDPOWERSYS,81.35,81.35,81.35,81.35,59.0
2020-05-21 13:00:00,NSE:TDPOWERSYS,82.0,82.4,82.0,82.0,329.0
2020-05-21 14:00:00,NSE:TDPOWERSYS,82.0,83.0,82.0,83.0,859.0
2020-05-21 15:00:00,NSE:TDPOWERSYS,84.75,84.75,81.2,81.2,501.0
2020-05-22 09:00:00,NSE:TDPOWERSYS,82.5,82.75,80.15,80.5,41.0
2020-05-22 10:00:00,NSE:TDPOWERSYS,81.1,81.1,80.1,80.15,191.0
2020-05-22 11:00:00,NSE:TDPOWERSYS,80.15,80.15,80.1,80.1,127.0
2020-05-22 12:00:00,NSE:TDPOWERSYS,78.55,78.6,78.55,78.6,47.0
2020-05-22 13:00:00,NSE:TDPOWERSYS,79.95,80.1,79.95,80.0,412.0
2020-05-22 14:00:00,NSE:TDPOWERSYS,78.0,81.0,78.0,81.0,2417.0
2020-05-22 15:00:00,NSE:TDPOWERSYS,80.6,83.9,78.0,78.0,3148.0
2020-05-26 09:00:00,NSE:TDPOWERSYS,79.9,79.9,77.25,78.3,110.0
2020-05-26 10:00:00,NSE:TDPOWERSYS,78.35,81.6,78.35,79.25,2046.0
2020-05-26 11:00:00,NSE:TDPOWERSYS,80.0,80.3,78.8,78.8,446.0
2020-05-26 12:00:00,NSE:TDPOWERSYS,80.25,81.9,78.85,79.0,296.0
2020-05-26 13:00:00,NSE:TDPOWERSYS,80.05,81.0,79.85,80.45,678.0
2020-05-26 14:00:00,NSE:TDPOWERSYS,79.1,79.7,79.1,79.7,50.0
2020-05-26 15:00:00,NSE:TDPOWERSYS,79.8,80.7,78.0,79.5,3246.0
2020-05-27 09:00:00,NSE:TDPOWERSYS,81.5,82.55,78.05,78.1,327.0
2020-05-27 10:00:00,NSE:TDPOWERSYS,79.35,79.4,79.35,79.4,57.0
2020-05-27 11:00:00,NSE:TDPOWERSYS,79.35,79.35,78.0,78.9,65.0
2020-05-27 12:00:00,NSE:TDPOWERSYS,78.85,78.85,78.85,78.85,1.0
2020-05-27 13:00:00,NSE:TDPOWERSYS,78.5,82.4,78.5,81.8,4822.0
2020-05-27 14:00:00,NSE:TDPOWERSYS,81.55,82.95,80.15,82.0,6483.0
2020-05-27 15:00:00,NSE:TDPOWERSYS,82.05,87.05,82.05,87.05,3566.0
2020-05-28 09:00:00,NSE:TDPOWERSYS,89.7,91.9,86.45,89.15,4291.0
2020-05-28 10:00:00,NSE:TDPOWERSYS,90.5,90.5,89.0,89.35,559.0
2020-05-28 11:00:00,NSE:TDPOWERSYS,89.35,89.35,89.35,89.35,327.0
2020-05-28 12:00:00,NSE:TDPOWERSYS,89.25,89.85,86.35,89.8,1254.0
2020-05-28 13:00:00,NSE:TDPOWERSYS,89.7,89.7,89.7,89.7,50.0
2020-05-28 14:00:00,NSE:TDPOWERSYS,89.65,89.65,88.0,89.55,490.0
2020-05-28 15:00:00,NSE:TDPOWERSYS,88.0,90.0,88.0,90.0,397.0
2020-05-29 09:00:00,NSE:TDPOWERSYS,92.95,92.95,90.0,90.0,54.0
2020-05-29 10:00:00,NSE:TDPOWERSYS,90.0,90.0,86.0,89.1,671.0
2020-05-29 11:00:00,NSE:TDPOWERSYS,91.0,92.45,89.1,89.2,464.0
2020-05-29 12:00:00,NSE:TDPOWERSYS,90.65,90.65,90.65,90.65,10.0
2020-05-29 13:00:00,NSE:TDPOWERSYS,90.55,90.55,88.1,89.2,343.0
2020-05-29 14:00:00,NSE:TDPOWERSYS,89.0,92.2,88.0,89.95,2819.0
2020-05-29 15:00:00,NSE:TDPOWERSYS,88.6,91.8,83.0,85.55,5638.0
2020-06-01 09:00:00,NSE:TDPOWERSYS,85.55,92.95,85.55,92.5,2201.0
2020-06-01 10:00:00,NSE:TDPOWERSYS,92.4,92.45,86.5,89.9,2459.0
2020-06-01 11:00:00,NSE:TDPOWERSYS,89.9,91.7,89.3,91.0,975.0
2020-06-01 12:00:00,NSE:TDPOWERSYS,91.45,91.7,89.0,91.7,1716.0
2020-06-01 13:00:00,NSE:TDPOWERSYS,89.2,91.65,89.15,91.5,127.0
2020-06-01 14:00:00,NSE:TDPOWERSYS,90.0,91.4,89.25,91.4,1294.0
2020-06-01 15:00:00,NSE:TDPOWERSYS,91.0,91.0,89.6,90.7,233.0
2020-06-02 09:00:00,NSE:TDPOWERSYS,93.0,93.9,89.95,92.0,2489.0
2020-06-02 10:00:00,NSE:TDPOWERSYS,91.85,91.9,90.0,91.9,1703.0
2020-06-02 11:00:00,NSE:TDPOWERSYS,91.8,92.0,90.05,92.0,384.0
2020-06-02 12:00:00,NSE:TDPOWERSYS,91.4,92.4,91.25,92.35,1921.0
2020-06-02 13:00:00,NSE:TDPOWERSYS,91.5,92.3,91.5,92.3,294.0
2020-06-02 14:00:00,NSE:TDPOWERSYS,92.0,95.05,92.0,93.0,4984.0
2020-06-02 15:00:00,NSE:TDPOWERSYS,94.0,94.85,93.0,93.0,1947.0
2020-06-03 09:00:00,NSE:TDPOWERSYS,98.0,99.0,92.65,95.5,6591.0
2020-06-03 10:00:00,NSE:TDPOWERSYS,95.55,97.95,94.4,97.0,5195.0
2020-06-03 11:00:00,NSE:TDPOWERSYS,96.95,98.0,96.5,98.0,3987.0
2020-06-03 12:00:00,NSE:TDPOWERSYS,97.15,98.0,97.1,97.2,2880.0
2020-06-03 13:00:00,NSE:TDPOWERSYS,97.05,97.8,96.55,96.55,871.0
2020-06-03 14:00:00,NSE:TDPOWERSYS,97.5,99.7,96.35,99.5,10417.0
2020-06-03 15:00:00,NSE:TDPOWERSYS,99.0,99.55,97.45,98.75,4792.0
2020-06-04 09:00:00,NSE:TDPOWERSYS,101.8,107.55,101.8,103.25,13041.0
2020-06-04 10:00:00,NSE:TDPOWERSYS,103.3,107.1,103.3,107.0,11035.0
2020-06-04 11:00:00,NSE:TDPOWERSYS,106.9,106.9,103.4,104.2,1846.0
2020-06-04 12:00:00,NSE:TDPOWERSYS,104.25,104.95,104.0,104.7,2080.0
2020-06-04 13:00:00,NSE:TDPOWERSYS,104.7,106.85,104.55,105.5,5001.0
2020-06-04 14:00:00,NSE:TDPOWERSYS,106.5,106.5,104.5,106.0,5867.0
2020-06-04 15:00:00,NSE:TDPOWERSYS,106.2,108.5,105.15,107.05,17492.0
2020-06-05 09:00:00,NSE:TDPOWERSYS,114.95,123.45,112.0,120.95,72852.0
2020-06-05 10:00:00,NSE:TDPOWERSYS,120.5,121.75,119.1,120.9,16430.0
2020-06-05 11:00:00,NSE:TDPOWERSYS,120.8,120.85,114.0,114.95,31239.0
2020-06-05 12:00:00,NSE:TDPOWERSYS,115.0,115.0,111.45,114.7,15886.0
2020-06-05 13:00:00,NSE:TDPOWERSYS,114.45,114.65,113.2,113.25,4607.0
2020-06-05 14:00:00,NSE:TDPOWERSYS,113.8,114.65,108.7,110.4,13413.0
2020-06-05 15:00:00,NSE:TDPOWERSYS,109.9,111.85,108.55,110.0,26541.0
2020-06-08 09:00:00,NSE:TDPOWERSYS,114.95,114.95,109.0,109.05,6662.0
2020-06-08 10:00:00,NSE:TDPOWERSYS,105.75,109.7,104.4,107.25,12835.0
2020-06-08 11:00:00,NSE:TDPOWERSYS,107.2,110.0,107.1,110.0,3454.0
2020-06-08 12:00:00,NSE:TDPOWERSYS,111.0,111.9,107.55,109.9,5687.0
2020-06-08 13:00:00,NSE:TDPOWERSYS,109.45,109.45,107.0,107.0,3994.0
2020-06-08 14:00:00,NSE:TDPOWERSYS,107.0,107.85,104.45,106.8,12932.0
2020-06-08 15:00:00,NSE:TDPOWERSYS,106.85,106.85,102.0,104.3,5807.0
2020-06-09 09:00:00,NSE:TDPOWERSYS,106.0,107.2,103.4,106.8,1716.0
2020-06-09 10:00:00,NSE:TDPOWERSYS,107.0,107.95,103.65,105.9,1566.0
2020-06-09 11:00:00,NSE:TDPOWERSYS,105.9,105.9,104.0,104.45,773.0
2020-06-09 12:00:00,NSE:TDPOWERSYS,104.2,105.75,104.2,104.5,816.0
2020-06-09 13:00:00,NSE:TDPOWERSYS,104.05,104.5,101.5,101.6,2602.0
2020-06-09 14:00:00,NSE:TDPOWERSYS,103.85,103.85,101.1,101.25,2283.0
2020-06-09 15:00:00,NSE:TDPOWERSYS,101.9,106.0,101.3,103.4,2319.0
2020-06-10 09:00:00,NSE:TDPOWERSYS,103.5,108.95,103.0,103.65,1887.0
2020-06-10 10:00:00,NSE:TDPOWERSYS,103.65,107.9,103.65,107.0,3099.0
2020-06-10 11:00:00,NSE:TDPOWERSYS,105.35,107.9,105.35,106.2,1287.0
2020-06-10 12:00:00,NSE:TDPOWERSYS,107.85,107.85,106.35,106.65,886.0
2020-06-10 13:00:00,NSE:TDPOWERSYS,106.65,107.35,106.15,106.95,433.0
2020-06-10 14:00:00,NSE:TDPOWERSYS,106.3,106.95,105.0,105.05,1164.0
2020-06-10 15:00:00,NSE:TDPOWERSYS,106.85,107.45,105.55,107.45,2658.0
2020-06-11 09:00:00,NSE:TDPOWERSYS,108.0,108.0,104.95,106.35,2934.0
2020-06-11 10:00:00,NSE:TDPOWERSYS,106.95,106.95,102.35,103.15,2961.0
2020-06-11 11:00:00,NSE:TDPOWERSYS,106.0,106.0,103.2,104.0,1477.0
2020-06-11 12:00:00,NSE:TDPOWERSYS,104.8,105.05,103.95,104.75,382.0
2020-06-11 13:00:00,NSE:TDPOWERSYS,104.45,105.8,104.0,104.95,543.0
2020-06-11 14:00:00,NSE:TDPOWERSYS,104.05,104.95,103.95,103.95,714.0
2020-06-11 15:00:00,NSE:TDPOWERSYS,104.0,105.55,103.5,103.5,145.0
2020-06-12 09:00:00,NSE:TDPOWERSYS,104.95,104.95,91.95,101.9,4127.0
2020-06-12 10:00:00,NSE:TDPOWERSYS,99.55,101.7,99.35,100.0,741.0
2020-06-12 11:00:00,NSE:TDPOWERSYS,100.3,101.7,100.3,101.7,492.0
2020-06-12 12:00:00,NSE:TDPOWERSYS,100.4,101.7,100.35,100.4,526.0
2020-06-12 13:00:00,NSE:TDPOWERSYS,101.45,101.7,100.55,100.55,518.0
2020-06-12 14:00:00,NSE:TDPOWERSYS,101.65,103.5,100.7,103.45,717.0
2020-06-12 15:00:00,NSE:TDPOWERSYS,102.9,102.9,101.0,101.2,1349.0
2020-06-15 09:00:00,NSE:TDPOWERSYS,98.6,105.5,98.6,102.5,2130.0
2020-06-15 10:00:00,NSE:TDPOWERSYS,103.05,104.85,103.0,104.85,262.0
2020-06-15 11:00:00,NSE:TDPOWERSYS,103.05,103.05,103.0,103.05,132.0
2020-06-15 12:00:00,NSE:TDPOWERSYS,102.65,103.5,102.65,103.05,292.0
2020-06-15 13:00:00,NSE:TDPOWERSYS,103.5,103.5,103.5,103.5,500.0
2020-06-15 14:00:00,NSE:TDPOWERSYS,103.5,104.45,103.05,103.4,3922.0
2020-06-15 15:00:00,NSE:TDPOWERSYS,103.1,104.4,101.05,101.05,997.0
2020-06-16 09:00:00,NSE:TDPOWERSYS,105.0,106.0,103.6,104.4,3204.0
2020-06-16 10:00:00,NSE:TDPOWERSYS,104.15,104.15,102.05,103.5,1610.0
2020-06-16 11:00:00,NSE:TDPOWERSYS,103.5,104.7,100.55,101.35,3870.0
2020-06-16 12:00:00,NSE:TDPOWERSYS,98.0,103.35,98.0,101.65,3472.0
2020-06-16 13:00:00,NSE:TDPOWERSYS,101.7,101.75,99.2,99.6,8677.0
2020-06-16 14:00:00,NSE:TDPOWERSYS,99.65,101.75,99.3,100.8,1095.0
2020-06-16 15:00:00,NSE:TDPOWERSYS,101.25,101.75,98.0,101.4,2211.0
2020-06-17 09:00:00,NSE:TDPOWERSYS,94.0,103.5,94.0,100.7,1598.0
2020-06-17 10:00:00,NSE:TDPOWERSYS,98.8,100.7,96.05,97.5,4445.0
2020-06-17 11:00:00,NSE:TDPOWERSYS,97.5,97.95,96.95,97.55,2216.0
2020-06-17 12:00:00,NSE:TDPOWERSYS,97.0,97.9,97.0,97.05,600.0
2020-06-17 13:00:00,NSE:TDPOWERSYS,97.25,97.9,97.25,97.45,568.0
2020-06-17 14:00:00,NSE:TDPOWERSYS,97.45,97.9,96.55,97.25,1629.0
2020-06-17 15:00:00,NSE:TDPOWERSYS,97.25,97.3,96.05,96.05,1651.0
2020-06-18 09:00:00,NSE:TDPOWERSYS,97.1,97.95,96.9,97.95,3608.0
2020-06-18 10:00:00,NSE:TDPOWERSYS,97.65,100.0,97.65,98.95,3176.0
2020-06-18 11:00:00,NSE:TDPOWERSYS,98.1,99.0,97.7,98.3,2664.0
2020-06-18 12:00:00,NSE:TDPOWERSYS,98.3,98.85,98.3,98.5,1557.0
2020-06-18 13:00:00,NSE:TDPOWERSYS,98.5,99.7,98.5,99.0,1477.0
2020-06-18 14:00:00,NSE:TDPOWERSYS,99.0,99.4,98.5,98.75,837.0
2020-06-18 15:00:00,NSE:TDPOWERSYS,98.85,100.0,98.75,99.2,4215.0
2020-06-19 09:00:00,NSE:TDPOWERSYS,98.0,99.9,98.0,99.45,841.0
2020-06-19 10:00:00,NSE:TDPOWERSYS,99.55,100.5,98.85,100.05,753.0
2020-06-19 11:00:00,NSE:TDPOWERSYS,100.05,103.05,100.05,102.0,2047.0
2020-06-19 12:00:00,NSE:TDPOWERSYS,102.15,103.0,102.15,102.7,558.0
2020-06-19 13:00:00,NSE:TDPOWERSYS,102.5,105.75,102.5,104.15,2255.0
2020-06-19 14:00:00,NSE:TDPOWERSYS,104.15,104.15,102.5,103.85,4414.0
2020-06-19 15:00:00,NSE:TDPOWERSYS,103.05,103.65,102.25,102.25,6356.0
2020-06-22 09:00:00,NSE:TDPOWERSYS,102.0,108.0,102.0,105.95,2898.0
2020-06-22 10:00:00,NSE:TDPOWERSYS,105.05,105.95,104.6,104.6,2993.0
2020-06-22 11:00:00,NSE:TDPOWERSYS,104.6,105.9,104.6,104.75,2817.0
2020-06-22 12:00:00,NSE:TDPOWERSYS,105.0,112.0,105.0,108.5,24494.0
2020-06-22 13:00:00,NSE:TDPOWERSYS,108.4,109.0,107.3,108.25,2086.0
2020-06-22 14:00:00,NSE:TDPOWERSYS,108.2,108.5,105.1,105.3,5329.0
2020-06-22 15:00:00,NSE:TDPOWERSYS,106.05,106.5,104.55,106.25,6152.0
2020-06-23 09:00:00,NSE:TDPOWERSYS,109.9,109.9,104.5,107.0,815.0
2020-06-23 10:00:00,NSE:TDPOWERSYS,104.55,106.25,104.55,105.0,744.0
2020-06-23 11:00:00,NSE:TDPOWERSYS,106.0,106.0,104.95,104.95,722.0
2020-06-23 12:00:00,NSE:TDPOWERSYS,105.0,106.25,103.1,104.8,3088.0
2020-06-23 13:00:00,NSE:TDPOWERSYS,106.0,106.0,103.4,104.0,862.0
2020-06-23 14:00:00,NSE:TDPOWERSYS,104.3,105.75,104.3,105.1,554.0
2020-06-23 15:00:00,NSE:TDPOWERSYS,105.0,105.0,103.35,104.0,1475.0
2020-06-24 09:00:00,NSE:TDPOWERSYS,109.0,109.0,99.0,105.2,3442.0
2020-06-24 10:00:00,NSE:TDPOWERSYS,105.2,107.0,105.0,105.0,2823.0
2020-06-24 11:00:00,NSE:TDPOWERSYS,105.0,105.0,102.6,104.05,1115.0
2020-06-24 12:00:00,NSE:TDPOWERSYS,104.1,105.7,103.2,104.8,2516.0
2020-06-24 13:00:00,NSE:TDPOWERSYS,103.95,103.95,100.25,102.0,2345.0
2020-06-24 14:00:00,NSE:TDPOWERSYS,102.05,103.35,100.95,102.45,6419.0
2020-06-24 15:00:00,NSE:TDPOWERSYS,102.0,102.0,100.1,101.05,2125.0
2020-06-25 09:00:00,NSE:TDPOWERSYS,101.7,101.7,101.7,101.7,20.0
2020-06-25 10:00:00,NSE:TDPOWERSYS,103.5,103.5,102.1,102.1,100.0
2020-06-25 11:00:00,NSE:TDPOWERSYS,104.0,104.25,104.0,104.25,150.0
2020-06-25 12:00:00,NSE:TDPOWERSYS,104.0,113.8,104.0,111.9,62373.0
2020-06-25 13:00:00,NSE:TDPOWERSYS,111.9,115.0,110.5,112.95,68795.0
2020-06-25 14:00:00,NSE:TDPOWERSYS,113.05,116.8,111.45,112.15,47599.0
2020-06-25 15:00:00,NSE:TDPOWERSYS,112.15,113.0,111.0,112.15,15092.0
2020-06-26 09:00:00,NSE:TDPOWERSYS,112.95,118.6,112.5,114.0,34946.0
2020-06-26 10:00:00,NSE:TDPOWERSYS,113.6,117.0,113.5,115.0,18040.0
2020-06-26 11:00:00,NSE:TDPOWERSYS,115.9,115.9,113.7,115.9,10458.0
2020-06-26 12:00:00,NSE:TDPOWERSYS,115.8,118.9,114.2,118.3,43227.0
2020-06-26 13:00:00,NSE:TDPOWERSYS,118.3,120.4,118.0,119.5,72294.0
2020-06-26 14:00:00,NSE:TDPOWERSYS,119.45,121.3,119.05,119.7,15120.0
2020-06-26 15:00:00,NSE:TDPOWERSYS,119.5,122.4,116.85,119.95,99749.0
2020-06-29 09:00:00,NSE:TDPOWERSYS,120.0,123.0,115.4,117.5,58457.0
2020-06-29 10:00:00,NSE:TDPOWERSYS,117.5,117.95,115.6,116.0,7925.0
2020-06-29 11:00:00,NSE:TDPOWERSYS,116.0,116.75,115.55,116.75,3335.0
2020-06-29 12:00:00,NSE:TDPOWERSYS,116.75,117.2,116.0,117.1,2376.0
2020-06-29 13:00:00,NSE:TDPOWERSYS,117.0,119.0,116.8,117.15,3671.0
2020-06-29 14:00:00,NSE:TDPOWERSYS,118.15,118.85,114.5,115.0,27463.0
2020-06-29 15:00:00,NSE:TDPOWERSYS,115.0,115.5,110.3,113.25,36270.0
2020-06-30 09:00:00,NSE:TDPOWERSYS,115.5,116.5,111.55,116.5,34467.0
2020-06-30 10:00:00,NSE:TDPOWERSYS,116.5,123.3,113.1,122.2,367648.0
2020-06-30 11:00:00,NSE:TDPOWERSYS,122.15,122.25,117.5,117.65,53342.0
2020-06-30 12:00:00,NSE:TDPOWERSYS,117.6,120.0,117.25,119.4,16017.0
2020-06-30 13:00:00,NSE:TDPOWERSYS,119.4,119.5,118.2,119.2,7144.0
2020-06-30 14:00:00,NSE:TDPOWERSYS,119.45,120.75,117.0,117.75,19746.0
2020-06-30 15:00:00,NSE:TDPOWERSYS,118.0,118.95,116.75,117.9,19654.0
2020-07-01 09:00:00,NSE:TDPOWERSYS,119.75,120.8,116.1,116.95,16418.0
2020-07-01 10:00:00,NSE:TDPOWERSYS,117.2,117.55,116.05,116.3,7623.0
2020-07-01 11:00:00,NSE:TDPOWERSYS,116.3,116.95,116.0,116.45,3818.0
2020-07-01 12:00:00,NSE:TDPOWERSYS,116.25,117.5,116.25,117.15,4168.0
2020-07-01 13:00:00,NSE:TDPOWERSYS,117.0,117.65,116.8,116.8,3549.0
2020-07-01 14:00:00,NSE:TDPOWERSYS,116.45,116.8,115.0,115.3,5532.0
2020-07-01 15:00:00,NSE:TDPOWERSYS,115.05,116.5,115.0,116.0,5645.0
2020-07-02 09:00:00,NSE:TDPOWERSYS,115.9,121.35,115.0,120.55,18820.0
2020-07-02 10:00:00,NSE:TDPOWERSYS,120.9,120.9,117.9,118.0,21795.0
2020-07-02 11:00:00,NSE:TDPOWERSYS,118.0,118.0,116.85,117.05,2110.0
2020-07-02 12:00:00,NSE:TDPOWERSYS,117.0,117.2,116.7,117.0,2331.0
2020-07-02 13:00:00,NSE:TDPOWERSYS,117.0,119.9,117.0,119.0,9380.0
2020-07-02 14:00:00,NSE:TDPOWERSYS,118.45,118.9,116.5,117.0,4102.0
2020-07-02 15:00:00,NSE:TDPOWERSYS,116.7,120.15,116.5,119.1,22852.0
2020-07-03 09:00:00,NSE:TDPOWERSYS,120.5,121.85,117.6,118.3,25101.0
2020-07-03 10:00:00,NSE:TDPOWERSYS,118.3,119.0,117.2,118.05,3874.0
2020-07-03 11:00:00,NSE:TDPOWERSYS,118.5,119.4,118.0,118.1,7228.0
2020-07-03 12:00:00,NSE:TDPOWERSYS,118.95,118.95,118.5,118.5,1122.0
2020-07-03 13:00:00,NSE:TDPOWERSYS,118.5,118.85,117.6,118.25,3976.0
2020-07-03 14:00:00,NSE:TDPOWERSYS,117.75,118.2,117.4,118.2,2147.0
2020-07-03 15:00:00,NSE:TDPOWERSYS,118.05,118.7,118.0,118.35,10337.0
2020-07-06 09:00:00,NSE:TDPOWERSYS,119.5,121.0,116.2,120.35,15188.0
2020-07-06 10:00:00,NSE:TDPOWERSYS,120.35,120.55,118.1,119.15,10544.0
2020-07-06 11:00:00,NSE:TDPOWERSYS,119.15,119.75,119.15,119.2,3348.0
2020-07-06 12:00:00,NSE:TDPOWERSYS,119.45,119.6,119.0,119.0,2119.0
2020-07-06 13:00:00,NSE:TDPOWERSYS,119.15,119.15,118.3,118.5,2429.0
2020-07-06 14:00:00,NSE:TDPOWERSYS,118.5,120.9,118.5,119.6,22700.0
2020-07-06 15:00:00,NSE:TDPOWERSYS,119.4,119.7,112.3,116.65,38371.0
2020-07-07 09:00:00,NSE:TDPOWERSYS,117.0,118.75,116.5,116.5,7403.0
2020-07-07 10:00:00,NSE:TDPOWERSYS,116.5,117.75,116.5,117.0,2411.0
2020-07-07 11:00:00,NSE:TDPOWERSYS,116.95,116.95,115.1,116.05,2044.0
2020-07-07 12:00:00,NSE:TDPOWERSYS,116.05,116.35,115.55,116.3,911.0
2020-07-07 13:00:00,NSE:TDPOWERSYS,115.75,116.95,115.75,116.8,2412.0
2020-07-07 14:00:00,NSE:TDPOWERSYS,116.8,117.0,116.25,116.5,3769.0
2020-07-07 15:00:00,NSE:TDPOWERSYS,116.5,117.0,115.85,116.9,3654.0
2020-07-08 09:00:00,NSE:TDPOWERSYS,118.2,118.2,116.35,117.1,2790.0
2020-07-08 10:00:00,NSE:TDPOWERSYS,116.8,117.35,116.2,116.8,2558.0
2020-07-08 11:00:00,NSE:TDPOWERSYS,117.1,117.15,115.0,116.65,4236.0
2020-07-08 12:00:00,NSE:TDPOWERSYS,116.2,116.2,114.35,115.3,3859.0
2020-07-08 13:00:00,NSE:TDPOWERSYS,115.3,115.3,111.2,114.35,9768.0
2020-07-08 14:00:00,NSE:TDPOWERSYS,114.35,114.75,111.8,111.8,8898.0
2020-07-08 15:00:00,NSE:TDPOWERSYS,112.0,112.0,108.0,111.4,22433.0
2020-07-09 09:00:00,NSE:TDPOWERSYS,110.5,113.45,110.5,113.45,7729.0
2020-07-09 10:00:00,NSE:TDPOWERSYS,112.5,113.85,112.45,112.7,1365.0
2020-07-09 11:00:00,NSE:TDPOWERSYS,112.7,112.7,111.6,112.45,1637.0
2020-07-09 12:00:00,NSE:TDPOWERSYS,112.5,112.5,111.05,111.45,1340.0
2020-07-09 13:00:00,NSE:TDPOWERSYS,111.7,112.5,111.5,112.5,1847.0
2020-07-09 14:00:00,NSE:TDPOWERSYS,112.5,112.5,112.0,112.35,1865.0
2020-07-09 15:00:00,NSE:TDPOWERSYS,112.0,112.05,110.6,111.5,9218.0
2020-07-10 09:00:00,NSE:TDPOWERSYS,111.5,112.9,110.65,111.75,1993.0
2020-07-10 10:00:00,NSE:TDPOWERSYS,111.1,111.75,110.0,110.05,4092.0
2020-07-10 11:00:00,NSE:TDPOWERSYS,110.05,110.95,110.0,110.4,1022.0
2020-07-10 12:00:00,NSE:TDPOWERSYS,110.0,110.55,107.25,109.9,4977.0
2020-07-10 13:00:00,NSE:TDPOWERSYS,110.0,115.65,109.05,115.55,14268.0
2020-07-10 14:00:00,NSE:TDPOWERSYS,115.4,116.9,113.5,115.0,50271.0
2020-07-10 15:00:00,NSE:TDPOWERSYS,115.15,116.0,113.05,114.85,17374.0
2020-07-13 09:00:00,NSE:TDPOWERSYS,117.0,117.0,114.15,114.7,3404.0
2020-07-13 10:00:00,NSE:TDPOWERSYS,114.35,114.7,111.95,113.1,4324.0
2020-07-13 11:00:00,NSE:TDPOWERSYS,112.9,113.4,112.5,113.3,2277.0
2020-07-13 12:00:00,NSE:TDPOWERSYS,113.0,113.0,111.55,111.9,3643.0
2020-07-13 13:00:00,NSE:TDPOWERSYS,111.95,113.2,111.95,112.2,3255.0
2020-07-13 14:00:00,NSE:TDPOWERSYS,112.2,112.55,111.6,112.1,2791.0
2020-07-13 15:00:00,NSE:TDPOWERSYS,112.1,112.2,110.25,110.25,8423.0
2020-07-14 09:00:00,NSE:TDPOWERSYS,110.0,112.5,107.1,108.0,9543.0
2020-07-14 10:00:00,NSE:TDPOWERSYS,108.0,111.0,108.0,108.8,16332.0
2020-07-14 11:00:00,NSE:TDPOWERSYS,108.8,108.8,107.55,108.55,15690.0
2020-07-14 12:00:00,NSE:TDPOWERSYS,108.55,108.55,108.0,108.0,527.0
2020-07-14 13:00:00,NSE:TDPOWERSYS,108.0,108.85,107.55,108.25,2310.0
2020-07-14 14:00:00,NSE:TDPOWERSYS,108.25,108.95,107.7,107.75,2272.0
2020-07-14 15:00:00,NSE:TDPOWERSYS,107.85,107.95,106.1,107.7,10514.0
2020-07-15 09:00:00,NSE:TDPOWERSYS,106.0,111.6,106.0,108.65,4596.0
2020-07-15 10:00:00,NSE:TDPOWERSYS,109.2,109.2,108.45,108.45,3517.0
2020-07-15 11:00:00,NSE:TDPOWERSYS,108.45,109.2,108.4,108.85,1739.0
2020-07-15 12:00:00,NSE:TDPOWERSYS,108.95,109.5,108.85,109.5,962.0
2020-07-15 13:00:00,NSE:TDPOWERSYS,109.0,109.5,108.35,109.05,1571.0
2020-07-15 14:00:00,NSE:TDPOWERSYS,109.2,109.45,108.45,108.45,3210.0
2020-07-15 15:00:00,NSE:TDPOWERSYS,108.55,108.7,105.5,106.0,7738.0
2020-07-16 09:00:00,NSE:TDPOWERSYS,106.0,109.8,106.0,106.45,3038.0
2020-07-16 10:00:00,NSE:TDPOWERSYS,106.65,107.6,105.9,106.35,6107.0
2020-07-16 11:00:00,NSE:TDPOWERSYS,106.35,107.1,106.2,106.75,502.0
2020-07-16 12:00:00,NSE:TDPOWERSYS,106.0,107.4,106.0,106.2,2280.0
2020-07-16 13:00:00,NSE:TDPOWERSYS,106.2,106.8,106.2,106.25,430.0
2020-07-16 14:00:00,NSE:TDPOWERSYS,106.75,107.75,106.1,106.2,2638.0
2020-07-16 15:00:00,NSE:TDPOWERSYS,106.25,107.55,105.1,107.55,5684.0
2020-07-17 09:00:00,NSE:TDPOWERSYS,106.2,107.9,106.2,107.75,1879.0
2020-07-17 10:00:00,NSE:TDPOWERSYS,107.8,107.8,106.4,107.1,2162.0
2020-07-17 11:00:00,NSE:TDPOWERSYS,106.35,107.4,106.25,107.4,1143.0
2020-07-17 12:00:00,NSE:TDPOWERSYS,107.4,107.4,106.2,106.85,1135.0
2020-07-17 13:00:00,NSE:TDPOWERSYS,106.85,107.0,104.6,104.95,5611.0
2020-07-17 14:00:00,NSE:TDPOWERSYS,105.4,107.05,104.9,107.0,6308.0
2020-07-17 15:00:00,NSE:TDPOWERSYS,106.95,107.3,106.0,106.0,11695.0
2020-07-20 09:00:00,NSE:TDPOWERSYS,108.0,108.45,106.35,106.5,6706.0
2020-07-20 10:00:00,NSE:TDPOWERSYS,107.2,107.2,105.25,106.1,1781.0
2020-07-20 11:00:00,NSE:TDPOWERSYS,106.1,106.45,105.4,106.4,2175.0
2020-07-20 12:00:00,NSE:TDPOWERSYS,106.4,106.45,105.8,106.35,2141.0
2020-07-20 13:00:00,NSE:TDPOWERSYS,105.85,110.65,105.85,108.7,24211.0
2020-07-20 14:00:00,NSE:TDPOWERSYS,108.9,108.9,108.2,108.9,4662.0
2020-07-20 15:00:00,NSE:TDPOWERSYS,108.6,108.9,107.9,108.45,6971.0
2020-07-21 09:00:00,NSE:TDPOWERSYS,108.55,108.6,107.25,107.4,2818.0
2020-07-21 10:00:00,NSE:TDPOWERSYS,107.7,107.85,107.15,107.15,1069.0
2020-07-21 11:00:00,NSE:TDPOWERSYS,107.5,108.0,107.2,107.4,2755.0
2020-07-21 12:00:00,NSE:TDPOWERSYS,107.2,108.0,107.2,107.6,1676.0
2020-07-21 13:00:00,NSE:TDPOWERSYS,107.5,107.8,107.25,107.25,1857.0
2020-07-21 14:00:00,NSE:TDPOWERSYS,107.55,107.55,106.7,106.7,2866.0
2020-07-21 15:00:00,NSE:TDPOWERSYS,106.95,107.9,106.1,106.25,4094.0
2020-07-22 09:00:00,NSE:TDPOWERSYS,107.85,107.85,106.25,106.3,3404.0
2020-07-22 10:00:00,NSE:TDPOWERSYS,106.3,107.1,105.45,106.6,2594.0
2020-07-22 11:00:00,NSE:TDPOWERSYS,106.6,106.6,105.5,105.85,5301.0
2020-07-22 12:00:00,NSE:TDPOWERSYS,105.9,106.0,105.5,105.95,878.0
2020-07-22 13:00:00,NSE:TDPOWERSYS,106.0,106.15,105.3,105.75,972.0
2020-07-22 14:00:00,NSE:TDPOWERSYS,105.75,106.5,104.0,104.55,5051.0
2020-07-22 15:00:00,NSE:TDPOWERSYS,104.75,105.6,104.05,104.65,3455.0
2020-07-23 09:00:00,NSE:TDPOWERSYS,106.0,107.0,104.5,104.95,3807.0
2020-07-23 10:00:00,NSE:TDPOWERSYS,104.95,105.3,104.35,104.8,627.0
2020-07-23 11:00:00,NSE:TDPOWERSYS,104.8,105.0,104.6,104.6,1332.0
2020-07-23 12:00:00,NSE:TDPOWERSYS,104.6,105.35,104.5,105.05,5795.0
2020-07-23 13:00:00,NSE:TDPOWERSYS,105.5,105.55,104.1,104.55,3223.0
2020-07-23 14:00:00,NSE:TDPOWERSYS,104.65,105.6,104.1,105.0,6699.0
2020-07-23 15:00:00,NSE:TDPOWERSYS,105.0,105.6,104.8,105.05,5721.0
2020-07-24 09:00:00,NSE:TDPOWERSYS,104.1,104.9,102.3,104.5,1977.0
2020-07-24 10:00:00,NSE:TDPOWERSYS,103.8,105.25,103.05,104.5,7068.0
2020-07-24 11:00:00,NSE:TDPOWERSYS,104.5,104.7,102.3,103.75,3651.0
2020-07-24 12:00:00,NSE:TDPOWERSYS,104.0,104.55,103.0,104.0,4710.0
2020-07-24 13:00:00,NSE:TDPOWERSYS,104.05,104.25,103.9,104.0,2137.0
2020-07-24 14:00:00,NSE:TDPOWERSYS,104.0,104.25,103.25,103.75,2936.0
2020-07-24 15:00:00,NSE:TDPOWERSYS,104.0,104.5,103.4,104.0,4256.0
2020-07-27 09:00:00,NSE:TDPOWERSYS,104.0,105.8,102.0,103.1,2171.0
2020-07-27 10:00:00,NSE:TDPOWERSYS,103.05,103.3,102.0,102.0,2228.0
2020-07-27 11:00:00,NSE:TDPOWERSYS,102.7,102.9,102.35,102.9,1102.0
2020-07-27 12:00:00,NSE:TDPOWERSYS,102.9,103.0,102.35,102.4,1136.0
2020-07-27 13:00:00,NSE:TDPOWERSYS,102.4,102.85,102.35,102.85,452.0
2020-07-27 14:00:00,NSE:TDPOWERSYS,102.55,102.7,102.0,102.4,1073.0
2020-07-27 15:00:00,NSE:TDPOWERSYS,102.4,102.65,100.05,101.4,6642.0
2020-07-28 09:00:00,NSE:TDPOWERSYS,100.35,102.9,100.35,101.65,568.0
2020-07-28 10:00:00,NSE:TDPOWERSYS,101.65,102.75,101.15,101.4,4975.0
2020-07-28 11:00:00,NSE:TDPOWERSYS,101.35,101.9,101.15,101.4,1279.0
2020-07-28 12:00:00,NSE:TDPOWERSYS,101.45,101.95,100.95,101.95,892.0
2020-07-28 13:00:00,NSE:TDPOWERSYS,101.8,102.25,100.95,101.45,1147.0
2020-07-28 14:00:00,NSE:TDPOWERSYS,101.85,102.0,101.45,102.0,890.0
2020-07-28 15:00:00,NSE:TDPOWERSYS,101.9,102.45,100.2,100.95,4471.0
2020-07-29 09:00:00,NSE:TDPOWERSYS,102.45,102.45,101.05,102.1,2667.0
2020-07-29 10:00:00,NSE:TDPOWERSYS,102.0,102.55,100.15,100.7,8036.0
2020-07-29 11:00:00,NSE:TDPOWERSYS,100.4,102.45,100.1,101.0,7152.0
2020-07-29 12:00:00,NSE:TDPOWERSYS,100.6,102.1,100.1,101.6,4991.0
2020-07-29 13:00:00,NSE:TDPOWERSYS,101.6,102.0,100.5,101.95,1293.0
2020-07-29 14:00:00,NSE:TDPOWERSYS,101.95,101.95,100.65,101.15,1670.0
2020-07-29 15:00:00,NSE:TDPOWERSYS,100.55,101.4,100.5,100.7,3568.0
2020-07-30 09:00:00,NSE:TDPOWERSYS,100.6,102.6,100.6,101.85,1266.0
2020-07-30 10:00:00,NSE:TDPOWERSYS,101.6,102.0,101.0,101.75,4198.0
2020-07-30 11:00:00,NSE:TDPOWERSYS,101.75,102.15,101.55,101.6,3003.0
2020-07-30 12:00:00,NSE:TDPOWERSYS,101.55,102.05,101.0,101.55,1565.0
2020-07-30 13:00:00,NSE:TDPOWERSYS,101.5,101.5,100.0,100.1,1716.0
2020-07-30 14:00:00,NSE:TDPOWERSYS,100.15,101.95,99.65,101.7,9118.0
2020-07-30 15:00:00,NSE:TDPOWERSYS,100.45,101.0,100.0,100.8,754.0
2020-07-31 09:00:00,NSE:TDPOWERSYS,99.1,100.95,98.2,99.3,8991.0
2020-07-31 10:00:00,NSE:TDPOWERSYS,99.3,100.1,99.3,99.55,2523.0
2020-07-31 11:00:00,NSE:TDPOWERSYS,99.6,100.0,99.6,99.75,1121.0
2020-07-31 12:00:00,NSE:TDPOWERSYS,99.75,101.7,99.0,99.5,2985.0
2020-07-31 13:00:00,NSE:TDPOWERSYS,99.5,100.5,99.45,99.85,650.0
2020-07-31 14:00:00,NSE:TDPOWERSYS,99.9,100.0,99.3,99.5,6156.0
2020-07-31 15:00:00,NSE:TDPOWERSYS,100.0,100.0,99.4,99.65,2140.0
2020-08-03 09:00:00,NSE:TDPOWERSYS,102.0,102.0,99.55,100.6,2941.0
2020-08-03 10:00:00,NSE:TDPOWERSYS,100.65,101.9,99.9,100.0,4399.0
2020-08-03 11:00:00,NSE:TDPOWERSYS,100.2,101.25,98.25,99.0,16327.0
2020-08-03 12:00:00,NSE:TDPOWERSYS,98.75,100.55,98.2,99.45,16309.0
2020-08-03 13:00:00,NSE:TDPOWERSYS,99.4,99.45,99.3,99.4,855.0
2020-08-03 14:00:00,NSE:TDPOWERSYS,99.0,100.0,98.0,98.85,4032.0
2020-08-03 15:00:00,NSE:TDPOWERSYS,99.0,100.05,97.55,97.85,9321.0
2020-08-04 09:00:00,NSE:TDPOWERSYS,101.7,102.0,99.9,100.9,1822.0
2020-08-04 10:00:00,NSE:TDPOWERSYS,102.0,102.75,101.0,101.95,3778.0
2020-08-04 11:00:00,NSE:TDPOWERSYS,102.0,102.1,101.3,101.85,1235.0
2020-08-04 12:00:00,NSE:TDPOWERSYS,101.55,102.5,101.5,102.45,2785.0
2020-08-04 13:00:00,NSE:TDPOWERSYS,102.5,102.8,102.0,102.35,3176.0
2020-08-04 14:00:00,NSE:TDPOWERSYS,102.35,102.7,102.0,102.2,4218.0
2020-08-04 15:00:00,NSE:TDPOWERSYS,102.7,102.7,101.05,102.05,6408.0
2020-08-05 09:00:00,NSE:TDPOWERSYS,103.75,103.75,102.05,102.2,253.0
2020-08-05 10:00:00,NSE:TDPOWERSYS,102.2,102.95,102.05,102.95,1732.0
2020-08-05 11:00:00,NSE:TDPOWERSYS,102.9,103.0,102.45,102.5,1013.0
2020-08-05 12:00:00,NSE:TDPOWERSYS,102.5,102.6,102.25,102.6,675.0
2020-08-05 13:00:00,NSE:TDPOWERSYS,102.5,102.75,102.2,102.55,490.0
2020-08-05 14:00:00,NSE:TDPOWERSYS,102.4,102.85,102.2,102.65,590.0
2020-08-05 15:00:00,NSE:TDPOWERSYS,102.3,103.1,102.25,102.75,1668.0
2020-08-06 09:00:00,NSE:TDPOWERSYS,102.0,103.9,102.0,102.1,2386.0
2020-08-06 10:00:00,NSE:TDPOWERSYS,103.7,104.4,102.2,103.35,10032.0
2020-08-06 11:00:00,NSE:TDPOWERSYS,103.35,104.9,103.0,103.0,2214.0
2020-08-06 12:00:00,NSE:TDPOWERSYS,103.2,104.4,103.0,104.4,3242.0
2020-08-06 13:00:00,NSE:TDPOWERSYS,104.35,104.65,103.8,104.65,1408.0
2020-08-06 14:00:00,NSE:TDPOWERSYS,104.7,104.7,103.35,104.0,3603.0
2020-08-06 15:00:00,NSE:TDPOWERSYS,103.5,103.95,103.05,103.35,975.0
2020-08-07 09:00:00,NSE:TDPOWERSYS,103.0,103.0,98.2,100.45,10581.0
2020-08-07 10:00:00,NSE:TDPOWERSYS,100.6,100.9,100.15,100.6,3670.0
2020-08-07 11:00:00,NSE:TDPOWERSYS,100.6,106.8,100.5,105.95,11023.0
2020-08-07 12:00:00,NSE:TDPOWERSYS,105.9,112.0,105.65,111.85,38243.0
2020-08-07 13:00:00,NSE:TDPOWERSYS,111.85,114.4,111.0,113.3,30180.0
2020-08-07 14:00:00,NSE:TDPOWERSYS,113.25,113.25,110.5,111.8,6621.0
2020-08-07 15:00:00,NSE:TDPOWERSYS,111.8,111.95,110.25,111.05,7976.0
2020-08-10 09:00:00,NSE:TDPOWERSYS,113.0,116.7,111.5,114.1,17176.0
2020-08-10 10:00:00,NSE:TDPOWERSYS,114.55,114.55,112.95,113.05,5834.0
2020-08-10 11:00:00,NSE:TDPOWERSYS,113.4,113.6,112.95,112.95,871.0
2020-08-10 12:00:00,NSE:TDPOWERSYS,113.3,113.3,111.35,112.0,10382.0
2020-08-10 13:00:00,NSE:TDPOWERSYS,111.8,113.45,111.8,113.45,2256.0
2020-08-10 14:00:00,NSE:TDPOWERSYS,113.0,114.55,113.0,114.5,4626.0
2020-08-10 15:00:00,NSE:TDPOWERSYS,114.25,114.8,112.55,112.7,5179.0
2020-08-11 09:00:00,NSE:TDPOWERSYS,113.75,114.0,111.15,112.9,3843.0
2020-08-11 10:00:00,NSE:TDPOWERSYS,112.3,112.7,111.8,112.45,2773.0
2020-08-11 11:00:00,NSE:TDPOWERSYS,112.45,112.8,111.55,112.0,1516.0
2020-08-11 12:00:00,NSE:TDPOWERSYS,111.6,112.6,111.6,112.0,1105.0
2020-08-11 13:00:00,NSE:TDPOWERSYS,112.2,113.6,112.1,113.0,2400.0
2020-08-11 14:00:00,NSE:TDPOWERSYS,113.4,113.4,112.4,113.0,5849.0
2020-08-11 15:00:00,NSE:TDPOWERSYS,113.05,113.35,113.0,113.05,3422.0
2020-08-12 09:00:00,NSE:TDPOWERSYS,113.1,113.1,111.0,112.8,6418.0
2020-08-12 10:00:00,NSE:TDPOWERSYS,113.2,117.95,112.05,116.75,11499.0
2020-08-12 11:00:00,NSE:TDPOWERSYS,117.0,117.05,115.35,115.65,3610.0
2020-08-12 12:00:00,NSE:TDPOWERSYS,115.45,116.5,115.15,116.1,3151.0
2020-08-12 13:00:00,NSE:TDPOWERSYS,116.1,116.95,115.75,116.0,3336.0
2020-08-12 14:00:00,NSE:TDPOWERSYS,115.85,116.4,114.9,115.0,7240.0
2020-08-12 15:00:00,NSE:TDPOWERSYS,115.0,115.95,115.0,115.8,1388.0
2020-08-13 09:00:00,NSE:TDPOWERSYS,116.5,117.65,115.1,117.35,2974.0
2020-08-13 10:00:00,NSE:TDPOWERSYS,117.3,120.5,115.55,119.4,15421.0
2020-08-13 11:00:00,NSE:TDPOWERSYS,119.1,119.45,118.0,118.95,11728.0
2020-08-13 12:00:00,NSE:TDPOWERSYS,118.85,119.35,118.5,119.0,2591.0
2020-08-13 13:00:00,NSE:TDPOWERSYS,119.0,120.0,118.5,119.85,17312.0
2020-08-13 14:00:00,NSE:TDPOWERSYS,119.2,120.05,118.2,120.05,6677.0
2020-08-13 15:00:00,NSE:TDPOWERSYS,120.15,120.5,118.9,119.85,6784.0
2020-08-14 09:00:00,NSE:TDPOWERSYS,119.85,119.85,118.15,118.15,1634.0
2020-08-14 10:00:00,NSE:TDPOWERSYS,118.05,119.8,117.3,119.05,3410.0
2020-08-14 11:00:00,NSE:TDPOWERSYS,119.65,119.75,119.0,119.15,2665.0
2020-08-14 12:00:00,NSE:TDPOWERSYS,119.15,119.9,119.0,119.45,2592.0
2020-08-14 13:00:00,NSE:TDPOWERSYS,119.45,119.45,117.05,117.1,1464.0
2020-08-14 14:00:00,NSE:TDPOWERSYS,117.05,117.05,115.45,116.95,4816.0
2020-08-14 15:00:00,NSE:TDPOWERSYS,116.6,117.05,116.05,116.55,861.0
2020-08-17 09:00:00,NSE:TDPOWERSYS,119.0,119.0,117.15,117.5,231.0
2020-08-17 10:00:00,NSE:TDPOWERSYS,117.05,117.35,116.25,117.05,378.0
2020-08-17 11:00:00,NSE:TDPOWERSYS,117.1,117.1,115.15,115.7,9439.0
2020-08-17 12:00:00,NSE:TDPOWERSYS,115.85,116.0,115.2,115.75,434.0
2020-08-17 13:00:00,NSE:TDPOWERSYS,115.75,115.8,115.15,115.65,191.0
2020-08-17 14:00:00,NSE:TDPOWERSYS,115.65,116.4,115.0,116.05,1655.0
2020-08-17 15:00:00,NSE:TDPOWERSYS,116.0,117.0,115.0,115.0,2335.0
2020-08-18 09:00:00,NSE:TDPOWERSYS,116.15,118.0,116.15,117.05,1284.0
2020-08-18 10:00:00,NSE:TDPOWERSYS,116.8,118.0,116.45,117.5,1382.0
2020-08-18 11:00:00,NSE:TDPOWERSYS,117.55,117.95,116.4,116.75,553.0
2020-08-18 12:00:00,NSE:TDPOWERSYS,116.95,119.95,116.55,118.65,5072.0
2020-08-18 13:00:00,NSE:TDPOWERSYS,118.45,119.0,117.55,117.55,258.0
2020-08-18 14:00:00,NSE:TDPOWERSYS,117.95,118.5,117.05,117.75,3284.0
2020-08-18 15:00:00,NSE:TDPOWERSYS,117.75,119.0,116.65,117.8,2771.0
2020-08-19 09:00:00,NSE:TDPOWERSYS,117.95,119.35,116.6,117.3,1793.0
2020-08-19 10:00:00,NSE:TDPOWERSYS,118.35,119.45,117.25,119.0,4166.0
2020-08-19 11:00:00,NSE:TDPOWERSYS,119.0,119.05,118.85,119.0,2124.0
2020-08-19 12:00:00,NSE:TDPOWERSYS,118.5,119.95,118.5,119.55,2651.0
2020-08-19 13:00:00,NSE:TDPOWERSYS,119.55,120.0,119.05,119.05,2183.0
2020-08-19 14:00:00,NSE:TDPOWERSYS,119.0,120.5,118.7,120.0,4469.0
2020-08-19 15:00:00,NSE:TDPOWERSYS,120.0,120.95,118.5,119.3,2972.0
2020-08-20 09:00:00,NSE:TDPOWERSYS,119.3,120.7,119.1,120.0,1191.0
2020-08-20 10:00:00,NSE:TDPOWERSYS,120.4,122.4,119.2,121.25,4148.0
2020-08-20 11:00:00,NSE:TDPOWERSYS,121.2,122.3,121.15,122.1,4121.0
2020-08-20 12:00:00,NSE:TDPOWERSYS,122.0,129.5,121.5,127.45,27590.0
2020-08-20 13:00:00,NSE:TDPOWERSYS,127.75,131.35,125.15,126.0,24849.0
2020-08-20 14:00:00,NSE:TDPOWERSYS,125.95,127.3,123.0,127.3,16593.0
2020-08-20 15:00:00,NSE:TDPOWERSYS,127.15,127.65,125.9,126.8,23075.0
2020-08-21 09:00:00,NSE:TDPOWERSYS,127.95,133.4,127.8,128.0,30151.0
2020-08-21 10:00:00,NSE:TDPOWERSYS,128.0,128.0,123.5,126.4,15442.0
2020-08-21 11:00:00,NSE:TDPOWERSYS,126.4,131.5,126.4,129.5,13751.0
2020-08-21 12:00:00,NSE:TDPOWERSYS,129.5,130.25,126.85,127.7,5181.0
2020-08-21 13:00:00,NSE:TDPOWERSYS,127.15,130.9,127.1,129.5,4199.0
2020-08-21 14:00:00,NSE:TDPOWERSYS,129.0,131.0,128.15,128.45,4937.0
2020-08-21 15:00:00,NSE:TDPOWERSYS,128.45,129.3,127.0,127.85,7762.0
2020-08-24 09:00:00,NSE:TDPOWERSYS,129.75,132.0,126.0,126.0,4219.0
2020-08-24 10:00:00,NSE:TDPOWERSYS,127.0,129.9,125.65,125.8,3534.0
2020-08-24 11:00:00,NSE:TDPOWERSYS,126.05,127.7,125.9,127.5,1241.0
2020-08-24 12:00:00,NSE:TDPOWERSYS,127.55,129.8,126.7,128.15,7199.0
2020-08-24 13:00:00,NSE:TDPOWERSYS,128.15,128.85,128.1,128.1,2839.0
2020-08-24 14:00:00,NSE:TDPOWERSYS,128.5,129.5,128.15,128.75,3659.0
2020-08-24 15:00:00,NSE:TDPOWERSYS,129.1,132.0,128.4,130.15,10057.0
2020-08-25 09:00:00,NSE:TDPOWERSYS,132.4,134.9,131.0,131.0,13626.0
2020-08-25 10:00:00,NSE:TDPOWERSYS,131.6,131.6,127.55,127.6,4987.0
2020-08-25 11:00:00,NSE:TDPOWERSYS,127.85,128.9,127.5,127.55,2785.0
2020-08-25 12:00:00,NSE:TDPOWERSYS,128.75,129.7,127.6,129.65,2209.0
2020-08-25 13:00:00,NSE:TDPOWERSYS,129.05,129.85,126.0,128.0,4954.0
2020-08-25 14:00:00,NSE:TDPOWERSYS,127.7,128.65,124.25,126.2,11220.0
2020-08-25 15:00:00,NSE:TDPOWERSYS,126.0,126.55,124.15,125.45,9166.0
2020-08-26 09:00:00,NSE:TDPOWERSYS,125.45,129.85,125.45,128.9,2903.0
2020-08-26 10:00:00,NSE:TDPOWERSYS,128.3,129.7,127.2,129.0,3115.0
2020-08-26 11:00:00,NSE:TDPOWERSYS,129.0,137.0,129.0,133.25,72771.0
2020-08-26 12:00:00,NSE:TDPOWERSYS,132.5,134.0,132.5,133.65,7534.0
2020-08-26 13:00:00,NSE:TDPOWERSYS,133.3,133.65,130.25,132.45,10770.0
2020-08-26 14:00:00,NSE:TDPOWERSYS,132.45,132.5,130.1,130.85,11076.0
2020-08-26 15:00:00,NSE:TDPOWERSYS,130.9,131.2,128.3,129.7,9697.0
2020-08-27 09:00:00,NSE:TDPOWERSYS,130.85,130.85,126.15,128.6,1528.0
2020-08-27 10:00:00,NSE:TDPOWERSYS,128.6,128.65,126.25,126.45,2050.0
2020-08-27 11:00:00,NSE:TDPOWERSYS,127.05,129.45,126.4,128.75,1921.0
2020-08-27 12:00:00,NSE:TDPOWERSYS,128.05,128.75,126.5,127.4,1106.0
2020-08-27 13:00:00,NSE:TDPOWERSYS,127.25,127.5,126.1,127.35,2702.0
2020-08-27 14:00:00,NSE:TDPOWERSYS,126.95,128.05,125.3,127.0,2964.0
2020-08-27 15:00:00,NSE:TDPOWERSYS,126.2,127.4,126.05,127.4,1929.0
2020-08-28 09:00:00,NSE:TDPOWERSYS,127.0,129.5,126.0,127.05,1088.0
2020-08-28 10:00:00,NSE:TDPOWERSYS,127.15,128.2,127.1,127.2,1051.0
2020-08-28 11:00:00,NSE:TDPOWERSYS,127.2,128.1,126.8,126.8,1125.0
2020-08-28 12:00:00,NSE:TDPOWERSYS,127.45,127.5,126.5,126.8,949.0
2020-08-28 13:00:00,NSE:TDPOWERSYS,126.8,127.4,123.5,125.0,4195.0
2020-08-28 14:00:00,NSE:TDPOWERSYS,124.85,126.5,124.1,125.85,2162.0
2020-08-28 15:00:00,NSE:TDPOWERSYS,124.15,125.0,123.75,124.85,1380.0
2020-08-31 09:00:00,NSE:TDPOWERSYS,125.05,128.3,124.0,124.1,3274.0
2020-08-31 10:00:00,NSE:TDPOWERSYS,123.2,124.1,121.1,122.65,2165.0
2020-08-31 11:00:00,NSE:TDPOWERSYS,122.45,122.45,119.0,120.85,13707.0
2020-08-31 12:00:00,NSE:TDPOWERSYS,119.1,120.4,119.05,119.75,1777.0
2020-08-31 13:00:00,NSE:TDPOWERSYS,120.0,120.0,119.0,119.5,2931.0
2020-08-31 14:00:00,NSE:TDPOWERSYS,119.0,119.4,119.0,119.1,12608.0
2020-08-31 15:00:00,NSE:TDPOWERSYS,119.0,119.8,119.0,119.05,5199.0
2020-09-01 09:00:00,NSE:TDPOWERSYS,124.0,124.0,119.15,119.2,1549.0
2020-09-01 10:00:00,NSE:TDPOWERSYS,119.15,119.9,119.0,119.05,3065.0
2020-09-01 11:00:00,NSE:TDPOWERSYS,119.35,119.95,119.05,119.8,2300.0
2020-09-01 12:00:00,NSE:TDPOWERSYS,119.75,121.05,119.05,121.05,1807.0
2020-09-01 13:00:00,NSE:TDPOWERSYS,121.05,121.5,120.25,120.25,287.0
2020-09-01 14:00:00,NSE:TDPOWERSYS,120.0,120.15,119.0,119.65,3714.0
2020-09-01 15:00:00,NSE:TDPOWERSYS,119.65,119.9,119.1,119.4,1035.0
2020-09-02 09:00:00,NSE:TDPOWERSYS,119.2,122.8,119.0,119.95,3556.0
2020-09-02 10:00:00,NSE:TDPOWERSYS,119.95,120.9,119.95,120.0,819.0
2020-09-02 11:00:00,NSE:TDPOWERSYS,120.05,121.0,120.05,120.15,243.0
2020-09-02 12:00:00,NSE:TDPOWERSYS,120.3,121.35,120.3,121.15,402.0
2020-09-02 13:00:00,NSE:TDPOWERSYS,120.7,121.45,120.7,121.45,2.0
2020-09-02 14:00:00,NSE:TDPOWERSYS,120.7,121.95,120.7,121.95,314.0
2020-09-02 15:00:00,NSE:TDPOWERSYS,121.0,121.9,121.0,121.0,356.0
2020-09-03 09:00:00,NSE:TDPOWERSYS,119.05,120.95,119.05,120.95,301.0
2020-09-03 10:00:00,NSE:TDPOWERSYS,119.25,120.85,119.0,119.0,2146.0
2020-09-03 11:00:00,NSE:TDPOWERSYS,119.0,119.95,118.05,118.55,2174.0
2020-09-03 12:00:00,NSE:TDPOWERSYS,118.6,119.95,116.4,118.0,5797.0
2020-09-03 13:00:00,NSE:TDPOWERSYS,117.65,118.25,117.65,118.05,313.0
2020-09-03 14:00:00,NSE:TDPOWERSYS,118.0,118.75,117.2,118.7,3510.0
2020-09-03 15:00:00,NSE:TDPOWERSYS,117.95,119.45,117.05,119.45,1777.0
2020-09-04 09:00:00,NSE:TDPOWERSYS,114.15,119.45,114.15,118.05,338.0
2020-09-04 10:00:00,NSE:TDPOWERSYS,118.3,118.95,116.3,118.95,6799.0
2020-09-04 11:00:00,NSE:TDPOWERSYS,119.0,119.9,116.6,117.7,9997.0
2020-09-04 12:00:00,NSE:TDPOWERSYS,118.0,119.85,117.05,118.05,1360.0
2020-09-04 13:00:00,NSE:TDPOWERSYS,119.5,119.5,118.15,118.15,4067.0
2020-09-04 14:00:00,NSE:TDPOWERSYS,118.15,119.45,113.4,117.95,2633.0
2020-09-04 15:00:00,NSE:TDPOWERSYS,115.2,115.55,113.1,114.45,1455.0
2020-09-07 09:00:00,NSE:TDPOWERSYS,113.1,115.6,112.1,113.1,5544.0
2020-09-07 10:00:00,NSE:TDPOWERSYS,114.6,114.95,113.0,113.3,1255.0
2020-09-07 11:00:00,NSE:TDPOWERSYS,113.1,114.7,112.9,114.65,2023.0
2020-09-07 12:00:00,NSE:TDPOWERSYS,114.8,114.8,112.9,113.95,1105.0
2020-09-07 13:00:00,NSE:TDPOWERSYS,113.95,114.45,112.9,114.0,15008.0
2020-09-07 14:00:00,NSE:TDPOWERSYS,113.1,114.5,113.1,113.15,807.0
2020-09-07 15:00:00,NSE:TDPOWERSYS,114.15,121.0,113.35,117.5,609.0
2020-09-08 09:00:00,NSE:TDPOWERSYS,119.0,119.0,113.25,117.8,1370.0
2020-09-08 10:00:00,NSE:TDPOWERSYS,116.85,117.0,114.6,115.55,2123.0
2020-09-08 11:00:00,NSE:TDPOWERSYS,116.1,116.8,115.7,115.8,362.0
2020-09-08 12:00:00,NSE:TDPOWERSYS,115.7,116.8,115.55,116.75,3877.0
2020-09-08 13:00:00,NSE:TDPOWERSYS,116.65,116.85,114.8,115.15,5500.0
2020-09-08 14:00:00,NSE:TDPOWERSYS,116.75,116.75,114.2,115.0,1987.0
2020-09-08 15:00:00,NSE:TDPOWERSYS,115.0,115.95,113.25,113.9,1051.0
2020-09-09 09:00:00,NSE:TDPOWERSYS,113.0,113.1,111.0,113.0,1027.0
2020-09-09 10:00:00,NSE:TDPOWERSYS,113.5,114.75,113.05,113.05,108.0
2020-09-09 11:00:00,NSE:TDPOWERSYS,113.95,113.95,113.0,113.0,76.0
2020-09-09 12:00:00,NSE:TDPOWERSYS,113.0,113.9,113.0,113.9,194.0
2020-09-09 13:00:00,NSE:TDPOWERSYS,113.0,114.9,112.0,112.95,2982.0
2020-09-09 14:00:00,NSE:TDPOWERSYS,113.25,121.0,113.25,120.0,6229.0
2020-09-09 15:00:00,NSE:TDPOWERSYS,119.95,119.95,117.0,117.0,3153.0
2020-09-10 09:00:00,NSE:TDPOWERSYS,118.7,119.95,116.3,116.4,183.0
2020-09-10 10:00:00,NSE:TDPOWERSYS,119.55,119.55,116.55,116.8,1077.0
2020-09-10 11:00:00,NSE:TDPOWERSYS,118.9,118.9,116.85,117.95,126.0
2020-09-10 12:00:00,NSE:TDPOWERSYS,118.0,118.0,116.6,116.6,258.0
2020-09-10 13:00:00,NSE:TDPOWERSYS,116.55,117.9,116.35,117.9,128.0
2020-09-10 14:00:00,NSE:TDPOWERSYS,116.75,117.8,116.5,116.5,140.0
2020-09-10 15:00:00,NSE:TDPOWERSYS,116.55,117.7,116.35,117.2,96.0
2020-09-11 09:00:00,NSE:TDPOWERSYS,117.0,134.1,116.0,119.9,7646.0
2020-09-11 10:00:00,NSE:TDPOWERSYS,119.9,123.4,119.9,121.35,6734.0
2020-09-11 11:00:00,NSE:TDPOWERSYS,122.8,123.4,121.5,123.4,1115.0
2020-09-11 12:00:00,NSE:TDPOWERSYS,123.4,124.55,119.6,122.1,15225.0
2020-09-11 13:00:00,NSE:TDPOWERSYS,123.0,123.5,118.3,118.95,4481.0
2020-09-11 14:00:00,NSE:TDPOWERSYS,118.8,120.95,118.4,119.7,1343.0
2020-09-11 15:00:00,NSE:TDPOWERSYS,119.75,120.7,118.8,120.7,1686.0
2020-09-14 09:00:00,NSE:TDPOWERSYS,122.1,123.95,120.0,120.0,532.0
2020-09-14 10:00:00,NSE:TDPOWERSYS,119.95,121.55,117.95,119.75,4553.0
2020-09-14 11:00:00,NSE:TDPOWERSYS,119.9,122.9,118.5,121.7,13892.0
2020-09-14 12:00:00,NSE:TDPOWERSYS,121.95,122.4,116.8,116.9,10878.0
2020-09-14 13:00:00,NSE:TDPOWERSYS,117.0,117.8,112.2,117.4,8098.0
2020-09-14 14:00:00,NSE:TDPOWERSYS,117.3,117.3,114.9,116.35,3586.0
2020-09-14 15:00:00,NSE:TDPOWERSYS,116.3,116.75,113.0,113.7,13732.0
2020-09-15 09:00:00,NSE:TDPOWERSYS,116.95,117.0,113.35,113.35,471.0
2020-09-15 10:00:00,NSE:TDPOWERSYS,117.7,117.7,113.35,114.7,3288.0
2020-09-15 11:00:00,NSE:TDPOWERSYS,114.75,115.7,113.05,114.25,1913.0
2020-09-15 12:00:00,NSE:TDPOWERSYS,114.2,115.55,114.2,115.1,1055.0
2020-09-15 13:00:00,NSE:TDPOWERSYS,113.75,114.95,113.3,114.9,6156.0
2020-09-15 14:00:00,NSE:TDPOWERSYS,114.85,114.85,113.55,114.05,1401.0
2020-09-15 15:00:00,NSE:TDPOWERSYS,114.5,114.6,113.5,114.2,1759.0
2020-09-16 09:00:00,NSE:TDPOWERSYS,113.65,117.0,113.65,116.4,995.0
2020-09-16 10:00:00,NSE:TDPOWERSYS,115.95,116.25,115.95,116.1,75.0
2020-09-16 11:00:00,NSE:TDPOWERSYS,116.0,116.0,114.3,114.85,1257.0
2020-09-16 12:00:00,NSE:TDPOWERSYS,114.0,114.95,113.0,114.95,2305.0
2020-09-16 13:00:00,NSE:TDPOWERSYS,114.9,115.75,114.85,114.9,887.0
2020-09-16 14:00:00,NSE:TDPOWERSYS,114.9,115.75,113.6,114.55,7460.0
2020-09-16 15:00:00,NSE:TDPOWERSYS,114.5,114.5,113.65,113.8,1454.0
2020-09-17 09:00:00,NSE:TDPOWERSYS,112.1,114.9,112.1,114.7,257.0
2020-09-17 10:00:00,NSE:TDPOWERSYS,114.65,114.65,112.2,113.8,782.0
2020-09-17 11:00:00,NSE:TDPOWERSYS,113.75,115.35,112.3,113.8,8043.0
2020-09-17 12:00:00,NSE:TDPOWERSYS,114.5,114.85,112.55,113.0,1114.0
2020-09-17 13:00:00,NSE:TDPOWERSYS,112.6,114.6,112.6,112.7,4365.0
2020-09-17 14:00:00,NSE:TDPOWERSYS,113.05,113.85,112.8,113.25,2281.0
2020-09-17 15:00:00,NSE:TDPOWERSYS,113.0,113.0,111.8,112.55,1867.0
2020-09-18 09:00:00,NSE:TDPOWERSYS,113.65,114.0,113.0,114.0,1767.0
2020-09-18 10:00:00,NSE:TDPOWERSYS,114.15,114.15,113.7,113.7,239.0
2020-09-18 11:00:00,NSE:TDPOWERSYS,113.75,114.65,113.75,114.0,1216.0
2020-09-18 12:00:00,NSE:TDPOWERSYS,114.0,115.0,113.0,113.8,3074.0
2020-09-18 13:00:00,NSE:TDPOWERSYS,114.1,114.45,113.25,113.85,1342.0
2020-09-18 14:00:00,NSE:TDPOWERSYS,113.3,114.35,113.05,113.85,2256.0
2020-09-18 15:00:00,NSE:TDPOWERSYS,113.8,114.35,113.0,113.0,1891.0
2020-09-21 09:00:00,NSE:TDPOWERSYS,113.7,120.0,113.7,114.1,1323.0
2020-09-21 10:00:00,NSE:TDPOWERSYS,114.8,114.8,110.0,114.3,3151.0
2020-09-21 11:00:00,NSE:TDPOWERSYS,114.3,114.3,113.0,113.65,634.0
2020-09-21 12:00:00,NSE:TDPOWERSYS,113.0,113.0,110.7,112.1,5816.0
2020-09-21 13:00:00,NSE:TDPOWERSYS,112.1,112.1,110.5,111.5,248.0
2020-09-21 14:00:00,NSE:TDPOWERSYS,110.0,111.5,109.05,111.5,1052.0
2020-09-21 15:00:00,NSE:TDPOWERSYS,111.5,112.0,109.5,110.9,1574.0
2020-09-22 09:00:00,NSE:TDPOWERSYS,106.3,112.5,106.3,108.65,4242.0
2020-09-22 10:00:00,NSE:TDPOWERSYS,109.85,110.0,108.75,109.05,915.0
2020-09-22 11:00:00,NSE:TDPOWERSYS,109.1,114.0,109.1,112.35,5062.0
2020-09-22 12:00:00,NSE:TDPOWERSYS,113.5,113.95,113.5,113.8,620.0
2020-09-22 13:00:00,NSE:TDPOWERSYS,113.7,117.8,112.3,113.95,4710.0
2020-09-22 14:00:00,NSE:TDPOWERSYS,115.0,115.0,113.05,114.0,746.0
2020-09-22 15:00:00,NSE:TDPOWERSYS,114.8,114.8,112.6,113.15,1056.0
2020-09-23 09:00:00,NSE:TDPOWERSYS,114.5,114.5,112.25,112.25,266.0
2020-09-23 10:00:00,NSE:TDPOWERSYS,112.25,115.95,111.35,112.45,1704.0
2020-09-23 11:00:00,NSE:TDPOWERSYS,112.45,112.45,112.45,112.45,1.0
2020-09-23 12:00:00,NSE:TDPOWERSYS,112.5,112.5,112.5,112.5,353.0
2020-09-23 13:00:00,NSE:TDPOWERSYS,113.85,114.0,112.2,112.2,782.0
2020-09-23 14:00:00,NSE:TDPOWERSYS,112.25,112.25,112.1,112.1,247.0
2020-09-23 15:00:00,NSE:TDPOWERSYS,112.1,112.1,111.0,111.1,952.0
2020-09-24 09:00:00,NSE:TDPOWERSYS,109.0,111.8,108.15,111.0,137.0
2020-09-24 10:00:00,NSE:TDPOWERSYS,110.0,110.75,109.0,110.7,130.0
2020-09-24 11:00:00,NSE:TDPOWERSYS,110.0,111.4,109.3,111.3,379.0
2020-09-24 12:00:00,NSE:TDPOWERSYS,111.0,111.25,109.7,111.0,22.0
2020-09-24 13:00:00,NSE:TDPOWERSYS,110.95,110.95,110.9,110.9,40.0
2020-09-24 14:00:00,NSE:TDPOWERSYS,110.9,110.9,109.6,110.0,576.0
2020-09-24 15:00:00,NSE:TDPOWERSYS,110.0,110.8,108.5,109.7,1024.0
2020-09-25 09:00:00,NSE:TDPOWERSYS,111.85,118.85,111.35,114.25,778.0
2020-09-25 10:00:00,NSE:TDPOWERSYS,111.6,113.6,110.6,112.4,194.0
2020-09-25 11:00:00,NSE:TDPOWERSYS,111.0,112.5,110.2,111.0,1710.0
2020-09-25 12:00:00,NSE:TDPOWERSYS,112.4,112.4,111.05,111.1,623.0
2020-09-25 13:00:00,NSE:TDPOWERSYS,111.1,112.5,111.1,112.5,1287.0
2020-09-25 14:00:00,NSE:TDPOWERSYS,112.5,113.95,112.5,113.95,128.0
2020-09-25 15:00:00,NSE:TDPOWERSYS,112.6,112.6,111.2,111.2,635.0
2020-09-28 09:00:00,NSE:TDPOWERSYS,112.35,115.8,112.35,115.8,160.0
2020-09-28 10:00:00,NSE:TDPOWERSYS,113.75,114.85,113.65,113.65,126.0
2020-09-28 11:00:00,NSE:TDPOWERSYS,114.65,114.7,112.1,112.25,3336.0
2020-09-28 12:00:00,NSE:TDPOWERSYS,113.0,113.2,109.95,111.95,4143.0
2020-09-28 13:00:00,NSE:TDPOWERSYS,111.5,111.9,110.5,110.8,1139.0
2020-09-28 14:00:00,NSE:TDPOWERSYS,110.85,112.1,110.8,111.95,3304.0
2020-09-28 15:00:00,NSE:TDPOWERSYS,111.55,111.75,111.0,111.25,2523.0
2020-09-29 09:00:00,NSE:TDPOWERSYS,112.65,112.65,110.35,110.35,36.0
2020-09-29 10:00:00,NSE:TDPOWERSYS,111.5,111.85,110.95,110.95,63.0
2020-09-29 11:00:00,NSE:TDPOWERSYS,110.25,111.0,110.25,110.4,262.0
2020-09-29 12:00:00,NSE:TDPOWERSYS,110.4,110.4,110.1,110.1,1100.0
2020-09-29 13:00:00,NSE:TDPOWERSYS,111.0,111.0,111.0,111.0,1719.0
2020-09-29 14:00:00,NSE:TDPOWERSYS,111.0,111.5,110.95,111.5,1382.0
2020-09-29 15:00:00,NSE:TDPOWERSYS,110.45,111.95,110.4,110.6,889.0
2020-09-30 09:00:00,NSE:TDPOWERSYS,111.6,112.7,110.85,110.85,445.0
2020-09-30 10:00:00,NSE:TDPOWERSYS,110.65,111.85,110.65,111.8,714.0
2020-09-30 11:00:00,NSE:TDPOWERSYS,111.8,111.8,110.75,110.75,295.0
2020-09-30 12:00:00,NSE:TDPOWERSYS,110.7,111.6,110.65,110.7,1006.0
2020-09-30 13:00:00,NSE:TDPOWERSYS,110.7,114.25,110.7,112.55,3663.0
2020-09-30 14:00:00,NSE:TDPOWERSYS,113.5,114.0,112.65,112.65,2336.0
2020-09-30 15:00:00,NSE:TDPOWERSYS,112.65,114.0,111.65,114.0,1110.0
2020-10-01 09:00:00,NSE:TDPOWERSYS,114.3,114.3,110.05,112.85,506.0
2020-10-01 10:00:00,NSE:TDPOWERSYS,112.9,113.8,111.55,113.35,562.0
2020-10-01 11:00:00,NSE:TDPOWERSYS,112.15,113.3,112.15,113.2,178.0
2020-10-01 12:00:00,NSE:TDPOWERSYS,112.25,112.35,112.25,112.25,99.0
2020-10-01 13:00:00,NSE:TDPOWERSYS,112.25,113.35,112.05,112.9,354.0
2020-10-01 14:00:00,NSE:TDPOWERSYS,112.05,112.9,112.0,112.75,255.0
2020-10-01 15:00:00,NSE:TDPOWERSYS,112.4,112.4,111.1,111.2,329.0
2020-10-05 09:00:00,NSE:TDPOWERSYS,110.05,114.6,110.05,113.5,5216.0
2020-10-05 10:00:00,NSE:TDPOWERSYS,113.45,113.45,111.7,112.45,328.0
2020-10-05 11:00:00,NSE:TDPOWERSYS,112.45,112.9,111.75,112.7,223.0
2020-10-05 12:00:00,NSE:TDPOWERSYS,112.7,112.7,111.95,112.1,235.0
2020-10-05 13:00:00,NSE:TDPOWERSYS,111.7,112.0,111.1,111.9,1472.0
2020-10-05 14:00:00,NSE:TDPOWERSYS,111.85,111.85,111.1,111.5,439.0
2020-10-05 15:00:00,NSE:TDPOWERSYS,111.15,112.7,111.1,111.55,1437.0
2020-10-06 09:00:00,NSE:TDPOWERSYS,112.9,114.55,112.05,112.35,754.0
2020-10-06 10:00:00,NSE:TDPOWERSYS,114.4,115.9,112.3,112.7,1516.0
2020-10-06 11:00:00,NSE:TDPOWERSYS,113.0,114.95,113.0,113.15,108.0
2020-10-06 12:00:00,NSE:TDPOWERSYS,114.8,114.8,113.2,114.0,63.0
2020-10-06 13:00:00,NSE:TDPOWERSYS,114.0,114.3,112.75,113.35,644.0
2020-10-06 14:00:00,NSE:TDPOWERSYS,114.0,114.0,113.3,113.3,283.0
2020-10-06 15:00:00,NSE:TDPOWERSYS,113.05,113.85,113.0,113.0,403.0
2020-10-07 09:00:00,NSE:TDPOWERSYS,113.1,113.1,113.1,113.1,1.0
2020-10-07 10:00:00,NSE:TDPOWERSYS,114.65,114.7,111.55,112.15,1193.0
2020-10-07 11:00:00,NSE:TDPOWERSYS,114.8,120.0,112.5,115.25,30075.0
2020-10-07 12:00:00,NSE:TDPOWERSYS,115.25,115.5,114.3,115.5,3629.0
2020-10-07 13:00:00,NSE:TDPOWERSYS,116.5,116.5,114.5,114.5,2962.0
2020-10-07 14:00:00,NSE:TDPOWERSYS,115.5,115.5,114.05,115.3,17849.0
2020-10-07 15:00:00,NSE:TDPOWERSYS,114.05,115.7,112.45,113.9,5087.0
2020-10-08 09:00:00,NSE:TDPOWERSYS,118.95,118.95,113.0,114.0,2747.0
2020-10-08 10:00:00,NSE:TDPOWERSYS,113.85,115.75,113.6,114.55,1196.0
2020-10-08 11:00:00,NSE:TDPOWERSYS,114.25,114.5,114.0,114.0,3479.0
2020-10-08 12:00:00,NSE:TDPOWERSYS,114.55,114.6,111.3,113.4,13440.0
2020-10-08 13:00:00,NSE:TDPOWERSYS,113.05,113.05,112.0,112.95,1260.0
2020-10-08 14:00:00,NSE:TDPOWERSYS,112.5,113.2,112.0,112.0,986.0
2020-10-08 15:00:00,NSE:TDPOWERSYS,112.0,113.7,112.0,112.55,741.0
2020-10-09 09:00:00,NSE:TDPOWERSYS,114.05,114.05,111.4,111.65,754.0
2020-10-09 10:00:00,NSE:TDPOWERSYS,111.65,111.75,111.65,111.75,134.0
2020-10-09 12:00:00,NSE:TDPOWERSYS,114.0,114.0,111.7,111.7,106.0
2020-10-09 13:00:00,NSE:TDPOWERSYS,112.0,112.0,111.6,111.6,188.0
2020-10-09 14:00:00,NSE:TDPOWERSYS,111.7,112.0,111.7,112.0,46.0
2020-10-09 15:00:00,NSE:TDPOWERSYS,113.0,114.0,111.5,112.65,390.0
2020-10-12 09:00:00,NSE:TDPOWERSYS,113.8,113.8,111.15,113.4,229.0
2020-10-12 10:00:00,NSE:TDPOWERSYS,111.6,112.95,111.5,112.35,403.0
2020-10-12 11:00:00,NSE:TDPOWERSYS,112.35,112.35,111.05,111.05,16.0
2020-10-12 12:00:00,NSE:TDPOWERSYS,112.15,112.2,111.0,112.1,213.0
2020-10-12 13:00:00,NSE:TDPOWERSYS,111.05,112.1,111.05,111.05,503.0
2020-10-12 14:00:00,NSE:TDPOWERSYS,111.5,116.0,111.5,114.05,3100.0
2020-10-12 15:00:00,NSE:TDPOWERSYS,113.5,115.0,113.5,115.0,41034.0
2020-10-13 09:00:00,NSE:TDPOWERSYS,111.4,114.1,111.4,114.0,3241.0
2020-10-13 10:00:00,NSE:TDPOWERSYS,114.0,115.0,113.3,114.05,18751.0
2020-10-13 11:00:00,NSE:TDPOWERSYS,114.05,114.05,113.5,113.5,160.0
2020-10-13 12:00:00,NSE:TDPOWERSYS,113.55,113.55,113.55,113.55,50.0
2020-10-13 13:00:00,NSE:TDPOWERSYS,113.5,114.25,113.45,113.45,1952.0
2020-10-13 14:00:00,NSE:TDPOWERSYS,114.25,114.7,113.5,113.55,2959.0
2020-10-13 15:00:00,NSE:TDPOWERSYS,114.0,114.0,113.0,113.9,485.0
2020-10-14 09:00:00,NSE:TDPOWERSYS,112.05,113.7,110.35,112.8,1415.0
2020-10-14 10:00:00,NSE:TDPOWERSYS,111.95,112.45,110.5,112.15,1668.0
2020-10-14 11:00:00,NSE:TDPOWERSYS,110.35,111.7,110.35,111.65,303.0
2020-10-14 12:00:00,NSE:TDPOWERSYS,111.05,111.75,111.0,111.45,26.0
2020-10-14 13:00:00,NSE:TDPOWERSYS,111.0,111.15,110.9,110.9,198.0
2020-10-14 14:00:00,NSE:TDPOWERSYS,110.9,114.1,110.9,114.05,23600.0
2020-10-14 15:00:00,NSE:TDPOWERSYS,112.95,114.5,112.55,114.05,6864.0
2020-10-15 09:00:00,NSE:TDPOWERSYS,110.05,115.05,110.05,112.7,70147.0
2020-10-15 10:00:00,NSE:TDPOWERSYS,114.05,114.05,112.1,113.0,25402.0
2020-10-15 11:00:00,NSE:TDPOWERSYS,112.5,113.85,112.5,112.65,320.0
2020-10-15 12:00:00,NSE:TDPOWERSYS,112.75,113.05,112.75,113.05,262.0
2020-10-15 13:00:00,NSE:TDPOWERSYS,113.1,113.1,113.1,113.1,71.0
2020-10-15 14:00:00,NSE:TDPOWERSYS,112.8,113.4,110.1,111.3,2620.0
2020-10-15 15:00:00,NSE:TDPOWERSYS,111.5,111.5,108.05,110.2,2292.0
2020-10-16 09:00:00,NSE:TDPOWERSYS,113.85,113.85,111.25,111.25,110.0
2020-10-16 10:00:00,NSE:TDPOWERSYS,111.3,111.3,108.3,110.6,1524.0
2020-10-16 11:00:00,NSE:TDPOWERSYS,109.8,110.5,108.85,110.3,573.0
2020-10-16 12:00:00,NSE:TDPOWERSYS,108.0,109.0,107.15,107.9,1742.0
2020-10-16 13:00:00,NSE:TDPOWERSYS,108.35,108.4,107.2,107.2,990.0
2020-10-16 14:00:00,NSE:TDPOWERSYS,107.95,108.8,107.55,108.3,1152.0
2020-10-16 15:00:00,NSE:TDPOWERSYS,108.8,108.8,107.0,107.75,2489.0
2020-10-19 09:00:00,NSE:TDPOWERSYS,108.45,113.75,108.45,108.75,362.0
2020-10-19 10:00:00,NSE:TDPOWERSYS,110.6,110.7,108.15,109.2,8509.0
2020-10-19 11:00:00,NSE:TDPOWERSYS,108.95,109.2,108.3,109.2,631.0
2020-10-19 12:00:00,NSE:TDPOWERSYS,109.2,109.4,109.2,109.35,792.0
2020-10-19 13:00:00,NSE:TDPOWERSYS,109.5,109.9,108.8,108.8,1763.0
2020-10-19 14:00:00,NSE:TDPOWERSYS,109.05,109.05,108.0,108.95,6284.0
2020-10-19 15:00:00,NSE:TDPOWERSYS,108.4,108.7,108.0,108.2,352.0
2020-10-20 09:00:00,NSE:TDPOWERSYS,108.25,112.9,108.25,111.75,18.0
2020-10-20 10:00:00,NSE:TDPOWERSYS,110.0,110.0,108.05,109.6,679.0
2020-10-20 11:00:00,NSE:TDPOWERSYS,109.0,109.4,108.0,108.95,574.0
2020-10-20 12:00:00,NSE:TDPOWERSYS,108.0,108.8,108.0,108.05,1647.0
2020-10-20 13:00:00,NSE:TDPOWERSYS,108.05,108.65,108.05,108.65,90.0
2020-10-20 14:00:00,NSE:TDPOWERSYS,108.1,110.0,108.05,108.45,2451.0
2020-10-20 15:00:00,NSE:TDPOWERSYS,108.6,109.65,108.15,108.4,2443.0
2020-10-21 09:00:00,NSE:TDPOWERSYS,108.75,112.0,108.75,111.35,957.0
2020-10-21 10:00:00,NSE:TDPOWERSYS,109.1,109.3,108.45,109.3,1482.0
2020-10-21 11:00:00,NSE:TDPOWERSYS,109.2,109.4,109.2,109.4,115.0
2020-10-21 12:00:00,NSE:TDPOWERSYS,109.9,109.9,109.15,109.7,360.0
2020-10-21 13:00:00,NSE:TDPOWERSYS,109.1,109.7,108.5,108.7,697.0
2020-10-21 14:00:00,NSE:TDPOWERSYS,108.7,108.7,108.5,108.5,2153.0
2020-10-21 15:00:00,NSE:TDPOWERSYS,112.0,112.0,109.05,110.05,2014.0
2020-10-22 09:00:00,NSE:TDPOWERSYS,110.0,110.0,108.5,109.6,5588.0
2020-10-22 10:00:00,NSE:TDPOWERSYS,109.65,109.7,109.65,109.7,13.0
2020-10-22 11:00:00,NSE:TDPOWERSYS,108.8,109.7,108.8,109.7,3.0
2020-10-22 12:00:00,NSE:TDPOWERSYS,108.8,109.4,108.8,109.4,4.0
2020-10-22 13:00:00,NSE:TDPOWERSYS,109.35,109.4,108.7,109.4,177.0
2020-10-22 14:00:00,NSE:TDPOWERSYS,109.5,110.0,108.75,109.9,1369.0
2020-10-22 15:00:00,NSE:TDPOWERSYS,108.6,109.85,108.6,109.05,737.0
2020-10-23 09:00:00,NSE:TDPOWERSYS,115.5,115.5,109.25,109.3,745.0
2020-10-23 10:00:00,NSE:TDPOWERSYS,111.45,111.45,109.6,110.0,67.0
2020-10-23 11:00:00,NSE:TDPOWERSYS,111.4,111.4,110.95,110.95,20.0
2020-10-23 12:00:00,NSE:TDPOWERSYS,110.0,111.0,109.25,109.25,8890.0
2020-10-23 13:00:00,NSE:TDPOWERSYS,108.65,109.95,108.5,109.95,3554.0
2020-10-23 14:00:00,NSE:TDPOWERSYS,109.05,110.0,108.95,110.0,3004.0
2020-10-23 15:00:00,NSE:TDPOWERSYS,110.1,110.95,109.25,109.5,548.0
2020-10-26 09:00:00,NSE:TDPOWERSYS,108.25,108.8,108.25,108.8,401.0
2020-10-26 10:00:00,NSE:TDPOWERSYS,109.75,109.75,108.55,108.55,1958.0
2020-10-26 12:00:00,NSE:TDPOWERSYS,108.65,108.65,108.55,108.55,99.0
2020-10-26 13:00:00,NSE:TDPOWERSYS,108.55,109.4,108.55,109.4,1157.0
2020-10-26 14:00:00,NSE:TDPOWERSYS,109.35,109.35,108.75,108.75,164.0
2020-10-26 15:00:00,NSE:TDPOWERSYS,108.75,108.75,108.55,108.55,2096.0
2020-10-27 09:00:00,NSE:TDPOWERSYS,108.45,109.75,108.45,109.75,310.0
2020-10-27 10:00:00,NSE:TDPOWERSYS,109.0,110.1,109.0,110.0,7280.0
2020-10-27 11:00:00,NSE:TDPOWERSYS,109.5,110.0,109.5,109.95,7968.0
2020-10-27 12:00:00,NSE:TDPOWERSYS,109.5,109.5,109.5,109.5,300.0
2020-10-27 13:00:00,NSE:TDPOWERSYS,110.0,110.0,109.3,110.0,1167.0
2020-10-27 14:00:00,NSE:TDPOWERSYS,109.9,109.9,109.25,109.25,49.0
2020-10-27 15:00:00,NSE:TDPOWERSYS,109.9,109.9,108.55,108.55,1192.0
2020-10-28 09:00:00,NSE:TDPOWERSYS,108.55,110.0,108.55,109.15,705.0
2020-10-28 10:00:00,NSE:TDPOWERSYS,108.75,110.75,108.6,110.75,2047.0
2020-10-28 11:00:00,NSE:TDPOWERSYS,108.9,108.9,108.9,108.9,190.0
2020-10-28 12:00:00,NSE:TDPOWERSYS,109.05,110.0,109.05,109.8,1670.0
2020-10-28 13:00:00,NSE:TDPOWERSYS,113.0,114.0,109.05,110.0,14054.0
2020-10-28 14:00:00,NSE:TDPOWERSYS,109.35,109.95,107.4,108.05,11158.0
2020-10-28 15:00:00,NSE:TDPOWERSYS,108.05,109.95,108.0,108.9,2138.0
2020-10-29 09:00:00,NSE:TDPOWERSYS,107.95,110.5,106.2,110.5,1544.0
2020-10-29 10:00:00,NSE:TDPOWERSYS,108.0,110.2,108.0,109.85,1813.0
2020-10-29 11:00:00,NSE:TDPOWERSYS,109.85,109.9,109.05,109.85,519.0
2020-10-29 12:00:00,NSE:TDPOWERSYS,109.95,109.95,108.4,108.9,1149.0
2020-10-29 13:00:00,NSE:TDPOWERSYS,108.0,108.65,102.35,106.3,7442.0
2020-10-29 14:00:00,NSE:TDPOWERSYS,105.75,105.95,104.55,105.6,1096.0
2020-10-29 15:00:00,NSE:TDPOWERSYS,105.05,105.95,105.0,105.25,813.0
2020-10-30 09:00:00,NSE:TDPOWERSYS,106.05,108.9,104.5,106.65,4560.0
2020-10-30 10:00:00,NSE:TDPOWERSYS,106.65,106.65,103.9,105.7,1518.0
2020-10-30 11:00:00,NSE:TDPOWERSYS,105.6,105.9,104.1,105.9,11996.0
2020-10-30 12:00:00,NSE:TDPOWERSYS,104.5,105.95,104.0,105.95,1105.0
2020-10-30 13:00:00,NSE:TDPOWERSYS,103.35,105.85,103.35,105.2,298.0
2020-10-30 14:00:00,NSE:TDPOWERSYS,105.15,105.2,104.1,104.2,2509.0
2020-10-30 15:00:00,NSE:TDPOWERSYS,103.5,104.4,102.95,103.65,2163.0
2020-11-02 09:00:00,NSE:TDPOWERSYS,104.95,104.95,101.55,102.1,1780.0
2020-11-02 10:00:00,NSE:TDPOWERSYS,102.8,104.75,102.15,104.75,338.0
2020-11-02 11:00:00,NSE:TDPOWERSYS,104.8,104.8,103.1,103.1,727.0
2020-11-02 12:00:00,NSE:TDPOWERSYS,103.5,104.2,103.5,104.2,117.0
2020-11-02 13:00:00,NSE:TDPOWERSYS,103.95,103.95,103.0,103.95,325.0
2020-11-02 14:00:00,NSE:TDPOWERSYS,104.0,104.85,104.0,104.85,690.0
2020-11-02 15:00:00,NSE:TDPOWERSYS,104.45,108.0,104.45,108.0,4774.0
2020-11-03 09:00:00,NSE:TDPOWERSYS,108.0,108.0,108.0,108.0,1.0
2020-11-03 10:00:00,NSE:TDPOWERSYS,107.9,107.9,105.15,105.9,857.0
2020-11-03 11:00:00,NSE:TDPOWERSYS,105.0,105.0,104.85,105.0,1110.0
2020-11-03 12:00:00,NSE:TDPOWERSYS,105.0,105.85,105.0,105.15,122.0
2020-11-03 13:00:00,NSE:TDPOWERSYS,105.1,105.9,105.0,105.85,393.0
2020-11-03 14:00:00,NSE:TDPOWERSYS,105.15,105.4,103.7,105.4,1200.0
2020-11-03 15:00:00,NSE:TDPOWERSYS,103.65,104.9,103.5,103.5,575.0
2020-11-04 09:00:00,NSE:TDPOWERSYS,104.95,104.95,104.0,104.85,2262.0
2020-11-04 10:00:00,NSE:TDPOWERSYS,104.85,105.35,104.45,104.75,65.0
2020-11-04 11:00:00,NSE:TDPOWERSYS,104.35,104.9,104.0,104.9,762.0
2020-11-04 12:00:00,NSE:TDPOWERSYS,104.9,104.9,104.9,104.9,35.0
2020-11-04 14:00:00,NSE:TDPOWERSYS,104.4,104.85,104.4,104.85,26.0
2020-11-04 15:00:00,NSE:TDPOWERSYS,105.0,107.0,104.45,106.9,923.0
2020-11-05 09:00:00,NSE:TDPOWERSYS,106.95,106.95,104.7,104.7,111.0
2020-11-05 10:00:00,NSE:TDPOWERSYS,105.05,105.85,105.05,105.2,150.0
2020-11-05 11:00:00,NSE:TDPOWERSYS,106.45,107.15,105.45,107.15,69.0
2020-11-05 12:00:00,NSE:TDPOWERSYS,107.1,110.35,107.1,110.0,14299.0
2020-11-05 13:00:00,NSE:TDPOWERSYS,110.05,111.0,110.0,111.0,3151.0
2020-11-05 14:00:00,NSE:TDPOWERSYS,110.3,110.8,110.0,110.75,1532.0
2020-11-05 15:00:00,NSE:TDPOWERSYS,110.2,111.0,110.2,110.5,2210.0
2020-11-06 09:00:00,NSE:TDPOWERSYS,109.9,109.9,108.35,109.05,567.0
2020-11-06 10:00:00,NSE:TDPOWERSYS,109.75,110.0,108.7,108.7,1620.0
2020-11-06 11:00:00,NSE:TDPOWERSYS,108.7,109.7,108.7,109.7,176.0
2020-11-06 12:00:00,NSE:TDPOWERSYS,108.8,109.65,108.5,108.7,2233.0
2020-11-06 13:00:00,NSE:TDPOWERSYS,108.7,110.05,108.7,109.0,2354.0
2020-11-06 14:00:00,NSE:TDPOWERSYS,109.0,109.1,109.0,109.1,3269.0
2020-11-06 15:00:00,NSE:TDPOWERSYS,109.1,110.0,108.75,108.75,6128.0
2020-11-09 09:00:00,NSE:TDPOWERSYS,119.0,119.0,109.85,110.0,3996.0
2020-11-09 10:00:00,NSE:TDPOWERSYS,110.0,110.2,108.4,109.75,1767.0
2020-11-09 11:00:00,NSE:TDPOWERSYS,109.6,109.6,108.55,109.0,106.0
2020-11-09 12:00:00,NSE:TDPOWERSYS,109.0,109.0,108.15,108.65,810.0
2020-11-09 13:00:00,NSE:TDPOWERSYS,108.65,110.0,108.65,109.85,1807.0
2020-11-09 14:00:00,NSE:TDPOWERSYS,110.0,110.0,109.1,110.0,8553.0
2020-11-09 15:00:00,NSE:TDPOWERSYS,109.3,110.5,108.65,109.65,3889.0
2020-11-10 09:00:00,NSE:TDPOWERSYS,107.6,117.0,107.6,110.7,1011.0
2020-11-10 10:00:00,NSE:TDPOWERSYS,110.0,110.0,107.7,108.85,2942.0
2020-11-10 11:00:00,NSE:TDPOWERSYS,108.0,109.0,108.0,108.55,883.0
2020-11-10 12:00:00,NSE:TDPOWERSYS,102.95,108.55,102.9,108.0,5563.0
2020-11-10 13:00:00,NSE:TDPOWERSYS,107.95,110.0,107.55,108.6,2051.0
2020-11-10 14:00:00,NSE:TDPOWERSYS,108.6,111.85,108.5,110.0,9994.0
2020-11-10 15:00:00,NSE:TDPOWERSYS,110.0,111.0,108.1,111.0,6172.0
2020-11-11 09:00:00,NSE:TDPOWERSYS,124.0,129.5,118.0,119.35,137813.0
2020-11-11 10:00:00,NSE:TDPOWERSYS,119.85,120.0,118.2,119.3,23577.0
2020-11-11 11:00:00,NSE:TDPOWERSYS,119.3,119.7,118.3,118.95,11986.0
2020-11-11 12:00:00,NSE:TDPOWERSYS,118.95,120.0,118.95,119.4,12607.0
2020-11-11 13:00:00,NSE:TDPOWERSYS,119.2,119.2,117.15,117.8,15092.0
2020-11-11 14:00:00,NSE:TDPOWERSYS,117.35,117.5,110.05,111.45,75620.0
2020-11-11 15:00:00,NSE:TDPOWERSYS,110.3,114.8,110.15,112.45,32186.0
2020-11-12 09:00:00,NSE:TDPOWERSYS,115.5,115.5,112.3,113.1,8433.0
2020-11-12 10:00:00,NSE:TDPOWERSYS,113.1,113.55,111.4,112.65,9250.0
2020-11-12 11:00:00,NSE:TDPOWERSYS,112.8,113.45,112.8,113.25,1094.0
2020-11-12 12:00:00,NSE:TDPOWERSYS,113.3,114.2,113.1,114.0,7007.0
2020-11-12 13:00:00,NSE:TDPOWERSYS,114.0,114.0,111.0,113.0,20534.0
2020-11-12 14:00:00,NSE:TDPOWERSYS,112.2,113.0,112.2,112.3,1282.0
2020-11-12 15:00:00,NSE:TDPOWERSYS,112.85,112.85,111.0,111.95,5206.0
2020-11-13 09:00:00,NSE:TDPOWERSYS,112.95,114.0,111.0,113.05,2882.0
2020-11-13 10:00:00,NSE:TDPOWERSYS,113.55,114.0,112.35,114.0,57354.0
2020-11-13 11:00:00,NSE:TDPOWERSYS,113.9,114.0,113.55,113.6,7311.0
2020-11-13 12:00:00,NSE:TDPOWERSYS,113.55,114.25,112.15,112.2,12487.0
2020-11-13 13:00:00,NSE:TDPOWERSYS,112.8,113.0,111.85,112.05,55289.0
2020-11-13 14:00:00,NSE:TDPOWERSYS,112.35,113.85,112.35,113.85,7234.0
2020-11-13 15:00:00,NSE:TDPOWERSYS,113.35,114.0,113.35,113.75,8354.0
2020-11-14 18:00:00,NSE:TDPOWERSYS,115.25,118.0,113.3,115.0,10405.0
2020-11-14 19:00:00,NSE:TDPOWERSYS,115.0,115.0,114.3,114.95,9981.0
2020-11-17 09:00:00,NSE:TDPOWERSYS,116.0,116.0,113.1,114.6,17186.0
2020-11-17 10:00:00,NSE:TDPOWERSYS,114.35,114.55,114.05,114.05,4506.0
2020-11-17 11:00:00,NSE:TDPOWERSYS,114.35,114.5,114.05,114.4,6937.0
2020-11-17 12:00:00,NSE:TDPOWERSYS,114.15,114.65,114.0,114.0,8372.0
2020-11-17 13:00:00,NSE:TDPOWERSYS,114.35,115.95,114.35,115.95,72608.0
2020-11-17 14:00:00,NSE:TDPOWERSYS,115.15,120.0,115.15,119.25,170632.0
2020-11-17 15:00:00,NSE:TDPOWERSYS,119.25,120.0,118.5,119.45,22492.0
2020-11-18 09:00:00,NSE:TDPOWERSYS,121.25,124.65,119.65,124.65,28715.0
2020-11-18 10:00:00,NSE:TDPOWERSYS,124.65,125.55,122.75,123.2,17409.0
2020-11-18 11:00:00,NSE:TDPOWERSYS,123.2,126.0,123.2,124.0,43873.0
2020-11-18 12:00:00,NSE:TDPOWERSYS,124.0,124.95,123.15,124.95,12277.0
2020-11-18 13:00:00,NSE:TDPOWERSYS,124.95,125.5,124.5,125.0,3849.0
2020-11-18 14:00:00,NSE:TDPOWERSYS,125.25,129.0,124.9,128.25,34816.0
2020-11-18 15:00:00,NSE:TDPOWERSYS,129.0,129.0,125.6,127.85,19219.0
2020-11-19 09:00:00,NSE:TDPOWERSYS,129.7,129.7,125.25,128.75,14666.0
2020-11-19 10:00:00,NSE:TDPOWERSYS,128.5,129.85,125.15,129.05,131041.0
2020-11-19 11:00:00,NSE:TDPOWERSYS,129.55,141.4,128.5,138.1,220669.0
2020-11-19 12:00:00,NSE:TDPOWERSYS,138.1,138.4,135.0,135.95,70901.0
2020-11-19 13:00:00,NSE:TDPOWERSYS,136.0,136.9,133.6,133.6,19821.0
2020-11-19 14:00:00,NSE:TDPOWERSYS,133.5,133.8,129.65,131.7,48485.0
2020-11-19 15:00:00,NSE:TDPOWERSYS,131.35,133.0,130.25,130.95,79932.0
2020-11-20 09:00:00,NSE:TDPOWERSYS,132.9,132.9,128.75,130.15,38249.0
2020-11-20 10:00:00,NSE:TDPOWERSYS,130.1,133.55,130.1,132.0,33352.0
2020-11-20 11:00:00,NSE:TDPOWERSYS,131.85,133.2,129.35,130.0,69112.0
2020-11-20 12:00:00,NSE:TDPOWERSYS,130.0,140.6,129.7,139.45,608538.0
2020-11-20 13:00:00,NSE:TDPOWERSYS,139.25,140.0,136.0,138.0,313953.0
2020-11-20 14:00:00,NSE:TDPOWERSYS,138.0,141.7,137.65,140.45,135494.0
2020-11-20 15:00:00,NSE:TDPOWERSYS,140.55,142.7,140.0,141.3,120312.0
2020-11-23 09:00:00,NSE:TDPOWERSYS,142.45,142.45,136.5,136.5,69914.0
2020-11-23 10:00:00,NSE:TDPOWERSYS,136.8,137.05,134.6,135.6,35026.0
2020-11-23 11:00:00,NSE:TDPOWERSYS,135.6,136.8,135.0,136.1,13315.0
2020-11-23 12:00:00,NSE:TDPOWERSYS,135.85,140.55,135.85,140.5,53192.0
2020-11-23 13:00:00,NSE:TDPOWERSYS,140.0,140.9,138.5,139.3,19912.0
2020-11-23 14:00:00,NSE:TDPOWERSYS,139.8,140.5,138.85,139.0,19702.0
2020-11-23 15:00:00,NSE:TDPOWERSYS,138.85,139.0,136.6,137.8,29031.0
2020-11-24 09:00:00,NSE:TDPOWERSYS,138.9,138.9,135.0,135.65,22471.0
2020-11-24 10:00:00,NSE:TDPOWERSYS,135.95,136.0,133.0,134.75,25805.0
2020-11-24 11:00:00,NSE:TDPOWERSYS,134.7,135.0,131.7,133.45,22749.0
2020-11-24 12:00:00,NSE:TDPOWERSYS,133.1,133.5,130.6,131.15,40077.0
2020-11-24 13:00:00,NSE:TDPOWERSYS,131.0,131.05,129.1,129.75,30835.0
2020-11-24 14:00:00,NSE:TDPOWERSYS,130.0,130.4,128.9,129.7,49073.0
2020-11-24 15:00:00,NSE:TDPOWERSYS,130.0,130.0,129.05,129.95,67409.0
2020-11-25 09:00:00,NSE:TDPOWERSYS,131.55,133.7,130.5,131.0,20990.0
2020-11-25 10:00:00,NSE:TDPOWERSYS,131.0,131.0,125.05,127.05,54751.0
2020-11-25 11:00:00,NSE:TDPOWERSYS,127.0,127.0,123.75,125.8,32767.0
2020-11-25 12:00:00,NSE:TDPOWERSYS,125.7,126.6,125.1,126.5,6250.0
2020-11-25 13:00:00,NSE:TDPOWERSYS,126.35,127.45,125.0,125.0,11658.0
2020-11-25 14:00:00,NSE:TDPOWERSYS,124.5,126.55,124.15,124.8,9271.0
2020-11-25 15:00:00,NSE:TDPOWERSYS,124.7,125.35,122.9,124.45,23719.0
2020-11-26 09:00:00,NSE:TDPOWERSYS,124.45,126.35,121.25,122.9,12818.0
2020-11-26 10:00:00,NSE:TDPOWERSYS,122.9,125.0,122.5,124.75,24349.0
2020-11-26 11:00:00,NSE:TDPOWERSYS,124.45,124.85,123.6,123.9,6144.0
2020-11-26 12:00:00,NSE:TDPOWERSYS,123.9,124.1,123.65,124.0,2986.0
2020-11-26 13:00:00,NSE:TDPOWERSYS,123.9,125.0,123.65,124.7,5287.0
2020-11-26 14:00:00,NSE:TDPOWERSYS,124.85,125.0,124.35,124.35,1391.0
2020-11-26 15:00:00,NSE:TDPOWERSYS,124.8,125.0,123.6,124.7,30026.0
2020-11-27 09:00:00,NSE:TDPOWERSYS,126.0,129.45,125.4,126.65,19591.0
2020-11-27 10:00:00,NSE:TDPOWERSYS,126.65,127.5,125.6,126.05,10978.0
2020-11-27 11:00:00,NSE:TDPOWERSYS,126.05,126.6,125.6,125.7,3264.0
2020-11-27 12:00:00,NSE:TDPOWERSYS,125.7,127.0,125.65,126.0,8143.0
2020-11-27 13:00:00,NSE:TDPOWERSYS,126.05,126.8,125.7,125.7,3242.0
2020-11-27 14:00:00,NSE:TDPOWERSYS,125.75,126.55,125.05,126.2,7699.0
2020-11-27 15:00:00,NSE:TDPOWERSYS,126.5,127.0,124.0,125.9,23788.0
2020-12-01 09:00:00,NSE:TDPOWERSYS,129.25,129.25,124.0,127.75,10569.0
2020-12-01 10:00:00,NSE:TDPOWERSYS,127.8,127.8,126.3,127.1,6597.0
2020-12-01 11:00:00,NSE:TDPOWERSYS,127.1,127.65,126.6,127.3,5186.0
2020-12-01 12:00:00,NSE:TDPOWERSYS,127.2,127.5,127.05,127.5,2466.0
2020-12-01 13:00:00,NSE:TDPOWERSYS,127.65,127.65,126.0,127.45,6297.0
2020-12-01 14:00:00,NSE:TDPOWERSYS,127.0,127.5,127.0,127.3,9010.0
2020-12-01 15:00:00,NSE:TDPOWERSYS,127.3,127.65,126.55,127.0,5191.0
2020-12-02 09:00:00,NSE:TDPOWERSYS,125.65,128.05,125.15,127.35,5452.0
2020-12-02 10:00:00,NSE:TDPOWERSYS,127.3,128.95,126.0,126.55,23702.0
2020-12-02 11:00:00,NSE:TDPOWERSYS,127.35,127.4,126.1,127.0,2430.0
2020-12-02 12:00:00,NSE:TDPOWERSYS,127.05,128.15,127.0,127.55,4594.0
2020-12-02 13:00:00,NSE:TDPOWERSYS,127.55,127.55,126.4,127.1,8570.0
2020-12-02 14:00:00,NSE:TDPOWERSYS,126.15,126.85,126.0,126.85,6225.0
2020-12-02 15:00:00,NSE:TDPOWERSYS,126.85,126.85,126.0,126.0,3833.0
2020-12-03 09:00:00,NSE:TDPOWERSYS,126.85,127.75,126.05,126.85,7787.0
2020-12-03 10:00:00,NSE:TDPOWERSYS,126.85,127.0,126.05,126.55,17056.0
2020-12-03 11:00:00,NSE:TDPOWERSYS,126.75,127.0,125.5,126.5,4137.0
2020-12-03 12:00:00,NSE:TDPOWERSYS,126.85,126.85,126.05,126.8,4065.0
2020-12-03 13:00:00,NSE:TDPOWERSYS,126.55,127.0,126.35,127.0,3467.0
2020-12-03 14:00:00,NSE:TDPOWERSYS,126.95,127.0,126.6,126.7,3313.0
2020-12-03 15:00:00,NSE:TDPOWERSYS,126.7,126.7,126.0,126.25,7190.0
2020-12-04 09:00:00,NSE:TDPOWERSYS,127.5,128.9,126.95,126.95,13697.0
2020-12-04 10:00:00,NSE:TDPOWERSYS,127.0,127.85,126.8,127.8,8576.0
2020-12-04 11:00:00,NSE:TDPOWERSYS,127.6,128.5,127.55,128.2,18356.0
2020-12-04 12:00:00,NSE:TDPOWERSYS,128.05,128.35,127.5,127.5,10800.0
2020-12-04 13:00:00,NSE:TDPOWERSYS,127.2,128.0,126.35,128.0,9367.0
2020-12-04 14:00:00,NSE:TDPOWERSYS,129.05,132.25,129.05,131.05,32704.0
2020-12-04 15:00:00,NSE:TDPOWERSYS,131.3,131.3,130.55,130.85,9971.0
2020-12-07 09:00:00,NSE:TDPOWERSYS,132.4,132.85,130.6,131.55,19908.0
2020-12-07 10:00:00,NSE:TDPOWERSYS,131.4,131.75,130.55,131.0,8369.0
2020-12-07 11:00:00,NSE:TDPOWERSYS,131.25,132.0,130.85,130.85,6328.0
2020-12-07 12:00:00,NSE:TDPOWERSYS,131.3,131.5,130.55,130.85,6116.0
2020-12-07 13:00:00,NSE:TDPOWERSYS,130.85,131.5,130.5,130.55,3579.0
2020-12-07 14:00:00,NSE:TDPOWERSYS,130.7,130.7,127.0,128.15,8318.0
2020-12-07 15:00:00,NSE:TDPOWERSYS,128.55,128.55,127.55,127.8,5422.0
2020-12-08 09:00:00,NSE:TDPOWERSYS,129.85,130.55,128.05,129.6,13893.0
2020-12-08 10:00:00,NSE:TDPOWERSYS,129.9,133.0,129.9,131.6,39996.0
2020-12-08 11:00:00,NSE:TDPOWERSYS,131.6,131.65,126.55,128.6,24090.0
2020-12-08 12:00:00,NSE:TDPOWERSYS,128.85,129.5,128.0,129.5,3640.0
2020-12-08 13:00:00,NSE:TDPOWERSYS,129.05,129.45,129.0,129.3,1220.0
2020-12-08 14:00:00,NSE:TDPOWERSYS,129.3,129.9,129.05,129.05,9312.0
2020-12-08 15:00:00,NSE:TDPOWERSYS,129.55,130.7,129.0,130.15,8625.0
2020-12-09 09:00:00,NSE:TDPOWERSYS,130.15,132.55,129.05,130.7,10959.0
2020-12-09 10:00:00,NSE:TDPOWERSYS,131.25,132.15,129.75,130.55,7697.0
2020-12-09 11:00:00,NSE:TDPOWERSYS,130.7,131.0,129.6,130.95,9804.0
2020-12-09 12:00:00,NSE:TDPOWERSYS,130.7,130.7,129.5,129.7,5583.0
2020-12-09 13:00:00,NSE:TDPOWERSYS,129.25,131.25,129.05,131.0,6654.0
2020-12-09 14:00:00,NSE:TDPOWERSYS,131.0,133.85,128.75,130.45,41468.0
2020-12-09 15:00:00,NSE:TDPOWERSYS,130.45,133.95,130.45,133.9,54936.0
2020-12-10 09:00:00,NSE:TDPOWERSYS,134.95,135.9,129.15,129.75,22985.0
2020-12-10 10:00:00,NSE:TDPOWERSYS,129.85,130.65,128.55,130.15,11654.0
2020-12-10 11:00:00,NSE:TDPOWERSYS,130.45,130.65,129.8,130.05,5162.0
2020-12-10 12:00:00,NSE:TDPOWERSYS,130.05,130.4,129.5,130.3,8455.0
2020-12-10 13:00:00,NSE:TDPOWERSYS,130.2,130.5,129.75,130.15,6932.0
2020-12-10 14:00:00,NSE:TDPOWERSYS,129.9,130.2,129.55,130.2,7286.0
2020-12-10 15:00:00,NSE:TDPOWERSYS,130.2,130.4,129.0,129.35,8351.0
2020-12-11 09:00:00,NSE:TDPOWERSYS,129.3,133.0,129.3,132.2,6192.0
2020-12-11 10:00:00,NSE:TDPOWERSYS,132.25,132.25,130.75,130.95,4168.0
2020-12-11 11:00:00,NSE:TDPOWERSYS,130.95,132.0,130.95,131.95,3456.0
2020-12-11 12:00:00,NSE:TDPOWERSYS,131.5,131.9,131.05,131.05,1989.0
2020-12-11 13:00:00,NSE:TDPOWERSYS,131.0,131.0,130.0,130.4,4959.0
2020-12-11 14:00:00,NSE:TDPOWERSYS,130.05,130.45,129.05,129.9,5134.0
2020-12-11 15:00:00,NSE:TDPOWERSYS,130.1,130.25,129.0,129.2,5337.0
2020-12-14 09:00:00,NSE:TDPOWERSYS,130.5,132.9,130.3,130.5,8776.0
2020-12-14 10:00:00,NSE:TDPOWERSYS,130.5,130.7,129.0,129.25,6972.0
2020-12-14 11:00:00,NSE:TDPOWERSYS,129.0,129.65,128.6,129.65,3366.0
2020-12-14 12:00:00,NSE:TDPOWERSYS,129.95,130.4,129.5,129.5,1758.0
2020-12-14 13:00:00,NSE:TDPOWERSYS,129.4,129.5,129.1,129.2,3387.0
2020-12-14 14:00:00,NSE:TDPOWERSYS,129.5,131.15,129.45,130.4,7244.0
2020-12-14 15:00:00,NSE:TDPOWERSYS,130.15,130.15,128.65,129.55,4334.0
2020-12-15 09:00:00,NSE:TDPOWERSYS,130.75,130.75,128.25,129.0,6709.0
2020-12-15 10:00:00,NSE:TDPOWERSYS,128.7,129.0,127.25,127.95,14759.0
2020-12-15 11:00:00,NSE:TDPOWERSYS,128.0,128.05,126.25,126.9,61918.0
2020-12-15 12:00:00,NSE:TDPOWERSYS,127.0,129.0,126.95,128.45,11415.0
2020-12-15 13:00:00,NSE:TDPOWERSYS,128.6,128.95,128.15,128.4,4013.0
2020-12-15 14:00:00,NSE:TDPOWERSYS,128.7,128.95,127.05,127.35,12410.0
2020-12-15 15:00:00,NSE:TDPOWERSYS,127.05,129.6,127.05,128.5,12034.0
2020-12-16 09:00:00,NSE:TDPOWERSYS,130.8,131.0,128.0,129.45,6456.0
2020-12-16 10:00:00,NSE:TDPOWERSYS,129.2,129.75,129.1,129.55,2554.0
2020-12-16 11:00:00,NSE:TDPOWERSYS,129.55,129.55,129.0,129.15,8863.0
2020-12-16 12:00:00,NSE:TDPOWERSYS,129.05,130.3,129.05,130.05,7696.0
2020-12-16 13:00:00,NSE:TDPOWERSYS,130.4,132.55,129.8,129.9,59776.0
2020-12-16 14:00:00,NSE:TDPOWERSYS,130.0,130.1,129.45,129.85,10552.0
2020-12-16 15:00:00,NSE:TDPOWERSYS,130.0,130.0,128.0,128.0,13111.0
2020-12-17 09:00:00,NSE:TDPOWERSYS,129.4,130.8,129.4,129.7,8513.0
2020-12-17 10:00:00,NSE:TDPOWERSYS,129.95,130.45,129.65,130.2,3498.0
2020-12-17 11:00:00,NSE:TDPOWERSYS,130.0,130.45,129.6,129.6,2415.0
2020-12-17 12:00:00,NSE:TDPOWERSYS,129.6,130.05,128.95,129.35,13517.0
2020-12-17 13:00:00,NSE:TDPOWERSYS,129.35,130.0,128.8,129.55,3301.0
2020-12-17 14:00:00,NSE:TDPOWERSYS,129.55,130.0,127.45,128.3,10089.0
2020-12-17 15:00:00,NSE:TDPOWERSYS,128.0,129.0,127.65,128.4,6609.0
2020-12-18 09:00:00,NSE:TDPOWERSYS,128.3,129.75,124.4,124.4,22103.0
2020-12-18 10:00:00,NSE:TDPOWERSYS,124.5,125.0,124.2,125.0,80372.0
2020-12-18 11:00:00,NSE:TDPOWERSYS,125.0,125.25,124.85,125.25,22803.0
2020-12-18 12:00:00,NSE:TDPOWERSYS,125.3,125.5,124.85,125.05,3471.0
2020-12-18 13:00:00,NSE:TDPOWERSYS,124.85,125.0,124.8,124.85,3068.0
2020-12-18 14:00:00,NSE:TDPOWERSYS,125.0,125.15,124.85,125.0,16379.0
2020-12-18 15:00:00,NSE:TDPOWERSYS,125.0,126.15,124.8,125.1,200227.0
2020-12-21 09:00:00,NSE:TDPOWERSYS,126.0,128.15,124.0,128.1,36391.0
2020-12-21 10:00:00,NSE:TDPOWERSYS,128.1,132.0,127.65,131.15,46684.0
2020-12-21 11:00:00,NSE:TDPOWERSYS,131.15,131.45,126.75,126.75,63284.0
2020-12-21 12:00:00,NSE:TDPOWERSYS,127.0,129.3,126.5,127.85,171775.0
2020-12-21 13:00:00,NSE:TDPOWERSYS,127.5,128.3,126.5,127.15,17877.0
2020-12-21 14:00:00,NSE:TDPOWERSYS,126.5,126.5,122.0,123.75,31689.0
2020-12-21 15:00:00,NSE:TDPOWERSYS,123.8,125.0,123.5,124.15,13795.0
2020-12-22 09:00:00,NSE:TDPOWERSYS,124.0,125.95,118.85,121.5,23001.0
2020-12-22 10:00:00,NSE:TDPOWERSYS,120.65,122.75,120.5,121.6,7034.0
2020-12-22 11:00:00,NSE:TDPOWERSYS,122.0,122.0,121.0,121.45,3891.0
2020-12-22 12:00:00,NSE:TDPOWERSYS,121.45,121.55,121.0,121.55,747.0
2020-12-22 13:00:00,NSE:TDPOWERSYS,121.25,122.55,121.2,122.2,2451.0
2020-12-22 14:00:00,NSE:TDPOWERSYS,122.5,124.25,122.2,122.7,4118.0
2020-12-22 15:00:00,NSE:TDPOWERSYS,122.7,123.45,121.35,122.05,5111.0
2020-12-23 09:00:00,NSE:TDPOWERSYS,122.3,126.4,122.3,126.0,11241.0
2020-12-23 10:00:00,NSE:TDPOWERSYS,126.0,126.45,125.05,125.2,3299.0
2020-12-23 11:00:00,NSE:TDPOWERSYS,126.0,126.9,125.6,125.95,4821.0
2020-12-23 12:00:00,NSE:TDPOWERSYS,126.0,126.0,125.05,125.2,3142.0
2020-12-23 13:00:00,NSE:TDPOWERSYS,125.3,128.35,124.75,127.2,17207.0
2020-12-23 14:00:00,NSE:TDPOWERSYS,127.85,130.0,127.85,128.0,35069.0
2020-12-23 15:00:00,NSE:TDPOWERSYS,128.0,128.9,128.0,128.1,12548.0
2020-12-24 09:00:00,NSE:TDPOWERSYS,129.8,130.9,128.25,130.8,15532.0
2020-12-24 10:00:00,NSE:TDPOWERSYS,130.7,130.8,129.0,129.25,18504.0
2020-12-24 11:00:00,NSE:TDPOWERSYS,129.25,129.4,129.0,129.4,4884.0
2020-12-24 12:00:00,NSE:TDPOWERSYS,129.55,129.85,129.55,129.65,1781.0
2020-12-24 13:00:00,NSE:TDPOWERSYS,129.95,130.35,129.05,130.05,7614.0
2020-12-24 14:00:00,NSE:TDPOWERSYS,130.0,134.7,130.0,132.55,60912.0
2020-12-24 15:00:00,NSE:TDPOWERSYS,132.75,134.0,132.45,133.4,23448.0
2020-12-28 09:00:00,NSE:TDPOWERSYS,137.05,144.8,137.0,143.55,206120.0
2020-12-28 10:00:00,NSE:TDPOWERSYS,143.6,145.0,141.25,141.5,81138.0
2020-12-28 11:00:00,NSE:TDPOWERSYS,141.9,151.5,141.05,147.4,171558.0
2020-12-28 12:00:00,NSE:TDPOWERSYS,147.8,152.7,146.5,151.9,138476.0
2020-12-28 13:00:00,NSE:TDPOWERSYS,151.55,152.0,146.0,146.05,77363.0
2020-12-28 14:00:00,NSE:TDPOWERSYS,146.2,149.0,146.05,147.5,30152.0
2020-12-28 15:00:00,NSE:TDPOWERSYS,147.5,149.9,146.7,148.45,92248.0
2020-12-29 09:00:00,NSE:TDPOWERSYS,152.7,154.4,149.0,150.4,145915.0
2020-12-29 10:00:00,NSE:TDPOWERSYS,150.7,150.7,146.65,147.1,72790.0
2020-12-29 11:00:00,NSE:TDPOWERSYS,147.4,148.7,146.75,148.7,35315.0
2020-12-29 12:00:00,NSE:TDPOWERSYS,148.7,150.45,148.0,150.2,28173.0
2020-12-29 13:00:00,NSE:TDPOWERSYS,150.0,150.95,150.0,150.65,14094.0
2020-12-29 14:00:00,NSE:TDPOWERSYS,150.65,155.15,150.0,153.5,62249.0
2020-12-29 15:00:00,NSE:TDPOWERSYS,152.65,153.15,149.75,150.85,44803.0
2020-12-30 09:00:00,NSE:TDPOWERSYS,151.8,151.9,146.5,148.25,25569.0
2020-12-30 10:00:00,NSE:TDPOWERSYS,148.2,149.75,148.2,148.65,11623.0
2020-12-30 11:00:00,NSE:TDPOWERSYS,148.65,148.65,148.2,148.2,4571.0
2020-12-30 12:00:00,NSE:TDPOWERSYS,148.05,149.95,147.0,147.65,22203.0
2020-12-30 13:00:00,NSE:TDPOWERSYS,147.7,148.4,147.45,147.65,2732.0
2020-12-30 14:00:00,NSE:TDPOWERSYS,148.5,154.2,148.5,151.9,104519.0
2020-12-30 15:00:00,NSE:TDPOWERSYS,151.7,154.0,151.65,152.7,34725.0
2020-12-31 09:00:00,NSE:TDPOWERSYS,150.15,157.5,150.15,156.0,99906.0
2020-12-31 10:00:00,NSE:TDPOWERSYS,156.0,156.0,153.5,154.0,35730.0
2020-12-31 11:00:00,NSE:TDPOWERSYS,153.9,154.5,153.05,153.4,13357.0
2020-12-31 12:00:00,NSE:TDPOWERSYS,153.2,154.8,153.0,154.8,7201.0
2020-12-31 13:00:00,NSE:TDPOWERSYS,154.75,154.8,154.0,154.1,4072.0
2020-12-31 14:00:00,NSE:TDPOWERSYS,154.1,154.45,152.7,152.7,10557.0
2020-12-31 15:00:00,NSE:TDPOWERSYS,152.7,153.5,152.0,152.45,15834.0
2021-01-01 09:00:00,NSE:TDPOWERSYS,152.5,152.85,151.35,152.05,6840.0
2021-01-01 10:00:00,NSE:TDPOWERSYS,151.95,152.0,150.4,150.55,5098.0
2021-01-01 11:00:00,NSE:TDPOWERSYS,150.55,152.15,150.3,152.1,3484.0
2021-01-01 12:00:00,NSE:TDPOWERSYS,152.0,152.3,151.0,151.05,4071.0
2021-01-01 13:00:00,NSE:TDPOWERSYS,151.05,154.35,150.3,154.25,18534.0
2021-01-01 14:00:00,NSE:TDPOWERSYS,154.25,154.3,151.1,153.5,20436.0
2021-01-01 15:00:00,NSE:TDPOWERSYS,153.3,153.95,151.8,152.95,8102.0
2021-01-04 09:00:00,NSE:TDPOWERSYS,153.5,155.0,150.35,152.2,12003.0
2021-01-04 10:00:00,NSE:TDPOWERSYS,152.5,153.25,151.4,151.85,7577.0
2021-01-04 11:00:00,NSE:TDPOWERSYS,151.4,151.4,150.0,151.0,12657.0
2021-01-04 12:00:00,NSE:TDPOWERSYS,150.6,151.0,150.35,150.7,4402.0
2021-01-04 13:00:00,NSE:TDPOWERSYS,150.6,150.6,149.25,149.25,12040.0
2021-01-04 14:00:00,NSE:TDPOWERSYS,149.3,150.05,148.7,149.5,5969.0
2021-01-04 15:00:00,NSE:TDPOWERSYS,149.5,149.9,144.3,146.75,43310.0
2021-01-05 09:00:00,NSE:TDPOWERSYS,146.75,147.8,140.05,145.05,14801.0
2021-01-05 10:00:00,NSE:TDPOWERSYS,145.1,145.65,143.1,145.0,10953.0
2021-01-05 11:00:00,NSE:TDPOWERSYS,144.85,145.0,143.7,144.55,4968.0
2021-01-05 12:00:00,NSE:TDPOWERSYS,144.95,144.95,139.0,141.5,69922.0
2021-01-05 13:00:00,NSE:TDPOWERSYS,141.6,142.65,140.15,141.8,12657.0
2021-01-05 14:00:00,NSE:TDPOWERSYS,141.25,143.0,141.0,142.4,12424.0
2021-01-05 15:00:00,NSE:TDPOWERSYS,142.65,142.8,141.0,142.0,11715.0
2021-01-06 09:00:00,NSE:TDPOWERSYS,140.4,144.05,140.4,141.95,7471.0
2021-01-06 10:00:00,NSE:TDPOWERSYS,142.45,143.95,142.0,142.0,10122.0
2021-01-06 11:00:00,NSE:TDPOWERSYS,142.05,143.45,141.55,142.0,3935.0
2021-01-06 12:00:00,NSE:TDPOWERSYS,141.85,142.5,141.45,142.5,3039.0
2021-01-06 13:00:00,NSE:TDPOWERSYS,142.15,142.6,138.8,139.0,5740.0
2021-01-06 14:00:00,NSE:TDPOWERSYS,139.0,140.0,137.0,139.7,16706.0
2021-01-06 15:00:00,NSE:TDPOWERSYS,139.0,142.0,138.0,139.45,6417.0
2021-01-07 09:00:00,NSE:TDPOWERSYS,142.5,144.0,140.1,141.8,5045.0
2021-01-07 10:00:00,NSE:TDPOWERSYS,141.5,142.0,140.45,141.7,4060.0
2021-01-07 11:00:00,NSE:TDPOWERSYS,141.05,145.0,141.05,143.75,13586.0
2021-01-07 12:00:00,NSE:TDPOWERSYS,143.8,143.8,142.55,142.9,4829.0
2021-01-07 13:00:00,NSE:TDPOWERSYS,142.7,144.0,142.4,143.0,6605.0
2021-01-07 14:00:00,NSE:TDPOWERSYS,143.2,144.05,143.15,143.65,5056.0
2021-01-07 15:00:00,NSE:TDPOWERSYS,144.3,144.6,142.6,143.5,11087.0
2021-01-08 09:00:00,NSE:TDPOWERSYS,145.4,145.9,143.7,145.0,4487.0
2021-01-08 10:00:00,NSE:TDPOWERSYS,144.95,146.45,144.55,145.1,8051.0
2021-01-08 11:00:00,NSE:TDPOWERSYS,145.05,148.45,144.7,147.0,11465.0
2021-01-08 12:00:00,NSE:TDPOWERSYS,146.8,148.0,146.25,147.5,9720.0
2021-01-08 13:00:00,NSE:TDPOWERSYS,147.5,149.8,147.5,148.0,33321.0
2021-01-08 14:00:00,NSE:TDPOWERSYS,148.0,148.0,146.1,147.0,13081.0
2021-01-08 15:00:00,NSE:TDPOWERSYS,148.0,148.0,146.05,146.65,12855.0
2021-01-11 09:00:00,NSE:TDPOWERSYS,146.7,147.9,143.6,144.05,10839.0
2021-01-11 10:00:00,NSE:TDPOWERSYS,144.35,146.1,143.8,144.0,28144.0
2021-01-11 11:00:00,NSE:TDPOWERSYS,143.9,144.7,142.4,143.0,14522.0
2021-01-11 12:00:00,NSE:TDPOWERSYS,143.0,143.95,142.6,143.5,3648.0
2021-01-11 13:00:00,NSE:TDPOWERSYS,143.5,144.45,143.5,144.25,2580.0
2021-01-11 14:00:00,NSE:TDPOWERSYS,144.05,144.5,143.35,144.1,3602.0
2021-01-11 15:00:00,NSE:TDPOWERSYS,143.7,143.95,142.0,142.1,7641.0
2021-01-12 09:00:00,NSE:TDPOWERSYS,144.7,144.7,141.95,142.55,6663.0
2021-01-12 10:00:00,NSE:TDPOWERSYS,142.45,143.15,142.0,142.5,4767.0
2021-01-12 11:00:00,NSE:TDPOWERSYS,142.5,143.0,142.5,142.9,1823.0
2021-01-12 12:00:00,NSE:TDPOWERSYS,142.6,144.0,142.6,143.1,5142.0
2021-01-12 13:00:00,NSE:TDPOWERSYS,143.35,143.35,142.35,142.35,1371.0
2021-01-12 14:00:00,NSE:TDPOWERSYS,142.3,142.5,140.05,142.5,15238.0
2021-01-12 15:00:00,NSE:TDPOWERSYS,142.5,142.5,140.1,141.6,6441.0
2021-01-13 09:00:00,NSE:TDPOWERSYS,145.9,145.9,142.0,142.55,3544.0
2021-01-13 10:00:00,NSE:TDPOWERSYS,143.35,143.35,140.45,140.9,8291.0
2021-01-13 11:00:00,NSE:TDPOWERSYS,141.5,141.55,139.55,140.15,5546.0
2021-01-13 12:00:00,NSE:TDPOWERSYS,141.0,141.4,140.7,141.35,1345.0
2021-01-13 13:00:00,NSE:TDPOWERSYS,140.9,141.55,140.15,140.25,10429.0
2021-01-13 14:00:00,NSE:TDPOWERSYS,140.5,141.6,139.05,141.5,6984.0
2021-01-13 15:00:00,NSE:TDPOWERSYS,141.95,142.95,141.5,141.95,3679.0
2021-01-14 09:00:00,NSE:TDPOWERSYS,141.0,145.25,140.9,143.0,17675.0
2021-01-14 10:00:00,NSE:TDPOWERSYS,142.95,143.25,141.65,142.8,6822.0
2021-01-14 11:00:00,NSE:TDPOWERSYS,143.0,143.25,141.3,143.0,8083.0
2021-01-14 12:00:00,NSE:TDPOWERSYS,143.0,143.5,142.5,142.5,2471.0
2021-01-14 13:00:00,NSE:TDPOWERSYS,142.55,142.8,142.45,142.45,1608.0
2021-01-14 14:00:00,NSE:TDPOWERSYS,142.5,142.5,141.15,141.75,1675.0
2021-01-14 15:00:00,NSE:TDPOWERSYS,141.6,142.7,140.2,141.6,7358.0
2021-01-15 09:00:00,NSE:TDPOWERSYS,143.05,143.05,141.0,141.65,2099.0
2021-01-15 10:00:00,NSE:TDPOWERSYS,141.35,142.85,141.25,142.45,3823.0
2021-01-15 11:00:00,NSE:TDPOWERSYS,142.85,142.85,140.65,141.8,7980.0
2021-01-15 12:00:00,NSE:TDPOWERSYS,141.4,141.4,140.6,141.0,678.0
2021-01-15 13:00:00,NSE:TDPOWERSYS,141.35,141.35,140.0,140.35,4356.0
2021-01-15 14:00:00,NSE:TDPOWERSYS,140.2,140.5,139.15,139.85,4954.0
2021-01-15 15:00:00,NSE:TDPOWERSYS,140.3,142.1,139.7,140.05,2978.0
2021-01-18 09:00:00,NSE:TDPOWERSYS,140.35,142.45,140.35,142.05,10897.0
2021-01-18 10:00:00,NSE:TDPOWERSYS,142.0,142.25,139.1,139.15,7517.0
2021-01-18 11:00:00,NSE:TDPOWERSYS,139.2,140.1,138.35,138.45,4279.0
2021-01-18 12:00:00,NSE:TDPOWERSYS,138.25,140.95,138.2,140.0,2515.0
2021-01-18 13:00:00,NSE:TDPOWERSYS,139.95,139.95,139.25,139.7,624.0
2021-01-18 14:00:00,NSE:TDPOWERSYS,140.05,140.6,139.55,140.0,1004.0
2021-01-18 15:00:00,NSE:TDPOWERSYS,139.8,139.9,139.1,139.1,5415.0
2021-01-19 09:00:00,NSE:TDPOWERSYS,139.6,142.85,139.6,142.6,7457.0
2021-01-19 10:00:00,NSE:TDPOWERSYS,142.6,142.6,141.4,142.5,2944.0
2021-01-19 11:00:00,NSE:TDPOWERSYS,142.15,142.35,141.45,142.05,1215.0
2021-01-19 12:00:00,NSE:TDPOWERSYS,142.05,144.85,142.0,143.5,10312.0
2021-01-19 13:00:00,NSE:TDPOWERSYS,143.8,143.8,143.5,143.55,578.0
2021-01-19 14:00:00,NSE:TDPOWERSYS,143.55,144.3,143.0,143.6,5320.0
2021-01-19 15:00:00,NSE:TDPOWERSYS,143.2,146.0,143.1,146.0,18695.0
2021-01-20 09:00:00,NSE:TDPOWERSYS,144.2,145.15,144.0,144.0,2089.0
2021-01-20 10:00:00,NSE:TDPOWERSYS,144.0,144.5,144.0,144.3,2741.0
2021-01-20 11:00:00,NSE:TDPOWERSYS,144.3,144.7,144.3,144.7,2651.0
2021-01-20 12:00:00,NSE:TDPOWERSYS,144.85,144.85,144.0,144.0,2921.0
2021-01-20 13:00:00,NSE:TDPOWERSYS,144.0,144.2,144.0,144.0,2826.0
2021-01-20 14:00:00,NSE:TDPOWERSYS,144.35,144.4,142.0,142.1,5227.0
2021-01-20 15:00:00,NSE:TDPOWERSYS,142.1,143.0,141.6,143.0,6177.0
2021-01-21 09:00:00,NSE:TDPOWERSYS,142.95,144.5,142.2,142.2,1909.0
2021-01-21 10:00:00,NSE:TDPOWERSYS,142.3,143.75,141.8,142.25,4096.0
2021-01-21 11:00:00,NSE:TDPOWERSYS,142.25,143.55,142.2,142.55,3714.0
2021-01-21 12:00:00,NSE:TDPOWERSYS,142.55,144.0,142.5,143.0,2004.0
2021-01-21 13:00:00,NSE:TDPOWERSYS,142.3,142.65,141.6,142.5,672.0
2021-01-21 14:00:00,NSE:TDPOWERSYS,142.5,143.25,142.5,142.5,2863.0
2021-01-21 15:00:00,NSE:TDPOWERSYS,142.5,143.0,140.05,141.5,6837.0
2021-01-22 09:00:00,NSE:TDPOWERSYS,141.45,142.1,138.15,139.1,11191.0
2021-01-22 10:00:00,NSE:TDPOWERSYS,138.8,140.95,138.8,140.25,1880.0
2021-01-22 11:00:00,NSE:TDPOWERSYS,139.55,140.25,138.15,138.4,2365.0
2021-01-22 12:00:00,NSE:TDPOWERSYS,138.4,144.0,138.4,139.75,10046.0
2021-01-22 13:00:00,NSE:TDPOWERSYS,139.6,139.6,138.0,138.05,2584.0
2021-01-22 14:00:00,NSE:TDPOWERSYS,138.0,140.3,137.5,138.4,3224.0
2021-01-22 15:00:00,NSE:TDPOWERSYS,139.7,141.0,137.25,138.5,3807.0
2021-01-25 09:00:00,NSE:TDPOWERSYS,142.45,144.0,136.55,137.5,5918.0
2021-01-25 10:00:00,NSE:TDPOWERSYS,137.5,140.0,137.0,139.0,4887.0
2021-01-25 11:00:00,NSE:TDPOWERSYS,139.0,142.0,138.95,140.2,8457.0
2021-01-25 12:00:00,NSE:TDPOWERSYS,141.2,142.1,140.15,141.25,3508.0
2021-01-25 13:00:00,NSE:TDPOWERSYS,141.2,141.2,139.65,140.35,6682.0
2021-01-25 14:00:00,NSE:TDPOWERSYS,140.25,140.25,137.15,138.2,4208.0
2021-01-25 15:00:00,NSE:TDPOWERSYS,139.0,139.2,131.75,134.5,16869.0
2021-01-27 09:00:00,NSE:TDPOWERSYS,138.0,138.0,134.0,135.2,2112.0
2021-01-27 10:00:00,NSE:TDPOWERSYS,135.95,137.0,134.3,135.85,2028.0
2021-01-27 11:00:00,NSE:TDPOWERSYS,135.9,136.0,134.0,134.85,1951.0
2021-01-27 12:00:00,NSE:TDPOWERSYS,133.7,135.35,133.7,135.35,1215.0
2021-01-27 13:00:00,NSE:TDPOWERSYS,135.15,135.15,132.05,133.55,3975.0
2021-01-27 14:00:00,NSE:TDPOWERSYS,133.4,134.8,132.75,133.5,1642.0
2021-01-27 15:00:00,NSE:TDPOWERSYS,133.5,134.7,130.1,132.1,4926.0
2021-01-28 09:00:00,NSE:TDPOWERSYS,130.1,132.45,130.1,131.5,3407.0
2021-01-28 10:00:00,NSE:TDPOWERSYS,131.5,133.9,131.25,133.3,1755.0
2021-01-28 11:00:00,NSE:TDPOWERSYS,133.05,133.6,129.3,130.0,7998.0
2021-01-28 12:00:00,NSE:TDPOWERSYS,130.0,130.6,129.55,129.95,16921.0
2021-01-28 13:00:00,NSE:TDPOWERSYS,129.9,130.25,129.4,129.95,3392.0
2021-01-28 14:00:00,NSE:TDPOWERSYS,130.0,130.3,129.75,130.0,6602.0
2021-01-28 15:00:00,NSE:TDPOWERSYS,130.05,130.05,129.5,130.0,3537.0
2021-01-29 09:00:00,NSE:TDPOWERSYS,132.9,134.0,132.2,132.5,2020.0
2021-01-29 10:00:00,NSE:TDPOWERSYS,133.3,133.85,131.1,132.25,2582.0
2021-01-29 11:00:00,NSE:TDPOWERSYS,131.7,132.6,131.5,131.5,3534.0
2021-01-29 12:00:00,NSE:TDPOWERSYS,131.5,132.0,130.7,131.1,1455.0
2021-01-29 13:00:00,NSE:TDPOWERSYS,131.1,131.1,129.5,129.8,3756.0
2021-01-29 14:00:00,NSE:TDPOWERSYS,129.0,130.4,128.7,128.9,2648.0
2021-01-29 15:00:00,NSE:TDPOWERSYS,128.65,130.4,128.5,129.95,2069.0
2021-02-01 09:00:00,NSE:TDPOWERSYS,130.65,132.25,130.25,131.35,870.0
2021-02-01 10:00:00,NSE:TDPOWERSYS,130.8,132.85,129.7,132.5,4155.0
2021-02-01 11:00:00,NSE:TDPOWERSYS,132.8,132.95,131.6,132.7,3218.0
2021-02-01 12:00:00,NSE:TDPOWERSYS,132.65,134.0,131.15,133.95,5248.0
2021-02-01 13:00:00,NSE:TDPOWERSYS,133.95,134.0,133.25,133.95,1483.0
2021-02-01 14:00:00,NSE:TDPOWERSYS,134.0,134.6,131.95,133.65,7178.0
2021-02-01 15:00:00,NSE:TDPOWERSYS,134.0,134.5,133.0,133.0,5907.0
2021-02-02 09:00:00,NSE:TDPOWERSYS,134.95,137.9,133.0,135.8,6126.0
2021-02-02 10:00:00,NSE:TDPOWERSYS,136.0,136.95,134.0,136.5,9737.0
2021-02-02 11:00:00,NSE:TDPOWERSYS,137.35,138.2,136.5,137.45,5861.0
2021-02-02 12:00:00,NSE:TDPOWERSYS,137.45,137.65,136.5,137.25,5647.0
2021-02-02 13:00:00,NSE:TDPOWERSYS,137.6,137.8,137.0,137.6,5924.0
2021-02-02 14:00:00,NSE:TDPOWERSYS,137.95,145.15,137.75,143.6,43256.0
2021-02-02 15:00:00,NSE:TDPOWERSYS,142.35,143.7,140.1,142.55,7026.0
2021-02-03 09:00:00,NSE:TDPOWERSYS,144.95,146.4,142.75,144.55,13882.0
2021-02-03 10:00:00,NSE:TDPOWERSYS,144.6,146.0,144.6,145.5,21566.0
2021-02-03 11:00:00,NSE:TDPOWERSYS,145.8,146.95,145.55,146.9,4516.0
2021-02-03 12:00:00,NSE:TDPOWERSYS,146.55,146.85,145.3,145.85,8622.0
2021-02-03 13:00:00,NSE:TDPOWERSYS,146.45,146.85,145.65,146.05,6095.0
2021-02-03 14:00:00,NSE:TDPOWERSYS,146.05,146.05,144.1,145.05,13297.0
2021-02-03 15:00:00,NSE:TDPOWERSYS,145.1,146.6,144.5,144.5,4542.0
2021-02-04 09:00:00,NSE:TDPOWERSYS,148.0,148.0,145.25,145.5,12200.0
2021-02-04 10:00:00,NSE:TDPOWERSYS,145.5,146.95,142.2,145.15,13844.0
2021-02-04 11:00:00,NSE:TDPOWERSYS,145.5,146.0,143.1,145.0,20549.0
2021-02-04 12:00:00,NSE:TDPOWERSYS,144.95,145.0,143.75,145.0,1984.0
2021-02-04 13:00:00,NSE:TDPOWERSYS,145.0,159.0,144.15,152.35,468377.0
2021-02-04 14:00:00,NSE:TDPOWERSYS,152.6,154.75,150.65,152.0,52176.0
2021-02-04 15:00:00,NSE:TDPOWERSYS,152.0,153.0,150.0,151.95,37536.0
2021-02-05 09:00:00,NSE:TDPOWERSYS,155.9,156.2,153.1,153.15,60190.0
2021-02-05 10:00:00,NSE:TDPOWERSYS,153.15,153.95,152.0,153.2,18803.0
2021-02-05 11:00:00,NSE:TDPOWERSYS,153.15,159.9,152.95,156.55,83995.0
2021-02-05 12:00:00,NSE:TDPOWERSYS,157.2,159.9,155.35,157.35,60082.0
2021-02-05 13:00:00,NSE:TDPOWERSYS,157.25,157.25,153.3,155.0,26354.0
2021-02-05 14:00:00,NSE:TDPOWERSYS,155.35,157.8,154.55,156.55,25518.0
2021-02-05 15:00:00,NSE:TDPOWERSYS,156.95,157.75,155.15,156.35,25683.0
2021-02-08 09:00:00,NSE:TDPOWERSYS,158.0,158.55,155.35,155.75,22768.0
2021-02-08 10:00:00,NSE:TDPOWERSYS,155.6,157.7,155.6,156.55,21179.0
2021-02-08 11:00:00,NSE:TDPOWERSYS,156.55,160.0,156.25,157.95,42273.0
2021-02-08 12:00:00,NSE:TDPOWERSYS,157.9,157.95,155.65,155.75,15166.0
2021-02-08 13:00:00,NSE:TDPOWERSYS,156.0,156.8,154.0,156.7,10475.0
2021-02-08 14:00:00,NSE:TDPOWERSYS,156.7,156.7,155.0,155.5,5372.0
2021-02-08 15:00:00,NSE:TDPOWERSYS,155.1,155.5,152.9,153.9,11164.0
2021-02-09 09:00:00,NSE:TDPOWERSYS,152.4,155.05,151.05,152.35,21763.0
2021-02-09 10:00:00,NSE:TDPOWERSYS,152.05,152.8,152.0,152.5,5243.0
2021-02-09 11:00:00,NSE:TDPOWERSYS,152.7,154.35,152.45,152.9,12818.0
2021-02-09 12:00:00,NSE:TDPOWERSYS,153.1,153.9,152.5,153.3,3743.0
2021-02-09 13:00:00,NSE:TDPOWERSYS,153.3,153.85,153.0,153.5,3787.0
2021-02-09 14:00:00,NSE:TDPOWERSYS,153.8,154.35,153.35,153.35,17947.0
2021-02-09 15:00:00,NSE:TDPOWERSYS,153.35,153.9,151.4,152.3,15724.0
2021-02-10 09:00:00,NSE:TDPOWERSYS,155.3,155.3,152.35,153.15,5119.0
2021-02-10 10:00:00,NSE:TDPOWERSYS,153.0,154.05,151.45,153.0,3338.0
2021-02-10 11:00:00,NSE:TDPOWERSYS,153.95,160.9,153.95,159.0,133397.0
2021-02-10 12:00:00,NSE:TDPOWERSYS,159.0,160.8,158.5,158.9,44643.0
2021-02-10 13:00:00,NSE:TDPOWERSYS,158.9,159.2,156.1,157.65,6679.0
2021-02-10 14:00:00,NSE:TDPOWERSYS,157.6,157.95,156.0,156.0,11160.0
2021-02-10 15:00:00,NSE:TDPOWERSYS,156.05,159.0,156.05,157.95,13383.0
2021-02-11 09:00:00,NSE:TDPOWERSYS,160.5,160.5,158.0,158.35,9237.0
2021-02-11 10:00:00,NSE:TDPOWERSYS,158.55,159.0,158.2,159.0,7156.0
2021-02-11 11:00:00,NSE:TDPOWERSYS,158.6,158.6,156.1,156.3,5913.0
2021-02-11 12:00:00,NSE:TDPOWERSYS,156.45,157.15,155.45,157.15,6288.0
2021-02-11 13:00:00,NSE:TDPOWERSYS,157.15,157.75,157.0,157.75,1323.0
2021-02-11 14:00:00,NSE:TDPOWERSYS,157.95,159.0,156.85,157.9,5135.0
2021-02-11 15:00:00,NSE:TDPOWERSYS,157.35,159.0,157.0,157.75,8463.0
2021-02-12 09:00:00,NSE:TDPOWERSYS,159.2,160.05,155.45,158.4,25186.0
2021-02-12 10:00:00,NSE:TDPOWERSYS,158.85,159.0,158.15,158.6,6828.0
2021-02-12 11:00:00,NSE:TDPOWERSYS,158.6,159.0,158.3,158.5,2935.0
2021-02-12 12:00:00,NSE:TDPOWERSYS,158.35,159.75,158.15,159.0,9750.0
2021-02-12 13:00:00,NSE:TDPOWERSYS,159.15,160.8,159.05,159.8,26826.0
2021-02-12 14:00:00,NSE:TDPOWERSYS,159.7,159.75,156.35,157.85,8408.0
2021-02-12 15:00:00,NSE:TDPOWERSYS,158.05,158.5,157.05,157.7,4601.0
2021-02-15 09:00:00,NSE:TDPOWERSYS,159.0,164.75,159.0,162.0,42940.0
2021-02-15 10:00:00,NSE:TDPOWERSYS,161.9,164.65,161.6,163.05,29229.0
2021-02-15 11:00:00,NSE:TDPOWERSYS,163.05,164.0,162.4,163.35,9673.0
2021-02-15 12:00:00,NSE:TDPOWERSYS,163.85,164.05,162.55,162.6,11370.0
2021-02-15 13:00:00,NSE:TDPOWERSYS,162.4,164.45,161.5,164.45,16652.0
2021-02-15 14:00:00,NSE:TDPOWERSYS,165.05,167.85,164.0,164.15,61749.0
2021-02-15 15:00:00,NSE:TDPOWERSYS,164.15,164.75,163.1,163.85,12253.0
2021-02-16 09:00:00,NSE:TDPOWERSYS,165.6,165.6,157.35,159.4,25269.0
2021-02-16 10:00:00,NSE:TDPOWERSYS,159.2,161.95,158.45,161.15,8343.0
2021-02-16 11:00:00,NSE:TDPOWERSYS,160.85,162.55,159.25,159.55,8719.0
2021-02-16 12:00:00,NSE:TDPOWERSYS,159.9,159.9,158.6,158.8,10702.0
2021-02-16 13:00:00,NSE:TDPOWERSYS,158.85,158.95,158.2,158.35,4690.0
2021-02-16 14:00:00,NSE:TDPOWERSYS,158.8,159.0,158.25,158.4,3180.0
2021-02-16 15:00:00,NSE:TDPOWERSYS,158.35,159.5,158.0,158.25,5170.0
2021-02-17 09:00:00,NSE:TDPOWERSYS,161.35,161.4,158.0,158.0,5488.0
2021-02-17 10:00:00,NSE:TDPOWERSYS,158.35,159.0,157.65,158.7,2132.0
2021-02-17 11:00:00,NSE:TDPOWERSYS,158.75,159.0,158.75,158.8,3605.0
2021-02-17 12:00:00,NSE:TDPOWERSYS,159.0,160.65,158.75,160.65,7825.0
2021-02-17 13:00:00,NSE:TDPOWERSYS,160.65,160.65,159.25,160.0,18057.0
2021-02-17 14:00:00,NSE:TDPOWERSYS,160.0,161.0,159.65,160.65,3546.0
2021-02-17 15:00:00,NSE:TDPOWERSYS,160.1,160.45,159.65,160.2,13929.0
2021-02-18 09:00:00,NSE:TDPOWERSYS,157.0,161.7,157.0,160.15,5865.0
2021-02-18 10:00:00,NSE:TDPOWERSYS,160.75,160.75,159.8,160.55,5906.0
2021-02-18 11:00:00,NSE:TDPOWERSYS,160.1,160.6,158.0,158.15,5720.0
2021-02-18 12:00:00,NSE:TDPOWERSYS,158.15,160.75,158.15,159.65,11575.0
2021-02-18 13:00:00,NSE:TDPOWERSYS,160.75,160.75,159.9,160.0,2398.0
2021-02-18 14:00:00,NSE:TDPOWERSYS,159.95,160.75,159.55,160.75,10864.0
2021-02-18 15:00:00,NSE:TDPOWERSYS,160.25,160.75,159.4,160.0,7064.0
2021-02-19 09:00:00,NSE:TDPOWERSYS,160.55,160.9,158.95,160.0,1940.0
2021-02-19 10:00:00,NSE:TDPOWERSYS,160.05,168.7,159.5,166.45,37360.0
2021-02-19 11:00:00,NSE:TDPOWERSYS,167.2,169.8,165.5,169.8,27312.0
2021-02-19 12:00:00,NSE:TDPOWERSYS,169.8,169.9,167.05,169.0,27752.0
2021-02-19 13:00:00,NSE:TDPOWERSYS,169.5,171.9,165.45,169.7,38692.0
2021-02-19 14:00:00,NSE:TDPOWERSYS,169.75,170.0,159.0,162.6,38628.0
2021-02-19 15:00:00,NSE:TDPOWERSYS,163.0,165.75,161.3,163.4,13402.0
2021-02-22 09:00:00,NSE:TDPOWERSYS,165.0,166.45,162.0,163.45,12457.0
2021-02-22 10:00:00,NSE:TDPOWERSYS,163.45,163.45,161.05,161.45,8590.0
2021-02-22 11:00:00,NSE:TDPOWERSYS,161.45,161.45,160.1,160.25,3456.0
2021-02-22 12:00:00,NSE:TDPOWERSYS,160.1,160.1,158.0,158.8,4541.0
2021-02-22 13:00:00,NSE:TDPOWERSYS,158.7,160.0,157.0,157.25,11604.0
2021-02-22 14:00:00,NSE:TDPOWERSYS,157.95,159.45,157.0,158.1,4056.0
2021-02-22 15:00:00,NSE:TDPOWERSYS,158.1,158.1,157.0,157.65,3460.0
2021-02-23 09:00:00,NSE:TDPOWERSYS,161.0,161.3,157.1,159.15,5113.0
2021-02-23 10:00:00,NSE:TDPOWERSYS,159.2,159.95,157.9,158.0,5117.0
2021-02-23 11:00:00,NSE:TDPOWERSYS,158.15,159.0,158.05,158.2,2916.0
2021-02-23 12:00:00,NSE:TDPOWERSYS,158.2,159.0,158.05,158.25,3866.0
2021-02-23 13:00:00,NSE:TDPOWERSYS,158.25,159.05,158.0,159.05,4609.0
2021-02-23 14:00:00,NSE:TDPOWERSYS,158.95,159.1,158.3,158.5,5164.0
2021-02-23 15:00:00,NSE:TDPOWERSYS,158.35,158.95,155.05,158.0,8570.0
2021-02-24 09:00:00,NSE:TDPOWERSYS,155.5,165.0,155.5,159.8,3462.0
2021-02-24 10:00:00,NSE:TDPOWERSYS,159.3,161.9,159.05,161.75,3283.0
2021-02-24 11:00:00,NSE:TDPOWERSYS,161.8,163.7,161.15,163.15,2770.0
2021-02-24 15:00:00,NSE:TDPOWERSYS,159.5,163.0,154.0,160.2,171.0
2021-02-24 16:00:00,NSE:TDPOWERSYS,160.35,163.0,157.7,157.7,12749.0
2021-02-25 09:00:00,NSE:TDPOWERSYS,160.05,161.2,160.05,160.95,1277.0
2021-02-25 10:00:00,NSE:TDPOWERSYS,160.95,160.95,157.8,160.25,6381.0
2021-02-25 11:00:00,NSE:TDPOWERSYS,160.25,160.65,159.25,160.45,3426.0
2021-02-25 12:00:00,NSE:TDPOWERSYS,155.1,159.5,155.1,158.35,10149.0
2021-02-25 13:00:00,NSE:TDPOWERSYS,158.25,158.95,158.0,158.5,3462.0
2021-02-25 14:00:00,NSE:TDPOWERSYS,158.0,158.5,157.4,158.0,3919.0
2021-02-25 15:00:00,NSE:TDPOWERSYS,157.65,159.5,157.1,159.0,3578.0
2021-02-26 09:00:00,NSE:TDPOWERSYS,158.3,158.95,156.3,157.7,6367.0
2021-02-26 10:00:00,NSE:TDPOWERSYS,157.95,158.7,157.2,157.2,1755.0
2021-02-26 11:00:00,NSE:TDPOWERSYS,157.15,157.35,155.0,157.0,3083.0
2021-02-26 12:00:00,NSE:TDPOWERSYS,157.0,157.0,152.55,154.85,9051.0
2021-02-26 13:00:00,NSE:TDPOWERSYS,155.1,155.2,154.45,154.7,845.0
2021-02-26 14:00:00,NSE:TDPOWERSYS,154.45,155.05,154.4,154.45,1337.0
2021-02-26 15:00:00,NSE:TDPOWERSYS,154.45,155.75,152.6,152.6,6476.0
2021-03-01 09:00:00,NSE:TDPOWERSYS,159.0,159.0,153.75,157.15,4270.0
2021-03-01 10:00:00,NSE:TDPOWERSYS,157.4,159.75,157.2,158.7,3306.0
2021-03-01 11:00:00,NSE:TDPOWERSYS,160.7,162.8,156.75,160.2,14702.0
2021-03-01 12:00:00,NSE:TDPOWERSYS,160.0,160.0,155.0,158.55,6844.0
2021-03-01 13:00:00,NSE:TDPOWERSYS,157.55,158.45,156.2,158.15,2892.0
2021-03-01 14:00:00,NSE:TDPOWERSYS,158.0,159.0,157.3,158.65,104499.0
2021-03-01 15:00:00,NSE:TDPOWERSYS,158.15,158.6,155.3,158.25,6967.0
2021-03-02 09:00:00,NSE:TDPOWERSYS,158.4,161.35,158.35,159.55,3778.0
2021-03-02 10:00:00,NSE:TDPOWERSYS,160.0,161.0,158.6,158.85,5782.0
2021-03-02 11:00:00,NSE:TDPOWERSYS,158.85,159.0,156.65,157.65,7789.0
2021-03-02 12:00:00,NSE:TDPOWERSYS,158.95,159.0,157.9,158.3,1915.0
2021-03-02 13:00:00,NSE:TDPOWERSYS,158.4,159.5,158.4,159.1,2247.0
2021-03-02 14:00:00,NSE:TDPOWERSYS,159.25,159.25,158.35,158.35,4851.0
2021-03-02 15:00:00,NSE:TDPOWERSYS,158.3,158.3,156.5,156.5,4662.0
2021-03-03 09:00:00,NSE:TDPOWERSYS,157.0,160.05,155.0,157.9,12492.0
2021-03-03 10:00:00,NSE:TDPOWERSYS,157.8,160.5,157.55,159.05,4968.0
2021-03-03 11:00:00,NSE:TDPOWERSYS,158.05,159.85,158.05,159.8,9586.0
2021-03-03 12:00:00,NSE:TDPOWERSYS,159.3,160.0,159.0,159.5,6498.0
2021-03-03 13:00:00,NSE:TDPOWERSYS,159.65,160.45,159.4,159.4,9260.0
2021-03-03 14:00:00,NSE:TDPOWERSYS,159.0,159.7,159.0,159.05,4874.0
2021-03-03 15:00:00,NSE:TDPOWERSYS,159.05,161.0,158.0,159.5,15975.0
2021-03-04 09:00:00,NSE:TDPOWERSYS,160.0,164.9,158.05,164.7,16388.0
2021-03-04 10:00:00,NSE:TDPOWERSYS,164.2,165.4,163.1,163.55,13059.0
2021-03-04 11:00:00,NSE:TDPOWERSYS,163.9,164.25,163.1,164.25,3635.0
2021-03-04 12:00:00,NSE:TDPOWERSYS,164.45,164.95,163.25,163.5,4648.0
2021-03-04 13:00:00,NSE:TDPOWERSYS,163.3,163.95,162.65,163.45,4768.0
2021-03-04 14:00:00,NSE:TDPOWERSYS,163.2,163.2,159.3,160.7,22546.0
2021-03-04 15:00:00,NSE:TDPOWERSYS,160.7,160.9,158.6,159.65,5376.0
2021-03-05 09:00:00,NSE:TDPOWERSYS,160.2,163.0,159.0,161.0,7693.0
2021-03-05 10:00:00,NSE:TDPOWERSYS,161.0,162.45,160.1,160.1,2338.0
2021-03-05 11:00:00,NSE:TDPOWERSYS,160.0,162.9,157.2,159.45,20502.0
2021-03-05 12:00:00,NSE:TDPOWERSYS,159.05,159.05,158.1,158.3,1134.0
2021-03-05 13:00:00,NSE:TDPOWERSYS,158.3,158.45,157.0,157.05,1370.0
2021-03-05 14:00:00,NSE:TDPOWERSYS,157.45,158.35,156.2,157.3,2587.0
2021-03-05 15:00:00,NSE:TDPOWERSYS,157.45,160.2,156.25,160.2,6046.0
2021-03-08 09:00:00,NSE:TDPOWERSYS,161.15,161.95,156.95,160.4,10478.0
2021-03-08 10:00:00,NSE:TDPOWERSYS,160.0,160.4,158.0,158.25,2134.0
2021-03-08 11:00:00,NSE:TDPOWERSYS,158.25,158.8,157.35,158.0,2127.0
2021-03-08 12:00:00,NSE:TDPOWERSYS,158.0,158.5,157.8,158.0,992.0
2021-03-08 13:00:00,NSE:TDPOWERSYS,158.0,158.35,155.75,156.35,11255.0
2021-03-08 14:00:00,NSE:TDPOWERSYS,157.15,157.8,156.65,157.0,2482.0
2021-03-08 15:00:00,NSE:TDPOWERSYS,157.0,157.15,155.1,155.95,5690.0
2021-03-09 09:00:00,NSE:TDPOWERSYS,158.9,160.0,156.5,156.55,4754.0
2021-03-09 10:00:00,NSE:TDPOWERSYS,157.0,159.0,156.95,159.0,2514.0
2021-03-09 11:00:00,NSE:TDPOWERSYS,159.0,159.6,157.35,157.35,1877.0
2021-03-09 12:00:00,NSE:TDPOWERSYS,157.35,157.7,156.8,156.8,502.0
2021-03-09 13:00:00,NSE:TDPOWERSYS,157.0,157.55,156.55,156.7,629.0
2021-03-09 14:00:00,NSE:TDPOWERSYS,157.6,158.0,156.7,157.8,1370.0
2021-03-09 15:00:00,NSE:TDPOWERSYS,158.0,160.0,158.0,160.0,4828.0
2021-03-10 09:00:00,NSE:TDPOWERSYS,161.8,161.8,158.05,159.65,1845.0
2021-03-10 10:00:00,NSE:TDPOWERSYS,159.3,161.0,159.25,160.3,5947.0
2021-03-10 11:00:00,NSE:TDPOWERSYS,160.0,160.5,159.2,159.4,1542.0
2021-03-10 12:00:00,NSE:TDPOWERSYS,159.05,159.05,158.45,158.5,79.0
2021-03-10 13:00:00,NSE:TDPOWERSYS,158.55,159.15,158.5,158.5,411.0
2021-03-10 14:00:00,NSE:TDPOWERSYS,158.55,159.5,158.55,158.85,1906.0
2021-03-10 15:00:00,NSE:TDPOWERSYS,159.3,159.3,158.0,158.0,974.0
2021-03-12 09:00:00,NSE:TDPOWERSYS,159.45,159.95,156.65,157.7,2007.0
2021-03-12 10:00:00,NSE:TDPOWERSYS,157.7,159.05,157.4,158.85,9390.0
2021-03-12 11:00:00,NSE:TDPOWERSYS,158.85,159.45,157.3,157.9,865.0
2021-03-12 12:00:00,NSE:TDPOWERSYS,157.9,158.05,157.1,157.85,963.0
2021-03-12 13:00:00,NSE:TDPOWERSYS,157.85,158.05,157.3,157.95,1572.0
2021-03-12 14:00:00,NSE:TDPOWERSYS,157.55,157.55,155.0,155.8,7160.0
2021-03-12 15:00:00,NSE:TDPOWERSYS,155.55,158.0,155.55,156.05,3313.0
2021-03-15 09:00:00,NSE:TDPOWERSYS,156.2,158.3,155.05,155.8,1341.0
2021-03-15 10:00:00,NSE:TDPOWERSYS,155.9,156.35,153.0,154.4,7065.0
2021-03-15 11:00:00,NSE:TDPOWERSYS,154.9,155.0,153.9,154.7,1085.0
2021-03-15 12:00:00,NSE:TDPOWERSYS,154.7,155.0,153.7,154.1,4704.0
2021-03-15 13:00:00,NSE:TDPOWERSYS,153.75,155.0,152.35,155.0,6634.0
2021-03-15 14:00:00,NSE:TDPOWERSYS,154.15,155.0,153.0,153.2,5212.0
2021-03-15 15:00:00,NSE:TDPOWERSYS,153.25,153.75,128.3,142.55,36706.0
2021-03-16 09:00:00,NSE:TDPOWERSYS,147.05,156.6,145.95,155.3,34811.0
2021-03-16 10:00:00,NSE:TDPOWERSYS,155.65,156.6,152.3,153.5,10724.0
2021-03-16 11:00:00,NSE:TDPOWERSYS,153.9,154.05,151.5,153.55,4352.0
2021-03-16 12:00:00,NSE:TDPOWERSYS,153.1,153.65,150.05,151.5,11643.0
2021-03-16 13:00:00,NSE:TDPOWERSYS,151.0,151.5,150.3,150.5,3241.0
2021-03-16 14:00:00,NSE:TDPOWERSYS,151.45,151.45,149.0,150.4,23129.0
2021-03-16 15:00:00,NSE:TDPOWERSYS,150.25,150.25,149.0,149.75,15281.0
2021-03-17 09:00:00,NSE:TDPOWERSYS,150.9,152.45,147.55,151.5,14497.0
2021-03-17 10:00:00,NSE:TDPOWERSYS,151.05,151.35,149.65,150.05,2987.0
2021-03-17 11:00:00,NSE:TDPOWERSYS,150.5,151.2,149.0,149.0,3648.0
2021-03-17 12:00:00,NSE:TDPOWERSYS,150.35,150.4,149.5,150.0,424.0
2021-03-17 13:00:00,NSE:TDPOWERSYS,149.05,149.95,149.05,149.95,363.0
2021-03-17 14:00:00,NSE:TDPOWERSYS,149.6,149.6,147.6,148.3,2501.0
2021-03-17 15:00:00,NSE:TDPOWERSYS,148.1,148.25,146.0,147.0,9900.0
2021-03-18 09:00:00,NSE:TDPOWERSYS,150.1,152.5,147.45,150.0,16017.0
2021-03-18 10:00:00,NSE:TDPOWERSYS,149.95,150.35,147.05,148.4,6033.0
2021-03-18 11:00:00,NSE:TDPOWERSYS,148.35,148.9,147.65,147.65,1583.0
2021-03-18 12:00:00,NSE:TDPOWERSYS,147.25,150.85,147.25,149.15,2279.0
2021-03-18 13:00:00,NSE:TDPOWERSYS,149.4,149.4,148.0,148.0,905.0
2021-03-18 14:00:00,NSE:TDPOWERSYS,148.1,149.0,142.5,142.55,12113.0
2021-03-18 15:00:00,NSE:TDPOWERSYS,143.0,144.95,141.75,144.75,6048.0
2021-03-19 09:00:00,NSE:TDPOWERSYS,141.45,147.75,140.0,145.35,8244.0
2021-03-19 10:00:00,NSE:TDPOWERSYS,146.9,148.0,145.35,146.7,4204.0
2021-03-19 11:00:00,NSE:TDPOWERSYS,146.0,146.65,143.2,144.15,2510.0
2021-03-19 12:00:00,NSE:TDPOWERSYS,144.15,144.85,143.5,143.65,954.0
2021-03-19 13:00:00,NSE:TDPOWERSYS,143.65,145.0,143.6,144.2,2146.0
2021-03-19 14:00:00,NSE:TDPOWERSYS,145.0,145.5,144.05,144.9,3706.0
2021-03-19 15:00:00,NSE:TDPOWERSYS,144.95,145.0,144.55,145.0,4263.0
2021-03-22 09:00:00,NSE:TDPOWERSYS,145.5,149.95,140.75,146.55,10107.0
2021-03-22 10:00:00,NSE:TDPOWERSYS,146.6,147.0,144.05,145.5,7824.0
2021-03-22 11:00:00,NSE:TDPOWERSYS,145.2,146.2,144.05,145.25,4282.0
2021-03-22 12:00:00,NSE:TDPOWERSYS,145.4,146.2,145.1,145.9,1865.0
2021-03-22 13:00:00,NSE:TDPOWERSYS,145.25,145.7,143.5,143.85,3201.0
2021-03-22 14:00:00,NSE:TDPOWERSYS,144.0,145.05,143.5,144.7,653.0
2021-03-22 15:00:00,NSE:TDPOWERSYS,144.7,150.0,143.05,150.0,3915.0
2021-03-23 09:00:00,NSE:TDPOWERSYS,149.15,149.15,145.0,147.45,9563.0
2021-03-23 10:00:00,NSE:TDPOWERSYS,147.55,149.0,147.2,147.5,881.0
2021-03-23 11:00:00,NSE:TDPOWERSYS,147.35,148.5,146.6,147.2,824.0
2021-03-23 12:00:00,NSE:TDPOWERSYS,147.55,147.55,146.25,146.25,381.0
2021-03-23 13:00:00,NSE:TDPOWERSYS,147.0,148.35,147.0,148.35,994.0
2021-03-23 14:00:00,NSE:TDPOWERSYS,148.0,155.0,147.5,152.7,12725.0
2021-03-23 15:00:00,NSE:TDPOWERSYS,152.7,155.0,150.5,152.5,9264.0
2021-03-24 09:00:00,NSE:TDPOWERSYS,152.0,153.4,150.15,150.75,1234.0
2021-03-24 10:00:00,NSE:TDPOWERSYS,150.0,151.8,148.05,149.8,2535.0
2021-03-24 11:00:00,NSE:TDPOWERSYS,148.35,150.8,148.35,149.05,524.0
2021-03-24 12:00:00,NSE:TDPOWERSYS,149.1,150.0,148.85,150.0,753.0
2021-03-24 13:00:00,NSE:TDPOWERSYS,149.55,150.3,148.0,148.5,5249.0
2021-03-24 14:00:00,NSE:TDPOWERSYS,148.1,149.25,147.7,147.7,15713.0
2021-03-24 15:00:00,NSE:TDPOWERSYS,147.7,149.35,147.0,148.0,3298.0
2021-03-25 09:00:00,NSE:TDPOWERSYS,148.0,149.75,141.8,144.65,5045.0
2021-03-25 10:00:00,NSE:TDPOWERSYS,144.2,151.0,144.2,150.0,24427.0
2021-03-25 11:00:00,NSE:TDPOWERSYS,150.0,150.75,146.1,146.5,4293.0
2021-03-25 12:00:00,NSE:TDPOWERSYS,146.5,148.4,145.0,147.85,1856.0
2021-03-25 13:00:00,NSE:TDPOWERSYS,147.85,150.05,144.35,145.0,10690.0
2021-03-25 14:00:00,NSE:TDPOWERSYS,145.0,145.5,144.05,145.0,14749.0
2021-03-25 15:00:00,NSE:TDPOWERSYS,144.4,144.8,142.2,142.5,3325.0
2021-03-26 09:00:00,NSE:TDPOWERSYS,144.1,147.9,144.1,145.1,3078.0
2021-03-26 10:00:00,NSE:TDPOWERSYS,146.2,149.0,145.15,148.5,2204.0
2021-03-26 11:00:00,NSE:TDPOWERSYS,148.45,150.6,147.05,150.0,10467.0
2021-03-26 12:00:00,NSE:TDPOWERSYS,150.0,152.0,149.05,150.0,5863.0
2021-03-26 13:00:00,NSE:TDPOWERSYS,150.0,150.6,148.65,149.25,7570.0
2021-03-26 14:00:00,NSE:TDPOWERSYS,149.15,150.8,149.15,150.0,10074.0
2021-03-26 15:00:00,NSE:TDPOWERSYS,150.0,152.0,150.0,151.2,12258.0
2021-03-30 09:00:00,NSE:TDPOWERSYS,154.0,154.0,148.0,150.55,2708.0
2021-03-30 10:00:00,NSE:TDPOWERSYS,151.35,151.35,150.0,150.55,716.0
2021-03-30 11:00:00,NSE:TDPOWERSYS,150.5,151.9,149.3,149.3,1552.0
2021-03-30 12:00:00,NSE:TDPOWERSYS,149.3,150.4,149.2,149.5,130.0
2021-03-30 13:00:00,NSE:TDPOWERSYS,149.5,150.0,149.15,149.5,1939.0
2021-03-30 14:00:00,NSE:TDPOWERSYS,149.55,150.95,149.0,150.25,4376.0
2021-03-30 15:00:00,NSE:TDPOWERSYS,150.7,152.9,150.0,150.0,2792.0
2021-03-31 09:00:00,NSE:TDPOWERSYS,152.8,152.8,148.25,149.85,1500.0
2021-03-31 10:00:00,NSE:TDPOWERSYS,149.7,152.8,148.35,152.1,3582.0
2021-03-31 11:00:00,NSE:TDPOWERSYS,149.0,150.95,149.0,150.0,2446.0
2021-03-31 12:00:00,NSE:TDPOWERSYS,150.4,151.4,150.0,151.4,5033.0
2021-03-31 13:00:00,NSE:TDPOWERSYS,151.8,152.45,148.4,150.95,5888.0
2021-03-31 14:00:00,NSE:TDPOWERSYS,150.0,150.85,147.6,148.8,5767.0
2021-03-31 15:00:00,NSE:TDPOWERSYS,147.2,150.85,147.2,149.0,2829.0
2021-04-01 09:00:00,NSE:TDPOWERSYS,155.2,158.0,152.55,154.6,7267.0
2021-04-01 10:00:00,NSE:TDPOWERSYS,153.5,155.85,152.75,154.0,16241.0
2021-04-01 11:00:00,NSE:TDPOWERSYS,153.0,154.0,152.95,154.0,1537.0
2021-04-01 12:00:00,NSE:TDPOWERSYS,154.05,155.2,154.05,155.15,2714.0
2021-04-01 13:00:00,NSE:TDPOWERSYS,155.0,156.0,155.0,156.0,3267.0
2021-04-01 14:00:00,NSE:TDPOWERSYS,156.25,156.7,155.25,156.0,1459.0
2021-04-01 15:00:00,NSE:TDPOWERSYS,156.7,156.7,155.0,155.45,2542.0
2021-04-05 09:00:00,NSE:TDPOWERSYS,157.95,158.0,151.35,151.65,4012.0
2021-04-05 10:00:00,NSE:TDPOWERSYS,151.6,152.9,151.6,152.9,1170.0
2021-04-05 11:00:00,NSE:TDPOWERSYS,153.3,154.0,151.5,151.5,3774.0
2021-04-05 12:00:00,NSE:TDPOWERSYS,151.85,152.6,151.55,152.5,801.0
2021-04-05 13:00:00,NSE:TDPOWERSYS,152.8,153.0,152.8,153.0,487.0
2021-04-05 14:00:00,NSE:TDPOWERSYS,152.55,154.5,152.5,152.55,1314.0
2021-04-05 15:00:00,NSE:TDPOWERSYS,152.55,154.1,152.55,152.55,788.0
2021-04-06 09:00:00,NSE:TDPOWERSYS,157.0,157.0,152.3,154.55,1855.0
2021-04-06 10:00:00,NSE:TDPOWERSYS,155.55,155.95,154.55,154.75,1224.0
2021-04-06 11:00:00,NSE:TDPOWERSYS,154.75,155.0,154.75,154.9,1164.0
2021-04-06 12:00:00,NSE:TDPOWERSYS,154.9,155.5,154.5,154.9,2827.0
2021-04-06 13:00:00,NSE:TDPOWERSYS,154.9,155.0,154.5,155.0,2250.0
2021-04-06 14:00:00,NSE:TDPOWERSYS,155.25,156.0,154.55,155.15,1736.0
2021-04-06 15:00:00,NSE:TDPOWERSYS,155.0,157.0,155.0,156.0,1786.0
2021-04-07 09:00:00,NSE:TDPOWERSYS,157.0,157.0,155.15,156.1,2197.0
2021-04-07 10:00:00,NSE:TDPOWERSYS,156.0,156.85,155.0,155.9,4121.0
2021-04-07 11:00:00,NSE:TDPOWERSYS,155.2,155.8,155.05,155.15,1075.0
2021-04-07 12:00:00,NSE:TDPOWERSYS,155.7,155.75,155.1,155.75,688.0
2021-04-07 13:00:00,NSE:TDPOWERSYS,155.9,155.9,155.1,155.75,1450.0
2021-04-07 14:00:00,NSE:TDPOWERSYS,155.7,155.75,155.0,155.0,13100.0
2021-04-07 15:00:00,NSE:TDPOWERSYS,155.15,155.75,155.0,155.1,1215.0
2021-04-08 09:00:00,NSE:TDPOWERSYS,155.5,157.0,155.0,155.8,9004.0
2021-04-08 10:00:00,NSE:TDPOWERSYS,156.35,157.5,155.2,156.3,4069.0
2021-04-08 11:00:00,NSE:TDPOWERSYS,157.7,157.7,155.25,156.1,5052.0
2021-04-08 12:00:00,NSE:TDPOWERSYS,156.95,157.5,155.5,156.65,3648.0
2021-04-08 13:00:00,NSE:TDPOWERSYS,156.75,159.7,156.75,158.5,14240.0
2021-04-08 14:00:00,NSE:TDPOWERSYS,159.0,162.1,158.9,159.0,38848.0
2021-04-08 15:00:00,NSE:TDPOWERSYS,158.65,159.0,155.55,158.1,10609.0
2021-04-09 09:00:00,NSE:TDPOWERSYS,159.7,159.7,156.85,158.05,5211.0
2021-04-09 10:00:00,NSE:TDPOWERSYS,158.3,159.0,158.3,158.4,4579.0
2021-04-09 11:00:00,NSE:TDPOWERSYS,159.0,159.7,158.45,159.5,7806.0
2021-04-09 12:00:00,NSE:TDPOWERSYS,159.0,163.75,159.0,160.85,11318.0
2021-04-09 13:00:00,NSE:TDPOWERSYS,160.5,162.0,159.0,160.1,10660.0
2021-04-09 14:00:00,NSE:TDPOWERSYS,159.9,159.9,158.3,159.05,4396.0
2021-04-09 15:00:00,NSE:TDPOWERSYS,159.7,161.95,159.0,161.95,5326.0
2021-04-12 09:00:00,NSE:TDPOWERSYS,159.95,159.95,153.0,155.15,23463.0
2021-04-12 10:00:00,NSE:TDPOWERSYS,155.0,155.65,150.05,153.35,14338.0
2021-04-12 11:00:00,NSE:TDPOWERSYS,152.0,154.9,152.0,153.25,3428.0
2021-04-12 12:00:00,NSE:TDPOWERSYS,153.25,154.95,153.0,154.5,4853.0
2021-04-12 13:00:00,NSE:TDPOWERSYS,154.05,154.8,152.25,152.35,3672.0
2021-04-12 14:00:00,NSE:TDPOWERSYS,152.5,154.3,152.5,154.0,1931.0
2021-04-12 15:00:00,NSE:TDPOWERSYS,153.55,154.5,152.6,152.7,3321.0
2021-04-13 09:00:00,NSE:TDPOWERSYS,154.35,154.7,151.4,153.35,1024.0
2021-04-13 10:00:00,NSE:TDPOWERSYS,155.0,155.0,153.0,153.0,4336.0
2021-04-13 11:00:00,NSE:TDPOWERSYS,154.0,154.0,152.6,152.6,1319.0
2021-04-13 12:00:00,NSE:TDPOWERSYS,153.6,153.85,152.65,153.45,395.0
2021-04-13 13:00:00,NSE:TDPOWERSYS,153.35,153.75,152.8,153.75,462.0
2021-04-13 14:00:00,NSE:TDPOWERSYS,153.9,153.95,153.4,153.6,1039.0
2021-04-13 15:00:00,NSE:TDPOWERSYS,154.1,154.5,153.35,154.5,1210.0
2021-04-15 09:00:00,NSE:TDPOWERSYS,150.1,153.45,149.65,150.95,12443.0
2021-04-15 10:00:00,NSE:TDPOWERSYS,150.95,153.2,150.1,151.6,4020.0
2021-04-15 11:00:00,NSE:TDPOWERSYS,151.55,151.7,150.0,150.4,1631.0
2021-04-15 12:00:00,NSE:TDPOWERSYS,150.65,150.85,149.0,150.0,2649.0
2021-04-15 13:00:00,NSE:TDPOWERSYS,149.95,149.95,148.5,149.7,434.0
2021-04-15 14:00:00,NSE:TDPOWERSYS,149.65,150.6,148.75,149.3,2341.0
2021-04-15 15:00:00,NSE:TDPOWERSYS,149.3,150.9,149.3,150.0,2989.0
2021-04-16 09:00:00,NSE:TDPOWERSYS,150.0,150.0,148.0,149.25,4045.0
2021-04-16 10:00:00,NSE:TDPOWERSYS,149.95,150.5,149.1,149.1,1860.0
2021-04-16 11:00:00,NSE:TDPOWERSYS,149.85,149.9,149.1,149.9,757.0
2021-04-16 12:00:00,NSE:TDPOWERSYS,149.9,149.9,149.6,149.6,156.0
2021-04-16 13:00:00,NSE:TDPOWERSYS,149.85,150.9,149.45,150.0,3475.0
2021-04-16 14:00:00,NSE:TDPOWERSYS,149.25,149.7,148.8,149.05,1405.0
2021-04-16 15:00:00,NSE:TDPOWERSYS,149.5,154.05,149.5,150.3,21037.0
2021-04-19 09:00:00,NSE:TDPOWERSYS,121.0,152.5,121.0,150.0,15284.0
2021-04-19 10:00:00,NSE:TDPOWERSYS,150.8,151.8,147.2,147.95,7207.0
2021-04-19 11:00:00,NSE:TDPOWERSYS,147.95,148.0,146.25,147.1,1055.0
2021-04-19 12:00:00,NSE:TDPOWERSYS,146.9,148.25,146.9,148.15,1203.0
2021-04-19 13:00:00,NSE:TDPOWERSYS,147.3,148.25,147.1,147.1,2574.0
2021-04-19 14:00:00,NSE:TDPOWERSYS,147.5,148.95,147.25,148.45,4685.0
2021-04-19 15:00:00,NSE:TDPOWERSYS,148.15,149.0,148.05,149.0,2342.0
2021-04-20 09:00:00,NSE:TDPOWERSYS,159.0,159.0,151.25,152.2,22479.0
2021-04-20 10:00:00,NSE:TDPOWERSYS,152.25,153.0,152.25,152.95,3750.0
2021-04-20 11:00:00,NSE:TDPOWERSYS,152.95,152.95,152.2,152.35,2495.0
2021-04-20 12:00:00,NSE:TDPOWERSYS,152.35,155.0,152.35,154.0,16351.0
2021-04-20 13:00:00,NSE:TDPOWERSYS,153.85,154.0,153.65,153.65,2449.0
2021-04-20 14:00:00,NSE:TDPOWERSYS,153.65,153.7,152.2,152.2,5082.0
2021-04-20 15:00:00,NSE:TDPOWERSYS,152.2,154.0,152.2,154.0,9695.0
2021-04-22 09:00:00,NSE:TDPOWERSYS,153.0,156.95,151.25,153.85,5303.0
2021-04-22 10:00:00,NSE:TDPOWERSYS,153.9,155.5,153.0,155.3,5374.0
2021-04-22 11:00:00,NSE:TDPOWERSYS,153.25,155.1,153.1,154.3,2810.0
2021-04-22 12:00:00,NSE:TDPOWERSYS,154.3,154.85,153.1,153.1,1209.0
2021-04-22 13:00:00,NSE:TDPOWERSYS,153.85,155.0,153.2,153.95,2333.0
2021-04-22 14:00:00,NSE:TDPOWERSYS,153.85,155.3,153.2,154.75,2136.0
2021-04-22 15:00:00,NSE:TDPOWERSYS,154.75,156.0,154.0,154.5,9014.0
2021-04-23 09:00:00,NSE:TDPOWERSYS,152.5,158.85,152.5,158.45,3077.0
2021-04-23 10:00:00,NSE:TDPOWERSYS,158.5,159.7,156.8,157.05,3265.0
2021-04-23 11:00:00,NSE:TDPOWERSYS,157.05,158.45,156.75,157.05,4375.0
2021-04-23 12:00:00,NSE:TDPOWERSYS,157.0,157.25,156.0,156.15,2096.0
2021-04-23 13:00:00,NSE:TDPOWERSYS,156.0,156.95,156.0,156.3,1801.0
2021-04-23 14:00:00,NSE:TDPOWERSYS,156.3,157.0,156.3,156.4,1036.0
2021-04-23 15:00:00,NSE:TDPOWERSYS,156.55,156.95,156.45,156.9,1711.0
2021-04-26 09:00:00,NSE:TDPOWERSYS,155.05,159.3,154.55,156.1,4268.0
2021-04-26 10:00:00,NSE:TDPOWERSYS,156.5,158.9,156.0,156.7,2439.0
2021-04-26 11:00:00,NSE:TDPOWERSYS,157.45,158.25,157.15,157.55,1105.0
2021-04-26 12:00:00,NSE:TDPOWERSYS,157.55,159.3,157.55,158.3,7668.0
2021-04-26 13:00:00,NSE:TDPOWERSYS,158.15,158.95,158.0,158.35,2301.0
2021-04-26 14:00:00,NSE:TDPOWERSYS,158.4,159.7,158.0,158.95,6551.0
2021-04-26 15:00:00,NSE:TDPOWERSYS,159.15,162.0,158.9,161.0,14051.0
2021-04-27 09:00:00,NSE:TDPOWERSYS,161.95,164.0,157.9,162.5,8764.0
2021-04-27 10:00:00,NSE:TDPOWERSYS,162.0,166.4,161.1,163.25,16543.0
2021-04-27 11:00:00,NSE:TDPOWERSYS,162.5,167.4,160.0,163.5,31167.0
2021-04-27 12:00:00,NSE:TDPOWERSYS,165.25,167.15,162.35,164.55,10287.0
2021-04-27 13:00:00,NSE:TDPOWERSYS,164.8,164.95,161.45,164.0,16808.0
2021-04-27 14:00:00,NSE:TDPOWERSYS,164.0,164.2,162.65,163.35,835.0
2021-04-27 15:00:00,NSE:TDPOWERSYS,163.1,163.1,161.2,162.25,6503.0
2021-04-28 09:00:00,NSE:TDPOWERSYS,163.45,163.45,160.2,161.95,1356.0
2021-04-28 10:00:00,NSE:TDPOWERSYS,162.0,162.9,161.0,162.9,8302.0
2021-04-28 11:00:00,NSE:TDPOWERSYS,162.15,164.9,162.15,164.45,8267.0
2021-04-28 12:00:00,NSE:TDPOWERSYS,163.5,163.55,162.05,162.05,1844.0
2021-04-28 13:00:00,NSE:TDPOWERSYS,162.5,162.5,161.5,162.0,3978.0
2021-04-28 14:00:00,NSE:TDPOWERSYS,161.35,162.5,161.35,162.0,886.0
2021-04-28 15:00:00,NSE:TDPOWERSYS,162.0,163.5,161.45,162.6,2037.0
2021-04-29 09:00:00,NSE:TDPOWERSYS,164.85,169.3,162.05,163.85,20119.0
2021-04-29 10:00:00,NSE:TDPOWERSYS,162.25,163.85,161.55,161.65,5747.0
2021-04-29 11:00:00,NSE:TDPOWERSYS,161.3,162.8,161.0,161.75,2690.0
2021-04-29 12:00:00,NSE:TDPOWERSYS,162.05,162.35,160.55,161.15,2024.0
2021-04-29 13:00:00,NSE:TDPOWERSYS,160.7,162.35,160.65,161.55,4915.0
2021-04-29 14:00:00,NSE:TDPOWERSYS,161.1,161.8,161.05,161.75,671.0
2021-04-29 15:00:00,NSE:TDPOWERSYS,161.7,162.0,161.5,161.65,3212.0
2021-04-30 09:00:00,NSE:TDPOWERSYS,161.0,161.7,160.05,160.5,1258.0
2021-04-30 10:00:00,NSE:TDPOWERSYS,160.45,163.45,160.1,163.45,3854.0
2021-04-30 11:00:00,NSE:TDPOWERSYS,163.45,163.9,161.85,162.0,3717.0
2021-04-30 12:00:00,NSE:TDPOWERSYS,162.0,162.55,160.55,161.0,3457.0
2021-04-30 13:00:00,NSE:TDPOWERSYS,160.95,160.95,160.1,160.2,2053.0
2021-04-30 14:00:00,NSE:TDPOWERSYS,160.1,161.0,159.4,160.25,7789.0
2021-04-30 15:00:00,NSE:TDPOWERSYS,160.25,160.25,159.1,160.0,3969.0
2021-05-03 09:00:00,NSE:TDPOWERSYS,158.95,161.75,155.6,159.55,5216.0
2021-05-03 10:00:00,NSE:TDPOWERSYS,159.5,161.5,158.75,161.5,1857.0
2021-05-03 11:00:00,NSE:TDPOWERSYS,161.5,167.0,160.55,163.35,8827.0
2021-05-03 12:00:00,NSE:TDPOWERSYS,163.35,167.35,163.05,166.55,7875.0
2021-05-03 13:00:00,NSE:TDPOWERSYS,167.1,176.0,167.1,170.9,63709.0
2021-05-03 14:00:00,NSE:TDPOWERSYS,172.4,173.0,168.25,172.0,20435.0
2021-05-03 15:00:00,NSE:TDPOWERSYS,172.0,173.7,170.0,173.3,18544.0
2021-05-04 09:00:00,NSE:TDPOWERSYS,175.3,178.75,172.75,174.6,23082.0
2021-05-04 10:00:00,NSE:TDPOWERSYS,175.2,177.55,174.2,176.4,12533.0
2021-05-04 11:00:00,NSE:TDPOWERSYS,176.45,177.9,174.0,176.1,12978.0
2021-05-04 12:00:00,NSE:TDPOWERSYS,176.25,180.0,176.25,179.55,28183.0
2021-05-04 13:00:00,NSE:TDPOWERSYS,179.5,179.5,175.5,175.7,8124.0
2021-05-04 14:00:00,NSE:TDPOWERSYS,175.75,176.9,173.1,173.5,7316.0
2021-05-04 15:00:00,NSE:TDPOWERSYS,173.3,175.0,173.2,174.0,4710.0
2021-05-05 09:00:00,NSE:TDPOWERSYS,174.15,178.45,174.15,176.95,6334.0
2021-05-05 10:00:00,NSE:TDPOWERSYS,176.95,176.95,174.2,174.2,3802.0
2021-05-05 11:00:00,NSE:TDPOWERSYS,174.4,175.6,174.15,174.55,1849.0
2021-05-05 12:00:00,NSE:TDPOWERSYS,174.6,176.9,174.6,176.9,5093.0
2021-05-05 13:00:00,NSE:TDPOWERSYS,176.05,177.1,175.1,175.45,8816.0
2021-05-05 14:00:00,NSE:TDPOWERSYS,175.45,187.65,175.1,183.05,73244.0
2021-05-05 15:00:00,NSE:TDPOWERSYS,183.9,188.3,183.0,185.05,28882.0
2021-05-06 09:00:00,NSE:TDPOWERSYS,187.9,191.8,182.4,190.45,20919.0
2021-05-06 10:00:00,NSE:TDPOWERSYS,190.3,194.0,188.15,188.95,29670.0
2021-05-06 11:00:00,NSE:TDPOWERSYS,188.75,189.95,185.25,189.95,8721.0
2021-05-06 12:00:00,NSE:TDPOWERSYS,190.0,196.0,189.8,189.8,26949.0
2021-05-06 13:00:00,NSE:TDPOWERSYS,190.5,191.55,188.1,188.95,5630.0
2021-05-06 14:00:00,NSE:TDPOWERSYS,188.95,197.7,188.25,195.0,34892.0
2021-05-06 15:00:00,NSE:TDPOWERSYS,195.0,196.0,192.1,192.15,11054.0
2021-05-07 09:00:00,NSE:TDPOWERSYS,195.5,195.5,190.45,193.7,10821.0
2021-05-07 10:00:00,NSE:TDPOWERSYS,194.0,195.0,191.05,194.0,11580.0
2021-05-07 11:00:00,NSE:TDPOWERSYS,193.9,193.9,191.05,191.05,9301.0
2021-05-07 12:00:00,NSE:TDPOWERSYS,191.05,193.0,191.05,192.4,3927.0
2021-05-07 13:00:00,NSE:TDPOWERSYS,191.65,195.0,191.5,194.0,5632.0
2021-05-07 14:00:00,NSE:TDPOWERSYS,194.0,194.3,191.05,192.75,11143.0
2021-05-07 15:00:00,NSE:TDPOWERSYS,192.75,192.75,191.0,191.0,6023.0
2021-05-10 09:00:00,NSE:TDPOWERSYS,197.0,197.0,192.0,193.65,7100.0
2021-05-10 10:00:00,NSE:TDPOWERSYS,194.25,196.0,191.2,196.0,8553.0
2021-05-10 11:00:00,NSE:TDPOWERSYS,194.65,195.1,190.45,191.0,2864.0
2021-05-10 12:00:00,NSE:TDPOWERSYS,190.95,190.95,188.1,189.8,7908.0
2021-05-10 13:00:00,NSE:TDPOWERSYS,190.0,190.95,188.3,189.6,3839.0
2021-05-10 14:00:00,NSE:TDPOWERSYS,189.55,193.65,188.4,193.0,6578.0
2021-05-10 15:00:00,NSE:TDPOWERSYS,193.0,202.5,192.05,198.6,50816.0
2021-05-11 09:00:00,NSE:TDPOWERSYS,201.6,212.0,198.65,212.0,104828.0
2021-05-11 10:00:00,NSE:TDPOWERSYS,212.0,234.0,204.5,228.3,923513.0
2021-05-11 11:00:00,NSE:TDPOWERSYS,228.95,230.0,224.0,226.65,175100.0
2021-05-11 12:00:00,NSE:TDPOWERSYS,226.6,226.85,224.2,224.5,40566.0
2021-05-11 13:00:00,NSE:TDPOWERSYS,224.9,224.9,221.85,224.0,51633.0
2021-05-11 14:00:00,NSE:TDPOWERSYS,224.3,224.4,215.75,217.6,68775.0
2021-05-11 15:00:00,NSE:TDPOWERSYS,217.6,218.0,215.65,216.3,46821.0
2021-05-12 09:00:00,NSE:TDPOWERSYS,218.7,220.85,211.1,213.7,33661.0
2021-05-12 10:00:00,NSE:TDPOWERSYS,213.7,214.05,207.25,209.85,27581.0
2021-05-12 11:00:00,NSE:TDPOWERSYS,210.55,212.85,208.85,211.65,17926.0
2021-05-12 12:00:00,NSE:TDPOWERSYS,211.65,211.65,208.1,209.5,8595.0
2021-05-12 13:00:00,NSE:TDPOWERSYS,209.55,211.45,205.65,208.2,19047.0
2021-05-12 14:00:00,NSE:TDPOWERSYS,208.4,208.4,204.25,204.7,10543.0
2021-05-12 15:00:00,NSE:TDPOWERSYS,204.7,206.75,202.65,204.45,14317.0
2021-05-14 09:00:00,NSE:TDPOWERSYS,204.45,209.9,204.45,209.35,17118.0
2021-05-14 10:00:00,NSE:TDPOWERSYS,209.0,217.0,208.95,215.65,18342.0
2021-05-14 11:00:00,NSE:TDPOWERSYS,215.55,215.55,210.05,211.5,10783.0
2021-05-14 12:00:00,NSE:TDPOWERSYS,211.0,214.85,208.1,210.0,5994.0
2021-05-14 13:00:00,NSE:TDPOWERSYS,209.3,212.0,208.0,211.0,4475.0
2021-05-14 14:00:00,NSE:TDPOWERSYS,211.35,215.0,211.0,214.9,9041.0
2021-05-14 15:00:00,NSE:TDPOWERSYS,214.9,217.0,214.0,214.05,13219.0
2021-05-17 09:00:00,NSE:TDPOWERSYS,220.4,224.5,216.0,218.7,16688.0
2021-05-17 10:00:00,NSE:TDPOWERSYS,218.75,222.0,218.0,222.0,9786.0
2021-05-17 11:00:00,NSE:TDPOWERSYS,221.0,221.0,217.5,217.5,6022.0
2021-05-17 12:00:00,NSE:TDPOWERSYS,219.6,220.25,217.5,218.25,4966.0
2021-05-17 13:00:00,NSE:TDPOWERSYS,218.25,222.45,218.2,220.0,9868.0
2021-05-17 14:00:00,NSE:TDPOWERSYS,220.0,222.25,216.0,218.15,8479.0
2021-05-17 15:00:00,NSE:TDPOWERSYS,218.8,221.0,218.8,220.15,7813.0
2021-05-18 09:00:00,NSE:TDPOWERSYS,224.6,224.6,216.55,216.55,8824.0
2021-05-18 10:00:00,NSE:TDPOWERSYS,216.9,220.0,214.0,214.95,8438.0
2021-05-18 11:00:00,NSE:TDPOWERSYS,215.0,218.0,214.0,217.95,5024.0
2021-05-18 12:00:00,NSE:TDPOWERSYS,217.95,228.8,216.3,225.95,45772.0
2021-05-18 13:00:00,NSE:TDPOWERSYS,225.35,228.0,225.0,226.5,24173.0
2021-05-18 14:00:00,NSE:TDPOWERSYS,226.5,228.9,225.0,228.1,74825.0
2021-05-18 15:00:00,NSE:TDPOWERSYS,228.4,232.0,228.4,229.7,84171.0
2021-05-19 09:00:00,NSE:TDPOWERSYS,231.9,234.0,224.1,225.55,56788.0
2021-05-19 10:00:00,NSE:TDPOWERSYS,226.4,227.15,225.5,227.05,9292.0
2021-05-19 11:00:00,NSE:TDPOWERSYS,227.9,227.9,225.1,225.2,5178.0
2021-05-19 12:00:00,NSE:TDPOWERSYS,225.7,228.5,225.0,225.2,7965.0
2021-05-19 13:00:00,NSE:TDPOWERSYS,225.25,226.95,225.0,225.85,3738.0
2021-05-19 14:00:00,NSE:TDPOWERSYS,225.4,225.9,224.5,225.75,4964.0
2021-05-19 15:00:00,NSE:TDPOWERSYS,224.55,225.0,218.0,220.4,18012.0
2021-05-20 09:00:00,NSE:TDPOWERSYS,209.3,212.0,195.05,204.05,95236.0
2021-05-20 10:00:00,NSE:TDPOWERSYS,204.05,210.0,204.0,206.95,21444.0
2021-05-20 11:00:00,NSE:TDPOWERSYS,206.4,210.0,205.25,206.0,21852.0
2021-05-20 12:00:00,NSE:TDPOWERSYS,205.9,206.45,199.9,201.25,31212.0
2021-05-20 13:00:00,NSE:TDPOWERSYS,201.25,201.95,197.6,200.65,27026.0
2021-05-20 14:00:00,NSE:TDPOWERSYS,200.15,200.15,194.1,196.05,40867.0
2021-05-20 15:00:00,NSE:TDPOWERSYS,196.5,199.9,193.95,196.7,44136.0
2021-05-21 09:00:00,NSE:TDPOWERSYS,199.95,200.0,192.0,194.0,24414.0
2021-05-21 10:00:00,NSE:TDPOWERSYS,194.0,194.2,191.0,193.55,35532.0
2021-05-21 11:00:00,NSE:TDPOWERSYS,193.1,194.9,190.65,190.75,15436.0
2021-05-21 12:00:00,NSE:TDPOWERSYS,190.65,190.75,185.05,186.95,39061.0
2021-05-21 13:00:00,NSE:TDPOWERSYS,187.0,189.0,185.5,187.2,22280.0
2021-05-21 14:00:00,NSE:TDPOWERSYS,186.5,191.1,186.5,189.0,24862.0
2021-05-21 15:00:00,NSE:TDPOWERSYS,188.0,189.5,186.6,187.3,15813.0
2021-05-24 09:00:00,NSE:TDPOWERSYS,189.0,196.0,187.0,188.0,15534.0
2021-05-24 10:00:00,NSE:TDPOWERSYS,188.65,189.0,185.0,186.95,13035.0
2021-05-24 11:00:00,NSE:TDPOWERSYS,186.95,190.0,186.0,189.35,10510.0
2021-05-24 12:00:00,NSE:TDPOWERSYS,189.7,194.0,188.5,190.25,9892.0
2021-05-24 13:00:00,NSE:TDPOWERSYS,190.25,192.5,190.15,191.0,3960.0
2021-05-24 14:00:00,NSE:TDPOWERSYS,191.0,192.4,187.0,189.15,5990.0
2021-05-24 15:00:00,NSE:TDPOWERSYS,190.5,191.9,187.35,190.05,12537.0
2021-05-25 09:00:00,NSE:TDPOWERSYS,195.0,195.0,190.1,191.95,10795.0
2021-05-25 10:00:00,NSE:TDPOWERSYS,192.45,195.0,192.3,194.0,12180.0
2021-05-25 11:00:00,NSE:TDPOWERSYS,194.0,199.6,194.0,196.4,38594.0
2021-05-25 12:00:00,NSE:TDPOWERSYS,196.4,197.45,195.8,196.5,4673.0
2021-05-25 13:00:00,NSE:TDPOWERSYS,197.0,197.05,194.15,194.9,9674.0
2021-05-25 14:00:00,NSE:TDPOWERSYS,195.0,196.8,194.65,196.15,2944.0
2021-05-25 15:00:00,NSE:TDPOWERSYS,196.2,197.5,194.65,196.35,7541.0
2021-05-26 09:00:00,NSE:TDPOWERSYS,198.8,207.0,196.35,204.1,170262.0
2021-05-26 10:00:00,NSE:TDPOWERSYS,204.1,204.5,203.0,203.9,23172.0
2021-05-26 11:00:00,NSE:TDPOWERSYS,203.9,204.0,202.35,202.75,9567.0
2021-05-26 12:00:00,NSE:TDPOWERSYS,203.0,203.8,202.5,203.45,12136.0
2021-05-26 13:00:00,NSE:TDPOWERSYS,203.55,205.75,203.3,204.5,18597.0
2021-05-26 14:00:00,NSE:TDPOWERSYS,204.5,205.0,204.1,205.0,20465.0
2021-05-26 15:00:00,NSE:TDPOWERSYS,205.0,209.0,204.7,206.0,47772.0
2021-05-27 09:00:00,NSE:TDPOWERSYS,209.0,211.0,207.3,208.85,29844.0
2021-05-27 10:00:00,NSE:TDPOWERSYS,208.8,209.35,206.1,206.1,14062.0
2021-05-27 11:00:00,NSE:TDPOWERSYS,206.1,206.75,205.0,205.65,8373.0
2021-05-27 12:00:00,NSE:TDPOWERSYS,205.8,205.95,203.3,203.75,5649.0
2021-05-27 13:00:00,NSE:TDPOWERSYS,203.95,204.0,202.55,203.0,4051.0
2021-05-27 14:00:00,NSE:TDPOWERSYS,203.0,203.0,202.0,202.0,6005.0
2021-05-27 15:00:00,NSE:TDPOWERSYS,202.2,203.0,200.0,202.2,7662.0
2021-05-28 09:00:00,NSE:TDPOWERSYS,202.05,204.25,199.0,202.4,6594.0
2021-05-28 10:00:00,NSE:TDPOWERSYS,202.7,205.2,200.1,200.1,9761.0
2021-05-28 11:00:00,NSE:TDPOWERSYS,201.4,201.9,197.5,198.0,5211.0
2021-05-28 12:00:00,NSE:TDPOWERSYS,197.9,198.0,195.05,196.0,4507.0
2021-05-28 13:00:00,NSE:TDPOWERSYS,196.0,196.0,194.05,194.8,4124.0
2021-05-28 14:00:00,NSE:TDPOWERSYS,194.8,195.5,192.0,193.0,10640.0
2021-05-28 15:00:00,NSE:TDPOWERSYS,193.0,200.0,192.0,195.0,18456.0
2021-05-31 09:00:00,NSE:TDPOWERSYS,198.0,198.0,194.05,194.9,4520.0
2021-05-31 10:00:00,NSE:TDPOWERSYS,194.4,195.5,194.0,194.6,5056.0
2021-05-31 11:00:00,NSE:TDPOWERSYS,194.95,195.5,194.35,194.6,2662.0
2021-05-31 12:00:00,NSE:TDPOWERSYS,194.95,196.0,194.05,195.25,1883.0
2021-05-31 13:00:00,NSE:TDPOWERSYS,195.3,196.0,195.25,195.5,413.0
2021-05-31 14:00:00,NSE:TDPOWERSYS,195.9,195.95,195.4,195.4,1538.0
2021-05-31 15:00:00,NSE:TDPOWERSYS,195.95,197.0,195.4,197.0,1301.0
2021-06-01 09:00:00,NSE:TDPOWERSYS,199.0,200.0,193.0,196.8,3670.0
2021-06-01 10:00:00,NSE:TDPOWERSYS,196.95,196.95,192.0,192.95,8230.0
2021-06-01 11:00:00,NSE:TDPOWERSYS,193.0,193.0,190.0,190.55,10421.0
2021-06-01 12:00:00,NSE:TDPOWERSYS,190.05,191.0,187.2,190.95,9551.0
2021-06-01 13:00:00,NSE:TDPOWERSYS,190.9,192.0,190.5,191.55,3087.0
2021-06-01 14:00:00,NSE:TDPOWERSYS,191.8,192.4,189.0,190.0,3412.0
2021-06-01 15:00:00,NSE:TDPOWERSYS,190.0,191.65,190.0,190.0,3856.0
2021-06-02 09:00:00,NSE:TDPOWERSYS,194.8,194.8,189.95,193.25,2525.0
2021-06-02 10:00:00,NSE:TDPOWERSYS,193.05,195.0,192.75,194.25,3059.0
2021-06-02 11:00:00,NSE:TDPOWERSYS,194.05,194.55,193.65,194.55,1478.0
2021-06-02 12:00:00,NSE:TDPOWERSYS,194.55,194.95,193.75,193.95,556.0
2021-06-02 13:00:00,NSE:TDPOWERSYS,194.6,195.05,193.0,195.05,7423.0
2021-06-02 14:00:00,NSE:TDPOWERSYS,195.1,196.7,194.15,195.4,3970.0
2021-06-02 15:00:00,NSE:TDPOWERSYS,195.4,196.0,195.0,195.5,2862.0
2021-06-03 09:00:00,NSE:TDPOWERSYS,195.0,198.7,195.0,196.4,3967.0
2021-06-03 10:00:00,NSE:TDPOWERSYS,196.2,196.4,195.0,195.4,3612.0
2021-06-03 11:00:00,NSE:TDPOWERSYS,195.95,196.0,195.4,195.75,734.0
2021-06-03 12:00:00,NSE:TDPOWERSYS,195.75,196.65,195.4,195.5,1574.0
2021-06-03 13:00:00,NSE:TDPOWERSYS,195.5,198.0,195.4,196.7,1641.0
2021-06-03 14:00:00,NSE:TDPOWERSYS,197.35,197.7,195.4,195.45,2557.0
2021-06-03 15:00:00,NSE:TDPOWERSYS,195.45,196.6,195.2,196.5,1762.0
2021-06-04 09:00:00,NSE:TDPOWERSYS,198.8,198.8,195.7,197.0,1996.0
2021-06-04 10:00:00,NSE:TDPOWERSYS,196.15,196.45,194.0,195.15,3517.0
2021-06-04 11:00:00,NSE:TDPOWERSYS,194.3,196.2,194.3,196.2,2011.0
2021-06-04 12:00:00,NSE:TDPOWERSYS,196.15,196.15,195.0,195.4,866.0
2021-06-04 13:00:00,NSE:TDPOWERSYS,195.0,196.1,194.5,195.15,1368.0
2021-06-04 14:00:00,NSE:TDPOWERSYS,194.6,198.9,193.6,196.3,19596.0
2021-06-04 15:00:00,NSE:TDPOWERSYS,197.6,198.9,195.5,198.85,6686.0
2021-06-07 09:00:00,NSE:TDPOWERSYS,204.95,215.0,202.55,208.5,104837.0
2021-06-07 10:00:00,NSE:TDPOWERSYS,208.75,210.5,205.3,207.95,27965.0
2021-06-07 11:00:00,NSE:TDPOWERSYS,207.6,210.6,206.0,210.05,11215.0
2021-06-07 12:00:00,NSE:TDPOWERSYS,210.0,211.0,206.35,206.35,19515.0
2021-06-07 13:00:00,NSE:TDPOWERSYS,206.3,207.55,205.6,206.05,16083.0
2021-06-07 14:00:00,NSE:TDPOWERSYS,206.15,207.7,206.0,206.1,13043.0
2021-06-07 15:00:00,NSE:TDPOWERSYS,206.4,207.0,203.95,205.15,31605.0
2021-06-08 09:00:00,NSE:TDPOWERSYS,206.0,213.0,205.95,208.05,44625.0
2021-06-08 10:00:00,NSE:TDPOWERSYS,208.0,210.5,207.0,209.7,39657.0
2021-06-08 11:00:00,NSE:TDPOWERSYS,209.4,210.5,208.15,210.0,8761.0
2021-06-08 12:00:00,NSE:TDPOWERSYS,210.0,211.1,208.5,209.95,12973.0
2021-06-08 13:00:00,NSE:TDPOWERSYS,209.6,212.5,209.6,211.0,27237.0
2021-06-08 14:00:00,NSE:TDPOWERSYS,210.7,211.0,208.05,208.95,7538.0
2021-06-08 15:00:00,NSE:TDPOWERSYS,209.0,210.2,206.5,208.0,16022.0
2021-06-09 09:00:00,NSE:TDPOWERSYS,209.8,209.8,206.25,207.7,8265.0
2021-06-09 10:00:00,NSE:TDPOWERSYS,207.9,208.1,207.0,207.9,6617.0
2021-06-09 11:00:00,NSE:TDPOWERSYS,207.65,207.7,206.45,206.6,6800.0
2021-06-09 12:00:00,NSE:TDPOWERSYS,207.0,208.55,206.0,206.0,48659.0
2021-06-09 13:00:00,NSE:TDPOWERSYS,206.4,206.4,199.0,200.35,26930.0
2021-06-09 14:00:00,NSE:TDPOWERSYS,199.95,201.45,196.9,199.0,22872.0
2021-06-09 15:00:00,NSE:TDPOWERSYS,198.75,202.55,198.75,202.45,6425.0
2021-06-10 09:00:00,NSE:TDPOWERSYS,204.9,205.0,201.05,203.6,10363.0
2021-06-10 10:00:00,NSE:TDPOWERSYS,203.45,204.5,203.25,204.0,3580.0
2021-06-10 11:00:00,NSE:TDPOWERSYS,204.0,206.6,203.0,206.05,12265.0
2021-06-10 12:00:00,NSE:TDPOWERSYS,205.6,206.8,205.35,205.75,3412.0
2021-06-10 13:00:00,NSE:TDPOWERSYS,205.65,211.35,205.0,211.1,19644.0
2021-06-10 14:00:00,NSE:TDPOWERSYS,210.75,210.9,207.55,208.3,8926.0
2021-06-10 15:00:00,NSE:TDPOWERSYS,208.4,209.0,205.65,207.45,10178.0
2021-06-11 09:00:00,NSE:TDPOWERSYS,208.85,211.05,207.2,208.65,11948.0
2021-06-11 10:00:00,NSE:TDPOWERSYS,208.65,209.5,204.0,204.55,15665.0
2021-06-11 11:00:00,NSE:TDPOWERSYS,205.0,205.3,204.2,204.95,9890.0
2021-06-11 12:00:00,NSE:TDPOWERSYS,205.35,205.35,203.25,204.75,80737.0
2021-06-11 13:00:00,NSE:TDPOWERSYS,204.75,205.0,203.8,204.7,2177.0
2021-06-11 14:00:00,NSE:TDPOWERSYS,204.75,205.1,204.4,204.95,3662.0
2021-06-11 15:00:00,NSE:TDPOWERSYS,205.0,205.0,202.2,204.0,7922.0
2021-06-14 09:00:00,NSE:TDPOWERSYS,204.05,204.85,201.0,202.4,8067.0
2021-06-14 10:00:00,NSE:TDPOWERSYS,202.2,207.05,202.1,205.1,12025.0
2021-06-14 11:00:00,NSE:TDPOWERSYS,205.45,207.0,203.65,207.0,7055.0
2021-06-14 12:00:00,NSE:TDPOWERSYS,207.0,208.0,204.25,204.25,15987.0
2021-06-14 13:00:00,NSE:TDPOWERSYS,203.9,205.55,203.6,204.15,9634.0
2021-06-14 14:00:00,NSE:TDPOWERSYS,204.6,205.5,204.4,204.9,4505.0
2021-06-14 15:00:00,NSE:TDPOWERSYS,205.5,206.35,203.0,203.0,14162.0
2021-06-15 09:00:00,NSE:TDPOWERSYS,207.0,207.25,203.25,203.7,2875.0
2021-06-15 10:00:00,NSE:TDPOWERSYS,203.5,204.5,201.0,203.05,13437.0
2021-06-15 11:00:00,NSE:TDPOWERSYS,203.05,203.9,202.25,203.7,3741.0
2021-06-15 12:00:00,NSE:TDPOWERSYS,203.6,205.0,203.15,203.9,4644.0
2021-06-15 13:00:00,NSE:TDPOWERSYS,203.5,203.7,202.5,202.6,1996.0
2021-06-15 14:00:00,NSE:TDPOWERSYS,202.5,203.15,202.2,202.9,5241.0
2021-06-15 15:00:00,NSE:TDPOWERSYS,203.0,203.45,202.3,202.55,4498.0
2021-06-16 09:00:00,NSE:TDPOWERSYS,204.0,205.5,201.15,203.0,3642.0
2021-06-16 10:00:00,NSE:TDPOWERSYS,203.4,204.0,201.0,201.5,6395.0
2021-06-16 11:00:00,NSE:TDPOWERSYS,201.8,203.95,201.4,202.45,3918.0
2021-06-16 12:00:00,NSE:TDPOWERSYS,202.0,203.85,201.95,203.1,2735.0
2021-06-16 13:00:00,NSE:TDPOWERSYS,203.6,204.0,203.0,203.35,3792.0
2021-06-16 14:00:00,NSE:TDPOWERSYS,203.4,206.8,203.0,205.3,12805.0
2021-06-16 15:00:00,NSE:TDPOWERSYS,206.05,206.05,202.0,205.8,3412.0
2021-06-17 09:00:00,NSE:TDPOWERSYS,204.9,205.85,202.15,205.0,4236.0
2021-06-17 10:00:00,NSE:TDPOWERSYS,205.3,209.7,205.0,206.45,24441.0
2021-06-17 11:00:00,NSE:TDPOWERSYS,206.9,208.65,205.5,205.5,6941.0
2021-06-17 12:00:00,NSE:TDPOWERSYS,205.55,206.55,205.05,206.45,6932.0
2021-06-17 13:00:00,NSE:TDPOWERSYS,206.8,207.0,205.5,205.5,4932.0
2021-06-17 14:00:00,NSE:TDPOWERSYS,206.0,206.0,202.0,202.85,8807.0
2021-06-17 15:00:00,NSE:TDPOWERSYS,202.85,203.5,202.0,202.0,4216.0
2021-06-18 09:00:00,NSE:TDPOWERSYS,205.0,208.05,201.0,201.05,15363.0
2021-06-18 10:00:00,NSE:TDPOWERSYS,201.0,203.0,195.5,196.55,12358.0
2021-06-18 11:00:00,NSE:TDPOWERSYS,196.55,198.75,194.45,198.4,9017.0
2021-06-18 12:00:00,NSE:TDPOWERSYS,198.45,199.55,197.35,198.75,4941.0
2021-06-18 13:00:00,NSE:TDPOWERSYS,199.05,202.0,198.5,200.8,3263.0
2021-06-18 14:00:00,NSE:TDPOWERSYS,200.0,202.0,198.65,200.15,4724.0
2021-06-18 15:00:00,NSE:TDPOWERSYS,200.5,201.85,198.95,200.3,5924.0
2021-06-21 09:00:00,NSE:TDPOWERSYS,196.3,200.0,196.3,197.65,2941.0
2021-06-21 10:00:00,NSE:TDPOWERSYS,197.5,199.1,197.25,198.95,1773.0
2021-06-21 11:00:00,NSE:TDPOWERSYS,198.95,199.25,198.0,198.0,1729.0
2021-06-21 12:00:00,NSE:TDPOWERSYS,198.3,199.05,196.55,197.05,3647.0
2021-06-21 13:00:00,NSE:TDPOWERSYS,197.05,198.95,196.6,196.8,7822.0
2021-06-21 14:00:00,NSE:TDPOWERSYS,197.0,198.0,196.55,197.4,5179.0
2021-06-21 15:00:00,NSE:TDPOWERSYS,197.4,200.0,195.55,197.5,13450.0
2021-06-22 09:00:00,NSE:TDPOWERSYS,203.0,203.0,194.0,199.2,11294.0
2021-06-22 10:00:00,NSE:TDPOWERSYS,198.95,205.0,198.25,202.65,11489.0
2021-06-22 11:00:00,NSE:TDPOWERSYS,202.9,203.3,198.15,200.0,7546.0
2021-06-22 12:00:00,NSE:TDPOWERSYS,200.05,200.3,198.2,199.0,2639.0
2021-06-22 13:00:00,NSE:TDPOWERSYS,199.55,199.55,198.0,199.4,1868.0
2021-06-22 14:00:00,NSE:TDPOWERSYS,199.3,200.5,198.45,199.6,3627.0
2021-06-22 15:00:00,NSE:TDPOWERSYS,199.05,200.3,198.4,199.0,3353.0
2021-06-23 09:00:00,NSE:TDPOWERSYS,202.3,202.3,198.35,199.05,4768.0
2021-06-23 10:00:00,NSE:TDPOWERSYS,198.75,204.5,194.1,199.1,13947.0
2021-06-23 11:00:00,NSE:TDPOWERSYS,202.0,202.0,198.35,200.0,8443.0
2021-06-23 12:00:00,NSE:TDPOWERSYS,199.5,203.0,199.0,200.0,5156.0
2021-06-23 13:00:00,NSE:TDPOWERSYS,200.0,200.45,199.6,199.65,623.0
2021-06-23 14:00:00,NSE:TDPOWERSYS,198.9,199.5,197.55,197.7,4284.0
2021-06-23 15:00:00,NSE:TDPOWERSYS,197.65,198.65,197.0,197.0,1131.0
2021-06-24 09:00:00,NSE:TDPOWERSYS,200.45,201.0,198.5,199.0,2301.0
2021-06-24 10:00:00,NSE:TDPOWERSYS,199.3,199.3,194.7,195.35,7905.0
2021-06-24 11:00:00,NSE:TDPOWERSYS,195.4,196.5,194.7,195.45,4122.0
2021-06-24 12:00:00,NSE:TDPOWERSYS,196.25,196.25,194.5,194.95,4407.0
2021-06-24 13:00:00,NSE:TDPOWERSYS,194.9,195.7,194.25,195.05,2425.0
2021-06-24 14:00:00,NSE:TDPOWERSYS,195.05,195.7,194.2,195.0,1586.0
2021-06-24 15:00:00,NSE:TDPOWERSYS,195.1,195.1,192.9,193.7,5934.0
2021-06-25 09:00:00,NSE:TDPOWERSYS,194.05,195.5,192.5,192.65,4258.0
2021-06-25 10:00:00,NSE:TDPOWERSYS,192.4,195.9,192.4,195.45,3203.0
2021-06-25 11:00:00,NSE:TDPOWERSYS,195.5,196.5,194.05,195.8,8760.0
2021-06-25 12:00:00,NSE:TDPOWERSYS,195.65,195.9,194.1,195.0,2721.0
2021-06-25 13:00:00,NSE:TDPOWERSYS,194.4,194.85,193.9,194.0,3687.0
2021-06-25 14:00:00,NSE:TDPOWERSYS,194.75,194.75,194.0,194.2,3651.0
2021-06-25 15:00:00,NSE:TDPOWERSYS,194.15,195.0,193.75,195.0,4809.0
2021-06-28 09:00:00,NSE:TDPOWERSYS,194.5,197.45,192.05,194.85,4147.0
2021-06-28 10:00:00,NSE:TDPOWERSYS,194.05,195.0,194.0,194.3,2577.0
2021-06-28 11:00:00,NSE:TDPOWERSYS,194.9,195.0,194.15,194.95,798.0
2021-06-28 12:00:00,NSE:TDPOWERSYS,194.15,194.95,194.0,194.95,1955.0
2021-06-28 13:00:00,NSE:TDPOWERSYS,194.9,195.0,194.45,195.0,8718.0
2021-06-28 14:00:00,NSE:TDPOWERSYS,195.0,195.35,192.0,193.0,5067.0
2021-06-28 15:00:00,NSE:TDPOWERSYS,192.75,193.95,192.0,193.0,4263.0
2021-06-29 09:00:00,NSE:TDPOWERSYS,191.05,196.0,191.05,192.0,10347.0
2021-06-29 10:00:00,NSE:TDPOWERSYS,191.75,191.75,186.45,188.4,34546.0
2021-06-29 11:00:00,NSE:TDPOWERSYS,187.0,190.5,186.5,190.5,15144.0
2021-06-29 12:00:00,NSE:TDPOWERSYS,190.55,191.1,189.55,190.15,7842.0
2021-06-29 13:00:00,NSE:TDPOWERSYS,190.45,191.0,190.0,190.6,1143.0
2021-06-29 14:00:00,NSE:TDPOWERSYS,190.8,190.8,189.05,190.1,4160.0
2021-06-29 15:00:00,NSE:TDPOWERSYS,190.15,190.85,189.0,190.85,10327.0
2021-06-30 09:00:00,NSE:TDPOWERSYS,194.0,194.0,189.95,191.6,4710.0
2021-06-30 10:00:00,NSE:TDPOWERSYS,191.2,192.55,190.35,192.55,3675.0
2021-06-30 11:00:00,NSE:TDPOWERSYS,192.45,192.55,182.15,190.25,21121.0
2021-06-30 12:00:00,NSE:TDPOWERSYS,190.0,192.6,189.15,191.0,17574.0
2021-06-30 13:00:00,NSE:TDPOWERSYS,189.6,191.6,188.35,190.05,14588.0
2021-06-30 14:00:00,NSE:TDPOWERSYS,190.05,190.05,185.15,185.15,24366.0
2021-06-30 15:00:00,NSE:TDPOWERSYS,185.15,188.65,181.6,184.55,58799.0
2021-07-01 09:00:00,NSE:TDPOWERSYS,186.45,188.65,184.0,187.3,12940.0
2021-07-01 10:00:00,NSE:TDPOWERSYS,187.75,187.75,181.5,186.05,8112.0
2021-07-01 11:00:00,NSE:TDPOWERSYS,186.55,187.2,183.75,184.0,4590.0
2021-07-01 12:00:00,NSE:TDPOWERSYS,184.6,187.0,183.0,185.0,11176.0
2021-07-01 13:00:00,NSE:TDPOWERSYS,185.0,185.95,184.45,185.4,4956.0
2021-07-01 14:00:00,NSE:TDPOWERSYS,185.0,185.4,183.25,183.9,6972.0
2021-07-01 15:00:00,NSE:TDPOWERSYS,184.4,185.0,183.9,184.6,6106.0
2021-07-02 09:00:00,NSE:TDPOWERSYS,187.9,187.9,184.5,185.55,5995.0
2021-07-02 10:00:00,NSE:TDPOWERSYS,185.0,186.2,185.0,185.75,1634.0
2021-07-02 11:00:00,NSE:TDPOWERSYS,186.05,187.35,186.0,187.15,2239.0
2021-07-02 12:00:00,NSE:TDPOWERSYS,187.15,190.0,181.1,186.5,22217.0
2021-07-02 13:00:00,NSE:TDPOWERSYS,187.1,187.1,185.95,186.5,1526.0
2021-07-02 14:00:00,NSE:TDPOWERSYS,186.25,187.45,185.1,187.45,4153.0
2021-07-02 15:00:00,NSE:TDPOWERSYS,186.6,188.3,185.9,186.55,5299.0
2021-07-05 09:00:00,NSE:TDPOWERSYS,187.5,189.35,181.0,185.3,22512.0
2021-07-05 10:00:00,NSE:TDPOWERSYS,185.5,189.3,185.5,189.15,6248.0
2021-07-05 11:00:00,NSE:TDPOWERSYS,189.2,199.0,189.0,195.85,30940.0
2021-07-05 12:00:00,NSE:TDPOWERSYS,195.3,198.0,195.0,197.5,9778.0
2021-07-05 13:00:00,NSE:TDPOWERSYS,197.35,198.0,194.0,195.0,11239.0
2021-07-05 14:00:00,NSE:TDPOWERSYS,195.45,195.75,193.9,195.25,3637.0
2021-07-05 15:00:00,NSE:TDPOWERSYS,195.25,196.55,194.0,194.85,12756.0
2021-07-06 09:00:00,NSE:TDPOWERSYS,194.0,199.75,194.0,197.15,14796.0
2021-07-06 10:00:00,NSE:TDPOWERSYS,191.0,197.5,191.0,197.2,9653.0
2021-07-06 11:00:00,NSE:TDPOWERSYS,196.8,200.0,196.8,197.3,12140.0
2021-07-06 12:00:00,NSE:TDPOWERSYS,197.5,198.5,196.15,198.0,4553.0
2021-07-06 13:00:00,NSE:TDPOWERSYS,197.75,198.5,197.1,198.0,4818.0
2021-07-06 14:00:00,NSE:TDPOWERSYS,198.4,199.3,196.05,196.35,13079.0
2021-07-06 15:00:00,NSE:TDPOWERSYS,196.1,196.25,192.15,195.75,7564.0
2021-07-07 09:00:00,NSE:TDPOWERSYS,197.0,200.95,195.15,200.2,17013.0
2021-07-07 10:00:00,NSE:TDPOWERSYS,200.2,204.6,200.0,204.0,39676.0
2021-07-07 11:00:00,NSE:TDPOWERSYS,203.05,209.95,202.9,207.9,75439.0
2021-07-07 12:00:00,NSE:TDPOWERSYS,207.9,211.0,207.5,208.2,41216.0
2021-07-07 13:00:00,NSE:TDPOWERSYS,208.4,214.2,207.55,209.45,114035.0
2021-07-07 14:00:00,NSE:TDPOWERSYS,209.1,212.15,208.05,211.5,34635.0
2021-07-07 15:00:00,NSE:TDPOWERSYS,211.5,215.0,210.55,212.75,57040.0
2021-07-08 09:00:00,NSE:TDPOWERSYS,213.05,214.8,208.5,209.6,45288.0
2021-07-08 10:00:00,NSE:TDPOWERSYS,209.6,212.5,209.4,212.5,21924.0
2021-07-08 11:00:00,NSE:TDPOWERSYS,212.55,212.55,209.5,209.5,12441.0
2021-07-08 12:00:00,NSE:TDPOWERSYS,209.95,210.0,206.5,207.6,11572.0
2021-07-08 13:00:00,NSE:TDPOWERSYS,207.0,208.6,198.4,203.65,150956.0
2021-07-08 14:00:00,NSE:TDPOWERSYS,203.9,205.95,202.35,205.5,10302.0
2021-07-08 15:00:00,NSE:TDPOWERSYS,205.6,205.7,202.8,202.9,14003.0
2021-07-09 09:00:00,NSE:TDPOWERSYS,201.2,206.5,201.1,204.5,16133.0
2021-07-09 10:00:00,NSE:TDPOWERSYS,204.6,206.45,203.45,204.15,5930.0
2021-07-09 11:00:00,NSE:TDPOWERSYS,204.7,205.65,204.5,204.6,3393.0
2021-07-09 12:00:00,NSE:TDPOWERSYS,205.2,206.75,202.45,202.45,8049.0
2021-07-09 13:00:00,NSE:TDPOWERSYS,202.5,204.0,198.5,203.25,34088.0
2021-07-09 14:00:00,NSE:TDPOWERSYS,203.25,204.75,202.05,202.55,5656.0
2021-07-09 15:00:00,NSE:TDPOWERSYS,202.7,204.5,202.0,202.65,5078.0
2021-07-12 09:00:00,NSE:TDPOWERSYS,204.7,205.0,201.55,204.45,12770.0
2021-07-12 10:00:00,NSE:TDPOWERSYS,204.45,204.45,199.1,199.6,28916.0
2021-07-12 11:00:00,NSE:TDPOWERSYS,199.55,200.05,199.5,199.8,5123.0
2021-07-12 12:00:00,NSE:TDPOWERSYS,199.9,200.5,199.2,200.0,12857.0
2021-07-12 13:00:00,NSE:TDPOWERSYS,200.05,200.25,197.25,198.4,19748.0
2021-07-12 14:00:00,NSE:TDPOWERSYS,198.4,200.15,198.3,199.25,29211.0
2021-07-12 15:00:00,NSE:TDPOWERSYS,200.2,201.1,196.0,198.05,21893.0
2021-07-13 09:00:00,NSE:TDPOWERSYS,200.0,201.95,195.1,199.95,11903.0
2021-07-13 10:00:00,NSE:TDPOWERSYS,200.0,200.4,197.55,199.9,18755.0
2021-07-13 11:00:00,NSE:TDPOWERSYS,199.95,200.7,199.15,200.1,41226.0
2021-07-13 12:00:00,NSE:TDPOWERSYS,200.0,215.3,199.65,208.0,304291.0
2021-07-13 13:00:00,NSE:TDPOWERSYS,208.0,208.05,200.5,202.15,68327.0
2021-07-13 14:00:00,NSE:TDPOWERSYS,202.15,204.95,200.0,200.0,68802.0
2021-07-13 15:00:00,NSE:TDPOWERSYS,200.0,200.7,197.8,199.0,26313.0
2021-07-14 09:00:00,NSE:TDPOWERSYS,201.0,204.95,200.0,203.35,16593.0
2021-07-14 10:00:00,NSE:TDPOWERSYS,203.05,204.85,202.25,204.15,6624.0
2021-07-14 11:00:00,NSE:TDPOWERSYS,203.7,203.7,200.7,203.5,7125.0
2021-07-14 12:00:00,NSE:TDPOWERSYS,203.5,209.0,203.5,204.25,37828.0
2021-07-14 13:00:00,NSE:TDPOWERSYS,204.25,209.0,204.25,205.2,24715.0
2021-07-14 14:00:00,NSE:TDPOWERSYS,205.85,206.75,205.5,206.05,13526.0
2021-07-14 15:00:00,NSE:TDPOWERSYS,206.0,208.1,206.0,206.95,16871.0
2021-07-15 09:00:00,NSE:TDPOWERSYS,208.3,210.0,207.0,209.2,20994.0
2021-07-15 10:00:00,NSE:TDPOWERSYS,209.5,210.0,207.35,209.1,15544.0
2021-07-15 11:00:00,NSE:TDPOWERSYS,209.55,209.55,207.0,207.4,8061.0
2021-07-15 12:00:00,NSE:TDPOWERSYS,208.0,208.5,207.35,207.45,2820.0
2021-07-15 13:00:00,NSE:TDPOWERSYS,207.5,213.5,207.45,211.05,43200.0
2021-07-15 14:00:00,NSE:TDPOWERSYS,210.65,211.7,208.25,208.25,16934.0
2021-07-15 15:00:00,NSE:TDPOWERSYS,209.0,209.1,207.55,207.9,7742.0
2021-07-16 09:00:00,NSE:TDPOWERSYS,209.9,213.6,208.05,212.95,28983.0
2021-07-16 10:00:00,NSE:TDPOWERSYS,213.0,213.45,209.95,211.0,12228.0
2021-07-16 11:00:00,NSE:TDPOWERSYS,210.4,219.0,210.4,215.2,118941.0
2021-07-16 12:00:00,NSE:TDPOWERSYS,214.0,216.65,212.25,213.95,54667.0
2021-07-16 13:00:00,NSE:TDPOWERSYS,214.0,214.4,211.0,211.0,17744.0
2021-07-16 14:00:00,NSE:TDPOWERSYS,211.05,213.8,210.35,212.95,30374.0
2021-07-16 15:00:00,NSE:TDPOWERSYS,212.7,212.7,210.4,210.4,11891.0
2021-07-19 09:00:00,NSE:TDPOWERSYS,211.0,211.35,204.4,208.8,15276.0
2021-07-19 10:00:00,NSE:TDPOWERSYS,209.3,209.3,206.1,206.5,14068.0
2021-07-19 11:00:00,NSE:TDPOWERSYS,206.9,206.95,205.3,205.6,11153.0
2021-07-19 12:00:00,NSE:TDPOWERSYS,205.25,206.55,204.0,204.3,13919.0
2021-07-19 13:00:00,NSE:TDPOWERSYS,204.3,204.9,203.5,204.8,3818.0
2021-07-19 14:00:00,NSE:TDPOWERSYS,204.5,204.8,201.4,202.4,20019.0
2021-07-19 15:00:00,NSE:TDPOWERSYS,202.65,204.65,201.9,203.2,16392.0
2021-07-20 09:00:00,NSE:TDPOWERSYS,203.2,204.8,199.0,199.6,11759.0
2021-07-20 10:00:00,NSE:TDPOWERSYS,200.0,200.0,194.65,197.0,21371.0
2021-07-20 11:00:00,NSE:TDPOWERSYS,197.65,197.75,195.65,196.55,11231.0
2021-07-20 12:00:00,NSE:TDPOWERSYS,196.8,199.8,196.55,199.0,6596.0
2021-07-20 13:00:00,NSE:TDPOWERSYS,199.0,201.2,197.9,200.9,12599.0
2021-07-20 14:00:00,NSE:TDPOWERSYS,200.8,200.95,199.0,200.35,3754.0
2021-07-20 15:00:00,NSE:TDPOWERSYS,200.1,200.7,197.0,197.95,4426.0
2021-07-22 09:00:00,NSE:TDPOWERSYS,201.0,202.9,201.0,201.35,4857.0
2021-07-22 10:00:00,NSE:TDPOWERSYS,201.85,202.55,201.65,201.8,3464.0
2021-07-22 11:00:00,NSE:TDPOWERSYS,201.7,202.2,201.4,201.4,1290.0
2021-07-22 12:00:00,NSE:TDPOWERSYS,201.1,202.25,201.05,202.25,1737.0
2021-07-22 13:00:00,NSE:TDPOWERSYS,202.25,202.75,201.2,201.2,6163.0
2021-07-22 14:00:00,NSE:TDPOWERSYS,201.0,201.15,199.1,199.3,7679.0
2021-07-22 15:00:00,NSE:TDPOWERSYS,199.4,200.35,199.0,199.8,4727.0
2021-07-23 09:00:00,NSE:TDPOWERSYS,199.05,201.9,199.05,201.05,7492.0
2021-07-23 10:00:00,NSE:TDPOWERSYS,201.2,205.4,200.8,201.4,15340.0
2021-07-23 11:00:00,NSE:TDPOWERSYS,201.6,203.45,201.55,201.6,5159.0
2021-07-23 12:00:00,NSE:TDPOWERSYS,201.6,204.35,201.6,203.2,3575.0
2021-07-23 13:00:00,NSE:TDPOWERSYS,202.55,202.55,201.25,202.0,3359.0
2021-07-23 14:00:00,NSE:TDPOWERSYS,202.0,202.05,199.35,200.6,2471.0
2021-07-23 15:00:00,NSE:TDPOWERSYS,200.7,203.5,199.35,202.85,4864.0
