datetime,symbol,open,high,low,close,volume
2019-02-04 09:00:00,NSE:XELPMOC,57.0,57.0,57.0,57.0,2004.0
2019-02-04 10:00:00,NSE:XELPMOC,55.15,59.85,55.15,59.85,8029.0
2019-02-04 11:00:00,NSE:XELPMOC,59.85,59.85,59.85,59.85,950.0
2019-02-04 12:00:00,NSE:XELPMOC,59.85,59.85,59.85,59.85,900.0
2019-02-04 13:00:00,NSE:XELPMOC,59.85,59.85,59.85,59.85,50.0
2019-02-04 14:00:00,NSE:XELPMOC,59.85,59.85,59.85,59.85,100.0
2019-02-05 09:00:00,NSE:XELPMOC,62.8,62.8,62.8,62.8,5500.0
2019-02-05 10:00:00,NSE:XELPMOC,62.8,62.8,62.8,62.8,710.0
2019-02-05 11:00:00,NSE:XELPMOC,62.8,62.8,62.8,62.8,400.0
2019-02-05 12:00:00,NSE:XELPMOC,62.8,62.8,62.8,62.8,400.0
2019-02-05 14:00:00,NSE:XELPMOC,62.8,62.8,62.8,62.8,100.0
2019-02-05 15:00:00,NSE:XELPMOC,62.8,62.8,62.8,62.8,400.0
2019-02-06 09:00:00,NSE:XELPMOC,65.9,65.9,63.5,65.9,46972.0
2019-02-06 10:00:00,NSE:XELPMOC,65.9,65.9,65.9,65.9,2950.0
2019-02-06 11:00:00,NSE:XELPMOC,65.9,65.9,65.9,65.9,950.0
2019-02-06 12:00:00,NSE:XELPMOC,65.9,65.9,65.9,65.9,400.0
2019-02-06 13:00:00,NSE:XELPMOC,65.9,65.9,65.9,65.9,851.0
2019-02-06 14:00:00,NSE:XELPMOC,65.9,65.9,65.9,65.9,350.0
2019-02-06 15:00:00,NSE:XELPMOC,65.9,65.9,65.9,65.9,254301.0
2019-02-07 09:00:00,NSE:XELPMOC,66.8,68.9,66.0,68.25,32498.0
2019-02-07 10:00:00,NSE:XELPMOC,68.4,68.9,67.0,68.0,12048.0
2019-02-07 11:00:00,NSE:XELPMOC,68.5,69.1,68.2,69.1,6553.0
2019-02-07 12:00:00,NSE:XELPMOC,68.5,69.0,68.3,68.3,3206.0
2019-02-07 13:00:00,NSE:XELPMOC,68.3,69.15,68.3,69.15,34404.0
2019-02-07 14:00:00,NSE:XELPMOC,69.15,69.15,69.15,69.15,246.0
2019-02-07 15:00:00,NSE:XELPMOC,69.15,69.15,69.15,69.15,600.0
2019-02-08 09:00:00,NSE:XELPMOC,72.6,72.6,71.0,72.6,21325.0
2019-02-08 10:00:00,NSE:XELPMOC,72.6,72.6,72.6,72.6,1580.0
2019-02-08 11:00:00,NSE:XELPMOC,72.6,72.6,72.6,72.6,490.0
2019-02-08 12:00:00,NSE:XELPMOC,72.6,72.6,72.6,72.6,443.0
2019-02-08 13:00:00,NSE:XELPMOC,72.6,72.6,72.6,72.6,530.0
2019-02-08 14:00:00,NSE:XELPMOC,72.6,72.6,72.6,72.6,590.0
2019-02-08 15:00:00,NSE:XELPMOC,72.6,72.6,72.6,72.6,655.0
2019-02-11 09:00:00,NSE:XELPMOC,76.2,76.2,76.2,76.2,3192.0
2019-02-11 10:00:00,NSE:XELPMOC,76.2,76.2,76.2,76.2,351.0
2019-02-11 11:00:00,NSE:XELPMOC,76.2,76.2,76.2,76.2,475.0
2019-02-11 12:00:00,NSE:XELPMOC,76.2,76.2,76.2,76.2,476.0
2019-02-11 13:00:00,NSE:XELPMOC,76.2,76.2,76.2,76.2,800.0
2019-02-11 14:00:00,NSE:XELPMOC,76.2,76.2,76.2,76.2,401.0
2019-02-12 09:00:00,NSE:XELPMOC,80.0,80.0,80.0,80.0,29528.0
2019-02-12 10:00:00,NSE:XELPMOC,80.0,80.0,80.0,80.0,2503.0
2019-02-12 11:00:00,NSE:XELPMOC,80.0,80.0,80.0,80.0,472.0
2019-02-12 12:00:00,NSE:XELPMOC,80.0,80.0,80.0,80.0,330.0
2019-02-12 13:00:00,NSE:XELPMOC,80.0,80.0,80.0,80.0,249.0
2019-02-12 14:00:00,NSE:XELPMOC,80.0,80.0,80.0,80.0,99.0
2019-02-12 15:00:00,NSE:XELPMOC,80.0,80.0,80.0,80.0,5.0
2019-02-13 09:00:00,NSE:XELPMOC,84.0,84.0,84.0,84.0,26458.0
2019-02-13 10:00:00,NSE:XELPMOC,84.0,84.0,84.0,84.0,740.0
2019-02-13 11:00:00,NSE:XELPMOC,84.0,84.0,84.0,84.0,550.0
2019-02-13 12:00:00,NSE:XELPMOC,84.0,84.0,84.0,84.0,1061.0
2019-02-13 13:00:00,NSE:XELPMOC,84.0,84.0,84.0,84.0,200.0
2019-02-13 15:00:00,NSE:XELPMOC,84.0,84.0,84.0,84.0,200.0
2019-02-14 09:00:00,NSE:XELPMOC,88.2,88.2,84.0,88.2,26168.0
2019-02-14 10:00:00,NSE:XELPMOC,88.2,88.2,88.2,88.2,1800.0
2019-02-14 11:00:00,NSE:XELPMOC,88.2,88.2,88.2,88.2,707.0
2019-02-14 12:00:00,NSE:XELPMOC,88.2,88.2,88.2,88.2,565.0
2019-02-14 13:00:00,NSE:XELPMOC,88.2,88.2,88.2,88.2,250.0
2019-02-14 14:00:00,NSE:XELPMOC,88.2,88.2,88.2,88.2,50.0
2019-02-14 15:00:00,NSE:XELPMOC,88.2,88.2,88.2,88.2,1000.0
2019-02-15 09:00:00,NSE:XELPMOC,92.6,92.6,92.6,92.6,4392.0
2019-02-15 10:00:00,NSE:XELPMOC,92.6,92.6,92.6,92.6,1416.0
2019-02-15 11:00:00,NSE:XELPMOC,92.6,92.6,92.6,92.6,975.0
2019-02-15 12:00:00,NSE:XELPMOC,92.6,92.6,92.6,92.6,691.0
2019-02-15 13:00:00,NSE:XELPMOC,92.6,92.6,92.6,92.6,586.0
2019-02-15 14:00:00,NSE:XELPMOC,92.6,92.6,92.6,92.6,504.0
2019-02-15 15:00:00,NSE:XELPMOC,92.6,92.6,92.6,92.6,5.0
2019-02-18 09:00:00,NSE:XELPMOC,101.7,101.7,86.0,86.55,48360.0
2019-02-18 10:00:00,NSE:XELPMOC,86.95,86.95,83.35,83.35,21049.0
2019-02-18 11:00:00,NSE:XELPMOC,83.35,83.35,83.35,83.35,601.0
2019-02-18 12:00:00,NSE:XELPMOC,83.35,83.35,83.35,83.35,816.0
2019-02-18 13:00:00,NSE:XELPMOC,83.35,83.35,83.35,83.35,285.0
2019-02-18 14:00:00,NSE:XELPMOC,83.35,83.35,83.35,83.35,414.0
2019-02-18 15:00:00,NSE:XELPMOC,83.35,83.35,83.35,83.35,216.0
2019-02-19 09:00:00,NSE:XELPMOC,75.45,79.9,75.05,79.4,68178.0
2019-02-19 10:00:00,NSE:XELPMOC,79.0,79.9,75.2,78.0,18016.0
2019-02-19 11:00:00,NSE:XELPMOC,78.6,79.35,78.0,78.25,4526.0
2019-02-19 12:00:00,NSE:XELPMOC,78.25,85.35,78.0,85.3,20021.0
2019-02-19 13:00:00,NSE:XELPMOC,85.2,87.0,84.0,86.6,17291.0
2019-02-19 14:00:00,NSE:XELPMOC,86.6,86.6,76.35,80.95,18698.0
2019-02-19 15:00:00,NSE:XELPMOC,80.0,80.0,75.05,75.95,13036.0
2019-02-20 09:00:00,NSE:XELPMOC,70.0,73.0,69.0,71.45,21636.0
2019-02-20 10:00:00,NSE:XELPMOC,71.4,72.0,69.15,69.8,16712.0
2019-02-20 11:00:00,NSE:XELPMOC,69.8,69.95,68.4,68.4,15177.0
2019-02-20 12:00:00,NSE:XELPMOC,68.4,68.4,68.4,68.4,1024.0
2019-02-20 13:00:00,NSE:XELPMOC,68.4,68.4,68.4,68.4,856.0
2019-02-20 14:00:00,NSE:XELPMOC,68.4,68.4,68.4,68.4,2805.0
2019-02-20 15:00:00,NSE:XELPMOC,68.4,69.5,68.4,68.55,7147.0
2019-02-21 09:00:00,NSE:XELPMOC,68.0,71.0,66.25,69.85,11095.0
2019-02-21 10:00:00,NSE:XELPMOC,69.85,69.95,69.35,69.85,1853.0
2019-02-21 11:00:00,NSE:XELPMOC,69.85,69.95,68.5,68.5,929.0
2019-02-21 12:00:00,NSE:XELPMOC,69.0,69.5,68.5,68.7,790.0
2019-02-21 13:00:00,NSE:XELPMOC,69.95,70.0,68.0,68.75,1504.0
2019-02-21 14:00:00,NSE:XELPMOC,68.75,70.1,68.55,69.9,2738.0
2019-02-21 15:00:00,NSE:XELPMOC,69.9,70.0,66.5,68.7,7217.0
2019-02-22 09:00:00,NSE:XELPMOC,69.8,69.8,67.4,68.95,1737.0
2019-02-22 10:00:00,NSE:XELPMOC,68.95,68.95,67.1,68.0,1215.0
2019-02-22 11:00:00,NSE:XELPMOC,69.0,69.75,67.1,68.6,3936.0
2019-02-22 12:00:00,NSE:XELPMOC,68.6,69.75,66.1,66.5,5389.0
2019-02-22 13:00:00,NSE:XELPMOC,66.75,67.9,66.5,67.05,1813.0
2019-02-22 14:00:00,NSE:XELPMOC,67.0,68.0,67.0,68.0,368.0
2019-02-22 15:00:00,NSE:XELPMOC,68.0,68.0,66.5,66.6,4379.0
2019-02-25 09:00:00,NSE:XELPMOC,66.6,66.6,64.1,65.0,13284.0
2019-02-25 10:00:00,NSE:XELPMOC,65.0,69.9,63.65,69.9,18001.0
2019-02-25 11:00:00,NSE:XELPMOC,69.9,69.9,69.9,69.9,371.0
2019-02-25 12:00:00,NSE:XELPMOC,69.9,69.9,69.9,69.9,5.0
2019-02-25 13:00:00,NSE:XELPMOC,69.9,69.9,69.9,69.9,25.0
2019-02-25 14:00:00,NSE:XELPMOC,69.9,69.9,69.9,69.9,2191.0
2019-02-25 15:00:00,NSE:XELPMOC,69.9,69.9,69.9,69.9,1.0
2019-02-26 09:00:00,NSE:XELPMOC,69.95,73.35,69.9,72.85,11071.0
2019-02-26 10:00:00,NSE:XELPMOC,72.8,72.8,70.3,72.5,2657.0
2019-02-26 11:00:00,NSE:XELPMOC,72.5,73.35,72.5,73.35,4729.0
2019-02-26 12:00:00,NSE:XELPMOC,73.35,73.35,73.35,73.35,218.0
2019-02-26 13:00:00,NSE:XELPMOC,73.35,73.35,73.35,73.35,539.0
2019-02-26 14:00:00,NSE:XELPMOC,73.35,73.35,73.35,73.35,543.0
2019-02-26 15:00:00,NSE:XELPMOC,73.35,73.35,73.35,73.35,338.0
2019-02-27 09:00:00,NSE:XELPMOC,77.0,77.0,75.05,77.0,4980.0
2019-02-27 10:00:00,NSE:XELPMOC,77.0,77.0,77.0,77.0,228.0
2019-02-27 11:00:00,NSE:XELPMOC,77.0,77.0,75.25,77.0,4801.0
2019-02-27 12:00:00,NSE:XELPMOC,77.0,77.0,74.2,74.2,2025.0
2019-02-27 13:00:00,NSE:XELPMOC,75.95,77.0,73.35,76.95,9680.0
2019-02-27 14:00:00,NSE:XELPMOC,75.25,76.95,75.25,76.2,4135.0
2019-02-27 15:00:00,NSE:XELPMOC,76.7,76.7,73.5,75.4,3757.0
2019-02-28 09:00:00,NSE:XELPMOC,76.9,77.95,74.15,76.4,3731.0
2019-02-28 10:00:00,NSE:XELPMOC,74.55,76.4,74.55,75.45,2354.0
2019-02-28 11:00:00,NSE:XELPMOC,75.45,76.45,74.8,75.15,754.0
2019-02-28 12:00:00,NSE:XELPMOC,75.2,75.8,75.1,75.5,709.0
2019-02-28 13:00:00,NSE:XELPMOC,75.1,75.95,74.75,74.75,820.0
2019-02-28 14:00:00,NSE:XELPMOC,74.75,75.95,74.05,74.85,5256.0
2019-02-28 15:00:00,NSE:XELPMOC,74.1,74.5,73.0,73.9,1075.0
2019-03-01 09:00:00,NSE:XELPMOC,73.95,76.5,71.15,73.85,4459.0
2019-03-01 10:00:00,NSE:XELPMOC,73.1,74.4,73.05,73.05,1701.0
2019-03-01 11:00:00,NSE:XELPMOC,73.1,75.0,73.1,74.35,2807.0
2019-03-01 12:00:00,NSE:XELPMOC,73.85,75.35,73.85,75.35,1182.0
2019-03-01 13:00:00,NSE:XELPMOC,75.95,76.3,73.25,75.5,1878.0
2019-03-01 14:00:00,NSE:XELPMOC,73.95,74.1,73.0,74.0,2439.0
2019-03-01 15:00:00,NSE:XELPMOC,74.0,75.35,72.25,73.35,2855.0
2019-03-05 09:00:00,NSE:XELPMOC,70.7,76.0,70.7,75.2,3173.0
2019-03-05 10:00:00,NSE:XELPMOC,75.45,75.9,74.0,74.0,3122.0
2019-03-05 11:00:00,NSE:XELPMOC,74.0,74.85,74.0,74.3,589.0
2019-03-05 12:00:00,NSE:XELPMOC,74.0,74.75,74.0,74.75,607.0
2019-03-05 13:00:00,NSE:XELPMOC,74.7,74.75,74.05,74.05,1021.0
2019-03-05 14:00:00,NSE:XELPMOC,74.25,74.5,74.0,74.1,1091.0
2019-03-05 15:00:00,NSE:XELPMOC,74.15,74.5,71.6,73.7,3529.0
2019-03-06 09:00:00,NSE:XELPMOC,75.85,75.85,72.0,73.9,2151.0
2019-03-06 10:00:00,NSE:XELPMOC,72.1,73.95,72.1,73.6,3388.0
2019-03-06 11:00:00,NSE:XELPMOC,72.5,73.7,72.5,73.65,1307.0
2019-03-06 12:00:00,NSE:XELPMOC,72.6,73.65,72.5,73.45,505.0
2019-03-06 13:00:00,NSE:XELPMOC,72.75,73.35,72.7,73.35,1209.0
2019-03-06 14:00:00,NSE:XELPMOC,73.25,73.25,72.7,73.0,1928.0
2019-03-06 15:00:00,NSE:XELPMOC,73.4,73.65,72.0,72.8,1992.0
2019-03-07 09:00:00,NSE:XELPMOC,73.7,74.0,70.5,72.45,1807.0
2019-03-07 10:00:00,NSE:XELPMOC,72.45,72.45,71.05,71.4,532.0
2019-03-07 11:00:00,NSE:XELPMOC,72.0,73.2,72.0,72.55,865.0
2019-03-07 12:00:00,NSE:XELPMOC,72.05,72.9,70.55,71.8,1533.0
2019-03-07 13:00:00,NSE:XELPMOC,71.95,71.95,70.6,71.0,732.0
2019-03-07 14:00:00,NSE:XELPMOC,70.6,71.65,70.55,70.55,761.0
2019-03-07 15:00:00,NSE:XELPMOC,70.55,71.3,69.5,70.35,2515.0
2019-03-08 09:00:00,NSE:XELPMOC,70.0,71.0,67.55,69.45,672.0
2019-03-08 10:00:00,NSE:XELPMOC,69.0,69.45,68.15,68.3,935.0
2019-03-08 11:00:00,NSE:XELPMOC,69.15,69.15,68.35,68.9,170.0
2019-03-08 12:00:00,NSE:XELPMOC,69.0,69.0,68.4,68.85,1705.0
2019-03-08 13:00:00,NSE:XELPMOC,68.85,68.85,67.35,67.35,451628.0
2019-03-08 14:00:00,NSE:XELPMOC,68.0,68.8,68.0,68.5,3669.0
2019-03-08 15:00:00,NSE:XELPMOC,68.05,68.8,68.05,68.45,1094.0
2019-03-11 09:00:00,NSE:XELPMOC,71.8,71.85,70.0,70.2,5048.0
2019-03-11 10:00:00,NSE:XELPMOC,70.2,71.85,67.5,71.0,310295.0
2019-03-11 11:00:00,NSE:XELPMOC,70.75,71.45,69.0,71.0,4691.0
2019-03-11 12:00:00,NSE:XELPMOC,71.45,71.8,71.25,71.8,4091.0
2019-03-11 13:00:00,NSE:XELPMOC,71.8,71.8,71.6,71.8,3264.0
2019-03-11 14:00:00,NSE:XELPMOC,71.0,71.85,71.0,71.85,1386.0
2019-03-11 15:00:00,NSE:XELPMOC,71.85,71.85,71.4,71.85,493.0
2019-03-12 09:00:00,NSE:XELPMOC,71.55,74.85,71.5,72.0,1157.0
2019-03-12 10:00:00,NSE:XELPMOC,71.5,74.75,71.5,72.5,1255.0
2019-03-12 11:00:00,NSE:XELPMOC,73.1,73.1,72.0,72.75,1437.0
2019-03-12 12:00:00,NSE:XELPMOC,72.8,73.1,71.7,72.3,1434.0
2019-03-12 13:00:00,NSE:XELPMOC,73.0,73.0,71.8,72.0,953.0
2019-03-12 14:00:00,NSE:XELPMOC,72.0,73.0,71.8,72.85,1097.0
2019-03-12 15:00:00,NSE:XELPMOC,71.7,72.5,71.1,72.5,2994.0
2019-03-13 09:00:00,NSE:XELPMOC,70.3,71.15,70.1,71.15,2053.0
2019-03-13 10:00:00,NSE:XELPMOC,69.2,71.2,69.2,70.15,2123.0
2019-03-13 11:00:00,NSE:XELPMOC,70.15,71.4,70.15,70.2,1312.0
2019-03-13 12:00:00,NSE:XELPMOC,71.35,71.35,70.15,71.2,311.0
2019-03-13 13:00:00,NSE:XELPMOC,70.3,70.3,70.25,70.25,100.0
2019-03-13 14:00:00,NSE:XELPMOC,70.2,71.1,70.2,71.05,339.0
2019-03-13 15:00:00,NSE:XELPMOC,70.15,70.8,70.15,70.15,1004.0
2019-03-14 09:00:00,NSE:XELPMOC,67.2,70.0,67.2,69.0,1930.0
2019-03-14 10:00:00,NSE:XELPMOC,69.95,70.0,69.05,69.05,2105.0
2019-03-14 11:00:00,NSE:XELPMOC,69.05,70.0,69.0,69.0,403.0
2019-03-14 12:00:00,NSE:XELPMOC,70.0,72.0,69.05,71.95,1302.0
2019-03-14 13:00:00,NSE:XELPMOC,69.75,69.75,69.75,69.75,1.0
2019-03-14 14:00:00,NSE:XELPMOC,70.9,70.9,69.8,70.5,395.0
2019-03-14 15:00:00,NSE:XELPMOC,70.0,70.0,70.0,70.0,165.0
2019-03-15 09:00:00,NSE:XELPMOC,69.95,70.0,69.25,69.45,1407.0
2019-03-15 10:00:00,NSE:XELPMOC,70.2,70.8,70.0,70.0,5826.0
2019-03-15 11:00:00,NSE:XELPMOC,70.05,70.05,70.0,70.0,481.0
2019-03-15 12:00:00,NSE:XELPMOC,70.05,70.75,70.0,70.0,1254.0
2019-03-15 13:00:00,NSE:XELPMOC,70.05,70.65,70.0,70.0,293.0
2019-03-15 14:00:00,NSE:XELPMOC,70.0,70.1,70.0,70.0,1471.0
2019-03-15 15:00:00,NSE:XELPMOC,70.0,70.1,70.0,70.1,245.0
2019-03-18 09:00:00,NSE:XELPMOC,70.0,71.95,69.2,71.45,401.0
2019-03-18 10:00:00,NSE:XELPMOC,71.0,71.45,71.0,71.45,352.0
2019-03-18 11:00:00,NSE:XELPMOC,71.0,71.0,69.35,70.0,262.0
2019-03-18 12:00:00,NSE:XELPMOC,69.25,69.95,69.2,69.95,497.0
2019-03-18 13:00:00,NSE:XELPMOC,69.95,70.0,69.35,69.5,547.0
2019-03-18 14:00:00,NSE:XELPMOC,70.0,71.0,69.6,69.6,1175.0
2019-03-18 15:00:00,NSE:XELPMOC,70.95,71.5,69.95,69.95,86.0
2019-03-19 09:00:00,NSE:XELPMOC,71.2,71.2,69.2,69.4,1174.0
2019-03-19 10:00:00,NSE:XELPMOC,69.4,69.5,69.4,69.5,28.0
2019-03-19 11:00:00,NSE:XELPMOC,69.5,69.95,69.5,69.95,123.0
2019-03-19 12:00:00,NSE:XELPMOC,69.95,70.0,69.9,70.0,182.0
2019-03-19 13:00:00,NSE:XELPMOC,69.5,69.5,69.5,69.5,349.0
2019-03-19 14:00:00,NSE:XELPMOC,69.5,70.45,69.5,69.5,215.0
2019-03-19 15:00:00,NSE:XELPMOC,70.45,70.45,69.4,70.0,530.0
2019-03-20 09:00:00,NSE:XELPMOC,70.85,70.85,68.5,69.95,231.0
2019-03-20 10:00:00,NSE:XELPMOC,69.95,70.0,68.85,69.95,336.0
2019-03-20 11:00:00,NSE:XELPMOC,68.8,70.0,68.8,70.0,664.0
2019-03-20 12:00:00,NSE:XELPMOC,70.0,70.0,69.1,69.1,274.0
2019-03-20 13:00:00,NSE:XELPMOC,69.05,69.05,69.05,69.05,50.0
2019-03-20 14:00:00,NSE:XELPMOC,69.0,69.0,69.0,69.0,500.0
2019-03-20 15:00:00,NSE:XELPMOC,69.8,69.85,69.1,69.5,170.0
2019-03-22 09:00:00,NSE:XELPMOC,71.0,71.0,68.15,69.45,2556.0
2019-03-22 10:00:00,NSE:XELPMOC,69.45,69.45,69.0,69.4,697.0
2019-03-22 11:00:00,NSE:XELPMOC,69.0,69.45,69.0,69.45,713.0
2019-03-22 12:00:00,NSE:XELPMOC,69.45,69.45,69.1,69.45,667.0
2019-03-22 13:00:00,NSE:XELPMOC,69.45,70.4,69.45,70.4,155.0
2019-03-22 14:00:00,NSE:XELPMOC,70.35,70.35,69.15,69.15,1690.0
2019-03-22 15:00:00,NSE:XELPMOC,69.2,69.85,69.0,69.0,1122.0
2019-03-25 09:00:00,NSE:XELPMOC,69.05,70.45,69.05,70.4,72.0
2019-03-25 10:00:00,NSE:XELPMOC,70.0,70.45,67.6,68.1,429.0
2019-03-25 11:00:00,NSE:XELPMOC,69.0,69.0,69.0,69.0,50.0
2019-03-25 12:00:00,NSE:XELPMOC,70.0,70.35,69.0,69.0,394.0
2019-03-25 13:00:00,NSE:XELPMOC,70.05,70.05,69.0,69.0,118.0
2019-03-25 14:00:00,NSE:XELPMOC,69.0,70.0,66.2,67.9,897.0
2019-03-25 15:00:00,NSE:XELPMOC,67.9,67.9,66.5,67.15,220.0
2019-03-26 09:00:00,NSE:XELPMOC,69.0,69.0,65.95,67.0,2934.0
2019-03-26 10:00:00,NSE:XELPMOC,65.55,66.8,65.55,66.5,2132.0
2019-03-26 11:00:00,NSE:XELPMOC,66.5,66.5,66.45,66.5,592.0
2019-03-26 12:00:00,NSE:XELPMOC,66.5,66.55,66.45,66.55,466.0
2019-03-26 13:00:00,NSE:XELPMOC,66.6,68.8,66.5,68.45,202.0
2019-03-26 14:00:00,NSE:XELPMOC,67.05,67.05,67.05,67.05,1.0
2019-03-26 15:00:00,NSE:XELPMOC,68.4,68.4,66.3,66.5,2055.0
2019-03-27 09:00:00,NSE:XELPMOC,68.0,68.0,65.55,66.5,121.0
2019-03-27 10:00:00,NSE:XELPMOC,66.95,67.0,66.5,66.95,2017.0
2019-03-27 11:00:00,NSE:XELPMOC,66.5,66.95,66.5,66.95,532.0
2019-03-27 12:00:00,NSE:XELPMOC,66.5,67.85,66.5,66.5,831.0
2019-03-27 13:00:00,NSE:XELPMOC,67.75,67.75,66.65,67.0,1315.0
2019-03-27 14:00:00,NSE:XELPMOC,67.05,67.45,66.65,67.45,259.0
2019-03-27 15:00:00,NSE:XELPMOC,67.45,67.45,66.8,66.8,181.0
2019-03-28 09:00:00,NSE:XELPMOC,67.95,67.95,67.85,67.9,11.0
2019-03-28 10:00:00,NSE:XELPMOC,66.85,67.9,66.85,67.85,194.0
2019-03-28 11:00:00,NSE:XELPMOC,67.85,67.9,66.9,66.9,266.0
2019-03-28 12:00:00,NSE:XELPMOC,66.9,66.9,66.9,66.9,80.0
2019-03-28 13:00:00,NSE:XELPMOC,67.85,67.85,67.0,67.0,92.0
2019-03-28 14:00:00,NSE:XELPMOC,67.0,67.8,66.9,67.8,174.0
2019-03-28 15:00:00,NSE:XELPMOC,67.0,67.8,66.95,67.8,934.0
2019-03-29 09:00:00,NSE:XELPMOC,65.1,67.6,65.1,67.6,2510.0
2019-03-29 10:00:00,NSE:XELPMOC,66.55,67.55,66.5,67.5,200.0
2019-03-29 11:00:00,NSE:XELPMOC,67.5,67.5,66.5,66.5,1309.0
2019-03-29 12:00:00,NSE:XELPMOC,66.5,67.4,66.5,66.55,43.0
2019-03-29 13:00:00,NSE:XELPMOC,66.55,66.7,66.5,66.5,33.0
2019-03-29 14:00:00,NSE:XELPMOC,66.5,67.7,66.5,67.7,482.0
2019-03-29 15:00:00,NSE:XELPMOC,66.55,67.5,66.5,67.5,338.0
2019-04-01 09:00:00,NSE:XELPMOC,66.05,68.5,66.05,68.25,89.0
2019-04-01 10:00:00,NSE:XELPMOC,66.55,68.3,66.55,66.75,857.0
2019-04-01 11:00:00,NSE:XELPMOC,66.75,68.5,66.75,68.5,2030.0
2019-04-01 12:00:00,NSE:XELPMOC,68.1,68.5,68.1,68.5,358.0
2019-04-01 13:00:00,NSE:XELPMOC,68.5,69.85,68.5,69.85,1726.0
2019-04-01 14:00:00,NSE:XELPMOC,69.85,69.85,69.85,69.85,1227.0
2019-04-01 15:00:00,NSE:XELPMOC,69.85,69.85,68.65,68.8,1632.0
2019-04-02 09:00:00,NSE:XELPMOC,68.0,70.75,68.0,69.85,1992.0
2019-04-02 10:00:00,NSE:XELPMOC,69.85,71.0,68.75,69.95,2647.0
2019-04-02 11:00:00,NSE:XELPMOC,72.35,73.0,70.0,70.0,1431.0
2019-04-02 12:00:00,NSE:XELPMOC,70.05,71.0,70.05,70.05,314.0
2019-04-02 13:00:00,NSE:XELPMOC,70.05,72.45,70.05,71.95,1344.0
2019-04-02 14:00:00,NSE:XELPMOC,70.2,71.95,70.05,71.5,650.0
2019-04-02 15:00:00,NSE:XELPMOC,70.6,70.75,69.05,70.75,1812.0
2019-04-03 09:00:00,NSE:XELPMOC,70.0,70.0,68.4,69.95,60.0
2019-04-03 10:00:00,NSE:XELPMOC,69.95,69.95,68.35,69.9,170.0
2019-04-03 11:00:00,NSE:XELPMOC,68.25,68.25,68.25,68.25,100.0
2019-04-03 12:00:00,NSE:XELPMOC,68.25,69.65,68.25,69.65,13.0
2019-04-03 13:00:00,NSE:XELPMOC,68.8,68.8,68.75,68.75,133.0
2019-04-03 14:00:00,NSE:XELPMOC,68.25,68.8,68.0,68.8,650.0
2019-04-03 15:00:00,NSE:XELPMOC,68.75,68.8,68.25,68.8,650.0
2019-04-04 09:00:00,NSE:XELPMOC,67.0,70.95,67.0,70.0,142.0
2019-04-04 10:00:00,NSE:XELPMOC,68.0,69.7,68.0,69.7,451.0
2019-04-04 12:00:00,NSE:XELPMOC,68.95,68.95,68.0,68.75,161.0
2019-04-04 13:00:00,NSE:XELPMOC,68.4,68.5,68.4,68.5,106.0
2019-04-04 14:00:00,NSE:XELPMOC,69.4,69.4,68.05,68.05,146.0
2019-04-05 09:00:00,NSE:XELPMOC,67.3,69.6,67.3,69.6,661.0
2019-04-05 10:00:00,NSE:XELPMOC,69.5,69.5,67.6,67.6,393.0
2019-04-05 11:00:00,NSE:XELPMOC,67.6,69.45,67.6,69.45,101.0
2019-04-05 12:00:00,NSE:XELPMOC,69.4,69.4,69.4,69.4,314.0
2019-04-05 13:00:00,NSE:XELPMOC,69.3,72.95,69.0,69.0,1531.0
2019-04-05 14:00:00,NSE:XELPMOC,69.6,69.7,69.0,69.7,61.0
2019-04-05 15:00:00,NSE:XELPMOC,71.0,71.0,69.0,69.0,292.0
2019-04-08 09:00:00,NSE:XELPMOC,69.0,69.0,68.95,69.0,396.0
2019-04-08 10:00:00,NSE:XELPMOC,68.1,69.9,68.1,69.9,183.0
2019-04-08 11:00:00,NSE:XELPMOC,69.0,69.85,68.25,69.5,1101.0
2019-04-08 12:00:00,NSE:XELPMOC,69.85,69.85,69.85,69.85,16.0
2019-04-08 14:00:00,NSE:XELPMOC,68.8,68.9,68.8,68.9,21.0
2019-04-08 15:00:00,NSE:XELPMOC,69.05,69.75,68.5,69.75,750.0
2019-04-09 09:00:00,NSE:XELPMOC,69.0,69.95,66.5,67.5,783.0
2019-04-09 11:00:00,NSE:XELPMOC,69.35,69.35,67.6,68.85,442.0
2019-04-09 12:00:00,NSE:XELPMOC,68.9,68.9,67.8,67.8,285.0
2019-04-09 13:00:00,NSE:XELPMOC,67.6,68.7,67.6,68.7,31.0
2019-04-09 14:00:00,NSE:XELPMOC,68.45,68.45,68.0,68.0,429.0
2019-04-09 15:00:00,NSE:XELPMOC,68.0,68.0,67.6,68.0,211.0
2019-04-10 09:00:00,NSE:XELPMOC,66.05,70.0,66.05,67.55,206.0
2019-04-10 10:00:00,NSE:XELPMOC,70.0,70.0,68.0,69.95,1526.0
2019-04-10 11:00:00,NSE:XELPMOC,68.55,68.55,68.55,68.55,30.0
2019-04-10 12:00:00,NSE:XELPMOC,68.05,68.7,68.0,68.15,42.0
2019-04-10 13:00:00,NSE:XELPMOC,68.75,68.75,68.75,68.75,41.0
2019-04-10 14:00:00,NSE:XELPMOC,68.95,68.95,68.0,68.0,221.0
2019-04-10 15:00:00,NSE:XELPMOC,68.6,68.6,68.0,68.0,164.0
2019-04-11 09:00:00,NSE:XELPMOC,67.25,70.0,67.25,67.6,83.0
2019-04-11 10:00:00,NSE:XELPMOC,68.05,69.95,67.6,67.6,401.0
2019-04-11 11:00:00,NSE:XELPMOC,69.65,69.65,68.0,68.05,37.0
2019-04-11 12:00:00,NSE:XELPMOC,68.95,69.0,68.95,69.0,77.0
2019-04-11 13:00:00,NSE:XELPMOC,69.0,69.0,67.75,67.8,304.0
2019-04-11 14:00:00,NSE:XELPMOC,67.9,67.9,67.5,67.5,156.0
2019-04-11 15:00:00,NSE:XELPMOC,67.25,67.95,67.25,67.95,69.0
2019-04-12 09:00:00,NSE:XELPMOC,67.0,70.0,67.0,69.0,861.0
2019-04-12 10:00:00,NSE:XELPMOC,69.0,69.4,69.0,69.0,559.0
2019-04-12 11:00:00,NSE:XELPMOC,69.9,69.9,69.0,69.6,425.0
2019-04-12 12:00:00,NSE:XELPMOC,69.9,69.9,67.5,68.0,294.0
2019-04-12 13:00:00,NSE:XELPMOC,68.0,68.0,68.0,68.0,25.0
2019-04-12 14:00:00,NSE:XELPMOC,68.0,69.7,68.0,69.5,365.0
2019-04-12 15:00:00,NSE:XELPMOC,69.5,71.5,69.5,71.5,3123.0
2019-04-15 09:00:00,NSE:XELPMOC,70.5,72.5,70.5,72.5,1121.0
2019-04-15 10:00:00,NSE:XELPMOC,72.5,74.5,71.05,73.0,2881.0
2019-04-15 11:00:00,NSE:XELPMOC,71.15,73.0,71.15,72.0,2188.0
2019-04-15 12:00:00,NSE:XELPMOC,73.0,74.0,72.0,73.95,3007.0
2019-04-15 13:00:00,NSE:XELPMOC,73.05,75.5,73.05,73.5,3209.0
2019-04-15 14:00:00,NSE:XELPMOC,75.0,75.0,73.65,74.1,572.0
2019-04-15 15:00:00,NSE:XELPMOC,74.4,75.95,74.4,75.3,3815.0
2019-04-16 09:00:00,NSE:XELPMOC,77.8,77.8,72.7,73.65,486.0
2019-04-16 10:00:00,NSE:XELPMOC,74.05,74.05,73.5,73.5,941.0
2019-04-16 11:00:00,NSE:XELPMOC,74.0,74.0,73.75,74.0,2337.0
2019-04-16 12:00:00,NSE:XELPMOC,74.0,74.0,73.7,73.7,1480.0
2019-04-16 13:00:00,NSE:XELPMOC,73.7,76.95,73.7,74.5,1628.0
2019-04-16 14:00:00,NSE:XELPMOC,73.75,74.5,73.75,74.5,982.0
2019-04-16 15:00:00,NSE:XELPMOC,74.45,74.45,73.7,73.75,1759.0
2019-04-18 09:00:00,NSE:XELPMOC,74.45,74.45,72.0,72.0,525.0
2019-04-18 10:00:00,NSE:XELPMOC,72.0,74.35,72.0,74.35,91.0
2019-04-18 11:00:00,NSE:XELPMOC,74.25,74.3,74.25,74.3,15.0
2019-04-18 12:00:00,NSE:XELPMOC,74.3,74.35,72.1,73.0,512.0
2019-04-18 14:00:00,NSE:XELPMOC,73.0,73.0,73.0,73.0,489.0
2019-04-18 15:00:00,NSE:XELPMOC,74.0,74.0,73.1,73.1,567.0
2019-04-22 09:00:00,NSE:XELPMOC,72.5,72.55,71.1,71.1,1723.0
2019-04-22 10:00:00,NSE:XELPMOC,72.5,72.5,72.5,72.5,4.0
2019-04-22 12:00:00,NSE:XELPMOC,71.5,72.5,71.5,71.8,550.0
2019-04-22 13:00:00,NSE:XELPMOC,72.3,72.3,71.85,71.9,240.0
2019-04-22 14:00:00,NSE:XELPMOC,72.05,72.5,71.6,72.1,797.0
2019-04-22 15:00:00,NSE:XELPMOC,71.7,73.9,71.6,73.9,1166.0
2019-04-23 09:00:00,NSE:XELPMOC,74.0,74.0,71.0,73.45,120.0
2019-04-23 10:00:00,NSE:XELPMOC,72.5,72.5,71.25,71.25,214.0
2019-04-23 12:00:00,NSE:XELPMOC,73.3,73.3,73.25,73.25,35.0
2019-04-23 13:00:00,NSE:XELPMOC,73.3,73.3,73.0,73.0,146.0
2019-04-23 14:00:00,NSE:XELPMOC,72.6,73.3,72.05,73.25,135.0
2019-04-23 15:00:00,NSE:XELPMOC,73.25,73.7,72.55,73.7,1510.0
2019-04-24 09:00:00,NSE:XELPMOC,71.0,71.0,70.95,71.0,519.0
2019-04-24 10:00:00,NSE:XELPMOC,72.05,72.1,72.05,72.05,52.0
2019-04-24 11:00:00,NSE:XELPMOC,71.1,72.05,71.0,72.05,265.0
2019-04-24 13:00:00,NSE:XELPMOC,71.55,71.55,71.5,71.5,900.0
2019-04-24 14:00:00,NSE:XELPMOC,72.0,72.1,72.0,72.05,193.0
2019-04-24 15:00:00,NSE:XELPMOC,72.1,73.5,72.0,73.0,181.0
2019-04-25 09:00:00,NSE:XELPMOC,74.0,74.0,72.05,72.05,298.0
2019-04-25 10:00:00,NSE:XELPMOC,72.05,72.05,72.05,72.05,100.0
2019-04-25 12:00:00,NSE:XELPMOC,72.05,72.05,72.05,72.05,77.0
2019-04-25 13:00:00,NSE:XELPMOC,71.4,73.0,71.4,73.0,1090.0
2019-04-25 14:00:00,NSE:XELPMOC,71.45,71.45,71.4,71.4,20.0
2019-04-25 15:00:00,NSE:XELPMOC,72.95,73.0,72.95,73.0,30.0
2019-04-26 09:00:00,NSE:XELPMOC,75.7,75.7,68.55,73.9,33.0
2019-04-26 10:00:00,NSE:XELPMOC,70.1,73.5,70.1,73.5,12.0
2019-04-26 11:00:00,NSE:XELPMOC,73.0,73.0,70.6,70.6,8.0
2019-04-26 12:00:00,NSE:XELPMOC,73.0,73.0,73.0,73.0,50.0
2019-04-26 13:00:00,NSE:XELPMOC,69.15,69.25,69.15,69.25,1175.0
2019-04-26 14:00:00,NSE:XELPMOC,69.6,71.95,69.6,71.9,201.0
2019-04-26 15:00:00,NSE:XELPMOC,70.95,71.0,70.95,71.0,120.0
2019-04-30 09:00:00,NSE:XELPMOC,70.85,74.95,66.8,73.75,399.0
2019-04-30 10:00:00,NSE:XELPMOC,69.0,70.95,68.35,69.0,1205.0
2019-04-30 11:00:00,NSE:XELPMOC,71.8,71.8,71.75,71.75,418.0
2019-04-30 12:00:00,NSE:XELPMOC,71.0,71.0,69.15,70.9,12.0
2019-04-30 13:00:00,NSE:XELPMOC,69.15,69.15,69.15,69.15,1.0
2019-04-30 14:00:00,NSE:XELPMOC,69.3,69.3,68.3,68.3,348.0
2019-04-30 15:00:00,NSE:XELPMOC,68.3,70.9,68.3,70.9,350.0
2019-05-02 09:00:00,NSE:XELPMOC,67.15,71.0,67.15,70.2,270.0
2019-05-02 10:00:00,NSE:XELPMOC,68.25,70.85,68.25,70.85,572.0
2019-05-02 11:00:00,NSE:XELPMOC,70.8,70.8,70.25,70.25,9.0
2019-05-02 12:00:00,NSE:XELPMOC,69.3,70.15,68.75,70.15,1639.0
2019-05-02 13:00:00,NSE:XELPMOC,70.0,70.5,69.0,70.5,656.0
2019-05-02 14:00:00,NSE:XELPMOC,70.45,70.5,69.75,70.5,314.0
2019-05-02 15:00:00,NSE:XELPMOC,70.85,70.95,68.75,70.95,672.0
2019-05-03 09:00:00,NSE:XELPMOC,70.95,70.95,70.95,70.95,160.0
2019-05-03 10:00:00,NSE:XELPMOC,68.6,73.0,68.6,70.9,878.0
2019-05-03 11:00:00,NSE:XELPMOC,70.9,70.9,70.9,70.9,25.0
2019-05-03 14:00:00,NSE:XELPMOC,70.85,70.85,70.85,70.85,1.0
2019-05-03 15:00:00,NSE:XELPMOC,69.75,70.0,69.75,70.0,61.0
2019-05-06 09:00:00,NSE:XELPMOC,72.75,72.75,72.75,72.75,100.0
2019-05-06 10:00:00,NSE:XELPMOC,71.45,71.9,68.95,71.9,126.0
2019-05-06 11:00:00,NSE:XELPMOC,69.1,71.85,69.1,71.85,100.0
2019-05-06 12:00:00,NSE:XELPMOC,70.95,71.0,70.95,71.0,9.0
2019-05-06 14:00:00,NSE:XELPMOC,69.15,70.0,69.15,70.0,144.0
2019-05-06 15:00:00,NSE:XELPMOC,70.65,70.75,70.6,70.75,194.0
2019-05-07 09:00:00,NSE:XELPMOC,74.3,74.45,67.3,72.45,308.0
2019-05-07 10:00:00,NSE:XELPMOC,72.45,72.45,69.65,70.1,77.0
2019-05-07 11:00:00,NSE:XELPMOC,70.5,70.5,70.25,70.3,315.0
2019-05-07 12:00:00,NSE:XELPMOC,71.5,71.5,69.9,69.9,112.0
2019-05-07 13:00:00,NSE:XELPMOC,70.3,71.45,69.95,71.45,425.0
2019-05-07 14:00:00,NSE:XELPMOC,69.9,71.35,68.0,71.35,1562.0
2019-05-07 15:00:00,NSE:XELPMOC,67.0,70.5,67.0,67.7,1652.0
2019-05-08 09:00:00,NSE:XELPMOC,71.45,71.45,68.05,69.2,288.0
2019-05-08 10:00:00,NSE:XELPMOC,70.95,70.95,70.05,70.05,522.0
2019-05-08 11:00:00,NSE:XELPMOC,70.05,70.1,68.35,68.45,295.0
2019-05-08 12:00:00,NSE:XELPMOC,68.75,70.0,68.7,68.7,116.0
2019-05-08 13:00:00,NSE:XELPMOC,70.0,70.0,69.8,69.8,154.0
2019-05-08 14:00:00,NSE:XELPMOC,69.95,69.95,69.95,69.95,145.0
2019-05-08 15:00:00,NSE:XELPMOC,68.0,69.8,66.3,68.0,405.0
2019-05-09 09:00:00,NSE:XELPMOC,67.0,69.4,66.05,69.4,1589.0
2019-05-09 10:00:00,NSE:XELPMOC,67.95,68.4,66.5,68.4,712.0
2019-05-09 11:00:00,NSE:XELPMOC,68.3,68.3,68.3,68.3,33.0
2019-05-09 12:00:00,NSE:XELPMOC,68.0,68.0,66.65,67.0,51.0
2019-05-09 13:00:00,NSE:XELPMOC,67.0,67.5,66.6,66.6,308.0
2019-05-09 14:00:00,NSE:XELPMOC,66.6,68.25,66.5,68.0,810.0
2019-05-09 15:00:00,NSE:XELPMOC,66.65,67.85,66.65,67.85,56.0
2019-05-10 09:00:00,NSE:XELPMOC,67.5,69.55,66.75,67.05,888.0
2019-05-10 10:00:00,NSE:XELPMOC,69.75,69.75,67.1,68.6,307.0
2019-05-10 11:00:00,NSE:XELPMOC,69.25,69.25,67.05,67.05,310.0
2019-05-10 12:00:00,NSE:XELPMOC,69.0,69.0,66.2,66.2,701.0
2019-05-10 13:00:00,NSE:XELPMOC,66.25,68.6,66.25,68.6,257.0
2019-05-10 14:00:00,NSE:XELPMOC,67.9,67.95,67.9,67.9,255.0
2019-05-10 15:00:00,NSE:XELPMOC,67.05,67.05,67.05,67.05,251.0
2019-05-13 09:00:00,NSE:XELPMOC,68.0,69.7,67.35,69.0,612.0
2019-05-13 10:00:00,NSE:XELPMOC,67.1,67.1,67.1,67.1,10.0
2019-05-13 11:00:00,NSE:XELPMOC,67.95,67.95,67.1,67.95,18.0
2019-05-13 12:00:00,NSE:XELPMOC,68.8,68.8,68.8,68.8,90.0
2019-05-13 13:00:00,NSE:XELPMOC,66.5,66.5,66.5,66.5,200.0
2019-05-13 14:00:00,NSE:XELPMOC,68.8,68.8,66.8,66.8,3000.0
2019-05-13 15:00:00,NSE:XELPMOC,68.65,68.65,66.6,66.6,660.0
2019-05-14 09:00:00,NSE:XELPMOC,66.0,68.45,66.0,66.55,2548.0
2019-05-14 10:00:00,NSE:XELPMOC,67.95,68.7,67.0,67.0,1064.0
2019-05-14 11:00:00,NSE:XELPMOC,66.3,66.3,66.3,66.3,201.0
2019-05-14 13:00:00,NSE:XELPMOC,68.5,68.5,67.0,67.35,280.0
2019-05-14 14:00:00,NSE:XELPMOC,67.05,67.05,66.35,66.35,471.0
2019-05-14 15:00:00,NSE:XELPMOC,66.5,67.5,66.5,67.5,64.0
2019-05-15 09:00:00,NSE:XELPMOC,68.45,68.55,66.75,67.0,582.0
2019-05-15 11:00:00,NSE:XELPMOC,67.0,68.45,66.8,68.45,206.0
2019-05-15 13:00:00,NSE:XELPMOC,66.5,67.7,66.25,67.7,260.0
2019-05-15 14:00:00,NSE:XELPMOC,66.55,66.55,66.55,66.55,10.0
2019-05-15 15:00:00,NSE:XELPMOC,67.35,67.35,67.35,67.35,50.0
2019-05-16 09:00:00,NSE:XELPMOC,66.35,67.85,66.35,67.85,907.0
2019-05-16 10:00:00,NSE:XELPMOC,66.35,66.35,66.35,66.35,100.0
2019-05-16 11:00:00,NSE:XELPMOC,66.3,67.75,66.3,67.65,249.0
2019-05-16 14:00:00,NSE:XELPMOC,68.95,68.95,66.3,68.8,904.0
2019-05-16 15:00:00,NSE:XELPMOC,66.05,66.05,66.05,66.05,101.0
2019-05-17 09:00:00,NSE:XELPMOC,68.6,68.6,66.4,68.0,575.0
2019-05-17 10:00:00,NSE:XELPMOC,66.05,66.05,66.05,66.05,1025.0
2019-05-17 13:00:00,NSE:XELPMOC,66.1,66.1,66.1,66.1,270.0
2019-05-17 14:00:00,NSE:XELPMOC,67.0,67.0,67.0,67.0,10.0
2019-05-17 15:00:00,NSE:XELPMOC,66.5,66.55,66.5,66.55,87.0
2019-05-20 09:00:00,NSE:XELPMOC,72.55,72.55,66.75,68.0,360.0
2019-05-20 10:00:00,NSE:XELPMOC,68.55,70.0,68.5,69.45,319.0
2019-05-20 12:00:00,NSE:XELPMOC,69.5,69.5,68.0,68.0,235.0
2019-05-20 13:00:00,NSE:XELPMOC,68.0,68.05,68.0,68.05,30.0
2019-05-20 15:00:00,NSE:XELPMOC,68.85,68.85,68.05,68.05,120.0
2019-05-21 09:00:00,NSE:XELPMOC,68.0,71.3,66.05,69.1,474.0
2019-05-21 10:00:00,NSE:XELPMOC,66.75,69.2,66.75,68.85,726.0
2019-05-21 11:00:00,NSE:XELPMOC,68.85,69.7,68.8,69.45,653.0
2019-05-21 12:00:00,NSE:XELPMOC,67.4,68.45,67.4,68.45,520.0
2019-05-21 13:00:00,NSE:XELPMOC,67.45,68.5,67.05,67.05,403.0
2019-05-21 14:00:00,NSE:XELPMOC,69.2,69.2,69.2,69.2,1040.0
2019-05-21 15:00:00,NSE:XELPMOC,69.2,69.45,69.2,69.45,471.0
2019-05-22 09:00:00,NSE:XELPMOC,70.7,70.9,69.25,70.8,659.0
2019-05-22 10:00:00,NSE:XELPMOC,70.3,71.15,70.05,70.05,952.0
2019-05-22 12:00:00,NSE:XELPMOC,70.05,70.05,70.05,70.05,325.0
2019-05-22 13:00:00,NSE:XELPMOC,71.15,71.15,70.05,70.05,1985.0
2019-05-22 14:00:00,NSE:XELPMOC,71.15,71.5,70.05,70.05,705.0
2019-05-22 15:00:00,NSE:XELPMOC,70.05,70.05,70.05,70.05,130.0
2019-05-23 09:00:00,NSE:XELPMOC,71.45,71.9,66.95,69.05,2831.0
2019-05-23 10:00:00,NSE:XELPMOC,67.0,71.0,67.0,70.0,612.0
2019-05-23 11:00:00,NSE:XELPMOC,68.0,70.0,68.0,68.0,395.0
2019-05-23 12:00:00,NSE:XELPMOC,69.8,69.8,69.8,69.8,5.0
2019-05-23 13:00:00,NSE:XELPMOC,68.1,68.1,68.1,68.1,194.0
2019-05-23 14:00:00,NSE:XELPMOC,69.95,69.95,69.95,69.95,1.0
2019-05-23 15:00:00,NSE:XELPMOC,68.1,68.95,68.1,68.1,131.0
2019-05-24 09:00:00,NSE:XELPMOC,71.0,74.95,69.4,72.0,1850.0
2019-05-24 10:00:00,NSE:XELPMOC,74.4,74.4,70.2,72.7,1975.0
2019-05-24 11:00:00,NSE:XELPMOC,71.5,73.0,71.5,72.9,485.0
2019-05-24 12:00:00,NSE:XELPMOC,71.5,73.0,71.5,72.95,450.0
2019-05-24 13:00:00,NSE:XELPMOC,72.05,72.75,72.05,72.75,55.0
2019-05-24 14:00:00,NSE:XELPMOC,72.75,72.75,72.75,72.75,299.0
2019-05-24 15:00:00,NSE:XELPMOC,71.55,72.75,71.55,72.75,123.0
2019-05-27 09:00:00,NSE:XELPMOC,67.75,72.75,67.75,70.75,924.0
2019-05-27 10:00:00,NSE:XELPMOC,70.0,70.0,68.5,69.95,294.0
2019-05-27 11:00:00,NSE:XELPMOC,69.95,69.95,69.0,69.9,175.0
2019-05-27 12:00:00,NSE:XELPMOC,69.9,70.7,69.9,70.7,700.0
2019-05-27 13:00:00,NSE:XELPMOC,70.65,70.65,69.05,69.1,257.0
2019-05-27 14:00:00,NSE:XELPMOC,68.5,68.8,68.5,68.8,2547.0
2019-05-27 15:00:00,NSE:XELPMOC,70.0,70.7,69.0,70.0,956.0
2019-05-28 10:00:00,NSE:XELPMOC,69.0,71.75,68.95,69.7,426.0
2019-05-28 12:00:00,NSE:XELPMOC,69.5,70.0,69.5,70.0,36.0
2019-05-28 13:00:00,NSE:XELPMOC,70.0,70.0,68.5,68.5,680.0
2019-05-28 15:00:00,NSE:XELPMOC,68.75,68.75,68.75,68.75,102.0
2019-05-29 10:00:00,NSE:XELPMOC,69.2,71.5,69.2,70.8,410.0
2019-05-29 11:00:00,NSE:XELPMOC,69.75,70.95,69.3,69.55,1753.0
2019-05-29 12:00:00,NSE:XELPMOC,70.5,70.6,69.0,69.0,887.0
2019-05-29 13:00:00,NSE:XELPMOC,69.0,71.8,68.75,68.8,1133.0
2019-05-29 14:00:00,NSE:XELPMOC,68.8,70.75,68.8,69.0,628.0
2019-05-29 15:00:00,NSE:XELPMOC,69.0,69.0,68.8,69.0,223.0
2019-05-30 09:00:00,NSE:XELPMOC,68.1,68.1,68.0,68.0,1940.0
2019-05-30 10:00:00,NSE:XELPMOC,68.0,68.0,68.0,68.0,50.0
2019-05-30 11:00:00,NSE:XELPMOC,68.0,68.0,68.0,68.0,165.0
2019-05-30 12:00:00,NSE:XELPMOC,68.0,69.0,67.1,69.0,356.0
2019-05-30 15:00:00,NSE:XELPMOC,67.5,70.0,67.5,70.0,1358.0
2019-05-31 10:00:00,NSE:XELPMOC,69.0,69.9,67.7,69.6,245.0
2019-05-31 11:00:00,NSE:XELPMOC,68.4,69.65,67.5,69.25,461.0
2019-05-31 13:00:00,NSE:XELPMOC,67.55,67.55,67.55,67.55,100.0
2019-05-31 14:00:00,NSE:XELPMOC,67.5,68.95,67.5,68.85,403.0
2019-05-31 15:00:00,NSE:XELPMOC,68.8,68.8,68.8,68.8,3.0
2019-06-03 09:00:00,NSE:XELPMOC,69.85,69.9,69.3,69.3,1175.0
2019-06-03 11:00:00,NSE:XELPMOC,69.3,69.3,69.3,69.3,175.0
2019-06-03 12:00:00,NSE:XELPMOC,68.2,68.2,68.2,68.2,50.0
2019-06-03 14:00:00,NSE:XELPMOC,69.3,69.3,68.1,69.0,871.0
2019-06-03 15:00:00,NSE:XELPMOC,68.1,68.1,68.1,68.1,280.0
2019-06-04 09:00:00,NSE:XELPMOC,70.3,70.3,66.3,69.85,262.0
2019-06-04 12:00:00,NSE:XELPMOC,67.2,67.2,67.2,67.2,320.0
2019-06-04 13:00:00,NSE:XELPMOC,67.35,67.35,67.35,67.35,10.0
2019-06-04 14:00:00,NSE:XELPMOC,70.3,70.3,67.75,69.45,1531.0
2019-06-04 15:00:00,NSE:XELPMOC,69.3,69.3,69.3,69.3,33.0
2019-06-06 09:00:00,NSE:XELPMOC,69.3,69.3,66.3,66.3,212.0
2019-06-06 10:00:00,NSE:XELPMOC,69.55,69.55,69.55,69.55,25.0
2019-06-06 13:00:00,NSE:XELPMOC,67.25,67.25,67.25,67.25,1.0
2019-06-06 14:00:00,NSE:XELPMOC,67.25,68.45,66.35,67.65,4762.0
2019-06-06 15:00:00,NSE:XELPMOC,67.65,67.65,67.05,67.05,44.0
2019-06-07 09:00:00,NSE:XELPMOC,66.05,68.9,66.05,66.05,242.0
2019-06-07 10:00:00,NSE:XELPMOC,68.55,68.55,67.0,67.0,12.0
2019-06-07 11:00:00,NSE:XELPMOC,68.5,68.5,68.5,68.5,5.0
2019-06-07 12:00:00,NSE:XELPMOC,68.4,68.4,67.3,67.3,220.0
2019-06-07 13:00:00,NSE:XELPMOC,67.0,67.0,66.5,66.5,782.0
2019-06-07 14:00:00,NSE:XELPMOC,67.15,67.85,67.15,67.85,191.0
2019-06-07 15:00:00,NSE:XELPMOC,67.2,68.8,66.8,68.8,2616.0
2019-06-10 09:00:00,NSE:XELPMOC,68.8,68.8,68.8,68.8,14.0
2019-06-10 11:00:00,NSE:XELPMOC,68.85,68.85,67.8,67.8,6.0
2019-06-10 12:00:00,NSE:XELPMOC,66.15,67.45,66.0,66.0,718.0
2019-06-10 13:00:00,NSE:XELPMOC,66.1,67.55,64.8,66.1,221.0
2019-06-10 14:00:00,NSE:XELPMOC,66.9,67.8,66.15,67.8,160.0
2019-06-10 15:00:00,NSE:XELPMOC,67.75,67.9,67.75,67.9,383.0
2019-06-11 10:00:00,NSE:XELPMOC,67.9,67.9,66.75,66.75,528.0
2019-06-11 12:00:00,NSE:XELPMOC,67.9,68.25,66.8,67.1,1078.0
2019-06-11 14:00:00,NSE:XELPMOC,67.25,67.25,67.25,67.25,5.0
2019-06-12 09:00:00,NSE:XELPMOC,69.25,69.25,66.55,67.5,432.0
2019-06-12 11:00:00,NSE:XELPMOC,67.9,67.9,67.25,67.25,175.0
2019-06-12 12:00:00,NSE:XELPMOC,67.45,67.45,67.4,67.4,200.0
2019-06-12 13:00:00,NSE:XELPMOC,67.75,67.85,67.45,67.45,325.0
2019-06-12 14:00:00,NSE:XELPMOC,67.45,67.45,67.45,67.45,2000.0
2019-06-12 15:00:00,NSE:XELPMOC,67.45,67.45,67.4,67.4,944.0
2019-06-13 09:00:00,NSE:XELPMOC,69.45,72.0,65.55,69.7,1034.0
2019-06-13 10:00:00,NSE:XELPMOC,69.35,69.35,68.45,69.0,54.0
2019-06-13 11:00:00,NSE:XELPMOC,68.45,68.5,68.45,68.5,66.0
2019-06-13 13:00:00,NSE:XELPMOC,68.5,68.5,68.5,68.5,6.0
2019-06-13 14:00:00,NSE:XELPMOC,68.5,68.5,68.5,68.5,2.0
2019-06-13 15:00:00,NSE:XELPMOC,68.45,68.45,67.65,67.65,163.0
2019-06-14 09:00:00,NSE:XELPMOC,67.8,67.8,66.05,66.05,104.0
2019-06-14 10:00:00,NSE:XELPMOC,68.8,68.8,68.8,68.8,1.0
2019-06-14 11:00:00,NSE:XELPMOC,68.8,68.8,67.25,67.25,150.0
2019-06-14 12:00:00,NSE:XELPMOC,68.75,68.75,67.3,67.3,93.0
2019-06-14 13:00:00,NSE:XELPMOC,66.05,66.1,66.05,66.1,301.0
2019-06-14 15:00:00,NSE:XELPMOC,67.25,67.95,67.0,67.05,2211.0
2019-06-17 09:00:00,NSE:XELPMOC,65.05,65.05,65.05,65.05,100.0
2019-06-17 10:00:00,NSE:XELPMOC,65.1,67.05,65.1,65.5,760.0
2019-06-17 11:00:00,NSE:XELPMOC,65.5,65.5,65.5,65.5,300.0
2019-06-17 12:00:00,NSE:XELPMOC,67.5,67.5,67.5,67.5,200.0
2019-06-17 13:00:00,NSE:XELPMOC,66.05,66.05,66.05,66.05,1.0
2019-06-17 14:00:00,NSE:XELPMOC,66.05,67.45,66.05,67.45,35.0
2019-06-18 09:00:00,NSE:XELPMOC,69.0,69.0,65.2,65.2,34.0
2019-06-18 10:00:00,NSE:XELPMOC,66.3,66.3,66.3,66.3,2.0
2019-06-18 11:00:00,NSE:XELPMOC,66.05,67.9,66.05,67.0,144.0
2019-06-18 13:00:00,NSE:XELPMOC,66.5,66.5,66.5,66.5,100.0
2019-06-18 14:00:00,NSE:XELPMOC,66.1,66.45,66.1,66.45,277.0
2019-06-18 15:00:00,NSE:XELPMOC,66.45,66.5,66.1,66.5,63.0
2019-06-19 09:00:00,NSE:XELPMOC,66.2,66.2,66.2,66.2,1.0
2019-06-19 10:00:00,NSE:XELPMOC,66.3,66.5,65.0,66.45,520.0
2019-06-19 11:00:00,NSE:XELPMOC,65.05,65.05,65.05,65.05,1.0
2019-06-19 12:00:00,NSE:XELPMOC,66.45,66.45,66.45,66.45,38.0
2019-06-19 14:00:00,NSE:XELPMOC,65.5,66.25,65.0,66.0,658.0
2019-06-19 15:00:00,NSE:XELPMOC,66.2,66.25,65.35,66.2,614.0
2019-06-20 09:00:00,NSE:XELPMOC,64.0,65.0,63.0,64.95,423.0
2019-06-20 10:00:00,NSE:XELPMOC,60.0,65.0,60.0,63.7,1766.0
2019-06-20 11:00:00,NSE:XELPMOC,62.1,62.1,62.0,62.0,1704.0
2019-06-20 12:00:00,NSE:XELPMOC,60.0,61.45,58.0,58.0,5337.0
2019-06-20 13:00:00,NSE:XELPMOC,58.0,60.0,55.0,59.0,3309.0
2019-06-20 14:00:00,NSE:XELPMOC,59.0,62.5,59.0,60.0,571.0
2019-06-20 15:00:00,NSE:XELPMOC,60.0,62.5,60.0,62.35,205.0
2019-06-21 09:00:00,NSE:XELPMOC,61.0,65.35,61.0,64.0,165.0
2019-06-21 10:00:00,NSE:XELPMOC,64.0,65.0,64.0,65.0,227.0
2019-06-21 11:00:00,NSE:XELPMOC,64.95,64.95,64.95,64.95,11.0
2019-06-21 13:00:00,NSE:XELPMOC,64.7,64.7,64.7,64.7,100.0
2019-06-21 14:00:00,NSE:XELPMOC,64.55,64.55,62.0,62.0,202.0
2019-06-21 15:00:00,NSE:XELPMOC,64.0,64.65,62.0,62.0,5592.0
2019-06-24 09:00:00,NSE:XELPMOC,67.8,67.8,63.4,63.4,77.0
2019-06-24 10:00:00,NSE:XELPMOC,64.85,64.85,64.85,64.85,5.0
2019-06-24 11:00:00,NSE:XELPMOC,63.65,64.85,60.1,64.85,551.0
2019-06-24 12:00:00,NSE:XELPMOC,60.1,64.85,60.1,64.4,1016.0
2019-06-24 13:00:00,NSE:XELPMOC,63.95,63.95,63.95,63.95,30.0
2019-06-24 14:00:00,NSE:XELPMOC,63.9,63.9,60.1,60.1,427.0
2019-06-24 15:00:00,NSE:XELPMOC,60.1,62.0,60.1,60.2,108.0
2019-06-25 09:00:00,NSE:XELPMOC,61.0,61.0,61.0,61.0,3.0
2019-06-25 10:00:00,NSE:XELPMOC,61.0,63.4,59.95,63.2,952.0
2019-06-25 11:00:00,NSE:XELPMOC,63.2,67.95,62.15,65.0,432.0
2019-06-25 13:00:00,NSE:XELPMOC,65.0,65.0,65.0,65.0,85.0
2019-06-25 14:00:00,NSE:XELPMOC,64.1,64.1,64.1,64.1,1.0
2019-06-25 15:00:00,NSE:XELPMOC,66.45,66.45,64.05,64.05,159.0
2019-06-26 09:00:00,NSE:XELPMOC,61.0,66.9,61.0,66.25,220.0
2019-06-26 10:00:00,NSE:XELPMOC,63.0,63.0,63.0,63.0,2.0
2019-06-26 11:00:00,NSE:XELPMOC,65.0,65.0,63.1,63.1,36.0
2019-06-26 13:00:00,NSE:XELPMOC,64.95,64.95,64.95,64.95,1.0
2019-06-26 15:00:00,NSE:XELPMOC,65.0,65.0,64.95,64.95,376.0
2019-06-27 09:00:00,NSE:XELPMOC,60.4,64.95,60.4,63.6,263.0
2019-06-27 10:00:00,NSE:XELPMOC,64.0,64.2,61.2,61.2,744.0
2019-06-27 12:00:00,NSE:XELPMOC,64.2,65.0,64.15,65.0,452.0
2019-06-27 13:00:00,NSE:XELPMOC,65.0,65.0,64.95,64.95,285.0
2019-06-27 14:00:00,NSE:XELPMOC,65.0,65.2,61.7,65.0,3870.0
2019-06-27 15:00:00,NSE:XELPMOC,62.05,65.0,62.05,65.0,22.0
2019-06-28 09:00:00,NSE:XELPMOC,69.35,69.35,63.0,63.05,177.0
2019-06-28 10:00:00,NSE:XELPMOC,63.25,63.25,63.25,63.25,50.0
2019-06-28 11:00:00,NSE:XELPMOC,63.25,63.25,63.25,63.25,400.0
2019-06-28 12:00:00,NSE:XELPMOC,65.4,65.5,65.35,65.5,481.0
2019-06-28 14:00:00,NSE:XELPMOC,65.4,65.4,63.4,63.4,170.0
2019-06-28 15:00:00,NSE:XELPMOC,64.95,65.4,63.4,65.4,218.0
2019-07-01 09:00:00,NSE:XELPMOC,67.0,67.0,66.95,66.95,2.0
2019-07-01 10:00:00,NSE:XELPMOC,66.45,66.95,66.35,66.95,609.0
2019-07-01 11:00:00,NSE:XELPMOC,67.5,67.85,64.8,66.65,777.0
2019-07-01 12:00:00,NSE:XELPMOC,67.4,67.45,65.75,66.0,47.0
2019-07-01 14:00:00,NSE:XELPMOC,66.4,67.0,66.4,67.0,80.0
2019-07-01 15:00:00,NSE:XELPMOC,67.0,68.8,66.5,68.3,1623.0
2019-07-02 09:00:00,NSE:XELPMOC,67.5,67.5,66.5,66.5,76.0
2019-07-02 11:00:00,NSE:XELPMOC,67.0,68.35,67.0,67.45,744.0
2019-07-02 12:00:00,NSE:XELPMOC,67.45,67.5,65.7,67.5,287.0
2019-07-02 14:00:00,NSE:XELPMOC,67.45,67.5,67.45,67.45,1479.0
2019-07-02 15:00:00,NSE:XELPMOC,67.45,67.45,67.45,67.45,5.0
2019-07-03 11:00:00,NSE:XELPMOC,68.5,68.5,65.1,66.0,173.0
2019-07-03 12:00:00,NSE:XELPMOC,66.0,66.0,66.0,66.0,70.0
2019-07-03 13:00:00,NSE:XELPMOC,66.0,66.0,66.0,66.0,80.0
2019-07-03 15:00:00,NSE:XELPMOC,66.35,67.55,65.1,65.1,46.0
2019-07-04 14:00:00,NSE:XELPMOC,67.0,68.45,67.0,67.0,690.0
2019-07-04 15:00:00,NSE:XELPMOC,66.65,67.0,64.85,67.0,80.0
2019-07-05 09:00:00,NSE:XELPMOC,67.0,67.05,63.4,67.05,63.0
2019-07-05 10:00:00,NSE:XELPMOC,64.0,67.0,64.0,67.0,13.0
2019-07-05 12:00:00,NSE:XELPMOC,64.05,66.35,64.05,66.35,230.0
2019-07-05 13:00:00,NSE:XELPMOC,66.05,66.25,64.2,66.25,293.0
2019-07-05 14:00:00,NSE:XELPMOC,63.05,63.05,63.05,63.05,956.0
2019-07-05 15:00:00,NSE:XELPMOC,63.1,63.1,63.05,63.05,143.0
2019-07-08 09:00:00,NSE:XELPMOC,66.0,66.0,64.95,64.95,117.0
2019-07-08 10:00:00,NSE:XELPMOC,64.95,64.95,60.15,60.15,182.0
2019-07-08 11:00:00,NSE:XELPMOC,63.95,65.0,63.0,64.9,1303.0
2019-07-08 12:00:00,NSE:XELPMOC,64.9,65.0,64.45,65.0,716.0
2019-07-08 13:00:00,NSE:XELPMOC,65.0,65.0,63.25,64.9,551.0
2019-07-08 14:00:00,NSE:XELPMOC,64.9,65.0,62.1,65.0,427.0
2019-07-08 15:00:00,NSE:XELPMOC,65.0,67.05,65.0,67.05,839.0
2019-07-09 10:00:00,NSE:XELPMOC,64.95,65.0,62.05,62.05,246.0
2019-07-09 11:00:00,NSE:XELPMOC,64.9,65.0,62.2,64.05,974.0
2019-07-09 12:00:00,NSE:XELPMOC,64.7,65.0,63.95,65.0,1913.0
2019-07-09 13:00:00,NSE:XELPMOC,65.0,65.0,65.0,65.0,373.0
2019-07-09 14:00:00,NSE:XELPMOC,65.15,66.75,65.0,66.7,702.0
2019-07-09 15:00:00,NSE:XELPMOC,66.8,66.9,66.8,66.9,20.0
2019-07-10 09:00:00,NSE:XELPMOC,63.0,67.0,63.0,65.85,874.0
2019-07-10 10:00:00,NSE:XELPMOC,66.6,66.95,64.0,65.0,1146.0
2019-07-10 11:00:00,NSE:XELPMOC,64.05,65.0,64.0,65.0,1101.0
2019-07-10 12:00:00,NSE:XELPMOC,65.0,66.85,64.2,65.0,1136.0
2019-07-10 13:00:00,NSE:XELPMOC,65.0,65.0,64.1,65.0,1105.0
2019-07-10 14:00:00,NSE:XELPMOC,65.0,65.0,65.0,65.0,1102.0
2019-07-10 15:00:00,NSE:XELPMOC,65.0,65.0,65.0,65.0,514.0
2019-07-11 09:00:00,NSE:XELPMOC,63.25,66.95,63.25,66.95,419.0
2019-07-11 10:00:00,NSE:XELPMOC,63.35,63.45,63.35,63.45,300.0
2019-07-11 12:00:00,NSE:XELPMOC,65.2,65.2,63.0,63.0,631.0
2019-07-11 13:00:00,NSE:XELPMOC,62.6,62.6,62.6,62.6,1.0
2019-07-11 14:00:00,NSE:XELPMOC,62.7,62.7,62.7,62.7,20.0
2019-07-11 15:00:00,NSE:XELPMOC,63.0,64.4,62.7,62.7,823.0
2019-07-12 09:00:00,NSE:XELPMOC,64.8,64.8,64.6,64.65,115.0
2019-07-12 10:00:00,NSE:XELPMOC,64.6,64.6,61.5,61.5,250.0
2019-07-12 11:00:00,NSE:XELPMOC,63.85,63.85,63.85,63.85,10.0
2019-07-12 14:00:00,NSE:XELPMOC,63.8,63.8,63.8,63.8,5.0
2019-07-12 15:00:00,NSE:XELPMOC,61.9,61.9,61.9,61.9,3.0
2019-07-15 09:00:00,NSE:XELPMOC,61.9,61.9,60.0,60.05,729.0
2019-07-15 10:00:00,NSE:XELPMOC,63.4,63.4,63.0,63.0,168.0
2019-07-15 11:00:00,NSE:XELPMOC,61.25,61.25,61.25,61.25,100.0
2019-07-15 12:00:00,NSE:XELPMOC,62.95,63.0,62.95,63.0,103.0
2019-07-15 15:00:00,NSE:XELPMOC,61.55,63.3,61.0,62.95,358.0
2019-07-16 09:00:00,NSE:XELPMOC,61.05,65.55,60.3,62.0,766.0
2019-07-16 10:00:00,NSE:XELPMOC,62.0,65.0,60.35,65.0,1111.0
2019-07-16 11:00:00,NSE:XELPMOC,64.95,65.0,64.95,65.0,11.0
2019-07-16 12:00:00,NSE:XELPMOC,63.35,63.35,63.35,63.35,1.0
2019-07-16 15:00:00,NSE:XELPMOC,64.05,67.5,62.1,63.2,617.0
2019-07-17 09:00:00,NSE:XELPMOC,63.8,63.8,63.8,63.8,15.0
2019-07-17 10:00:00,NSE:XELPMOC,62.05,62.05,62.05,62.05,200.0
2019-07-17 11:00:00,NSE:XELPMOC,63.3,63.35,62.15,62.15,58.0
2019-07-17 12:00:00,NSE:XELPMOC,63.6,63.6,63.6,63.6,10.0
2019-07-17 14:00:00,NSE:XELPMOC,62.55,62.55,62.55,62.55,2.0
2019-07-17 15:00:00,NSE:XELPMOC,62.5,62.5,62.25,62.25,90.0
2019-07-18 09:00:00,NSE:XELPMOC,62.0,62.4,62.0,62.35,4.0
2019-07-18 10:00:00,NSE:XELPMOC,62.35,62.35,62.35,62.35,1.0
2019-07-18 11:00:00,NSE:XELPMOC,62.2,63.35,61.45,62.0,193.0
2019-07-18 12:00:00,NSE:XELPMOC,62.0,62.95,61.1,62.5,63.0
2019-07-18 13:00:00,NSE:XELPMOC,62.5,62.5,62.5,62.5,50.0
2019-07-18 14:00:00,NSE:XELPMOC,60.1,62.95,60.1,61.0,333.0
2019-07-18 15:00:00,NSE:XELPMOC,60.4,62.95,60.4,62.95,97.0
2019-07-19 09:00:00,NSE:XELPMOC,60.15,63.3,60.15,60.6,356.0
2019-07-19 10:00:00,NSE:XELPMOC,60.65,60.65,60.0,60.65,1520.0
2019-07-19 12:00:00,NSE:XELPMOC,62.6,62.6,60.55,60.55,21.0
2019-07-19 14:00:00,NSE:XELPMOC,62.4,62.95,60.55,62.95,29.0
2019-07-19 15:00:00,NSE:XELPMOC,60.6,60.7,60.6,60.7,15.0
2019-07-22 09:00:00,NSE:XELPMOC,60.3,60.3,60.3,60.3,50.0
2019-07-22 10:00:00,NSE:XELPMOC,60.3,60.5,60.3,60.3,84.0
2019-07-22 11:00:00,NSE:XELPMOC,63.0,63.3,60.05,60.05,322.0
2019-07-22 12:00:00,NSE:XELPMOC,60.6,62.5,60.05,60.05,313.0
2019-07-22 14:00:00,NSE:XELPMOC,62.45,62.45,62.45,62.45,7.0
2019-07-22 15:00:00,NSE:XELPMOC,60.05,62.45,60.05,62.45,23.0
2019-07-23 09:00:00,NSE:XELPMOC,60.0,60.0,60.0,60.0,1.0
2019-07-23 11:00:00,NSE:XELPMOC,60.1,61.75,60.1,60.5,968.0
2019-07-23 12:00:00,NSE:XELPMOC,61.9,61.9,61.9,61.9,1.0
2019-07-23 13:00:00,NSE:XELPMOC,61.8,61.8,60.05,60.05,251.0
2019-07-23 14:00:00,NSE:XELPMOC,60.3,61.35,60.0,60.0,329.0
2019-07-23 15:00:00,NSE:XELPMOC,60.1,60.1,60.05,60.05,60.0
2019-07-24 09:00:00,NSE:XELPMOC,63.8,63.8,60.0,60.0,614.0
2019-07-24 10:00:00,NSE:XELPMOC,60.0,61.0,58.0,58.3,1369.0
2019-07-24 11:00:00,NSE:XELPMOC,58.3,60.9,58.3,60.85,1382.0
2019-07-24 12:00:00,NSE:XELPMOC,59.65,60.85,58.6,59.1,1242.0
2019-07-24 13:00:00,NSE:XELPMOC,59.1,60.85,59.1,59.2,1308.0
2019-07-24 14:00:00,NSE:XELPMOC,59.2,61.95,59.2,59.85,1444.0
2019-07-24 15:00:00,NSE:XELPMOC,59.85,61.95,59.85,61.75,509.0
2019-07-25 09:00:00,NSE:XELPMOC,61.7,61.7,61.7,61.7,6.0
2019-07-25 10:00:00,NSE:XELPMOC,61.5,61.5,61.5,61.5,1.0
2019-07-25 12:00:00,NSE:XELPMOC,61.7,61.7,60.05,61.45,492.0
2019-07-25 13:00:00,NSE:XELPMOC,61.45,61.65,60.15,60.35,1156.0
2019-07-25 14:00:00,NSE:XELPMOC,60.6,60.6,60.0,60.0,289.0
2019-07-25 15:00:00,NSE:XELPMOC,58.3,61.45,58.3,58.4,249.0
2019-07-26 10:00:00,NSE:XELPMOC,58.55,58.55,58.1,58.1,125.0
2019-07-26 11:00:00,NSE:XELPMOC,58.4,60.3,58.15,58.15,980.0
2019-07-26 12:00:00,NSE:XELPMOC,58.15,58.15,58.15,58.15,3.0
2019-07-26 13:00:00,NSE:XELPMOC,60.45,60.45,60.45,60.45,7.0
2019-07-26 15:00:00,NSE:XELPMOC,59.95,59.95,59.95,59.95,10.0
2019-07-29 09:00:00,NSE:XELPMOC,62.5,62.5,58.0,58.0,25.0
2019-07-29 10:00:00,NSE:XELPMOC,61.95,61.95,58.0,59.0,807.0
2019-07-29 11:00:00,NSE:XELPMOC,59.0,59.0,58.0,58.0,1107.0
2019-07-29 13:00:00,NSE:XELPMOC,58.0,58.0,57.2,57.2,124.0
2019-07-29 14:00:00,NSE:XELPMOC,58.5,59.5,58.5,59.5,34.0
2019-07-29 15:00:00,NSE:XELPMOC,57.25,58.0,57.2,57.2,265.0
2019-07-30 09:00:00,NSE:XELPMOC,60.8,60.8,56.15,57.95,608.0
2019-07-30 10:00:00,NSE:XELPMOC,58.0,58.0,56.1,57.9,639.0
2019-07-30 11:00:00,NSE:XELPMOC,57.95,57.95,56.1,57.7,595.0
2019-07-30 12:00:00,NSE:XELPMOC,57.7,57.75,56.05,57.15,753.0
2019-07-30 13:00:00,NSE:XELPMOC,57.2,57.75,56.05,56.7,641.0
2019-07-30 14:00:00,NSE:XELPMOC,56.75,56.75,54.25,55.95,2032.0
2019-07-30 15:00:00,NSE:XELPMOC,55.95,56.0,54.5,55.1,396.0
2019-07-31 09:00:00,NSE:XELPMOC,57.0,57.85,57.0,57.85,205.0
2019-07-31 10:00:00,NSE:XELPMOC,57.85,60.0,56.3,59.8,1751.0
2019-07-31 11:00:00,NSE:XELPMOC,59.55,60.95,57.35,60.0,1056.0
2019-07-31 12:00:00,NSE:XELPMOC,60.0,60.05,59.0,60.05,151.0
2019-07-31 13:00:00,NSE:XELPMOC,60.1,60.5,60.0,60.0,704.0
2019-07-31 14:00:00,NSE:XELPMOC,61.0,62.0,60.05,60.05,565.0
2019-07-31 15:00:00,NSE:XELPMOC,60.05,62.0,60.05,60.1,278.0
2019-08-01 10:00:00,NSE:XELPMOC,60.1,60.1,60.1,60.1,1.0
2019-08-01 11:00:00,NSE:XELPMOC,61.95,61.95,59.0,61.9,248.0
2019-08-01 12:00:00,NSE:XELPMOC,61.65,61.65,57.3,57.3,471.0
2019-08-01 13:00:00,NSE:XELPMOC,60.8,61.45,57.0,57.0,179.0
2019-08-01 14:00:00,NSE:XELPMOC,57.0,57.0,57.0,57.0,179.0
2019-08-01 15:00:00,NSE:XELPMOC,57.0,59.6,56.1,57.0,580.0
2019-08-02 09:00:00,NSE:XELPMOC,54.0,61.45,54.0,59.8,75.0
2019-08-02 11:00:00,NSE:XELPMOC,59.75,60.0,59.1,59.3,167.0
2019-08-02 12:00:00,NSE:XELPMOC,62.4,62.45,60.0,60.0,608.0
2019-08-02 14:00:00,NSE:XELPMOC,63.0,63.0,60.25,60.45,772.0
2019-08-02 15:00:00,NSE:XELPMOC,63.0,66.2,61.05,66.2,529.0
2019-08-05 09:00:00,NSE:XELPMOC,57.4,61.95,57.4,60.0,318.0
2019-08-05 10:00:00,NSE:XELPMOC,66.2,66.2,59.6,65.0,1127.0
2019-08-05 11:00:00,NSE:XELPMOC,62.5,65.0,60.15,64.5,858.0
2019-08-05 12:00:00,NSE:XELPMOC,64.4,64.5,64.4,64.5,3.0
2019-08-05 14:00:00,NSE:XELPMOC,65.0,66.45,60.3,64.75,1401.0
2019-08-05 15:00:00,NSE:XELPMOC,64.75,65.95,61.3,65.95,226.0
2019-08-06 09:00:00,NSE:XELPMOC,63.95,64.0,63.0,64.0,220.0
2019-08-06 10:00:00,NSE:XELPMOC,63.0,63.0,63.0,63.0,49.0
2019-08-06 11:00:00,NSE:XELPMOC,64.0,69.0,63.1,65.0,1082.0
2019-08-06 12:00:00,NSE:XELPMOC,65.05,65.05,65.05,65.05,10.0
2019-08-06 13:00:00,NSE:XELPMOC,68.0,68.0,63.5,63.5,100.0
2019-08-06 14:00:00,NSE:XELPMOC,67.45,67.45,67.45,67.45,2.0
2019-08-06 15:00:00,NSE:XELPMOC,68.0,69.0,68.0,69.0,2051.0
2019-08-07 09:00:00,NSE:XELPMOC,69.0,69.0,64.95,65.0,131.0
2019-08-07 10:00:00,NSE:XELPMOC,65.0,65.0,65.0,65.0,158.0
2019-08-07 11:00:00,NSE:XELPMOC,61.5,68.7,61.5,66.95,402.0
2019-08-07 12:00:00,NSE:XELPMOC,61.5,63.0,61.5,62.0,646.0
2019-08-07 13:00:00,NSE:XELPMOC,64.4,64.4,64.4,64.4,10.0
2019-08-07 14:00:00,NSE:XELPMOC,63.9,63.9,61.55,61.55,136.0
2019-08-07 15:00:00,NSE:XELPMOC,63.95,64.0,63.95,63.95,272.0
2019-08-08 09:00:00,NSE:XELPMOC,68.55,69.0,60.5,62.1,214.0
2019-08-08 10:00:00,NSE:XELPMOC,67.4,67.45,67.4,67.45,500.0
2019-08-08 11:00:00,NSE:XELPMOC,68.0,68.0,67.9,67.9,49.0
2019-08-08 12:00:00,NSE:XELPMOC,63.45,63.5,63.45,63.5,160.0
2019-08-08 13:00:00,NSE:XELPMOC,66.9,67.75,64.6,64.6,2121.0
2019-08-08 14:00:00,NSE:XELPMOC,67.4,67.4,64.6,64.6,440.0
2019-08-08 15:00:00,NSE:XELPMOC,66.0,67.9,66.0,67.9,282.0
2019-08-09 09:00:00,NSE:XELPMOC,69.0,69.0,63.1,63.1,238.0
2019-08-09 10:00:00,NSE:XELPMOC,63.3,63.8,63.25,63.3,357.0
2019-08-09 11:00:00,NSE:XELPMOC,63.3,64.85,63.1,63.1,785.0
2019-08-09 12:00:00,NSE:XELPMOC,63.1,65.0,62.1,63.75,1516.0
2019-08-09 13:00:00,NSE:XELPMOC,62.2,63.95,62.1,62.1,1168.0
2019-08-09 14:00:00,NSE:XELPMOC,62.1,64.0,61.5,61.55,1360.0
2019-08-09 15:00:00,NSE:XELPMOC,61.6,63.35,61.55,62.5,756.0
2019-08-13 09:00:00,NSE:XELPMOC,59.5,65.0,55.0,60.0,3970.0
2019-08-13 10:00:00,NSE:XELPMOC,65.95,65.95,61.05,61.05,101.0
2019-08-13 11:00:00,NSE:XELPMOC,62.35,64.85,62.35,64.85,55.0
2019-08-13 12:00:00,NSE:XELPMOC,63.05,63.05,63.0,63.0,125.0
2019-08-13 13:00:00,NSE:XELPMOC,64.8,64.8,64.8,64.8,1.0
2019-08-13 14:00:00,NSE:XELPMOC,61.0,61.0,61.0,61.0,600.0
2019-08-13 15:00:00,NSE:XELPMOC,63.9,63.9,61.05,61.05,87.0
2019-08-14 09:00:00,NSE:XELPMOC,64.0,64.0,58.15,63.9,183.0
2019-08-14 10:00:00,NSE:XELPMOC,63.8,64.1,60.1,62.75,448.0
2019-08-14 11:00:00,NSE:XELPMOC,59.45,62.65,59.45,62.65,220.0
2019-08-14 12:00:00,NSE:XELPMOC,62.65,62.65,62.65,62.65,1.0
2019-08-14 15:00:00,NSE:XELPMOC,62.7,62.95,62.7,62.95,200.0
2019-08-16 09:00:00,NSE:XELPMOC,62.55,62.55,59.75,60.3,73.0
2019-08-16 10:00:00,NSE:XELPMOC,60.25,60.25,60.1,60.1,126.0
2019-08-16 11:00:00,NSE:XELPMOC,63.0,63.0,62.0,62.0,116.0
2019-08-16 12:00:00,NSE:XELPMOC,62.6,62.6,62.05,62.05,48.0
2019-08-16 14:00:00,NSE:XELPMOC,62.05,62.05,62.05,62.05,13.0
2019-08-16 15:00:00,NSE:XELPMOC,64.4,64.4,62.05,64.0,73.0
2019-08-19 10:00:00,NSE:XELPMOC,62.0,62.0,60.3,60.3,87.0
2019-08-19 12:00:00,NSE:XELPMOC,62.45,62.45,62.45,62.45,2.0
2019-08-19 14:00:00,NSE:XELPMOC,60.9,62.95,60.9,62.4,172.0
2019-08-19 15:00:00,NSE:XELPMOC,62.5,62.5,62.5,62.5,10.0
2019-08-20 09:00:00,NSE:XELPMOC,63.0,63.0,59.2,61.8,192.0
2019-08-20 10:00:00,NSE:XELPMOC,61.8,63.0,60.1,62.45,195.0
2019-08-20 11:00:00,NSE:XELPMOC,60.2,60.2,60.2,60.2,7.0
2019-08-20 12:00:00,NSE:XELPMOC,60.25,63.2,60.25,61.65,599.0
2019-08-20 13:00:00,NSE:XELPMOC,61.6,62.85,61.6,62.85,20.0
2019-08-20 14:00:00,NSE:XELPMOC,63.05,63.95,63.0,63.95,146.0
2019-08-20 15:00:00,NSE:XELPMOC,63.05,63.95,63.05,63.95,34.0
2019-08-21 09:00:00,NSE:XELPMOC,65.85,65.85,61.8,61.8,62.0
2019-08-21 10:00:00,NSE:XELPMOC,61.8,64.5,60.5,61.1,1788.0
2019-08-21 13:00:00,NSE:XELPMOC,63.6,63.6,63.6,63.6,10.0
2019-08-21 14:00:00,NSE:XELPMOC,63.5,63.5,63.5,63.5,1.0
2019-08-21 15:00:00,NSE:XELPMOC,61.0,63.5,61.0,63.5,25.0
2019-08-22 09:00:00,NSE:XELPMOC,64.0,64.0,60.1,60.25,4.0
2019-08-22 10:00:00,NSE:XELPMOC,64.0,64.0,60.35,61.0,62579.0
2019-08-22 11:00:00,NSE:XELPMOC,60.3,63.8,60.3,63.8,16.0
2019-08-22 12:00:00,NSE:XELPMOC,60.55,62.0,60.55,62.0,82.0
2019-08-22 13:00:00,NSE:XELPMOC,60.35,60.35,60.35,60.35,290.0
2019-08-22 14:00:00,NSE:XELPMOC,62.5,62.5,62.4,62.4,288.0
2019-08-22 15:00:00,NSE:XELPMOC,60.5,63.5,60.5,63.5,540.0
2019-08-23 09:00:00,NSE:XELPMOC,63.7,63.7,58.0,62.75,11363.0
2019-08-23 10:00:00,NSE:XELPMOC,62.85,63.3,60.85,61.15,564.0
2019-08-23 11:00:00,NSE:XELPMOC,61.15,61.5,60.15,61.5,377.0
2019-08-23 12:00:00,NSE:XELPMOC,61.45,62.0,60.0,60.0,508.0
2019-08-23 13:00:00,NSE:XELPMOC,59.9,59.9,58.5,58.6,356.0
2019-08-23 14:00:00,NSE:XELPMOC,60.95,60.95,58.65,58.65,678.0
2019-08-23 15:00:00,NSE:XELPMOC,58.65,58.65,58.65,58.65,213.0
2019-08-26 09:00:00,NSE:XELPMOC,65.35,65.35,59.3,60.9,188.0
2019-08-26 10:00:00,NSE:XELPMOC,62.8,62.8,60.5,62.5,13.0
2019-08-26 11:00:00,NSE:XELPMOC,59.05,59.05,59.05,59.05,22.0
2019-08-26 13:00:00,NSE:XELPMOC,60.2,60.2,60.2,60.2,34.0
2019-08-26 14:00:00,NSE:XELPMOC,59.1,60.95,59.1,60.95,87.0
2019-08-26 15:00:00,NSE:XELPMOC,61.95,61.95,59.15,59.15,7.0
2019-08-27 09:00:00,NSE:XELPMOC,62.6,62.6,59.15,59.15,2.0
2019-08-27 10:00:00,NSE:XELPMOC,62.5,62.5,60.6,62.5,268.0
2019-08-27 11:00:00,NSE:XELPMOC,62.0,62.0,61.0,61.0,76.0
2019-08-27 12:00:00,NSE:XELPMOC,61.0,61.0,60.95,61.0,640.0
2019-08-27 13:00:00,NSE:XELPMOC,61.0,61.0,60.0,61.0,103.0
2019-08-27 14:00:00,NSE:XELPMOC,61.0,61.0,60.0,60.0,89.0
2019-08-27 15:00:00,NSE:XELPMOC,59.0,60.0,58.0,59.5,1549.0
2019-08-28 09:00:00,NSE:XELPMOC,63.4,63.4,58.95,59.0,153.0
2019-08-28 10:00:00,NSE:XELPMOC,61.7,61.7,59.0,59.0,526.0
2019-08-28 11:00:00,NSE:XELPMOC,59.3,60.3,58.75,59.75,418.0
2019-08-28 12:00:00,NSE:XELPMOC,59.8,59.8,59.8,59.8,1.0
2019-08-28 14:00:00,NSE:XELPMOC,59.9,59.9,59.7,59.7,263.0
2019-08-28 15:00:00,NSE:XELPMOC,59.05,59.05,59.05,59.05,138.0
2019-08-29 09:00:00,NSE:XELPMOC,58.0,60.8,56.05,59.0,1633.0
2019-08-29 10:00:00,NSE:XELPMOC,59.0,59.9,58.95,59.9,605.0
2019-08-29 11:00:00,NSE:XELPMOC,59.9,59.95,59.0,59.95,1123.0
2019-08-29 12:00:00,NSE:XELPMOC,59.95,60.0,58.15,60.0,884.0
2019-08-29 13:00:00,NSE:XELPMOC,60.0,60.0,60.0,60.0,618.0
2019-08-29 14:00:00,NSE:XELPMOC,60.0,62.8,59.0,60.0,719.0
2019-08-29 15:00:00,NSE:XELPMOC,60.0,63.35,60.0,60.0,1548.0
2019-08-30 09:00:00,NSE:XELPMOC,62.0,62.0,59.2,59.35,4.0
2019-08-30 10:00:00,NSE:XELPMOC,59.45,59.45,58.3,58.3,345.0
2019-08-30 11:00:00,NSE:XELPMOC,58.4,60.05,58.4,60.0,1337.0
2019-08-30 12:00:00,NSE:XELPMOC,60.75,60.75,60.0,60.0,230.0
2019-08-30 13:00:00,NSE:XELPMOC,60.8,60.8,60.8,60.8,20.0
2019-08-30 14:00:00,NSE:XELPMOC,60.75,62.5,60.3,60.3,400.0
2019-08-30 15:00:00,NSE:XELPMOC,62.0,62.0,62.0,62.0,25.0
2019-09-03 09:00:00,NSE:XELPMOC,62.0,62.0,58.2,60.95,426.0
2019-09-03 10:00:00,NSE:XELPMOC,59.8,60.8,59.55,59.55,287.0
2019-09-03 11:00:00,NSE:XELPMOC,59.7,60.45,59.55,59.75,38.0
2019-09-03 12:00:00,NSE:XELPMOC,60.0,60.0,60.0,60.0,34.0
2019-09-03 14:00:00,NSE:XELPMOC,60.15,60.7,59.9,59.9,134.0
2019-09-03 15:00:00,NSE:XELPMOC,60.0,61.0,59.6,59.6,481.0
2019-09-04 09:00:00,NSE:XELPMOC,62.0,62.0,59.0,59.0,2.0
2019-09-04 10:00:00,NSE:XELPMOC,61.5,61.5,59.75,60.35,856.0
2019-09-04 11:00:00,NSE:XELPMOC,61.0,62.0,60.0,60.0,684.0
2019-09-04 14:00:00,NSE:XELPMOC,60.2,62.5,60.0,61.0,102.0
2019-09-04 15:00:00,NSE:XELPMOC,61.9,62.8,61.9,62.8,103.0
2019-09-05 09:00:00,NSE:XELPMOC,63.2,63.35,58.3,63.35,1038.0
2019-09-05 10:00:00,NSE:XELPMOC,63.0,63.0,62.85,62.85,32.0
2019-09-05 11:00:00,NSE:XELPMOC,62.5,62.5,62.5,62.5,2.0
2019-09-05 12:00:00,NSE:XELPMOC,62.85,62.85,62.85,62.85,11.0
2019-09-05 13:00:00,NSE:XELPMOC,63.45,63.45,63.45,63.45,10.0
2019-09-05 15:00:00,NSE:XELPMOC,63.0,63.0,63.0,63.0,62.0
2019-09-06 09:00:00,NSE:XELPMOC,58.6,62.55,58.5,59.5,1137.0
2019-09-06 10:00:00,NSE:XELPMOC,60.05,60.05,60.05,60.05,1.0
2019-09-06 12:00:00,NSE:XELPMOC,63.35,63.35,63.0,63.0,11.0
2019-09-06 14:00:00,NSE:XELPMOC,60.25,60.25,60.25,60.25,1.0
2019-09-06 15:00:00,NSE:XELPMOC,60.2,60.2,60.2,60.2,20.0
2019-09-09 09:00:00,NSE:XELPMOC,62.0,65.95,56.5,59.3,2698.0
2019-09-09 10:00:00,NSE:XELPMOC,59.6,59.6,59.6,59.6,201.0
2019-09-09 11:00:00,NSE:XELPMOC,64.25,66.05,59.65,63.55,3364.0
2019-09-09 12:00:00,NSE:XELPMOC,63.5,63.5,63.5,63.5,5.0
2019-09-09 13:00:00,NSE:XELPMOC,64.0,65.8,63.6,64.0,533.0
2019-09-09 14:00:00,NSE:XELPMOC,64.1,64.1,64.1,64.1,204.0
2019-09-09 15:00:00,NSE:XELPMOC,65.0,72.2,63.6,68.35,813.0
2019-09-11 09:00:00,NSE:XELPMOC,64.2,70.05,63.3,70.0,2290.0
2019-09-11 10:00:00,NSE:XELPMOC,68.0,68.05,67.0,67.0,535.0
2019-09-11 11:00:00,NSE:XELPMOC,67.0,70.0,67.0,67.0,672.0
2019-09-11 12:00:00,NSE:XELPMOC,68.0,69.0,68.0,69.0,21.0
2019-09-11 14:00:00,NSE:XELPMOC,68.45,68.45,67.5,67.9,6.0
2019-09-11 15:00:00,NSE:XELPMOC,68.7,69.0,67.3,67.3,332.0
2019-09-12 09:00:00,NSE:XELPMOC,75.0,75.0,67.95,70.0,283.0
2019-09-12 10:00:00,NSE:XELPMOC,69.05,69.05,69.05,69.05,61.0
2019-09-12 11:00:00,NSE:XELPMOC,68.45,68.45,67.35,67.9,729.0
2019-09-12 12:00:00,NSE:XELPMOC,68.65,68.65,68.65,68.65,1500.0
2019-09-12 13:00:00,NSE:XELPMOC,68.65,68.65,68.0,68.0,109.0
2019-09-12 14:00:00,NSE:XELPMOC,68.45,68.45,67.9,67.9,148.0
2019-09-12 15:00:00,NSE:XELPMOC,67.35,67.35,67.35,67.35,2.0
2019-09-13 09:00:00,NSE:XELPMOC,62.3,69.55,62.3,66.25,363.0
2019-09-13 10:00:00,NSE:XELPMOC,66.25,66.25,66.0,66.0,192.0
2019-09-13 11:00:00,NSE:XELPMOC,68.3,68.3,66.0,66.0,302.0
2019-09-13 12:00:00,NSE:XELPMOC,67.9,67.9,67.9,67.9,1.0
2019-09-13 13:00:00,NSE:XELPMOC,67.95,67.95,67.9,67.9,47.0
2019-09-13 14:00:00,NSE:XELPMOC,68.0,68.4,67.9,68.4,343.0
2019-09-13 15:00:00,NSE:XELPMOC,68.4,68.4,66.0,68.4,155.0
2019-09-16 09:00:00,NSE:XELPMOC,62.05,72.0,62.05,66.95,291.0
2019-09-16 10:00:00,NSE:XELPMOC,68.0,68.0,68.0,68.0,300.0
2019-09-16 11:00:00,NSE:XELPMOC,69.05,69.75,65.0,68.0,26.0
2019-09-16 15:00:00,NSE:XELPMOC,69.0,69.0,69.0,69.0,8.0
2019-09-17 09:00:00,NSE:XELPMOC,71.7,71.7,65.0,70.3,457.0
2019-09-17 10:00:00,NSE:XELPMOC,68.95,68.95,66.95,66.95,4.0
2019-09-17 11:00:00,NSE:XELPMOC,69.75,69.95,69.75,69.95,282.0
2019-09-17 12:00:00,NSE:XELPMOC,71.0,71.0,69.4,70.85,365.0
2019-09-17 13:00:00,NSE:XELPMOC,70.1,70.1,69.0,70.0,298.0
2019-09-17 14:00:00,NSE:XELPMOC,69.85,69.85,68.0,68.95,761.0
2019-09-17 15:00:00,NSE:XELPMOC,69.0,69.0,67.0,67.0,291.0
2019-09-18 09:00:00,NSE:XELPMOC,71.5,71.5,63.35,66.7,536.0
2019-09-18 10:00:00,NSE:XELPMOC,66.7,69.45,65.0,69.45,1077.0
2019-09-18 11:00:00,NSE:XELPMOC,65.6,69.25,65.6,69.25,4.0
2019-09-18 12:00:00,NSE:XELPMOC,68.6,68.6,68.6,68.6,250.0
2019-09-18 13:00:00,NSE:XELPMOC,65.8,65.8,65.8,65.8,1.0
2019-09-18 14:00:00,NSE:XELPMOC,68.5,68.5,66.25,68.4,62.0
2019-09-18 15:00:00,NSE:XELPMOC,68.4,68.4,66.0,66.0,896.0
2019-09-19 09:00:00,NSE:XELPMOC,69.45,69.55,64.25,64.6,37.0
2019-09-19 10:00:00,NSE:XELPMOC,64.6,69.45,64.6,65.0,171.0
2019-09-19 11:00:00,NSE:XELPMOC,64.65,69.0,64.65,67.65,1357.0
2019-09-19 12:00:00,NSE:XELPMOC,67.65,68.05,67.6,68.05,178.0
2019-09-19 13:00:00,NSE:XELPMOC,68.05,68.05,68.0,68.0,90.0
2019-09-19 14:00:00,NSE:XELPMOC,68.0,69.9,68.0,68.0,216.0
2019-09-19 15:00:00,NSE:XELPMOC,68.0,68.05,68.0,68.0,37.0
2019-09-20 09:00:00,NSE:XELPMOC,69.95,69.95,64.55,64.55,2.0
2019-09-20 11:00:00,NSE:XELPMOC,69.7,69.7,66.45,69.5,429.0
2019-09-20 12:00:00,NSE:XELPMOC,70.0,70.0,64.6,64.6,1280.0
2019-09-20 13:00:00,NSE:XELPMOC,69.45,69.45,69.45,69.45,10.0
2019-09-20 14:00:00,NSE:XELPMOC,68.95,68.95,66.1,66.15,51.0
2019-09-20 15:00:00,NSE:XELPMOC,68.6,68.6,66.3,66.3,43.0
2019-09-23 09:00:00,NSE:XELPMOC,66.45,66.45,66.45,66.45,182.0
2019-09-23 10:00:00,NSE:XELPMOC,65.0,68.0,65.0,68.0,480.0
2019-09-23 11:00:00,NSE:XELPMOC,69.0,74.8,68.0,71.95,2724.0
2019-09-23 12:00:00,NSE:XELPMOC,68.45,70.95,66.05,69.5,889.0
2019-09-23 13:00:00,NSE:XELPMOC,66.75,67.8,66.35,67.45,838.0
2019-09-23 14:00:00,NSE:XELPMOC,67.85,67.85,65.0,67.0,1441.0
2019-09-23 15:00:00,NSE:XELPMOC,67.0,68.75,67.0,68.75,150.0
2019-09-24 09:00:00,NSE:XELPMOC,69.95,69.95,62.95,66.85,267.0
2019-09-24 10:00:00,NSE:XELPMOC,65.85,68.6,65.25,65.3,28.0
2019-09-24 11:00:00,NSE:XELPMOC,65.75,68.45,65.55,68.45,148.0
2019-09-24 12:00:00,NSE:XELPMOC,67.85,68.4,66.05,68.4,9.0
2019-09-24 13:00:00,NSE:XELPMOC,64.5,66.8,64.5,66.8,301.0
2019-09-24 14:00:00,NSE:XELPMOC,65.15,65.15,65.1,65.1,11.0
2019-09-24 15:00:00,NSE:XELPMOC,65.1,67.8,65.1,67.8,19.0
2019-09-25 09:00:00,NSE:XELPMOC,68.3,68.3,64.0,68.3,402.0
2019-09-25 10:00:00,NSE:XELPMOC,67.95,67.95,67.0,67.0,2.0
2019-09-25 11:00:00,NSE:XELPMOC,65.3,67.9,65.3,67.9,70.0
2019-09-25 12:00:00,NSE:XELPMOC,67.7,67.8,66.5,67.2,1062.0
2019-09-25 13:00:00,NSE:XELPMOC,67.2,67.7,67.0,67.3,217.0
2019-09-25 14:00:00,NSE:XELPMOC,68.0,68.0,65.6,67.45,1839.0
2019-09-25 15:00:00,NSE:XELPMOC,67.0,68.0,65.65,67.95,110.0
2019-09-26 09:00:00,NSE:XELPMOC,62.0,66.0,62.0,65.95,937.0
2019-09-26 10:00:00,NSE:XELPMOC,66.05,66.8,65.95,66.8,304.0
2019-09-26 11:00:00,NSE:XELPMOC,65.95,67.0,65.95,67.0,48.0
2019-09-26 12:00:00,NSE:XELPMOC,65.2,65.2,65.2,65.2,10.0
2019-09-26 13:00:00,NSE:XELPMOC,67.95,67.95,67.95,67.95,100.0
2019-09-26 14:00:00,NSE:XELPMOC,65.35,65.35,65.35,65.35,150.0
2019-09-26 15:00:00,NSE:XELPMOC,65.4,65.4,65.35,65.35,49.0
2019-09-27 09:00:00,NSE:XELPMOC,67.95,68.95,65.35,66.65,433.0
2019-09-27 10:00:00,NSE:XELPMOC,67.55,67.6,65.0,65.0,1690.0
2019-09-27 11:00:00,NSE:XELPMOC,65.0,65.1,65.0,65.0,510.0
2019-09-27 12:00:00,NSE:XELPMOC,65.0,66.0,62.35,62.55,892.0
2019-09-27 13:00:00,NSE:XELPMOC,62.55,64.0,62.35,62.35,659.0
2019-09-27 14:00:00,NSE:XELPMOC,62.35,65.2,60.0,61.05,824.0
2019-09-27 15:00:00,NSE:XELPMOC,61.05,63.0,61.0,62.15,101.0
2019-09-30 09:00:00,NSE:XELPMOC,64.9,64.9,59.95,63.65,747.0
2019-09-30 11:00:00,NSE:XELPMOC,62.0,62.0,62.0,62.0,300.0
2019-09-30 12:00:00,NSE:XELPMOC,63.9,63.9,63.85,63.85,76.0
2019-09-30 13:00:00,NSE:XELPMOC,63.85,64.0,63.0,64.0,234.0
2019-09-30 14:00:00,NSE:XELPMOC,64.0,64.0,62.05,64.0,562.0
2019-09-30 15:00:00,NSE:XELPMOC,64.0,64.0,62.2,63.0,93.0
2019-10-01 09:00:00,NSE:XELPMOC,67.8,67.8,62.4,62.55,644.0
2019-10-01 10:00:00,NSE:XELPMOC,63.5,63.5,62.6,62.6,51.0
2019-10-01 11:00:00,NSE:XELPMOC,62.55,63.5,62.55,63.5,53.0
2019-10-01 12:00:00,NSE:XELPMOC,63.5,63.5,63.5,63.5,2.0
2019-10-01 14:00:00,NSE:XELPMOC,63.25,63.5,63.25,63.5,201.0
2019-10-01 15:00:00,NSE:XELPMOC,64.0,64.0,64.0,64.0,132.0
2019-10-03 09:00:00,NSE:XELPMOC,62.0,69.0,62.0,65.25,673.0
2019-10-03 10:00:00,NSE:XELPMOC,67.0,67.0,65.05,65.05,369.0
2019-10-03 12:00:00,NSE:XELPMOC,65.0,65.0,65.0,65.0,483.0
2019-10-03 13:00:00,NSE:XELPMOC,65.0,65.0,65.0,65.0,540.0
2019-10-03 15:00:00,NSE:XELPMOC,65.05,66.45,65.05,65.05,204.0
2019-10-04 09:00:00,NSE:XELPMOC,62.05,67.0,62.05,66.0,111.0
2019-10-04 10:00:00,NSE:XELPMOC,64.4,66.35,64.35,66.35,14.0
2019-10-04 11:00:00,NSE:XELPMOC,64.05,64.05,64.05,64.05,2.0
2019-10-04 12:00:00,NSE:XELPMOC,65.0,67.0,65.0,67.0,350.0
2019-10-04 14:00:00,NSE:XELPMOC,66.35,66.9,63.9,66.9,278.0
2019-10-04 15:00:00,NSE:XELPMOC,65.05,67.95,65.05,67.95,216.0
2019-10-07 09:00:00,NSE:XELPMOC,65.05,69.7,64.0,68.95,761.0
2019-10-07 10:00:00,NSE:XELPMOC,68.95,68.95,67.0,67.05,8.0
2019-10-07 11:00:00,NSE:XELPMOC,65.4,65.4,65.3,65.3,20.0
2019-10-07 12:00:00,NSE:XELPMOC,66.5,66.5,65.3,65.3,4.0
2019-10-07 13:00:00,NSE:XELPMOC,66.5,66.5,66.4,66.4,9.0
2019-10-07 14:00:00,NSE:XELPMOC,66.0,67.05,66.0,67.05,69.0
2019-10-09 09:00:00,NSE:XELPMOC,69.7,69.7,65.25,69.65,59.0
2019-10-09 10:00:00,NSE:XELPMOC,67.0,69.5,67.0,69.5,32.0
2019-10-09 11:00:00,NSE:XELPMOC,67.0,69.45,65.5,65.5,31.0
2019-10-09 12:00:00,NSE:XELPMOC,68.85,68.85,68.85,68.85,30.0
2019-10-09 14:00:00,NSE:XELPMOC,65.7,68.05,65.7,66.5,773.0
2019-10-09 15:00:00,NSE:XELPMOC,67.25,68.0,66.0,67.9,367.0
2019-10-10 09:00:00,NSE:XELPMOC,69.65,69.65,65.3,69.65,23.0
2019-10-10 10:00:00,NSE:XELPMOC,69.6,70.0,67.45,68.95,1350.0
2019-10-10 11:00:00,NSE:XELPMOC,68.6,69.55,68.25,68.25,146.0
2019-10-10 12:00:00,NSE:XELPMOC,69.45,69.45,68.0,68.0,278.0
2019-10-10 13:00:00,NSE:XELPMOC,69.75,69.75,69.0,69.0,28.0
2019-10-10 14:00:00,NSE:XELPMOC,69.5,69.7,68.7,68.7,92.0
2019-10-10 15:00:00,NSE:XELPMOC,69.0,69.0,69.0,69.0,5.0
2019-10-11 09:00:00,NSE:XELPMOC,70.5,70.5,69.05,69.05,170.0
2019-10-11 10:00:00,NSE:XELPMOC,69.0,69.0,69.0,69.0,111.0
2019-10-11 11:00:00,NSE:XELPMOC,68.05,69.0,67.0,67.65,711.0
2019-10-11 12:00:00,NSE:XELPMOC,68.9,68.9,68.0,68.0,12.0
2019-10-11 13:00:00,NSE:XELPMOC,68.0,68.8,67.35,68.8,478.0
2019-10-11 14:00:00,NSE:XELPMOC,68.7,68.8,68.7,68.8,18.0
2019-10-11 15:00:00,NSE:XELPMOC,68.4,68.4,68.0,68.0,38.0
2019-10-14 09:00:00,NSE:XELPMOC,68.05,68.05,66.0,67.55,61.0
2019-10-14 10:00:00,NSE:XELPMOC,67.05,69.7,65.7,69.55,1074.0
2019-10-14 11:00:00,NSE:XELPMOC,69.7,70.0,64.95,65.0,3282.0
2019-10-14 12:00:00,NSE:XELPMOC,65.0,66.8,64.6,64.6,439.0
2019-10-14 13:00:00,NSE:XELPMOC,64.6,66.0,64.1,64.65,630.0
2019-10-14 14:00:00,NSE:XELPMOC,64.65,66.65,64.65,65.65,458.0
2019-10-14 15:00:00,NSE:XELPMOC,64.75,66.0,64.6,64.6,723.0
2019-10-15 09:00:00,NSE:XELPMOC,66.0,66.0,65.6,65.6,281.0
2019-10-15 10:00:00,NSE:XELPMOC,64.5,65.5,64.5,65.5,2144.0
2019-10-15 11:00:00,NSE:XELPMOC,64.0,64.65,63.55,64.15,1660.0
2019-10-15 12:00:00,NSE:XELPMOC,64.0,64.65,63.9,64.1,202.0
2019-10-15 14:00:00,NSE:XELPMOC,64.1,64.1,63.1,63.1,806.0
2019-10-15 15:00:00,NSE:XELPMOC,63.2,63.2,63.2,63.2,6.0
2019-10-16 09:00:00,NSE:XELPMOC,64.4,64.4,60.0,63.05,604.0
2019-10-16 10:00:00,NSE:XELPMOC,64.3,64.3,64.3,64.3,2.0
2019-10-16 11:00:00,NSE:XELPMOC,63.85,63.85,63.85,63.85,1.0
2019-10-16 14:00:00,NSE:XELPMOC,63.95,65.9,63.95,65.3,283.0
2019-10-16 15:00:00,NSE:XELPMOC,64.9,64.9,64.9,64.9,48.0
2019-10-17 09:00:00,NSE:XELPMOC,57.0,75.0,57.0,67.3,2472.0
2019-10-17 10:00:00,NSE:XELPMOC,67.3,70.0,63.0,70.0,2132.0
2019-10-17 11:00:00,NSE:XELPMOC,68.5,68.5,64.6,67.85,38.0
2019-10-17 12:00:00,NSE:XELPMOC,65.35,69.15,65.35,65.5,535.0
2019-10-17 13:00:00,NSE:XELPMOC,68.8,68.8,66.05,66.1,37.0
2019-10-17 14:00:00,NSE:XELPMOC,67.0,68.0,67.0,68.0,9.0
2019-10-17 15:00:00,NSE:XELPMOC,67.5,67.95,66.05,67.95,97.0
2019-10-18 09:00:00,NSE:XELPMOC,68.9,68.9,65.0,68.05,13.0
2019-10-18 10:00:00,NSE:XELPMOC,65.05,65.05,65.05,65.05,12.0
2019-10-18 11:00:00,NSE:XELPMOC,65.4,68.85,65.4,68.85,2.0
2019-10-18 13:00:00,NSE:XELPMOC,65.55,67.95,65.55,66.9,221.0
2019-10-18 15:00:00,NSE:XELPMOC,65.75,65.75,65.75,65.75,6.0
2019-10-22 09:00:00,NSE:XELPMOC,68.9,68.9,67.95,67.95,53.0
2019-10-22 10:00:00,NSE:XELPMOC,67.85,67.85,63.0,65.0,241.0
2019-10-22 11:00:00,NSE:XELPMOC,62.0,65.85,62.0,65.0,2406.0
2019-10-22 12:00:00,NSE:XELPMOC,63.45,65.15,63.45,65.15,42.0
2019-10-22 13:00:00,NSE:XELPMOC,65.2,65.25,65.2,65.2,423.0
2019-10-22 14:00:00,NSE:XELPMOC,65.2,65.2,65.2,65.2,136.0
2019-10-22 15:00:00,NSE:XELPMOC,65.2,68.45,65.2,65.25,114.0
2019-10-23 09:00:00,NSE:XELPMOC,67.95,67.95,64.0,67.7,111.0
2019-10-23 10:00:00,NSE:XELPMOC,67.0,67.0,67.0,67.0,44.0
2019-10-23 11:00:00,NSE:XELPMOC,64.2,66.95,64.0,64.0,385.0
2019-10-23 12:00:00,NSE:XELPMOC,64.25,66.1,64.2,64.2,499.0
2019-10-23 13:00:00,NSE:XELPMOC,63.65,65.0,63.5,65.0,131.0
2019-10-23 14:00:00,NSE:XELPMOC,64.6,64.95,63.65,63.7,314.0
2019-10-23 15:00:00,NSE:XELPMOC,63.65,64.95,63.65,63.65,157.0
2019-10-24 09:00:00,NSE:XELPMOC,67.2,67.2,67.1,67.2,135.0
2019-10-24 11:00:00,NSE:XELPMOC,65.0,65.0,64.3,64.3,208.0
2019-10-24 12:00:00,NSE:XELPMOC,64.95,65.0,64.9,64.9,150.0
2019-10-24 14:00:00,NSE:XELPMOC,65.0,67.8,65.0,66.95,268.0
2019-10-24 15:00:00,NSE:XELPMOC,67.65,67.65,65.0,65.0,65.0
2019-10-25 09:00:00,NSE:XELPMOC,67.95,67.95,63.05,67.95,3.0
2019-10-25 10:00:00,NSE:XELPMOC,65.75,67.7,65.75,66.25,25.0
2019-10-25 11:00:00,NSE:XELPMOC,66.95,67.5,66.3,66.95,259.0
2019-10-25 12:00:00,NSE:XELPMOC,67.95,67.95,67.05,67.05,6.0
2019-10-25 13:00:00,NSE:XELPMOC,67.05,67.5,67.0,67.0,410.0
2019-10-25 14:00:00,NSE:XELPMOC,67.0,67.0,67.0,67.0,50.0
2019-10-25 15:00:00,NSE:XELPMOC,67.5,67.5,67.0,67.0,12.0
2019-10-27 18:00:00,NSE:XELPMOC,68.7,68.7,65.05,67.95,248.0
2019-10-27 19:00:00,NSE:XELPMOC,66.3,66.6,66.3,66.6,322.0
2019-10-29 09:00:00,NSE:XELPMOC,65.0,67.35,63.2,64.15,317.0
2019-10-29 10:00:00,NSE:XELPMOC,65.95,67.0,64.0,64.35,2441.0
2019-10-29 11:00:00,NSE:XELPMOC,64.35,65.85,64.3,64.75,1518.0
2019-10-29 12:00:00,NSE:XELPMOC,64.75,64.85,64.75,64.8,1002.0
2019-10-29 13:00:00,NSE:XELPMOC,64.8,64.85,64.75,64.75,1064.0
2019-10-29 14:00:00,NSE:XELPMOC,64.75,64.75,63.0,63.15,1153.0
2019-10-29 15:00:00,NSE:XELPMOC,63.15,64.9,63.0,64.7,257.0
2019-10-30 09:00:00,NSE:XELPMOC,65.85,65.85,64.0,65.0,169.0
2019-10-30 10:00:00,NSE:XELPMOC,64.0,64.9,63.5,64.9,15.0
2019-10-30 11:00:00,NSE:XELPMOC,64.75,64.75,64.0,64.0,103.0
2019-10-30 13:00:00,NSE:XELPMOC,64.25,64.25,64.25,64.25,100.0
2019-10-30 14:00:00,NSE:XELPMOC,64.75,64.75,64.25,64.65,117.0
2019-10-30 15:00:00,NSE:XELPMOC,64.95,64.95,64.9,64.9,105.0
2019-10-31 09:00:00,NSE:XELPMOC,62.0,65.9,62.0,65.9,409.0
2019-10-31 10:00:00,NSE:XELPMOC,63.9,65.5,63.5,64.0,2398.0
2019-10-31 11:00:00,NSE:XELPMOC,64.65,64.9,64.6,64.9,48.0
2019-10-31 12:00:00,NSE:XELPMOC,64.0,64.7,64.0,64.7,31.0
2019-10-31 13:00:00,NSE:XELPMOC,63.75,63.8,63.75,63.75,86.0
2019-10-31 14:00:00,NSE:XELPMOC,64.0,67.0,64.0,67.0,401.0
2019-10-31 15:00:00,NSE:XELPMOC,64.15,66.25,64.0,64.0,467.0
2019-11-01 09:00:00,NSE:XELPMOC,63.3,64.0,63.3,63.35,130.0
2019-11-01 10:00:00,NSE:XELPMOC,65.95,65.95,65.95,65.95,12.0
2019-11-01 12:00:00,NSE:XELPMOC,65.0,65.05,63.6,64.65,376.0
2019-11-01 13:00:00,NSE:XELPMOC,64.65,64.65,64.0,64.5,20.0
2019-11-01 14:00:00,NSE:XELPMOC,64.95,65.0,64.5,65.0,45.0
2019-11-01 15:00:00,NSE:XELPMOC,65.0,65.0,64.5,64.5,11.0
2019-11-04 09:00:00,NSE:XELPMOC,66.0,76.0,63.0,64.25,2338.0
2019-11-04 10:00:00,NSE:XELPMOC,65.85,71.0,65.85,69.0,1541.0
2019-11-04 11:00:00,NSE:XELPMOC,68.0,68.0,67.0,67.0,200.0
2019-11-04 12:00:00,NSE:XELPMOC,67.1,67.1,67.1,67.1,10.0
2019-11-04 13:00:00,NSE:XELPMOC,67.1,67.1,66.2,67.1,72.0
2019-11-04 14:00:00,NSE:XELPMOC,66.2,70.0,65.45,70.0,874.0
2019-11-04 15:00:00,NSE:XELPMOC,71.0,72.0,68.2,71.1,1668.0
2019-11-05 09:00:00,NSE:XELPMOC,71.05,71.05,68.3,69.0,680.0
2019-11-05 10:00:00,NSE:XELPMOC,71.0,71.1,71.0,71.0,1024.0
2019-11-05 11:00:00,NSE:XELPMOC,71.0,71.05,70.5,70.5,527.0
2019-11-05 12:00:00,NSE:XELPMOC,71.1,71.1,70.75,70.75,719.0
2019-11-05 13:00:00,NSE:XELPMOC,70.75,72.0,70.75,71.05,958.0
2019-11-05 14:00:00,NSE:XELPMOC,71.25,72.5,67.5,67.5,915.0
2019-11-05 15:00:00,NSE:XELPMOC,67.5,68.0,67.0,67.0,511.0
2019-11-06 09:00:00,NSE:XELPMOC,69.7,69.7,65.35,69.0,81.0
2019-11-06 10:00:00,NSE:XELPMOC,68.35,68.35,65.95,67.5,129.0
2019-11-06 11:00:00,NSE:XELPMOC,68.95,75.0,66.4,70.1,1111.0
2019-11-06 12:00:00,NSE:XELPMOC,70.05,71.0,68.6,68.6,104.0
2019-11-06 14:00:00,NSE:XELPMOC,69.3,69.3,69.3,69.3,199.0
2019-11-06 15:00:00,NSE:XELPMOC,75.0,75.0,70.1,73.5,703.0
2019-11-07 09:00:00,NSE:XELPMOC,68.2,72.2,68.2,70.0,463.0
2019-11-07 10:00:00,NSE:XELPMOC,69.25,70.0,69.25,70.0,90.0
2019-11-07 11:00:00,NSE:XELPMOC,70.1,70.1,70.1,70.1,90.0
2019-11-07 13:00:00,NSE:XELPMOC,70.35,70.85,70.35,70.85,60.0
2019-11-07 14:00:00,NSE:XELPMOC,71.0,71.7,70.0,70.0,2297.0
2019-11-07 15:00:00,NSE:XELPMOC,70.5,71.45,70.3,71.15,877.0
2019-11-08 09:00:00,NSE:XELPMOC,70.75,70.75,70.75,70.75,50.0
2019-11-08 10:00:00,NSE:XELPMOC,70.35,70.75,69.6,70.75,260.0
2019-11-08 11:00:00,NSE:XELPMOC,70.75,70.75,70.75,70.75,1.0
2019-11-08 12:00:00,NSE:XELPMOC,70.75,70.75,69.25,70.4,175.0
2019-11-08 13:00:00,NSE:XELPMOC,69.25,70.7,69.25,70.7,200.0
2019-11-08 14:00:00,NSE:XELPMOC,70.7,70.7,70.7,70.7,40.0
2019-11-08 15:00:00,NSE:XELPMOC,70.4,70.4,70.0,70.0,105.0
2019-11-11 09:00:00,NSE:XELPMOC,70.0,75.95,69.25,73.5,1612.0
2019-11-11 10:00:00,NSE:XELPMOC,73.6,75.55,70.75,73.0,655.0
2019-11-11 11:00:00,NSE:XELPMOC,72.75,73.85,67.0,70.9,781.0
2019-11-11 12:00:00,NSE:XELPMOC,69.0,70.0,68.0,70.0,250.0
2019-11-11 13:00:00,NSE:XELPMOC,68.95,69.9,67.8,67.8,163.0
2019-11-11 14:00:00,NSE:XELPMOC,67.85,67.85,67.85,67.85,200.0
2019-11-11 15:00:00,NSE:XELPMOC,70.0,70.7,67.05,70.7,329.0
2019-11-13 09:00:00,NSE:XELPMOC,71.0,72.95,69.0,69.0,201.0
2019-11-13 10:00:00,NSE:XELPMOC,72.1,72.95,69.2,69.2,939.0
2019-11-13 11:00:00,NSE:XELPMOC,70.0,72.95,70.0,72.0,1075.0
2019-11-13 12:00:00,NSE:XELPMOC,72.0,72.0,69.05,71.0,112.0
2019-11-13 13:00:00,NSE:XELPMOC,67.3,71.75,67.25,69.3,802.0
2019-11-13 14:00:00,NSE:XELPMOC,68.95,69.3,67.5,68.5,206.0
2019-11-13 15:00:00,NSE:XELPMOC,67.7,68.95,67.05,67.05,1044.0
2019-11-14 09:00:00,NSE:XELPMOC,67.5,67.5,67.05,67.05,263.0
2019-11-14 12:00:00,NSE:XELPMOC,66.05,66.05,66.05,66.05,21.0
2019-11-14 14:00:00,NSE:XELPMOC,66.1,68.45,66.1,66.85,644.0
2019-11-14 15:00:00,NSE:XELPMOC,67.3,67.3,67.3,67.3,3.0
2019-11-15 10:00:00,NSE:XELPMOC,65.55,69.25,65.55,69.25,1107.0
2019-11-15 11:00:00,NSE:XELPMOC,70.0,70.0,63.45,65.0,5374.0
2019-11-15 12:00:00,NSE:XELPMOC,65.0,67.0,64.55,64.55,401.0
2019-11-15 13:00:00,NSE:XELPMOC,65.15,65.15,65.15,65.15,100.0
2019-11-15 14:00:00,NSE:XELPMOC,64.7,64.8,64.7,64.8,297.0
2019-11-15 15:00:00,NSE:XELPMOC,64.8,65.0,64.8,65.0,325.0
2019-11-18 09:00:00,NSE:XELPMOC,68.7,68.7,65.05,67.15,436.0
2019-11-18 10:00:00,NSE:XELPMOC,66.55,69.3,63.65,68.05,1321.0
2019-11-18 11:00:00,NSE:XELPMOC,66.6,67.2,65.8,67.0,140.0
2019-11-18 12:00:00,NSE:XELPMOC,66.9,66.9,66.9,66.9,1.0
2019-11-18 13:00:00,NSE:XELPMOC,66.0,66.5,66.0,66.3,106.0
2019-11-18 14:00:00,NSE:XELPMOC,66.25,66.25,66.25,66.25,230.0
2019-11-18 15:00:00,NSE:XELPMOC,66.25,66.25,65.85,66.25,121.0
2019-11-19 09:00:00,NSE:XELPMOC,68.7,68.7,64.2,64.2,2.0
2019-11-19 10:00:00,NSE:XELPMOC,68.0,68.25,67.0,68.25,18.0
2019-11-19 11:00:00,NSE:XELPMOC,65.0,67.8,65.0,67.15,847.0
2019-11-19 12:00:00,NSE:XELPMOC,67.05,67.8,66.05,67.0,488.0
2019-11-19 13:00:00,NSE:XELPMOC,66.6,67.65,65.15,67.0,668.0
2019-11-19 15:00:00,NSE:XELPMOC,66.65,68.2,66.65,68.2,54.0
2019-11-20 09:00:00,NSE:XELPMOC,65.25,65.55,65.25,65.25,450.0
2019-11-20 10:00:00,NSE:XELPMOC,60.0,66.0,58.4,64.05,2533.0
2019-11-20 11:00:00,NSE:XELPMOC,64.0,67.75,63.5,66.85,1040.0
2019-11-20 12:00:00,NSE:XELPMOC,68.0,68.0,67.0,68.0,1200.0
2019-11-20 14:00:00,NSE:XELPMOC,67.75,67.75,65.55,65.55,26.0
2019-11-20 15:00:00,NSE:XELPMOC,66.0,66.0,65.95,66.0,259.0
2019-11-21 09:00:00,NSE:XELPMOC,65.25,68.7,65.25,65.3,21.0
2019-11-21 10:00:00,NSE:XELPMOC,65.25,66.65,65.25,65.3,714.0
2019-11-21 11:00:00,NSE:XELPMOC,65.3,65.55,65.1,65.55,104.0
2019-11-21 12:00:00,NSE:XELPMOC,68.0,68.0,68.0,68.0,100.0
2019-11-21 13:00:00,NSE:XELPMOC,66.05,67.05,65.1,65.1,214.0
2019-11-21 14:00:00,NSE:XELPMOC,65.9,65.9,65.9,65.9,1.0
2019-11-21 15:00:00,NSE:XELPMOC,65.4,65.4,65.1,65.1,197.0
2019-11-22 09:00:00,NSE:XELPMOC,64.05,67.5,64.05,64.1,89.0
2019-11-22 10:00:00,NSE:XELPMOC,64.5,66.65,64.5,66.65,150.0
2019-11-22 11:00:00,NSE:XELPMOC,64.4,65.5,64.4,64.5,361.0
2019-11-22 14:00:00,NSE:XELPMOC,65.0,65.0,64.1,64.1,97.0
2019-11-22 15:00:00,NSE:XELPMOC,64.25,64.25,64.25,64.25,14.0
2019-11-25 09:00:00,NSE:XELPMOC,64.2,64.2,64.2,64.2,120.0
2019-11-25 10:00:00,NSE:XELPMOC,65.0,65.0,65.0,65.0,5.0
2019-11-25 11:00:00,NSE:XELPMOC,65.0,65.0,64.25,64.25,88.0
2019-11-25 13:00:00,NSE:XELPMOC,65.0,65.45,64.55,64.55,31.0
2019-11-25 14:00:00,NSE:XELPMOC,65.0,65.0,65.0,65.0,10.0
2019-11-25 15:00:00,NSE:XELPMOC,65.7,65.7,64.25,64.25,194.0
2019-11-26 09:00:00,NSE:XELPMOC,66.9,66.9,66.9,66.9,8.0
2019-11-26 11:00:00,NSE:XELPMOC,64.25,66.5,64.25,65.35,769.0
2019-11-26 12:00:00,NSE:XELPMOC,64.75,70.0,64.6,67.5,2631.0
2019-11-26 13:00:00,NSE:XELPMOC,67.5,69.0,66.05,66.05,13.0
2019-11-26 15:00:00,NSE:XELPMOC,66.05,66.05,65.0,65.2,190.0
2019-11-27 09:00:00,NSE:XELPMOC,65.0,67.5,64.1,64.2,72.0
2019-11-27 11:00:00,NSE:XELPMOC,65.0,66.3,65.0,65.0,462.0
2019-11-27 12:00:00,NSE:XELPMOC,65.0,66.35,64.3,65.0,598.0
2019-11-27 13:00:00,NSE:XELPMOC,65.0,66.0,65.0,65.0,702.0
2019-11-27 14:00:00,NSE:XELPMOC,65.0,65.0,65.0,65.0,566.0
2019-11-27 15:00:00,NSE:XELPMOC,65.0,66.0,65.0,65.0,403.0
2019-11-28 09:00:00,NSE:XELPMOC,56.2,64.7,56.2,62.65,3973.0
2019-11-28 10:00:00,NSE:XELPMOC,63.0,64.2,62.25,64.0,714.0
2019-11-28 11:00:00,NSE:XELPMOC,64.0,64.05,64.0,64.05,247.0
2019-11-28 13:00:00,NSE:XELPMOC,64.0,64.9,62.8,62.8,355.0
2019-11-28 14:00:00,NSE:XELPMOC,62.9,64.0,62.7,64.0,201.0
2019-11-28 15:00:00,NSE:XELPMOC,64.0,64.0,62.7,62.7,486.0
2019-11-29 09:00:00,NSE:XELPMOC,63.0,63.0,63.0,63.0,42.0
2019-11-29 10:00:00,NSE:XELPMOC,63.15,63.15,63.15,63.15,10.0
2019-11-29 11:00:00,NSE:XELPMOC,63.15,63.15,63.15,63.15,6.0
2019-11-29 13:00:00,NSE:XELPMOC,63.15,63.15,63.15,63.15,42.0
2019-11-29 14:00:00,NSE:XELPMOC,63.35,65.6,63.25,63.65,430.0
2019-11-29 15:00:00,NSE:XELPMOC,63.65,63.65,63.15,63.15,60.0
2019-12-02 09:00:00,NSE:XELPMOC,65.5,65.5,63.15,63.15,2.0
2019-12-02 10:00:00,NSE:XELPMOC,65.45,65.45,63.35,64.05,209.0
2019-12-02 11:00:00,NSE:XELPMOC,64.0,64.0,64.0,64.0,15.0
2019-12-02 12:00:00,NSE:XELPMOC,63.95,64.0,63.95,64.0,15.0
2019-12-02 13:00:00,NSE:XELPMOC,64.0,64.0,64.0,64.0,11.0
2019-12-02 14:00:00,NSE:XELPMOC,64.0,64.95,64.0,64.95,117.0
2019-12-02 15:00:00,NSE:XELPMOC,65.0,69.8,65.0,69.8,1082.0
2019-12-03 09:00:00,NSE:XELPMOC,68.0,68.0,60.05,63.45,2322.0
2019-12-03 10:00:00,NSE:XELPMOC,63.45,63.45,62.5,63.45,294.0
2019-12-03 11:00:00,NSE:XELPMOC,63.0,63.45,62.6,63.0,72.0
2019-12-03 12:00:00,NSE:XELPMOC,62.95,62.95,62.95,62.95,1.0
2019-12-03 13:00:00,NSE:XELPMOC,62.95,62.95,62.95,62.95,150.0
2019-12-03 14:00:00,NSE:XELPMOC,62.5,62.5,62.5,62.5,131.0
2019-12-03 15:00:00,NSE:XELPMOC,62.2,62.2,62.2,62.2,88.0
2019-12-04 09:00:00,NSE:XELPMOC,64.5,64.5,61.0,61.0,2.0
2019-12-04 10:00:00,NSE:XELPMOC,63.5,64.0,61.5,62.4,207.0
2019-12-04 11:00:00,NSE:XELPMOC,63.75,63.75,62.35,63.5,77.0
2019-12-04 12:00:00,NSE:XELPMOC,65.0,67.65,63.55,64.8,1021.0
2019-12-04 13:00:00,NSE:XELPMOC,65.4,65.4,63.55,65.05,11.0
2019-12-04 14:00:00,NSE:XELPMOC,67.7,67.7,64.05,66.05,34.0
2019-12-04 15:00:00,NSE:XELPMOC,66.4,68.5,66.4,68.5,708.0
2019-12-05 09:00:00,NSE:XELPMOC,65.0,66.45,64.0,65.95,200.0
2019-12-05 10:00:00,NSE:XELPMOC,65.9,65.9,65.25,65.55,5.0
2019-12-05 11:00:00,NSE:XELPMOC,65.95,66.0,65.7,66.0,71.0
2019-12-05 12:00:00,NSE:XELPMOC,65.85,65.85,65.85,65.85,102.0
2019-12-05 13:00:00,NSE:XELPMOC,65.8,65.8,65.8,65.8,10.0
2019-12-05 15:00:00,NSE:XELPMOC,65.8,68.7,65.1,65.1,438.0
2019-12-06 09:00:00,NSE:XELPMOC,68.7,68.7,65.0,68.4,3.0
2019-12-06 10:00:00,NSE:XELPMOC,64.55,66.4,64.55,65.95,800.0
2019-12-06 11:00:00,NSE:XELPMOC,65.95,66.0,64.65,64.65,844.0
2019-12-06 12:00:00,NSE:XELPMOC,65.75,65.75,65.75,65.75,1.0
2019-12-06 13:00:00,NSE:XELPMOC,64.65,65.75,63.0,63.0,249.0
2019-12-06 14:00:00,NSE:XELPMOC,63.05,64.45,63.05,64.45,4.0
2019-12-06 15:00:00,NSE:XELPMOC,64.45,64.45,63.5,63.5,23.0
2019-12-09 09:00:00,NSE:XELPMOC,63.05,65.65,63.0,64.4,745.0
2019-12-09 10:00:00,NSE:XELPMOC,65.65,65.65,65.45,65.45,7.0
2019-12-09 11:00:00,NSE:XELPMOC,65.0,65.7,65.0,65.0,219.0
2019-12-09 13:00:00,NSE:XELPMOC,65.7,65.7,65.7,65.7,3.0
2019-12-09 15:00:00,NSE:XELPMOC,65.5,65.5,65.5,65.5,61.0
2019-12-10 09:00:00,NSE:XELPMOC,66.5,66.5,63.25,63.25,110.0
2019-12-10 10:00:00,NSE:XELPMOC,64.5,64.5,64.5,64.5,1.0
2019-12-10 11:00:00,NSE:XELPMOC,63.7,64.0,63.55,64.0,202.0
2019-12-10 12:00:00,NSE:XELPMOC,63.65,64.0,63.5,63.5,124.0
2019-12-10 13:00:00,NSE:XELPMOC,65.0,65.0,63.95,64.4,511.0
2019-12-10 14:00:00,NSE:XELPMOC,63.9,64.9,63.6,63.6,229.0
2019-12-10 15:00:00,NSE:XELPMOC,63.5,63.5,63.5,63.5,27.0
2019-12-11 09:00:00,NSE:XELPMOC,65.95,65.95,63.55,63.55,21.0
2019-12-11 10:00:00,NSE:XELPMOC,63.55,65.8,63.0,63.05,407.0
2019-12-11 11:00:00,NSE:XELPMOC,63.05,65.0,62.6,62.6,397.0
2019-12-11 12:00:00,NSE:XELPMOC,62.6,62.6,62.6,62.6,276.0
2019-12-11 13:00:00,NSE:XELPMOC,62.6,62.65,62.6,62.65,271.0
2019-12-11 14:00:00,NSE:XELPMOC,62.65,64.95,62.65,63.0,1368.0
2019-12-11 15:00:00,NSE:XELPMOC,63.9,64.5,63.0,63.0,933.0
2019-12-12 10:00:00,NSE:XELPMOC,64.95,64.95,63.95,64.05,173.0
2019-12-12 11:00:00,NSE:XELPMOC,64.05,64.6,62.95,63.7,1447.0
2019-12-12 12:00:00,NSE:XELPMOC,63.3,63.6,62.9,62.9,250.0
2019-12-12 13:00:00,NSE:XELPMOC,62.25,63.8,62.25,63.8,217.0
2019-12-12 14:00:00,NSE:XELPMOC,63.05,63.95,62.95,63.95,457.0
2019-12-12 15:00:00,NSE:XELPMOC,63.9,63.9,62.65,62.65,20.0
2019-12-13 09:00:00,NSE:XELPMOC,64.0,64.9,64.0,64.9,41.0
2019-12-13 10:00:00,NSE:XELPMOC,64.85,64.85,62.3,63.35,206.0
2019-12-13 11:00:00,NSE:XELPMOC,64.65,64.65,64.65,64.65,103.0
2019-12-13 12:00:00,NSE:XELPMOC,64.7,64.7,64.7,64.7,5.0
2019-12-13 13:00:00,NSE:XELPMOC,64.45,64.5,64.45,64.5,25.0
2019-12-13 14:00:00,NSE:XELPMOC,65.0,65.0,64.95,64.95,125.0
2019-12-13 15:00:00,NSE:XELPMOC,64.3,65.0,63.35,63.35,759.0
2019-12-16 09:00:00,NSE:XELPMOC,65.5,65.5,62.5,62.5,2.0
2019-12-16 10:00:00,NSE:XELPMOC,64.5,67.45,64.5,67.4,757.0
2019-12-16 11:00:00,NSE:XELPMOC,66.45,66.95,65.4,65.4,213.0
2019-12-16 12:00:00,NSE:XELPMOC,66.05,66.05,64.55,64.55,133.0
2019-12-16 13:00:00,NSE:XELPMOC,64.55,64.55,64.0,64.0,221.0
2019-12-16 14:00:00,NSE:XELPMOC,64.55,64.55,64.45,64.45,4.0
2019-12-16 15:00:00,NSE:XELPMOC,64.0,64.5,62.9,62.9,314.0
2019-12-17 09:00:00,NSE:XELPMOC,63.0,64.95,63.0,64.95,2.0
2019-12-17 10:00:00,NSE:XELPMOC,64.9,64.9,64.0,64.0,25.0
2019-12-17 11:00:00,NSE:XELPMOC,64.8,64.8,62.3,63.05,215.0
2019-12-17 12:00:00,NSE:XELPMOC,62.95,63.95,62.1,62.15,236.0
2019-12-17 13:00:00,NSE:XELPMOC,62.15,62.15,62.0,62.0,789.0
2019-12-17 14:00:00,NSE:XELPMOC,62.0,62.85,62.0,62.35,584.0
2019-12-17 15:00:00,NSE:XELPMOC,61.0,62.95,60.2,62.95,309.0
2019-12-18 09:00:00,NSE:XELPMOC,64.25,64.25,64.25,64.25,10.0
2019-12-18 10:00:00,NSE:XELPMOC,63.3,63.5,63.2,63.5,360.0
2019-12-18 11:00:00,NSE:XELPMOC,62.75,63.0,61.8,63.0,115.0
2019-12-18 12:00:00,NSE:XELPMOC,62.5,62.5,61.1,61.95,62.0
2019-12-18 13:00:00,NSE:XELPMOC,61.8,62.5,61.25,61.25,420.0
2019-12-18 14:00:00,NSE:XELPMOC,61.25,62.75,60.7,61.0,1331.0
2019-12-18 15:00:00,NSE:XELPMOC,62.2,62.7,61.45,62.7,20.0
2019-12-19 10:00:00,NSE:XELPMOC,60.7,63.0,60.7,61.7,1572.0
2019-12-19 11:00:00,NSE:XELPMOC,62.7,63.2,61.75,62.5,296.0
2019-12-19 12:00:00,NSE:XELPMOC,62.5,62.5,62.5,62.5,1.0
2019-12-19 14:00:00,NSE:XELPMOC,61.1,61.1,61.1,61.1,440.0
2019-12-19 15:00:00,NSE:XELPMOC,62.4,62.4,62.4,62.4,70.0
2019-12-20 09:00:00,NSE:XELPMOC,63.7,66.7,62.05,64.0,1249.0
2019-12-20 10:00:00,NSE:XELPMOC,62.7,63.6,62.7,62.75,628.0
2019-12-20 11:00:00,NSE:XELPMOC,62.95,63.0,62.95,63.0,142.0
2019-12-20 14:00:00,NSE:XELPMOC,62.75,62.75,62.75,62.75,200.0
2019-12-20 15:00:00,NSE:XELPMOC,63.0,63.8,62.7,62.7,366.0
2019-12-23 09:00:00,NSE:XELPMOC,60.2,60.2,60.2,60.2,200.0
2019-12-23 10:00:00,NSE:XELPMOC,66.9,66.9,62.1,65.0,2267.0
2019-12-23 12:00:00,NSE:XELPMOC,64.3,64.5,64.3,64.5,290.0
2019-12-23 14:00:00,NSE:XELPMOC,63.35,64.45,63.35,63.95,38.0
2019-12-23 15:00:00,NSE:XELPMOC,64.4,64.4,64.4,64.4,248.0
2019-12-24 09:00:00,NSE:XELPMOC,64.5,64.5,63.15,63.15,36.0
2019-12-24 10:00:00,NSE:XELPMOC,63.1,63.1,60.5,62.0,1525.0
2019-12-24 11:00:00,NSE:XELPMOC,62.5,62.5,61.2,62.0,325.0
2019-12-24 12:00:00,NSE:XELPMOC,62.0,62.0,62.0,62.0,24.0
2019-12-24 13:00:00,NSE:XELPMOC,62.0,62.0,62.0,62.0,6.0
2019-12-24 14:00:00,NSE:XELPMOC,62.25,62.65,62.0,62.0,94.0
2019-12-24 15:00:00,NSE:XELPMOC,62.0,62.0,62.0,62.0,6.0
2019-12-26 09:00:00,NSE:XELPMOC,64.55,64.55,62.0,62.0,51.0
2019-12-26 10:00:00,NSE:XELPMOC,62.85,62.85,62.85,62.85,3.0
2019-12-26 11:00:00,NSE:XELPMOC,61.3,61.3,61.3,61.3,17.0
2019-12-26 12:00:00,NSE:XELPMOC,61.0,61.95,60.0,60.3,3734.0
2019-12-26 13:00:00,NSE:XELPMOC,60.0,60.65,59.75,60.0,1223.0
2019-12-26 14:00:00,NSE:XELPMOC,60.0,60.75,59.5,60.25,548.0
2019-12-26 15:00:00,NSE:XELPMOC,61.0,61.7,61.0,61.7,361.0
2019-12-27 09:00:00,NSE:XELPMOC,63.9,63.9,58.05,61.0,2822.0
2019-12-27 10:00:00,NSE:XELPMOC,61.8,61.8,61.8,61.8,3.0
2019-12-27 11:00:00,NSE:XELPMOC,61.05,61.05,61.0,61.0,401.0
2019-12-27 12:00:00,NSE:XELPMOC,61.0,61.5,59.35,61.5,102.0
2019-12-27 14:00:00,NSE:XELPMOC,60.0,61.3,58.75,61.3,10336.0
2019-12-27 15:00:00,NSE:XELPMOC,60.95,61.4,59.35,59.35,1495.0
2019-12-30 09:00:00,NSE:XELPMOC,59.0,61.95,59.0,61.0,113.0
2019-12-30 10:00:00,NSE:XELPMOC,61.05,61.05,61.0,61.0,77.0
2019-12-30 12:00:00,NSE:XELPMOC,61.0,61.5,60.5,61.25,318.0
2019-12-30 13:00:00,NSE:XELPMOC,61.25,61.45,60.5,60.5,126.0
2019-12-30 14:00:00,NSE:XELPMOC,60.5,61.5,60.4,60.55,181.0
2019-12-30 15:00:00,NSE:XELPMOC,60.15,60.15,60.1,60.1,16.0
2019-12-31 09:00:00,NSE:XELPMOC,62.75,62.75,60.2,60.2,2.0
2019-12-31 10:00:00,NSE:XELPMOC,61.7,62.0,60.85,62.0,1045.0
2019-12-31 11:00:00,NSE:XELPMOC,61.0,61.05,61.0,61.05,42.0
2019-12-31 12:00:00,NSE:XELPMOC,62.0,62.0,62.0,62.0,30.0
2019-12-31 13:00:00,NSE:XELPMOC,61.6,61.6,61.6,61.6,2.0
2019-12-31 14:00:00,NSE:XELPMOC,61.65,61.65,61.65,61.65,1.0
2019-12-31 15:00:00,NSE:XELPMOC,61.45,61.65,61.45,61.65,300.0
2020-01-01 09:00:00,NSE:XELPMOC,60.25,61.45,55.5,58.6,2330.0
2020-01-01 10:00:00,NSE:XELPMOC,59.2,59.5,58.65,58.7,369.0
2020-01-01 11:00:00,NSE:XELPMOC,58.65,59.0,58.65,59.0,237.0
2020-01-01 12:00:00,NSE:XELPMOC,59.8,59.85,59.0,59.0,262.0
2020-01-01 13:00:00,NSE:XELPMOC,59.9,59.9,59.9,59.9,400.0
2020-01-01 14:00:00,NSE:XELPMOC,59.05,59.05,59.05,59.05,25.0
2020-01-01 15:00:00,NSE:XELPMOC,59.1,59.15,59.1,59.15,133.0
2020-01-02 09:00:00,NSE:XELPMOC,61.0,61.35,61.0,61.35,201.0
2020-01-02 10:00:00,NSE:XELPMOC,61.35,61.35,61.35,61.35,500.0
2020-01-02 13:00:00,NSE:XELPMOC,61.25,61.35,61.25,61.35,842.0
2020-01-02 14:00:00,NSE:XELPMOC,60.55,61.5,60.55,60.6,501.0
2020-01-02 15:00:00,NSE:XELPMOC,61.55,61.55,60.75,60.75,47.0
2020-01-03 09:00:00,NSE:XELPMOC,59.65,61.5,59.65,61.5,80.0
2020-01-03 10:00:00,NSE:XELPMOC,63.3,63.3,61.55,62.25,2420.0
2020-01-03 11:00:00,NSE:XELPMOC,62.35,62.35,62.35,62.35,25.0
2020-01-03 12:00:00,NSE:XELPMOC,62.75,62.75,62.75,62.75,129.0
2020-01-03 15:00:00,NSE:XELPMOC,62.55,62.55,62.25,62.25,147.0
2020-01-06 09:00:00,NSE:XELPMOC,62.25,62.25,60.0,60.0,285.0
2020-01-06 10:00:00,NSE:XELPMOC,59.05,60.9,59.05,60.85,1378.0
2020-01-06 11:00:00,NSE:XELPMOC,60.85,62.05,60.35,62.0,1017.0
2020-01-06 12:00:00,NSE:XELPMOC,62.0,62.8,62.0,62.0,668.0
2020-01-06 13:00:00,NSE:XELPMOC,62.0,62.5,62.0,62.0,900.0
2020-01-06 14:00:00,NSE:XELPMOC,62.05,62.05,61.45,62.0,765.0
2020-01-06 15:00:00,NSE:XELPMOC,62.0,62.9,60.2,60.25,1815.0
2020-01-07 09:00:00,NSE:XELPMOC,63.75,63.75,60.0,62.9,94.0
2020-01-07 10:00:00,NSE:XELPMOC,60.65,62.8,60.65,60.8,127.0
2020-01-07 12:00:00,NSE:XELPMOC,61.5,61.5,61.5,61.5,1.0
2020-01-07 13:00:00,NSE:XELPMOC,60.85,60.9,60.75,60.75,510.0
2020-01-07 14:00:00,NSE:XELPMOC,61.0,61.0,60.2,60.2,275.0
2020-01-07 15:00:00,NSE:XELPMOC,60.2,60.2,59.9,59.9,152.0
2020-01-08 09:00:00,NSE:XELPMOC,60.0,60.0,59.9,59.9,221.0
2020-01-08 10:00:00,NSE:XELPMOC,60.25,60.95,60.25,60.95,155.0
2020-01-08 12:00:00,NSE:XELPMOC,60.25,60.25,60.25,60.25,20.0
2020-01-08 13:00:00,NSE:XELPMOC,60.85,62.55,60.85,61.25,766.0
2020-01-08 14:00:00,NSE:XELPMOC,61.7,62.0,61.05,61.25,345.0
2020-01-08 15:00:00,NSE:XELPMOC,61.0,61.0,61.0,61.0,5.0
2020-01-09 09:00:00,NSE:XELPMOC,62.2,62.2,62.2,62.2,1.0
2020-01-09 11:00:00,NSE:XELPMOC,62.2,62.2,61.3,62.2,618.0
2020-01-09 12:00:00,NSE:XELPMOC,62.2,62.2,61.45,62.15,266.0
2020-01-09 13:00:00,NSE:XELPMOC,61.95,62.0,61.55,61.75,43.0
2020-01-09 15:00:00,NSE:XELPMOC,62.1,62.15,62.0,62.15,60.0
2020-01-10 09:00:00,NSE:XELPMOC,65.0,65.0,60.6,60.6,11.0
2020-01-10 10:00:00,NSE:XELPMOC,61.9,61.9,61.9,61.9,1.0
2020-01-10 12:00:00,NSE:XELPMOC,63.0,63.0,61.4,62.5,317.0
2020-01-10 13:00:00,NSE:XELPMOC,61.75,61.75,61.75,61.75,5.0
2020-01-10 14:00:00,NSE:XELPMOC,62.9,62.95,62.9,62.95,6.0
2020-01-10 15:00:00,NSE:XELPMOC,62.65,62.9,61.0,61.0,989.0
2020-01-13 11:00:00,NSE:XELPMOC,61.3,62.8,61.3,62.0,583.0
2020-01-13 12:00:00,NSE:XELPMOC,61.25,61.25,61.25,61.25,5.0
2020-01-13 13:00:00,NSE:XELPMOC,62.0,62.0,62.0,62.0,350.0
2020-01-13 14:00:00,NSE:XELPMOC,62.85,62.85,62.0,62.85,264.0
2020-01-13 15:00:00,NSE:XELPMOC,62.0,62.65,62.0,62.65,125.0
2020-01-14 09:00:00,NSE:XELPMOC,62.65,62.65,61.35,62.65,27.0
2020-01-14 10:00:00,NSE:XELPMOC,62.5,62.5,62.4,62.4,343.0
2020-01-14 11:00:00,NSE:XELPMOC,62.85,62.85,62.85,62.85,1.0
2020-01-14 12:00:00,NSE:XELPMOC,62.85,62.85,62.0,62.85,1730.0
2020-01-14 13:00:00,NSE:XELPMOC,62.85,62.85,62.4,62.65,43.0
2020-01-14 14:00:00,NSE:XELPMOC,62.7,64.0,62.7,64.0,452.0
2020-01-14 15:00:00,NSE:XELPMOC,64.0,64.0,63.4,64.0,130.0
2020-01-15 09:00:00,NSE:XELPMOC,64.0,65.1,64.0,64.9,500.0
2020-01-15 12:00:00,NSE:XELPMOC,64.0,64.0,63.05,63.05,321.0
2020-01-15 13:00:00,NSE:XELPMOC,63.05,63.5,63.0,63.5,370.0
2020-01-15 14:00:00,NSE:XELPMOC,63.5,63.5,63.45,63.45,376.0
2020-01-15 15:00:00,NSE:XELPMOC,63.45,63.45,63.4,63.4,107.0
2020-01-16 09:00:00,NSE:XELPMOC,61.2,65.0,61.2,63.75,827.0
2020-01-16 13:00:00,NSE:XELPMOC,64.65,64.65,64.0,64.0,484.0
2020-01-16 14:00:00,NSE:XELPMOC,64.0,64.65,64.0,64.65,41.0
2020-01-16 15:00:00,NSE:XELPMOC,64.0,64.5,64.0,64.5,642.0
2020-01-17 09:00:00,NSE:XELPMOC,62.05,62.2,62.05,62.2,152.0
2020-01-17 10:00:00,NSE:XELPMOC,63.0,64.0,63.0,64.0,150.0
2020-01-17 11:00:00,NSE:XELPMOC,64.0,65.0,62.1,63.0,1362.0
2020-01-17 12:00:00,NSE:XELPMOC,63.0,64.65,62.4,62.4,485.0
2020-01-17 14:00:00,NSE:XELPMOC,63.5,63.5,62.55,63.0,286.0
2020-01-17 15:00:00,NSE:XELPMOC,63.0,63.9,62.6,62.65,22.0
2020-01-20 09:00:00,NSE:XELPMOC,66.0,66.0,63.5,63.5,52.0
2020-01-20 10:00:00,NSE:XELPMOC,64.0,64.8,63.5,63.5,93.0
2020-01-20 11:00:00,NSE:XELPMOC,63.5,63.5,63.5,63.5,3.0
2020-01-20 12:00:00,NSE:XELPMOC,63.95,64.5,63.55,63.55,173.0
2020-01-20 13:00:00,NSE:XELPMOC,63.55,63.55,63.25,63.25,570.0
2020-01-20 14:00:00,NSE:XELPMOC,63.25,63.55,63.25,63.5,453.0
2020-01-20 15:00:00,NSE:XELPMOC,63.5,63.5,63.5,63.5,127.0
2020-01-21 09:00:00,NSE:XELPMOC,64.75,64.75,61.8,61.8,3022.0
2020-01-21 10:00:00,NSE:XELPMOC,62.9,63.0,62.9,63.0,1755.0
2020-01-21 13:00:00,NSE:XELPMOC,63.0,63.0,63.0,63.0,753.0
2020-01-21 14:00:00,NSE:XELPMOC,63.0,64.65,62.05,64.65,1800.0
2020-01-21 15:00:00,NSE:XELPMOC,64.3,64.35,63.0,63.0,1105.0
2020-01-22 09:00:00,NSE:XELPMOC,67.0,67.0,64.0,65.5,328.0
2020-01-22 10:00:00,NSE:XELPMOC,65.5,65.5,63.0,63.0,583.0
2020-01-22 11:00:00,NSE:XELPMOC,63.0,63.45,63.0,63.45,204.0
2020-01-22 12:00:00,NSE:XELPMOC,63.4,63.4,63.4,63.4,48.0
2020-01-22 13:00:00,NSE:XELPMOC,63.5,64.05,63.5,64.0,105.0
2020-01-22 15:00:00,NSE:XELPMOC,64.0,64.0,63.55,63.55,33.0
2020-01-23 09:00:00,NSE:XELPMOC,63.0,63.0,63.0,63.0,100.0
2020-01-23 10:00:00,NSE:XELPMOC,63.3,64.3,63.05,64.15,2200.0
2020-01-23 11:00:00,NSE:XELPMOC,63.7,64.15,63.7,64.05,488.0
2020-01-23 12:00:00,NSE:XELPMOC,64.1,64.35,63.5,63.5,1181.0
2020-01-23 13:00:00,NSE:XELPMOC,63.55,64.0,63.35,63.35,653.0
2020-01-23 14:00:00,NSE:XELPMOC,63.35,63.35,63.05,63.05,689.0
2020-01-23 15:00:00,NSE:XELPMOC,63.5,63.5,63.5,63.5,3.0
2020-01-24 09:00:00,NSE:XELPMOC,63.0,65.7,63.0,64.0,3.0
2020-01-24 10:00:00,NSE:XELPMOC,64.0,64.5,63.15,64.0,110.0
2020-01-24 11:00:00,NSE:XELPMOC,63.7,64.1,63.15,63.15,203.0
2020-01-24 12:00:00,NSE:XELPMOC,63.3,64.0,63.25,63.9,566.0
2020-01-24 13:00:00,NSE:XELPMOC,63.8,64.0,63.8,64.0,49.0
2020-01-24 15:00:00,NSE:XELPMOC,63.15,63.45,63.15,63.25,355.0
2020-01-27 09:00:00,NSE:XELPMOC,63.3,65.5,63.2,65.5,100.0
2020-01-27 10:00:00,NSE:XELPMOC,63.0,64.85,63.0,63.5,80.0
2020-01-27 11:00:00,NSE:XELPMOC,63.25,63.25,63.25,63.25,30.0
2020-01-27 12:00:00,NSE:XELPMOC,63.25,64.25,63.25,63.95,155.0
2020-01-27 13:00:00,NSE:XELPMOC,63.6,64.15,63.35,63.35,311.0
2020-01-27 14:00:00,NSE:XELPMOC,63.35,63.35,63.35,63.35,500.0
2020-01-27 15:00:00,NSE:XELPMOC,63.55,64.35,63.35,63.5,47.0
2020-01-28 09:00:00,NSE:XELPMOC,65.9,65.9,64.85,64.85,78.0
2020-01-28 11:00:00,NSE:XELPMOC,64.35,64.35,63.8,64.1,386.0
2020-01-28 12:00:00,NSE:XELPMOC,64.1,64.2,63.8,63.8,44.0
2020-01-28 13:00:00,NSE:XELPMOC,64.4,64.4,64.4,64.4,13.0
2020-01-28 14:00:00,NSE:XELPMOC,64.0,64.0,64.0,64.0,28.0
2020-01-28 15:00:00,NSE:XELPMOC,64.0,64.0,63.8,63.8,16.0
2020-01-29 10:00:00,NSE:XELPMOC,63.95,75.0,63.65,66.0,5091.0
2020-01-29 11:00:00,NSE:XELPMOC,65.3,68.0,65.3,66.0,2778.0
2020-01-29 12:00:00,NSE:XELPMOC,65.3,65.55,65.2,65.2,103.0
2020-01-29 13:00:00,NSE:XELPMOC,65.2,65.2,65.2,65.2,98.0
2020-01-29 14:00:00,NSE:XELPMOC,64.75,64.75,63.65,63.65,474.0
2020-01-29 15:00:00,NSE:XELPMOC,63.35,63.55,63.35,63.4,587.0
2020-01-30 09:00:00,NSE:XELPMOC,63.2,64.7,61.0,61.5,440.0
2020-01-30 11:00:00,NSE:XELPMOC,61.5,62.0,61.5,62.0,2.0
2020-01-30 12:00:00,NSE:XELPMOC,62.0,62.2,62.0,62.2,101.0
2020-01-30 14:00:00,NSE:XELPMOC,62.2,62.7,62.1,62.7,154.0
2020-01-30 15:00:00,NSE:XELPMOC,62.15,62.4,62.1,62.1,86.0
2020-01-31 09:00:00,NSE:XELPMOC,61.0,62.75,61.0,62.75,195.0
2020-01-31 10:00:00,NSE:XELPMOC,63.5,64.5,63.1,63.4,2498.0
2020-01-31 11:00:00,NSE:XELPMOC,63.4,64.4,62.75,63.7,410.0
2020-01-31 13:00:00,NSE:XELPMOC,62.9,62.9,62.9,62.9,3.0
2020-01-31 14:00:00,NSE:XELPMOC,63.1,63.1,63.1,63.1,7.0
2020-01-31 15:00:00,NSE:XELPMOC,63.5,63.55,63.5,63.55,25.0
2020-02-01 11:00:00,NSE:XELPMOC,64.3,64.3,63.5,64.0,56.0
2020-02-01 12:00:00,NSE:XELPMOC,64.9,64.9,62.3,62.6,1353.0
2020-02-01 13:00:00,NSE:XELPMOC,62.55,62.55,61.15,62.4,720.0
2020-02-01 14:00:00,NSE:XELPMOC,62.3,62.3,62.3,62.3,1.0
2020-02-01 15:00:00,NSE:XELPMOC,63.0,63.0,63.0,63.0,5.0
2020-02-03 09:00:00,NSE:XELPMOC,62.5,65.35,62.5,65.35,2.0
2020-02-03 10:00:00,NSE:XELPMOC,60.65,64.0,60.65,62.55,683.0
2020-02-03 11:00:00,NSE:XELPMOC,62.0,62.0,62.0,62.0,435.0
2020-02-03 12:00:00,NSE:XELPMOC,62.0,62.0,61.05,62.0,215.0
2020-02-03 14:00:00,NSE:XELPMOC,62.0,62.0,61.5,62.0,164.0
2020-02-03 15:00:00,NSE:XELPMOC,61.95,61.95,61.5,61.5,12.0
2020-02-04 09:00:00,NSE:XELPMOC,61.5,62.0,61.5,61.95,162.0
2020-02-04 10:00:00,NSE:XELPMOC,61.9,62.0,61.5,62.0,270.0
2020-02-04 11:00:00,NSE:XELPMOC,61.9,62.95,61.55,62.7,1128.0
2020-02-04 12:00:00,NSE:XELPMOC,62.55,62.7,62.1,62.7,605.0
2020-02-04 13:00:00,NSE:XELPMOC,63.5,63.5,63.5,63.5,215.0
2020-02-04 14:00:00,NSE:XELPMOC,63.0,64.85,63.0,64.0,1089.0
2020-02-04 15:00:00,NSE:XELPMOC,63.55,63.55,63.55,63.55,1.0
2020-02-05 09:00:00,NSE:XELPMOC,62.1,67.25,62.1,66.0,2151.0
2020-02-05 10:00:00,NSE:XELPMOC,66.0,67.0,65.2,67.0,2331.0
2020-02-05 11:00:00,NSE:XELPMOC,66.0,75.0,65.7,73.4,8515.0
2020-02-05 12:00:00,NSE:XELPMOC,73.2,76.25,72.0,72.4,26808.0
2020-02-05 13:00:00,NSE:XELPMOC,73.75,73.9,67.75,67.75,7416.0
2020-02-05 14:00:00,NSE:XELPMOC,68.55,69.5,66.3,67.65,2926.0
2020-02-05 15:00:00,NSE:XELPMOC,66.7,66.7,63.1,64.1,4892.0
2020-02-06 09:00:00,NSE:XELPMOC,66.85,68.9,66.35,67.0,3749.0
2020-02-06 10:00:00,NSE:XELPMOC,64.1,67.2,64.1,66.9,357.0
2020-02-06 11:00:00,NSE:XELPMOC,66.8,67.25,66.0,67.25,1017.0
2020-02-06 12:00:00,NSE:XELPMOC,66.05,66.05,64.85,65.0,375.0
2020-02-06 13:00:00,NSE:XELPMOC,65.0,65.0,63.35,63.4,319.0
2020-02-06 14:00:00,NSE:XELPMOC,64.85,64.9,64.85,64.9,142.0
2020-02-06 15:00:00,NSE:XELPMOC,63.25,65.0,63.0,64.75,248.0
2020-02-07 09:00:00,NSE:XELPMOC,64.9,64.9,62.35,62.35,15.0
2020-02-07 10:00:00,NSE:XELPMOC,62.5,65.85,62.5,65.75,192.0
2020-02-07 11:00:00,NSE:XELPMOC,65.75,65.75,65.0,65.0,48.0
2020-02-07 12:00:00,NSE:XELPMOC,64.2,65.0,63.65,65.0,193.0
2020-02-07 13:00:00,NSE:XELPMOC,64.0,64.0,62.55,62.55,310.0
2020-02-07 14:00:00,NSE:XELPMOC,63.5,64.0,63.05,63.85,641.0
2020-02-07 15:00:00,NSE:XELPMOC,63.4,63.9,63.25,63.25,304.0
2020-02-10 09:00:00,NSE:XELPMOC,65.75,65.75,62.0,62.05,387.0
2020-02-10 10:00:00,NSE:XELPMOC,63.1,63.1,63.1,63.1,1.0
2020-02-10 11:00:00,NSE:XELPMOC,63.8,64.8,63.0,63.25,2659.0
2020-02-10 12:00:00,NSE:XELPMOC,63.45,64.25,63.3,63.75,330.0
2020-02-10 13:00:00,NSE:XELPMOC,63.5,63.9,63.5,63.9,151.0
2020-02-10 14:00:00,NSE:XELPMOC,63.6,64.85,63.6,64.85,61.0
2020-02-10 15:00:00,NSE:XELPMOC,64.0,64.85,63.65,63.65,442.0
2020-02-11 09:00:00,NSE:XELPMOC,64.9,64.9,64.9,64.9,5.0
2020-02-11 10:00:00,NSE:XELPMOC,65.65,65.65,63.65,63.65,110.0
2020-02-11 11:00:00,NSE:XELPMOC,63.65,63.65,63.65,63.65,890.0
2020-02-11 12:00:00,NSE:XELPMOC,63.6,64.3,63.15,64.0,1772.0
2020-02-11 13:00:00,NSE:XELPMOC,63.15,63.15,63.15,63.15,517.0
2020-02-11 14:00:00,NSE:XELPMOC,63.55,64.0,63.55,64.0,115.0
2020-02-11 15:00:00,NSE:XELPMOC,63.65,65.45,63.65,63.8,315.0
2020-02-12 09:00:00,NSE:XELPMOC,65.45,65.45,65.45,65.45,25.0
2020-02-12 10:00:00,NSE:XELPMOC,64.1,64.1,64.0,64.0,1123.0
2020-02-12 11:00:00,NSE:XELPMOC,64.8,67.5,64.15,66.95,3675.0
2020-02-12 12:00:00,NSE:XELPMOC,64.65,65.8,64.55,65.8,1284.0
2020-02-12 13:00:00,NSE:XELPMOC,64.6,65.85,64.6,64.95,368.0
2020-02-12 14:00:00,NSE:XELPMOC,65.6,65.65,64.65,64.65,162.0
2020-02-12 15:00:00,NSE:XELPMOC,64.6,65.8,64.6,65.8,49.0
2020-02-13 09:00:00,NSE:XELPMOC,65.8,66.9,65.8,65.8,51.0
2020-02-13 10:00:00,NSE:XELPMOC,64.35,64.35,64.35,64.35,20.0
2020-02-13 11:00:00,NSE:XELPMOC,65.8,65.8,65.6,65.6,220.0
2020-02-13 12:00:00,NSE:XELPMOC,65.5,66.0,65.25,66.0,152.0
2020-02-13 13:00:00,NSE:XELPMOC,65.45,65.45,63.05,63.05,3276.0
2020-02-13 14:00:00,NSE:XELPMOC,63.15,63.9,59.0,59.0,4675.0
2020-02-13 15:00:00,NSE:XELPMOC,60.0,60.05,59.0,60.0,2021.0
2020-02-14 09:00:00,NSE:XELPMOC,63.0,63.2,61.05,63.2,493.0
2020-02-14 10:00:00,NSE:XELPMOC,63.0,63.0,61.0,62.85,167.0
2020-02-14 11:00:00,NSE:XELPMOC,62.7,62.7,61.2,61.2,9.0
2020-02-14 12:00:00,NSE:XELPMOC,61.0,61.0,60.0,60.0,1348.0
2020-02-14 14:00:00,NSE:XELPMOC,60.55,61.4,60.2,60.2,67.0
2020-02-14 15:00:00,NSE:XELPMOC,60.2,61.0,60.2,60.5,72.0
2020-02-17 10:00:00,NSE:XELPMOC,61.0,61.0,60.0,60.0,186.0
2020-02-17 11:00:00,NSE:XELPMOC,60.0,60.2,60.0,60.1,243.0
2020-02-17 12:00:00,NSE:XELPMOC,60.35,61.3,60.15,60.15,134.0
2020-02-17 13:00:00,NSE:XELPMOC,60.15,60.6,60.1,60.15,169.0
2020-02-17 15:00:00,NSE:XELPMOC,60.85,61.35,60.1,60.1,363.0
2020-02-18 09:00:00,NSE:XELPMOC,60.05,62.6,60.05,60.05,68.0
2020-02-18 10:00:00,NSE:XELPMOC,60.6,61.95,60.5,60.5,1398.0
2020-02-18 11:00:00,NSE:XELPMOC,60.5,61.6,60.5,61.6,113.0
2020-02-18 12:00:00,NSE:XELPMOC,60.55,61.55,60.55,60.6,34.0
2020-02-18 14:00:00,NSE:XELPMOC,61.55,61.6,61.55,61.55,111.0
2020-02-18 15:00:00,NSE:XELPMOC,60.7,60.7,60.5,60.55,475.0
2020-02-19 10:00:00,NSE:XELPMOC,60.15,60.15,59.0,60.0,505.0
2020-02-19 11:00:00,NSE:XELPMOC,60.0,60.0,60.0,60.0,15.0
2020-02-19 12:00:00,NSE:XELPMOC,60.0,60.0,59.35,60.0,542.0
2020-02-19 13:00:00,NSE:XELPMOC,59.75,60.0,59.05,60.0,1286.0
2020-02-19 14:00:00,NSE:XELPMOC,59.95,60.0,59.95,60.0,350.0
2020-02-19 15:00:00,NSE:XELPMOC,59.05,60.0,58.0,60.0,536.0
2020-02-20 09:00:00,NSE:XELPMOC,58.75,59.9,58.75,59.9,195.0
2020-02-20 12:00:00,NSE:XELPMOC,58.75,58.75,58.75,58.75,77.0
2020-02-20 13:00:00,NSE:XELPMOC,58.75,58.75,58.75,58.75,10.0
2020-02-20 14:00:00,NSE:XELPMOC,58.75,59.75,58.1,58.1,1641.0
2020-02-20 15:00:00,NSE:XELPMOC,58.65,58.75,58.65,58.75,8.0
2020-02-24 09:00:00,NSE:XELPMOC,58.0,58.0,57.3,57.55,582.0
2020-02-24 10:00:00,NSE:XELPMOC,57.55,59.4,57.05,59.4,447.0
2020-02-24 11:00:00,NSE:XELPMOC,57.1,58.0,57.1,57.1,599.0
2020-02-24 12:00:00,NSE:XELPMOC,57.1,58.0,55.7,55.85,2020.0
2020-02-24 13:00:00,NSE:XELPMOC,55.85,58.9,55.75,56.15,893.0
2020-02-24 14:00:00,NSE:XELPMOC,56.15,58.85,55.0,56.55,2706.0
2020-02-24 15:00:00,NSE:XELPMOC,56.55,58.95,56.5,57.65,415.0
2020-02-25 09:00:00,NSE:XELPMOC,59.0,59.0,59.0,59.0,101.0
2020-02-25 10:00:00,NSE:XELPMOC,58.95,59.7,58.95,59.7,60.0
2020-02-25 11:00:00,NSE:XELPMOC,57.05,57.05,57.0,57.0,124.0
2020-02-25 12:00:00,NSE:XELPMOC,59.0,59.0,55.05,55.5,428.0
2020-02-25 13:00:00,NSE:XELPMOC,55.5,56.0,53.55,53.55,1020.0
2020-02-25 14:00:00,NSE:XELPMOC,53.55,55.0,53.1,53.1,1321.0
2020-02-25 15:00:00,NSE:XELPMOC,53.0,53.5,51.0,52.6,737.0
2020-02-26 09:00:00,NSE:XELPMOC,51.0,54.25,51.0,53.25,428.0
2020-02-26 10:00:00,NSE:XELPMOC,53.25,54.0,53.25,53.7,399.0
2020-02-26 11:00:00,NSE:XELPMOC,53.7,53.8,53.35,53.8,16.0
2020-02-26 12:00:00,NSE:XELPMOC,53.8,56.3,53.8,55.0,694.0
2020-02-26 13:00:00,NSE:XELPMOC,55.3,55.3,55.3,55.3,6.0
2020-02-26 15:00:00,NSE:XELPMOC,54.65,56.35,54.4,56.35,393.0
2020-02-27 09:00:00,NSE:XELPMOC,55.0,55.0,55.0,55.0,10.0
2020-02-27 10:00:00,NSE:XELPMOC,56.35,56.35,56.35,56.35,15.0
2020-02-27 11:00:00,NSE:XELPMOC,54.1,54.1,54.1,54.1,1.0
2020-02-27 13:00:00,NSE:XELPMOC,54.15,55.0,54.15,54.45,248.0
2020-02-27 14:00:00,NSE:XELPMOC,54.2,55.65,54.2,55.65,25.0
2020-02-27 15:00:00,NSE:XELPMOC,54.35,54.35,54.35,54.35,149.0
2020-02-28 09:00:00,NSE:XELPMOC,51.05,53.0,51.0,51.15,32.0
2020-02-28 10:00:00,NSE:XELPMOC,51.25,52.1,51.25,52.0,20.0
2020-02-28 11:00:00,NSE:XELPMOC,52.95,54.35,52.95,54.35,317.0
2020-02-28 12:00:00,NSE:XELPMOC,52.1,54.35,52.1,54.35,210.0
2020-02-28 13:00:00,NSE:XELPMOC,54.05,54.35,52.55,54.35,82.0
2020-02-28 14:00:00,NSE:XELPMOC,54.0,54.65,54.0,54.1,867.0
2020-02-28 15:00:00,NSE:XELPMOC,52.5,54.0,50.45,54.0,2409.0
2020-03-02 09:00:00,NSE:XELPMOC,55.0,55.0,54.85,54.85,122.0
2020-03-02 10:00:00,NSE:XELPMOC,54.55,54.65,52.0,54.65,143.0
2020-03-02 11:00:00,NSE:XELPMOC,54.0,54.0,51.95,51.95,424.0
2020-03-02 12:00:00,NSE:XELPMOC,52.0,52.05,51.8,52.05,277.0
2020-03-02 14:00:00,NSE:XELPMOC,52.3,52.3,52.3,52.3,44.0
2020-03-02 15:00:00,NSE:XELPMOC,52.5,54.65,52.1,52.1,475.0
2020-03-03 09:00:00,NSE:XELPMOC,52.25,52.25,52.25,52.25,60.0
2020-03-03 12:00:00,NSE:XELPMOC,54.0,54.0,54.0,54.0,50.0
2020-03-03 14:00:00,NSE:XELPMOC,51.0,51.9,51.0,51.0,220.0
2020-03-03 15:00:00,NSE:XELPMOC,51.8,55.0,51.2,55.0,410.0
2020-03-04 09:00:00,NSE:XELPMOC,50.3,52.1,50.3,51.4,317.0
2020-03-04 10:00:00,NSE:XELPMOC,51.6,51.6,51.6,51.6,55.0
2020-03-04 12:00:00,NSE:XELPMOC,51.6,51.6,51.6,51.6,75.0
2020-03-04 13:00:00,NSE:XELPMOC,51.5,51.5,51.5,51.5,112.0
2020-03-04 14:00:00,NSE:XELPMOC,53.5,53.5,52.0,52.0,24.0
2020-03-04 15:00:00,NSE:XELPMOC,53.55,53.55,51.5,51.5,215.0
2020-03-05 09:00:00,NSE:XELPMOC,51.0,51.0,51.0,51.0,10.0
2020-03-05 10:00:00,NSE:XELPMOC,51.0,51.0,47.4,49.95,377.0
2020-03-05 11:00:00,NSE:XELPMOC,50.0,51.35,49.2,51.05,470.0
2020-03-05 12:00:00,NSE:XELPMOC,51.0,51.05,51.0,51.05,56.0
2020-03-05 13:00:00,NSE:XELPMOC,51.0,51.05,51.0,51.05,276.0
2020-03-05 14:00:00,NSE:XELPMOC,51.3,51.85,51.3,51.85,41.0
2020-03-05 15:00:00,NSE:XELPMOC,53.0,53.0,53.0,53.0,149.0
2020-03-06 09:00:00,NSE:XELPMOC,50.0,54.35,47.0,47.65,322.0
2020-03-06 10:00:00,NSE:XELPMOC,47.65,50.55,47.65,49.0,351.0
2020-03-06 11:00:00,NSE:XELPMOC,49.0,50.6,49.0,50.6,54.0
2020-03-06 12:00:00,NSE:XELPMOC,54.9,54.9,51.0,52.0,236.0
2020-03-06 13:00:00,NSE:XELPMOC,52.0,52.0,52.0,52.0,154.0
2020-03-06 14:00:00,NSE:XELPMOC,54.3,54.3,52.0,52.0,113.0
2020-03-06 15:00:00,NSE:XELPMOC,53.3,53.3,52.0,52.0,74.0
2020-03-09 09:00:00,NSE:XELPMOC,54.4,54.4,44.2,47.9,1019.0
2020-03-09 10:00:00,NSE:XELPMOC,47.9,53.5,46.15,47.55,494.0
2020-03-09 11:00:00,NSE:XELPMOC,49.5,52.45,49.5,52.45,110.0
2020-03-09 13:00:00,NSE:XELPMOC,50.05,52.35,46.25,49.85,991.0
2020-03-09 14:00:00,NSE:XELPMOC,49.85,49.9,49.85,49.9,114.0
2020-03-09 15:00:00,NSE:XELPMOC,51.05,53.4,51.05,52.05,163.0
2020-03-11 09:00:00,NSE:XELPMOC,48.45,53.35,48.45,53.35,6.0
2020-03-11 10:00:00,NSE:XELPMOC,52.35,53.3,51.1,53.3,693.0
2020-03-11 11:00:00,NSE:XELPMOC,52.0,52.6,52.0,52.6,29.0
2020-03-11 12:00:00,NSE:XELPMOC,53.35,54.0,53.35,54.0,30.0
2020-03-11 13:00:00,NSE:XELPMOC,54.2,56.3,54.2,54.6,808.0
2020-03-11 14:00:00,NSE:XELPMOC,54.7,55.0,54.7,55.0,288.0
2020-03-11 15:00:00,NSE:XELPMOC,54.05,57.95,53.0,56.0,901.0
2020-03-12 09:00:00,NSE:XELPMOC,52.05,55.6,52.05,52.05,111.0
2020-03-12 10:00:00,NSE:XELPMOC,52.05,52.05,52.05,52.05,160.0
2020-03-12 11:00:00,NSE:XELPMOC,50.1,55.0,50.1,55.0,510.0
2020-03-12 12:00:00,NSE:XELPMOC,54.5,54.7,54.5,54.7,500.0
2020-03-12 13:00:00,NSE:XELPMOC,52.75,52.75,52.75,52.75,150.0
2020-03-12 15:00:00,NSE:XELPMOC,52.9,52.9,52.9,52.9,1000.0
2020-03-13 09:00:00,NSE:XELPMOC,42.55,45.0,42.55,45.0,1900.0
2020-03-13 10:00:00,NSE:XELPMOC,45.0,53.95,42.35,47.15,2845.0
2020-03-13 11:00:00,NSE:XELPMOC,49.95,51.85,49.95,51.85,85.0
2020-03-13 12:00:00,NSE:XELPMOC,49.95,51.65,49.95,51.65,190.0
2020-03-13 13:00:00,NSE:XELPMOC,52.0,54.0,52.0,53.0,315.0
2020-03-13 14:00:00,NSE:XELPMOC,50.0,50.0,50.0,50.0,50.0
2020-03-13 15:00:00,NSE:XELPMOC,52.8,53.0,52.0,53.0,156.0
2020-03-16 09:00:00,NSE:XELPMOC,53.0,53.95,50.6,53.95,197.0
2020-03-16 11:00:00,NSE:XELPMOC,53.45,53.45,51.3,51.3,51.0
2020-03-16 12:00:00,NSE:XELPMOC,50.7,51.0,50.15,50.5,512.0
2020-03-16 13:00:00,NSE:XELPMOC,51.5,51.5,51.5,51.5,134.0
2020-03-16 14:00:00,NSE:XELPMOC,50.5,50.5,50.5,50.5,54.0
2020-03-16 15:00:00,NSE:XELPMOC,51.4,51.5,51.4,51.5,257.0
2020-03-17 09:00:00,NSE:XELPMOC,44.0,53.9,43.5,53.9,208.0
2020-03-17 10:00:00,NSE:XELPMOC,51.0,51.0,48.0,50.0,328.0
2020-03-17 11:00:00,NSE:XELPMOC,49.85,49.85,49.85,49.85,53.0
2020-03-17 12:00:00,NSE:XELPMOC,49.85,50.0,49.85,50.0,88.0
2020-03-17 13:00:00,NSE:XELPMOC,50.0,50.0,50.0,50.0,167.0
2020-03-17 14:00:00,NSE:XELPMOC,49.95,49.95,49.95,49.95,6.0
2020-03-17 15:00:00,NSE:XELPMOC,50.0,50.0,49.95,50.0,94.0
2020-03-18 09:00:00,NSE:XELPMOC,53.05,53.05,48.3,52.0,427.0
2020-03-18 10:00:00,NSE:XELPMOC,51.3,51.9,49.1,49.1,223.0
2020-03-18 11:00:00,NSE:XELPMOC,50.0,50.0,50.0,50.0,100.0
2020-03-18 12:00:00,NSE:XELPMOC,50.0,50.0,49.55,49.55,2.0
2020-03-18 13:00:00,NSE:XELPMOC,50.5,50.9,50.5,50.9,10.0
2020-03-18 14:00:00,NSE:XELPMOC,51.9,52.0,47.8,48.5,2724.0
2020-03-18 15:00:00,NSE:XELPMOC,47.75,47.75,40.35,40.35,637.0
2020-03-19 09:00:00,NSE:XELPMOC,44.05,45.55,40.45,40.45,257.0
2020-03-19 10:00:00,NSE:XELPMOC,42.45,42.45,42.45,42.45,5.0
2020-03-19 11:00:00,NSE:XELPMOC,42.55,45.0,42.55,43.0,278.0
2020-03-19 13:00:00,NSE:XELPMOC,43.45,44.0,43.45,44.0,98.0
2020-03-19 14:00:00,NSE:XELPMOC,44.0,44.0,43.15,43.15,161.0
2020-03-19 15:00:00,NSE:XELPMOC,44.0,44.0,44.0,44.0,102.0
2020-03-20 09:00:00,NSE:XELPMOC,41.0,50.0,41.0,49.45,677.0
2020-03-20 10:00:00,NSE:XELPMOC,48.8,48.8,45.5,48.15,183.0
2020-03-20 13:00:00,NSE:XELPMOC,46.95,46.95,46.95,46.95,1.0
2020-03-20 14:00:00,NSE:XELPMOC,46.45,46.45,46.45,46.45,5.0
2020-03-20 15:00:00,NSE:XELPMOC,46.0,46.0,41.3,43.9,586.0
2020-03-23 09:00:00,NSE:XELPMOC,40.0,45.9,40.0,40.0,162.0
2020-03-23 10:00:00,NSE:XELPMOC,45.45,45.45,45.45,45.45,162.0
2020-03-23 11:00:00,NSE:XELPMOC,38.0,43.0,38.0,38.0,53.0
2020-03-23 12:00:00,NSE:XELPMOC,38.5,42.5,38.5,40.0,303.0
2020-03-23 13:00:00,NSE:XELPMOC,40.0,40.05,40.0,40.05,163.0
2020-03-23 14:00:00,NSE:XELPMOC,40.15,47.9,38.05,45.0,538.0
2020-03-23 15:00:00,NSE:XELPMOC,46.0,48.8,46.0,46.0,266.0
2020-03-24 09:00:00,NSE:XELPMOC,48.7,48.7,45.3,45.3,457.0
2020-03-24 10:00:00,NSE:XELPMOC,45.3,45.3,45.3,45.3,45.0
2020-03-24 11:00:00,NSE:XELPMOC,45.2,45.2,45.2,45.2,5.0
2020-03-24 12:00:00,NSE:XELPMOC,44.9,44.9,44.9,44.9,5.0
2020-03-24 14:00:00,NSE:XELPMOC,44.75,44.75,42.0,42.0,180.0
2020-03-24 15:00:00,NSE:XELPMOC,40.0,44.0,40.0,44.0,528.0
2020-03-25 10:00:00,NSE:XELPMOC,40.05,40.05,40.05,40.05,34.0
2020-03-25 12:00:00,NSE:XELPMOC,40.1,40.1,40.1,40.1,162.0
2020-03-25 13:00:00,NSE:XELPMOC,40.05,41.85,40.05,41.75,255.0
2020-03-25 14:00:00,NSE:XELPMOC,42.5,43.0,42.0,43.0,188.0
2020-03-25 15:00:00,NSE:XELPMOC,43.0,46.0,43.0,46.0,503.0
2020-03-26 09:00:00,NSE:XELPMOC,46.0,46.0,46.0,46.0,30.0
2020-03-26 10:00:00,NSE:XELPMOC,45.0,45.0,45.0,45.0,51.0
2020-03-26 11:00:00,NSE:XELPMOC,43.0,44.95,43.0,44.95,1407.0
2020-03-26 13:00:00,NSE:XELPMOC,46.0,46.0,46.0,46.0,2.0
2020-03-26 14:00:00,NSE:XELPMOC,46.0,46.0,46.0,46.0,249.0
2020-03-26 15:00:00,NSE:XELPMOC,48.5,48.5,48.5,48.5,29.0
2020-03-27 09:00:00,NSE:XELPMOC,53.0,53.0,48.0,52.0,273.0
2020-03-27 10:00:00,NSE:XELPMOC,48.1,48.1,48.1,48.1,2.0
2020-03-27 11:00:00,NSE:XELPMOC,49.95,49.95,49.95,49.95,21.0
2020-03-27 12:00:00,NSE:XELPMOC,50.0,51.45,49.7,51.0,71.0
2020-03-27 13:00:00,NSE:XELPMOC,49.45,49.45,49.45,49.45,60.0
2020-03-27 14:00:00,NSE:XELPMOC,48.0,49.3,48.0,49.3,527.0
2020-03-27 15:00:00,NSE:XELPMOC,48.25,48.25,46.6,46.6,209.0
2020-03-30 09:00:00,NSE:XELPMOC,45.0,45.0,44.95,44.95,9.0
2020-03-30 10:00:00,NSE:XELPMOC,45.0,45.0,43.9,44.0,718.0
2020-03-30 11:00:00,NSE:XELPMOC,44.05,44.05,43.25,43.35,310.0
2020-03-30 12:00:00,NSE:XELPMOC,43.4,44.1,43.4,44.05,743.0
2020-03-30 13:00:00,NSE:XELPMOC,44.05,44.05,44.05,44.05,221.0
2020-03-30 14:00:00,NSE:XELPMOC,44.1,44.1,44.1,44.1,1.0
2020-03-30 15:00:00,NSE:XELPMOC,44.05,44.05,44.05,44.05,288.0
2020-03-31 09:00:00,NSE:XELPMOC,45.15,45.9,42.75,45.9,149.0
2020-03-31 11:00:00,NSE:XELPMOC,41.8,41.8,41.8,41.8,1.0
2020-03-31 15:00:00,NSE:XELPMOC,45.8,50.0,45.8,49.0,2059.0
2020-04-01 09:00:00,NSE:XELPMOC,49.95,50.0,49.95,50.0,50.0
2020-04-01 10:00:00,NSE:XELPMOC,49.75,50.0,48.4,49.9,214.0
2020-04-01 11:00:00,NSE:XELPMOC,48.25,48.25,48.25,48.25,31.0
2020-04-01 12:00:00,NSE:XELPMOC,50.0,50.0,50.0,50.0,2.0
2020-04-01 13:00:00,NSE:XELPMOC,48.2,48.2,46.0,47.0,812.0
2020-04-01 14:00:00,NSE:XELPMOC,47.0,47.0,46.1,46.1,91.0
2020-04-01 15:00:00,NSE:XELPMOC,46.3,50.0,46.3,50.0,61.0
2020-04-03 09:00:00,NSE:XELPMOC,50.15,50.25,47.45,49.15,182.0
2020-04-03 10:00:00,NSE:XELPMOC,49.8,49.8,43.0,47.95,1178.0
2020-04-03 11:00:00,NSE:XELPMOC,46.8,46.8,46.8,46.8,2.0
2020-04-03 14:00:00,NSE:XELPMOC,46.5,46.5,43.75,46.0,316.0
2020-04-03 15:00:00,NSE:XELPMOC,46.0,46.05,44.15,46.05,222.0
2020-04-07 09:00:00,NSE:XELPMOC,43.05,49.7,42.95,45.0,535.0
2020-04-07 10:00:00,NSE:XELPMOC,45.0,45.0,43.75,45.0,1175.0
2020-04-07 11:00:00,NSE:XELPMOC,45.6,46.75,43.95,45.9,90.0
2020-04-07 12:00:00,NSE:XELPMOC,44.05,44.05,44.05,44.05,1.0
2020-04-07 13:00:00,NSE:XELPMOC,45.05,45.05,45.05,45.05,1.0
2020-04-07 14:00:00,NSE:XELPMOC,44.1,44.1,44.1,44.1,110.0
2020-04-07 15:00:00,NSE:XELPMOC,45.0,45.8,44.1,44.1,228.0
2020-04-08 09:00:00,NSE:XELPMOC,45.55,47.75,41.5,42.25,324.0
2020-04-08 10:00:00,NSE:XELPMOC,46.55,46.55,43.3,43.3,13.0
2020-04-08 11:00:00,NSE:XELPMOC,46.9,46.9,43.25,43.25,300.0
2020-04-08 12:00:00,NSE:XELPMOC,43.65,43.65,43.65,43.65,28.0
2020-04-08 13:00:00,NSE:XELPMOC,43.65,44.95,43.4,44.95,209.0
2020-04-08 15:00:00,NSE:XELPMOC,43.55,43.55,43.55,43.55,105.0
2020-04-09 09:00:00,NSE:XELPMOC,42.0,45.8,40.55,43.0,782.0
2020-04-09 10:00:00,NSE:XELPMOC,43.0,44.0,42.95,44.0,361.0
2020-04-09 11:00:00,NSE:XELPMOC,44.8,46.5,44.6,44.6,85.0
2020-04-09 12:00:00,NSE:XELPMOC,46.65,46.65,46.65,46.65,3.0
2020-04-09 13:00:00,NSE:XELPMOC,44.6,44.6,44.6,44.6,2.0
2020-04-09 15:00:00,NSE:XELPMOC,47.0,47.0,46.0,46.0,120.0
2020-04-13 09:00:00,NSE:XELPMOC,46.25,48.8,44.0,45.0,399.0
2020-04-13 10:00:00,NSE:XELPMOC,47.75,47.75,45.25,47.5,273.0
2020-04-13 11:00:00,NSE:XELPMOC,47.5,48.0,47.5,48.0,115.0
2020-04-13 12:00:00,NSE:XELPMOC,48.0,48.8,48.0,48.0,159.0
2020-04-13 13:00:00,NSE:XELPMOC,47.5,47.5,46.0,46.0,150.0
2020-04-13 14:00:00,NSE:XELPMOC,46.0,46.0,46.0,46.0,150.0
2020-04-13 15:00:00,NSE:XELPMOC,42.2,45.85,42.2,45.85,107.0
2020-04-15 09:00:00,NSE:XELPMOC,42.95,45.95,42.95,45.95,218.0
2020-04-15 10:00:00,NSE:XELPMOC,46.65,46.65,46.65,46.65,4.0
2020-04-15 11:00:00,NSE:XELPMOC,46.5,50.0,45.15,47.45,676.0
2020-04-15 12:00:00,NSE:XELPMOC,47.0,47.0,47.0,47.0,55.0
2020-04-15 13:00:00,NSE:XELPMOC,49.95,49.95,47.0,47.0,103.0
2020-04-15 14:00:00,NSE:XELPMOC,46.95,48.5,45.3,45.3,127.0
2020-04-15 15:00:00,NSE:XELPMOC,48.35,48.4,48.35,48.4,27.0
2020-04-16 09:00:00,NSE:XELPMOC,50.5,50.6,48.75,50.05,156.0
2020-04-16 11:00:00,NSE:XELPMOC,50.9,50.9,50.9,50.9,68.0
2020-04-16 12:00:00,NSE:XELPMOC,50.0,50.0,50.0,50.0,79.0
2020-04-16 13:00:00,NSE:XELPMOC,50.0,50.0,50.0,50.0,54.0
2020-04-16 14:00:00,NSE:XELPMOC,50.0,53.35,50.0,53.35,81.0
2020-04-16 15:00:00,NSE:XELPMOC,50.95,50.95,48.05,50.95,204.0
2020-04-17 09:00:00,NSE:XELPMOC,53.0,53.0,48.0,49.95,174.0
2020-04-17 11:00:00,NSE:XELPMOC,53.0,53.0,52.0,52.9,384.0
2020-04-17 12:00:00,NSE:XELPMOC,52.95,52.95,50.0,50.05,295.0
2020-04-17 13:00:00,NSE:XELPMOC,53.0,53.95,51.0,53.05,2192.0
2020-04-17 14:00:00,NSE:XELPMOC,53.0,54.6,53.0,54.6,62.0
2020-04-17 15:00:00,NSE:XELPMOC,53.95,55.9,53.95,55.9,819.0
2020-04-20 09:00:00,NSE:XELPMOC,59.0,59.0,51.4,51.7,459.0
2020-04-20 10:00:00,NSE:XELPMOC,53.05,53.05,53.0,53.0,6.0
2020-04-20 11:00:00,NSE:XELPMOC,51.85,54.0,51.85,54.0,3.0
2020-04-20 12:00:00,NSE:XELPMOC,51.9,51.9,51.9,51.9,50.0
2020-04-20 14:00:00,NSE:XELPMOC,52.5,52.75,51.85,51.85,24.0
2020-04-20 15:00:00,NSE:XELPMOC,54.9,54.9,51.95,51.95,259.0
2020-04-21 09:00:00,NSE:XELPMOC,48.1,54.3,48.1,50.05,224.0
2020-04-21 10:00:00,NSE:XELPMOC,53.0,53.0,48.4,48.4,128.0
2020-04-21 11:00:00,NSE:XELPMOC,53.8,53.8,53.0,53.7,202.0
2020-04-21 14:00:00,NSE:XELPMOC,51.05,53.7,51.05,53.7,69.0
2020-04-21 15:00:00,NSE:XELPMOC,53.7,56.7,53.7,56.7,151.0
2020-04-22 09:00:00,NSE:XELPMOC,57.45,65.85,57.0,57.0,3980.0
2020-04-22 10:00:00,NSE:XELPMOC,57.0,57.0,53.0,56.45,2525.0
2020-04-22 11:00:00,NSE:XELPMOC,55.3,55.95,54.1,55.5,358.0
2020-04-22 12:00:00,NSE:XELPMOC,55.45,55.45,54.55,54.55,32.0
2020-04-22 13:00:00,NSE:XELPMOC,54.0,54.0,51.45,52.0,773.0
2020-04-22 14:00:00,NSE:XELPMOC,52.0,53.0,51.5,52.95,344.0
2020-04-22 15:00:00,NSE:XELPMOC,52.7,53.4,50.0,53.35,2352.0
2020-04-23 09:00:00,NSE:XELPMOC,54.0,54.3,48.5,52.0,375.0
2020-04-23 10:00:00,NSE:XELPMOC,52.0,53.7,49.25,50.0,119.0
2020-04-23 11:00:00,NSE:XELPMOC,53.5,53.5,49.4,49.4,200.0
2020-04-23 13:00:00,NSE:XELPMOC,49.4,50.0,49.4,50.0,146.0
2020-04-23 14:00:00,NSE:XELPMOC,50.0,50.0,49.95,50.0,6.0
2020-04-23 15:00:00,NSE:XELPMOC,49.4,49.4,49.4,49.4,28.0
2020-04-24 09:00:00,NSE:XELPMOC,48.95,51.95,47.95,51.95,171.0
2020-04-24 10:00:00,NSE:XELPMOC,49.25,49.25,49.2,49.25,101.0
2020-04-24 11:00:00,NSE:XELPMOC,49.45,51.0,49.4,50.0,137.0
2020-04-24 12:00:00,NSE:XELPMOC,50.0,50.0,50.0,50.0,20.0
2020-04-24 13:00:00,NSE:XELPMOC,50.0,50.0,50.0,50.0,10.0
2020-04-24 14:00:00,NSE:XELPMOC,48.0,48.05,47.95,48.05,120.0
2020-04-24 15:00:00,NSE:XELPMOC,48.5,51.65,48.5,51.65,2.0
2020-04-27 09:00:00,NSE:XELPMOC,54.1,54.1,48.55,51.15,281.0
2020-04-27 10:00:00,NSE:XELPMOC,51.15,53.2,51.0,51.0,63.0
2020-04-27 11:00:00,NSE:XELPMOC,46.2,51.6,46.2,48.45,1147.0
2020-04-27 12:00:00,NSE:XELPMOC,48.9,48.9,48.9,48.9,202.0
2020-04-27 13:00:00,NSE:XELPMOC,48.9,50.8,48.8,50.8,130.0
2020-04-27 14:00:00,NSE:XELPMOC,50.75,50.75,49.0,50.7,253.0
2020-04-27 15:00:00,NSE:XELPMOC,49.8,50.7,47.5,50.65,59.0
2020-04-28 09:00:00,NSE:XELPMOC,51.5,52.55,48.05,49.9,400.0
2020-04-28 10:00:00,NSE:XELPMOC,49.8,54.45,48.6,48.6,650.0
2020-04-28 11:00:00,NSE:XELPMOC,53.0,53.0,50.15,52.8,303.0
2020-04-28 12:00:00,NSE:XELPMOC,50.2,52.25,50.15,50.15,101.0
2020-04-28 13:00:00,NSE:XELPMOC,52.7,52.7,50.5,51.5,132.0
2020-04-28 14:00:00,NSE:XELPMOC,51.0,52.65,50.5,52.6,130.0
2020-04-28 15:00:00,NSE:XELPMOC,51.5,52.6,50.5,52.4,411.0
2020-04-29 09:00:00,NSE:XELPMOC,51.1,53.55,50.3,51.0,363.0
2020-04-29 10:00:00,NSE:XELPMOC,50.45,51.05,50.45,51.05,224.0
2020-04-29 11:00:00,NSE:XELPMOC,50.35,50.35,50.35,50.35,17.0
2020-04-29 12:00:00,NSE:XELPMOC,49.0,50.95,49.0,50.0,1061.0
2020-04-29 15:00:00,NSE:XELPMOC,50.0,51.65,49.2,51.5,226.0
2020-04-30 09:00:00,NSE:XELPMOC,51.2,53.95,48.5,50.3,513.0
2020-04-30 10:00:00,NSE:XELPMOC,52.7,52.7,52.7,52.7,30.0
2020-04-30 11:00:00,NSE:XELPMOC,52.3,52.3,50.95,51.0,624.0
2020-04-30 12:00:00,NSE:XELPMOC,51.0,51.4,50.2,51.4,451.0
2020-04-30 13:00:00,NSE:XELPMOC,50.5,52.5,49.2,51.55,922.0
2020-04-30 14:00:00,NSE:XELPMOC,50.15,50.15,49.4,49.4,122.0
2020-04-30 15:00:00,NSE:XELPMOC,51.2,51.2,49.45,50.9,195.0
2020-05-04 09:00:00,NSE:XELPMOC,49.6,52.45,45.05,52.45,360.0
2020-05-04 10:00:00,NSE:XELPMOC,49.45,49.45,49.45,49.45,70.0
2020-05-04 11:00:00,NSE:XELPMOC,49.45,52.6,49.45,52.45,207.0
2020-05-04 12:00:00,NSE:XELPMOC,52.0,52.0,51.9,52.0,815.0
2020-05-04 13:00:00,NSE:XELPMOC,51.5,51.5,51.5,51.5,10.0
2020-05-04 14:00:00,NSE:XELPMOC,51.5,51.5,51.25,51.5,108.0
2020-05-04 15:00:00,NSE:XELPMOC,51.5,52.3,50.0,50.0,526.0
2020-05-05 09:00:00,NSE:XELPMOC,53.25,53.25,50.9,51.05,160.0
2020-05-05 11:00:00,NSE:XELPMOC,53.8,53.8,52.15,52.15,10.0
2020-05-05 12:00:00,NSE:XELPMOC,52.15,52.15,52.0,52.0,53.0
2020-05-05 13:00:00,NSE:XELPMOC,52.0,53.85,52.0,52.0,63.0
2020-05-05 14:00:00,NSE:XELPMOC,52.0,52.0,52.0,52.0,20.0
2020-05-05 15:00:00,NSE:XELPMOC,52.0,53.85,52.0,53.85,39.0
2020-05-06 09:00:00,NSE:XELPMOC,48.6,53.15,48.6,52.35,164.0
2020-05-06 10:00:00,NSE:XELPMOC,52.35,53.1,51.0,53.0,20.0
2020-05-06 11:00:00,NSE:XELPMOC,53.0,53.3,53.0,53.3,52.0
2020-05-06 12:00:00,NSE:XELPMOC,53.3,54.95,53.0,53.5,133.0
2020-05-06 13:00:00,NSE:XELPMOC,55.0,55.0,49.05,50.0,1151.0
2020-05-06 14:00:00,NSE:XELPMOC,52.1,52.1,50.45,52.1,160.0
2020-05-06 15:00:00,NSE:XELPMOC,52.15,54.65,50.0,53.9,2105.0
2020-05-07 09:00:00,NSE:XELPMOC,53.2,53.2,50.3,50.3,151.0
2020-05-07 10:00:00,NSE:XELPMOC,50.45,52.95,50.45,52.9,28.0
2020-05-07 11:00:00,NSE:XELPMOC,52.95,53.2,52.2,52.2,68.0
2020-05-07 13:00:00,NSE:XELPMOC,53.15,53.15,48.45,51.65,1980.0
2020-05-07 14:00:00,NSE:XELPMOC,50.0,50.0,49.95,49.95,96.0
2020-05-07 15:00:00,NSE:XELPMOC,49.95,49.95,46.0,46.9,1353.0
2020-05-08 09:00:00,NSE:XELPMOC,48.35,49.4,47.2,49.4,202.0
2020-05-08 10:00:00,NSE:XELPMOC,50.95,51.75,49.0,49.5,926.0
2020-05-08 11:00:00,NSE:XELPMOC,49.55,51.05,49.5,51.0,583.0
2020-05-08 12:00:00,NSE:XELPMOC,49.5,49.5,49.5,49.5,998.0
2020-05-08 13:00:00,NSE:XELPMOC,52.95,52.95,50.0,50.0,201.0
2020-05-08 14:00:00,NSE:XELPMOC,52.15,52.15,49.0,49.0,1578.0
2020-05-08 15:00:00,NSE:XELPMOC,48.15,49.95,48.0,49.85,1469.0
2020-05-11 09:00:00,NSE:XELPMOC,50.0,51.55,48.7,50.0,255.0
2020-05-11 10:00:00,NSE:XELPMOC,50.0,50.0,48.95,50.0,418.0
2020-05-11 11:00:00,NSE:XELPMOC,48.95,48.95,48.0,48.0,302.0
2020-05-11 13:00:00,NSE:XELPMOC,49.9,49.9,49.9,49.9,90.0
2020-05-11 14:00:00,NSE:XELPMOC,47.3,49.7,47.3,48.0,1250.0
2020-05-11 15:00:00,NSE:XELPMOC,49.05,51.9,47.25,48.75,1091.0
2020-05-12 09:00:00,NSE:XELPMOC,49.6,51.85,47.75,51.85,516.0
2020-05-12 10:00:00,NSE:XELPMOC,50.0,50.95,50.0,50.95,1183.0
2020-05-12 11:00:00,NSE:XELPMOC,50.0,50.0,50.0,50.0,6.0
2020-05-12 12:00:00,NSE:XELPMOC,50.0,50.0,50.0,50.0,10.0
2020-05-12 13:00:00,NSE:XELPMOC,49.95,50.0,48.5,48.5,37.0
2020-05-12 14:00:00,NSE:XELPMOC,49.95,49.95,48.5,49.9,22.0
2020-05-12 15:00:00,NSE:XELPMOC,49.95,49.95,48.1,48.1,575.0
2020-05-13 09:00:00,NSE:XELPMOC,48.55,51.35,47.6,50.8,166.0
2020-05-13 10:00:00,NSE:XELPMOC,48.65,49.55,48.25,48.3,116.0
2020-05-13 11:00:00,NSE:XELPMOC,50.4,50.4,48.15,48.15,220.0
2020-05-13 12:00:00,NSE:XELPMOC,48.15,49.0,48.15,48.15,191.0
2020-05-13 13:00:00,NSE:XELPMOC,48.05,50.0,48.05,50.0,1100.0
2020-05-13 14:00:00,NSE:XELPMOC,49.0,49.9,48.15,49.9,302.0
2020-05-13 15:00:00,NSE:XELPMOC,48.55,49.5,48.15,48.15,231.0
2020-05-14 09:00:00,NSE:XELPMOC,49.4,49.4,46.6,47.05,1592.0
2020-05-14 10:00:00,NSE:XELPMOC,47.1,48.6,47.1,48.6,210.0
2020-05-14 11:00:00,NSE:XELPMOC,47.8,48.25,47.8,48.25,12.0
2020-05-14 12:00:00,NSE:XELPMOC,47.75,48.0,47.25,48.0,394.0
2020-05-14 13:00:00,NSE:XELPMOC,48.0,48.0,48.0,48.0,100.0
2020-05-14 14:00:00,NSE:XELPMOC,47.25,47.6,47.15,47.6,646.0
2020-05-14 15:00:00,NSE:XELPMOC,47.15,47.15,47.15,47.15,302.0
2020-05-15 09:00:00,NSE:XELPMOC,50.35,50.35,47.75,49.9,729.0
2020-05-15 10:00:00,NSE:XELPMOC,49.85,49.85,47.2,47.85,1354.0
2020-05-15 11:00:00,NSE:XELPMOC,47.85,47.85,47.85,47.85,131.0
2020-05-15 12:00:00,NSE:XELPMOC,47.35,48.75,47.35,48.75,730.0
2020-05-15 13:00:00,NSE:XELPMOC,48.65,48.65,48.0,48.0,40.0
2020-05-15 14:00:00,NSE:XELPMOC,47.5,47.95,47.15,47.15,985.0
2020-05-15 15:00:00,NSE:XELPMOC,47.9,49.6,47.8,49.6,1035.0
2020-05-18 09:00:00,NSE:XELPMOC,49.3,49.35,47.95,49.35,122.0
2020-05-18 10:00:00,NSE:XELPMOC,49.2,49.2,49.2,49.2,2.0
2020-05-18 12:00:00,NSE:XELPMOC,49.0,49.0,47.15,48.95,1020.0
2020-05-18 13:00:00,NSE:XELPMOC,47.05,48.0,47.05,47.1,402.0
2020-05-18 14:00:00,NSE:XELPMOC,47.5,47.5,47.5,47.5,10.0
2020-05-18 15:00:00,NSE:XELPMOC,47.15,47.15,47.15,47.15,319.0
2020-05-19 09:00:00,NSE:XELPMOC,48.4,48.4,47.45,47.45,143.0
2020-05-19 10:00:00,NSE:XELPMOC,48.9,48.9,46.6,46.6,229.0
2020-05-19 12:00:00,NSE:XELPMOC,47.0,47.0,47.0,47.0,100.0
2020-05-19 13:00:00,NSE:XELPMOC,45.4,45.4,45.4,45.4,1678.0
2020-05-19 14:00:00,NSE:XELPMOC,47.55,47.55,45.25,45.25,921.0
2020-05-19 15:00:00,NSE:XELPMOC,46.0,46.0,45.3,45.3,330.0
2020-05-20 09:00:00,NSE:XELPMOC,45.45,46.6,45.35,45.55,131.0
2020-05-20 10:00:00,NSE:XELPMOC,44.0,44.0,44.0,44.0,901.0
2020-05-20 11:00:00,NSE:XELPMOC,45.0,45.0,44.05,44.9,18.0
2020-05-20 12:00:00,NSE:XELPMOC,45.0,45.0,45.0,45.0,9.0
2020-05-20 13:00:00,NSE:XELPMOC,46.7,46.7,45.0,45.0,51.0
2020-05-20 14:00:00,NSE:XELPMOC,45.0,45.0,45.0,45.0,3.0
2020-05-20 15:00:00,NSE:XELPMOC,46.2,46.2,45.0,45.0,319.0
2020-05-21 09:00:00,NSE:XELPMOC,44.7,46.4,44.7,44.95,133.0
2020-05-21 10:00:00,NSE:XELPMOC,45.05,46.35,44.3,44.3,1021.0
2020-05-21 11:00:00,NSE:XELPMOC,45.0,45.4,44.5,44.5,16.0
2020-05-21 12:00:00,NSE:XELPMOC,45.0,45.0,45.0,45.0,4.0
2020-05-21 13:00:00,NSE:XELPMOC,44.55,45.0,44.55,45.0,17.0
2020-05-21 14:00:00,NSE:XELPMOC,45.0,45.75,44.35,45.75,259.0
2020-05-21 15:00:00,NSE:XELPMOC,45.75,46.8,42.15,46.15,1136.0
2020-05-22 09:00:00,NSE:XELPMOC,45.65,45.7,42.75,43.05,165.0
2020-05-22 10:00:00,NSE:XELPMOC,45.55,45.55,43.1,43.1,45.0
2020-05-22 11:00:00,NSE:XELPMOC,43.15,43.15,43.15,43.15,34.0
2020-05-22 12:00:00,NSE:XELPMOC,44.95,44.95,44.95,44.95,50.0
2020-05-22 13:00:00,NSE:XELPMOC,44.75,44.75,43.4,43.4,16.0
2020-05-22 14:00:00,NSE:XELPMOC,43.4,45.25,43.4,45.25,51.0
2020-05-22 15:00:00,NSE:XELPMOC,43.45,45.25,43.45,45.25,16.0
2020-05-26 09:00:00,NSE:XELPMOC,46.4,46.4,42.7,44.15,210.0
2020-05-26 10:00:00,NSE:XELPMOC,46.2,46.4,46.2,46.4,250.0
2020-05-26 11:00:00,NSE:XELPMOC,45.05,46.4,45.05,45.15,12.0
2020-05-26 13:00:00,NSE:XELPMOC,46.3,46.3,46.25,46.25,10.0
2020-05-26 14:00:00,NSE:XELPMOC,46.25,46.4,45.4,46.4,61.0
2020-05-26 15:00:00,NSE:XELPMOC,46.4,46.4,42.0,45.65,3148.0
2020-05-27 09:00:00,NSE:XELPMOC,44.8,45.3,42.25,42.95,789.0
2020-05-27 10:00:00,NSE:XELPMOC,43.4,43.4,43.4,43.4,12.0
2020-05-27 11:00:00,NSE:XELPMOC,43.05,43.4,43.05,43.05,136.0
2020-05-27 12:00:00,NSE:XELPMOC,43.75,43.75,42.25,42.25,261.0
2020-05-27 13:00:00,NSE:XELPMOC,42.75,43.35,39.65,43.35,1606.0
2020-05-27 14:00:00,NSE:XELPMOC,41.05,42.45,41.05,42.45,909.0
2020-05-27 15:00:00,NSE:XELPMOC,41.55,41.55,40.55,40.55,108.0
2020-05-28 09:00:00,NSE:XELPMOC,41.0,43.65,41.0,43.65,650.0
2020-05-28 10:00:00,NSE:XELPMOC,43.55,43.55,43.55,43.55,60.0
2020-05-28 11:00:00,NSE:XELPMOC,43.55,43.6,43.0,43.6,22.0
2020-05-28 12:00:00,NSE:XELPMOC,43.6,43.6,42.15,43.6,339.0
2020-05-28 13:00:00,NSE:XELPMOC,43.5,43.5,43.5,43.5,5.0
2020-05-28 14:00:00,NSE:XELPMOC,43.45,43.45,43.0,43.0,122.0
2020-05-28 15:00:00,NSE:XELPMOC,43.0,44.0,43.0,44.0,132.0
2020-05-29 09:00:00,NSE:XELPMOC,44.3,44.9,42.6,44.65,609.0
2020-05-29 10:00:00,NSE:XELPMOC,44.2,44.2,42.6,42.65,315.0
2020-05-29 11:00:00,NSE:XELPMOC,43.45,44.0,43.0,43.05,145.0
2020-05-29 12:00:00,NSE:XELPMOC,43.95,43.95,43.9,43.9,2.0
2020-05-29 13:00:00,NSE:XELPMOC,43.0,43.0,43.0,43.0,4.0
2020-05-29 14:00:00,NSE:XELPMOC,43.05,43.05,43.05,43.05,2.0
2020-05-29 15:00:00,NSE:XELPMOC,43.4,43.8,42.75,43.15,286.0
2020-06-01 09:00:00,NSE:XELPMOC,43.45,45.9,43.35,45.0,604.0
2020-06-01 10:00:00,NSE:XELPMOC,45.0,45.0,45.0,45.0,203.0
2020-06-01 11:00:00,NSE:XELPMOC,43.15,43.15,43.15,43.15,1.0
2020-06-01 12:00:00,NSE:XELPMOC,45.0,45.0,42.2,44.5,1035.0
2020-06-01 13:00:00,NSE:XELPMOC,43.0,43.5,43.0,43.5,28.0
2020-06-01 14:00:00,NSE:XELPMOC,42.0,45.0,42.0,44.45,1284.0
2020-06-01 15:00:00,NSE:XELPMOC,42.35,43.8,42.25,43.5,300.0
2020-06-02 09:00:00,NSE:XELPMOC,43.0,44.05,42.0,43.6,591.0
2020-06-02 10:00:00,NSE:XELPMOC,43.1,43.5,42.5,43.5,125.0
2020-06-02 11:00:00,NSE:XELPMOC,43.6,43.6,43.6,43.6,80.0
2020-06-02 12:00:00,NSE:XELPMOC,43.2,44.7,43.2,44.7,146.0
2020-06-02 14:00:00,NSE:XELPMOC,44.7,44.7,43.0,43.0,144.0
2020-06-02 15:00:00,NSE:XELPMOC,44.35,44.7,44.35,44.4,605.0
2020-06-03 09:00:00,NSE:XELPMOC,43.4,45.45,43.2,43.2,215.0
2020-06-03 10:00:00,NSE:XELPMOC,44.0,44.0,43.8,43.8,53.0
2020-06-03 11:00:00,NSE:XELPMOC,45.95,45.95,45.95,45.95,20.0
2020-06-03 12:00:00,NSE:XELPMOC,43.4,45.5,43.4,45.5,90.0
2020-06-03 13:00:00,NSE:XELPMOC,44.95,44.95,44.95,44.95,531.0
2020-06-03 14:00:00,NSE:XELPMOC,44.95,44.95,44.95,44.95,1066.0
2020-06-03 15:00:00,NSE:XELPMOC,44.4,44.95,44.0,44.0,514.0
2020-06-04 09:00:00,NSE:XELPMOC,44.4,46.2,44.15,46.2,1593.0
2020-06-04 10:00:00,NSE:XELPMOC,46.8,46.85,46.8,46.8,125.0
2020-06-04 11:00:00,NSE:XELPMOC,47.35,47.9,46.0,47.0,322.0
2020-06-04 12:00:00,NSE:XELPMOC,46.0,46.0,46.0,46.0,193.0
2020-06-04 13:00:00,NSE:XELPMOC,45.9,45.9,45.9,45.9,1.0
2020-06-04 14:00:00,NSE:XELPMOC,45.55,45.55,45.55,45.55,1.0
2020-06-04 15:00:00,NSE:XELPMOC,45.9,46.75,45.9,45.95,302.0
2020-06-05 09:00:00,NSE:XELPMOC,47.4,47.7,45.7,47.7,141.0
2020-06-05 10:00:00,NSE:XELPMOC,47.7,47.7,47.7,47.7,16.0
2020-06-05 11:00:00,NSE:XELPMOC,47.6,47.6,47.6,47.6,7.0
2020-06-05 12:00:00,NSE:XELPMOC,47.6,47.6,47.0,47.0,11.0
2020-06-05 13:00:00,NSE:XELPMOC,47.45,47.45,47.45,47.45,1.0
2020-06-05 14:00:00,NSE:XELPMOC,46.1,47.45,46.1,47.45,74.0
2020-06-05 15:00:00,NSE:XELPMOC,47.7,49.0,45.6,49.0,352.0
2020-06-08 09:00:00,NSE:XELPMOC,51.0,51.0,47.4,48.95,513.0
2020-06-08 10:00:00,NSE:XELPMOC,48.8,48.8,47.05,47.05,17.0
2020-06-08 11:00:00,NSE:XELPMOC,48.85,54.85,48.6,49.2,3237.0
2020-06-08 12:00:00,NSE:XELPMOC,51.0,51.0,50.45,50.45,44.0
2020-06-08 13:00:00,NSE:XELPMOC,50.05,50.95,50.05,50.95,2.0
2020-06-08 14:00:00,NSE:XELPMOC,49.7,50.95,49.7,50.95,252.0
2020-06-08 15:00:00,NSE:XELPMOC,50.95,52.8,49.8,52.8,767.0
2020-06-09 09:00:00,NSE:XELPMOC,53.9,60.0,53.9,60.0,7886.0
2020-06-09 10:00:00,NSE:XELPMOC,60.0,61.85,59.65,61.85,9679.0
2020-06-09 11:00:00,NSE:XELPMOC,61.85,61.85,60.65,61.85,5161.0
2020-06-09 12:00:00,NSE:XELPMOC,61.85,61.85,61.85,61.85,159.0
2020-06-09 13:00:00,NSE:XELPMOC,61.85,61.85,61.85,61.85,480.0
2020-06-09 14:00:00,NSE:XELPMOC,61.85,61.85,61.85,61.85,22.0
2020-06-09 15:00:00,NSE:XELPMOC,61.85,61.85,61.85,61.85,101.0
2020-06-10 09:00:00,NSE:XELPMOC,73.45,74.2,67.15,72.5,61513.0
2020-06-10 10:00:00,NSE:XELPMOC,72.5,74.2,71.0,74.2,36065.0
2020-06-10 11:00:00,NSE:XELPMOC,74.2,74.2,56.2,73.4,13172.0
2020-06-10 12:00:00,NSE:XELPMOC,73.35,73.9,72.1,73.55,7446.0
2020-06-10 13:00:00,NSE:XELPMOC,73.65,74.2,73.05,74.2,8459.0
2020-06-10 14:00:00,NSE:XELPMOC,74.2,74.2,74.0,74.2,2039.0
2020-06-10 15:00:00,NSE:XELPMOC,74.2,74.2,74.2,74.2,423.0
2020-06-11 09:00:00,NSE:XELPMOC,77.8,77.8,66.8,67.3,25212.0
2020-06-11 10:00:00,NSE:XELPMOC,67.8,69.6,67.3,69.6,7149.0
2020-06-11 11:00:00,NSE:XELPMOC,66.8,69.05,66.8,68.9,8136.0
2020-06-11 12:00:00,NSE:XELPMOC,67.55,69.85,67.2,67.2,5076.0
2020-06-11 13:00:00,NSE:XELPMOC,67.8,68.3,67.1,67.2,1061.0
2020-06-11 14:00:00,NSE:XELPMOC,67.2,67.2,66.8,66.8,2524.0
2020-06-11 15:00:00,NSE:XELPMOC,66.8,66.8,66.8,66.8,715.0
2020-06-12 09:00:00,NSE:XELPMOC,60.7,66.0,60.7,62.75,5324.0
2020-06-12 10:00:00,NSE:XELPMOC,62.3,63.35,61.15,62.0,688.0
2020-06-12 11:00:00,NSE:XELPMOC,62.85,63.35,62.3,63.35,608.0
2020-06-12 12:00:00,NSE:XELPMOC,63.95,64.5,61.6,62.2,1009.0
2020-06-12 13:00:00,NSE:XELPMOC,62.3,63.1,62.3,63.1,366.0
2020-06-12 14:00:00,NSE:XELPMOC,63.0,73.45,60.5,64.5,22122.0
2020-06-12 15:00:00,NSE:XELPMOC,66.0,66.95,64.0,65.55,5500.0
2020-06-15 09:00:00,NSE:XELPMOC,63.05,68.65,62.0,65.0,2131.0
2020-06-15 10:00:00,NSE:XELPMOC,65.0,66.0,63.25,64.65,1083.0
2020-06-15 11:00:00,NSE:XELPMOC,64.45,64.45,64.15,64.4,98.0
2020-06-15 12:00:00,NSE:XELPMOC,64.15,64.4,63.5,63.5,1186.0
2020-06-15 13:00:00,NSE:XELPMOC,63.5,63.5,59.55,61.9,6055.0
2020-06-15 14:00:00,NSE:XELPMOC,61.85,62.8,61.85,62.8,724.0
2020-06-15 15:00:00,NSE:XELPMOC,62.7,62.7,59.3,60.35,2575.0
2020-06-16 09:00:00,NSE:XELPMOC,61.6,61.6,59.5,60.1,1131.0
2020-06-16 10:00:00,NSE:XELPMOC,60.1,61.35,59.95,60.0,907.0
2020-06-16 11:00:00,NSE:XELPMOC,59.7,60.0,59.7,59.95,703.0
2020-06-16 12:00:00,NSE:XELPMOC,60.0,61.0,59.9,59.95,872.0
2020-06-16 13:00:00,NSE:XELPMOC,59.95,59.95,57.0,58.95,1410.0
2020-06-16 14:00:00,NSE:XELPMOC,59.4,60.6,59.2,60.6,1361.0
2020-06-16 15:00:00,NSE:XELPMOC,60.6,64.55,60.6,63.5,992.0
2020-06-17 09:00:00,NSE:XELPMOC,56.4,61.35,56.4,61.0,1650.0
2020-06-17 10:00:00,NSE:XELPMOC,61.0,61.5,58.25,60.95,380.0
2020-06-17 11:00:00,NSE:XELPMOC,59.55,61.5,59.55,61.5,264.0
2020-06-17 12:00:00,NSE:XELPMOC,61.5,62.7,61.5,62.7,974.0
2020-06-17 13:00:00,NSE:XELPMOC,62.65,62.65,61.5,61.5,758.0
2020-06-17 14:00:00,NSE:XELPMOC,61.5,62.3,59.0,61.45,399.0
2020-06-17 15:00:00,NSE:XELPMOC,59.05,62.4,59.05,62.0,373.0
2020-06-18 09:00:00,NSE:XELPMOC,60.0,60.0,59.0,59.25,751.0
2020-06-18 10:00:00,NSE:XELPMOC,59.0,59.25,58.1,59.25,703.0
2020-06-18 12:00:00,NSE:XELPMOC,59.25,59.25,59.0,59.0,178.0
2020-06-18 14:00:00,NSE:XELPMOC,60.6,60.6,60.6,60.6,198.0
2020-06-18 15:00:00,NSE:XELPMOC,60.6,61.0,60.6,61.0,236.0
2020-06-19 09:00:00,NSE:XELPMOC,60.75,60.75,60.75,60.75,200.0
2020-06-19 10:00:00,NSE:XELPMOC,59.8,62.9,59.8,62.9,933.0
2020-06-19 11:00:00,NSE:XELPMOC,62.05,62.05,58.1,61.9,1069.0
2020-06-19 12:00:00,NSE:XELPMOC,63.0,63.0,59.1,63.0,2612.0
2020-06-19 13:00:00,NSE:XELPMOC,62.0,62.0,62.0,62.0,138.0
2020-06-19 14:00:00,NSE:XELPMOC,62.0,62.0,62.0,62.0,1.0
2020-06-19 15:00:00,NSE:XELPMOC,62.0,62.0,60.1,60.1,64.0
2020-06-22 09:00:00,NSE:XELPMOC,64.4,64.4,58.6,63.0,2365.0
2020-06-22 10:00:00,NSE:XELPMOC,63.0,63.0,62.0,63.0,1402.0
2020-06-22 11:00:00,NSE:XELPMOC,63.0,64.65,62.8,64.6,1547.0
2020-06-22 12:00:00,NSE:XELPMOC,64.6,64.65,64.6,64.65,865.0
2020-06-22 13:00:00,NSE:XELPMOC,64.65,64.65,64.65,64.65,2.0
2020-06-22 15:00:00,NSE:XELPMOC,64.65,64.65,64.65,64.65,1.0
2020-06-23 09:00:00,NSE:XELPMOC,67.85,67.85,66.5,67.85,2021.0
2020-06-23 10:00:00,NSE:XELPMOC,67.85,67.85,67.85,67.85,4.0
2020-06-23 11:00:00,NSE:XELPMOC,67.85,67.85,67.85,67.85,36.0
2020-06-23 12:00:00,NSE:XELPMOC,67.85,67.85,67.85,67.85,1.0
2020-06-23 13:00:00,NSE:XELPMOC,67.85,67.85,67.85,67.85,308.0
2020-06-23 15:00:00,NSE:XELPMOC,67.85,67.85,67.85,67.85,200.0
2020-06-24 09:00:00,NSE:XELPMOC,71.2,71.2,71.2,71.2,5665.0
2020-06-24 10:00:00,NSE:XELPMOC,71.2,71.2,71.2,71.2,76.0
2020-06-24 11:00:00,NSE:XELPMOC,71.2,71.2,71.2,71.2,811.0
2020-06-24 12:00:00,NSE:XELPMOC,71.2,71.2,71.2,71.2,300.0
2020-06-24 13:00:00,NSE:XELPMOC,71.2,71.2,71.2,71.2,770.0
2020-06-24 14:00:00,NSE:XELPMOC,71.2,71.2,71.2,71.2,1750.0
2020-06-24 15:00:00,NSE:XELPMOC,71.2,71.2,71.2,71.2,1000.0
2020-06-25 09:00:00,NSE:XELPMOC,74.5,74.75,74.5,74.75,811.0
2020-06-25 10:00:00,NSE:XELPMOC,74.75,74.75,74.75,74.75,2355.0
2020-06-25 11:00:00,NSE:XELPMOC,74.75,74.75,74.75,74.75,32.0
2020-06-25 12:00:00,NSE:XELPMOC,74.75,74.75,74.75,74.75,50.0
2020-06-25 13:00:00,NSE:XELPMOC,74.75,74.75,74.75,74.75,1638.0
2020-06-25 14:00:00,NSE:XELPMOC,74.75,74.75,74.75,74.75,6.0
2020-06-26 09:00:00,NSE:XELPMOC,78.45,78.45,75.1,75.5,9321.0
2020-06-26 10:00:00,NSE:XELPMOC,75.8,78.0,75.5,77.95,1151.0
2020-06-26 11:00:00,NSE:XELPMOC,77.95,78.45,77.95,78.45,4370.0
2020-06-26 12:00:00,NSE:XELPMOC,78.45,78.45,71.8,78.45,4261.0
2020-06-26 13:00:00,NSE:XELPMOC,72.5,72.55,72.5,72.55,45.0
2020-06-26 14:00:00,NSE:XELPMOC,74.1,75.5,74.1,74.1,1028.0
2020-06-26 15:00:00,NSE:XELPMOC,74.1,75.5,74.1,75.0,1313.0
2020-06-29 09:00:00,NSE:XELPMOC,74.85,76.0,72.35,72.35,1288.0
2020-06-29 10:00:00,NSE:XELPMOC,72.05,72.5,71.15,71.15,1385.0
2020-06-29 11:00:00,NSE:XELPMOC,72.15,72.15,72.0,72.0,161.0
2020-06-29 12:00:00,NSE:XELPMOC,71.3,71.3,71.3,71.3,530.0
2020-06-29 13:00:00,NSE:XELPMOC,71.5,71.5,71.5,71.5,50.0
2020-06-29 14:00:00,NSE:XELPMOC,72.0,72.0,71.5,72.0,116.0
2020-06-29 15:00:00,NSE:XELPMOC,71.5,72.5,71.5,72.5,183.0
2020-06-30 09:00:00,NSE:XELPMOC,68.25,69.0,68.25,68.25,760.0
2020-06-30 10:00:00,NSE:XELPMOC,68.25,68.25,68.25,68.25,1918.0
2020-06-30 11:00:00,NSE:XELPMOC,68.1,71.55,68.1,68.1,1188.0
2020-06-30 12:00:00,NSE:XELPMOC,68.1,68.1,68.1,68.1,163.0
2020-06-30 13:00:00,NSE:XELPMOC,68.1,68.1,68.1,68.1,100.0
2020-06-30 14:00:00,NSE:XELPMOC,71.6,71.6,68.1,70.95,374.0
2020-06-30 15:00:00,NSE:XELPMOC,70.95,70.95,68.1,68.1,420.0
2020-07-01 09:00:00,NSE:XELPMOC,70.0,70.8,68.0,68.45,1813.0
2020-07-01 10:00:00,NSE:XELPMOC,68.45,72.55,68.45,72.55,943.0
2020-07-01 11:00:00,NSE:XELPMOC,72.0,72.0,72.0,72.0,225.0
2020-07-01 12:00:00,NSE:XELPMOC,72.5,73.0,69.0,69.0,1034.0
2020-07-01 13:00:00,NSE:XELPMOC,69.0,69.0,69.0,69.0,200.0
2020-07-01 14:00:00,NSE:XELPMOC,69.2,69.2,69.2,69.2,1.0
2020-07-01 15:00:00,NSE:XELPMOC,72.55,72.55,72.5,72.5,111.0
2020-07-02 09:00:00,NSE:XELPMOC,72.5,72.5,69.35,72.5,132.0
2020-07-02 10:00:00,NSE:XELPMOC,72.5,72.5,72.5,72.5,500.0
2020-07-02 11:00:00,NSE:XELPMOC,72.5,73.0,72.5,73.0,400.0
2020-07-02 12:00:00,NSE:XELPMOC,71.15,71.15,71.15,71.15,91.0
2020-07-02 13:00:00,NSE:XELPMOC,73.0,73.0,73.0,73.0,150.0
2020-07-02 14:00:00,NSE:XELPMOC,72.5,72.5,72.5,72.5,100.0
2020-07-02 15:00:00,NSE:XELPMOC,73.0,73.8,73.0,73.0,492.0
2020-07-03 09:00:00,NSE:XELPMOC,73.0,73.0,69.6,69.6,1536.0
2020-07-03 10:00:00,NSE:XELPMOC,69.75,69.75,69.75,69.75,350.0
2020-07-03 11:00:00,NSE:XELPMOC,69.8,71.95,69.8,71.95,101.0
2020-07-03 12:00:00,NSE:XELPMOC,72.0,73.0,72.0,72.9,962.0
2020-07-03 13:00:00,NSE:XELPMOC,72.9,72.9,72.9,72.9,505.0
2020-07-03 14:00:00,NSE:XELPMOC,72.9,73.0,72.9,73.0,333.0
2020-07-03 15:00:00,NSE:XELPMOC,73.0,73.0,71.2,73.0,350.0
2020-07-06 09:00:00,NSE:XELPMOC,69.75,73.95,69.25,69.25,6227.0
2020-07-06 11:00:00,NSE:XELPMOC,70.7,72.0,69.3,72.0,965.0
2020-07-06 12:00:00,NSE:XELPMOC,72.9,72.95,72.9,72.9,373.0
2020-07-06 13:00:00,NSE:XELPMOC,72.95,73.0,72.95,72.95,681.0
2020-07-06 14:00:00,NSE:XELPMOC,72.95,73.0,72.0,72.0,1461.0
2020-07-06 15:00:00,NSE:XELPMOC,72.0,72.95,72.0,72.95,230.0
2020-07-07 09:00:00,NSE:XELPMOC,72.9,74.75,69.5,74.75,367.0
2020-07-07 10:00:00,NSE:XELPMOC,70.5,73.6,70.5,73.6,524.0
2020-07-07 11:00:00,NSE:XELPMOC,70.55,72.95,70.1,70.1,854.0
2020-07-07 12:00:00,NSE:XELPMOC,70.55,70.55,69.5,69.5,1072.0
2020-07-07 13:00:00,NSE:XELPMOC,70.0,73.0,70.0,70.0,216.0
2020-07-07 14:00:00,NSE:XELPMOC,72.9,72.9,72.9,72.9,66.0
2020-07-07 15:00:00,NSE:XELPMOC,72.9,75.0,71.1,75.0,363.0
2020-07-08 09:00:00,NSE:XELPMOC,75.0,75.0,70.0,70.25,616.0
2020-07-08 10:00:00,NSE:XELPMOC,74.0,74.0,74.0,74.0,130.0
2020-07-08 12:00:00,NSE:XELPMOC,71.5,71.5,71.5,71.5,469.0
2020-07-08 13:00:00,NSE:XELPMOC,72.5,72.5,72.5,72.5,175.0
2020-07-08 14:00:00,NSE:XELPMOC,73.45,73.45,73.45,73.45,75.0
2020-07-08 15:00:00,NSE:XELPMOC,71.1,72.0,71.0,72.0,890.0
2020-07-09 09:00:00,NSE:XELPMOC,68.05,74.0,68.05,74.0,140.0
2020-07-09 10:00:00,NSE:XELPMOC,71.5,73.0,70.9,71.1,475.0
2020-07-09 13:00:00,NSE:XELPMOC,71.5,71.5,71.5,71.5,100.0
2020-07-09 14:00:00,NSE:XELPMOC,71.5,73.0,71.5,73.0,758.0
2020-07-09 15:00:00,NSE:XELPMOC,72.5,73.5,72.5,73.5,123.0
2020-07-10 10:00:00,NSE:XELPMOC,70.1,72.9,70.1,71.1,160.0
2020-07-10 11:00:00,NSE:XELPMOC,72.9,72.9,71.3,72.85,570.0
2020-07-10 13:00:00,NSE:XELPMOC,72.85,72.85,72.85,72.85,152.0
2020-07-10 14:00:00,NSE:XELPMOC,72.9,76.5,72.9,76.5,9631.0
2020-07-10 15:00:00,NSE:XELPMOC,76.5,76.5,76.5,76.5,509.0
2020-07-13 09:00:00,NSE:XELPMOC,78.5,80.0,75.0,75.05,2238.0
2020-07-13 10:00:00,NSE:XELPMOC,76.3,78.1,76.0,76.0,672.0
2020-07-13 11:00:00,NSE:XELPMOC,76.0,80.3,76.0,80.3,1116.0
2020-07-13 12:00:00,NSE:XELPMOC,80.0,80.3,78.5,78.5,2152.0
2020-07-13 13:00:00,NSE:XELPMOC,78.0,80.3,78.0,80.3,2325.0
2020-07-13 14:00:00,NSE:XELPMOC,80.3,80.3,80.0,80.3,706.0
2020-07-13 15:00:00,NSE:XELPMOC,80.3,80.3,78.0,78.0,595.0
2020-07-14 09:00:00,NSE:XELPMOC,80.4,84.3,80.4,80.4,862.0
2020-07-14 10:00:00,NSE:XELPMOC,80.3,84.0,79.0,84.0,1182.0
2020-07-14 11:00:00,NSE:XELPMOC,84.3,84.3,82.0,82.0,505.0
2020-07-14 12:00:00,NSE:XELPMOC,80.5,84.15,80.5,82.0,820.0
2020-07-14 13:00:00,NSE:XELPMOC,82.0,83.95,82.0,83.95,70.0
2020-07-14 14:00:00,NSE:XELPMOC,83.5,84.15,82.05,84.15,1791.0
2020-07-14 15:00:00,NSE:XELPMOC,82.0,84.0,82.0,84.0,21.0
2020-07-15 09:00:00,NSE:XELPMOC,80.0,82.0,80.0,82.0,107.0
2020-07-15 10:00:00,NSE:XELPMOC,83.0,84.0,82.0,83.65,904.0
2020-07-15 11:00:00,NSE:XELPMOC,85.0,86.2,85.0,86.2,7175.0
2020-07-15 12:00:00,NSE:XELPMOC,86.2,86.2,86.2,86.2,2263.0
2020-07-15 13:00:00,NSE:XELPMOC,86.2,86.2,86.2,86.2,210.0
2020-07-15 14:00:00,NSE:XELPMOC,86.2,86.2,86.2,86.2,200.0
2020-07-15 15:00:00,NSE:XELPMOC,86.2,86.2,86.2,86.2,150.0
2020-07-16 09:00:00,NSE:XELPMOC,86.2,90.5,86.2,90.5,6253.0
2020-07-16 10:00:00,NSE:XELPMOC,90.5,90.5,90.5,90.5,4185.0
2020-07-16 11:00:00,NSE:XELPMOC,90.5,90.5,90.5,90.5,320.0
2020-07-16 12:00:00,NSE:XELPMOC,90.5,90.5,90.5,90.5,1130.0
2020-07-16 13:00:00,NSE:XELPMOC,90.5,90.5,90.5,90.5,707.0
2020-07-16 14:00:00,NSE:XELPMOC,90.5,90.5,90.0,90.5,2638.0
2020-07-16 15:00:00,NSE:XELPMOC,90.5,90.5,89.1,89.1,505.0
2020-07-17 09:00:00,NSE:XELPMOC,86.0,93.0,85.9,92.95,6343.0
2020-07-17 10:00:00,NSE:XELPMOC,91.5,93.0,91.5,93.0,1041.0
2020-07-17 11:00:00,NSE:XELPMOC,92.0,92.85,89.0,92.85,558.0
2020-07-17 12:00:00,NSE:XELPMOC,90.05,92.0,90.05,92.0,5.0
2020-07-17 13:00:00,NSE:XELPMOC,92.0,92.0,92.0,92.0,61.0
2020-07-17 14:00:00,NSE:XELPMOC,92.0,92.0,90.0,90.0,331.0
2020-07-17 15:00:00,NSE:XELPMOC,90.1,90.1,86.75,90.0,2365.0
2020-07-20 09:00:00,NSE:XELPMOC,85.0,90.75,84.05,88.9,583.0
2020-07-20 10:00:00,NSE:XELPMOC,89.0,90.95,85.2,85.2,959.0
2020-07-20 11:00:00,NSE:XELPMOC,90.0,92.55,85.2,92.55,1536.0
2020-07-20 12:00:00,NSE:XELPMOC,92.45,92.45,92.0,92.0,76.0
2020-07-20 13:00:00,NSE:XELPMOC,92.0,92.45,89.0,92.4,1331.0
2020-07-20 14:00:00,NSE:XELPMOC,92.3,92.55,92.3,92.55,3450.0
2020-07-20 15:00:00,NSE:XELPMOC,92.55,92.55,92.55,92.55,427.0
2020-07-21 09:00:00,NSE:XELPMOC,97.15,97.15,97.15,97.15,5903.0
2020-07-21 10:00:00,NSE:XELPMOC,97.15,97.15,97.15,97.15,2275.0
2020-07-21 11:00:00,NSE:XELPMOC,97.15,97.15,97.15,97.15,5125.0
2020-07-21 12:00:00,NSE:XELPMOC,97.15,97.15,97.15,97.15,905.0
2020-07-21 13:00:00,NSE:XELPMOC,97.15,97.15,97.15,97.15,10.0
2020-07-21 14:00:00,NSE:XELPMOC,97.15,97.15,97.15,97.15,401.0
2020-07-21 15:00:00,NSE:XELPMOC,97.15,97.15,97.15,97.15,245.0
2020-07-22 09:00:00,NSE:XELPMOC,102.0,102.0,102.0,102.0,3771.0
2020-07-22 10:00:00,NSE:XELPMOC,102.0,102.0,102.0,102.0,3987.0
2020-07-22 11:00:00,NSE:XELPMOC,94.55,102.0,94.55,102.0,2843.0
2020-07-22 12:00:00,NSE:XELPMOC,102.0,102.0,102.0,102.0,127.0
2020-07-22 13:00:00,NSE:XELPMOC,102.0,102.0,97.1,102.0,1488.0
2020-07-22 14:00:00,NSE:XELPMOC,102.0,102.0,101.95,102.0,2421.0
2020-07-22 15:00:00,NSE:XELPMOC,101.9,102.0,101.9,102.0,247.0
2020-07-23 09:00:00,NSE:XELPMOC,107.0,107.0,104.0,105.0,8183.0
2020-07-23 10:00:00,NSE:XELPMOC,105.1,107.0,105.1,107.0,3315.0
2020-07-23 11:00:00,NSE:XELPMOC,107.0,107.0,107.0,107.0,1120.0
2020-07-23 12:00:00,NSE:XELPMOC,107.0,107.0,107.0,107.0,53.0
2020-07-23 13:00:00,NSE:XELPMOC,107.0,107.0,107.0,107.0,1015.0
2020-07-23 14:00:00,NSE:XELPMOC,107.0,107.0,107.0,107.0,40.0
2020-07-24 09:00:00,NSE:XELPMOC,107.0,112.35,107.0,112.35,4360.0
2020-07-24 10:00:00,NSE:XELPMOC,112.35,112.35,109.1,110.0,2939.0
2020-07-24 11:00:00,NSE:XELPMOC,110.0,112.1,109.1,112.1,1412.0
2020-07-24 12:00:00,NSE:XELPMOC,112.1,112.2,111.65,112.2,848.0
2020-07-24 13:00:00,NSE:XELPMOC,112.0,112.0,101.7,111.9,1745.0
2020-07-24 14:00:00,NSE:XELPMOC,111.9,111.9,110.0,111.0,1113.0
2020-07-24 15:00:00,NSE:XELPMOC,111.0,112.35,110.5,112.35,3681.0
2020-07-27 09:00:00,NSE:XELPMOC,117.5,117.7,117.5,117.7,4323.0
2020-07-27 10:00:00,NSE:XELPMOC,117.7,117.7,117.7,117.7,1150.0
2020-07-27 11:00:00,NSE:XELPMOC,117.7,117.7,117.7,117.7,966.0
2020-07-27 13:00:00,NSE:XELPMOC,117.7,117.7,117.7,117.7,15.0
2020-07-27 14:00:00,NSE:XELPMOC,117.7,117.7,117.7,117.7,25.0
2020-07-27 15:00:00,NSE:XELPMOC,117.7,117.7,117.7,117.7,1050.0
2020-07-28 09:00:00,NSE:XELPMOC,123.55,123.55,123.55,123.55,1188.0
2020-07-28 10:00:00,NSE:XELPMOC,123.55,123.55,123.55,123.55,616.0
2020-07-28 11:00:00,NSE:XELPMOC,123.55,123.55,123.55,123.55,520.0
2020-07-28 12:00:00,NSE:XELPMOC,123.55,123.55,123.55,123.55,252.0
2020-07-28 13:00:00,NSE:XELPMOC,123.55,123.55,123.55,123.55,160.0
2020-07-28 15:00:00,NSE:XELPMOC,123.55,123.55,123.55,123.55,58.0
2020-07-29 09:00:00,NSE:XELPMOC,129.7,129.7,128.95,129.7,4951.0
2020-07-29 10:00:00,NSE:XELPMOC,129.7,129.7,128.0,129.7,13277.0
2020-07-29 11:00:00,NSE:XELPMOC,129.7,129.7,129.7,129.7,1769.0
2020-07-29 12:00:00,NSE:XELPMOC,129.7,129.7,117.4,117.4,24034.0
2020-07-29 13:00:00,NSE:XELPMOC,117.4,117.4,117.4,117.4,10529.0
2020-07-29 14:00:00,NSE:XELPMOC,117.4,117.4,117.4,117.4,6056.0
2020-07-29 15:00:00,NSE:XELPMOC,117.4,117.4,117.4,117.4,5278.0
2020-07-30 09:00:00,NSE:XELPMOC,111.55,111.55,111.55,111.55,2483.0
2020-07-30 10:00:00,NSE:XELPMOC,111.55,111.55,111.55,111.55,23.0
2020-07-30 11:00:00,NSE:XELPMOC,111.55,111.55,111.55,111.55,40.0
2020-07-30 12:00:00,NSE:XELPMOC,111.55,111.55,111.55,111.55,19.0
2020-07-30 13:00:00,NSE:XELPMOC,111.55,111.55,111.55,111.55,15.0
2020-07-30 14:00:00,NSE:XELPMOC,111.55,111.55,111.55,111.55,1.0
2020-07-30 15:00:00,NSE:XELPMOC,111.55,111.55,111.55,111.55,101.0
2020-07-31 09:00:00,NSE:XELPMOC,106.0,109.0,106.0,107.0,15987.0
2020-07-31 10:00:00,NSE:XELPMOC,106.0,117.1,106.0,114.5,1313.0
2020-07-31 11:00:00,NSE:XELPMOC,114.5,115.0,106.1,113.9,281.0
2020-07-31 12:00:00,NSE:XELPMOC,114.0,114.0,110.5,114.0,711.0
2020-07-31 13:00:00,NSE:XELPMOC,114.0,114.0,110.1,114.0,437.0
2020-07-31 14:00:00,NSE:XELPMOC,114.0,115.0,110.0,115.0,1220.0
2020-07-31 15:00:00,NSE:XELPMOC,115.0,116.95,114.0,114.0,829.0
2020-08-03 09:00:00,NSE:XELPMOC,110.0,114.0,109.25,114.0,1258.0
2020-08-03 10:00:00,NSE:XELPMOC,115.0,120.75,109.25,116.0,10677.0
2020-08-03 11:00:00,NSE:XELPMOC,116.0,117.0,109.25,109.95,5961.0
2020-08-03 12:00:00,NSE:XELPMOC,110.0,114.0,109.25,109.25,16644.0
2020-08-03 13:00:00,NSE:XELPMOC,109.25,113.15,109.25,109.25,34812.0
2020-08-03 14:00:00,NSE:XELPMOC,109.25,117.75,109.25,109.25,29385.0
2020-08-03 15:00:00,NSE:XELPMOC,109.25,109.25,109.25,109.25,11236.0
2020-08-04 09:00:00,NSE:XELPMOC,109.25,114.7,104.65,105.0,15526.0
2020-08-04 10:00:00,NSE:XELPMOC,105.0,108.15,104.25,105.0,2814.0
2020-08-04 11:00:00,NSE:XELPMOC,104.25,105.0,104.0,105.0,2389.0
2020-08-04 12:00:00,NSE:XELPMOC,105.0,105.0,104.15,105.0,3783.0
2020-08-04 13:00:00,NSE:XELPMOC,105.0,110.0,105.0,108.0,4713.0
2020-08-04 14:00:00,NSE:XELPMOC,110.25,114.7,109.0,114.7,5860.0
2020-08-04 15:00:00,NSE:XELPMOC,109.0,114.7,109.0,114.5,7964.0
2020-08-05 09:00:00,NSE:XELPMOC,118.5,119.0,115.0,115.0,7136.0
2020-08-05 10:00:00,NSE:XELPMOC,118.0,118.0,112.0,112.0,4715.0
2020-08-05 11:00:00,NSE:XELPMOC,113.35,116.25,108.1,115.0,4360.0
2020-08-05 12:00:00,NSE:XELPMOC,115.0,118.25,115.0,118.0,3283.0
2020-08-05 13:00:00,NSE:XELPMOC,118.25,118.25,118.0,118.0,700.0
2020-08-05 14:00:00,NSE:XELPMOC,118.25,119.0,113.0,113.0,4813.0
2020-08-05 15:00:00,NSE:XELPMOC,113.0,113.0,110.2,113.0,1874.0
2020-08-06 09:00:00,NSE:XELPMOC,110.0,117.0,110.0,112.0,3696.0
2020-08-06 10:00:00,NSE:XELPMOC,112.0,117.0,111.05,111.05,5701.0
2020-08-06 11:00:00,NSE:XELPMOC,111.05,117.0,110.0,115.0,6551.0
2020-08-06 12:00:00,NSE:XELPMOC,111.05,111.05,111.0,111.05,4573.0
2020-08-06 13:00:00,NSE:XELPMOC,111.05,115.0,108.05,110.0,5062.0
2020-08-06 14:00:00,NSE:XELPMOC,109.0,116.0,109.0,112.0,4798.0
2020-08-06 15:00:00,NSE:XELPMOC,115.0,116.5,109.05,110.0,5128.0
2020-08-07 09:00:00,NSE:XELPMOC,110.0,116.0,110.0,112.5,4026.0
2020-08-07 10:00:00,NSE:XELPMOC,112.5,112.5,108.25,109.95,6734.0
2020-08-07 11:00:00,NSE:XELPMOC,109.95,110.0,109.0,109.0,2808.0
2020-08-07 12:00:00,NSE:XELPMOC,109.0,110.0,108.2,110.0,1132.0
2020-08-07 13:00:00,NSE:XELPMOC,109.0,110.0,108.2,110.0,1817.0
2020-08-07 14:00:00,NSE:XELPMOC,109.9,110.0,109.0,109.0,1517.0
2020-08-07 15:00:00,NSE:XELPMOC,109.0,110.0,109.0,110.0,5071.0
2020-08-10 09:00:00,NSE:XELPMOC,112.0,115.25,112.0,115.0,14252.0
2020-08-10 10:00:00,NSE:XELPMOC,115.25,115.25,115.0,115.25,1645.0
2020-08-10 11:00:00,NSE:XELPMOC,115.25,115.25,112.0,115.25,10383.0
2020-08-10 12:00:00,NSE:XELPMOC,115.25,115.25,115.0,115.0,2306.0
2020-08-10 13:00:00,NSE:XELPMOC,114.7,115.0,114.7,115.0,3494.0
2020-08-10 14:00:00,NSE:XELPMOC,115.0,115.25,114.8,115.0,12071.0
2020-08-10 15:00:00,NSE:XELPMOC,115.0,115.0,114.8,115.0,1825.0
2020-08-11 09:00:00,NSE:XELPMOC,120.6,120.65,118.0,119.0,7286.0
2020-08-11 10:00:00,NSE:XELPMOC,119.0,120.0,117.0,120.0,5492.0
2020-08-11 11:00:00,NSE:XELPMOC,119.9,120.0,117.0,119.45,1665.0
2020-08-11 12:00:00,NSE:XELPMOC,119.4,119.9,119.0,119.8,1985.0
2020-08-11 13:00:00,NSE:XELPMOC,119.75,119.8,116.0,117.0,2459.0
2020-08-11 14:00:00,NSE:XELPMOC,119.5,119.5,116.0,118.0,8692.0
2020-08-11 15:00:00,NSE:XELPMOC,115.0,119.55,115.0,119.0,11367.0
2020-08-12 09:00:00,NSE:XELPMOC,122.95,122.95,113.65,121.95,5851.0
2020-08-12 10:00:00,NSE:XELPMOC,118.0,122.0,118.0,120.0,4215.0
2020-08-12 11:00:00,NSE:XELPMOC,121.0,122.0,118.0,122.0,4237.0
2020-08-12 12:00:00,NSE:XELPMOC,121.0,122.45,118.1,122.45,14316.0
2020-08-12 13:00:00,NSE:XELPMOC,122.4,122.9,120.8,122.0,12296.0
2020-08-12 14:00:00,NSE:XELPMOC,121.6,123.0,120.25,122.0,16322.0
2020-08-12 15:00:00,NSE:XELPMOC,122.0,122.0,122.0,122.0,3590.0
2020-08-13 09:00:00,NSE:XELPMOC,128.0,128.1,125.0,128.0,9051.0
2020-08-13 10:00:00,NSE:XELPMOC,128.0,128.1,127.5,128.0,10519.0
2020-08-13 11:00:00,NSE:XELPMOC,128.0,128.1,127.5,128.0,9650.0
2020-08-13 12:00:00,NSE:XELPMOC,128.0,128.1,127.6,127.6,3063.0
2020-08-13 13:00:00,NSE:XELPMOC,127.6,128.1,127.6,128.0,16853.0
2020-08-13 14:00:00,NSE:XELPMOC,128.0,128.0,127.55,128.0,3365.0
2020-08-13 15:00:00,NSE:XELPMOC,128.0,128.0,128.0,128.0,3516.0
2020-08-14 09:00:00,NSE:XELPMOC,133.95,134.4,130.0,132.0,20477.0
2020-08-14 10:00:00,NSE:XELPMOC,132.0,133.0,121.6,121.6,12853.0
2020-08-14 11:00:00,NSE:XELPMOC,121.6,121.6,121.6,121.6,1640.0
2020-08-14 12:00:00,NSE:XELPMOC,121.6,121.6,121.6,121.6,2550.0
2020-08-14 13:00:00,NSE:XELPMOC,121.6,121.6,121.6,121.6,6547.0
2020-08-14 14:00:00,NSE:XELPMOC,121.6,121.6,121.6,121.6,325.0
2020-08-14 15:00:00,NSE:XELPMOC,121.6,121.6,121.6,121.6,250.0
2020-08-17 09:00:00,NSE:XELPMOC,126.95,127.65,125.0,126.1,23979.0
2020-08-17 10:00:00,NSE:XELPMOC,125.5,127.65,125.05,127.65,5783.0
2020-08-17 11:00:00,NSE:XELPMOC,127.65,127.65,126.05,127.55,13801.0
2020-08-17 12:00:00,NSE:XELPMOC,127.6,127.6,126.25,127.4,8663.0
2020-08-17 13:00:00,NSE:XELPMOC,127.5,127.65,126.25,127.6,5947.0
2020-08-17 14:00:00,NSE:XELPMOC,127.0,127.0,126.0,126.5,2381.0
2020-08-17 15:00:00,NSE:XELPMOC,126.5,127.0,126.05,127.0,8818.0
2020-08-18 09:00:00,NSE:XELPMOC,133.0,133.0,120.7,131.0,12400.0
2020-08-18 10:00:00,NSE:XELPMOC,130.0,131.0,128.0,130.2,1236.0
2020-08-18 11:00:00,NSE:XELPMOC,131.0,133.0,129.1,130.0,8282.0
2020-08-18 12:00:00,NSE:XELPMOC,130.0,133.0,128.05,133.0,2774.0
2020-08-18 13:00:00,NSE:XELPMOC,133.0,133.35,132.0,133.35,3248.0
2020-08-18 14:00:00,NSE:XELPMOC,133.35,133.35,133.35,133.35,1339.0
2020-08-18 15:00:00,NSE:XELPMOC,133.35,133.35,133.35,133.35,959.0
2020-08-19 09:00:00,NSE:XELPMOC,138.95,140.0,136.0,140.0,33379.0
2020-08-19 10:00:00,NSE:XELPMOC,140.0,140.0,140.0,140.0,2842.0
2020-08-19 11:00:00,NSE:XELPMOC,140.0,140.0,140.0,140.0,75.0
2020-08-19 12:00:00,NSE:XELPMOC,140.0,140.0,140.0,140.0,73.0
2020-08-19 13:00:00,NSE:XELPMOC,140.0,140.0,140.0,140.0,141.0
2020-08-19 14:00:00,NSE:XELPMOC,140.0,140.0,140.0,140.0,1.0
2020-08-19 15:00:00,NSE:XELPMOC,140.0,140.0,140.0,140.0,1338.0
2020-08-20 09:00:00,NSE:XELPMOC,147.0,147.0,147.0,147.0,20223.0
2020-08-20 10:00:00,NSE:XELPMOC,147.0,147.0,147.0,147.0,516.0
2020-08-20 11:00:00,NSE:XELPMOC,147.0,147.0,147.0,147.0,65.0
2020-08-20 12:00:00,NSE:XELPMOC,147.0,147.0,147.0,147.0,6315.0
2020-08-20 13:00:00,NSE:XELPMOC,147.0,147.0,147.0,147.0,5138.0
2020-08-20 14:00:00,NSE:XELPMOC,147.0,147.0,147.0,147.0,5853.0
2020-08-20 15:00:00,NSE:XELPMOC,147.0,147.0,147.0,147.0,2000.0
2020-08-21 09:00:00,NSE:XELPMOC,154.35,154.35,150.0,154.35,30480.0
2020-08-21 10:00:00,NSE:XELPMOC,154.35,154.35,154.35,154.35,23836.0
2020-08-21 11:00:00,NSE:XELPMOC,154.35,154.35,154.35,154.35,551.0
2020-08-21 12:00:00,NSE:XELPMOC,154.35,154.35,150.0,154.35,19988.0
2020-08-21 13:00:00,NSE:XELPMOC,154.25,154.35,154.0,154.35,17868.0
2020-08-21 14:00:00,NSE:XELPMOC,154.35,154.35,154.0,154.35,17307.0
2020-08-21 15:00:00,NSE:XELPMOC,154.35,154.35,148.0,154.35,9355.0
2020-08-24 09:00:00,NSE:XELPMOC,159.75,159.75,159.75,159.75,49162.0
2020-08-24 10:00:00,NSE:XELPMOC,159.75,159.75,159.75,159.75,16652.0
2020-08-24 11:00:00,NSE:XELPMOC,159.75,159.75,159.7,159.75,41387.0
2020-08-24 12:00:00,NSE:XELPMOC,159.75,159.75,157.05,159.75,14297.0
2020-08-24 13:00:00,NSE:XELPMOC,159.75,159.75,146.25,150.0,36575.0
2020-08-24 14:00:00,NSE:XELPMOC,150.0,151.0,145.0,150.0,61477.0
2020-08-24 15:00:00,NSE:XELPMOC,150.0,150.0,144.55,145.0,16086.0
2020-08-25 09:00:00,NSE:XELPMOC,150.0,153.3,149.0,153.3,24573.0
2020-08-25 10:00:00,NSE:XELPMOC,153.3,153.3,152.0,153.0,11438.0
2020-08-25 11:00:00,NSE:XELPMOC,153.3,153.3,152.0,152.0,11959.0
2020-08-25 12:00:00,NSE:XELPMOC,152.0,153.3,150.0,150.0,12037.0
2020-08-25 13:00:00,NSE:XELPMOC,150.0,153.3,149.0,149.05,9456.0
2020-08-25 14:00:00,NSE:XELPMOC,149.05,153.3,149.05,153.3,3837.0
2020-08-25 15:00:00,NSE:XELPMOC,153.3,153.3,153.3,153.3,7888.0
2020-08-26 09:00:00,NSE:XELPMOC,160.95,160.95,156.6,160.95,43637.0
2020-08-26 10:00:00,NSE:XELPMOC,160.95,160.95,159.5,160.95,21149.0
2020-08-26 11:00:00,NSE:XELPMOC,160.95,160.95,160.0,160.95,19649.0
2020-08-26 13:00:00,NSE:XELPMOC,160.95,160.95,160.95,160.95,151.0
2020-08-26 14:00:00,NSE:XELPMOC,160.95,160.95,160.95,160.95,139.0
2020-08-26 15:00:00,NSE:XELPMOC,160.95,160.95,160.95,160.95,510.0
2020-08-27 09:00:00,NSE:XELPMOC,168.95,168.95,168.95,168.95,9519.0
2020-08-27 10:00:00,NSE:XELPMOC,168.95,168.95,168.95,168.95,9781.0
2020-08-27 11:00:00,NSE:XELPMOC,168.95,168.95,168.95,168.95,3610.0
2020-08-27 12:00:00,NSE:XELPMOC,168.95,168.95,168.95,168.95,1917.0
2020-08-27 13:00:00,NSE:XELPMOC,168.95,168.95,168.95,168.95,255.0
2020-08-27 14:00:00,NSE:XELPMOC,168.95,168.95,168.9,168.95,8408.0
2020-08-27 15:00:00,NSE:XELPMOC,168.95,168.95,168.95,168.95,401.0
2020-08-28 09:00:00,NSE:XELPMOC,177.35,177.35,170.8,176.0,39200.0
2020-08-28 10:00:00,NSE:XELPMOC,175.05,177.35,174.0,177.35,33302.0
2020-08-28 11:00:00,NSE:XELPMOC,177.35,177.35,176.05,177.35,10630.0
2020-08-28 12:00:00,NSE:XELPMOC,177.35,177.35,175.0,177.35,19997.0
2020-08-28 13:00:00,NSE:XELPMOC,177.35,177.35,160.55,160.55,30748.0
2020-08-28 14:00:00,NSE:XELPMOC,160.55,170.0,160.55,160.55,42507.0
2020-08-28 15:00:00,NSE:XELPMOC,160.55,160.55,160.55,160.55,4653.0
2020-08-31 09:00:00,NSE:XELPMOC,153.0,161.0,153.0,155.0,12104.0
2020-08-31 10:00:00,NSE:XELPMOC,155.0,155.0,152.55,152.55,19311.0
2020-08-31 11:00:00,NSE:XELPMOC,152.55,152.55,152.55,152.55,1117.0
2020-08-31 12:00:00,NSE:XELPMOC,152.55,152.55,152.55,152.55,5106.0
2020-08-31 13:00:00,NSE:XELPMOC,152.55,152.55,152.55,152.55,99.0
2020-08-31 14:00:00,NSE:XELPMOC,152.55,152.55,152.55,152.55,1239.0
2020-08-31 15:00:00,NSE:XELPMOC,152.55,152.55,152.55,152.55,1456.0
2020-09-01 09:00:00,NSE:XELPMOC,145.0,145.65,144.95,144.95,11912.0
2020-09-01 10:00:00,NSE:XELPMOC,144.95,144.95,144.95,144.95,1660.0
2020-09-01 11:00:00,NSE:XELPMOC,144.95,144.95,144.95,144.95,1245.0
2020-09-01 12:00:00,NSE:XELPMOC,144.95,144.95,144.95,144.95,3194.0
2020-09-01 13:00:00,NSE:XELPMOC,144.95,144.95,144.95,144.95,780.0
2020-09-01 14:00:00,NSE:XELPMOC,144.95,144.95,144.95,144.95,667.0
2020-09-01 15:00:00,NSE:XELPMOC,144.95,144.95,144.95,144.95,775.0
2020-09-02 09:00:00,NSE:XELPMOC,137.75,137.75,137.75,137.75,5838.0
2020-09-02 10:00:00,NSE:XELPMOC,137.75,152.15,137.75,152.15,21494.0
2020-09-02 11:00:00,NSE:XELPMOC,152.15,152.15,152.15,152.15,640.0
2020-09-02 12:00:00,NSE:XELPMOC,152.15,152.15,152.15,152.15,2500.0
2020-09-02 14:00:00,NSE:XELPMOC,152.15,152.15,152.15,152.15,12.0
2020-09-02 15:00:00,NSE:XELPMOC,152.15,152.15,152.15,152.15,265.0
2020-09-03 09:00:00,NSE:XELPMOC,159.75,159.75,159.75,159.75,1576.0
2020-09-03 10:00:00,NSE:XELPMOC,159.75,159.75,159.75,159.75,424.0
2020-09-03 11:00:00,NSE:XELPMOC,159.75,159.75,159.75,159.75,250.0
2020-09-03 12:00:00,NSE:XELPMOC,159.75,159.75,159.75,159.75,5340.0
2020-09-03 13:00:00,NSE:XELPMOC,159.75,159.75,159.75,159.75,125.0
2020-09-03 14:00:00,NSE:XELPMOC,159.75,159.75,159.75,159.75,130.0
2020-09-04 09:00:00,NSE:XELPMOC,152.55,167.7,152.55,167.7,8847.0
2020-09-04 10:00:00,NSE:XELPMOC,167.7,167.7,167.7,167.7,255.0
2020-09-04 11:00:00,NSE:XELPMOC,167.7,167.7,167.7,167.7,825.0
2020-09-04 12:00:00,NSE:XELPMOC,167.7,167.7,167.7,167.7,114.0
2020-09-04 13:00:00,NSE:XELPMOC,167.7,167.7,167.7,167.7,178.0
2020-09-04 14:00:00,NSE:XELPMOC,167.7,167.7,167.7,167.7,6492.0
2020-09-04 15:00:00,NSE:XELPMOC,167.7,167.7,167.7,167.7,706.0
2020-09-07 09:00:00,NSE:XELPMOC,170.05,176.05,170.0,175.7,37942.0
2020-09-07 10:00:00,NSE:XELPMOC,175.65,176.05,171.9,176.0,10411.0
2020-09-07 11:00:00,NSE:XELPMOC,176.0,176.0,172.0,175.5,3450.0
2020-09-07 12:00:00,NSE:XELPMOC,175.5,176.05,168.0,168.0,5559.0
2020-09-07 13:00:00,NSE:XELPMOC,171.0,175.0,168.05,171.6,1842.0
2020-09-07 14:00:00,NSE:XELPMOC,171.6,175.0,166.0,174.0,5572.0
2020-09-07 15:00:00,NSE:XELPMOC,174.0,174.0,167.2,173.0,5883.0
2020-09-08 09:00:00,NSE:XELPMOC,174.0,181.0,165.9,176.0,9378.0
2020-09-08 10:00:00,NSE:XELPMOC,172.1,177.0,170.05,174.6,2800.0
2020-09-08 11:00:00,NSE:XELPMOC,174.0,181.0,170.1,181.0,13735.0
2020-09-08 12:00:00,NSE:XELPMOC,179.0,181.85,179.0,181.85,45245.0
2020-09-08 13:00:00,NSE:XELPMOC,181.85,181.85,180.0,181.85,19571.0
2020-09-08 14:00:00,NSE:XELPMOC,181.85,181.85,181.7,181.85,20566.0
2020-09-08 15:00:00,NSE:XELPMOC,181.85,181.85,180.0,181.8,11470.0
2020-09-09 09:00:00,NSE:XELPMOC,187.0,189.5,174.0,175.0,14533.0
2020-09-09 10:00:00,NSE:XELPMOC,175.0,184.0,175.0,179.95,4150.0
2020-09-09 11:00:00,NSE:XELPMOC,176.3,179.95,175.1,178.0,914.0
2020-09-09 12:00:00,NSE:XELPMOC,178.0,179.5,175.0,179.4,4065.0
2020-09-09 13:00:00,NSE:XELPMOC,179.45,184.9,177.5,178.0,2663.0
2020-09-09 14:00:00,NSE:XELPMOC,178.05,186.0,178.05,185.5,2169.0
2020-09-09 15:00:00,NSE:XELPMOC,185.5,185.5,180.0,183.0,2853.0
2020-09-10 09:00:00,NSE:XELPMOC,183.5,188.55,177.0,186.0,3758.0
2020-09-10 10:00:00,NSE:XELPMOC,186.0,189.0,186.0,187.0,5085.0
2020-09-10 11:00:00,NSE:XELPMOC,187.5,189.9,185.5,187.9,7927.0
2020-09-10 12:00:00,NSE:XELPMOC,187.9,187.9,184.0,184.0,2503.0
2020-09-10 13:00:00,NSE:XELPMOC,184.0,184.0,175.3,177.0,4875.0
2020-09-10 14:00:00,NSE:XELPMOC,180.0,184.0,180.0,184.0,2511.0
2020-09-10 15:00:00,NSE:XELPMOC,183.0,183.85,181.0,182.8,4354.0
2020-09-11 09:00:00,NSE:XELPMOC,188.05,188.05,183.0,184.9,1650.0
2020-09-11 10:00:00,NSE:XELPMOC,184.9,184.9,181.0,184.5,3143.0
2020-09-11 11:00:00,NSE:XELPMOC,184.0,184.0,182.4,183.0,763.0
2020-09-11 12:00:00,NSE:XELPMOC,182.0,182.0,180.0,182.0,1738.0
2020-09-11 13:00:00,NSE:XELPMOC,182.0,182.0,176.9,179.0,3932.0
2020-09-11 14:00:00,NSE:XELPMOC,179.0,181.0,177.0,177.0,2076.0
2020-09-11 15:00:00,NSE:XELPMOC,177.0,179.0,173.7,175.25,8690.0
2020-09-14 09:00:00,NSE:XELPMOC,179.85,179.85,170.0,174.9,14529.0
2020-09-14 10:00:00,NSE:XELPMOC,173.0,176.0,166.5,175.0,5938.0
2020-09-14 11:00:00,NSE:XELPMOC,175.0,176.0,167.1,175.0,3020.0
2020-09-14 12:00:00,NSE:XELPMOC,175.0,175.5,170.5,174.95,1547.0
2020-09-14 13:00:00,NSE:XELPMOC,175.0,179.0,174.95,178.0,2184.0
2020-09-14 14:00:00,NSE:XELPMOC,178.0,179.0,170.0,175.0,3502.0
2020-09-14 15:00:00,NSE:XELPMOC,174.6,176.0,172.0,173.0,2648.0
2020-09-15 09:00:00,NSE:XELPMOC,170.0,179.8,170.0,177.9,1922.0
2020-09-15 10:00:00,NSE:XELPMOC,177.9,179.8,175.0,175.0,3341.0
2020-09-15 11:00:00,NSE:XELPMOC,179.65,179.65,175.0,178.0,1437.0
2020-09-15 12:00:00,NSE:XELPMOC,179.45,179.45,175.0,178.4,465.0
2020-09-15 13:00:00,NSE:XELPMOC,178.4,179.7,174.0,179.45,4045.0
2020-09-15 14:00:00,NSE:XELPMOC,179.45,179.45,175.05,175.55,2875.0
2020-09-15 15:00:00,NSE:XELPMOC,179.1,180.0,175.15,180.0,3048.0
2020-09-16 09:00:00,NSE:XELPMOC,180.0,182.85,175.1,178.65,990.0
2020-09-16 10:00:00,NSE:XELPMOC,175.1,181.6,175.1,179.85,754.0
2020-09-16 11:00:00,NSE:XELPMOC,177.0,180.0,176.0,176.0,1882.0
2020-09-16 12:00:00,NSE:XELPMOC,176.5,183.05,176.5,182.5,2987.0
2020-09-16 13:00:00,NSE:XELPMOC,184.0,188.2,183.05,186.0,16528.0
2020-09-16 14:00:00,NSE:XELPMOC,186.0,188.2,185.45,188.0,9852.0
2020-09-16 15:00:00,NSE:XELPMOC,188.2,188.2,184.05,188.1,4454.0
2020-09-17 09:00:00,NSE:XELPMOC,192.0,194.85,186.05,194.0,12078.0
2020-09-17 10:00:00,NSE:XELPMOC,194.0,194.0,189.5,194.0,12372.0
2020-09-17 11:00:00,NSE:XELPMOC,193.0,196.5,192.0,195.5,7283.0
2020-09-17 12:00:00,NSE:XELPMOC,195.0,197.5,194.5,197.5,13220.0
2020-09-17 13:00:00,NSE:XELPMOC,197.45,197.45,196.65,197.4,3233.0
2020-09-17 14:00:00,NSE:XELPMOC,197.4,197.5,197.4,197.5,11647.0
2020-09-17 15:00:00,NSE:XELPMOC,197.5,197.5,197.5,197.5,5500.0
2020-09-18 09:00:00,NSE:XELPMOC,206.4,207.35,198.1,207.35,21532.0
2020-09-18 10:00:00,NSE:XELPMOC,207.35,207.35,207.35,207.35,672.0
2020-09-18 11:00:00,NSE:XELPMOC,207.35,207.35,207.35,207.35,968.0
2020-09-18 12:00:00,NSE:XELPMOC,207.35,207.35,207.35,207.35,283.0
2020-09-18 13:00:00,NSE:XELPMOC,207.35,207.35,207.35,207.35,237.0
2020-09-18 14:00:00,NSE:XELPMOC,207.35,207.35,207.35,207.35,1064.0
2020-09-18 15:00:00,NSE:XELPMOC,207.35,207.35,207.35,207.35,103.0
2020-09-21 09:00:00,NSE:XELPMOC,217.7,217.7,217.7,217.7,15382.0
2020-09-21 10:00:00,NSE:XELPMOC,217.7,217.7,217.7,217.7,3429.0
2020-09-21 11:00:00,NSE:XELPMOC,217.7,217.7,217.7,217.7,767.0
2020-09-21 12:00:00,NSE:XELPMOC,217.7,217.7,217.7,217.7,571.0
2020-09-21 13:00:00,NSE:XELPMOC,217.7,217.7,199.0,208.95,36271.0
2020-09-21 14:00:00,NSE:XELPMOC,208.95,214.0,200.0,208.0,13732.0
2020-09-21 15:00:00,NSE:XELPMOC,208.0,216.9,203.0,208.25,19720.0
2020-09-22 09:00:00,NSE:XELPMOC,208.0,208.0,197.85,197.85,23119.0
2020-09-22 10:00:00,NSE:XELPMOC,201.0,218.65,201.0,218.45,13923.0
2020-09-22 11:00:00,NSE:XELPMOC,216.0,218.6,210.0,218.0,7013.0
2020-09-22 12:00:00,NSE:XELPMOC,217.95,218.65,217.95,218.65,22232.0
2020-09-22 13:00:00,NSE:XELPMOC,218.65,218.65,218.0,218.65,8365.0
2020-09-22 14:00:00,NSE:XELPMOC,218.65,218.65,215.0,218.5,2982.0
2020-09-22 15:00:00,NSE:XELPMOC,218.5,218.65,218.0,218.65,3242.0
2020-09-23 09:00:00,NSE:XELPMOC,227.0,229.55,218.65,229.55,13960.0
2020-09-23 10:00:00,NSE:XELPMOC,229.55,229.55,229.0,229.55,5036.0
2020-09-23 11:00:00,NSE:XELPMOC,229.55,229.55,229.55,229.55,766.0
2020-09-23 12:00:00,NSE:XELPMOC,229.55,229.55,229.5,229.55,12341.0
2020-09-23 13:00:00,NSE:XELPMOC,229.55,229.55,229.55,229.55,1405.0
2020-09-23 14:00:00,NSE:XELPMOC,229.55,229.55,229.0,229.55,4306.0
2020-09-23 15:00:00,NSE:XELPMOC,229.55,229.55,229.55,229.55,61.0
2020-09-24 09:00:00,NSE:XELPMOC,241.0,241.0,220.05,241.0,28264.0
2020-09-24 10:00:00,NSE:XELPMOC,241.0,241.0,234.0,234.0,7041.0
2020-09-24 11:00:00,NSE:XELPMOC,236.1,241.0,234.0,241.0,11795.0
2020-09-24 12:00:00,NSE:XELPMOC,241.0,241.0,241.0,241.0,2380.0
2020-09-24 13:00:00,NSE:XELPMOC,241.0,241.0,241.0,241.0,460.0
2020-09-24 14:00:00,NSE:XELPMOC,241.0,241.0,241.0,241.0,2643.0
2020-09-24 15:00:00,NSE:XELPMOC,241.0,241.0,241.0,241.0,2255.0
2020-09-25 09:00:00,NSE:XELPMOC,253.05,253.05,253.05,253.05,9228.0
2020-09-25 10:00:00,NSE:XELPMOC,253.05,253.05,253.05,253.05,3468.0
2020-09-25 11:00:00,NSE:XELPMOC,253.05,253.05,253.05,253.05,490.0
2020-09-25 12:00:00,NSE:XELPMOC,253.05,253.05,253.05,253.05,2612.0
2020-09-25 13:00:00,NSE:XELPMOC,253.05,253.05,253.05,253.05,305.0
2020-09-25 14:00:00,NSE:XELPMOC,253.05,253.05,253.05,253.05,445.0
2020-09-25 15:00:00,NSE:XELPMOC,253.05,253.05,253.05,253.05,1289.0
2020-09-28 09:00:00,NSE:XELPMOC,265.7,265.7,265.7,265.7,4472.0
2020-09-28 10:00:00,NSE:XELPMOC,265.7,265.7,265.7,265.7,869.0
2020-09-28 11:00:00,NSE:XELPMOC,265.7,265.7,265.7,265.7,221.0
2020-09-28 12:00:00,NSE:XELPMOC,265.7,265.7,265.7,265.7,163.0
2020-09-28 13:00:00,NSE:XELPMOC,265.7,265.7,265.7,265.7,246.0
2020-09-28 14:00:00,NSE:XELPMOC,265.7,265.7,265.7,265.7,2001.0
2020-09-28 15:00:00,NSE:XELPMOC,265.7,265.7,265.7,265.7,140.0
2020-09-29 09:00:00,NSE:XELPMOC,278.95,278.95,278.95,278.95,5018.0
2020-09-29 10:00:00,NSE:XELPMOC,278.95,278.95,278.95,278.95,6226.0
2020-09-29 11:00:00,NSE:XELPMOC,278.95,278.95,278.95,278.95,3231.0
2020-09-29 12:00:00,NSE:XELPMOC,278.95,278.95,278.95,278.95,1397.0
2020-09-29 13:00:00,NSE:XELPMOC,278.95,278.95,278.95,278.95,1074.0
2020-09-29 14:00:00,NSE:XELPMOC,278.95,278.95,278.95,278.95,1124.0
2020-09-29 15:00:00,NSE:XELPMOC,278.95,278.95,278.95,278.95,342.0
2020-09-30 09:00:00,NSE:XELPMOC,292.85,292.85,265.05,292.85,115894.0
2020-09-30 10:00:00,NSE:XELPMOC,292.8,292.85,278.0,292.85,14862.0
2020-09-30 11:00:00,NSE:XELPMOC,292.85,292.85,292.85,292.85,1399.0
2020-09-30 12:00:00,NSE:XELPMOC,292.85,292.85,292.85,292.85,884.0
2020-09-30 13:00:00,NSE:XELPMOC,292.85,292.85,292.85,292.85,3529.0
2020-09-30 14:00:00,NSE:XELPMOC,292.85,292.85,292.85,292.85,3041.0
2020-09-30 15:00:00,NSE:XELPMOC,292.85,292.85,292.85,292.85,691.0
2020-10-01 09:00:00,NSE:XELPMOC,307.45,307.45,300.0,307.45,13155.0
2020-10-01 10:00:00,NSE:XELPMOC,307.45,307.45,307.45,307.45,379.0
2020-10-01 11:00:00,NSE:XELPMOC,307.45,307.45,307.45,307.45,3246.0
2020-10-01 12:00:00,NSE:XELPMOC,307.45,307.45,307.45,307.45,2250.0
2020-10-01 13:00:00,NSE:XELPMOC,307.45,307.45,307.45,307.45,160.0
2020-10-01 14:00:00,NSE:XELPMOC,307.45,307.45,307.45,307.45,491.0
2020-10-01 15:00:00,NSE:XELPMOC,307.45,307.45,307.45,307.45,290.0
2020-10-05 09:00:00,NSE:XELPMOC,322.8,322.8,322.8,322.8,22081.0
2020-10-05 10:00:00,NSE:XELPMOC,322.8,322.8,322.8,322.8,918.0
2020-10-05 11:00:00,NSE:XELPMOC,322.8,322.8,322.8,322.8,6838.0
2020-10-05 12:00:00,NSE:XELPMOC,322.8,322.8,322.8,322.8,10341.0
2020-10-05 13:00:00,NSE:XELPMOC,322.8,322.8,308.0,322.8,29347.0
2020-10-05 14:00:00,NSE:XELPMOC,322.8,322.8,321.0,322.8,6827.0
2020-10-05 15:00:00,NSE:XELPMOC,322.8,322.8,322.8,322.8,1535.0
2020-10-06 09:00:00,NSE:XELPMOC,338.9,338.9,325.0,338.9,49514.0
2020-10-06 10:00:00,NSE:XELPMOC,338.9,338.9,330.05,338.9,25584.0
2020-10-06 11:00:00,NSE:XELPMOC,338.9,338.9,338.0,338.9,10597.0
2020-10-06 12:00:00,NSE:XELPMOC,338.9,338.9,338.0,338.9,9654.0
2020-10-06 13:00:00,NSE:XELPMOC,338.9,338.9,338.9,338.9,1335.0
2020-10-06 14:00:00,NSE:XELPMOC,338.9,338.9,338.9,338.9,584.0
2020-10-06 15:00:00,NSE:XELPMOC,338.9,338.9,338.9,338.9,831.0
2020-10-07 09:00:00,NSE:XELPMOC,355.8,355.8,338.9,345.0,111396.0
2020-10-07 10:00:00,NSE:XELPMOC,345.0,350.0,322.0,322.0,25031.0
2020-10-07 11:00:00,NSE:XELPMOC,322.0,322.0,322.0,322.0,2925.0
2020-10-07 12:00:00,NSE:XELPMOC,322.0,322.0,322.0,322.0,940.0
2020-10-07 13:00:00,NSE:XELPMOC,322.0,322.0,322.0,322.0,352.0
2020-10-07 14:00:00,NSE:XELPMOC,322.0,322.0,322.0,322.0,1334.0
2020-10-07 15:00:00,NSE:XELPMOC,322.0,322.0,322.0,322.0,1332.0
2020-10-08 09:00:00,NSE:XELPMOC,305.9,305.9,305.9,305.9,5299.0
2020-10-08 10:00:00,NSE:XELPMOC,305.9,305.9,305.9,305.9,773.0
2020-10-08 11:00:00,NSE:XELPMOC,305.9,305.9,305.9,305.9,687.0
2020-10-08 12:00:00,NSE:XELPMOC,305.9,305.9,305.9,305.9,284.0
2020-10-08 13:00:00,NSE:XELPMOC,305.9,305.9,305.9,305.9,102.0
2020-10-08 14:00:00,NSE:XELPMOC,305.9,305.9,305.9,305.9,203.0
2020-10-08 15:00:00,NSE:XELPMOC,305.9,305.9,305.9,305.9,573.0
2020-10-09 09:00:00,NSE:XELPMOC,290.65,290.65,290.65,290.65,2062.0
2020-10-09 10:00:00,NSE:XELPMOC,290.65,290.65,290.65,290.65,292.0
2020-10-09 11:00:00,NSE:XELPMOC,290.65,290.65,290.65,290.65,241.0
2020-10-09 12:00:00,NSE:XELPMOC,290.65,290.65,290.65,290.65,165.0
2020-10-09 13:00:00,NSE:XELPMOC,290.65,290.65,290.65,290.65,123.0
2020-10-09 14:00:00,NSE:XELPMOC,290.65,290.65,290.65,290.65,314.0
2020-10-09 15:00:00,NSE:XELPMOC,290.65,290.65,290.65,290.65,282.0
2020-10-12 09:00:00,NSE:XELPMOC,276.15,276.15,276.15,276.15,1943.0
2020-10-12 10:00:00,NSE:XELPMOC,276.15,276.15,276.15,276.15,670.0
2020-10-12 11:00:00,NSE:XELPMOC,276.15,276.15,276.15,276.15,143.0
2020-10-12 12:00:00,NSE:XELPMOC,276.15,276.15,276.15,276.15,131.0
2020-10-12 13:00:00,NSE:XELPMOC,276.15,276.15,276.15,276.15,122.0
2020-10-12 14:00:00,NSE:XELPMOC,276.15,276.15,276.15,276.15,91.0
2020-10-12 15:00:00,NSE:XELPMOC,276.15,276.15,276.15,276.15,105.0
2020-10-13 09:00:00,NSE:XELPMOC,262.35,262.35,262.35,262.35,2402.0
2020-10-13 10:00:00,NSE:XELPMOC,262.35,262.35,262.35,262.35,768.0
2020-10-13 11:00:00,NSE:XELPMOC,262.35,262.35,262.35,262.35,440.0
2020-10-13 12:00:00,NSE:XELPMOC,262.35,262.35,262.35,262.35,200.0
2020-10-13 13:00:00,NSE:XELPMOC,262.35,262.35,262.35,262.35,179.0
2020-10-13 14:00:00,NSE:XELPMOC,262.35,262.35,262.35,262.35,355.0
2020-10-13 15:00:00,NSE:XELPMOC,262.35,262.35,262.35,262.35,141.0
2020-10-14 09:00:00,NSE:XELPMOC,249.25,249.25,249.25,249.25,1603.0
2020-10-14 10:00:00,NSE:XELPMOC,249.25,249.25,249.25,249.25,148.0
2020-10-14 11:00:00,NSE:XELPMOC,249.25,249.25,249.25,249.25,317.0
2020-10-14 12:00:00,NSE:XELPMOC,249.25,249.25,249.25,249.25,111.0
2020-10-14 13:00:00,NSE:XELPMOC,249.25,249.25,249.25,249.25,351.0
2020-10-14 14:00:00,NSE:XELPMOC,249.25,249.25,249.25,249.25,133.0
2020-10-14 15:00:00,NSE:XELPMOC,249.25,249.25,249.25,249.25,98.0
2020-10-15 09:00:00,NSE:XELPMOC,236.8,236.8,236.8,236.8,2941.0
2020-10-15 10:00:00,NSE:XELPMOC,236.8,236.8,236.8,236.8,840.0
2020-10-15 11:00:00,NSE:XELPMOC,236.8,236.8,236.8,236.8,226.0
2020-10-15 12:00:00,NSE:XELPMOC,236.8,236.8,236.8,236.8,195.0
2020-10-15 13:00:00,NSE:XELPMOC,236.8,236.8,236.8,236.8,127.0
2020-10-15 14:00:00,NSE:XELPMOC,236.8,236.8,236.8,236.8,101.0
2020-10-15 15:00:00,NSE:XELPMOC,236.8,236.8,236.8,236.8,175.0
2020-10-16 09:00:00,NSE:XELPMOC,225.0,248.6,225.0,248.6,186592.0
2020-10-16 10:00:00,NSE:XELPMOC,248.6,248.6,240.05,248.6,53418.0
2020-10-16 11:00:00,NSE:XELPMOC,248.6,248.6,248.6,248.6,2912.0
2020-10-16 12:00:00,NSE:XELPMOC,248.6,248.6,248.6,248.6,981.0
2020-10-16 13:00:00,NSE:XELPMOC,248.6,248.6,248.6,248.6,1068.0
2020-10-16 14:00:00,NSE:XELPMOC,248.6,248.6,248.6,248.6,10530.0
2020-10-16 15:00:00,NSE:XELPMOC,248.6,248.6,248.6,248.6,296.0
2020-10-19 09:00:00,NSE:XELPMOC,236.2,260.9,236.2,259.0,95697.0
2020-10-19 10:00:00,NSE:XELPMOC,259.0,259.0,249.0,256.9,19271.0
2020-10-19 11:00:00,NSE:XELPMOC,256.95,257.95,250.0,252.0,3607.0
2020-10-19 12:00:00,NSE:XELPMOC,252.0,258.0,249.5,252.0,10422.0
2020-10-19 13:00:00,NSE:XELPMOC,250.0,258.0,248.0,250.0,5052.0
2020-10-19 14:00:00,NSE:XELPMOC,256.0,256.95,249.0,254.0,6018.0
2020-10-19 15:00:00,NSE:XELPMOC,254.0,254.0,240.0,245.7,25658.0
2020-10-20 09:00:00,NSE:XELPMOC,235.0,245.7,233.45,239.0,30471.0
2020-10-20 10:00:00,NSE:XELPMOC,239.0,250.0,237.0,247.95,8304.0
2020-10-20 11:00:00,NSE:XELPMOC,246.0,249.85,240.0,247.45,7162.0
2020-10-20 12:00:00,NSE:XELPMOC,247.45,251.0,243.05,251.0,8012.0
2020-10-20 13:00:00,NSE:XELPMOC,251.0,256.7,247.0,254.0,11454.0
2020-10-20 14:00:00,NSE:XELPMOC,254.0,256.95,250.0,256.95,8686.0
2020-10-20 15:00:00,NSE:XELPMOC,256.95,257.95,256.9,257.95,15520.0
2020-10-21 09:00:00,NSE:XELPMOC,269.95,270.6,262.0,270.6,13941.0
2020-10-21 10:00:00,NSE:XELPMOC,270.6,270.6,270.6,270.6,1398.0
2020-10-21 11:00:00,NSE:XELPMOC,270.6,270.6,270.6,270.6,1540.0
2020-10-21 12:00:00,NSE:XELPMOC,270.6,270.6,270.6,270.6,447.0
2020-10-21 13:00:00,NSE:XELPMOC,270.6,270.6,270.6,270.6,2104.0
2020-10-21 14:00:00,NSE:XELPMOC,270.6,270.6,265.0,270.6,42840.0
2020-10-21 15:00:00,NSE:XELPMOC,270.6,270.6,270.6,270.6,627.0
2020-10-22 09:00:00,NSE:XELPMOC,278.1,284.1,270.0,284.1,34113.0
2020-10-22 10:00:00,NSE:XELPMOC,284.1,284.1,284.1,284.1,4538.0
2020-10-22 11:00:00,NSE:XELPMOC,284.1,284.1,284.1,284.1,357.0
2020-10-22 12:00:00,NSE:XELPMOC,284.1,284.1,284.1,284.1,299.0
2020-10-22 13:00:00,NSE:XELPMOC,284.1,284.1,284.1,284.1,1251.0
2020-10-22 14:00:00,NSE:XELPMOC,284.1,284.1,284.1,284.1,1810.0
2020-10-22 15:00:00,NSE:XELPMOC,284.1,284.1,284.1,284.1,270.0
2020-10-23 09:00:00,NSE:XELPMOC,298.3,298.3,291.0,298.3,46052.0
2020-10-23 10:00:00,NSE:XELPMOC,298.3,298.3,298.3,298.3,3215.0
2020-10-23 11:00:00,NSE:XELPMOC,298.3,298.3,297.0,298.3,14119.0
2020-10-23 12:00:00,NSE:XELPMOC,298.3,298.3,298.3,298.3,1856.0
2020-10-23 13:00:00,NSE:XELPMOC,298.3,298.3,298.3,298.3,163.0
2020-10-23 14:00:00,NSE:XELPMOC,298.3,298.3,298.3,298.3,3176.0
2020-10-23 15:00:00,NSE:XELPMOC,298.3,298.3,298.3,298.3,212.0
2020-10-26 09:00:00,NSE:XELPMOC,313.2,313.2,305.0,313.2,41038.0
2020-10-26 10:00:00,NSE:XELPMOC,313.2,313.2,313.2,313.2,4200.0
2020-10-26 11:00:00,NSE:XELPMOC,313.2,313.2,313.2,313.2,1528.0
2020-10-26 12:00:00,NSE:XELPMOC,313.2,313.2,309.0,309.0,13793.0
2020-10-26 13:00:00,NSE:XELPMOC,309.0,313.0,283.4,293.0,35780.0
2020-10-26 14:00:00,NSE:XELPMOC,293.0,313.2,287.0,312.0,14826.0
2020-10-26 15:00:00,NSE:XELPMOC,313.0,313.2,310.2,312.7,6508.0
2020-10-27 09:00:00,NSE:XELPMOC,297.1,312.0,297.1,303.0,31838.0
2020-10-27 10:00:00,NSE:XELPMOC,303.0,319.0,301.0,314.0,6732.0
2020-10-27 11:00:00,NSE:XELPMOC,315.0,318.0,305.0,312.0,3913.0
2020-10-27 12:00:00,NSE:XELPMOC,312.0,314.0,305.0,308.0,1669.0
2020-10-27 13:00:00,NSE:XELPMOC,308.5,310.0,305.5,306.1,1587.0
2020-10-27 14:00:00,NSE:XELPMOC,306.0,308.85,297.1,297.1,7620.0
2020-10-27 15:00:00,NSE:XELPMOC,297.1,297.1,297.1,297.1,2507.0
2020-10-28 09:00:00,NSE:XELPMOC,297.0,297.0,282.25,283.6,18709.0
2020-10-28 10:00:00,NSE:XELPMOC,283.6,290.0,282.25,282.25,9678.0
2020-10-28 11:00:00,NSE:XELPMOC,282.25,282.25,282.25,282.25,1942.0
2020-10-28 12:00:00,NSE:XELPMOC,282.25,282.25,282.25,282.25,1172.0
2020-10-28 13:00:00,NSE:XELPMOC,282.25,282.25,282.25,282.25,457.0
2020-10-28 14:00:00,NSE:XELPMOC,282.25,282.25,282.25,282.25,472.0
2020-10-28 15:00:00,NSE:XELPMOC,282.25,282.25,282.25,282.25,331.0
2020-10-29 09:00:00,NSE:XELPMOC,268.15,279.5,268.15,268.15,8501.0
2020-10-29 10:00:00,NSE:XELPMOC,268.15,268.15,268.15,268.15,3110.0
2020-10-29 11:00:00,NSE:XELPMOC,268.15,281.95,268.15,276.5,9503.0
2020-10-29 12:00:00,NSE:XELPMOC,279.5,280.0,275.0,280.0,3152.0
2020-10-29 13:00:00,NSE:XELPMOC,279.9,279.9,270.3,277.0,2323.0
2020-10-29 14:00:00,NSE:XELPMOC,274.0,277.95,269.05,277.85,3180.0
2020-10-29 15:00:00,NSE:XELPMOC,269.05,276.95,268.15,274.8,6709.0
2020-10-30 09:00:00,NSE:XELPMOC,279.7,282.3,275.0,281.5,6386.0
2020-10-30 10:00:00,NSE:XELPMOC,281.5,282.0,277.0,278.1,3356.0
2020-10-30 11:00:00,NSE:XELPMOC,281.5,281.5,260.0,269.9,5742.0
2020-10-30 12:00:00,NSE:XELPMOC,269.9,274.7,266.5,272.95,438.0
2020-10-30 13:00:00,NSE:XELPMOC,272.95,274.65,265.0,274.65,2327.0
2020-10-30 14:00:00,NSE:XELPMOC,274.05,274.45,265.0,273.95,1300.0
2020-10-30 15:00:00,NSE:XELPMOC,273.95,273.95,262.25,269.0,3816.0
2020-11-02 09:00:00,NSE:XELPMOC,279.95,280.0,270.25,275.0,5883.0
2020-11-02 10:00:00,NSE:XELPMOC,278.0,280.1,275.0,280.1,4902.0
2020-11-02 11:00:00,NSE:XELPMOC,280.1,280.1,280.1,280.1,420.0
2020-11-02 12:00:00,NSE:XELPMOC,280.1,280.1,280.1,280.1,188.0
2020-11-02 13:00:00,NSE:XELPMOC,280.1,280.1,280.1,280.1,351.0
2020-11-02 14:00:00,NSE:XELPMOC,280.1,280.1,280.1,280.1,56.0
2020-11-02 15:00:00,NSE:XELPMOC,280.1,280.1,280.1,280.1,311.0
2020-11-03 09:00:00,NSE:XELPMOC,294.1,294.1,294.1,294.1,2732.0
2020-11-03 10:00:00,NSE:XELPMOC,294.1,294.1,294.1,294.1,841.0
2020-11-03 11:00:00,NSE:XELPMOC,294.1,294.1,294.1,294.1,218.0
2020-11-03 12:00:00,NSE:XELPMOC,294.1,294.1,294.1,294.1,136.0
2020-11-03 13:00:00,NSE:XELPMOC,294.1,294.1,294.1,294.1,450.0
2020-11-03 14:00:00,NSE:XELPMOC,294.1,294.1,294.1,294.1,59.0
2020-11-03 15:00:00,NSE:XELPMOC,294.1,294.1,294.1,294.1,127.0
2020-11-04 09:00:00,NSE:XELPMOC,308.8,308.8,281.0,285.1,19094.0
2020-11-04 10:00:00,NSE:XELPMOC,290.0,294.95,283.0,287.0,3791.0
2020-11-04 11:00:00,NSE:XELPMOC,286.95,287.0,284.0,284.3,3070.0
2020-11-04 12:00:00,NSE:XELPMOC,284.3,298.1,284.3,298.0,14024.0
2020-11-04 13:00:00,NSE:XELPMOC,287.0,297.85,287.0,288.1,1859.0
2020-11-04 14:00:00,NSE:XELPMOC,290.0,292.05,286.1,291.95,1530.0
2020-11-04 15:00:00,NSE:XELPMOC,290.0,290.0,286.0,288.4,1785.0
2020-11-05 09:00:00,NSE:XELPMOC,282.25,293.0,282.05,283.6,5774.0
2020-11-05 10:00:00,NSE:XELPMOC,285.9,285.95,282.0,282.0,2012.0
2020-11-05 11:00:00,NSE:XELPMOC,282.0,285.8,274.7,281.4,4170.0
2020-11-05 12:00:00,NSE:XELPMOC,279.95,281.95,276.0,281.9,1186.0
2020-11-05 13:00:00,NSE:XELPMOC,281.9,281.95,276.0,281.95,1425.0
2020-11-05 14:00:00,NSE:XELPMOC,281.95,288.0,281.0,288.0,3600.0
2020-11-05 15:00:00,NSE:XELPMOC,288.0,290.0,285.0,285.0,4841.0
2020-11-06 09:00:00,NSE:XELPMOC,293.9,295.0,282.15,295.0,4457.0
2020-11-06 10:00:00,NSE:XELPMOC,295.0,298.0,290.0,293.0,2668.0
2020-11-06 11:00:00,NSE:XELPMOC,294.0,296.95,290.0,290.1,2530.0
2020-11-06 12:00:00,NSE:XELPMOC,294.95,294.95,290.05,290.05,490.0
2020-11-06 13:00:00,NSE:XELPMOC,291.0,294.95,290.05,293.0,407.0
2020-11-06 14:00:00,NSE:XELPMOC,293.0,295.0,288.0,293.95,4862.0
2020-11-06 15:00:00,NSE:XELPMOC,290.0,293.95,286.0,291.0,3198.0
2020-11-09 09:00:00,NSE:XELPMOC,297.8,297.8,275.1,293.9,19205.0
2020-11-09 10:00:00,NSE:XELPMOC,293.9,295.0,281.3,288.0,5999.0
2020-11-09 11:00:00,NSE:XELPMOC,288.0,288.0,282.6,283.0,3373.0
2020-11-09 12:00:00,NSE:XELPMOC,283.0,297.0,282.0,285.1,7475.0
2020-11-09 13:00:00,NSE:XELPMOC,285.2,293.0,283.15,291.45,2938.0
2020-11-09 14:00:00,NSE:XELPMOC,290.25,291.45,286.0,291.4,2522.0
2020-11-09 15:00:00,NSE:XELPMOC,288.05,297.7,288.05,295.8,6236.0
2020-11-10 09:00:00,NSE:XELPMOC,279.8,294.0,279.8,283.6,7664.0
2020-11-10 10:00:00,NSE:XELPMOC,284.45,287.95,283.6,285.0,2486.0
2020-11-10 11:00:00,NSE:XELPMOC,283.5,285.5,280.45,285.0,5894.0
2020-11-10 12:00:00,NSE:XELPMOC,285.0,287.0,280.0,282.95,4558.0
2020-11-10 13:00:00,NSE:XELPMOC,282.95,284.5,279.8,282.7,4337.0
2020-11-10 14:00:00,NSE:XELPMOC,279.85,287.0,279.8,279.8,4437.0
2020-11-10 15:00:00,NSE:XELPMOC,279.8,279.8,279.8,279.8,898.0
2020-11-11 09:00:00,NSE:XELPMOC,286.0,286.0,265.85,265.85,12391.0
2020-11-11 10:00:00,NSE:XELPMOC,265.85,265.85,265.85,265.85,18520.0
2020-11-11 11:00:00,NSE:XELPMOC,265.85,265.85,265.85,265.85,1184.0
2020-11-11 12:00:00,NSE:XELPMOC,265.85,265.85,265.85,265.85,775.0
2020-11-11 13:00:00,NSE:XELPMOC,265.85,265.85,265.85,265.85,1163.0
2020-11-11 14:00:00,NSE:XELPMOC,265.85,265.85,265.85,265.85,927.0
2020-11-11 15:00:00,NSE:XELPMOC,265.85,265.85,265.85,265.85,1033.0
2020-11-12 09:00:00,NSE:XELPMOC,261.95,261.95,252.6,259.0,36322.0
2020-11-12 10:00:00,NSE:XELPMOC,258.9,264.0,252.6,252.6,30071.0
2020-11-12 11:00:00,NSE:XELPMOC,252.6,257.55,252.6,252.6,21915.0
2020-11-12 12:00:00,NSE:XELPMOC,252.6,255.55,252.6,255.45,6388.0
2020-11-12 13:00:00,NSE:XELPMOC,255.0,260.0,254.05,256.45,6430.0
2020-11-12 14:00:00,NSE:XELPMOC,254.2,256.45,252.9,253.5,4474.0
2020-11-12 15:00:00,NSE:XELPMOC,260.0,260.9,254.25,257.15,6512.0
2020-11-13 09:00:00,NSE:XELPMOC,257.4,266.05,250.0,263.25,10536.0
2020-11-13 10:00:00,NSE:XELPMOC,264.0,270.0,262.0,269.05,17057.0
2020-11-13 11:00:00,NSE:XELPMOC,269.95,270.0,265.05,268.7,4275.0
2020-11-13 12:00:00,NSE:XELPMOC,267.75,269.0,265.0,265.0,4661.0
2020-11-13 13:00:00,NSE:XELPMOC,268.45,268.5,264.0,265.05,3942.0
2020-11-13 14:00:00,NSE:XELPMOC,265.95,269.0,264.0,268.75,3467.0
2020-11-13 15:00:00,NSE:XELPMOC,268.75,270.0,267.25,270.0,10256.0
2020-11-14 18:00:00,NSE:XELPMOC,273.0,280.9,260.1,274.95,13922.0
2020-11-14 19:00:00,NSE:XELPMOC,274.95,275.0,269.95,273.6,5065.0
2020-11-17 09:00:00,NSE:XELPMOC,276.85,277.0,260.0,264.5,20825.0
2020-11-17 10:00:00,NSE:XELPMOC,264.2,267.4,259.95,261.0,18027.0
2020-11-17 11:00:00,NSE:XELPMOC,260.95,260.95,259.95,259.95,4921.0
2020-11-17 12:00:00,NSE:XELPMOC,259.95,265.05,259.95,264.65,16111.0
2020-11-17 13:00:00,NSE:XELPMOC,264.35,264.35,259.95,261.3,11935.0
2020-11-17 14:00:00,NSE:XELPMOC,259.95,262.85,259.95,259.95,8021.0
2020-11-17 15:00:00,NSE:XELPMOC,259.95,260.95,259.95,259.95,1935.0
2020-11-18 09:00:00,NSE:XELPMOC,259.95,259.95,247.1,251.5,18365.0
2020-11-18 10:00:00,NSE:XELPMOC,251.85,252.0,247.1,250.9,19226.0
2020-11-18 11:00:00,NSE:XELPMOC,250.9,253.5,247.1,248.5,13961.0
2020-11-18 12:00:00,NSE:XELPMOC,248.0,249.25,247.0,248.65,6822.0
2020-11-18 13:00:00,NSE:XELPMOC,248.65,251.0,248.0,248.65,4149.0
2020-11-18 14:00:00,NSE:XELPMOC,248.65,250.65,247.25,248.35,11563.0
2020-11-18 15:00:00,NSE:XELPMOC,248.5,249.0,247.0,247.45,12145.0
2020-11-19 09:00:00,NSE:XELPMOC,249.7,249.7,238.4,241.4,11425.0
2020-11-19 10:00:00,NSE:XELPMOC,241.95,241.95,237.5,240.25,8871.0
2020-11-19 11:00:00,NSE:XELPMOC,240.0,240.75,237.4,239.95,5890.0
2020-11-19 12:00:00,NSE:XELPMOC,239.95,242.0,239.05,240.0,5319.0
2020-11-19 13:00:00,NSE:XELPMOC,239.95,241.55,239.0,239.0,6124.0
2020-11-19 14:00:00,NSE:XELPMOC,239.85,239.9,236.2,237.95,8372.0
2020-11-19 15:00:00,NSE:XELPMOC,237.0,239.6,236.0,236.85,6475.0
2020-11-20 09:00:00,NSE:XELPMOC,237.05,248.65,237.05,248.65,28833.0
2020-11-20 10:00:00,NSE:XELPMOC,248.65,248.65,248.65,248.65,3314.0
2020-11-20 11:00:00,NSE:XELPMOC,248.65,248.65,247.0,248.2,24250.0
2020-11-20 12:00:00,NSE:XELPMOC,248.15,248.65,248.15,248.65,8554.0
2020-11-20 13:00:00,NSE:XELPMOC,248.65,248.65,246.1,248.6,9777.0
2020-11-20 14:00:00,NSE:XELPMOC,248.55,248.65,247.55,248.45,3858.0
2020-11-20 15:00:00,NSE:XELPMOC,248.35,248.4,246.0,247.6,6502.0
2020-11-23 09:00:00,NSE:XELPMOC,255.9,258.5,241.1,243.8,13421.0
2020-11-23 10:00:00,NSE:XELPMOC,243.65,243.65,241.15,242.0,5539.0
2020-11-23 11:00:00,NSE:XELPMOC,242.7,246.0,241.1,242.1,11694.0
2020-11-23 12:00:00,NSE:XELPMOC,244.85,245.25,242.05,244.1,3168.0
2020-11-23 13:00:00,NSE:XELPMOC,244.0,246.0,244.0,245.65,1163.0
2020-11-23 14:00:00,NSE:XELPMOC,245.65,245.65,243.0,244.4,5572.0
2020-11-23 15:00:00,NSE:XELPMOC,243.75,245.0,240.1,243.05,4987.0
2020-11-24 09:00:00,NSE:XELPMOC,249.9,251.8,241.9,244.1,4913.0
2020-11-24 10:00:00,NSE:XELPMOC,242.95,243.95,240.05,240.05,4155.0
2020-11-24 11:00:00,NSE:XELPMOC,241.1,241.7,240.0,240.9,2488.0
2020-11-24 12:00:00,NSE:XELPMOC,241.15,242.0,240.0,241.85,1100.0
2020-11-24 13:00:00,NSE:XELPMOC,240.0,244.0,240.0,243.4,5695.0
2020-11-24 14:00:00,NSE:XELPMOC,241.9,244.25,241.9,242.8,1944.0
2020-11-24 15:00:00,NSE:XELPMOC,242.95,248.0,242.05,244.15,4418.0
2020-11-25 09:00:00,NSE:XELPMOC,251.0,251.0,241.0,245.0,8680.0
2020-11-25 10:00:00,NSE:XELPMOC,243.1,244.7,238.0,239.95,10009.0
2020-11-25 11:00:00,NSE:XELPMOC,239.95,240.8,238.0,239.9,4166.0
2020-11-25 12:00:00,NSE:XELPMOC,240.3,240.75,239.25,240.75,1841.0
2020-11-25 13:00:00,NSE:XELPMOC,240.75,241.95,239.55,239.65,3124.0
2020-11-25 14:00:00,NSE:XELPMOC,238.95,243.1,236.45,238.5,8111.0
2020-11-25 15:00:00,NSE:XELPMOC,238.2,241.1,238.0,241.1,4922.0
2020-11-26 09:00:00,NSE:XELPMOC,239.25,246.85,239.25,246.4,6142.0
2020-11-26 10:00:00,NSE:XELPMOC,246.4,249.1,245.0,248.55,10448.0
2020-11-26 11:00:00,NSE:XELPMOC,246.05,247.95,245.4,246.7,1173.0
2020-11-26 12:00:00,NSE:XELPMOC,246.8,248.85,245.05,248.8,2724.0
2020-11-26 13:00:00,NSE:XELPMOC,246.0,249.5,246.0,248.1,4128.0
2020-11-26 14:00:00,NSE:XELPMOC,249.3,249.3,248.1,248.25,1020.0
2020-11-26 15:00:00,NSE:XELPMOC,248.9,251.2,248.3,250.45,6325.0
2020-11-27 09:00:00,NSE:XELPMOC,253.5,261.0,253.5,255.0,8745.0
2020-11-27 10:00:00,NSE:XELPMOC,255.0,259.0,253.5,257.9,4905.0
2020-11-27 11:00:00,NSE:XELPMOC,257.95,258.0,254.0,254.95,2205.0
2020-11-27 12:00:00,NSE:XELPMOC,254.35,255.0,254.1,255.0,2289.0
2020-11-27 13:00:00,NSE:XELPMOC,254.65,255.0,252.2,253.8,5069.0
2020-11-27 14:00:00,NSE:XELPMOC,253.8,255.0,252.2,252.65,2450.0
2020-11-27 15:00:00,NSE:XELPMOC,252.65,253.05,248.0,250.0,4271.0
2020-12-01 09:00:00,NSE:XELPMOC,248.0,249.35,241.65,243.2,8583.0
2020-12-01 10:00:00,NSE:XELPMOC,243.2,245.3,243.0,243.95,5437.0
2020-12-01 11:00:00,NSE:XELPMOC,243.95,246.1,243.2,246.1,3376.0
2020-12-01 12:00:00,NSE:XELPMOC,245.85,245.85,242.0,243.1,12616.0
2020-12-01 13:00:00,NSE:XELPMOC,243.1,243.1,240.15,242.0,7755.0
2020-12-01 14:00:00,NSE:XELPMOC,241.9,243.55,240.9,242.9,3875.0
2020-12-01 15:00:00,NSE:XELPMOC,243.1,243.5,243.0,243.45,1761.0
2020-12-02 09:00:00,NSE:XELPMOC,242.0,249.85,242.0,244.6,5194.0
2020-12-02 10:00:00,NSE:XELPMOC,245.0,246.0,244.65,246.0,1978.0
2020-12-02 11:00:00,NSE:XELPMOC,246.0,246.0,245.5,245.5,576.0
2020-12-02 12:00:00,NSE:XELPMOC,246.0,246.0,244.05,244.4,4347.0
2020-12-02 13:00:00,NSE:XELPMOC,244.0,245.95,239.9,243.95,8553.0
2020-12-02 14:00:00,NSE:XELPMOC,243.65,243.65,239.05,240.0,6069.0
2020-12-02 15:00:00,NSE:XELPMOC,240.0,242.0,239.0,240.35,11171.0
2020-12-03 09:00:00,NSE:XELPMOC,245.95,245.95,237.0,243.9,6482.0
2020-12-03 10:00:00,NSE:XELPMOC,243.75,244.0,241.05,243.0,4057.0
2020-12-03 11:00:00,NSE:XELPMOC,243.0,249.95,242.0,247.9,11651.0
2020-12-03 12:00:00,NSE:XELPMOC,247.95,247.95,242.4,242.95,1727.0
2020-12-03 13:00:00,NSE:XELPMOC,243.0,245.95,241.55,244.0,5130.0
2020-12-03 14:00:00,NSE:XELPMOC,243.05,244.4,242.85,243.0,1856.0
2020-12-03 15:00:00,NSE:XELPMOC,243.0,243.0,241.95,242.2,2351.0
2020-12-04 09:00:00,NSE:XELPMOC,241.95,248.45,240.4,243.25,3110.0
2020-12-04 10:00:00,NSE:XELPMOC,244.9,245.0,241.55,242.15,4852.0
2020-12-04 11:00:00,NSE:XELPMOC,242.15,244.9,242.15,243.1,2714.0
2020-12-04 12:00:00,NSE:XELPMOC,243.95,244.7,243.0,243.0,2322.0
2020-12-04 13:00:00,NSE:XELPMOC,243.0,244.0,242.05,243.6,1544.0
2020-12-04 14:00:00,NSE:XELPMOC,242.6,246.0,242.6,244.05,2349.0
2020-12-04 15:00:00,NSE:XELPMOC,244.1,244.75,241.1,242.95,4198.0
2020-12-07 09:00:00,NSE:XELPMOC,249.7,266.9,243.0,262.05,39029.0
2020-12-07 10:00:00,NSE:XELPMOC,262.95,264.0,258.0,262.0,15376.0
2020-12-07 11:00:00,NSE:XELPMOC,263.1,263.9,260.55,262.8,4630.0
2020-12-07 12:00:00,NSE:XELPMOC,262.8,264.45,261.1,264.45,5368.0
2020-12-07 13:00:00,NSE:XELPMOC,262.2,267.0,261.45,264.0,20808.0
2020-12-07 14:00:00,NSE:XELPMOC,263.95,267.2,261.05,267.2,9990.0
2020-12-07 15:00:00,NSE:XELPMOC,267.2,267.2,267.05,267.2,5308.0
2020-12-08 09:00:00,NSE:XELPMOC,287.95,293.85,276.25,289.9,57616.0
2020-12-08 10:00:00,NSE:XELPMOC,289.9,292.95,285.0,287.5,15517.0
2020-12-08 11:00:00,NSE:XELPMOC,287.5,289.0,274.0,284.5,23944.0
2020-12-08 12:00:00,NSE:XELPMOC,284.35,288.95,282.3,288.65,9181.0
2020-12-08 13:00:00,NSE:XELPMOC,288.05,293.0,286.8,293.0,13009.0
2020-12-08 14:00:00,NSE:XELPMOC,293.0,293.0,286.3,288.8,14623.0
2020-12-08 15:00:00,NSE:XELPMOC,288.6,293.9,288.05,293.9,16780.0
2020-12-09 09:00:00,NSE:XELPMOC,304.0,315.0,295.1,301.95,27308.0
2020-12-09 10:00:00,NSE:XELPMOC,301.0,303.95,290.0,292.0,17143.0
2020-12-09 11:00:00,NSE:XELPMOC,292.95,301.5,290.0,301.5,8002.0
2020-12-09 12:00:00,NSE:XELPMOC,300.5,305.8,298.0,298.75,9708.0
2020-12-09 13:00:00,NSE:XELPMOC,297.65,298.75,292.25,295.15,7701.0
2020-12-09 14:00:00,NSE:XELPMOC,294.85,294.85,285.35,290.4,14470.0
2020-12-09 15:00:00,NSE:XELPMOC,290.3,291.85,285.0,287.35,7505.0
2020-12-10 09:00:00,NSE:XELPMOC,282.0,294.0,278.0,278.6,11631.0
2020-12-10 10:00:00,NSE:XELPMOC,279.15,286.25,275.0,282.3,9486.0
2020-12-10 11:00:00,NSE:XELPMOC,285.4,285.4,280.05,281.1,6209.0
2020-12-10 12:00:00,NSE:XELPMOC,281.1,282.75,281.1,281.5,3374.0
2020-12-10 13:00:00,NSE:XELPMOC,281.5,285.4,281.5,284.85,5438.0
2020-12-10 14:00:00,NSE:XELPMOC,285.0,285.5,278.1,278.7,5075.0
2020-12-10 15:00:00,NSE:XELPMOC,278.7,281.7,275.0,277.25,7708.0
2020-12-11 09:00:00,NSE:XELPMOC,288.7,288.7,281.65,284.0,4509.0
2020-12-11 10:00:00,NSE:XELPMOC,284.65,284.65,279.85,279.85,5808.0
2020-12-11 11:00:00,NSE:XELPMOC,279.0,280.4,276.3,278.1,3256.0
2020-12-11 12:00:00,NSE:XELPMOC,277.65,290.0,275.1,287.25,11057.0
2020-12-11 13:00:00,NSE:XELPMOC,286.8,290.0,285.15,286.35,9426.0
2020-12-11 14:00:00,NSE:XELPMOC,286.35,286.35,280.0,281.3,12717.0
2020-12-11 15:00:00,NSE:XELPMOC,281.95,281.95,277.0,280.0,8211.0
2020-12-14 09:00:00,NSE:XELPMOC,287.0,287.0,272.6,284.1,8094.0
2020-12-14 10:00:00,NSE:XELPMOC,284.0,284.95,279.0,279.0,2900.0
2020-12-14 11:00:00,NSE:XELPMOC,280.0,280.0,276.0,278.85,8046.0
2020-12-14 12:00:00,NSE:XELPMOC,276.3,279.0,276.05,277.0,1397.0
2020-12-14 13:00:00,NSE:XELPMOC,277.0,277.0,274.9,276.2,1709.0
2020-12-14 14:00:00,NSE:XELPMOC,277.0,284.0,276.2,280.25,4282.0
2020-12-14 15:00:00,NSE:XELPMOC,281.85,290.0,279.0,286.3,13143.0
2020-12-15 09:00:00,NSE:XELPMOC,290.0,292.2,275.0,281.5,9789.0
2020-12-15 10:00:00,NSE:XELPMOC,281.55,281.9,276.25,280.05,4998.0
2020-12-15 11:00:00,NSE:XELPMOC,280.7,283.75,277.7,280.0,3315.0
2020-12-15 12:00:00,NSE:XELPMOC,279.25,282.8,278.0,280.75,2135.0
2020-12-15 13:00:00,NSE:XELPMOC,280.75,282.25,280.0,280.55,547.0
2020-12-15 14:00:00,NSE:XELPMOC,280.65,285.0,280.05,280.7,2659.0
2020-12-15 15:00:00,NSE:XELPMOC,280.85,282.8,278.0,279.95,2835.0
2020-12-16 09:00:00,NSE:XELPMOC,285.8,285.8,280.3,282.8,2054.0
2020-12-16 10:00:00,NSE:XELPMOC,282.8,282.8,275.25,277.05,8992.0
2020-12-16 11:00:00,NSE:XELPMOC,277.05,278.0,275.7,277.8,3275.0
2020-12-16 12:00:00,NSE:XELPMOC,277.8,280.75,277.8,279.8,1678.0
2020-12-16 13:00:00,NSE:XELPMOC,279.8,279.8,277.7,277.7,1047.0
2020-12-16 14:00:00,NSE:XELPMOC,279.85,279.85,274.85,275.0,4848.0
2020-12-16 15:00:00,NSE:XELPMOC,275.0,275.0,271.05,273.7,5292.0
2020-12-17 09:00:00,NSE:XELPMOC,279.75,279.75,274.2,278.15,2509.0
2020-12-17 10:00:00,NSE:XELPMOC,277.5,278.85,275.5,276.5,2327.0
2020-12-17 11:00:00,NSE:XELPMOC,276.1,280.0,276.1,279.95,2383.0
2020-12-17 12:00:00,NSE:XELPMOC,279.95,285.0,279.45,284.8,5163.0
2020-12-17 13:00:00,NSE:XELPMOC,284.5,284.5,280.1,282.7,4867.0
2020-12-17 14:00:00,NSE:XELPMOC,280.55,281.75,278.0,281.05,1927.0
2020-12-17 15:00:00,NSE:XELPMOC,282.45,283.35,278.3,279.0,3191.0
2020-12-18 09:00:00,NSE:XELPMOC,287.0,287.0,275.0,275.55,4926.0
2020-12-18 10:00:00,NSE:XELPMOC,275.55,280.2,275.35,279.65,2114.0
2020-12-18 11:00:00,NSE:XELPMOC,279.65,280.55,278.25,278.3,552.0
2020-12-18 12:00:00,NSE:XELPMOC,278.8,280.2,278.0,280.2,958.0
2020-12-18 13:00:00,NSE:XELPMOC,279.55,280.25,278.0,279.45,1889.0
2020-12-18 14:00:00,NSE:XELPMOC,279.45,280.25,272.2,272.2,8625.0
2020-12-18 15:00:00,NSE:XELPMOC,272.25,275.2,271.0,271.0,7827.0
2020-12-21 09:00:00,NSE:XELPMOC,272.65,277.75,268.5,275.15,9690.0
2020-12-21 10:00:00,NSE:XELPMOC,274.1,274.7,271.15,272.05,3510.0
2020-12-21 11:00:00,NSE:XELPMOC,272.5,274.7,272.0,274.2,1914.0
2020-12-21 12:00:00,NSE:XELPMOC,274.2,275.15,273.1,274.45,1662.0
2020-12-21 13:00:00,NSE:XELPMOC,273.55,274.25,270.0,270.0,4532.0
2020-12-21 14:00:00,NSE:XELPMOC,270.0,270.0,245.4,250.05,24288.0
2020-12-21 15:00:00,NSE:XELPMOC,250.05,255.35,246.25,250.6,10966.0
2020-12-22 09:00:00,NSE:XELPMOC,252.05,261.0,238.05,244.85,25778.0
2020-12-22 10:00:00,NSE:XELPMOC,244.0,260.0,242.05,255.95,7336.0
2020-12-22 11:00:00,NSE:XELPMOC,255.5,257.95,250.55,257.7,4390.0
2020-12-22 12:00:00,NSE:XELPMOC,255.5,257.65,254.2,256.8,3326.0
2020-12-22 13:00:00,NSE:XELPMOC,256.8,265.7,256.6,265.7,4678.0
2020-12-22 14:00:00,NSE:XELPMOC,265.65,272.05,263.95,270.0,4712.0
2020-12-22 15:00:00,NSE:XELPMOC,268.15,275.65,266.65,275.65,8927.0
2020-12-23 09:00:00,NSE:XELPMOC,279.75,290.0,275.2,275.6,6732.0
2020-12-23 10:00:00,NSE:XELPMOC,275.7,278.8,275.3,277.0,4394.0
2020-12-23 11:00:00,NSE:XELPMOC,277.0,283.45,277.0,281.7,2689.0
2020-12-23 12:00:00,NSE:XELPMOC,282.7,282.7,279.6,280.0,2389.0
2020-12-23 13:00:00,NSE:XELPMOC,280.0,280.0,277.55,278.0,1907.0
2020-12-23 14:00:00,NSE:XELPMOC,277.6,280.0,277.6,279.0,3171.0
2020-12-23 15:00:00,NSE:XELPMOC,279.0,279.8,270.65,274.8,6394.0
2020-12-24 09:00:00,NSE:XELPMOC,279.8,285.0,277.05,283.0,8643.0
2020-12-24 10:00:00,NSE:XELPMOC,284.95,284.95,275.3,278.1,8272.0
2020-12-24 11:00:00,NSE:XELPMOC,279.65,279.65,275.1,275.6,2247.0
2020-12-24 12:00:00,NSE:XELPMOC,275.4,281.9,275.25,278.05,3723.0
2020-12-24 13:00:00,NSE:XELPMOC,278.05,279.65,277.0,279.6,3884.0
2020-12-24 14:00:00,NSE:XELPMOC,279.35,279.35,276.9,277.05,1751.0
2020-12-24 15:00:00,NSE:XELPMOC,278.0,278.0,275.0,276.6,4728.0
2020-12-28 09:00:00,NSE:XELPMOC,283.0,293.0,271.2,287.15,20045.0
2020-12-28 10:00:00,NSE:XELPMOC,287.1,289.0,282.25,283.25,10044.0
2020-12-28 11:00:00,NSE:XELPMOC,283.0,290.0,282.6,286.95,10902.0
2020-12-28 12:00:00,NSE:XELPMOC,286.95,304.25,285.65,304.25,84162.0
2020-12-28 13:00:00,NSE:XELPMOC,304.25,304.25,301.85,304.25,24582.0
2020-12-28 14:00:00,NSE:XELPMOC,304.25,304.25,304.25,304.25,961.0
2020-12-28 15:00:00,NSE:XELPMOC,304.25,304.25,304.25,304.25,4678.0
2020-12-29 09:00:00,NSE:XELPMOC,322.8,334.65,319.0,334.65,117054.0
2020-12-29 10:00:00,NSE:XELPMOC,334.65,334.65,334.65,334.65,12667.0
2020-12-29 11:00:00,NSE:XELPMOC,334.65,334.65,334.65,334.65,3225.0
2020-12-29 12:00:00,NSE:XELPMOC,334.65,334.65,334.65,334.65,489.0
2020-12-29 13:00:00,NSE:XELPMOC,334.65,334.65,334.65,334.65,4408.0
2020-12-29 14:00:00,NSE:XELPMOC,334.65,334.65,334.65,334.65,322.0
2020-12-29 15:00:00,NSE:XELPMOC,334.65,334.65,334.65,334.65,857.0
2020-12-30 09:00:00,NSE:XELPMOC,351.35,351.35,351.35,351.35,11690.0
2020-12-30 10:00:00,NSE:XELPMOC,351.35,351.35,351.35,351.35,2142.0
2020-12-30 11:00:00,NSE:XELPMOC,351.35,351.35,351.35,351.35,1876.0
2020-12-30 12:00:00,NSE:XELPMOC,351.35,351.35,351.35,351.35,1530.0
2020-12-30 13:00:00,NSE:XELPMOC,351.35,351.35,351.35,351.35,490.0
2020-12-30 14:00:00,NSE:XELPMOC,351.35,351.35,351.35,351.35,41.0
2020-12-30 15:00:00,NSE:XELPMOC,351.35,351.35,351.35,351.35,5028.0
2020-12-31 09:00:00,NSE:XELPMOC,368.9,368.9,368.9,368.9,6112.0
2020-12-31 10:00:00,NSE:XELPMOC,368.9,368.9,368.9,368.9,1172.0
2020-12-31 11:00:00,NSE:XELPMOC,368.9,368.9,368.9,368.9,1873.0
2020-12-31 12:00:00,NSE:XELPMOC,368.9,368.9,368.9,368.9,2160.0
2020-12-31 13:00:00,NSE:XELPMOC,368.9,368.9,368.9,368.9,148.0
2020-12-31 14:00:00,NSE:XELPMOC,368.9,368.9,368.9,368.9,364.0
2020-12-31 15:00:00,NSE:XELPMOC,368.9,368.9,368.9,368.9,1325.0
2021-01-01 09:00:00,NSE:XELPMOC,387.3,387.3,350.5,372.0,281282.0
2021-01-01 10:00:00,NSE:XELPMOC,372.0,375.0,361.0,364.85,25731.0
2021-01-01 11:00:00,NSE:XELPMOC,362.05,363.9,350.5,350.5,32390.0
2021-01-01 12:00:00,NSE:XELPMOC,350.5,350.5,350.5,350.5,2554.0
2021-01-01 13:00:00,NSE:XELPMOC,350.5,350.5,350.5,350.5,1896.0
2021-01-01 14:00:00,NSE:XELPMOC,350.5,350.5,350.5,350.5,16037.0
2021-01-01 15:00:00,NSE:XELPMOC,350.5,350.5,350.5,350.5,1584.0
2021-01-04 09:00:00,NSE:XELPMOC,345.0,345.0,333.25,338.95,35341.0
2021-01-04 10:00:00,NSE:XELPMOC,338.95,339.3,333.0,333.0,19776.0
2021-01-04 11:00:00,NSE:XELPMOC,333.0,333.0,333.0,333.0,6478.0
2021-01-04 12:00:00,NSE:XELPMOC,333.0,355.0,333.0,351.0,36475.0
2021-01-04 13:00:00,NSE:XELPMOC,351.95,355.0,337.0,339.9,12405.0
2021-01-04 14:00:00,NSE:XELPMOC,339.9,343.6,333.0,333.0,17396.0
2021-01-04 15:00:00,NSE:XELPMOC,335.45,335.85,333.0,333.8,11176.0
2021-01-05 09:00:00,NSE:XELPMOC,333.0,345.0,321.5,339.0,25631.0
2021-01-05 10:00:00,NSE:XELPMOC,340.75,340.75,331.55,339.0,7799.0
2021-01-05 11:00:00,NSE:XELPMOC,339.0,344.0,338.4,342.4,9894.0
2021-01-05 12:00:00,NSE:XELPMOC,342.4,350.45,341.0,350.45,45160.0
2021-01-05 13:00:00,NSE:XELPMOC,350.45,350.45,341.15,350.45,18395.0
2021-01-05 14:00:00,NSE:XELPMOC,350.45,350.45,345.0,350.45,23691.0
2021-01-05 15:00:00,NSE:XELPMOC,350.0,350.45,348.35,350.25,5424.0
2021-01-06 09:00:00,NSE:XELPMOC,350.0,358.7,342.0,351.1,19048.0
2021-01-06 10:00:00,NSE:XELPMOC,350.1,351.0,341.05,342.05,17268.0
2021-01-06 11:00:00,NSE:XELPMOC,342.05,344.0,335.0,337.6,16391.0
2021-01-06 12:00:00,NSE:XELPMOC,337.35,339.7,335.0,337.0,11297.0
2021-01-06 13:00:00,NSE:XELPMOC,337.0,337.8,332.75,334.0,15178.0
2021-01-06 14:00:00,NSE:XELPMOC,334.35,338.95,332.75,337.4,11486.0
2021-01-06 15:00:00,NSE:XELPMOC,337.25,339.0,336.25,339.0,4805.0
2021-01-07 09:00:00,NSE:XELPMOC,345.8,345.8,333.5,341.75,9422.0
2021-01-07 10:00:00,NSE:XELPMOC,341.75,344.2,338.25,338.6,5144.0
2021-01-07 11:00:00,NSE:XELPMOC,338.65,344.2,338.0,341.8,8085.0
2021-01-07 12:00:00,NSE:XELPMOC,341.75,342.05,335.2,338.0,4555.0
2021-01-07 13:00:00,NSE:XELPMOC,338.3,340.15,328.15,337.55,6478.0
2021-01-07 14:00:00,NSE:XELPMOC,339.1,340.45,336.1,340.0,6213.0
2021-01-07 15:00:00,NSE:XELPMOC,340.1,340.2,333.0,337.75,3817.0
2021-01-08 09:00:00,NSE:XELPMOC,340.0,341.8,338.0,339.7,9554.0
2021-01-08 10:00:00,NSE:XELPMOC,339.0,339.8,335.25,338.95,7124.0
2021-01-08 11:00:00,NSE:XELPMOC,338.95,339.5,334.95,336.5,4357.0
2021-01-08 12:00:00,NSE:XELPMOC,337.0,338.05,335.05,335.35,3841.0
2021-01-08 13:00:00,NSE:XELPMOC,337.25,337.6,330.0,334.6,4526.0
2021-01-08 14:00:00,NSE:XELPMOC,331.4,332.4,320.9,328.95,26232.0
2021-01-08 15:00:00,NSE:XELPMOC,329.0,331.0,325.05,326.5,7475.0
2021-01-11 09:00:00,NSE:XELPMOC,334.5,334.5,315.1,321.0,10189.0
2021-01-11 10:00:00,NSE:XELPMOC,321.0,321.75,313.3,316.65,24757.0
2021-01-11 11:00:00,NSE:XELPMOC,316.65,316.95,313.0,315.85,11754.0
2021-01-11 12:00:00,NSE:XELPMOC,315.9,328.8,313.65,316.8,17364.0
2021-01-11 13:00:00,NSE:XELPMOC,316.05,317.8,314.15,316.0,4457.0
2021-01-11 14:00:00,NSE:XELPMOC,315.8,317.8,315.05,316.5,2629.0
2021-01-11 15:00:00,NSE:XELPMOC,316.45,316.45,313.65,314.8,5915.0
2021-01-12 09:00:00,NSE:XELPMOC,315.0,324.8,311.1,315.5,6319.0
2021-01-12 10:00:00,NSE:XELPMOC,316.7,327.25,315.35,325.4,12716.0
2021-01-12 11:00:00,NSE:XELPMOC,325.5,325.5,317.0,317.45,4251.0
2021-01-12 12:00:00,NSE:XELPMOC,317.6,319.0,316.0,319.0,1800.0
2021-01-12 13:00:00,NSE:XELPMOC,319.0,328.0,318.1,323.9,6954.0
2021-01-12 14:00:00,NSE:XELPMOC,323.9,327.75,321.3,322.4,5560.0
2021-01-12 15:00:00,NSE:XELPMOC,322.3,327.8,317.65,321.5,5576.0
2021-01-13 09:00:00,NSE:XELPMOC,326.9,326.9,315.05,323.8,3688.0
2021-01-13 10:00:00,NSE:XELPMOC,323.8,324.25,316.3,318.2,7292.0
2021-01-13 11:00:00,NSE:XELPMOC,318.15,321.4,315.95,317.35,6038.0
2021-01-13 12:00:00,NSE:XELPMOC,317.5,320.15,316.0,318.85,4005.0
2021-01-13 13:00:00,NSE:XELPMOC,318.8,323.35,315.9,316.15,3178.0
2021-01-13 14:00:00,NSE:XELPMOC,315.9,319.0,313.35,319.0,4789.0
2021-01-13 15:00:00,NSE:XELPMOC,318.95,320.0,315.0,317.95,2756.0
2021-01-14 09:00:00,NSE:XELPMOC,321.95,322.0,308.0,312.7,7058.0
2021-01-14 10:00:00,NSE:XELPMOC,312.8,319.0,312.8,313.6,2832.0
2021-01-14 11:00:00,NSE:XELPMOC,315.1,319.85,314.35,318.5,2146.0
2021-01-14 12:00:00,NSE:XELPMOC,316.9,318.5,315.25,316.95,1589.0
2021-01-14 13:00:00,NSE:XELPMOC,317.0,317.0,314.1,314.1,2208.0
2021-01-14 14:00:00,NSE:XELPMOC,315.65,315.85,310.65,314.7,3299.0
2021-01-14 15:00:00,NSE:XELPMOC,312.15,314.5,310.0,313.1,4357.0
2021-01-15 09:00:00,NSE:XELPMOC,312.05,322.95,306.4,308.65,5420.0
2021-01-15 10:00:00,NSE:XELPMOC,308.0,316.9,307.0,313.55,10536.0
2021-01-15 11:00:00,NSE:XELPMOC,315.9,317.75,310.0,313.55,6342.0
2021-01-15 12:00:00,NSE:XELPMOC,313.6,324.0,313.5,315.85,6385.0
2021-01-15 13:00:00,NSE:XELPMOC,317.0,317.9,313.25,314.85,4544.0
2021-01-15 14:00:00,NSE:XELPMOC,314.7,317.0,312.0,314.05,3429.0
2021-01-15 15:00:00,NSE:XELPMOC,315.05,316.5,312.0,315.0,3842.0
2021-01-18 09:00:00,NSE:XELPMOC,319.95,322.95,313.5,314.0,3710.0
2021-01-18 10:00:00,NSE:XELPMOC,313.0,314.0,298.0,302.45,15710.0
2021-01-18 11:00:00,NSE:XELPMOC,302.0,308.0,300.0,304.0,5861.0
2021-01-18 12:00:00,NSE:XELPMOC,305.95,306.5,302.0,305.55,3606.0
2021-01-18 13:00:00,NSE:XELPMOC,306.3,309.9,305.0,308.5,4733.0
2021-01-18 14:00:00,NSE:XELPMOC,308.95,310.0,305.0,305.4,2053.0
2021-01-18 15:00:00,NSE:XELPMOC,305.4,311.1,305.05,311.0,2276.0
2021-01-19 09:00:00,NSE:XELPMOC,318.7,320.0,311.2,315.0,6331.0
2021-01-19 10:00:00,NSE:XELPMOC,315.0,316.0,312.1,314.8,3539.0
2021-01-19 11:00:00,NSE:XELPMOC,314.7,314.95,305.3,309.85,3773.0
2021-01-19 12:00:00,NSE:XELPMOC,309.8,309.95,300.0,303.6,10361.0
2021-01-19 13:00:00,NSE:XELPMOC,303.6,312.0,303.6,308.05,3836.0
2021-01-19 14:00:00,NSE:XELPMOC,307.6,317.75,307.6,317.75,7309.0
2021-01-19 15:00:00,NSE:XELPMOC,316.95,317.0,311.0,316.75,3665.0
2021-01-20 09:00:00,NSE:XELPMOC,314.7,317.0,310.25,313.1,2791.0
2021-01-20 10:00:00,NSE:XELPMOC,312.05,315.4,312.0,313.95,1307.0
2021-01-20 11:00:00,NSE:XELPMOC,313.95,315.0,306.0,311.9,4079.0
2021-01-20 12:00:00,NSE:XELPMOC,311.9,311.9,306.1,309.6,2637.0
2021-01-20 13:00:00,NSE:XELPMOC,309.6,311.3,307.3,311.05,2229.0
2021-01-20 14:00:00,NSE:XELPMOC,311.45,313.0,306.05,308.75,5574.0
2021-01-20 15:00:00,NSE:XELPMOC,308.7,312.45,305.0,308.25,7812.0
2021-01-21 09:00:00,NSE:XELPMOC,310.0,312.5,306.25,309.8,8123.0
2021-01-21 10:00:00,NSE:XELPMOC,310.3,310.35,303.0,308.65,9547.0
2021-01-21 11:00:00,NSE:XELPMOC,306.75,308.7,306.35,308.7,980.0
2021-01-21 12:00:00,NSE:XELPMOC,310.0,310.8,306.35,310.4,3840.0
2021-01-21 13:00:00,NSE:XELPMOC,310.45,312.45,306.65,308.05,4668.0
2021-01-21 14:00:00,NSE:XELPMOC,308.05,312.2,307.35,308.15,3364.0
2021-01-21 15:00:00,NSE:XELPMOC,309.9,309.9,305.05,308.05,3211.0
2021-01-22 09:00:00,NSE:XELPMOC,305.0,309.0,303.25,306.7,6079.0
2021-01-22 10:00:00,NSE:XELPMOC,306.8,308.0,304.6,305.7,3358.0
2021-01-22 11:00:00,NSE:XELPMOC,306.9,316.0,303.0,315.0,5898.0
2021-01-22 12:00:00,NSE:XELPMOC,314.85,315.0,306.2,308.0,9354.0
2021-01-22 13:00:00,NSE:XELPMOC,310.0,311.0,303.0,306.1,12821.0
2021-01-22 14:00:00,NSE:XELPMOC,306.0,307.9,303.1,306.7,3083.0
2021-01-22 15:00:00,NSE:XELPMOC,306.7,310.0,303.7,306.65,2547.0
2021-01-25 09:00:00,NSE:XELPMOC,314.6,319.95,304.3,305.15,9038.0
2021-01-25 10:00:00,NSE:XELPMOC,305.4,311.95,305.35,309.0,3088.0
2021-01-25 11:00:00,NSE:XELPMOC,308.85,308.95,306.3,307.95,977.0
2021-01-25 12:00:00,NSE:XELPMOC,307.95,310.8,307.0,307.95,1591.0
2021-01-25 13:00:00,NSE:XELPMOC,307.75,311.9,307.5,309.85,1126.0
2021-01-25 14:00:00,NSE:XELPMOC,310.0,311.0,308.05,308.95,1249.0
2021-01-25 15:00:00,NSE:XELPMOC,308.95,310.0,307.05,310.0,2052.0
2021-01-27 09:00:00,NSE:XELPMOC,306.0,312.95,303.65,305.05,3427.0
2021-01-27 10:00:00,NSE:XELPMOC,305.5,308.6,304.35,306.9,3152.0
2021-01-27 11:00:00,NSE:XELPMOC,306.9,307.8,303.0,305.9,2646.0
2021-01-27 12:00:00,NSE:XELPMOC,304.35,304.35,301.15,302.0,3205.0
2021-01-27 13:00:00,NSE:XELPMOC,303.85,303.85,294.9,300.0,5838.0
2021-01-27 14:00:00,NSE:XELPMOC,300.0,305.05,298.15,302.6,8036.0
2021-01-27 15:00:00,NSE:XELPMOC,302.65,304.0,299.0,301.65,2262.0
2021-01-28 09:00:00,NSE:XELPMOC,301.0,301.05,291.0,299.3,4743.0
2021-01-28 10:00:00,NSE:XELPMOC,298.95,303.45,298.05,301.0,2066.0
2021-01-28 11:00:00,NSE:XELPMOC,301.4,303.0,300.5,303.0,2316.0
2021-01-28 12:00:00,NSE:XELPMOC,303.0,304.0,301.35,301.35,1160.0
2021-01-28 13:00:00,NSE:XELPMOC,302.45,316.7,300.1,315.2,13464.0
2021-01-28 14:00:00,NSE:XELPMOC,314.05,316.7,314.0,316.7,5495.0
2021-01-28 15:00:00,NSE:XELPMOC,316.7,316.7,316.7,316.7,1568.0
2021-01-29 09:00:00,NSE:XELPMOC,319.0,329.4,316.7,318.15,10970.0
2021-01-29 10:00:00,NSE:XELPMOC,319.1,324.5,318.0,321.0,4649.0
2021-01-29 11:00:00,NSE:XELPMOC,320.85,322.0,320.3,321.1,1609.0
2021-01-29 12:00:00,NSE:XELPMOC,321.95,322.0,319.2,320.0,1087.0
2021-01-29 13:00:00,NSE:XELPMOC,320.0,323.0,318.7,319.95,820.0
2021-01-29 14:00:00,NSE:XELPMOC,319.95,321.9,318.7,321.15,2265.0
2021-01-29 15:00:00,NSE:XELPMOC,323.05,323.7,310.5,319.0,5829.0
2021-02-01 09:00:00,NSE:XELPMOC,318.4,325.0,305.65,313.6,7742.0
2021-02-01 10:00:00,NSE:XELPMOC,314.0,316.95,309.25,314.95,5145.0
2021-02-01 11:00:00,NSE:XELPMOC,314.95,315.75,311.0,314.05,1391.0
2021-02-01 12:00:00,NSE:XELPMOC,310.85,320.0,310.45,320.0,2334.0
2021-02-01 13:00:00,NSE:XELPMOC,320.85,331.8,314.45,316.25,4385.0
2021-02-01 14:00:00,NSE:XELPMOC,316.25,322.0,315.25,319.0,5206.0
2021-02-01 15:00:00,NSE:XELPMOC,321.15,330.0,321.15,327.0,7357.0
2021-02-02 09:00:00,NSE:XELPMOC,316.5,334.0,316.5,329.0,6885.0
2021-02-02 10:00:00,NSE:XELPMOC,329.25,329.25,320.1,323.25,6523.0
2021-02-02 11:00:00,NSE:XELPMOC,324.4,325.0,320.5,324.0,1623.0
2021-02-02 12:00:00,NSE:XELPMOC,323.65,325.0,322.5,324.7,1047.0
2021-02-02 13:00:00,NSE:XELPMOC,325.5,326.6,322.8,323.65,1309.0
2021-02-02 14:00:00,NSE:XELPMOC,323.7,329.25,323.45,325.25,1952.0
2021-02-02 15:00:00,NSE:XELPMOC,327.1,329.0,323.0,326.45,4848.0
2021-02-03 09:00:00,NSE:XELPMOC,333.4,333.4,320.0,327.85,4723.0
2021-02-03 10:00:00,NSE:XELPMOC,327.3,330.0,325.95,326.95,3771.0
2021-02-03 11:00:00,NSE:XELPMOC,326.95,329.95,323.0,329.5,4204.0
2021-02-03 12:00:00,NSE:XELPMOC,329.7,329.7,325.0,327.65,3099.0
2021-02-03 13:00:00,NSE:XELPMOC,327.0,330.95,324.0,327.15,2609.0
2021-02-03 14:00:00,NSE:XELPMOC,328.0,329.8,310.6,312.0,12946.0
2021-02-03 15:00:00,NSE:XELPMOC,312.0,317.85,310.15,311.1,20520.0
2021-02-04 09:00:00,NSE:XELPMOC,295.55,295.55,295.55,295.55,22635.0
2021-02-04 10:00:00,NSE:XELPMOC,295.55,295.55,295.55,295.55,3040.0
2021-02-04 11:00:00,NSE:XELPMOC,295.55,295.55,295.55,295.55,3279.0
2021-02-04 12:00:00,NSE:XELPMOC,295.55,295.55,295.55,295.55,1051.0
2021-02-04 13:00:00,NSE:XELPMOC,295.55,295.55,295.55,295.55,2511.0
2021-02-04 14:00:00,NSE:XELPMOC,295.55,295.55,295.55,295.55,1703.0
2021-02-04 15:00:00,NSE:XELPMOC,295.55,295.55,295.55,295.55,1599.0
2021-02-05 09:00:00,NSE:XELPMOC,280.8,288.95,280.8,280.9,68203.0
2021-02-05 10:00:00,NSE:XELPMOC,282.0,284.45,280.8,280.8,15945.0
2021-02-05 11:00:00,NSE:XELPMOC,280.8,280.8,280.8,280.8,3217.0
2021-02-05 12:00:00,NSE:XELPMOC,280.8,282.85,280.8,280.8,8436.0
2021-02-05 13:00:00,NSE:XELPMOC,280.8,281.95,280.8,280.8,7058.0
2021-02-05 14:00:00,NSE:XELPMOC,280.8,295.55,280.8,286.95,14705.0
2021-02-05 15:00:00,NSE:XELPMOC,286.95,287.5,280.8,282.6,11586.0
2021-02-08 09:00:00,NSE:XELPMOC,291.0,296.0,287.0,295.95,31327.0
2021-02-08 10:00:00,NSE:XELPMOC,295.95,296.7,295.2,296.7,7173.0
2021-02-08 11:00:00,NSE:XELPMOC,296.7,296.7,296.7,296.7,4883.0
2021-02-08 12:00:00,NSE:XELPMOC,296.7,296.7,296.7,296.7,36.0
2021-02-08 13:00:00,NSE:XELPMOC,296.7,296.7,296.7,296.7,44.0
2021-02-08 14:00:00,NSE:XELPMOC,296.7,296.7,296.7,296.7,1056.0
2021-02-08 15:00:00,NSE:XELPMOC,296.7,296.7,296.7,296.7,360.0
2021-02-09 09:00:00,NSE:XELPMOC,311.5,311.5,281.9,303.75,26960.0
2021-02-09 10:00:00,NSE:XELPMOC,303.75,303.95,292.35,293.7,7548.0
2021-02-09 11:00:00,NSE:XELPMOC,294.0,297.8,285.55,293.05,4479.0
2021-02-09 12:00:00,NSE:XELPMOC,295.0,299.05,293.05,295.85,2631.0
2021-02-09 13:00:00,NSE:XELPMOC,295.8,295.95,285.3,288.4,6312.0
2021-02-09 14:00:00,NSE:XELPMOC,288.9,296.0,288.9,290.1,2723.0
2021-02-09 15:00:00,NSE:XELPMOC,290.45,291.95,285.0,288.0,5360.0
2021-02-10 09:00:00,NSE:XELPMOC,287.65,302.7,287.65,299.0,19799.0
2021-02-10 10:00:00,NSE:XELPMOC,298.55,302.7,298.0,300.85,9961.0
2021-02-10 11:00:00,NSE:XELPMOC,300.05,302.7,300.05,301.2,1934.0
2021-02-10 12:00:00,NSE:XELPMOC,302.0,302.7,300.6,302.7,7734.0
2021-02-10 13:00:00,NSE:XELPMOC,302.7,302.7,301.0,301.0,10955.0
2021-02-10 14:00:00,NSE:XELPMOC,301.0,302.7,301.0,302.7,3548.0
2021-02-10 15:00:00,NSE:XELPMOC,302.7,302.7,302.7,302.7,264.0
2021-02-11 09:00:00,NSE:XELPMOC,309.0,314.9,305.6,308.0,8130.0
2021-02-11 10:00:00,NSE:XELPMOC,307.15,313.0,306.55,311.9,4259.0
2021-02-11 11:00:00,NSE:XELPMOC,311.2,312.95,307.7,307.7,5192.0
2021-02-11 12:00:00,NSE:XELPMOC,308.0,315.15,305.95,311.75,13335.0
2021-02-11 13:00:00,NSE:XELPMOC,311.6,313.85,305.95,307.5,5549.0
2021-02-11 14:00:00,NSE:XELPMOC,308.0,312.75,304.5,308.8,3783.0
2021-02-11 15:00:00,NSE:XELPMOC,307.35,311.05,306.0,306.0,3397.0
2021-02-12 09:00:00,NSE:XELPMOC,301.5,310.95,301.5,306.25,4385.0
2021-02-12 10:00:00,NSE:XELPMOC,306.25,309.45,304.8,307.0,6780.0
2021-02-12 11:00:00,NSE:XELPMOC,307.2,309.9,304.05,307.9,3515.0
2021-02-12 12:00:00,NSE:XELPMOC,306.3,308.35,301.5,305.6,6831.0
2021-02-12 13:00:00,NSE:XELPMOC,305.65,306.15,303.15,303.95,2052.0
2021-02-12 14:00:00,NSE:XELPMOC,303.95,305.5,302.9,303.9,3259.0
2021-02-12 15:00:00,NSE:XELPMOC,303.65,305.7,302.9,303.85,3012.0
2021-02-15 09:00:00,NSE:XELPMOC,303.85,309.25,301.55,302.05,4433.0
2021-02-15 10:00:00,NSE:XELPMOC,302.05,306.2,302.05,304.05,4296.0
2021-02-15 11:00:00,NSE:XELPMOC,304.25,309.7,302.2,303.65,4851.0
2021-02-15 12:00:00,NSE:XELPMOC,303.7,308.0,302.3,302.3,1990.0
2021-02-15 13:00:00,NSE:XELPMOC,302.5,305.0,302.2,303.45,990.0
2021-02-15 14:00:00,NSE:XELPMOC,303.45,305.0,302.25,303.2,1604.0
2021-02-15 15:00:00,NSE:XELPMOC,304.0,307.0,302.9,303.0,1678.0
2021-02-16 09:00:00,NSE:XELPMOC,304.0,309.7,291.0,304.0,13885.0
2021-02-16 10:00:00,NSE:XELPMOC,304.0,304.0,295.0,301.5,2878.0
2021-02-16 11:00:00,NSE:XELPMOC,301.3,302.75,292.3,293.6,3553.0
2021-02-16 12:00:00,NSE:XELPMOC,295.3,296.7,293.05,296.0,1597.0
2021-02-16 13:00:00,NSE:XELPMOC,294.25,296.85,292.85,295.0,3196.0
2021-02-16 14:00:00,NSE:XELPMOC,295.0,297.1,295.0,296.4,1230.0
2021-02-16 15:00:00,NSE:XELPMOC,297.15,298.0,292.0,298.0,4482.0
2021-02-17 09:00:00,NSE:XELPMOC,300.6,307.9,297.6,303.3,6761.0
2021-02-17 10:00:00,NSE:XELPMOC,303.3,309.4,303.2,306.25,8459.0
2021-02-17 11:00:00,NSE:XELPMOC,306.25,307.45,303.15,306.2,3246.0
2021-02-17 12:00:00,NSE:XELPMOC,305.95,305.95,303.0,303.6,1219.0
2021-02-17 13:00:00,NSE:XELPMOC,303.6,304.75,300.35,302.8,1622.0
2021-02-17 14:00:00,NSE:XELPMOC,304.75,308.0,303.15,305.15,2493.0
2021-02-17 15:00:00,NSE:XELPMOC,305.15,309.0,304.0,306.0,1824.0
2021-02-18 09:00:00,NSE:XELPMOC,311.1,314.0,298.15,307.1,6647.0
2021-02-18 10:00:00,NSE:XELPMOC,308.0,308.45,302.8,304.0,6316.0
2021-02-18 11:00:00,NSE:XELPMOC,303.85,307.4,303.0,305.5,3455.0
2021-02-18 12:00:00,NSE:XELPMOC,305.9,306.45,302.5,302.55,2062.0
2021-02-18 13:00:00,NSE:XELPMOC,304.1,304.9,302.35,302.7,966.0
2021-02-18 14:00:00,NSE:XELPMOC,302.75,305.0,302.1,304.2,1690.0
2021-02-18 15:00:00,NSE:XELPMOC,304.0,307.95,304.0,305.0,3877.0
2021-02-19 09:00:00,NSE:XELPMOC,305.55,307.4,300.1,305.1,2780.0
2021-02-19 10:00:00,NSE:XELPMOC,305.35,306.85,302.05,304.2,2512.0
2021-02-19 11:00:00,NSE:XELPMOC,304.25,304.85,298.15,303.5,2326.0
2021-02-19 12:00:00,NSE:XELPMOC,304.0,307.8,296.25,304.0,22860.0
2021-02-19 13:00:00,NSE:XELPMOC,303.6,306.0,301.75,302.05,6381.0
2021-02-19 14:00:00,NSE:XELPMOC,302.05,304.45,294.35,297.95,11584.0
2021-02-19 15:00:00,NSE:XELPMOC,297.95,299.45,292.05,296.45,8431.0
2021-02-22 09:00:00,NSE:XELPMOC,304.9,304.9,296.05,299.0,5456.0
2021-02-22 10:00:00,NSE:XELPMOC,299.2,301.9,297.25,300.5,2869.0
2021-02-22 11:00:00,NSE:XELPMOC,300.5,301.3,298.15,299.85,1452.0
2021-02-22 12:00:00,NSE:XELPMOC,298.7,299.75,281.65,291.9,14703.0
2021-02-22 13:00:00,NSE:XELPMOC,291.9,295.65,285.65,291.7,3993.0
2021-02-22 14:00:00,NSE:XELPMOC,291.7,293.45,287.0,290.95,3416.0
2021-02-22 15:00:00,NSE:XELPMOC,290.95,293.5,285.0,285.0,5242.0
2021-02-23 09:00:00,NSE:XELPMOC,295.0,301.95,289.0,294.35,7510.0
2021-02-23 10:00:00,NSE:XELPMOC,294.95,298.4,292.35,297.5,2888.0
2021-02-23 11:00:00,NSE:XELPMOC,297.5,297.75,294.25,296.9,2153.0
2021-02-23 12:00:00,NSE:XELPMOC,297.0,298.45,294.15,294.5,3060.0
2021-02-23 13:00:00,NSE:XELPMOC,294.3,298.45,294.0,296.05,1305.0
2021-02-23 14:00:00,NSE:XELPMOC,298.45,298.45,293.05,297.2,1912.0
2021-02-23 15:00:00,NSE:XELPMOC,297.2,298.45,293.0,298.0,2870.0
2021-02-24 09:00:00,NSE:XELPMOC,303.0,303.0,295.1,297.3,1793.0
2021-02-24 10:00:00,NSE:XELPMOC,297.35,297.4,291.5,292.0,4886.0
2021-02-24 11:00:00,NSE:XELPMOC,293.55,296.65,293.0,293.95,1481.0
2021-02-24 15:00:00,NSE:XELPMOC,299.0,299.0,285.0,297.5,45.0
2021-02-24 16:00:00,NSE:XELPMOC,298.2,298.2,289.0,293.0,2038.0
2021-02-25 09:00:00,NSE:XELPMOC,296.5,297.0,292.55,295.95,3843.0
2021-02-25 10:00:00,NSE:XELPMOC,295.15,296.7,292.2,293.0,2712.0
2021-02-25 11:00:00,NSE:XELPMOC,293.0,294.55,290.1,290.9,8195.0
2021-02-25 12:00:00,NSE:XELPMOC,290.9,293.0,288.0,289.65,4536.0
2021-02-25 13:00:00,NSE:XELPMOC,289.65,292.75,288.0,290.05,2182.0
2021-02-25 14:00:00,NSE:XELPMOC,290.65,292.0,289.0,290.9,2144.0
2021-02-25 15:00:00,NSE:XELPMOC,290.95,293.05,289.0,291.5,9510.0
2021-02-26 09:00:00,NSE:XELPMOC,281.5,293.9,280.15,292.2,9069.0
2021-02-26 10:00:00,NSE:XELPMOC,292.05,292.05,285.15,286.3,4773.0
2021-02-26 11:00:00,NSE:XELPMOC,286.6,287.5,285.05,286.85,3547.0
2021-02-26 12:00:00,NSE:XELPMOC,286.75,287.0,285.35,286.2,1376.0
2021-02-26 13:00:00,NSE:XELPMOC,286.2,287.9,286.05,287.3,1586.0
2021-02-26 14:00:00,NSE:XELPMOC,287.0,287.25,285.9,287.0,4034.0
2021-02-26 15:00:00,NSE:XELPMOC,286.3,287.2,285.7,286.0,2813.0
2021-03-01 09:00:00,NSE:XELPMOC,296.0,296.0,289.1,289.95,2530.0
2021-03-01 10:00:00,NSE:XELPMOC,290.1,291.0,287.1,291.0,2449.0
2021-03-01 11:00:00,NSE:XELPMOC,290.95,293.9,287.65,288.05,4036.0
2021-03-01 12:00:00,NSE:XELPMOC,288.3,289.95,288.05,288.35,2693.0
2021-03-01 13:00:00,NSE:XELPMOC,288.4,291.6,288.1,290.05,2670.0
2021-03-01 14:00:00,NSE:XELPMOC,290.95,294.0,290.1,293.7,4527.0
2021-03-01 15:00:00,NSE:XELPMOC,293.05,293.9,289.55,291.0,2068.0
2021-03-02 09:00:00,NSE:XELPMOC,296.0,305.0,295.35,296.3,6295.0
2021-03-02 10:00:00,NSE:XELPMOC,296.95,297.45,292.55,293.35,3656.0
2021-03-02 11:00:00,NSE:XELPMOC,293.65,297.0,292.55,293.6,1898.0
2021-03-02 12:00:00,NSE:XELPMOC,293.6,295.7,290.1,290.35,2066.0
2021-03-02 13:00:00,NSE:XELPMOC,290.55,295.05,290.55,294.75,1091.0
2021-03-02 14:00:00,NSE:XELPMOC,294.0,296.4,292.8,294.3,1744.0
2021-03-02 15:00:00,NSE:XELPMOC,294.3,297.85,293.75,297.5,2422.0
2021-03-03 09:00:00,NSE:XELPMOC,298.85,298.85,291.55,292.5,3532.0
2021-03-03 10:00:00,NSE:XELPMOC,292.5,296.2,292.45,296.15,2345.0
2021-03-03 11:00:00,NSE:XELPMOC,296.15,296.9,292.35,294.1,2549.0
2021-03-03 12:00:00,NSE:XELPMOC,294.5,297.05,294.05,296.1,3488.0
2021-03-03 13:00:00,NSE:XELPMOC,296.15,296.15,283.05,290.0,10353.0
2021-03-03 14:00:00,NSE:XELPMOC,289.0,289.0,283.15,288.55,6218.0
2021-03-03 15:00:00,NSE:XELPMOC,288.55,289.0,284.0,286.45,6773.0
2021-03-04 09:00:00,NSE:XELPMOC,291.95,294.0,286.25,289.3,3259.0
2021-03-04 10:00:00,NSE:XELPMOC,289.3,290.95,286.9,290.15,1720.0
2021-03-04 11:00:00,NSE:XELPMOC,290.3,290.35,282.65,288.0,3766.0
2021-03-04 12:00:00,NSE:XELPMOC,288.2,288.2,284.25,285.75,1935.0
2021-03-04 13:00:00,NSE:XELPMOC,285.75,285.9,283.85,285.0,2767.0
2021-03-04 14:00:00,NSE:XELPMOC,284.6,285.0,282.65,284.2,4087.0
2021-03-04 15:00:00,NSE:XELPMOC,284.6,286.0,283.55,285.9,5237.0
2021-03-05 09:00:00,NSE:XELPMOC,287.9,287.9,281.8,285.5,3763.0
2021-03-05 10:00:00,NSE:XELPMOC,285.7,286.0,282.7,285.7,1734.0
2021-03-05 11:00:00,NSE:XELPMOC,285.95,285.95,283.0,283.2,2168.0
2021-03-05 12:00:00,NSE:XELPMOC,283.25,285.6,282.5,285.6,2583.0
2021-03-05 13:00:00,NSE:XELPMOC,285.6,285.8,282.5,282.9,2542.0
2021-03-05 14:00:00,NSE:XELPMOC,282.0,284.0,280.15,282.0,5044.0
2021-03-05 15:00:00,NSE:XELPMOC,282.0,283.0,281.1,282.1,3669.0
2021-03-08 09:00:00,NSE:XELPMOC,289.0,289.0,282.0,282.0,3898.0
2021-03-08 10:00:00,NSE:XELPMOC,281.85,283.7,279.4,282.5,3309.0
2021-03-08 11:00:00,NSE:XELPMOC,282.45,282.5,281.0,281.25,1889.0
2021-03-08 12:00:00,NSE:XELPMOC,282.45,282.5,281.0,281.55,2265.0
2021-03-08 13:00:00,NSE:XELPMOC,281.55,281.6,281.0,281.6,1381.0
2021-03-08 14:00:00,NSE:XELPMOC,281.05,282.0,280.05,280.4,2597.0
2021-03-08 15:00:00,NSE:XELPMOC,280.4,283.0,280.0,280.2,1737.0
2021-03-09 09:00:00,NSE:XELPMOC,282.85,284.0,280.1,282.55,7046.0
2021-03-09 10:00:00,NSE:XELPMOC,282.55,283.9,281.1,282.0,4383.0
2021-03-09 11:00:00,NSE:XELPMOC,282.0,288.9,281.5,282.6,11948.0
2021-03-09 12:00:00,NSE:XELPMOC,283.0,285.95,278.05,278.55,2952.0
2021-03-09 13:00:00,NSE:XELPMOC,279.0,281.8,278.55,280.4,1325.0
2021-03-09 14:00:00,NSE:XELPMOC,280.5,282.95,279.0,279.0,6364.0
2021-03-09 15:00:00,NSE:XELPMOC,279.0,282.9,275.0,282.15,2868.0
2021-03-10 09:00:00,NSE:XELPMOC,280.95,285.0,280.9,281.05,1871.0
2021-03-10 10:00:00,NSE:XELPMOC,281.05,283.75,280.15,281.65,725.0
2021-03-10 11:00:00,NSE:XELPMOC,282.8,282.8,280.0,280.0,1189.0
2021-03-10 12:00:00,NSE:XELPMOC,280.0,281.25,278.0,279.1,1160.0
2021-03-10 13:00:00,NSE:XELPMOC,279.0,280.7,278.45,279.9,1081.0
2021-03-10 14:00:00,NSE:XELPMOC,279.95,280.0,271.7,273.35,10541.0
2021-03-10 15:00:00,NSE:XELPMOC,273.4,275.95,267.6,270.0,11161.0
2021-03-12 09:00:00,NSE:XELPMOC,268.4,278.0,268.4,274.8,6085.0
2021-03-12 10:00:00,NSE:XELPMOC,274.0,275.85,268.55,271.65,8064.0
2021-03-12 11:00:00,NSE:XELPMOC,271.7,271.75,268.1,271.25,2549.0
2021-03-12 12:00:00,NSE:XELPMOC,271.2,272.0,268.6,268.8,2404.0
2021-03-12 13:00:00,NSE:XELPMOC,268.8,271.15,268.1,269.05,2089.0
2021-03-12 14:00:00,NSE:XELPMOC,269.0,278.0,268.55,272.9,6172.0
2021-03-12 15:00:00,NSE:XELPMOC,272.8,278.0,270.0,270.0,6482.0
2021-03-15 09:00:00,NSE:XELPMOC,275.65,276.0,265.85,268.5,5506.0
2021-03-15 10:00:00,NSE:XELPMOC,268.7,273.8,267.45,271.25,3250.0
2021-03-15 11:00:00,NSE:XELPMOC,270.05,272.15,266.05,266.35,3659.0
2021-03-15 12:00:00,NSE:XELPMOC,266.5,270.2,266.0,269.45,3106.0
2021-03-15 13:00:00,NSE:XELPMOC,269.7,269.9,266.15,267.35,2510.0
2021-03-15 14:00:00,NSE:XELPMOC,267.4,270.0,267.35,270.0,1744.0
2021-03-15 15:00:00,NSE:XELPMOC,269.85,273.4,269.05,270.0,2686.0
2021-03-16 09:00:00,NSE:XELPMOC,271.0,277.95,271.0,274.95,2704.0
2021-03-16 10:00:00,NSE:XELPMOC,274.95,280.0,274.1,278.35,7115.0
2021-03-16 11:00:00,NSE:XELPMOC,278.7,280.0,278.35,279.0,3297.0
2021-03-16 12:00:00,NSE:XELPMOC,279.0,284.4,278.75,284.4,5235.0
2021-03-16 13:00:00,NSE:XELPMOC,280.25,284.4,280.25,284.4,5117.0
2021-03-16 14:00:00,NSE:XELPMOC,284.4,284.4,284.4,284.4,1453.0
2021-03-16 15:00:00,NSE:XELPMOC,284.4,284.4,284.4,284.4,322.0
2021-03-17 09:00:00,NSE:XELPMOC,295.95,295.95,285.95,289.15,10573.0
2021-03-17 10:00:00,NSE:XELPMOC,290.8,291.9,285.0,287.25,5339.0
2021-03-17 11:00:00,NSE:XELPMOC,287.15,289.4,283.55,288.2,2175.0
2021-03-17 12:00:00,NSE:XELPMOC,288.2,293.75,286.3,293.0,3550.0
2021-03-17 13:00:00,NSE:XELPMOC,293.0,295.0,291.05,292.2,4834.0
2021-03-17 14:00:00,NSE:XELPMOC,292.1,293.45,288.0,290.35,2881.0
2021-03-17 15:00:00,NSE:XELPMOC,290.4,291.2,278.0,284.25,3567.0
2021-03-18 09:00:00,NSE:XELPMOC,292.75,299.9,287.0,291.45,3152.0
2021-03-18 10:00:00,NSE:XELPMOC,291.4,291.45,277.25,283.0,15808.0
2021-03-18 11:00:00,NSE:XELPMOC,281.45,283.95,280.55,282.7,1557.0
2021-03-18 12:00:00,NSE:XELPMOC,282.75,282.9,276.2,277.8,2236.0
2021-03-18 13:00:00,NSE:XELPMOC,277.7,277.95,272.1,276.2,2434.0
2021-03-18 14:00:00,NSE:XELPMOC,276.1,276.8,271.95,273.55,5186.0
2021-03-18 15:00:00,NSE:XELPMOC,273.55,273.75,271.4,271.4,3127.0
2021-03-19 09:00:00,NSE:XELPMOC,270.9,270.9,258.45,258.45,19320.0
2021-03-19 10:00:00,NSE:XELPMOC,258.45,263.35,258.45,260.0,11911.0
2021-03-19 11:00:00,NSE:XELPMOC,259.0,266.9,258.5,266.9,9882.0
2021-03-19 12:00:00,NSE:XELPMOC,265.5,270.6,262.0,263.0,5142.0
2021-03-19 13:00:00,NSE:XELPMOC,263.05,268.95,262.7,263.8,6206.0
2021-03-19 14:00:00,NSE:XELPMOC,263.6,267.9,263.1,266.5,1221.0
2021-03-19 15:00:00,NSE:XELPMOC,266.0,284.0,264.2,265.4,6993.0
2021-03-22 09:00:00,NSE:XELPMOC,266.0,269.5,265.0,268.2,5621.0
2021-03-22 10:00:00,NSE:XELPMOC,268.0,269.35,260.55,262.1,5579.0
2021-03-22 11:00:00,NSE:XELPMOC,262.05,264.95,261.15,262.5,1270.0
2021-03-22 12:00:00,NSE:XELPMOC,262.95,264.0,261.2,263.95,953.0
2021-03-22 13:00:00,NSE:XELPMOC,264.0,266.95,262.5,264.75,2551.0
2021-03-22 14:00:00,NSE:XELPMOC,264.45,265.95,263.0,264.6,2753.0
2021-03-22 15:00:00,NSE:XELPMOC,264.95,266.5,263.5,264.25,3295.0
2021-03-23 09:00:00,NSE:XELPMOC,269.0,270.0,265.05,265.7,2534.0
2021-03-23 10:00:00,NSE:XELPMOC,265.7,266.9,263.1,265.4,2236.0
2021-03-23 11:00:00,NSE:XELPMOC,265.0,267.2,264.0,264.8,1265.0
2021-03-23 12:00:00,NSE:XELPMOC,264.25,269.7,264.25,268.1,1106.0
2021-03-23 13:00:00,NSE:XELPMOC,268.1,277.8,266.8,274.45,8551.0
2021-03-23 14:00:00,NSE:XELPMOC,272.6,277.8,271.8,275.05,1994.0
2021-03-23 15:00:00,NSE:XELPMOC,275.0,277.8,273.35,276.85,3191.0
2021-03-24 09:00:00,NSE:XELPMOC,275.0,276.0,268.5,273.75,2970.0
2021-03-24 10:00:00,NSE:XELPMOC,273.75,273.85,266.15,270.35,5978.0
2021-03-24 11:00:00,NSE:XELPMOC,268.95,272.6,268.05,268.7,3803.0
2021-03-24 12:00:00,NSE:XELPMOC,268.7,279.85,268.55,272.1,6223.0
2021-03-24 13:00:00,NSE:XELPMOC,272.5,277.7,272.15,275.9,2174.0
2021-03-24 14:00:00,NSE:XELPMOC,274.0,277.0,270.0,272.8,2598.0
2021-03-24 15:00:00,NSE:XELPMOC,272.9,275.85,268.2,272.0,2869.0
2021-03-25 09:00:00,NSE:XELPMOC,272.05,272.2,258.4,262.6,17593.0
2021-03-25 10:00:00,NSE:XELPMOC,262.6,264.5,261.0,263.2,3623.0
2021-03-25 11:00:00,NSE:XELPMOC,263.4,264.95,261.6,264.65,5640.0
2021-03-25 12:00:00,NSE:XELPMOC,264.65,264.8,262.05,263.0,1547.0
2021-03-25 13:00:00,NSE:XELPMOC,262.6,265.0,260.1,262.95,6775.0
2021-03-25 14:00:00,NSE:XELPMOC,263.0,268.4,261.15,264.2,6588.0
2021-03-25 15:00:00,NSE:XELPMOC,265.3,265.9,261.0,264.5,2066.0
2021-03-26 09:00:00,NSE:XELPMOC,265.0,270.05,253.3,260.0,5561.0
2021-03-26 10:00:00,NSE:XELPMOC,259.9,263.55,258.4,261.35,5912.0
2021-03-26 11:00:00,NSE:XELPMOC,261.35,263.4,260.05,262.4,1328.0
2021-03-26 12:00:00,NSE:XELPMOC,262.3,264.5,261.85,262.35,1375.0
2021-03-26 13:00:00,NSE:XELPMOC,262.55,264.8,262.55,264.4,2886.0
2021-03-26 14:00:00,NSE:XELPMOC,264.4,264.45,262.0,263.8,2039.0
2021-03-26 15:00:00,NSE:XELPMOC,263.65,263.65,260.5,262.0,2283.0
2021-03-30 09:00:00,NSE:XELPMOC,262.5,267.2,257.9,262.0,8155.0
2021-03-30 10:00:00,NSE:XELPMOC,262.0,268.2,256.35,261.7,8144.0
2021-03-30 11:00:00,NSE:XELPMOC,261.95,262.8,256.4,256.6,2126.0
2021-03-30 12:00:00,NSE:XELPMOC,257.15,257.15,253.05,255.05,6545.0
2021-03-30 13:00:00,NSE:XELPMOC,256.45,258.0,254.2,258.0,5348.0
2021-03-30 14:00:00,NSE:XELPMOC,257.95,259.5,256.2,258.0,3151.0
2021-03-30 15:00:00,NSE:XELPMOC,258.15,258.15,253.5,255.0,4592.0
2021-03-31 09:00:00,NSE:XELPMOC,255.6,262.3,254.0,259.05,4754.0
2021-03-31 10:00:00,NSE:XELPMOC,262.3,262.3,251.65,255.2,8292.0
2021-03-31 11:00:00,NSE:XELPMOC,255.0,257.6,255.0,256.95,1315.0
2021-03-31 12:00:00,NSE:XELPMOC,256.7,260.0,253.55,256.3,5593.0
2021-03-31 13:00:00,NSE:XELPMOC,256.3,261.45,256.3,259.4,1719.0
2021-03-31 14:00:00,NSE:XELPMOC,259.4,264.9,258.1,262.65,7214.0
2021-03-31 15:00:00,NSE:XELPMOC,261.55,262.6,255.0,255.0,4357.0
2021-04-01 09:00:00,NSE:XELPMOC,263.85,263.85,256.6,259.05,6052.0
2021-04-01 10:00:00,NSE:XELPMOC,259.05,264.95,259.05,262.95,4772.0
2021-04-01 11:00:00,NSE:XELPMOC,262.85,262.85,260.6,262.45,2769.0
2021-04-01 12:00:00,NSE:XELPMOC,262.65,268.8,261.25,267.75,11297.0
2021-04-01 13:00:00,NSE:XELPMOC,267.7,268.0,265.55,267.0,1914.0
2021-04-01 14:00:00,NSE:XELPMOC,268.0,268.0,265.55,267.0,1975.0
2021-04-01 15:00:00,NSE:XELPMOC,267.0,267.9,265.55,265.55,2726.0
2021-04-05 09:00:00,NSE:XELPMOC,269.0,269.0,264.8,266.35,4291.0
2021-04-05 10:00:00,NSE:XELPMOC,266.9,266.9,255.6,263.0,11325.0
2021-04-05 11:00:00,NSE:XELPMOC,265.05,265.05,256.9,259.0,7249.0
2021-04-05 12:00:00,NSE:XELPMOC,259.0,262.1,258.0,262.0,1440.0
2021-04-05 13:00:00,NSE:XELPMOC,262.45,278.95,262.0,276.95,9727.0
2021-04-05 14:00:00,NSE:XELPMOC,276.55,279.8,273.1,279.0,10528.0
2021-04-05 15:00:00,NSE:XELPMOC,278.0,278.0,269.0,273.45,9169.0
2021-04-06 09:00:00,NSE:XELPMOC,276.45,280.15,274.0,276.0,4331.0
2021-04-06 10:00:00,NSE:XELPMOC,275.5,275.9,269.4,274.0,6516.0
2021-04-06 11:00:00,NSE:XELPMOC,274.0,279.9,271.85,277.45,4481.0
2021-04-06 12:00:00,NSE:XELPMOC,276.05,277.65,273.3,275.8,2177.0
2021-04-06 13:00:00,NSE:XELPMOC,275.7,275.7,273.35,274.4,853.0
2021-04-06 14:00:00,NSE:XELPMOC,275.45,276.8,271.0,273.0,3505.0
2021-04-06 15:00:00,NSE:XELPMOC,272.85,274.7,271.05,271.3,1714.0
2021-04-07 09:00:00,NSE:XELPMOC,272.9,283.75,271.8,282.9,7422.0
2021-04-07 10:00:00,NSE:XELPMOC,282.95,284.0,279.05,280.0,9102.0
2021-04-07 11:00:00,NSE:XELPMOC,280.0,285.0,277.4,284.4,12357.0
2021-04-07 12:00:00,NSE:XELPMOC,284.85,284.95,280.65,283.5,5621.0
2021-04-07 13:00:00,NSE:XELPMOC,283.0,284.8,282.05,284.0,4702.0
2021-04-07 14:00:00,NSE:XELPMOC,284.0,284.8,283.15,283.35,1755.0
2021-04-07 15:00:00,NSE:XELPMOC,284.45,285.0,283.0,285.0,3508.0
2021-04-08 09:00:00,NSE:XELPMOC,285.0,285.0,281.05,282.7,3844.0
2021-04-08 10:00:00,NSE:XELPMOC,282.9,293.85,282.3,289.0,11877.0
2021-04-08 11:00:00,NSE:XELPMOC,288.85,300.0,285.05,298.55,31494.0
2021-04-08 12:00:00,NSE:XELPMOC,298.6,312.7,295.0,312.7,41212.0
2021-04-08 13:00:00,NSE:XELPMOC,312.7,312.7,305.0,310.0,36279.0
2021-04-08 14:00:00,NSE:XELPMOC,310.15,312.7,310.15,312.7,19714.0
2021-04-08 15:00:00,NSE:XELPMOC,312.7,312.7,312.7,312.7,2347.0
2021-04-09 09:00:00,NSE:XELPMOC,315.95,330.55,310.3,325.2,46205.0
2021-04-09 10:00:00,NSE:XELPMOC,325.1,326.95,319.6,321.0,15113.0
2021-04-09 11:00:00,NSE:XELPMOC,321.0,324.0,317.4,324.0,8635.0
2021-04-09 12:00:00,NSE:XELPMOC,323.95,325.0,320.3,323.1,6926.0
2021-04-09 13:00:00,NSE:XELPMOC,323.0,324.4,320.05,321.7,4878.0
2021-04-09 14:00:00,NSE:XELPMOC,321.8,321.9,320.1,321.4,3638.0
2021-04-09 15:00:00,NSE:XELPMOC,321.4,322.0,320.0,320.35,8181.0
2021-04-12 09:00:00,NSE:XELPMOC,320.0,321.0,293.0,304.0,37372.0
2021-04-12 10:00:00,NSE:XELPMOC,304.0,305.0,296.0,299.25,8977.0
2021-04-12 11:00:00,NSE:XELPMOC,299.25,299.85,293.0,294.3,11252.0
2021-04-12 12:00:00,NSE:XELPMOC,294.2,296.35,289.0,292.35,7776.0
2021-04-12 13:00:00,NSE:XELPMOC,290.75,294.95,290.75,293.95,3123.0
2021-04-12 14:00:00,NSE:XELPMOC,293.9,298.3,291.05,295.8,3656.0
2021-04-12 15:00:00,NSE:XELPMOC,294.85,294.85,289.3,293.0,4956.0
2021-04-13 09:00:00,NSE:XELPMOC,292.0,309.0,292.0,307.85,10342.0
2021-04-13 10:00:00,NSE:XELPMOC,307.05,310.6,303.95,308.5,5179.0
2021-04-13 11:00:00,NSE:XELPMOC,308.6,310.1,301.25,305.9,6597.0
2021-04-13 12:00:00,NSE:XELPMOC,305.8,306.65,297.65,302.05,4956.0
2021-04-13 13:00:00,NSE:XELPMOC,302.05,306.0,297.7,304.3,4972.0
2021-04-13 14:00:00,NSE:XELPMOC,304.15,307.0,303.1,305.4,2447.0
2021-04-13 15:00:00,NSE:XELPMOC,306.0,309.0,303.25,305.0,5195.0
2021-04-15 09:00:00,NSE:XELPMOC,298.2,319.95,294.2,303.6,11877.0
2021-04-15 10:00:00,NSE:XELPMOC,303.9,307.9,303.9,306.3,1975.0
2021-04-15 11:00:00,NSE:XELPMOC,306.45,306.5,295.65,300.1,3675.0
2021-04-15 12:00:00,NSE:XELPMOC,300.65,301.35,297.05,299.6,1345.0
2021-04-15 13:00:00,NSE:XELPMOC,299.7,304.95,298.1,304.5,2097.0
2021-04-15 14:00:00,NSE:XELPMOC,304.55,305.0,300.75,302.5,1268.0
2021-04-15 15:00:00,NSE:XELPMOC,302.3,307.1,300.5,301.0,3419.0
2021-04-16 09:00:00,NSE:XELPMOC,308.7,313.6,301.6,302.0,1605.0
2021-04-16 10:00:00,NSE:XELPMOC,302.05,307.95,300.3,304.0,2919.0
2021-04-16 11:00:00,NSE:XELPMOC,302.85,305.1,302.0,302.0,934.0
2021-04-16 12:00:00,NSE:XELPMOC,302.0,305.0,300.55,304.7,1290.0
2021-04-16 13:00:00,NSE:XELPMOC,303.5,304.4,301.6,303.05,630.0
2021-04-16 14:00:00,NSE:XELPMOC,302.95,307.0,301.6,303.05,1539.0
2021-04-16 15:00:00,NSE:XELPMOC,304.4,304.4,298.0,299.05,3986.0
2021-04-19 09:00:00,NSE:XELPMOC,288.0,300.0,273.2,281.6,13840.0
2021-04-19 10:00:00,NSE:XELPMOC,281.6,291.9,280.3,290.0,17660.0
2021-04-19 11:00:00,NSE:XELPMOC,290.0,294.0,286.6,291.0,5223.0
2021-04-19 12:00:00,NSE:XELPMOC,291.2,291.6,282.6,287.2,5738.0
2021-04-19 13:00:00,NSE:XELPMOC,288.0,290.0,286.55,289.3,1729.0
2021-04-19 14:00:00,NSE:XELPMOC,289.5,289.7,286.0,287.1,2511.0
2021-04-19 15:00:00,NSE:XELPMOC,287.4,289.0,282.0,284.1,4568.0
2021-04-20 09:00:00,NSE:XELPMOC,286.5,297.6,286.5,297.6,9182.0
2021-04-20 10:00:00,NSE:XELPMOC,296.6,303.5,294.0,294.3,8727.0
2021-04-20 11:00:00,NSE:XELPMOC,294.4,296.75,289.5,290.5,4710.0
2021-04-20 12:00:00,NSE:XELPMOC,292.4,292.55,287.0,287.0,3814.0
2021-04-20 13:00:00,NSE:XELPMOC,287.0,290.0,284.0,289.85,4562.0
2021-04-20 14:00:00,NSE:XELPMOC,290.0,291.0,286.9,289.45,3358.0
2021-04-20 15:00:00,NSE:XELPMOC,289.6,289.6,284.1,285.0,3101.0
2021-04-22 09:00:00,NSE:XELPMOC,283.5,291.55,282.75,285.55,7167.0
2021-04-22 10:00:00,NSE:XELPMOC,286.6,287.8,282.3,283.0,7543.0
2021-04-22 11:00:00,NSE:XELPMOC,283.0,284.1,282.0,282.9,4197.0
2021-04-22 12:00:00,NSE:XELPMOC,282.7,287.45,280.0,281.9,5174.0
2021-04-22 13:00:00,NSE:XELPMOC,281.9,284.75,280.0,282.0,3529.0
2021-04-22 14:00:00,NSE:XELPMOC,282.4,286.45,277.75,279.0,13792.0
2021-04-22 15:00:00,NSE:XELPMOC,279.7,279.9,274.0,276.4,14735.0
2021-04-23 09:00:00,NSE:XELPMOC,279.5,285.9,278.4,285.4,2869.0
2021-04-23 10:00:00,NSE:XELPMOC,285.35,286.95,277.4,286.1,17161.0
2021-04-23 11:00:00,NSE:XELPMOC,284.6,289.7,282.0,282.05,4951.0
2021-04-23 12:00:00,NSE:XELPMOC,283.45,284.6,282.05,283.15,1181.0
2021-04-23 13:00:00,NSE:XELPMOC,283.25,283.25,280.85,282.85,1489.0
2021-04-23 14:00:00,NSE:XELPMOC,282.9,283.4,278.5,279.85,2755.0
2021-04-23 15:00:00,NSE:XELPMOC,279.4,284.95,278.7,282.15,3509.0
2021-04-26 09:00:00,NSE:XELPMOC,291.0,294.7,285.4,289.25,4728.0
2021-04-26 10:00:00,NSE:XELPMOC,289.3,290.85,286.05,287.05,5802.0
2021-04-26 11:00:00,NSE:XELPMOC,287.9,294.55,286.4,292.7,4458.0
2021-04-26 12:00:00,NSE:XELPMOC,292.7,293.9,280.0,285.05,11902.0
2021-04-26 13:00:00,NSE:XELPMOC,285.25,289.0,284.15,286.65,3809.0
2021-04-26 14:00:00,NSE:XELPMOC,286.35,287.0,283.65,285.5,4532.0
2021-04-26 15:00:00,NSE:XELPMOC,286.9,287.8,282.2,282.2,3610.0
2021-04-27 09:00:00,NSE:XELPMOC,290.9,290.9,286.05,287.35,3067.0
2021-04-27 10:00:00,NSE:XELPMOC,287.3,292.2,286.35,291.0,6866.0
2021-04-27 11:00:00,NSE:XELPMOC,291.0,293.0,289.75,292.5,3537.0
2021-04-27 12:00:00,NSE:XELPMOC,292.55,292.9,289.25,289.4,1795.0
2021-04-27 13:00:00,NSE:XELPMOC,289.05,292.7,288.0,292.0,2099.0
2021-04-27 14:00:00,NSE:XELPMOC,291.95,291.95,289.05,290.4,602.0
2021-04-27 15:00:00,NSE:XELPMOC,291.0,291.0,287.05,289.45,1146.0
2021-04-28 09:00:00,NSE:XELPMOC,298.0,305.0,291.55,293.6,7810.0
2021-04-28 10:00:00,NSE:XELPMOC,294.85,296.95,292.5,293.4,3254.0
2021-04-28 11:00:00,NSE:XELPMOC,294.0,294.0,291.1,291.4,3542.0
2021-04-28 12:00:00,NSE:XELPMOC,291.95,292.75,290.05,292.25,3354.0
2021-04-28 13:00:00,NSE:XELPMOC,292.65,292.75,290.0,291.65,1431.0
2021-04-28 14:00:00,NSE:XELPMOC,291.85,291.85,288.6,289.95,1834.0
2021-04-28 15:00:00,NSE:XELPMOC,289.5,293.0,289.15,290.5,2899.0
2021-04-29 09:00:00,NSE:XELPMOC,296.5,296.5,287.25,288.0,4659.0
2021-04-29 10:00:00,NSE:XELPMOC,287.8,293.3,285.45,285.55,3279.0
2021-04-29 11:00:00,NSE:XELPMOC,286.0,289.8,285.3,287.65,3467.0
2021-04-29 12:00:00,NSE:XELPMOC,286.95,289.5,282.95,285.7,4689.0
2021-04-29 13:00:00,NSE:XELPMOC,285.65,287.0,285.4,286.25,661.0
2021-04-29 14:00:00,NSE:XELPMOC,286.5,287.5,283.55,283.55,2471.0
2021-04-29 15:00:00,NSE:XELPMOC,284.9,286.1,282.0,283.1,4616.0
2021-04-30 09:00:00,NSE:XELPMOC,280.15,286.95,280.15,284.25,1884.0
2021-04-30 10:00:00,NSE:XELPMOC,284.3,286.6,283.9,286.6,2169.0
2021-04-30 11:00:00,NSE:XELPMOC,286.4,288.6,283.35,286.4,3659.0
2021-04-30 12:00:00,NSE:XELPMOC,286.5,286.8,283.0,284.4,2390.0
2021-04-30 13:00:00,NSE:XELPMOC,284.35,286.4,281.8,282.45,2914.0
2021-04-30 14:00:00,NSE:XELPMOC,282.2,283.75,281.0,282.9,4306.0
2021-04-30 15:00:00,NSE:XELPMOC,283.2,285.95,280.5,285.4,1819.0
2021-05-03 09:00:00,NSE:XELPMOC,281.0,288.0,281.0,287.4,2817.0
2021-05-03 10:00:00,NSE:XELPMOC,288.0,290.0,282.3,283.25,3963.0
2021-05-03 11:00:00,NSE:XELPMOC,284.75,286.35,283.55,285.55,2280.0
2021-05-03 12:00:00,NSE:XELPMOC,285.65,287.85,281.45,283.4,3450.0
2021-05-03 13:00:00,NSE:XELPMOC,283.8,285.55,281.55,284.15,1569.0
2021-05-03 14:00:00,NSE:XELPMOC,284.4,284.85,281.65,282.7,2609.0
2021-05-03 15:00:00,NSE:XELPMOC,282.7,284.25,281.45,284.25,2491.0
2021-05-04 09:00:00,NSE:XELPMOC,287.2,287.2,281.0,283.3,3649.0
2021-05-04 10:00:00,NSE:XELPMOC,283.2,284.75,282.1,282.6,1336.0
2021-05-04 11:00:00,NSE:XELPMOC,282.6,283.75,282.6,283.7,528.0
2021-05-04 12:00:00,NSE:XELPMOC,283.0,283.75,282.6,282.95,810.0
2021-05-04 13:00:00,NSE:XELPMOC,283.0,283.55,282.1,282.65,2111.0
2021-05-04 14:00:00,NSE:XELPMOC,283.1,283.55,281.1,282.2,1860.0
2021-05-04 15:00:00,NSE:XELPMOC,282.2,283.0,281.15,282.0,2441.0
2021-05-05 09:00:00,NSE:XELPMOC,280.05,283.8,280.05,280.7,2423.0
2021-05-05 10:00:00,NSE:XELPMOC,280.5,282.85,280.3,282.4,2130.0
2021-05-05 11:00:00,NSE:XELPMOC,281.3,282.6,280.1,280.1,1606.0
2021-05-05 12:00:00,NSE:XELPMOC,281.15,282.55,280.05,281.05,2306.0
2021-05-05 13:00:00,NSE:XELPMOC,281.6,281.6,280.5,281.5,319.0
2021-05-05 14:00:00,NSE:XELPMOC,281.5,281.9,279.0,279.25,2942.0
2021-05-05 15:00:00,NSE:XELPMOC,279.8,282.55,276.65,279.5,5181.0
2021-05-06 09:00:00,NSE:XELPMOC,280.5,284.4,277.3,278.6,4073.0
2021-05-06 10:00:00,NSE:XELPMOC,280.15,283.8,278.2,280.95,4785.0
2021-05-06 11:00:00,NSE:XELPMOC,280.75,282.3,278.6,281.2,1432.0
2021-05-06 12:00:00,NSE:XELPMOC,281.2,307.45,279.0,307.45,43623.0
2021-05-06 13:00:00,NSE:XELPMOC,307.45,307.45,307.45,307.45,4427.0
2021-05-06 14:00:00,NSE:XELPMOC,307.45,307.45,307.45,307.45,2606.0
2021-05-06 15:00:00,NSE:XELPMOC,307.45,307.45,307.45,307.45,1013.0
2021-05-07 09:00:00,NSE:XELPMOC,320.0,323.2,308.0,313.05,19987.0
2021-05-07 10:00:00,NSE:XELPMOC,313.95,316.8,298.7,301.95,13970.0
2021-05-07 11:00:00,NSE:XELPMOC,302.3,302.9,295.2,299.0,33183.0
2021-05-07 12:00:00,NSE:XELPMOC,298.95,302.7,296.0,299.8,6537.0
2021-05-07 13:00:00,NSE:XELPMOC,299.8,301.15,297.2,299.75,4724.0
2021-05-07 14:00:00,NSE:XELPMOC,299.65,300.6,292.25,298.8,10910.0
2021-05-07 15:00:00,NSE:XELPMOC,298.45,299.5,293.1,296.65,8489.0
2021-05-10 09:00:00,NSE:XELPMOC,302.5,302.5,287.5,290.65,9456.0
2021-05-10 10:00:00,NSE:XELPMOC,290.85,293.95,288.5,291.6,5176.0
2021-05-10 11:00:00,NSE:XELPMOC,290.55,298.0,290.0,294.0,4978.0
2021-05-10 12:00:00,NSE:XELPMOC,292.5,305.0,292.0,299.0,12246.0
2021-05-10 13:00:00,NSE:XELPMOC,299.3,300.6,298.05,299.0,2698.0
2021-05-10 14:00:00,NSE:XELPMOC,300.5,301.85,297.95,297.95,4176.0
2021-05-10 15:00:00,NSE:XELPMOC,297.0,301.0,297.0,300.0,3377.0
2021-05-11 09:00:00,NSE:XELPMOC,299.55,299.8,288.0,295.65,10126.0
2021-05-11 10:00:00,NSE:XELPMOC,295.7,303.65,294.0,301.35,8221.0
2021-05-11 11:00:00,NSE:XELPMOC,301.15,309.75,301.0,308.0,11758.0
2021-05-11 12:00:00,NSE:XELPMOC,307.05,313.8,303.6,310.2,10376.0
2021-05-11 13:00:00,NSE:XELPMOC,310.0,310.7,300.0,303.9,8998.0
2021-05-11 14:00:00,NSE:XELPMOC,303.9,308.95,303.9,307.05,7415.0
2021-05-11 15:00:00,NSE:XELPMOC,307.05,307.45,304.0,307.4,4055.0
2021-05-12 09:00:00,NSE:XELPMOC,311.5,311.55,301.1,302.8,4937.0
2021-05-12 10:00:00,NSE:XELPMOC,303.1,307.4,301.3,303.0,5652.0
2021-05-12 11:00:00,NSE:XELPMOC,303.0,303.0,298.0,299.6,3795.0
2021-05-12 12:00:00,NSE:XELPMOC,299.95,303.35,295.95,300.95,5021.0
2021-05-12 13:00:00,NSE:XELPMOC,300.15,303.65,299.0,301.5,4768.0
2021-05-12 14:00:00,NSE:XELPMOC,301.5,301.5,295.1,295.1,4089.0
2021-05-12 15:00:00,NSE:XELPMOC,296.05,298.8,295.05,296.0,4004.0
2021-05-14 09:00:00,NSE:XELPMOC,303.5,303.5,295.0,299.8,4987.0
2021-05-14 10:00:00,NSE:XELPMOC,299.95,310.0,297.25,307.8,13413.0
2021-05-14 11:00:00,NSE:XELPMOC,307.6,307.6,300.0,301.05,4405.0
2021-05-14 12:00:00,NSE:XELPMOC,300.55,302.55,299.0,300.5,4149.0
2021-05-14 13:00:00,NSE:XELPMOC,300.5,301.95,299.25,300.8,671.0
2021-05-14 14:00:00,NSE:XELPMOC,300.9,301.95,299.0,299.95,2629.0
2021-05-14 15:00:00,NSE:XELPMOC,299.95,300.85,298.0,298.15,4625.0
2021-05-17 09:00:00,NSE:XELPMOC,305.0,309.45,297.1,298.0,8242.0
2021-05-17 10:00:00,NSE:XELPMOC,299.9,302.0,298.45,299.45,4906.0
2021-05-17 11:00:00,NSE:XELPMOC,299.95,304.0,299.05,303.15,3957.0
2021-05-17 12:00:00,NSE:XELPMOC,303.25,303.75,301.0,302.7,1284.0
2021-05-17 13:00:00,NSE:XELPMOC,302.4,303.0,300.1,301.45,3087.0
2021-05-17 14:00:00,NSE:XELPMOC,301.75,302.0,300.1,301.4,2268.0
2021-05-17 15:00:00,NSE:XELPMOC,300.05,301.35,298.4,300.0,2488.0
2021-05-18 09:00:00,NSE:XELPMOC,306.2,306.2,299.0,299.25,5578.0
2021-05-18 10:00:00,NSE:XELPMOC,299.7,301.6,299.25,300.8,5838.0
2021-05-18 11:00:00,NSE:XELPMOC,300.8,302.65,300.0,300.35,1203.0
2021-05-18 12:00:00,NSE:XELPMOC,300.45,302.9,299.8,299.9,1836.0
2021-05-18 13:00:00,NSE:XELPMOC,300.1,302.0,300.1,300.6,815.0
2021-05-18 14:00:00,NSE:XELPMOC,300.7,302.0,299.8,300.0,4705.0
2021-05-18 15:00:00,NSE:XELPMOC,300.0,300.0,292.95,299.8,6973.0
2021-05-19 09:00:00,NSE:XELPMOC,301.65,301.9,295.8,300.5,2741.0
2021-05-19 10:00:00,NSE:XELPMOC,302.05,303.0,298.4,298.9,1875.0
2021-05-19 11:00:00,NSE:XELPMOC,298.9,301.9,297.55,299.3,2584.0
2021-05-19 12:00:00,NSE:XELPMOC,299.6,301.2,296.5,296.55,4363.0
2021-05-19 13:00:00,NSE:XELPMOC,297.0,299.0,296.75,299.0,1117.0
2021-05-19 14:00:00,NSE:XELPMOC,299.0,299.9,296.15,298.2,4334.0
2021-05-19 15:00:00,NSE:XELPMOC,299.0,299.95,296.05,298.05,3181.0
2021-05-20 09:00:00,NSE:XELPMOC,296.35,313.4,296.35,311.0,20517.0
2021-05-20 10:00:00,NSE:XELPMOC,311.0,327.0,310.6,322.65,40599.0
2021-05-20 11:00:00,NSE:XELPMOC,322.95,327.0,316.1,326.85,31858.0
2021-05-20 12:00:00,NSE:XELPMOC,326.85,327.85,325.05,327.85,19177.0
2021-05-20 13:00:00,NSE:XELPMOC,327.85,327.85,327.85,327.85,2937.0
2021-05-20 14:00:00,NSE:XELPMOC,327.85,327.85,327.85,327.85,6471.0
2021-05-20 15:00:00,NSE:XELPMOC,327.85,327.85,327.85,327.85,1569.0
2021-05-21 09:00:00,NSE:XELPMOC,350.0,350.0,315.65,337.0,60784.0
2021-05-21 10:00:00,NSE:XELPMOC,336.5,340.0,328.0,337.5,40523.0
2021-05-21 11:00:00,NSE:XELPMOC,337.55,342.0,335.05,337.8,17095.0
2021-05-21 12:00:00,NSE:XELPMOC,337.3,341.0,334.55,338.05,23430.0
2021-05-21 13:00:00,NSE:XELPMOC,338.0,350.0,337.0,337.7,20214.0
2021-05-21 14:00:00,NSE:XELPMOC,339.0,342.0,335.0,335.1,14936.0
2021-05-21 15:00:00,NSE:XELPMOC,335.0,336.6,333.7,334.3,9988.0
2021-05-24 09:00:00,NSE:XELPMOC,300.9,313.9,300.9,307.4,72884.0
2021-05-24 10:00:00,NSE:XELPMOC,307.95,308.0,300.9,300.9,33889.0
2021-05-24 11:00:00,NSE:XELPMOC,300.9,300.9,300.9,300.9,4430.0
2021-05-24 12:00:00,NSE:XELPMOC,300.9,300.9,300.9,300.9,2350.0
2021-05-24 13:00:00,NSE:XELPMOC,300.9,300.9,300.9,300.9,1588.0
2021-05-24 14:00:00,NSE:XELPMOC,300.9,300.9,300.9,300.9,4480.0
2021-05-24 15:00:00,NSE:XELPMOC,300.9,300.9,300.9,300.9,8474.0
2021-05-25 09:00:00,NSE:XELPMOC,298.5,306.0,282.0,287.0,57485.0
2021-05-25 10:00:00,NSE:XELPMOC,286.75,291.9,285.7,285.7,31289.0
2021-05-25 11:00:00,NSE:XELPMOC,285.7,288.7,283.3,287.1,18208.0
2021-05-25 12:00:00,NSE:XELPMOC,286.9,290.85,284.25,290.7,7095.0
2021-05-25 13:00:00,NSE:XELPMOC,290.85,291.75,285.0,285.5,13362.0
2021-05-25 14:00:00,NSE:XELPMOC,285.8,287.55,283.95,284.5,14625.0
2021-05-25 15:00:00,NSE:XELPMOC,284.5,288.15,284.0,288.1,15607.0
2021-05-26 09:00:00,NSE:XELPMOC,291.7,291.7,286.05,291.5,5701.0
2021-05-26 10:00:00,NSE:XELPMOC,291.1,296.95,290.0,291.95,11567.0
2021-05-26 11:00:00,NSE:XELPMOC,291.95,295.85,286.9,289.05,11484.0
2021-05-26 12:00:00,NSE:XELPMOC,288.95,292.4,286.05,291.0,10226.0
2021-05-26 13:00:00,NSE:XELPMOC,291.45,292.2,287.7,289.5,2330.0
2021-05-26 14:00:00,NSE:XELPMOC,290.7,290.7,285.15,286.9,10068.0
2021-05-26 15:00:00,NSE:XELPMOC,286.85,288.85,286.2,288.85,5940.0
2021-05-27 09:00:00,NSE:XELPMOC,289.0,293.3,286.0,287.65,4435.0
2021-05-27 10:00:00,NSE:XELPMOC,287.2,291.85,286.55,287.55,4610.0
2021-05-27 11:00:00,NSE:XELPMOC,286.75,288.4,286.4,287.25,4981.0
2021-05-27 12:00:00,NSE:XELPMOC,287.25,287.7,284.6,285.0,5855.0
2021-05-27 13:00:00,NSE:XELPMOC,284.7,285.95,280.9,283.15,12675.0
2021-05-27 14:00:00,NSE:XELPMOC,283.15,285.05,281.0,282.2,7780.0
2021-05-27 15:00:00,NSE:XELPMOC,282.45,283.8,281.0,283.45,6471.0
2021-05-28 09:00:00,NSE:XELPMOC,282.45,286.0,281.8,282.75,6283.0
2021-05-28 10:00:00,NSE:XELPMOC,282.65,285.25,281.25,282.55,6868.0
2021-05-28 11:00:00,NSE:XELPMOC,282.95,283.0,281.3,282.0,2427.0
2021-05-28 12:00:00,NSE:XELPMOC,282.0,282.9,281.25,281.8,2882.0
2021-05-28 13:00:00,NSE:XELPMOC,281.8,281.8,280.0,281.15,2379.0
2021-05-28 14:00:00,NSE:XELPMOC,281.1,281.8,280.4,281.25,3717.0
2021-05-28 15:00:00,NSE:XELPMOC,281.8,288.0,281.1,283.3,4101.0
2021-05-31 09:00:00,NSE:XELPMOC,289.0,290.25,281.55,286.1,8260.0
2021-05-31 10:00:00,NSE:XELPMOC,286.95,287.8,284.05,287.55,3129.0
2021-05-31 11:00:00,NSE:XELPMOC,287.55,288.35,284.1,288.35,3532.0
2021-05-31 12:00:00,NSE:XELPMOC,288.05,291.15,286.45,289.3,7218.0
2021-05-31 13:00:00,NSE:XELPMOC,289.5,289.5,283.75,287.8,3662.0
2021-05-31 14:00:00,NSE:XELPMOC,287.85,288.15,285.85,287.1,1585.0
2021-05-31 15:00:00,NSE:XELPMOC,287.15,287.7,284.0,285.25,3874.0
2021-06-01 09:00:00,NSE:XELPMOC,289.95,294.95,285.65,292.35,12993.0
2021-06-01 10:00:00,NSE:XELPMOC,292.25,292.35,287.05,288.7,1859.0
2021-06-01 11:00:00,NSE:XELPMOC,288.75,289.0,286.0,286.6,2768.0
2021-06-01 12:00:00,NSE:XELPMOC,286.6,289.0,285.65,288.1,2124.0
2021-06-01 13:00:00,NSE:XELPMOC,288.15,288.15,286.05,287.95,784.0
2021-06-01 14:00:00,NSE:XELPMOC,287.0,288.0,286.45,286.45,1308.0
2021-06-01 15:00:00,NSE:XELPMOC,287.35,287.9,286.1,287.9,1807.0
2021-06-02 09:00:00,NSE:XELPMOC,291.0,291.0,285.05,287.35,1581.0
2021-06-02 10:00:00,NSE:XELPMOC,287.45,290.6,287.45,289.25,2010.0
2021-06-02 11:00:00,NSE:XELPMOC,288.75,289.7,281.0,286.15,10029.0
2021-06-02 12:00:00,NSE:XELPMOC,286.3,287.95,285.7,286.3,817.0
2021-06-02 13:00:00,NSE:XELPMOC,287.35,288.4,286.0,287.45,468.0
2021-06-02 14:00:00,NSE:XELPMOC,287.05,287.45,283.55,285.4,1507.0
2021-06-02 15:00:00,NSE:XELPMOC,285.1,286.7,284.2,285.1,1937.0
2021-06-03 09:00:00,NSE:XELPMOC,289.75,289.75,283.65,287.4,2989.0
2021-06-03 10:00:00,NSE:XELPMOC,287.5,298.9,285.3,296.0,18371.0
2021-06-03 11:00:00,NSE:XELPMOC,295.95,295.95,291.95,293.3,3163.0
2021-06-03 12:00:00,NSE:XELPMOC,292.5,293.05,287.3,287.85,7788.0
2021-06-03 13:00:00,NSE:XELPMOC,287.65,289.15,286.05,287.7,3299.0
2021-06-03 14:00:00,NSE:XELPMOC,286.15,288.0,286.05,287.0,1975.0
2021-06-03 15:00:00,NSE:XELPMOC,287.0,289.8,284.1,289.8,5967.0
2021-06-04 09:00:00,NSE:XELPMOC,289.4,289.4,283.5,283.7,3730.0
2021-06-04 10:00:00,NSE:XELPMOC,283.9,288.4,283.75,286.9,2872.0
2021-06-04 11:00:00,NSE:XELPMOC,286.85,286.9,285.25,286.45,643.0
2021-06-04 12:00:00,NSE:XELPMOC,287.05,287.05,285.0,285.0,830.0
2021-06-04 13:00:00,NSE:XELPMOC,286.5,289.2,284.05,286.5,5096.0
2021-06-04 14:00:00,NSE:XELPMOC,286.5,288.15,285.35,288.15,1663.0
2021-06-04 15:00:00,NSE:XELPMOC,287.25,290.9,286.1,289.0,7028.0
2021-06-07 09:00:00,NSE:XELPMOC,296.0,299.5,291.2,293.45,7171.0
2021-06-07 10:00:00,NSE:XELPMOC,293.75,295.95,293.0,293.6,2109.0
2021-06-07 11:00:00,NSE:XELPMOC,293.0,295.55,293.0,294.75,2622.0
2021-06-07 12:00:00,NSE:XELPMOC,295.45,296.95,294.4,294.9,3126.0
2021-06-07 13:00:00,NSE:XELPMOC,294.9,294.9,291.2,293.85,1779.0
2021-06-07 14:00:00,NSE:XELPMOC,292.55,294.95,290.75,294.25,4147.0
2021-06-07 15:00:00,NSE:XELPMOC,294.25,295.2,292.0,295.0,2504.0
2021-06-08 09:00:00,NSE:XELPMOC,297.45,298.0,292.9,294.3,1908.0
2021-06-08 10:00:00,NSE:XELPMOC,293.85,297.9,292.55,295.0,5055.0
2021-06-08 11:00:00,NSE:XELPMOC,294.95,295.55,292.6,294.5,1107.0
2021-06-08 12:00:00,NSE:XELPMOC,294.55,294.55,292.1,293.75,2321.0
2021-06-08 13:00:00,NSE:XELPMOC,293.75,294.0,292.5,292.95,1725.0
2021-06-08 14:00:00,NSE:XELPMOC,292.95,294.0,291.55,293.0,5996.0
2021-06-08 15:00:00,NSE:XELPMOC,293.0,296.0,293.0,295.45,3650.0
2021-06-09 09:00:00,NSE:XELPMOC,295.45,300.0,294.55,295.9,8888.0
2021-06-09 10:00:00,NSE:XELPMOC,296.0,296.35,294.5,296.2,4542.0
2021-06-09 11:00:00,NSE:XELPMOC,296.0,296.95,295.2,295.5,2767.0
2021-06-09 12:00:00,NSE:XELPMOC,295.05,296.95,295.0,296.35,3265.0
2021-06-09 13:00:00,NSE:XELPMOC,296.35,296.35,290.15,291.8,11312.0
2021-06-09 14:00:00,NSE:XELPMOC,293.0,293.0,291.0,291.1,1210.0
2021-06-09 15:00:00,NSE:XELPMOC,291.4,292.0,290.25,291.25,1482.0
2021-06-10 09:00:00,NSE:XELPMOC,295.0,298.9,286.2,295.6,5248.0
2021-06-10 10:00:00,NSE:XELPMOC,295.7,297.0,292.7,295.5,2668.0
2021-06-10 11:00:00,NSE:XELPMOC,296.0,296.0,293.2,293.65,1791.0
2021-06-10 12:00:00,NSE:XELPMOC,293.55,294.25,290.0,290.8,2213.0
2021-06-10 13:00:00,NSE:XELPMOC,290.85,291.65,288.9,290.1,3785.0
2021-06-10 14:00:00,NSE:XELPMOC,290.1,290.15,287.95,288.0,4276.0
2021-06-10 15:00:00,NSE:XELPMOC,288.0,294.85,288.0,289.9,3109.0
2021-06-11 09:00:00,NSE:XELPMOC,294.95,294.95,290.05,293.5,2642.0
2021-06-11 10:00:00,NSE:XELPMOC,293.55,293.95,290.4,291.1,1529.0
2021-06-11 11:00:00,NSE:XELPMOC,290.7,291.85,290.0,290.0,1512.0
2021-06-11 12:00:00,NSE:XELPMOC,289.9,292.95,289.85,290.85,2154.0
2021-06-11 13:00:00,NSE:XELPMOC,290.8,292.8,288.5,289.95,2478.0
2021-06-11 14:00:00,NSE:XELPMOC,289.95,292.0,288.0,288.0,3282.0
2021-06-11 15:00:00,NSE:XELPMOC,289.0,291.0,286.55,286.55,2247.0
2021-06-14 09:00:00,NSE:XELPMOC,291.9,292.6,286.0,290.8,3406.0
2021-06-14 10:00:00,NSE:XELPMOC,290.5,290.95,287.55,288.05,2732.0
2021-06-14 11:00:00,NSE:XELPMOC,287.85,289.75,284.45,287.7,4192.0
2021-06-14 12:00:00,NSE:XELPMOC,288.1,290.95,285.0,288.85,4070.0
2021-06-14 13:00:00,NSE:XELPMOC,288.8,290.4,283.05,287.1,8348.0
2021-06-14 14:00:00,NSE:XELPMOC,287.95,289.0,278.0,283.0,15995.0
2021-06-14 15:00:00,NSE:XELPMOC,283.35,283.55,279.9,281.45,7662.0
2021-06-15 09:00:00,NSE:XELPMOC,285.6,288.7,282.95,284.9,5109.0
2021-06-15 10:00:00,NSE:XELPMOC,284.9,287.5,283.0,284.55,2866.0
2021-06-15 11:00:00,NSE:XELPMOC,285.4,286.0,284.6,285.1,1772.0
2021-06-15 12:00:00,NSE:XELPMOC,285.65,285.95,284.55,285.05,461.0
2021-06-15 13:00:00,NSE:XELPMOC,285.9,285.9,283.3,284.7,1412.0
2021-06-15 14:00:00,NSE:XELPMOC,284.7,284.7,281.1,283.0,2495.0
2021-06-15 15:00:00,NSE:XELPMOC,283.05,284.0,282.45,284.0,1471.0
2021-06-16 09:00:00,NSE:XELPMOC,288.0,288.0,281.5,282.0,2630.0
2021-06-16 10:00:00,NSE:XELPMOC,283.15,287.7,278.1,278.55,9290.0
2021-06-16 11:00:00,NSE:XELPMOC,279.6,281.9,278.75,279.5,4092.0
2021-06-16 12:00:00,NSE:XELPMOC,279.5,284.0,278.4,283.75,4951.0
2021-06-16 13:00:00,NSE:XELPMOC,283.75,285.85,282.65,283.85,841.0
2021-06-16 14:00:00,NSE:XELPMOC,284.75,285.45,280.0,280.65,4420.0
2021-06-16 15:00:00,NSE:XELPMOC,281.0,281.95,279.0,280.4,3403.0
2021-06-17 09:00:00,NSE:XELPMOC,285.0,285.0,277.2,281.05,3790.0
2021-06-17 10:00:00,NSE:XELPMOC,281.15,283.0,280.85,281.45,3638.0
2021-06-17 11:00:00,NSE:XELPMOC,281.45,282.0,280.0,280.0,2662.0
2021-06-17 12:00:00,NSE:XELPMOC,280.9,281.5,278.0,280.05,2400.0
2021-06-17 13:00:00,NSE:XELPMOC,280.85,280.85,277.2,277.8,3061.0
2021-06-17 14:00:00,NSE:XELPMOC,278.0,278.85,265.5,273.85,14647.0
2021-06-17 15:00:00,NSE:XELPMOC,273.85,275.8,272.25,274.3,3879.0
2021-06-18 09:00:00,NSE:XELPMOC,279.9,279.9,273.0,274.6,4667.0
2021-06-18 10:00:00,NSE:XELPMOC,274.95,277.0,260.25,268.6,8121.0
2021-06-18 11:00:00,NSE:XELPMOC,265.7,269.9,265.0,267.65,6420.0
2021-06-18 12:00:00,NSE:XELPMOC,267.65,275.8,267.45,273.0,3204.0
2021-06-18 13:00:00,NSE:XELPMOC,272.75,274.9,271.45,273.0,2064.0
2021-06-18 14:00:00,NSE:XELPMOC,273.0,273.5,271.2,273.0,2783.0
2021-06-18 15:00:00,NSE:XELPMOC,272.85,273.5,270.0,271.35,2812.0
2021-06-21 09:00:00,NSE:XELPMOC,271.35,279.6,266.95,272.9,5576.0
2021-06-21 10:00:00,NSE:XELPMOC,272.55,276.1,272.55,274.4,3223.0
2021-06-21 11:00:00,NSE:XELPMOC,274.3,276.5,274.3,276.5,1608.0
2021-06-21 12:00:00,NSE:XELPMOC,276.4,276.5,273.0,274.0,1634.0
2021-06-21 13:00:00,NSE:XELPMOC,271.9,275.05,270.0,274.9,2776.0
2021-06-21 14:00:00,NSE:XELPMOC,274.9,275.85,273.25,274.0,1192.0
2021-06-21 15:00:00,NSE:XELPMOC,274.35,275.0,273.25,275.0,1779.0
2021-06-22 09:00:00,NSE:XELPMOC,276.5,280.0,274.2,274.5,3559.0
2021-06-22 10:00:00,NSE:XELPMOC,273.95,278.9,272.05,277.4,11990.0
2021-06-22 11:00:00,NSE:XELPMOC,276.15,276.25,272.0,274.45,4976.0
2021-06-22 12:00:00,NSE:XELPMOC,274.5,276.0,272.1,276.0,5416.0
2021-06-22 13:00:00,NSE:XELPMOC,276.0,278.8,272.7,274.25,2378.0
2021-06-22 14:00:00,NSE:XELPMOC,274.0,276.85,272.15,273.3,4957.0
2021-06-22 15:00:00,NSE:XELPMOC,273.8,275.0,272.5,275.0,2135.0
2021-06-23 09:00:00,NSE:XELPMOC,279.0,279.0,273.05,276.0,3892.0
2021-06-23 10:00:00,NSE:XELPMOC,276.25,278.95,275.1,278.95,3321.0
2021-06-23 11:00:00,NSE:XELPMOC,278.95,306.3,278.75,298.1,63111.0
2021-06-23 12:00:00,NSE:XELPMOC,297.4,327.9,297.15,325.9,147656.0
2021-06-23 13:00:00,NSE:XELPMOC,325.9,327.9,315.3,327.9,71782.0
2021-06-23 14:00:00,NSE:XELPMOC,327.9,327.9,327.9,327.9,9100.0
2021-06-23 15:00:00,NSE:XELPMOC,327.9,327.9,327.9,327.9,7644.0
2021-06-24 09:00:00,NSE:XELPMOC,340.0,354.3,317.0,336.45,239976.0
2021-06-24 10:00:00,NSE:XELPMOC,336.5,338.45,322.0,328.5,45899.0
2021-06-24 11:00:00,NSE:XELPMOC,328.55,333.25,320.5,332.5,19768.0
2021-06-24 12:00:00,NSE:XELPMOC,332.5,337.8,327.0,331.95,38002.0
2021-06-24 13:00:00,NSE:XELPMOC,331.95,331.95,319.15,325.0,15746.0
2021-06-24 14:00:00,NSE:XELPMOC,323.8,325.95,314.1,321.15,20544.0
2021-06-24 15:00:00,NSE:XELPMOC,321.05,324.9,312.55,318.1,20637.0
2021-06-25 09:00:00,NSE:XELPMOC,337.0,337.0,325.85,330.0,24011.0
2021-06-25 10:00:00,NSE:XELPMOC,329.9,330.0,291.2,314.55,23906.0
2021-06-25 11:00:00,NSE:XELPMOC,315.35,319.75,312.1,316.0,9863.0
2021-06-25 12:00:00,NSE:XELPMOC,315.5,318.8,313.95,317.1,4371.0
2021-06-25 13:00:00,NSE:XELPMOC,317.25,317.25,313.0,313.05,3219.0
2021-06-25 14:00:00,NSE:XELPMOC,313.0,313.75,299.25,303.0,22354.0
2021-06-25 15:00:00,NSE:XELPMOC,303.55,307.05,302.0,305.8,9474.0
2021-06-28 09:00:00,NSE:XELPMOC,309.4,318.0,301.45,304.5,9833.0
2021-06-28 10:00:00,NSE:XELPMOC,304.75,307.6,303.5,306.65,9862.0
2021-06-28 11:00:00,NSE:XELPMOC,307.15,310.0,295.55,302.4,11124.0
2021-06-28 12:00:00,NSE:XELPMOC,303.2,308.0,303.05,305.3,3371.0
2021-06-28 13:00:00,NSE:XELPMOC,305.4,307.9,303.2,305.8,2374.0
2021-06-28 14:00:00,NSE:XELPMOC,306.9,307.5,303.35,305.9,5319.0
2021-06-28 15:00:00,NSE:XELPMOC,306.3,307.0,304.2,306.1,2848.0
2021-06-29 09:00:00,NSE:XELPMOC,306.1,315.0,301.35,309.0,7633.0
2021-06-29 10:00:00,NSE:XELPMOC,309.0,313.75,301.2,309.3,10867.0
2021-06-29 11:00:00,NSE:XELPMOC,308.6,310.0,307.1,309.3,3073.0
2021-06-29 12:00:00,NSE:XELPMOC,309.15,311.8,307.5,311.8,2219.0
2021-06-29 13:00:00,NSE:XELPMOC,310.3,311.25,307.6,308.0,2879.0
2021-06-29 14:00:00,NSE:XELPMOC,308.0,310.1,306.55,308.15,2784.0
2021-06-29 15:00:00,NSE:XELPMOC,308.55,308.55,302.1,307.2,3222.0
2021-06-30 09:00:00,NSE:XELPMOC,311.75,315.95,306.95,310.0,3229.0
2021-06-30 10:00:00,NSE:XELPMOC,310.0,334.0,308.75,328.0,54302.0
2021-06-30 11:00:00,NSE:XELPMOC,327.4,333.0,325.8,327.0,15898.0
2021-06-30 12:00:00,NSE:XELPMOC,327.0,328.0,326.0,326.5,5249.0
2021-06-30 13:00:00,NSE:XELPMOC,327.0,327.0,316.95,320.8,10784.0
2021-06-30 14:00:00,NSE:XELPMOC,319.9,323.35,317.25,318.75,4376.0
2021-06-30 15:00:00,NSE:XELPMOC,318.0,319.35,315.2,318.45,5207.0
2021-07-01 09:00:00,NSE:XELPMOC,321.2,336.0,321.05,326.65,13667.0
2021-07-01 10:00:00,NSE:XELPMOC,326.6,334.15,325.0,327.9,15706.0
2021-07-01 11:00:00,NSE:XELPMOC,327.15,331.0,324.65,329.75,13748.0
2021-07-01 12:00:00,NSE:XELPMOC,328.55,331.0,328.55,331.0,4458.0
2021-07-01 13:00:00,NSE:XELPMOC,331.0,334.45,329.0,330.9,6053.0
2021-07-01 14:00:00,NSE:XELPMOC,331.5,331.5,328.0,328.05,3187.0
2021-07-01 15:00:00,NSE:XELPMOC,328.05,330.9,325.2,326.6,6535.0
2021-07-02 09:00:00,NSE:XELPMOC,335.0,346.95,328.0,333.95,19578.0
2021-07-02 10:00:00,NSE:XELPMOC,333.0,341.0,327.5,339.0,33712.0
2021-07-02 11:00:00,NSE:XELPMOC,338.95,343.3,335.25,337.45,29048.0
2021-07-02 12:00:00,NSE:XELPMOC,338.7,344.95,336.05,338.0,23227.0
2021-07-02 13:00:00,NSE:XELPMOC,338.2,346.0,336.95,340.9,12939.0
2021-07-02 14:00:00,NSE:XELPMOC,341.0,343.95,338.0,340.0,12914.0
2021-07-02 15:00:00,NSE:XELPMOC,339.4,341.9,335.0,337.9,11655.0
2021-07-05 09:00:00,NSE:XELPMOC,340.0,365.9,340.0,360.25,73627.0
2021-07-05 10:00:00,NSE:XELPMOC,361.8,401.0,356.4,399.95,153300.0
2021-07-05 11:00:00,NSE:XELPMOC,399.9,407.85,391.1,407.85,70403.0
2021-07-05 12:00:00,NSE:XELPMOC,407.85,407.85,407.85,407.85,1219.0
2021-07-05 13:00:00,NSE:XELPMOC,407.85,407.85,407.85,407.85,1411.0
2021-07-05 14:00:00,NSE:XELPMOC,407.85,407.85,407.85,407.85,680.0
2021-07-05 15:00:00,NSE:XELPMOC,407.85,407.85,407.85,407.85,760.0
2021-07-06 09:00:00,NSE:XELPMOC,430.0,484.0,416.05,469.8,510071.0
2021-07-06 10:00:00,NSE:XELPMOC,468.95,468.95,442.05,459.0,169385.0
2021-07-06 11:00:00,NSE:XELPMOC,459.0,460.5,450.1,454.0,39311.0
2021-07-06 12:00:00,NSE:XELPMOC,454.05,457.9,452.0,452.5,25713.0
2021-07-06 13:00:00,NSE:XELPMOC,452.5,464.0,435.85,455.25,96071.0
2021-07-06 14:00:00,NSE:XELPMOC,455.0,463.0,440.0,444.05,76333.0
2021-07-06 15:00:00,NSE:XELPMOC,444.0,449.3,440.5,443.45,37676.0
2021-07-07 09:00:00,NSE:XELPMOC,447.8,465.0,432.0,457.0,125034.0
2021-07-07 10:00:00,NSE:XELPMOC,457.2,462.9,451.2,453.05,37354.0
2021-07-07 11:00:00,NSE:XELPMOC,453.9,456.75,450.05,454.35,7265.0
2021-07-07 12:00:00,NSE:XELPMOC,452.95,460.0,450.0,453.1,11859.0
2021-07-07 13:00:00,NSE:XELPMOC,453.0,461.0,451.0,455.75,13552.0
2021-07-07 14:00:00,NSE:XELPMOC,455.75,460.9,450.25,452.0,21900.0
2021-07-07 15:00:00,NSE:XELPMOC,452.4,458.95,445.5,454.65,14839.0
2021-07-08 09:00:00,NSE:XELPMOC,456.9,456.9,440.0,444.75,18675.0
2021-07-08 10:00:00,NSE:XELPMOC,444.9,448.5,435.25,436.65,19563.0
2021-07-08 11:00:00,NSE:XELPMOC,436.6,445.0,435.0,441.95,9575.0
2021-07-08 12:00:00,NSE:XELPMOC,442.0,445.9,442.0,443.45,2659.0
2021-07-08 13:00:00,NSE:XELPMOC,442.0,447.85,441.5,443.0,6037.0
2021-07-08 14:00:00,NSE:XELPMOC,443.7,444.95,432.65,438.0,16519.0
2021-07-08 15:00:00,NSE:XELPMOC,437.95,439.0,431.0,432.9,6521.0
2021-07-09 09:00:00,NSE:XELPMOC,432.0,432.05,415.75,424.85,19130.0
2021-07-09 10:00:00,NSE:XELPMOC,424.75,442.95,421.05,433.75,28514.0
2021-07-09 11:00:00,NSE:XELPMOC,433.75,451.0,429.2,442.2,20858.0
2021-07-09 12:00:00,NSE:XELPMOC,443.65,443.65,435.0,440.6,10745.0
2021-07-09 13:00:00,NSE:XELPMOC,441.05,441.5,438.0,439.95,1495.0
2021-07-09 14:00:00,NSE:XELPMOC,439.95,447.0,438.25,440.95,7523.0
2021-07-09 15:00:00,NSE:XELPMOC,439.0,445.9,434.1,440.15,11835.0
2021-07-12 09:00:00,NSE:XELPMOC,446.85,468.9,444.5,468.4,59786.0
2021-07-12 10:00:00,NSE:XELPMOC,467.4,483.7,466.35,483.7,79161.0
2021-07-12 11:00:00,NSE:XELPMOC,483.7,483.7,483.7,483.7,4079.0
2021-07-12 12:00:00,NSE:XELPMOC,483.7,483.7,483.7,483.7,2818.0
2021-07-12 13:00:00,NSE:XELPMOC,483.7,483.7,474.0,483.7,58789.0
2021-07-12 14:00:00,NSE:XELPMOC,483.7,483.7,483.7,483.7,3826.0
2021-07-12 15:00:00,NSE:XELPMOC,483.7,483.7,483.7,483.7,5859.0
2021-07-13 09:00:00,NSE:XELPMOC,505.0,513.0,480.5,482.35,89591.0
2021-07-13 10:00:00,NSE:XELPMOC,482.7,483.0,455.45,467.95,49120.0
2021-07-13 11:00:00,NSE:XELPMOC,467.55,469.95,456.55,468.9,11510.0
2021-07-13 12:00:00,NSE:XELPMOC,469.95,477.0,466.85,472.65,12287.0
2021-07-13 13:00:00,NSE:XELPMOC,471.7,474.2,462.65,467.3,8743.0
2021-07-13 14:00:00,NSE:XELPMOC,468.0,469.9,461.9,466.45,11765.0
2021-07-13 15:00:00,NSE:XELPMOC,465.95,468.95,460.5,463.9,12166.0
2021-07-14 09:00:00,NSE:XELPMOC,477.5,478.0,451.55,463.7,22398.0
2021-07-14 10:00:00,NSE:XELPMOC,465.25,465.25,455.45,462.45,7057.0
2021-07-14 11:00:00,NSE:XELPMOC,461.95,463.8,458.55,461.8,3221.0
2021-07-14 12:00:00,NSE:XELPMOC,461.85,472.0,461.85,469.9,6152.0
2021-07-14 13:00:00,NSE:XELPMOC,469.9,472.0,465.6,467.4,3489.0
2021-07-14 14:00:00,NSE:XELPMOC,467.4,485.0,464.65,475.0,24058.0
2021-07-14 15:00:00,NSE:XELPMOC,474.9,475.9,467.0,471.4,5555.0
2021-07-15 09:00:00,NSE:XELPMOC,483.0,483.0,452.65,461.95,21105.0
2021-07-15 10:00:00,NSE:XELPMOC,461.9,464.95,457.35,462.0,9111.0
2021-07-15 11:00:00,NSE:XELPMOC,461.65,464.6,453.1,455.0,16728.0
2021-07-15 12:00:00,NSE:XELPMOC,455.25,459.85,455.25,457.35,3578.0
2021-07-15 13:00:00,NSE:XELPMOC,458.0,464.0,456.45,462.25,3851.0
2021-07-15 14:00:00,NSE:XELPMOC,463.2,463.25,438.1,447.85,24872.0
2021-07-15 15:00:00,NSE:XELPMOC,447.85,448.0,438.25,443.65,11139.0
2021-07-16 09:00:00,NSE:XELPMOC,450.0,470.0,448.0,454.0,45293.0
2021-07-16 10:00:00,NSE:XELPMOC,451.15,458.05,450.25,450.55,9792.0
2021-07-16 11:00:00,NSE:XELPMOC,451.9,454.4,451.9,453.15,2311.0
2021-07-16 12:00:00,NSE:XELPMOC,452.1,453.45,440.3,444.35,11546.0
2021-07-16 13:00:00,NSE:XELPMOC,444.35,455.0,443.1,450.8,8995.0
2021-07-16 14:00:00,NSE:XELPMOC,450.8,452.0,445.5,447.4,6612.0
2021-07-16 15:00:00,NSE:XELPMOC,448.0,459.6,445.25,451.05,13043.0
2021-07-19 09:00:00,NSE:XELPMOC,441.15,469.0,441.15,454.0,17474.0
2021-07-19 10:00:00,NSE:XELPMOC,454.45,456.9,448.4,448.4,7121.0
2021-07-19 11:00:00,NSE:XELPMOC,448.4,453.35,448.0,452.0,4381.0
2021-07-19 12:00:00,NSE:XELPMOC,452.0,455.35,448.0,449.35,3026.0
2021-07-19 13:00:00,NSE:XELPMOC,448.95,449.8,443.35,447.75,2649.0
2021-07-19 14:00:00,NSE:XELPMOC,447.85,451.3,444.6,450.0,4996.0
2021-07-19 15:00:00,NSE:XELPMOC,450.5,456.0,446.1,450.0,8482.0
2021-07-20 09:00:00,NSE:XELPMOC,450.0,450.0,430.55,430.55,2804.0
2021-07-20 10:00:00,NSE:XELPMOC,439.2,441.95,429.8,429.8,6344.0
2021-07-20 11:00:00,NSE:XELPMOC,429.8,440.0,429.8,431.2,3573.0
2021-07-20 12:00:00,NSE:XELPMOC,438.95,438.95,429.8,435.0,1503.0
2021-07-20 13:00:00,NSE:XELPMOC,435.0,435.0,430.0,434.85,660.0
2021-07-20 14:00:00,NSE:XELPMOC,434.85,435.0,429.8,432.45,4568.0
2021-07-20 15:00:00,NSE:XELPMOC,432.45,432.45,429.8,429.8,1792.0
2021-07-22 09:00:00,NSE:XELPMOC,439.0,444.45,421.0,429.75,6215.0
2021-07-22 10:00:00,NSE:XELPMOC,425.0,430.0,420.0,425.85,1761.0
2021-07-22 11:00:00,NSE:XELPMOC,426.0,430.0,415.0,430.0,4854.0
2021-07-22 12:00:00,NSE:XELPMOC,418.05,430.0,418.05,421.0,1015.0
2021-07-22 13:00:00,NSE:XELPMOC,421.0,423.0,418.2,418.2,1042.0
2021-07-22 14:00:00,NSE:XELPMOC,423.0,429.0,418.2,425.0,2125.0
2021-07-22 15:00:00,NSE:XELPMOC,418.35,425.0,415.0,423.0,1819.0
2021-07-23 09:00:00,NSE:XELPMOC,423.0,426.0,419.0,423.0,1959.0
2021-07-23 10:00:00,NSE:XELPMOC,423.0,424.9,420.0,424.85,767.0
2021-07-23 11:00:00,NSE:XELPMOC,420.0,424.85,420.0,424.0,735.0
2021-07-23 12:00:00,NSE:XELPMOC,424.0,429.0,420.0,429.0,1297.0
2021-07-23 13:00:00,NSE:XELPMOC,431.0,432.6,425.0,425.0,1592.0
2021-07-23 14:00:00,NSE:XELPMOC,426.0,429.8,425.0,429.5,841.0
2021-07-23 15:00:00,NSE:XELPMOC,426.0,429.8,425.0,429.0,1396.0
2021-07-26 09:00:00,NSE:XELPMOC,428.2,435.0,415.0,421.0,2972.0
2021-07-26 10:00:00,NSE:XELPMOC,421.0,432.0,421.0,421.5,1750.0
2021-07-26 11:00:00,NSE:XELPMOC,431.0,432.0,421.0,425.0,1435.0
2021-07-26 12:00:00,NSE:XELPMOC,425.0,429.9,421.2,429.5,996.0
2021-07-26 13:00:00,NSE:XELPMOC,429.0,429.0,420.1,428.85,814.0
2021-07-26 14:00:00,NSE:XELPMOC,428.85,428.85,423.95,427.0,315.0
2021-07-26 15:00:00,NSE:XELPMOC,423.55,429.0,421.0,421.5,773.0
2021-07-27 09:00:00,NSE:XELPMOC,421.5,431.7,421.0,427.2,1697.0
2021-07-27 10:00:00,NSE:XELPMOC,429.9,435.0,422.0,434.0,2082.0
2021-07-27 11:00:00,NSE:XELPMOC,432.05,432.05,422.0,430.1,1051.0
2021-07-27 12:00:00,NSE:XELPMOC,425.0,430.1,416.0,427.95,3622.0
2021-07-27 13:00:00,NSE:XELPMOC,427.25,427.45,420.0,420.05,566.0
2021-07-27 14:00:00,NSE:XELPMOC,425.0,425.0,416.0,420.0,580.0
2021-07-27 15:00:00,NSE:XELPMOC,418.0,420.0,410.0,414.85,1389.0
2021-07-28 09:00:00,NSE:XELPMOC,415.05,424.35,405.0,418.95,3079.0
2021-07-28 10:00:00,NSE:XELPMOC,406.0,418.0,402.0,414.95,2401.0
2021-07-28 11:00:00,NSE:XELPMOC,410.9,418.0,405.55,409.95,890.0
2021-07-28 12:00:00,NSE:XELPMOC,409.95,416.85,406.45,416.5,819.0
2021-07-28 13:00:00,NSE:XELPMOC,412.0,417.85,412.0,412.0,385.0
2021-07-28 14:00:00,NSE:XELPMOC,408.0,416.65,407.0,414.0,2052.0
2021-07-28 15:00:00,NSE:XELPMOC,410.0,414.0,407.3,410.85,1676.0
2021-07-29 09:00:00,NSE:XELPMOC,423.2,423.2,410.0,420.0,2970.0
2021-07-29 10:00:00,NSE:XELPMOC,411.05,419.75,411.05,419.0,1649.0
2021-07-29 11:00:00,NSE:XELPMOC,417.95,417.95,411.6,415.0,161.0
2021-07-29 12:00:00,NSE:XELPMOC,415.0,415.0,407.0,414.0,2445.0
2021-07-29 13:00:00,NSE:XELPMOC,410.0,415.0,408.5,414.95,1257.0
2021-07-29 14:00:00,NSE:XELPMOC,409.0,415.0,409.0,409.0,690.0
2021-07-29 15:00:00,NSE:XELPMOC,409.0,413.0,406.0,409.0,3920.0
2021-07-30 09:00:00,NSE:XELPMOC,406.0,416.0,405.0,411.85,531.0
2021-07-30 10:00:00,NSE:XELPMOC,411.0,413.9,408.1,408.1,601.0
2021-07-30 11:00:00,NSE:XELPMOC,408.15,415.0,408.15,414.0,343.0
2021-07-30 12:00:00,NSE:XELPMOC,414.0,419.0,410.0,418.9,263.0
2021-07-30 13:00:00,NSE:XELPMOC,418.9,420.0,410.0,410.0,1046.0
2021-07-30 14:00:00,NSE:XELPMOC,419.95,419.95,408.0,408.0,1927.0
2021-07-30 15:00:00,NSE:XELPMOC,418.0,418.0,406.0,408.55,918.0
