datetime,symbol,open,high,low,close,volume
2021-05-25 13:40:00,NSE:DCW,38.5,38.5,38.35,38.4,6368.0
2021-05-25 13:41:00,NSE:DCW,38.4,38.4,38.4,38.4,5251.0
2021-05-25 13:42:00,NSE:DCW,38.5,38.5,38.45,38.45,2093.0
2021-05-25 13:43:00,NSE:DCW,38.45,38.5,38.4,38.4,2727.0
2021-05-25 13:44:00,NSE:DCW,38.4,38.5,38.4,38.45,2393.0
2021-05-25 13:45:00,NSE:DCW,38.4,38.4,38.3,38.3,5537.0
2021-05-25 13:46:00,NSE:DCW,38.3,38.4,38.3,38.3,4480.0
2021-05-25 13:47:00,NSE:DCW,38.4,38.4,38.35,38.4,13848.0
2021-05-25 13:48:00,NSE:DCW,38.35,38.4,38.35,38.4,1816.0
2021-05-25 13:49:00,NSE:DCW,38.4,38.45,38.4,38.45,3552.0
2021-05-25 13:50:00,NSE:DCW,38.45,38.45,38.4,38.4,472.0
2021-05-25 13:51:00,NSE:DCW,38.4,38.45,38.3,38.3,4260.0
2021-05-25 13:52:00,NSE:DCW,38.3,38.35,38.3,38.35,4708.0
2021-05-25 13:53:00,NSE:DCW,38.35,38.35,38.3,38.35,6722.0
2021-05-25 13:54:00,NSE:DCW,38.3,38.35,38.3,38.35,3705.0
2021-05-25 13:55:00,NSE:DCW,38.4,38.4,38.35,38.35,1601.0
2021-05-25 13:56:00,NSE:DCW,38.4,38.4,38.35,38.35,5575.0
2021-05-25 13:57:00,NSE:DCW,38.4,38.45,38.35,38.4,14994.0
2021-05-25 13:58:00,NSE:DCW,38.4,38.4,38.35,38.4,8111.0
2021-05-25 13:59:00,NSE:DCW,38.4,38.5,38.4,38.5,1323.0
2021-05-25 14:00:00,NSE:DCW,38.5,38.5,38.45,38.5,834.0
2021-05-25 14:01:00,NSE:DCW,38.5,38.5,38.45,38.5,19698.0
2021-05-25 14:02:00,NSE:DCW,38.5,38.5,38.45,38.45,1296.0
2021-05-25 14:03:00,NSE:DCW,38.45,38.45,38.4,38.45,2159.0
2021-05-25 14:04:00,NSE:DCW,38.45,38.5,38.4,38.4,4898.0
2021-05-25 14:05:00,NSE:DCW,38.4,38.45,38.4,38.45,4206.0
2021-05-25 14:06:00,NSE:DCW,38.45,38.45,38.45,38.45,1321.0
2021-05-25 14:07:00,NSE:DCW,38.5,38.5,38.45,38.45,1430.0
2021-05-25 14:08:00,NSE:DCW,38.5,38.5,38.5,38.5,6756.0
2021-05-25 14:09:00,NSE:DCW,38.45,38.55,38.45,38.55,11787.0
2021-05-25 14:10:00,NSE:DCW,38.55,38.6,38.55,38.6,1721.0
2021-05-25 14:11:00,NSE:DCW,38.6,38.6,38.55,38.55,3306.0
2021-05-25 14:12:00,NSE:DCW,38.55,38.55,38.5,38.5,3261.0
2021-05-25 14:13:00,NSE:DCW,38.55,38.55,38.45,38.45,3861.0
2021-05-25 14:14:00,NSE:DCW,38.45,38.5,38.45,38.45,6578.0
2021-05-25 14:15:00,NSE:DCW,38.45,38.45,38.4,38.45,5680.0
2021-05-25 14:16:00,NSE:DCW,38.4,38.4,38.35,38.35,4248.0
2021-05-25 14:17:00,NSE:DCW,38.35,38.4,38.35,38.35,1510.0
2021-05-25 14:18:00,NSE:DCW,38.45,38.45,38.35,38.35,1001.0
2021-05-25 14:19:00,NSE:DCW,38.4,38.45,38.4,38.4,1878.0
2021-05-25 14:20:00,NSE:DCW,38.4,38.5,38.35,38.35,13902.0
2021-05-25 14:21:00,NSE:DCW,38.45,38.45,38.35,38.35,306.0
2021-05-25 14:22:00,NSE:DCW,38.4,38.45,38.4,38.45,1606.0
2021-05-25 14:23:00,NSE:DCW,38.4,38.45,38.4,38.4,4627.0
2021-05-25 14:24:00,NSE:DCW,38.4,38.4,38.35,38.4,663.0
2021-05-25 14:25:00,NSE:DCW,38.35,38.4,38.35,38.4,3002.0
2021-05-25 14:26:00,NSE:DCW,38.35,38.4,38.35,38.4,4335.0
2021-05-25 14:27:00,NSE:DCW,38.35,38.35,38.35,38.35,300.0
2021-05-25 14:28:00,NSE:DCW,38.35,38.35,38.25,38.35,17605.0
2021-05-25 14:29:00,NSE:DCW,38.25,38.3,38.25,38.3,2385.0
2021-05-25 14:30:00,NSE:DCW,38.3,38.4,38.3,38.35,14701.0
2021-05-25 14:31:00,NSE:DCW,38.35,38.5,38.35,38.5,27355.0
2021-05-25 14:32:00,NSE:DCW,38.5,38.5,38.45,38.45,3930.0
2021-05-25 14:33:00,NSE:DCW,38.5,38.55,38.5,38.55,4414.0
2021-05-25 14:34:00,NSE:DCW,38.55,38.9,38.55,38.75,84912.0
2021-05-25 14:35:00,NSE:DCW,38.75,39.1,38.75,38.85,245382.0
2021-05-25 14:36:00,NSE:DCW,38.8,38.9,38.8,38.8,34950.0
2021-05-25 14:37:00,NSE:DCW,38.8,38.8,38.75,38.8,6996.0
2021-05-25 14:38:00,NSE:DCW,38.75,38.75,38.65,38.65,16024.0
2021-05-25 14:39:00,NSE:DCW,38.7,38.7,38.65,38.7,2206.0
2021-05-25 14:40:00,NSE:DCW,38.7,38.7,38.55,38.65,5959.0
2021-05-25 14:41:00,NSE:DCW,38.65,38.65,38.65,38.65,2984.0
2021-05-25 14:42:00,NSE:DCW,38.65,38.7,38.6,38.6,2721.0
2021-05-25 14:43:00,NSE:DCW,38.6,38.7,38.5,38.7,39129.0
2021-05-25 14:44:00,NSE:DCW,38.65,38.65,38.6,38.6,22661.0
2021-05-25 14:45:00,NSE:DCW,38.55,38.6,38.55,38.55,4362.0
2021-05-25 14:46:00,NSE:DCW,38.6,38.75,38.6,38.75,5632.0
2021-05-25 14:47:00,NSE:DCW,38.75,38.75,38.6,38.7,2571.0
2021-05-25 14:48:00,NSE:DCW,38.75,38.75,38.65,38.7,2391.0
2021-05-25 14:49:00,NSE:DCW,38.7,38.75,38.7,38.75,5012.0
2021-05-25 14:50:00,NSE:DCW,38.7,38.75,38.7,38.7,3226.0
2021-05-25 14:51:00,NSE:DCW,38.7,38.7,38.65,38.7,6981.0
2021-05-25 14:52:00,NSE:DCW,38.7,38.7,38.6,38.6,6301.0
2021-05-25 14:53:00,NSE:DCW,38.65,38.7,38.6,38.6,4762.0
2021-05-25 14:54:00,NSE:DCW,38.6,38.6,38.55,38.55,13775.0
2021-05-25 14:55:00,NSE:DCW,38.6,38.6,38.55,38.55,4836.0
2021-05-25 14:56:00,NSE:DCW,38.55,38.55,38.5,38.5,11503.0
2021-05-25 14:57:00,NSE:DCW,38.5,38.5,38.45,38.45,1887.0
2021-05-25 14:58:00,NSE:DCW,38.45,38.6,38.45,38.6,8940.0
2021-05-25 14:59:00,NSE:DCW,38.6,38.6,38.45,38.45,8833.0
2021-05-25 15:00:00,NSE:DCW,38.45,38.55,38.45,38.55,2508.0
2021-05-25 15:01:00,NSE:DCW,38.55,38.6,38.45,38.5,5371.0
2021-05-25 15:02:00,NSE:DCW,38.6,38.6,38.5,38.6,1707.0
2021-05-25 15:03:00,NSE:DCW,38.5,38.6,38.5,38.6,13870.0
2021-05-25 15:04:00,NSE:DCW,38.5,38.6,38.5,38.5,1525.0
2021-05-25 15:05:00,NSE:DCW,38.6,38.65,38.55,38.65,11200.0
2021-05-25 15:06:00,NSE:DCW,38.6,38.65,38.55,38.6,3279.0
2021-05-25 15:07:00,NSE:DCW,38.6,38.65,38.55,38.55,3229.0
2021-05-25 15:08:00,NSE:DCW,38.55,38.65,38.55,38.65,13683.0
2021-05-25 15:09:00,NSE:DCW,38.6,38.65,38.55,38.55,4293.0
2021-05-25 15:10:00,NSE:DCW,38.6,38.65,38.5,38.6,37076.0
2021-05-25 15:11:00,NSE:DCW,38.65,38.65,38.6,38.6,17985.0
2021-05-25 15:12:00,NSE:DCW,38.6,38.65,38.6,38.6,16487.0
2021-05-25 15:13:00,NSE:DCW,38.6,38.65,38.6,38.6,36524.0
2021-05-25 15:14:00,NSE:DCW,38.65,38.7,38.65,38.65,14470.0
2021-05-25 15:15:00,NSE:DCW,38.7,38.7,38.6,38.6,17045.0
2021-05-25 15:16:00,NSE:DCW,38.65,38.65,38.6,38.6,23362.0
2021-05-25 15:17:00,NSE:DCW,38.65,38.65,38.6,38.65,17070.0
2021-05-25 15:18:00,NSE:DCW,38.6,38.75,38.55,38.65,175772.0
2021-05-25 15:19:00,NSE:DCW,38.7,38.75,38.65,38.7,10923.0
2021-05-25 15:20:00,NSE:DCW,38.7,38.75,38.7,38.7,24458.0
2021-05-25 15:21:00,NSE:DCW,38.75,38.8,38.7,38.8,35248.0
2021-05-25 15:22:00,NSE:DCW,38.8,38.85,38.75,38.8,57996.0
2021-05-25 15:23:00,NSE:DCW,38.75,38.85,38.75,38.85,22232.0
2021-05-25 15:24:00,NSE:DCW,38.8,38.9,38.8,38.8,45140.0
2021-05-25 15:25:00,NSE:DCW,38.85,38.95,38.85,38.9,43586.0
2021-05-25 15:26:00,NSE:DCW,38.85,38.95,38.8,38.95,38296.0
2021-05-25 15:27:00,NSE:DCW,38.95,38.95,38.85,38.9,47080.0
2021-05-25 15:28:00,NSE:DCW,38.9,38.9,38.8,38.85,42511.0
2021-05-25 15:29:00,NSE:DCW,38.8,38.95,38.75,38.9,53095.0
2021-05-25 15:30:00,NSE:DCW,38.9,38.9,38.9,38.9,1325.0
2021-05-25 15:40:00,NSE:DCW,38.75,38.75,38.75,38.75,5500.0
2021-05-25 15:41:00,NSE:DCW,38.75,38.75,38.75,38.75,115.0
2021-05-25 15:42:00,NSE:DCW,38.75,38.9,38.75,38.9,550.0
2021-05-25 15:43:00,NSE:DCW,38.75,38.75,38.75,38.75,10.0
2021-05-25 15:44:00,NSE:DCW,38.75,38.9,38.75,38.9,100.0
2021-05-25 15:47:00,NSE:DCW,38.75,38.75,38.75,38.75,5.0
2021-05-25 15:49:00,NSE:DCW,38.75,38.75,38.75,38.75,51.0
2021-05-25 15:58:00,NSE:DCW,38.75,38.75,38.75,38.75,100.0
2021-05-25 15:59:00,NSE:DCW,38.75,38.75,38.75,38.75,1000.0
2021-05-26 09:07:00,NSE:DCW,38.9,38.9,38.9,38.9,14232.0
2021-05-26 09:15:00,NSE:DCW,38.95,39.05,38.6,38.75,40850.0
2021-05-26 09:16:00,NSE:DCW,38.9,38.95,38.8,38.9,17949.0
2021-05-26 09:17:00,NSE:DCW,38.95,39.0,38.5,38.95,73359.0
2021-05-26 09:18:00,NSE:DCW,38.95,39.35,38.85,39.3,70173.0
2021-05-26 09:19:00,NSE:DCW,39.3,39.45,39.3,39.35,88151.0
2021-05-26 09:20:00,NSE:DCW,39.35,39.75,39.35,39.7,134463.0
2021-05-26 09:21:00,NSE:DCW,39.7,39.9,39.7,39.85,88854.0
2021-05-26 09:22:00,NSE:DCW,39.85,39.95,39.8,39.9,104213.0
2021-05-26 09:23:00,NSE:DCW,39.9,39.9,39.6,39.6,74387.0
2021-05-26 09:24:00,NSE:DCW,39.75,39.75,39.5,39.65,84915.0
2021-05-26 09:25:00,NSE:DCW,39.7,39.8,39.7,39.7,28683.0
2021-05-26 09:26:00,NSE:DCW,39.7,39.7,39.5,39.55,23121.0
2021-05-26 09:27:00,NSE:DCW,39.6,39.75,39.5,39.75,57746.0
2021-05-26 09:28:00,NSE:DCW,39.7,39.7,39.6,39.65,25078.0
2021-05-26 09:29:00,NSE:DCW,39.65,39.7,39.55,39.55,9723.0
2021-05-26 09:30:00,NSE:DCW,39.65,39.65,39.5,39.5,7555.0
2021-05-26 09:31:00,NSE:DCW,39.5,39.5,39.4,39.4,10699.0
2021-05-26 09:32:00,NSE:DCW,39.4,39.4,39.3,39.4,30888.0
2021-05-26 09:33:00,NSE:DCW,39.35,39.5,39.35,39.5,12407.0
2021-05-26 09:34:00,NSE:DCW,39.5,39.5,39.4,39.4,9053.0
2021-05-26 09:35:00,NSE:DCW,39.45,39.45,39.35,39.35,5497.0
2021-05-26 09:36:00,NSE:DCW,39.4,39.45,39.35,39.4,11848.0
2021-05-26 09:37:00,NSE:DCW,39.45,39.45,39.4,39.4,6736.0
2021-05-26 09:38:00,NSE:DCW,39.4,39.45,39.35,39.4,10714.0
2021-05-26 09:39:00,NSE:DCW,39.35,39.35,39.15,39.35,51051.0
2021-05-26 09:40:00,NSE:DCW,39.3,39.35,39.2,39.2,13064.0
2021-05-26 09:41:00,NSE:DCW,39.2,39.2,39.1,39.1,11077.0
2021-05-26 09:42:00,NSE:DCW,39.15,39.2,39.1,39.1,8943.0
2021-05-26 09:43:00,NSE:DCW,39.1,39.2,39.1,39.15,9980.0
2021-05-26 09:44:00,NSE:DCW,39.2,39.3,39.2,39.2,10018.0
2021-05-26 09:45:00,NSE:DCW,39.2,39.25,39.2,39.25,3213.0
2021-05-26 09:46:00,NSE:DCW,39.25,39.4,39.2,39.4,35132.0
2021-05-26 09:47:00,NSE:DCW,39.4,39.45,39.35,39.45,3190.0
2021-05-26 09:48:00,NSE:DCW,39.35,39.4,39.35,39.4,4899.0
2021-05-26 09:49:00,NSE:DCW,39.4,39.55,39.4,39.55,31367.0
2021-05-26 09:50:00,NSE:DCW,39.6,39.6,39.5,39.6,9411.0
2021-05-26 09:51:00,NSE:DCW,39.6,39.6,39.5,39.5,18387.0
2021-05-26 09:52:00,NSE:DCW,39.5,39.6,39.5,39.6,2325.0
2021-05-26 09:53:00,NSE:DCW,39.6,39.7,39.5,39.65,8454.0
2021-05-26 09:54:00,NSE:DCW,39.65,39.7,39.6,39.6,5820.0
2021-05-26 09:55:00,NSE:DCW,39.6,39.6,39.5,39.5,2003.0
2021-05-26 09:56:00,NSE:DCW,39.55,39.65,39.5,39.65,7693.0
2021-05-26 09:57:00,NSE:DCW,39.65,39.65,39.5,39.6,5556.0
2021-05-26 09:58:00,NSE:DCW,39.6,39.65,39.6,39.6,4764.0
2021-05-26 09:59:00,NSE:DCW,39.6,39.6,39.55,39.55,1928.0
2021-05-26 10:00:00,NSE:DCW,39.55,39.55,39.5,39.5,15248.0
2021-05-26 10:01:00,NSE:DCW,39.55,39.55,39.5,39.5,730.0
2021-05-26 10:02:00,NSE:DCW,39.5,39.55,39.5,39.55,13666.0
2021-05-26 10:03:00,NSE:DCW,39.5,39.6,39.5,39.6,23945.0
2021-05-26 10:04:00,NSE:DCW,39.55,39.6,39.55,39.6,8250.0
2021-05-26 10:05:00,NSE:DCW,39.55,39.6,39.55,39.55,12516.0
2021-05-26 10:06:00,NSE:DCW,39.5,39.5,39.4,39.5,16561.0
2021-05-26 10:07:00,NSE:DCW,39.4,39.5,39.4,39.4,18925.0
2021-05-26 10:08:00,NSE:DCW,39.4,39.45,39.4,39.4,4247.0
2021-05-26 10:09:00,NSE:DCW,39.4,39.45,39.4,39.4,6457.0
2021-05-26 10:10:00,NSE:DCW,39.4,39.4,39.35,39.4,1065.0
2021-05-26 10:11:00,NSE:DCW,39.35,39.4,39.35,39.35,5070.0
2021-05-26 10:12:00,NSE:DCW,39.35,39.4,39.35,39.35,9701.0
2021-05-26 10:13:00,NSE:DCW,39.45,39.45,39.35,39.35,3610.0
2021-05-26 10:14:00,NSE:DCW,39.35,39.45,39.35,39.35,3560.0
2021-05-26 10:15:00,NSE:DCW,39.35,39.4,39.35,39.4,3837.0
2021-05-26 10:16:00,NSE:DCW,39.4,39.45,39.35,39.35,6501.0
2021-05-26 10:17:00,NSE:DCW,39.35,39.4,39.35,39.35,2275.0
2021-05-26 10:18:00,NSE:DCW,39.4,39.45,39.35,39.4,2088.0
2021-05-26 10:19:00,NSE:DCW,39.45,39.45,39.35,39.45,2394.0
2021-05-26 10:20:00,NSE:DCW,39.35,39.45,39.35,39.45,5335.0
2021-05-26 10:21:00,NSE:DCW,39.4,39.5,39.4,39.5,2029.0
2021-05-26 10:22:00,NSE:DCW,39.35,39.45,39.25,39.25,23503.0
2021-05-26 10:23:00,NSE:DCW,39.4,39.4,39.3,39.4,4790.0
2021-05-26 10:24:00,NSE:DCW,39.4,39.4,39.35,39.35,2236.0
2021-05-26 10:25:00,NSE:DCW,39.4,39.4,39.3,39.4,2800.0
2021-05-26 10:26:00,NSE:DCW,39.4,39.45,39.4,39.45,1847.0
2021-05-26 10:27:00,NSE:DCW,39.4,39.45,39.4,39.4,3125.0
2021-05-26 10:28:00,NSE:DCW,39.35,39.45,39.35,39.45,2757.0
2021-05-26 10:29:00,NSE:DCW,39.45,39.45,39.35,39.35,3078.0
2021-05-26 10:30:00,NSE:DCW,39.4,39.45,39.25,39.35,21529.0
2021-05-26 10:31:00,NSE:DCW,39.35,39.4,39.3,39.3,2727.0
2021-05-26 10:32:00,NSE:DCW,39.4,39.4,39.3,39.4,540.0
2021-05-26 10:33:00,NSE:DCW,39.3,39.4,39.3,39.4,1343.0
2021-05-26 10:34:00,NSE:DCW,39.3,39.4,39.3,39.4,559.0
2021-05-26 10:35:00,NSE:DCW,39.3,39.4,39.3,39.3,4929.0
2021-05-26 10:36:00,NSE:DCW,39.3,39.35,39.3,39.35,5515.0
2021-05-26 10:37:00,NSE:DCW,39.25,39.35,39.25,39.25,6443.0
2021-05-26 10:38:00,NSE:DCW,39.2,39.3,39.2,39.3,1174.0
2021-05-26 10:39:00,NSE:DCW,39.3,39.3,39.25,39.25,1563.0
2021-05-26 10:40:00,NSE:DCW,39.3,39.3,39.25,39.25,1192.0
2021-05-26 10:41:00,NSE:DCW,39.2,39.25,39.1,39.1,12989.0
2021-05-26 10:42:00,NSE:DCW,39.15,39.15,39.1,39.1,3729.0
2021-05-26 10:43:00,NSE:DCW,39.1,39.25,39.1,39.15,11234.0
2021-05-26 10:44:00,NSE:DCW,39.2,39.25,39.15,39.25,1882.0
2021-05-26 10:45:00,NSE:DCW,39.2,39.25,39.15,39.2,4370.0
2021-05-26 10:46:00,NSE:DCW,39.2,39.25,39.15,39.15,4126.0
2021-05-26 10:47:00,NSE:DCW,39.15,39.15,39.15,39.15,1154.0
2021-05-26 10:48:00,NSE:DCW,39.2,39.25,39.05,39.05,33601.0
2021-05-26 10:49:00,NSE:DCW,39.05,39.1,39.05,39.05,4009.0
2021-05-26 10:50:00,NSE:DCW,39.1,39.15,39.05,39.1,1500.0
2021-05-26 10:51:00,NSE:DCW,39.1,39.15,39.1,39.1,1010.0
2021-05-26 10:52:00,NSE:DCW,39.1,39.2,39.1,39.2,2984.0
2021-05-26 10:53:00,NSE:DCW,39.1,39.2,39.1,39.2,3790.0
2021-05-26 10:54:00,NSE:DCW,39.15,39.25,39.15,39.25,2021.0
2021-05-26 10:55:00,NSE:DCW,39.1,39.2,39.1,39.2,5138.0
2021-05-26 10:56:00,NSE:DCW,39.2,39.2,39.1,39.1,3712.0
2021-05-26 10:57:00,NSE:DCW,39.2,39.2,39.1,39.2,616.0
2021-05-26 10:58:00,NSE:DCW,39.1,39.2,39.1,39.2,401.0
2021-05-26 10:59:00,NSE:DCW,39.1,39.25,39.1,39.2,2192.0
2021-05-26 11:00:00,NSE:DCW,39.25,39.3,39.2,39.3,6326.0
2021-05-26 11:01:00,NSE:DCW,39.2,39.35,39.2,39.35,9855.0
2021-05-26 11:02:00,NSE:DCW,39.3,39.3,39.3,39.3,1344.0
2021-05-26 11:03:00,NSE:DCW,39.25,39.3,39.2,39.3,3953.0
2021-05-26 11:04:00,NSE:DCW,39.25,39.3,39.25,39.25,1736.0
2021-05-26 11:05:00,NSE:DCW,39.3,39.3,39.2,39.25,1649.0
2021-05-26 11:06:00,NSE:DCW,39.3,39.35,39.25,39.35,2426.0
2021-05-26 11:07:00,NSE:DCW,39.35,39.35,39.25,39.35,3800.0
2021-05-26 11:08:00,NSE:DCW,39.35,39.35,39.0,39.05,122532.0
2021-05-26 11:09:00,NSE:DCW,39.1,39.1,39.05,39.05,951.0
2021-05-26 11:10:00,NSE:DCW,39.1,39.1,39.05,39.05,1311.0
2021-05-26 11:11:00,NSE:DCW,39.05,39.1,39.0,39.05,3586.0
2021-05-26 11:12:00,NSE:DCW,39.1,39.2,39.05,39.1,13100.0
2021-05-26 11:13:00,NSE:DCW,39.1,39.3,39.0,39.3,13278.0
2021-05-26 11:14:00,NSE:DCW,39.3,39.35,39.2,39.3,26710.0
2021-05-26 11:15:00,NSE:DCW,39.3,39.3,39.2,39.25,1657.0
2021-05-26 11:16:00,NSE:DCW,39.2,39.3,39.2,39.25,1323.0
2021-05-26 11:17:00,NSE:DCW,39.25,39.3,39.25,39.3,1961.0
2021-05-26 11:18:00,NSE:DCW,39.3,39.3,39.2,39.2,1253.0
2021-05-26 11:19:00,NSE:DCW,39.3,39.3,39.2,39.2,5538.0
2021-05-26 11:20:00,NSE:DCW,39.25,39.25,39.15,39.15,983.0
2021-05-26 11:21:00,NSE:DCW,39.2,39.2,39.15,39.15,1205.0
2021-05-26 11:22:00,NSE:DCW,39.1,39.15,39.1,39.1,2738.0
2021-05-26 11:23:00,NSE:DCW,39.1,39.2,39.1,39.1,4007.0
2021-05-26 11:24:00,NSE:DCW,39.1,39.2,39.1,39.15,1055.0
2021-05-26 11:25:00,NSE:DCW,39.1,39.2,39.1,39.2,1690.0
2021-05-26 11:26:00,NSE:DCW,39.1,39.1,39.1,39.1,230.0
2021-05-26 11:27:00,NSE:DCW,39.15,39.15,39.15,39.15,765.0
2021-05-26 11:28:00,NSE:DCW,39.2,39.2,39.15,39.15,2900.0
2021-05-26 11:29:00,NSE:DCW,39.2,39.2,39.15,39.15,899.0
2021-05-26 11:30:00,NSE:DCW,39.2,39.25,39.15,39.15,6595.0
2021-05-26 11:31:00,NSE:DCW,39.25,39.25,39.15,39.2,2701.0
2021-05-26 11:32:00,NSE:DCW,39.2,39.25,39.2,39.25,795.0
2021-05-26 11:33:00,NSE:DCW,39.25,39.3,39.25,39.25,6403.0
2021-05-26 11:34:00,NSE:DCW,39.3,39.3,39.25,39.3,17932.0
2021-05-26 11:35:00,NSE:DCW,39.35,39.35,39.2,39.2,3418.0
2021-05-26 11:36:00,NSE:DCW,39.2,39.25,39.2,39.25,512.0
2021-05-26 11:37:00,NSE:DCW,39.25,39.25,39.1,39.2,12052.0
2021-05-26 11:38:00,NSE:DCW,39.2,39.2,39.15,39.2,731.0
2021-05-26 11:39:00,NSE:DCW,39.1,39.2,39.1,39.2,12619.0
2021-05-26 11:40:00,NSE:DCW,39.2,39.2,39.1,39.2,1939.0
2021-05-26 11:41:00,NSE:DCW,39.2,39.2,39.1,39.1,7051.0
2021-05-26 11:42:00,NSE:DCW,39.15,39.15,39.0,39.0,24360.0
2021-05-26 11:43:00,NSE:DCW,39.05,39.05,38.9,38.95,2281.0
2021-05-26 11:44:00,NSE:DCW,38.95,39.0,38.9,38.95,5986.0
2021-05-26 11:45:00,NSE:DCW,38.85,38.95,38.85,38.9,9097.0
2021-05-26 11:46:00,NSE:DCW,38.9,38.95,38.9,38.95,1094.0
2021-05-26 11:47:00,NSE:DCW,38.95,39.0,38.9,39.0,9193.0
2021-05-26 11:48:00,NSE:DCW,39.0,39.05,38.95,39.0,13460.0
2021-05-26 11:49:00,NSE:DCW,39.0,39.05,39.0,39.0,2709.0
2021-05-26 11:50:00,NSE:DCW,39.0,39.0,39.0,39.0,413.0
2021-05-26 11:51:00,NSE:DCW,39.0,39.1,39.0,39.0,4225.0
2021-05-26 11:52:00,NSE:DCW,39.0,39.1,39.0,39.1,215.0
2021-05-26 11:53:00,NSE:DCW,39.0,39.0,38.95,38.95,8304.0
2021-05-26 11:54:00,NSE:DCW,38.95,39.05,38.95,39.05,11685.0
2021-05-26 11:55:00,NSE:DCW,38.95,39.0,38.95,39.0,745.0
2021-05-26 11:56:00,NSE:DCW,39.0,39.0,39.0,39.0,3165.0
2021-05-26 11:57:00,NSE:DCW,38.95,38.95,38.95,38.95,1010.0
2021-05-26 11:58:00,NSE:DCW,39.0,39.0,38.95,39.0,871.0
2021-05-26 11:59:00,NSE:DCW,39.0,39.05,39.0,39.0,2397.0
2021-05-26 12:00:00,NSE:DCW,39.05,39.05,39.0,39.0,108.0
2021-05-26 12:01:00,NSE:DCW,39.05,39.1,39.0,39.1,3751.0
2021-05-26 12:02:00,NSE:DCW,39.1,39.1,39.0,39.0,4100.0
2021-05-26 12:03:00,NSE:DCW,39.0,39.15,39.0,39.05,3092.0
2021-05-26 12:04:00,NSE:DCW,39.1,39.15,39.05,39.15,8528.0
2021-05-26 12:05:00,NSE:DCW,39.15,39.2,39.1,39.2,639.0
2021-05-26 12:06:00,NSE:DCW,39.2,39.2,39.1,39.15,1734.0
2021-05-26 12:07:00,NSE:DCW,39.15,39.15,39.1,39.15,700.0
2021-05-26 12:08:00,NSE:DCW,39.15,39.15,39.1,39.1,203.0
2021-05-26 12:09:00,NSE:DCW,39.1,39.15,39.1,39.1,941.0
2021-05-26 12:10:00,NSE:DCW,39.15,39.15,39.1,39.15,560.0
2021-05-26 12:11:00,NSE:DCW,39.15,39.15,39.1,39.1,1946.0
2021-05-26 12:12:00,NSE:DCW,39.15,39.2,39.15,39.2,2005.0
2021-05-26 12:13:00,NSE:DCW,39.2,39.2,39.15,39.2,501.0
2021-05-26 12:14:00,NSE:DCW,39.2,39.25,39.2,39.25,1916.0
2021-05-26 12:15:00,NSE:DCW,39.2,39.25,39.15,39.25,10557.0
2021-05-26 12:16:00,NSE:DCW,39.2,39.25,39.2,39.2,2563.0
2021-05-26 12:17:00,NSE:DCW,39.2,39.2,39.2,39.2,1057.0
2021-05-26 12:18:00,NSE:DCW,39.15,39.2,39.15,39.15,200.0
2021-05-26 12:19:00,NSE:DCW,39.15,39.35,39.15,39.35,37698.0
2021-05-26 12:20:00,NSE:DCW,39.35,39.35,39.2,39.25,20613.0
2021-05-26 12:21:00,NSE:DCW,39.15,39.3,39.15,39.15,14394.0
2021-05-26 12:22:00,NSE:DCW,39.15,39.25,39.15,39.25,363.0
2021-05-26 12:23:00,NSE:DCW,39.15,39.25,39.15,39.25,555.0
2021-05-26 12:24:00,NSE:DCW,39.25,39.25,39.25,39.25,674.0
2021-05-26 12:25:00,NSE:DCW,39.15,39.15,39.15,39.15,8622.0
2021-05-26 12:26:00,NSE:DCW,39.1,39.2,39.1,39.2,5106.0
2021-05-26 12:27:00,NSE:DCW,39.1,39.2,39.05,39.15,15672.0
2021-05-26 12:28:00,NSE:DCW,39.2,39.2,39.1,39.1,902.0
2021-05-26 12:29:00,NSE:DCW,39.2,39.2,39.1,39.1,1315.0
2021-05-26 12:30:00,NSE:DCW,39.2,39.2,39.2,39.2,510.0
2021-05-26 12:31:00,NSE:DCW,39.15,39.2,39.15,39.2,501.0
2021-05-26 12:32:00,NSE:DCW,39.2,39.25,39.15,39.2,5693.0
2021-05-26 12:33:00,NSE:DCW,39.2,39.2,39.2,39.2,404.0
2021-05-26 12:34:00,NSE:DCW,39.15,39.2,39.15,39.2,1591.0
2021-05-26 12:35:00,NSE:DCW,39.15,39.15,39.15,39.15,299.0
2021-05-26 12:36:00,NSE:DCW,39.15,39.25,39.15,39.25,11789.0
2021-05-26 12:37:00,NSE:DCW,39.25,39.25,39.2,39.25,1441.0
2021-05-26 12:38:00,NSE:DCW,39.2,39.25,39.15,39.15,10100.0
2021-05-26 12:39:00,NSE:DCW,39.25,39.25,39.15,39.25,4514.0
2021-05-26 12:40:00,NSE:DCW,39.2,39.25,39.15,39.25,1778.0
2021-05-26 12:41:00,NSE:DCW,39.25,39.25,39.2,39.25,1988.0
2021-05-26 12:42:00,NSE:DCW,39.25,39.3,39.25,39.3,2300.0
2021-05-26 12:43:00,NSE:DCW,39.3,39.3,39.25,39.3,4035.0
2021-05-26 12:44:00,NSE:DCW,39.3,39.3,39.25,39.25,1497.0
2021-05-26 12:45:00,NSE:DCW,39.4,39.5,39.4,39.5,48651.0
2021-05-26 12:46:00,NSE:DCW,39.4,39.6,39.4,39.45,83036.0
2021-05-26 12:47:00,NSE:DCW,39.5,39.5,39.4,39.4,15056.0
2021-05-26 12:48:00,NSE:DCW,39.4,39.45,39.35,39.35,4309.0
2021-05-26 12:49:00,NSE:DCW,39.4,39.4,39.35,39.35,9359.0
2021-05-26 12:50:00,NSE:DCW,39.4,39.4,39.2,39.2,12660.0
2021-05-26 12:51:00,NSE:DCW,39.2,39.25,39.2,39.25,3673.0
2021-05-26 12:52:00,NSE:DCW,39.2,39.25,39.2,39.2,5005.0
2021-05-26 12:53:00,NSE:DCW,39.2,39.2,39.15,39.15,1367.0
2021-05-26 12:54:00,NSE:DCW,39.15,39.15,39.1,39.1,1031.0
2021-05-26 12:55:00,NSE:DCW,39.1,39.15,39.1,39.15,187.0
2021-05-26 12:56:00,NSE:DCW,39.15,39.15,39.1,39.1,2101.0
2021-05-26 12:57:00,NSE:DCW,39.15,39.15,39.15,39.15,1839.0
2021-05-26 12:58:00,NSE:DCW,39.15,39.2,39.1,39.2,6143.0
2021-05-26 12:59:00,NSE:DCW,39.15,39.2,39.15,39.15,381.0
2021-05-26 13:00:00,NSE:DCW,39.2,39.2,39.15,39.15,201.0
2021-05-26 13:01:00,NSE:DCW,39.2,39.2,39.15,39.2,550.0
2021-05-26 13:02:00,NSE:DCW,39.15,39.2,39.15,39.15,2800.0
2021-05-26 13:03:00,NSE:DCW,39.15,39.15,39.15,39.15,1139.0
2021-05-26 13:04:00,NSE:DCW,39.2,39.2,39.15,39.15,595.0
2021-05-26 13:05:00,NSE:DCW,39.2,39.2,39.15,39.15,1500.0
2021-05-26 13:06:00,NSE:DCW,39.15,39.4,39.15,39.3,44382.0
2021-05-26 13:07:00,NSE:DCW,39.4,39.4,39.25,39.25,1252.0
2021-05-26 13:08:00,NSE:DCW,39.25,39.25,39.25,39.25,841.0
2021-05-26 13:09:00,NSE:DCW,39.2,39.25,39.2,39.25,165.0
2021-05-26 13:10:00,NSE:DCW,39.25,39.25,39.2,39.2,1785.0
2021-05-26 13:11:00,NSE:DCW,39.2,39.2,39.2,39.2,240.0
2021-05-26 13:12:00,NSE:DCW,39.15,39.25,39.15,39.2,880.0
2021-05-26 13:13:00,NSE:DCW,39.2,39.25,39.2,39.25,1423.0
2021-05-26 13:14:00,NSE:DCW,39.25,39.3,39.25,39.3,1633.0
2021-05-26 13:15:00,NSE:DCW,39.35,39.35,39.2,39.2,5874.0
2021-05-26 13:16:00,NSE:DCW,39.2,39.25,39.2,39.2,516.0
2021-05-26 13:17:00,NSE:DCW,39.2,39.2,39.2,39.2,25.0
2021-05-26 13:18:00,NSE:DCW,39.2,39.2,39.15,39.15,22975.0
2021-05-26 13:19:00,NSE:DCW,39.1,39.1,39.05,39.05,4120.0
2021-05-26 13:20:00,NSE:DCW,39.05,39.1,39.05,39.05,972.0
2021-05-26 13:21:00,NSE:DCW,39.1,39.15,39.05,39.15,1695.0
2021-05-26 13:22:00,NSE:DCW,39.15,39.15,39.15,39.15,500.0
2021-05-26 13:23:00,NSE:DCW,39.1,39.1,39.0,39.0,26674.0
2021-05-26 13:24:00,NSE:DCW,39.1,39.1,39.05,39.1,3208.0
2021-05-26 13:25:00,NSE:DCW,39.1,39.1,39.0,39.1,3851.0
2021-05-26 13:26:00,NSE:DCW,39.1,39.1,39.05,39.1,1126.0
2021-05-26 13:27:00,NSE:DCW,39.25,39.25,39.15,39.15,9808.0
2021-05-26 13:28:00,NSE:DCW,39.2,39.25,39.15,39.2,1355.0
2021-05-26 13:29:00,NSE:DCW,39.15,39.2,39.15,39.15,542.0
2021-05-26 13:30:00,NSE:DCW,39.2,39.2,39.15,39.15,5392.0
2021-05-26 13:31:00,NSE:DCW,39.15,39.2,39.1,39.2,2779.0
2021-05-26 13:32:00,NSE:DCW,39.2,39.2,39.2,39.2,1.0
2021-05-26 13:33:00,NSE:DCW,39.2,39.2,39.05,39.05,3257.0
2021-05-26 13:34:00,NSE:DCW,39.1,39.1,39.0,39.0,1656.0
2021-05-26 13:35:00,NSE:DCW,39.0,39.0,39.0,39.0,7086.0
2021-05-26 13:36:00,NSE:DCW,39.05,39.05,39.05,39.05,1745.0
2021-05-26 13:37:00,NSE:DCW,39.0,39.0,38.85,38.9,51170.0
2021-05-26 13:38:00,NSE:DCW,38.9,38.95,38.9,38.9,2618.0
2021-05-26 13:39:00,NSE:DCW,38.95,38.95,38.8,38.9,2962.0
2021-05-26 13:40:00,NSE:DCW,38.9,38.95,38.9,38.9,5750.0
2021-05-26 13:41:00,NSE:DCW,38.95,38.95,38.85,38.85,1743.0
2021-05-26 13:42:00,NSE:DCW,38.9,38.95,38.9,38.95,346.0
2021-05-26 13:43:00,NSE:DCW,38.95,38.95,38.9,38.9,1015.0
2021-05-26 13:44:00,NSE:DCW,38.8,38.85,38.8,38.8,14130.0
2021-05-26 13:45:00,NSE:DCW,38.8,38.85,38.8,38.8,3002.0
2021-05-26 13:46:00,NSE:DCW,38.8,38.8,38.75,38.8,2920.0
2021-05-26 13:47:00,NSE:DCW,38.8,38.8,38.65,38.75,12559.0
2021-05-26 13:48:00,NSE:DCW,38.7,38.75,38.7,38.75,1650.0
2021-05-26 13:49:00,NSE:DCW,38.75,38.75,38.7,38.7,1104.0
2021-05-26 13:50:00,NSE:DCW,38.7,38.75,38.65,38.65,6415.0
2021-05-26 13:51:00,NSE:DCW,38.75,38.75,38.6,38.75,3266.0
2021-05-26 13:52:00,NSE:DCW,38.75,38.75,38.7,38.75,3647.0
2021-05-26 13:53:00,NSE:DCW,38.75,38.75,38.75,38.75,600.0
2021-05-26 13:54:00,NSE:DCW,38.7,38.75,38.7,38.7,2867.0
2021-05-26 13:55:00,NSE:DCW,38.75,38.8,38.75,38.8,410.0
2021-05-26 13:56:00,NSE:DCW,38.75,38.8,38.75,38.75,950.0
2021-05-26 13:57:00,NSE:DCW,38.8,38.8,38.8,38.8,8120.0
2021-05-26 13:58:00,NSE:DCW,38.85,38.85,38.8,38.85,2950.0
2021-05-26 13:59:00,NSE:DCW,38.85,38.85,38.8,38.85,1120.0
2021-05-26 14:00:00,NSE:DCW,38.85,38.85,38.75,38.75,1152.0
2021-05-26 14:01:00,NSE:DCW,38.85,38.85,38.8,38.8,222.0
2021-05-26 14:02:00,NSE:DCW,38.7,38.8,38.7,38.8,3749.0
2021-05-26 14:03:00,NSE:DCW,38.85,38.85,38.65,38.65,17175.0
2021-05-26 14:04:00,NSE:DCW,38.65,38.75,38.65,38.75,4203.0
2021-05-26 14:05:00,NSE:DCW,38.75,38.75,38.7,38.75,3604.0
2021-05-26 14:06:00,NSE:DCW,38.7,38.75,38.7,38.7,4600.0
2021-05-26 14:07:00,NSE:DCW,38.65,38.7,38.65,38.7,2161.0
2021-05-26 14:08:00,NSE:DCW,38.7,38.7,38.65,38.7,2007.0
2021-05-26 14:09:00,NSE:DCW,38.7,38.75,38.7,38.75,6691.0
2021-05-26 14:10:00,NSE:DCW,38.75,38.75,38.75,38.75,76.0
2021-05-26 14:11:00,NSE:DCW,38.7,38.75,38.65,38.65,4986.0
2021-05-26 14:12:00,NSE:DCW,38.7,38.7,38.65,38.7,128.0
2021-05-26 14:13:00,NSE:DCW,38.7,38.7,38.6,38.6,10363.0
2021-05-26 14:14:00,NSE:DCW,38.6,38.65,38.45,38.45,68973.0
2021-05-26 14:15:00,NSE:DCW,38.5,38.5,38.2,38.3,27166.0
2021-05-26 14:16:00,NSE:DCW,38.3,38.3,38.0,38.2,74275.0
2021-05-26 14:17:00,NSE:DCW,38.15,38.3,38.15,38.25,9942.0
2021-05-26 14:18:00,NSE:DCW,38.25,38.3,38.25,38.3,4699.0
2021-05-26 14:19:00,NSE:DCW,38.3,38.35,38.25,38.35,15717.0
2021-05-26 14:20:00,NSE:DCW,38.4,38.4,38.35,38.4,10708.0
2021-05-26 14:21:00,NSE:DCW,38.35,38.4,38.35,38.35,5507.0
2021-05-26 14:22:00,NSE:DCW,38.4,38.4,38.3,38.4,3698.0
2021-05-26 14:23:00,NSE:DCW,38.35,38.4,38.3,38.4,1953.0
2021-05-26 14:24:00,NSE:DCW,38.3,38.45,38.3,38.35,22559.0
2021-05-26 14:25:00,NSE:DCW,38.4,38.4,38.35,38.4,2604.0
2021-05-26 14:26:00,NSE:DCW,38.4,38.4,38.3,38.4,3150.0
2021-05-26 14:27:00,NSE:DCW,38.4,38.4,38.3,38.4,1346.0
2021-05-26 14:28:00,NSE:DCW,38.3,38.4,38.3,38.4,3301.0
2021-05-26 14:29:00,NSE:DCW,38.4,38.4,38.3,38.4,3292.0
2021-05-26 14:30:00,NSE:DCW,38.3,38.4,38.3,38.4,2701.0
2021-05-26 14:31:00,NSE:DCW,38.35,38.4,38.35,38.4,4856.0
2021-05-26 14:32:00,NSE:DCW,38.35,38.4,38.35,38.4,2211.0
2021-05-26 14:33:00,NSE:DCW,38.4,38.4,38.3,38.3,2741.0
2021-05-26 14:34:00,NSE:DCW,38.35,38.35,38.3,38.35,892.0
2021-05-26 14:35:00,NSE:DCW,38.35,38.4,38.3,38.3,3299.0
2021-05-26 14:36:00,NSE:DCW,38.3,38.4,38.3,38.4,190.0
2021-05-26 14:37:00,NSE:DCW,38.4,38.4,38.3,38.3,5701.0
2021-05-26 14:38:00,NSE:DCW,38.4,38.4,38.35,38.4,2741.0
2021-05-26 14:39:00,NSE:DCW,38.35,38.4,38.3,38.35,4461.0
2021-05-26 14:40:00,NSE:DCW,38.35,38.35,38.3,38.3,4571.0
2021-05-26 14:41:00,NSE:DCW,38.35,38.35,38.3,38.3,477.0
2021-05-26 14:42:00,NSE:DCW,38.35,38.4,38.3,38.4,7970.0
2021-05-26 14:43:00,NSE:DCW,38.35,38.35,38.35,38.35,6003.0
2021-05-26 14:44:00,NSE:DCW,38.3,38.4,38.3,38.4,19986.0
2021-05-26 14:45:00,NSE:DCW,38.35,38.4,38.3,38.35,13330.0
2021-05-26 14:46:00,NSE:DCW,38.35,38.35,38.3,38.35,1608.0
2021-05-26 14:47:00,NSE:DCW,38.35,38.35,38.3,38.35,2294.0
2021-05-26 14:48:00,NSE:DCW,38.35,38.35,38.3,38.35,2996.0
2021-05-26 14:49:00,NSE:DCW,38.35,38.4,38.3,38.4,1691.0
2021-05-26 14:50:00,NSE:DCW,38.35,38.4,38.35,38.35,351.0
2021-05-26 14:51:00,NSE:DCW,38.4,38.4,38.35,38.4,2993.0
2021-05-26 14:52:00,NSE:DCW,38.4,38.4,38.35,38.35,5377.0
2021-05-26 14:53:00,NSE:DCW,38.4,38.4,38.4,38.4,756.0
2021-05-26 14:54:00,NSE:DCW,38.4,38.5,38.35,38.4,20625.0
2021-05-26 14:55:00,NSE:DCW,38.4,38.45,38.35,38.4,3820.0
2021-05-26 14:56:00,NSE:DCW,38.4,38.45,38.4,38.45,1525.0
2021-05-26 14:57:00,NSE:DCW,38.4,38.4,38.3,38.4,19219.0
2021-05-26 14:58:00,NSE:DCW,38.4,38.4,38.35,38.35,10743.0
2021-05-26 14:59:00,NSE:DCW,38.4,38.45,38.35,38.35,2045.0
2021-05-26 15:00:00,NSE:DCW,38.35,38.4,38.35,38.4,3350.0
2021-05-26 15:01:00,NSE:DCW,38.35,38.4,38.35,38.35,1435.0
2021-05-26 15:02:00,NSE:DCW,38.35,38.5,38.35,38.4,21870.0
2021-05-26 15:03:00,NSE:DCW,38.4,38.45,38.35,38.35,6191.0
2021-05-26 15:04:00,NSE:DCW,38.4,38.4,38.35,38.4,2767.0
2021-05-26 15:05:00,NSE:DCW,38.35,38.4,38.35,38.4,8116.0
2021-05-26 15:06:00,NSE:DCW,38.4,38.4,38.4,38.4,1786.0
2021-05-26 15:07:00,NSE:DCW,38.45,38.45,38.4,38.45,1158.0
2021-05-26 15:08:00,NSE:DCW,38.35,38.4,38.35,38.4,12112.0
2021-05-26 15:09:00,NSE:DCW,38.25,38.3,38.2,38.2,76977.0
2021-05-26 15:10:00,NSE:DCW,38.2,38.2,37.85,37.95,112407.0
2021-05-26 15:11:00,NSE:DCW,37.95,38.0,37.85,38.0,10966.0
2021-05-26 15:12:00,NSE:DCW,38.0,38.15,38.0,38.05,26107.0
2021-05-26 15:13:00,NSE:DCW,38.1,38.1,38.05,38.1,785.0
2021-05-26 15:14:00,NSE:DCW,38.05,38.1,37.95,37.95,20614.0
2021-05-26 15:15:00,NSE:DCW,37.9,38.0,37.85,37.9,20239.0
2021-05-26 15:16:00,NSE:DCW,37.85,37.95,37.7,37.95,69515.0
2021-05-26 15:17:00,NSE:DCW,37.95,37.95,37.7,37.8,21810.0
2021-05-26 15:18:00,NSE:DCW,37.9,37.9,37.75,37.85,6600.0
2021-05-26 15:19:00,NSE:DCW,37.75,37.95,37.75,37.95,15524.0
2021-05-26 15:20:00,NSE:DCW,37.95,37.95,37.9,37.9,30299.0
2021-05-26 15:21:00,NSE:DCW,37.9,37.95,37.8,37.95,13713.0
2021-05-26 15:22:00,NSE:DCW,37.95,37.95,37.9,37.95,8800.0
2021-05-26 15:23:00,NSE:DCW,37.95,38.0,37.9,37.95,17477.0
2021-05-26 15:24:00,NSE:DCW,38.0,38.1,37.95,38.05,31914.0
2021-05-26 15:25:00,NSE:DCW,38.1,38.1,38.0,38.1,12256.0
2021-05-26 15:26:00,NSE:DCW,38.1,38.1,38.0,38.05,17680.0
2021-05-26 15:27:00,NSE:DCW,38.05,38.1,38.0,38.1,52936.0
2021-05-26 15:28:00,NSE:DCW,38.05,38.1,38.05,38.05,38750.0
2021-05-26 15:29:00,NSE:DCW,38.1,38.1,38.0,38.1,21503.0
2021-05-26 15:30:00,NSE:DCW,38.1,38.1,38.1,38.1,1.0
2021-05-26 15:40:00,NSE:DCW,38.05,38.1,38.05,38.05,6154.0
2021-05-26 15:42:00,NSE:DCW,38.05,38.05,38.05,38.05,100.0
2021-05-26 15:43:00,NSE:DCW,38.05,38.05,38.05,38.05,510.0
2021-05-26 15:46:00,NSE:DCW,38.05,38.05,38.05,38.05,10490.0
2021-05-26 15:52:00,NSE:DCW,38.05,38.05,38.05,38.05,1000.0
2021-05-26 15:53:00,NSE:DCW,38.05,38.05,38.05,38.05,101.0
2021-05-26 15:54:00,NSE:DCW,38.05,38.05,38.05,38.05,500.0
2021-05-26 15:57:00,NSE:DCW,38.05,38.05,38.05,38.05,70.0
2021-05-26 15:58:00,NSE:DCW,38.05,38.05,38.05,38.05,2000.0
2021-05-26 15:59:00,NSE:DCW,38.05,38.05,38.05,38.05,180.0
2021-05-27 09:07:00,NSE:DCW,37.65,37.65,37.65,37.65,11738.0
2021-05-27 09:15:00,NSE:DCW,37.9,38.0,37.8,37.8,36473.0
2021-05-27 09:16:00,NSE:DCW,38.0,38.0,37.95,37.95,4473.0
2021-05-27 09:17:00,NSE:DCW,37.8,37.9,37.7,37.8,16934.0
2021-05-27 09:18:00,NSE:DCW,37.8,37.9,37.75,37.9,18478.0
2021-05-27 09:19:00,NSE:DCW,37.95,38.3,37.9,38.3,35617.0
2021-05-27 09:20:00,NSE:DCW,38.3,38.5,38.3,38.35,48795.0
2021-05-27 09:21:00,NSE:DCW,38.3,38.35,37.95,37.95,35423.0
2021-05-27 09:22:00,NSE:DCW,38.0,38.25,38.0,38.25,6880.0
2021-05-27 09:23:00,NSE:DCW,38.25,38.25,38.1,38.2,8486.0
2021-05-27 09:24:00,NSE:DCW,38.15,38.25,38.15,38.25,11528.0
2021-05-27 09:25:00,NSE:DCW,38.2,38.25,38.05,38.05,8142.0
2021-05-27 09:26:00,NSE:DCW,38.1,38.2,38.05,38.1,25865.0
2021-05-27 09:27:00,NSE:DCW,38.15,38.25,38.0,38.25,10294.0
2021-05-27 09:28:00,NSE:DCW,38.2,38.25,38.15,38.15,2810.0
2021-05-27 09:29:00,NSE:DCW,38.15,38.25,38.15,38.15,15094.0
2021-05-27 09:30:00,NSE:DCW,38.15,38.15,38.1,38.1,1800.0
2021-05-27 09:31:00,NSE:DCW,38.1,38.15,38.05,38.15,3892.0
2021-05-27 09:32:00,NSE:DCW,38.1,38.15,38.1,38.15,952.0
2021-05-27 09:33:00,NSE:DCW,38.1,38.15,38.05,38.05,4146.0
2021-05-27 09:34:00,NSE:DCW,38.15,38.15,37.85,37.95,41015.0
2021-05-27 09:35:00,NSE:DCW,37.95,37.95,37.85,37.9,4164.0
2021-05-27 09:36:00,NSE:DCW,37.8,37.9,37.8,37.85,1854.0
2021-05-27 09:37:00,NSE:DCW,37.85,37.85,37.75,37.85,8783.0
2021-05-27 09:38:00,NSE:DCW,37.85,37.9,37.85,37.9,7245.0
2021-05-27 09:39:00,NSE:DCW,37.95,38.0,37.9,38.0,2219.0
2021-05-27 09:40:00,NSE:DCW,37.9,37.95,37.85,37.9,9457.0
2021-05-27 09:41:00,NSE:DCW,37.95,37.95,37.85,37.85,610.0
2021-05-27 09:42:00,NSE:DCW,37.95,37.95,37.9,37.9,2300.0
2021-05-27 09:43:00,NSE:DCW,37.9,37.9,37.85,37.85,3333.0
2021-05-27 09:44:00,NSE:DCW,37.85,37.95,37.85,37.95,1155.0
2021-05-27 09:45:00,NSE:DCW,37.95,37.95,37.95,37.95,1850.0
2021-05-27 09:46:00,NSE:DCW,37.95,38.15,37.95,38.15,47782.0
2021-05-27 09:47:00,NSE:DCW,38.15,38.15,38.1,38.15,2084.0
2021-05-27 09:48:00,NSE:DCW,38.1,38.1,38.1,38.1,215.0
2021-05-27 09:49:00,NSE:DCW,38.15,38.15,38.1,38.1,1270.0
2021-05-27 09:50:00,NSE:DCW,38.2,38.2,38.1,38.1,1426.0
2021-05-27 09:51:00,NSE:DCW,38.05,38.15,38.05,38.1,14922.0
2021-05-27 09:52:00,NSE:DCW,38.1,38.1,37.95,37.95,2129.0
2021-05-27 09:53:00,NSE:DCW,37.9,38.0,37.9,37.9,8185.0
2021-05-27 09:54:00,NSE:DCW,38.0,38.0,37.95,37.95,5800.0
2021-05-27 09:55:00,NSE:DCW,37.95,38.0,37.95,38.0,1134.0
2021-05-27 09:56:00,NSE:DCW,37.95,38.0,37.9,38.0,1303.0
2021-05-27 09:57:00,NSE:DCW,38.0,38.0,38.0,38.0,101.0
2021-05-27 09:58:00,NSE:DCW,38.0,38.0,37.95,37.95,439.0
2021-05-27 09:59:00,NSE:DCW,38.0,38.1,38.0,38.05,8110.0
2021-05-27 10:00:00,NSE:DCW,38.05,38.1,38.0,38.1,1271.0
2021-05-27 10:01:00,NSE:DCW,38.1,38.1,38.0,38.0,902.0
2021-05-27 10:02:00,NSE:DCW,38.0,38.05,38.0,38.0,2180.0
2021-05-27 10:03:00,NSE:DCW,38.05,38.05,38.0,38.0,6.0
2021-05-27 10:04:00,NSE:DCW,38.05,38.05,38.0,38.0,1836.0
2021-05-27 10:05:00,NSE:DCW,38.05,38.05,37.95,38.05,4569.0
2021-05-27 10:06:00,NSE:DCW,38.05,38.05,38.05,38.05,511.0
2021-05-27 10:07:00,NSE:DCW,38.1,38.1,38.05,38.1,1253.0
2021-05-27 10:08:00,NSE:DCW,38.1,38.2,38.1,38.2,1620.0
2021-05-27 10:09:00,NSE:DCW,38.2,38.2,38.1,38.1,1020.0
2021-05-27 10:10:00,NSE:DCW,38.1,38.2,38.1,38.2,2911.0
2021-05-27 10:11:00,NSE:DCW,38.1,38.2,38.1,38.2,444.0
2021-05-27 10:12:00,NSE:DCW,38.2,38.25,38.1,38.25,2342.0
2021-05-27 10:13:00,NSE:DCW,38.25,38.25,38.2,38.2,2429.0
2021-05-27 10:14:00,NSE:DCW,38.2,38.25,38.2,38.25,5803.0
2021-05-27 10:15:00,NSE:DCW,38.15,38.2,38.15,38.2,12091.0
2021-05-27 10:16:00,NSE:DCW,38.2,38.2,38.1,38.2,3331.0
2021-05-27 10:17:00,NSE:DCW,38.2,38.2,38.2,38.2,150.0
2021-05-27 10:18:00,NSE:DCW,38.1,38.15,38.1,38.1,2757.0
2021-05-27 10:19:00,NSE:DCW,38.1,38.15,38.1,38.15,2350.0
2021-05-27 10:20:00,NSE:DCW,38.15,38.15,38.1,38.1,1562.0
2021-05-27 10:21:00,NSE:DCW,38.1,38.15,38.1,38.15,1670.0
2021-05-27 10:22:00,NSE:DCW,38.15,38.15,38.15,38.15,1550.0
2021-05-27 10:23:00,NSE:DCW,38.15,38.15,38.15,38.15,113.0
2021-05-27 10:24:00,NSE:DCW,38.15,38.15,38.1,38.15,347.0
2021-05-27 10:25:00,NSE:DCW,38.15,38.2,38.1,38.1,5192.0
2021-05-27 10:26:00,NSE:DCW,38.1,38.15,38.1,38.1,10150.0
2021-05-27 10:27:00,NSE:DCW,38.1,38.15,38.05,38.15,3315.0
2021-05-27 10:28:00,NSE:DCW,38.15,38.15,38.1,38.1,1300.0
2021-05-27 10:29:00,NSE:DCW,38.15,38.15,38.1,38.1,110.0
2021-05-27 10:30:00,NSE:DCW,38.1,38.2,38.0,38.0,9236.0
2021-05-27 10:31:00,NSE:DCW,38.1,38.1,38.1,38.1,609.0
2021-05-27 10:32:00,NSE:DCW,38.05,38.1,38.0,38.0,2201.0
2021-05-27 10:33:00,NSE:DCW,38.1,38.1,38.1,38.1,400.0
2021-05-27 10:34:00,NSE:DCW,38.1,38.1,38.1,38.1,22.0
2021-05-27 10:35:00,NSE:DCW,38.1,38.15,38.0,38.0,7046.0
2021-05-27 10:36:00,NSE:DCW,38.1,38.1,38.1,38.1,2300.0
2021-05-27 10:38:00,NSE:DCW,38.1,38.15,38.05,38.15,4316.0
2021-05-27 10:39:00,NSE:DCW,38.15,38.15,38.1,38.1,1136.0
2021-05-27 10:40:00,NSE:DCW,38.1,38.1,38.1,38.1,1067.0
2021-05-27 10:41:00,NSE:DCW,38.1,38.15,38.1,38.1,821.0
2021-05-27 10:42:00,NSE:DCW,38.1,38.1,38.1,38.1,1010.0
2021-05-27 10:43:00,NSE:DCW,38.1,38.1,38.1,38.1,303.0
2021-05-27 10:44:00,NSE:DCW,38.1,38.1,38.1,38.1,88.0
2021-05-27 10:45:00,NSE:DCW,38.1,38.1,38.05,38.05,476.0
2021-05-27 10:46:00,NSE:DCW,38.05,38.05,38.05,38.05,800.0
2021-05-27 10:47:00,NSE:DCW,38.05,38.1,38.0,38.0,1293.0
2021-05-27 10:48:00,NSE:DCW,38.1,38.1,38.0,38.0,8937.0
2021-05-27 10:49:00,NSE:DCW,38.0,38.05,38.0,38.0,3933.0
2021-05-27 10:50:00,NSE:DCW,38.05,38.05,38.05,38.05,101.0
2021-05-27 10:51:00,NSE:DCW,38.0,38.0,38.0,38.0,1000.0
2021-05-27 10:52:00,NSE:DCW,38.1,38.1,38.0,38.0,2546.0
2021-05-27 10:53:00,NSE:DCW,38.0,38.05,38.0,38.0,1624.0
2021-05-27 10:54:00,NSE:DCW,38.05,38.1,38.05,38.1,1305.0
2021-05-27 10:55:00,NSE:DCW,38.05,38.1,38.05,38.1,101.0
2021-05-27 10:56:00,NSE:DCW,38.1,38.15,38.1,38.15,3500.0
2021-05-27 10:57:00,NSE:DCW,38.15,38.15,38.15,38.15,25.0
2021-05-27 10:58:00,NSE:DCW,38.1,38.15,38.1,38.15,1501.0
2021-05-27 10:59:00,NSE:DCW,38.1,38.15,38.1,38.15,160.0
2021-05-27 11:00:00,NSE:DCW,38.15,38.15,38.15,38.15,4010.0
2021-05-27 11:01:00,NSE:DCW,38.15,38.15,38.1,38.1,61.0
2021-05-27 11:02:00,NSE:DCW,38.15,38.15,38.1,38.15,1287.0
2021-05-27 11:03:00,NSE:DCW,38.15,38.15,38.15,38.15,1277.0
2021-05-27 11:04:00,NSE:DCW,38.1,38.15,38.1,38.1,1384.0
2021-05-27 11:05:00,NSE:DCW,38.15,38.15,38.15,38.15,125.0
2021-05-27 11:06:00,NSE:DCW,38.1,38.15,38.1,38.1,893.0
2021-05-27 11:07:00,NSE:DCW,38.1,38.1,38.1,38.1,21.0
2021-05-27 11:08:00,NSE:DCW,38.15,38.35,38.15,38.35,22521.0
2021-05-27 11:09:00,NSE:DCW,38.35,38.85,38.3,38.55,102421.0
2021-05-27 11:10:00,NSE:DCW,38.5,38.6,38.5,38.6,11498.0
2021-05-27 11:11:00,NSE:DCW,38.6,38.6,38.4,38.4,5780.0
2021-05-27 11:12:00,NSE:DCW,38.45,38.45,38.35,38.35,7532.0
2021-05-27 11:13:00,NSE:DCW,38.35,38.35,38.25,38.25,11770.0
2021-05-27 11:14:00,NSE:DCW,38.2,38.25,38.2,38.25,6125.0
2021-05-27 11:15:00,NSE:DCW,38.2,38.25,38.15,38.2,6373.0
2021-05-27 11:16:00,NSE:DCW,38.2,38.2,38.15,38.2,11303.0
2021-05-27 11:17:00,NSE:DCW,38.25,38.25,38.1,38.1,20851.0
2021-05-27 11:18:00,NSE:DCW,38.25,38.25,38.15,38.25,5593.0
2021-05-27 11:19:00,NSE:DCW,38.25,38.25,38.2,38.2,1322.0
2021-05-27 11:20:00,NSE:DCW,38.25,38.25,38.2,38.2,1602.0
2021-05-27 11:21:00,NSE:DCW,38.2,38.25,38.2,38.25,13.0
2021-05-27 11:22:00,NSE:DCW,38.25,38.25,38.25,38.25,445.0
2021-05-27 11:23:00,NSE:DCW,38.25,38.25,38.25,38.25,1347.0
2021-05-27 11:24:00,NSE:DCW,38.25,38.25,38.2,38.25,688.0
2021-05-27 11:25:00,NSE:DCW,38.15,38.25,38.15,38.25,5558.0
2021-05-27 11:26:00,NSE:DCW,38.15,38.25,38.15,38.25,1225.0
2021-05-27 11:27:00,NSE:DCW,38.15,38.2,38.15,38.2,1118.0
2021-05-27 11:28:00,NSE:DCW,38.2,38.2,38.15,38.15,3745.0
2021-05-27 11:29:00,NSE:DCW,38.15,38.15,38.15,38.15,2215.0
2021-05-27 11:31:00,NSE:DCW,38.15,38.2,38.15,38.15,2264.0
2021-05-27 11:32:00,NSE:DCW,38.2,38.25,38.15,38.25,785.0
2021-05-27 11:33:00,NSE:DCW,38.2,38.25,38.2,38.25,750.0
2021-05-27 11:34:00,NSE:DCW,38.2,38.2,38.15,38.2,2092.0
2021-05-27 11:35:00,NSE:DCW,38.2,38.2,38.15,38.2,572.0
2021-05-27 11:36:00,NSE:DCW,38.2,38.2,38.15,38.2,3022.0
2021-05-27 11:37:00,NSE:DCW,38.2,38.2,38.2,38.2,533.0
2021-05-27 11:38:00,NSE:DCW,38.15,38.15,38.15,38.15,145.0
2021-05-27 11:39:00,NSE:DCW,38.2,38.2,38.15,38.15,300.0
2021-05-27 11:40:00,NSE:DCW,38.2,38.2,38.2,38.2,100.0
2021-05-27 11:41:00,NSE:DCW,38.2,38.2,38.2,38.2,500.0
2021-05-27 11:42:00,NSE:DCW,38.2,38.2,38.15,38.15,1751.0
2021-05-27 11:43:00,NSE:DCW,38.15,38.15,38.15,38.15,1013.0
2021-05-27 11:44:00,NSE:DCW,38.2,38.2,38.15,38.15,95.0
2021-05-27 11:45:00,NSE:DCW,38.2,38.2,38.1,38.1,3955.0
2021-05-27 11:46:00,NSE:DCW,38.1,38.2,38.1,38.2,553.0
2021-05-27 11:47:00,NSE:DCW,38.1,38.2,38.1,38.2,2212.0
2021-05-27 11:48:00,NSE:DCW,38.2,38.2,38.1,38.1,101.0
2021-05-27 11:49:00,NSE:DCW,38.2,38.2,38.2,38.2,14.0
2021-05-27 11:50:00,NSE:DCW,38.1,38.15,38.1,38.15,600.0
2021-05-27 11:51:00,NSE:DCW,38.1,38.2,38.1,38.2,4800.0
2021-05-27 11:52:00,NSE:DCW,38.2,38.2,38.2,38.2,650.0
2021-05-27 11:53:00,NSE:DCW,38.2,38.2,38.2,38.2,3020.0
2021-05-27 11:54:00,NSE:DCW,38.2,38.2,38.15,38.15,1015.0
2021-05-27 11:55:00,NSE:DCW,38.15,38.2,38.15,38.2,1250.0
2021-05-27 11:56:00,NSE:DCW,38.2,38.2,38.2,38.2,758.0
2021-05-27 11:57:00,NSE:DCW,38.2,38.2,38.2,38.2,301.0
2021-05-27 11:58:00,NSE:DCW,38.15,38.15,38.15,38.15,1149.0
2021-05-27 11:59:00,NSE:DCW,38.15,38.2,38.1,38.15,1384.0
2021-05-27 12:00:00,NSE:DCW,38.15,38.15,38.15,38.15,130.0
2021-05-27 12:01:00,NSE:DCW,38.1,38.1,38.1,38.1,1817.0
2021-05-27 12:02:00,NSE:DCW,38.15,38.15,38.15,38.15,6.0
2021-05-27 12:03:00,NSE:DCW,38.1,38.15,38.1,38.1,3691.0
2021-05-27 12:04:00,NSE:DCW,38.1,38.1,38.0,38.05,26082.0
2021-05-27 12:05:00,NSE:DCW,38.0,38.0,37.95,37.95,1099.0
2021-05-27 12:06:00,NSE:DCW,38.0,38.0,37.9,37.9,8033.0
2021-05-27 12:07:00,NSE:DCW,37.95,37.95,37.95,37.95,519.0
2021-05-27 12:08:00,NSE:DCW,37.95,38.0,37.9,38.0,3500.0
2021-05-27 12:09:00,NSE:DCW,37.9,38.0,37.9,37.95,8568.0
2021-05-27 12:10:00,NSE:DCW,37.95,37.95,37.95,37.95,289.0
2021-05-27 12:11:00,NSE:DCW,37.95,37.95,37.95,37.95,850.0
2021-05-27 12:12:00,NSE:DCW,37.95,38.0,37.95,38.0,13409.0
2021-05-27 12:13:00,NSE:DCW,38.0,38.0,38.0,38.0,1001.0
2021-05-27 12:14:00,NSE:DCW,38.0,38.0,38.0,38.0,3.0
2021-05-27 12:15:00,NSE:DCW,38.0,38.1,38.0,38.0,7656.0
2021-05-27 12:16:00,NSE:DCW,38.1,38.1,38.0,38.0,412.0
2021-05-27 12:17:00,NSE:DCW,38.05,38.05,38.0,38.05,2412.0
2021-05-27 12:18:00,NSE:DCW,38.0,38.05,38.0,38.05,1015.0
2021-05-27 12:19:00,NSE:DCW,38.1,38.1,38.1,38.1,6199.0
2021-05-27 12:20:00,NSE:DCW,38.0,38.15,38.0,38.15,1300.0
2021-05-27 12:21:00,NSE:DCW,38.05,38.05,38.05,38.05,1000.0
2021-05-27 12:22:00,NSE:DCW,38.05,38.15,38.05,38.15,216.0
2021-05-27 12:23:00,NSE:DCW,38.15,38.15,38.15,38.15,1441.0
2021-05-27 12:24:00,NSE:DCW,38.05,38.05,38.05,38.05,1111.0
2021-05-27 12:25:00,NSE:DCW,38.05,38.05,38.05,38.05,1550.0
2021-05-27 12:26:00,NSE:DCW,38.05,38.05,38.05,38.05,100.0
2021-05-27 12:27:00,NSE:DCW,38.15,38.15,38.05,38.05,2000.0
2021-05-27 12:28:00,NSE:DCW,38.15,38.15,38.05,38.05,550.0
2021-05-27 12:29:00,NSE:DCW,38.05,38.15,38.0,38.15,1982.0
2021-05-27 12:30:00,NSE:DCW,38.15,38.15,38.15,38.15,120.0
2021-05-27 12:31:00,NSE:DCW,38.1,38.1,38.1,38.1,340.0
2021-05-27 12:32:00,NSE:DCW,38.05,38.1,38.05,38.1,750.0
2021-05-27 12:33:00,NSE:DCW,38.1,38.1,38.1,38.1,7.0
2021-05-27 12:34:00,NSE:DCW,38.1,38.15,38.05,38.15,1729.0
2021-05-27 12:35:00,NSE:DCW,38.15,38.15,38.1,38.1,2067.0
2021-05-27 12:36:00,NSE:DCW,38.15,38.15,38.15,38.15,300.0
2021-05-27 12:37:00,NSE:DCW,38.1,38.1,38.1,38.1,90.0
2021-05-27 12:38:00,NSE:DCW,38.05,38.1,38.0,38.1,1409.0
2021-05-27 12:39:00,NSE:DCW,38.15,38.15,38.05,38.05,9381.0
2021-05-27 12:40:00,NSE:DCW,38.1,38.1,38.05,38.1,2814.0
2021-05-27 12:41:00,NSE:DCW,38.1,38.1,38.05,38.05,3569.0
2021-05-27 12:42:00,NSE:DCW,38.05,38.1,38.05,38.1,16.0
2021-05-27 12:43:00,NSE:DCW,38.05,38.05,38.05,38.05,1466.0
2021-05-27 12:44:00,NSE:DCW,38.1,38.1,38.05,38.05,1075.0
2021-05-27 12:45:00,NSE:DCW,38.0,38.0,38.0,38.0,43.0
2021-05-27 12:46:00,NSE:DCW,38.0,38.1,38.0,38.1,2351.0
2021-05-27 12:47:00,NSE:DCW,38.0,38.1,38.0,38.1,136.0
2021-05-27 12:48:00,NSE:DCW,38.1,38.1,38.1,38.1,2.0
2021-05-27 12:49:00,NSE:DCW,38.05,38.05,38.05,38.05,244.0
2021-05-27 12:50:00,NSE:DCW,38.05,38.05,38.05,38.05,153.0
2021-05-27 12:51:00,NSE:DCW,38.05,38.05,38.05,38.05,120.0
2021-05-27 12:52:00,NSE:DCW,38.05,38.05,38.05,38.05,165.0
2021-05-27 12:54:00,NSE:DCW,38.0,38.0,38.0,38.0,350.0
2021-05-27 12:55:00,NSE:DCW,38.0,38.0,38.0,38.0,85.0
2021-05-27 12:57:00,NSE:DCW,38.05,38.05,38.0,38.05,1517.0
2021-05-27 12:58:00,NSE:DCW,38.05,38.05,38.05,38.05,1595.0
2021-05-27 12:59:00,NSE:DCW,38.1,38.1,38.05,38.05,1100.0
2021-05-27 13:00:00,NSE:DCW,38.1,38.1,38.1,38.1,1000.0
2021-05-27 13:01:00,NSE:DCW,38.1,38.1,38.05,38.05,650.0
2021-05-27 13:02:00,NSE:DCW,38.1,38.1,38.1,38.1,26.0
2021-05-27 13:03:00,NSE:DCW,38.1,38.1,38.05,38.1,1720.0
2021-05-27 13:04:00,NSE:DCW,38.15,38.2,38.15,38.2,10039.0
2021-05-27 13:05:00,NSE:DCW,38.1,38.2,38.1,38.2,749.0
2021-05-27 13:06:00,NSE:DCW,38.2,38.2,38.1,38.2,851.0
2021-05-27 13:07:00,NSE:DCW,38.1,38.1,38.1,38.1,400.0
2021-05-27 13:08:00,NSE:DCW,38.15,38.2,38.15,38.2,143.0
2021-05-27 13:09:00,NSE:DCW,38.15,38.15,38.15,38.15,250.0
2021-05-27 13:10:00,NSE:DCW,38.15,38.15,38.1,38.1,2781.0
2021-05-27 13:11:00,NSE:DCW,38.1,38.1,38.1,38.1,1500.0
2021-05-27 13:12:00,NSE:DCW,38.2,38.2,38.2,38.2,516.0
2021-05-27 13:13:00,NSE:DCW,38.2,38.2,38.2,38.2,20.0
2021-05-27 13:14:00,NSE:DCW,38.2,38.2,38.1,38.1,201.0
2021-05-27 13:15:00,NSE:DCW,38.1,38.1,38.1,38.1,1500.0
2021-05-27 13:16:00,NSE:DCW,38.2,38.2,38.1,38.1,625.0
2021-05-27 13:17:00,NSE:DCW,38.1,38.1,38.1,38.1,225.0
2021-05-27 13:18:00,NSE:DCW,38.1,38.15,38.1,38.1,1700.0
2021-05-27 13:19:00,NSE:DCW,38.2,38.2,38.2,38.2,402.0
2021-05-27 13:20:00,NSE:DCW,38.2,38.2,38.2,38.2,200.0
2021-05-27 13:21:00,NSE:DCW,38.2,38.2,38.1,38.2,2600.0
2021-05-27 13:22:00,NSE:DCW,38.2,38.2,38.2,38.2,159.0
2021-05-27 13:23:00,NSE:DCW,38.1,38.1,38.1,38.1,2100.0
2021-05-27 13:24:00,NSE:DCW,38.2,38.2,38.1,38.2,180.0
2021-05-27 13:25:00,NSE:DCW,38.15,38.15,38.15,38.15,200.0
2021-05-27 13:26:00,NSE:DCW,38.2,38.2,38.2,38.2,9.0
2021-05-27 13:28:00,NSE:DCW,38.2,38.2,38.15,38.15,331.0
2021-05-27 13:29:00,NSE:DCW,38.2,38.2,38.15,38.15,763.0
2021-05-27 13:30:00,NSE:DCW,38.2,38.2,38.15,38.15,279.0
2021-05-27 13:31:00,NSE:DCW,38.15,38.15,38.15,38.15,25.0
2021-05-27 13:32:00,NSE:DCW,38.15,38.15,38.15,38.15,3519.0
2021-05-27 13:33:00,NSE:DCW,38.1,38.1,38.1,38.1,350.0
2021-05-27 13:35:00,NSE:DCW,38.2,38.2,38.2,38.2,700.0
2021-05-27 13:36:00,NSE:DCW,38.2,38.2,38.2,38.2,2001.0
2021-05-27 13:37:00,NSE:DCW,38.2,38.2,38.2,38.2,66.0
2021-05-27 13:38:00,NSE:DCW,38.2,38.2,38.2,38.2,531.0
2021-05-27 13:39:00,NSE:DCW,38.2,38.2,38.2,38.2,10.0
2021-05-27 13:40:00,NSE:DCW,38.15,38.15,38.15,38.15,1000.0
2021-05-27 13:41:00,NSE:DCW,38.15,38.2,38.15,38.15,710.0
2021-05-27 13:42:00,NSE:DCW,38.2,38.2,38.2,38.2,50.0
2021-05-27 13:43:00,NSE:DCW,38.15,38.15,38.15,38.15,1200.0
2021-05-27 13:44:00,NSE:DCW,38.2,38.2,38.2,38.2,2550.0
2021-05-27 13:45:00,NSE:DCW,38.15,38.2,38.15,38.2,106.0
2021-05-27 13:46:00,NSE:DCW,38.2,38.25,38.2,38.25,7125.0
2021-05-27 13:47:00,NSE:DCW,38.25,38.25,38.25,38.25,100.0
2021-05-27 13:48:00,NSE:DCW,38.25,38.25,38.15,38.25,2689.0
2021-05-27 13:49:00,NSE:DCW,38.25,38.25,38.15,38.2,8275.0
2021-05-27 13:50:00,NSE:DCW,38.2,38.2,38.2,38.2,152.0
2021-05-27 13:51:00,NSE:DCW,38.15,38.15,38.15,38.15,1000.0
2021-05-27 13:52:00,NSE:DCW,38.15,38.15,38.15,38.15,3224.0
2021-05-27 13:53:00,NSE:DCW,38.1,38.1,38.1,38.1,999.0
2021-05-27 13:55:00,NSE:DCW,38.1,38.1,38.1,38.1,6750.0
2021-05-27 13:56:00,NSE:DCW,38.1,38.1,38.1,38.1,90.0
2021-05-27 13:57:00,NSE:DCW,38.1,38.1,38.1,38.1,1264.0
2021-05-27 13:58:00,NSE:DCW,38.05,38.15,38.05,38.05,6499.0
2021-05-27 13:59:00,NSE:DCW,38.05,38.05,38.05,38.05,500.0
2021-05-27 14:00:00,NSE:DCW,38.05,38.1,38.05,38.1,871.0
2021-05-27 14:01:00,NSE:DCW,38.1,38.1,38.05,38.1,2908.0
2021-05-27 14:02:00,NSE:DCW,38.05,38.1,38.0,38.05,11560.0
2021-05-27 14:03:00,NSE:DCW,38.1,38.1,38.1,38.1,1255.0
2021-05-27 14:04:00,NSE:DCW,38.05,38.1,38.05,38.05,720.0
2021-05-27 14:05:00,NSE:DCW,38.1,38.1,38.1,38.1,270.0
2021-05-27 14:06:00,NSE:DCW,38.1,38.1,38.1,38.1,1.0
2021-05-27 14:07:00,NSE:DCW,38.1,38.1,38.05,38.05,950.0
2021-05-27 14:08:00,NSE:DCW,38.0,38.0,38.0,38.0,500.0
2021-05-27 14:09:00,NSE:DCW,38.0,38.05,38.0,38.0,18027.0
2021-05-27 14:10:00,NSE:DCW,38.0,38.0,37.9,37.95,2945.0
2021-05-27 14:11:00,NSE:DCW,37.95,37.95,37.9,37.95,338.0
2021-05-27 14:12:00,NSE:DCW,37.9,37.95,37.9,37.95,1270.0
2021-05-27 14:13:00,NSE:DCW,37.95,37.95,37.9,37.95,1705.0
2021-05-27 14:14:00,NSE:DCW,37.9,37.95,37.85,37.95,7881.0
2021-05-27 14:15:00,NSE:DCW,37.85,37.95,37.85,37.85,5126.0
2021-05-27 14:16:00,NSE:DCW,37.85,37.85,37.85,37.85,5065.0
2021-05-27 14:17:00,NSE:DCW,37.8,37.95,37.8,37.85,4570.0
2021-05-27 14:18:00,NSE:DCW,37.9,37.9,37.9,37.9,1250.0
2021-05-27 14:19:00,NSE:DCW,37.9,37.9,37.9,37.9,138.0
2021-05-27 14:20:00,NSE:DCW,37.85,37.9,37.85,37.9,979.0
2021-05-27 14:21:00,NSE:DCW,37.9,37.9,37.85,37.85,1100.0
2021-05-27 14:22:00,NSE:DCW,37.85,37.85,37.85,37.85,310.0
2021-05-27 14:23:00,NSE:DCW,37.85,37.9,37.85,37.9,1040.0
2021-05-27 14:24:00,NSE:DCW,37.9,37.9,37.85,37.85,2230.0
2021-05-27 14:25:00,NSE:DCW,37.9,37.9,37.85,37.9,1433.0
2021-05-27 14:26:00,NSE:DCW,37.85,37.9,37.85,37.9,4434.0
2021-05-27 14:27:00,NSE:DCW,37.85,37.9,37.8,37.9,9696.0
2021-05-27 14:28:00,NSE:DCW,37.8,37.85,37.8,37.85,10822.0
2021-05-27 14:29:00,NSE:DCW,37.8,37.85,37.8,37.85,500.0
2021-05-27 14:30:00,NSE:DCW,37.75,37.85,37.75,37.85,1151.0
2021-05-27 14:31:00,NSE:DCW,37.75,37.8,37.75,37.75,6357.0
2021-05-27 14:32:00,NSE:DCW,37.75,37.75,37.7,37.75,7186.0
2021-05-27 14:33:00,NSE:DCW,37.75,37.75,37.7,37.75,2892.0
2021-05-27 14:34:00,NSE:DCW,37.7,37.75,37.7,37.75,11695.0
2021-05-27 14:35:00,NSE:DCW,37.8,37.8,37.8,37.8,2832.0
2021-05-27 14:36:00,NSE:DCW,37.85,37.85,37.85,37.85,2339.0
2021-05-27 14:37:00,NSE:DCW,37.85,37.9,37.8,37.8,8881.0
2021-05-27 14:38:00,NSE:DCW,37.9,37.9,37.8,37.9,7300.0
2021-05-27 14:39:00,NSE:DCW,37.9,37.9,37.85,37.85,10545.0
2021-05-27 14:40:00,NSE:DCW,37.85,37.9,37.85,37.85,1699.0
2021-05-27 14:41:00,NSE:DCW,37.9,37.9,37.85,37.85,528.0
2021-05-27 14:42:00,NSE:DCW,37.8,37.8,37.8,37.8,3765.0
2021-05-27 14:43:00,NSE:DCW,37.9,37.9,37.85,37.85,29118.0
2021-05-27 14:44:00,NSE:DCW,37.8,37.85,37.8,37.8,1129.0
2021-05-27 14:45:00,NSE:DCW,37.8,37.8,37.7,37.75,7105.0
2021-05-27 14:46:00,NSE:DCW,37.75,37.8,37.75,37.75,1800.0
2021-05-27 14:47:00,NSE:DCW,37.75,37.85,37.75,37.8,2130.0
2021-05-27 14:48:00,NSE:DCW,37.8,37.8,37.8,37.8,2000.0
2021-05-27 14:49:00,NSE:DCW,37.85,37.85,37.75,37.75,1643.0
2021-05-27 14:50:00,NSE:DCW,37.8,37.8,37.75,37.8,3085.0
2021-05-27 14:51:00,NSE:DCW,37.8,37.8,37.7,37.7,9381.0
2021-05-27 14:52:00,NSE:DCW,37.65,37.8,37.65,37.8,16355.0
2021-05-27 14:53:00,NSE:DCW,37.8,37.8,37.75,37.75,656.0
2021-05-27 14:54:00,NSE:DCW,37.85,37.9,37.75,37.85,6601.0
2021-05-27 14:55:00,NSE:DCW,37.9,37.9,37.8,37.9,1253.0
2021-05-27 14:56:00,NSE:DCW,37.9,37.9,37.8,37.85,2909.0
2021-05-27 14:57:00,NSE:DCW,37.85,37.85,37.8,37.8,2200.0
2021-05-27 14:58:00,NSE:DCW,37.85,37.9,37.85,37.9,8157.0
2021-05-27 14:59:00,NSE:DCW,37.85,37.9,37.85,37.85,6900.0
2021-05-27 15:00:00,NSE:DCW,37.9,37.9,37.85,37.85,3687.0
2021-05-27 15:01:00,NSE:DCW,37.85,37.9,37.85,37.9,3056.0
2021-05-27 15:02:00,NSE:DCW,37.9,37.9,37.85,37.85,9543.0
2021-05-27 15:03:00,NSE:DCW,37.85,37.9,37.85,37.9,1390.0
2021-05-27 15:04:00,NSE:DCW,37.85,37.9,37.8,37.9,7044.0
2021-05-27 15:05:00,NSE:DCW,37.85,37.85,37.85,37.85,100.0
2021-05-27 15:06:00,NSE:DCW,37.85,37.9,37.85,37.9,455.0
2021-05-27 15:07:00,NSE:DCW,37.85,37.9,37.8,37.9,1929.0
2021-05-27 15:08:00,NSE:DCW,37.85,37.9,37.8,37.9,5637.0
2021-05-27 15:09:00,NSE:DCW,37.85,37.85,37.8,37.8,884.0
2021-05-27 15:10:00,NSE:DCW,37.85,37.85,37.85,37.85,6101.0
2021-05-27 15:11:00,NSE:DCW,37.85,37.85,37.85,37.85,4496.0
2021-05-27 15:12:00,NSE:DCW,37.85,37.85,37.85,37.85,976.0
2021-05-27 15:13:00,NSE:DCW,37.8,37.85,37.8,37.8,8572.0
2021-05-27 15:14:00,NSE:DCW,37.8,37.85,37.8,37.85,8991.0
2021-05-27 15:15:00,NSE:DCW,37.8,37.8,37.75,37.75,3550.0
2021-05-27 15:16:00,NSE:DCW,37.75,37.8,37.65,37.65,21391.0
2021-05-27 15:17:00,NSE:DCW,37.8,37.8,37.65,37.8,3313.0
2021-05-27 15:18:00,NSE:DCW,37.8,37.8,37.7,37.8,5186.0
2021-05-27 15:19:00,NSE:DCW,37.8,37.85,37.8,37.85,4215.0
2021-05-27 15:20:00,NSE:DCW,37.85,37.85,37.75,37.8,17057.0
2021-05-27 15:21:00,NSE:DCW,37.75,37.8,37.7,37.7,9969.0
2021-05-27 15:22:00,NSE:DCW,37.8,37.8,37.7,37.75,7591.0
2021-05-27 15:23:00,NSE:DCW,37.7,37.75,37.7,37.75,20654.0
2021-05-27 15:24:00,NSE:DCW,37.75,37.75,37.7,37.7,10200.0
2021-05-27 15:25:00,NSE:DCW,37.7,37.75,37.65,37.65,30909.0
2021-05-27 15:26:00,NSE:DCW,37.6,37.65,37.6,37.65,17452.0
2021-05-27 15:27:00,NSE:DCW,37.6,37.75,37.6,37.7,15388.0
2021-05-27 15:28:00,NSE:DCW,37.65,37.7,37.65,37.7,11116.0
2021-05-27 15:29:00,NSE:DCW,37.7,37.7,37.65,37.7,14676.0
2021-05-27 15:30:00,NSE:DCW,37.7,37.7,37.7,37.7,69.0
2021-05-27 15:40:00,NSE:DCW,37.75,37.75,37.7,37.7,5000.0
2021-05-27 15:41:00,NSE:DCW,37.75,37.75,37.7,37.7,798.0
2021-05-27 15:42:00,NSE:DCW,37.75,37.75,37.7,37.7,500.0
2021-05-27 15:46:00,NSE:DCW,37.75,37.75,37.7,37.7,1000.0
2021-05-27 15:48:00,NSE:DCW,37.75,37.75,37.7,37.75,3015.0
2021-05-27 15:49:00,NSE:DCW,37.75,37.75,37.75,37.75,560.0
2021-05-27 15:50:00,NSE:DCW,37.75,37.75,37.75,37.75,5.0
2021-05-27 15:55:00,NSE:DCW,37.75,37.75,37.75,37.75,100.0
2021-05-28 09:07:00,NSE:DCW,38.3,38.3,38.3,38.3,23806.0
2021-05-28 09:15:00,NSE:DCW,38.65,39.2,38.55,39.2,81205.0
2021-05-28 09:16:00,NSE:DCW,39.2,39.2,38.65,38.9,121856.0
2021-05-28 09:17:00,NSE:DCW,38.8,39.0,38.8,38.85,60464.0
2021-05-28 09:18:00,NSE:DCW,38.85,38.85,38.7,38.8,20231.0
2021-05-28 09:19:00,NSE:DCW,38.7,38.75,38.7,38.7,15710.0
2021-05-28 09:20:00,NSE:DCW,38.8,38.8,38.6,38.6,14398.0
2021-05-28 09:21:00,NSE:DCW,38.65,38.7,38.6,38.7,12533.0
2021-05-28 09:22:00,NSE:DCW,38.7,38.75,38.65,38.65,16968.0
2021-05-28 09:23:00,NSE:DCW,38.65,38.7,38.6,38.7,9551.0
2021-05-28 09:24:00,NSE:DCW,38.7,38.7,38.6,38.7,9882.0
2021-05-28 09:25:00,NSE:DCW,38.7,38.75,38.6,38.7,18927.0
2021-05-28 09:26:00,NSE:DCW,38.7,38.7,38.6,38.7,15368.0
2021-05-28 09:27:00,NSE:DCW,38.6,38.65,38.55,38.6,4880.0
2021-05-28 09:28:00,NSE:DCW,38.6,38.6,38.5,38.55,10989.0
2021-05-28 09:29:00,NSE:DCW,38.55,38.6,38.5,38.55,21248.0
2021-05-28 09:30:00,NSE:DCW,38.55,38.6,38.5,38.5,17042.0
2021-05-28 09:31:00,NSE:DCW,38.55,38.55,38.5,38.55,14841.0
2021-05-28 09:32:00,NSE:DCW,38.55,38.55,38.45,38.5,8642.0
2021-05-28 09:33:00,NSE:DCW,38.55,38.55,38.5,38.55,11204.0
2021-05-28 09:34:00,NSE:DCW,38.5,38.55,38.35,38.4,35175.0
2021-05-28 09:35:00,NSE:DCW,38.55,38.55,38.4,38.45,3867.0
2021-05-28 09:36:00,NSE:DCW,38.5,38.5,38.4,38.5,1398.0
2021-05-28 09:37:00,NSE:DCW,38.5,38.5,38.4,38.4,2406.0
2021-05-28 09:38:00,NSE:DCW,38.45,38.45,38.4,38.45,11893.0
2021-05-28 09:39:00,NSE:DCW,38.45,38.45,38.4,38.45,5101.0
2021-05-28 09:40:00,NSE:DCW,38.45,38.45,38.4,38.4,5654.0
2021-05-28 09:41:00,NSE:DCW,38.4,38.45,38.35,38.45,9056.0
2021-05-28 09:42:00,NSE:DCW,38.4,38.45,38.35,38.45,1858.0
2021-05-28 09:43:00,NSE:DCW,38.45,38.45,38.35,38.35,6186.0
2021-05-28 09:44:00,NSE:DCW,38.4,38.4,38.35,38.35,3777.0
2021-05-28 09:45:00,NSE:DCW,38.4,38.4,38.35,38.4,10334.0
2021-05-28 09:46:00,NSE:DCW,38.4,38.4,38.35,38.4,3435.0
2021-05-28 09:47:00,NSE:DCW,38.4,38.4,38.35,38.4,29996.0
2021-05-28 09:48:00,NSE:DCW,38.4,38.4,38.35,38.35,4673.0
2021-05-28 09:49:00,NSE:DCW,38.4,38.4,38.35,38.35,1586.0
2021-05-28 09:50:00,NSE:DCW,38.35,38.4,38.35,38.35,2533.0
2021-05-28 09:51:00,NSE:DCW,38.35,38.45,38.35,38.45,15420.0
2021-05-28 09:52:00,NSE:DCW,38.45,38.45,38.35,38.45,7412.0
2021-05-28 09:53:00,NSE:DCW,38.45,38.45,38.4,38.45,2863.0
2021-05-28 09:54:00,NSE:DCW,38.35,38.45,38.35,38.45,747.0
2021-05-28 09:55:00,NSE:DCW,38.4,38.45,38.35,38.35,10446.0
2021-05-28 09:56:00,NSE:DCW,38.45,38.45,38.35,38.35,5446.0
2021-05-28 09:57:00,NSE:DCW,38.4,38.4,38.35,38.4,1649.0
2021-05-28 09:58:00,NSE:DCW,38.35,38.45,38.35,38.4,3409.0
2021-05-28 09:59:00,NSE:DCW,38.5,38.5,38.35,38.4,51676.0
2021-05-28 10:00:00,NSE:DCW,38.35,38.45,38.35,38.35,2633.0
2021-05-28 10:01:00,NSE:DCW,38.45,38.45,38.15,38.25,46623.0
2021-05-28 10:02:00,NSE:DCW,38.25,39.1,38.25,39.1,154511.0
2021-05-28 10:03:00,NSE:DCW,39.05,39.1,39.0,39.1,96990.0
2021-05-28 10:04:00,NSE:DCW,39.05,39.4,39.05,39.35,125785.0
2021-05-28 10:05:00,NSE:DCW,39.3,39.45,39.3,39.4,112997.0
2021-05-28 10:06:00,NSE:DCW,39.4,39.6,39.4,39.4,199615.0
2021-05-28 10:07:00,NSE:DCW,39.5,39.5,39.2,39.35,48721.0
2021-05-28 10:08:00,NSE:DCW,39.3,39.35,39.25,39.25,67638.0
2021-05-28 10:09:00,NSE:DCW,39.25,39.3,39.2,39.2,33807.0
2021-05-28 10:10:00,NSE:DCW,39.25,39.25,39.15,39.15,28105.0
2021-05-28 10:11:00,NSE:DCW,39.1,39.15,39.0,39.0,20362.0
2021-05-28 10:12:00,NSE:DCW,39.0,39.15,39.0,39.05,14905.0
2021-05-28 10:13:00,NSE:DCW,39.15,39.4,39.1,39.35,92575.0
2021-05-28 10:14:00,NSE:DCW,39.35,39.35,39.25,39.3,69322.0
2021-05-28 10:15:00,NSE:DCW,39.3,39.35,39.2,39.3,35605.0
2021-05-28 10:16:00,NSE:DCW,39.3,39.3,39.05,39.15,15723.0
2021-05-28 10:17:00,NSE:DCW,39.0,39.1,39.0,39.1,37079.0
2021-05-28 10:18:00,NSE:DCW,39.1,39.2,39.0,39.15,13450.0
2021-05-28 10:19:00,NSE:DCW,39.15,39.2,39.0,39.05,22597.0
2021-05-28 10:20:00,NSE:DCW,39.0,39.1,38.9,38.9,16236.0
2021-05-28 10:21:00,NSE:DCW,38.9,39.0,38.9,38.9,11328.0
2021-05-28 10:22:00,NSE:DCW,38.95,39.0,38.85,38.95,15080.0
2021-05-28 10:23:00,NSE:DCW,38.95,38.95,38.85,38.95,6172.0
2021-05-28 10:24:00,NSE:DCW,38.9,38.9,38.85,38.85,8940.0
2021-05-28 10:25:00,NSE:DCW,38.9,38.9,38.85,38.9,5748.0
2021-05-28 10:26:00,NSE:DCW,38.85,38.9,38.85,38.9,1520.0
2021-05-28 10:27:00,NSE:DCW,38.9,38.9,38.85,38.85,2702.0
2021-05-28 10:28:00,NSE:DCW,38.85,38.9,38.85,38.9,882.0
2021-05-28 10:29:00,NSE:DCW,38.9,38.9,38.8,38.85,12889.0
2021-05-28 10:30:00,NSE:DCW,38.85,38.9,38.8,38.8,2160.0
2021-05-28 10:31:00,NSE:DCW,38.9,38.9,38.8,38.85,5640.0
2021-05-28 10:32:00,NSE:DCW,38.9,38.95,38.85,38.85,2440.0
2021-05-28 10:33:00,NSE:DCW,38.95,38.95,38.85,38.95,5515.0
2021-05-28 10:34:00,NSE:DCW,38.85,38.95,38.85,38.95,4713.0
2021-05-28 10:35:00,NSE:DCW,38.9,38.95,38.85,38.95,2866.0
2021-05-28 10:36:00,NSE:DCW,38.9,39.0,38.85,39.0,16839.0
2021-05-28 10:37:00,NSE:DCW,38.9,38.95,38.9,38.95,1337.0
2021-05-28 10:38:00,NSE:DCW,38.9,39.05,38.9,39.0,21123.0
2021-05-28 10:39:00,NSE:DCW,39.0,39.05,39.0,39.0,1456.0
2021-05-28 10:40:00,NSE:DCW,39.0,39.05,38.95,38.95,3392.0
2021-05-28 10:41:00,NSE:DCW,39.0,39.05,38.95,39.05,1446.0
2021-05-28 10:42:00,NSE:DCW,39.05,39.05,38.95,38.95,3286.0
2021-05-28 10:43:00,NSE:DCW,38.9,39.05,38.9,39.05,3789.0
2021-05-28 10:44:00,NSE:DCW,38.95,38.95,38.75,38.75,21756.0
2021-05-28 10:45:00,NSE:DCW,38.8,38.8,38.7,38.8,5769.0
2021-05-28 10:46:00,NSE:DCW,38.8,38.8,38.75,38.75,9699.0
2021-05-28 10:47:00,NSE:DCW,38.85,38.95,38.7,38.95,10143.0
2021-05-28 10:48:00,NSE:DCW,38.85,38.95,38.85,38.85,1143.0
2021-05-28 10:49:00,NSE:DCW,38.85,38.9,38.8,38.8,14470.0
2021-05-28 10:50:00,NSE:DCW,38.8,38.8,38.7,38.8,2668.0
2021-05-28 10:51:00,NSE:DCW,38.75,38.75,38.65,38.65,38207.0
2021-05-28 10:52:00,NSE:DCW,38.7,38.7,38.6,38.65,2536.0
2021-05-28 10:53:00,NSE:DCW,38.65,38.7,38.65,38.7,2232.0
2021-05-28 10:54:00,NSE:DCW,38.7,38.8,38.65,38.7,9473.0
2021-05-28 10:55:00,NSE:DCW,38.7,38.8,38.7,38.7,8152.0
2021-05-28 10:56:00,NSE:DCW,38.75,38.75,38.65,38.65,16061.0
2021-05-28 10:57:00,NSE:DCW,38.65,38.8,38.65,38.8,5010.0
2021-05-28 10:58:00,NSE:DCW,38.7,38.9,38.7,38.8,10504.0
2021-05-28 10:59:00,NSE:DCW,38.85,38.9,38.85,38.9,4732.0
2021-05-28 11:00:00,NSE:DCW,38.85,38.9,38.85,38.85,665.0
2021-05-28 11:01:00,NSE:DCW,38.85,38.9,38.85,38.85,4027.0
2021-05-28 11:02:00,NSE:DCW,38.8,38.85,38.7,38.7,6622.0
2021-05-28 11:03:00,NSE:DCW,38.85,38.85,38.65,38.65,10399.0
2021-05-28 11:04:00,NSE:DCW,38.75,38.75,38.65,38.7,3477.0
2021-05-28 11:05:00,NSE:DCW,38.65,38.7,38.6,38.65,2901.0
2021-05-28 11:06:00,NSE:DCW,38.65,38.7,38.6,38.6,5618.0
2021-05-28 11:07:00,NSE:DCW,38.7,38.7,38.6,38.6,510.0
2021-05-28 11:08:00,NSE:DCW,38.7,38.7,38.6,38.7,2002.0
2021-05-28 11:09:00,NSE:DCW,38.7,38.7,38.6,38.7,3599.0
2021-05-28 11:10:00,NSE:DCW,38.7,38.7,38.65,38.7,3328.0
2021-05-28 11:11:00,NSE:DCW,38.7,38.7,38.7,38.7,161.0
2021-05-28 11:12:00,NSE:DCW,38.7,38.7,38.6,38.65,4014.0
2021-05-28 11:13:00,NSE:DCW,38.6,38.6,38.55,38.6,2307.0
2021-05-28 11:14:00,NSE:DCW,38.55,38.6,38.55,38.6,1411.0
2021-05-28 11:15:00,NSE:DCW,38.6,38.6,38.4,38.5,17480.0
2021-05-28 11:16:00,NSE:DCW,38.5,38.5,38.45,38.45,525.0
2021-05-28 11:17:00,NSE:DCW,38.45,38.5,38.3,38.4,32452.0
2021-05-28 11:18:00,NSE:DCW,38.45,38.45,38.35,38.35,2750.0
2021-05-28 11:19:00,NSE:DCW,38.35,38.5,38.35,38.5,2035.0
2021-05-28 11:20:00,NSE:DCW,38.5,38.6,38.45,38.6,26230.0
2021-05-28 11:21:00,NSE:DCW,38.65,38.65,38.55,38.65,4898.0
2021-05-28 11:22:00,NSE:DCW,38.65,38.7,38.65,38.65,10647.0
2021-05-28 11:23:00,NSE:DCW,38.55,38.65,38.55,38.6,2254.0
2021-05-28 11:24:00,NSE:DCW,38.55,38.6,38.5,38.5,4150.0
2021-05-28 11:25:00,NSE:DCW,38.6,38.6,38.5,38.5,2171.0
2021-05-28 11:26:00,NSE:DCW,38.6,38.6,38.6,38.6,2650.0
2021-05-28 11:27:00,NSE:DCW,38.6,38.6,38.5,38.55,1279.0
2021-05-28 11:28:00,NSE:DCW,38.5,38.5,38.5,38.5,1070.0
2021-05-28 11:29:00,NSE:DCW,38.5,38.5,38.5,38.5,50.0
2021-05-28 11:30:00,NSE:DCW,38.5,38.55,38.5,38.5,2746.0
2021-05-28 11:31:00,NSE:DCW,38.5,38.55,38.5,38.5,2521.0
2021-05-28 11:32:00,NSE:DCW,38.55,38.6,38.55,38.6,2253.0
2021-05-28 11:33:00,NSE:DCW,38.55,38.6,38.5,38.6,1836.0
2021-05-28 11:34:00,NSE:DCW,38.6,38.6,38.55,38.6,1020.0
2021-05-28 11:35:00,NSE:DCW,38.6,38.6,38.55,38.55,555.0
2021-05-28 11:36:00,NSE:DCW,38.6,38.6,38.55,38.6,832.0
2021-05-28 11:37:00,NSE:DCW,38.55,38.65,38.55,38.65,2175.0
2021-05-28 11:38:00,NSE:DCW,38.65,38.65,38.6,38.6,1985.0
2021-05-28 11:39:00,NSE:DCW,38.6,38.8,38.6,38.8,37998.0
2021-05-28 11:40:00,NSE:DCW,38.85,38.85,38.75,38.75,5025.0
2021-05-28 11:41:00,NSE:DCW,38.75,38.75,38.7,38.7,1208.0
2021-05-28 11:42:00,NSE:DCW,38.75,38.75,38.7,38.75,305.0
2021-05-28 11:43:00,NSE:DCW,38.75,38.75,38.7,38.7,922.0
2021-05-28 11:44:00,NSE:DCW,38.7,38.7,38.65,38.7,4181.0
2021-05-28 11:45:00,NSE:DCW,38.65,38.7,38.65,38.7,1579.0
2021-05-28 11:46:00,NSE:DCW,38.7,38.7,38.7,38.7,239.0
2021-05-28 11:47:00,NSE:DCW,38.7,38.7,38.7,38.7,10348.0
2021-05-28 11:48:00,NSE:DCW,38.45,38.5,38.4,38.5,37868.0
2021-05-28 11:49:00,NSE:DCW,38.4,38.5,38.4,38.4,19000.0
2021-05-28 11:50:00,NSE:DCW,38.45,38.45,38.4,38.45,21751.0
2021-05-28 11:51:00,NSE:DCW,38.45,38.45,38.35,38.35,450.0
2021-05-28 11:52:00,NSE:DCW,38.35,38.35,38.3,38.35,6234.0
2021-05-28 11:53:00,NSE:DCW,38.35,38.4,38.25,38.25,25843.0
2021-05-28 11:54:00,NSE:DCW,38.25,38.4,38.25,38.4,2589.0
2021-05-28 11:55:00,NSE:DCW,38.45,38.45,38.35,38.45,1711.0
2021-05-28 11:56:00,NSE:DCW,38.45,38.45,38.4,38.4,418.0
2021-05-28 11:57:00,NSE:DCW,38.4,38.45,38.4,38.45,1440.0
2021-05-28 11:58:00,NSE:DCW,38.4,38.55,38.4,38.55,7683.0
2021-05-28 11:59:00,NSE:DCW,38.6,38.6,38.5,38.55,1505.0
2021-05-28 12:00:00,NSE:DCW,38.55,38.6,38.55,38.6,1011.0
2021-05-28 12:01:00,NSE:DCW,38.5,38.55,38.5,38.5,1433.0
2021-05-28 12:02:00,NSE:DCW,38.55,38.65,38.55,38.65,5231.0
2021-05-28 12:03:00,NSE:DCW,38.55,38.55,38.5,38.5,3167.0
2021-05-28 12:04:00,NSE:DCW,38.45,38.45,38.45,38.45,115.0
2021-05-28 12:05:00,NSE:DCW,38.3,38.55,38.3,38.55,20001.0
2021-05-28 12:06:00,NSE:DCW,38.45,38.5,38.45,38.5,700.0
2021-05-28 12:07:00,NSE:DCW,38.55,38.55,38.5,38.5,1251.0
2021-05-28 12:08:00,NSE:DCW,38.5,38.55,38.45,38.45,2316.0
2021-05-28 12:09:00,NSE:DCW,38.45,38.55,38.45,38.5,1654.0
2021-05-28 12:10:00,NSE:DCW,38.55,38.65,38.55,38.65,20272.0
2021-05-28 12:11:00,NSE:DCW,38.65,38.7,38.65,38.7,901.0
2021-05-28 12:12:00,NSE:DCW,38.7,38.75,38.6,38.7,6517.0
2021-05-28 12:13:00,NSE:DCW,38.7,38.7,38.6,38.6,1805.0
2021-05-28 12:14:00,NSE:DCW,38.6,38.7,38.6,38.7,446.0
2021-05-28 12:15:00,NSE:DCW,38.7,38.7,38.7,38.7,3.0
2021-05-28 12:16:00,NSE:DCW,38.6,38.7,38.6,38.7,2954.0
2021-05-28 12:17:00,NSE:DCW,38.7,38.7,38.6,38.65,1701.0
2021-05-28 12:18:00,NSE:DCW,38.6,38.7,38.6,38.65,2500.0
2021-05-28 12:19:00,NSE:DCW,38.7,38.7,38.7,38.7,233.0
2021-05-28 12:20:00,NSE:DCW,38.65,38.65,38.6,38.6,200.0
2021-05-28 12:21:00,NSE:DCW,38.6,38.6,38.6,38.6,502.0
2021-05-28 12:22:00,NSE:DCW,38.55,38.65,38.55,38.65,1433.0
2021-05-28 12:23:00,NSE:DCW,38.55,38.65,38.55,38.65,612.0
2021-05-28 12:24:00,NSE:DCW,38.65,38.65,38.55,38.65,3625.0
2021-05-28 12:25:00,NSE:DCW,38.55,38.65,38.55,38.65,509.0
2021-05-28 12:27:00,NSE:DCW,38.65,38.65,38.55,38.55,632.0
2021-05-28 12:28:00,NSE:DCW,38.55,38.55,38.55,38.55,820.0
2021-05-28 12:29:00,NSE:DCW,38.55,38.65,38.55,38.65,1130.0
2021-05-28 12:30:00,NSE:DCW,38.6,38.6,38.6,38.6,2203.0
2021-05-28 12:31:00,NSE:DCW,38.6,38.6,38.55,38.55,2453.0
2021-05-28 12:32:00,NSE:DCW,38.55,38.6,38.5,38.5,2964.0
2021-05-28 12:33:00,NSE:DCW,38.55,38.55,38.45,38.45,975.0
2021-05-28 12:34:00,NSE:DCW,38.4,38.4,38.35,38.35,5234.0
2021-05-28 12:35:00,NSE:DCW,38.4,38.4,38.35,38.4,1302.0
2021-05-28 12:36:00,NSE:DCW,38.4,38.4,38.35,38.4,4150.0
2021-05-28 12:37:00,NSE:DCW,38.4,38.5,38.4,38.5,1381.0
2021-05-28 12:38:00,NSE:DCW,38.5,38.5,38.45,38.5,554.0
2021-05-28 12:39:00,NSE:DCW,38.5,38.5,38.45,38.45,136.0
2021-05-28 12:40:00,NSE:DCW,38.5,38.5,38.4,38.5,710.0
2021-05-28 12:41:00,NSE:DCW,38.4,38.4,38.4,38.4,3389.0
2021-05-28 12:42:00,NSE:DCW,38.4,38.4,38.25,38.3,8405.0
2021-05-28 12:43:00,NSE:DCW,38.3,38.45,38.3,38.45,8694.0
2021-05-28 12:44:00,NSE:DCW,38.45,38.45,38.35,38.45,402.0
2021-05-28 12:45:00,NSE:DCW,38.35,38.35,38.35,38.35,1500.0
2021-05-28 12:46:00,NSE:DCW,38.45,38.45,38.4,38.45,1210.0
2021-05-28 12:47:00,NSE:DCW,38.45,38.45,38.4,38.45,897.0
2021-05-28 12:48:00,NSE:DCW,38.4,38.4,38.4,38.4,93.0
2021-05-28 12:49:00,NSE:DCW,38.5,38.5,38.4,38.4,1137.0
2021-05-28 12:50:00,NSE:DCW,38.4,38.5,38.4,38.5,1200.0
2021-05-28 12:51:00,NSE:DCW,38.5,38.5,38.4,38.5,2562.0
2021-05-28 12:52:00,NSE:DCW,38.45,38.5,38.45,38.5,610.0
2021-05-28 12:53:00,NSE:DCW,38.45,38.45,38.4,38.45,657.0
2021-05-28 12:54:00,NSE:DCW,38.45,38.45,38.45,38.45,631.0
2021-05-28 12:55:00,NSE:DCW,38.45,38.45,38.4,38.4,4694.0
2021-05-28 12:56:00,NSE:DCW,38.4,38.4,38.4,38.4,68.0
2021-05-28 12:57:00,NSE:DCW,38.4,38.4,38.4,38.4,105.0
2021-05-28 12:58:00,NSE:DCW,38.4,38.4,38.3,38.3,2934.0
2021-05-28 12:59:00,NSE:DCW,38.3,38.4,38.3,38.4,230.0
2021-05-28 13:00:00,NSE:DCW,38.4,38.4,38.35,38.35,438.0
2021-05-28 13:01:00,NSE:DCW,38.4,38.45,38.4,38.45,2325.0
2021-05-28 13:02:00,NSE:DCW,38.4,38.45,38.4,38.45,701.0
2021-05-28 13:03:00,NSE:DCW,38.45,38.45,38.4,38.45,9377.0
2021-05-28 13:04:00,NSE:DCW,38.5,38.5,38.4,38.4,2015.0
2021-05-28 13:05:00,NSE:DCW,38.35,38.4,38.35,38.4,5100.0
2021-05-28 13:06:00,NSE:DCW,38.5,38.5,38.4,38.4,670.0
2021-05-28 13:07:00,NSE:DCW,38.4,38.45,38.4,38.45,535.0
2021-05-28 13:08:00,NSE:DCW,38.45,38.45,38.4,38.45,655.0
2021-05-28 13:09:00,NSE:DCW,38.4,38.45,38.4,38.45,7170.0
2021-05-28 13:10:00,NSE:DCW,38.45,38.5,38.4,38.4,1500.0
2021-05-28 13:11:00,NSE:DCW,38.5,38.5,38.4,38.4,6113.0
2021-05-28 13:12:00,NSE:DCW,38.4,38.4,38.35,38.35,324.0
2021-05-28 13:13:00,NSE:DCW,38.4,38.4,38.35,38.35,989.0
2021-05-28 13:14:00,NSE:DCW,38.3,38.3,38.15,38.25,37850.0
2021-05-28 13:15:00,NSE:DCW,38.25,38.3,38.2,38.3,3581.0
2021-05-28 13:16:00,NSE:DCW,38.2,38.35,38.2,38.35,6923.0
2021-05-28 13:17:00,NSE:DCW,38.25,38.3,38.25,38.3,1021.0
2021-05-28 13:18:00,NSE:DCW,38.3,38.35,38.3,38.35,105.0
2021-05-28 13:19:00,NSE:DCW,38.35,38.35,38.35,38.35,1425.0
2021-05-28 13:20:00,NSE:DCW,38.35,38.35,38.35,38.35,944.0
2021-05-28 13:21:00,NSE:DCW,38.3,38.3,38.3,38.3,505.0
2021-05-28 13:22:00,NSE:DCW,38.35,38.35,38.3,38.35,858.0
2021-05-28 13:23:00,NSE:DCW,38.35,38.35,38.3,38.35,4061.0
2021-05-28 13:24:00,NSE:DCW,38.35,38.35,38.3,38.3,969.0
2021-05-28 13:25:00,NSE:DCW,38.3,38.3,38.3,38.3,410.0
2021-05-28 13:26:00,NSE:DCW,38.3,38.3,38.25,38.3,1062.0
2021-05-28 13:27:00,NSE:DCW,38.3,38.3,38.25,38.3,30957.0
2021-05-28 13:28:00,NSE:DCW,38.25,38.35,38.25,38.3,84627.0
2021-05-28 13:29:00,NSE:DCW,38.3,38.35,38.3,38.3,313.0
2021-05-28 13:30:00,NSE:DCW,38.35,38.35,38.3,38.3,700.0
2021-05-28 13:31:00,NSE:DCW,38.35,38.35,38.3,38.3,533.0
2021-05-28 13:32:00,NSE:DCW,38.3,38.35,38.25,38.25,4769.0
2021-05-28 13:33:00,NSE:DCW,38.35,38.35,38.25,38.35,1050.0
2021-05-28 13:34:00,NSE:DCW,38.35,38.4,38.35,38.4,2720.0
2021-05-28 13:35:00,NSE:DCW,38.4,38.4,38.4,38.4,500.0
2021-05-28 13:36:00,NSE:DCW,38.45,38.45,38.4,38.45,1565.0
2021-05-28 13:37:00,NSE:DCW,38.45,38.45,38.45,38.45,48.0
2021-05-28 13:38:00,NSE:DCW,38.4,38.5,38.4,38.5,15000.0
2021-05-28 13:39:00,NSE:DCW,38.5,38.5,38.45,38.5,6483.0
2021-05-28 13:40:00,NSE:DCW,38.5,38.5,38.45,38.5,6112.0
2021-05-28 13:41:00,NSE:DCW,38.5,38.5,38.5,38.5,65.0
2021-05-28 13:42:00,NSE:DCW,38.5,38.55,38.4,38.55,4222.0
2021-05-28 13:43:00,NSE:DCW,38.55,38.55,38.45,38.55,5089.0
2021-05-28 13:44:00,NSE:DCW,38.55,38.55,38.45,38.55,1813.0
2021-05-28 13:45:00,NSE:DCW,38.45,38.55,38.45,38.55,888.0
2021-05-28 13:46:00,NSE:DCW,38.55,38.55,38.45,38.55,3132.0
2021-05-28 13:47:00,NSE:DCW,38.55,38.6,38.45,38.45,1379.0
2021-05-28 13:48:00,NSE:DCW,38.45,38.55,38.45,38.45,253.0
2021-05-28 13:49:00,NSE:DCW,38.55,38.55,38.5,38.5,188.0
2021-05-28 13:50:00,NSE:DCW,38.5,38.5,38.5,38.5,748.0
2021-05-28 13:51:00,NSE:DCW,38.5,38.5,38.4,38.45,2215.0
2021-05-28 13:52:00,NSE:DCW,38.4,38.4,38.4,38.4,2800.0
2021-05-28 13:53:00,NSE:DCW,38.5,38.5,38.5,38.5,1173.0
2021-05-28 13:54:00,NSE:DCW,38.5,38.55,38.45,38.55,2007.0
2021-05-28 13:55:00,NSE:DCW,38.55,38.55,38.45,38.45,580.0
2021-05-28 13:56:00,NSE:DCW,38.45,38.5,38.45,38.5,8.0
2021-05-28 13:57:00,NSE:DCW,38.5,38.5,38.5,38.5,192.0
2021-05-28 13:58:00,NSE:DCW,38.5,38.5,38.5,38.5,1211.0
2021-05-28 13:59:00,NSE:DCW,38.5,38.5,38.4,38.4,2325.0
2021-05-28 14:00:00,NSE:DCW,38.4,38.4,38.4,38.4,1004.0
2021-05-28 14:01:00,NSE:DCW,38.4,38.5,38.4,38.5,351.0
2021-05-28 14:02:00,NSE:DCW,38.45,38.5,38.4,38.5,5815.0
2021-05-28 14:03:00,NSE:DCW,38.5,38.6,38.5,38.6,13329.0
2021-05-28 14:04:00,NSE:DCW,38.6,38.6,38.6,38.6,905.0
2021-05-28 14:05:00,NSE:DCW,38.6,38.6,38.5,38.5,1055.0
2021-05-28 14:06:00,NSE:DCW,38.6,38.6,38.5,38.5,1202.0
2021-05-28 14:07:00,NSE:DCW,38.5,38.6,38.5,38.5,3074.0
2021-05-28 14:08:00,NSE:DCW,38.5,38.55,38.5,38.5,1009.0
2021-05-28 14:09:00,NSE:DCW,38.55,38.55,38.55,38.55,353.0
2021-05-28 14:10:00,NSE:DCW,38.5,38.55,38.5,38.55,1105.0
2021-05-28 14:11:00,NSE:DCW,38.55,38.55,38.55,38.55,142.0
2021-05-28 14:12:00,NSE:DCW,38.55,38.55,38.55,38.55,2738.0
2021-05-28 14:13:00,NSE:DCW,38.55,38.55,38.5,38.55,50.0
2021-05-28 14:14:00,NSE:DCW,38.5,38.55,38.5,38.55,5260.0
2021-05-28 14:15:00,NSE:DCW,38.55,38.55,38.5,38.5,150.0
2021-05-28 14:16:00,NSE:DCW,38.5,38.6,38.5,38.6,482.0
2021-05-28 14:17:00,NSE:DCW,38.6,38.6,38.5,38.5,1550.0
2021-05-28 14:18:00,NSE:DCW,38.5,38.55,38.5,38.55,1955.0
2021-05-28 14:19:00,NSE:DCW,38.55,38.6,38.5,38.55,6330.0
2021-05-28 14:20:00,NSE:DCW,38.55,38.55,38.5,38.5,3578.0
2021-05-28 14:21:00,NSE:DCW,38.5,38.5,38.45,38.5,840.0
2021-05-28 14:22:00,NSE:DCW,38.5,38.5,38.45,38.45,1616.0
2021-05-28 14:23:00,NSE:DCW,38.4,38.5,38.4,38.4,951.0
2021-05-28 14:24:00,NSE:DCW,38.5,38.5,38.4,38.5,316.0
2021-05-28 14:25:00,NSE:DCW,38.5,38.5,38.5,38.5,187.0
2021-05-28 14:26:00,NSE:DCW,38.5,38.5,38.4,38.45,1151.0
2021-05-28 14:27:00,NSE:DCW,38.4,38.4,38.3,38.35,9032.0
2021-05-28 14:28:00,NSE:DCW,38.4,38.4,38.35,38.35,1705.0
2021-05-28 14:29:00,NSE:DCW,38.3,38.4,38.25,38.25,5214.0
2021-05-28 14:30:00,NSE:DCW,38.3,38.3,38.25,38.25,1950.0
2021-05-28 14:31:00,NSE:DCW,38.3,38.3,38.3,38.3,927.0
2021-05-28 14:32:00,NSE:DCW,38.25,38.25,38.15,38.25,18149.0
2021-05-28 14:33:00,NSE:DCW,38.2,38.25,38.2,38.25,7087.0
2021-05-28 14:34:00,NSE:DCW,38.25,38.3,38.2,38.2,11343.0
2021-05-28 14:35:00,NSE:DCW,38.2,38.2,38.05,38.05,18147.0
2021-05-28 14:36:00,NSE:DCW,38.15,38.15,38.05,38.1,4858.0
2021-05-28 14:37:00,NSE:DCW,38.15,38.15,38.1,38.15,2520.0
2021-05-28 14:38:00,NSE:DCW,38.2,38.2,38.1,38.1,6366.0
2021-05-28 14:39:00,NSE:DCW,38.1,38.2,38.1,38.2,288.0
2021-05-28 14:40:00,NSE:DCW,38.2,38.2,38.15,38.15,2360.0
2021-05-28 14:41:00,NSE:DCW,38.2,38.2,38.1,38.1,4555.0
2021-05-28 14:42:00,NSE:DCW,38.2,38.2,38.1,38.15,6106.0
2021-05-28 14:43:00,NSE:DCW,38.1,38.2,38.05,38.05,5733.0
2021-05-28 14:44:00,NSE:DCW,38.05,38.15,38.05,38.05,13569.0
2021-05-28 14:45:00,NSE:DCW,38.05,38.1,38.0,38.05,3893.0
2021-05-28 14:46:00,NSE:DCW,38.1,38.15,38.1,38.15,1754.0
2021-05-28 14:47:00,NSE:DCW,38.05,38.1,38.05,38.1,2681.0
2021-05-28 14:48:00,NSE:DCW,38.1,38.1,38.0,38.1,15631.0
2021-05-28 14:49:00,NSE:DCW,38.0,38.1,38.0,38.1,4956.0
2021-05-28 14:50:00,NSE:DCW,38.1,38.1,38.1,38.1,6092.0
2021-05-28 14:51:00,NSE:DCW,38.1,38.1,38.0,38.05,9590.0
2021-05-28 14:52:00,NSE:DCW,38.0,38.05,38.0,38.0,5939.0
2021-05-28 14:53:00,NSE:DCW,38.0,38.05,38.0,38.05,20474.0
2021-05-28 14:54:00,NSE:DCW,38.05,38.05,38.0,38.0,14065.0
2021-05-28 14:55:00,NSE:DCW,38.0,38.0,37.95,38.0,7580.0
2021-05-28 14:56:00,NSE:DCW,38.05,38.1,38.0,38.0,2773.0
2021-05-28 14:57:00,NSE:DCW,38.0,38.1,37.95,38.0,5631.0
2021-05-28 14:58:00,NSE:DCW,38.0,38.0,37.95,38.0,3727.0
2021-05-28 14:59:00,NSE:DCW,38.0,38.0,37.95,38.0,3533.0
2021-05-28 15:00:00,NSE:DCW,38.05,38.05,38.0,38.0,2849.0
2021-05-28 15:01:00,NSE:DCW,38.05,38.05,38.0,38.0,1081.0
2021-05-28 15:02:00,NSE:DCW,38.05,38.05,38.0,38.0,259.0
2021-05-28 15:03:00,NSE:DCW,38.0,38.05,38.0,38.05,1368.0
2021-05-28 15:04:00,NSE:DCW,38.05,38.15,38.05,38.1,12183.0
2021-05-28 15:05:00,NSE:DCW,38.1,38.15,38.1,38.1,2899.0
2021-05-28 15:06:00,NSE:DCW,38.1,38.2,38.1,38.2,1252.0
2021-05-28 15:07:00,NSE:DCW,38.15,38.2,38.1,38.15,2468.0
2021-05-28 15:08:00,NSE:DCW,38.1,38.2,38.1,38.1,5747.0
2021-05-28 15:09:00,NSE:DCW,38.1,38.1,38.05,38.05,11792.0
2021-05-28 15:10:00,NSE:DCW,38.0,38.1,38.0,38.05,6399.0
2021-05-28 15:11:00,NSE:DCW,38.0,38.1,38.0,38.05,2644.0
2021-05-28 15:12:00,NSE:DCW,38.1,38.1,38.05,38.05,24152.0
2021-05-28 15:13:00,NSE:DCW,38.1,38.1,38.05,38.1,18910.0
2021-05-28 15:14:00,NSE:DCW,38.1,38.15,38.1,38.15,4203.0
2021-05-28 15:15:00,NSE:DCW,38.15,38.2,38.1,38.15,5627.0
2021-05-28 15:16:00,NSE:DCW,38.1,38.2,38.1,38.2,5853.0
2021-05-28 15:17:00,NSE:DCW,38.2,38.2,38.15,38.2,4855.0
2021-05-28 15:18:00,NSE:DCW,38.15,38.2,38.15,38.2,7751.0
2021-05-28 15:19:00,NSE:DCW,38.2,38.2,38.1,38.1,10059.0
2021-05-28 15:20:00,NSE:DCW,38.15,38.15,38.1,38.15,6468.0
2021-05-28 15:21:00,NSE:DCW,38.15,38.2,38.1,38.2,7853.0
2021-05-28 15:22:00,NSE:DCW,38.15,38.2,38.15,38.15,22898.0
2021-05-28 15:23:00,NSE:DCW,38.2,38.2,38.1,38.15,27466.0
2021-05-28 15:24:00,NSE:DCW,38.2,38.2,38.05,38.1,9652.0
2021-05-28 15:25:00,NSE:DCW,38.05,38.15,38.05,38.1,17714.0
2021-05-28 15:26:00,NSE:DCW,38.1,38.15,38.1,38.1,29283.0
2021-05-28 15:27:00,NSE:DCW,38.1,38.1,38.0,38.0,34692.0
2021-05-28 15:28:00,NSE:DCW,38.05,38.15,37.95,38.15,37094.0
2021-05-28 15:29:00,NSE:DCW,38.15,38.25,38.15,38.25,23333.0
2021-05-28 15:30:00,NSE:DCW,38.25,38.25,38.25,38.25,1150.0
2021-05-28 15:40:00,NSE:DCW,38.1,38.1,38.1,38.1,4000.0
2021-05-28 15:41:00,NSE:DCW,38.1,38.1,38.1,38.1,800.0
2021-05-28 15:42:00,NSE:DCW,38.1,38.1,38.1,38.1,100.0
2021-05-28 15:43:00,NSE:DCW,38.1,38.25,38.1,38.25,1874.0
2021-05-28 15:45:00,NSE:DCW,38.1,38.25,38.1,38.25,1500.0
2021-05-28 15:47:00,NSE:DCW,38.1,38.1,38.1,38.1,250.0
2021-05-28 15:48:00,NSE:DCW,38.1,38.1,38.1,38.1,25.0
2021-05-28 15:49:00,NSE:DCW,38.1,38.1,38.1,38.1,250.0
2021-05-28 15:51:00,NSE:DCW,38.1,38.1,38.1,38.1,250.0
2021-05-28 15:56:00,NSE:DCW,38.1,38.25,38.1,38.25,2500.0
2021-05-28 15:57:00,NSE:DCW,38.1,38.1,38.1,38.1,2.0
2021-05-31 09:07:00,NSE:DCW,38.45,38.45,38.45,38.45,10382.0
2021-05-31 09:15:00,NSE:DCW,38.4,38.5,38.3,38.45,25934.0
2021-05-31 09:16:00,NSE:DCW,38.45,38.45,38.35,38.4,3541.0
2021-05-31 09:17:00,NSE:DCW,38.4,38.4,38.2,38.25,12032.0
2021-05-31 09:18:00,NSE:DCW,38.25,38.3,38.25,38.25,10917.0
2021-05-31 09:19:00,NSE:DCW,38.3,38.3,38.25,38.25,11913.0
2021-05-31 09:20:00,NSE:DCW,38.3,38.35,38.2,38.35,14189.0
2021-05-31 09:21:00,NSE:DCW,38.3,38.4,38.2,38.25,16242.0
2021-05-31 09:22:00,NSE:DCW,38.3,38.3,38.2,38.25,8006.0
2021-05-31 09:23:00,NSE:DCW,38.3,38.3,38.2,38.25,7032.0
2021-05-31 09:24:00,NSE:DCW,38.15,38.25,38.1,38.1,7501.0
2021-05-31 09:25:00,NSE:DCW,38.15,38.15,38.05,38.05,8566.0
2021-05-31 09:26:00,NSE:DCW,38.05,38.15,37.8,37.9,35116.0
2021-05-31 09:27:00,NSE:DCW,37.85,37.85,37.7,37.7,14352.0
2021-05-31 09:28:00,NSE:DCW,37.7,37.7,37.6,37.7,15667.0
2021-05-31 09:29:00,NSE:DCW,37.75,37.75,37.6,37.75,9891.0
2021-05-31 09:30:00,NSE:DCW,37.7,37.8,37.7,37.8,5785.0
2021-05-31 09:31:00,NSE:DCW,37.8,37.85,37.75,37.8,15097.0
2021-05-31 09:32:00,NSE:DCW,37.7,37.8,37.6,37.6,20743.0
2021-05-31 09:33:00,NSE:DCW,37.65,37.65,37.5,37.5,34459.0
2021-05-31 09:34:00,NSE:DCW,37.45,37.6,37.45,37.55,12375.0
2021-05-31 09:35:00,NSE:DCW,37.55,37.6,37.45,37.6,12531.0
2021-05-31 09:36:00,NSE:DCW,37.65,37.75,37.65,37.75,7471.0
2021-05-31 09:37:00,NSE:DCW,37.75,37.75,37.65,37.75,5916.0
2021-05-31 09:38:00,NSE:DCW,37.75,37.8,37.7,37.7,5592.0
2021-05-31 09:39:00,NSE:DCW,37.75,37.85,37.7,37.85,12227.0
2021-05-31 09:40:00,NSE:DCW,37.85,37.85,37.8,37.8,5207.0
2021-05-31 09:41:00,NSE:DCW,37.8,37.85,37.8,37.8,8244.0
2021-05-31 09:42:00,NSE:DCW,37.75,37.85,37.7,37.85,17919.0
2021-05-31 09:43:00,NSE:DCW,37.85,37.85,37.75,37.85,2435.0
2021-05-31 09:44:00,NSE:DCW,37.85,37.85,37.7,37.8,4020.0
2021-05-31 09:45:00,NSE:DCW,37.7,37.85,37.7,37.8,2286.0
2021-05-31 09:46:00,NSE:DCW,37.75,37.8,37.65,37.75,15804.0
2021-05-31 09:47:00,NSE:DCW,37.75,37.8,37.65,37.75,11905.0
2021-05-31 09:48:00,NSE:DCW,37.65,37.75,37.65,37.75,1073.0
2021-05-31 09:49:00,NSE:DCW,37.8,37.8,37.7,37.8,2904.0
2021-05-31 09:50:00,NSE:DCW,37.8,37.85,37.7,37.85,6902.0
2021-05-31 09:51:00,NSE:DCW,37.7,37.8,37.7,37.7,3233.0
2021-05-31 09:52:00,NSE:DCW,37.7,37.8,37.65,37.65,5191.0
2021-05-31 09:53:00,NSE:DCW,37.75,37.75,37.65,37.75,3103.0
2021-05-31 09:54:00,NSE:DCW,37.65,37.75,37.65,37.75,3130.0
2021-05-31 09:55:00,NSE:DCW,37.75,37.75,37.7,37.75,439.0
2021-05-31 09:56:00,NSE:DCW,37.75,37.75,37.75,37.75,1495.0
2021-05-31 09:57:00,NSE:DCW,37.75,37.8,37.7,37.8,3928.0
2021-05-31 09:58:00,NSE:DCW,37.75,37.85,37.75,37.85,3673.0
2021-05-31 09:59:00,NSE:DCW,37.85,37.85,37.8,37.85,180.0
2021-05-31 10:00:00,NSE:DCW,37.85,37.85,37.8,37.85,8426.0
2021-05-31 10:01:00,NSE:DCW,37.85,37.85,37.8,37.8,2225.0
2021-05-31 10:02:00,NSE:DCW,37.8,37.85,37.8,37.85,986.0
2021-05-31 10:03:00,NSE:DCW,37.85,37.85,37.8,37.85,1587.0
2021-05-31 10:04:00,NSE:DCW,37.85,37.85,37.8,37.85,3360.0
2021-05-31 10:05:00,NSE:DCW,37.85,37.95,37.8,37.85,15110.0
2021-05-31 10:06:00,NSE:DCW,37.85,37.95,37.85,37.95,8527.0
2021-05-31 10:07:00,NSE:DCW,37.95,37.95,37.8,37.8,5399.0
2021-05-31 10:08:00,NSE:DCW,37.85,37.95,37.85,37.85,3044.0
2021-05-31 10:09:00,NSE:DCW,37.9,37.95,37.85,37.95,2177.0
2021-05-31 10:10:00,NSE:DCW,37.85,37.95,37.85,37.85,4435.0
2021-05-31 10:11:00,NSE:DCW,37.8,37.85,37.8,37.85,102.0
2021-05-31 10:12:00,NSE:DCW,37.8,37.85,37.8,37.85,3195.0
2021-05-31 10:13:00,NSE:DCW,37.85,37.85,37.8,37.8,3687.0
2021-05-31 10:14:00,NSE:DCW,37.85,37.85,37.7,37.7,2971.0
2021-05-31 10:15:00,NSE:DCW,37.8,37.8,37.75,37.75,4166.0
2021-05-31 10:16:00,NSE:DCW,37.75,37.75,37.75,37.75,523.0
2021-05-31 10:17:00,NSE:DCW,37.75,37.75,37.7,37.7,1636.0
2021-05-31 10:18:00,NSE:DCW,37.75,37.75,37.65,37.75,6139.0
2021-05-31 10:19:00,NSE:DCW,37.7,37.75,37.65,37.65,2087.0
2021-05-31 10:20:00,NSE:DCW,37.75,37.75,37.65,37.65,2064.0
2021-05-31 10:21:00,NSE:DCW,37.75,37.75,37.6,37.75,10241.0
2021-05-31 10:22:00,NSE:DCW,37.7,37.75,37.7,37.75,558.0
2021-05-31 10:23:00,NSE:DCW,37.7,37.75,37.7,37.75,1010.0
2021-05-31 10:24:00,NSE:DCW,37.7,37.75,37.7,37.75,1735.0
2021-05-31 10:25:00,NSE:DCW,37.7,37.75,37.7,37.75,554.0
2021-05-31 10:26:00,NSE:DCW,37.8,37.8,37.75,37.75,1127.0
2021-05-31 10:27:00,NSE:DCW,37.75,37.85,37.75,37.85,7629.0
2021-05-31 10:28:00,NSE:DCW,37.8,37.85,37.8,37.85,2151.0
2021-05-31 10:29:00,NSE:DCW,37.85,37.85,37.85,37.85,2766.0
2021-05-31 10:30:00,NSE:DCW,37.85,37.85,37.8,37.85,5341.0
2021-05-31 10:31:00,NSE:DCW,37.85,37.85,37.75,37.8,4110.0
2021-05-31 10:32:00,NSE:DCW,37.75,37.85,37.75,37.85,145.0
2021-05-31 10:33:00,NSE:DCW,37.85,37.85,37.85,37.85,4350.0
2021-05-31 10:34:00,NSE:DCW,37.85,37.85,37.85,37.85,622.0
2021-05-31 10:35:00,NSE:DCW,37.85,37.85,37.8,37.85,872.0
2021-05-31 10:36:00,NSE:DCW,37.8,37.85,37.8,37.85,6260.0
2021-05-31 10:37:00,NSE:DCW,37.8,37.8,37.75,37.75,2262.0
2021-05-31 10:38:00,NSE:DCW,37.8,37.8,37.75,37.75,4207.0
2021-05-31 10:39:00,NSE:DCW,37.75,37.75,37.65,37.75,5743.0
2021-05-31 10:40:00,NSE:DCW,37.65,37.75,37.65,37.7,3596.0
2021-05-31 10:41:00,NSE:DCW,37.75,37.75,37.7,37.75,3199.0
2021-05-31 10:42:00,NSE:DCW,37.65,37.75,37.65,37.65,3741.0
2021-05-31 10:43:00,NSE:DCW,37.7,37.7,37.6,37.7,5672.0
2021-05-31 10:44:00,NSE:DCW,37.7,37.7,37.6,37.65,2066.0
2021-05-31 10:45:00,NSE:DCW,37.7,37.7,37.65,37.7,4006.0
2021-05-31 10:46:00,NSE:DCW,37.7,37.75,37.7,37.7,9562.0
2021-05-31 10:47:00,NSE:DCW,37.7,37.7,37.7,37.7,1.0
2021-05-31 10:48:00,NSE:DCW,37.7,37.75,37.7,37.75,981.0
2021-05-31 10:49:00,NSE:DCW,37.75,37.75,37.75,37.75,158.0
2021-05-31 10:50:00,NSE:DCW,37.75,37.75,37.7,37.75,450.0
2021-05-31 10:51:00,NSE:DCW,37.75,37.75,37.65,37.75,3468.0
2021-05-31 10:52:00,NSE:DCW,37.65,37.75,37.65,37.75,1492.0
2021-05-31 10:53:00,NSE:DCW,37.6,37.65,37.6,37.65,17077.0
2021-05-31 10:54:00,NSE:DCW,37.65,37.75,37.65,37.75,1138.0
2021-05-31 10:55:00,NSE:DCW,37.7,37.7,37.65,37.7,828.0
2021-05-31 10:56:00,NSE:DCW,37.7,37.8,37.7,37.8,4251.0
2021-05-31 10:57:00,NSE:DCW,37.75,37.8,37.75,37.8,732.0
2021-05-31 10:58:00,NSE:DCW,37.8,37.8,37.75,37.8,1290.0
2021-05-31 10:59:00,NSE:DCW,37.75,37.8,37.75,37.8,982.0
2021-05-31 11:00:00,NSE:DCW,37.8,37.8,37.7,37.75,2481.0
2021-05-31 11:01:00,NSE:DCW,37.75,37.75,37.65,37.65,8005.0
2021-05-31 11:02:00,NSE:DCW,37.7,37.7,37.65,37.7,568.0
2021-05-31 11:03:00,NSE:DCW,37.7,37.7,37.65,37.65,5957.0
2021-05-31 11:04:00,NSE:DCW,37.7,37.7,37.6,37.65,19412.0
2021-05-31 11:05:00,NSE:DCW,37.6,37.65,37.6,37.65,678.0
2021-05-31 11:06:00,NSE:DCW,37.6,37.65,37.55,37.55,1120.0
2021-05-31 11:07:00,NSE:DCW,37.65,37.65,37.6,37.6,1180.0
2021-05-31 11:08:00,NSE:DCW,37.6,37.65,37.6,37.6,1863.0
2021-05-31 11:09:00,NSE:DCW,37.65,37.65,37.6,37.6,736.0
2021-05-31 11:10:00,NSE:DCW,37.65,37.65,37.6,37.6,671.0
2021-05-31 11:11:00,NSE:DCW,37.65,37.65,37.65,37.65,95.0
2021-05-31 11:12:00,NSE:DCW,37.65,37.65,37.65,37.65,526.0
2021-05-31 11:13:00,NSE:DCW,37.65,37.65,37.6,37.65,3502.0
2021-05-31 11:14:00,NSE:DCW,37.7,37.7,37.6,37.6,1717.0
2021-05-31 11:15:00,NSE:DCW,37.65,37.65,37.6,37.65,1428.0
2021-05-31 11:16:00,NSE:DCW,37.6,37.6,37.6,37.6,790.0
2021-05-31 11:17:00,NSE:DCW,37.65,37.65,37.6,37.65,2568.0
2021-05-31 11:18:00,NSE:DCW,37.65,37.7,37.6,37.7,2758.0
2021-05-31 11:19:00,NSE:DCW,37.7,37.7,37.65,37.7,87.0
2021-05-31 11:20:00,NSE:DCW,37.65,37.7,37.6,37.6,6940.0
2021-05-31 11:21:00,NSE:DCW,37.6,37.6,37.55,37.6,745.0
2021-05-31 11:22:00,NSE:DCW,37.6,37.6,37.55,37.6,4670.0
2021-05-31 11:23:00,NSE:DCW,37.55,37.6,37.55,37.6,8597.0
2021-05-31 11:24:00,NSE:DCW,37.6,37.6,37.6,37.6,10250.0
2021-05-31 11:25:00,NSE:DCW,37.6,37.65,37.55,37.65,7280.0
2021-05-31 11:26:00,NSE:DCW,37.6,37.65,37.4,37.45,63670.0
2021-05-31 11:27:00,NSE:DCW,37.45,37.45,37.4,37.45,4312.0
2021-05-31 11:28:00,NSE:DCW,37.4,37.45,37.4,37.45,2389.0
2021-05-31 11:29:00,NSE:DCW,37.5,37.5,37.4,37.45,4330.0
2021-05-31 11:30:00,NSE:DCW,37.5,37.5,37.45,37.5,1906.0
2021-05-31 11:31:00,NSE:DCW,37.5,37.5,37.45,37.5,2392.0
2021-05-31 11:32:00,NSE:DCW,37.5,37.5,37.4,37.4,5825.0
2021-05-31 11:33:00,NSE:DCW,37.4,37.4,37.35,37.4,8831.0
2021-05-31 11:34:00,NSE:DCW,37.4,37.4,37.35,37.4,1211.0
2021-05-31 11:35:00,NSE:DCW,37.4,37.4,37.4,37.4,8909.0
2021-05-31 11:36:00,NSE:DCW,37.4,37.45,37.4,37.45,6784.0
2021-05-31 11:37:00,NSE:DCW,37.45,37.45,37.45,37.45,925.0
2021-05-31 11:38:00,NSE:DCW,37.45,37.5,37.45,37.45,1829.0
2021-05-31 11:39:00,NSE:DCW,37.5,37.55,37.5,37.55,8061.0
2021-05-31 11:40:00,NSE:DCW,37.55,37.55,37.45,37.45,1730.0
2021-05-31 11:41:00,NSE:DCW,37.45,37.6,37.45,37.6,5878.0
2021-05-31 11:42:00,NSE:DCW,37.6,37.6,37.45,37.6,2436.0
2021-05-31 11:43:00,NSE:DCW,37.45,37.55,37.45,37.55,67.0
2021-05-31 11:44:00,NSE:DCW,37.55,37.6,37.45,37.6,1396.0
2021-05-31 11:45:00,NSE:DCW,37.5,37.6,37.5,37.5,662.0
2021-05-31 11:46:00,NSE:DCW,37.6,37.6,37.55,37.6,71.0
2021-05-31 11:47:00,NSE:DCW,37.55,37.55,37.5,37.5,525.0
2021-05-31 11:48:00,NSE:DCW,37.5,37.6,37.5,37.5,1036.0
2021-05-31 11:49:00,NSE:DCW,37.6,37.6,37.5,37.55,35.0
2021-05-31 11:50:00,NSE:DCW,37.55,37.6,37.55,37.6,1659.0
2021-05-31 11:51:00,NSE:DCW,37.6,37.6,37.55,37.55,258.0
2021-05-31 11:52:00,NSE:DCW,37.6,37.65,37.6,37.65,1232.0
2021-05-31 11:53:00,NSE:DCW,37.6,37.65,37.6,37.65,150.0
2021-05-31 11:54:00,NSE:DCW,37.65,37.65,37.55,37.55,1060.0
2021-05-31 11:55:00,NSE:DCW,37.6,37.6,37.4,37.5,25883.0
2021-05-31 11:56:00,NSE:DCW,37.5,37.55,37.45,37.5,2872.0
2021-05-31 11:57:00,NSE:DCW,37.5,37.55,37.45,37.55,489.0
2021-05-31 11:58:00,NSE:DCW,37.5,37.55,37.45,37.45,1016.0
2021-05-31 11:59:00,NSE:DCW,37.55,37.55,37.5,37.55,7100.0
2021-05-31 12:00:00,NSE:DCW,37.55,37.55,37.5,37.5,431.0
2021-05-31 12:01:00,NSE:DCW,37.5,37.55,37.5,37.5,356.0
2021-05-31 12:02:00,NSE:DCW,37.5,37.55,37.5,37.55,217.0
2021-05-31 12:03:00,NSE:DCW,37.55,37.55,37.5,37.55,1816.0
2021-05-31 12:04:00,NSE:DCW,37.55,37.55,37.5,37.55,282.0
2021-05-31 12:05:00,NSE:DCW,37.55,37.55,37.5,37.55,110.0
2021-05-31 12:06:00,NSE:DCW,37.55,37.55,37.5,37.55,1806.0
2021-05-31 12:07:00,NSE:DCW,37.55,37.6,37.5,37.6,3055.0
2021-05-31 12:08:00,NSE:DCW,37.6,37.6,37.45,37.5,3877.0
2021-05-31 12:09:00,NSE:DCW,37.55,37.55,37.55,37.55,1852.0
2021-05-31 12:10:00,NSE:DCW,37.55,37.6,37.5,37.55,495.0
2021-05-31 12:11:00,NSE:DCW,37.5,37.55,37.5,37.55,201.0
2021-05-31 12:12:00,NSE:DCW,37.55,37.55,37.5,37.55,360.0
2021-05-31 12:13:00,NSE:DCW,37.55,37.55,37.55,37.55,7.0
2021-05-31 12:14:00,NSE:DCW,37.55,37.55,37.55,37.55,500.0
2021-05-31 12:15:00,NSE:DCW,37.55,37.55,37.5,37.5,425.0
2021-05-31 12:16:00,NSE:DCW,37.55,37.55,37.5,37.55,823.0
2021-05-31 12:17:00,NSE:DCW,37.55,37.6,37.55,37.55,598.0
2021-05-31 12:18:00,NSE:DCW,37.55,37.55,37.5,37.55,2538.0
2021-05-31 12:19:00,NSE:DCW,37.5,37.55,37.5,37.55,568.0
2021-05-31 12:20:00,NSE:DCW,37.55,37.55,37.5,37.5,2677.0
2021-05-31 12:21:00,NSE:DCW,37.55,37.55,37.5,37.55,236.0
2021-05-31 12:22:00,NSE:DCW,37.5,37.6,37.5,37.5,6060.0
2021-05-31 12:23:00,NSE:DCW,37.5,37.55,37.45,37.55,3397.0
2021-05-31 12:24:00,NSE:DCW,37.55,37.55,37.45,37.55,270.0
2021-05-31 12:25:00,NSE:DCW,37.45,37.45,37.45,37.45,100.0
2021-05-31 12:26:00,NSE:DCW,37.5,37.55,37.5,37.55,231.0
2021-05-31 12:27:00,NSE:DCW,37.55,37.55,37.45,37.5,823.0
2021-05-31 12:28:00,NSE:DCW,37.45,37.55,37.45,37.55,169.0
2021-05-31 12:29:00,NSE:DCW,37.55,37.55,37.45,37.45,335.0
2021-05-31 12:30:00,NSE:DCW,37.5,37.55,37.45,37.45,4297.0
2021-05-31 12:31:00,NSE:DCW,37.5,37.5,37.45,37.5,5280.0
2021-05-31 12:32:00,NSE:DCW,37.5,37.5,37.45,37.45,520.0
2021-05-31 12:33:00,NSE:DCW,37.5,37.55,37.5,37.55,3715.0
2021-05-31 12:34:00,NSE:DCW,37.55,37.55,37.55,37.55,485.0
2021-05-31 12:35:00,NSE:DCW,37.55,37.6,37.55,37.6,171.0
2021-05-31 12:36:00,NSE:DCW,37.5,37.6,37.5,37.6,95.0
2021-05-31 12:37:00,NSE:DCW,37.6,37.6,37.6,37.6,63.0
2021-05-31 12:38:00,NSE:DCW,37.6,37.6,37.55,37.55,1025.0
2021-05-31 12:39:00,NSE:DCW,37.6,37.6,37.6,37.6,22.0
2021-05-31 12:40:00,NSE:DCW,37.6,37.6,37.5,37.6,2394.0
2021-05-31 12:41:00,NSE:DCW,37.55,37.6,37.55,37.6,1109.0
2021-05-31 12:42:00,NSE:DCW,37.5,37.6,37.5,37.6,112.0
2021-05-31 12:43:00,NSE:DCW,37.6,37.6,37.5,37.55,661.0
2021-05-31 12:44:00,NSE:DCW,37.55,37.55,37.5,37.5,1308.0
2021-05-31 12:45:00,NSE:DCW,37.5,37.55,37.5,37.55,7036.0
2021-05-31 12:46:00,NSE:DCW,37.55,37.55,37.55,37.55,125.0
2021-05-31 12:47:00,NSE:DCW,37.55,37.55,37.5,37.5,698.0
2021-05-31 12:48:00,NSE:DCW,37.55,37.55,37.5,37.55,1010.0
2021-05-31 12:49:00,NSE:DCW,37.5,37.5,37.5,37.5,41.0
2021-05-31 12:50:00,NSE:DCW,37.5,37.55,37.5,37.55,373.0
2021-05-31 12:51:00,NSE:DCW,37.55,37.55,37.5,37.5,42.0
2021-05-31 12:52:00,NSE:DCW,37.5,37.5,37.5,37.5,100.0
2021-05-31 12:53:00,NSE:DCW,37.55,37.55,37.55,37.55,1167.0
2021-05-31 12:54:00,NSE:DCW,37.5,37.55,37.5,37.55,734.0
2021-05-31 12:55:00,NSE:DCW,37.55,37.55,37.55,37.55,600.0
2021-05-31 12:56:00,NSE:DCW,37.5,37.55,37.5,37.5,352.0
2021-05-31 12:57:00,NSE:DCW,37.55,37.55,37.5,37.5,2126.0
2021-05-31 12:58:00,NSE:DCW,37.5,37.55,37.5,37.55,629.0
2021-05-31 12:59:00,NSE:DCW,37.55,37.55,37.55,37.55,1561.0
2021-05-31 13:00:00,NSE:DCW,37.55,37.55,37.55,37.55,571.0
2021-05-31 13:01:00,NSE:DCW,37.55,37.55,37.5,37.55,1428.0
2021-05-31 13:02:00,NSE:DCW,37.5,37.6,37.5,37.6,1622.0
2021-05-31 13:03:00,NSE:DCW,37.55,37.6,37.55,37.55,1411.0
2021-05-31 13:04:00,NSE:DCW,37.65,37.65,37.55,37.55,2659.0
2021-05-31 13:05:00,NSE:DCW,37.65,37.65,37.6,37.6,5434.0
2021-05-31 13:06:00,NSE:DCW,37.6,37.6,37.55,37.6,3201.0
2021-05-31 13:07:00,NSE:DCW,37.6,37.6,37.55,37.55,46.0
2021-05-31 13:08:00,NSE:DCW,37.6,37.6,37.6,37.6,125.0
2021-05-31 13:09:00,NSE:DCW,37.55,37.6,37.5,37.5,6940.0
2021-05-31 13:10:00,NSE:DCW,37.6,37.6,37.5,37.5,2088.0
2021-05-31 13:11:00,NSE:DCW,37.6,37.6,37.6,37.6,1.0
2021-05-31 13:12:00,NSE:DCW,37.55,37.55,37.5,37.5,2207.0
2021-05-31 13:13:00,NSE:DCW,37.55,37.55,37.5,37.55,30972.0
2021-05-31 13:14:00,NSE:DCW,37.55,37.6,37.55,37.6,3153.0
2021-05-31 13:15:00,NSE:DCW,37.6,37.6,37.6,37.6,6.0
2021-05-31 13:16:00,NSE:DCW,37.55,37.6,37.55,37.55,65.0
2021-05-31 13:17:00,NSE:DCW,37.6,37.6,37.6,37.6,1480.0
2021-05-31 13:18:00,NSE:DCW,37.55,37.6,37.45,37.6,82339.0
2021-05-31 13:19:00,NSE:DCW,37.6,37.6,37.5,37.55,307.0
2021-05-31 13:20:00,NSE:DCW,37.55,37.55,37.45,37.5,10332.0
2021-05-31 13:21:00,NSE:DCW,37.5,37.5,37.45,37.5,4412.0
2021-05-31 13:22:00,NSE:DCW,37.5,37.5,37.45,37.45,2215.0
2021-05-31 13:23:00,NSE:DCW,37.45,37.5,37.45,37.5,423.0
2021-05-31 13:24:00,NSE:DCW,37.45,37.5,37.45,37.5,1830.0
2021-05-31 13:25:00,NSE:DCW,37.45,37.5,37.45,37.5,2501.0
2021-05-31 13:26:00,NSE:DCW,37.4,37.45,37.4,37.4,3251.0
2021-05-31 13:27:00,NSE:DCW,37.4,37.45,37.4,37.45,3107.0
2021-05-31 13:28:00,NSE:DCW,37.45,37.5,37.45,37.5,3864.0
2021-05-31 13:29:00,NSE:DCW,37.45,37.5,37.45,37.45,1222.0
2021-05-31 13:30:00,NSE:DCW,37.45,37.5,37.45,37.45,512.0
2021-05-31 13:31:00,NSE:DCW,37.5,37.5,37.45,37.45,2583.0
2021-05-31 13:32:00,NSE:DCW,37.5,37.5,37.5,37.5,1584.0
2021-05-31 13:33:00,NSE:DCW,37.4,37.5,37.35,37.5,18127.0
2021-05-31 13:34:00,NSE:DCW,37.5,37.5,37.35,37.45,33214.0
2021-05-31 13:35:00,NSE:DCW,37.45,37.45,37.4,37.4,6491.0
2021-05-31 13:36:00,NSE:DCW,37.45,37.45,37.45,37.45,758.0
2021-05-31 13:37:00,NSE:DCW,37.45,37.45,37.35,37.45,729.0
2021-05-31 13:38:00,NSE:DCW,37.35,37.45,37.35,37.45,1827.0
2021-05-31 13:39:00,NSE:DCW,37.45,37.45,37.45,37.45,190.0
2021-05-31 13:40:00,NSE:DCW,37.45,37.45,37.4,37.4,556.0
2021-05-31 13:41:00,NSE:DCW,37.4,37.45,37.4,37.45,424.0
2021-05-31 13:42:00,NSE:DCW,37.45,37.45,37.45,37.45,5.0
2021-05-31 13:43:00,NSE:DCW,37.4,37.45,37.4,37.4,1025.0
2021-05-31 13:44:00,NSE:DCW,37.4,37.45,37.4,37.45,662.0
2021-05-31 13:45:00,NSE:DCW,37.4,37.45,37.4,37.45,1509.0
2021-05-31 13:46:00,NSE:DCW,37.4,37.4,37.4,37.4,68448.0
2021-05-31 13:47:00,NSE:DCW,37.4,37.45,37.35,37.4,4041.0
2021-05-31 13:48:00,NSE:DCW,37.35,37.4,37.35,37.35,400.0
2021-05-31 13:49:00,NSE:DCW,37.35,37.35,37.35,37.35,609.0
2021-05-31 13:50:00,NSE:DCW,37.35,37.4,37.25,37.25,11707.0
2021-05-31 13:51:00,NSE:DCW,37.3,37.4,37.3,37.4,680.0
2021-05-31 13:52:00,NSE:DCW,37.35,37.4,37.25,37.25,17875.0
2021-05-31 13:53:00,NSE:DCW,37.25,37.3,37.25,37.3,1109.0
2021-05-31 13:54:00,NSE:DCW,37.25,37.3,37.25,37.3,17763.0
2021-05-31 13:55:00,NSE:DCW,37.3,37.3,37.3,37.3,433.0
2021-05-31 13:56:00,NSE:DCW,37.3,37.3,37.25,37.3,2555.0
2021-05-31 13:57:00,NSE:DCW,37.3,37.3,37.25,37.3,1906.0
2021-05-31 13:58:00,NSE:DCW,37.25,37.3,37.25,37.3,1431.0
2021-05-31 13:59:00,NSE:DCW,37.3,37.3,37.25,37.3,595.0
2021-05-31 14:02:00,NSE:DCW,37.3,37.3,37.25,37.3,221.0
2021-05-31 14:03:00,NSE:DCW,37.3,37.3,37.25,37.25,3837.0
2021-05-31 14:04:00,NSE:DCW,37.25,37.3,37.25,37.25,810.0
2021-05-31 14:05:00,NSE:DCW,37.25,37.35,37.25,37.35,678.0
2021-05-31 14:06:00,NSE:DCW,37.35,37.35,37.35,37.35,2402.0
2021-05-31 14:07:00,NSE:DCW,37.35,37.35,37.3,37.3,1536.0
2021-05-31 14:08:00,NSE:DCW,37.35,37.35,37.35,37.35,11.0
2021-05-31 14:09:00,NSE:DCW,37.3,37.3,37.25,37.3,1656.0
2021-05-31 14:10:00,NSE:DCW,37.3,37.3,37.25,37.3,2147.0
2021-05-31 14:11:00,NSE:DCW,37.3,37.3,37.3,37.3,600.0
2021-05-31 14:12:00,NSE:DCW,37.3,37.3,37.25,37.3,3747.0
2021-05-31 14:13:00,NSE:DCW,37.25,37.3,37.25,37.25,16386.0
2021-05-31 14:14:00,NSE:DCW,37.3,37.35,37.25,37.25,3448.0
2021-05-31 14:15:00,NSE:DCW,37.35,37.35,37.3,37.35,150.0
2021-05-31 14:16:00,NSE:DCW,37.25,37.45,37.25,37.4,7866.0
2021-05-31 14:17:00,NSE:DCW,37.35,37.45,37.35,37.35,1950.0
2021-05-31 14:18:00,NSE:DCW,37.45,37.45,37.35,37.45,477.0
2021-05-31 14:19:00,NSE:DCW,37.45,37.45,37.4,37.45,32.0
2021-05-31 14:20:00,NSE:DCW,37.45,37.45,37.35,37.4,2727.0
2021-05-31 14:21:00,NSE:DCW,37.4,37.4,37.35,37.4,120.0
2021-05-31 14:22:00,NSE:DCW,37.4,37.4,37.4,37.4,1506.0
2021-05-31 14:23:00,NSE:DCW,37.4,37.4,37.35,37.35,346.0
2021-05-31 14:24:00,NSE:DCW,37.35,37.4,37.35,37.4,311.0
2021-05-31 14:25:00,NSE:DCW,37.35,37.35,37.35,37.35,100.0
2021-05-31 14:26:00,NSE:DCW,37.4,37.4,37.35,37.35,1011.0
2021-05-31 14:27:00,NSE:DCW,37.4,37.4,37.35,37.35,501.0
2021-05-31 14:28:00,NSE:DCW,37.35,37.4,37.35,37.4,351.0
2021-05-31 14:29:00,NSE:DCW,37.4,37.4,37.35,37.35,506.0
2021-05-31 14:30:00,NSE:DCW,37.4,37.4,37.35,37.4,1113.0
2021-05-31 14:31:00,NSE:DCW,37.4,37.4,37.35,37.35,682.0
2021-05-31 14:32:00,NSE:DCW,37.4,37.4,37.4,37.4,110.0
2021-05-31 14:33:00,NSE:DCW,37.4,37.4,37.35,37.35,250.0
2021-05-31 14:34:00,NSE:DCW,37.4,37.4,37.35,37.4,278.0
2021-05-31 14:35:00,NSE:DCW,37.35,37.4,37.35,37.35,1543.0
2021-05-31 14:36:00,NSE:DCW,37.35,37.35,37.35,37.35,150.0
2021-05-31 14:37:00,NSE:DCW,37.35,37.4,37.35,37.4,933.0
2021-05-31 14:38:00,NSE:DCW,37.4,37.4,37.35,37.35,220.0
2021-05-31 14:39:00,NSE:DCW,37.4,37.4,37.3,37.35,13346.0
2021-05-31 14:40:00,NSE:DCW,37.3,37.4,37.3,37.3,2622.0
2021-05-31 14:41:00,NSE:DCW,37.3,37.35,37.3,37.35,2115.0
2021-05-31 14:42:00,NSE:DCW,37.3,37.4,37.3,37.4,9774.0
2021-05-31 14:43:00,NSE:DCW,37.45,37.45,37.35,37.35,2985.0
2021-05-31 14:44:00,NSE:DCW,37.35,37.4,37.35,37.4,601.0
2021-05-31 14:45:00,NSE:DCW,37.35,37.4,37.35,37.4,717.0
2021-05-31 14:46:00,NSE:DCW,37.4,37.45,37.35,37.45,3793.0
2021-05-31 14:47:00,NSE:DCW,37.45,37.45,37.4,37.4,6166.0
2021-05-31 14:48:00,NSE:DCW,37.4,37.45,37.4,37.45,411.0
2021-05-31 14:49:00,NSE:DCW,37.4,37.45,37.4,37.45,3231.0
2021-05-31 14:50:00,NSE:DCW,37.5,37.5,37.4,37.4,6956.0
2021-05-31 14:51:00,NSE:DCW,37.4,37.4,37.4,37.4,1720.0
2021-05-31 14:52:00,NSE:DCW,37.4,37.4,37.3,37.35,5121.0
2021-05-31 14:53:00,NSE:DCW,37.35,37.35,37.3,37.3,2390.0
2021-05-31 14:54:00,NSE:DCW,37.3,37.4,37.3,37.4,3273.0
2021-05-31 14:55:00,NSE:DCW,37.35,37.35,37.3,37.3,3400.0
2021-05-31 14:56:00,NSE:DCW,37.35,37.35,37.3,37.3,2272.0
2021-05-31 14:57:00,NSE:DCW,37.3,37.3,37.2,37.2,34359.0
2021-05-31 14:58:00,NSE:DCW,37.2,37.2,37.15,37.2,6677.0
2021-05-31 14:59:00,NSE:DCW,37.15,37.2,37.15,37.15,6710.0
2021-05-31 15:00:00,NSE:DCW,37.1,37.2,37.1,37.15,1079.0
2021-05-31 15:01:00,NSE:DCW,37.2,37.2,37.15,37.15,6230.0
2021-05-31 15:02:00,NSE:DCW,37.15,37.15,37.1,37.1,11067.0
2021-05-31 15:03:00,NSE:DCW,37.1,37.15,37.1,37.1,2741.0
2021-05-31 15:04:00,NSE:DCW,37.15,37.15,37.1,37.15,7041.0
2021-05-31 15:05:00,NSE:DCW,37.15,37.2,37.1,37.2,12305.0
2021-05-31 15:06:00,NSE:DCW,37.2,37.3,37.2,37.2,20796.0
2021-05-31 15:07:00,NSE:DCW,37.15,37.2,37.15,37.15,4438.0
2021-05-31 15:08:00,NSE:DCW,37.2,37.25,37.15,37.25,2761.0
2021-05-31 15:09:00,NSE:DCW,37.25,37.25,37.2,37.2,1325.0
2021-05-31 15:10:00,NSE:DCW,37.2,37.3,37.2,37.25,1607.0
2021-05-31 15:11:00,NSE:DCW,37.25,37.35,37.25,37.35,3883.0
2021-05-31 15:12:00,NSE:DCW,37.3,37.35,37.3,37.35,23773.0
2021-05-31 15:13:00,NSE:DCW,37.3,37.3,37.3,37.3,12373.0
2021-05-31 15:14:00,NSE:DCW,37.3,37.3,37.25,37.25,3829.0
2021-05-31 15:15:00,NSE:DCW,37.3,37.4,37.25,37.4,25140.0
2021-05-31 15:16:00,NSE:DCW,37.4,37.4,37.2,37.2,34234.0
2021-05-31 15:17:00,NSE:DCW,37.2,37.3,37.15,37.15,21733.0
2021-05-31 15:18:00,NSE:DCW,37.25,37.25,37.1,37.15,12578.0
2021-05-31 15:19:00,NSE:DCW,37.2,37.2,37.1,37.2,2991.0
2021-05-31 15:20:00,NSE:DCW,37.1,37.2,37.1,37.2,4307.0
2021-05-31 15:21:00,NSE:DCW,37.2,37.2,37.15,37.15,4054.0
2021-05-31 15:22:00,NSE:DCW,37.15,37.2,37.15,37.2,15753.0
2021-05-31 15:23:00,NSE:DCW,37.2,37.25,37.15,37.25,8091.0
2021-05-31 15:24:00,NSE:DCW,37.25,37.25,37.2,37.25,3459.0
2021-05-31 15:25:00,NSE:DCW,37.25,37.3,37.2,37.25,12444.0
2021-05-31 15:26:00,NSE:DCW,37.25,37.25,37.2,37.25,10691.0
2021-05-31 15:27:00,NSE:DCW,37.25,37.3,37.2,37.25,18702.0
2021-05-31 15:28:00,NSE:DCW,37.25,37.4,37.25,37.4,18577.0
2021-05-31 15:29:00,NSE:DCW,37.35,37.35,37.3,37.35,11610.0
2021-05-31 15:30:00,NSE:DCW,37.35,37.35,37.35,37.35,30.0
2021-05-31 15:40:00,NSE:DCW,37.2,37.2,37.2,37.2,250.0
2021-05-31 15:43:00,NSE:DCW,37.2,37.2,37.2,37.2,1500.0
2021-05-31 15:53:00,NSE:DCW,37.2,37.35,37.2,37.35,1500.0
2021-06-01 09:07:00,NSE:DCW,37.3,37.3,37.3,37.3,5410.0
2021-06-01 09:15:00,NSE:DCW,37.35,37.45,37.35,37.45,9733.0
2021-06-01 09:16:00,NSE:DCW,37.45,37.5,37.45,37.45,21945.0
2021-06-01 09:17:00,NSE:DCW,37.4,37.45,37.35,37.4,9891.0
2021-06-01 09:18:00,NSE:DCW,37.35,37.4,37.3,37.4,4648.0
2021-06-01 09:19:00,NSE:DCW,37.45,37.45,37.35,37.4,5000.0
2021-06-01 09:20:00,NSE:DCW,37.4,37.45,37.35,37.45,5027.0
2021-06-01 09:21:00,NSE:DCW,37.4,37.45,37.35,37.4,2370.0
2021-06-01 09:22:00,NSE:DCW,37.4,37.4,37.4,37.4,5566.0
2021-06-01 09:23:00,NSE:DCW,37.4,37.4,37.35,37.4,4635.0
2021-06-01 09:24:00,NSE:DCW,37.35,37.35,37.35,37.35,6790.0
2021-06-01 09:25:00,NSE:DCW,37.35,37.35,37.25,37.35,7686.0
2021-06-01 09:26:00,NSE:DCW,37.3,37.4,37.3,37.4,9292.0
2021-06-01 09:27:00,NSE:DCW,37.4,37.4,37.25,37.35,1964.0
2021-06-01 09:28:00,NSE:DCW,37.35,37.35,37.3,37.3,5854.0
2021-06-01 09:29:00,NSE:DCW,37.35,37.4,37.25,37.4,2759.0
2021-06-01 09:30:00,NSE:DCW,37.3,37.35,37.3,37.35,647.0
2021-06-01 09:31:00,NSE:DCW,37.35,37.4,37.3,37.4,13788.0
2021-06-01 09:32:00,NSE:DCW,37.3,37.4,37.3,37.4,442.0
2021-06-01 09:33:00,NSE:DCW,37.4,37.4,37.35,37.4,1733.0
2021-06-01 09:34:00,NSE:DCW,37.4,37.4,37.3,37.4,3256.0
2021-06-01 09:35:00,NSE:DCW,37.35,37.4,37.35,37.4,1545.0
2021-06-01 09:36:00,NSE:DCW,37.35,37.35,37.35,37.35,2500.0
2021-06-01 09:37:00,NSE:DCW,37.4,37.4,37.4,37.4,41.0
2021-06-01 09:38:00,NSE:DCW,37.35,37.45,37.3,37.4,16749.0
2021-06-01 09:39:00,NSE:DCW,37.45,37.45,37.4,37.4,1550.0
2021-06-01 09:40:00,NSE:DCW,37.45,37.45,37.4,37.4,2616.0
2021-06-01 09:41:00,NSE:DCW,37.4,37.4,37.4,37.4,3236.0
2021-06-01 09:42:00,NSE:DCW,37.4,37.4,37.3,37.3,14752.0
2021-06-01 09:43:00,NSE:DCW,37.35,37.35,37.3,37.35,443.0
2021-06-01 09:44:00,NSE:DCW,37.35,37.35,37.35,37.35,1197.0
2021-06-01 09:45:00,NSE:DCW,37.3,37.35,37.25,37.35,4556.0
2021-06-01 09:46:00,NSE:DCW,37.35,37.35,37.35,37.35,400.0
2021-06-01 09:47:00,NSE:DCW,37.35,37.35,37.3,37.35,304.0
2021-06-01 09:48:00,NSE:DCW,37.3,37.35,37.3,37.35,326.0
2021-06-01 09:49:00,NSE:DCW,37.35,37.35,37.35,37.35,921.0
2021-06-01 09:50:00,NSE:DCW,37.35,37.35,37.25,37.3,9400.0
2021-06-01 09:51:00,NSE:DCW,37.3,37.3,37.1,37.1,13748.0
2021-06-01 09:52:00,NSE:DCW,37.1,37.15,37.05,37.1,10503.0
2021-06-01 09:53:00,NSE:DCW,37.05,37.1,37.0,37.05,11878.0
2021-06-01 09:54:00,NSE:DCW,37.0,37.0,36.9,36.95,20688.0
2021-06-01 09:55:00,NSE:DCW,36.85,36.9,36.85,36.9,18377.0
2021-06-01 09:56:00,NSE:DCW,36.9,36.9,36.85,36.85,9842.0
2021-06-01 09:57:00,NSE:DCW,36.85,36.85,36.8,36.8,5492.0
2021-06-01 09:58:00,NSE:DCW,36.85,36.85,36.7,36.8,12731.0
2021-06-01 09:59:00,NSE:DCW,36.8,36.8,36.65,36.8,12643.0
2021-06-01 10:00:00,NSE:DCW,36.75,36.8,36.7,36.8,11696.0
2021-06-01 10:01:00,NSE:DCW,36.7,36.8,36.7,36.75,5873.0
2021-06-01 10:02:00,NSE:DCW,36.8,36.8,36.75,36.8,1280.0
2021-06-01 10:03:00,NSE:DCW,36.75,36.8,36.75,36.75,3843.0
2021-06-01 10:04:00,NSE:DCW,36.75,36.8,36.7,36.8,1831.0
2021-06-01 10:05:00,NSE:DCW,36.8,36.8,36.7,36.75,7513.0
2021-06-01 10:06:00,NSE:DCW,36.8,36.8,36.6,36.6,22609.0
2021-06-01 10:07:00,NSE:DCW,36.6,36.7,36.55,36.55,6153.0
2021-06-01 10:08:00,NSE:DCW,36.6,36.6,36.5,36.6,10825.0
2021-06-01 10:09:00,NSE:DCW,36.6,36.6,36.4,36.45,19545.0
2021-06-01 10:10:00,NSE:DCW,36.45,36.45,36.4,36.4,9094.0
2021-06-01 10:11:00,NSE:DCW,36.4,36.4,36.35,36.4,1289.0
2021-06-01 10:12:00,NSE:DCW,36.4,36.4,36.35,36.35,8098.0
2021-06-01 10:13:00,NSE:DCW,36.4,36.55,36.4,36.55,31749.0
2021-06-01 10:14:00,NSE:DCW,36.5,36.55,36.45,36.5,3679.0
2021-06-01 10:15:00,NSE:DCW,36.5,36.5,36.45,36.45,4726.0
2021-06-01 10:16:00,NSE:DCW,36.45,36.5,36.4,36.4,6690.0
2021-06-01 10:17:00,NSE:DCW,36.45,36.5,36.4,36.5,6541.0
2021-06-01 10:18:00,NSE:DCW,36.55,36.6,36.5,36.6,8527.0
2021-06-01 10:19:00,NSE:DCW,36.6,36.6,36.5,36.6,1622.0
2021-06-01 10:20:00,NSE:DCW,36.6,36.6,36.55,36.6,1707.0
2021-06-01 10:21:00,NSE:DCW,36.6,36.6,36.45,36.45,15118.0
2021-06-01 10:22:00,NSE:DCW,36.45,36.5,36.4,36.4,11151.0
2021-06-01 10:23:00,NSE:DCW,36.4,36.45,36.4,36.45,2761.0
2021-06-01 10:24:00,NSE:DCW,36.45,36.45,36.45,36.45,2281.0
2021-06-01 10:25:00,NSE:DCW,36.4,36.45,36.35,36.45,5655.0
2021-06-01 10:26:00,NSE:DCW,36.4,36.45,36.35,36.35,1845.0
2021-06-01 10:27:00,NSE:DCW,36.4,36.4,36.35,36.4,11161.0
2021-06-01 10:28:00,NSE:DCW,36.4,36.4,36.35,36.4,8442.0
2021-06-01 10:29:00,NSE:DCW,36.4,36.5,36.4,36.4,7882.0
2021-06-01 10:30:00,NSE:DCW,36.5,36.5,36.4,36.4,1002.0
2021-06-01 10:31:00,NSE:DCW,36.5,36.5,36.4,36.4,8.0
2021-06-01 10:32:00,NSE:DCW,36.45,36.5,36.45,36.5,6925.0
2021-06-01 10:33:00,NSE:DCW,36.5,36.5,36.45,36.5,1063.0
2021-06-01 10:34:00,NSE:DCW,36.5,36.5,36.4,36.4,762.0
2021-06-01 10:35:00,NSE:DCW,36.4,36.6,36.4,36.55,11186.0
2021-06-01 10:36:00,NSE:DCW,36.45,36.45,36.35,36.35,15659.0
2021-06-01 10:37:00,NSE:DCW,36.35,36.45,36.3,36.35,7586.0
2021-06-01 10:38:00,NSE:DCW,36.35,36.45,36.35,36.45,10580.0
2021-06-01 10:39:00,NSE:DCW,36.4,36.6,36.4,36.6,8875.0
2021-06-01 10:40:00,NSE:DCW,36.6,36.6,36.55,36.55,5446.0
2021-06-01 10:41:00,NSE:DCW,36.5,36.55,36.35,36.4,13543.0
2021-06-01 10:42:00,NSE:DCW,36.4,36.45,36.4,36.45,2950.0
2021-06-01 10:43:00,NSE:DCW,36.45,36.5,36.4,36.45,649.0
2021-06-01 10:44:00,NSE:DCW,36.4,36.45,36.35,36.4,9697.0
2021-06-01 10:45:00,NSE:DCW,36.4,36.45,36.35,36.35,3125.0
2021-06-01 10:46:00,NSE:DCW,36.35,36.4,36.35,36.4,2300.0
2021-06-01 10:47:00,NSE:DCW,36.4,36.45,36.25,36.35,30316.0
2021-06-01 10:48:00,NSE:DCW,36.4,36.4,36.35,36.4,1754.0
2021-06-01 10:49:00,NSE:DCW,36.4,36.45,36.35,36.45,4818.0
2021-06-01 10:50:00,NSE:DCW,36.45,36.45,36.35,36.35,3616.0
2021-06-01 10:51:00,NSE:DCW,36.45,36.45,36.35,36.4,3339.0
2021-06-01 10:52:00,NSE:DCW,36.35,36.45,36.3,36.35,2238.0
2021-06-01 10:53:00,NSE:DCW,36.4,36.45,36.35,36.45,545.0
2021-06-01 10:54:00,NSE:DCW,36.4,36.4,36.35,36.4,127.0
2021-06-01 10:55:00,NSE:DCW,36.35,36.45,36.35,36.35,8438.0
2021-06-01 10:56:00,NSE:DCW,36.3,36.35,36.3,36.3,2087.0
2021-06-01 10:57:00,NSE:DCW,36.3,36.4,36.25,36.25,7577.0
2021-06-01 10:58:00,NSE:DCW,36.25,36.25,36.15,36.25,17727.0
2021-06-01 10:59:00,NSE:DCW,36.15,36.25,36.15,36.2,3223.0
2021-06-01 11:00:00,NSE:DCW,36.2,36.2,36.15,36.2,1455.0
2021-06-01 11:01:00,NSE:DCW,36.15,36.2,36.0,36.15,47856.0
2021-06-01 11:02:00,NSE:DCW,36.15,36.2,36.15,36.15,12152.0
2021-06-01 11:03:00,NSE:DCW,36.15,36.2,36.1,36.1,2166.0
2021-06-01 11:04:00,NSE:DCW,36.2,36.2,36.1,36.1,2103.0
2021-06-01 11:05:00,NSE:DCW,36.15,36.15,36.1,36.15,2085.0
2021-06-01 11:06:00,NSE:DCW,36.1,36.15,36.1,36.1,973.0
2021-06-01 11:07:00,NSE:DCW,36.1,36.15,36.1,36.15,1081.0
2021-06-01 11:08:00,NSE:DCW,36.1,36.15,36.1,36.15,425.0
2021-06-01 11:09:00,NSE:DCW,36.15,36.15,36.1,36.1,703.0
2021-06-01 11:10:00,NSE:DCW,36.1,36.15,36.05,36.15,7356.0
2021-06-01 11:11:00,NSE:DCW,36.15,36.15,36.1,36.1,4308.0
2021-06-01 11:12:00,NSE:DCW,36.15,36.15,36.1,36.15,3270.0
2021-06-01 11:13:00,NSE:DCW,36.15,36.15,36.1,36.15,720.0
2021-06-01 11:14:00,NSE:DCW,36.1,36.15,36.1,36.1,3417.0
2021-06-01 11:15:00,NSE:DCW,36.1,36.1,36.05,36.05,1420.0
2021-06-01 11:16:00,NSE:DCW,36.1,36.1,36.05,36.1,8234.0
2021-06-01 11:17:00,NSE:DCW,36.1,36.1,36.05,36.1,1488.0
2021-06-01 11:18:00,NSE:DCW,36.1,36.15,36.1,36.15,1302.0
2021-06-01 11:19:00,NSE:DCW,36.1,36.15,36.05,36.05,6534.0
2021-06-01 11:20:00,NSE:DCW,36.05,36.1,36.05,36.1,800.0
2021-06-01 11:21:00,NSE:DCW,36.1,36.1,35.8,35.85,23456.0
2021-06-01 11:22:00,NSE:DCW,35.85,35.9,35.4,35.6,83953.0
2021-06-01 11:23:00,NSE:DCW,35.5,35.55,35.35,35.35,29597.0
2021-06-01 11:24:00,NSE:DCW,35.4,35.55,35.4,35.55,3097.0
2021-06-01 11:25:00,NSE:DCW,35.55,35.6,35.5,35.6,4847.0
2021-06-01 11:26:00,NSE:DCW,35.55,35.65,35.55,35.65,10361.0
2021-06-01 11:27:00,NSE:DCW,35.6,35.7,35.6,35.7,2549.0
2021-06-01 11:28:00,NSE:DCW,35.7,35.7,35.6,35.6,4499.0
2021-06-01 11:29:00,NSE:DCW,35.7,35.75,35.7,35.75,3488.0
2021-06-01 11:30:00,NSE:DCW,35.75,35.8,35.75,35.8,2881.0
2021-06-01 11:31:00,NSE:DCW,35.8,35.8,35.75,35.75,11700.0
2021-06-01 11:32:00,NSE:DCW,35.85,35.9,35.85,35.85,13593.0
2021-06-01 11:33:00,NSE:DCW,35.85,35.85,35.8,35.85,1498.0
2021-06-01 11:34:00,NSE:DCW,35.85,35.85,35.8,35.8,1070.0
2021-06-01 11:35:00,NSE:DCW,35.75,35.8,35.75,35.8,1183.0
2021-06-01 11:36:00,NSE:DCW,35.8,35.85,35.75,35.85,2167.0
2021-06-01 11:37:00,NSE:DCW,35.85,35.85,35.85,35.85,16.0
2021-06-01 11:38:00,NSE:DCW,35.85,35.85,35.8,35.85,2700.0
2021-06-01 11:39:00,NSE:DCW,35.8,35.85,35.8,35.85,6710.0
2021-06-01 11:40:00,NSE:DCW,35.85,35.85,35.8,35.85,2983.0
2021-06-01 11:41:00,NSE:DCW,35.85,35.9,35.8,35.9,2266.0
2021-06-01 11:42:00,NSE:DCW,35.85,35.9,35.8,35.85,1391.0
2021-06-01 11:43:00,NSE:DCW,35.85,35.9,35.8,35.8,2036.0
2021-06-01 11:44:00,NSE:DCW,35.85,35.85,35.75,35.75,4420.0
2021-06-01 11:45:00,NSE:DCW,35.8,35.8,35.8,35.8,80.0
2021-06-01 11:46:00,NSE:DCW,35.7,35.8,35.7,35.75,2200.0
2021-06-01 11:47:00,NSE:DCW,35.8,35.8,35.7,35.7,3072.0
2021-06-01 11:48:00,NSE:DCW,35.7,35.75,35.7,35.75,679.0
2021-06-01 11:49:00,NSE:DCW,35.75,35.75,35.7,35.7,897.0
2021-06-01 11:50:00,NSE:DCW,35.7,35.7,35.65,35.65,8986.0
2021-06-01 11:51:00,NSE:DCW,35.65,35.75,35.65,35.7,6419.0
2021-06-01 11:52:00,NSE:DCW,35.7,35.7,35.7,35.7,20.0
2021-06-01 11:53:00,NSE:DCW,35.7,35.75,35.7,35.75,430.0
2021-06-01 11:54:00,NSE:DCW,35.75,35.75,35.65,35.75,7359.0
2021-06-01 11:55:00,NSE:DCW,35.75,35.75,35.7,35.7,2325.0
2021-06-01 11:56:00,NSE:DCW,35.75,35.75,35.65,35.65,6321.0
2021-06-01 11:57:00,NSE:DCW,35.65,35.7,35.6,35.7,713.0
2021-06-01 11:58:00,NSE:DCW,35.7,35.7,35.65,35.7,1225.0
2021-06-01 11:59:00,NSE:DCW,35.7,35.7,35.65,35.7,2846.0
2021-06-01 12:00:00,NSE:DCW,35.65,35.75,35.65,35.7,1803.0
2021-06-01 12:01:00,NSE:DCW,35.7,35.75,35.7,35.75,1635.0
2021-06-01 12:02:00,NSE:DCW,35.75,35.75,35.75,35.75,765.0
2021-06-01 12:03:00,NSE:DCW,35.75,35.75,35.75,35.75,2522.0
2021-06-01 12:04:00,NSE:DCW,35.75,35.75,35.7,35.75,727.0
2021-06-01 12:05:00,NSE:DCW,35.7,35.75,35.7,35.75,3305.0
2021-06-01 12:06:00,NSE:DCW,35.75,35.75,35.7,35.75,2807.0
2021-06-01 12:07:00,NSE:DCW,35.75,35.75,35.75,35.75,1141.0
2021-06-01 12:08:00,NSE:DCW,35.75,35.75,35.7,35.75,5324.0
2021-06-01 12:09:00,NSE:DCW,35.85,35.85,35.8,35.8,1162.0
2021-06-01 12:10:00,NSE:DCW,35.8,35.9,35.8,35.9,3859.0
2021-06-01 12:11:00,NSE:DCW,35.9,35.9,35.85,35.9,2334.0
2021-06-01 12:12:00,NSE:DCW,35.9,35.9,35.85,35.9,3249.0
2021-06-01 12:13:00,NSE:DCW,35.9,35.9,35.85,35.85,1330.0
2021-06-01 12:14:00,NSE:DCW,35.85,35.85,35.85,35.85,541.0
2021-06-01 12:15:00,NSE:DCW,35.85,35.9,35.8,35.85,2620.0
2021-06-01 12:16:00,NSE:DCW,35.85,35.85,35.7,35.75,14780.0
2021-06-01 12:17:00,NSE:DCW,35.75,35.75,35.75,35.75,4190.0
2021-06-01 12:18:00,NSE:DCW,35.8,35.85,35.7,35.85,2960.0
2021-06-01 12:19:00,NSE:DCW,35.85,35.85,35.8,35.85,677.0
2021-06-01 12:20:00,NSE:DCW,35.8,35.8,35.8,35.8,2270.0
2021-06-01 12:21:00,NSE:DCW,35.8,35.9,35.8,35.85,6399.0
2021-06-01 12:22:00,NSE:DCW,35.75,35.85,35.75,35.85,8242.0
2021-06-01 12:23:00,NSE:DCW,35.8,35.85,35.8,35.85,568.0
2021-06-01 12:24:00,NSE:DCW,35.8,35.85,35.8,35.85,7.0
2021-06-01 12:25:00,NSE:DCW,35.85,35.85,35.85,35.85,153.0
2021-06-01 12:26:00,NSE:DCW,35.85,35.85,35.75,35.85,2780.0
2021-06-01 12:27:00,NSE:DCW,35.75,35.8,35.75,35.8,3015.0
2021-06-01 12:28:00,NSE:DCW,35.8,35.8,35.8,35.8,575.0
2021-06-01 12:29:00,NSE:DCW,35.85,35.85,35.75,35.75,736.0
2021-06-01 12:30:00,NSE:DCW,35.85,35.85,35.75,35.85,538.0
2021-06-01 12:31:00,NSE:DCW,35.85,35.85,35.75,35.75,1912.0
2021-06-01 12:32:00,NSE:DCW,35.85,35.85,35.85,35.85,51.0
2021-06-01 12:33:00,NSE:DCW,35.8,35.85,35.8,35.85,481.0
2021-06-01 12:34:00,NSE:DCW,35.8,36.0,35.8,36.0,12214.0
2021-06-01 12:35:00,NSE:DCW,36.0,36.0,35.95,36.0,756.0
2021-06-01 12:36:00,NSE:DCW,36.0,36.0,35.95,35.95,11180.0
2021-06-01 12:37:00,NSE:DCW,36.0,36.0,35.85,35.85,5785.0
2021-06-01 12:38:00,NSE:DCW,35.85,35.9,35.85,35.85,291.0
2021-06-01 12:39:00,NSE:DCW,35.9,35.9,35.85,35.9,523.0
2021-06-01 12:40:00,NSE:DCW,35.85,35.9,35.85,35.85,427.0
2021-06-01 12:41:00,NSE:DCW,35.9,35.9,35.9,35.9,604.0
2021-06-01 12:42:00,NSE:DCW,35.9,35.9,35.85,35.85,565.0
2021-06-01 12:43:00,NSE:DCW,35.85,35.85,35.85,35.85,45.0
2021-06-01 12:44:00,NSE:DCW,35.9,35.9,35.8,35.9,2858.0
2021-06-01 12:45:00,NSE:DCW,35.9,35.9,35.85,35.85,260.0
2021-06-01 12:46:00,NSE:DCW,35.9,35.9,35.85,35.85,138.0
2021-06-01 12:47:00,NSE:DCW,35.85,35.9,35.85,35.85,400.0
2021-06-01 12:48:00,NSE:DCW,35.85,35.9,35.85,35.9,1606.0
2021-06-01 12:49:00,NSE:DCW,35.9,35.9,35.9,35.9,533.0
2021-06-01 12:50:00,NSE:DCW,35.9,35.9,35.9,35.9,352.0
2021-06-01 12:51:00,NSE:DCW,35.9,35.9,35.8,35.9,153.0
2021-06-01 12:52:00,NSE:DCW,35.9,35.9,35.85,35.9,500.0
2021-06-01 12:53:00,NSE:DCW,35.9,35.9,35.8,35.85,1500.0
2021-06-01 12:54:00,NSE:DCW,35.85,35.85,35.85,35.85,508.0
2021-06-01 12:55:00,NSE:DCW,35.85,35.85,35.8,35.8,4429.0
2021-06-01 12:56:00,NSE:DCW,35.8,35.8,35.75,35.8,2576.0
2021-06-01 12:57:00,NSE:DCW,35.75,35.8,35.75,35.75,1019.0
2021-06-01 12:58:00,NSE:DCW,35.8,35.8,35.8,35.8,2485.0
2021-06-01 12:59:00,NSE:DCW,35.8,35.8,35.8,35.8,2610.0
2021-06-01 13:00:00,NSE:DCW,35.8,35.8,35.8,35.8,118.0
2021-06-01 13:01:00,NSE:DCW,35.8,35.8,35.75,35.75,3199.0
2021-06-01 13:02:00,NSE:DCW,35.8,35.8,35.8,35.8,1110.0
2021-06-01 13:03:00,NSE:DCW,35.8,35.8,35.75,35.8,5201.0
2021-06-01 13:04:00,NSE:DCW,35.8,35.8,35.8,35.8,110.0
2021-06-01 13:05:00,NSE:DCW,35.8,35.8,35.8,35.8,1337.0
2021-06-01 13:06:00,NSE:DCW,35.8,35.8,35.8,35.8,133.0
2021-06-01 13:07:00,NSE:DCW,35.8,35.8,35.8,35.8,1.0
2021-06-01 13:08:00,NSE:DCW,35.8,35.8,35.8,35.8,1061.0
2021-06-01 13:09:00,NSE:DCW,35.8,35.8,35.8,35.8,1083.0
2021-06-01 13:10:00,NSE:DCW,35.8,35.8,35.75,35.8,351.0
2021-06-01 13:11:00,NSE:DCW,35.8,35.8,35.75,35.8,164.0
2021-06-01 13:12:00,NSE:DCW,35.75,35.8,35.75,35.8,1004.0
2021-06-01 13:13:00,NSE:DCW,35.8,35.8,35.75,35.75,153.0
2021-06-01 13:14:00,NSE:DCW,35.8,35.8,35.75,35.75,921.0
2021-06-01 13:15:00,NSE:DCW,35.75,35.75,35.75,35.75,500.0
2021-06-01 13:16:00,NSE:DCW,35.8,35.8,35.8,35.8,1492.0
2021-06-01 13:17:00,NSE:DCW,35.8,35.8,35.8,35.8,602.0
2021-06-01 13:18:00,NSE:DCW,35.8,35.8,35.6,35.6,37675.0
2021-06-01 13:19:00,NSE:DCW,35.7,35.7,35.6,35.6,1262.0
2021-06-01 13:20:00,NSE:DCW,35.7,35.75,35.7,35.75,967.0
2021-06-01 13:21:00,NSE:DCW,35.75,35.85,35.75,35.8,3968.0
2021-06-01 13:22:00,NSE:DCW,35.8,35.85,35.75,35.8,2893.0
2021-06-01 13:23:00,NSE:DCW,35.8,35.85,35.8,35.85,1156.0
2021-06-01 13:24:00,NSE:DCW,35.85,35.9,35.85,35.9,786.0
2021-06-01 13:25:00,NSE:DCW,35.9,35.9,35.8,35.85,1174.0
2021-06-01 13:26:00,NSE:DCW,35.85,35.85,35.85,35.85,1259.0
2021-06-01 13:27:00,NSE:DCW,35.85,35.85,35.8,35.8,600.0
2021-06-01 13:28:00,NSE:DCW,35.85,35.85,35.85,35.85,630.0
2021-06-01 13:29:00,NSE:DCW,35.85,35.85,35.8,35.85,463.0
2021-06-01 13:30:00,NSE:DCW,35.85,35.9,35.85,35.9,1124.0
2021-06-01 13:31:00,NSE:DCW,35.9,35.9,35.9,35.9,63.0
2021-06-01 13:32:00,NSE:DCW,35.9,35.9,35.9,35.9,172.0
2021-06-01 13:33:00,NSE:DCW,35.85,35.85,35.85,35.85,50.0
2021-06-01 13:34:00,NSE:DCW,35.9,35.95,35.9,35.95,1190.0
2021-06-01 13:35:00,NSE:DCW,35.95,35.95,35.9,35.9,202.0
2021-06-01 13:36:00,NSE:DCW,35.9,35.95,35.9,35.9,1690.0
2021-06-01 13:37:00,NSE:DCW,35.95,36.0,35.95,36.0,3701.0
2021-06-01 13:38:00,NSE:DCW,36.0,36.05,36.0,36.05,970.0
2021-06-01 13:39:00,NSE:DCW,36.05,36.2,36.05,36.2,4548.0
2021-06-01 13:40:00,NSE:DCW,36.2,36.25,36.2,36.25,5267.0
2021-06-01 13:41:00,NSE:DCW,36.25,36.25,36.2,36.25,2599.0
2021-06-01 13:42:00,NSE:DCW,36.25,36.35,36.2,36.35,7006.0
2021-06-01 13:43:00,NSE:DCW,36.35,36.35,36.3,36.35,3371.0
2021-06-01 13:44:00,NSE:DCW,36.35,36.35,36.2,36.2,7802.0
2021-06-01 13:45:00,NSE:DCW,36.2,36.2,36.2,36.2,847.0
2021-06-01 13:46:00,NSE:DCW,36.25,36.3,36.25,36.3,2928.0
2021-06-01 13:47:00,NSE:DCW,36.3,36.3,36.2,36.2,265.0
2021-06-01 13:48:00,NSE:DCW,36.2,36.3,36.2,36.3,2200.0
2021-06-01 13:49:00,NSE:DCW,36.3,36.3,36.2,36.3,1438.0
2021-06-01 13:50:00,NSE:DCW,36.2,36.3,36.2,36.25,2486.0
2021-06-01 13:51:00,NSE:DCW,36.2,36.3,36.2,36.3,850.0
2021-06-01 13:52:00,NSE:DCW,36.25,36.25,36.25,36.25,615.0
2021-06-01 13:53:00,NSE:DCW,36.25,36.25,36.2,36.25,2599.0
2021-06-01 13:54:00,NSE:DCW,36.25,36.25,36.25,36.25,75.0
2021-06-01 13:55:00,NSE:DCW,36.25,36.25,36.25,36.25,376.0
2021-06-01 13:56:00,NSE:DCW,36.25,36.25,36.2,36.2,150.0
2021-06-01 13:57:00,NSE:DCW,36.25,36.25,36.2,36.2,600.0
2021-06-01 13:58:00,NSE:DCW,36.25,36.25,36.2,36.2,1424.0
2021-06-01 13:59:00,NSE:DCW,36.2,36.2,36.1,36.1,2415.0
2021-06-01 14:00:00,NSE:DCW,36.1,36.2,36.1,36.2,699.0
2021-06-01 14:01:00,NSE:DCW,36.1,36.2,36.1,36.2,511.0
2021-06-01 14:02:00,NSE:DCW,36.2,36.2,36.15,36.15,1120.0
2021-06-01 14:03:00,NSE:DCW,36.2,36.2,36.1,36.1,310.0
2021-06-01 14:04:00,NSE:DCW,36.2,36.2,36.1,36.1,3213.0
2021-06-01 14:05:00,NSE:DCW,36.05,36.05,35.95,35.95,4023.0
2021-06-01 14:06:00,NSE:DCW,35.9,35.95,35.9,35.95,3050.0
2021-06-01 14:07:00,NSE:DCW,35.95,35.95,35.9,35.95,121.0
2021-06-01 14:08:00,NSE:DCW,35.95,35.95,35.9,35.9,10500.0
2021-06-01 14:09:00,NSE:DCW,36.0,36.0,35.95,36.0,294.0
2021-06-01 14:10:00,NSE:DCW,35.95,36.05,35.95,36.05,2851.0
2021-06-01 14:11:00,NSE:DCW,36.05,36.05,36.05,36.05,1000.0
2021-06-01 14:12:00,NSE:DCW,36.05,36.05,36.05,36.05,120.0
2021-06-01 14:13:00,NSE:DCW,36.05,36.2,36.05,36.2,7531.0
2021-06-01 14:14:00,NSE:DCW,36.15,36.15,36.1,36.1,1545.0
2021-06-01 14:15:00,NSE:DCW,36.1,36.15,36.1,36.15,265.0
2021-06-01 14:16:00,NSE:DCW,36.15,36.2,36.15,36.2,5827.0
2021-06-01 14:17:00,NSE:DCW,36.2,36.2,36.1,36.2,2692.0
2021-06-01 14:18:00,NSE:DCW,36.2,36.2,36.1,36.1,450.0
2021-06-01 14:19:00,NSE:DCW,36.2,36.2,36.2,36.2,811.0
2021-06-01 14:20:00,NSE:DCW,36.2,36.2,36.2,36.2,1100.0
2021-06-01 14:21:00,NSE:DCW,36.2,36.2,36.2,36.2,389.0
2021-06-01 14:22:00,NSE:DCW,36.25,36.3,36.2,36.3,10939.0
2021-06-01 14:23:00,NSE:DCW,36.3,36.3,36.2,36.2,879.0
2021-06-01 14:24:00,NSE:DCW,36.3,36.3,36.25,36.3,1346.0
2021-06-01 14:25:00,NSE:DCW,36.3,36.3,36.3,36.3,1585.0
2021-06-01 14:26:00,NSE:DCW,36.25,36.25,36.2,36.2,4860.0
2021-06-01 14:27:00,NSE:DCW,36.2,36.2,36.2,36.2,378.0
2021-06-01 14:28:00,NSE:DCW,36.2,36.2,36.2,36.2,650.0
2021-06-01 14:29:00,NSE:DCW,36.2,36.2,36.2,36.2,510.0
2021-06-01 14:30:00,NSE:DCW,36.2,36.2,36.15,36.2,1478.0
2021-06-01 14:31:00,NSE:DCW,36.15,36.15,36.0,36.1,17128.0
2021-06-01 14:33:00,NSE:DCW,36.1,36.15,36.1,36.15,801.0
2021-06-01 14:34:00,NSE:DCW,36.05,36.15,36.05,36.15,1156.0
2021-06-01 14:35:00,NSE:DCW,36.15,36.15,36.05,36.05,400.0
2021-06-01 14:36:00,NSE:DCW,36.05,36.05,36.0,36.0,5432.0
2021-06-01 14:37:00,NSE:DCW,35.95,36.0,35.9,35.9,6250.0
2021-06-01 14:38:00,NSE:DCW,35.9,35.9,35.9,35.9,50.0
2021-06-01 14:39:00,NSE:DCW,36.0,36.0,35.9,36.0,4824.0
2021-06-01 14:40:00,NSE:DCW,36.0,36.0,36.0,36.0,3115.0
2021-06-01 14:41:00,NSE:DCW,35.95,36.0,35.95,36.0,1170.0
2021-06-01 14:42:00,NSE:DCW,36.0,36.0,36.0,36.0,225.0
2021-06-01 14:43:00,NSE:DCW,36.0,36.0,36.0,36.0,210.0
2021-06-01 14:44:00,NSE:DCW,35.95,36.0,35.95,36.0,1050.0
2021-06-01 14:45:00,NSE:DCW,36.0,36.0,35.95,36.0,1368.0
2021-06-01 14:46:00,NSE:DCW,36.0,36.0,36.0,36.0,1735.0
2021-06-01 14:47:00,NSE:DCW,36.05,36.05,36.0,36.05,7603.0
2021-06-01 14:48:00,NSE:DCW,36.05,36.15,36.05,36.1,1490.0
2021-06-01 14:49:00,NSE:DCW,36.05,36.15,36.05,36.15,295.0
2021-06-01 14:50:00,NSE:DCW,36.15,36.15,36.1,36.1,736.0
2021-06-01 14:51:00,NSE:DCW,36.1,36.2,36.1,36.2,2307.0
2021-06-01 14:52:00,NSE:DCW,36.15,36.15,36.1,36.15,1060.0
2021-06-01 14:53:00,NSE:DCW,36.15,36.2,36.1,36.2,1000.0
2021-06-01 14:54:00,NSE:DCW,36.15,36.15,36.1,36.1,2163.0
2021-06-01 14:55:00,NSE:DCW,36.1,36.1,36.0,36.0,4239.0
2021-06-01 14:56:00,NSE:DCW,36.1,36.1,36.0,36.1,309.0
2021-06-01 14:57:00,NSE:DCW,36.1,36.1,36.1,36.1,3738.0
2021-06-01 14:58:00,NSE:DCW,36.05,36.1,36.05,36.05,2679.0
2021-06-01 14:59:00,NSE:DCW,36.05,36.05,36.0,36.05,1640.0
2021-06-01 15:00:00,NSE:DCW,36.05,36.05,36.0,36.0,7807.0
2021-06-01 15:01:00,NSE:DCW,36.0,36.05,36.0,36.05,201.0
2021-06-01 15:02:00,NSE:DCW,36.05,36.05,36.0,36.0,531.0
2021-06-01 15:03:00,NSE:DCW,36.0,36.05,36.0,36.0,1235.0
2021-06-01 15:04:00,NSE:DCW,36.05,36.05,36.0,36.0,2695.0
2021-06-01 15:05:00,NSE:DCW,36.0,36.05,36.0,36.05,2060.0
2021-06-01 15:06:00,NSE:DCW,36.05,36.05,36.0,36.05,3337.0
2021-06-01 15:07:00,NSE:DCW,36.05,36.1,36.0,36.0,13441.0
2021-06-01 15:08:00,NSE:DCW,35.95,36.05,35.95,36.05,8064.0
2021-06-01 15:09:00,NSE:DCW,36.05,36.05,36.0,36.0,400.0
2021-06-01 15:10:00,NSE:DCW,36.05,36.1,36.05,36.1,6346.0
2021-06-01 15:11:00,NSE:DCW,36.05,36.1,36.05,36.1,2975.0
2021-06-01 15:12:00,NSE:DCW,36.15,36.2,36.15,36.2,5994.0
2021-06-01 15:13:00,NSE:DCW,36.15,36.2,36.1,36.15,23281.0
2021-06-01 15:14:00,NSE:DCW,36.1,36.15,36.05,36.15,10249.0
2021-06-01 15:15:00,NSE:DCW,36.1,36.15,36.1,36.15,8811.0
2021-06-01 15:16:00,NSE:DCW,36.15,36.15,36.1,36.1,1125.0
2021-06-01 15:17:00,NSE:DCW,36.15,36.2,36.1,36.2,9199.0
2021-06-01 15:18:00,NSE:DCW,36.2,36.2,36.1,36.1,8450.0
2021-06-01 15:19:00,NSE:DCW,36.15,36.15,36.05,36.15,3326.0
2021-06-01 15:20:00,NSE:DCW,36.15,36.15,36.05,36.1,3052.0
2021-06-01 15:21:00,NSE:DCW,36.1,36.2,36.1,36.2,10202.0
2021-06-01 15:22:00,NSE:DCW,36.1,36.2,36.1,36.2,3395.0
2021-06-01 15:23:00,NSE:DCW,36.2,36.2,36.1,36.15,3033.0
2021-06-01 15:24:00,NSE:DCW,36.1,36.2,36.1,36.2,6282.0
2021-06-01 15:25:00,NSE:DCW,36.2,36.2,36.2,36.2,10198.0
2021-06-01 15:26:00,NSE:DCW,36.2,36.2,36.15,36.2,7359.0
2021-06-01 15:27:00,NSE:DCW,36.2,36.2,36.1,36.2,22692.0
2021-06-01 15:28:00,NSE:DCW,36.15,36.25,36.15,36.25,22333.0
2021-06-01 15:29:00,NSE:DCW,36.2,36.3,36.2,36.3,12376.0
2021-06-01 15:30:00,NSE:DCW,36.3,36.3,36.3,36.3,1000.0
2021-06-01 15:40:00,NSE:DCW,36.15,36.15,36.15,36.15,50.0
2021-06-01 15:43:00,NSE:DCW,36.15,36.15,36.15,36.15,25.0
2021-06-01 15:45:00,NSE:DCW,36.15,36.15,36.15,36.15,1000.0
2021-06-01 15:46:00,NSE:DCW,36.15,36.15,36.15,36.15,1.0
2021-06-01 15:48:00,NSE:DCW,36.15,36.15,36.15,36.15,33.0
2021-06-01 15:58:00,NSE:DCW,36.15,36.15,36.15,36.15,750.0
2021-06-02 09:07:00,NSE:DCW,35.85,35.85,35.85,35.85,10080.0
2021-06-02 09:15:00,NSE:DCW,36.3,36.35,35.85,36.0,12850.0
2021-06-02 09:16:00,NSE:DCW,36.05,36.1,36.0,36.05,2637.0
2021-06-02 09:17:00,NSE:DCW,36.0,36.1,36.0,36.1,1551.0
2021-06-02 09:18:00,NSE:DCW,36.1,36.2,36.1,36.1,11724.0
2021-06-02 09:19:00,NSE:DCW,36.15,36.3,36.1,36.3,18424.0
2021-06-02 09:20:00,NSE:DCW,36.35,36.6,36.35,36.5,16057.0
2021-06-02 09:21:00,NSE:DCW,36.5,36.65,36.45,36.6,25543.0
2021-06-02 09:22:00,NSE:DCW,36.5,36.55,36.4,36.4,10225.0
2021-06-02 09:23:00,NSE:DCW,36.4,36.4,36.2,36.2,8091.0
2021-06-02 09:24:00,NSE:DCW,36.25,36.3,36.2,36.2,4613.0
2021-06-02 09:25:00,NSE:DCW,36.2,36.3,36.15,36.3,8823.0
2021-06-02 09:26:00,NSE:DCW,36.25,36.3,36.2,36.3,48.0
2021-06-02 09:27:00,NSE:DCW,36.3,36.35,36.3,36.3,12551.0
2021-06-02 09:28:00,NSE:DCW,36.3,36.3,36.2,36.2,1402.0
2021-06-02 09:29:00,NSE:DCW,36.15,36.2,36.05,36.05,5033.0
2021-06-02 09:30:00,NSE:DCW,36.05,36.15,36.05,36.05,1891.0
2021-06-02 09:31:00,NSE:DCW,36.0,36.0,35.95,35.95,9147.0
2021-06-02 09:32:00,NSE:DCW,35.95,36.05,35.95,36.0,1068.0
2021-06-02 09:33:00,NSE:DCW,36.05,36.1,36.0,36.0,10903.0
2021-06-02 09:34:00,NSE:DCW,36.0,36.1,35.95,36.1,1618.0
2021-06-02 09:35:00,NSE:DCW,36.0,36.1,36.0,36.1,11554.0
2021-06-02 09:36:00,NSE:DCW,36.05,36.2,36.05,36.2,2104.0
2021-06-02 09:37:00,NSE:DCW,36.15,36.2,36.15,36.2,7325.0
2021-06-02 09:38:00,NSE:DCW,36.2,36.2,36.15,36.2,3299.0
2021-06-02 09:39:00,NSE:DCW,36.2,36.25,36.2,36.25,5513.0
2021-06-02 09:40:00,NSE:DCW,36.2,36.3,36.2,36.3,6505.0
2021-06-02 09:41:00,NSE:DCW,36.3,36.45,36.3,36.35,4971.0
2021-06-02 09:42:00,NSE:DCW,36.45,36.45,36.3,36.4,3606.0
2021-06-02 09:43:00,NSE:DCW,36.3,36.4,36.3,36.4,885.0
2021-06-02 09:44:00,NSE:DCW,36.4,36.4,36.35,36.4,2450.0
2021-06-02 09:45:00,NSE:DCW,36.4,36.4,36.35,36.35,3635.0
2021-06-02 09:46:00,NSE:DCW,36.3,36.35,36.3,36.35,1501.0
2021-06-02 09:47:00,NSE:DCW,36.35,36.35,36.3,36.35,1834.0
2021-06-02 09:48:00,NSE:DCW,36.35,36.4,36.3,36.4,7706.0
2021-06-02 09:49:00,NSE:DCW,36.4,36.4,36.35,36.4,570.0
2021-06-02 09:50:00,NSE:DCW,36.4,36.4,36.35,36.4,1189.0
2021-06-02 09:51:00,NSE:DCW,36.4,36.4,36.35,36.35,196.0
2021-06-02 09:52:00,NSE:DCW,36.35,36.4,36.35,36.4,1917.0
2021-06-02 09:53:00,NSE:DCW,36.4,36.4,36.35,36.35,4109.0
2021-06-02 09:54:00,NSE:DCW,36.35,36.35,36.3,36.3,152.0
2021-06-02 09:55:00,NSE:DCW,36.3,36.35,36.3,36.3,888.0
2021-06-02 09:56:00,NSE:DCW,36.3,36.3,36.25,36.3,215.0
2021-06-02 09:57:00,NSE:DCW,36.3,36.3,36.2,36.3,2559.0
2021-06-02 09:58:00,NSE:DCW,36.2,36.3,36.2,36.25,1137.0
2021-06-02 09:59:00,NSE:DCW,36.25,36.25,36.2,36.2,3466.0
2021-06-02 10:00:00,NSE:DCW,36.25,36.25,36.1,36.2,5622.0
2021-06-02 10:01:00,NSE:DCW,36.2,36.2,36.1,36.2,3500.0
2021-06-02 10:02:00,NSE:DCW,36.2,36.3,36.2,36.2,3414.0
2021-06-02 10:03:00,NSE:DCW,36.2,36.25,36.2,36.25,425.0
2021-06-02 10:04:00,NSE:DCW,36.25,36.3,36.25,36.25,920.0
2021-06-02 10:05:00,NSE:DCW,36.25,36.25,36.15,36.15,6230.0
2021-06-02 10:06:00,NSE:DCW,36.2,36.2,36.15,36.15,1016.0
2021-06-02 10:07:00,NSE:DCW,36.2,36.2,36.1,36.2,2539.0
2021-06-02 10:08:00,NSE:DCW,36.1,36.2,36.1,36.2,1392.0
2021-06-02 10:09:00,NSE:DCW,36.2,36.2,36.1,36.2,2167.0
2021-06-02 10:10:00,NSE:DCW,36.2,36.2,36.2,36.2,10.0
2021-06-02 10:11:00,NSE:DCW,36.2,36.2,36.1,36.1,347.0
2021-06-02 10:12:00,NSE:DCW,36.2,36.2,36.15,36.15,1155.0
2021-06-02 10:13:00,NSE:DCW,36.15,36.15,36.1,36.15,1268.0
2021-06-02 10:14:00,NSE:DCW,36.15,36.2,36.15,36.2,1260.0
2021-06-02 10:15:00,NSE:DCW,36.2,36.2,36.2,36.2,14.0
2021-06-02 10:16:00,NSE:DCW,36.15,36.2,36.15,36.2,4428.0
2021-06-02 10:17:00,NSE:DCW,36.15,36.2,36.1,36.15,2935.0
2021-06-02 10:18:00,NSE:DCW,36.15,36.15,36.1,36.1,83.0
2021-06-02 10:19:00,NSE:DCW,36.05,36.05,36.05,36.05,973.0
2021-06-02 10:20:00,NSE:DCW,36.05,36.15,36.05,36.15,564.0
2021-06-02 10:21:00,NSE:DCW,36.15,36.15,36.05,36.15,2108.0
2021-06-02 10:22:00,NSE:DCW,36.15,36.15,36.15,36.15,146.0
2021-06-02 10:23:00,NSE:DCW,36.1,36.15,36.1,36.15,2158.0
2021-06-02 10:24:00,NSE:DCW,36.2,36.2,36.1,36.1,605.0
2021-06-02 10:25:00,NSE:DCW,36.1,36.2,36.1,36.2,1239.0
2021-06-02 10:26:00,NSE:DCW,36.2,36.2,36.2,36.2,1440.0
2021-06-02 10:27:00,NSE:DCW,36.1,36.15,36.1,36.15,5300.0
2021-06-02 10:28:00,NSE:DCW,36.15,36.15,36.15,36.15,215.0
2021-06-02 10:29:00,NSE:DCW,36.2,36.2,36.2,36.2,1868.0
2021-06-02 10:30:00,NSE:DCW,36.2,36.3,36.2,36.2,4705.0
2021-06-02 10:31:00,NSE:DCW,36.25,36.25,36.25,36.25,485.0
2021-06-02 10:32:00,NSE:DCW,36.3,36.35,36.3,36.35,6900.0
2021-06-02 10:33:00,NSE:DCW,36.35,36.35,36.25,36.3,2976.0
2021-06-02 10:34:00,NSE:DCW,36.35,36.4,36.35,36.4,2746.0
2021-06-02 10:35:00,NSE:DCW,36.4,36.45,36.35,36.45,4828.0
2021-06-02 10:36:00,NSE:DCW,36.4,36.45,36.35,36.45,2151.0
2021-06-02 10:37:00,NSE:DCW,36.4,36.45,36.4,36.45,1053.0
2021-06-02 10:38:00,NSE:DCW,36.4,36.4,36.4,36.4,572.0
2021-06-02 10:39:00,NSE:DCW,36.4,36.4,36.35,36.35,2400.0
2021-06-02 10:40:00,NSE:DCW,36.4,36.45,36.35,36.45,7378.0
2021-06-02 10:41:00,NSE:DCW,36.4,36.45,36.4,36.4,664.0
2021-06-02 10:42:00,NSE:DCW,36.45,36.45,36.4,36.45,2621.0
2021-06-02 10:43:00,NSE:DCW,36.45,36.6,36.45,36.6,9302.0
2021-06-02 10:44:00,NSE:DCW,36.55,36.6,36.55,36.55,4750.0
2021-06-02 10:45:00,NSE:DCW,36.6,36.6,36.5,36.6,6219.0
2021-06-02 10:46:00,NSE:DCW,36.5,36.6,36.5,36.55,1552.0
2021-06-02 10:47:00,NSE:DCW,36.6,36.6,36.55,36.55,3677.0
2021-06-02 10:48:00,NSE:DCW,36.65,36.7,36.55,36.7,18085.0
2021-06-02 10:49:00,NSE:DCW,36.6,36.7,36.6,36.6,3295.0
2021-06-02 10:50:00,NSE:DCW,36.7,36.7,36.65,36.65,2705.0
2021-06-02 10:51:00,NSE:DCW,36.7,36.8,36.6,36.75,21889.0
2021-06-02 10:52:00,NSE:DCW,36.8,36.8,36.7,36.8,2740.0
2021-06-02 10:53:00,NSE:DCW,36.75,36.8,36.7,36.7,3612.0
2021-06-02 10:54:00,NSE:DCW,36.8,36.8,36.65,36.65,3789.0
2021-06-02 10:55:00,NSE:DCW,36.7,36.7,36.7,36.7,431.0
2021-06-02 10:56:00,NSE:DCW,36.7,36.7,36.7,36.7,315.0
2021-06-02 10:57:00,NSE:DCW,36.65,36.7,36.6,36.7,1806.0
2021-06-02 10:58:00,NSE:DCW,36.7,36.7,36.6,36.7,375.0
2021-06-02 10:59:00,NSE:DCW,36.7,36.7,36.6,36.7,4224.0
2021-06-02 11:00:00,NSE:DCW,36.7,36.7,36.6,36.6,4065.0
2021-06-02 11:01:00,NSE:DCW,36.6,36.7,36.6,36.65,5398.0
2021-06-02 11:02:00,NSE:DCW,36.55,36.6,36.5,36.5,2750.0
2021-06-02 11:03:00,NSE:DCW,36.6,36.6,36.5,36.5,74.0
2021-06-02 11:04:00,NSE:DCW,36.6,36.6,36.55,36.55,1390.0
2021-06-02 11:05:00,NSE:DCW,36.6,36.65,36.6,36.65,3054.0
2021-06-02 11:06:00,NSE:DCW,36.65,36.65,36.65,36.65,2.0
2021-06-02 11:07:00,NSE:DCW,36.65,36.65,36.6,36.6,1450.0
2021-06-02 11:08:00,NSE:DCW,36.65,36.65,36.6,36.65,1386.0
2021-06-02 11:09:00,NSE:DCW,36.6,36.6,36.6,36.6,1.0
2021-06-02 11:10:00,NSE:DCW,36.6,36.6,36.6,36.6,350.0
2021-06-02 11:11:00,NSE:DCW,36.6,36.6,36.6,36.6,2600.0
2021-06-02 11:12:00,NSE:DCW,36.6,36.6,36.6,36.6,157.0
2021-06-02 11:13:00,NSE:DCW,36.55,36.6,36.55,36.6,1433.0
2021-06-02 11:14:00,NSE:DCW,36.6,36.6,36.6,36.6,101.0
2021-06-02 11:15:00,NSE:DCW,36.6,36.6,36.5,36.55,11973.0
2021-06-02 11:16:00,NSE:DCW,36.5,36.55,36.5,36.55,1100.0
2021-06-02 11:17:00,NSE:DCW,36.55,36.55,36.5,36.55,329.0
2021-06-02 11:18:00,NSE:DCW,36.5,36.5,36.5,36.5,1.0
2021-06-02 11:19:00,NSE:DCW,36.5,36.55,36.5,36.55,253.0
2021-06-02 11:20:00,NSE:DCW,36.65,37.0,36.65,36.95,58127.0
2021-06-02 11:21:00,NSE:DCW,37.0,37.05,36.9,37.0,51776.0
2021-06-02 11:22:00,NSE:DCW,37.1,37.2,36.7,36.85,60018.0
2021-06-02 11:23:00,NSE:DCW,36.95,37.1,36.95,36.95,15567.0
2021-06-02 11:24:00,NSE:DCW,36.95,36.95,36.9,36.9,4054.0
2021-06-02 11:25:00,NSE:DCW,36.9,36.9,36.8,36.8,1138.0
2021-06-02 11:26:00,NSE:DCW,36.8,36.9,36.8,36.8,1335.0
2021-06-02 11:27:00,NSE:DCW,36.8,36.8,36.8,36.8,1250.0
2021-06-02 11:28:00,NSE:DCW,36.8,36.85,36.75,36.75,5417.0
2021-06-02 11:29:00,NSE:DCW,36.75,36.75,36.7,36.75,3061.0
2021-06-02 11:30:00,NSE:DCW,36.7,36.7,36.7,36.7,2249.0
2021-06-02 11:31:00,NSE:DCW,36.65,36.65,36.65,36.65,251.0
2021-06-02 11:32:00,NSE:DCW,36.65,36.65,36.6,36.6,1441.0
2021-06-02 11:33:00,NSE:DCW,36.6,36.75,36.6,36.75,933.0
2021-06-02 11:34:00,NSE:DCW,36.75,36.75,36.75,36.75,675.0
2021-06-02 11:35:00,NSE:DCW,36.75,36.75,36.65,36.7,2763.0
2021-06-02 11:36:00,NSE:DCW,36.65,36.7,36.65,36.7,1887.0
2021-06-02 11:37:00,NSE:DCW,36.75,36.75,36.75,36.75,2745.0
2021-06-02 11:38:00,NSE:DCW,36.7,36.75,36.7,36.75,501.0
2021-06-02 11:39:00,NSE:DCW,36.7,36.8,36.7,36.8,2071.0
2021-06-02 11:40:00,NSE:DCW,36.75,36.8,36.75,36.8,203.0
2021-06-02 11:41:00,NSE:DCW,36.75,36.75,36.7,36.7,1100.0
2021-06-02 11:42:00,NSE:DCW,36.8,36.8,36.8,36.8,100.0
2021-06-02 11:43:00,NSE:DCW,36.8,36.8,36.7,36.7,500.0
2021-06-02 11:44:00,NSE:DCW,36.75,36.8,36.75,36.8,3300.0
2021-06-02 11:45:00,NSE:DCW,36.8,36.8,36.75,36.8,780.0
2021-06-02 11:46:00,NSE:DCW,36.8,36.85,36.75,36.85,978.0
2021-06-02 11:47:00,NSE:DCW,36.85,36.85,36.75,36.85,545.0
2021-06-02 11:48:00,NSE:DCW,36.75,36.75,36.75,36.75,251.0
2021-06-02 11:49:00,NSE:DCW,36.85,36.85,36.75,36.75,500.0
2021-06-02 11:51:00,NSE:DCW,36.8,36.8,36.7,36.7,1011.0
2021-06-02 11:52:00,NSE:DCW,36.75,36.75,36.6,36.7,1436.0
2021-06-02 11:53:00,NSE:DCW,36.7,36.7,36.65,36.65,228.0
2021-06-02 11:54:00,NSE:DCW,36.65,36.65,36.65,36.65,570.0
2021-06-02 11:55:00,NSE:DCW,36.65,36.7,36.65,36.7,1317.0
2021-06-02 11:56:00,NSE:DCW,36.75,36.75,36.75,36.75,1900.0
2021-06-02 11:57:00,NSE:DCW,36.7,36.7,36.65,36.65,600.0
2021-06-02 11:58:00,NSE:DCW,36.75,36.75,36.65,36.75,1654.0
2021-06-02 11:59:00,NSE:DCW,36.65,36.75,36.65,36.65,77.0
2021-06-02 12:00:00,NSE:DCW,36.7,36.7,36.6,36.6,3795.0
2021-06-02 12:01:00,NSE:DCW,36.65,36.65,36.65,36.65,1293.0
2021-06-02 12:02:00,NSE:DCW,36.7,36.7,36.65,36.65,2404.0
2021-06-02 12:03:00,NSE:DCW,36.75,36.75,36.75,36.75,1006.0
2021-06-02 12:04:00,NSE:DCW,36.65,36.75,36.65,36.65,2262.0
2021-06-02 12:05:00,NSE:DCW,36.65,36.65,36.65,36.65,150.0
2021-06-02 12:06:00,NSE:DCW,36.7,36.7,36.65,36.65,65.0
2021-06-02 12:07:00,NSE:DCW,36.65,36.7,36.65,36.65,1045.0
2021-06-02 12:08:00,NSE:DCW,36.65,36.7,36.65,36.7,85.0
2021-06-02 12:09:00,NSE:DCW,36.65,36.65,36.65,36.65,3238.0
2021-06-02 12:10:00,NSE:DCW,36.7,36.7,36.65,36.7,3150.0
2021-06-02 12:11:00,NSE:DCW,36.7,36.7,36.7,36.7,120.0
2021-06-02 12:12:00,NSE:DCW,36.65,36.65,36.6,36.65,1944.0
2021-06-02 12:13:00,NSE:DCW,36.6,36.6,36.6,36.6,506.0
2021-06-02 12:14:00,NSE:DCW,36.65,36.65,36.65,36.65,351.0
2021-06-02 12:15:00,NSE:DCW,36.65,36.65,36.6,36.6,305.0
2021-06-02 12:16:00,NSE:DCW,36.65,36.65,36.55,36.65,3507.0
2021-06-02 12:17:00,NSE:DCW,36.6,36.6,36.6,36.6,200.0
2021-06-02 12:19:00,NSE:DCW,36.65,36.7,36.65,36.7,1393.0
2021-06-02 12:20:00,NSE:DCW,36.75,36.75,36.7,36.7,3800.0
2021-06-02 12:21:00,NSE:DCW,36.75,36.75,36.75,36.75,22.0
2021-06-02 12:22:00,NSE:DCW,36.65,36.75,36.65,36.75,550.0
2021-06-02 12:23:00,NSE:DCW,36.75,36.75,36.65,36.65,11.0
2021-06-02 12:24:00,NSE:DCW,36.75,36.75,36.75,36.75,7.0
2021-06-02 12:26:00,NSE:DCW,36.7,36.7,36.7,36.7,670.0
2021-06-02 12:27:00,NSE:DCW,36.75,36.75,36.65,36.7,645.0
2021-06-02 12:28:00,NSE:DCW,36.75,36.75,36.7,36.7,1925.0
2021-06-02 12:29:00,NSE:DCW,36.75,36.75,36.75,36.75,513.0
2021-06-02 12:30:00,NSE:DCW,36.7,36.7,36.7,36.7,364.0
2021-06-02 12:31:00,NSE:DCW,36.75,36.75,36.75,36.75,11.0
2021-06-02 12:32:00,NSE:DCW,36.7,36.75,36.7,36.75,269.0
2021-06-02 12:33:00,NSE:DCW,36.75,36.75,36.75,36.75,110.0
2021-06-02 12:34:00,NSE:DCW,36.75,36.75,36.75,36.75,30.0
2021-06-02 12:35:00,NSE:DCW,36.75,36.75,36.7,36.7,899.0
2021-06-02 12:37:00,NSE:DCW,36.75,36.75,36.75,36.75,51.0
2021-06-02 12:38:00,NSE:DCW,36.75,36.75,36.75,36.75,274.0
2021-06-02 12:39:00,NSE:DCW,36.75,36.75,36.7,36.7,343.0
2021-06-02 12:40:00,NSE:DCW,36.75,36.75,36.75,36.75,900.0
2021-06-02 12:41:00,NSE:DCW,36.75,36.75,36.7,36.75,2340.0
2021-06-02 12:42:00,NSE:DCW,36.65,36.75,36.65,36.75,305.0
2021-06-02 12:43:00,NSE:DCW,36.7,36.7,36.65,36.7,301.0
2021-06-02 12:44:00,NSE:DCW,36.75,36.75,36.7,36.7,954.0
2021-06-02 12:45:00,NSE:DCW,36.75,36.75,36.7,36.75,592.0
2021-06-02 12:46:00,NSE:DCW,36.75,36.75,36.75,36.75,1020.0
2021-06-02 12:47:00,NSE:DCW,36.75,36.75,36.75,36.75,103.0
2021-06-02 12:48:00,NSE:DCW,36.75,36.8,36.7,36.7,560.0
2021-06-02 12:49:00,NSE:DCW,36.7,36.7,36.65,36.65,4230.0
2021-06-02 12:50:00,NSE:DCW,36.7,36.75,36.7,36.75,531.0
2021-06-02 12:51:00,NSE:DCW,36.75,36.8,36.7,36.8,1116.0
2021-06-02 12:52:00,NSE:DCW,36.8,36.8,36.7,36.75,770.0
2021-06-02 12:53:00,NSE:DCW,36.75,36.75,36.65,36.65,7561.0
2021-06-02 12:54:00,NSE:DCW,36.65,36.65,36.6,36.65,2010.0
2021-06-02 12:55:00,NSE:DCW,36.65,36.65,36.65,36.65,1681.0
2021-06-02 12:56:00,NSE:DCW,36.6,36.6,36.6,36.6,420.0
2021-06-02 12:57:00,NSE:DCW,36.65,36.65,36.65,36.65,2052.0
2021-06-02 12:58:00,NSE:DCW,36.65,36.7,36.35,36.35,42935.0
2021-06-02 12:59:00,NSE:DCW,36.35,36.45,36.35,36.35,2029.0
2021-06-02 13:00:00,NSE:DCW,36.45,36.45,36.4,36.45,1156.0
2021-06-02 13:01:00,NSE:DCW,36.45,36.5,36.4,36.4,3125.0
2021-06-02 13:02:00,NSE:DCW,36.45,36.5,36.45,36.5,78.0
2021-06-02 13:03:00,NSE:DCW,36.5,36.5,36.45,36.45,1117.0
2021-06-02 13:04:00,NSE:DCW,36.45,36.5,36.45,36.5,2049.0
2021-06-02 13:05:00,NSE:DCW,36.5,36.5,36.5,36.5,240.0
2021-06-02 13:06:00,NSE:DCW,36.45,36.45,36.45,36.45,4600.0
2021-06-02 13:07:00,NSE:DCW,36.4,36.5,36.4,36.5,209.0
2021-06-02 13:08:00,NSE:DCW,36.4,36.45,36.4,36.4,1184.0
2021-06-02 13:09:00,NSE:DCW,36.45,36.45,36.45,36.45,300.0
2021-06-02 13:10:00,NSE:DCW,36.45,36.5,36.45,36.5,276.0
2021-06-02 13:11:00,NSE:DCW,36.5,36.5,36.5,36.5,100.0
2021-06-02 13:12:00,NSE:DCW,36.5,36.5,36.5,36.5,480.0
2021-06-02 13:13:00,NSE:DCW,36.5,36.5,36.5,36.5,32.0
2021-06-02 13:14:00,NSE:DCW,36.45,36.5,36.45,36.5,1626.0
2021-06-02 13:15:00,NSE:DCW,36.5,36.5,36.4,36.4,610.0
2021-06-02 13:16:00,NSE:DCW,36.5,36.5,36.45,36.45,2519.0
2021-06-02 13:17:00,NSE:DCW,36.5,36.5,36.5,36.5,229.0
2021-06-02 13:18:00,NSE:DCW,36.5,36.55,36.5,36.55,1423.0
2021-06-02 13:19:00,NSE:DCW,36.5,36.55,36.45,36.55,1492.0
2021-06-02 13:20:00,NSE:DCW,36.5,36.5,36.5,36.5,401.0
2021-06-02 13:21:00,NSE:DCW,36.5,36.5,36.45,36.45,2020.0
2021-06-02 13:22:00,NSE:DCW,36.45,36.45,36.45,36.45,50.0
2021-06-02 13:23:00,NSE:DCW,36.55,36.55,36.55,36.55,40.0
2021-06-02 13:24:00,NSE:DCW,36.55,36.55,36.5,36.5,621.0
2021-06-02 13:25:00,NSE:DCW,36.55,36.55,36.55,36.55,2202.0
2021-06-02 13:26:00,NSE:DCW,36.6,36.6,36.6,36.6,1066.0
2021-06-02 13:27:00,NSE:DCW,36.6,36.6,36.55,36.55,2900.0
2021-06-02 13:28:00,NSE:DCW,36.6,36.6,36.6,36.6,49.0
2021-06-02 13:29:00,NSE:DCW,36.6,36.65,36.55,36.55,587.0
2021-06-02 13:30:00,NSE:DCW,36.6,36.6,36.6,36.6,210.0
2021-06-02 13:31:00,NSE:DCW,36.6,36.6,36.5,36.5,261.0
2021-06-02 13:33:00,NSE:DCW,36.6,36.65,36.6,36.65,2762.0
2021-06-02 13:34:00,NSE:DCW,36.6,36.6,36.6,36.6,130.0
2021-06-02 13:35:00,NSE:DCW,36.65,36.65,36.6,36.6,11.0
2021-06-02 13:36:00,NSE:DCW,36.65,36.65,36.65,36.65,100.0
2021-06-02 13:37:00,NSE:DCW,36.55,36.55,36.55,36.55,18.0
2021-06-02 13:38:00,NSE:DCW,36.55,36.6,36.5,36.5,3049.0
2021-06-02 13:39:00,NSE:DCW,36.55,36.55,36.5,36.55,693.0
2021-06-02 13:40:00,NSE:DCW,36.55,36.55,36.55,36.55,894.0
2021-06-02 13:41:00,NSE:DCW,36.6,36.6,36.55,36.55,22.0
2021-06-02 13:42:00,NSE:DCW,36.55,36.6,36.55,36.6,330.0
2021-06-02 13:43:00,NSE:DCW,36.6,36.65,36.55,36.65,9540.0
2021-06-02 13:44:00,NSE:DCW,36.55,36.65,36.55,36.65,3282.0
2021-06-02 13:45:00,NSE:DCW,36.65,36.65,36.65,36.65,958.0
2021-06-02 13:46:00,NSE:DCW,36.65,36.7,36.65,36.7,904.0
2021-06-02 13:47:00,NSE:DCW,36.7,36.7,36.65,36.7,1278.0
2021-06-02 13:48:00,NSE:DCW,36.7,36.7,36.7,36.7,700.0
2021-06-02 13:49:00,NSE:DCW,36.7,36.7,36.6,36.7,1925.0
2021-06-02 13:50:00,NSE:DCW,36.65,36.65,36.65,36.65,20.0
2021-06-02 13:51:00,NSE:DCW,36.7,36.7,36.65,36.65,3210.0
2021-06-02 13:52:00,NSE:DCW,36.65,36.7,36.6,36.7,235.0
2021-06-02 13:53:00,NSE:DCW,36.7,36.7,36.7,36.7,150.0
2021-06-02 13:54:00,NSE:DCW,36.7,36.7,36.7,36.7,250.0
2021-06-02 13:55:00,NSE:DCW,36.7,36.7,36.7,36.7,1243.0
2021-06-02 13:56:00,NSE:DCW,36.75,36.75,36.75,36.75,504.0
2021-06-02 13:57:00,NSE:DCW,36.75,36.75,36.7,36.75,787.0
2021-06-02 13:58:00,NSE:DCW,36.7,36.75,36.7,36.75,123.0
2021-06-02 13:59:00,NSE:DCW,36.7,36.75,36.7,36.7,1316.0
2021-06-02 14:00:00,NSE:DCW,36.7,36.75,36.7,36.75,1550.0
2021-06-02 14:01:00,NSE:DCW,36.75,36.75,36.75,36.75,883.0
2021-06-02 14:02:00,NSE:DCW,36.7,36.7,36.7,36.7,250.0
2021-06-02 14:03:00,NSE:DCW,36.7,36.75,36.7,36.75,195.0
2021-06-02 14:04:00,NSE:DCW,36.65,36.7,36.65,36.7,4500.0
2021-06-02 14:05:00,NSE:DCW,36.7,36.75,36.7,36.75,316.0
2021-06-02 14:06:00,NSE:DCW,36.75,36.75,36.7,36.7,15.0
2021-06-02 14:07:00,NSE:DCW,36.75,36.75,36.75,36.75,50.0
2021-06-02 14:08:00,NSE:DCW,36.75,36.75,36.75,36.75,498.0
2021-06-02 14:09:00,NSE:DCW,36.75,36.75,36.7,36.75,2561.0
2021-06-02 14:10:00,NSE:DCW,36.7,36.75,36.7,36.75,1104.0
2021-06-02 14:12:00,NSE:DCW,36.65,36.75,36.65,36.75,617.0
2021-06-02 14:13:00,NSE:DCW,36.7,36.7,36.65,36.7,1635.0
2021-06-02 14:14:00,NSE:DCW,36.65,36.7,36.65,36.7,610.0
2021-06-02 14:15:00,NSE:DCW,36.7,36.7,36.65,36.65,870.0
2021-06-02 14:16:00,NSE:DCW,36.65,36.7,36.65,36.65,1500.0
2021-06-02 14:17:00,NSE:DCW,36.7,36.7,36.65,36.7,805.0
2021-06-02 14:18:00,NSE:DCW,36.7,36.7,36.7,36.7,2314.0
2021-06-02 14:19:00,NSE:DCW,36.65,36.7,36.65,36.65,3886.0
2021-06-02 14:20:00,NSE:DCW,36.7,36.7,36.7,36.7,50.0
2021-06-02 14:21:00,NSE:DCW,36.7,36.7,36.65,36.65,569.0
2021-06-02 14:22:00,NSE:DCW,36.7,36.7,36.65,36.65,505.0
2021-06-02 14:23:00,NSE:DCW,36.65,36.7,36.65,36.7,105.0
2021-06-02 14:24:00,NSE:DCW,36.7,36.7,36.7,36.7,242.0
2021-06-02 14:25:00,NSE:DCW,36.65,36.7,36.65,36.7,1000.0
2021-06-02 14:26:00,NSE:DCW,36.65,36.65,36.65,36.65,500.0
2021-06-02 14:27:00,NSE:DCW,36.7,36.7,36.65,36.65,1489.0
2021-06-02 14:28:00,NSE:DCW,36.7,36.7,36.65,36.7,221.0
2021-06-02 14:29:00,NSE:DCW,36.7,36.7,36.7,36.7,11.0
2021-06-02 14:30:00,NSE:DCW,36.65,36.7,36.65,36.7,920.0
2021-06-02 14:31:00,NSE:DCW,36.7,36.7,36.7,36.7,15.0
2021-06-02 14:32:00,NSE:DCW,36.65,36.65,36.65,36.65,476.0
2021-06-02 14:33:00,NSE:DCW,36.65,36.65,36.65,36.65,100.0
2021-06-02 14:34:00,NSE:DCW,36.65,36.65,36.65,36.65,1100.0
2021-06-02 14:35:00,NSE:DCW,36.65,36.7,36.6,36.6,2374.0
2021-06-02 14:36:00,NSE:DCW,36.7,36.7,36.7,36.7,81.0
2021-06-02 14:37:00,NSE:DCW,36.65,36.65,36.65,36.65,12.0
2021-06-02 14:38:00,NSE:DCW,36.7,36.7,36.6,36.7,730.0
2021-06-02 14:39:00,NSE:DCW,36.6,36.6,36.6,36.6,200.0
2021-06-02 14:40:00,NSE:DCW,36.65,36.65,36.65,36.65,60.0
2021-06-02 14:41:00,NSE:DCW,36.6,36.65,36.6,36.65,1120.0
2021-06-02 14:42:00,NSE:DCW,36.65,36.65,36.6,36.65,4330.0
2021-06-02 14:43:00,NSE:DCW,36.65,36.65,36.65,36.65,52.0
2021-06-02 14:44:00,NSE:DCW,36.65,36.65,36.6,36.65,2909.0
2021-06-02 14:45:00,NSE:DCW,36.6,36.6,36.6,36.6,200.0
2021-06-02 14:46:00,NSE:DCW,36.6,36.6,36.6,36.6,2600.0
2021-06-02 14:47:00,NSE:DCW,36.6,36.65,36.6,36.65,1019.0
2021-06-02 14:48:00,NSE:DCW,36.65,36.65,36.6,36.6,456.0
2021-06-02 14:49:00,NSE:DCW,36.6,36.65,36.55,36.65,12706.0
2021-06-02 14:50:00,NSE:DCW,36.6,36.6,36.55,36.6,51.0
2021-06-02 14:51:00,NSE:DCW,36.6,36.6,36.5,36.6,471.0
2021-06-02 14:52:00,NSE:DCW,36.6,36.6,36.6,36.6,1450.0
2021-06-02 14:53:00,NSE:DCW,36.6,36.6,36.55,36.6,502.0
2021-06-02 14:54:00,NSE:DCW,36.55,36.65,36.55,36.55,5779.0
2021-06-02 14:55:00,NSE:DCW,36.65,36.65,36.65,36.65,11.0
2021-06-02 14:56:00,NSE:DCW,36.55,36.55,36.5,36.5,30603.0
2021-06-02 14:57:00,NSE:DCW,36.55,36.55,36.55,36.55,20.0
2021-06-02 14:58:00,NSE:DCW,36.55,36.55,36.5,36.5,2599.0
2021-06-02 14:59:00,NSE:DCW,36.5,36.5,36.45,36.5,755.0
2021-06-02 15:00:00,NSE:DCW,36.5,36.5,36.45,36.45,1113.0
2021-06-02 15:01:00,NSE:DCW,36.5,36.5,36.4,36.4,1221.0
2021-06-02 15:02:00,NSE:DCW,36.45,36.5,36.45,36.45,7737.0
2021-06-02 15:03:00,NSE:DCW,36.45,36.5,36.45,36.5,2135.0
2021-06-02 15:04:00,NSE:DCW,36.45,36.5,36.4,36.4,6990.0
2021-06-02 15:05:00,NSE:DCW,36.5,36.5,36.45,36.5,2175.0
2021-06-02 15:06:00,NSE:DCW,36.4,36.5,36.4,36.4,1101.0
2021-06-02 15:07:00,NSE:DCW,36.5,36.5,36.4,36.5,1016.0
2021-06-02 15:08:00,NSE:DCW,36.45,36.45,36.45,36.45,1601.0
2021-06-02 15:09:00,NSE:DCW,36.4,36.45,36.4,36.4,510.0
2021-06-02 15:10:00,NSE:DCW,36.45,36.5,36.4,36.5,11987.0
2021-06-02 15:11:00,NSE:DCW,36.5,36.5,36.45,36.5,3553.0
2021-06-02 15:12:00,NSE:DCW,36.5,36.55,36.5,36.55,2978.0
2021-06-02 15:13:00,NSE:DCW,36.55,36.6,36.55,36.6,1990.0
2021-06-02 15:14:00,NSE:DCW,36.65,36.65,36.55,36.6,1982.0
2021-06-02 15:15:00,NSE:DCW,36.55,36.6,36.55,36.55,2818.0
2021-06-02 15:16:00,NSE:DCW,36.6,36.6,36.55,36.6,4874.0
2021-06-02 15:17:00,NSE:DCW,36.7,36.7,36.6,36.7,10105.0
2021-06-02 15:18:00,NSE:DCW,36.75,36.75,36.7,36.7,6522.0
2021-06-02 15:19:00,NSE:DCW,36.7,36.8,36.7,36.7,18726.0
2021-06-02 15:20:00,NSE:DCW,36.75,36.75,36.7,36.75,2238.0
2021-06-02 15:21:00,NSE:DCW,36.7,36.75,36.7,36.75,7984.0
2021-06-02 15:22:00,NSE:DCW,36.7,36.8,36.7,36.7,11709.0
2021-06-02 15:23:00,NSE:DCW,36.75,36.75,36.7,36.7,9610.0
2021-06-02 15:24:00,NSE:DCW,36.75,36.75,36.7,36.75,4119.0
2021-06-02 15:25:00,NSE:DCW,36.7,36.75,36.7,36.75,11349.0
2021-06-02 15:26:00,NSE:DCW,36.7,36.7,36.65,36.7,12534.0
2021-06-02 15:27:00,NSE:DCW,36.7,36.8,36.7,36.8,11563.0
2021-06-02 15:28:00,NSE:DCW,36.75,36.8,36.7,36.75,7156.0
2021-06-02 15:29:00,NSE:DCW,36.8,36.8,36.6,36.8,10843.0
2021-06-02 15:40:00,NSE:DCW,36.65,36.65,36.65,36.65,50.0
2021-06-02 15:41:00,NSE:DCW,36.65,36.65,36.65,36.65,150.0
2021-06-02 15:43:00,NSE:DCW,36.65,36.65,36.65,36.65,1.0
2021-06-02 15:44:00,NSE:DCW,36.65,36.65,36.65,36.65,144.0
2021-06-03 09:07:00,NSE:DCW,37.1,37.1,37.1,37.1,7313.0
2021-06-03 09:15:00,NSE:DCW,37.1,37.15,36.8,36.95,13452.0
2021-06-03 09:16:00,NSE:DCW,37.0,37.15,37.0,37.15,7893.0
2021-06-03 09:17:00,NSE:DCW,37.15,37.15,37.05,37.1,4112.0
2021-06-03 09:18:00,NSE:DCW,37.15,37.15,37.05,37.1,6111.0
2021-06-03 09:19:00,NSE:DCW,37.15,37.15,37.05,37.1,4197.0
2021-06-03 09:20:00,NSE:DCW,37.1,37.35,37.05,37.35,19636.0
2021-06-03 09:21:00,NSE:DCW,37.35,37.35,37.3,37.35,26382.0
2021-06-03 09:22:00,NSE:DCW,37.35,37.35,37.25,37.25,10274.0
2021-06-03 09:23:00,NSE:DCW,37.25,37.3,37.25,37.3,2688.0
2021-06-03 09:24:00,NSE:DCW,37.3,37.35,37.25,37.25,13061.0
2021-06-03 09:25:00,NSE:DCW,37.3,37.3,37.15,37.15,8013.0
2021-06-03 09:26:00,NSE:DCW,37.15,37.15,37.05,37.05,4362.0
2021-06-03 09:27:00,NSE:DCW,37.0,37.2,37.0,37.2,9423.0
2021-06-03 09:28:00,NSE:DCW,37.3,37.35,37.25,37.35,11397.0
2021-06-03 09:29:00,NSE:DCW,37.3,37.3,37.2,37.3,1481.0
2021-06-03 09:30:00,NSE:DCW,37.3,37.3,37.2,37.25,2778.0
2021-06-03 09:31:00,NSE:DCW,37.25,37.3,37.2,37.25,11773.0
2021-06-03 09:32:00,NSE:DCW,37.3,37.35,37.2,37.35,2358.0
2021-06-03 09:33:00,NSE:DCW,37.35,37.35,37.3,37.35,3801.0
2021-06-03 09:34:00,NSE:DCW,37.3,37.35,37.3,37.35,4925.0
2021-06-03 09:35:00,NSE:DCW,37.3,37.35,37.3,37.3,2197.0
2021-06-03 09:36:00,NSE:DCW,37.3,37.35,37.25,37.3,3213.0
2021-06-03 09:37:00,NSE:DCW,37.2,37.3,37.2,37.25,632.0
2021-06-03 09:38:00,NSE:DCW,37.3,37.3,37.2,37.3,4401.0
2021-06-03 09:39:00,NSE:DCW,37.25,37.25,37.2,37.25,5746.0
2021-06-03 09:40:00,NSE:DCW,37.25,37.3,37.2,37.3,3887.0
2021-06-03 09:41:00,NSE:DCW,37.3,37.3,37.2,37.2,6338.0
2021-06-03 09:42:00,NSE:DCW,37.2,37.25,37.2,37.25,902.0
2021-06-03 09:43:00,NSE:DCW,37.3,37.3,37.2,37.3,3007.0
2021-06-03 09:44:00,NSE:DCW,37.2,37.3,37.2,37.25,3280.0
2021-06-03 09:45:00,NSE:DCW,37.2,37.25,37.2,37.2,3086.0
2021-06-03 09:46:00,NSE:DCW,37.15,37.2,37.15,37.15,2328.0
2021-06-03 09:47:00,NSE:DCW,37.2,37.2,37.1,37.2,1337.0
2021-06-03 09:48:00,NSE:DCW,37.2,37.2,37.05,37.1,5615.0
2021-06-03 09:49:00,NSE:DCW,37.05,37.1,37.05,37.1,7231.0
2021-06-03 09:50:00,NSE:DCW,37.05,37.1,37.05,37.05,1890.0
2021-06-03 09:51:00,NSE:DCW,37.1,37.1,37.0,37.0,21835.0
2021-06-03 09:52:00,NSE:DCW,36.9,36.95,36.8,36.95,17486.0
2021-06-03 09:53:00,NSE:DCW,36.95,37.0,36.95,37.0,917.0
2021-06-03 09:54:00,NSE:DCW,36.95,36.95,36.95,36.95,556.0
2021-06-03 09:55:00,NSE:DCW,36.95,36.95,36.9,36.9,3101.0
2021-06-03 09:56:00,NSE:DCW,36.95,36.95,36.95,36.95,350.0
2021-06-03 09:57:00,NSE:DCW,36.95,37.0,36.95,37.0,3201.0
2021-06-03 09:58:00,NSE:DCW,36.95,37.0,36.95,37.0,930.0
2021-06-03 09:59:00,NSE:DCW,37.0,37.0,37.0,37.0,5147.0
2021-06-03 10:00:00,NSE:DCW,36.95,37.0,36.95,37.0,522.0
2021-06-03 10:01:00,NSE:DCW,36.9,37.0,36.9,37.0,700.0
2021-06-03 10:02:00,NSE:DCW,37.0,37.0,36.9,37.0,860.0
2021-06-03 10:03:00,NSE:DCW,37.0,37.0,36.95,36.95,161.0
2021-06-03 10:04:00,NSE:DCW,36.95,36.95,36.95,36.95,458.0
2021-06-03 10:05:00,NSE:DCW,36.9,36.95,36.85,36.85,1929.0
2021-06-03 10:06:00,NSE:DCW,36.9,36.9,36.85,36.85,2856.0
2021-06-03 10:07:00,NSE:DCW,36.85,36.85,36.8,36.8,4116.0
2021-06-03 10:08:00,NSE:DCW,36.85,36.85,36.8,36.85,647.0
2021-06-03 10:09:00,NSE:DCW,36.85,36.85,36.85,36.85,2171.0
2021-06-03 10:10:00,NSE:DCW,36.9,36.9,36.85,36.9,1480.0
2021-06-03 10:11:00,NSE:DCW,36.9,36.9,36.9,36.9,1167.0
2021-06-03 10:12:00,NSE:DCW,36.9,36.9,36.9,36.9,1376.0
2021-06-03 10:13:00,NSE:DCW,36.95,36.95,36.9,36.9,1449.0
2021-06-03 10:14:00,NSE:DCW,36.9,36.9,36.9,36.9,1500.0
2021-06-03 10:15:00,NSE:DCW,36.9,36.95,36.9,36.9,129.0
2021-06-03 10:16:00,NSE:DCW,36.95,36.95,36.9,36.9,3232.0
2021-06-03 10:17:00,NSE:DCW,36.9,36.9,36.9,36.9,740.0
2021-06-03 10:18:00,NSE:DCW,36.9,36.95,36.9,36.95,3009.0
2021-06-03 10:19:00,NSE:DCW,36.9,36.95,36.85,36.95,2921.0
2021-06-03 10:20:00,NSE:DCW,37.0,37.0,36.95,37.0,211.0
2021-06-03 10:21:00,NSE:DCW,37.0,37.05,36.95,37.05,17485.0
2021-06-03 10:22:00,NSE:DCW,37.1,37.1,37.05,37.1,2713.0
2021-06-03 10:23:00,NSE:DCW,37.1,37.1,37.1,37.1,131.0
2021-06-03 10:24:00,NSE:DCW,37.1,37.1,37.05,37.05,2926.0
2021-06-03 10:25:00,NSE:DCW,37.05,37.05,36.95,36.95,2261.0
2021-06-03 10:26:00,NSE:DCW,36.95,37.0,36.95,37.0,2434.0
2021-06-03 10:27:00,NSE:DCW,37.0,37.0,36.9,36.9,2172.0
2021-06-03 10:28:00,NSE:DCW,37.0,37.0,36.9,36.9,4621.0
2021-06-03 10:29:00,NSE:DCW,36.85,36.9,36.85,36.9,180.0
2021-06-03 10:30:00,NSE:DCW,36.9,36.95,36.9,36.95,499.0
2021-06-03 10:31:00,NSE:DCW,36.95,36.95,36.9,36.9,501.0
2021-06-03 10:32:00,NSE:DCW,36.85,36.95,36.85,36.85,1512.0
2021-06-03 10:33:00,NSE:DCW,36.95,36.95,36.85,36.95,357.0
2021-06-03 10:34:00,NSE:DCW,36.95,36.95,36.95,36.95,1001.0
2021-06-03 10:35:00,NSE:DCW,36.95,36.95,36.9,36.95,726.0
2021-06-03 10:36:00,NSE:DCW,36.9,36.95,36.9,36.9,1039.0
2021-06-03 10:37:00,NSE:DCW,36.9,36.95,36.9,36.9,13.0
2021-06-03 10:38:00,NSE:DCW,36.9,36.9,36.9,36.9,3730.0
2021-06-03 10:39:00,NSE:DCW,36.85,36.9,36.85,36.9,2743.0
2021-06-03 10:40:00,NSE:DCW,36.85,36.85,36.85,36.85,98.0
2021-06-03 10:41:00,NSE:DCW,36.85,36.9,36.85,36.9,380.0
2021-06-03 10:42:00,NSE:DCW,36.9,36.9,36.9,36.9,357.0
2021-06-03 10:43:00,NSE:DCW,36.9,36.9,36.9,36.9,382.0
2021-06-03 10:44:00,NSE:DCW,36.9,36.9,36.85,36.9,567.0
2021-06-03 10:45:00,NSE:DCW,36.9,36.9,36.85,36.85,8124.0
2021-06-03 10:46:00,NSE:DCW,36.9,36.9,36.75,36.75,12377.0
2021-06-03 10:47:00,NSE:DCW,36.75,36.75,36.7,36.7,6613.0
2021-06-03 10:48:00,NSE:DCW,36.75,36.75,36.75,36.75,480.0
2021-06-03 10:49:00,NSE:DCW,36.75,36.8,36.7,36.8,15356.0
2021-06-03 10:50:00,NSE:DCW,36.8,36.8,36.7,36.7,6138.0
2021-06-03 10:51:00,NSE:DCW,36.8,36.8,36.7,36.75,1230.0
2021-06-03 10:52:00,NSE:DCW,36.75,36.8,36.7,36.8,760.0
2021-06-03 10:53:00,NSE:DCW,36.8,36.8,36.75,36.75,1352.0
2021-06-03 10:54:00,NSE:DCW,36.8,36.8,36.8,36.8,2109.0
2021-06-03 10:55:00,NSE:DCW,36.8,36.8,36.75,36.75,3259.0
2021-06-03 10:56:00,NSE:DCW,36.8,36.8,36.75,36.75,2503.0
2021-06-03 10:57:00,NSE:DCW,36.75,36.8,36.7,36.7,1830.0
2021-06-03 10:58:00,NSE:DCW,36.8,36.8,36.75,36.75,1700.0
2021-06-03 10:59:00,NSE:DCW,36.8,36.8,36.8,36.8,960.0
2021-06-03 11:00:00,NSE:DCW,36.8,36.8,36.7,36.8,4351.0
2021-06-03 11:01:00,NSE:DCW,36.75,36.75,36.75,36.75,1600.0
2021-06-03 11:02:00,NSE:DCW,36.8,36.8,36.75,36.8,1106.0
2021-06-03 11:03:00,NSE:DCW,36.75,36.8,36.75,36.8,6386.0
2021-06-03 11:04:00,NSE:DCW,36.7,36.7,36.65,36.7,11022.0
2021-06-03 11:05:00,NSE:DCW,36.7,36.7,36.7,36.7,405.0
2021-06-03 11:06:00,NSE:DCW,36.7,36.7,36.65,36.65,1390.0
2021-06-03 11:07:00,NSE:DCW,36.65,36.7,36.65,36.7,1061.0
2021-06-03 11:08:00,NSE:DCW,36.7,36.7,36.7,36.7,941.0
2021-06-03 11:09:00,NSE:DCW,36.7,36.7,36.65,36.7,621.0
2021-06-03 11:10:00,NSE:DCW,36.7,36.7,36.65,36.65,2072.0
2021-06-03 11:11:00,NSE:DCW,36.7,36.7,36.65,36.7,876.0
2021-06-03 11:12:00,NSE:DCW,36.7,36.7,36.7,36.7,4482.0
2021-06-03 11:13:00,NSE:DCW,36.7,36.75,36.7,36.75,1400.0
2021-06-03 11:14:00,NSE:DCW,36.75,36.75,36.65,36.75,313.0
2021-06-03 11:15:00,NSE:DCW,36.75,36.75,36.7,36.7,960.0
2021-06-03 11:16:00,NSE:DCW,36.65,36.7,36.65,36.7,1486.0
2021-06-03 11:17:00,NSE:DCW,36.7,36.7,36.65,36.7,5960.0
2021-06-03 11:18:00,NSE:DCW,36.7,36.7,36.7,36.7,386.0
2021-06-03 11:19:00,NSE:DCW,36.7,36.7,36.65,36.7,1460.0
2021-06-03 11:20:00,NSE:DCW,36.7,36.7,36.7,36.7,307.0
2021-06-03 11:21:00,NSE:DCW,36.65,36.7,36.65,36.7,5424.0
2021-06-03 11:22:00,NSE:DCW,36.7,36.7,36.7,36.7,2.0
2021-06-03 11:23:00,NSE:DCW,36.65,36.7,36.65,36.7,622.0
2021-06-03 11:24:00,NSE:DCW,36.7,36.7,36.65,36.65,1414.0
2021-06-03 11:25:00,NSE:DCW,36.7,36.7,36.7,36.7,725.0
2021-06-03 11:26:00,NSE:DCW,36.7,36.7,36.7,36.7,51.0
2021-06-03 11:27:00,NSE:DCW,36.7,36.7,36.65,36.7,5788.0
2021-06-03 11:28:00,NSE:DCW,36.7,36.7,36.65,36.65,1100.0
2021-06-03 11:29:00,NSE:DCW,36.7,36.7,36.65,36.65,3151.0
2021-06-03 11:30:00,NSE:DCW,36.7,36.7,36.7,36.7,524.0
2021-06-03 11:31:00,NSE:DCW,36.65,36.7,36.65,36.7,1913.0
2021-06-03 11:32:00,NSE:DCW,36.7,36.7,36.65,36.7,544.0
2021-06-03 11:33:00,NSE:DCW,36.7,36.7,36.65,36.65,96.0
2021-06-03 11:34:00,NSE:DCW,36.7,36.7,36.65,36.7,399.0
2021-06-03 11:35:00,NSE:DCW,36.7,36.75,36.7,36.75,3522.0
2021-06-03 11:36:00,NSE:DCW,36.75,36.75,36.7,36.7,830.0
2021-06-03 11:37:00,NSE:DCW,36.65,36.7,36.65,36.7,1347.0
2021-06-03 11:38:00,NSE:DCW,36.75,36.75,36.75,36.75,500.0
2021-06-03 11:39:00,NSE:DCW,36.75,36.75,36.75,36.75,60.0
2021-06-03 11:40:00,NSE:DCW,36.75,36.8,36.75,36.8,478.0
2021-06-03 11:41:00,NSE:DCW,36.75,36.75,36.7,36.7,1613.0
2021-06-03 11:42:00,NSE:DCW,36.75,36.75,36.55,36.55,24295.0
2021-06-03 11:43:00,NSE:DCW,36.55,36.55,36.45,36.5,15590.0
2021-06-03 11:44:00,NSE:DCW,36.5,36.55,36.5,36.55,3431.0
2021-06-03 11:45:00,NSE:DCW,36.55,36.6,36.55,36.6,1056.0
2021-06-03 11:46:00,NSE:DCW,36.6,36.6,36.55,36.6,1710.0
2021-06-03 11:47:00,NSE:DCW,36.6,36.6,36.55,36.55,362.0
2021-06-03 11:48:00,NSE:DCW,36.6,36.6,36.55,36.6,652.0
2021-06-03 11:49:00,NSE:DCW,36.5,36.5,36.5,36.5,1314.0
2021-06-03 11:50:00,NSE:DCW,36.5,36.6,36.5,36.6,1300.0
2021-06-03 11:51:00,NSE:DCW,36.6,36.6,36.6,36.6,657.0
2021-06-03 11:52:00,NSE:DCW,36.6,36.65,36.6,36.65,3100.0
2021-06-03 11:53:00,NSE:DCW,36.65,36.7,36.6,36.6,2437.0
2021-06-03 11:54:00,NSE:DCW,36.65,36.65,36.6,36.65,660.0
2021-06-03 11:55:00,NSE:DCW,36.65,36.65,36.65,36.65,5.0
2021-06-03 11:56:00,NSE:DCW,36.65,36.65,36.6,36.65,1464.0
2021-06-03 11:57:00,NSE:DCW,36.65,36.65,36.65,36.65,116.0
2021-06-03 11:58:00,NSE:DCW,36.6,36.65,36.6,36.65,2658.0
2021-06-03 11:59:00,NSE:DCW,36.65,36.65,36.55,36.65,1419.0
2021-06-03 12:00:00,NSE:DCW,36.65,36.65,36.65,36.65,512.0
2021-06-03 12:01:00,NSE:DCW,36.6,36.6,36.55,36.6,237.0
2021-06-03 12:02:00,NSE:DCW,36.6,36.6,36.55,36.55,40.0
2021-06-03 12:03:00,NSE:DCW,36.6,36.6,36.6,36.6,556.0
2021-06-03 12:04:00,NSE:DCW,36.6,36.6,36.45,36.45,6773.0
2021-06-03 12:05:00,NSE:DCW,36.45,36.55,36.45,36.55,5365.0
2021-06-03 12:06:00,NSE:DCW,36.55,36.6,36.5,36.5,8759.0
2021-06-03 12:07:00,NSE:DCW,36.55,36.6,36.5,36.5,1650.0
2021-06-03 12:08:00,NSE:DCW,36.5,36.5,36.5,36.5,2500.0
2021-06-03 12:09:00,NSE:DCW,36.6,36.6,36.5,36.55,2690.0
2021-06-03 12:10:00,NSE:DCW,36.5,36.55,36.5,36.5,784.0
2021-06-03 12:11:00,NSE:DCW,36.5,36.55,36.5,36.5,172.0
2021-06-03 12:12:00,NSE:DCW,36.5,36.5,36.5,36.5,314.0
2021-06-03 12:13:00,NSE:DCW,36.55,36.55,36.55,36.55,65.0
2021-06-03 12:14:00,NSE:DCW,36.55,36.55,36.55,36.55,850.0
2021-06-03 12:15:00,NSE:DCW,36.55,36.55,36.55,36.55,782.0
2021-06-03 12:16:00,NSE:DCW,36.6,36.7,36.6,36.7,8020.0
2021-06-03 12:17:00,NSE:DCW,36.7,36.7,36.65,36.65,890.0
2021-06-03 12:18:00,NSE:DCW,36.65,36.65,36.6,36.6,608.0
2021-06-03 12:19:00,NSE:DCW,36.6,36.65,36.6,36.65,977.0
2021-06-03 12:20:00,NSE:DCW,36.65,36.65,36.6,36.65,6016.0
2021-06-03 12:21:00,NSE:DCW,36.65,36.65,36.6,36.65,1412.0
2021-06-03 12:22:00,NSE:DCW,36.65,36.65,36.65,36.65,690.0
2021-06-03 12:23:00,NSE:DCW,36.65,36.65,36.65,36.65,246.0
2021-06-03 12:24:00,NSE:DCW,36.6,36.65,36.6,36.65,120.0
2021-06-03 12:25:00,NSE:DCW,36.65,36.65,36.6,36.6,175.0
2021-06-03 12:26:00,NSE:DCW,36.65,36.65,36.6,36.65,778.0
2021-06-03 12:28:00,NSE:DCW,36.6,36.6,36.6,36.6,2900.0
2021-06-03 12:29:00,NSE:DCW,36.65,36.65,36.6,36.6,340.0
2021-06-03 12:30:00,NSE:DCW,36.65,36.65,36.65,36.65,5.0
2021-06-03 12:31:00,NSE:DCW,36.65,36.65,36.65,36.65,2.0
2021-06-03 12:32:00,NSE:DCW,36.65,36.65,36.65,36.65,600.0
2021-06-03 12:33:00,NSE:DCW,36.65,36.65,36.65,36.65,363.0
2021-06-03 12:34:00,NSE:DCW,36.65,36.65,36.65,36.65,375.0
2021-06-03 12:35:00,NSE:DCW,36.65,36.65,36.65,36.65,233.0
2021-06-03 12:36:00,NSE:DCW,36.65,36.65,36.65,36.65,150.0
2021-06-03 12:37:00,NSE:DCW,36.65,36.65,36.6,36.6,1224.0
2021-06-03 12:38:00,NSE:DCW,36.65,36.65,36.6,36.65,316.0
2021-06-03 12:39:00,NSE:DCW,36.65,36.65,36.6,36.65,133.0
2021-06-03 12:40:00,NSE:DCW,36.65,36.65,36.65,36.65,4057.0
2021-06-03 12:41:00,NSE:DCW,36.65,36.65,36.65,36.65,150.0
2021-06-03 12:42:00,NSE:DCW,36.65,36.65,36.65,36.65,3.0
2021-06-03 12:43:00,NSE:DCW,36.65,36.65,36.6,36.65,6301.0
2021-06-03 12:44:00,NSE:DCW,36.65,36.65,36.65,36.65,10.0
2021-06-03 12:45:00,NSE:DCW,36.6,36.65,36.6,36.6,497.0
2021-06-03 12:46:00,NSE:DCW,36.6,36.6,36.6,36.6,185.0
2021-06-03 12:47:00,NSE:DCW,36.65,36.65,36.65,36.65,351.0
2021-06-03 12:48:00,NSE:DCW,36.65,36.65,36.65,36.65,650.0
2021-06-03 12:49:00,NSE:DCW,36.6,36.6,36.6,36.6,1200.0
2021-06-03 12:50:00,NSE:DCW,36.65,36.65,36.6,36.65,306.0
2021-06-03 12:51:00,NSE:DCW,36.65,36.65,36.65,36.65,1800.0
2021-06-03 12:52:00,NSE:DCW,36.6,36.65,36.6,36.65,1460.0
2021-06-03 12:54:00,NSE:DCW,36.65,36.65,36.6,36.65,241.0
2021-06-03 12:55:00,NSE:DCW,36.65,36.65,36.6,36.6,440.0
2021-06-03 12:56:00,NSE:DCW,36.65,36.65,36.6,36.65,702.0
2021-06-03 12:57:00,NSE:DCW,36.6,36.65,36.6,36.65,95.0
2021-06-03 12:58:00,NSE:DCW,36.65,36.65,36.65,36.65,3.0
2021-06-03 12:59:00,NSE:DCW,36.65,36.65,36.65,36.65,800.0
2021-06-03 13:00:00,NSE:DCW,36.6,36.6,36.6,36.6,701.0
2021-06-03 13:01:00,NSE:DCW,36.65,36.65,36.65,36.65,110.0
2021-06-03 13:02:00,NSE:DCW,36.65,36.65,36.65,36.65,60.0
2021-06-03 13:03:00,NSE:DCW,36.6,36.65,36.6,36.65,2006.0
2021-06-03 13:04:00,NSE:DCW,36.65,36.65,36.6,36.65,905.0
2021-06-03 13:05:00,NSE:DCW,36.6,36.65,36.6,36.65,685.0
2021-06-03 13:06:00,NSE:DCW,36.65,36.65,36.65,36.65,2000.0
2021-06-03 13:07:00,NSE:DCW,36.65,36.65,36.6,36.6,1651.0
2021-06-03 13:08:00,NSE:DCW,36.6,36.65,36.6,36.65,1609.0
2021-06-03 13:09:00,NSE:DCW,36.6,36.6,36.6,36.6,50.0
2021-06-03 13:10:00,NSE:DCW,36.65,36.65,36.6,36.65,805.0
2021-06-03 13:11:00,NSE:DCW,36.65,36.65,36.65,36.65,200.0
2021-06-03 13:13:00,NSE:DCW,36.65,36.65,36.6,36.6,3270.0
2021-06-03 13:14:00,NSE:DCW,36.55,36.6,36.55,36.55,1525.0
2021-06-03 13:15:00,NSE:DCW,36.55,36.65,36.55,36.55,206.0
2021-06-03 13:16:00,NSE:DCW,36.65,36.65,36.55,36.65,108.0
2021-06-03 13:17:00,NSE:DCW,36.65,36.65,36.65,36.65,310.0
2021-06-03 13:18:00,NSE:DCW,36.6,36.65,36.6,36.65,391.0
2021-06-03 13:19:00,NSE:DCW,36.6,36.6,36.6,36.6,1125.0
2021-06-03 13:21:00,NSE:DCW,36.6,36.65,36.6,36.6,291.0
2021-06-03 13:22:00,NSE:DCW,36.6,36.65,36.6,36.6,3003.0
2021-06-03 13:23:00,NSE:DCW,36.6,36.6,36.6,36.6,500.0
2021-06-03 13:24:00,NSE:DCW,36.6,36.65,36.6,36.6,1716.0
2021-06-03 13:26:00,NSE:DCW,36.65,36.65,36.6,36.6,2751.0
2021-06-03 13:27:00,NSE:DCW,36.6,36.6,36.55,36.55,7936.0
2021-06-03 13:28:00,NSE:DCW,36.55,36.6,36.55,36.55,3470.0
2021-06-03 13:29:00,NSE:DCW,36.6,36.6,36.6,36.6,580.0
2021-06-03 13:31:00,NSE:DCW,36.6,36.6,36.6,36.6,135.0
2021-06-03 13:32:00,NSE:DCW,36.6,36.6,36.6,36.6,1539.0
2021-06-03 13:33:00,NSE:DCW,36.55,36.55,36.55,36.55,503.0
2021-06-03 13:34:00,NSE:DCW,36.6,36.6,36.55,36.55,350.0
2021-06-03 13:35:00,NSE:DCW,36.5,36.6,36.5,36.6,601.0
2021-06-03 13:38:00,NSE:DCW,36.65,36.65,36.55,36.55,1065.0
2021-06-03 13:39:00,NSE:DCW,36.55,36.65,36.55,36.6,1272.0
2021-06-03 13:41:00,NSE:DCW,36.65,36.65,36.55,36.55,1317.0
2021-06-03 13:42:00,NSE:DCW,36.65,36.65,36.65,36.65,230.0
2021-06-03 13:44:00,NSE:DCW,36.65,36.65,36.65,36.65,34.0
2021-06-03 13:45:00,NSE:DCW,36.65,36.65,36.55,36.55,722.0
2021-06-03 13:46:00,NSE:DCW,36.6,36.6,36.55,36.6,1253.0
2021-06-03 13:47:00,NSE:DCW,36.6,36.6,36.6,36.6,9.0
2021-06-03 13:48:00,NSE:DCW,36.6,36.6,36.55,36.55,1495.0
2021-06-03 13:49:00,NSE:DCW,36.55,36.55,36.55,36.55,100.0
2021-06-03 13:50:00,NSE:DCW,36.6,36.6,36.6,36.6,17.0
2021-06-03 13:51:00,NSE:DCW,36.6,36.6,36.6,36.6,436.0
2021-06-03 13:52:00,NSE:DCW,36.6,36.6,36.55,36.55,162.0
2021-06-03 13:53:00,NSE:DCW,36.6,36.6,36.55,36.6,691.0
2021-06-03 13:55:00,NSE:DCW,36.6,36.6,36.6,36.6,771.0
2021-06-03 13:56:00,NSE:DCW,36.6,36.6,36.5,36.6,253.0
2021-06-03 13:58:00,NSE:DCW,36.6,36.6,36.5,36.5,1501.0
2021-06-03 13:59:00,NSE:DCW,36.5,36.6,36.5,36.6,615.0
2021-06-03 14:00:00,NSE:DCW,36.6,36.6,36.5,36.5,544.0
2021-06-03 14:01:00,NSE:DCW,36.6,36.6,36.6,36.6,481.0
2021-06-03 14:02:00,NSE:DCW,36.6,36.6,36.55,36.55,2643.0
2021-06-03 14:03:00,NSE:DCW,36.6,36.6,36.6,36.6,25.0
2021-06-03 14:04:00,NSE:DCW,36.6,36.6,36.5,36.5,2275.0
2021-06-03 14:05:00,NSE:DCW,36.6,36.6,36.6,36.6,425.0
2021-06-03 14:06:00,NSE:DCW,36.5,36.6,36.5,36.6,10051.0
2021-06-03 14:07:00,NSE:DCW,36.55,36.6,36.55,36.6,45.0
2021-06-03 14:08:00,NSE:DCW,36.6,36.6,36.55,36.55,159.0
2021-06-03 14:10:00,NSE:DCW,36.6,36.6,36.55,36.55,24.0
2021-06-03 14:11:00,NSE:DCW,36.6,36.6,36.55,36.55,2540.0
2021-06-03 14:12:00,NSE:DCW,36.6,36.6,36.6,36.6,500.0
2021-06-03 14:13:00,NSE:DCW,36.6,36.6,36.6,36.6,500.0
2021-06-03 14:14:00,NSE:DCW,36.6,36.6,36.55,36.6,335.0
2021-06-03 14:15:00,NSE:DCW,36.6,36.6,36.55,36.55,688.0
2021-06-03 14:16:00,NSE:DCW,36.6,36.6,36.6,36.6,1578.0
2021-06-03 14:17:00,NSE:DCW,36.55,36.55,36.55,36.55,251.0
2021-06-03 14:18:00,NSE:DCW,36.6,36.6,36.55,36.55,10437.0
2021-06-03 14:19:00,NSE:DCW,36.55,36.55,36.55,36.55,100.0
2021-06-03 14:20:00,NSE:DCW,36.6,36.6,36.55,36.55,55.0
2021-06-03 14:21:00,NSE:DCW,36.6,36.6,36.55,36.55,2302.0
2021-06-03 14:22:00,NSE:DCW,36.55,36.55,36.55,36.55,100.0
2021-06-03 14:23:00,NSE:DCW,36.5,36.5,36.5,36.5,14636.0
2021-06-03 14:24:00,NSE:DCW,36.5,36.55,36.5,36.55,1107.0
2021-06-03 14:25:00,NSE:DCW,36.55,36.55,36.5,36.5,600.0
2021-06-03 14:26:00,NSE:DCW,36.5,36.5,36.5,36.5,6526.0
2021-06-03 14:27:00,NSE:DCW,36.55,36.55,36.55,36.55,175.0
2021-06-03 14:28:00,NSE:DCW,36.55,36.55,36.5,36.5,1662.0
2021-06-03 14:29:00,NSE:DCW,36.55,36.55,36.5,36.5,821.0
2021-06-03 14:30:00,NSE:DCW,36.5,36.5,36.45,36.45,13450.0
2021-06-03 14:31:00,NSE:DCW,36.5,36.5,36.5,36.5,300.0
2021-06-03 14:32:00,NSE:DCW,36.45,36.5,36.45,36.5,452.0
2021-06-03 14:33:00,NSE:DCW,36.5,36.5,36.45,36.45,401.0
2021-06-03 14:34:00,NSE:DCW,36.5,36.5,36.5,36.5,1126.0
2021-06-03 14:35:00,NSE:DCW,36.45,36.45,36.45,36.45,500.0
2021-06-03 14:36:00,NSE:DCW,36.5,36.5,36.5,36.5,700.0
2021-06-03 14:37:00,NSE:DCW,36.5,36.5,36.45,36.5,5295.0
2021-06-03 14:38:00,NSE:DCW,36.5,36.5,36.5,36.5,25.0
2021-06-03 14:40:00,NSE:DCW,36.5,36.5,36.5,36.5,521.0
2021-06-03 14:41:00,NSE:DCW,36.5,36.5,36.45,36.5,673.0
2021-06-03 14:42:00,NSE:DCW,36.45,36.5,36.45,36.5,1839.0
2021-06-03 14:43:00,NSE:DCW,36.45,36.5,36.45,36.45,12350.0
2021-06-03 14:44:00,NSE:DCW,36.45,36.5,36.45,36.5,950.0
2021-06-03 14:45:00,NSE:DCW,36.5,36.5,36.5,36.5,1100.0
2021-06-03 14:46:00,NSE:DCW,36.5,36.5,36.5,36.5,1377.0
2021-06-03 14:47:00,NSE:DCW,36.55,36.55,36.45,36.55,2182.0
2021-06-03 14:48:00,NSE:DCW,36.55,36.55,36.5,36.55,2130.0
2021-06-03 14:49:00,NSE:DCW,36.5,36.5,36.45,36.45,465.0
2021-06-03 14:50:00,NSE:DCW,36.5,36.55,36.5,36.5,4386.0
2021-06-03 14:51:00,NSE:DCW,36.55,36.55,36.5,36.5,652.0
2021-06-03 14:52:00,NSE:DCW,36.5,36.55,36.5,36.5,4836.0
2021-06-03 14:53:00,NSE:DCW,36.5,36.55,36.5,36.55,700.0
2021-06-03 14:54:00,NSE:DCW,36.55,36.55,36.5,36.55,158.0
2021-06-03 14:55:00,NSE:DCW,36.55,36.55,36.5,36.55,1251.0
2021-06-03 14:56:00,NSE:DCW,36.55,36.55,36.5,36.5,451.0
2021-06-03 14:57:00,NSE:DCW,36.5,36.55,36.5,36.5,10881.0
2021-06-03 14:58:00,NSE:DCW,36.55,36.55,36.5,36.55,72.0
2021-06-03 14:59:00,NSE:DCW,36.55,36.55,36.55,36.55,1.0
2021-06-03 15:00:00,NSE:DCW,36.5,36.55,36.5,36.55,7476.0
2021-06-03 15:01:00,NSE:DCW,36.5,36.6,36.5,36.6,5004.0
2021-06-03 15:02:00,NSE:DCW,36.6,36.65,36.6,36.6,5552.0
2021-06-03 15:03:00,NSE:DCW,36.55,36.6,36.55,36.6,4253.0
2021-06-03 15:04:00,NSE:DCW,36.6,36.6,36.6,36.6,250.0
2021-06-03 15:05:00,NSE:DCW,36.6,36.6,36.55,36.6,1200.0
2021-06-03 15:06:00,NSE:DCW,36.6,36.6,36.55,36.55,2615.0
2021-06-03 15:07:00,NSE:DCW,36.6,36.6,36.55,36.55,11308.0
2021-06-03 15:08:00,NSE:DCW,36.6,36.6,36.55,36.55,3626.0
2021-06-03 15:09:00,NSE:DCW,36.6,36.6,36.55,36.55,550.0
2021-06-03 15:10:00,NSE:DCW,36.6,36.6,36.55,36.6,1178.0
2021-06-03 15:11:00,NSE:DCW,36.6,36.6,36.55,36.55,391.0
2021-06-03 15:12:00,NSE:DCW,36.6,36.6,36.55,36.55,2840.0
2021-06-03 15:13:00,NSE:DCW,36.6,36.6,36.55,36.6,2025.0
2021-06-03 15:14:00,NSE:DCW,36.6,36.6,36.55,36.6,7236.0
2021-06-03 15:15:00,NSE:DCW,36.6,36.65,36.6,36.65,7621.0
2021-06-03 15:16:00,NSE:DCW,36.65,36.7,36.65,36.7,11032.0
2021-06-03 15:17:00,NSE:DCW,36.6,36.65,36.55,36.65,31339.0
2021-06-03 15:18:00,NSE:DCW,36.6,36.65,36.55,36.6,4346.0
2021-06-03 15:19:00,NSE:DCW,36.6,36.6,36.55,36.6,1060.0
2021-06-03 15:20:00,NSE:DCW,36.6,36.6,36.5,36.5,22862.0
2021-06-03 15:21:00,NSE:DCW,36.6,36.65,36.55,36.55,3370.0
2021-06-03 15:22:00,NSE:DCW,36.55,36.75,36.55,36.7,29783.0
2021-06-03 15:23:00,NSE:DCW,36.7,36.7,36.6,36.7,7188.0
2021-06-03 15:24:00,NSE:DCW,36.6,36.7,36.6,36.65,4633.0
2021-06-03 15:25:00,NSE:DCW,36.7,36.7,36.6,36.65,3483.0
2021-06-03 15:26:00,NSE:DCW,36.65,36.7,36.6,36.7,22364.0
2021-06-03 15:27:00,NSE:DCW,36.7,36.75,36.6,36.7,22232.0
2021-06-03 15:28:00,NSE:DCW,36.65,36.75,36.65,36.75,20624.0
2021-06-03 15:29:00,NSE:DCW,36.7,37.0,36.7,37.0,13992.0
2021-06-03 15:41:00,NSE:DCW,36.6,36.6,36.6,36.6,300.0
2021-06-04 09:07:00,NSE:DCW,37.6,37.6,37.6,37.6,86695.0
2021-06-04 09:15:00,NSE:DCW,37.6,38.25,37.5,38.05,200799.0
2021-06-04 09:16:00,NSE:DCW,38.1,38.15,37.7,37.75,86878.0
2021-06-04 09:17:00,NSE:DCW,37.75,37.8,37.55,37.55,46175.0
2021-06-04 09:18:00,NSE:DCW,37.65,37.65,37.6,37.6,17667.0
2021-06-04 09:19:00,NSE:DCW,37.65,37.75,37.6,37.65,40329.0
2021-06-04 09:20:00,NSE:DCW,37.75,37.75,37.55,37.6,51909.0
2021-06-04 09:21:00,NSE:DCW,37.6,37.65,37.6,37.6,19733.0
2021-06-04 09:22:00,NSE:DCW,37.6,37.6,37.5,37.6,20485.0
2021-06-04 09:23:00,NSE:DCW,37.5,37.5,37.4,37.45,35920.0
2021-06-04 09:24:00,NSE:DCW,37.45,37.45,37.35,37.45,10562.0
2021-06-04 09:25:00,NSE:DCW,37.45,37.45,37.4,37.4,18945.0
2021-06-04 09:26:00,NSE:DCW,37.4,37.5,37.4,37.5,21385.0
2021-06-04 09:27:00,NSE:DCW,37.5,37.6,37.45,37.55,34775.0
2021-06-04 09:28:00,NSE:DCW,37.55,37.6,37.5,37.5,9858.0
2021-06-04 09:29:00,NSE:DCW,37.6,37.6,37.5,37.5,14478.0
2021-06-04 09:30:00,NSE:DCW,37.6,37.7,37.5,37.6,10646.0
2021-06-04 09:31:00,NSE:DCW,37.6,37.7,37.6,37.65,10429.0
2021-06-04 09:32:00,NSE:DCW,37.65,37.65,37.55,37.55,7387.0
2021-06-04 09:33:00,NSE:DCW,37.6,37.65,37.6,37.65,13716.0
2021-06-04 09:34:00,NSE:DCW,37.6,37.75,37.6,37.7,15347.0
2021-06-04 09:35:00,NSE:DCW,37.75,37.8,37.65,37.8,46152.0
2021-06-04 09:36:00,NSE:DCW,37.75,37.9,37.7,37.9,10196.0
2021-06-04 09:37:00,NSE:DCW,37.9,37.9,37.85,37.9,40095.0
2021-06-04 09:38:00,NSE:DCW,37.95,38.0,37.8,37.8,27037.0
2021-06-04 09:39:00,NSE:DCW,37.9,37.95,37.8,37.9,6221.0
2021-06-04 09:40:00,NSE:DCW,37.9,38.0,37.85,37.85,27257.0
2021-06-04 09:41:00,NSE:DCW,37.8,37.9,37.8,37.9,15242.0
2021-06-04 09:42:00,NSE:DCW,37.8,37.85,37.6,37.7,20907.0
2021-06-04 09:43:00,NSE:DCW,37.7,37.7,37.6,37.6,10479.0
2021-06-04 09:44:00,NSE:DCW,37.65,37.75,37.6,37.65,11161.0
2021-06-04 09:45:00,NSE:DCW,37.7,37.7,37.6,37.7,6316.0
2021-06-04 09:46:00,NSE:DCW,37.7,37.7,37.6,37.65,3370.0
2021-06-04 09:47:00,NSE:DCW,37.65,37.65,37.6,37.6,125.0
2021-06-04 09:48:00,NSE:DCW,37.6,37.6,37.55,37.6,2465.0
2021-06-04 09:49:00,NSE:DCW,37.6,37.6,37.55,37.6,3823.0
2021-06-04 09:50:00,NSE:DCW,37.6,37.65,37.55,37.65,8625.0
2021-06-04 09:51:00,NSE:DCW,37.65,37.7,37.65,37.65,907.0
2021-06-04 09:52:00,NSE:DCW,37.65,37.65,37.5,37.5,9810.0
2021-06-04 09:53:00,NSE:DCW,37.5,37.55,37.5,37.55,6875.0
2021-06-04 09:54:00,NSE:DCW,37.6,37.6,37.55,37.55,1555.0
2021-06-04 09:55:00,NSE:DCW,37.55,37.6,37.5,37.6,5808.0
2021-06-04 09:56:00,NSE:DCW,37.5,37.6,37.5,37.55,3823.0
2021-06-04 09:57:00,NSE:DCW,37.55,37.7,37.55,37.65,15396.0
2021-06-04 09:58:00,NSE:DCW,37.65,37.7,37.6,37.7,4783.0
2021-06-04 09:59:00,NSE:DCW,37.7,37.7,37.6,37.65,8110.0
2021-06-04 10:00:00,NSE:DCW,37.65,37.75,37.65,37.65,2720.0
2021-06-04 10:01:00,NSE:DCW,37.6,37.75,37.6,37.75,10358.0
2021-06-04 10:02:00,NSE:DCW,37.75,37.75,37.65,37.7,6135.0
2021-06-04 10:03:00,NSE:DCW,37.7,37.75,37.7,37.75,3141.0
2021-06-04 10:04:00,NSE:DCW,37.75,37.8,37.75,37.75,10524.0
2021-06-04 10:05:00,NSE:DCW,37.75,37.8,37.75,37.8,3599.0
2021-06-04 10:06:00,NSE:DCW,37.8,37.8,37.75,37.8,1121.0
2021-06-04 10:07:00,NSE:DCW,37.75,37.75,37.7,37.75,8402.0
2021-06-04 10:08:00,NSE:DCW,37.75,37.75,37.7,37.7,406.0
2021-06-04 10:09:00,NSE:DCW,37.65,37.75,37.65,37.7,3377.0
2021-06-04 10:10:00,NSE:DCW,37.7,37.75,37.65,37.7,4235.0
2021-06-04 10:11:00,NSE:DCW,37.7,37.75,37.7,37.7,4844.0
2021-06-04 10:12:00,NSE:DCW,37.8,37.8,37.65,37.7,8497.0
2021-06-04 10:13:00,NSE:DCW,37.75,37.75,37.65,37.65,3972.0
2021-06-04 10:14:00,NSE:DCW,37.7,37.7,37.65,37.7,196.0
2021-06-04 10:15:00,NSE:DCW,37.7,37.7,37.6,37.6,16172.0
2021-06-04 10:16:00,NSE:DCW,37.65,37.65,37.65,37.65,489.0
2021-06-04 10:17:00,NSE:DCW,37.6,37.65,37.6,37.65,1914.0
2021-06-04 10:18:00,NSE:DCW,37.65,37.65,37.55,37.55,1203.0
2021-06-04 10:19:00,NSE:DCW,37.6,37.6,37.5,37.55,12238.0
2021-06-04 10:20:00,NSE:DCW,37.55,37.65,37.55,37.65,7068.0
2021-06-04 10:21:00,NSE:DCW,37.55,37.6,37.55,37.6,1539.0
2021-06-04 10:22:00,NSE:DCW,37.55,37.6,37.5,37.6,1502.0
2021-06-04 10:23:00,NSE:DCW,37.55,37.6,37.55,37.55,3120.0
2021-06-04 10:24:00,NSE:DCW,37.6,37.6,37.5,37.5,4983.0
2021-06-04 10:25:00,NSE:DCW,37.55,37.6,37.55,37.55,5415.0
2021-06-04 10:26:00,NSE:DCW,37.55,37.6,37.55,37.55,513.0
2021-06-04 10:27:00,NSE:DCW,37.6,37.6,37.55,37.6,1830.0
2021-06-04 10:28:00,NSE:DCW,37.55,37.6,37.55,37.55,2340.0
2021-06-04 10:29:00,NSE:DCW,37.55,37.6,37.55,37.55,807.0
2021-06-04 10:30:00,NSE:DCW,37.55,37.55,37.55,37.55,91.0
2021-06-04 10:31:00,NSE:DCW,37.55,37.6,37.55,37.6,3357.0
2021-06-04 10:32:00,NSE:DCW,37.5,37.5,37.5,37.5,4610.0
2021-06-04 10:33:00,NSE:DCW,37.45,37.45,37.45,37.45,7206.0
2021-06-04 10:34:00,NSE:DCW,37.4,37.45,37.4,37.45,5934.0
2021-06-04 10:35:00,NSE:DCW,37.45,37.45,37.4,37.4,688.0
2021-06-04 10:36:00,NSE:DCW,37.45,37.45,37.35,37.4,5691.0
2021-06-04 10:37:00,NSE:DCW,37.35,37.4,37.35,37.4,4531.0
2021-06-04 10:38:00,NSE:DCW,37.4,37.4,37.35,37.4,661.0
2021-06-04 10:39:00,NSE:DCW,37.4,37.4,37.35,37.35,507.0
2021-06-04 10:40:00,NSE:DCW,37.35,37.4,37.35,37.4,802.0
2021-06-04 10:41:00,NSE:DCW,37.4,37.45,37.35,37.45,2140.0
2021-06-04 10:42:00,NSE:DCW,37.4,37.4,37.4,37.4,220.0
2021-06-04 10:43:00,NSE:DCW,37.4,37.4,37.4,37.4,798.0
2021-06-04 10:44:00,NSE:DCW,37.45,37.45,37.4,37.4,1089.0
2021-06-04 10:45:00,NSE:DCW,37.4,37.4,37.4,37.4,524.0
2021-06-04 10:46:00,NSE:DCW,37.45,37.45,37.4,37.45,898.0
2021-06-04 10:47:00,NSE:DCW,37.4,37.45,37.4,37.45,1569.0
2021-06-04 10:48:00,NSE:DCW,37.45,37.45,37.4,37.4,804.0
2021-06-04 10:49:00,NSE:DCW,37.4,37.4,37.4,37.4,1134.0
2021-06-04 10:50:00,NSE:DCW,37.4,37.45,37.4,37.4,936.0
2021-06-04 10:51:00,NSE:DCW,37.4,37.45,37.4,37.45,1396.0
2021-06-04 10:52:00,NSE:DCW,37.4,37.45,37.4,37.45,292.0
2021-06-04 10:53:00,NSE:DCW,37.45,37.45,37.4,37.45,893.0
2021-06-04 10:54:00,NSE:DCW,37.45,37.5,37.4,37.5,3448.0
2021-06-04 10:55:00,NSE:DCW,37.5,37.55,37.4,37.4,9436.0
2021-06-04 10:56:00,NSE:DCW,37.5,37.5,37.4,37.4,321.0
2021-06-04 10:57:00,NSE:DCW,37.4,37.4,37.3,37.4,13957.0
2021-06-04 10:58:00,NSE:DCW,37.3,37.4,37.3,37.35,5261.0
2021-06-04 10:59:00,NSE:DCW,37.35,37.45,37.35,37.45,194.0
2021-06-04 11:00:00,NSE:DCW,37.45,37.45,37.4,37.45,4658.0
2021-06-04 11:01:00,NSE:DCW,37.5,37.5,37.45,37.45,4628.0
2021-06-04 11:02:00,NSE:DCW,37.5,37.5,37.45,37.45,1122.0
2021-06-04 11:03:00,NSE:DCW,37.5,37.5,37.45,37.5,10962.0
2021-06-04 11:04:00,NSE:DCW,37.55,37.6,37.45,37.45,10637.0
2021-06-04 11:05:00,NSE:DCW,37.45,37.55,37.45,37.55,109.0
2021-06-04 11:06:00,NSE:DCW,37.45,37.55,37.45,37.45,833.0
2021-06-04 11:07:00,NSE:DCW,37.5,37.5,37.45,37.45,850.0
2021-06-04 11:08:00,NSE:DCW,37.5,37.5,37.45,37.45,120.0
2021-06-04 11:09:00,NSE:DCW,37.45,37.5,37.45,37.45,1737.0
2021-06-04 11:10:00,NSE:DCW,37.45,37.45,37.45,37.45,4309.0
2021-06-04 11:11:00,NSE:DCW,37.45,37.45,37.4,37.4,1271.0
2021-06-04 11:12:00,NSE:DCW,37.4,37.5,37.4,37.4,1302.0
2021-06-04 11:13:00,NSE:DCW,37.5,37.5,37.4,37.45,502.0
2021-06-04 11:14:00,NSE:DCW,37.5,37.5,37.5,37.5,104.0
2021-06-04 11:15:00,NSE:DCW,37.4,37.5,37.3,37.3,7057.0
2021-06-04 11:16:00,NSE:DCW,37.4,37.4,37.25,37.3,7406.0
2021-06-04 11:17:00,NSE:DCW,37.25,37.3,37.25,37.3,4705.0
2021-06-04 11:18:00,NSE:DCW,37.3,37.35,37.25,37.25,5285.0
2021-06-04 11:19:00,NSE:DCW,37.25,37.3,37.2,37.3,3492.0
2021-06-04 11:20:00,NSE:DCW,37.35,37.35,37.25,37.25,1010.0
2021-06-04 11:21:00,NSE:DCW,37.3,37.3,37.2,37.3,6020.0
2021-06-04 11:22:00,NSE:DCW,37.25,37.25,37.25,37.25,210.0
2021-06-04 11:23:00,NSE:DCW,37.25,37.3,37.25,37.25,1325.0
2021-06-04 11:24:00,NSE:DCW,37.3,37.3,37.2,37.25,4505.0
2021-06-04 11:25:00,NSE:DCW,37.2,37.2,37.2,37.2,3251.0
2021-06-04 11:26:00,NSE:DCW,37.15,37.2,37.15,37.15,3100.0
2021-06-04 11:27:00,NSE:DCW,37.2,37.25,37.2,37.2,670.0
2021-06-04 11:28:00,NSE:DCW,37.2,37.25,37.2,37.25,511.0
2021-06-04 11:29:00,NSE:DCW,37.25,37.25,37.2,37.25,1348.0
2021-06-04 11:30:00,NSE:DCW,37.25,37.25,37.25,37.25,2245.0
2021-06-04 11:31:00,NSE:DCW,37.25,37.25,37.2,37.2,215.0
2021-06-04 11:32:00,NSE:DCW,37.25,37.25,37.15,37.15,9400.0
2021-06-04 11:33:00,NSE:DCW,37.15,37.15,37.1,37.1,5929.0
2021-06-04 11:34:00,NSE:DCW,37.1,37.15,37.05,37.15,4330.0
2021-06-04 11:35:00,NSE:DCW,37.1,37.1,37.05,37.1,3845.0
2021-06-04 11:36:00,NSE:DCW,37.1,37.1,37.05,37.1,1801.0
2021-06-04 11:37:00,NSE:DCW,37.1,37.1,37.05,37.05,1014.0
2021-06-04 11:38:00,NSE:DCW,37.05,37.1,37.05,37.1,3610.0
2021-06-04 11:39:00,NSE:DCW,37.05,37.1,37.05,37.05,2048.0
2021-06-04 11:40:00,NSE:DCW,37.05,37.1,37.05,37.1,6282.0
2021-06-04 11:41:00,NSE:DCW,37.1,37.15,37.1,37.15,2802.0
2021-06-04 11:42:00,NSE:DCW,37.2,37.2,37.15,37.2,630.0
2021-06-04 11:43:00,NSE:DCW,37.25,37.25,37.2,37.2,930.0
2021-06-04 11:44:00,NSE:DCW,37.25,37.3,37.25,37.25,3252.0
2021-06-04 11:45:00,NSE:DCW,37.3,37.35,37.25,37.25,4203.0
2021-06-04 11:46:00,NSE:DCW,37.35,37.35,37.3,37.3,357.0
2021-06-04 11:47:00,NSE:DCW,37.35,37.35,37.35,37.35,200.0
2021-06-04 11:48:00,NSE:DCW,37.35,37.35,37.3,37.35,2424.0
2021-06-04 11:49:00,NSE:DCW,37.3,37.35,37.3,37.3,1038.0
2021-06-04 11:50:00,NSE:DCW,37.3,37.3,37.3,37.3,195.0
2021-06-04 11:51:00,NSE:DCW,37.25,37.25,37.25,37.25,1804.0
2021-06-04 11:52:00,NSE:DCW,37.25,37.35,37.25,37.25,13844.0
2021-06-04 11:53:00,NSE:DCW,37.2,37.25,37.2,37.2,8590.0
2021-06-04 11:54:00,NSE:DCW,37.15,37.25,37.15,37.25,1701.0
2021-06-04 11:55:00,NSE:DCW,37.25,37.25,37.25,37.25,2060.0
2021-06-04 11:56:00,NSE:DCW,37.25,37.25,37.15,37.15,345.0
2021-06-04 11:57:00,NSE:DCW,37.2,37.25,37.2,37.25,755.0
2021-06-04 11:58:00,NSE:DCW,37.15,37.15,37.1,37.1,6066.0
2021-06-04 11:59:00,NSE:DCW,37.1,37.1,37.1,37.1,135.0
2021-06-04 12:00:00,NSE:DCW,37.15,37.2,37.15,37.2,1675.0
2021-06-04 12:01:00,NSE:DCW,37.2,37.2,37.2,37.2,5.0
2021-06-04 12:02:00,NSE:DCW,37.25,37.25,37.15,37.2,4624.0
2021-06-04 12:03:00,NSE:DCW,37.2,37.2,37.15,37.15,600.0
2021-06-04 12:04:00,NSE:DCW,37.15,37.2,37.15,37.2,312.0
2021-06-04 12:05:00,NSE:DCW,37.15,37.2,37.15,37.2,30.0
2021-06-04 12:06:00,NSE:DCW,37.2,37.2,37.2,37.2,1500.0
2021-06-04 12:07:00,NSE:DCW,37.2,37.2,37.2,37.2,5.0
2021-06-04 12:08:00,NSE:DCW,37.2,37.2,37.2,37.2,260.0
2021-06-04 12:09:00,NSE:DCW,37.2,37.2,37.2,37.2,52.0
2021-06-04 12:10:00,NSE:DCW,37.2,37.2,37.1,37.2,5462.0
2021-06-04 12:11:00,NSE:DCW,37.1,37.2,37.1,37.2,825.0
2021-06-04 12:12:00,NSE:DCW,37.2,37.2,37.1,37.1,6001.0
2021-06-04 12:13:00,NSE:DCW,37.15,37.15,37.15,37.15,550.0
2021-06-04 12:15:00,NSE:DCW,37.15,37.2,37.15,37.2,682.0
2021-06-04 12:16:00,NSE:DCW,37.2,37.2,37.15,37.15,360.0
2021-06-04 12:17:00,NSE:DCW,37.15,37.15,37.1,37.1,543.0
2021-06-04 12:18:00,NSE:DCW,37.2,37.2,37.2,37.2,212.0
2021-06-04 12:19:00,NSE:DCW,37.1,37.2,37.1,37.2,2333.0
2021-06-04 12:20:00,NSE:DCW,37.2,37.2,37.1,37.2,427.0
2021-06-04 12:21:00,NSE:DCW,37.2,37.2,37.15,37.15,54.0
2021-06-04 12:22:00,NSE:DCW,37.1,37.15,37.1,37.15,850.0
2021-06-04 12:23:00,NSE:DCW,37.2,37.2,37.2,37.2,9.0
2021-06-04 12:24:00,NSE:DCW,37.1,37.1,37.1,37.1,908.0
2021-06-04 12:25:00,NSE:DCW,37.1,37.1,37.1,37.1,430.0
2021-06-04 12:26:00,NSE:DCW,37.1,37.2,37.1,37.1,56.0
2021-06-04 12:27:00,NSE:DCW,37.2,37.2,37.1,37.2,576.0
2021-06-04 12:28:00,NSE:DCW,37.2,37.2,37.2,37.2,10.0
2021-06-04 12:29:00,NSE:DCW,37.2,37.2,37.15,37.15,109.0
2021-06-04 12:30:00,NSE:DCW,37.2,37.2,37.2,37.2,251.0
2021-06-04 12:31:00,NSE:DCW,37.15,37.15,37.15,37.15,1.0
2021-06-04 12:32:00,NSE:DCW,37.15,37.15,37.1,37.1,1602.0
2021-06-04 12:33:00,NSE:DCW,37.2,37.2,37.1,37.1,522.0
2021-06-04 12:34:00,NSE:DCW,37.1,37.1,37.1,37.1,4.0
2021-06-04 12:35:00,NSE:DCW,37.2,37.2,37.2,37.2,452.0
2021-06-04 12:36:00,NSE:DCW,37.15,37.15,37.15,37.15,224.0
2021-06-04 12:37:00,NSE:DCW,37.2,37.2,37.15,37.2,2165.0
2021-06-04 12:38:00,NSE:DCW,37.2,37.2,37.2,37.2,1850.0
2021-06-04 12:39:00,NSE:DCW,37.2,37.2,37.2,37.2,10.0
2021-06-04 12:40:00,NSE:DCW,37.15,37.2,37.15,37.15,1532.0
2021-06-04 12:41:00,NSE:DCW,37.1,37.1,37.05,37.1,15168.0
2021-06-04 12:42:00,NSE:DCW,37.1,37.1,37.1,37.1,150.0
2021-06-04 12:43:00,NSE:DCW,37.1,37.1,37.05,37.1,2783.0
2021-06-04 12:44:00,NSE:DCW,37.1,37.1,37.05,37.05,177.0
2021-06-04 12:45:00,NSE:DCW,37.1,37.1,37.1,37.1,101.0
2021-06-04 12:46:00,NSE:DCW,37.1,37.1,37.1,37.1,12736.0
2021-06-04 12:47:00,NSE:DCW,37.1,37.2,37.1,37.1,1989.0
2021-06-04 12:48:00,NSE:DCW,37.2,37.2,37.1,37.2,356.0
2021-06-04 12:49:00,NSE:DCW,37.2,37.2,37.1,37.2,1127.0
2021-06-04 12:50:00,NSE:DCW,37.2,37.2,37.1,37.1,1062.0
2021-06-04 12:51:00,NSE:DCW,37.1,37.2,37.1,37.1,8544.0
2021-06-04 12:52:00,NSE:DCW,37.1,37.25,37.1,37.25,3150.0
2021-06-04 12:53:00,NSE:DCW,37.25,37.35,37.25,37.35,12905.0
2021-06-04 12:54:00,NSE:DCW,37.4,37.45,37.3,37.4,11956.0
2021-06-04 12:55:00,NSE:DCW,37.4,37.4,37.3,37.3,2802.0
2021-06-04 12:56:00,NSE:DCW,37.4,37.4,37.4,37.4,600.0
2021-06-04 12:58:00,NSE:DCW,37.35,37.35,37.3,37.3,1112.0
2021-06-04 12:59:00,NSE:DCW,37.3,37.3,37.3,37.3,1412.0
2021-06-04 13:00:00,NSE:DCW,37.3,37.3,37.3,37.3,10.0
2021-06-04 13:01:00,NSE:DCW,37.3,37.4,37.3,37.4,4365.0
2021-06-04 13:02:00,NSE:DCW,37.4,37.4,37.3,37.4,1555.0
2021-06-04 13:03:00,NSE:DCW,37.4,37.4,37.4,37.4,1.0
2021-06-04 13:04:00,NSE:DCW,37.4,37.45,37.35,37.35,10300.0
2021-06-04 13:05:00,NSE:DCW,37.35,37.4,37.35,37.35,654.0
2021-06-04 13:06:00,NSE:DCW,37.35,37.35,37.35,37.35,670.0
2021-06-04 13:07:00,NSE:DCW,37.35,37.4,37.35,37.4,182.0
2021-06-04 13:08:00,NSE:DCW,37.4,37.4,37.35,37.35,575.0
2021-06-04 13:09:00,NSE:DCW,37.35,37.35,37.35,37.35,200.0
2021-06-04 13:10:00,NSE:DCW,37.4,37.4,37.4,37.4,208.0
2021-06-04 13:11:00,NSE:DCW,37.35,37.4,37.35,37.4,300.0
2021-06-04 13:13:00,NSE:DCW,37.3,37.3,37.3,37.3,1100.0
2021-06-04 13:14:00,NSE:DCW,37.4,37.4,37.4,37.4,1.0
2021-06-04 13:15:00,NSE:DCW,37.3,37.35,37.3,37.35,1138.0
2021-06-04 13:16:00,NSE:DCW,37.35,37.4,37.35,37.4,1752.0
2021-06-04 13:17:00,NSE:DCW,37.5,37.5,37.45,37.45,9412.0
2021-06-04 13:18:00,NSE:DCW,37.45,37.45,37.45,37.45,550.0
2021-06-04 13:19:00,NSE:DCW,37.45,37.45,37.45,37.45,399.0
2021-06-04 13:20:00,NSE:DCW,37.45,37.45,37.45,37.45,310.0
2021-06-04 13:21:00,NSE:DCW,37.5,37.5,37.4,37.4,4940.0
2021-06-04 13:22:00,NSE:DCW,37.4,37.4,37.35,37.4,637.0
2021-06-04 13:23:00,NSE:DCW,37.35,37.4,37.3,37.3,1637.0
2021-06-04 13:24:00,NSE:DCW,37.3,37.35,37.3,37.35,2954.0
2021-06-04 13:25:00,NSE:DCW,37.3,37.3,37.3,37.3,200.0
2021-06-04 13:26:00,NSE:DCW,37.35,37.35,37.35,37.35,403.0
2021-06-04 13:27:00,NSE:DCW,37.35,37.35,37.3,37.3,140.0
2021-06-04 13:28:00,NSE:DCW,37.3,37.3,37.3,37.3,240.0
2021-06-04 13:29:00,NSE:DCW,37.4,37.4,37.2,37.3,22101.0
2021-06-04 13:30:00,NSE:DCW,37.2,37.2,37.05,37.1,15400.0
2021-06-04 13:31:00,NSE:DCW,37.1,37.2,37.1,37.2,844.0
2021-06-04 13:32:00,NSE:DCW,37.1,37.1,37.1,37.1,7202.0
2021-06-04 13:33:00,NSE:DCW,37.1,37.1,37.1,37.1,1465.0
2021-06-04 13:34:00,NSE:DCW,37.1,37.1,37.1,37.1,1333.0
2021-06-04 13:35:00,NSE:DCW,37.1,37.15,37.1,37.1,4873.0
2021-06-04 13:36:00,NSE:DCW,37.15,37.15,37.15,37.15,70.0
2021-06-04 13:37:00,NSE:DCW,37.15,37.15,37.1,37.15,703.0
2021-06-04 13:38:00,NSE:DCW,37.1,37.1,37.05,37.1,2300.0
2021-06-04 13:39:00,NSE:DCW,37.15,37.15,37.15,37.15,120.0
2021-06-04 13:40:00,NSE:DCW,37.1,37.1,37.1,37.1,858.0
2021-06-04 13:41:00,NSE:DCW,37.1,37.15,37.1,37.15,1235.0
2021-06-04 13:42:00,NSE:DCW,37.15,37.15,37.15,37.15,4135.0
2021-06-04 13:43:00,NSE:DCW,37.15,37.15,37.1,37.15,1580.0
2021-06-04 13:44:00,NSE:DCW,37.15,37.15,37.1,37.1,700.0
2021-06-04 13:45:00,NSE:DCW,37.15,37.15,37.1,37.1,2500.0
2021-06-04 13:46:00,NSE:DCW,37.15,37.15,37.1,37.15,806.0
2021-06-04 13:47:00,NSE:DCW,37.1,37.1,37.1,37.1,1.0
2021-06-04 13:48:00,NSE:DCW,37.15,37.15,37.1,37.15,1040.0
2021-06-04 13:49:00,NSE:DCW,37.1,37.1,37.1,37.1,933.0
2021-06-04 13:50:00,NSE:DCW,37.05,37.1,37.05,37.1,1035.0
2021-06-04 13:51:00,NSE:DCW,37.15,37.15,37.15,37.15,453.0
2021-06-04 13:52:00,NSE:DCW,37.05,37.15,37.05,37.15,3138.0
2021-06-04 13:53:00,NSE:DCW,37.15,37.15,37.1,37.1,580.0
2021-06-04 13:54:00,NSE:DCW,37.1,37.1,37.1,37.1,250.0
2021-06-04 13:55:00,NSE:DCW,37.1,37.15,37.1,37.15,1120.0
2021-06-04 13:56:00,NSE:DCW,37.1,37.15,37.1,37.15,4398.0
2021-06-04 13:57:00,NSE:DCW,37.2,37.2,37.2,37.2,1000.0
2021-06-04 13:58:00,NSE:DCW,37.2,37.2,37.2,37.2,392.0
2021-06-04 13:59:00,NSE:DCW,37.2,37.2,37.2,37.2,884.0
2021-06-04 14:00:00,NSE:DCW,37.15,37.15,37.15,37.15,42.0
2021-06-04 14:01:00,NSE:DCW,37.15,37.2,37.1,37.1,4922.0
2021-06-04 14:02:00,NSE:DCW,37.2,37.3,37.2,37.3,7446.0
2021-06-04 14:03:00,NSE:DCW,37.25,37.3,37.25,37.3,657.0
2021-06-04 14:04:00,NSE:DCW,37.3,37.35,37.3,37.35,3202.0
2021-06-04 14:05:00,NSE:DCW,37.3,37.3,37.3,37.3,11908.0
2021-06-04 14:06:00,NSE:DCW,37.3,37.3,37.3,37.3,250.0
2021-06-04 14:07:00,NSE:DCW,37.3,37.35,37.3,37.35,1602.0
2021-06-04 14:08:00,NSE:DCW,37.3,37.3,37.3,37.3,2.0
2021-06-04 14:09:00,NSE:DCW,37.35,37.35,37.25,37.35,2539.0
2021-06-04 14:10:00,NSE:DCW,37.35,37.35,37.25,37.35,745.0
2021-06-04 14:11:00,NSE:DCW,37.35,37.35,37.3,37.35,1102.0
2021-06-04 14:12:00,NSE:DCW,37.35,37.35,37.35,37.35,205.0
2021-06-04 14:13:00,NSE:DCW,37.25,37.3,37.25,37.25,1280.0
2021-06-04 14:14:00,NSE:DCW,37.3,37.35,37.25,37.25,1836.0
2021-06-04 14:15:00,NSE:DCW,37.25,37.35,37.25,37.35,1529.0
2021-06-04 14:16:00,NSE:DCW,37.25,37.35,37.25,37.35,200.0
2021-06-04 14:18:00,NSE:DCW,37.3,37.35,37.25,37.25,1541.0
2021-06-04 14:20:00,NSE:DCW,37.25,37.3,37.25,37.3,270.0
2021-06-04 14:21:00,NSE:DCW,37.3,37.3,37.25,37.25,1512.0
2021-06-04 14:22:00,NSE:DCW,37.3,37.3,37.25,37.25,2300.0
2021-06-04 14:23:00,NSE:DCW,37.2,37.2,37.2,37.2,100.0
2021-06-04 14:24:00,NSE:DCW,37.2,37.25,37.2,37.2,3950.0
2021-06-04 14:25:00,NSE:DCW,37.25,37.25,37.25,37.25,88.0
2021-06-04 14:26:00,NSE:DCW,37.2,37.25,37.2,37.2,3437.0
2021-06-04 14:27:00,NSE:DCW,37.25,37.25,37.25,37.25,200.0
2021-06-04 14:28:00,NSE:DCW,37.25,37.25,37.25,37.25,2307.0
2021-06-04 14:29:00,NSE:DCW,37.2,37.2,37.2,37.2,370.0
2021-06-04 14:30:00,NSE:DCW,37.25,37.25,37.2,37.25,467.0
2021-06-04 14:31:00,NSE:DCW,37.25,37.25,37.2,37.2,210.0
2021-06-04 14:32:00,NSE:DCW,37.2,37.25,37.2,37.2,1084.0
2021-06-04 14:33:00,NSE:DCW,37.25,37.25,37.2,37.2,250.0
2021-06-04 14:34:00,NSE:DCW,37.2,37.25,37.2,37.25,637.0
2021-06-04 14:35:00,NSE:DCW,37.2,37.2,37.2,37.2,250.0
2021-06-04 14:36:00,NSE:DCW,37.25,37.25,37.2,37.2,205.0
2021-06-04 14:37:00,NSE:DCW,37.25,37.25,37.25,37.25,605.0
2021-06-04 14:38:00,NSE:DCW,37.25,37.25,37.2,37.2,2010.0
2021-06-04 14:39:00,NSE:DCW,37.2,37.25,37.2,37.25,805.0
2021-06-04 14:40:00,NSE:DCW,37.2,37.2,37.2,37.2,1250.0
2021-06-04 14:41:00,NSE:DCW,37.25,37.25,37.2,37.2,701.0
2021-06-04 14:42:00,NSE:DCW,37.2,37.25,37.2,37.2,8437.0
2021-06-04 14:43:00,NSE:DCW,37.2,37.2,37.2,37.2,1202.0
2021-06-04 14:44:00,NSE:DCW,37.25,37.25,37.1,37.1,30900.0
2021-06-04 14:45:00,NSE:DCW,37.1,37.1,37.1,37.1,1505.0
2021-06-04 14:46:00,NSE:DCW,37.2,37.25,37.15,37.15,2675.0
2021-06-04 14:47:00,NSE:DCW,37.25,37.25,37.15,37.15,1013.0
2021-06-04 14:48:00,NSE:DCW,37.25,37.25,37.25,37.25,1.0
2021-06-04 14:49:00,NSE:DCW,37.2,37.2,37.2,37.2,230.0
2021-06-04 14:50:00,NSE:DCW,37.15,37.15,37.15,37.15,2700.0
2021-06-04 14:51:00,NSE:DCW,37.15,37.25,37.15,37.25,38.0
2021-06-04 14:52:00,NSE:DCW,37.25,37.25,37.2,37.2,304.0
2021-06-04 14:53:00,NSE:DCW,37.15,37.15,37.15,37.15,7124.0
2021-06-04 14:54:00,NSE:DCW,37.15,37.25,37.15,37.25,6071.0
2021-06-04 14:55:00,NSE:DCW,37.2,37.25,37.15,37.25,825.0
2021-06-04 14:56:00,NSE:DCW,37.15,37.25,37.15,37.15,575.0
2021-06-04 14:57:00,NSE:DCW,37.2,37.2,37.2,37.2,2217.0
2021-06-04 14:58:00,NSE:DCW,37.25,37.25,37.2,37.25,6322.0
2021-06-04 14:59:00,NSE:DCW,37.25,37.25,37.2,37.2,6739.0
2021-06-04 15:00:00,NSE:DCW,37.2,37.25,37.2,37.25,450.0
2021-06-04 15:01:00,NSE:DCW,37.2,37.3,37.2,37.3,6009.0
2021-06-04 15:02:00,NSE:DCW,37.25,37.25,37.25,37.25,2200.0
2021-06-04 15:03:00,NSE:DCW,37.2,37.25,37.2,37.2,6800.0
2021-06-04 15:04:00,NSE:DCW,37.2,37.2,37.2,37.2,322.0
2021-06-04 15:05:00,NSE:DCW,37.2,37.25,37.2,37.25,4602.0
2021-06-04 15:06:00,NSE:DCW,37.2,37.25,37.2,37.2,3563.0
2021-06-04 15:07:00,NSE:DCW,37.25,37.25,37.2,37.2,4291.0
2021-06-04 15:08:00,NSE:DCW,37.3,37.3,37.2,37.3,62791.0
2021-06-04 15:09:00,NSE:DCW,37.25,37.3,37.2,37.25,68182.0
2021-06-04 15:10:00,NSE:DCW,37.2,37.3,37.2,37.25,2106.0
2021-06-04 15:11:00,NSE:DCW,37.25,37.3,37.15,37.3,37076.0
2021-06-04 15:12:00,NSE:DCW,37.25,37.3,37.2,37.25,18185.0
2021-06-04 15:13:00,NSE:DCW,37.25,37.3,37.25,37.3,4587.0
2021-06-04 15:14:00,NSE:DCW,37.3,37.3,37.25,37.25,7355.0
2021-06-04 15:15:00,NSE:DCW,37.25,37.3,37.25,37.3,7984.0
2021-06-04 15:16:00,NSE:DCW,37.25,37.35,37.25,37.25,12859.0
2021-06-04 15:17:00,NSE:DCW,37.25,37.25,37.2,37.2,20852.0
2021-06-04 15:18:00,NSE:DCW,37.25,37.25,37.1,37.15,20998.0
2021-06-04 15:19:00,NSE:DCW,37.15,37.2,37.1,37.2,4481.0
2021-06-04 15:20:00,NSE:DCW,37.15,37.2,37.15,37.2,11791.0
2021-06-04 15:21:00,NSE:DCW,37.15,37.2,37.15,37.2,5417.0
2021-06-04 15:22:00,NSE:DCW,37.2,37.2,37.15,37.15,20537.0
2021-06-04 15:23:00,NSE:DCW,37.15,37.2,37.15,37.15,14162.0
2021-06-04 15:24:00,NSE:DCW,37.2,37.25,37.15,37.25,3915.0
2021-06-04 15:25:00,NSE:DCW,37.25,37.25,37.15,37.2,11817.0
2021-06-04 15:26:00,NSE:DCW,37.2,37.2,37.1,37.1,31064.0
2021-06-04 15:27:00,NSE:DCW,37.15,37.2,37.15,37.15,4333.0
2021-06-04 15:28:00,NSE:DCW,37.2,37.2,37.1,37.2,8317.0
2021-06-04 15:29:00,NSE:DCW,37.2,37.25,37.15,37.25,11200.0
2021-06-04 15:30:00,NSE:DCW,37.2,37.2,37.2,37.2,400.0
2021-06-04 15:40:00,NSE:DCW,37.2,37.2,37.2,37.2,108.0
2021-06-07 09:07:00,NSE:DCW,37.2,37.2,37.2,37.2,11887.0
2021-06-07 09:15:00,NSE:DCW,37.45,37.55,37.0,37.5,29291.0
2021-06-07 09:16:00,NSE:DCW,37.5,37.6,37.4,37.4,29566.0
2021-06-07 09:17:00,NSE:DCW,37.4,37.5,37.4,37.4,3730.0
2021-06-07 09:18:00,NSE:DCW,37.4,37.45,37.4,37.4,29277.0
2021-06-07 09:19:00,NSE:DCW,37.45,37.45,37.4,37.45,5252.0
2021-06-07 09:20:00,NSE:DCW,37.45,37.45,37.35,37.35,12121.0
2021-06-07 09:21:00,NSE:DCW,37.3,37.35,37.2,37.2,6980.0
2021-06-07 09:22:00,NSE:DCW,37.2,37.25,37.2,37.25,581.0
2021-06-07 09:23:00,NSE:DCW,37.25,37.25,37.1,37.2,4139.0
2021-06-07 09:24:00,NSE:DCW,37.15,37.25,37.1,37.1,5377.0
2021-06-07 09:25:00,NSE:DCW,37.25,37.25,37.1,37.2,2085.0
2021-06-07 09:26:00,NSE:DCW,37.15,37.25,37.15,37.15,1739.0
2021-06-07 09:27:00,NSE:DCW,37.2,37.2,37.15,37.15,1159.0
2021-06-07 09:28:00,NSE:DCW,37.15,37.15,37.05,37.1,5594.0
2021-06-07 09:29:00,NSE:DCW,37.15,37.2,37.15,37.2,8211.0
2021-06-07 09:30:00,NSE:DCW,37.2,37.25,37.15,37.25,5599.0
2021-06-07 09:31:00,NSE:DCW,37.25,37.4,37.25,37.4,12151.0
2021-06-07 09:32:00,NSE:DCW,37.35,37.4,37.35,37.4,5062.0
2021-06-07 09:33:00,NSE:DCW,37.4,37.4,37.35,37.4,4847.0
2021-06-07 09:34:00,NSE:DCW,37.4,37.6,37.4,37.55,19538.0
2021-06-07 09:35:00,NSE:DCW,37.45,37.45,37.45,37.45,1029.0
2021-06-07 09:36:00,NSE:DCW,37.3,37.3,37.15,37.25,17650.0
2021-06-07 09:37:00,NSE:DCW,37.25,37.25,37.15,37.2,1680.0
2021-06-07 09:38:00,NSE:DCW,37.25,37.25,37.1,37.1,17282.0
2021-06-07 09:39:00,NSE:DCW,37.05,37.1,37.05,37.1,4577.0
2021-06-07 09:40:00,NSE:DCW,37.1,37.1,37.05,37.1,6751.0
2021-06-07 09:41:00,NSE:DCW,37.1,37.1,37.05,37.05,4197.0
2021-06-07 09:42:00,NSE:DCW,37.0,37.1,36.95,37.0,17246.0
2021-06-07 09:43:00,NSE:DCW,37.0,37.0,36.95,36.95,1030.0
2021-06-07 09:44:00,NSE:DCW,37.0,37.0,36.9,37.0,6819.0
2021-06-07 09:45:00,NSE:DCW,36.9,36.95,36.9,36.95,4617.0
2021-06-07 09:46:00,NSE:DCW,36.9,36.95,36.9,36.9,805.0
2021-06-07 09:47:00,NSE:DCW,36.95,36.95,36.9,36.9,1328.0
2021-06-07 09:48:00,NSE:DCW,36.9,36.95,36.85,36.9,1897.0
2021-06-07 09:49:00,NSE:DCW,36.9,36.95,36.85,36.95,3904.0
2021-06-07 09:50:00,NSE:DCW,36.95,36.95,36.9,36.95,2225.0
2021-06-07 09:51:00,NSE:DCW,36.9,36.95,36.85,36.85,2557.0
2021-06-07 09:52:00,NSE:DCW,36.85,37.0,36.85,37.0,8555.0
2021-06-07 09:53:00,NSE:DCW,37.15,37.15,37.05,37.15,20883.0
2021-06-07 09:54:00,NSE:DCW,37.2,37.2,37.1,37.15,2517.0
2021-06-07 09:55:00,NSE:DCW,37.15,37.2,37.15,37.2,611.0
2021-06-07 09:56:00,NSE:DCW,37.2,37.2,37.2,37.2,811.0
2021-06-07 09:57:00,NSE:DCW,37.15,37.2,37.05,37.05,4146.0
2021-06-07 09:58:00,NSE:DCW,37.15,37.15,37.15,37.15,810.0
2021-06-07 09:59:00,NSE:DCW,37.15,37.15,37.05,37.05,750.0
2021-06-07 10:00:00,NSE:DCW,37.05,37.15,37.05,37.15,2584.0
2021-06-07 10:01:00,NSE:DCW,37.05,37.15,37.05,37.05,1463.0
2021-06-07 10:02:00,NSE:DCW,37.05,37.15,37.05,37.15,6.0
2021-06-07 10:03:00,NSE:DCW,37.05,37.15,37.05,37.1,1265.0
2021-06-07 10:04:00,NSE:DCW,37.1,37.15,37.0,37.1,7732.0
2021-06-07 10:05:00,NSE:DCW,37.1,37.1,37.0,37.0,1115.0
2021-06-07 10:07:00,NSE:DCW,37.0,37.05,37.0,37.0,2503.0
2021-06-07 10:08:00,NSE:DCW,37.05,37.05,37.0,37.0,1180.0
2021-06-07 10:09:00,NSE:DCW,37.1,37.1,37.0,37.0,1260.0
2021-06-07 10:10:00,NSE:DCW,37.0,37.05,37.0,37.05,438.0
2021-06-07 10:11:00,NSE:DCW,37.1,37.1,37.0,37.1,13194.0
2021-06-07 10:12:00,NSE:DCW,37.05,37.1,37.0,37.1,1459.0
2021-06-07 10:13:00,NSE:DCW,37.1,37.1,37.1,37.1,2300.0
2021-06-07 10:14:00,NSE:DCW,37.1,37.1,37.05,37.05,750.0
2021-06-07 10:15:00,NSE:DCW,37.05,37.05,37.0,37.0,12707.0
2021-06-07 10:16:00,NSE:DCW,36.95,37.0,36.95,37.0,1316.0
2021-06-07 10:17:00,NSE:DCW,37.05,37.05,37.0,37.05,789.0
2021-06-07 10:18:00,NSE:DCW,37.0,37.05,36.95,37.0,3661.0
2021-06-07 10:19:00,NSE:DCW,37.05,37.05,37.05,37.05,2199.0
2021-06-07 10:20:00,NSE:DCW,37.05,37.05,37.0,37.0,728.0
2021-06-07 10:21:00,NSE:DCW,37.0,37.05,37.0,37.05,1000.0
2021-06-07 10:22:00,NSE:DCW,37.05,37.1,37.05,37.1,1305.0
2021-06-07 10:23:00,NSE:DCW,37.05,37.25,37.05,37.25,21797.0
2021-06-07 10:24:00,NSE:DCW,37.2,37.2,37.1,37.1,26748.0
2021-06-07 10:25:00,NSE:DCW,37.1,37.1,37.05,37.1,5484.0
2021-06-07 10:26:00,NSE:DCW,37.1,37.2,37.1,37.2,1468.0
2021-06-07 10:27:00,NSE:DCW,37.1,37.2,37.1,37.2,476.0
2021-06-07 10:28:00,NSE:DCW,37.1,37.15,37.1,37.1,1902.0
2021-06-07 10:29:00,NSE:DCW,37.1,37.2,37.1,37.2,1224.0
2021-06-07 10:30:00,NSE:DCW,37.1,37.2,37.1,37.2,511.0
2021-06-07 10:31:00,NSE:DCW,37.15,37.2,37.1,37.2,1254.0
2021-06-07 10:32:00,NSE:DCW,37.1,37.2,37.1,37.2,3602.0
2021-06-07 10:33:00,NSE:DCW,37.15,37.2,37.1,37.1,1200.0
2021-06-07 10:34:00,NSE:DCW,37.1,37.2,37.1,37.2,4294.0
2021-06-07 10:35:00,NSE:DCW,37.15,37.25,37.15,37.25,1364.0
2021-06-07 10:36:00,NSE:DCW,37.25,37.25,37.15,37.2,5361.0
2021-06-07 10:37:00,NSE:DCW,37.2,37.25,37.2,37.25,2735.0
2021-06-07 10:38:00,NSE:DCW,37.25,37.3,37.25,37.3,484.0
2021-06-07 10:39:00,NSE:DCW,37.3,37.3,37.2,37.25,2246.0
2021-06-07 10:40:00,NSE:DCW,37.25,37.3,37.2,37.3,1554.0
2021-06-07 10:41:00,NSE:DCW,37.3,37.3,37.25,37.25,799.0
2021-06-07 10:42:00,NSE:DCW,37.3,37.3,37.25,37.25,440.0
2021-06-07 10:43:00,NSE:DCW,37.25,37.3,37.25,37.3,925.0
2021-06-07 10:44:00,NSE:DCW,37.2,37.2,37.2,37.2,1404.0
2021-06-07 10:45:00,NSE:DCW,37.2,37.25,37.2,37.25,3282.0
2021-06-07 10:46:00,NSE:DCW,37.25,37.3,37.25,37.3,389.0
2021-06-07 10:47:00,NSE:DCW,37.3,37.3,37.25,37.3,3719.0
2021-06-07 10:48:00,NSE:DCW,37.25,37.3,37.25,37.3,750.0
2021-06-07 10:49:00,NSE:DCW,37.25,37.3,37.25,37.25,701.0
2021-06-07 10:50:00,NSE:DCW,37.3,37.3,37.25,37.25,4095.0
2021-06-07 10:51:00,NSE:DCW,37.25,37.3,37.25,37.3,510.0
2021-06-07 10:52:00,NSE:DCW,37.3,37.3,37.25,37.25,4540.0
2021-06-07 10:53:00,NSE:DCW,37.25,37.3,37.25,37.25,2576.0
2021-06-07 10:54:00,NSE:DCW,37.3,37.3,37.25,37.3,1129.0
2021-06-07 10:55:00,NSE:DCW,37.3,37.3,37.25,37.25,2335.0
2021-06-07 10:56:00,NSE:DCW,37.3,37.3,37.25,37.25,156.0
2021-06-07 10:57:00,NSE:DCW,37.25,37.25,37.25,37.25,539.0
2021-06-07 10:58:00,NSE:DCW,37.25,37.3,37.2,37.2,1169.0
2021-06-07 10:59:00,NSE:DCW,37.3,37.3,37.3,37.3,22.0
2021-06-07 11:00:00,NSE:DCW,37.3,37.3,37.2,37.3,592.0
2021-06-07 11:01:00,NSE:DCW,37.2,37.3,37.2,37.3,1100.0
2021-06-07 11:02:00,NSE:DCW,37.3,37.3,37.25,37.25,305.0
2021-06-07 11:03:00,NSE:DCW,37.25,37.25,37.25,37.25,200.0
2021-06-07 11:04:00,NSE:DCW,37.3,37.3,37.2,37.3,408.0
2021-06-07 11:05:00,NSE:DCW,37.3,37.3,37.2,37.2,619.0
2021-06-07 11:06:00,NSE:DCW,37.3,37.3,37.2,37.3,605.0
2021-06-07 11:07:00,NSE:DCW,37.3,37.3,37.3,37.3,100.0
2021-06-07 11:08:00,NSE:DCW,37.2,37.2,37.2,37.2,9.0
2021-06-07 11:09:00,NSE:DCW,37.2,37.3,37.2,37.2,1212.0
2021-06-07 11:10:00,NSE:DCW,37.3,37.3,37.25,37.25,1256.0
2021-06-07 11:11:00,NSE:DCW,37.25,37.3,37.25,37.25,1564.0
2021-06-07 11:12:00,NSE:DCW,37.25,37.3,37.2,37.3,6591.0
2021-06-07 11:13:00,NSE:DCW,37.2,37.35,37.2,37.35,1932.0
2021-06-07 11:14:00,NSE:DCW,37.25,37.3,37.25,37.3,535.0
2021-06-07 11:15:00,NSE:DCW,37.25,37.3,37.25,37.3,740.0
2021-06-07 11:16:00,NSE:DCW,37.3,37.3,37.25,37.25,2019.0
2021-06-07 11:17:00,NSE:DCW,37.25,37.25,37.2,37.2,2132.0
2021-06-07 11:18:00,NSE:DCW,37.25,37.25,37.25,37.25,122.0
2021-06-07 11:19:00,NSE:DCW,37.25,37.25,37.2,37.2,609.0
2021-06-07 11:20:00,NSE:DCW,37.2,37.25,37.2,37.25,802.0
2021-06-07 11:21:00,NSE:DCW,37.25,37.35,37.25,37.3,6713.0
2021-06-07 11:22:00,NSE:DCW,37.3,37.3,37.25,37.3,830.0
2021-06-07 11:23:00,NSE:DCW,37.3,37.3,37.15,37.15,9275.0
2021-06-07 11:24:00,NSE:DCW,37.15,37.15,37.0,37.1,9492.0
2021-06-07 11:25:00,NSE:DCW,37.1,37.25,37.1,37.25,36449.0
2021-06-07 11:26:00,NSE:DCW,37.25,37.35,37.25,37.3,14264.0
2021-06-07 11:27:00,NSE:DCW,37.3,37.3,37.25,37.25,2636.0
2021-06-07 11:28:00,NSE:DCW,37.3,37.3,37.2,37.3,24505.0
2021-06-07 11:29:00,NSE:DCW,37.35,37.35,37.25,37.3,3958.0
2021-06-07 11:30:00,NSE:DCW,37.25,37.25,37.25,37.25,6622.0
2021-06-07 11:31:00,NSE:DCW,37.25,37.25,37.25,37.25,311.0
2021-06-07 11:32:00,NSE:DCW,37.1,37.15,37.0,37.05,39817.0
2021-06-07 11:33:00,NSE:DCW,37.1,37.1,37.05,37.1,523.0
2021-06-07 11:34:00,NSE:DCW,37.1,37.1,37.1,37.1,1350.0
2021-06-07 11:35:00,NSE:DCW,37.05,37.1,37.05,37.1,3514.0
2021-06-07 11:36:00,NSE:DCW,37.1,37.1,37.05,37.05,1785.0
2021-06-07 11:37:00,NSE:DCW,37.05,37.05,37.05,37.05,1152.0
2021-06-07 11:38:00,NSE:DCW,37.05,37.05,37.0,37.05,410.0
2021-06-07 11:39:00,NSE:DCW,37.05,37.05,37.0,37.05,6241.0
2021-06-07 11:40:00,NSE:DCW,37.05,37.05,37.0,37.05,2255.0
2021-06-07 11:41:00,NSE:DCW,37.1,37.1,37.05,37.1,320.0
2021-06-07 11:42:00,NSE:DCW,37.1,37.1,37.1,37.1,3050.0
2021-06-07 11:43:00,NSE:DCW,37.1,37.1,37.05,37.05,2640.0
2021-06-07 11:44:00,NSE:DCW,37.05,37.1,37.0,37.1,1085.0
2021-06-07 11:45:00,NSE:DCW,37.1,37.2,37.1,37.1,12510.0
2021-06-07 11:46:00,NSE:DCW,37.1,37.15,37.1,37.15,3248.0
2021-06-07 11:47:00,NSE:DCW,37.15,37.15,37.15,37.15,809.0
2021-06-07 11:48:00,NSE:DCW,37.2,37.25,37.15,37.15,6429.0
2021-06-07 11:49:00,NSE:DCW,37.15,37.15,37.15,37.15,330.0
2021-06-07 11:50:00,NSE:DCW,37.25,37.25,37.15,37.15,2525.0
2021-06-07 11:51:00,NSE:DCW,37.2,37.2,37.2,37.2,500.0
2021-06-07 11:53:00,NSE:DCW,37.15,37.2,37.15,37.2,11464.0
2021-06-07 11:54:00,NSE:DCW,37.25,37.25,37.15,37.15,61.0
2021-06-07 11:55:00,NSE:DCW,37.15,37.2,37.15,37.2,1089.0
2021-06-07 11:56:00,NSE:DCW,37.2,37.2,37.2,37.2,200.0
2021-06-07 11:57:00,NSE:DCW,37.2,37.2,37.15,37.2,1811.0
2021-06-07 11:58:00,NSE:DCW,37.2,37.2,37.15,37.2,1690.0
2021-06-07 11:59:00,NSE:DCW,37.2,37.2,37.2,37.2,2100.0
2021-06-07 12:00:00,NSE:DCW,37.2,37.2,37.2,37.2,1775.0
2021-06-07 12:01:00,NSE:DCW,37.25,37.25,37.25,37.25,502.0
2021-06-07 12:02:00,NSE:DCW,37.25,37.25,37.2,37.2,2901.0
2021-06-07 12:03:00,NSE:DCW,37.25,37.25,37.2,37.2,103.0
2021-06-07 12:04:00,NSE:DCW,37.25,37.25,37.25,37.25,301.0
2021-06-07 12:05:00,NSE:DCW,37.2,37.2,37.2,37.2,1049.0
2021-06-07 12:06:00,NSE:DCW,37.25,37.25,37.25,37.25,4.0
2021-06-07 12:07:00,NSE:DCW,37.25,37.25,37.2,37.2,2051.0
2021-06-07 12:08:00,NSE:DCW,37.2,37.25,37.2,37.25,800.0
2021-06-07 12:09:00,NSE:DCW,37.2,37.25,37.2,37.25,101.0
2021-06-07 12:10:00,NSE:DCW,37.2,37.2,37.2,37.2,2000.0
2021-06-07 12:11:00,NSE:DCW,37.2,37.25,37.2,37.25,11633.0
2021-06-07 12:12:00,NSE:DCW,37.2,37.2,37.15,37.2,3470.0
2021-06-07 12:13:00,NSE:DCW,37.2,37.2,37.2,37.2,69.0
2021-06-07 12:14:00,NSE:DCW,37.15,37.2,37.15,37.15,720.0
2021-06-07 12:15:00,NSE:DCW,37.15,37.2,37.15,37.2,817.0
2021-06-07 12:16:00,NSE:DCW,37.15,37.2,37.15,37.2,1205.0
2021-06-07 12:17:00,NSE:DCW,37.15,37.15,37.15,37.15,7.0
2021-06-07 12:18:00,NSE:DCW,37.2,37.2,37.2,37.2,651.0
2021-06-07 12:19:00,NSE:DCW,37.2,37.2,37.2,37.2,1055.0
2021-06-07 12:20:00,NSE:DCW,37.2,37.2,37.15,37.2,837.0
2021-06-07 12:21:00,NSE:DCW,37.2,37.2,37.2,37.2,140.0
2021-06-07 12:22:00,NSE:DCW,37.2,37.2,37.15,37.2,700.0
2021-06-07 12:23:00,NSE:DCW,37.2,37.2,37.15,37.2,811.0
2021-06-07 12:24:00,NSE:DCW,37.15,37.2,37.15,37.2,201.0
2021-06-07 12:25:00,NSE:DCW,37.15,37.15,37.05,37.1,8224.0
2021-06-07 12:26:00,NSE:DCW,37.1,37.1,37.1,37.1,227.0
2021-06-07 12:27:00,NSE:DCW,37.1,37.1,37.1,37.1,844.0
2021-06-07 12:28:00,NSE:DCW,37.1,37.1,37.1,37.1,25.0
2021-06-07 12:29:00,NSE:DCW,37.1,37.1,37.05,37.1,2130.0
2021-06-07 12:30:00,NSE:DCW,37.05,37.1,37.05,37.1,558.0
2021-06-07 12:31:00,NSE:DCW,37.05,37.1,37.05,37.1,1501.0
2021-06-07 12:32:00,NSE:DCW,37.05,37.1,37.05,37.1,114.0
2021-06-07 12:33:00,NSE:DCW,37.05,37.1,37.05,37.05,2550.0
2021-06-07 12:35:00,NSE:DCW,37.1,37.1,37.05,37.1,630.0
2021-06-07 12:36:00,NSE:DCW,37.1,37.1,37.1,37.1,6000.0
2021-06-07 12:37:00,NSE:DCW,37.1,37.1,37.1,37.1,138.0
2021-06-07 12:38:00,NSE:DCW,37.05,37.1,37.05,37.1,600.0
2021-06-07 12:39:00,NSE:DCW,37.1,37.1,37.1,37.1,6085.0
2021-06-07 12:40:00,NSE:DCW,37.05,37.1,37.05,37.1,104.0
2021-06-07 12:41:00,NSE:DCW,37.05,37.05,37.05,37.05,500.0
2021-06-07 12:42:00,NSE:DCW,37.05,37.05,37.0,37.05,2026.0
2021-06-07 12:43:00,NSE:DCW,37.0,37.1,37.0,37.1,3757.0
2021-06-07 12:44:00,NSE:DCW,37.0,37.1,37.0,37.0,30599.0
2021-06-07 12:45:00,NSE:DCW,37.0,37.0,36.95,36.95,3955.0
2021-06-07 12:46:00,NSE:DCW,36.95,36.95,36.95,36.95,693.0
2021-06-07 12:47:00,NSE:DCW,36.95,36.95,36.95,36.95,1021.0
2021-06-07 12:48:00,NSE:DCW,36.9,36.95,36.9,36.95,2975.0
2021-06-07 12:49:00,NSE:DCW,36.9,37.0,36.9,36.95,1201.0
2021-06-07 12:50:00,NSE:DCW,37.0,37.0,37.0,37.0,2132.0
2021-06-07 12:51:00,NSE:DCW,37.1,37.1,37.0,37.05,3119.0
2021-06-07 12:52:00,NSE:DCW,37.0,37.1,37.0,37.1,1330.0
2021-06-07 12:53:00,NSE:DCW,37.1,37.1,37.0,37.0,1221.0
2021-06-07 12:54:00,NSE:DCW,37.05,37.1,37.05,37.1,351.0
2021-06-07 12:55:00,NSE:DCW,37.1,37.1,37.05,37.05,730.0
2021-06-07 12:56:00,NSE:DCW,37.05,37.05,37.05,37.05,135.0
2021-06-07 12:57:00,NSE:DCW,37.0,37.0,37.0,37.0,101.0
2021-06-07 12:58:00,NSE:DCW,37.0,37.1,37.0,37.1,6755.0
2021-06-07 12:59:00,NSE:DCW,37.05,37.05,37.0,37.0,1327.0
2021-06-07 13:00:00,NSE:DCW,37.05,37.05,37.05,37.05,23.0
2021-06-07 13:01:00,NSE:DCW,37.0,37.05,37.0,37.05,1001.0
2021-06-07 13:02:00,NSE:DCW,37.1,37.1,37.0,37.0,1200.0
2021-06-07 13:04:00,NSE:DCW,37.05,37.15,37.05,37.15,1701.0
2021-06-07 13:05:00,NSE:DCW,37.15,37.15,37.15,37.15,350.0
2021-06-07 13:06:00,NSE:DCW,37.05,37.05,37.05,37.05,1000.0
2021-06-07 13:07:00,NSE:DCW,37.05,37.05,37.05,37.05,1.0
2021-06-07 13:08:00,NSE:DCW,37.15,37.2,37.15,37.2,25003.0
2021-06-07 13:09:00,NSE:DCW,37.15,37.2,37.15,37.2,1153.0
2021-06-07 13:10:00,NSE:DCW,37.15,37.15,37.15,37.15,899.0
2021-06-07 13:11:00,NSE:DCW,37.15,37.15,37.15,37.15,318.0
2021-06-07 13:12:00,NSE:DCW,37.15,37.15,37.15,37.15,65.0
2021-06-07 13:13:00,NSE:DCW,37.15,37.15,37.1,37.15,1842.0
2021-06-07 13:14:00,NSE:DCW,37.1,37.1,37.1,37.1,5.0
2021-06-07 13:15:00,NSE:DCW,37.1,37.15,37.1,37.15,128.0
2021-06-07 13:16:00,NSE:DCW,37.15,37.15,37.05,37.05,616.0
2021-06-07 13:17:00,NSE:DCW,37.05,37.05,37.05,37.05,100.0
2021-06-07 13:18:00,NSE:DCW,37.05,37.1,37.05,37.1,52.0
2021-06-07 13:19:00,NSE:DCW,37.1,37.1,37.05,37.05,7784.0
2021-06-07 13:20:00,NSE:DCW,37.05,37.15,37.05,37.15,110.0
2021-06-07 13:21:00,NSE:DCW,37.1,37.15,37.05,37.15,701.0
2021-06-07 13:23:00,NSE:DCW,37.15,37.15,37.1,37.1,500.0
2021-06-07 13:24:00,NSE:DCW,37.1,37.15,37.1,37.15,650.0
2021-06-07 13:25:00,NSE:DCW,37.1,37.15,37.1,37.15,594.0
2021-06-07 13:26:00,NSE:DCW,37.15,37.15,37.1,37.1,1397.0
2021-06-07 13:27:00,NSE:DCW,37.1,37.15,37.1,37.15,1810.0
2021-06-07 13:28:00,NSE:DCW,37.15,37.15,37.1,37.15,1408.0
2021-06-07 13:29:00,NSE:DCW,37.1,37.15,37.1,37.1,1430.0
2021-06-07 13:30:00,NSE:DCW,37.1,37.2,37.1,37.2,3261.0
2021-06-07 13:32:00,NSE:DCW,37.1,37.1,37.1,37.1,1.0
2021-06-07 13:33:00,NSE:DCW,37.1,37.2,37.1,37.1,2685.0
2021-06-07 13:34:00,NSE:DCW,37.15,37.15,37.15,37.15,95.0
2021-06-07 13:35:00,NSE:DCW,37.1,37.1,37.1,37.1,150.0
2021-06-07 13:36:00,NSE:DCW,37.2,37.2,37.1,37.1,1330.0
2021-06-07 13:37:00,NSE:DCW,37.1,37.2,37.1,37.2,1687.0
2021-06-07 13:38:00,NSE:DCW,37.15,37.15,37.15,37.15,680.0
2021-06-07 13:39:00,NSE:DCW,37.15,37.2,37.15,37.15,1098.0
2021-06-07 13:40:00,NSE:DCW,37.15,37.2,37.05,37.05,18407.0
2021-06-07 13:41:00,NSE:DCW,37.1,37.1,37.0,37.0,6432.0
2021-06-07 13:42:00,NSE:DCW,37.0,37.0,37.0,37.0,3441.0
2021-06-07 13:43:00,NSE:DCW,37.0,37.0,37.0,37.0,4566.0
2021-06-07 13:44:00,NSE:DCW,37.0,37.0,37.0,37.0,1978.0
2021-06-07 13:45:00,NSE:DCW,37.0,37.0,37.0,37.0,851.0
2021-06-07 13:46:00,NSE:DCW,37.05,37.05,37.0,37.05,245.0
2021-06-07 13:47:00,NSE:DCW,37.0,37.05,37.0,37.05,144.0
2021-06-07 13:48:00,NSE:DCW,37.05,37.05,37.05,37.05,415.0
2021-06-07 13:49:00,NSE:DCW,37.05,37.05,37.0,37.05,303.0
2021-06-07 13:50:00,NSE:DCW,37.05,37.05,37.0,37.0,2150.0
2021-06-07 13:51:00,NSE:DCW,37.0,37.05,37.0,37.0,310.0
2021-06-07 13:52:00,NSE:DCW,37.0,37.1,37.0,37.1,3793.0
2021-06-07 13:53:00,NSE:DCW,37.1,37.1,37.1,37.1,100.0
2021-06-07 13:54:00,NSE:DCW,37.05,37.05,37.0,37.0,1300.0
2021-06-07 13:55:00,NSE:DCW,37.1,37.1,37.0,37.0,852.0
2021-06-07 13:56:00,NSE:DCW,37.1,37.15,37.05,37.15,1256.0
2021-06-07 13:57:00,NSE:DCW,37.05,37.1,37.05,37.1,866.0
2021-06-07 13:58:00,NSE:DCW,37.1,37.1,37.05,37.05,2290.0
2021-06-07 13:59:00,NSE:DCW,37.05,37.05,37.05,37.05,1.0
2021-06-07 14:00:00,NSE:DCW,37.05,37.05,37.05,37.05,250.0
2021-06-07 14:01:00,NSE:DCW,37.05,37.05,37.05,37.05,505.0
2021-06-07 14:02:00,NSE:DCW,37.05,37.05,37.05,37.05,48.0
2021-06-07 14:03:00,NSE:DCW,37.05,37.1,37.05,37.1,692.0
2021-06-07 14:05:00,NSE:DCW,37.1,37.15,37.05,37.05,2025.0
2021-06-07 14:06:00,NSE:DCW,37.0,37.0,37.0,37.0,26747.0
2021-06-07 14:07:00,NSE:DCW,37.0,37.0,36.95,37.0,1976.0
2021-06-07 14:08:00,NSE:DCW,37.0,37.0,37.0,37.0,167.0
2021-06-07 14:09:00,NSE:DCW,37.0,37.0,36.95,37.0,543.0
2021-06-07 14:10:00,NSE:DCW,36.95,37.0,36.95,37.0,946.0
2021-06-07 14:11:00,NSE:DCW,36.95,37.0,36.95,37.0,2388.0
2021-06-07 14:12:00,NSE:DCW,37.0,37.0,36.95,36.95,2152.0
2021-06-07 14:13:00,NSE:DCW,36.95,37.0,36.95,37.0,2954.0
2021-06-07 14:14:00,NSE:DCW,36.95,37.0,36.95,36.95,5334.0
2021-06-07 14:15:00,NSE:DCW,37.0,37.0,37.0,37.0,50.0
2021-06-07 14:16:00,NSE:DCW,36.95,37.0,36.95,37.0,2016.0
2021-06-07 14:17:00,NSE:DCW,37.0,37.0,36.95,37.0,1825.0
2021-06-07 14:18:00,NSE:DCW,37.0,37.0,36.95,37.0,448.0
2021-06-07 14:19:00,NSE:DCW,37.0,37.0,36.9,36.95,5564.0
2021-06-07 14:20:00,NSE:DCW,36.95,36.95,36.9,36.9,53.0
2021-06-07 14:21:00,NSE:DCW,36.95,37.0,36.95,37.0,375.0
2021-06-07 14:22:00,NSE:DCW,37.0,37.0,36.9,36.9,10280.0
2021-06-07 14:23:00,NSE:DCW,36.95,36.95,36.95,36.95,400.0
2021-06-07 14:24:00,NSE:DCW,36.95,37.0,36.9,37.0,411.0
2021-06-07 14:25:00,NSE:DCW,36.95,36.95,36.9,36.9,258.0
2021-06-07 14:26:00,NSE:DCW,37.0,37.0,36.9,37.0,3340.0
2021-06-07 14:27:00,NSE:DCW,37.0,37.0,36.8,36.9,18667.0
2021-06-07 14:28:00,NSE:DCW,36.9,36.9,36.85,36.9,2645.0
2021-06-07 14:29:00,NSE:DCW,36.85,36.9,36.85,36.9,1652.0
2021-06-07 14:30:00,NSE:DCW,36.9,36.9,36.85,36.9,250.0
2021-06-07 14:31:00,NSE:DCW,36.85,36.9,36.85,36.9,2392.0
2021-06-07 14:32:00,NSE:DCW,36.85,36.85,36.8,36.8,20456.0
2021-06-07 14:33:00,NSE:DCW,36.8,36.8,36.8,36.8,1525.0
2021-06-07 14:34:00,NSE:DCW,36.8,36.8,36.75,36.8,5677.0
2021-06-07 14:35:00,NSE:DCW,36.8,36.8,36.75,36.8,2591.0
2021-06-07 14:36:00,NSE:DCW,36.75,36.8,36.75,36.8,1103.0
2021-06-07 14:37:00,NSE:DCW,36.8,36.8,36.8,36.8,603.0
2021-06-07 14:38:00,NSE:DCW,36.8,36.8,36.8,36.8,3225.0
2021-06-07 14:39:00,NSE:DCW,36.8,36.85,36.75,36.8,9185.0
2021-06-07 14:40:00,NSE:DCW,36.9,36.9,36.9,36.9,352.0
2021-06-07 14:41:00,NSE:DCW,36.9,36.9,36.8,36.9,1498.0
2021-06-07 14:42:00,NSE:DCW,36.8,36.9,36.8,36.9,1270.0
2021-06-07 14:43:00,NSE:DCW,36.85,36.85,36.85,36.85,1860.0
2021-06-07 14:44:00,NSE:DCW,36.85,36.85,36.8,36.8,610.0
2021-06-07 14:45:00,NSE:DCW,36.85,36.85,36.8,36.8,2630.0
2021-06-07 14:46:00,NSE:DCW,36.85,36.85,36.8,36.85,388.0
2021-06-07 14:47:00,NSE:DCW,36.85,36.85,36.8,36.8,2554.0
2021-06-07 14:48:00,NSE:DCW,36.8,36.8,36.75,36.8,736.0
2021-06-07 14:49:00,NSE:DCW,36.8,36.85,36.8,36.8,5315.0
2021-06-07 14:50:00,NSE:DCW,36.8,36.85,36.8,36.85,1225.0
2021-06-07 14:51:00,NSE:DCW,36.85,36.85,36.85,36.85,10.0
2021-06-07 14:52:00,NSE:DCW,36.8,36.85,36.8,36.85,287.0
2021-06-07 14:53:00,NSE:DCW,36.85,36.85,36.75,36.75,3645.0
2021-06-07 14:54:00,NSE:DCW,36.8,36.8,36.75,36.8,1169.0
2021-06-07 14:55:00,NSE:DCW,36.8,36.8,36.75,36.8,5580.0
2021-06-07 14:56:00,NSE:DCW,36.8,36.8,36.7,36.7,7243.0
2021-06-07 14:57:00,NSE:DCW,36.75,36.75,36.7,36.7,3685.0
2021-06-07 14:58:00,NSE:DCW,36.7,36.75,36.7,36.75,1257.0
2021-06-07 14:59:00,NSE:DCW,36.75,36.75,36.7,36.75,1264.0
2021-06-07 15:00:00,NSE:DCW,36.75,36.75,36.7,36.7,1810.0
2021-06-07 15:01:00,NSE:DCW,36.7,36.75,36.7,36.75,4500.0
2021-06-07 15:02:00,NSE:DCW,36.75,36.95,36.7,36.85,19600.0
2021-06-07 15:03:00,NSE:DCW,36.9,36.95,36.9,36.9,5609.0
2021-06-07 15:04:00,NSE:DCW,36.9,36.95,36.85,36.85,610.0
2021-06-07 15:05:00,NSE:DCW,36.85,36.95,36.85,36.85,1720.0
2021-06-07 15:06:00,NSE:DCW,36.95,36.95,36.95,36.95,112.0
2021-06-07 15:07:00,NSE:DCW,36.95,37.0,36.9,36.95,10596.0
2021-06-07 15:08:00,NSE:DCW,36.95,36.95,36.9,36.9,868.0
2021-06-07 15:09:00,NSE:DCW,36.95,36.95,36.85,36.9,8020.0
2021-06-07 15:10:00,NSE:DCW,36.9,36.9,36.8,36.85,3616.0
2021-06-07 15:11:00,NSE:DCW,36.8,36.85,36.8,36.85,748.0
2021-06-07 15:12:00,NSE:DCW,36.85,36.9,36.85,36.9,1500.0
2021-06-07 15:13:00,NSE:DCW,36.85,36.9,36.85,36.9,340.0
2021-06-07 15:14:00,NSE:DCW,36.9,36.9,36.85,36.9,1241.0
2021-06-07 15:15:00,NSE:DCW,36.9,36.9,36.85,36.85,14730.0
2021-06-07 15:16:00,NSE:DCW,36.9,36.95,36.85,36.85,6651.0
2021-06-07 15:17:00,NSE:DCW,36.85,36.95,36.8,36.95,18787.0
2021-06-07 15:18:00,NSE:DCW,36.9,36.95,36.85,36.9,3832.0
2021-06-07 15:19:00,NSE:DCW,36.9,36.9,36.85,36.85,1697.0
2021-06-07 15:20:00,NSE:DCW,36.9,36.9,36.85,36.9,5744.0
2021-06-07 15:21:00,NSE:DCW,36.85,36.9,36.85,36.9,11600.0
2021-06-07 15:22:00,NSE:DCW,36.9,36.9,36.8,36.85,4361.0
2021-06-07 15:23:00,NSE:DCW,36.85,36.85,36.8,36.8,4204.0
2021-06-07 15:24:00,NSE:DCW,36.8,36.9,36.8,36.85,360.0
2021-06-07 15:25:00,NSE:DCW,36.85,36.9,36.7,36.7,50627.0
2021-06-07 15:26:00,NSE:DCW,36.7,36.7,36.55,36.6,54236.0
2021-06-07 15:27:00,NSE:DCW,36.6,36.65,36.55,36.65,34229.0
2021-06-07 15:28:00,NSE:DCW,36.7,36.8,36.6,36.6,33580.0
2021-06-07 15:29:00,NSE:DCW,36.6,36.7,36.6,36.7,20404.0
2021-06-07 15:30:00,NSE:DCW,36.7,36.7,36.7,36.7,765.0
2021-06-07 15:48:00,NSE:DCW,36.75,36.75,36.7,36.7,2500.0
2021-06-08 09:07:00,NSE:DCW,36.7,36.7,36.7,36.7,11706.0
2021-06-08 09:15:00,NSE:DCW,36.7,36.9,36.6,36.8,9247.0
2021-06-08 09:16:00,NSE:DCW,36.8,36.8,36.7,36.75,3989.0
2021-06-08 09:17:00,NSE:DCW,36.7,36.75,36.7,36.75,6168.0
2021-06-08 09:18:00,NSE:DCW,36.7,36.7,36.65,36.7,6233.0
2021-06-08 09:19:00,NSE:DCW,36.7,36.7,36.6,36.6,3820.0
2021-06-08 09:20:00,NSE:DCW,36.65,36.65,36.45,36.45,35053.0
2021-06-08 09:21:00,NSE:DCW,36.45,36.5,36.4,36.5,8625.0
2021-06-08 09:22:00,NSE:DCW,36.55,36.6,36.5,36.6,5526.0
2021-06-08 09:23:00,NSE:DCW,36.6,36.6,36.6,36.6,13920.0
2021-06-08 09:24:00,NSE:DCW,36.5,36.6,36.5,36.6,8543.0
2021-06-08 09:25:00,NSE:DCW,36.55,36.6,36.55,36.6,8047.0
2021-06-08 09:26:00,NSE:DCW,36.55,36.6,36.5,36.5,1590.0
2021-06-08 09:27:00,NSE:DCW,36.6,36.6,36.5,36.5,9616.0
2021-06-08 09:28:00,NSE:DCW,36.5,36.55,36.4,36.45,5135.0
2021-06-08 09:29:00,NSE:DCW,36.4,36.5,36.4,36.5,6175.0
2021-06-08 09:30:00,NSE:DCW,36.45,36.5,36.4,36.5,3861.0
2021-06-08 09:31:00,NSE:DCW,36.5,36.5,36.4,36.4,1923.0
2021-06-08 09:32:00,NSE:DCW,36.45,36.5,36.4,36.4,2126.0
2021-06-08 09:33:00,NSE:DCW,36.4,36.5,36.4,36.5,13840.0
2021-06-08 09:34:00,NSE:DCW,36.45,36.45,36.45,36.45,2126.0
2021-06-08 09:35:00,NSE:DCW,36.45,36.5,36.4,36.5,4759.0
2021-06-08 09:36:00,NSE:DCW,36.5,36.5,36.45,36.45,2269.0
2021-06-08 09:37:00,NSE:DCW,36.45,36.45,36.4,36.45,1738.0
2021-06-08 09:38:00,NSE:DCW,36.4,36.45,36.4,36.4,1646.0
2021-06-08 09:39:00,NSE:DCW,36.4,36.4,36.4,36.4,5153.0
2021-06-08 09:40:00,NSE:DCW,36.4,36.4,36.35,36.4,1511.0
2021-06-08 09:41:00,NSE:DCW,36.4,36.4,36.35,36.35,7078.0
2021-06-08 09:42:00,NSE:DCW,36.35,36.35,36.3,36.3,5992.0
2021-06-08 09:43:00,NSE:DCW,36.3,36.3,36.25,36.25,577.0
2021-06-08 09:44:00,NSE:DCW,36.3,36.3,36.25,36.25,2124.0
2021-06-08 09:45:00,NSE:DCW,36.2,36.25,36.1,36.25,13962.0
2021-06-08 09:46:00,NSE:DCW,36.2,36.2,36.1,36.15,7596.0
2021-06-08 09:47:00,NSE:DCW,36.15,36.15,36.05,36.05,4352.0
2021-06-08 09:48:00,NSE:DCW,36.05,36.1,36.05,36.1,4186.0
2021-06-08 09:49:00,NSE:DCW,36.05,36.15,36.05,36.15,8790.0
2021-06-08 09:50:00,NSE:DCW,36.15,36.15,36.05,36.15,2223.0
2021-06-08 09:51:00,NSE:DCW,36.15,36.25,36.15,36.25,8658.0
2021-06-08 09:52:00,NSE:DCW,36.2,36.25,36.2,36.25,4735.0
2021-06-08 09:53:00,NSE:DCW,36.25,36.25,36.15,36.25,2815.0
2021-06-08 09:54:00,NSE:DCW,36.2,36.25,36.15,36.25,2410.0
2021-06-08 09:55:00,NSE:DCW,36.25,36.25,36.15,36.15,9489.0
2021-06-08 09:56:00,NSE:DCW,36.15,36.15,36.1,36.1,12455.0
2021-06-08 09:57:00,NSE:DCW,36.15,36.15,36.0,36.05,30371.0
2021-06-08 09:58:00,NSE:DCW,36.05,36.1,36.05,36.05,1482.0
2021-06-08 09:59:00,NSE:DCW,36.0,36.0,35.9,35.95,20671.0
2021-06-08 10:00:00,NSE:DCW,35.95,36.0,35.95,35.95,4222.0
2021-06-08 10:01:00,NSE:DCW,35.95,36.05,35.95,36.05,17160.0
2021-06-08 10:02:00,NSE:DCW,36.05,36.15,36.0,36.0,3377.0
2021-06-08 10:03:00,NSE:DCW,36.0,36.1,36.0,36.0,4475.0
2021-06-08 10:04:00,NSE:DCW,36.0,36.05,35.9,36.0,29923.0
2021-06-08 10:05:00,NSE:DCW,36.05,36.05,36.0,36.0,1423.0
2021-06-08 10:06:00,NSE:DCW,36.05,36.05,36.0,36.05,10012.0
2021-06-08 10:07:00,NSE:DCW,36.0,36.1,36.0,36.05,8013.0
2021-06-08 10:08:00,NSE:DCW,36.05,36.1,36.0,36.0,1723.0
2021-06-08 10:09:00,NSE:DCW,36.0,36.15,36.0,36.15,3676.0
2021-06-08 10:10:00,NSE:DCW,36.15,36.15,36.1,36.1,625.0
2021-06-08 10:11:00,NSE:DCW,36.15,36.15,36.15,36.15,775.0
2021-06-08 10:12:00,NSE:DCW,36.15,36.2,36.15,36.2,1712.0
2021-06-08 10:13:00,NSE:DCW,36.2,36.2,36.1,36.1,2013.0
2021-06-08 10:14:00,NSE:DCW,36.15,36.2,36.1,36.15,674.0
2021-06-08 10:15:00,NSE:DCW,36.15,36.15,36.1,36.1,1790.0
2021-06-08 10:16:00,NSE:DCW,36.15,36.15,36.0,36.0,22232.0
2021-06-08 10:17:00,NSE:DCW,36.0,36.1,36.0,36.0,4503.0
2021-06-08 10:18:00,NSE:DCW,36.1,36.1,36.1,36.1,6776.0
2021-06-08 10:19:00,NSE:DCW,36.05,36.15,36.05,36.15,712.0
2021-06-08 10:20:00,NSE:DCW,36.15,36.2,36.15,36.2,4049.0
2021-06-08 10:21:00,NSE:DCW,36.15,36.2,36.15,36.2,3643.0
2021-06-08 10:22:00,NSE:DCW,36.15,36.2,36.15,36.2,2702.0
2021-06-08 10:23:00,NSE:DCW,36.15,36.15,36.1,36.1,540.0
2021-06-08 10:24:00,NSE:DCW,36.2,36.2,36.1,36.1,4.0
2021-06-08 10:25:00,NSE:DCW,36.2,36.2,36.1,36.2,958.0
2021-06-08 10:26:00,NSE:DCW,36.15,36.2,36.15,36.2,1145.0
2021-06-08 10:27:00,NSE:DCW,36.2,36.2,36.1,36.1,5577.0
2021-06-08 10:28:00,NSE:DCW,36.1,36.2,36.1,36.2,6781.0
2021-06-08 10:29:00,NSE:DCW,36.25,36.25,36.2,36.2,2818.0
2021-06-08 10:30:00,NSE:DCW,36.2,36.2,36.15,36.2,5984.0
2021-06-08 10:31:00,NSE:DCW,36.2,36.25,36.2,36.25,599.0
2021-06-08 10:32:00,NSE:DCW,36.25,36.25,36.2,36.2,164.0
2021-06-08 10:34:00,NSE:DCW,36.2,36.25,36.15,36.15,2751.0
2021-06-08 10:35:00,NSE:DCW,36.25,36.25,36.15,36.15,3035.0
2021-06-08 10:36:00,NSE:DCW,36.25,36.25,36.15,36.15,372.0
2021-06-08 10:37:00,NSE:DCW,36.15,36.25,36.15,36.25,510.0
2021-06-08 10:38:00,NSE:DCW,36.25,36.3,36.25,36.25,6156.0
2021-06-08 10:39:00,NSE:DCW,36.3,36.3,36.25,36.25,332.0
2021-06-08 10:40:00,NSE:DCW,36.3,36.3,36.15,36.15,6503.0
2021-06-08 10:41:00,NSE:DCW,36.2,36.25,36.15,36.15,3166.0
2021-06-08 10:42:00,NSE:DCW,36.15,36.2,36.15,36.15,970.0
2021-06-08 10:43:00,NSE:DCW,36.15,36.2,36.1,36.15,1054.0
2021-06-08 10:44:00,NSE:DCW,36.1,36.2,36.1,36.2,543.0
2021-06-08 10:45:00,NSE:DCW,36.15,36.2,36.1,36.15,879.0
2021-06-08 10:46:00,NSE:DCW,36.15,36.15,36.15,36.15,543.0
2021-06-08 10:47:00,NSE:DCW,36.2,36.2,36.1,36.2,1004.0
2021-06-08 10:48:00,NSE:DCW,36.1,36.25,36.1,36.25,3703.0
2021-06-08 10:49:00,NSE:DCW,36.25,36.25,36.25,36.25,1850.0
2021-06-08 10:50:00,NSE:DCW,36.25,36.25,36.2,36.25,728.0
2021-06-08 10:51:00,NSE:DCW,36.15,36.25,36.15,36.15,1201.0
2021-06-08 10:52:00,NSE:DCW,36.25,36.25,36.15,36.15,5.0
2021-06-08 10:53:00,NSE:DCW,36.25,36.25,36.25,36.25,31.0
2021-06-08 10:54:00,NSE:DCW,36.25,36.25,36.25,36.25,900.0
2021-06-08 10:55:00,NSE:DCW,36.25,36.25,36.2,36.2,5887.0
2021-06-08 10:57:00,NSE:DCW,36.25,36.25,36.05,36.15,51499.0
2021-06-08 10:58:00,NSE:DCW,36.15,36.15,35.95,36.15,38811.0
2021-06-08 10:59:00,NSE:DCW,36.05,36.1,36.0,36.1,15895.0
2021-06-08 11:00:00,NSE:DCW,36.1,36.1,36.0,36.05,23046.0
2021-06-08 11:01:00,NSE:DCW,36.05,36.2,36.0,36.2,14793.0
2021-06-08 11:02:00,NSE:DCW,36.0,36.05,36.0,36.05,34084.0
2021-06-08 11:03:00,NSE:DCW,36.05,36.1,36.05,36.1,4605.0
2021-06-08 11:04:00,NSE:DCW,36.05,36.05,36.0,36.05,8592.0
2021-06-08 11:05:00,NSE:DCW,36.05,36.05,36.0,36.05,16540.0
2021-06-08 11:06:00,NSE:DCW,36.0,36.0,36.0,36.0,505.0
2021-06-08 11:07:00,NSE:DCW,36.05,36.05,35.95,36.0,33494.0
2021-06-08 11:08:00,NSE:DCW,36.0,36.0,35.95,35.95,998.0
2021-06-08 11:09:00,NSE:DCW,36.0,36.0,36.0,36.0,1545.0
2021-06-08 11:10:00,NSE:DCW,36.0,36.05,36.0,36.05,2760.0
2021-06-08 11:11:00,NSE:DCW,36.0,36.05,35.95,36.05,1983.0
2021-06-08 11:12:00,NSE:DCW,35.95,36.0,35.95,36.0,173.0
2021-06-08 11:13:00,NSE:DCW,35.95,36.0,35.95,35.95,1636.0
2021-06-08 11:14:00,NSE:DCW,36.0,36.0,36.0,36.0,4663.0
2021-06-08 11:15:00,NSE:DCW,36.0,36.05,36.0,36.0,2101.0
2021-06-08 11:16:00,NSE:DCW,36.0,36.05,36.0,36.05,290.0
2021-06-08 11:17:00,NSE:DCW,36.05,36.05,36.0,36.0,788.0
2021-06-08 11:18:00,NSE:DCW,36.05,36.05,36.0,36.05,611.0
2021-06-08 11:19:00,NSE:DCW,36.05,36.05,36.05,36.05,1106.0
2021-06-08 11:20:00,NSE:DCW,36.05,36.1,36.05,36.05,11153.0
2021-06-08 11:21:00,NSE:DCW,36.05,36.1,36.05,36.1,330.0
2021-06-08 11:22:00,NSE:DCW,36.1,36.1,36.05,36.05,526.0
2021-06-08 11:23:00,NSE:DCW,36.1,36.1,36.1,36.1,45.0
2021-06-08 11:24:00,NSE:DCW,36.05,36.1,36.05,36.05,12849.0
2021-06-08 11:25:00,NSE:DCW,36.15,36.2,36.15,36.15,17103.0
2021-06-08 11:26:00,NSE:DCW,36.15,36.15,36.1,36.1,3192.0
2021-06-08 11:27:00,NSE:DCW,36.1,36.1,36.1,36.1,1530.0
2021-06-08 11:28:00,NSE:DCW,36.05,36.15,36.05,36.15,11024.0
2021-06-08 11:29:00,NSE:DCW,36.15,36.2,36.15,36.15,502.0
2021-06-08 11:30:00,NSE:DCW,36.2,36.2,36.15,36.15,429.0
2021-06-08 11:31:00,NSE:DCW,36.2,36.2,36.0,36.15,11709.0
2021-06-08 11:32:00,NSE:DCW,36.15,36.15,36.05,36.1,8697.0
2021-06-08 11:33:00,NSE:DCW,36.15,36.15,36.1,36.1,6695.0
2021-06-08 11:34:00,NSE:DCW,36.15,36.15,36.15,36.15,622.0
2021-06-08 11:35:00,NSE:DCW,36.15,36.15,36.1,36.1,3689.0
2021-06-08 11:36:00,NSE:DCW,36.1,36.2,36.1,36.2,2001.0
2021-06-08 11:37:00,NSE:DCW,36.15,36.2,36.15,36.15,6126.0
2021-06-08 11:38:00,NSE:DCW,36.2,36.2,36.15,36.15,3489.0
2021-06-08 11:39:00,NSE:DCW,36.15,36.2,36.15,36.2,1285.0
2021-06-08 11:40:00,NSE:DCW,36.15,36.2,36.15,36.15,1681.0
2021-06-08 11:41:00,NSE:DCW,36.15,36.15,36.15,36.15,95.0
2021-06-08 11:43:00,NSE:DCW,36.1,36.2,36.1,36.2,1234.0
2021-06-08 11:44:00,NSE:DCW,36.2,36.2,36.15,36.15,687.0
2021-06-08 11:45:00,NSE:DCW,36.2,36.3,36.15,36.3,16389.0
2021-06-08 11:46:00,NSE:DCW,36.3,36.3,36.2,36.2,1590.0
2021-06-08 11:47:00,NSE:DCW,36.25,36.25,36.25,36.25,512.0
2021-06-08 11:48:00,NSE:DCW,36.25,36.3,36.25,36.3,1350.0
2021-06-08 11:49:00,NSE:DCW,36.2,36.25,36.2,36.2,2138.0
2021-06-08 11:50:00,NSE:DCW,36.2,36.25,36.15,36.25,1762.0
2021-06-08 11:51:00,NSE:DCW,36.2,36.25,36.15,36.15,1490.0
2021-06-08 11:52:00,NSE:DCW,36.25,36.25,36.15,36.25,5850.0
2021-06-08 11:53:00,NSE:DCW,36.35,36.45,36.35,36.4,22046.0
2021-06-08 11:54:00,NSE:DCW,36.4,36.4,36.35,36.35,402.0
2021-06-08 11:55:00,NSE:DCW,36.35,36.35,36.3,36.3,8032.0
2021-06-08 11:56:00,NSE:DCW,36.35,36.35,36.2,36.2,20796.0
2021-06-08 11:57:00,NSE:DCW,36.2,36.2,36.2,36.2,210.0
2021-06-08 11:58:00,NSE:DCW,36.25,36.25,36.15,36.15,265.0
2021-06-08 12:00:00,NSE:DCW,36.2,36.2,36.15,36.2,771.0
2021-06-08 12:01:00,NSE:DCW,36.2,36.2,36.2,36.2,3693.0
2021-06-08 12:02:00,NSE:DCW,36.2,36.25,36.2,36.2,561.0
2021-06-08 12:03:00,NSE:DCW,36.2,36.2,36.2,36.2,558.0
2021-06-08 12:04:00,NSE:DCW,36.2,36.2,36.1,36.2,12461.0
2021-06-08 12:05:00,NSE:DCW,36.1,36.2,36.1,36.2,4000.0
2021-06-08 12:06:00,NSE:DCW,36.15,36.15,36.1,36.1,101.0
2021-06-08 12:07:00,NSE:DCW,36.15,36.2,36.15,36.15,12.0
2021-06-08 12:08:00,NSE:DCW,36.15,36.15,36.1,36.15,491.0
2021-06-08 12:09:00,NSE:DCW,36.15,36.2,36.1,36.1,1042.0
2021-06-08 12:10:00,NSE:DCW,36.15,36.2,36.1,36.1,951.0
2021-06-08 12:11:00,NSE:DCW,36.1,36.2,36.1,36.2,6275.0
2021-06-08 12:12:00,NSE:DCW,36.1,36.2,36.1,36.2,67.0
2021-06-08 12:13:00,NSE:DCW,36.1,36.1,36.1,36.1,101.0
2021-06-08 12:14:00,NSE:DCW,36.1,36.1,36.1,36.1,2.0
2021-06-08 12:15:00,NSE:DCW,36.1,36.2,36.1,36.1,204.0
2021-06-08 12:16:00,NSE:DCW,36.2,36.2,36.1,36.15,604.0
2021-06-08 12:17:00,NSE:DCW,36.2,36.2,36.1,36.2,1047.0
2021-06-08 12:18:00,NSE:DCW,36.2,36.2,36.1,36.1,932.0
2021-06-08 12:19:00,NSE:DCW,36.2,36.2,36.15,36.2,15029.0
2021-06-08 12:20:00,NSE:DCW,36.2,36.25,36.2,36.2,3308.0
2021-06-08 12:21:00,NSE:DCW,36.2,36.25,36.2,36.25,3435.0
2021-06-08 12:22:00,NSE:DCW,36.2,36.25,36.2,36.2,205.0
2021-06-08 12:23:00,NSE:DCW,36.25,36.25,36.25,36.25,39.0
2021-06-08 12:24:00,NSE:DCW,36.2,36.25,36.2,36.2,556.0
2021-06-08 12:25:00,NSE:DCW,36.25,36.25,36.15,36.15,1699.0
2021-06-08 12:26:00,NSE:DCW,36.25,36.25,36.25,36.25,2755.0
2021-06-08 12:27:00,NSE:DCW,36.25,36.25,36.2,36.2,3360.0
2021-06-08 12:28:00,NSE:DCW,36.25,36.25,36.15,36.15,2710.0
2021-06-08 12:29:00,NSE:DCW,36.25,36.25,36.25,36.25,1.0
2021-06-08 12:30:00,NSE:DCW,36.25,36.25,36.2,36.2,1011.0
2021-06-08 12:31:00,NSE:DCW,36.25,36.25,36.2,36.25,467.0
2021-06-08 12:32:00,NSE:DCW,36.2,36.25,36.15,36.15,82605.0
2021-06-08 12:33:00,NSE:DCW,36.15,36.2,36.15,36.2,51.0
2021-06-08 12:34:00,NSE:DCW,36.2,36.2,36.15,36.15,181.0
2021-06-08 12:35:00,NSE:DCW,36.2,36.2,36.2,36.2,200.0
2021-06-08 12:36:00,NSE:DCW,36.2,36.3,36.2,36.3,5502.0
2021-06-08 12:37:00,NSE:DCW,36.3,36.35,36.3,36.3,1074.0
2021-06-08 12:38:00,NSE:DCW,36.3,36.35,36.3,36.3,1317.0
2021-06-08 12:39:00,NSE:DCW,36.3,36.35,36.3,36.3,1955.0
2021-06-08 12:40:00,NSE:DCW,36.3,36.3,36.3,36.3,1024.0
2021-06-08 12:41:00,NSE:DCW,36.25,36.25,36.25,36.25,1650.0
2021-06-08 12:42:00,NSE:DCW,36.25,36.3,36.25,36.3,660.0
2021-06-08 12:43:00,NSE:DCW,36.3,36.3,36.3,36.3,250.0
2021-06-08 12:44:00,NSE:DCW,36.25,36.3,36.25,36.3,110.0
2021-06-08 12:45:00,NSE:DCW,36.35,36.35,36.3,36.35,3620.0
2021-06-08 12:46:00,NSE:DCW,36.35,36.35,36.35,36.35,3315.0
2021-06-08 12:47:00,NSE:DCW,36.35,36.35,36.35,36.35,1051.0
2021-06-08 12:48:00,NSE:DCW,36.35,36.35,36.35,36.35,781.0
2021-06-08 12:49:00,NSE:DCW,36.35,36.35,36.35,36.35,437.0
2021-06-08 12:50:00,NSE:DCW,36.3,36.3,36.3,36.3,5527.0
2021-06-08 12:51:00,NSE:DCW,36.25,36.3,36.25,36.3,774.0
2021-06-08 12:52:00,NSE:DCW,36.35,36.35,36.35,36.35,90.0
2021-06-08 12:54:00,NSE:DCW,36.35,36.35,36.35,36.35,5.0
2021-06-08 12:55:00,NSE:DCW,36.35,36.35,36.25,36.25,160.0
2021-06-08 12:56:00,NSE:DCW,36.35,36.35,36.35,36.35,150.0
2021-06-08 12:57:00,NSE:DCW,36.35,36.35,36.3,36.35,152.0
2021-06-08 12:59:00,NSE:DCW,36.3,36.3,36.25,36.3,1000.0
2021-06-08 13:00:00,NSE:DCW,36.35,36.35,36.35,36.35,1242.0
2021-06-08 13:01:00,NSE:DCW,36.35,36.4,36.35,36.4,2559.0
2021-06-08 13:02:00,NSE:DCW,36.35,36.4,36.35,36.4,5644.0
2021-06-08 13:03:00,NSE:DCW,36.4,36.45,36.4,36.45,443.0
2021-06-08 13:04:00,NSE:DCW,36.45,36.45,36.45,36.45,350.0
2021-06-08 13:05:00,NSE:DCW,36.4,36.4,36.4,36.4,840.0
2021-06-08 13:06:00,NSE:DCW,36.45,36.45,36.4,36.4,210.0
2021-06-08 13:07:00,NSE:DCW,36.45,36.5,36.4,36.4,8857.0
2021-06-08 13:08:00,NSE:DCW,36.5,36.5,36.45,36.45,1672.0
2021-06-08 13:09:00,NSE:DCW,36.5,36.5,36.45,36.5,4445.0
2021-06-08 13:10:00,NSE:DCW,36.45,36.45,36.45,36.45,102.0
2021-06-08 13:12:00,NSE:DCW,36.45,36.5,36.45,36.5,1325.0
2021-06-08 13:13:00,NSE:DCW,36.5,36.5,36.45,36.45,502.0
2021-06-08 13:14:00,NSE:DCW,36.45,36.45,36.45,36.45,40.0
2021-06-08 13:15:00,NSE:DCW,36.45,36.45,36.45,36.45,2755.0
2021-06-08 13:16:00,NSE:DCW,36.45,36.45,36.4,36.45,604.0
2021-06-08 13:17:00,NSE:DCW,36.45,36.45,36.4,36.45,380.0
2021-06-08 13:18:00,NSE:DCW,36.45,36.45,36.45,36.45,260.0
2021-06-08 13:19:00,NSE:DCW,36.4,36.4,36.4,36.4,1000.0
2021-06-08 13:21:00,NSE:DCW,36.4,36.45,36.4,36.45,250.0
2021-06-08 13:22:00,NSE:DCW,36.45,36.45,36.45,36.45,3904.0
2021-06-08 13:23:00,NSE:DCW,36.45,36.45,36.45,36.45,1548.0
2021-06-08 13:25:00,NSE:DCW,36.4,36.4,36.4,36.4,1000.0
2021-06-08 13:26:00,NSE:DCW,36.4,36.45,36.4,36.45,1046.0
2021-06-08 13:27:00,NSE:DCW,36.45,36.5,36.45,36.5,1176.0
2021-06-08 13:28:00,NSE:DCW,36.5,36.5,36.5,36.5,101.0
2021-06-08 13:29:00,NSE:DCW,36.5,36.5,36.5,36.5,3159.0
2021-06-08 13:30:00,NSE:DCW,36.55,36.55,36.55,36.55,6.0
2021-06-08 13:31:00,NSE:DCW,36.55,36.55,36.45,36.55,659.0
2021-06-08 13:32:00,NSE:DCW,36.55,36.55,36.55,36.55,500.0
2021-06-08 13:33:00,NSE:DCW,36.45,36.45,36.4,36.45,5887.0
2021-06-08 13:34:00,NSE:DCW,36.45,36.45,36.35,36.35,598.0
2021-06-08 13:35:00,NSE:DCW,36.4,36.4,36.35,36.35,1802.0
2021-06-08 13:36:00,NSE:DCW,36.4,36.4,36.4,36.4,2521.0
2021-06-08 13:37:00,NSE:DCW,36.4,36.4,36.35,36.35,4500.0
2021-06-08 13:38:00,NSE:DCW,36.4,36.4,36.4,36.4,603.0
2021-06-08 13:39:00,NSE:DCW,36.45,36.45,36.45,36.45,30.0
2021-06-08 13:40:00,NSE:DCW,36.4,36.4,36.4,36.4,600.0
2021-06-08 13:41:00,NSE:DCW,36.45,36.45,36.45,36.45,100.0
2021-06-08 13:42:00,NSE:DCW,36.45,36.45,36.45,36.45,154.0
2021-06-08 13:43:00,NSE:DCW,36.4,36.4,36.4,36.4,2360.0
2021-06-08 13:44:00,NSE:DCW,36.35,36.4,36.35,36.4,132.0
2021-06-08 13:45:00,NSE:DCW,36.4,36.4,36.4,36.4,1500.0
2021-06-08 13:46:00,NSE:DCW,36.35,36.4,36.35,36.4,3708.0
2021-06-08 13:47:00,NSE:DCW,36.4,36.4,36.4,36.4,500.0
2021-06-08 13:48:00,NSE:DCW,36.35,36.4,36.35,36.35,1383.0
2021-06-08 13:49:00,NSE:DCW,36.35,36.35,36.3,36.3,1900.0
2021-06-08 13:50:00,NSE:DCW,36.3,36.35,36.3,36.35,211.0
2021-06-08 13:51:00,NSE:DCW,36.35,36.35,36.3,36.3,2149.0
2021-06-08 13:53:00,NSE:DCW,36.4,36.4,36.3,36.3,600.0
2021-06-08 13:54:00,NSE:DCW,36.4,36.4,36.4,36.4,10.0
2021-06-08 13:55:00,NSE:DCW,36.4,36.4,36.3,36.4,73.0
2021-06-08 13:56:00,NSE:DCW,36.4,36.4,36.4,36.4,1027.0
2021-06-08 13:57:00,NSE:DCW,36.4,36.4,36.4,36.4,765.0
2021-06-08 13:58:00,NSE:DCW,36.4,36.4,36.4,36.4,200.0
2021-06-08 13:59:00,NSE:DCW,36.4,36.4,36.3,36.3,500.0
2021-06-08 14:00:00,NSE:DCW,36.3,36.4,36.3,36.4,1500.0
2021-06-08 14:01:00,NSE:DCW,36.3,36.3,36.3,36.3,365.0
2021-06-08 14:02:00,NSE:DCW,36.4,36.4,36.3,36.35,1143.0
2021-06-08 14:03:00,NSE:DCW,36.35,36.35,36.3,36.3,1060.0
2021-06-08 14:05:00,NSE:DCW,36.3,36.4,36.3,36.35,1010.0
2021-06-08 14:06:00,NSE:DCW,36.3,36.3,36.3,36.3,5.0
2021-06-08 14:07:00,NSE:DCW,36.3,36.35,36.3,36.35,766.0
2021-06-08 14:08:00,NSE:DCW,36.35,36.4,36.3,36.3,1426.0
2021-06-08 14:09:00,NSE:DCW,36.3,36.3,36.3,36.3,650.0
2021-06-08 14:10:00,NSE:DCW,36.35,36.4,36.35,36.35,631.0
2021-06-08 14:11:00,NSE:DCW,36.4,36.4,36.35,36.35,340.0
2021-06-08 14:12:00,NSE:DCW,36.4,36.4,36.35,36.35,26.0
2021-06-08 14:13:00,NSE:DCW,36.4,36.4,36.35,36.35,2512.0
2021-06-08 14:14:00,NSE:DCW,36.4,36.4,36.35,36.35,28.0
2021-06-08 14:15:00,NSE:DCW,36.35,36.4,36.35,36.35,4.0
2021-06-08 14:16:00,NSE:DCW,36.35,36.4,36.35,36.35,2002.0
2021-06-08 14:17:00,NSE:DCW,36.4,36.4,36.4,36.4,125.0
2021-06-08 14:18:00,NSE:DCW,36.35,36.35,36.35,36.35,401.0
2021-06-08 14:19:00,NSE:DCW,36.4,36.4,36.35,36.35,1130.0
2021-06-08 14:20:00,NSE:DCW,36.35,36.35,36.3,36.35,201.0
2021-06-08 14:21:00,NSE:DCW,36.4,36.4,36.4,36.4,1001.0
2021-06-08 14:22:00,NSE:DCW,36.4,36.45,36.35,36.35,3709.0
2021-06-08 14:23:00,NSE:DCW,36.35,36.45,36.35,36.35,102.0
2021-06-08 14:24:00,NSE:DCW,36.45,36.45,36.35,36.45,1169.0
2021-06-08 14:25:00,NSE:DCW,36.4,36.4,36.35,36.35,963.0
2021-06-08 14:26:00,NSE:DCW,36.4,36.45,36.4,36.45,1815.0
2021-06-08 14:27:00,NSE:DCW,36.45,36.45,36.35,36.35,123.0
2021-06-08 14:28:00,NSE:DCW,36.45,36.45,36.45,36.45,101.0
2021-06-08 14:29:00,NSE:DCW,36.45,36.45,36.4,36.4,1370.0
2021-06-08 14:30:00,NSE:DCW,36.45,36.45,36.4,36.4,44.0
2021-06-08 14:31:00,NSE:DCW,36.45,36.45,36.4,36.4,107.0
2021-06-08 14:32:00,NSE:DCW,36.45,36.45,36.4,36.4,3.0
2021-06-08 14:33:00,NSE:DCW,36.4,36.45,36.4,36.4,5302.0
2021-06-08 14:34:00,NSE:DCW,36.45,36.45,36.4,36.45,801.0
2021-06-08 14:35:00,NSE:DCW,36.4,36.45,36.4,36.45,285.0
2021-06-08 14:36:00,NSE:DCW,36.45,36.5,36.45,36.45,1550.0
2021-06-08 14:37:00,NSE:DCW,36.4,36.45,36.4,36.45,810.0
2021-06-08 14:38:00,NSE:DCW,36.45,36.45,36.35,36.4,2595.0
2021-06-08 14:39:00,NSE:DCW,36.4,36.4,36.35,36.35,120.0
2021-06-08 14:40:00,NSE:DCW,36.4,36.4,36.35,36.4,1210.0
2021-06-08 14:41:00,NSE:DCW,36.35,36.35,36.35,36.35,800.0
2021-06-08 14:42:00,NSE:DCW,36.35,36.35,36.35,36.35,1021.0
2021-06-08 14:43:00,NSE:DCW,36.35,36.35,36.35,36.35,15.0
2021-06-08 14:44:00,NSE:DCW,36.35,36.4,36.3,36.4,3995.0
2021-06-08 14:45:00,NSE:DCW,36.4,36.4,36.3,36.3,854.0
2021-06-08 14:46:00,NSE:DCW,36.3,36.4,36.3,36.4,270.0
2021-06-08 14:47:00,NSE:DCW,36.3,36.35,36.3,36.35,123.0
2021-06-08 14:48:00,NSE:DCW,36.35,36.4,36.3,36.4,1827.0
2021-06-08 14:49:00,NSE:DCW,36.4,36.4,36.35,36.35,500.0
2021-06-08 14:50:00,NSE:DCW,36.35,36.4,36.3,36.3,11771.0
2021-06-08 14:51:00,NSE:DCW,36.3,36.35,36.3,36.3,2026.0
2021-06-08 14:52:00,NSE:DCW,36.3,36.4,36.3,36.4,10553.0
2021-06-08 14:53:00,NSE:DCW,36.4,36.4,36.4,36.4,1746.0
2021-06-08 14:54:00,NSE:DCW,36.4,36.45,36.4,36.45,2609.0
2021-06-08 14:55:00,NSE:DCW,36.5,36.55,36.45,36.55,12859.0
2021-06-08 14:56:00,NSE:DCW,36.55,36.75,36.55,36.75,27298.0
2021-06-08 14:57:00,NSE:DCW,36.7,36.75,36.55,36.65,15264.0
2021-06-08 14:58:00,NSE:DCW,36.65,36.7,36.6,36.6,2302.0
2021-06-08 14:59:00,NSE:DCW,36.65,36.65,36.55,36.6,9705.0
2021-06-08 15:00:00,NSE:DCW,36.6,36.6,36.55,36.55,2500.0
2021-06-08 15:01:00,NSE:DCW,36.55,36.6,36.55,36.6,2827.0
2021-06-08 15:02:00,NSE:DCW,36.6,36.7,36.6,36.65,8371.0
2021-06-08 15:03:00,NSE:DCW,36.7,36.7,36.65,36.65,2199.0
2021-06-08 15:04:00,NSE:DCW,36.65,36.65,36.6,36.65,1052.0
2021-06-08 15:05:00,NSE:DCW,36.6,36.65,36.6,36.6,885.0
2021-06-08 15:06:00,NSE:DCW,36.6,36.65,36.6,36.6,25261.0
2021-06-08 15:07:00,NSE:DCW,36.5,36.55,36.5,36.55,4211.0
2021-06-08 15:08:00,NSE:DCW,36.5,36.55,36.5,36.5,11142.0
2021-06-08 15:09:00,NSE:DCW,36.5,36.55,36.4,36.5,16501.0
2021-06-08 15:10:00,NSE:DCW,36.45,36.45,36.4,36.4,3095.0
2021-06-08 15:11:00,NSE:DCW,36.4,36.45,36.4,36.4,1824.0
2021-06-08 15:12:00,NSE:DCW,36.45,36.45,36.4,36.45,1402.0
2021-06-08 15:13:00,NSE:DCW,36.45,36.5,36.4,36.45,3870.0
2021-06-08 15:14:00,NSE:DCW,36.4,36.45,36.4,36.45,1553.0
2021-06-08 15:15:00,NSE:DCW,36.4,36.45,36.4,36.45,19548.0
2021-06-08 15:16:00,NSE:DCW,36.45,36.45,36.35,36.35,35054.0
2021-06-08 15:17:00,NSE:DCW,36.3,36.3,36.25,36.25,30707.0
2021-06-08 15:18:00,NSE:DCW,36.25,36.3,36.2,36.25,15566.0
2021-06-08 15:19:00,NSE:DCW,36.15,36.3,36.15,36.3,1960.0
2021-06-08 15:20:00,NSE:DCW,36.2,36.3,36.2,36.25,4619.0
2021-06-08 15:21:00,NSE:DCW,36.3,36.45,36.3,36.4,30401.0
2021-06-08 15:22:00,NSE:DCW,36.45,36.45,36.4,36.4,2416.0
2021-06-08 15:23:00,NSE:DCW,36.45,36.45,36.35,36.35,6769.0
2021-06-08 15:24:00,NSE:DCW,36.35,36.4,36.35,36.35,2472.0
2021-06-08 15:25:00,NSE:DCW,36.35,36.4,36.35,36.4,2574.0
2021-06-08 15:26:00,NSE:DCW,36.35,36.4,36.35,36.35,1168.0
2021-06-08 15:27:00,NSE:DCW,36.35,36.4,36.35,36.4,8021.0
2021-06-08 15:28:00,NSE:DCW,36.4,36.4,36.35,36.4,8913.0
2021-06-08 15:29:00,NSE:DCW,36.35,36.5,36.35,36.45,23985.0
2021-06-08 15:30:00,NSE:DCW,36.4,36.4,36.4,36.4,500.0
2021-06-08 15:40:00,NSE:DCW,36.4,36.4,36.4,36.4,800.0
2021-06-09 09:07:00,NSE:DCW,36.6,36.6,36.6,36.6,6705.0
2021-06-09 09:15:00,NSE:DCW,36.6,36.65,36.45,36.65,12115.0
2021-06-09 09:16:00,NSE:DCW,36.65,36.7,36.6,36.7,16289.0
2021-06-09 09:17:00,NSE:DCW,36.7,36.8,36.7,36.8,32851.0
2021-06-09 09:18:00,NSE:DCW,36.9,36.9,36.8,36.8,26367.0
2021-06-09 09:19:00,NSE:DCW,36.8,36.8,36.75,36.8,5026.0
2021-06-09 09:20:00,NSE:DCW,36.75,36.8,36.75,36.75,10808.0
2021-06-09 09:21:00,NSE:DCW,36.7,36.7,36.65,36.65,1610.0
2021-06-09 09:22:00,NSE:DCW,36.65,36.75,36.65,36.75,2110.0
2021-06-09 09:23:00,NSE:DCW,36.7,36.75,36.7,36.75,2722.0
2021-06-09 09:24:00,NSE:DCW,36.75,36.75,36.55,36.6,17724.0
2021-06-09 09:25:00,NSE:DCW,36.7,36.7,36.55,36.65,4509.0
2021-06-09 09:26:00,NSE:DCW,36.65,36.65,36.6,36.6,1893.0
2021-06-09 09:27:00,NSE:DCW,36.65,36.65,36.55,36.65,7611.0
2021-06-09 09:28:00,NSE:DCW,36.65,36.65,36.55,36.65,8777.0
2021-06-09 09:29:00,NSE:DCW,36.65,36.65,36.6,36.65,509.0
2021-06-09 09:30:00,NSE:DCW,36.55,36.65,36.55,36.6,1406.0
2021-06-09 09:31:00,NSE:DCW,36.6,36.6,36.55,36.6,2602.0
2021-06-09 09:32:00,NSE:DCW,36.55,36.65,36.55,36.65,5296.0
2021-06-09 09:33:00,NSE:DCW,36.6,36.65,36.55,36.65,8433.0
2021-06-09 09:34:00,NSE:DCW,36.65,36.65,36.6,36.65,1589.0
2021-06-09 09:35:00,NSE:DCW,36.65,36.7,36.65,36.7,10784.0
2021-06-09 09:36:00,NSE:DCW,36.7,36.8,36.7,36.8,3032.0
2021-06-09 09:37:00,NSE:DCW,36.8,36.8,36.7,36.7,5321.0
2021-06-09 09:38:00,NSE:DCW,36.8,36.8,36.75,36.8,2714.0
2021-06-09 09:39:00,NSE:DCW,36.8,36.85,36.8,36.8,7913.0
2021-06-09 09:40:00,NSE:DCW,36.8,36.9,36.8,36.9,15612.0
2021-06-09 09:41:00,NSE:DCW,36.9,37.1,36.9,37.1,66541.0
2021-06-09 09:42:00,NSE:DCW,37.15,37.2,37.1,37.1,16072.0
2021-06-09 09:43:00,NSE:DCW,37.1,37.15,36.95,36.95,33395.0
2021-06-09 09:44:00,NSE:DCW,36.95,37.0,36.9,37.0,4967.0
2021-06-09 09:45:00,NSE:DCW,37.05,37.1,37.0,37.05,13002.0
2021-06-09 09:46:00,NSE:DCW,37.1,37.1,37.0,37.05,13125.0
2021-06-09 09:47:00,NSE:DCW,37.05,37.05,37.0,37.05,4713.0
2021-06-09 09:48:00,NSE:DCW,37.0,37.0,36.9,36.95,7043.0
2021-06-09 09:49:00,NSE:DCW,36.95,36.95,36.85,36.85,12834.0
2021-06-09 09:50:00,NSE:DCW,36.85,36.95,36.85,36.9,4725.0
2021-06-09 09:51:00,NSE:DCW,36.85,37.05,36.8,37.05,26596.0
2021-06-09 09:52:00,NSE:DCW,37.1,37.1,37.05,37.1,7603.0
2021-06-09 09:53:00,NSE:DCW,37.1,37.1,37.05,37.1,1258.0
2021-06-09 09:54:00,NSE:DCW,37.1,37.1,37.0,37.05,12274.0
2021-06-09 09:55:00,NSE:DCW,37.05,37.05,37.0,37.0,3950.0
2021-06-09 09:56:00,NSE:DCW,37.05,37.05,37.0,37.05,8052.0
2021-06-09 09:57:00,NSE:DCW,37.0,37.1,37.0,37.1,3460.0
2021-06-09 09:58:00,NSE:DCW,37.1,37.1,37.0,37.1,3011.0
2021-06-09 09:59:00,NSE:DCW,37.1,37.1,37.0,37.0,6677.0
2021-06-09 10:00:00,NSE:DCW,37.0,37.05,37.0,37.05,2252.0
2021-06-09 10:01:00,NSE:DCW,37.0,37.05,37.0,37.0,1266.0
2021-06-09 10:02:00,NSE:DCW,37.0,37.05,37.0,37.0,72.0
2021-06-09 10:03:00,NSE:DCW,37.05,37.05,37.05,37.05,1875.0
2021-06-09 10:04:00,NSE:DCW,37.05,37.05,37.0,37.0,5328.0
2021-06-09 10:05:00,NSE:DCW,37.05,37.05,37.05,37.05,1468.0
2021-06-09 10:06:00,NSE:DCW,37.05,37.05,37.0,37.0,16677.0
2021-06-09 10:07:00,NSE:DCW,37.0,37.05,37.0,37.0,2172.0
2021-06-09 10:08:00,NSE:DCW,37.0,37.1,37.0,37.1,5540.0
2021-06-09 10:09:00,NSE:DCW,37.05,37.05,37.0,37.05,2797.0
2021-06-09 10:10:00,NSE:DCW,37.05,37.1,37.0,37.0,7873.0
2021-06-09 10:11:00,NSE:DCW,37.0,37.0,36.95,36.95,2267.0
2021-06-09 10:12:00,NSE:DCW,36.9,37.0,36.9,36.9,5895.0
2021-06-09 10:13:00,NSE:DCW,36.9,37.0,36.9,36.95,1617.0
2021-06-09 10:14:00,NSE:DCW,36.9,36.95,36.9,36.95,10386.0
2021-06-09 10:15:00,NSE:DCW,36.85,36.9,36.85,36.9,634.0
2021-06-09 10:16:00,NSE:DCW,36.85,36.95,36.85,36.95,2155.0
2021-06-09 10:17:00,NSE:DCW,36.95,36.95,36.85,36.95,130.0
2021-06-09 10:18:00,NSE:DCW,36.95,36.95,36.85,36.85,601.0
2021-06-09 10:19:00,NSE:DCW,36.85,36.9,36.8,36.8,3747.0
2021-06-09 10:20:00,NSE:DCW,36.9,37.0,36.9,36.9,14037.0
2021-06-09 10:21:00,NSE:DCW,36.95,36.95,36.85,36.9,3191.0
2021-06-09 10:22:00,NSE:DCW,36.9,36.95,36.9,36.95,412.0
2021-06-09 10:23:00,NSE:DCW,36.95,36.95,36.9,36.9,609.0
2021-06-09 10:24:00,NSE:DCW,36.95,36.95,36.9,36.9,328.0
2021-06-09 10:25:00,NSE:DCW,36.95,37.0,36.9,37.0,5167.0
2021-06-09 10:26:00,NSE:DCW,37.0,37.0,36.9,36.9,653.0
2021-06-09 10:27:00,NSE:DCW,37.0,37.0,36.9,36.9,937.0
2021-06-09 10:28:00,NSE:DCW,37.0,37.0,36.9,36.9,3025.0
2021-06-09 10:30:00,NSE:DCW,36.95,37.0,36.9,37.0,1271.0
2021-06-09 10:31:00,NSE:DCW,36.9,36.9,36.9,36.9,551.0
2021-06-09 10:32:00,NSE:DCW,36.95,37.0,36.95,37.0,9400.0
2021-06-09 10:33:00,NSE:DCW,37.0,37.0,36.95,36.95,2904.0
2021-06-09 10:34:00,NSE:DCW,37.05,37.1,37.05,37.05,7565.0
2021-06-09 10:35:00,NSE:DCW,37.05,37.05,37.05,37.05,594.0
2021-06-09 10:36:00,NSE:DCW,37.05,37.15,37.05,37.05,32529.0
2021-06-09 10:37:00,NSE:DCW,37.05,37.15,37.05,37.1,764.0
2021-06-09 10:38:00,NSE:DCW,37.05,37.1,37.0,37.0,138.0
2021-06-09 10:39:00,NSE:DCW,37.0,37.05,37.0,37.0,1748.0
2021-06-09 10:40:00,NSE:DCW,37.05,37.15,37.05,37.15,12600.0
2021-06-09 10:41:00,NSE:DCW,37.1,37.15,37.05,37.1,1287.0
2021-06-09 10:42:00,NSE:DCW,37.05,37.1,37.05,37.05,27.0
2021-06-09 10:43:00,NSE:DCW,37.1,37.1,37.0,37.0,3273.0
2021-06-09 10:44:00,NSE:DCW,37.1,37.1,37.1,37.1,3036.0
2021-06-09 10:45:00,NSE:DCW,37.1,37.1,37.05,37.1,1419.0
2021-06-09 10:46:00,NSE:DCW,37.05,37.1,37.05,37.05,1915.0
2021-06-09 10:47:00,NSE:DCW,37.05,37.05,37.05,37.05,1.0
2021-06-09 10:48:00,NSE:DCW,37.1,37.1,37.0,37.1,554.0
2021-06-09 10:50:00,NSE:DCW,37.0,37.05,37.0,37.0,1405.0
2021-06-09 10:51:00,NSE:DCW,37.0,37.05,36.9,36.9,9692.0
2021-06-09 10:52:00,NSE:DCW,36.9,37.0,36.9,36.9,2011.0
2021-06-09 10:53:00,NSE:DCW,37.0,37.0,36.9,36.95,7151.0
2021-06-09 10:54:00,NSE:DCW,36.85,36.95,36.85,36.95,3518.0
2021-06-09 10:55:00,NSE:DCW,36.9,36.95,36.9,36.95,1742.0
2021-06-09 10:56:00,NSE:DCW,36.95,36.95,36.9,36.95,2167.0
2021-06-09 10:57:00,NSE:DCW,36.95,36.95,36.95,36.95,1316.0
2021-06-09 10:58:00,NSE:DCW,36.95,36.95,36.9,36.95,2120.0
2021-06-09 10:59:00,NSE:DCW,36.95,36.95,36.9,36.9,3690.0
2021-06-09 11:00:00,NSE:DCW,36.95,36.95,36.9,36.9,4280.0
2021-06-09 11:01:00,NSE:DCW,36.9,36.9,36.85,36.9,404.0
2021-06-09 11:02:00,NSE:DCW,36.9,36.9,36.85,36.9,1339.0
2021-06-09 11:03:00,NSE:DCW,36.9,36.9,36.85,36.9,2233.0
2021-06-09 11:04:00,NSE:DCW,36.9,36.9,36.85,36.9,232.0
2021-06-09 11:05:00,NSE:DCW,36.9,36.9,36.85,36.9,2999.0
2021-06-09 11:06:00,NSE:DCW,36.9,36.9,36.9,36.9,2043.0
2021-06-09 11:07:00,NSE:DCW,36.9,36.95,36.85,36.95,2961.0
2021-06-09 11:08:00,NSE:DCW,36.85,36.95,36.85,36.95,260.0
2021-06-09 11:09:00,NSE:DCW,36.9,36.9,36.9,36.9,1719.0
2021-06-09 11:10:00,NSE:DCW,36.9,36.9,36.9,36.9,1776.0
2021-06-09 11:11:00,NSE:DCW,36.9,36.9,36.8,36.8,5353.0
2021-06-09 11:12:00,NSE:DCW,36.8,36.85,36.8,36.8,4405.0
2021-06-09 11:13:00,NSE:DCW,36.85,36.85,36.8,36.8,76.0
2021-06-09 11:14:00,NSE:DCW,36.85,36.85,36.8,36.85,6552.0
2021-06-09 11:15:00,NSE:DCW,36.85,36.85,36.8,36.85,1897.0
2021-06-09 11:16:00,NSE:DCW,36.8,36.85,36.8,36.85,1101.0
2021-06-09 11:17:00,NSE:DCW,36.8,36.85,36.8,36.8,2070.0
2021-06-09 11:18:00,NSE:DCW,36.85,36.85,36.85,36.85,5930.0
2021-06-09 11:19:00,NSE:DCW,36.85,36.85,36.8,36.8,1578.0
2021-06-09 11:20:00,NSE:DCW,36.85,36.85,36.8,36.8,8127.0
2021-06-09 11:21:00,NSE:DCW,36.75,36.85,36.75,36.85,3711.0
2021-06-09 11:22:00,NSE:DCW,36.75,36.85,36.75,36.8,3176.0
2021-06-09 11:23:00,NSE:DCW,36.75,36.8,36.75,36.75,1852.0
2021-06-09 11:24:00,NSE:DCW,36.85,36.85,36.75,36.85,1097.0
2021-06-09 11:25:00,NSE:DCW,36.75,36.85,36.75,36.85,3106.0
2021-06-09 11:26:00,NSE:DCW,36.85,36.85,36.85,36.85,352.0
2021-06-09 11:27:00,NSE:DCW,36.9,36.9,36.9,36.9,1351.0
2021-06-09 11:28:00,NSE:DCW,36.85,36.9,36.85,36.9,646.0
2021-06-09 11:29:00,NSE:DCW,36.9,36.9,36.9,36.9,568.0
2021-06-09 11:30:00,NSE:DCW,36.9,36.95,36.9,36.95,104.0
2021-06-09 11:31:00,NSE:DCW,36.95,36.95,36.9,36.95,1175.0
2021-06-09 11:32:00,NSE:DCW,36.95,36.95,36.9,36.9,4002.0
2021-06-09 11:33:00,NSE:DCW,36.9,36.9,36.9,36.9,500.0
2021-06-09 11:34:00,NSE:DCW,36.9,36.95,36.85,36.9,4655.0
2021-06-09 11:35:00,NSE:DCW,36.9,36.9,36.85,36.9,1402.0
2021-06-09 11:36:00,NSE:DCW,36.85,36.9,36.85,36.9,410.0
2021-06-09 11:37:00,NSE:DCW,36.85,36.9,36.85,36.9,150.0
2021-06-09 11:38:00,NSE:DCW,36.9,36.9,36.85,36.85,521.0
2021-06-09 11:39:00,NSE:DCW,36.85,36.85,36.85,36.85,526.0
2021-06-09 11:41:00,NSE:DCW,36.9,36.9,36.85,36.9,1841.0
2021-06-09 11:42:00,NSE:DCW,36.9,36.9,36.9,36.9,380.0
2021-06-09 11:43:00,NSE:DCW,36.9,36.9,36.85,36.9,31.0
2021-06-09 11:44:00,NSE:DCW,36.9,36.9,36.85,36.85,800.0
2021-06-09 11:45:00,NSE:DCW,36.9,36.9,36.85,36.9,2072.0
2021-06-09 11:46:00,NSE:DCW,36.9,36.9,36.85,36.9,590.0
2021-06-09 11:47:00,NSE:DCW,36.85,36.9,36.85,36.9,5951.0
2021-06-09 11:48:00,NSE:DCW,36.9,36.9,36.85,36.9,125.0
2021-06-09 11:49:00,NSE:DCW,36.8,36.9,36.8,36.8,247.0
2021-06-09 11:50:00,NSE:DCW,36.9,36.9,36.8,36.8,4.0
2021-06-09 11:51:00,NSE:DCW,36.85,36.85,36.8,36.85,3086.0
2021-06-09 11:52:00,NSE:DCW,36.85,36.85,36.8,36.85,303.0
2021-06-09 11:53:00,NSE:DCW,36.8,36.85,36.8,36.85,1931.0
2021-06-09 11:54:00,NSE:DCW,36.85,36.9,36.8,36.8,2149.0
2021-06-09 11:55:00,NSE:DCW,36.9,36.9,36.8,36.8,75.0
2021-06-09 11:56:00,NSE:DCW,36.8,36.8,36.8,36.8,2710.0
2021-06-09 11:58:00,NSE:DCW,36.9,36.9,36.8,36.8,181.0
2021-06-09 11:59:00,NSE:DCW,36.9,36.9,36.8,36.9,1367.0
2021-06-09 12:00:00,NSE:DCW,36.9,36.9,36.9,36.9,26.0
2021-06-09 12:01:00,NSE:DCW,36.9,36.9,36.85,36.9,755.0
2021-06-09 12:02:00,NSE:DCW,36.9,36.9,36.85,36.85,860.0
2021-06-09 12:03:00,NSE:DCW,36.9,36.9,36.8,36.9,1370.0
2021-06-09 12:04:00,NSE:DCW,36.9,36.9,36.8,36.9,3012.0
2021-06-09 12:05:00,NSE:DCW,36.9,36.9,36.8,36.8,1350.0
2021-06-09 12:06:00,NSE:DCW,36.9,36.9,36.8,36.8,1610.0
2021-06-09 12:07:00,NSE:DCW,36.8,36.8,36.8,36.8,100.0
2021-06-09 12:08:00,NSE:DCW,36.9,36.9,36.8,36.9,233.0
2021-06-09 12:09:00,NSE:DCW,36.9,36.9,36.8,36.9,2145.0
2021-06-09 12:10:00,NSE:DCW,36.8,36.8,36.8,36.8,3013.0
2021-06-09 12:11:00,NSE:DCW,36.9,36.9,36.9,36.9,2002.0
2021-06-09 12:12:00,NSE:DCW,36.9,36.9,36.9,36.9,1.0
2021-06-09 12:13:00,NSE:DCW,36.9,36.9,36.8,36.9,340.0
2021-06-09 12:14:00,NSE:DCW,36.9,36.9,36.8,36.8,386.0
2021-06-09 12:15:00,NSE:DCW,36.8,36.9,36.8,36.9,3135.0
2021-06-09 12:16:00,NSE:DCW,36.8,36.8,36.8,36.8,1070.0
2021-06-09 12:17:00,NSE:DCW,36.9,36.9,36.9,36.9,950.0
2021-06-09 12:18:00,NSE:DCW,36.8,36.8,36.8,36.8,1490.0
2021-06-09 12:19:00,NSE:DCW,36.8,36.8,36.8,36.8,100.0
2021-06-09 12:20:00,NSE:DCW,36.8,36.9,36.8,36.8,1287.0
2021-06-09 12:21:00,NSE:DCW,36.9,36.9,36.8,36.8,476.0
2021-06-09 12:22:00,NSE:DCW,36.8,36.8,36.8,36.8,100.0
2021-06-09 12:23:00,NSE:DCW,36.8,36.85,36.8,36.85,215.0
2021-06-09 12:24:00,NSE:DCW,36.85,36.85,36.85,36.85,300.0
2021-06-09 12:25:00,NSE:DCW,36.8,36.9,36.8,36.9,1173.0
2021-06-09 12:26:00,NSE:DCW,36.9,36.9,36.9,36.9,220.0
2021-06-09 12:27:00,NSE:DCW,36.9,36.9,36.9,36.9,600.0
2021-06-09 12:28:00,NSE:DCW,36.9,36.9,36.85,36.85,70.0
2021-06-09 12:29:00,NSE:DCW,36.9,36.9,36.9,36.9,30.0
2021-06-09 12:30:00,NSE:DCW,36.85,36.85,36.85,36.85,3100.0
2021-06-09 12:31:00,NSE:DCW,36.9,36.9,36.85,36.85,920.0
2021-06-09 12:32:00,NSE:DCW,36.9,36.9,36.85,36.9,312.0
2021-06-09 12:33:00,NSE:DCW,36.85,36.85,36.8,36.8,3101.0
2021-06-09 12:34:00,NSE:DCW,36.8,36.85,36.8,36.85,175.0
2021-06-09 12:35:00,NSE:DCW,36.85,36.85,36.8,36.85,851.0
2021-06-09 12:36:00,NSE:DCW,36.85,36.9,36.85,36.9,2565.0
2021-06-09 12:37:00,NSE:DCW,36.9,36.9,36.85,36.9,6923.0
2021-06-09 12:38:00,NSE:DCW,36.9,36.9,36.85,36.9,6945.0
2021-06-09 12:39:00,NSE:DCW,36.9,36.95,36.85,36.85,4352.0
2021-06-09 12:40:00,NSE:DCW,36.85,36.9,36.85,36.9,150.0
2021-06-09 12:41:00,NSE:DCW,36.9,36.9,36.85,36.85,1505.0
2021-06-09 12:42:00,NSE:DCW,36.9,36.9,36.85,36.85,2344.0
2021-06-09 12:43:00,NSE:DCW,36.9,36.9,36.85,36.85,489.0
2021-06-09 12:44:00,NSE:DCW,36.9,36.95,36.9,36.9,1953.0
2021-06-09 12:45:00,NSE:DCW,36.9,36.95,36.9,36.95,2586.0
2021-06-09 12:46:00,NSE:DCW,36.9,36.95,36.9,36.95,905.0
2021-06-09 12:47:00,NSE:DCW,36.95,36.95,36.95,36.95,850.0
2021-06-09 12:48:00,NSE:DCW,36.95,36.95,36.95,36.95,101.0
2021-06-09 12:49:00,NSE:DCW,36.95,36.95,36.9,36.95,1736.0
2021-06-09 12:50:00,NSE:DCW,36.95,36.95,36.95,36.95,56.0
2021-06-09 12:51:00,NSE:DCW,36.9,36.95,36.9,36.95,1101.0
2021-06-09 12:52:00,NSE:DCW,36.95,36.95,36.95,36.95,5505.0
2021-06-09 12:53:00,NSE:DCW,36.95,36.95,36.9,36.9,2575.0
2021-06-09 12:54:00,NSE:DCW,36.9,36.95,36.9,36.95,136.0
2021-06-09 12:55:00,NSE:DCW,36.9,36.9,36.9,36.9,1030.0
2021-06-09 12:56:00,NSE:DCW,36.95,36.95,36.9,36.9,617.0
2021-06-09 12:57:00,NSE:DCW,36.95,36.95,36.9,36.9,625.0
2021-06-09 12:58:00,NSE:DCW,36.9,36.9,36.9,36.9,2390.0
2021-06-09 12:59:00,NSE:DCW,36.9,36.9,36.85,36.85,7250.0
2021-06-09 13:00:00,NSE:DCW,36.9,36.9,36.8,36.9,2750.0
2021-06-09 13:01:00,NSE:DCW,36.9,36.9,36.8,36.8,801.0
2021-06-09 13:02:00,NSE:DCW,36.8,36.8,36.75,36.8,22903.0
2021-06-09 13:03:00,NSE:DCW,36.7,36.8,36.7,36.8,181.0
2021-06-09 13:04:00,NSE:DCW,36.8,36.8,36.75,36.8,751.0
2021-06-09 13:05:00,NSE:DCW,36.7,36.75,36.7,36.7,1101.0
2021-06-09 13:06:00,NSE:DCW,36.75,36.75,36.7,36.75,2002.0
2021-06-09 13:07:00,NSE:DCW,36.75,36.75,36.65,36.65,23251.0
2021-06-09 13:08:00,NSE:DCW,36.7,36.75,36.65,36.75,3543.0
2021-06-09 13:09:00,NSE:DCW,36.75,36.75,36.65,36.75,725.0
2021-06-09 13:10:00,NSE:DCW,36.6,36.65,36.6,36.65,6798.0
2021-06-09 13:11:00,NSE:DCW,36.6,36.65,36.6,36.6,5027.0
2021-06-09 13:12:00,NSE:DCW,36.65,36.65,36.5,36.5,31420.0
2021-06-09 13:13:00,NSE:DCW,36.5,36.5,36.5,36.5,3018.0
2021-06-09 13:14:00,NSE:DCW,36.45,36.45,36.4,36.4,22455.0
2021-06-09 13:15:00,NSE:DCW,36.4,36.4,36.05,36.1,41305.0
2021-06-09 13:16:00,NSE:DCW,36.1,36.1,36.0,36.0,27611.0
2021-06-09 13:17:00,NSE:DCW,36.05,36.1,36.05,36.1,3743.0
2021-06-09 13:18:00,NSE:DCW,36.1,36.35,36.1,36.25,13563.0
2021-06-09 13:19:00,NSE:DCW,36.25,36.25,36.1,36.2,12189.0
2021-06-09 13:20:00,NSE:DCW,36.2,36.2,36.05,36.15,10786.0
2021-06-09 13:21:00,NSE:DCW,36.05,36.1,36.05,36.05,11771.0
2021-06-09 13:22:00,NSE:DCW,36.15,36.15,36.05,36.05,2970.0
2021-06-09 13:23:00,NSE:DCW,36.05,36.15,36.05,36.1,2700.0
2021-06-09 13:24:00,NSE:DCW,36.25,36.25,36.15,36.15,3211.0
2021-06-09 13:25:00,NSE:DCW,36.15,36.25,36.15,36.15,1089.0
2021-06-09 13:26:00,NSE:DCW,36.15,36.25,36.15,36.25,4853.0
2021-06-09 13:27:00,NSE:DCW,36.25,36.3,36.1,36.25,19058.0
2021-06-09 13:28:00,NSE:DCW,36.15,36.3,36.1,36.2,6440.0
2021-06-09 13:29:00,NSE:DCW,36.2,36.2,36.1,36.2,1621.0
2021-06-09 13:30:00,NSE:DCW,36.2,36.2,36.2,36.2,4270.0
2021-06-09 13:31:00,NSE:DCW,36.15,36.2,36.15,36.2,1760.0
2021-06-09 13:32:00,NSE:DCW,36.2,36.2,36.15,36.15,3312.0
2021-06-09 13:33:00,NSE:DCW,36.15,36.2,36.1,36.2,5156.0
2021-06-09 13:34:00,NSE:DCW,36.2,36.2,36.1,36.2,239.0
2021-06-09 13:35:00,NSE:DCW,36.1,36.2,36.1,36.1,712.0
2021-06-09 13:36:00,NSE:DCW,36.1,36.25,36.1,36.25,1613.0
2021-06-09 13:37:00,NSE:DCW,36.25,36.25,36.25,36.25,1399.0
2021-06-09 13:38:00,NSE:DCW,36.25,36.3,36.25,36.3,3645.0
2021-06-09 13:39:00,NSE:DCW,36.3,36.3,36.2,36.3,764.0
2021-06-09 13:40:00,NSE:DCW,36.2,36.3,36.2,36.3,292.0
2021-06-09 13:41:00,NSE:DCW,36.3,36.3,36.2,36.2,3562.0
2021-06-09 13:42:00,NSE:DCW,36.2,36.2,36.1,36.2,10512.0
2021-06-09 13:43:00,NSE:DCW,36.15,36.25,36.15,36.25,3411.0
2021-06-09 13:44:00,NSE:DCW,36.25,36.25,36.15,36.25,2797.0
2021-06-09 13:45:00,NSE:DCW,36.25,36.25,36.2,36.25,2758.0
2021-06-09 13:46:00,NSE:DCW,36.25,36.25,36.25,36.25,2584.0
2021-06-09 13:47:00,NSE:DCW,36.25,36.25,36.2,36.25,3559.0
2021-06-09 13:48:00,NSE:DCW,36.3,36.3,36.2,36.25,3310.0
2021-06-09 13:49:00,NSE:DCW,36.2,36.3,36.2,36.2,905.0
2021-06-09 13:50:00,NSE:DCW,36.2,36.3,36.2,36.2,694.0
2021-06-09 13:51:00,NSE:DCW,36.3,36.3,36.2,36.2,1282.0
2021-06-09 13:52:00,NSE:DCW,36.3,36.3,36.25,36.3,1920.0
2021-06-09 13:53:00,NSE:DCW,36.2,36.2,36.2,36.2,1015.0
2021-06-09 13:54:00,NSE:DCW,36.2,36.3,36.2,36.3,2004.0
2021-06-09 13:55:00,NSE:DCW,36.2,36.3,36.2,36.3,351.0
2021-06-09 13:56:00,NSE:DCW,36.3,36.3,36.3,36.3,325.0
2021-06-09 13:57:00,NSE:DCW,36.3,36.3,36.3,36.3,600.0
2021-06-09 13:58:00,NSE:DCW,36.3,36.3,36.2,36.2,1277.0
2021-06-09 13:59:00,NSE:DCW,36.2,36.3,36.2,36.2,2011.0
2021-06-09 14:00:00,NSE:DCW,36.3,36.3,36.1,36.25,25815.0
2021-06-09 14:01:00,NSE:DCW,36.2,36.25,36.15,36.15,9200.0
2021-06-09 14:02:00,NSE:DCW,36.25,36.25,36.1,36.25,1640.0
2021-06-09 14:03:00,NSE:DCW,36.25,36.25,36.2,36.25,2636.0
2021-06-09 14:04:00,NSE:DCW,36.2,36.25,36.15,36.25,3676.0
2021-06-09 14:05:00,NSE:DCW,36.25,36.25,36.15,36.15,143.0
2021-06-09 14:06:00,NSE:DCW,36.15,36.25,36.15,36.15,2542.0
2021-06-09 14:07:00,NSE:DCW,36.15,36.3,36.15,36.3,198.0
2021-06-09 14:09:00,NSE:DCW,36.3,36.3,36.3,36.3,5591.0
2021-06-09 14:10:00,NSE:DCW,36.35,36.35,36.25,36.35,435.0
2021-06-09 14:11:00,NSE:DCW,36.35,36.35,36.25,36.25,102.0
2021-06-09 14:12:00,NSE:DCW,36.35,36.35,36.25,36.25,9.0
2021-06-09 14:13:00,NSE:DCW,36.25,36.25,36.25,36.25,990.0
2021-06-09 14:14:00,NSE:DCW,36.25,36.35,36.25,36.25,1069.0
2021-06-09 14:15:00,NSE:DCW,36.35,36.35,36.25,36.25,637.0
2021-06-09 14:16:00,NSE:DCW,36.25,36.25,36.25,36.25,100.0
2021-06-09 14:17:00,NSE:DCW,36.25,36.25,36.25,36.25,124.0
2021-06-09 14:18:00,NSE:DCW,36.3,36.3,36.25,36.25,701.0
2021-06-09 14:19:00,NSE:DCW,36.25,36.35,36.25,36.35,1862.0
2021-06-09 14:20:00,NSE:DCW,36.35,36.35,36.35,36.35,220.0
2021-06-09 14:21:00,NSE:DCW,36.3,36.35,36.25,36.35,1486.0
2021-06-09 14:22:00,NSE:DCW,36.25,36.3,36.2,36.3,2843.0
2021-06-09 14:23:00,NSE:DCW,36.2,36.25,36.2,36.2,330.0
2021-06-09 14:24:00,NSE:DCW,36.2,36.25,36.2,36.2,283.0
2021-06-09 14:25:00,NSE:DCW,36.25,36.25,36.15,36.2,2118.0
2021-06-09 14:26:00,NSE:DCW,36.15,36.25,36.15,36.25,658.0
2021-06-09 14:27:00,NSE:DCW,36.2,36.25,36.2,36.2,4350.0
2021-06-09 14:28:00,NSE:DCW,36.2,36.3,36.2,36.3,3758.0
2021-06-09 14:29:00,NSE:DCW,36.2,36.2,36.15,36.15,3955.0
2021-06-09 14:30:00,NSE:DCW,36.25,36.25,36.15,36.15,1103.0
2021-06-09 14:31:00,NSE:DCW,36.2,36.2,36.2,36.2,535.0
2021-06-09 14:32:00,NSE:DCW,36.15,36.2,36.1,36.15,1998.0
2021-06-09 14:33:00,NSE:DCW,36.15,36.15,36.1,36.1,953.0
2021-06-09 14:34:00,NSE:DCW,36.1,36.1,36.05,36.05,8522.0
2021-06-09 14:35:00,NSE:DCW,36.05,36.1,36.05,36.1,5508.0
2021-06-09 14:36:00,NSE:DCW,36.05,36.1,36.05,36.1,1496.0
2021-06-09 14:37:00,NSE:DCW,36.1,36.1,36.0,36.05,4073.0
2021-06-09 14:38:00,NSE:DCW,36.05,36.05,36.0,36.0,11272.0
2021-06-09 14:39:00,NSE:DCW,36.0,36.1,36.0,36.1,4030.0
2021-06-09 14:40:00,NSE:DCW,36.0,36.0,36.0,36.0,2000.0
2021-06-09 14:41:00,NSE:DCW,36.1,36.1,36.0,36.0,2101.0
2021-06-09 14:42:00,NSE:DCW,36.05,36.05,36.0,36.05,303.0
2021-06-09 14:43:00,NSE:DCW,36.05,36.05,36.0,36.05,20256.0
2021-06-09 14:44:00,NSE:DCW,36.05,36.05,36.0,36.0,6299.0
2021-06-09 14:45:00,NSE:DCW,36.05,36.05,35.9,36.0,4434.0
2021-06-09 14:46:00,NSE:DCW,35.95,35.95,35.9,35.95,3360.0
2021-06-09 14:47:00,NSE:DCW,35.95,35.95,35.9,35.9,2192.0
2021-06-09 14:48:00,NSE:DCW,35.9,36.0,35.9,36.0,6115.0
2021-06-09 14:49:00,NSE:DCW,35.9,36.0,35.9,35.9,4906.0
2021-06-09 14:50:00,NSE:DCW,36.0,36.0,35.95,36.0,5870.0
2021-06-09 14:51:00,NSE:DCW,36.0,36.1,36.0,36.1,8183.0
2021-06-09 14:52:00,NSE:DCW,36.1,36.15,36.1,36.15,5660.0
2021-06-09 14:53:00,NSE:DCW,36.15,36.15,36.1,36.1,2021.0
2021-06-09 14:54:00,NSE:DCW,36.1,36.15,36.1,36.15,700.0
2021-06-09 14:55:00,NSE:DCW,36.1,36.15,36.05,36.1,1912.0
2021-06-09 14:56:00,NSE:DCW,36.1,36.1,36.05,36.05,143.0
2021-06-09 14:57:00,NSE:DCW,36.1,36.1,36.05,36.05,1164.0
2021-06-09 14:58:00,NSE:DCW,36.1,36.1,36.0,36.0,5416.0
2021-06-09 14:59:00,NSE:DCW,36.0,36.1,36.0,36.1,594.0
2021-06-09 15:00:00,NSE:DCW,36.1,36.1,36.0,36.0,654.0
2021-06-09 15:01:00,NSE:DCW,36.0,36.1,36.0,36.05,5507.0
2021-06-09 15:02:00,NSE:DCW,36.1,36.1,36.0,36.05,3027.0
2021-06-09 15:03:00,NSE:DCW,36.05,36.1,36.05,36.1,1301.0
2021-06-09 15:04:00,NSE:DCW,36.05,36.1,36.05,36.1,6551.0
2021-06-09 15:05:00,NSE:DCW,36.05,36.05,36.05,36.05,397.0
2021-06-09 15:06:00,NSE:DCW,36.1,36.1,36.05,36.05,3940.0
2021-06-09 15:07:00,NSE:DCW,36.1,36.1,36.0,36.0,5929.0
2021-06-09 15:08:00,NSE:DCW,36.0,36.05,36.0,36.0,5005.0
2021-06-09 15:09:00,NSE:DCW,36.05,36.1,36.05,36.05,3421.0
2021-06-09 15:10:00,NSE:DCW,36.05,36.15,36.05,36.1,590.0
2021-06-09 15:11:00,NSE:DCW,36.1,36.2,36.1,36.15,2939.0
2021-06-09 15:12:00,NSE:DCW,36.2,36.2,36.15,36.15,2780.0
2021-06-09 15:13:00,NSE:DCW,36.2,36.2,36.15,36.15,3346.0
2021-06-09 15:14:00,NSE:DCW,36.2,36.2,36.15,36.2,6413.0
2021-06-09 15:15:00,NSE:DCW,36.25,36.25,36.2,36.2,7069.0
2021-06-09 15:16:00,NSE:DCW,36.3,36.3,36.25,36.3,5725.0
2021-06-09 15:17:00,NSE:DCW,36.25,36.3,36.25,36.25,4570.0
2021-06-09 15:18:00,NSE:DCW,36.25,36.25,36.2,36.25,4271.0
2021-06-09 15:19:00,NSE:DCW,36.2,36.25,36.15,36.2,1885.0
2021-06-09 15:20:00,NSE:DCW,36.15,36.15,36.1,36.1,10016.0
2021-06-09 15:21:00,NSE:DCW,36.15,36.15,36.05,36.05,20560.0
2021-06-09 15:22:00,NSE:DCW,36.05,36.1,36.05,36.1,2033.0
2021-06-09 15:23:00,NSE:DCW,36.05,36.1,36.05,36.1,560.0
2021-06-09 15:24:00,NSE:DCW,36.1,36.15,36.1,36.15,11593.0
2021-06-09 15:25:00,NSE:DCW,36.1,36.15,36.1,36.15,6267.0
2021-06-09 15:26:00,NSE:DCW,36.1,36.2,36.1,36.1,9485.0
2021-06-09 15:27:00,NSE:DCW,36.15,36.25,36.15,36.25,9773.0
2021-06-09 15:28:00,NSE:DCW,36.25,36.25,36.15,36.2,6314.0
2021-06-09 15:29:00,NSE:DCW,36.15,36.2,36.15,36.15,6231.0
2021-06-09 15:30:00,NSE:DCW,36.15,36.15,36.15,36.15,600.0
2021-06-09 15:40:00,NSE:DCW,36.15,36.15,36.15,36.15,110.0
2021-06-10 09:07:00,NSE:DCW,36.35,36.35,36.35,36.35,5305.0
2021-06-10 09:15:00,NSE:DCW,36.35,36.35,36.2,36.25,764.0
2021-06-10 09:16:00,NSE:DCW,36.25,36.25,36.25,36.25,2594.0
2021-06-10 09:17:00,NSE:DCW,36.25,36.25,36.15,36.15,16385.0
2021-06-10 09:18:00,NSE:DCW,36.2,36.2,36.1,36.15,8928.0
2021-06-10 09:19:00,NSE:DCW,36.15,36.25,36.15,36.2,16532.0
2021-06-10 09:20:00,NSE:DCW,36.25,36.3,36.2,36.3,9808.0
2021-06-10 09:21:00,NSE:DCW,36.25,36.3,36.2,36.3,4810.0
2021-06-10 09:22:00,NSE:DCW,36.3,36.3,36.25,36.3,2762.0
2021-06-10 09:23:00,NSE:DCW,36.3,36.3,36.25,36.3,4552.0
2021-06-10 09:24:00,NSE:DCW,36.25,36.25,36.15,36.2,7541.0
2021-06-10 09:25:00,NSE:DCW,36.15,36.2,36.05,36.2,6650.0
2021-06-10 09:26:00,NSE:DCW,36.2,36.2,36.1,36.1,2712.0
2021-06-10 09:27:00,NSE:DCW,36.2,36.2,36.2,36.2,1255.0
2021-06-10 09:28:00,NSE:DCW,36.15,36.2,36.15,36.2,1096.0
2021-06-10 09:29:00,NSE:DCW,36.2,36.2,36.2,36.2,53.0
2021-06-10 09:30:00,NSE:DCW,36.2,36.2,36.15,36.15,4262.0
2021-06-10 09:31:00,NSE:DCW,36.2,36.2,36.15,36.15,3042.0
2021-06-10 09:32:00,NSE:DCW,36.15,36.2,36.15,36.2,6529.0
2021-06-10 09:33:00,NSE:DCW,36.15,36.2,36.1,36.1,4688.0
2021-06-10 09:34:00,NSE:DCW,36.1,36.15,36.1,36.15,410.0
2021-06-10 09:35:00,NSE:DCW,36.1,36.2,36.1,36.1,7597.0
2021-06-10 09:36:00,NSE:DCW,36.1,36.2,36.1,36.1,3758.0
2021-06-10 09:37:00,NSE:DCW,36.1,36.15,36.05,36.15,2014.0
2021-06-10 09:38:00,NSE:DCW,36.1,36.15,36.1,36.1,4615.0
2021-06-10 09:39:00,NSE:DCW,36.15,36.15,36.15,36.15,3825.0
2021-06-10 09:40:00,NSE:DCW,36.15,36.2,36.15,36.2,6311.0
2021-06-10 09:41:00,NSE:DCW,36.15,36.2,36.15,36.15,3594.0
2021-06-10 09:42:00,NSE:DCW,36.2,36.2,36.15,36.2,1345.0
2021-06-10 09:43:00,NSE:DCW,36.2,36.2,36.15,36.15,614.0
2021-06-10 09:44:00,NSE:DCW,36.15,36.2,36.15,36.15,2323.0
2021-06-10 09:45:00,NSE:DCW,36.1,36.15,36.1,36.1,13775.0
2021-06-10 09:46:00,NSE:DCW,36.2,36.2,36.2,36.2,1929.0
2021-06-10 09:47:00,NSE:DCW,36.2,36.2,36.1,36.1,525.0
2021-06-10 09:48:00,NSE:DCW,36.15,36.2,36.15,36.2,345.0
2021-06-10 09:49:00,NSE:DCW,36.1,36.2,36.1,36.2,1861.0
2021-06-10 09:50:00,NSE:DCW,36.2,36.2,36.15,36.2,10175.0
2021-06-10 09:51:00,NSE:DCW,36.15,36.15,36.1,36.1,1651.0
2021-06-10 09:52:00,NSE:DCW,36.2,36.2,36.1,36.2,160.0
2021-06-10 09:53:00,NSE:DCW,36.15,36.15,36.15,36.15,529.0
2021-06-10 09:54:00,NSE:DCW,36.2,36.2,36.2,36.2,3324.0
2021-06-10 09:55:00,NSE:DCW,36.15,36.2,36.15,36.2,3259.0
2021-06-10 09:56:00,NSE:DCW,36.2,36.2,36.15,36.2,1317.0
2021-06-10 09:57:00,NSE:DCW,36.15,36.25,36.15,36.25,2050.0
2021-06-10 09:58:00,NSE:DCW,36.25,36.25,36.15,36.15,1231.0
2021-06-10 09:59:00,NSE:DCW,36.25,36.25,36.2,36.2,700.0
2021-06-10 10:00:00,NSE:DCW,36.25,36.25,36.2,36.25,799.0
2021-06-10 10:01:00,NSE:DCW,36.25,36.25,36.25,36.25,240.0
2021-06-10 10:02:00,NSE:DCW,36.25,36.25,36.2,36.2,2106.0
2021-06-10 10:03:00,NSE:DCW,36.25,36.25,36.2,36.25,6182.0
2021-06-10 10:04:00,NSE:DCW,36.25,36.25,36.2,36.2,230.0
2021-06-10 10:05:00,NSE:DCW,36.2,36.25,36.15,36.2,10289.0
2021-06-10 10:06:00,NSE:DCW,36.15,36.25,36.15,36.25,31.0
2021-06-10 10:07:00,NSE:DCW,36.15,36.15,36.15,36.15,851.0
2021-06-10 10:08:00,NSE:DCW,36.25,36.25,36.15,36.25,403.0
2021-06-10 10:09:00,NSE:DCW,36.15,36.25,36.15,36.15,1003.0
2021-06-10 10:10:00,NSE:DCW,36.25,36.25,36.15,36.15,1475.0
2021-06-10 10:11:00,NSE:DCW,36.15,36.2,36.15,36.2,920.0
2021-06-10 10:12:00,NSE:DCW,36.2,36.2,36.15,36.2,3510.0
2021-06-10 10:13:00,NSE:DCW,36.15,36.15,36.15,36.15,2712.0
2021-06-10 10:14:00,NSE:DCW,36.1,36.15,36.1,36.15,1277.0
2021-06-10 10:15:00,NSE:DCW,36.15,36.15,36.1,36.15,2871.0
2021-06-10 10:16:00,NSE:DCW,36.15,36.15,36.15,36.15,1855.0
2021-06-10 10:17:00,NSE:DCW,36.15,36.2,36.15,36.2,1246.0
2021-06-10 10:18:00,NSE:DCW,36.15,36.15,36.1,36.1,4631.0
2021-06-10 10:19:00,NSE:DCW,36.1,36.15,36.1,36.1,2455.0
2021-06-10 10:20:00,NSE:DCW,36.15,36.15,36.15,36.15,1208.0
2021-06-10 10:21:00,NSE:DCW,36.15,36.2,36.15,36.2,12.0
2021-06-10 10:22:00,NSE:DCW,36.2,36.25,36.2,36.2,1859.0
2021-06-10 10:23:00,NSE:DCW,36.25,36.25,36.15,36.15,1009.0
2021-06-10 10:24:00,NSE:DCW,36.25,36.25,36.25,36.25,1101.0
2021-06-10 10:25:00,NSE:DCW,36.2,36.25,36.2,36.25,177.0
2021-06-10 10:26:00,NSE:DCW,36.2,36.2,36.2,36.2,200.0
2021-06-10 10:27:00,NSE:DCW,36.25,36.25,36.25,36.25,1.0
2021-06-10 10:28:00,NSE:DCW,36.25,36.3,36.2,36.2,16745.0
2021-06-10 10:29:00,NSE:DCW,36.2,36.3,36.2,36.2,3258.0
2021-06-10 10:30:00,NSE:DCW,36.2,36.2,36.2,36.2,265.0
2021-06-10 10:31:00,NSE:DCW,36.2,36.25,36.2,36.25,3531.0
2021-06-10 10:32:00,NSE:DCW,36.25,36.25,36.15,36.15,6.0
2021-06-10 10:33:00,NSE:DCW,36.25,36.25,36.15,36.25,1207.0
2021-06-10 10:34:00,NSE:DCW,36.25,36.25,36.25,36.25,1155.0
2021-06-10 10:35:00,NSE:DCW,36.15,36.25,36.15,36.25,126.0
2021-06-10 10:36:00,NSE:DCW,36.25,36.25,36.25,36.25,210.0
2021-06-10 10:37:00,NSE:DCW,36.25,36.25,36.15,36.2,2509.0
2021-06-10 10:38:00,NSE:DCW,36.15,36.15,36.15,36.15,2539.0
2021-06-10 10:39:00,NSE:DCW,36.1,36.15,36.1,36.15,591.0
2021-06-10 10:40:00,NSE:DCW,36.15,36.25,36.15,36.25,6178.0
2021-06-10 10:41:00,NSE:DCW,36.2,36.25,36.15,36.25,2701.0
2021-06-10 10:42:00,NSE:DCW,36.25,36.25,36.2,36.25,2410.0
2021-06-10 10:43:00,NSE:DCW,36.25,36.25,36.25,36.25,56.0
2021-06-10 10:44:00,NSE:DCW,36.2,36.25,36.2,36.25,2375.0
2021-06-10 10:45:00,NSE:DCW,36.25,36.25,36.2,36.2,1700.0
2021-06-10 10:47:00,NSE:DCW,36.25,36.25,36.25,36.25,1000.0
2021-06-10 10:48:00,NSE:DCW,36.2,36.25,36.2,36.2,5614.0
2021-06-10 10:49:00,NSE:DCW,36.25,36.25,36.2,36.2,102.0
2021-06-10 10:50:00,NSE:DCW,36.25,36.25,36.25,36.25,250.0
2021-06-10 10:51:00,NSE:DCW,36.25,36.3,36.25,36.3,25080.0
2021-06-10 10:52:00,NSE:DCW,36.3,36.3,36.15,36.15,9961.0
2021-06-10 10:53:00,NSE:DCW,36.25,36.25,36.15,36.15,19.0
2021-06-10 10:54:00,NSE:DCW,36.25,36.25,36.25,36.25,170.0
2021-06-10 10:55:00,NSE:DCW,36.25,36.25,36.15,36.2,1700.0
2021-06-10 10:56:00,NSE:DCW,36.2,36.2,36.2,36.2,15.0
2021-06-10 10:57:00,NSE:DCW,36.2,36.2,36.2,36.2,2.0
2021-06-10 10:58:00,NSE:DCW,36.15,36.2,36.15,36.2,4468.0
2021-06-10 10:59:00,NSE:DCW,36.2,36.25,36.2,36.25,500.0
2021-06-10 11:00:00,NSE:DCW,36.25,36.25,36.2,36.2,11.0
2021-06-10 11:01:00,NSE:DCW,36.25,36.25,36.2,36.2,726.0
2021-06-10 11:02:00,NSE:DCW,36.25,36.25,36.15,36.15,635.0
2021-06-10 11:03:00,NSE:DCW,36.2,36.2,36.15,36.15,41.0
2021-06-10 11:04:00,NSE:DCW,36.15,36.15,36.15,36.15,26.0
2021-06-10 11:05:00,NSE:DCW,36.2,36.2,36.15,36.15,3086.0
2021-06-10 11:06:00,NSE:DCW,36.2,36.2,36.15,36.15,1361.0
2021-06-10 11:07:00,NSE:DCW,36.15,36.15,36.15,36.15,500.0
2021-06-10 11:08:00,NSE:DCW,36.15,36.2,36.15,36.15,509.0
2021-06-10 11:09:00,NSE:DCW,36.15,36.2,36.15,36.2,529.0
2021-06-10 11:10:00,NSE:DCW,36.15,36.2,36.15,36.15,507.0
2021-06-10 11:11:00,NSE:DCW,36.15,36.15,36.05,36.15,30756.0
2021-06-10 11:12:00,NSE:DCW,36.05,36.1,36.05,36.1,583.0
2021-06-10 11:13:00,NSE:DCW,36.05,36.1,36.05,36.05,5510.0
2021-06-10 11:14:00,NSE:DCW,36.1,36.1,36.05,36.05,215.0
2021-06-10 11:15:00,NSE:DCW,36.05,36.05,36.0,36.05,13650.0
2021-06-10 11:16:00,NSE:DCW,36.05,36.05,36.0,36.05,6616.0
2021-06-10 11:17:00,NSE:DCW,36.05,36.05,36.0,36.0,1600.0
2021-06-10 11:18:00,NSE:DCW,36.0,36.05,36.0,36.05,1225.0
2021-06-10 11:19:00,NSE:DCW,36.05,36.15,36.05,36.15,13626.0
2021-06-10 11:20:00,NSE:DCW,36.2,36.2,36.2,36.2,4075.0
2021-06-10 11:21:00,NSE:DCW,36.25,36.25,36.25,36.25,3000.0
2021-06-10 11:22:00,NSE:DCW,36.2,36.2,36.1,36.1,6400.0
2021-06-10 11:23:00,NSE:DCW,36.1,36.2,36.1,36.2,1201.0
2021-06-10 11:24:00,NSE:DCW,36.15,36.2,36.15,36.2,1950.0
2021-06-10 11:25:00,NSE:DCW,36.2,36.2,36.2,36.2,250.0
2021-06-10 11:26:00,NSE:DCW,36.2,36.2,36.2,36.2,50.0
2021-06-10 11:27:00,NSE:DCW,36.25,36.3,36.25,36.25,7300.0
2021-06-10 11:28:00,NSE:DCW,36.25,36.3,36.2,36.3,801.0
2021-06-10 11:29:00,NSE:DCW,36.3,36.3,36.2,36.2,401.0
2021-06-10 11:30:00,NSE:DCW,36.2,36.3,36.2,36.3,251.0
2021-06-10 11:31:00,NSE:DCW,36.3,36.3,36.3,36.3,5000.0
2021-06-10 11:32:00,NSE:DCW,36.2,36.25,36.2,36.25,2600.0
2021-06-10 11:33:00,NSE:DCW,36.2,36.2,36.2,36.2,153.0
2021-06-10 11:34:00,NSE:DCW,36.2,36.25,36.2,36.25,1800.0
2021-06-10 11:35:00,NSE:DCW,36.2,36.25,36.2,36.2,1654.0
2021-06-10 11:36:00,NSE:DCW,36.25,36.25,36.2,36.25,1003.0
2021-06-10 11:37:00,NSE:DCW,36.25,36.25,36.2,36.2,50.0
2021-06-10 11:38:00,NSE:DCW,36.2,36.2,36.2,36.2,40.0
2021-06-10 11:39:00,NSE:DCW,36.2,36.2,36.15,36.15,18.0
2021-06-10 11:40:00,NSE:DCW,36.15,36.25,36.15,36.25,5203.0
2021-06-10 11:41:00,NSE:DCW,36.15,36.15,36.15,36.15,3802.0
2021-06-10 11:42:00,NSE:DCW,36.15,36.15,36.1,36.1,290.0
2021-06-10 11:43:00,NSE:DCW,36.1,36.15,36.1,36.15,139.0
2021-06-10 11:44:00,NSE:DCW,36.15,36.15,36.1,36.1,866.0
2021-06-10 11:45:00,NSE:DCW,36.15,36.2,36.1,36.2,10586.0
2021-06-10 11:46:00,NSE:DCW,36.2,36.2,36.1,36.1,300.0
2021-06-10 11:47:00,NSE:DCW,36.2,36.2,36.2,36.2,50.0
2021-06-10 11:48:00,NSE:DCW,36.2,36.2,36.2,36.2,24.0
2021-06-10 11:49:00,NSE:DCW,36.2,36.2,36.2,36.2,70.0
2021-06-10 11:50:00,NSE:DCW,36.15,36.2,36.15,36.15,570.0
2021-06-10 11:51:00,NSE:DCW,36.2,36.2,36.2,36.2,1.0
2021-06-10 11:52:00,NSE:DCW,36.2,36.2,36.2,36.2,12.0
2021-06-10 11:53:00,NSE:DCW,36.2,36.2,36.1,36.15,4874.0
2021-06-10 11:54:00,NSE:DCW,36.15,36.15,36.15,36.15,1051.0
2021-06-10 11:55:00,NSE:DCW,36.1,36.15,36.1,36.15,565.0
2021-06-10 11:56:00,NSE:DCW,36.15,36.2,36.15,36.15,60.0
2021-06-10 11:57:00,NSE:DCW,36.2,36.2,36.1,36.1,501.0
2021-06-10 11:58:00,NSE:DCW,36.2,36.2,36.15,36.15,982.0
2021-06-10 11:59:00,NSE:DCW,36.1,36.2,36.1,36.15,5035.0
2021-06-10 12:00:00,NSE:DCW,36.15,36.3,36.15,36.3,14005.0
2021-06-10 12:01:00,NSE:DCW,36.35,36.65,36.35,36.5,160514.0
2021-06-10 12:02:00,NSE:DCW,36.45,36.45,36.2,36.4,33404.0
2021-06-10 12:03:00,NSE:DCW,36.35,36.35,36.2,36.2,19133.0
2021-06-10 12:04:00,NSE:DCW,36.25,36.25,36.2,36.2,3067.0
2021-06-10 12:05:00,NSE:DCW,36.25,36.25,36.2,36.2,29102.0
2021-06-10 12:06:00,NSE:DCW,36.2,36.25,36.15,36.25,2749.0
2021-06-10 12:07:00,NSE:DCW,36.25,36.25,36.25,36.25,500.0
2021-06-10 12:08:00,NSE:DCW,36.25,36.25,36.25,36.25,631.0
2021-06-10 12:09:00,NSE:DCW,36.2,36.2,36.2,36.2,37.0
2021-06-10 12:10:00,NSE:DCW,36.25,36.3,36.25,36.3,5640.0
2021-06-10 12:11:00,NSE:DCW,36.4,37.15,36.4,36.95,208940.0
2021-06-10 12:12:00,NSE:DCW,36.95,37.05,36.55,36.7,72228.0
2021-06-10 12:13:00,NSE:DCW,36.7,36.75,36.6,36.7,17323.0
2021-06-10 12:14:00,NSE:DCW,36.7,36.75,36.6,36.6,8394.0
2021-06-10 12:15:00,NSE:DCW,36.7,36.7,36.65,36.7,3016.0
2021-06-10 12:16:00,NSE:DCW,36.7,36.8,36.65,36.8,16470.0
2021-06-10 12:17:00,NSE:DCW,36.85,37.2,36.85,37.2,88728.0
2021-06-10 12:18:00,NSE:DCW,37.2,38.1,37.2,37.7,494340.0
2021-06-10 12:19:00,NSE:DCW,37.65,37.75,37.5,37.6,54970.0
2021-06-10 12:20:00,NSE:DCW,37.55,37.6,37.45,37.45,36320.0
2021-06-10 12:21:00,NSE:DCW,37.45,37.5,37.4,37.45,11603.0
2021-06-10 12:22:00,NSE:DCW,37.4,37.5,37.3,37.35,35409.0
2021-06-10 12:23:00,NSE:DCW,37.35,37.5,37.35,37.45,6574.0
2021-06-10 12:24:00,NSE:DCW,37.4,37.6,37.4,37.55,27094.0
2021-06-10 12:25:00,NSE:DCW,37.6,37.85,37.55,37.75,51340.0
2021-06-10 12:26:00,NSE:DCW,37.85,37.85,37.7,37.7,59815.0
2021-06-10 12:27:00,NSE:DCW,37.7,37.75,37.55,37.55,18391.0
2021-06-10 12:28:00,NSE:DCW,37.55,37.7,37.55,37.6,17922.0
2021-06-10 12:29:00,NSE:DCW,37.65,37.7,37.6,37.6,17450.0
2021-06-10 12:30:00,NSE:DCW,37.6,37.6,37.5,37.5,13262.0
2021-06-10 12:31:00,NSE:DCW,37.55,37.8,37.55,37.8,23719.0
2021-06-10 12:32:00,NSE:DCW,37.8,38.05,37.7,38.05,105822.0
2021-06-10 12:33:00,NSE:DCW,38.0,38.15,37.8,38.0,120332.0
2021-06-10 12:34:00,NSE:DCW,38.05,38.15,38.05,38.1,36031.0
2021-06-10 12:35:00,NSE:DCW,38.05,38.15,37.9,37.95,36360.0
2021-06-10 12:36:00,NSE:DCW,37.95,37.95,37.9,37.9,11567.0
2021-06-10 12:37:00,NSE:DCW,37.85,37.9,37.7,37.75,33722.0
2021-06-10 12:38:00,NSE:DCW,37.8,37.85,37.75,37.8,10594.0
2021-06-10 12:39:00,NSE:DCW,37.85,37.95,37.85,37.95,17086.0
2021-06-10 12:40:00,NSE:DCW,37.9,37.95,37.8,37.85,19382.0
2021-06-10 12:41:00,NSE:DCW,37.9,37.9,37.75,37.75,13858.0
2021-06-10 12:42:00,NSE:DCW,37.8,37.85,37.7,37.8,16318.0
2021-06-10 12:43:00,NSE:DCW,37.8,37.8,37.4,37.5,41815.0
2021-06-10 12:44:00,NSE:DCW,37.45,37.55,37.45,37.55,9513.0
2021-06-10 12:45:00,NSE:DCW,37.55,37.55,37.4,37.5,13152.0
2021-06-10 12:46:00,NSE:DCW,37.5,37.55,37.45,37.55,17184.0
2021-06-10 12:47:00,NSE:DCW,37.55,37.6,37.5,37.5,12839.0
2021-06-10 12:48:00,NSE:DCW,37.5,37.55,37.45,37.5,4687.0
2021-06-10 12:49:00,NSE:DCW,37.55,37.75,37.55,37.65,43123.0
2021-06-10 12:50:00,NSE:DCW,37.7,37.75,37.65,37.75,6343.0
2021-06-10 12:51:00,NSE:DCW,37.75,37.75,37.65,37.65,2627.0
2021-06-10 12:52:00,NSE:DCW,37.65,37.75,37.65,37.7,4197.0
2021-06-10 12:53:00,NSE:DCW,37.7,37.7,37.65,37.7,4283.0
2021-06-10 12:54:00,NSE:DCW,37.7,37.7,37.6,37.6,7640.0
2021-06-10 12:55:00,NSE:DCW,37.6,37.6,37.6,37.6,2097.0
2021-06-10 12:56:00,NSE:DCW,37.6,37.6,37.55,37.6,2859.0
2021-06-10 12:57:00,NSE:DCW,37.55,37.65,37.5,37.5,10526.0
2021-06-10 12:58:00,NSE:DCW,37.65,37.65,37.6,37.6,8469.0
2021-06-10 12:59:00,NSE:DCW,37.65,37.65,37.55,37.65,6130.0
2021-06-10 13:00:00,NSE:DCW,37.65,37.65,37.55,37.65,6851.0
2021-06-10 13:01:00,NSE:DCW,37.65,37.65,37.6,37.65,603.0
2021-06-10 13:02:00,NSE:DCW,37.65,37.65,37.6,37.65,4217.0
2021-06-10 13:03:00,NSE:DCW,37.65,37.65,37.5,37.55,13645.0
2021-06-10 13:04:00,NSE:DCW,37.55,37.6,37.55,37.6,6746.0
2021-06-10 13:05:00,NSE:DCW,37.55,37.55,37.55,37.55,257.0
2021-06-10 13:06:00,NSE:DCW,37.6,37.6,37.55,37.6,6337.0
2021-06-10 13:07:00,NSE:DCW,37.65,37.65,37.55,37.55,11218.0
2021-06-10 13:08:00,NSE:DCW,37.55,37.55,37.55,37.55,1510.0
2021-06-10 13:09:00,NSE:DCW,37.55,37.55,37.45,37.45,9025.0
2021-06-10 13:10:00,NSE:DCW,37.4,37.4,37.25,37.3,20939.0
2021-06-10 13:11:00,NSE:DCW,37.35,37.4,37.3,37.3,13009.0
2021-06-10 13:12:00,NSE:DCW,37.35,37.4,37.3,37.35,2416.0
2021-06-10 13:13:00,NSE:DCW,37.25,37.35,37.25,37.3,8666.0
2021-06-10 13:14:00,NSE:DCW,37.35,37.35,37.3,37.35,17842.0
2021-06-10 13:15:00,NSE:DCW,37.35,37.5,37.35,37.5,7384.0
2021-06-10 13:16:00,NSE:DCW,37.5,37.55,37.45,37.55,8669.0
2021-06-10 13:17:00,NSE:DCW,37.45,37.55,37.45,37.55,502.0
2021-06-10 13:18:00,NSE:DCW,37.45,37.55,37.45,37.55,2727.0
2021-06-10 13:19:00,NSE:DCW,37.45,37.45,37.45,37.45,2464.0
2021-06-10 13:20:00,NSE:DCW,37.45,37.45,37.4,37.45,6434.0
2021-06-10 13:21:00,NSE:DCW,37.4,37.4,37.4,37.4,1950.0
2021-06-10 13:22:00,NSE:DCW,37.45,37.45,37.45,37.45,100.0
2021-06-10 13:23:00,NSE:DCW,37.45,37.5,37.4,37.5,3612.0
2021-06-10 13:24:00,NSE:DCW,37.5,37.55,37.5,37.55,2000.0
2021-06-10 13:25:00,NSE:DCW,37.55,37.55,37.45,37.5,4575.0
2021-06-10 13:26:00,NSE:DCW,37.5,37.5,37.5,37.5,882.0
2021-06-10 13:27:00,NSE:DCW,37.5,37.5,37.4,37.5,2662.0
2021-06-10 13:28:00,NSE:DCW,37.5,37.5,37.4,37.45,1750.0
2021-06-10 13:29:00,NSE:DCW,37.45,37.55,37.45,37.55,3123.0
2021-06-10 13:30:00,NSE:DCW,37.55,37.55,37.5,37.5,747.0
2021-06-10 13:31:00,NSE:DCW,37.5,37.5,37.4,37.5,1382.0
2021-06-10 13:32:00,NSE:DCW,37.5,37.5,37.5,37.5,61.0
2021-06-10 13:33:00,NSE:DCW,37.45,37.5,37.45,37.45,1089.0
2021-06-10 13:34:00,NSE:DCW,37.45,37.5,37.4,37.4,3560.0
2021-06-10 13:35:00,NSE:DCW,37.45,37.45,37.4,37.45,5758.0
2021-06-10 13:36:00,NSE:DCW,37.45,37.45,37.4,37.45,1750.0
2021-06-10 13:37:00,NSE:DCW,37.45,37.5,37.45,37.5,1558.0
2021-06-10 13:38:00,NSE:DCW,37.5,37.55,37.45,37.55,3104.0
2021-06-10 13:39:00,NSE:DCW,37.55,37.6,37.55,37.6,938.0
2021-06-10 13:40:00,NSE:DCW,37.55,37.6,37.45,37.45,6418.0
2021-06-10 13:41:00,NSE:DCW,37.55,37.55,37.45,37.5,6299.0
2021-06-10 13:42:00,NSE:DCW,37.5,37.5,37.45,37.45,2528.0
2021-06-10 13:43:00,NSE:DCW,37.5,37.5,37.45,37.45,1060.0
2021-06-10 13:44:00,NSE:DCW,37.5,37.55,37.45,37.5,2216.0
2021-06-10 13:45:00,NSE:DCW,37.45,37.6,37.45,37.6,6690.0
2021-06-10 13:46:00,NSE:DCW,37.5,37.6,37.5,37.55,12390.0
2021-06-10 13:47:00,NSE:DCW,37.6,37.65,37.55,37.6,4700.0
2021-06-10 13:48:00,NSE:DCW,37.6,37.75,37.6,37.75,15327.0
2021-06-10 13:49:00,NSE:DCW,37.7,37.95,37.7,37.95,74187.0
2021-06-10 13:50:00,NSE:DCW,37.9,38.0,37.9,37.9,14585.0
2021-06-10 13:51:00,NSE:DCW,37.9,37.95,37.9,37.9,16415.0
2021-06-10 13:52:00,NSE:DCW,37.95,38.2,37.8,38.15,136461.0
2021-06-10 13:53:00,NSE:DCW,38.2,38.25,38.05,38.05,74104.0
2021-06-10 13:54:00,NSE:DCW,38.05,38.25,38.0,38.25,89813.0
2021-06-10 13:55:00,NSE:DCW,38.25,38.4,38.2,38.3,93091.0
2021-06-10 13:56:00,NSE:DCW,38.3,38.5,38.3,38.3,94639.0
2021-06-10 13:57:00,NSE:DCW,38.3,38.4,38.25,38.35,58591.0
2021-06-10 13:58:00,NSE:DCW,38.3,38.45,38.25,38.35,36209.0
2021-06-10 13:59:00,NSE:DCW,38.4,38.45,38.3,38.4,50028.0
2021-06-10 14:00:00,NSE:DCW,38.4,38.45,38.35,38.4,41653.0
2021-06-10 14:01:00,NSE:DCW,38.45,38.45,38.35,38.45,12962.0
2021-06-10 14:02:00,NSE:DCW,38.35,38.45,38.25,38.25,38588.0
2021-06-10 14:03:00,NSE:DCW,38.3,38.35,38.25,38.35,37771.0
2021-06-10 14:04:00,NSE:DCW,38.25,38.35,38.25,38.35,20208.0
2021-06-10 14:05:00,NSE:DCW,38.3,38.4,38.3,38.3,10296.0
2021-06-10 14:06:00,NSE:DCW,38.35,38.4,38.25,38.3,36424.0
2021-06-10 14:07:00,NSE:DCW,38.35,38.35,38.3,38.35,26814.0
2021-06-10 14:08:00,NSE:DCW,38.3,38.35,38.3,38.3,6297.0
2021-06-10 14:09:00,NSE:DCW,38.35,38.4,38.3,38.3,15365.0
2021-06-10 14:10:00,NSE:DCW,38.35,38.4,38.3,38.3,21045.0
2021-06-10 14:11:00,NSE:DCW,38.3,38.35,38.3,38.3,30850.0
2021-06-10 14:12:00,NSE:DCW,38.3,38.3,38.2,38.2,15307.0
2021-06-10 14:13:00,NSE:DCW,38.25,38.25,38.2,38.2,12423.0
2021-06-10 14:14:00,NSE:DCW,38.2,38.2,38.15,38.2,11504.0
2021-06-10 14:15:00,NSE:DCW,38.15,38.2,38.15,38.15,9203.0
2021-06-10 14:16:00,NSE:DCW,38.2,38.2,38.15,38.15,9713.0
2021-06-10 14:17:00,NSE:DCW,38.15,38.2,38.15,38.2,8190.0
2021-06-10 14:18:00,NSE:DCW,38.15,38.3,38.15,38.3,21711.0
2021-06-10 14:19:00,NSE:DCW,38.3,38.5,38.3,38.45,86872.0
2021-06-10 14:20:00,NSE:DCW,38.45,38.5,38.45,38.45,19149.0
2021-06-10 14:21:00,NSE:DCW,38.45,38.75,38.45,38.75,260810.0
2021-06-10 14:22:00,NSE:DCW,38.75,38.8,38.25,38.25,171114.0
2021-06-10 14:23:00,NSE:DCW,38.35,38.4,38.3,38.35,70030.0
2021-06-10 14:24:00,NSE:DCW,38.4,38.4,38.2,38.25,29586.0
2021-06-10 14:25:00,NSE:DCW,38.25,38.35,38.25,38.35,9492.0
2021-06-10 14:26:00,NSE:DCW,38.35,38.35,38.2,38.25,14627.0
2021-06-10 14:27:00,NSE:DCW,38.25,38.3,38.2,38.25,4283.0
2021-06-10 14:28:00,NSE:DCW,38.3,38.3,38.2,38.25,22524.0
2021-06-10 14:29:00,NSE:DCW,38.15,38.2,38.15,38.2,5360.0
2021-06-10 14:30:00,NSE:DCW,38.2,38.2,38.05,38.05,14200.0
2021-06-10 14:31:00,NSE:DCW,38.1,38.15,38.1,38.15,24262.0
2021-06-10 14:32:00,NSE:DCW,38.25,38.25,38.15,38.2,3823.0
2021-06-10 14:33:00,NSE:DCW,38.2,38.2,38.1,38.1,7805.0
2021-06-10 14:34:00,NSE:DCW,38.15,38.15,38.1,38.1,5635.0
2021-06-10 14:35:00,NSE:DCW,38.15,38.2,38.15,38.15,5030.0
2021-06-10 14:36:00,NSE:DCW,38.2,38.25,38.15,38.25,11703.0
2021-06-10 14:37:00,NSE:DCW,38.25,38.25,38.15,38.2,5491.0
2021-06-10 14:38:00,NSE:DCW,38.15,38.2,38.1,38.1,12683.0
2021-06-10 14:39:00,NSE:DCW,38.15,38.2,38.1,38.2,9267.0
2021-06-10 14:40:00,NSE:DCW,38.1,38.15,38.0,38.05,60960.0
2021-06-10 14:41:00,NSE:DCW,38.0,38.0,37.9,37.95,31401.0
2021-06-10 14:42:00,NSE:DCW,38.0,38.0,37.85,37.95,25557.0
2021-06-10 14:43:00,NSE:DCW,37.9,38.0,37.85,38.0,38923.0
2021-06-10 14:44:00,NSE:DCW,38.0,38.0,37.85,37.85,18869.0
2021-06-10 14:45:00,NSE:DCW,37.95,38.05,37.95,38.05,24488.0
2021-06-10 14:46:00,NSE:DCW,38.05,38.1,38.0,38.1,8562.0
2021-06-10 14:47:00,NSE:DCW,38.0,38.1,38.0,38.0,2140.0
2021-06-10 14:48:00,NSE:DCW,38.05,38.1,38.0,38.05,2118.0
2021-06-10 14:49:00,NSE:DCW,38.1,38.1,38.0,38.0,14199.0
2021-06-10 14:50:00,NSE:DCW,38.0,38.1,37.95,38.05,17181.0
2021-06-10 14:51:00,NSE:DCW,38.05,38.1,38.0,38.05,16730.0
2021-06-10 14:52:00,NSE:DCW,38.05,38.05,37.95,37.95,15988.0
2021-06-10 14:53:00,NSE:DCW,38.0,38.05,37.95,38.05,4201.0
2021-06-10 14:54:00,NSE:DCW,38.05,38.1,38.0,38.05,17700.0
2021-06-10 14:55:00,NSE:DCW,38.0,38.05,37.95,38.0,3767.0
2021-06-10 14:56:00,NSE:DCW,38.0,38.1,37.95,38.1,21635.0
2021-06-10 14:57:00,NSE:DCW,38.1,38.1,38.0,38.0,12565.0
2021-06-10 14:58:00,NSE:DCW,38.0,38.0,37.95,38.0,4928.0
2021-06-10 14:59:00,NSE:DCW,38.0,38.0,37.8,37.8,19618.0
2021-06-10 15:00:00,NSE:DCW,37.85,37.85,37.75,37.8,22458.0
2021-06-10 15:01:00,NSE:DCW,37.8,37.9,37.75,37.9,9249.0
2021-06-10 15:02:00,NSE:DCW,37.9,37.9,37.9,37.9,7481.0
2021-06-10 15:03:00,NSE:DCW,37.85,37.9,37.85,37.9,3155.0
2021-06-10 15:04:00,NSE:DCW,37.9,38.0,37.9,37.95,19556.0
2021-06-10 15:05:00,NSE:DCW,38.0,38.0,37.9,37.95,12382.0
2021-06-10 15:06:00,NSE:DCW,37.95,38.0,37.9,38.0,7333.0
2021-06-10 15:07:00,NSE:DCW,38.0,38.0,37.95,38.0,25511.0
2021-06-10 15:08:00,NSE:DCW,37.95,38.05,37.95,37.95,13830.0
2021-06-10 15:09:00,NSE:DCW,38.05,38.05,37.95,38.05,10731.0
2021-06-10 15:10:00,NSE:DCW,38.05,38.05,37.95,37.95,9352.0
2021-06-10 15:11:00,NSE:DCW,37.95,38.05,37.95,38.0,5128.0
2021-06-10 15:12:00,NSE:DCW,38.05,38.05,38.0,38.0,14706.0
2021-06-10 15:13:00,NSE:DCW,38.0,38.0,37.95,38.0,4120.0
2021-06-10 15:14:00,NSE:DCW,38.0,38.0,37.95,38.0,35373.0
2021-06-10 15:15:00,NSE:DCW,38.0,38.0,37.75,37.85,34681.0
2021-06-10 15:16:00,NSE:DCW,37.85,37.95,37.75,37.85,38148.0
2021-06-10 15:17:00,NSE:DCW,37.85,37.95,37.85,37.9,19245.0
2021-06-10 15:18:00,NSE:DCW,37.8,37.95,37.8,37.85,13611.0
2021-06-10 15:19:00,NSE:DCW,37.8,37.9,37.8,37.9,8375.0
2021-06-10 15:20:00,NSE:DCW,37.9,37.9,37.8,37.9,52538.0
2021-06-10 15:21:00,NSE:DCW,37.9,37.9,37.85,37.9,3040.0
2021-06-10 15:22:00,NSE:DCW,37.85,37.85,37.8,37.8,35373.0
2021-06-10 15:23:00,NSE:DCW,37.8,37.85,37.75,37.8,17353.0
2021-06-10 15:24:00,NSE:DCW,37.8,37.85,37.75,37.85,29658.0
2021-06-10 15:25:00,NSE:DCW,37.85,37.9,37.8,37.85,9697.0
2021-06-10 15:26:00,NSE:DCW,37.8,37.85,37.75,37.8,24572.0
2021-06-10 15:27:00,NSE:DCW,37.8,37.85,37.75,37.85,28290.0
2021-06-10 15:28:00,NSE:DCW,37.85,37.9,37.8,37.9,15432.0
2021-06-10 15:29:00,NSE:DCW,37.9,38.05,37.9,37.95,54911.0
2021-06-10 15:30:00,NSE:DCW,38.0,38.0,38.0,38.0,200.0
2021-06-10 15:40:00,NSE:DCW,37.9,38.0,37.9,38.0,5100.0
2021-06-11 09:07:00,NSE:DCW,38.25,38.25,38.25,38.25,8678.0
2021-06-11 09:15:00,NSE:DCW,38.25,38.35,38.0,38.2,66468.0
2021-06-11 09:16:00,NSE:DCW,38.15,38.25,38.1,38.15,13471.0
2021-06-11 09:17:00,NSE:DCW,38.15,38.2,38.05,38.2,21493.0
2021-06-11 09:18:00,NSE:DCW,38.2,38.2,38.05,38.05,13011.0
2021-06-11 09:19:00,NSE:DCW,38.05,38.1,37.9,37.9,39022.0
2021-06-11 09:20:00,NSE:DCW,37.9,37.9,37.85,37.85,13930.0
2021-06-11 09:21:00,NSE:DCW,37.85,37.9,37.85,37.85,23783.0
2021-06-11 09:22:00,NSE:DCW,37.85,37.85,37.75,37.75,10989.0
2021-06-11 09:23:00,NSE:DCW,37.85,37.85,37.6,37.7,11783.0
2021-06-11 09:24:00,NSE:DCW,37.6,37.75,37.55,37.75,20960.0
2021-06-11 09:25:00,NSE:DCW,37.7,37.8,37.7,37.75,8098.0
2021-06-11 09:26:00,NSE:DCW,37.75,38.0,37.75,38.0,17105.0
2021-06-11 09:27:00,NSE:DCW,38.0,38.1,38.0,38.05,37067.0
2021-06-11 09:28:00,NSE:DCW,38.05,38.15,38.0,38.1,16763.0
2021-06-11 09:29:00,NSE:DCW,38.05,38.15,38.0,38.15,12525.0
2021-06-11 09:30:00,NSE:DCW,38.2,38.2,38.0,38.1,12103.0
2021-06-11 09:31:00,NSE:DCW,38.1,38.1,37.9,37.9,16746.0
2021-06-11 09:32:00,NSE:DCW,37.9,37.9,37.85,37.9,7846.0
2021-06-11 09:33:00,NSE:DCW,37.9,37.95,37.8,37.95,10131.0
2021-06-11 09:34:00,NSE:DCW,38.0,38.0,37.85,37.95,5400.0
2021-06-11 09:35:00,NSE:DCW,37.95,38.0,37.9,37.9,6532.0
2021-06-11 09:36:00,NSE:DCW,37.95,37.95,37.85,37.9,1428.0
2021-06-11 09:37:00,NSE:DCW,37.9,38.1,37.9,38.1,8208.0
2021-06-11 09:38:00,NSE:DCW,38.15,38.2,37.9,37.9,32378.0
2021-06-11 09:39:00,NSE:DCW,37.95,37.95,37.8,37.9,21369.0
2021-06-11 09:40:00,NSE:DCW,37.9,38.15,37.9,38.1,25827.0
2021-06-11 09:41:00,NSE:DCW,38.1,38.2,38.05,38.2,17123.0
2021-06-11 09:42:00,NSE:DCW,38.15,38.4,38.15,38.3,74972.0
2021-06-11 09:43:00,NSE:DCW,38.3,38.35,38.2,38.35,26405.0
2021-06-11 09:44:00,NSE:DCW,38.3,38.5,38.3,38.4,83272.0
2021-06-11 09:45:00,NSE:DCW,38.5,38.7,38.5,38.6,81381.0
2021-06-11 09:46:00,NSE:DCW,38.55,38.55,38.45,38.5,65602.0
2021-06-11 09:47:00,NSE:DCW,38.45,38.5,38.45,38.45,3506.0
2021-06-11 09:48:00,NSE:DCW,38.45,38.5,38.35,38.35,16389.0
2021-06-11 09:49:00,NSE:DCW,38.35,38.45,38.35,38.45,14233.0
2021-06-11 09:50:00,NSE:DCW,38.5,38.5,38.4,38.4,3210.0
2021-06-11 09:51:00,NSE:DCW,38.4,38.45,38.4,38.45,16935.0
2021-06-11 09:52:00,NSE:DCW,38.45,38.45,38.4,38.45,12750.0
2021-06-11 09:53:00,NSE:DCW,38.4,38.45,38.35,38.35,3550.0
2021-06-11 09:54:00,NSE:DCW,38.35,38.45,38.35,38.35,6065.0
2021-06-11 09:55:00,NSE:DCW,38.35,38.45,38.35,38.45,4327.0
2021-06-11 09:56:00,NSE:DCW,38.4,38.45,38.4,38.4,5574.0
2021-06-11 09:57:00,NSE:DCW,38.4,38.4,38.3,38.3,31205.0
2021-06-11 09:58:00,NSE:DCW,38.3,38.35,38.3,38.3,10947.0
2021-06-11 09:59:00,NSE:DCW,38.3,38.4,38.3,38.4,11586.0
2021-06-11 10:00:00,NSE:DCW,38.4,38.5,38.4,38.45,8490.0
2021-06-11 10:01:00,NSE:DCW,38.45,38.45,38.3,38.4,22160.0
2021-06-11 10:02:00,NSE:DCW,38.35,38.35,38.3,38.3,7178.0
2021-06-11 10:03:00,NSE:DCW,38.3,38.35,38.3,38.3,4012.0
2021-06-11 10:04:00,NSE:DCW,38.3,38.4,38.2,38.3,9641.0
2021-06-11 10:05:00,NSE:DCW,38.25,38.3,38.2,38.3,6209.0
2021-06-11 10:06:00,NSE:DCW,38.3,38.35,38.2,38.2,14281.0
2021-06-11 10:07:00,NSE:DCW,38.2,38.3,38.2,38.2,4440.0
2021-06-11 10:08:00,NSE:DCW,38.2,38.3,38.2,38.2,2484.0
2021-06-11 10:09:00,NSE:DCW,38.2,38.3,38.2,38.25,2151.0
2021-06-11 10:10:00,NSE:DCW,38.3,38.3,38.2,38.2,2150.0
2021-06-11 10:11:00,NSE:DCW,38.25,38.25,38.2,38.25,1558.0
2021-06-11 10:12:00,NSE:DCW,38.2,38.25,38.2,38.25,1850.0
2021-06-11 10:13:00,NSE:DCW,38.2,38.3,38.2,38.2,3342.0
2021-06-11 10:14:00,NSE:DCW,38.2,38.3,38.2,38.3,19448.0
2021-06-11 10:15:00,NSE:DCW,38.35,38.35,38.2,38.2,4216.0
2021-06-11 10:16:00,NSE:DCW,38.3,38.3,38.2,38.25,3257.0
2021-06-11 10:17:00,NSE:DCW,38.25,38.25,38.15,38.15,5156.0
2021-06-11 10:18:00,NSE:DCW,38.15,38.15,38.05,38.1,8714.0
2021-06-11 10:19:00,NSE:DCW,38.0,38.05,38.0,38.0,4844.0
2021-06-11 10:20:00,NSE:DCW,38.05,38.05,37.8,37.9,30107.0
2021-06-11 10:21:00,NSE:DCW,37.8,37.9,37.75,37.75,30750.0
2021-06-11 10:22:00,NSE:DCW,37.8,37.8,37.7,37.7,12739.0
2021-06-11 10:23:00,NSE:DCW,37.7,37.8,37.7,37.8,10157.0
2021-06-11 10:24:00,NSE:DCW,37.8,37.8,37.7,37.8,9871.0
2021-06-11 10:25:00,NSE:DCW,37.75,37.85,37.75,37.8,10787.0
2021-06-11 10:26:00,NSE:DCW,37.8,37.9,37.8,37.8,8668.0
2021-06-11 10:27:00,NSE:DCW,37.95,37.95,37.95,37.95,9662.0
2021-06-11 10:28:00,NSE:DCW,38.0,38.0,37.9,38.0,6021.0
2021-06-11 10:29:00,NSE:DCW,37.95,38.05,37.95,38.05,22564.0
2021-06-11 10:30:00,NSE:DCW,38.05,38.05,38.0,38.0,2171.0
2021-06-11 10:31:00,NSE:DCW,38.0,38.1,38.0,38.1,9133.0
2021-06-11 10:32:00,NSE:DCW,38.1,38.1,38.0,38.1,4150.0
2021-06-11 10:33:00,NSE:DCW,38.1,38.1,38.05,38.1,1172.0
2021-06-11 10:34:00,NSE:DCW,38.1,38.15,38.1,38.15,6012.0
2021-06-11 10:35:00,NSE:DCW,38.15,38.2,38.15,38.15,4399.0
2021-06-11 10:36:00,NSE:DCW,38.2,38.2,38.05,38.15,959.0
2021-06-11 10:37:00,NSE:DCW,38.2,38.2,38.05,38.05,2530.0
2021-06-11 10:38:00,NSE:DCW,38.05,38.15,38.05,38.15,637.0
2021-06-11 10:39:00,NSE:DCW,38.15,38.15,38.1,38.15,2647.0
2021-06-11 10:40:00,NSE:DCW,38.15,38.3,38.15,38.3,15000.0
2021-06-11 10:41:00,NSE:DCW,38.3,38.3,38.15,38.15,1850.0
2021-06-11 10:42:00,NSE:DCW,38.15,38.2,38.15,38.2,3449.0
2021-06-11 10:43:00,NSE:DCW,38.15,38.2,38.1,38.1,1515.0
2021-06-11 10:44:00,NSE:DCW,38.2,38.2,38.1,38.1,6619.0
2021-06-11 10:45:00,NSE:DCW,38.1,38.15,38.0,38.05,3277.0
2021-06-11 10:46:00,NSE:DCW,38.1,38.15,38.05,38.1,2061.0
2021-06-11 10:47:00,NSE:DCW,38.2,38.2,38.1,38.15,8072.0
2021-06-11 10:48:00,NSE:DCW,38.1,38.1,38.05,38.05,1680.0
2021-06-11 10:49:00,NSE:DCW,38.15,38.15,38.15,38.15,41.0
2021-06-11 10:50:00,NSE:DCW,38.1,38.1,38.05,38.05,9875.0
2021-06-11 10:51:00,NSE:DCW,38.05,38.1,38.0,38.05,10106.0
2021-06-11 10:52:00,NSE:DCW,38.05,38.05,38.05,38.05,200.0
2021-06-11 10:53:00,NSE:DCW,38.1,38.1,38.05,38.05,1100.0
2021-06-11 10:54:00,NSE:DCW,38.1,38.15,38.1,38.15,21354.0
2021-06-11 10:55:00,NSE:DCW,38.25,38.25,38.25,38.25,1500.0
2021-06-11 10:56:00,NSE:DCW,38.25,38.25,38.15,38.15,542.0
2021-06-11 10:57:00,NSE:DCW,38.15,38.2,38.15,38.2,1125.0
2021-06-11 10:58:00,NSE:DCW,38.15,38.2,38.15,38.15,1667.0
2021-06-11 10:59:00,NSE:DCW,38.2,38.2,38.15,38.2,1606.0
2021-06-11 11:00:00,NSE:DCW,38.2,38.2,38.15,38.2,538.0
2021-06-11 11:01:00,NSE:DCW,38.2,38.25,38.15,38.25,5738.0
2021-06-11 11:02:00,NSE:DCW,38.2,38.25,38.2,38.25,2686.0
2021-06-11 11:03:00,NSE:DCW,38.25,38.25,38.15,38.15,1055.0
2021-06-11 11:04:00,NSE:DCW,38.15,38.2,38.15,38.15,1550.0
2021-06-11 11:05:00,NSE:DCW,38.2,38.25,38.2,38.2,2301.0
2021-06-11 11:06:00,NSE:DCW,38.15,38.2,38.15,38.2,3658.0
2021-06-11 11:07:00,NSE:DCW,38.2,38.2,38.1,38.1,2700.0
2021-06-11 11:08:00,NSE:DCW,38.15,38.15,38.1,38.15,5362.0
2021-06-11 11:09:00,NSE:DCW,38.2,38.2,38.1,38.1,1100.0
2021-06-11 11:10:00,NSE:DCW,38.2,38.2,38.1,38.2,2130.0
2021-06-11 11:11:00,NSE:DCW,38.1,38.1,38.1,38.1,1570.0
2021-06-11 11:12:00,NSE:DCW,38.15,38.15,38.1,38.1,133.0
2021-06-11 11:13:00,NSE:DCW,38.15,38.15,38.1,38.1,5236.0
2021-06-11 11:14:00,NSE:DCW,38.1,38.1,38.0,38.0,31029.0
2021-06-11 11:15:00,NSE:DCW,38.0,38.0,37.9,37.95,2709.0
2021-06-11 11:16:00,NSE:DCW,37.9,37.95,37.9,37.95,3297.0
2021-06-11 11:17:00,NSE:DCW,37.95,38.05,37.95,38.05,420.0
2021-06-11 11:18:00,NSE:DCW,37.95,38.0,37.95,37.95,3532.0
2021-06-11 11:19:00,NSE:DCW,37.95,38.0,37.95,37.95,840.0
2021-06-11 11:20:00,NSE:DCW,37.95,38.0,37.95,37.95,1762.0
2021-06-11 11:21:00,NSE:DCW,37.9,37.95,37.9,37.9,541.0
2021-06-11 11:22:00,NSE:DCW,37.95,38.0,37.9,37.9,2950.0
2021-06-11 11:23:00,NSE:DCW,37.95,37.95,37.95,37.95,1306.0
2021-06-11 11:24:00,NSE:DCW,37.9,38.0,37.9,37.95,154.0
2021-06-11 11:25:00,NSE:DCW,37.9,37.95,37.9,37.9,1654.0
2021-06-11 11:26:00,NSE:DCW,37.85,37.9,37.8,37.8,4429.0
2021-06-11 11:27:00,NSE:DCW,37.9,37.9,37.8,37.8,4701.0
2021-06-11 11:28:00,NSE:DCW,37.8,37.85,37.7,37.7,19124.0
2021-06-11 11:29:00,NSE:DCW,37.8,37.85,37.75,37.75,499.0
2021-06-11 11:30:00,NSE:DCW,37.75,37.75,37.75,37.75,682.0
2021-06-11 11:31:00,NSE:DCW,37.75,37.85,37.75,37.75,2299.0
2021-06-11 11:32:00,NSE:DCW,37.85,37.85,37.75,37.75,128.0
2021-06-11 11:33:00,NSE:DCW,37.7,37.7,37.65,37.65,24790.0
2021-06-11 11:34:00,NSE:DCW,37.7,37.7,37.65,37.65,5038.0
2021-06-11 11:35:00,NSE:DCW,37.6,37.7,37.6,37.65,8594.0
2021-06-11 11:36:00,NSE:DCW,37.65,37.7,37.6,37.7,5345.0
2021-06-11 11:37:00,NSE:DCW,37.7,37.7,37.65,37.7,4442.0
2021-06-11 11:38:00,NSE:DCW,37.65,37.7,37.6,37.6,4860.0
2021-06-11 11:39:00,NSE:DCW,37.7,37.7,37.7,37.7,612.0
2021-06-11 11:40:00,NSE:DCW,37.7,37.75,37.7,37.75,871.0
2021-06-11 11:41:00,NSE:DCW,37.75,37.75,37.75,37.75,2725.0
2021-06-11 11:42:00,NSE:DCW,37.75,37.8,37.75,37.8,1309.0
2021-06-11 11:43:00,NSE:DCW,37.75,37.8,37.75,37.75,3120.0
2021-06-11 11:44:00,NSE:DCW,37.7,37.75,37.7,37.75,353.0
2021-06-11 11:45:00,NSE:DCW,37.75,37.75,37.7,37.75,414.0
2021-06-11 11:46:00,NSE:DCW,37.75,37.75,37.7,37.75,2550.0
2021-06-11 11:47:00,NSE:DCW,37.7,37.75,37.7,37.75,3825.0
2021-06-11 11:49:00,NSE:DCW,37.75,37.75,37.75,37.75,200.0
2021-06-11 11:50:00,NSE:DCW,37.8,37.8,37.75,37.75,1168.0
2021-06-11 11:51:00,NSE:DCW,37.75,37.8,37.65,37.65,9697.0
2021-06-11 11:52:00,NSE:DCW,37.7,37.7,37.6,37.6,3200.0
2021-06-11 11:53:00,NSE:DCW,37.65,37.65,37.6,37.65,1534.0
2021-06-11 11:54:00,NSE:DCW,37.65,37.7,37.65,37.7,1357.0
2021-06-11 11:55:00,NSE:DCW,37.7,37.7,37.65,37.7,2235.0
2021-06-11 11:56:00,NSE:DCW,37.65,37.65,37.65,37.65,1333.0
2021-06-11 11:57:00,NSE:DCW,37.7,37.7,37.65,37.7,7019.0
2021-06-11 11:58:00,NSE:DCW,37.65,37.75,37.65,37.75,4732.0
2021-06-11 11:59:00,NSE:DCW,37.75,37.75,37.75,37.75,5.0
2021-06-11 12:00:00,NSE:DCW,37.75,37.75,37.7,37.7,1480.0
2021-06-11 12:01:00,NSE:DCW,37.7,37.7,37.65,37.7,1081.0
2021-06-11 12:02:00,NSE:DCW,37.7,37.7,37.65,37.65,1102.0
2021-06-11 12:03:00,NSE:DCW,37.7,37.7,37.65,37.65,2295.0
2021-06-11 12:06:00,NSE:DCW,37.7,37.7,37.7,37.7,63.0
2021-06-11 12:08:00,NSE:DCW,37.65,37.7,37.65,37.65,3387.0
2021-06-11 12:09:00,NSE:DCW,37.7,37.7,37.6,37.7,2577.0
2021-06-11 12:10:00,NSE:DCW,37.7,37.7,37.6,37.6,6465.0
2021-06-11 12:11:00,NSE:DCW,37.6,37.6,37.5,37.5,21604.0
2021-06-11 12:12:00,NSE:DCW,37.5,37.5,37.4,37.4,5612.0
2021-06-11 12:13:00,NSE:DCW,37.4,37.4,37.35,37.35,7981.0
2021-06-11 12:14:00,NSE:DCW,37.45,37.45,37.4,37.45,1186.0
2021-06-11 12:15:00,NSE:DCW,37.4,37.45,37.4,37.4,3322.0
2021-06-11 12:16:00,NSE:DCW,37.4,37.45,37.35,37.45,6199.0
2021-06-11 12:17:00,NSE:DCW,37.45,37.5,37.45,37.5,1432.0
2021-06-11 12:18:00,NSE:DCW,37.5,37.6,37.45,37.45,7859.0
2021-06-11 12:19:00,NSE:DCW,37.5,37.5,37.5,37.5,110.0
2021-06-11 12:20:00,NSE:DCW,37.5,37.6,37.45,37.5,5840.0
2021-06-11 12:21:00,NSE:DCW,37.45,37.5,37.45,37.5,2501.0
2021-06-11 12:22:00,NSE:DCW,37.5,37.5,37.45,37.5,1005.0
2021-06-11 12:23:00,NSE:DCW,37.5,37.5,37.45,37.45,139.0
2021-06-11 12:24:00,NSE:DCW,37.5,37.5,37.45,37.5,2535.0
2021-06-11 12:25:00,NSE:DCW,37.55,37.55,37.45,37.45,2398.0
2021-06-11 12:26:00,NSE:DCW,37.45,37.55,37.4,37.4,4315.0
2021-06-11 12:27:00,NSE:DCW,37.4,37.45,37.4,37.45,1777.0
2021-06-11 12:28:00,NSE:DCW,37.45,37.5,37.4,37.4,1100.0
2021-06-11 12:29:00,NSE:DCW,37.45,37.5,37.45,37.45,2737.0
2021-06-11 12:30:00,NSE:DCW,37.5,37.5,37.5,37.5,300.0
2021-06-11 12:31:00,NSE:DCW,37.5,37.6,37.5,37.6,1720.0
2021-06-11 12:32:00,NSE:DCW,37.6,37.6,37.6,37.6,1101.0
2021-06-11 12:33:00,NSE:DCW,37.6,37.6,37.55,37.6,1951.0
2021-06-11 12:34:00,NSE:DCW,37.5,37.5,37.5,37.5,525.0
2021-06-11 12:35:00,NSE:DCW,37.6,37.65,37.6,37.65,1020.0
2021-06-11 12:36:00,NSE:DCW,37.55,37.6,37.55,37.6,779.0
2021-06-11 12:37:00,NSE:DCW,37.6,37.6,37.6,37.6,411.0
2021-06-11 12:38:00,NSE:DCW,37.6,37.65,37.5,37.6,9945.0
2021-06-11 12:39:00,NSE:DCW,37.6,37.6,37.5,37.5,750.0
2021-06-11 12:40:00,NSE:DCW,37.55,37.6,37.55,37.6,240.0
2021-06-11 12:41:00,NSE:DCW,37.6,37.6,37.6,37.6,390.0
2021-06-11 12:42:00,NSE:DCW,37.55,37.55,37.55,37.55,798.0
2021-06-11 12:43:00,NSE:DCW,37.55,37.55,37.55,37.55,1050.0
2021-06-11 12:44:00,NSE:DCW,37.55,37.6,37.55,37.6,78.0
2021-06-11 12:45:00,NSE:DCW,37.65,37.65,37.55,37.65,1326.0
2021-06-11 12:46:00,NSE:DCW,37.65,37.65,37.6,37.6,893.0
2021-06-11 12:47:00,NSE:DCW,37.6,37.7,37.6,37.7,1073.0
2021-06-11 12:48:00,NSE:DCW,37.7,37.7,37.6,37.6,5481.0
2021-06-11 12:49:00,NSE:DCW,37.6,37.6,37.6,37.6,1249.0
2021-06-11 12:50:00,NSE:DCW,37.65,37.65,37.65,37.65,350.0
2021-06-11 12:51:00,NSE:DCW,37.65,37.65,37.55,37.55,1500.0
2021-06-11 12:53:00,NSE:DCW,37.6,37.7,37.6,37.6,602.0
2021-06-11 12:54:00,NSE:DCW,37.7,37.7,37.7,37.7,324.0
2021-06-11 12:55:00,NSE:DCW,37.65,37.65,37.65,37.65,1.0
2021-06-11 12:56:00,NSE:DCW,37.7,37.7,37.7,37.7,50.0
2021-06-11 12:57:00,NSE:DCW,37.65,37.65,37.6,37.6,545.0
2021-06-11 12:58:00,NSE:DCW,37.65,37.65,37.65,37.65,800.0
2021-06-11 12:59:00,NSE:DCW,37.55,37.55,37.5,37.5,10972.0
2021-06-11 13:00:00,NSE:DCW,37.55,37.55,37.55,37.55,331.0
2021-06-11 13:01:00,NSE:DCW,37.5,37.5,37.5,37.5,26.0
2021-06-11 13:02:00,NSE:DCW,37.55,37.55,37.55,37.55,2.0
2021-06-11 13:03:00,NSE:DCW,37.55,37.55,37.55,37.55,6.0
2021-06-11 13:04:00,NSE:DCW,37.55,37.55,37.5,37.5,1900.0
2021-06-11 13:05:00,NSE:DCW,37.45,37.45,37.45,37.45,1715.0
2021-06-11 13:06:00,NSE:DCW,37.5,37.5,37.45,37.5,840.0
2021-06-11 13:07:00,NSE:DCW,37.4,37.5,37.4,37.45,744.0
2021-06-11 13:08:00,NSE:DCW,37.5,37.5,37.45,37.5,1851.0
2021-06-11 13:09:00,NSE:DCW,37.5,37.5,37.5,37.5,3142.0
2021-06-11 13:10:00,NSE:DCW,37.5,37.6,37.5,37.6,6771.0
2021-06-11 13:11:00,NSE:DCW,37.65,37.65,37.65,37.65,1000.0
2021-06-11 13:12:00,NSE:DCW,37.55,37.65,37.55,37.65,35.0
2021-06-11 13:13:00,NSE:DCW,37.65,37.65,37.55,37.55,1041.0
2021-06-11 13:14:00,NSE:DCW,37.6,37.6,37.6,37.6,53.0
2021-06-11 13:15:00,NSE:DCW,37.55,37.65,37.55,37.55,1170.0
2021-06-11 13:16:00,NSE:DCW,37.6,37.6,37.55,37.6,1450.0
2021-06-11 13:17:00,NSE:DCW,37.6,37.6,37.6,37.6,500.0
2021-06-11 13:19:00,NSE:DCW,37.6,37.6,37.6,37.6,504.0
2021-06-11 13:21:00,NSE:DCW,37.55,37.6,37.55,37.6,2266.0
2021-06-11 13:22:00,NSE:DCW,37.6,37.6,37.55,37.55,2086.0
2021-06-11 13:23:00,NSE:DCW,37.6,37.6,37.55,37.6,2801.0
2021-06-11 13:24:00,NSE:DCW,37.6,37.6,37.6,37.6,37.0
2021-06-11 13:25:00,NSE:DCW,37.55,37.65,37.55,37.65,2450.0
2021-06-11 13:26:00,NSE:DCW,37.65,37.65,37.65,37.65,351.0
2021-06-11 13:27:00,NSE:DCW,37.55,37.55,37.5,37.5,10993.0
2021-06-11 13:28:00,NSE:DCW,37.55,37.55,37.5,37.55,4374.0
2021-06-11 13:29:00,NSE:DCW,37.5,37.5,37.5,37.5,2153.0
2021-06-11 13:30:00,NSE:DCW,37.5,37.5,37.45,37.45,1976.0
2021-06-11 13:31:00,NSE:DCW,37.5,37.5,37.4,37.4,7916.0
2021-06-11 13:32:00,NSE:DCW,37.4,37.4,37.4,37.4,3786.0
2021-06-11 13:33:00,NSE:DCW,37.4,37.5,37.4,37.4,1908.0
2021-06-11 13:34:00,NSE:DCW,37.45,37.5,37.4,37.4,1160.0
2021-06-11 13:35:00,NSE:DCW,37.5,37.5,37.4,37.4,160.0
2021-06-11 13:36:00,NSE:DCW,37.5,37.5,37.45,37.5,10650.0
2021-06-11 13:37:00,NSE:DCW,37.55,37.55,37.55,37.55,1005.0
2021-06-11 13:38:00,NSE:DCW,37.5,37.5,37.5,37.5,338.0
2021-06-11 13:39:00,NSE:DCW,37.5,37.5,37.45,37.5,1253.0
2021-06-11 13:40:00,NSE:DCW,37.45,37.55,37.45,37.45,315.0
2021-06-11 13:41:00,NSE:DCW,37.55,37.55,37.45,37.5,247.0
2021-06-11 13:42:00,NSE:DCW,37.5,37.5,37.5,37.5,75.0
2021-06-11 13:43:00,NSE:DCW,37.5,37.5,37.5,37.5,1808.0
2021-06-11 13:44:00,NSE:DCW,37.55,37.55,37.55,37.55,10.0
2021-06-11 13:45:00,NSE:DCW,37.5,37.55,37.5,37.55,230.0
2021-06-11 13:46:00,NSE:DCW,37.55,37.55,37.5,37.5,1515.0
2021-06-11 13:47:00,NSE:DCW,37.55,37.55,37.55,37.55,500.0
2021-06-11 13:48:00,NSE:DCW,37.55,37.55,37.55,37.55,10.0
2021-06-11 13:49:00,NSE:DCW,37.55,37.55,37.5,37.5,1050.0
2021-06-11 13:50:00,NSE:DCW,37.45,37.55,37.45,37.55,81.0
2021-06-11 13:51:00,NSE:DCW,37.55,37.55,37.5,37.5,261.0
2021-06-11 13:52:00,NSE:DCW,37.55,37.55,37.55,37.55,3.0
2021-06-11 13:53:00,NSE:DCW,37.55,37.55,37.5,37.55,452.0
2021-06-11 13:54:00,NSE:DCW,37.55,37.55,37.55,37.55,484.0
2021-06-11 13:55:00,NSE:DCW,37.55,37.55,37.5,37.55,2618.0
2021-06-11 13:56:00,NSE:DCW,37.5,37.5,37.45,37.45,526.0
2021-06-11 13:57:00,NSE:DCW,37.5,37.55,37.5,37.55,461.0
2021-06-11 13:58:00,NSE:DCW,37.5,37.5,37.45,37.45,296.0
2021-06-11 13:59:00,NSE:DCW,37.55,37.55,37.45,37.5,1385.0
2021-06-11 14:00:00,NSE:DCW,37.5,37.5,37.5,37.5,485.0
2021-06-11 14:01:00,NSE:DCW,37.5,37.55,37.45,37.55,3107.0
2021-06-11 14:02:00,NSE:DCW,37.5,37.55,37.4,37.4,10580.0
2021-06-11 14:03:00,NSE:DCW,37.45,37.5,37.4,37.45,8575.0
2021-06-11 14:04:00,NSE:DCW,37.4,37.5,37.4,37.5,9390.0
2021-06-11 14:05:00,NSE:DCW,37.5,37.5,37.4,37.4,1475.0
2021-06-11 14:06:00,NSE:DCW,37.4,37.6,37.4,37.6,14375.0
2021-06-11 14:07:00,NSE:DCW,37.65,37.65,37.6,37.65,2059.0
2021-06-11 14:08:00,NSE:DCW,37.65,37.7,37.6,37.65,5508.0
2021-06-11 14:09:00,NSE:DCW,37.7,37.7,37.65,37.7,4420.0
2021-06-11 14:10:00,NSE:DCW,37.7,37.7,37.7,37.7,1.0
2021-06-11 14:11:00,NSE:DCW,37.65,37.65,37.65,37.65,151.0
2021-06-11 14:12:00,NSE:DCW,37.65,37.65,37.65,37.65,3750.0
2021-06-11 14:13:00,NSE:DCW,37.65,37.65,37.55,37.55,2430.0
2021-06-11 14:14:00,NSE:DCW,37.6,37.65,37.6,37.65,518.0
2021-06-11 14:15:00,NSE:DCW,37.65,37.65,37.55,37.65,2802.0
2021-06-11 14:16:00,NSE:DCW,37.5,37.7,37.5,37.7,15850.0
2021-06-11 14:17:00,NSE:DCW,37.6,37.6,37.6,37.6,1000.0
2021-06-11 14:18:00,NSE:DCW,37.6,37.65,37.55,37.55,1540.0
2021-06-11 14:19:00,NSE:DCW,37.65,37.65,37.55,37.55,1254.0
2021-06-11 14:20:00,NSE:DCW,37.65,37.65,37.6,37.65,222.0
2021-06-11 14:21:00,NSE:DCW,37.6,37.6,37.6,37.6,1078.0
2021-06-11 14:22:00,NSE:DCW,37.6,37.65,37.55,37.65,3514.0
2021-06-11 14:23:00,NSE:DCW,37.65,37.65,37.55,37.55,1019.0
2021-06-11 14:24:00,NSE:DCW,37.55,37.65,37.55,37.6,229.0
2021-06-11 14:25:00,NSE:DCW,37.65,37.65,37.55,37.55,2661.0
2021-06-11 14:26:00,NSE:DCW,37.6,37.6,37.55,37.55,600.0
2021-06-11 14:27:00,NSE:DCW,37.55,37.6,37.55,37.6,220.0
2021-06-11 14:28:00,NSE:DCW,37.6,37.6,37.55,37.55,1200.0
2021-06-11 14:29:00,NSE:DCW,37.55,37.6,37.55,37.6,8506.0
2021-06-11 14:30:00,NSE:DCW,37.55,37.6,37.55,37.6,186.0
2021-06-11 14:31:00,NSE:DCW,37.6,37.6,37.55,37.6,83.0
2021-06-11 14:33:00,NSE:DCW,37.6,37.65,37.55,37.55,1570.0
2021-06-11 14:34:00,NSE:DCW,37.55,37.55,37.45,37.45,16436.0
2021-06-11 14:35:00,NSE:DCW,37.5,37.5,37.4,37.4,1368.0
2021-06-11 14:36:00,NSE:DCW,37.45,37.45,37.45,37.45,1610.0
2021-06-11 14:37:00,NSE:DCW,37.45,37.55,37.45,37.5,24912.0
2021-06-11 14:38:00,NSE:DCW,37.55,37.55,37.45,37.45,3211.0
2021-06-11 14:39:00,NSE:DCW,37.45,37.5,37.45,37.5,660.0
2021-06-11 14:40:00,NSE:DCW,37.5,37.5,37.5,37.5,500.0
2021-06-11 14:41:00,NSE:DCW,37.45,37.55,37.45,37.55,2145.0
2021-06-11 14:42:00,NSE:DCW,37.55,37.55,37.45,37.5,355.0
2021-06-11 14:43:00,NSE:DCW,37.45,37.5,37.45,37.5,525.0
2021-06-11 14:44:00,NSE:DCW,37.5,37.5,37.5,37.5,1529.0
2021-06-11 14:45:00,NSE:DCW,37.5,37.55,37.5,37.55,1546.0
2021-06-11 14:46:00,NSE:DCW,37.55,37.55,37.5,37.55,3750.0
2021-06-11 14:47:00,NSE:DCW,37.55,37.6,37.55,37.6,7393.0
2021-06-11 14:48:00,NSE:DCW,37.6,37.6,37.55,37.6,382.0
2021-06-11 14:49:00,NSE:DCW,37.6,37.6,37.55,37.6,3701.0
2021-06-11 14:50:00,NSE:DCW,37.6,37.6,37.6,37.6,8038.0
2021-06-11 14:51:00,NSE:DCW,37.6,37.65,37.6,37.6,1301.0
2021-06-11 14:52:00,NSE:DCW,37.55,37.6,37.55,37.6,550.0
2021-06-11 14:53:00,NSE:DCW,37.6,37.6,37.55,37.55,2702.0
2021-06-11 14:54:00,NSE:DCW,37.55,37.6,37.55,37.6,1636.0
2021-06-11 14:55:00,NSE:DCW,37.65,37.65,37.6,37.6,3163.0
2021-06-11 14:56:00,NSE:DCW,37.6,37.6,37.5,37.6,10170.0
2021-06-11 14:57:00,NSE:DCW,37.6,37.6,37.5,37.6,4011.0
2021-06-11 14:58:00,NSE:DCW,37.6,37.6,37.5,37.6,856.0
2021-06-11 14:59:00,NSE:DCW,37.55,37.55,37.55,37.55,2019.0
2021-06-11 15:00:00,NSE:DCW,37.6,37.6,37.6,37.6,380.0
2021-06-11 15:01:00,NSE:DCW,37.6,37.6,37.5,37.5,15069.0
2021-06-11 15:02:00,NSE:DCW,37.55,37.55,37.45,37.45,212.0
2021-06-11 15:03:00,NSE:DCW,37.5,37.55,37.45,37.45,931.0
2021-06-11 15:04:00,NSE:DCW,37.5,37.5,37.4,37.45,4160.0
2021-06-11 15:05:00,NSE:DCW,37.5,37.55,37.45,37.5,2738.0
2021-06-11 15:06:00,NSE:DCW,37.5,37.55,37.45,37.5,1386.0
2021-06-11 15:07:00,NSE:DCW,37.55,37.55,37.5,37.5,2873.0
2021-06-11 15:08:00,NSE:DCW,37.5,37.65,37.45,37.65,19435.0
2021-06-11 15:09:00,NSE:DCW,37.55,37.65,37.55,37.65,4828.0
2021-06-11 15:10:00,NSE:DCW,37.6,37.7,37.6,37.7,37219.0
2021-06-11 15:11:00,NSE:DCW,37.7,37.7,37.6,37.6,16558.0
2021-06-11 15:12:00,NSE:DCW,37.65,37.7,37.65,37.65,1590.0
2021-06-11 15:13:00,NSE:DCW,37.7,37.7,37.65,37.65,9438.0
2021-06-11 15:14:00,NSE:DCW,37.7,37.7,37.7,37.7,8463.0
2021-06-11 15:15:00,NSE:DCW,37.7,37.8,37.7,37.8,11415.0
2021-06-11 15:16:00,NSE:DCW,37.8,37.8,37.7,37.75,15887.0
2021-06-11 15:17:00,NSE:DCW,37.7,37.75,37.65,37.7,8769.0
2021-06-11 15:18:00,NSE:DCW,37.65,37.7,37.65,37.7,8275.0
2021-06-11 15:19:00,NSE:DCW,37.75,37.75,37.7,37.75,9864.0
2021-06-11 15:20:00,NSE:DCW,37.7,37.75,37.65,37.7,2307.0
2021-06-11 15:21:00,NSE:DCW,37.7,37.7,37.65,37.7,3860.0
2021-06-11 15:22:00,NSE:DCW,37.7,37.7,37.6,37.6,16355.0
2021-06-11 15:23:00,NSE:DCW,37.6,37.65,37.5,37.5,25255.0
2021-06-11 15:24:00,NSE:DCW,37.55,37.55,37.45,37.5,10949.0
2021-06-11 15:25:00,NSE:DCW,37.5,37.5,37.45,37.5,10300.0
2021-06-11 15:26:00,NSE:DCW,37.5,37.55,37.45,37.45,10425.0
2021-06-11 15:27:00,NSE:DCW,37.45,37.55,37.45,37.5,7395.0
2021-06-11 15:28:00,NSE:DCW,37.6,37.6,37.45,37.45,22876.0
2021-06-11 15:29:00,NSE:DCW,37.45,37.5,37.4,37.45,19879.0
2021-06-11 15:30:00,NSE:DCW,37.5,37.5,37.5,37.5,1500.0
2021-06-11 15:40:00,NSE:DCW,37.6,37.6,37.6,37.6,300.0
