datetime,symbol,open,high,low,close,volume
2021-04-26 11:36:00,NSE:INFIBEAM,40.25,40.25,40.2,40.2,4528.0
2021-04-26 11:39:00,NSE:INFIBEAM,40.2,40.25,40.15,40.25,1147.0
2021-04-26 11:42:00,NSE:INFIBEAM,40.2,40.25,40.2,40.25,1016.0
2021-04-26 11:45:00,NSE:INFIBEAM,40.2,40.25,40.2,40.2,1227.0
2021-04-26 11:48:00,NSE:INFIBEAM,40.15,40.2,40.15,40.15,1349.0
2021-04-26 11:51:00,NSE:INFIBEAM,40.2,40.2,40.15,40.15,622.0
2021-04-26 11:54:00,NSE:INFIBEAM,40.2,40.2,40.15,40.15,1620.0
2021-04-26 11:57:00,NSE:INFIBEAM,40.15,40.15,40.15,40.15,1115.0
2021-04-26 12:00:00,NSE:INFIBEAM,40.15,40.15,40.1,40.15,317.0
2021-04-26 12:03:00,NSE:INFIBEAM,40.15,40.15,40.1,40.15,504.0
2021-04-26 12:06:00,NSE:INFIBEAM,40.15,40.15,40.1,40.15,1388.0
2021-04-26 12:09:00,NSE:INFIBEAM,40.1,40.15,40.1,40.15,10262.0
2021-04-26 12:12:00,NSE:INFIBEAM,40.15,40.15,40.1,40.15,1691.0
2021-04-26 12:15:00,NSE:INFIBEAM,40.15,40.15,40.15,40.15,2273.0
2021-04-26 12:18:00,NSE:INFIBEAM,40.1,40.15,40.1,40.15,3123.0
2021-04-26 12:21:00,NSE:INFIBEAM,40.15,40.15,40.05,40.05,2817.0
2021-04-26 12:24:00,NSE:INFIBEAM,40.15,40.15,40.05,40.05,1507.0
2021-04-26 12:27:00,NSE:INFIBEAM,40.1,40.1,40.1,40.1,4695.0
2021-04-26 12:30:00,NSE:INFIBEAM,40.1,40.1,40.0,40.05,74540.0
2021-04-26 12:33:00,NSE:INFIBEAM,40.05,40.05,39.95,40.0,6857.0
2021-04-26 12:36:00,NSE:INFIBEAM,39.95,40.0,39.95,40.0,16071.0
2021-04-26 12:39:00,NSE:INFIBEAM,39.95,40.0,39.95,39.95,3557.0
2021-04-26 12:42:00,NSE:INFIBEAM,40.0,40.0,39.95,39.95,2248.0
2021-04-26 12:45:00,NSE:INFIBEAM,40.0,40.0,39.95,40.0,5520.0
2021-04-26 12:48:00,NSE:INFIBEAM,40.0,40.0,39.95,39.95,957.0
2021-04-26 12:51:00,NSE:INFIBEAM,40.0,40.0,39.95,39.95,11764.0
2021-04-26 12:54:00,NSE:INFIBEAM,39.95,40.0,39.95,40.0,4168.0
2021-04-26 12:57:00,NSE:INFIBEAM,40.0,40.0,40.0,40.0,600.0
2021-04-26 13:00:00,NSE:INFIBEAM,39.95,40.0,39.95,40.0,4932.0
2021-04-26 13:03:00,NSE:INFIBEAM,40.0,40.0,39.95,40.0,5603.0
2021-04-26 13:06:00,NSE:INFIBEAM,40.0,40.0,40.0,40.0,10764.0
2021-04-26 13:09:00,NSE:INFIBEAM,40.0,40.0,40.0,40.0,4058.0
2021-04-26 13:12:00,NSE:INFIBEAM,40.0,40.05,39.95,40.0,21354.0
2021-04-26 13:15:00,NSE:INFIBEAM,40.0,40.0,39.95,40.0,12575.0
2021-04-26 13:18:00,NSE:INFIBEAM,40.0,40.0,39.95,40.0,4348.0
2021-04-26 13:21:00,NSE:INFIBEAM,39.95,40.0,39.9,39.95,48732.0
2021-04-26 13:24:00,NSE:INFIBEAM,39.9,39.95,39.9,39.95,1403.0
2021-04-26 13:27:00,NSE:INFIBEAM,39.95,39.95,39.9,39.95,2773.0
2021-04-26 13:30:00,NSE:INFIBEAM,40.0,40.0,40.0,40.0,1638.0
2021-04-26 13:33:00,NSE:INFIBEAM,39.95,40.0,39.95,39.95,2863.0
2021-04-26 13:36:00,NSE:INFIBEAM,40.0,40.0,39.95,40.0,8927.0
2021-04-26 13:39:00,NSE:INFIBEAM,40.0,40.0,39.9,39.9,2177.0
2021-04-26 13:42:00,NSE:INFIBEAM,39.9,40.0,39.9,40.0,1316.0
2021-04-26 13:45:00,NSE:INFIBEAM,39.95,39.95,39.9,39.9,727.0
2021-04-26 13:48:00,NSE:INFIBEAM,39.9,39.95,39.85,39.9,33242.0
2021-04-26 13:51:00,NSE:INFIBEAM,39.95,39.95,39.85,39.9,872.0
2021-04-26 13:54:00,NSE:INFIBEAM,39.95,39.95,39.9,39.9,1101.0
2021-04-26 13:57:00,NSE:INFIBEAM,39.9,39.95,39.9,39.9,847.0
2021-04-26 14:00:00,NSE:INFIBEAM,39.95,39.95,39.8,39.85,15342.0
2021-04-26 14:03:00,NSE:INFIBEAM,39.9,39.9,39.9,39.9,3016.0
2021-04-26 14:06:00,NSE:INFIBEAM,39.9,39.95,39.85,39.95,3878.0
2021-04-26 14:09:00,NSE:INFIBEAM,39.85,39.95,39.85,39.85,1342.0
2021-04-26 14:12:00,NSE:INFIBEAM,39.85,39.95,39.85,39.95,1079.0
2021-04-26 14:15:00,NSE:INFIBEAM,39.95,40.0,39.9,40.0,3884.0
2021-04-26 14:18:00,NSE:INFIBEAM,40.0,40.0,39.95,40.0,186.0
2021-04-26 14:21:00,NSE:INFIBEAM,39.95,40.0,39.9,40.0,2674.0
2021-04-26 14:24:00,NSE:INFIBEAM,39.95,40.0,39.9,39.9,2579.0
2021-04-26 14:27:00,NSE:INFIBEAM,39.85,39.9,39.85,39.9,953.0
2021-04-26 14:30:00,NSE:INFIBEAM,39.9,39.95,39.85,39.95,4924.0
2021-04-26 14:33:00,NSE:INFIBEAM,39.85,39.95,39.85,39.95,2914.0
2021-04-26 14:36:00,NSE:INFIBEAM,39.85,39.95,39.85,39.85,5267.0
2021-04-26 14:39:00,NSE:INFIBEAM,39.95,39.95,39.85,39.9,2370.0
2021-04-26 14:42:00,NSE:INFIBEAM,39.9,39.95,39.85,39.85,2644.0
2021-04-26 14:45:00,NSE:INFIBEAM,39.95,39.95,39.85,39.95,6769.0
2021-04-26 14:48:00,NSE:INFIBEAM,39.9,39.95,39.9,39.95,595.0
2021-04-26 14:51:00,NSE:INFIBEAM,39.85,39.95,39.85,39.95,3807.0
2021-04-26 14:54:00,NSE:INFIBEAM,39.85,39.95,39.85,39.9,2426.0
2021-04-26 14:57:00,NSE:INFIBEAM,39.9,39.95,39.9,39.95,4518.0
2021-04-26 15:00:00,NSE:INFIBEAM,39.95,39.95,39.85,39.85,4385.0
2021-04-26 15:03:00,NSE:INFIBEAM,39.95,39.95,39.85,39.85,1033.0
2021-04-26 15:06:00,NSE:INFIBEAM,39.95,40.0,39.85,39.9,5669.0
2021-04-26 15:09:00,NSE:INFIBEAM,39.95,39.95,39.9,39.9,1149.0
2021-04-26 15:12:00,NSE:INFIBEAM,39.95,40.0,39.9,40.0,11845.0
2021-04-26 15:15:00,NSE:INFIBEAM,40.0,40.0,39.8,39.8,20195.0
2021-04-26 15:18:00,NSE:INFIBEAM,39.9,39.9,39.7,39.9,17122.0
2021-04-26 15:21:00,NSE:INFIBEAM,39.9,39.9,39.7,39.8,16603.0
2021-04-26 15:24:00,NSE:INFIBEAM,39.8,39.85,39.75,39.85,14717.0
2021-04-26 15:27:00,NSE:INFIBEAM,39.8,39.95,39.7,39.85,23252.0
2021-04-26 15:39:00,NSE:INFIBEAM,39.8,39.8,39.8,39.8,550.0
2021-04-26 15:42:00,NSE:INFIBEAM,39.8,39.8,39.8,39.8,2000.0
2021-04-26 15:45:00,NSE:INFIBEAM,39.8,39.8,39.8,39.8,70.0
2021-04-26 15:51:00,NSE:INFIBEAM,39.8,39.85,39.8,39.85,892.0
2021-04-26 15:57:00,NSE:INFIBEAM,39.8,39.8,39.8,39.8,1.0
2021-04-27 09:06:00,NSE:INFIBEAM,40.0,40.0,40.0,40.0,1732.0
2021-04-27 09:15:00,NSE:INFIBEAM,40.05,40.25,40.05,40.05,10201.0
2021-04-27 09:18:00,NSE:INFIBEAM,40.15,40.15,39.9,40.0,17749.0
2021-04-27 09:21:00,NSE:INFIBEAM,40.0,40.0,39.9,39.95,4445.0
2021-04-27 09:24:00,NSE:INFIBEAM,39.9,40.0,39.9,40.0,7081.0
2021-04-27 09:27:00,NSE:INFIBEAM,40.0,40.05,39.9,40.05,20709.0
2021-04-27 09:30:00,NSE:INFIBEAM,40.1,40.15,39.85,39.9,29220.0
2021-04-27 09:33:00,NSE:INFIBEAM,39.9,39.95,39.85,39.85,1978.0
2021-04-27 09:36:00,NSE:INFIBEAM,39.9,39.95,39.85,39.9,2722.0
2021-04-27 09:39:00,NSE:INFIBEAM,39.85,39.9,39.8,39.85,15418.0
2021-04-27 09:42:00,NSE:INFIBEAM,39.85,40.05,39.65,40.0,172026.0
2021-04-27 09:45:00,NSE:INFIBEAM,40.0,40.0,39.5,39.6,211824.0
2021-04-27 09:48:00,NSE:INFIBEAM,39.65,39.8,39.55,39.6,148059.0
2021-04-27 09:51:00,NSE:INFIBEAM,39.6,39.65,39.6,39.6,3602.0
2021-04-27 09:54:00,NSE:INFIBEAM,39.6,39.65,39.6,39.65,2189.0
2021-04-27 09:57:00,NSE:INFIBEAM,39.65,39.65,39.6,39.65,2609.0
2021-04-27 10:00:00,NSE:INFIBEAM,39.65,39.65,39.6,39.65,106.0
2021-04-27 10:03:00,NSE:INFIBEAM,39.6,39.65,39.6,39.65,4925.0
2021-04-27 10:06:00,NSE:INFIBEAM,39.6,39.6,39.5,39.6,9559.0
2021-04-27 10:09:00,NSE:INFIBEAM,39.6,39.6,39.55,39.6,1945.0
2021-04-27 10:12:00,NSE:INFIBEAM,39.6,39.65,39.5,39.65,9374.0
2021-04-27 10:15:00,NSE:INFIBEAM,39.55,39.65,39.55,39.6,10562.0
2021-04-27 10:18:00,NSE:INFIBEAM,39.65,39.65,39.5,39.5,7466.0
2021-04-27 10:21:00,NSE:INFIBEAM,39.5,39.55,39.5,39.55,1225.0
2021-04-27 10:24:00,NSE:INFIBEAM,39.55,39.55,39.5,39.55,572.0
2021-04-27 10:27:00,NSE:INFIBEAM,39.55,39.55,39.5,39.55,3806.0
2021-04-27 10:30:00,NSE:INFIBEAM,39.5,39.55,39.5,39.55,2572.0
2021-04-27 10:33:00,NSE:INFIBEAM,39.55,39.55,39.5,39.55,4196.0
2021-04-27 10:36:00,NSE:INFIBEAM,39.55,39.55,39.5,39.55,2971.0
2021-04-27 10:39:00,NSE:INFIBEAM,39.55,39.55,39.5,39.55,6220.0
2021-04-27 10:42:00,NSE:INFIBEAM,39.5,39.55,39.5,39.5,3068.0
2021-04-27 10:45:00,NSE:INFIBEAM,39.5,39.6,39.5,39.6,10853.0
2021-04-27 10:48:00,NSE:INFIBEAM,39.55,39.6,39.55,39.6,2368.0
2021-04-27 10:51:00,NSE:INFIBEAM,39.6,39.6,39.55,39.6,2156.0
2021-04-27 10:54:00,NSE:INFIBEAM,39.6,39.6,39.55,39.6,2569.0
2021-04-27 10:57:00,NSE:INFIBEAM,39.6,39.6,39.55,39.6,4007.0
2021-04-27 11:00:00,NSE:INFIBEAM,39.6,39.6,39.55,39.55,47.0
2021-04-27 11:03:00,NSE:INFIBEAM,39.6,39.7,39.6,39.7,17973.0
2021-04-27 11:06:00,NSE:INFIBEAM,39.7,39.7,39.65,39.7,6005.0
2021-04-27 11:09:00,NSE:INFIBEAM,39.7,39.7,39.65,39.65,3099.0
2021-04-27 11:12:00,NSE:INFIBEAM,39.65,39.7,39.65,39.7,2803.0
2021-04-27 11:15:00,NSE:INFIBEAM,39.7,39.7,39.6,39.65,2938.0
2021-04-27 11:18:00,NSE:INFIBEAM,39.65,39.65,39.6,39.6,450.0
2021-04-27 11:21:00,NSE:INFIBEAM,39.65,39.65,39.6,39.65,6279.0
2021-04-27 11:24:00,NSE:INFIBEAM,39.6,39.65,39.6,39.6,12611.0
2021-04-27 11:27:00,NSE:INFIBEAM,39.65,39.65,39.5,39.55,25099.0
2021-04-27 11:30:00,NSE:INFIBEAM,39.55,39.55,39.55,39.55,1775.0
2021-04-27 11:33:00,NSE:INFIBEAM,39.55,39.55,39.5,39.5,3232.0
2021-04-27 11:36:00,NSE:INFIBEAM,39.55,39.55,39.5,39.5,7879.0
2021-04-27 11:39:00,NSE:INFIBEAM,39.5,39.55,39.5,39.55,852.0
2021-04-27 11:42:00,NSE:INFIBEAM,39.55,39.6,39.55,39.6,3479.0
2021-04-27 11:45:00,NSE:INFIBEAM,39.6,39.6,39.55,39.55,540.0
2021-04-27 11:48:00,NSE:INFIBEAM,39.6,39.6,39.55,39.6,438.0
2021-04-27 11:51:00,NSE:INFIBEAM,39.6,39.6,39.55,39.6,1376.0
2021-04-27 11:54:00,NSE:INFIBEAM,39.6,39.6,39.55,39.6,698.0
2021-04-27 11:57:00,NSE:INFIBEAM,39.6,39.6,39.5,39.5,12606.0
2021-04-27 12:00:00,NSE:INFIBEAM,39.5,39.55,39.5,39.55,224.0
2021-04-27 12:03:00,NSE:INFIBEAM,39.55,39.55,39.5,39.55,988.0
2021-04-27 12:06:00,NSE:INFIBEAM,39.55,39.55,39.5,39.55,1063.0
2021-04-27 12:09:00,NSE:INFIBEAM,39.5,39.55,39.5,39.55,285.0
2021-04-27 12:12:00,NSE:INFIBEAM,39.55,39.65,39.55,39.65,6605.0
2021-04-27 12:15:00,NSE:INFIBEAM,39.65,39.65,39.6,39.6,6263.0
2021-04-27 12:18:00,NSE:INFIBEAM,39.65,39.65,39.6,39.6,1396.0
2021-04-27 12:21:00,NSE:INFIBEAM,39.6,39.65,39.6,39.65,1374.0
2021-04-27 12:24:00,NSE:INFIBEAM,39.6,39.65,39.6,39.65,618.0
2021-04-27 12:27:00,NSE:INFIBEAM,39.65,39.65,39.6,39.6,721.0
2021-04-27 12:30:00,NSE:INFIBEAM,39.6,39.65,39.6,39.65,304.0
2021-04-27 12:33:00,NSE:INFIBEAM,39.65,39.65,39.65,39.65,593.0
2021-04-27 12:36:00,NSE:INFIBEAM,39.65,39.7,39.65,39.65,1701.0
2021-04-27 12:39:00,NSE:INFIBEAM,39.65,39.65,39.55,39.55,6446.0
2021-04-27 12:42:00,NSE:INFIBEAM,39.55,39.6,39.55,39.6,820.0
2021-04-27 12:45:00,NSE:INFIBEAM,39.6,39.6,39.55,39.55,1450.0
2021-04-27 12:48:00,NSE:INFIBEAM,39.55,39.6,39.5,39.5,3663.0
2021-04-27 12:51:00,NSE:INFIBEAM,39.5,39.6,39.5,39.55,7982.0
2021-04-27 12:54:00,NSE:INFIBEAM,39.55,39.55,39.55,39.55,794.0
2021-04-27 12:57:00,NSE:INFIBEAM,39.55,39.6,39.5,39.55,5325.0
2021-04-27 13:00:00,NSE:INFIBEAM,39.55,39.55,39.55,39.55,600.0
2021-04-27 13:03:00,NSE:INFIBEAM,39.55,39.55,39.55,39.55,681.0
2021-04-27 13:06:00,NSE:INFIBEAM,39.55,39.6,39.55,39.6,3844.0
2021-04-27 13:09:00,NSE:INFIBEAM,39.65,39.65,39.55,39.55,7408.0
2021-04-27 13:12:00,NSE:INFIBEAM,39.55,39.55,39.55,39.55,2001.0
2021-04-27 13:15:00,NSE:INFIBEAM,39.6,39.6,39.5,39.55,11185.0
2021-04-27 13:18:00,NSE:INFIBEAM,39.5,39.55,39.5,39.5,724.0
2021-04-27 13:21:00,NSE:INFIBEAM,39.55,39.55,39.5,39.55,811.0
2021-04-27 13:24:00,NSE:INFIBEAM,39.5,39.65,39.5,39.65,34702.0
2021-04-27 13:27:00,NSE:INFIBEAM,39.6,39.85,39.6,39.7,17429.0
2021-04-27 13:30:00,NSE:INFIBEAM,39.7,39.7,39.7,39.7,1221.0
2021-04-27 13:33:00,NSE:INFIBEAM,39.75,39.75,39.7,39.75,2066.0
2021-04-27 13:36:00,NSE:INFIBEAM,39.8,39.95,39.8,39.9,9305.0
2021-04-27 13:39:00,NSE:INFIBEAM,39.9,40.0,39.9,39.95,13085.0
2021-04-27 13:42:00,NSE:INFIBEAM,39.95,40.0,39.95,40.0,3510.0
2021-04-27 13:45:00,NSE:INFIBEAM,40.0,40.0,39.9,39.9,2044.0
2021-04-27 13:48:00,NSE:INFIBEAM,39.95,39.95,39.9,39.9,144.0
2021-04-27 13:51:00,NSE:INFIBEAM,39.9,39.9,39.85,39.85,3557.0
2021-04-27 13:54:00,NSE:INFIBEAM,39.85,39.9,39.8,39.85,5680.0
2021-04-27 13:57:00,NSE:INFIBEAM,39.9,39.9,39.85,39.85,2159.0
2021-04-27 14:00:00,NSE:INFIBEAM,39.85,39.9,39.85,39.9,422.0
2021-04-27 14:03:00,NSE:INFIBEAM,39.9,39.9,39.9,39.9,1.0
2021-04-27 14:06:00,NSE:INFIBEAM,39.9,39.9,39.9,39.9,4.0
2021-04-27 14:09:00,NSE:INFIBEAM,39.9,39.9,39.85,39.9,870.0
2021-04-27 14:12:00,NSE:INFIBEAM,39.9,39.9,39.9,39.9,2351.0
2021-04-27 14:15:00,NSE:INFIBEAM,39.9,39.9,39.9,39.9,1501.0
2021-04-27 14:18:00,NSE:INFIBEAM,39.9,39.95,39.85,39.9,4588.0
2021-04-27 14:21:00,NSE:INFIBEAM,39.95,39.95,39.8,39.85,4274.0
2021-04-27 14:24:00,NSE:INFIBEAM,39.85,39.85,39.85,39.85,1051.0
2021-04-27 14:27:00,NSE:INFIBEAM,39.85,40.0,39.85,39.9,9964.0
2021-04-27 14:30:00,NSE:INFIBEAM,39.9,40.0,39.9,39.95,3286.0
2021-04-27 14:33:00,NSE:INFIBEAM,39.9,39.95,39.85,39.95,2831.0
2021-04-27 14:36:00,NSE:INFIBEAM,39.95,39.95,39.9,39.95,217.0
2021-04-27 14:39:00,NSE:INFIBEAM,39.9,39.95,39.9,39.95,1522.0
2021-04-27 14:42:00,NSE:INFIBEAM,39.9,39.95,39.85,39.85,1527.0
2021-04-27 14:45:00,NSE:INFIBEAM,39.85,39.9,39.85,39.85,5162.0
2021-04-27 14:48:00,NSE:INFIBEAM,39.85,39.9,39.85,39.9,1197.0
2021-04-27 14:51:00,NSE:INFIBEAM,39.9,39.9,39.85,39.85,7053.0
2021-04-27 14:54:00,NSE:INFIBEAM,39.9,39.95,39.85,39.95,2678.0
2021-04-27 14:57:00,NSE:INFIBEAM,39.9,39.9,39.8,39.9,2947.0
2021-04-27 15:00:00,NSE:INFIBEAM,39.9,39.9,39.8,39.9,2265.0
2021-04-27 15:03:00,NSE:INFIBEAM,39.85,40.0,39.8,39.9,22662.0
2021-04-27 15:06:00,NSE:INFIBEAM,39.8,39.9,39.8,39.9,2459.0
2021-04-27 15:09:00,NSE:INFIBEAM,39.9,39.9,39.8,39.8,1375.0
2021-04-27 15:12:00,NSE:INFIBEAM,39.9,39.9,39.85,39.9,1692.0
2021-04-27 15:15:00,NSE:INFIBEAM,39.9,39.95,39.85,39.9,10868.0
2021-04-27 15:18:00,NSE:INFIBEAM,39.95,39.95,39.85,39.85,50704.0
2021-04-27 15:21:00,NSE:INFIBEAM,39.75,39.75,39.6,39.65,8950.0
2021-04-27 15:24:00,NSE:INFIBEAM,39.65,39.7,39.5,39.55,28446.0
2021-04-27 15:27:00,NSE:INFIBEAM,39.55,39.6,39.5,39.5,11934.0
2021-04-27 15:30:00,NSE:INFIBEAM,39.75,39.75,39.75,39.75,1000.0
2021-04-27 15:54:00,NSE:INFIBEAM,39.75,39.75,39.75,39.75,2000.0
2021-04-27 15:57:00,NSE:INFIBEAM,39.75,39.75,39.75,39.75,252.0
2021-04-28 09:06:00,NSE:INFIBEAM,39.55,39.55,39.55,39.55,25966.0
2021-04-28 09:15:00,NSE:INFIBEAM,39.95,39.95,39.6,39.75,6320.0
2021-04-28 09:18:00,NSE:INFIBEAM,39.75,39.9,39.7,39.75,5442.0
2021-04-28 09:21:00,NSE:INFIBEAM,39.8,39.9,39.75,39.85,3854.0
2021-04-28 09:24:00,NSE:INFIBEAM,39.75,40.25,39.75,39.85,34985.0
2021-04-28 09:27:00,NSE:INFIBEAM,39.75,40.15,39.75,39.9,158523.0
2021-04-28 09:30:00,NSE:INFIBEAM,39.95,39.95,39.85,39.9,5091.0
2021-04-28 09:33:00,NSE:INFIBEAM,39.9,39.9,39.8,39.9,2801.0
2021-04-28 09:36:00,NSE:INFIBEAM,39.9,39.9,39.8,39.8,1489.0
2021-04-28 09:39:00,NSE:INFIBEAM,39.8,39.9,39.75,39.75,17238.0
2021-04-28 09:42:00,NSE:INFIBEAM,39.75,39.8,39.75,39.8,3424.0
2021-04-28 09:45:00,NSE:INFIBEAM,39.8,39.8,39.6,39.7,16615.0
2021-04-28 09:48:00,NSE:INFIBEAM,39.65,39.7,39.55,39.6,14050.0
2021-04-28 09:51:00,NSE:INFIBEAM,39.6,39.65,39.55,39.55,13708.0
2021-04-28 09:54:00,NSE:INFIBEAM,39.6,39.65,39.6,39.6,9993.0
2021-04-28 09:57:00,NSE:INFIBEAM,39.65,39.65,39.6,39.65,3025.0
2021-04-28 10:00:00,NSE:INFIBEAM,39.65,39.65,39.6,39.65,6099.0
2021-04-28 10:03:00,NSE:INFIBEAM,39.65,39.65,39.65,39.65,692.0
2021-04-28 10:06:00,NSE:INFIBEAM,39.65,39.65,39.6,39.6,1144.0
2021-04-28 10:09:00,NSE:INFIBEAM,39.7,39.7,39.6,39.7,4369.0
2021-04-28 10:12:00,NSE:INFIBEAM,39.7,39.7,39.6,39.65,5854.0
2021-04-28 10:15:00,NSE:INFIBEAM,39.65,39.7,39.65,39.7,2345.0
2021-04-28 10:18:00,NSE:INFIBEAM,39.65,39.65,39.55,39.6,19136.0
2021-04-28 10:21:00,NSE:INFIBEAM,39.6,39.65,39.55,39.55,10179.0
2021-04-28 10:24:00,NSE:INFIBEAM,39.65,39.65,39.55,39.6,785.0
2021-04-28 10:27:00,NSE:INFIBEAM,39.6,39.65,39.6,39.65,6312.0
2021-04-28 10:30:00,NSE:INFIBEAM,39.65,39.65,39.5,39.5,9900.0
2021-04-28 10:33:00,NSE:INFIBEAM,39.55,39.6,39.5,39.55,17154.0
2021-04-28 10:36:00,NSE:INFIBEAM,39.65,39.7,39.6,39.7,1488.0
2021-04-28 10:39:00,NSE:INFIBEAM,39.65,39.7,39.6,39.6,4654.0
2021-04-28 10:42:00,NSE:INFIBEAM,39.7,39.7,39.65,39.65,4158.0
2021-04-28 10:45:00,NSE:INFIBEAM,39.7,39.75,39.7,39.7,1473.0
2021-04-28 10:48:00,NSE:INFIBEAM,39.7,39.75,39.65,39.7,5202.0
2021-04-28 10:51:00,NSE:INFIBEAM,39.7,39.7,39.6,39.7,599.0
2021-04-28 10:54:00,NSE:INFIBEAM,39.65,39.7,39.6,39.65,2299.0
2021-04-28 10:57:00,NSE:INFIBEAM,39.7,39.7,39.65,39.7,392.0
2021-04-28 11:00:00,NSE:INFIBEAM,39.65,39.65,39.6,39.65,4303.0
2021-04-28 11:03:00,NSE:INFIBEAM,39.65,39.65,39.6,39.65,1743.0
2021-04-28 11:06:00,NSE:INFIBEAM,39.65,39.65,39.65,39.65,1199.0
2021-04-28 11:09:00,NSE:INFIBEAM,39.65,39.7,39.65,39.7,213.0
2021-04-28 11:12:00,NSE:INFIBEAM,39.65,39.65,39.6,39.6,5397.0
2021-04-28 11:15:00,NSE:INFIBEAM,39.65,39.65,39.6,39.65,2460.0
2021-04-28 11:18:00,NSE:INFIBEAM,39.65,39.65,39.6,39.6,1310.0
2021-04-28 11:21:00,NSE:INFIBEAM,39.6,39.65,39.6,39.6,354.0
2021-04-28 11:24:00,NSE:INFIBEAM,39.65,39.7,39.6,39.7,5474.0
2021-04-28 11:27:00,NSE:INFIBEAM,39.6,39.7,39.6,39.6,3656.0
2021-04-28 11:30:00,NSE:INFIBEAM,39.6,39.65,39.6,39.65,3171.0
2021-04-28 11:33:00,NSE:INFIBEAM,39.6,39.7,39.6,39.65,3323.0
2021-04-28 11:36:00,NSE:INFIBEAM,39.7,39.7,39.6,39.6,3532.0
2021-04-28 11:39:00,NSE:INFIBEAM,39.6,39.7,39.6,39.6,79.0
2021-04-28 11:42:00,NSE:INFIBEAM,39.7,39.75,39.65,39.7,5752.0
2021-04-28 11:45:00,NSE:INFIBEAM,39.65,39.7,39.65,39.65,1065.0
2021-04-28 11:48:00,NSE:INFIBEAM,39.7,39.7,39.7,39.7,418.0
2021-04-28 11:51:00,NSE:INFIBEAM,39.7,39.7,39.65,39.65,723.0
2021-04-28 11:54:00,NSE:INFIBEAM,39.65,39.7,39.6,39.6,985.0
2021-04-28 11:57:00,NSE:INFIBEAM,39.7,39.7,39.65,39.65,1058.0
2021-04-28 12:00:00,NSE:INFIBEAM,39.65,39.7,39.65,39.7,5605.0
2021-04-28 12:03:00,NSE:INFIBEAM,39.7,39.75,39.65,39.65,680.0
2021-04-28 12:06:00,NSE:INFIBEAM,39.7,39.75,39.7,39.7,1178.0
2021-04-28 12:09:00,NSE:INFIBEAM,39.7,39.7,39.7,39.7,305.0
2021-04-28 12:12:00,NSE:INFIBEAM,39.7,39.7,39.65,39.7,741.0
2021-04-28 12:15:00,NSE:INFIBEAM,39.7,39.75,39.65,39.7,3264.0
2021-04-28 12:18:00,NSE:INFIBEAM,39.75,39.75,39.7,39.7,650.0
2021-04-28 12:21:00,NSE:INFIBEAM,39.75,39.8,39.7,39.8,14797.0
2021-04-28 12:24:00,NSE:INFIBEAM,39.75,39.8,39.75,39.75,1561.0
2021-04-28 12:27:00,NSE:INFIBEAM,39.8,39.8,39.75,39.8,1860.0
2021-04-28 12:30:00,NSE:INFIBEAM,39.8,39.8,39.75,39.75,89.0
2021-04-28 12:33:00,NSE:INFIBEAM,39.8,39.8,39.75,39.8,126.0
2021-04-28 12:36:00,NSE:INFIBEAM,39.75,39.8,39.75,39.75,2151.0
2021-04-28 12:39:00,NSE:INFIBEAM,39.75,39.75,39.7,39.7,4549.0
2021-04-28 12:42:00,NSE:INFIBEAM,39.65,39.65,39.65,39.65,5501.0
2021-04-28 12:45:00,NSE:INFIBEAM,39.6,39.65,39.6,39.6,5998.0
2021-04-28 12:48:00,NSE:INFIBEAM,39.6,39.65,39.55,39.55,7579.0
2021-04-28 12:51:00,NSE:INFIBEAM,39.65,39.65,39.55,39.65,2920.0
2021-04-28 12:54:00,NSE:INFIBEAM,39.65,39.65,39.55,39.6,4694.0
2021-04-28 12:57:00,NSE:INFIBEAM,39.65,39.65,39.6,39.65,477.0
2021-04-28 13:00:00,NSE:INFIBEAM,39.65,39.65,39.6,39.65,260.0
2021-04-28 13:03:00,NSE:INFIBEAM,39.6,39.65,39.6,39.65,96.0
2021-04-28 13:06:00,NSE:INFIBEAM,39.6,39.65,39.6,39.6,651.0
2021-04-28 13:09:00,NSE:INFIBEAM,39.65,39.65,39.6,39.6,2933.0
2021-04-28 13:12:00,NSE:INFIBEAM,39.65,39.65,39.65,39.65,173.0
2021-04-28 13:15:00,NSE:INFIBEAM,39.6,39.65,39.6,39.65,2907.0
2021-04-28 13:18:00,NSE:INFIBEAM,39.6,39.65,39.6,39.65,3085.0
2021-04-28 13:21:00,NSE:INFIBEAM,39.65,39.65,39.6,39.6,3020.0
2021-04-28 13:24:00,NSE:INFIBEAM,39.6,39.65,39.6,39.65,4009.0
2021-04-28 13:27:00,NSE:INFIBEAM,39.65,39.65,39.6,39.65,2594.0
2021-04-28 13:30:00,NSE:INFIBEAM,39.65,39.65,39.55,39.55,1053.0
2021-04-28 13:33:00,NSE:INFIBEAM,39.65,39.65,39.6,39.65,1120.0
2021-04-28 13:36:00,NSE:INFIBEAM,39.65,39.65,39.6,39.65,1238.0
2021-04-28 13:39:00,NSE:INFIBEAM,39.65,39.65,39.55,39.55,1305.0
2021-04-28 13:42:00,NSE:INFIBEAM,39.6,39.65,39.6,39.65,316.0
2021-04-28 13:45:00,NSE:INFIBEAM,39.6,39.6,39.55,39.6,1885.0
2021-04-28 13:48:00,NSE:INFIBEAM,39.55,39.6,39.55,39.55,778.0
2021-04-28 13:51:00,NSE:INFIBEAM,39.55,39.6,39.55,39.6,3979.0
2021-04-28 13:54:00,NSE:INFIBEAM,39.55,39.6,39.55,39.6,147.0
2021-04-28 13:57:00,NSE:INFIBEAM,39.55,39.65,39.55,39.65,3538.0
2021-04-28 14:00:00,NSE:INFIBEAM,39.65,39.65,39.6,39.6,196788.0
2021-04-28 14:03:00,NSE:INFIBEAM,39.6,39.65,39.55,39.65,435.0
2021-04-28 14:06:00,NSE:INFIBEAM,39.65,39.65,39.55,39.65,2046.0
2021-04-28 14:09:00,NSE:INFIBEAM,39.65,39.65,39.55,39.6,1327.0
2021-04-28 14:12:00,NSE:INFIBEAM,39.6,39.65,39.6,39.65,3690.0
2021-04-28 14:15:00,NSE:INFIBEAM,39.6,39.65,39.6,39.65,1074.0
2021-04-28 14:18:00,NSE:INFIBEAM,39.65,39.65,39.65,39.65,551.0
2021-04-28 14:21:00,NSE:INFIBEAM,39.65,39.65,39.65,39.65,608.0
2021-04-28 14:24:00,NSE:INFIBEAM,39.6,39.65,39.6,39.65,3544.0
2021-04-28 14:27:00,NSE:INFIBEAM,39.65,39.65,39.6,39.65,2593.0
2021-04-28 14:30:00,NSE:INFIBEAM,39.6,39.65,39.6,39.6,852.0
2021-04-28 14:33:00,NSE:INFIBEAM,39.65,39.65,39.65,39.65,1395.0
2021-04-28 14:36:00,NSE:INFIBEAM,39.65,39.65,39.55,39.55,1360.0
2021-04-28 14:39:00,NSE:INFIBEAM,39.55,39.6,39.55,39.6,2139.0
2021-04-28 14:42:00,NSE:INFIBEAM,39.6,39.65,39.6,39.6,3821.0
2021-04-28 14:45:00,NSE:INFIBEAM,39.65,39.65,39.6,39.6,1005.0
2021-04-28 14:48:00,NSE:INFIBEAM,39.6,39.65,39.6,39.6,2426.0
2021-04-28 14:51:00,NSE:INFIBEAM,39.65,39.65,39.6,39.65,1707.0
2021-04-28 14:54:00,NSE:INFIBEAM,39.65,39.65,39.65,39.65,235.0
2021-04-28 14:57:00,NSE:INFIBEAM,39.65,39.65,39.6,39.65,3133.0
2021-04-28 15:00:00,NSE:INFIBEAM,39.65,39.65,39.6,39.6,2462.0
2021-04-28 15:03:00,NSE:INFIBEAM,39.6,39.65,39.6,39.6,8924.0
2021-04-28 15:06:00,NSE:INFIBEAM,39.6,39.6,39.55,39.6,2373.0
2021-04-28 15:09:00,NSE:INFIBEAM,39.6,39.6,39.55,39.55,4629.0
2021-04-28 15:12:00,NSE:INFIBEAM,39.55,39.65,39.55,39.65,4074.0
2021-04-28 15:15:00,NSE:INFIBEAM,39.65,39.65,39.55,39.65,14319.0
2021-04-28 15:18:00,NSE:INFIBEAM,39.6,39.65,39.55,39.55,8493.0
2021-04-28 15:21:00,NSE:INFIBEAM,39.55,41.45,39.55,39.8,231789.0
2021-04-28 15:24:00,NSE:INFIBEAM,39.75,39.75,39.65,39.7,24516.0
2021-04-28 15:27:00,NSE:INFIBEAM,39.75,40.8,39.65,40.0,75925.0
2021-04-28 15:39:00,NSE:INFIBEAM,40.1,40.1,40.1,40.1,1500.0
2021-04-28 15:42:00,NSE:INFIBEAM,40.1,40.1,40.0,40.0,700.0
2021-04-28 15:48:00,NSE:INFIBEAM,40.1,40.1,40.0,40.0,3000.0
2021-04-28 15:51:00,NSE:INFIBEAM,40.1,40.1,40.1,40.1,200.0
2021-04-29 09:06:00,NSE:INFIBEAM,40.35,40.35,40.35,40.35,225.0
2021-04-29 09:15:00,NSE:INFIBEAM,40.45,40.9,40.45,40.6,38693.0
2021-04-29 09:18:00,NSE:INFIBEAM,40.6,40.8,40.3,40.45,109816.0
2021-04-29 09:21:00,NSE:INFIBEAM,40.4,40.45,40.25,40.25,9829.0
2021-04-29 09:24:00,NSE:INFIBEAM,40.15,40.15,40.05,40.15,7928.0
2021-04-29 09:27:00,NSE:INFIBEAM,40.15,40.2,40.15,40.2,15081.0
2021-04-29 09:30:00,NSE:INFIBEAM,40.2,40.2,40.15,40.2,5025.0
2021-04-29 09:33:00,NSE:INFIBEAM,40.2,40.25,40.15,40.25,8014.0
2021-04-29 09:36:00,NSE:INFIBEAM,40.25,40.25,39.9,39.95,32764.0
2021-04-29 09:39:00,NSE:INFIBEAM,39.95,40.0,39.9,40.0,9797.0
2021-04-29 09:42:00,NSE:INFIBEAM,39.9,40.0,39.9,39.9,1685.0
2021-04-29 09:45:00,NSE:INFIBEAM,39.9,39.95,39.85,39.85,3108.0
2021-04-29 09:48:00,NSE:INFIBEAM,39.8,39.85,39.75,39.8,3392.0
2021-04-29 09:51:00,NSE:INFIBEAM,39.8,39.85,39.75,39.8,3244.0
2021-04-29 09:54:00,NSE:INFIBEAM,39.8,39.8,39.75,39.8,492.0
2021-04-29 09:57:00,NSE:INFIBEAM,39.75,39.75,39.6,39.65,13399.0
2021-04-29 10:00:00,NSE:INFIBEAM,39.65,39.8,39.65,39.75,44234.0
2021-04-29 10:03:00,NSE:INFIBEAM,39.75,39.75,39.7,39.75,602.0
2021-04-29 10:06:00,NSE:INFIBEAM,39.75,39.75,39.7,39.75,801.0
2021-04-29 10:09:00,NSE:INFIBEAM,39.7,39.8,39.7,39.8,646.0
2021-04-29 10:12:00,NSE:INFIBEAM,39.8,39.9,39.8,39.85,2241.0
2021-04-29 10:15:00,NSE:INFIBEAM,39.85,39.85,39.8,39.8,2665.0
2021-04-29 10:18:00,NSE:INFIBEAM,39.8,39.8,39.75,39.8,4177.0
2021-04-29 10:21:00,NSE:INFIBEAM,39.8,39.8,39.75,39.75,477.0
2021-04-29 10:24:00,NSE:INFIBEAM,39.8,39.9,39.8,39.8,8507.0
2021-04-29 10:27:00,NSE:INFIBEAM,39.8,39.9,39.8,39.9,356.0
2021-04-29 10:30:00,NSE:INFIBEAM,39.8,39.9,39.8,39.9,2220.0
2021-04-29 10:33:00,NSE:INFIBEAM,39.95,39.95,39.85,39.9,311.0
2021-04-29 10:36:00,NSE:INFIBEAM,39.85,39.9,39.8,39.8,857.0
2021-04-29 10:39:00,NSE:INFIBEAM,39.8,39.8,39.7,39.8,3860.0
2021-04-29 10:42:00,NSE:INFIBEAM,39.8,39.8,39.75,39.75,706.0
2021-04-29 10:45:00,NSE:INFIBEAM,39.75,39.8,39.75,39.8,579.0
2021-04-29 10:48:00,NSE:INFIBEAM,39.75,39.85,39.75,39.85,11794.0
2021-04-29 10:51:00,NSE:INFIBEAM,39.75,39.8,39.7,39.7,3208.0
2021-04-29 10:54:00,NSE:INFIBEAM,39.7,39.75,39.7,39.75,2670.0
2021-04-29 10:57:00,NSE:INFIBEAM,39.75,39.75,39.65,39.65,5775.0
2021-04-29 11:00:00,NSE:INFIBEAM,39.65,39.7,39.6,39.6,2838.0
2021-04-29 11:03:00,NSE:INFIBEAM,39.7,39.75,39.65,39.75,8606.0
2021-04-29 11:06:00,NSE:INFIBEAM,39.75,39.8,39.7,39.8,404.0
2021-04-29 11:09:00,NSE:INFIBEAM,39.7,39.8,39.7,39.8,292.0
2021-04-29 11:12:00,NSE:INFIBEAM,39.8,39.8,39.7,39.75,181.0
2021-04-29 11:15:00,NSE:INFIBEAM,39.8,39.8,39.8,39.8,384.0
2021-04-29 11:18:00,NSE:INFIBEAM,39.75,39.75,39.7,39.7,413.0
2021-04-29 11:21:00,NSE:INFIBEAM,39.7,39.7,39.7,39.7,24.0
2021-04-29 11:24:00,NSE:INFIBEAM,39.75,39.75,39.7,39.7,3733.0
2021-04-29 11:27:00,NSE:INFIBEAM,39.7,39.75,39.7,39.7,819.0
2021-04-29 11:30:00,NSE:INFIBEAM,39.75,39.75,39.7,39.7,1923.0
2021-04-29 11:33:00,NSE:INFIBEAM,39.75,39.75,39.7,39.75,5485.0
2021-04-29 11:36:00,NSE:INFIBEAM,39.75,39.75,39.65,39.7,289.0
2021-04-29 11:39:00,NSE:INFIBEAM,39.7,39.75,39.7,39.75,32.0
2021-04-29 11:42:00,NSE:INFIBEAM,39.7,39.75,39.7,39.7,552.0
2021-04-29 11:45:00,NSE:INFIBEAM,39.75,39.75,39.7,39.75,537.0
2021-04-29 11:48:00,NSE:INFIBEAM,39.75,39.75,39.75,39.75,1382.0
2021-04-29 11:51:00,NSE:INFIBEAM,39.75,39.75,39.75,39.75,52.0
2021-04-29 11:54:00,NSE:INFIBEAM,39.75,39.75,39.75,39.75,862.0
2021-04-29 11:57:00,NSE:INFIBEAM,39.7,39.75,39.7,39.75,3339.0
2021-04-29 12:00:00,NSE:INFIBEAM,39.75,39.75,39.65,39.7,3723.0
2021-04-29 12:03:00,NSE:INFIBEAM,39.7,39.7,39.65,39.7,642.0
2021-04-29 12:06:00,NSE:INFIBEAM,39.65,39.7,39.65,39.7,811.0
2021-04-29 12:09:00,NSE:INFIBEAM,39.7,39.7,39.65,39.7,5295.0
2021-04-29 12:12:00,NSE:INFIBEAM,39.7,39.7,39.65,39.65,594.0
2021-04-29 12:15:00,NSE:INFIBEAM,39.7,39.7,39.65,39.65,566.0
2021-04-29 12:18:00,NSE:INFIBEAM,39.65,39.7,39.65,39.7,1132.0
2021-04-29 12:21:00,NSE:INFIBEAM,39.7,39.7,39.65,39.7,6315.0
2021-04-29 12:24:00,NSE:INFIBEAM,39.65,39.7,39.65,39.7,961.0
2021-04-29 12:27:00,NSE:INFIBEAM,39.65,39.65,39.65,39.65,326.0
2021-04-29 12:30:00,NSE:INFIBEAM,39.65,39.65,39.65,39.65,1100.0
2021-04-29 12:33:00,NSE:INFIBEAM,39.7,39.7,39.65,39.65,6794.0
2021-04-29 12:36:00,NSE:INFIBEAM,39.6,39.65,39.6,39.6,17560.0
2021-04-29 12:39:00,NSE:INFIBEAM,39.55,39.55,39.4,39.4,48764.0
2021-04-29 12:42:00,NSE:INFIBEAM,39.45,39.5,39.45,39.5,11657.0
2021-04-29 12:45:00,NSE:INFIBEAM,39.5,39.5,39.45,39.45,1970.0
2021-04-29 12:48:00,NSE:INFIBEAM,39.4,39.5,39.4,39.5,6700.0
2021-04-29 12:51:00,NSE:INFIBEAM,39.45,39.5,39.45,39.45,5106.0
2021-04-29 12:54:00,NSE:INFIBEAM,39.5,39.55,39.45,39.5,17249.0
2021-04-29 12:57:00,NSE:INFIBEAM,39.5,39.55,39.45,39.5,5421.0
2021-04-29 13:00:00,NSE:INFIBEAM,39.5,39.5,39.45,39.5,1408.0
2021-04-29 13:03:00,NSE:INFIBEAM,39.5,39.5,39.5,39.5,1713.0
2021-04-29 13:06:00,NSE:INFIBEAM,39.5,39.5,39.45,39.45,15616.0
2021-04-29 13:09:00,NSE:INFIBEAM,39.45,39.45,39.4,39.45,15205.0
2021-04-29 13:12:00,NSE:INFIBEAM,39.45,39.45,39.4,39.45,380.0
2021-04-29 13:15:00,NSE:INFIBEAM,39.45,39.45,39.45,39.45,616.0
2021-04-29 13:18:00,NSE:INFIBEAM,39.4,39.45,39.4,39.45,1295.0
2021-04-29 13:21:00,NSE:INFIBEAM,39.45,39.45,39.4,39.45,4369.0
2021-04-29 13:24:00,NSE:INFIBEAM,39.45,39.5,39.45,39.5,2127.0
2021-04-29 13:27:00,NSE:INFIBEAM,39.45,39.5,39.4,39.45,949.0
2021-04-29 13:30:00,NSE:INFIBEAM,39.45,39.5,39.4,39.5,4088.0
2021-04-29 13:33:00,NSE:INFIBEAM,39.5,39.5,39.45,39.5,1141.0
2021-04-29 13:36:00,NSE:INFIBEAM,39.5,39.5,39.45,39.5,4148.0
2021-04-29 13:39:00,NSE:INFIBEAM,39.5,39.5,39.45,39.45,1774.0
2021-04-29 13:42:00,NSE:INFIBEAM,39.45,39.5,39.45,39.5,2416.0
2021-04-29 13:45:00,NSE:INFIBEAM,39.5,39.5,39.45,39.5,565.0
2021-04-29 13:48:00,NSE:INFIBEAM,39.5,39.5,39.45,39.5,871.0
2021-04-29 13:51:00,NSE:INFIBEAM,39.5,39.5,39.45,39.5,3786.0
2021-04-29 13:54:00,NSE:INFIBEAM,39.45,39.5,39.45,39.45,1312.0
2021-04-29 13:57:00,NSE:INFIBEAM,39.5,39.5,39.4,39.4,1312.0
2021-04-29 14:00:00,NSE:INFIBEAM,39.4,39.5,39.35,39.4,14337.0
2021-04-29 14:03:00,NSE:INFIBEAM,39.4,39.5,39.4,39.45,2030.0
2021-04-29 14:06:00,NSE:INFIBEAM,39.45,39.5,39.45,39.5,30605.0
2021-04-29 14:09:00,NSE:INFIBEAM,39.55,39.6,39.5,39.55,14400.0
2021-04-29 14:12:00,NSE:INFIBEAM,39.55,39.55,39.45,39.5,1535.0
2021-04-29 14:15:00,NSE:INFIBEAM,39.5,39.55,39.5,39.5,11518.0
2021-04-29 14:18:00,NSE:INFIBEAM,39.5,39.55,39.45,39.55,13052.0
2021-04-29 14:21:00,NSE:INFIBEAM,39.55,39.55,39.5,39.5,8126.0
2021-04-29 14:24:00,NSE:INFIBEAM,39.5,39.7,39.5,39.7,42004.0
2021-04-29 14:27:00,NSE:INFIBEAM,39.7,40.0,39.65,40.0,85754.0
2021-04-29 14:30:00,NSE:INFIBEAM,39.95,40.0,39.95,40.0,103374.0
2021-04-29 14:33:00,NSE:INFIBEAM,40.0,40.0,39.8,39.8,1572.0
2021-04-29 14:36:00,NSE:INFIBEAM,39.8,39.85,39.8,39.8,2857.0
2021-04-29 14:39:00,NSE:INFIBEAM,39.8,39.85,39.8,39.85,291.0
2021-04-29 14:42:00,NSE:INFIBEAM,39.8,39.85,39.75,39.85,892.0
2021-04-29 14:45:00,NSE:INFIBEAM,39.85,39.9,39.8,39.8,214734.0
2021-04-29 14:48:00,NSE:INFIBEAM,39.85,39.85,39.8,39.8,115.0
2021-04-29 14:51:00,NSE:INFIBEAM,39.85,39.85,39.75,39.8,10244.0
2021-04-29 14:54:00,NSE:INFIBEAM,39.75,39.8,39.75,39.75,3223.0
2021-04-29 14:57:00,NSE:INFIBEAM,39.8,39.8,39.75,39.75,961.0
2021-04-29 15:00:00,NSE:INFIBEAM,39.75,39.75,39.5,39.55,9594.0
2021-04-29 15:03:00,NSE:INFIBEAM,39.55,39.55,39.5,39.5,14188.0
2021-04-29 15:06:00,NSE:INFIBEAM,39.5,39.7,39.45,39.7,41997.0
2021-04-29 15:09:00,NSE:INFIBEAM,39.7,39.75,39.6,39.65,5233.0
2021-04-29 15:12:00,NSE:INFIBEAM,39.65,39.9,39.6,39.75,35840.0
2021-04-29 15:15:00,NSE:INFIBEAM,39.75,39.75,39.6,39.6,8217.0
2021-04-29 15:18:00,NSE:INFIBEAM,39.6,39.65,39.5,39.5,23704.0
2021-04-29 15:21:00,NSE:INFIBEAM,39.5,39.55,39.35,39.45,27862.0
2021-04-29 15:24:00,NSE:INFIBEAM,39.45,39.45,39.35,39.45,14099.0
2021-04-29 15:27:00,NSE:INFIBEAM,39.45,39.55,39.35,39.4,15139.0
2021-04-29 15:45:00,NSE:INFIBEAM,39.55,39.55,39.55,39.55,1.0
2021-04-29 15:48:00,NSE:INFIBEAM,39.55,39.55,39.55,39.55,9.0
2021-04-29 15:57:00,NSE:INFIBEAM,39.55,39.55,39.55,39.55,4.0
2021-04-30 09:06:00,NSE:INFIBEAM,38.9,38.9,38.9,38.9,3314.0
2021-04-30 09:15:00,NSE:INFIBEAM,39.0,39.55,39.0,39.45,18487.0
2021-04-30 09:18:00,NSE:INFIBEAM,39.45,39.45,39.2,39.3,7965.0
2021-04-30 09:21:00,NSE:INFIBEAM,39.3,39.5,39.25,39.5,47856.0
2021-04-30 09:24:00,NSE:INFIBEAM,39.4,39.65,39.2,39.5,97169.0
2021-04-30 09:27:00,NSE:INFIBEAM,39.45,39.55,39.3,39.5,25061.0
2021-04-30 09:30:00,NSE:INFIBEAM,39.5,39.5,39.4,39.5,7356.0
2021-04-30 09:33:00,NSE:INFIBEAM,39.45,39.5,39.4,39.4,2495.0
2021-04-30 09:36:00,NSE:INFIBEAM,39.45,39.5,39.4,39.5,2084.0
2021-04-30 09:39:00,NSE:INFIBEAM,39.5,39.6,39.45,39.55,11880.0
2021-04-30 09:42:00,NSE:INFIBEAM,39.55,39.65,39.5,39.65,19411.0
2021-04-30 09:45:00,NSE:INFIBEAM,39.65,39.75,39.65,39.75,14712.0
2021-04-30 09:48:00,NSE:INFIBEAM,39.75,39.85,39.7,39.8,14914.0
2021-04-30 09:51:00,NSE:INFIBEAM,39.8,39.9,39.75,39.8,22136.0
2021-04-30 09:54:00,NSE:INFIBEAM,39.8,39.8,39.75,39.75,1908.0
2021-04-30 09:57:00,NSE:INFIBEAM,39.7,39.8,39.7,39.75,2635.0
2021-04-30 10:00:00,NSE:INFIBEAM,39.8,39.85,39.75,39.8,5465.0
2021-04-30 10:03:00,NSE:INFIBEAM,39.8,39.85,39.75,39.75,675.0
2021-04-30 10:06:00,NSE:INFIBEAM,39.85,39.85,39.7,39.75,18499.0
2021-04-30 10:09:00,NSE:INFIBEAM,39.65,39.75,39.65,39.7,2479.0
2021-04-30 10:12:00,NSE:INFIBEAM,39.7,39.75,39.7,39.75,2637.0
2021-04-30 10:15:00,NSE:INFIBEAM,39.75,39.85,39.75,39.85,3484.0
2021-04-30 10:18:00,NSE:INFIBEAM,39.8,39.85,39.8,39.85,2124.0
2021-04-30 10:21:00,NSE:INFIBEAM,39.85,39.85,39.75,39.8,1243.0
2021-04-30 10:24:00,NSE:INFIBEAM,39.8,39.85,39.75,39.75,598.0
2021-04-30 10:27:00,NSE:INFIBEAM,39.75,39.8,39.7,39.7,4489.0
2021-04-30 10:30:00,NSE:INFIBEAM,39.7,39.8,39.65,39.75,5309.0
2021-04-30 10:33:00,NSE:INFIBEAM,39.75,39.75,39.5,39.6,27298.0
2021-04-30 10:36:00,NSE:INFIBEAM,39.5,39.5,39.45,39.45,10223.0
2021-04-30 10:39:00,NSE:INFIBEAM,39.45,39.5,39.4,39.5,480.0
2021-04-30 10:42:00,NSE:INFIBEAM,39.45,39.5,39.45,39.5,570.0
2021-04-30 10:45:00,NSE:INFIBEAM,39.5,39.5,39.45,39.5,3131.0
2021-04-30 10:48:00,NSE:INFIBEAM,39.5,39.5,39.45,39.45,4826.0
2021-04-30 10:51:00,NSE:INFIBEAM,39.5,39.5,39.45,39.45,535.0
2021-04-30 10:54:00,NSE:INFIBEAM,39.5,39.5,39.5,39.5,104.0
2021-04-30 10:57:00,NSE:INFIBEAM,39.5,39.5,39.5,39.5,2407.0
2021-04-30 11:00:00,NSE:INFIBEAM,39.5,39.5,39.45,39.5,1167.0
2021-04-30 11:03:00,NSE:INFIBEAM,39.5,39.6,39.5,39.6,3794.0
2021-04-30 11:06:00,NSE:INFIBEAM,39.5,39.65,39.5,39.65,4275.0
2021-04-30 11:09:00,NSE:INFIBEAM,39.65,39.7,39.6,39.65,821.0
2021-04-30 11:12:00,NSE:INFIBEAM,39.65,39.7,39.65,39.7,2648.0
2021-04-30 11:15:00,NSE:INFIBEAM,39.7,39.7,39.65,39.65,4335.0
2021-04-30 11:18:00,NSE:INFIBEAM,39.7,39.7,39.7,39.7,2400.0
2021-04-30 11:21:00,NSE:INFIBEAM,39.7,39.7,39.6,39.7,213.0
2021-04-30 11:24:00,NSE:INFIBEAM,39.7,39.7,39.6,39.6,346.0
2021-04-30 11:27:00,NSE:INFIBEAM,39.65,39.7,39.6,39.7,1093.0
2021-04-30 11:30:00,NSE:INFIBEAM,39.6,39.7,39.6,39.7,1909.0
2021-04-30 11:33:00,NSE:INFIBEAM,39.7,39.7,39.65,39.7,1304.0
2021-04-30 11:36:00,NSE:INFIBEAM,39.7,39.7,39.6,39.65,4935.0
2021-04-30 11:39:00,NSE:INFIBEAM,39.6,39.65,39.6,39.6,1591.0
2021-04-30 11:42:00,NSE:INFIBEAM,39.6,39.65,39.6,39.6,3120.0
2021-04-30 11:45:00,NSE:INFIBEAM,39.65,39.65,39.65,39.65,7.0
2021-04-30 11:48:00,NSE:INFIBEAM,39.65,39.65,39.6,39.6,1574.0
2021-04-30 11:51:00,NSE:INFIBEAM,39.65,39.65,39.6,39.6,1034.0
2021-04-30 11:54:00,NSE:INFIBEAM,39.65,39.65,39.6,39.65,5949.0
2021-04-30 11:57:00,NSE:INFIBEAM,39.65,39.7,39.6,39.7,2314.0
2021-04-30 12:00:00,NSE:INFIBEAM,39.6,39.7,39.6,39.7,377.0
2021-04-30 12:03:00,NSE:INFIBEAM,39.65,39.7,39.65,39.7,115.0
2021-04-30 12:06:00,NSE:INFIBEAM,39.65,39.7,39.65,39.65,841.0
2021-04-30 12:09:00,NSE:INFIBEAM,39.7,39.7,39.7,39.7,768.0
2021-04-30 12:12:00,NSE:INFIBEAM,39.7,39.7,39.7,39.7,1556.0
2021-04-30 12:15:00,NSE:INFIBEAM,39.7,39.85,39.65,39.85,13013.0
2021-04-30 12:18:00,NSE:INFIBEAM,39.8,39.8,39.75,39.75,4008.0
2021-04-30 12:21:00,NSE:INFIBEAM,39.75,39.8,39.75,39.75,466.0
2021-04-30 12:24:00,NSE:INFIBEAM,39.75,39.8,39.75,39.8,1110.0
2021-04-30 12:27:00,NSE:INFIBEAM,39.85,39.85,39.75,39.8,3019.0
2021-04-30 12:30:00,NSE:INFIBEAM,39.8,39.8,39.75,39.8,220.0
2021-04-30 12:33:00,NSE:INFIBEAM,39.75,39.8,39.75,39.8,829.0
2021-04-30 12:36:00,NSE:INFIBEAM,39.8,39.8,39.75,39.75,2453.0
2021-04-30 12:39:00,NSE:INFIBEAM,39.75,39.75,39.7,39.7,2440.0
2021-04-30 12:42:00,NSE:INFIBEAM,39.8,39.8,39.7,39.75,751.0
2021-04-30 12:45:00,NSE:INFIBEAM,39.8,39.8,39.75,39.75,421.0
2021-04-30 12:48:00,NSE:INFIBEAM,39.75,39.75,39.75,39.75,4034.0
2021-04-30 12:51:00,NSE:INFIBEAM,39.75,39.8,39.75,39.8,46.0
2021-04-30 12:54:00,NSE:INFIBEAM,39.75,39.85,39.75,39.85,2866.0
2021-04-30 12:57:00,NSE:INFIBEAM,39.85,39.9,39.85,39.85,1477.0
2021-04-30 13:00:00,NSE:INFIBEAM,39.85,39.9,39.8,39.8,1210.0
2021-04-30 13:03:00,NSE:INFIBEAM,39.9,39.9,39.8,39.85,1933.0
2021-04-30 13:06:00,NSE:INFIBEAM,39.8,39.85,39.8,39.8,5328.0
2021-04-30 13:09:00,NSE:INFIBEAM,39.85,39.9,39.8,39.85,10793.0
2021-04-30 13:12:00,NSE:INFIBEAM,39.8,39.85,39.75,39.75,5158.0
2021-04-30 13:15:00,NSE:INFIBEAM,39.85,39.85,39.85,39.85,79.0
2021-04-30 13:18:00,NSE:INFIBEAM,39.8,39.85,39.75,39.85,4178.0
2021-04-30 13:21:00,NSE:INFIBEAM,39.75,39.85,39.75,39.85,94.0
2021-04-30 13:24:00,NSE:INFIBEAM,39.85,39.85,39.8,39.85,222.0
2021-04-30 13:27:00,NSE:INFIBEAM,39.85,39.85,39.75,39.75,6074.0
2021-04-30 13:30:00,NSE:INFIBEAM,39.85,39.85,39.8,39.8,2920.0
2021-04-30 13:33:00,NSE:INFIBEAM,39.75,39.8,39.75,39.75,432.0
2021-04-30 13:36:00,NSE:INFIBEAM,39.75,39.8,39.75,39.75,9730.0
2021-04-30 13:39:00,NSE:INFIBEAM,39.75,39.8,39.75,39.8,499.0
2021-04-30 13:42:00,NSE:INFIBEAM,39.8,39.8,39.8,39.8,79.0
2021-04-30 13:45:00,NSE:INFIBEAM,39.75,39.8,39.7,39.75,4800.0
2021-04-30 13:48:00,NSE:INFIBEAM,39.75,39.8,39.7,39.7,7423.0
2021-04-30 13:51:00,NSE:INFIBEAM,39.75,39.75,39.7,39.7,1500.0
2021-04-30 13:54:00,NSE:INFIBEAM,39.75,39.75,39.75,39.75,5461.0
2021-04-30 13:57:00,NSE:INFIBEAM,39.8,39.8,39.6,39.65,9154.0
2021-04-30 14:00:00,NSE:INFIBEAM,39.6,39.7,39.6,39.7,485.0
2021-04-30 14:03:00,NSE:INFIBEAM,39.6,39.7,39.6,39.6,803.0
2021-04-30 14:06:00,NSE:INFIBEAM,39.6,39.7,39.6,39.7,2733.0
2021-04-30 14:09:00,NSE:INFIBEAM,39.65,39.65,39.55,39.55,4526.0
2021-04-30 14:12:00,NSE:INFIBEAM,39.65,39.65,39.6,39.6,1082.0
2021-04-30 14:15:00,NSE:INFIBEAM,39.55,39.55,39.4,39.45,10069.0
2021-04-30 14:18:00,NSE:INFIBEAM,39.55,39.6,39.5,39.5,1399.0
2021-04-30 14:21:00,NSE:INFIBEAM,39.5,39.6,39.5,39.6,1203.0
2021-04-30 14:24:00,NSE:INFIBEAM,39.65,39.65,39.6,39.6,1111.0
2021-04-30 14:27:00,NSE:INFIBEAM,39.6,39.6,39.6,39.6,465.0
2021-04-30 14:30:00,NSE:INFIBEAM,39.55,39.6,39.55,39.55,1327.0
2021-04-30 14:33:00,NSE:INFIBEAM,39.6,39.65,39.55,39.55,1043.0
2021-04-30 14:36:00,NSE:INFIBEAM,39.65,39.65,39.55,39.6,354.0
2021-04-30 14:39:00,NSE:INFIBEAM,39.55,39.6,39.5,39.5,10782.0
2021-04-30 14:42:00,NSE:INFIBEAM,39.55,39.55,39.3,39.45,12574.0
2021-04-30 14:45:00,NSE:INFIBEAM,39.35,39.4,39.2,39.3,25059.0
2021-04-30 14:48:00,NSE:INFIBEAM,39.2,39.35,39.15,39.25,21874.0
2021-04-30 14:51:00,NSE:INFIBEAM,39.3,39.35,39.15,39.25,22984.0
2021-04-30 14:54:00,NSE:INFIBEAM,39.25,39.3,39.15,39.3,30255.0
2021-04-30 14:57:00,NSE:INFIBEAM,39.3,39.3,39.15,39.15,17330.0
2021-04-30 15:00:00,NSE:INFIBEAM,39.15,39.2,39.15,39.2,28216.0
2021-04-30 15:03:00,NSE:INFIBEAM,39.2,39.2,39.1,39.15,44513.0
2021-04-30 15:06:00,NSE:INFIBEAM,39.15,39.15,39.0,39.0,53676.0
2021-04-30 15:09:00,NSE:INFIBEAM,39.1,40.0,39.0,39.95,180185.0
2021-04-30 15:12:00,NSE:INFIBEAM,39.75,39.95,39.3,39.4,29576.0
2021-04-30 15:15:00,NSE:INFIBEAM,39.4,39.4,39.2,39.3,40144.0
2021-04-30 15:18:00,NSE:INFIBEAM,39.25,39.4,39.1,39.1,36339.0
2021-04-30 15:21:00,NSE:INFIBEAM,39.2,39.2,39.05,39.05,29024.0
2021-04-30 15:24:00,NSE:INFIBEAM,39.0,39.15,39.0,39.15,50713.0
2021-04-30 15:27:00,NSE:INFIBEAM,39.15,39.2,39.0,39.2,31505.0
2021-04-30 15:42:00,NSE:INFIBEAM,39.3,39.3,39.3,39.3,5.0
2021-04-30 15:45:00,NSE:INFIBEAM,39.3,39.3,39.3,39.3,102.0
2021-04-30 15:51:00,NSE:INFIBEAM,39.3,39.3,39.3,39.3,53.0
2021-04-30 15:57:00,NSE:INFIBEAM,39.3,39.3,39.3,39.3,71.0
2021-05-03 09:06:00,NSE:INFIBEAM,39.3,39.3,39.3,39.3,2004.0
2021-05-03 09:15:00,NSE:INFIBEAM,39.25,39.3,39.05,39.15,6050.0
2021-05-03 09:18:00,NSE:INFIBEAM,39.05,39.15,39.0,39.05,8639.0
2021-05-03 09:21:00,NSE:INFIBEAM,39.05,39.4,39.05,39.3,32898.0
2021-05-03 09:24:00,NSE:INFIBEAM,39.25,39.25,39.15,39.25,2142.0
2021-05-03 09:27:00,NSE:INFIBEAM,39.2,39.25,39.15,39.25,5353.0
2021-05-03 09:30:00,NSE:INFIBEAM,39.15,39.65,39.05,39.25,72267.0
2021-05-03 09:33:00,NSE:INFIBEAM,39.2,39.4,39.2,39.3,8135.0
2021-05-03 09:36:00,NSE:INFIBEAM,39.3,39.45,39.3,39.4,2995.0
2021-05-03 09:39:00,NSE:INFIBEAM,39.4,39.45,39.3,39.45,2058.0
2021-05-03 09:42:00,NSE:INFIBEAM,39.45,39.45,39.35,39.35,4607.0
2021-05-03 09:45:00,NSE:INFIBEAM,39.45,39.45,39.35,39.4,461.0
2021-05-03 09:48:00,NSE:INFIBEAM,39.4,39.4,39.35,39.35,187.0
2021-05-03 09:51:00,NSE:INFIBEAM,39.4,39.4,39.35,39.35,2778.0
2021-05-03 09:54:00,NSE:INFIBEAM,39.35,39.35,39.25,39.3,3571.0
2021-05-03 09:57:00,NSE:INFIBEAM,39.3,39.3,38.95,39.0,108451.0
2021-05-03 10:00:00,NSE:INFIBEAM,39.0,39.0,38.95,38.95,4728.0
2021-05-03 10:03:00,NSE:INFIBEAM,39.0,39.0,38.95,39.0,11479.0
2021-05-03 10:06:00,NSE:INFIBEAM,39.0,39.0,38.85,38.9,23255.0
2021-05-03 10:09:00,NSE:INFIBEAM,38.9,38.95,38.85,38.95,5077.0
2021-05-03 10:12:00,NSE:INFIBEAM,38.95,38.95,38.9,38.9,2463.0
2021-05-03 10:15:00,NSE:INFIBEAM,38.9,38.95,38.9,38.9,2042.0
2021-05-03 10:18:00,NSE:INFIBEAM,38.95,39.0,38.95,39.0,2890.0
2021-05-03 10:21:00,NSE:INFIBEAM,38.9,38.95,38.9,38.95,3601.0
2021-05-03 10:24:00,NSE:INFIBEAM,38.95,38.95,38.75,38.8,26688.0
2021-05-03 10:27:00,NSE:INFIBEAM,38.75,38.8,38.7,38.75,3944.0
2021-05-03 10:30:00,NSE:INFIBEAM,38.75,38.85,38.7,38.85,23110.0
2021-05-03 10:33:00,NSE:INFIBEAM,38.85,38.85,38.75,38.8,6600.0
2021-05-03 10:36:00,NSE:INFIBEAM,38.7,38.85,38.7,38.85,4921.0
2021-05-03 10:39:00,NSE:INFIBEAM,38.85,38.85,38.75,38.8,1730.0
2021-05-03 10:42:00,NSE:INFIBEAM,38.85,38.9,38.75,38.9,4025.0
2021-05-03 10:45:00,NSE:INFIBEAM,38.95,38.95,38.85,38.9,2678.0
2021-05-03 10:48:00,NSE:INFIBEAM,38.9,38.95,38.85,38.95,8132.0
2021-05-03 10:51:00,NSE:INFIBEAM,38.85,38.95,38.85,38.85,4433.0
2021-05-03 10:54:00,NSE:INFIBEAM,38.9,38.9,38.85,38.85,2200.0
2021-05-03 10:57:00,NSE:INFIBEAM,38.9,38.9,38.85,38.9,981.0
2021-05-03 11:00:00,NSE:INFIBEAM,38.9,38.9,38.85,38.9,877.0
2021-05-03 11:03:00,NSE:INFIBEAM,38.9,38.9,38.85,38.9,338.0
2021-05-03 11:06:00,NSE:INFIBEAM,38.9,38.9,38.8,38.8,3083.0
2021-05-03 11:09:00,NSE:INFIBEAM,38.9,38.9,38.8,38.85,2965.0
2021-05-03 11:12:00,NSE:INFIBEAM,38.85,38.9,38.8,38.9,2491.0
2021-05-03 11:15:00,NSE:INFIBEAM,38.9,38.9,38.85,38.85,865.0
2021-05-03 11:18:00,NSE:INFIBEAM,38.85,38.9,38.8,38.9,2664.0
2021-05-03 11:21:00,NSE:INFIBEAM,38.9,38.9,38.8,38.9,1166.0
2021-05-03 11:24:00,NSE:INFIBEAM,38.9,38.9,38.9,38.9,118.0
2021-05-03 11:27:00,NSE:INFIBEAM,38.9,38.9,38.85,38.9,1951.0
2021-05-03 11:30:00,NSE:INFIBEAM,38.9,38.9,38.8,38.9,6715.0
2021-05-03 11:33:00,NSE:INFIBEAM,38.9,38.9,38.8,38.9,3229.0
2021-05-03 11:36:00,NSE:INFIBEAM,38.9,38.95,38.8,38.9,9832.0
2021-05-03 11:39:00,NSE:INFIBEAM,38.8,38.9,38.8,38.9,44.0
2021-05-03 11:42:00,NSE:INFIBEAM,38.9,38.95,38.85,38.95,6649.0
2021-05-03 11:45:00,NSE:INFIBEAM,38.85,38.95,38.85,38.85,6029.0
2021-05-03 11:48:00,NSE:INFIBEAM,38.85,38.85,38.8,38.85,2819.0
2021-05-03 11:51:00,NSE:INFIBEAM,38.8,38.85,38.8,38.8,2695.0
2021-05-03 11:54:00,NSE:INFIBEAM,38.9,38.9,38.8,38.8,6895.0
2021-05-03 11:57:00,NSE:INFIBEAM,38.9,38.9,38.9,38.9,1524.0
2021-05-03 12:00:00,NSE:INFIBEAM,38.8,38.9,38.8,38.8,2702.0
2021-05-03 12:03:00,NSE:INFIBEAM,38.85,38.9,38.85,38.85,1868.0
2021-05-03 12:06:00,NSE:INFIBEAM,38.9,38.9,38.9,38.9,126.0
2021-05-03 12:09:00,NSE:INFIBEAM,38.85,38.85,38.8,38.8,5441.0
2021-05-03 12:12:00,NSE:INFIBEAM,38.8,38.85,38.8,38.85,373.0
2021-05-03 12:15:00,NSE:INFIBEAM,38.8,38.9,38.8,38.9,10568.0
2021-05-03 12:18:00,NSE:INFIBEAM,38.95,38.95,38.85,38.85,4294.0
2021-05-03 12:21:00,NSE:INFIBEAM,38.85,38.9,38.75,38.9,5240.0
2021-05-03 12:24:00,NSE:INFIBEAM,38.9,38.9,38.8,38.8,1056.0
2021-05-03 12:27:00,NSE:INFIBEAM,38.8,38.9,38.8,38.9,4255.0
2021-05-03 12:30:00,NSE:INFIBEAM,38.9,38.9,38.85,38.9,529.0
2021-05-03 12:33:00,NSE:INFIBEAM,38.9,38.9,38.85,38.85,5181.0
2021-05-03 12:36:00,NSE:INFIBEAM,38.9,38.9,38.75,38.75,11940.0
2021-05-03 12:39:00,NSE:INFIBEAM,38.75,38.9,38.75,38.9,13079.0
2021-05-03 12:42:00,NSE:INFIBEAM,38.9,38.9,38.75,38.85,6406.0
2021-05-03 12:45:00,NSE:INFIBEAM,38.85,38.85,38.75,38.75,1466.0
2021-05-03 12:48:00,NSE:INFIBEAM,38.75,38.85,38.75,38.85,538.0
2021-05-03 12:51:00,NSE:INFIBEAM,38.85,38.9,38.85,38.9,2738.0
2021-05-03 12:54:00,NSE:INFIBEAM,38.9,38.9,38.8,38.9,897.0
2021-05-03 12:57:00,NSE:INFIBEAM,39.0,39.0,38.85,38.95,54741.0
2021-05-03 13:00:00,NSE:INFIBEAM,38.95,38.95,38.9,38.9,2484.0
2021-05-03 13:03:00,NSE:INFIBEAM,38.9,38.9,38.85,38.85,1750.0
2021-05-03 13:06:00,NSE:INFIBEAM,38.9,38.95,38.85,38.95,1486.0
2021-05-03 13:09:00,NSE:INFIBEAM,38.95,38.95,38.85,38.95,5737.0
2021-05-03 13:12:00,NSE:INFIBEAM,38.95,38.95,38.8,38.8,6098.0
2021-05-03 13:15:00,NSE:INFIBEAM,38.85,38.85,38.8,38.85,10006.0
2021-05-03 13:18:00,NSE:INFIBEAM,38.85,38.85,38.85,38.85,680.0
2021-05-03 13:21:00,NSE:INFIBEAM,38.85,38.85,38.75,38.75,3675.0
2021-05-03 13:24:00,NSE:INFIBEAM,38.75,38.85,38.75,38.85,7203.0
2021-05-03 13:27:00,NSE:INFIBEAM,38.8,38.85,38.8,38.85,1095.0
2021-05-03 13:30:00,NSE:INFIBEAM,38.85,38.85,38.75,38.75,816.0
2021-05-03 13:33:00,NSE:INFIBEAM,38.75,38.8,38.75,38.8,2044.0
2021-05-03 13:36:00,NSE:INFIBEAM,38.8,38.8,38.8,38.8,741.0
2021-05-03 13:39:00,NSE:INFIBEAM,38.8,38.85,38.75,38.85,5906.0
2021-05-03 13:42:00,NSE:INFIBEAM,38.85,38.85,38.75,38.85,210.0
2021-05-03 13:45:00,NSE:INFIBEAM,38.8,38.8,38.8,38.8,11.0
2021-05-03 13:48:00,NSE:INFIBEAM,38.8,38.8,38.75,38.75,2204.0
2021-05-03 13:51:00,NSE:INFIBEAM,38.85,38.85,38.85,38.85,965.0
2021-05-03 13:54:00,NSE:INFIBEAM,38.85,38.85,38.8,38.85,450.0
2021-05-03 13:57:00,NSE:INFIBEAM,38.85,38.85,38.8,38.8,336.0
2021-05-03 14:00:00,NSE:INFIBEAM,38.8,38.85,38.8,38.85,998.0
2021-05-03 14:03:00,NSE:INFIBEAM,38.85,38.85,38.8,38.8,297.0
2021-05-03 14:06:00,NSE:INFIBEAM,38.85,38.85,38.8,38.85,424.0
2021-05-03 14:09:00,NSE:INFIBEAM,38.85,38.85,38.8,38.85,5285.0
2021-05-03 14:12:00,NSE:INFIBEAM,38.85,38.85,38.8,38.8,547.0
2021-05-03 14:15:00,NSE:INFIBEAM,38.85,38.85,38.8,38.85,9197.0
2021-05-03 14:18:00,NSE:INFIBEAM,38.75,38.85,38.75,38.75,1303.0
2021-05-03 14:21:00,NSE:INFIBEAM,38.85,38.85,38.8,38.85,326.0
2021-05-03 14:24:00,NSE:INFIBEAM,38.8,38.85,38.8,38.85,1520.0
2021-05-03 14:27:00,NSE:INFIBEAM,38.85,38.85,38.8,38.85,1638.0
2021-05-03 14:30:00,NSE:INFIBEAM,38.85,38.85,38.8,38.8,3311.0
2021-05-03 14:33:00,NSE:INFIBEAM,38.8,38.85,38.8,38.8,6104.0
2021-05-03 14:36:00,NSE:INFIBEAM,38.75,38.85,38.75,38.85,590.0
2021-05-03 14:39:00,NSE:INFIBEAM,38.85,38.9,38.85,38.9,20009.0
2021-05-03 14:42:00,NSE:INFIBEAM,38.9,38.9,38.9,38.9,487.0
2021-05-03 14:45:00,NSE:INFIBEAM,38.9,38.9,38.85,38.9,2374.0
2021-05-03 14:48:00,NSE:INFIBEAM,38.9,38.95,38.9,38.95,3190.0
2021-05-03 14:51:00,NSE:INFIBEAM,38.95,39.0,38.9,38.95,2487.0
2021-05-03 14:54:00,NSE:INFIBEAM,38.95,38.95,38.9,38.95,4335.0
2021-05-03 14:57:00,NSE:INFIBEAM,38.95,39.0,38.9,38.9,4964.0
2021-05-03 15:00:00,NSE:INFIBEAM,38.95,38.95,38.9,38.9,6299.0
2021-05-03 15:03:00,NSE:INFIBEAM,38.9,38.9,38.85,38.85,2716.0
2021-05-03 15:06:00,NSE:INFIBEAM,38.85,38.9,38.8,38.9,16729.0
2021-05-03 15:09:00,NSE:INFIBEAM,38.9,38.95,38.85,38.95,3406.0
2021-05-03 15:12:00,NSE:INFIBEAM,38.9,38.95,38.9,38.9,2762.0
2021-05-03 15:15:00,NSE:INFIBEAM,38.9,38.95,38.9,38.9,11273.0
2021-05-03 15:18:00,NSE:INFIBEAM,38.9,38.95,38.8,38.8,15867.0
2021-05-03 15:21:00,NSE:INFIBEAM,38.8,38.8,38.7,38.8,17900.0
2021-05-03 15:24:00,NSE:INFIBEAM,38.75,38.8,38.75,38.8,10764.0
2021-05-03 15:27:00,NSE:INFIBEAM,38.8,38.95,38.7,38.75,22022.0
2021-05-03 15:42:00,NSE:INFIBEAM,38.8,38.8,38.8,38.8,16.0
2021-05-03 15:51:00,NSE:INFIBEAM,38.8,38.8,38.8,38.8,5.0
2021-05-03 15:54:00,NSE:INFIBEAM,38.8,38.8,38.8,38.8,19.0
2021-05-04 09:06:00,NSE:INFIBEAM,39.0,39.0,39.0,39.0,880.0
2021-05-04 09:15:00,NSE:INFIBEAM,39.0,39.2,38.8,39.05,28551.0
2021-05-04 09:18:00,NSE:INFIBEAM,39.1,39.4,38.7,38.7,226527.0
2021-05-04 09:21:00,NSE:INFIBEAM,38.7,38.95,38.65,38.8,36242.0
2021-05-04 09:24:00,NSE:INFIBEAM,38.8,38.9,38.6,38.7,74404.0
2021-05-04 09:27:00,NSE:INFIBEAM,38.7,38.75,38.6,38.7,7585.0
2021-05-04 09:30:00,NSE:INFIBEAM,38.75,38.75,38.65,38.65,2403.0
2021-05-04 09:33:00,NSE:INFIBEAM,38.75,38.75,38.65,38.75,14648.0
2021-05-04 09:36:00,NSE:INFIBEAM,38.65,38.75,38.6,38.65,17267.0
2021-05-04 09:39:00,NSE:INFIBEAM,38.7,38.7,38.6,38.65,10859.0
2021-05-04 09:42:00,NSE:INFIBEAM,38.65,38.65,38.5,38.55,24120.0
2021-05-04 09:45:00,NSE:INFIBEAM,38.55,38.6,38.5,38.5,15975.0
2021-05-04 09:48:00,NSE:INFIBEAM,38.55,38.6,38.55,38.6,9184.0
2021-05-04 09:51:00,NSE:INFIBEAM,38.55,38.6,38.55,38.6,11158.0
2021-05-04 09:54:00,NSE:INFIBEAM,38.55,38.6,38.5,38.6,1826.0
2021-05-04 09:57:00,NSE:INFIBEAM,38.55,38.6,38.55,38.55,1033.0
2021-05-04 10:00:00,NSE:INFIBEAM,38.6,38.6,38.55,38.6,2779.0
2021-05-04 10:03:00,NSE:INFIBEAM,38.55,38.6,38.5,38.55,22526.0
2021-05-04 10:06:00,NSE:INFIBEAM,38.5,38.55,38.4,38.55,17542.0
2021-05-04 10:09:00,NSE:INFIBEAM,38.55,38.55,38.5,38.5,3600.0
2021-05-04 10:12:00,NSE:INFIBEAM,38.4,38.5,38.4,38.45,1439.0
2021-05-04 10:15:00,NSE:INFIBEAM,38.45,38.45,38.4,38.45,1896.0
2021-05-04 10:18:00,NSE:INFIBEAM,38.45,38.5,38.4,38.5,6534.0
2021-05-04 10:21:00,NSE:INFIBEAM,38.5,38.5,38.35,38.4,32792.0
2021-05-04 10:24:00,NSE:INFIBEAM,38.4,38.4,38.25,38.35,21946.0
2021-05-04 10:27:00,NSE:INFIBEAM,38.3,38.3,38.2,38.3,24560.0
2021-05-04 10:30:00,NSE:INFIBEAM,38.3,38.4,38.3,38.4,5431.0
2021-05-04 10:33:00,NSE:INFIBEAM,38.35,38.4,38.3,38.3,4272.0
2021-05-04 10:36:00,NSE:INFIBEAM,38.35,38.35,38.3,38.3,3001.0
2021-05-04 10:39:00,NSE:INFIBEAM,38.35,38.35,38.25,38.3,8522.0
2021-05-04 10:42:00,NSE:INFIBEAM,38.3,38.35,38.3,38.35,8272.0
2021-05-04 10:45:00,NSE:INFIBEAM,38.35,38.35,38.3,38.35,517.0
2021-05-04 10:48:00,NSE:INFIBEAM,38.35,38.35,38.35,38.35,5105.0
2021-05-04 10:51:00,NSE:INFIBEAM,38.35,38.35,38.3,38.35,2017.0
2021-05-04 10:54:00,NSE:INFIBEAM,38.35,38.35,38.3,38.35,10614.0
2021-05-04 10:57:00,NSE:INFIBEAM,38.3,38.45,38.3,38.45,418984.0
2021-05-04 11:00:00,NSE:INFIBEAM,38.4,38.5,38.4,38.5,8185.0
2021-05-04 11:03:00,NSE:INFIBEAM,38.55,38.55,38.55,38.55,2269.0
2021-05-04 11:06:00,NSE:INFIBEAM,38.55,38.55,38.55,38.55,1002.0
2021-05-04 11:09:00,NSE:INFIBEAM,38.55,38.55,38.55,38.55,4.0
2021-05-04 11:12:00,NSE:INFIBEAM,38.5,38.55,38.45,38.55,774.0
2021-05-04 11:15:00,NSE:INFIBEAM,38.55,38.55,38.5,38.55,7084.0
2021-05-04 11:18:00,NSE:INFIBEAM,38.5,38.55,38.4,38.4,9523.0
2021-05-04 11:21:00,NSE:INFIBEAM,38.5,38.5,38.35,38.4,12042.0
2021-05-04 11:24:00,NSE:INFIBEAM,38.4,38.4,38.3,38.35,9072.0
2021-05-04 11:27:00,NSE:INFIBEAM,38.35,38.35,38.25,38.35,22445.0
2021-05-04 11:30:00,NSE:INFIBEAM,38.35,38.35,38.3,38.3,431.0
2021-05-04 11:33:00,NSE:INFIBEAM,38.3,38.35,38.3,38.35,2176.0
2021-05-04 11:36:00,NSE:INFIBEAM,38.3,38.35,38.3,38.35,321.0
2021-05-04 11:39:00,NSE:INFIBEAM,38.35,38.4,38.3,38.4,1733.0
2021-05-04 11:42:00,NSE:INFIBEAM,38.4,38.4,38.4,38.4,550.0
2021-05-04 11:45:00,NSE:INFIBEAM,38.4,38.45,38.3,38.45,3748.0
2021-05-04 11:48:00,NSE:INFIBEAM,38.45,38.45,38.4,38.4,1105.0
2021-05-04 11:51:00,NSE:INFIBEAM,38.4,38.45,38.4,38.45,124.0
2021-05-04 11:54:00,NSE:INFIBEAM,38.45,38.6,38.45,38.6,5571.0
2021-05-04 11:57:00,NSE:INFIBEAM,38.6,38.6,38.5,38.6,4450.0
2021-05-04 12:00:00,NSE:INFIBEAM,38.55,38.65,38.55,38.65,9471.0
2021-05-04 12:03:00,NSE:INFIBEAM,38.65,38.75,38.65,38.75,15402.0
2021-05-04 12:06:00,NSE:INFIBEAM,38.75,38.75,38.7,38.75,4416.0
2021-05-04 12:09:00,NSE:INFIBEAM,38.75,38.75,38.7,38.75,5396.0
2021-05-04 12:12:00,NSE:INFIBEAM,38.75,38.75,38.7,38.75,7093.0
2021-05-04 12:15:00,NSE:INFIBEAM,38.75,38.75,38.7,38.7,4941.0
2021-05-04 12:18:00,NSE:INFIBEAM,38.75,38.75,38.7,38.75,554.0
2021-05-04 12:21:00,NSE:INFIBEAM,38.75,38.75,38.6,38.65,18469.0
2021-05-04 12:24:00,NSE:INFIBEAM,38.65,38.65,38.55,38.65,1362.0
2021-05-04 12:27:00,NSE:INFIBEAM,38.55,38.55,38.5,38.5,8640.0
2021-05-04 12:30:00,NSE:INFIBEAM,38.5,38.5,38.4,38.4,3067.0
2021-05-04 12:33:00,NSE:INFIBEAM,38.5,38.5,38.4,38.4,111.0
2021-05-04 12:36:00,NSE:INFIBEAM,38.4,38.5,38.4,38.4,426.0
2021-05-04 12:39:00,NSE:INFIBEAM,38.4,38.5,38.4,38.5,617.0
2021-05-04 12:42:00,NSE:INFIBEAM,38.4,38.5,38.4,38.5,1512.0
2021-05-04 12:45:00,NSE:INFIBEAM,38.5,38.5,38.45,38.5,1760.0
2021-05-04 12:48:00,NSE:INFIBEAM,38.5,38.5,38.45,38.45,1934.0
2021-05-04 12:51:00,NSE:INFIBEAM,38.45,38.5,38.4,38.5,4660.0
2021-05-04 12:54:00,NSE:INFIBEAM,38.5,38.5,38.4,38.4,498.0
2021-05-04 12:57:00,NSE:INFIBEAM,38.4,38.45,38.4,38.4,6282.0
2021-05-04 13:00:00,NSE:INFIBEAM,38.35,38.4,38.35,38.4,4472.0
2021-05-04 13:03:00,NSE:INFIBEAM,38.4,38.4,38.3,38.3,1611.0
2021-05-04 13:06:00,NSE:INFIBEAM,38.4,38.4,38.3,38.3,4651.0
2021-05-04 13:09:00,NSE:INFIBEAM,38.4,38.55,38.4,38.45,18741.0
2021-05-04 13:12:00,NSE:INFIBEAM,38.45,38.55,38.35,38.35,3211.0
2021-05-04 13:15:00,NSE:INFIBEAM,38.35,38.35,37.85,37.95,180517.0
2021-05-04 13:18:00,NSE:INFIBEAM,37.95,37.95,37.85,37.95,5910.0
2021-05-04 13:21:00,NSE:INFIBEAM,37.95,38.05,37.9,38.05,2458.0
2021-05-04 13:24:00,NSE:INFIBEAM,38.05,38.05,37.95,38.05,3672.0
2021-05-04 13:27:00,NSE:INFIBEAM,38.05,38.05,38.0,38.05,811.0
2021-05-04 13:30:00,NSE:INFIBEAM,38.15,38.15,38.05,38.05,9179.0
2021-05-04 13:33:00,NSE:INFIBEAM,38.15,38.15,38.05,38.15,7567.0
2021-05-04 13:36:00,NSE:INFIBEAM,38.1,38.1,38.0,38.05,8661.0
2021-05-04 13:39:00,NSE:INFIBEAM,38.1,38.15,38.05,38.05,1008.0
2021-05-04 13:42:00,NSE:INFIBEAM,38.15,38.15,38.05,38.1,3672.0
2021-05-04 13:45:00,NSE:INFIBEAM,38.05,38.15,38.05,38.1,3347.0
2021-05-04 13:48:00,NSE:INFIBEAM,38.15,38.3,38.1,38.25,8977.0
2021-05-04 13:51:00,NSE:INFIBEAM,38.2,38.3,38.2,38.3,509.0
2021-05-04 13:54:00,NSE:INFIBEAM,38.25,38.3,38.25,38.25,634.0
2021-05-04 13:57:00,NSE:INFIBEAM,38.3,38.3,38.25,38.25,822.0
2021-05-04 14:00:00,NSE:INFIBEAM,38.25,38.3,38.2,38.2,2040.0
2021-05-04 14:03:00,NSE:INFIBEAM,38.25,38.3,38.2,38.25,1760.0
2021-05-04 14:06:00,NSE:INFIBEAM,38.25,38.3,38.2,38.25,1474.0
2021-05-04 14:09:00,NSE:INFIBEAM,38.2,38.2,38.15,38.15,29179.0
2021-05-04 14:12:00,NSE:INFIBEAM,38.2,38.25,38.15,38.25,888.0
2021-05-04 14:15:00,NSE:INFIBEAM,38.25,38.3,38.25,38.25,4606.0
2021-05-04 14:18:00,NSE:INFIBEAM,38.3,38.3,38.25,38.25,937.0
2021-05-04 14:21:00,NSE:INFIBEAM,38.25,38.3,38.25,38.25,603.0
2021-05-04 14:24:00,NSE:INFIBEAM,38.15,38.25,38.15,38.2,2858.0
2021-05-04 14:27:00,NSE:INFIBEAM,38.25,38.25,38.2,38.2,3055.0
2021-05-04 14:30:00,NSE:INFIBEAM,38.2,38.25,38.2,38.25,1242.0
2021-05-04 14:33:00,NSE:INFIBEAM,38.2,38.2,38.2,38.2,150.0
2021-05-04 14:36:00,NSE:INFIBEAM,38.2,38.2,38.15,38.2,14675.0
2021-05-04 14:39:00,NSE:INFIBEAM,38.2,38.2,38.15,38.15,147.0
2021-05-04 14:42:00,NSE:INFIBEAM,38.2,38.35,38.2,38.25,51416.0
2021-05-04 14:45:00,NSE:INFIBEAM,38.3,38.3,38.25,38.25,4655.0
2021-05-04 14:48:00,NSE:INFIBEAM,38.25,38.3,38.25,38.25,2742.0
2021-05-04 14:51:00,NSE:INFIBEAM,38.25,38.3,38.2,38.25,24514.0
2021-05-04 14:54:00,NSE:INFIBEAM,38.25,38.25,38.15,38.2,11050.0
2021-05-04 14:57:00,NSE:INFIBEAM,38.2,38.2,38.2,38.2,45334.0
2021-05-04 15:00:00,NSE:INFIBEAM,38.25,38.25,38.15,38.15,10562.0
2021-05-04 15:03:00,NSE:INFIBEAM,38.15,38.2,38.15,38.2,1013.0
2021-05-04 15:06:00,NSE:INFIBEAM,38.2,38.2,38.15,38.15,2152.0
2021-05-04 15:09:00,NSE:INFIBEAM,38.2,38.2,38.15,38.15,11335.0
2021-05-04 15:12:00,NSE:INFIBEAM,38.15,38.2,38.1,38.1,13178.0
2021-05-04 15:15:00,NSE:INFIBEAM,38.15,38.15,38.05,38.05,2804.0
2021-05-04 15:18:00,NSE:INFIBEAM,38.05,38.1,38.0,38.0,26777.0
2021-05-04 15:21:00,NSE:INFIBEAM,38.0,38.05,38.0,38.05,26583.0
2021-05-04 15:24:00,NSE:INFIBEAM,38.05,38.1,38.0,38.1,19230.0
2021-05-04 15:27:00,NSE:INFIBEAM,38.1,38.45,38.05,38.05,22603.0
2021-05-04 15:39:00,NSE:INFIBEAM,38.1,38.1,38.05,38.1,5075.0
2021-05-04 15:54:00,NSE:INFIBEAM,38.1,38.1,38.1,38.1,102.0
2021-05-04 15:57:00,NSE:INFIBEAM,38.1,38.1,38.1,38.1,1.0
2021-05-05 09:06:00,NSE:INFIBEAM,38.5,38.5,38.5,38.5,625.0
2021-05-05 09:15:00,NSE:INFIBEAM,38.1,38.5,38.05,38.1,11132.0
2021-05-05 09:18:00,NSE:INFIBEAM,38.2,38.25,38.0,38.05,20953.0
2021-05-05 09:21:00,NSE:INFIBEAM,38.05,38.05,37.85,37.95,5943.0
2021-05-05 09:24:00,NSE:INFIBEAM,37.95,38.0,37.85,38.0,18913.0
2021-05-05 09:27:00,NSE:INFIBEAM,38.0,38.4,37.9,37.95,71098.0
2021-05-05 09:30:00,NSE:INFIBEAM,38.0,38.15,38.0,38.15,6473.0
2021-05-05 09:33:00,NSE:INFIBEAM,38.15,38.15,38.0,38.05,7445.0
2021-05-05 09:36:00,NSE:INFIBEAM,38.0,38.05,37.9,38.0,28471.0
2021-05-05 09:39:00,NSE:INFIBEAM,38.0,38.0,37.8,37.95,10921.0
2021-05-05 09:42:00,NSE:INFIBEAM,37.95,37.95,37.9,37.95,6897.0
2021-05-05 09:45:00,NSE:INFIBEAM,37.95,37.95,37.9,37.95,5500.0
2021-05-05 09:48:00,NSE:INFIBEAM,37.9,37.95,37.8,37.8,5853.0
2021-05-05 09:51:00,NSE:INFIBEAM,37.9,37.9,37.8,37.9,4742.0
2021-05-05 09:54:00,NSE:INFIBEAM,37.9,37.95,37.9,37.95,2042.0
2021-05-05 09:57:00,NSE:INFIBEAM,37.95,38.0,37.95,38.0,6518.0
2021-05-05 10:00:00,NSE:INFIBEAM,38.0,38.05,37.95,37.95,4476.0
2021-05-05 10:03:00,NSE:INFIBEAM,37.95,38.0,37.85,37.85,11881.0
2021-05-05 10:06:00,NSE:INFIBEAM,37.85,37.9,37.8,37.8,916.0
2021-05-05 10:09:00,NSE:INFIBEAM,37.8,37.85,37.8,37.8,14523.0
2021-05-05 10:12:00,NSE:INFIBEAM,37.85,37.9,37.8,37.9,564.0
2021-05-05 10:15:00,NSE:INFIBEAM,37.85,37.9,37.85,37.9,1892.0
2021-05-05 10:18:00,NSE:INFIBEAM,37.9,37.9,37.85,37.85,3554.0
2021-05-05 10:21:00,NSE:INFIBEAM,37.9,37.9,37.85,37.9,337.0
2021-05-05 10:24:00,NSE:INFIBEAM,37.9,37.9,37.85,37.9,2441.0
2021-05-05 10:27:00,NSE:INFIBEAM,37.9,37.9,37.85,37.9,1394.0
2021-05-05 10:30:00,NSE:INFIBEAM,37.9,37.9,37.7,37.8,36286.0
2021-05-05 10:33:00,NSE:INFIBEAM,37.75,37.85,37.75,37.75,2107.0
2021-05-05 10:36:00,NSE:INFIBEAM,37.75,37.8,37.7,37.8,5512.0
2021-05-05 10:39:00,NSE:INFIBEAM,37.7,37.8,37.7,37.75,5912.0
2021-05-05 10:42:00,NSE:INFIBEAM,37.75,37.75,37.7,37.75,2730.0
2021-05-05 10:45:00,NSE:INFIBEAM,37.75,37.75,37.7,37.7,1295.0
2021-05-05 10:48:00,NSE:INFIBEAM,37.7,37.8,37.7,37.75,13962.0
2021-05-05 10:51:00,NSE:INFIBEAM,37.8,37.8,37.75,37.8,559.0
2021-05-05 10:54:00,NSE:INFIBEAM,37.8,37.8,37.75,37.8,1611.0
2021-05-05 10:57:00,NSE:INFIBEAM,37.8,37.8,37.75,37.8,1755.0
2021-05-05 11:00:00,NSE:INFIBEAM,37.75,37.8,37.75,37.75,1713.0
2021-05-05 11:03:00,NSE:INFIBEAM,37.8,37.8,37.7,37.7,14638.0
2021-05-05 11:06:00,NSE:INFIBEAM,37.75,37.75,37.65,37.7,1918.0
2021-05-05 11:09:00,NSE:INFIBEAM,37.7,37.7,37.65,37.7,493.0
2021-05-05 11:12:00,NSE:INFIBEAM,37.7,37.7,37.65,37.65,1495.0
2021-05-05 11:15:00,NSE:INFIBEAM,37.7,37.7,37.6,37.6,2537.0
2021-05-05 11:18:00,NSE:INFIBEAM,37.6,37.65,37.6,37.6,1761.0
2021-05-05 11:21:00,NSE:INFIBEAM,37.6,37.65,37.6,37.65,1990.0
2021-05-05 11:24:00,NSE:INFIBEAM,37.6,37.65,37.6,37.65,3271.0
2021-05-05 11:27:00,NSE:INFIBEAM,37.65,37.7,37.65,37.7,300.0
2021-05-05 11:30:00,NSE:INFIBEAM,37.65,37.7,37.65,37.7,1715.0
2021-05-05 11:33:00,NSE:INFIBEAM,37.7,37.7,37.65,37.7,1884.0
2021-05-05 11:36:00,NSE:INFIBEAM,37.65,37.7,37.65,37.7,1123.0
2021-05-05 11:39:00,NSE:INFIBEAM,37.65,37.7,37.65,37.7,1396.0
2021-05-05 11:42:00,NSE:INFIBEAM,37.7,37.75,37.65,37.75,9640.0
2021-05-05 11:45:00,NSE:INFIBEAM,37.75,37.8,37.75,37.8,5839.0
2021-05-05 11:48:00,NSE:INFIBEAM,37.8,37.85,37.75,37.85,3964.0
2021-05-05 11:51:00,NSE:INFIBEAM,37.8,37.8,37.75,37.8,3535.0
2021-05-05 11:54:00,NSE:INFIBEAM,37.8,37.8,37.7,37.8,1125.0
2021-05-05 11:57:00,NSE:INFIBEAM,37.8,37.8,37.7,37.7,540.0
2021-05-05 12:00:00,NSE:INFIBEAM,37.7,37.8,37.7,37.8,304.0
2021-05-05 12:03:00,NSE:INFIBEAM,37.8,37.8,37.7,37.8,2165.0
2021-05-05 12:06:00,NSE:INFIBEAM,37.75,37.75,37.7,37.75,433.0
2021-05-05 12:09:00,NSE:INFIBEAM,37.75,37.75,37.7,37.75,4240.0
2021-05-05 12:12:00,NSE:INFIBEAM,37.75,37.8,37.75,37.8,2060.0
2021-05-05 12:15:00,NSE:INFIBEAM,37.8,37.8,37.75,37.8,689.0
2021-05-05 12:18:00,NSE:INFIBEAM,37.75,37.8,37.75,37.75,1487.0
2021-05-05 12:21:00,NSE:INFIBEAM,37.75,37.8,37.75,37.8,1204.0
2021-05-05 12:24:00,NSE:INFIBEAM,37.75,37.8,37.75,37.8,4901.0
2021-05-05 12:27:00,NSE:INFIBEAM,37.8,37.85,37.75,37.75,6390.0
2021-05-05 12:30:00,NSE:INFIBEAM,37.75,37.75,37.75,37.75,2.0
2021-05-05 12:33:00,NSE:INFIBEAM,37.85,38.05,37.85,38.05,51154.0
2021-05-05 12:36:00,NSE:INFIBEAM,38.05,38.05,37.65,37.8,198687.0
2021-05-05 12:39:00,NSE:INFIBEAM,37.8,37.85,37.8,37.85,3332.0
2021-05-05 12:42:00,NSE:INFIBEAM,37.85,37.9,37.8,37.9,1212.0
2021-05-05 12:45:00,NSE:INFIBEAM,37.9,37.9,37.8,37.9,349.0
2021-05-05 12:48:00,NSE:INFIBEAM,37.9,37.9,37.8,37.85,2632.0
2021-05-05 12:51:00,NSE:INFIBEAM,37.9,37.9,37.8,37.8,2629.0
2021-05-05 12:54:00,NSE:INFIBEAM,37.9,37.95,37.8,37.9,1977.0
2021-05-05 12:57:00,NSE:INFIBEAM,37.9,37.9,37.75,37.75,16151.0
2021-05-05 13:00:00,NSE:INFIBEAM,37.9,37.9,37.75,37.8,3834.0
2021-05-05 13:03:00,NSE:INFIBEAM,37.85,37.95,37.8,37.95,5532.0
2021-05-05 13:06:00,NSE:INFIBEAM,37.95,37.95,37.9,37.95,1857.0
2021-05-05 13:09:00,NSE:INFIBEAM,37.95,37.95,37.8,37.9,1308.0
2021-05-05 13:12:00,NSE:INFIBEAM,37.9,37.95,37.8,37.95,1316.0
2021-05-05 13:15:00,NSE:INFIBEAM,37.95,37.95,37.95,37.95,1103.0
2021-05-05 13:18:00,NSE:INFIBEAM,37.9,37.95,37.9,37.95,1951.0
2021-05-05 13:21:00,NSE:INFIBEAM,37.85,37.95,37.85,37.95,915.0
2021-05-05 13:24:00,NSE:INFIBEAM,37.95,38.0,37.9,37.9,4363.0
2021-05-05 13:27:00,NSE:INFIBEAM,37.85,37.95,37.85,37.9,3590.0
2021-05-05 13:30:00,NSE:INFIBEAM,37.9,37.9,37.8,37.85,161.0
2021-05-05 13:33:00,NSE:INFIBEAM,37.8,37.8,37.75,37.75,4422.0
2021-05-05 13:36:00,NSE:INFIBEAM,37.75,37.8,37.75,37.8,1326.0
2021-05-05 13:39:00,NSE:INFIBEAM,37.85,37.85,37.75,37.85,2422.0
2021-05-05 13:42:00,NSE:INFIBEAM,37.85,37.85,37.85,37.85,1134.0
2021-05-05 13:45:00,NSE:INFIBEAM,37.85,37.95,37.85,37.95,7035.0
2021-05-05 13:48:00,NSE:INFIBEAM,37.9,37.95,37.9,37.95,2414.0
2021-05-05 13:51:00,NSE:INFIBEAM,38.0,38.0,37.95,37.95,8289.0
2021-05-05 13:54:00,NSE:INFIBEAM,37.9,37.95,37.85,37.85,1713.0
2021-05-05 13:57:00,NSE:INFIBEAM,37.9,37.9,37.8,37.8,2368.0
2021-05-05 14:00:00,NSE:INFIBEAM,37.8,37.9,37.75,37.8,6477.0
2021-05-05 14:03:00,NSE:INFIBEAM,37.8,37.85,37.8,37.85,68.0
2021-05-05 14:06:00,NSE:INFIBEAM,37.85,37.85,37.8,37.85,218.0
2021-05-05 14:09:00,NSE:INFIBEAM,37.85,37.85,37.8,37.8,2344.0
2021-05-05 14:12:00,NSE:INFIBEAM,37.85,37.85,37.8,37.8,600.0
2021-05-05 14:15:00,NSE:INFIBEAM,37.8,37.85,37.8,37.8,753.0
2021-05-05 14:18:00,NSE:INFIBEAM,37.85,37.85,37.7,37.8,11724.0
2021-05-05 14:21:00,NSE:INFIBEAM,37.8,37.8,37.75,37.8,46.0
2021-05-05 14:24:00,NSE:INFIBEAM,37.75,37.8,37.7,37.7,4618.0
2021-05-05 14:27:00,NSE:INFIBEAM,37.8,37.8,37.75,37.8,778.0
2021-05-05 14:30:00,NSE:INFIBEAM,37.8,37.8,37.75,37.75,1358.0
2021-05-05 14:33:00,NSE:INFIBEAM,37.75,37.8,37.75,37.8,1190.0
2021-05-05 14:36:00,NSE:INFIBEAM,37.75,37.8,37.75,37.8,2090.0
2021-05-05 14:39:00,NSE:INFIBEAM,37.8,37.8,37.75,37.8,3179.0
2021-05-05 14:42:00,NSE:INFIBEAM,37.8,37.8,37.75,37.8,2130.0
2021-05-05 14:45:00,NSE:INFIBEAM,37.8,37.8,37.75,37.8,558.0
2021-05-05 14:48:00,NSE:INFIBEAM,37.8,37.8,37.75,37.8,2120.0
2021-05-05 14:51:00,NSE:INFIBEAM,37.8,37.8,37.75,37.8,1453.0
2021-05-05 14:54:00,NSE:INFIBEAM,37.8,37.8,37.75,37.8,2261.0
2021-05-05 14:57:00,NSE:INFIBEAM,37.75,37.8,37.75,37.8,924.0
2021-05-05 15:00:00,NSE:INFIBEAM,37.8,37.8,37.7,37.7,2925.0
2021-05-05 15:03:00,NSE:INFIBEAM,37.8,37.8,37.8,37.8,2835.0
2021-05-05 15:06:00,NSE:INFIBEAM,37.75,37.8,37.7,37.7,5304.0
2021-05-05 15:09:00,NSE:INFIBEAM,37.75,37.75,37.7,37.75,4118.0
2021-05-05 15:12:00,NSE:INFIBEAM,37.7,37.7,37.6,37.7,16488.0
2021-05-05 15:15:00,NSE:INFIBEAM,37.7,37.7,37.65,37.7,19421.0
2021-05-05 15:18:00,NSE:INFIBEAM,37.65,37.7,37.65,37.65,14981.0
2021-05-05 15:21:00,NSE:INFIBEAM,37.65,37.7,37.65,37.65,10037.0
2021-05-05 15:24:00,NSE:INFIBEAM,37.7,37.7,37.65,37.7,6225.0
2021-05-05 15:27:00,NSE:INFIBEAM,37.7,37.75,37.65,37.75,10221.0
2021-05-05 15:39:00,NSE:INFIBEAM,37.65,37.65,37.65,37.65,1.0
2021-05-05 15:42:00,NSE:INFIBEAM,37.65,37.65,37.65,37.65,100.0
2021-05-05 15:51:00,NSE:INFIBEAM,37.65,37.75,37.65,37.75,600.0
2021-05-05 15:57:00,NSE:INFIBEAM,37.65,37.65,37.65,37.65,5.0
2021-05-06 09:06:00,NSE:INFIBEAM,38.0,38.0,38.0,38.0,4817.0
2021-05-06 09:15:00,NSE:INFIBEAM,38.0,38.0,37.8,37.85,11124.0
2021-05-06 09:18:00,NSE:INFIBEAM,37.85,37.85,37.65,37.7,6879.0
2021-05-06 09:21:00,NSE:INFIBEAM,37.75,37.75,37.55,37.75,22426.0
2021-05-06 09:24:00,NSE:INFIBEAM,37.7,37.7,37.6,37.65,4820.0
2021-05-06 09:27:00,NSE:INFIBEAM,37.7,37.7,37.65,37.65,1580.0
2021-05-06 09:30:00,NSE:INFIBEAM,37.65,37.7,37.6,37.6,4594.0
2021-05-06 09:33:00,NSE:INFIBEAM,37.55,37.65,37.5,37.6,5802.0
2021-05-06 09:36:00,NSE:INFIBEAM,37.6,37.65,37.6,37.65,5379.0
2021-05-06 09:39:00,NSE:INFIBEAM,37.65,37.65,37.6,37.6,4496.0
2021-05-06 09:42:00,NSE:INFIBEAM,37.65,37.65,37.5,37.6,17980.0
2021-05-06 09:45:00,NSE:INFIBEAM,37.6,37.6,37.5,37.6,1754.0
2021-05-06 09:48:00,NSE:INFIBEAM,37.6,37.6,37.55,37.6,4006.0
2021-05-06 09:51:00,NSE:INFIBEAM,37.6,37.6,37.55,37.6,352.0
2021-05-06 09:54:00,NSE:INFIBEAM,37.6,37.6,37.55,37.6,454.0
2021-05-06 09:57:00,NSE:INFIBEAM,37.6,37.6,37.55,37.6,4010.0
2021-05-06 10:00:00,NSE:INFIBEAM,37.6,37.6,37.55,37.55,3993.0
2021-05-06 10:03:00,NSE:INFIBEAM,37.55,37.6,37.5,37.6,7491.0
2021-05-06 10:06:00,NSE:INFIBEAM,37.6,37.6,37.55,37.55,2686.0
2021-05-06 10:09:00,NSE:INFIBEAM,37.55,37.6,37.5,37.5,2463.0
2021-05-06 10:12:00,NSE:INFIBEAM,37.55,37.55,37.5,37.5,636.0
2021-05-06 10:15:00,NSE:INFIBEAM,37.55,37.55,37.5,37.55,12339.0
2021-05-06 10:18:00,NSE:INFIBEAM,37.55,37.55,37.5,37.55,3441.0
2021-05-06 10:21:00,NSE:INFIBEAM,37.55,37.55,37.55,37.55,181.0
2021-05-06 10:24:00,NSE:INFIBEAM,37.55,37.55,37.5,37.5,2439.0
2021-05-06 10:27:00,NSE:INFIBEAM,37.5,37.55,37.5,37.55,643.0
2021-05-06 10:30:00,NSE:INFIBEAM,37.55,37.55,37.5,37.55,642.0
2021-05-06 10:33:00,NSE:INFIBEAM,37.55,37.55,37.5,37.5,5766.0
2021-05-06 10:36:00,NSE:INFIBEAM,37.55,37.55,37.5,37.5,1984.0
2021-05-06 10:39:00,NSE:INFIBEAM,37.5,37.55,37.5,37.55,1322.0
2021-05-06 10:42:00,NSE:INFIBEAM,37.5,37.5,37.5,37.5,3200.0
2021-05-06 10:45:00,NSE:INFIBEAM,37.55,37.55,37.45,37.5,15682.0
2021-05-06 10:48:00,NSE:INFIBEAM,37.45,37.45,37.3,37.35,13325.0
2021-05-06 10:51:00,NSE:INFIBEAM,37.35,37.4,37.35,37.35,5752.0
2021-05-06 10:54:00,NSE:INFIBEAM,37.35,37.4,37.3,37.35,22537.0
2021-05-06 10:57:00,NSE:INFIBEAM,37.4,37.4,37.35,37.4,4727.0
2021-05-06 11:00:00,NSE:INFIBEAM,37.35,37.35,37.3,37.3,1300.0
2021-05-06 11:03:00,NSE:INFIBEAM,37.4,37.4,37.35,37.35,6032.0
2021-05-06 11:06:00,NSE:INFIBEAM,37.35,37.4,37.35,37.4,7998.0
2021-05-06 11:09:00,NSE:INFIBEAM,37.4,37.4,37.4,37.4,1579.0
2021-05-06 11:12:00,NSE:INFIBEAM,37.4,37.4,37.3,37.4,644.0
2021-05-06 11:15:00,NSE:INFIBEAM,37.4,37.4,37.3,37.3,4607.0
2021-05-06 11:18:00,NSE:INFIBEAM,37.35,37.35,37.3,37.35,617.0
2021-05-06 11:21:00,NSE:INFIBEAM,37.35,37.35,37.3,37.3,204.0
2021-05-06 11:24:00,NSE:INFIBEAM,37.3,37.35,37.3,37.35,1949.0
2021-05-06 11:27:00,NSE:INFIBEAM,37.3,37.35,37.3,37.3,3713.0
2021-05-06 11:30:00,NSE:INFIBEAM,37.35,37.35,37.2,37.3,3475.0
2021-05-06 11:33:00,NSE:INFIBEAM,37.3,37.35,37.3,37.3,1410.0
2021-05-06 11:36:00,NSE:INFIBEAM,37.35,37.35,37.3,37.3,1361.0
2021-05-06 11:39:00,NSE:INFIBEAM,37.3,37.3,37.25,37.25,3419.0
2021-05-06 11:42:00,NSE:INFIBEAM,37.2,37.3,37.2,37.3,1610.0
2021-05-06 11:45:00,NSE:INFIBEAM,37.3,37.3,37.2,37.25,4300.0
2021-05-06 11:48:00,NSE:INFIBEAM,37.25,37.25,37.2,37.2,791.0
2021-05-06 11:51:00,NSE:INFIBEAM,37.25,37.3,37.25,37.25,1061.0
2021-05-06 11:54:00,NSE:INFIBEAM,37.3,37.3,37.2,37.2,9423.0
2021-05-06 11:57:00,NSE:INFIBEAM,37.3,37.3,37.3,37.3,3425.0
2021-05-06 12:00:00,NSE:INFIBEAM,37.25,37.3,37.2,37.25,4085.0
2021-05-06 12:03:00,NSE:INFIBEAM,37.25,37.3,37.25,37.3,1241.0
2021-05-06 12:06:00,NSE:INFIBEAM,37.3,37.3,37.25,37.25,807.0
2021-05-06 12:09:00,NSE:INFIBEAM,37.25,37.3,37.25,37.3,5172.0
2021-05-06 12:12:00,NSE:INFIBEAM,37.3,37.3,37.25,37.25,10875.0
2021-05-06 12:15:00,NSE:INFIBEAM,37.2,37.25,37.2,37.25,3202.0
2021-05-06 12:18:00,NSE:INFIBEAM,37.25,37.25,37.2,37.25,1621.0
2021-05-06 12:21:00,NSE:INFIBEAM,37.3,37.3,37.25,37.25,275.0
2021-05-06 12:24:00,NSE:INFIBEAM,37.3,37.3,37.2,37.25,4816.0
2021-05-06 12:27:00,NSE:INFIBEAM,37.3,37.3,37.3,37.3,163.0
2021-05-06 12:30:00,NSE:INFIBEAM,37.3,37.3,37.0,37.15,56604.0
2021-05-06 12:33:00,NSE:INFIBEAM,37.15,37.2,37.15,37.2,1508.0
2021-05-06 12:36:00,NSE:INFIBEAM,37.2,37.2,37.1,37.2,721.0
2021-05-06 12:39:00,NSE:INFIBEAM,37.2,37.2,37.15,37.15,2979.0
2021-05-06 12:42:00,NSE:INFIBEAM,37.15,37.2,37.15,37.2,2604.0
2021-05-06 12:45:00,NSE:INFIBEAM,37.2,37.2,37.15,37.15,2085.0
2021-05-06 12:48:00,NSE:INFIBEAM,37.2,37.2,37.05,37.1,14577.0
2021-05-06 12:51:00,NSE:INFIBEAM,37.1,37.2,37.1,37.2,3686.0
2021-05-06 12:54:00,NSE:INFIBEAM,37.2,37.2,37.2,37.2,3385.0
2021-05-06 12:57:00,NSE:INFIBEAM,37.2,37.2,37.1,37.2,4995.0
2021-05-06 13:00:00,NSE:INFIBEAM,37.1,37.2,37.1,37.2,1445.0
2021-05-06 13:03:00,NSE:INFIBEAM,37.2,37.2,37.15,37.2,1126.0
2021-05-06 13:06:00,NSE:INFIBEAM,37.2,37.2,37.15,37.2,1068.0
2021-05-06 13:09:00,NSE:INFIBEAM,37.2,37.2,37.2,37.2,1361.0
2021-05-06 13:12:00,NSE:INFIBEAM,37.2,37.25,37.15,37.15,1238.0
2021-05-06 13:15:00,NSE:INFIBEAM,37.15,37.2,37.1,37.2,1527.0
2021-05-06 13:18:00,NSE:INFIBEAM,37.2,37.2,37.15,37.2,2093.0
2021-05-06 13:21:00,NSE:INFIBEAM,37.2,37.2,37.15,37.2,772.0
2021-05-06 13:24:00,NSE:INFIBEAM,37.2,37.25,37.2,37.25,1235.0
2021-05-06 13:27:00,NSE:INFIBEAM,37.25,37.25,37.05,37.05,26266.0
2021-05-06 13:30:00,NSE:INFIBEAM,37.1,37.1,37.0,37.05,2682.0
2021-05-06 13:33:00,NSE:INFIBEAM,37.0,37.05,36.9,37.0,29786.0
2021-05-06 13:36:00,NSE:INFIBEAM,37.0,37.0,36.9,37.0,3482.0
2021-05-06 13:39:00,NSE:INFIBEAM,37.0,37.0,36.95,37.0,1243.0
2021-05-06 13:42:00,NSE:INFIBEAM,37.0,37.0,36.95,37.0,633.0
2021-05-06 13:45:00,NSE:INFIBEAM,37.0,37.0,36.95,37.0,12657.0
2021-05-06 13:48:00,NSE:INFIBEAM,37.0,37.0,36.95,37.0,3506.0
2021-05-06 13:51:00,NSE:INFIBEAM,37.0,37.0,36.95,37.0,2504.0
2021-05-06 13:54:00,NSE:INFIBEAM,37.0,37.0,36.9,36.9,4811.0
2021-05-06 13:57:00,NSE:INFIBEAM,36.9,37.0,36.9,37.0,1754.0
2021-05-06 14:00:00,NSE:INFIBEAM,37.0,37.0,36.95,37.0,784.0
2021-05-06 14:03:00,NSE:INFIBEAM,36.95,37.0,36.95,36.95,1979.0
2021-05-06 14:06:00,NSE:INFIBEAM,36.95,37.0,36.95,37.0,716.0
2021-05-06 14:09:00,NSE:INFIBEAM,37.0,37.0,36.9,36.9,18704.0
2021-05-06 14:12:00,NSE:INFIBEAM,36.9,36.9,36.9,36.9,2652.0
2021-05-06 14:15:00,NSE:INFIBEAM,36.9,36.9,36.85,36.9,574.0
2021-05-06 14:18:00,NSE:INFIBEAM,36.9,36.9,36.85,36.85,3838.0
2021-05-06 14:21:00,NSE:INFIBEAM,36.85,36.85,36.7,36.85,35990.0
2021-05-06 14:24:00,NSE:INFIBEAM,36.85,37.0,36.85,37.0,21150.0
2021-05-06 14:27:00,NSE:INFIBEAM,37.05,37.35,37.05,37.25,141752.0
2021-05-06 14:30:00,NSE:INFIBEAM,37.25,37.3,37.2,37.25,3435.0
2021-05-06 14:33:00,NSE:INFIBEAM,37.3,37.3,37.15,37.25,8728.0
2021-05-06 14:36:00,NSE:INFIBEAM,37.25,37.25,37.2,37.25,144.0
2021-05-06 14:39:00,NSE:INFIBEAM,37.25,37.3,37.2,37.3,5319.0
2021-05-06 14:42:00,NSE:INFIBEAM,37.2,37.3,37.2,37.25,1082.0
2021-05-06 14:45:00,NSE:INFIBEAM,37.25,37.3,37.25,37.3,6093.0
2021-05-06 14:48:00,NSE:INFIBEAM,37.3,37.6,37.25,37.55,26649.0
2021-05-06 14:51:00,NSE:INFIBEAM,37.5,37.55,37.4,37.4,4487.0
2021-05-06 14:54:00,NSE:INFIBEAM,37.5,37.5,37.4,37.45,8080.0
2021-05-06 14:57:00,NSE:INFIBEAM,37.45,37.45,37.4,37.4,2410.0
2021-05-06 15:00:00,NSE:INFIBEAM,37.4,37.45,37.35,37.35,9358.0
2021-05-06 15:03:00,NSE:INFIBEAM,37.4,37.45,37.4,37.45,2798.0
2021-05-06 15:06:00,NSE:INFIBEAM,37.4,37.45,37.4,37.45,3867.0
2021-05-06 15:09:00,NSE:INFIBEAM,37.4,37.5,37.35,37.35,6699.0
2021-05-06 15:12:00,NSE:INFIBEAM,37.4,37.45,37.3,37.4,10186.0
2021-05-06 15:15:00,NSE:INFIBEAM,37.4,37.8,37.35,37.8,54319.0
2021-05-06 15:18:00,NSE:INFIBEAM,37.85,38.35,37.8,38.35,99273.0
2021-05-06 15:21:00,NSE:INFIBEAM,38.05,39.1,38.05,39.0,113901.0
2021-05-06 15:24:00,NSE:INFIBEAM,39.0,39.2,38.75,38.9,59571.0
2021-05-06 15:27:00,NSE:INFIBEAM,38.8,39.15,38.7,38.75,52776.0
2021-05-06 15:42:00,NSE:INFIBEAM,38.4,38.4,38.4,38.4,30.0
2021-05-07 09:06:00,NSE:INFIBEAM,38.8,38.8,38.8,38.8,1382.0
2021-05-07 09:15:00,NSE:INFIBEAM,38.9,39.9,38.7,39.5,52455.0
2021-05-07 09:18:00,NSE:INFIBEAM,39.5,39.55,39.25,39.55,40969.0
2021-05-07 09:21:00,NSE:INFIBEAM,39.65,40.0,39.6,39.85,51694.0
2021-05-07 09:24:00,NSE:INFIBEAM,39.85,39.85,39.65,39.8,47739.0
2021-05-07 09:27:00,NSE:INFIBEAM,39.8,39.9,39.7,39.7,68356.0
2021-05-07 09:30:00,NSE:INFIBEAM,39.75,39.85,39.65,39.8,46529.0
2021-05-07 09:33:00,NSE:INFIBEAM,39.7,39.85,39.7,39.8,13762.0
2021-05-07 09:36:00,NSE:INFIBEAM,39.75,39.85,39.75,39.8,28850.0
2021-05-07 09:39:00,NSE:INFIBEAM,39.85,39.85,39.75,39.8,9420.0
2021-05-07 09:42:00,NSE:INFIBEAM,39.75,39.85,39.75,39.8,10528.0
2021-05-07 09:45:00,NSE:INFIBEAM,39.8,39.85,39.8,39.85,16103.0
2021-05-07 09:48:00,NSE:INFIBEAM,39.85,40.1,39.85,40.1,183940.0
2021-05-07 09:51:00,NSE:INFIBEAM,40.15,40.25,40.1,40.25,125967.0
2021-05-07 09:54:00,NSE:INFIBEAM,40.25,40.25,40.1,40.15,41731.0
2021-05-07 09:57:00,NSE:INFIBEAM,40.15,40.25,40.15,40.2,21107.0
2021-05-07 10:00:00,NSE:INFIBEAM,40.2,40.25,40.15,40.25,51789.0
2021-05-07 10:03:00,NSE:INFIBEAM,40.3,40.45,40.2,40.35,104028.0
2021-05-07 10:06:00,NSE:INFIBEAM,40.4,40.55,40.4,40.55,97947.0
2021-05-07 10:09:00,NSE:INFIBEAM,40.55,40.6,40.2,40.25,106394.0
2021-05-07 10:12:00,NSE:INFIBEAM,40.25,40.3,40.25,40.3,19404.0
2021-05-07 10:15:00,NSE:INFIBEAM,40.3,40.4,40.2,40.35,49847.0
2021-05-07 10:18:00,NSE:INFIBEAM,40.35,40.35,40.25,40.25,10730.0
2021-05-07 10:21:00,NSE:INFIBEAM,40.3,40.3,40.2,40.3,5671.0
2021-05-07 10:24:00,NSE:INFIBEAM,40.25,40.5,40.25,40.4,20011.0
2021-05-07 10:27:00,NSE:INFIBEAM,40.4,40.55,40.4,40.5,12500.0
2021-05-07 10:30:00,NSE:INFIBEAM,40.45,40.6,40.3,40.3,39745.0
2021-05-07 10:33:00,NSE:INFIBEAM,40.4,40.45,40.3,40.4,21181.0
2021-05-07 10:36:00,NSE:INFIBEAM,40.35,40.65,40.35,40.65,57035.0
2021-05-07 10:39:00,NSE:INFIBEAM,40.65,40.65,40.55,40.65,15633.0
2021-05-07 10:42:00,NSE:INFIBEAM,40.6,40.7,40.6,40.7,24379.0
2021-05-07 10:45:00,NSE:INFIBEAM,40.7,40.7,40.5,40.5,47199.0
2021-05-07 10:48:00,NSE:INFIBEAM,40.6,40.6,40.4,40.4,30657.0
2021-05-07 10:51:00,NSE:INFIBEAM,40.45,40.5,40.4,40.5,13010.0
2021-05-07 10:54:00,NSE:INFIBEAM,40.5,40.5,40.4,40.45,18974.0
2021-05-07 10:57:00,NSE:INFIBEAM,40.4,40.65,40.4,40.65,35007.0
2021-05-07 11:00:00,NSE:INFIBEAM,40.6,40.7,40.55,40.6,51893.0
2021-05-07 11:03:00,NSE:INFIBEAM,40.6,40.65,40.6,40.65,35961.0
2021-05-07 11:06:00,NSE:INFIBEAM,40.6,40.75,40.6,40.75,39998.0
2021-05-07 11:09:00,NSE:INFIBEAM,40.75,40.8,40.6,40.7,81382.0
2021-05-07 11:12:00,NSE:INFIBEAM,40.65,40.7,40.6,40.65,22802.0
2021-05-07 11:15:00,NSE:INFIBEAM,40.75,40.75,40.45,40.5,57385.0
2021-05-07 11:18:00,NSE:INFIBEAM,40.55,40.55,40.35,40.45,229994.0
2021-05-07 11:21:00,NSE:INFIBEAM,40.5,40.5,40.35,40.4,11187.0
2021-05-07 11:24:00,NSE:INFIBEAM,40.35,40.5,40.35,40.5,11606.0
2021-05-07 11:27:00,NSE:INFIBEAM,40.5,40.55,40.45,40.5,10441.0
2021-05-07 11:30:00,NSE:INFIBEAM,40.55,40.55,40.45,40.55,13366.0
2021-05-07 11:33:00,NSE:INFIBEAM,40.5,40.6,40.3,40.4,21355.0
2021-05-07 11:36:00,NSE:INFIBEAM,40.4,40.4,40.25,40.25,4782.0
2021-05-07 11:39:00,NSE:INFIBEAM,40.25,40.4,40.15,40.25,40190.0
2021-05-07 11:42:00,NSE:INFIBEAM,40.25,40.25,40.15,40.25,10092.0
2021-05-07 11:45:00,NSE:INFIBEAM,40.25,40.35,40.15,40.25,31508.0
2021-05-07 11:48:00,NSE:INFIBEAM,40.15,40.25,40.15,40.25,3974.0
2021-05-07 11:51:00,NSE:INFIBEAM,40.25,40.3,40.25,40.25,2769.0
2021-05-07 11:54:00,NSE:INFIBEAM,40.3,40.3,40.25,40.25,4662.0
2021-05-07 11:57:00,NSE:INFIBEAM,40.3,40.3,40.15,40.2,11267.0
2021-05-07 12:00:00,NSE:INFIBEAM,40.1,40.2,39.95,40.0,79646.0
2021-05-07 12:03:00,NSE:INFIBEAM,40.0,40.05,39.9,40.0,13613.0
2021-05-07 12:06:00,NSE:INFIBEAM,40.0,40.0,39.9,40.0,4904.0
2021-05-07 12:09:00,NSE:INFIBEAM,40.0,40.0,39.95,39.95,4576.0
2021-05-07 12:12:00,NSE:INFIBEAM,39.9,40.0,39.8,39.95,41463.0
2021-05-07 12:15:00,NSE:INFIBEAM,39.95,40.0,39.9,40.0,19637.0
2021-05-07 12:18:00,NSE:INFIBEAM,40.05,40.2,40.0,40.15,27719.0
2021-05-07 12:21:00,NSE:INFIBEAM,40.2,40.2,40.1,40.15,4696.0
2021-05-07 12:24:00,NSE:INFIBEAM,40.1,40.2,40.05,40.15,5033.0
2021-05-07 12:27:00,NSE:INFIBEAM,40.2,40.25,40.15,40.15,12840.0
2021-05-07 12:30:00,NSE:INFIBEAM,40.1,40.15,40.0,40.0,8191.0
2021-05-07 12:33:00,NSE:INFIBEAM,40.05,40.15,40.0,40.05,10325.0
2021-05-07 12:36:00,NSE:INFIBEAM,40.05,40.15,40.0,40.1,5231.0
2021-05-07 12:39:00,NSE:INFIBEAM,40.1,40.15,40.1,40.1,2410.0
2021-05-07 12:42:00,NSE:INFIBEAM,40.1,40.15,40.05,40.15,2718.0
2021-05-07 12:45:00,NSE:INFIBEAM,40.05,40.15,40.05,40.15,3219.0
2021-05-07 12:48:00,NSE:INFIBEAM,40.15,40.15,40.05,40.05,2102.0
2021-05-07 12:51:00,NSE:INFIBEAM,40.05,40.05,39.9,39.9,13579.0
2021-05-07 12:54:00,NSE:INFIBEAM,40.0,40.0,39.9,40.0,1373.0
2021-05-07 12:57:00,NSE:INFIBEAM,40.0,40.0,39.95,39.95,4557.0
2021-05-07 13:00:00,NSE:INFIBEAM,39.9,40.0,39.8,39.8,19855.0
2021-05-07 13:03:00,NSE:INFIBEAM,39.9,39.95,39.8,39.85,11938.0
2021-05-07 13:06:00,NSE:INFIBEAM,39.95,40.05,39.95,40.05,9777.0
2021-05-07 13:09:00,NSE:INFIBEAM,40.05,40.1,40.0,40.05,2983.0
2021-05-07 13:12:00,NSE:INFIBEAM,40.05,40.05,40.0,40.05,12768.0
2021-05-07 13:15:00,NSE:INFIBEAM,40.05,40.05,40.0,40.0,11943.0
2021-05-07 13:18:00,NSE:INFIBEAM,40.0,40.0,39.9,40.0,4611.0
2021-05-07 13:21:00,NSE:INFIBEAM,40.0,40.0,39.9,39.9,3822.0
2021-05-07 13:24:00,NSE:INFIBEAM,39.95,40.0,39.95,40.0,825.0
2021-05-07 13:27:00,NSE:INFIBEAM,40.0,40.0,39.9,40.0,725.0
2021-05-07 13:30:00,NSE:INFIBEAM,39.95,39.95,39.9,39.9,1790.0
2021-05-07 13:33:00,NSE:INFIBEAM,39.9,39.95,39.8,39.85,34182.0
2021-05-07 13:36:00,NSE:INFIBEAM,39.8,39.95,39.8,39.95,4517.0
2021-05-07 13:39:00,NSE:INFIBEAM,39.85,39.9,39.8,39.9,7936.0
2021-05-07 13:42:00,NSE:INFIBEAM,39.9,39.9,39.85,39.85,2849.0
2021-05-07 13:45:00,NSE:INFIBEAM,39.85,39.85,39.85,39.85,2060.0
2021-05-07 13:48:00,NSE:INFIBEAM,39.9,39.9,39.8,39.85,2711.0
2021-05-07 13:51:00,NSE:INFIBEAM,39.8,39.9,39.8,39.9,2421.0
2021-05-07 13:54:00,NSE:INFIBEAM,39.9,39.9,39.85,39.85,3259.0
2021-05-07 13:57:00,NSE:INFIBEAM,39.85,39.85,39.8,39.85,3633.0
2021-05-07 14:00:00,NSE:INFIBEAM,39.8,39.85,39.75,39.8,9172.0
2021-05-07 14:03:00,NSE:INFIBEAM,39.75,39.8,39.75,39.75,8229.0
2021-05-07 14:06:00,NSE:INFIBEAM,39.75,39.85,39.75,39.85,2070.0
2021-05-07 14:09:00,NSE:INFIBEAM,39.75,39.75,39.65,39.7,50434.0
2021-05-07 14:12:00,NSE:INFIBEAM,39.8,39.85,39.75,39.8,4275.0
2021-05-07 14:15:00,NSE:INFIBEAM,39.8,39.8,39.7,39.8,3342.0
2021-05-07 14:18:00,NSE:INFIBEAM,39.8,39.8,39.7,39.8,2967.0
2021-05-07 14:21:00,NSE:INFIBEAM,39.8,39.85,39.75,39.85,2193.0
2021-05-07 14:24:00,NSE:INFIBEAM,39.85,39.85,39.8,39.8,2388.0
2021-05-07 14:27:00,NSE:INFIBEAM,39.85,39.85,39.75,39.75,6994.0
2021-05-07 14:30:00,NSE:INFIBEAM,39.7,39.8,39.6,39.75,32345.0
2021-05-07 14:33:00,NSE:INFIBEAM,39.75,39.8,39.7,39.75,2635.0
2021-05-07 14:36:00,NSE:INFIBEAM,39.75,39.9,39.75,39.9,5921.0
2021-05-07 14:39:00,NSE:INFIBEAM,39.8,39.85,39.75,39.85,2318.0
2021-05-07 14:42:00,NSE:INFIBEAM,39.85,40.0,39.85,40.0,12280.0
2021-05-07 14:45:00,NSE:INFIBEAM,40.0,40.0,39.9,40.0,3274.0
2021-05-07 14:48:00,NSE:INFIBEAM,40.0,40.1,39.95,40.05,21836.0
2021-05-07 14:51:00,NSE:INFIBEAM,40.0,40.1,39.9,39.9,8155.0
2021-05-07 14:54:00,NSE:INFIBEAM,40.0,40.0,39.85,39.9,13559.0
2021-05-07 14:57:00,NSE:INFIBEAM,39.9,39.9,39.7,39.75,25275.0
2021-05-07 15:00:00,NSE:INFIBEAM,39.75,39.8,39.75,39.8,7164.0
2021-05-07 15:03:00,NSE:INFIBEAM,39.8,39.9,39.8,39.9,9226.0
2021-05-07 15:06:00,NSE:INFIBEAM,39.9,39.95,39.8,39.8,18681.0
2021-05-07 15:09:00,NSE:INFIBEAM,39.85,39.95,39.8,39.95,16436.0
2021-05-07 15:12:00,NSE:INFIBEAM,39.95,40.0,39.75,39.85,38737.0
2021-05-07 15:15:00,NSE:INFIBEAM,39.8,39.8,39.45,39.55,119969.0
2021-05-07 15:18:00,NSE:INFIBEAM,39.6,39.6,39.45,39.5,38361.0
2021-05-07 15:21:00,NSE:INFIBEAM,39.5,39.55,39.4,39.55,72649.0
2021-05-07 15:24:00,NSE:INFIBEAM,39.45,39.55,39.45,39.55,23251.0
2021-05-07 15:27:00,NSE:INFIBEAM,39.55,39.9,39.45,39.9,35191.0
2021-05-07 15:39:00,NSE:INFIBEAM,39.6,39.9,39.6,39.6,8150.0
2021-05-07 15:42:00,NSE:INFIBEAM,39.6,39.6,39.6,39.6,153.0
2021-05-07 15:45:00,NSE:INFIBEAM,39.6,39.6,39.6,39.6,800.0
2021-05-07 15:48:00,NSE:INFIBEAM,39.6,39.6,39.6,39.6,1.0
2021-05-07 15:57:00,NSE:INFIBEAM,39.6,39.9,39.6,39.9,100.0
2021-05-10 09:06:00,NSE:INFIBEAM,40.35,40.35,40.35,40.35,2561.0
2021-05-10 09:15:00,NSE:INFIBEAM,40.35,40.4,39.75,39.95,48038.0
2021-05-10 09:18:00,NSE:INFIBEAM,39.95,40.0,39.75,39.85,47784.0
2021-05-10 09:21:00,NSE:INFIBEAM,39.85,40.0,39.85,39.85,29621.0
2021-05-10 09:24:00,NSE:INFIBEAM,39.95,39.95,39.85,39.9,12476.0
2021-05-10 09:27:00,NSE:INFIBEAM,39.9,39.9,39.75,39.8,8056.0
2021-05-10 09:30:00,NSE:INFIBEAM,39.7,39.7,39.55,39.55,22126.0
2021-05-10 09:33:00,NSE:INFIBEAM,39.5,39.55,39.45,39.5,16891.0
2021-05-10 09:36:00,NSE:INFIBEAM,39.55,39.55,39.4,39.55,17969.0
2021-05-10 09:39:00,NSE:INFIBEAM,39.55,39.6,39.45,39.55,19118.0
2021-05-10 09:42:00,NSE:INFIBEAM,39.55,39.6,39.4,39.5,25836.0
2021-05-10 09:45:00,NSE:INFIBEAM,39.4,39.5,39.4,39.45,1500.0
2021-05-10 09:48:00,NSE:INFIBEAM,39.45,39.45,39.4,39.4,45.0
2021-05-10 09:51:00,NSE:INFIBEAM,39.4,39.45,39.4,39.45,15099.0
2021-05-10 09:54:00,NSE:INFIBEAM,39.5,39.5,39.4,39.45,3160.0
2021-05-10 09:57:00,NSE:INFIBEAM,39.45,39.45,39.35,39.45,11945.0
2021-05-10 10:00:00,NSE:INFIBEAM,39.45,39.45,39.35,39.4,1466.0
2021-05-10 10:03:00,NSE:INFIBEAM,39.45,39.45,39.4,39.45,5797.0
2021-05-10 10:06:00,NSE:INFIBEAM,39.45,39.5,39.4,39.4,7772.0
2021-05-10 10:09:00,NSE:INFIBEAM,39.5,39.55,39.4,39.5,2669.0
2021-05-10 10:12:00,NSE:INFIBEAM,39.45,39.5,39.45,39.5,2774.0
2021-05-10 10:15:00,NSE:INFIBEAM,39.4,39.4,39.15,39.2,111295.0
2021-05-10 10:18:00,NSE:INFIBEAM,39.2,39.2,38.85,38.95,118413.0
2021-05-10 10:21:00,NSE:INFIBEAM,38.95,39.0,38.95,39.0,29372.0
2021-05-10 10:24:00,NSE:INFIBEAM,38.9,39.0,38.9,38.95,1579.0
2021-05-10 10:27:00,NSE:INFIBEAM,38.95,39.0,38.9,39.0,2683.0
2021-05-10 10:30:00,NSE:INFIBEAM,38.95,39.0,38.95,39.0,769.0
2021-05-10 10:33:00,NSE:INFIBEAM,39.0,39.0,38.9,38.9,4072.0
2021-05-10 10:36:00,NSE:INFIBEAM,38.95,39.0,38.9,39.0,3636.0
2021-05-10 10:39:00,NSE:INFIBEAM,39.0,39.0,38.9,39.0,23869.0
2021-05-10 10:42:00,NSE:INFIBEAM,39.05,39.2,39.05,39.1,14806.0
2021-05-10 10:45:00,NSE:INFIBEAM,39.1,39.15,39.05,39.05,1755.0
2021-05-10 10:48:00,NSE:INFIBEAM,39.15,39.15,39.15,39.15,101.0
2021-05-10 10:51:00,NSE:INFIBEAM,39.15,39.15,39.0,39.1,5723.0
2021-05-10 10:54:00,NSE:INFIBEAM,39.05,39.1,39.0,39.0,3401.0
2021-05-10 10:57:00,NSE:INFIBEAM,39.0,39.1,38.9,39.0,25323.0
2021-05-10 11:00:00,NSE:INFIBEAM,39.0,39.0,38.95,39.0,8779.0
2021-05-10 11:03:00,NSE:INFIBEAM,39.0,39.0,38.95,38.95,1927.0
2021-05-10 11:06:00,NSE:INFIBEAM,38.95,39.0,38.95,39.0,2529.0
2021-05-10 11:09:00,NSE:INFIBEAM,39.0,39.0,39.0,39.0,1672.0
2021-05-10 11:12:00,NSE:INFIBEAM,39.0,39.0,38.7,38.75,172294.0
2021-05-10 11:15:00,NSE:INFIBEAM,38.75,38.75,38.7,38.75,8741.0
2021-05-10 11:18:00,NSE:INFIBEAM,38.7,38.75,38.7,38.75,9807.0
2021-05-10 11:21:00,NSE:INFIBEAM,38.7,38.75,38.7,38.7,4734.0
2021-05-10 11:24:00,NSE:INFIBEAM,38.75,38.95,38.75,38.9,14550.0
2021-05-10 11:27:00,NSE:INFIBEAM,38.9,38.95,38.85,38.85,1447.0
2021-05-10 11:30:00,NSE:INFIBEAM,38.85,39.1,38.85,39.05,10527.0
2021-05-10 11:33:00,NSE:INFIBEAM,39.1,39.1,39.0,39.05,8314.0
2021-05-10 11:36:00,NSE:INFIBEAM,39.05,39.05,39.0,39.05,4190.0
2021-05-10 11:39:00,NSE:INFIBEAM,39.05,39.2,39.0,39.2,18544.0
2021-05-10 11:42:00,NSE:INFIBEAM,39.2,39.25,39.1,39.2,4539.0
2021-05-10 11:45:00,NSE:INFIBEAM,39.15,39.2,39.1,39.2,7074.0
2021-05-10 11:48:00,NSE:INFIBEAM,39.2,39.2,39.1,39.1,1336.0
2021-05-10 11:51:00,NSE:INFIBEAM,39.15,39.2,39.15,39.2,3537.0
2021-05-10 11:54:00,NSE:INFIBEAM,39.2,39.2,39.15,39.2,3119.0
2021-05-10 11:57:00,NSE:INFIBEAM,39.2,39.25,39.15,39.25,2293.0
2021-05-10 12:00:00,NSE:INFIBEAM,39.25,39.25,39.2,39.25,1396.0
2021-05-10 12:03:00,NSE:INFIBEAM,39.25,39.25,39.2,39.25,503.0
2021-05-10 12:06:00,NSE:INFIBEAM,39.25,39.25,39.2,39.2,6207.0
2021-05-10 12:09:00,NSE:INFIBEAM,39.2,39.2,39.15,39.2,3373.0
2021-05-10 12:12:00,NSE:INFIBEAM,39.2,39.2,39.15,39.2,454.0
2021-05-10 12:15:00,NSE:INFIBEAM,39.1,39.2,39.1,39.1,690.0
2021-05-10 12:18:00,NSE:INFIBEAM,39.2,39.2,39.1,39.2,311.0
2021-05-10 12:21:00,NSE:INFIBEAM,39.2,39.2,39.15,39.2,5796.0
2021-05-10 12:24:00,NSE:INFIBEAM,39.2,39.2,39.15,39.2,7471.0
2021-05-10 12:27:00,NSE:INFIBEAM,39.2,39.2,39.2,39.2,15354.0
2021-05-10 12:30:00,NSE:INFIBEAM,39.2,39.25,39.2,39.2,767.0
2021-05-10 12:33:00,NSE:INFIBEAM,39.2,39.25,39.2,39.25,2536.0
2021-05-10 12:36:00,NSE:INFIBEAM,39.2,39.25,39.2,39.25,2121.0
2021-05-10 12:39:00,NSE:INFIBEAM,39.2,39.25,39.2,39.25,355.0
2021-05-10 12:42:00,NSE:INFIBEAM,39.25,39.25,39.2,39.25,7749.0
2021-05-10 12:45:00,NSE:INFIBEAM,39.3,39.3,39.3,39.3,912.0
2021-05-10 12:48:00,NSE:INFIBEAM,39.3,39.3,39.25,39.3,863.0
2021-05-10 12:51:00,NSE:INFIBEAM,39.3,39.4,39.3,39.4,6489.0
2021-05-10 12:54:00,NSE:INFIBEAM,39.3,39.3,39.3,39.3,41.0
2021-05-10 12:57:00,NSE:INFIBEAM,39.3,39.3,39.25,39.3,14266.0
2021-05-10 13:00:00,NSE:INFIBEAM,39.3,39.4,39.2,39.3,27101.0
2021-05-10 13:03:00,NSE:INFIBEAM,39.3,39.3,39.25,39.3,768.0
2021-05-10 13:06:00,NSE:INFIBEAM,39.3,39.35,39.3,39.35,1079.0
2021-05-10 13:09:00,NSE:INFIBEAM,39.35,39.35,39.35,39.35,2711.0
2021-05-10 13:12:00,NSE:INFIBEAM,39.25,39.35,39.25,39.3,1611.0
2021-05-10 13:15:00,NSE:INFIBEAM,39.3,39.3,39.2,39.3,2425.0
2021-05-10 13:18:00,NSE:INFIBEAM,39.3,39.35,39.25,39.35,1948.0
2021-05-10 13:21:00,NSE:INFIBEAM,39.35,39.35,39.35,39.35,1055.0
2021-05-10 13:24:00,NSE:INFIBEAM,39.25,39.3,39.25,39.3,3160.0
2021-05-10 13:27:00,NSE:INFIBEAM,39.3,39.3,39.2,39.3,5918.0
2021-05-10 13:30:00,NSE:INFIBEAM,39.3,39.4,39.3,39.4,89809.0
2021-05-10 13:33:00,NSE:INFIBEAM,39.35,39.65,39.35,39.65,114634.0
2021-05-10 13:36:00,NSE:INFIBEAM,39.65,39.85,39.65,39.85,26360.0
2021-05-10 13:39:00,NSE:INFIBEAM,39.85,40.0,39.85,39.95,147412.0
2021-05-10 13:42:00,NSE:INFIBEAM,39.9,39.9,39.6,39.65,12517.0
2021-05-10 13:45:00,NSE:INFIBEAM,39.65,39.7,39.6,39.7,3396.0
2021-05-10 13:48:00,NSE:INFIBEAM,39.7,39.85,39.6,39.85,3721.0
2021-05-10 13:51:00,NSE:INFIBEAM,39.8,39.85,39.75,39.8,2282.0
2021-05-10 13:54:00,NSE:INFIBEAM,39.75,39.75,39.6,39.65,6507.0
2021-05-10 13:57:00,NSE:INFIBEAM,39.75,39.75,39.65,39.7,2244.0
2021-05-10 14:00:00,NSE:INFIBEAM,39.7,39.75,39.65,39.75,2606.0
2021-05-10 14:03:00,NSE:INFIBEAM,39.7,39.7,39.7,39.7,55.0
2021-05-10 14:06:00,NSE:INFIBEAM,39.7,39.7,39.65,39.7,1025.0
2021-05-10 14:09:00,NSE:INFIBEAM,39.65,39.7,39.65,39.65,2552.0
2021-05-10 14:12:00,NSE:INFIBEAM,39.6,39.7,39.55,39.6,4904.0
2021-05-10 14:15:00,NSE:INFIBEAM,39.6,39.75,39.6,39.65,9895.0
2021-05-10 14:18:00,NSE:INFIBEAM,39.75,39.75,39.65,39.75,1315.0
2021-05-10 14:21:00,NSE:INFIBEAM,39.65,39.7,39.65,39.7,1448.0
2021-05-10 14:24:00,NSE:INFIBEAM,39.7,39.7,39.65,39.65,544.0
2021-05-10 14:27:00,NSE:INFIBEAM,39.7,39.75,39.65,39.75,11838.0
2021-05-10 14:30:00,NSE:INFIBEAM,39.75,39.8,39.7,39.8,3086.0
2021-05-10 14:33:00,NSE:INFIBEAM,39.8,39.9,39.8,39.9,14771.0
2021-05-10 14:36:00,NSE:INFIBEAM,39.85,40.6,39.85,40.55,343194.0
2021-05-10 14:39:00,NSE:INFIBEAM,40.5,40.6,40.4,40.45,54340.0
2021-05-10 14:42:00,NSE:INFIBEAM,40.4,40.5,40.3,40.35,21294.0
2021-05-10 14:45:00,NSE:INFIBEAM,40.35,40.4,40.3,40.35,11632.0
2021-05-10 14:48:00,NSE:INFIBEAM,40.3,40.55,40.3,40.5,12427.0
2021-05-10 14:51:00,NSE:INFIBEAM,40.5,40.55,40.45,40.45,9611.0
2021-05-10 14:54:00,NSE:INFIBEAM,40.45,40.5,40.4,40.4,3568.0
2021-05-10 14:57:00,NSE:INFIBEAM,40.45,40.45,40.3,40.35,12831.0
2021-05-10 15:00:00,NSE:INFIBEAM,40.4,40.45,40.35,40.45,10804.0
2021-05-10 15:03:00,NSE:INFIBEAM,40.45,40.45,40.35,40.45,3338.0
2021-05-10 15:06:00,NSE:INFIBEAM,40.35,40.4,40.25,40.25,15241.0
2021-05-10 15:09:00,NSE:INFIBEAM,40.25,40.4,40.2,40.4,34086.0
2021-05-10 15:12:00,NSE:INFIBEAM,40.3,40.4,40.3,40.4,6639.0
2021-05-10 15:15:00,NSE:INFIBEAM,40.4,40.45,40.3,40.4,24343.0
2021-05-10 15:18:00,NSE:INFIBEAM,40.3,40.35,40.15,40.2,24114.0
2021-05-10 15:21:00,NSE:INFIBEAM,40.15,40.3,40.15,40.25,42121.0
2021-05-10 15:24:00,NSE:INFIBEAM,40.25,40.25,40.15,40.15,37521.0
2021-05-10 15:27:00,NSE:INFIBEAM,40.1,40.1,39.9,39.95,67948.0
2021-05-10 15:30:00,NSE:INFIBEAM,40.0,40.0,40.0,40.0,230.0
2021-05-10 15:39:00,NSE:INFIBEAM,40.2,40.2,40.0,40.0,4641.0
2021-05-10 15:45:00,NSE:INFIBEAM,40.2,40.2,40.0,40.0,2000.0
2021-05-10 15:54:00,NSE:INFIBEAM,40.2,40.2,40.0,40.0,50000.0
2021-05-11 09:06:00,NSE:INFIBEAM,39.8,39.8,39.8,39.8,871.0
2021-05-11 09:15:00,NSE:INFIBEAM,39.6,39.95,39.6,39.95,10749.0
2021-05-11 09:18:00,NSE:INFIBEAM,39.9,39.95,39.85,39.95,21848.0
2021-05-11 09:21:00,NSE:INFIBEAM,40.0,40.0,39.85,39.85,4982.0
2021-05-11 09:24:00,NSE:INFIBEAM,39.95,39.95,39.75,39.9,6354.0
2021-05-11 09:27:00,NSE:INFIBEAM,39.75,39.9,39.75,39.8,29658.0
2021-05-11 09:30:00,NSE:INFIBEAM,39.9,39.9,39.75,39.8,15525.0
2021-05-11 09:33:00,NSE:INFIBEAM,39.75,39.85,39.75,39.85,6902.0
2021-05-11 09:36:00,NSE:INFIBEAM,39.8,39.85,39.75,39.8,3600.0
2021-05-11 09:39:00,NSE:INFIBEAM,39.8,39.85,39.75,39.8,1846.0
2021-05-11 09:42:00,NSE:INFIBEAM,39.85,39.85,39.8,39.8,1084.0
2021-05-11 09:45:00,NSE:INFIBEAM,39.85,39.95,39.8,39.95,6085.0
2021-05-11 09:48:00,NSE:INFIBEAM,39.95,39.95,39.9,39.9,3702.0
2021-05-11 09:51:00,NSE:INFIBEAM,39.95,39.95,39.9,39.95,2223.0
2021-05-11 09:54:00,NSE:INFIBEAM,39.9,39.95,39.8,39.9,6040.0
2021-05-11 09:57:00,NSE:INFIBEAM,39.9,39.95,39.9,39.95,604.0
2021-05-11 10:00:00,NSE:INFIBEAM,39.85,39.9,39.8,39.8,5122.0
2021-05-11 10:03:00,NSE:INFIBEAM,39.9,39.9,39.8,39.85,2598.0
2021-05-11 10:06:00,NSE:INFIBEAM,39.85,39.85,39.8,39.85,2094.0
2021-05-11 10:09:00,NSE:INFIBEAM,39.8,39.85,39.75,39.8,897.0
2021-05-11 10:12:00,NSE:INFIBEAM,39.85,39.95,39.8,39.9,4707.0
2021-05-11 10:15:00,NSE:INFIBEAM,39.9,40.25,39.85,40.2,22201.0
2021-05-11 10:18:00,NSE:INFIBEAM,40.1,40.35,40.1,40.15,23347.0
2021-05-11 10:21:00,NSE:INFIBEAM,40.05,40.15,40.05,40.05,10726.0
2021-05-11 10:24:00,NSE:INFIBEAM,40.15,40.25,40.05,40.15,22139.0
2021-05-11 10:27:00,NSE:INFIBEAM,40.2,40.2,39.95,40.05,16584.0
2021-05-11 10:30:00,NSE:INFIBEAM,40.05,40.2,39.9,39.9,14906.0
2021-05-11 10:33:00,NSE:INFIBEAM,39.95,40.0,39.9,40.0,6401.0
2021-05-11 10:36:00,NSE:INFIBEAM,39.9,40.0,39.9,39.95,776.0
2021-05-11 10:39:00,NSE:INFIBEAM,40.0,40.05,40.0,40.0,2341.0
2021-05-11 10:42:00,NSE:INFIBEAM,40.0,40.2,40.0,40.15,14231.0
2021-05-11 10:45:00,NSE:INFIBEAM,40.2,40.2,40.1,40.2,3321.0
2021-05-11 10:48:00,NSE:INFIBEAM,40.2,40.2,40.1,40.15,8207.0
2021-05-11 10:51:00,NSE:INFIBEAM,40.2,40.35,40.15,40.35,6917.0
2021-05-11 10:54:00,NSE:INFIBEAM,40.35,40.65,40.35,40.6,115309.0
2021-05-11 10:57:00,NSE:INFIBEAM,40.55,40.6,40.5,40.55,13312.0
2021-05-11 11:00:00,NSE:INFIBEAM,40.5,40.55,40.3,40.4,23201.0
2021-05-11 11:03:00,NSE:INFIBEAM,40.45,40.45,40.35,40.4,13984.0
2021-05-11 11:06:00,NSE:INFIBEAM,40.4,40.4,40.3,40.4,2621.0
2021-05-11 11:09:00,NSE:INFIBEAM,40.35,40.45,40.35,40.45,6348.0
2021-05-11 11:12:00,NSE:INFIBEAM,40.45,40.45,40.3,40.3,11300.0
2021-05-11 11:15:00,NSE:INFIBEAM,40.4,40.45,40.35,40.4,1143.0
2021-05-11 11:18:00,NSE:INFIBEAM,40.4,40.45,40.4,40.4,767.0
2021-05-11 11:21:00,NSE:INFIBEAM,40.4,40.4,40.35,40.4,3464.0
2021-05-11 11:24:00,NSE:INFIBEAM,40.4,40.4,40.3,40.3,2479.0
2021-05-11 11:27:00,NSE:INFIBEAM,40.45,40.5,40.45,40.5,9982.0
2021-05-11 11:30:00,NSE:INFIBEAM,40.5,40.5,40.45,40.5,1363.0
2021-05-11 11:33:00,NSE:INFIBEAM,40.45,40.5,40.45,40.45,1052.0
2021-05-11 11:36:00,NSE:INFIBEAM,40.5,40.5,40.45,40.5,354.0
2021-05-11 11:39:00,NSE:INFIBEAM,40.5,40.5,40.45,40.45,28986.0
2021-05-11 11:42:00,NSE:INFIBEAM,40.5,40.5,40.45,40.45,5644.0
2021-05-11 11:45:00,NSE:INFIBEAM,40.5,40.5,40.45,40.45,2532.0
2021-05-11 11:48:00,NSE:INFIBEAM,40.5,40.5,40.45,40.5,3844.0
2021-05-11 11:51:00,NSE:INFIBEAM,40.5,40.5,40.45,40.45,4454.0
2021-05-11 11:54:00,NSE:INFIBEAM,40.55,40.6,40.5,40.6,29175.0
2021-05-11 11:57:00,NSE:INFIBEAM,40.55,40.6,40.4,40.45,56650.0
2021-05-11 12:00:00,NSE:INFIBEAM,40.45,40.45,40.35,40.4,9043.0
2021-05-11 12:03:00,NSE:INFIBEAM,40.35,40.4,40.35,40.4,1538.0
2021-05-11 12:06:00,NSE:INFIBEAM,40.35,40.4,40.35,40.4,1200.0
2021-05-11 12:09:00,NSE:INFIBEAM,40.35,40.4,40.35,40.4,3552.0
2021-05-11 12:12:00,NSE:INFIBEAM,40.4,40.4,40.3,40.35,3612.0
2021-05-11 12:15:00,NSE:INFIBEAM,40.35,40.5,40.35,40.5,4444.0
2021-05-11 12:18:00,NSE:INFIBEAM,40.5,40.75,40.45,40.7,115446.0
2021-05-11 12:21:00,NSE:INFIBEAM,40.7,41.0,40.7,41.0,277315.0
2021-05-11 12:24:00,NSE:INFIBEAM,41.0,41.0,40.75,40.75,143523.0
2021-05-11 12:27:00,NSE:INFIBEAM,40.8,40.95,40.8,40.8,7106.0
2021-05-11 12:30:00,NSE:INFIBEAM,40.8,40.9,40.75,40.8,26717.0
2021-05-11 12:33:00,NSE:INFIBEAM,40.8,41.15,40.8,41.05,178653.0
2021-05-11 12:36:00,NSE:INFIBEAM,41.1,41.3,41.05,41.3,154816.0
2021-05-11 12:39:00,NSE:INFIBEAM,41.25,41.55,41.25,41.5,169432.0
2021-05-11 12:42:00,NSE:INFIBEAM,41.5,41.7,41.5,41.65,142247.0
2021-05-11 12:45:00,NSE:INFIBEAM,41.7,41.75,41.2,41.2,185352.0
2021-05-11 12:48:00,NSE:INFIBEAM,41.3,41.4,41.1,41.3,34196.0
2021-05-11 12:51:00,NSE:INFIBEAM,41.35,41.5,41.3,41.35,31675.0
2021-05-11 12:54:00,NSE:INFIBEAM,41.4,41.5,41.35,41.5,31784.0
2021-05-11 12:57:00,NSE:INFIBEAM,41.5,41.85,41.5,41.75,111199.0
2021-05-11 13:00:00,NSE:INFIBEAM,41.75,41.8,41.55,41.7,12697.0
2021-05-11 13:03:00,NSE:INFIBEAM,41.65,41.75,41.45,41.5,13775.0
2021-05-11 13:06:00,NSE:INFIBEAM,41.45,41.5,41.4,41.4,9073.0
2021-05-11 13:09:00,NSE:INFIBEAM,41.5,41.5,41.4,41.5,7014.0
2021-05-11 13:12:00,NSE:INFIBEAM,41.5,41.6,41.45,41.5,19623.0
2021-05-11 13:15:00,NSE:INFIBEAM,41.4,41.4,41.3,41.35,35632.0
2021-05-11 13:18:00,NSE:INFIBEAM,41.3,41.5,41.3,41.45,22554.0
2021-05-11 13:21:00,NSE:INFIBEAM,41.45,41.5,41.45,41.5,18904.0
2021-05-11 13:24:00,NSE:INFIBEAM,41.5,41.6,41.45,41.6,14316.0
2021-05-11 13:27:00,NSE:INFIBEAM,41.5,41.65,41.5,41.55,10352.0
2021-05-11 13:30:00,NSE:INFIBEAM,41.6,41.7,41.55,41.6,21031.0
2021-05-11 13:33:00,NSE:INFIBEAM,41.6,41.7,41.6,41.7,16534.0
2021-05-11 13:36:00,NSE:INFIBEAM,41.65,41.7,41.6,41.7,5068.0
2021-05-11 13:39:00,NSE:INFIBEAM,41.75,41.8,41.7,41.8,9119.0
2021-05-11 13:42:00,NSE:INFIBEAM,41.85,41.85,41.75,41.8,27596.0
2021-05-11 13:45:00,NSE:INFIBEAM,41.8,41.85,41.75,41.75,9058.0
2021-05-11 13:48:00,NSE:INFIBEAM,41.75,41.8,41.75,41.8,11373.0
2021-05-11 13:51:00,NSE:INFIBEAM,41.8,41.95,41.75,41.9,93252.0
2021-05-11 13:54:00,NSE:INFIBEAM,42.0,42.2,41.85,42.15,256948.0
2021-05-11 13:57:00,NSE:INFIBEAM,42.1,42.2,42.05,42.1,24553.0
2021-05-11 14:00:00,NSE:INFIBEAM,42.1,42.15,42.05,42.1,13791.0
2021-05-11 14:03:00,NSE:INFIBEAM,42.15,42.15,42.05,42.1,13816.0
2021-05-11 14:06:00,NSE:INFIBEAM,42.1,42.1,42.0,42.1,17823.0
2021-05-11 14:09:00,NSE:INFIBEAM,42.15,42.15,41.9,42.0,36064.0
2021-05-11 14:12:00,NSE:INFIBEAM,42.0,42.0,41.9,42.0,19831.0
2021-05-11 14:15:00,NSE:INFIBEAM,42.0,42.15,41.9,42.15,28050.0
2021-05-11 14:18:00,NSE:INFIBEAM,42.2,42.2,42.15,42.2,10430.0
2021-05-11 14:21:00,NSE:INFIBEAM,42.15,42.25,42.15,42.15,29131.0
2021-05-11 14:24:00,NSE:INFIBEAM,42.25,42.35,42.15,42.3,108319.0
2021-05-11 14:27:00,NSE:INFIBEAM,42.3,42.4,42.3,42.35,33946.0
2021-05-11 14:30:00,NSE:INFIBEAM,42.3,42.4,42.3,42.35,18138.0
2021-05-11 14:33:00,NSE:INFIBEAM,42.4,42.4,42.3,42.4,23625.0
2021-05-11 14:36:00,NSE:INFIBEAM,42.4,42.7,42.3,42.7,199161.0
2021-05-11 14:39:00,NSE:INFIBEAM,42.7,43.15,42.7,43.1,431597.0
2021-05-11 14:42:00,NSE:INFIBEAM,43.15,43.35,43.1,43.35,163463.0
2021-05-11 14:45:00,NSE:INFIBEAM,43.35,43.35,43.0,43.25,182227.0
2021-05-11 14:48:00,NSE:INFIBEAM,43.25,43.3,43.15,43.25,58320.0
2021-05-11 14:51:00,NSE:INFIBEAM,43.2,43.25,43.1,43.1,36849.0
2021-05-11 14:54:00,NSE:INFIBEAM,43.1,43.15,43.0,43.1,66726.0
2021-05-11 14:57:00,NSE:INFIBEAM,43.1,43.1,43.0,43.05,29823.0
2021-05-11 15:00:00,NSE:INFIBEAM,43.05,43.3,43.0,43.25,74048.0
2021-05-11 15:03:00,NSE:INFIBEAM,43.25,43.3,43.15,43.2,41002.0
2021-05-11 15:06:00,NSE:INFIBEAM,43.25,43.25,43.1,43.25,30129.0
2021-05-11 15:09:00,NSE:INFIBEAM,43.1,43.2,43.05,43.1,36161.0
2021-05-11 15:12:00,NSE:INFIBEAM,43.15,43.25,43.1,43.2,40929.0
2021-05-11 15:15:00,NSE:INFIBEAM,43.15,43.3,43.15,43.25,37076.0
2021-05-11 15:18:00,NSE:INFIBEAM,43.25,43.35,43.25,43.3,69194.0
2021-05-11 15:21:00,NSE:INFIBEAM,43.35,43.4,43.25,43.3,74063.0
2021-05-11 15:24:00,NSE:INFIBEAM,43.3,43.3,43.2,43.2,45439.0
2021-05-11 15:27:00,NSE:INFIBEAM,43.25,43.35,43.15,43.2,50284.0
2021-05-11 15:39:00,NSE:INFIBEAM,43.25,43.25,43.2,43.25,1400.0
2021-05-11 15:42:00,NSE:INFIBEAM,43.25,43.25,43.25,43.25,1710.0
2021-05-11 15:45:00,NSE:INFIBEAM,43.25,43.25,43.2,43.2,350.0
2021-05-11 15:48:00,NSE:INFIBEAM,43.25,43.25,43.2,43.2,500.0
2021-05-12 09:06:00,NSE:INFIBEAM,43.45,43.45,43.45,43.45,41105.0
2021-05-12 09:15:00,NSE:INFIBEAM,43.45,43.75,43.25,43.75,175281.0
2021-05-12 09:18:00,NSE:INFIBEAM,43.75,43.8,43.6,43.7,78871.0
2021-05-12 09:21:00,NSE:INFIBEAM,43.65,43.65,43.15,43.15,64190.0
2021-05-12 09:24:00,NSE:INFIBEAM,43.2,43.6,42.95,43.2,137459.0
2021-05-12 09:27:00,NSE:INFIBEAM,43.3,43.6,43.05,43.3,252829.0
2021-05-12 09:30:00,NSE:INFIBEAM,43.4,43.45,43.25,43.3,24209.0
2021-05-12 09:33:00,NSE:INFIBEAM,43.3,43.55,43.25,43.55,18137.0
2021-05-12 09:36:00,NSE:INFIBEAM,43.55,43.7,43.25,43.35,85128.0
2021-05-12 09:39:00,NSE:INFIBEAM,43.35,43.4,43.25,43.35,9990.0
2021-05-12 09:42:00,NSE:INFIBEAM,43.4,43.4,43.25,43.3,6822.0
2021-05-12 09:45:00,NSE:INFIBEAM,43.25,43.45,42.8,43.2,284905.0
2021-05-12 09:48:00,NSE:INFIBEAM,43.2,44.4,43.15,44.4,264095.0
2021-05-12 09:51:00,NSE:INFIBEAM,44.4,44.7,44.3,44.5,205562.0
2021-05-12 09:54:00,NSE:INFIBEAM,44.55,44.6,44.25,44.3,110270.0
2021-05-12 09:57:00,NSE:INFIBEAM,44.3,44.45,44.25,44.3,57881.0
2021-05-12 10:00:00,NSE:INFIBEAM,44.25,44.3,44.1,44.15,58770.0
2021-05-12 10:03:00,NSE:INFIBEAM,44.1,44.25,43.9,44.25,95215.0
2021-05-12 10:06:00,NSE:INFIBEAM,44.3,44.4,44.2,44.35,70365.0
2021-05-12 10:09:00,NSE:INFIBEAM,44.4,44.4,44.2,44.3,26606.0
2021-05-12 10:12:00,NSE:INFIBEAM,44.3,44.35,44.05,44.2,35448.0
2021-05-12 10:15:00,NSE:INFIBEAM,44.2,44.25,43.9,44.05,49177.0
2021-05-12 10:18:00,NSE:INFIBEAM,44.0,44.05,43.95,44.05,16316.0
2021-05-12 10:21:00,NSE:INFIBEAM,44.05,44.1,43.95,44.0,17188.0
2021-05-12 10:24:00,NSE:INFIBEAM,44.0,44.1,43.7,43.9,74652.0
2021-05-12 10:27:00,NSE:INFIBEAM,43.9,44.3,43.85,44.2,102471.0
2021-05-12 10:30:00,NSE:INFIBEAM,44.25,44.45,44.1,44.45,53672.0
2021-05-12 10:33:00,NSE:INFIBEAM,44.35,44.5,44.35,44.4,48257.0
2021-05-12 10:36:00,NSE:INFIBEAM,44.4,44.5,44.3,44.45,20360.0
2021-05-12 10:39:00,NSE:INFIBEAM,44.5,44.5,44.25,44.25,18885.0
2021-05-12 10:42:00,NSE:INFIBEAM,44.25,44.35,44.2,44.3,5195.0
2021-05-12 10:45:00,NSE:INFIBEAM,44.3,44.35,44.3,44.35,5083.0
2021-05-12 10:48:00,NSE:INFIBEAM,44.35,44.65,44.25,44.65,56079.0
2021-05-12 10:51:00,NSE:INFIBEAM,44.7,44.7,44.5,44.65,29169.0
2021-05-12 10:54:00,NSE:INFIBEAM,44.65,44.65,44.5,44.55,21011.0
2021-05-12 10:57:00,NSE:INFIBEAM,44.6,44.7,44.5,44.55,32915.0
2021-05-12 11:00:00,NSE:INFIBEAM,44.5,44.55,44.4,44.5,30682.0
2021-05-12 11:03:00,NSE:INFIBEAM,44.5,44.55,44.45,44.55,3657.0
2021-05-12 11:06:00,NSE:INFIBEAM,44.55,44.55,44.5,44.55,13007.0
2021-05-12 11:09:00,NSE:INFIBEAM,44.55,44.65,44.4,44.45,58229.0
2021-05-12 11:12:00,NSE:INFIBEAM,44.4,44.45,44.25,44.3,59635.0
2021-05-12 11:15:00,NSE:INFIBEAM,44.3,44.35,44.2,44.25,42525.0
2021-05-12 11:18:00,NSE:INFIBEAM,44.25,44.3,44.2,44.2,25544.0
2021-05-12 11:21:00,NSE:INFIBEAM,44.2,44.25,44.15,44.25,11538.0
2021-05-12 11:24:00,NSE:INFIBEAM,44.2,44.3,44.15,44.3,27099.0
2021-05-12 11:27:00,NSE:INFIBEAM,44.3,44.35,44.25,44.35,18890.0
2021-05-12 11:30:00,NSE:INFIBEAM,44.35,44.35,44.25,44.25,20507.0
2021-05-12 11:33:00,NSE:INFIBEAM,44.3,44.4,44.25,44.35,17247.0
2021-05-12 11:36:00,NSE:INFIBEAM,44.3,44.4,44.3,44.4,5010.0
2021-05-12 11:39:00,NSE:INFIBEAM,44.4,44.45,44.25,44.3,127309.0
2021-05-12 11:42:00,NSE:INFIBEAM,44.35,44.6,44.3,44.45,300039.0
2021-05-12 11:45:00,NSE:INFIBEAM,44.4,44.45,44.3,44.4,8256.0
2021-05-12 11:48:00,NSE:INFIBEAM,44.4,44.4,44.35,44.4,7334.0
2021-05-12 11:51:00,NSE:INFIBEAM,44.4,44.45,44.35,44.35,20380.0
2021-05-12 11:54:00,NSE:INFIBEAM,44.35,44.65,44.35,44.6,16863.0
2021-05-12 11:57:00,NSE:INFIBEAM,44.6,44.6,44.45,44.6,28364.0
2021-05-12 12:00:00,NSE:INFIBEAM,44.65,44.7,44.55,44.6,39164.0
2021-05-12 12:03:00,NSE:INFIBEAM,44.55,44.75,44.5,44.75,63934.0
2021-05-12 12:06:00,NSE:INFIBEAM,44.75,44.9,44.6,44.65,123190.0
2021-05-12 12:09:00,NSE:INFIBEAM,44.6,44.75,44.6,44.7,6113.0
2021-05-12 12:12:00,NSE:INFIBEAM,44.65,44.7,44.5,44.55,18287.0
2021-05-12 12:15:00,NSE:INFIBEAM,44.55,44.55,44.35,44.35,21926.0
2021-05-12 12:18:00,NSE:INFIBEAM,44.35,44.4,44.25,44.4,52963.0
2021-05-12 12:21:00,NSE:INFIBEAM,44.4,44.4,44.3,44.4,6798.0
2021-05-12 12:24:00,NSE:INFIBEAM,44.3,44.4,44.3,44.3,13133.0
2021-05-12 12:27:00,NSE:INFIBEAM,44.4,44.4,44.35,44.35,18431.0
2021-05-12 12:30:00,NSE:INFIBEAM,44.35,44.45,44.35,44.45,27105.0
2021-05-12 12:33:00,NSE:INFIBEAM,44.45,44.45,44.35,44.4,6798.0
2021-05-12 12:36:00,NSE:INFIBEAM,44.4,44.45,44.35,44.35,3562.0
2021-05-12 12:39:00,NSE:INFIBEAM,44.4,44.45,44.35,44.45,5989.0
2021-05-12 12:42:00,NSE:INFIBEAM,44.45,44.45,44.4,44.45,5683.0
2021-05-12 12:45:00,NSE:INFIBEAM,44.4,44.45,44.35,44.35,10231.0
2021-05-12 12:48:00,NSE:INFIBEAM,44.35,44.4,44.25,44.25,12052.0
2021-05-12 12:51:00,NSE:INFIBEAM,44.35,44.4,44.3,44.3,4817.0
2021-05-12 12:54:00,NSE:INFIBEAM,44.35,44.35,44.15,44.25,20614.0
2021-05-12 12:57:00,NSE:INFIBEAM,44.25,44.25,44.15,44.25,25255.0
2021-05-12 13:00:00,NSE:INFIBEAM,44.2,44.3,44.15,44.2,40358.0
2021-05-12 13:03:00,NSE:INFIBEAM,44.3,44.35,43.85,43.85,127182.0
2021-05-12 13:06:00,NSE:INFIBEAM,43.85,44.0,43.8,43.85,31746.0
2021-05-12 13:09:00,NSE:INFIBEAM,43.85,44.0,43.85,43.95,43411.0
2021-05-12 13:12:00,NSE:INFIBEAM,43.9,44.0,43.9,44.0,21815.0
2021-05-12 13:15:00,NSE:INFIBEAM,44.0,44.0,43.9,43.9,28616.0
2021-05-12 13:18:00,NSE:INFIBEAM,43.9,43.95,43.85,43.85,5851.0
2021-05-12 13:21:00,NSE:INFIBEAM,43.9,43.95,43.85,43.95,7320.0
2021-05-12 13:24:00,NSE:INFIBEAM,43.95,43.95,43.75,43.8,20034.0
2021-05-12 13:27:00,NSE:INFIBEAM,43.85,43.85,43.7,43.75,10143.0
2021-05-12 13:30:00,NSE:INFIBEAM,43.8,43.8,43.75,43.75,1823.0
2021-05-12 13:33:00,NSE:INFIBEAM,43.8,43.8,43.65,43.7,8379.0
2021-05-12 13:36:00,NSE:INFIBEAM,43.7,43.8,43.7,43.8,9101.0
2021-05-12 13:39:00,NSE:INFIBEAM,43.75,43.8,43.7,43.75,1775.0
2021-05-12 13:42:00,NSE:INFIBEAM,43.7,43.8,43.7,43.7,5243.0
2021-05-12 13:45:00,NSE:INFIBEAM,43.8,43.8,43.65,43.75,12144.0
2021-05-12 13:48:00,NSE:INFIBEAM,43.7,43.8,43.7,43.8,7842.0
2021-05-12 13:51:00,NSE:INFIBEAM,43.8,43.8,43.7,43.8,2229.0
2021-05-12 13:54:00,NSE:INFIBEAM,43.7,43.8,43.5,43.6,24850.0
2021-05-12 13:57:00,NSE:INFIBEAM,43.6,43.8,43.6,43.8,4464.0
2021-05-12 14:00:00,NSE:INFIBEAM,43.8,43.85,43.7,43.75,32320.0
2021-05-12 14:03:00,NSE:INFIBEAM,43.75,43.85,43.7,43.85,1668.0
2021-05-12 14:06:00,NSE:INFIBEAM,43.8,43.9,43.8,43.8,15008.0
2021-05-12 14:09:00,NSE:INFIBEAM,43.8,43.85,43.75,43.75,12977.0
2021-05-12 14:12:00,NSE:INFIBEAM,43.85,43.85,43.75,43.85,10044.0
2021-05-12 14:15:00,NSE:INFIBEAM,43.85,43.85,43.75,43.75,2174.0
2021-05-12 14:18:00,NSE:INFIBEAM,43.7,43.75,43.6,43.65,7545.0
2021-05-12 14:21:00,NSE:INFIBEAM,43.65,43.75,43.6,43.75,15078.0
2021-05-12 14:24:00,NSE:INFIBEAM,43.75,43.8,43.7,43.7,5188.0
2021-05-12 14:27:00,NSE:INFIBEAM,43.75,43.75,43.7,43.75,3769.0
2021-05-12 14:30:00,NSE:INFIBEAM,43.75,43.95,43.7,43.95,18701.0
2021-05-12 14:33:00,NSE:INFIBEAM,43.95,44.0,43.8,43.9,21476.0
2021-05-12 14:36:00,NSE:INFIBEAM,43.9,43.9,43.8,43.8,2382.0
2021-05-12 14:39:00,NSE:INFIBEAM,43.8,43.85,43.7,43.85,4223.0
2021-05-12 14:42:00,NSE:INFIBEAM,43.85,43.85,43.7,43.8,8331.0
2021-05-12 14:45:00,NSE:INFIBEAM,43.8,43.85,43.7,43.8,8154.0
2021-05-12 14:48:00,NSE:INFIBEAM,43.8,43.85,43.75,43.85,9463.0
2021-05-12 14:51:00,NSE:INFIBEAM,43.85,43.85,43.65,43.65,21350.0
2021-05-12 14:54:00,NSE:INFIBEAM,43.65,43.9,43.55,43.55,140891.0
2021-05-12 14:57:00,NSE:INFIBEAM,43.55,43.7,43.5,43.55,33993.0
2021-05-12 15:00:00,NSE:INFIBEAM,43.6,43.7,43.55,43.65,22868.0
2021-05-12 15:03:00,NSE:INFIBEAM,43.65,43.75,43.55,43.55,10130.0
2021-05-12 15:06:00,NSE:INFIBEAM,43.55,43.7,43.55,43.65,231595.0
2021-05-12 15:09:00,NSE:INFIBEAM,43.55,43.6,43.4,43.55,15700.0
2021-05-12 15:12:00,NSE:INFIBEAM,43.4,43.6,43.4,43.6,9956.0
2021-05-12 15:15:00,NSE:INFIBEAM,43.6,43.6,43.4,43.5,20646.0
2021-05-12 15:18:00,NSE:INFIBEAM,43.55,43.55,43.4,43.45,51232.0
2021-05-12 15:21:00,NSE:INFIBEAM,43.4,43.5,43.4,43.5,26637.0
2021-05-12 15:24:00,NSE:INFIBEAM,43.5,43.55,43.45,43.5,18380.0
2021-05-12 15:27:00,NSE:INFIBEAM,43.45,43.65,43.4,43.6,77833.0
2021-05-12 15:30:00,NSE:INFIBEAM,43.6,43.6,43.6,43.6,700.0
2021-05-12 15:42:00,NSE:INFIBEAM,43.45,43.6,43.45,43.6,327.0
2021-05-12 15:57:00,NSE:INFIBEAM,43.45,43.45,43.45,43.45,300.0
2021-05-14 09:06:00,NSE:INFIBEAM,43.8,43.8,43.8,43.8,4911.0
2021-05-14 09:15:00,NSE:INFIBEAM,44.05,44.3,43.85,44.1,68173.0
2021-05-14 09:18:00,NSE:INFIBEAM,44.0,44.1,43.65,43.8,92283.0
2021-05-14 09:21:00,NSE:INFIBEAM,43.8,43.85,43.55,43.65,19567.0
2021-05-14 09:24:00,NSE:INFIBEAM,43.65,43.85,43.35,43.8,132688.0
2021-05-14 09:27:00,NSE:INFIBEAM,43.7,43.8,43.6,43.8,32651.0
2021-05-14 09:30:00,NSE:INFIBEAM,43.7,43.75,43.65,43.65,7502.0
2021-05-14 09:33:00,NSE:INFIBEAM,43.55,43.65,43.4,43.4,9211.0
2021-05-14 09:36:00,NSE:INFIBEAM,43.5,43.6,43.35,43.45,33623.0
2021-05-14 09:39:00,NSE:INFIBEAM,43.45,43.7,43.45,43.7,10965.0
2021-05-14 09:42:00,NSE:INFIBEAM,43.7,43.7,43.6,43.6,6060.0
2021-05-14 09:45:00,NSE:INFIBEAM,43.6,43.65,43.55,43.65,10243.0
2021-05-14 09:48:00,NSE:INFIBEAM,43.7,43.95,43.65,43.95,19061.0
2021-05-14 09:51:00,NSE:INFIBEAM,43.95,44.0,43.85,43.95,6028.0
2021-05-14 09:54:00,NSE:INFIBEAM,43.95,43.95,43.85,43.95,5716.0
2021-05-14 09:57:00,NSE:INFIBEAM,43.85,43.9,43.7,43.7,17105.0
2021-05-14 10:00:00,NSE:INFIBEAM,43.8,43.85,43.7,43.7,16128.0
2021-05-14 10:03:00,NSE:INFIBEAM,43.75,43.8,43.7,43.75,7043.0
2021-05-14 10:06:00,NSE:INFIBEAM,43.8,43.8,43.65,43.75,6745.0
2021-05-14 10:09:00,NSE:INFIBEAM,43.75,43.75,43.65,43.7,3916.0
2021-05-14 10:12:00,NSE:INFIBEAM,43.75,43.75,43.55,43.6,7748.0
2021-05-14 10:15:00,NSE:INFIBEAM,43.65,43.7,43.65,43.65,4949.0
2021-05-14 10:18:00,NSE:INFIBEAM,43.7,43.75,43.6,43.6,4879.0
2021-05-14 10:21:00,NSE:INFIBEAM,43.7,43.7,43.6,43.7,2037.0
2021-05-14 10:24:00,NSE:INFIBEAM,43.7,43.75,43.7,43.7,7075.0
2021-05-14 10:27:00,NSE:INFIBEAM,43.7,43.75,43.65,43.65,4947.0
2021-05-14 10:30:00,NSE:INFIBEAM,43.65,43.7,43.6,43.6,4361.0
2021-05-14 10:33:00,NSE:INFIBEAM,43.7,43.75,43.7,43.75,3217.0
2021-05-14 10:36:00,NSE:INFIBEAM,43.75,43.75,43.7,43.7,3293.0
2021-05-14 10:39:00,NSE:INFIBEAM,43.75,43.75,43.65,43.65,5161.0
2021-05-14 10:42:00,NSE:INFIBEAM,43.65,43.7,43.55,43.55,11901.0
2021-05-14 10:45:00,NSE:INFIBEAM,43.65,43.65,43.45,43.5,8564.0
2021-05-14 10:48:00,NSE:INFIBEAM,43.5,43.6,43.5,43.5,8654.0
2021-05-14 10:51:00,NSE:INFIBEAM,43.55,43.55,43.5,43.55,6501.0
2021-05-14 10:54:00,NSE:INFIBEAM,43.6,43.6,43.55,43.6,1689.0
2021-05-14 10:57:00,NSE:INFIBEAM,43.5,43.6,43.5,43.6,1635.0
2021-05-14 11:00:00,NSE:INFIBEAM,43.55,43.65,43.55,43.6,4493.0
2021-05-14 11:03:00,NSE:INFIBEAM,43.6,43.7,43.55,43.55,2997.0
2021-05-14 11:06:00,NSE:INFIBEAM,43.5,43.6,43.5,43.55,2262.0
2021-05-14 11:09:00,NSE:INFIBEAM,43.6,43.6,43.5,43.55,2081.0
2021-05-14 11:12:00,NSE:INFIBEAM,43.6,43.6,43.45,43.45,8197.0
2021-05-14 11:15:00,NSE:INFIBEAM,43.45,43.6,43.45,43.55,3709.0
2021-05-14 11:18:00,NSE:INFIBEAM,43.5,43.5,43.4,43.5,5027.0
2021-05-14 11:21:00,NSE:INFIBEAM,43.4,43.6,43.4,43.6,6517.0
2021-05-14 11:24:00,NSE:INFIBEAM,43.6,43.6,43.5,43.6,7589.0
2021-05-14 11:27:00,NSE:INFIBEAM,43.65,43.65,43.55,43.55,3394.0
2021-05-14 11:30:00,NSE:INFIBEAM,43.55,43.6,43.5,43.6,3757.0
2021-05-14 11:33:00,NSE:INFIBEAM,43.6,43.6,43.45,43.55,19191.0
2021-05-14 11:36:00,NSE:INFIBEAM,43.55,43.55,43.45,43.55,2186.0
2021-05-14 11:39:00,NSE:INFIBEAM,43.5,43.5,43.15,43.15,112930.0
2021-05-14 11:42:00,NSE:INFIBEAM,43.1,43.3,43.1,43.3,37507.0
2021-05-14 11:45:00,NSE:INFIBEAM,43.25,43.25,43.0,43.2,60576.0
2021-05-14 11:48:00,NSE:INFIBEAM,43.25,43.25,43.0,43.2,23830.0
2021-05-14 11:51:00,NSE:INFIBEAM,43.2,43.4,43.1,43.35,22075.0
2021-05-14 11:54:00,NSE:INFIBEAM,43.4,43.4,43.3,43.3,4605.0
2021-05-14 11:57:00,NSE:INFIBEAM,43.3,43.35,43.3,43.3,2548.0
2021-05-14 12:00:00,NSE:INFIBEAM,43.3,43.3,43.15,43.15,6833.0
2021-05-14 12:03:00,NSE:INFIBEAM,43.15,43.25,42.9,42.95,53833.0
2021-05-14 12:06:00,NSE:INFIBEAM,42.9,42.9,42.7,42.8,128093.0
2021-05-14 12:09:00,NSE:INFIBEAM,42.8,42.95,42.75,42.85,12854.0
2021-05-14 12:12:00,NSE:INFIBEAM,42.85,42.85,42.75,42.8,10389.0
2021-05-14 12:15:00,NSE:INFIBEAM,42.8,43.05,42.75,43.0,31420.0
2021-05-14 12:18:00,NSE:INFIBEAM,43.0,43.05,42.8,42.95,19067.0
2021-05-14 12:21:00,NSE:INFIBEAM,43.0,43.15,42.95,43.15,6874.0
2021-05-14 12:24:00,NSE:INFIBEAM,43.15,43.25,43.1,43.25,7963.0
2021-05-14 12:27:00,NSE:INFIBEAM,43.25,43.25,43.15,43.2,3374.0
2021-05-14 12:30:00,NSE:INFIBEAM,43.15,43.2,42.95,43.0,15291.0
2021-05-14 12:33:00,NSE:INFIBEAM,43.05,43.1,43.0,43.1,4892.0
2021-05-14 12:36:00,NSE:INFIBEAM,43.1,43.15,43.1,43.15,3629.0
2021-05-14 12:39:00,NSE:INFIBEAM,43.15,43.2,43.1,43.2,5891.0
2021-05-14 12:42:00,NSE:INFIBEAM,43.2,43.2,43.05,43.15,3956.0
2021-05-14 12:45:00,NSE:INFIBEAM,43.1,43.15,43.1,43.1,5096.0
2021-05-14 12:48:00,NSE:INFIBEAM,43.2,43.2,43.0,43.0,9147.0
2021-05-14 12:51:00,NSE:INFIBEAM,43.0,43.05,43.0,43.05,6854.0
2021-05-14 12:54:00,NSE:INFIBEAM,43.05,43.1,42.95,42.95,6938.0
2021-05-14 12:57:00,NSE:INFIBEAM,43.0,43.0,42.95,43.0,5473.0
2021-05-14 13:00:00,NSE:INFIBEAM,43.0,43.1,42.95,43.1,8609.0
2021-05-14 13:03:00,NSE:INFIBEAM,43.15,43.15,43.0,43.05,8584.0
2021-05-14 13:06:00,NSE:INFIBEAM,43.05,43.1,43.0,43.1,5932.0
2021-05-14 13:09:00,NSE:INFIBEAM,43.1,43.3,43.1,43.3,9973.0
2021-05-14 13:12:00,NSE:INFIBEAM,43.25,43.4,43.25,43.35,4465.0
2021-05-14 13:15:00,NSE:INFIBEAM,43.4,43.4,43.05,43.05,17642.0
2021-05-14 13:18:00,NSE:INFIBEAM,43.05,43.05,43.0,43.0,3483.0
2021-05-14 13:21:00,NSE:INFIBEAM,43.0,43.1,43.0,43.1,7168.0
2021-05-14 13:24:00,NSE:INFIBEAM,43.0,43.1,42.95,43.1,8596.0
2021-05-14 13:27:00,NSE:INFIBEAM,43.15,43.2,43.1,43.2,8088.0
2021-05-14 13:30:00,NSE:INFIBEAM,43.2,43.25,43.15,43.25,5365.0
2021-05-14 13:33:00,NSE:INFIBEAM,43.3,43.45,43.3,43.3,14866.0
2021-05-14 13:36:00,NSE:INFIBEAM,43.25,43.25,43.05,43.1,14806.0
2021-05-14 13:39:00,NSE:INFIBEAM,43.15,43.2,43.1,43.1,11815.0
2021-05-14 13:42:00,NSE:INFIBEAM,43.2,43.2,43.1,43.2,4841.0
2021-05-14 13:45:00,NSE:INFIBEAM,43.25,43.3,43.25,43.3,5901.0
2021-05-14 13:48:00,NSE:INFIBEAM,43.3,43.4,43.3,43.4,7317.0
2021-05-14 13:51:00,NSE:INFIBEAM,43.4,43.4,43.15,43.15,13877.0
2021-05-14 13:54:00,NSE:INFIBEAM,43.1,43.15,43.0,43.05,9154.0
2021-05-14 13:57:00,NSE:INFIBEAM,43.1,43.15,43.05,43.1,5300.0
2021-05-14 14:00:00,NSE:INFIBEAM,43.1,43.2,43.1,43.15,7246.0
2021-05-14 14:03:00,NSE:INFIBEAM,43.15,43.25,43.15,43.2,7154.0
2021-05-14 14:06:00,NSE:INFIBEAM,43.15,43.2,43.1,43.2,8175.0
2021-05-14 14:09:00,NSE:INFIBEAM,43.2,43.2,43.1,43.1,5307.0
2021-05-14 14:12:00,NSE:INFIBEAM,43.2,43.2,43.05,43.05,13330.0
2021-05-14 14:15:00,NSE:INFIBEAM,43.05,43.1,43.0,43.1,7467.0
2021-05-14 14:18:00,NSE:INFIBEAM,43.1,43.15,43.1,43.15,6579.0
2021-05-14 14:21:00,NSE:INFIBEAM,43.2,43.2,43.15,43.15,7413.0
2021-05-14 14:24:00,NSE:INFIBEAM,43.2,43.2,43.1,43.1,9289.0
2021-05-14 14:27:00,NSE:INFIBEAM,43.15,43.2,43.05,43.1,12858.0
2021-05-14 14:30:00,NSE:INFIBEAM,43.1,43.1,43.0,43.0,10190.0
2021-05-14 14:33:00,NSE:INFIBEAM,43.05,43.05,43.0,43.05,7531.0
2021-05-14 14:36:00,NSE:INFIBEAM,43.0,43.05,42.95,42.95,9499.0
2021-05-14 14:39:00,NSE:INFIBEAM,43.0,43.0,42.95,42.95,6559.0
2021-05-14 14:42:00,NSE:INFIBEAM,43.0,43.0,42.95,43.0,8527.0
2021-05-14 14:45:00,NSE:INFIBEAM,43.0,43.0,42.95,42.95,14102.0
2021-05-14 14:48:00,NSE:INFIBEAM,43.0,43.0,42.95,43.0,16871.0
2021-05-14 14:51:00,NSE:INFIBEAM,43.0,43.0,42.95,43.0,12131.0
2021-05-14 14:54:00,NSE:INFIBEAM,42.95,43.2,42.95,43.15,7682.0
2021-05-14 14:57:00,NSE:INFIBEAM,43.25,43.3,43.25,43.3,10800.0
2021-05-14 15:00:00,NSE:INFIBEAM,43.3,43.3,43.1,43.1,13028.0
2021-05-14 15:03:00,NSE:INFIBEAM,43.1,43.25,43.1,43.2,19212.0
2021-05-14 15:06:00,NSE:INFIBEAM,43.2,43.2,43.05,43.1,9103.0
2021-05-14 15:09:00,NSE:INFIBEAM,43.05,43.1,42.95,42.95,11509.0
2021-05-14 15:12:00,NSE:INFIBEAM,42.9,42.9,42.7,42.8,38085.0
2021-05-14 15:15:00,NSE:INFIBEAM,42.75,42.9,42.75,42.75,23536.0
2021-05-14 15:18:00,NSE:INFIBEAM,42.7,42.8,42.6,42.75,62233.0
2021-05-14 15:21:00,NSE:INFIBEAM,42.75,42.75,42.6,42.7,29218.0
2021-05-14 15:24:00,NSE:INFIBEAM,42.7,42.7,42.65,42.7,52243.0
2021-05-14 15:27:00,NSE:INFIBEAM,42.7,42.95,42.6,42.85,19521.0
2021-05-14 15:39:00,NSE:INFIBEAM,42.8,42.8,42.8,42.8,100.0
2021-05-14 15:48:00,NSE:INFIBEAM,42.8,42.8,42.8,42.8,120.0
2021-05-17 09:06:00,NSE:INFIBEAM,43.0,43.0,43.0,43.0,25576.0
2021-05-17 09:15:00,NSE:INFIBEAM,43.35,43.35,43.0,43.1,9678.0
2021-05-17 09:18:00,NSE:INFIBEAM,43.0,43.05,42.8,42.85,9836.0
2021-05-17 09:21:00,NSE:INFIBEAM,42.9,42.9,42.8,42.8,9934.0
2021-05-17 09:24:00,NSE:INFIBEAM,42.85,42.85,42.7,42.7,6422.0
2021-05-17 09:27:00,NSE:INFIBEAM,42.7,42.75,42.55,42.7,12841.0
2021-05-17 09:30:00,NSE:INFIBEAM,42.6,42.7,42.55,42.65,13789.0
2021-05-17 09:33:00,NSE:INFIBEAM,42.7,42.75,42.65,42.65,5367.0
2021-05-17 09:36:00,NSE:INFIBEAM,42.75,42.9,42.65,42.9,7485.0
2021-05-17 09:39:00,NSE:INFIBEAM,42.9,43.05,42.9,43.05,7496.0
2021-05-17 09:42:00,NSE:INFIBEAM,42.95,43.1,42.95,43.05,4367.0
2021-05-17 09:45:00,NSE:INFIBEAM,43.1,43.1,42.9,42.95,10955.0
2021-05-17 09:48:00,NSE:INFIBEAM,42.95,43.15,42.65,42.85,54919.0
2021-05-17 09:51:00,NSE:INFIBEAM,42.8,43.1,42.8,43.05,11058.0
2021-05-17 09:54:00,NSE:INFIBEAM,43.05,43.1,42.9,42.9,7018.0
2021-05-17 09:57:00,NSE:INFIBEAM,43.0,43.0,42.9,42.9,4245.0
2021-05-17 10:00:00,NSE:INFIBEAM,43.0,43.05,42.95,43.05,9719.0
2021-05-17 10:03:00,NSE:INFIBEAM,43.05,43.15,43.05,43.15,8688.0
2021-05-17 10:06:00,NSE:INFIBEAM,43.05,43.1,42.95,42.95,9490.0
2021-05-17 10:09:00,NSE:INFIBEAM,42.95,43.0,42.9,43.0,3067.0
2021-05-17 10:12:00,NSE:INFIBEAM,43.0,43.0,42.9,43.0,1572.0
2021-05-17 10:15:00,NSE:INFIBEAM,43.0,43.0,42.95,42.95,2737.0
2021-05-17 10:18:00,NSE:INFIBEAM,42.95,43.0,42.85,42.85,15470.0
2021-05-17 10:21:00,NSE:INFIBEAM,42.85,42.85,42.65,42.65,16257.0
2021-05-17 10:24:00,NSE:INFIBEAM,42.75,43.0,42.75,42.95,66464.0
2021-05-17 10:27:00,NSE:INFIBEAM,43.0,43.15,43.0,43.15,8777.0
2021-05-17 10:30:00,NSE:INFIBEAM,43.1,43.1,43.05,43.1,4062.0
2021-05-17 10:33:00,NSE:INFIBEAM,43.05,43.1,43.0,43.1,58627.0
2021-05-17 10:36:00,NSE:INFIBEAM,43.1,43.1,42.95,42.95,5235.0
2021-05-17 10:39:00,NSE:INFIBEAM,42.95,43.25,42.9,43.2,20845.0
2021-05-17 10:42:00,NSE:INFIBEAM,43.25,43.35,43.25,43.35,11242.0
2021-05-17 10:45:00,NSE:INFIBEAM,43.25,43.4,43.25,43.25,14234.0
2021-05-17 10:48:00,NSE:INFIBEAM,43.25,43.25,43.2,43.2,1505.0
2021-05-17 10:51:00,NSE:INFIBEAM,43.3,43.3,43.15,43.15,5266.0
2021-05-17 10:54:00,NSE:INFIBEAM,43.15,43.15,43.1,43.1,3571.0
2021-05-17 10:57:00,NSE:INFIBEAM,43.2,43.2,43.05,43.15,3075.0
2021-05-17 11:00:00,NSE:INFIBEAM,43.15,43.15,43.05,43.1,2445.0
2021-05-17 11:03:00,NSE:INFIBEAM,43.05,43.1,43.0,43.0,37266.0
2021-05-17 11:06:00,NSE:INFIBEAM,43.0,43.05,42.95,43.0,2760.0
2021-05-17 11:09:00,NSE:INFIBEAM,42.95,43.0,42.95,43.0,1560.0
2021-05-17 11:12:00,NSE:INFIBEAM,43.0,43.0,42.9,42.9,5652.0
2021-05-17 11:15:00,NSE:INFIBEAM,42.9,43.0,42.9,43.0,3142.0
2021-05-17 11:18:00,NSE:INFIBEAM,42.95,43.0,42.9,43.0,12786.0
2021-05-17 11:21:00,NSE:INFIBEAM,42.95,43.05,42.95,43.0,6726.0
2021-05-17 11:24:00,NSE:INFIBEAM,43.05,43.05,42.95,42.95,246.0
2021-05-17 11:27:00,NSE:INFIBEAM,43.05,43.1,42.95,43.1,416.0
2021-05-17 11:30:00,NSE:INFIBEAM,43.05,43.05,43.0,43.05,1447.0
2021-05-17 11:33:00,NSE:INFIBEAM,43.05,43.1,43.0,43.1,1617.0
2021-05-17 11:36:00,NSE:INFIBEAM,43.1,43.1,43.0,43.05,1085.0
2021-05-17 11:39:00,NSE:INFIBEAM,43.05,43.05,42.9,42.9,603.0
2021-05-17 11:42:00,NSE:INFIBEAM,42.95,42.95,42.9,42.9,21399.0
2021-05-17 11:45:00,NSE:INFIBEAM,42.9,42.95,42.9,42.9,470.0
2021-05-17 11:48:00,NSE:INFIBEAM,42.95,43.0,42.95,43.0,11104.0
2021-05-17 11:51:00,NSE:INFIBEAM,43.05,43.15,43.0,43.15,4383.0
2021-05-17 11:54:00,NSE:INFIBEAM,43.1,43.2,43.05,43.2,1771.0
2021-05-17 11:57:00,NSE:INFIBEAM,43.2,43.2,43.15,43.15,6877.0
2021-05-17 12:00:00,NSE:INFIBEAM,43.2,43.2,43.1,43.2,1098.0
2021-05-17 12:03:00,NSE:INFIBEAM,43.2,43.25,42.9,42.9,70704.0
2021-05-17 12:06:00,NSE:INFIBEAM,42.95,42.95,42.85,42.9,3188.0
2021-05-17 12:09:00,NSE:INFIBEAM,42.95,42.95,42.9,42.95,3997.0
2021-05-17 12:12:00,NSE:INFIBEAM,42.95,42.95,42.8,42.9,7428.0
2021-05-17 12:15:00,NSE:INFIBEAM,42.9,42.9,42.85,42.9,2129.0
2021-05-17 12:18:00,NSE:INFIBEAM,42.8,42.9,42.8,42.8,1561.0
2021-05-17 12:21:00,NSE:INFIBEAM,42.85,42.9,42.8,42.85,4914.0
2021-05-17 12:24:00,NSE:INFIBEAM,42.9,42.9,42.8,42.9,2059.0
2021-05-17 12:27:00,NSE:INFIBEAM,42.8,42.9,42.8,42.85,3478.0
2021-05-17 12:30:00,NSE:INFIBEAM,42.8,42.9,42.8,42.85,3510.0
2021-05-17 12:33:00,NSE:INFIBEAM,42.8,42.9,42.75,42.8,11472.0
2021-05-17 12:36:00,NSE:INFIBEAM,42.7,42.75,42.65,42.7,12649.0
2021-05-17 12:39:00,NSE:INFIBEAM,42.7,42.7,42.6,42.6,6028.0
2021-05-17 12:42:00,NSE:INFIBEAM,42.6,42.7,42.6,42.7,5005.0
2021-05-17 12:45:00,NSE:INFIBEAM,42.65,42.7,42.6,42.7,3333.0
2021-05-17 12:48:00,NSE:INFIBEAM,42.7,42.7,42.55,42.65,21658.0
2021-05-17 12:51:00,NSE:INFIBEAM,42.65,42.7,42.55,42.6,14218.0
2021-05-17 12:54:00,NSE:INFIBEAM,42.6,42.6,42.6,42.6,3562.0
2021-05-17 12:57:00,NSE:INFIBEAM,42.55,42.6,42.55,42.6,4872.0
2021-05-17 13:00:00,NSE:INFIBEAM,42.55,42.7,42.55,42.6,14996.0
2021-05-17 13:03:00,NSE:INFIBEAM,42.7,42.7,42.7,42.7,4736.0
2021-05-17 13:06:00,NSE:INFIBEAM,42.7,42.7,42.6,42.6,3823.0
2021-05-17 13:09:00,NSE:INFIBEAM,42.6,42.7,42.6,42.6,5126.0
2021-05-17 13:12:00,NSE:INFIBEAM,42.6,42.65,42.55,42.6,3336.0
2021-05-17 13:15:00,NSE:INFIBEAM,42.55,42.6,42.55,42.55,1663.0
2021-05-17 13:18:00,NSE:INFIBEAM,42.55,42.6,42.55,42.6,6045.0
2021-05-17 13:21:00,NSE:INFIBEAM,42.65,42.7,42.6,42.7,1276.0
2021-05-17 13:24:00,NSE:INFIBEAM,42.6,42.7,42.6,42.7,776.0
2021-05-17 13:27:00,NSE:INFIBEAM,42.7,42.7,42.65,42.65,216.0
2021-05-17 13:30:00,NSE:INFIBEAM,42.7,42.7,42.65,42.7,420.0
2021-05-17 13:33:00,NSE:INFIBEAM,42.7,42.7,42.6,42.7,695.0
2021-05-17 13:36:00,NSE:INFIBEAM,42.7,42.7,42.55,42.55,7914.0
2021-05-17 13:39:00,NSE:INFIBEAM,42.6,42.6,42.6,42.6,510.0
2021-05-17 13:42:00,NSE:INFIBEAM,42.6,42.6,42.55,42.6,2113.0
2021-05-17 13:45:00,NSE:INFIBEAM,42.6,42.6,42.55,42.6,1997.0
2021-05-17 13:48:00,NSE:INFIBEAM,42.6,42.7,42.6,42.7,7974.0
2021-05-17 13:51:00,NSE:INFIBEAM,42.6,42.7,42.6,42.6,1603.0
2021-05-17 13:54:00,NSE:INFIBEAM,42.6,42.6,42.55,42.55,1139.0
2021-05-17 13:57:00,NSE:INFIBEAM,42.55,42.65,42.55,42.65,1227.0
2021-05-17 14:00:00,NSE:INFIBEAM,42.55,42.65,42.55,42.55,735.0
2021-05-17 14:03:00,NSE:INFIBEAM,42.6,42.65,42.55,42.65,3914.0
2021-05-17 14:06:00,NSE:INFIBEAM,42.6,42.65,42.6,42.6,1029.0
2021-05-17 14:09:00,NSE:INFIBEAM,42.65,42.7,42.65,42.7,2315.0
2021-05-17 14:12:00,NSE:INFIBEAM,42.7,42.7,42.65,42.65,1671.0
2021-05-17 14:15:00,NSE:INFIBEAM,42.6,42.65,42.6,42.6,3118.0
2021-05-17 14:18:00,NSE:INFIBEAM,42.65,42.65,42.3,42.3,143522.0
2021-05-17 14:21:00,NSE:INFIBEAM,42.3,42.35,42.2,42.3,53231.0
2021-05-17 14:24:00,NSE:INFIBEAM,42.25,42.35,42.2,42.25,28575.0
2021-05-17 14:27:00,NSE:INFIBEAM,42.3,42.3,42.05,42.05,97239.0
2021-05-17 14:30:00,NSE:INFIBEAM,42.05,42.2,42.0,42.05,248645.0
2021-05-17 14:33:00,NSE:INFIBEAM,42.05,42.2,42.05,42.1,67330.0
2021-05-17 14:36:00,NSE:INFIBEAM,42.1,42.1,41.95,41.95,338745.0
2021-05-17 14:39:00,NSE:INFIBEAM,41.95,42.0,41.9,41.95,22180.0
2021-05-17 14:42:00,NSE:INFIBEAM,41.95,41.95,41.8,41.85,61940.0
2021-05-17 14:45:00,NSE:INFIBEAM,41.85,41.85,41.7,41.8,86379.0
2021-05-17 14:48:00,NSE:INFIBEAM,41.8,41.8,41.65,41.7,29520.0
2021-05-17 14:51:00,NSE:INFIBEAM,41.65,41.65,41.55,41.6,80089.0
2021-05-17 14:54:00,NSE:INFIBEAM,41.6,41.6,41.4,41.4,82317.0
2021-05-17 14:57:00,NSE:INFIBEAM,41.4,41.5,41.35,41.35,75551.0
2021-05-17 15:00:00,NSE:INFIBEAM,41.4,41.4,41.25,41.35,79935.0
2021-05-17 15:03:00,NSE:INFIBEAM,41.35,41.4,41.3,41.3,40819.0
2021-05-17 15:06:00,NSE:INFIBEAM,41.35,41.35,41.15,41.3,78920.0
2021-05-17 15:09:00,NSE:INFIBEAM,41.25,41.4,41.25,41.4,13680.0
2021-05-17 15:12:00,NSE:INFIBEAM,41.4,41.4,41.05,41.1,126671.0
2021-05-17 15:15:00,NSE:INFIBEAM,41.2,41.35,41.1,41.15,39091.0
2021-05-17 15:18:00,NSE:INFIBEAM,41.15,41.2,41.0,41.05,71438.0
2021-05-17 15:21:00,NSE:INFIBEAM,41.1,41.15,41.0,41.1,55355.0
2021-05-17 15:24:00,NSE:INFIBEAM,41.1,41.25,41.05,41.25,22581.0
2021-05-17 15:27:00,NSE:INFIBEAM,41.2,41.35,41.2,41.25,43239.0
2021-05-17 15:39:00,NSE:INFIBEAM,41.2,41.25,41.2,41.2,4400.0
2021-05-17 15:42:00,NSE:INFIBEAM,41.2,41.2,41.2,41.2,600.0
2021-05-17 15:45:00,NSE:INFIBEAM,41.2,41.2,41.2,41.2,1000.0
2021-05-17 15:48:00,NSE:INFIBEAM,41.2,41.2,41.2,41.2,250.0
2021-05-18 09:06:00,NSE:INFIBEAM,41.65,41.65,41.65,41.65,1856.0
2021-05-18 09:15:00,NSE:INFIBEAM,41.65,41.9,41.5,41.6,25389.0
2021-05-18 09:18:00,NSE:INFIBEAM,41.65,41.75,41.55,41.75,29268.0
2021-05-18 09:21:00,NSE:INFIBEAM,41.75,41.75,41.45,41.55,31387.0
2021-05-18 09:24:00,NSE:INFIBEAM,41.5,41.6,41.45,41.6,9602.0
2021-05-18 09:27:00,NSE:INFIBEAM,41.55,41.95,41.35,41.55,129438.0
2021-05-18 09:30:00,NSE:INFIBEAM,41.6,41.8,41.35,41.8,65721.0
2021-05-18 09:33:00,NSE:INFIBEAM,41.65,41.8,41.25,41.6,231097.0
2021-05-18 09:36:00,NSE:INFIBEAM,41.7,41.75,41.4,41.65,142713.0
2021-05-18 09:39:00,NSE:INFIBEAM,41.65,41.8,41.6,41.7,6934.0
2021-05-18 09:42:00,NSE:INFIBEAM,41.7,41.8,41.65,41.8,6031.0
2021-05-18 09:45:00,NSE:INFIBEAM,41.8,42.1,41.8,42.0,69498.0
2021-05-18 09:48:00,NSE:INFIBEAM,42.05,42.1,42.05,42.1,8051.0
2021-05-18 09:51:00,NSE:INFIBEAM,42.1,42.1,42.05,42.05,8620.0
2021-05-18 09:54:00,NSE:INFIBEAM,42.05,42.15,42.05,42.15,26276.0
2021-05-18 09:57:00,NSE:INFIBEAM,42.1,42.15,42.05,42.05,9712.0
2021-05-18 10:00:00,NSE:INFIBEAM,42.1,42.1,42.0,42.05,4746.0
2021-05-18 10:03:00,NSE:INFIBEAM,42.1,42.1,41.9,41.95,21296.0
2021-05-18 10:06:00,NSE:INFIBEAM,41.85,41.95,41.8,41.85,8791.0
2021-05-18 10:09:00,NSE:INFIBEAM,41.8,41.8,41.65,41.75,5008.0
2021-05-18 10:12:00,NSE:INFIBEAM,41.75,41.75,41.65,41.7,4338.0
2021-05-18 10:15:00,NSE:INFIBEAM,41.75,41.75,41.7,41.75,8268.0
2021-05-18 10:18:00,NSE:INFIBEAM,41.75,41.75,41.65,41.7,4007.0
2021-05-18 10:21:00,NSE:INFIBEAM,41.7,41.7,41.65,41.7,3606.0
2021-05-18 10:24:00,NSE:INFIBEAM,41.7,41.75,41.65,41.75,3742.0
2021-05-18 10:27:00,NSE:INFIBEAM,41.7,41.8,41.7,41.75,2501.0
2021-05-18 10:30:00,NSE:INFIBEAM,41.85,41.85,41.8,41.8,16781.0
2021-05-18 10:33:00,NSE:INFIBEAM,41.8,41.9,41.8,41.9,4595.0
2021-05-18 10:36:00,NSE:INFIBEAM,41.9,41.95,41.9,41.9,4594.0
2021-05-18 10:39:00,NSE:INFIBEAM,41.95,42.0,41.9,41.9,16838.0
2021-05-18 10:42:00,NSE:INFIBEAM,41.95,42.15,41.95,42.05,21438.0
2021-05-18 10:45:00,NSE:INFIBEAM,42.1,42.1,41.9,42.0,14809.0
2021-05-18 10:48:00,NSE:INFIBEAM,42.0,42.15,42.0,42.1,9342.0
2021-05-18 10:51:00,NSE:INFIBEAM,42.1,42.15,42.1,42.15,7884.0
2021-05-18 10:54:00,NSE:INFIBEAM,42.1,42.2,42.1,42.2,11123.0
2021-05-18 10:57:00,NSE:INFIBEAM,42.2,42.2,42.2,42.2,1935.0
2021-05-18 11:00:00,NSE:INFIBEAM,42.2,42.2,42.15,42.2,3922.0
2021-05-18 11:03:00,NSE:INFIBEAM,42.15,42.2,42.15,42.2,2007.0
2021-05-18 11:06:00,NSE:INFIBEAM,42.2,42.2,42.15,42.2,7679.0
2021-05-18 11:09:00,NSE:INFIBEAM,42.2,42.2,42.15,42.15,3443.0
2021-05-18 11:12:00,NSE:INFIBEAM,42.2,42.2,42.15,42.15,2418.0
2021-05-18 11:15:00,NSE:INFIBEAM,42.15,42.15,42.15,42.15,4236.0
2021-05-18 11:18:00,NSE:INFIBEAM,42.1,42.15,42.1,42.15,1852.0
2021-05-18 11:21:00,NSE:INFIBEAM,42.15,42.2,42.1,42.2,4882.0
2021-05-18 11:24:00,NSE:INFIBEAM,42.1,42.2,42.1,42.1,5663.0
2021-05-18 11:27:00,NSE:INFIBEAM,42.05,42.1,42.0,42.1,6475.0
2021-05-18 11:30:00,NSE:INFIBEAM,42.0,42.1,42.0,42.0,2905.0
2021-05-18 11:33:00,NSE:INFIBEAM,42.1,42.25,42.1,42.2,22471.0
2021-05-18 11:36:00,NSE:INFIBEAM,42.1,42.2,42.1,42.2,2035.0
2021-05-18 11:39:00,NSE:INFIBEAM,42.2,42.2,42.15,42.2,1130.0
2021-05-18 11:42:00,NSE:INFIBEAM,42.2,42.2,42.1,42.2,1337.0
2021-05-18 11:45:00,NSE:INFIBEAM,42.1,42.25,42.1,42.25,5624.0
2021-05-18 11:48:00,NSE:INFIBEAM,42.15,42.25,42.15,42.15,1532.0
2021-05-18 11:51:00,NSE:INFIBEAM,42.25,42.25,42.15,42.25,3300.0
2021-05-18 11:54:00,NSE:INFIBEAM,42.25,42.25,42.2,42.25,2620.0
2021-05-18 11:57:00,NSE:INFIBEAM,42.2,42.25,42.15,42.2,6593.0
2021-05-18 12:00:00,NSE:INFIBEAM,42.15,42.2,42.1,42.15,2885.0
2021-05-18 12:03:00,NSE:INFIBEAM,42.2,42.2,42.1,42.1,207.0
2021-05-18 12:06:00,NSE:INFIBEAM,42.1,42.25,42.1,42.2,2412.0
2021-05-18 12:09:00,NSE:INFIBEAM,42.15,42.3,42.15,42.25,6053.0
2021-05-18 12:12:00,NSE:INFIBEAM,42.25,42.3,42.25,42.25,5356.0
2021-05-18 12:15:00,NSE:INFIBEAM,42.25,42.3,42.25,42.3,20285.0
2021-05-18 12:18:00,NSE:INFIBEAM,42.3,42.3,42.25,42.25,8145.0
2021-05-18 12:21:00,NSE:INFIBEAM,42.25,42.25,42.15,42.2,4350.0
2021-05-18 12:24:00,NSE:INFIBEAM,42.15,42.15,42.1,42.1,1241.0
2021-05-18 12:27:00,NSE:INFIBEAM,42.15,42.2,42.1,42.2,1030.0
2021-05-18 12:30:00,NSE:INFIBEAM,42.2,42.2,42.1,42.2,838.0
2021-05-18 12:33:00,NSE:INFIBEAM,42.1,42.2,42.1,42.1,2680.0
2021-05-18 12:36:00,NSE:INFIBEAM,42.2,42.2,42.1,42.1,1009.0
2021-05-18 12:39:00,NSE:INFIBEAM,42.15,42.15,42.05,42.1,8604.0
2021-05-18 12:42:00,NSE:INFIBEAM,42.1,42.1,42.05,42.1,594.0
2021-05-18 12:45:00,NSE:INFIBEAM,42.1,42.1,42.1,42.1,310.0
2021-05-18 12:48:00,NSE:INFIBEAM,42.1,42.15,42.05,42.15,5849.0
2021-05-18 12:51:00,NSE:INFIBEAM,42.15,42.2,42.1,42.1,7067.0
2021-05-18 12:54:00,NSE:INFIBEAM,42.1,42.15,42.1,42.15,4389.0
2021-05-18 12:57:00,NSE:INFIBEAM,42.1,42.15,42.05,42.1,9886.0
2021-05-18 13:00:00,NSE:INFIBEAM,42.1,42.1,41.9,41.9,29113.0
2021-05-18 13:03:00,NSE:INFIBEAM,41.9,41.9,41.9,41.9,4292.0
2021-05-18 13:06:00,NSE:INFIBEAM,42.0,42.0,41.85,41.9,5044.0
2021-05-18 13:09:00,NSE:INFIBEAM,41.95,42.0,41.9,41.9,1197.0
2021-05-18 13:12:00,NSE:INFIBEAM,42.0,42.0,41.9,41.95,2153.0
2021-05-18 13:15:00,NSE:INFIBEAM,41.95,42.0,41.9,41.9,5101.0
2021-05-18 13:18:00,NSE:INFIBEAM,41.95,42.1,41.95,42.05,2650.0
2021-05-18 13:21:00,NSE:INFIBEAM,42.05,42.1,42.05,42.05,442.0
2021-05-18 13:24:00,NSE:INFIBEAM,42.15,42.15,42.05,42.05,1675.0
2021-05-18 13:27:00,NSE:INFIBEAM,42.05,42.05,41.95,42.0,2978.0
2021-05-18 13:30:00,NSE:INFIBEAM,42.0,42.0,41.9,41.95,10548.0
2021-05-18 13:33:00,NSE:INFIBEAM,41.95,42.0,41.95,42.0,610.0
2021-05-18 13:36:00,NSE:INFIBEAM,42.15,42.15,42.15,42.15,6830.0
2021-05-18 13:39:00,NSE:INFIBEAM,42.2,42.25,42.15,42.2,4591.0
2021-05-18 13:42:00,NSE:INFIBEAM,42.25,42.25,42.15,42.25,2886.0
2021-05-18 13:45:00,NSE:INFIBEAM,42.15,42.25,42.15,42.15,774.0
2021-05-18 13:48:00,NSE:INFIBEAM,42.2,42.25,42.15,42.25,1006.0
2021-05-18 13:51:00,NSE:INFIBEAM,42.15,42.2,42.15,42.2,1115.0
2021-05-18 13:54:00,NSE:INFIBEAM,42.2,42.2,42.15,42.2,2723.0
2021-05-18 13:57:00,NSE:INFIBEAM,42.2,42.2,42.15,42.15,1555.0
2021-05-18 14:00:00,NSE:INFIBEAM,42.15,42.2,42.15,42.15,2837.0
2021-05-18 14:03:00,NSE:INFIBEAM,42.2,42.2,42.15,42.15,984.0
2021-05-18 14:06:00,NSE:INFIBEAM,42.15,42.15,42.15,42.15,310.0
2021-05-18 14:09:00,NSE:INFIBEAM,42.15,42.2,42.05,42.1,11293.0
2021-05-18 14:12:00,NSE:INFIBEAM,42.15,42.15,42.05,42.05,2258.0
2021-05-18 14:15:00,NSE:INFIBEAM,42.1,42.1,42.05,42.05,3450.0
2021-05-18 14:18:00,NSE:INFIBEAM,42.1,42.1,42.0,42.0,9051.0
2021-05-18 14:21:00,NSE:INFIBEAM,42.0,42.0,41.85,41.85,4101.0
2021-05-18 14:24:00,NSE:INFIBEAM,41.85,42.05,41.85,42.0,10044.0
2021-05-18 14:27:00,NSE:INFIBEAM,42.0,42.05,41.95,41.95,8163.0
2021-05-18 14:30:00,NSE:INFIBEAM,41.95,42.0,41.95,41.95,1919.0
2021-05-18 14:33:00,NSE:INFIBEAM,41.9,41.9,41.85,41.85,3038.0
2021-05-18 14:36:00,NSE:INFIBEAM,41.95,41.95,41.85,41.95,1108.0
2021-05-18 14:39:00,NSE:INFIBEAM,41.9,42.0,41.9,42.0,826.0
2021-05-18 14:42:00,NSE:INFIBEAM,42.0,42.0,41.9,41.9,4705.0
2021-05-18 14:45:00,NSE:INFIBEAM,41.9,41.95,41.9,41.9,2569.0
2021-05-18 14:48:00,NSE:INFIBEAM,41.95,42.05,41.95,41.95,4410.0
2021-05-18 14:51:00,NSE:INFIBEAM,42.0,42.05,41.95,42.0,1868.0
2021-05-18 14:54:00,NSE:INFIBEAM,42.05,42.1,42.0,42.05,2982.0
2021-05-18 14:57:00,NSE:INFIBEAM,42.05,42.1,42.0,42.1,4283.0
2021-05-18 15:00:00,NSE:INFIBEAM,42.15,42.15,42.05,42.1,7133.0
2021-05-18 15:03:00,NSE:INFIBEAM,42.15,42.2,42.1,42.2,8519.0
2021-05-18 15:06:00,NSE:INFIBEAM,42.2,42.25,41.95,41.95,19869.0
2021-05-18 15:09:00,NSE:INFIBEAM,42.1,42.1,41.95,41.95,7271.0
2021-05-18 15:12:00,NSE:INFIBEAM,42.05,42.1,41.95,42.1,10867.0
2021-05-18 15:15:00,NSE:INFIBEAM,42.15,42.3,42.15,42.25,29443.0
2021-05-18 15:18:00,NSE:INFIBEAM,42.25,42.3,42.15,42.3,10017.0
2021-05-18 15:21:00,NSE:INFIBEAM,42.3,42.35,42.25,42.35,12328.0
2021-05-18 15:24:00,NSE:INFIBEAM,42.35,42.35,42.25,42.3,30460.0
2021-05-18 15:27:00,NSE:INFIBEAM,42.3,42.4,42.05,42.4,49089.0
2021-05-18 15:39:00,NSE:INFIBEAM,42.2,42.2,42.2,42.2,1350.0
2021-05-18 15:42:00,NSE:INFIBEAM,42.2,42.2,42.2,42.2,153.0
2021-05-18 15:51:00,NSE:INFIBEAM,42.2,42.2,42.2,42.2,100.0
2021-05-19 09:06:00,NSE:INFIBEAM,42.0,42.0,42.0,42.0,26016.0
2021-05-19 09:15:00,NSE:INFIBEAM,42.2,42.4,42.2,42.3,13165.0
2021-05-19 09:18:00,NSE:INFIBEAM,42.35,42.4,42.35,42.4,10196.0
2021-05-19 09:21:00,NSE:INFIBEAM,42.4,42.4,42.3,42.4,13541.0
2021-05-19 09:24:00,NSE:INFIBEAM,42.4,42.4,42.3,42.35,3754.0
2021-05-19 09:27:00,NSE:INFIBEAM,42.3,42.45,42.3,42.4,11210.0
2021-05-19 09:30:00,NSE:INFIBEAM,42.4,42.55,42.25,42.35,101644.0
2021-05-19 09:33:00,NSE:INFIBEAM,42.3,42.3,42.15,42.15,49313.0
2021-05-19 09:36:00,NSE:INFIBEAM,42.15,42.3,42.1,42.25,17860.0
2021-05-19 09:39:00,NSE:INFIBEAM,42.3,42.35,42.25,42.3,6774.0
2021-05-19 09:42:00,NSE:INFIBEAM,42.35,42.35,42.3,42.35,2146.0
2021-05-19 09:45:00,NSE:INFIBEAM,42.35,42.4,42.3,42.4,4716.0
2021-05-19 09:48:00,NSE:INFIBEAM,42.4,42.45,42.3,42.35,3307.0
2021-05-19 09:51:00,NSE:INFIBEAM,42.35,42.45,42.35,42.45,4469.0
2021-05-19 09:54:00,NSE:INFIBEAM,42.4,42.45,42.4,42.45,3600.0
2021-05-19 09:57:00,NSE:INFIBEAM,42.5,42.55,42.45,42.55,8822.0
2021-05-19 10:00:00,NSE:INFIBEAM,42.55,42.55,42.5,42.55,5264.0
2021-05-19 10:03:00,NSE:INFIBEAM,42.55,42.55,42.3,42.4,12929.0
2021-05-19 10:06:00,NSE:INFIBEAM,42.4,42.4,42.35,42.35,641.0
2021-05-19 10:09:00,NSE:INFIBEAM,42.4,42.4,42.35,42.35,3654.0
2021-05-19 10:12:00,NSE:INFIBEAM,42.35,42.35,42.2,42.25,9216.0
2021-05-19 10:15:00,NSE:INFIBEAM,42.25,42.25,42.2,42.2,1005.0
2021-05-19 10:18:00,NSE:INFIBEAM,42.2,42.25,42.1,42.2,6424.0
2021-05-19 10:21:00,NSE:INFIBEAM,42.25,42.25,42.2,42.25,5739.0
2021-05-19 10:24:00,NSE:INFIBEAM,42.25,42.3,42.2,42.3,1215.0
2021-05-19 10:27:00,NSE:INFIBEAM,42.25,42.25,42.15,42.15,6651.0
2021-05-19 10:30:00,NSE:INFIBEAM,42.25,42.25,42.25,42.25,635.0
2021-05-19 10:33:00,NSE:INFIBEAM,42.3,42.3,42.3,42.3,120.0
2021-05-19 10:36:00,NSE:INFIBEAM,42.2,42.25,42.15,42.25,3548.0
2021-05-19 10:39:00,NSE:INFIBEAM,42.2,42.3,42.2,42.3,4882.0
2021-05-19 10:42:00,NSE:INFIBEAM,42.2,42.3,42.2,42.3,1909.0
2021-05-19 10:45:00,NSE:INFIBEAM,42.3,42.35,42.2,42.35,2229.0
2021-05-19 10:48:00,NSE:INFIBEAM,42.35,42.35,42.35,42.35,1355.0
2021-05-19 10:51:00,NSE:INFIBEAM,42.25,42.3,42.25,42.3,430.0
2021-05-19 10:54:00,NSE:INFIBEAM,42.3,42.3,42.25,42.3,320.0
2021-05-19 10:57:00,NSE:INFIBEAM,42.25,42.25,42.25,42.25,4083.0
2021-05-19 11:00:00,NSE:INFIBEAM,42.2,42.25,42.2,42.25,903.0
2021-05-19 11:03:00,NSE:INFIBEAM,42.25,42.25,42.2,42.2,551.0
2021-05-19 11:06:00,NSE:INFIBEAM,42.2,42.3,42.2,42.3,271.0
2021-05-19 11:09:00,NSE:INFIBEAM,42.3,42.3,42.3,42.3,543.0
2021-05-19 11:12:00,NSE:INFIBEAM,42.25,42.3,42.2,42.2,1236.0
2021-05-19 11:15:00,NSE:INFIBEAM,42.2,42.3,42.2,42.2,3846.0
2021-05-19 11:18:00,NSE:INFIBEAM,42.25,42.3,42.25,42.25,4076.0
2021-05-19 11:21:00,NSE:INFIBEAM,42.25,42.25,42.25,42.25,914.0
2021-05-19 11:24:00,NSE:INFIBEAM,42.25,42.3,42.25,42.3,1314.0
2021-05-19 11:27:00,NSE:INFIBEAM,42.3,42.3,42.3,42.3,106.0
2021-05-19 11:30:00,NSE:INFIBEAM,42.25,42.3,42.25,42.25,1755.0
2021-05-19 11:33:00,NSE:INFIBEAM,42.3,42.3,42.25,42.25,1120.0
2021-05-19 11:36:00,NSE:INFIBEAM,42.3,42.3,42.15,42.15,5423.0
2021-05-19 11:39:00,NSE:INFIBEAM,42.25,42.25,42.15,42.25,1260.0
2021-05-19 11:42:00,NSE:INFIBEAM,42.25,42.25,42.15,42.15,1938.0
2021-05-19 11:45:00,NSE:INFIBEAM,42.25,42.25,42.15,42.25,2878.0
2021-05-19 11:48:00,NSE:INFIBEAM,42.15,42.25,42.15,42.25,897.0
2021-05-19 11:51:00,NSE:INFIBEAM,42.15,42.3,42.15,42.2,1366.0
2021-05-19 11:54:00,NSE:INFIBEAM,42.3,42.3,42.2,42.3,1580.0
2021-05-19 11:57:00,NSE:INFIBEAM,42.3,42.3,42.2,42.3,444.0
2021-05-19 12:00:00,NSE:INFIBEAM,42.3,42.3,42.2,42.25,518.0
2021-05-19 12:03:00,NSE:INFIBEAM,42.3,42.3,42.25,42.25,1334.0
2021-05-19 12:06:00,NSE:INFIBEAM,42.25,42.3,42.25,42.3,3429.0
2021-05-19 12:09:00,NSE:INFIBEAM,42.3,42.3,42.25,42.3,754.0
2021-05-19 12:12:00,NSE:INFIBEAM,42.25,42.3,42.25,42.25,10619.0
2021-05-19 12:15:00,NSE:INFIBEAM,42.3,42.3,42.3,42.3,3558.0
2021-05-19 12:18:00,NSE:INFIBEAM,42.35,42.35,42.3,42.3,1520.0
2021-05-19 12:21:00,NSE:INFIBEAM,42.35,42.35,42.25,42.35,1713.0
2021-05-19 12:24:00,NSE:INFIBEAM,42.35,42.4,42.3,42.4,513.0
2021-05-19 12:27:00,NSE:INFIBEAM,42.4,42.4,42.35,42.35,1972.0
2021-05-19 12:30:00,NSE:INFIBEAM,42.4,42.45,42.4,42.45,2594.0
2021-05-19 12:33:00,NSE:INFIBEAM,42.45,42.45,42.35,42.45,6255.0
2021-05-19 12:36:00,NSE:INFIBEAM,42.45,42.45,42.25,42.3,6146.0
2021-05-19 12:39:00,NSE:INFIBEAM,42.25,42.3,42.25,42.3,288.0
2021-05-19 12:42:00,NSE:INFIBEAM,42.3,42.3,42.3,42.3,470.0
2021-05-19 12:45:00,NSE:INFIBEAM,42.3,42.35,42.25,42.35,5742.0
2021-05-19 12:48:00,NSE:INFIBEAM,42.25,42.35,42.25,42.3,2822.0
2021-05-19 12:51:00,NSE:INFIBEAM,42.25,42.25,42.2,42.25,15663.0
2021-05-19 12:54:00,NSE:INFIBEAM,42.25,42.3,42.25,42.3,246.0
2021-05-19 12:57:00,NSE:INFIBEAM,42.3,42.3,42.25,42.3,2175.0
2021-05-19 13:00:00,NSE:INFIBEAM,42.15,42.25,42.15,42.15,17748.0
2021-05-19 13:03:00,NSE:INFIBEAM,42.15,42.15,41.85,41.9,40365.0
2021-05-19 13:06:00,NSE:INFIBEAM,41.9,42.0,41.9,42.0,1950.0
2021-05-19 13:09:00,NSE:INFIBEAM,41.95,42.0,41.9,41.95,4730.0
2021-05-19 13:12:00,NSE:INFIBEAM,41.95,42.05,41.95,42.05,6735.0
2021-05-19 13:15:00,NSE:INFIBEAM,42.0,42.0,41.95,41.95,4957.0
2021-05-19 13:18:00,NSE:INFIBEAM,42.0,42.0,41.85,41.9,11330.0
2021-05-19 13:21:00,NSE:INFIBEAM,41.9,41.9,41.8,41.85,5319.0
2021-05-19 13:24:00,NSE:INFIBEAM,41.8,41.9,41.8,41.8,5568.0
2021-05-19 13:27:00,NSE:INFIBEAM,41.9,41.9,41.85,41.85,3187.0
2021-05-19 13:30:00,NSE:INFIBEAM,41.8,41.85,41.8,41.8,8589.0
2021-05-19 13:33:00,NSE:INFIBEAM,41.8,41.85,41.7,41.8,7607.0
2021-05-19 13:36:00,NSE:INFIBEAM,41.85,41.85,41.8,41.8,521.0
2021-05-19 13:39:00,NSE:INFIBEAM,41.8,41.8,41.55,41.65,7488.0
2021-05-19 13:42:00,NSE:INFIBEAM,41.65,41.8,41.6,41.7,4063.0
2021-05-19 13:45:00,NSE:INFIBEAM,41.55,41.55,41.45,41.45,98352.0
2021-05-19 13:48:00,NSE:INFIBEAM,41.5,41.5,41.4,41.4,42008.0
2021-05-19 13:51:00,NSE:INFIBEAM,41.45,41.65,41.45,41.6,5856.0
2021-05-19 13:54:00,NSE:INFIBEAM,41.7,41.75,41.6,41.7,3936.0
2021-05-19 13:57:00,NSE:INFIBEAM,41.7,41.85,41.7,41.8,4735.0
2021-05-19 14:00:00,NSE:INFIBEAM,41.85,41.9,41.75,41.8,3005.0
2021-05-19 14:03:00,NSE:INFIBEAM,41.9,41.9,41.8,41.8,619.0
2021-05-19 14:06:00,NSE:INFIBEAM,41.9,41.9,41.75,41.8,5170.0
2021-05-19 14:09:00,NSE:INFIBEAM,41.75,41.85,41.75,41.85,1437.0
2021-05-19 14:12:00,NSE:INFIBEAM,41.85,41.85,41.8,41.8,1028.0
2021-05-19 14:15:00,NSE:INFIBEAM,41.8,41.8,41.8,41.8,2199.0
2021-05-19 14:18:00,NSE:INFIBEAM,41.8,41.85,41.75,41.85,1679.0
2021-05-19 14:21:00,NSE:INFIBEAM,41.85,41.9,41.8,41.9,2258.0
2021-05-19 14:24:00,NSE:INFIBEAM,41.9,41.9,41.8,41.85,2130.0
2021-05-19 14:27:00,NSE:INFIBEAM,41.75,41.8,41.75,41.75,4854.0
2021-05-19 14:30:00,NSE:INFIBEAM,41.75,41.75,41.6,41.65,14728.0
2021-05-19 14:33:00,NSE:INFIBEAM,41.75,41.75,41.6,41.6,13716.0
2021-05-19 14:36:00,NSE:INFIBEAM,41.65,41.7,41.55,41.6,5586.0
2021-05-19 14:39:00,NSE:INFIBEAM,41.7,41.75,41.6,41.75,660.0
2021-05-19 14:42:00,NSE:INFIBEAM,41.75,41.85,41.7,41.8,6906.0
2021-05-19 14:45:00,NSE:INFIBEAM,41.8,41.8,41.6,41.65,3905.0
2021-05-19 14:48:00,NSE:INFIBEAM,41.65,41.65,41.5,41.5,6168.0
2021-05-19 14:51:00,NSE:INFIBEAM,41.55,41.6,41.5,41.6,2242.0
2021-05-19 14:54:00,NSE:INFIBEAM,41.6,41.6,41.5,41.55,8904.0
2021-05-19 14:57:00,NSE:INFIBEAM,41.55,41.55,41.5,41.5,10109.0
2021-05-19 15:00:00,NSE:INFIBEAM,41.55,41.55,41.45,41.5,4178.0
2021-05-19 15:03:00,NSE:INFIBEAM,41.5,41.5,41.45,41.5,8580.0
2021-05-19 15:06:00,NSE:INFIBEAM,41.5,41.5,41.3,41.4,84891.0
2021-05-19 15:09:00,NSE:INFIBEAM,41.45,41.5,41.3,41.3,35951.0
2021-05-19 15:12:00,NSE:INFIBEAM,41.35,41.35,41.15,41.2,78950.0
2021-05-19 15:15:00,NSE:INFIBEAM,41.2,41.3,41.15,41.2,62002.0
2021-05-19 15:18:00,NSE:INFIBEAM,41.2,41.2,41.0,41.0,132427.0
2021-05-19 15:21:00,NSE:INFIBEAM,41.0,41.05,40.95,40.95,46955.0
2021-05-19 15:24:00,NSE:INFIBEAM,41.0,41.05,40.9,41.05,36699.0
2021-05-19 15:27:00,NSE:INFIBEAM,41.05,41.1,41.0,41.1,60223.0
2021-05-19 15:39:00,NSE:INFIBEAM,41.15,41.15,41.15,41.15,2200.0
2021-05-19 15:54:00,NSE:INFIBEAM,41.15,41.15,41.15,41.15,800.0
2021-05-19 15:57:00,NSE:INFIBEAM,41.15,41.15,41.1,41.1,3.0
2021-05-20 09:06:00,NSE:INFIBEAM,41.65,41.65,41.65,41.65,10729.0
2021-05-20 09:15:00,NSE:INFIBEAM,41.55,41.65,41.35,41.65,32896.0
2021-05-20 09:18:00,NSE:INFIBEAM,41.65,41.65,41.35,41.5,26503.0
2021-05-20 09:21:00,NSE:INFIBEAM,41.45,41.55,41.4,41.4,15436.0
2021-05-20 09:24:00,NSE:INFIBEAM,41.4,41.45,41.2,41.3,13648.0
2021-05-20 09:27:00,NSE:INFIBEAM,41.25,41.55,41.05,41.45,68106.0
2021-05-20 09:30:00,NSE:INFIBEAM,41.4,41.5,41.35,41.4,6926.0
2021-05-20 09:33:00,NSE:INFIBEAM,41.4,41.4,41.35,41.4,179.0
2021-05-20 09:36:00,NSE:INFIBEAM,41.4,41.4,41.2,41.2,9800.0
2021-05-20 09:39:00,NSE:INFIBEAM,41.15,41.3,41.15,41.3,3915.0
2021-05-20 09:42:00,NSE:INFIBEAM,41.3,41.5,41.3,41.35,8268.0
2021-05-20 09:45:00,NSE:INFIBEAM,41.4,41.45,41.35,41.45,1692.0
2021-05-20 09:48:00,NSE:INFIBEAM,41.45,41.55,41.4,41.55,4275.0
2021-05-20 09:51:00,NSE:INFIBEAM,41.45,41.55,41.45,41.5,3298.0
2021-05-20 09:54:00,NSE:INFIBEAM,41.45,41.55,41.4,41.45,7011.0
2021-05-20 09:57:00,NSE:INFIBEAM,41.5,41.5,41.4,41.4,1670.0
2021-05-20 10:00:00,NSE:INFIBEAM,41.5,41.5,41.4,41.45,2182.0
2021-05-20 10:03:00,NSE:INFIBEAM,41.45,41.5,41.4,41.4,306.0
2021-05-20 10:06:00,NSE:INFIBEAM,41.4,41.4,41.35,41.4,2085.0
2021-05-20 10:09:00,NSE:INFIBEAM,41.5,41.55,41.5,41.55,6621.0
2021-05-20 10:12:00,NSE:INFIBEAM,41.55,41.55,41.5,41.55,2797.0
2021-05-20 10:15:00,NSE:INFIBEAM,41.55,41.55,41.45,41.55,4902.0
2021-05-20 10:18:00,NSE:INFIBEAM,41.45,41.6,41.45,41.55,11705.0
2021-05-20 10:21:00,NSE:INFIBEAM,41.55,41.65,41.55,41.65,1598.0
2021-05-20 10:24:00,NSE:INFIBEAM,41.55,41.65,41.55,41.6,6223.0
2021-05-20 10:27:00,NSE:INFIBEAM,41.55,41.6,41.5,41.6,3704.0
2021-05-20 10:30:00,NSE:INFIBEAM,41.5,41.55,41.45,41.55,4092.0
2021-05-20 10:33:00,NSE:INFIBEAM,41.45,41.45,41.4,41.45,1202.0
2021-05-20 10:36:00,NSE:INFIBEAM,41.45,41.5,41.45,41.45,1922.0
2021-05-20 10:39:00,NSE:INFIBEAM,41.5,41.5,41.5,41.5,1128.0
2021-05-20 10:42:00,NSE:INFIBEAM,41.5,41.55,41.5,41.55,5907.0
2021-05-20 10:45:00,NSE:INFIBEAM,41.55,41.55,41.5,41.55,408.0
2021-05-20 10:48:00,NSE:INFIBEAM,41.5,41.6,41.5,41.55,7881.0
2021-05-20 10:51:00,NSE:INFIBEAM,41.65,41.65,41.55,41.55,814.0
2021-05-20 10:54:00,NSE:INFIBEAM,41.6,41.95,41.6,41.9,78577.0
2021-05-20 10:57:00,NSE:INFIBEAM,41.95,42.0,41.85,42.0,44828.0
2021-05-20 11:00:00,NSE:INFIBEAM,41.95,42.0,41.85,41.85,16844.0
2021-05-20 11:03:00,NSE:INFIBEAM,41.85,42.0,41.85,41.95,12369.0
2021-05-20 11:06:00,NSE:INFIBEAM,41.95,42.0,41.9,41.9,2155.0
2021-05-20 11:09:00,NSE:INFIBEAM,41.9,42.0,41.9,41.95,2298.0
2021-05-20 11:12:00,NSE:INFIBEAM,42.0,42.0,42.0,42.0,1198.0
2021-05-20 11:15:00,NSE:INFIBEAM,42.0,42.0,41.85,41.85,7297.0
2021-05-20 11:18:00,NSE:INFIBEAM,41.8,41.8,41.7,41.8,4264.0
2021-05-20 11:21:00,NSE:INFIBEAM,41.8,41.85,41.8,41.85,2493.0
2021-05-20 11:24:00,NSE:INFIBEAM,41.85,41.85,41.7,41.7,457.0
2021-05-20 11:27:00,NSE:INFIBEAM,41.65,41.75,41.65,41.75,267.0
2021-05-20 11:30:00,NSE:INFIBEAM,41.55,41.65,41.55,41.55,7266.0
2021-05-20 11:33:00,NSE:INFIBEAM,41.55,41.7,41.55,41.7,2560.0
2021-05-20 11:36:00,NSE:INFIBEAM,41.7,41.75,41.6,41.7,14859.0
2021-05-20 11:39:00,NSE:INFIBEAM,41.7,41.7,41.5,41.5,8276.0
2021-05-20 11:42:00,NSE:INFIBEAM,41.55,41.55,41.55,41.55,5656.0
2021-05-20 11:45:00,NSE:INFIBEAM,41.55,41.55,41.5,41.5,11239.0
2021-05-20 11:48:00,NSE:INFIBEAM,41.6,41.6,41.5,41.5,446.0
2021-05-20 11:51:00,NSE:INFIBEAM,41.6,41.6,41.55,41.55,3702.0
2021-05-20 11:54:00,NSE:INFIBEAM,41.65,41.7,41.65,41.7,538.0
2021-05-20 11:57:00,NSE:INFIBEAM,41.7,41.7,41.7,41.7,2292.0
2021-05-20 12:00:00,NSE:INFIBEAM,41.7,41.8,41.7,41.8,1951.0
2021-05-20 12:03:00,NSE:INFIBEAM,41.8,41.9,41.8,41.8,7761.0
2021-05-20 12:06:00,NSE:INFIBEAM,41.8,41.8,41.75,41.75,142.0
2021-05-20 12:09:00,NSE:INFIBEAM,41.75,41.85,41.75,41.85,928.0
2021-05-20 12:12:00,NSE:INFIBEAM,41.85,41.95,41.85,41.95,8324.0
2021-05-20 12:15:00,NSE:INFIBEAM,41.95,41.95,41.85,41.95,5763.0
2021-05-20 12:18:00,NSE:INFIBEAM,41.95,41.95,41.9,41.95,3089.0
2021-05-20 12:21:00,NSE:INFIBEAM,41.95,41.95,41.9,41.95,942.0
2021-05-20 12:24:00,NSE:INFIBEAM,41.9,41.95,41.9,41.9,5552.0
2021-05-20 12:27:00,NSE:INFIBEAM,41.95,41.95,41.9,41.9,662.0
2021-05-20 12:30:00,NSE:INFIBEAM,41.95,42.0,41.9,41.95,39254.0
2021-05-20 12:33:00,NSE:INFIBEAM,42.0,42.05,41.95,42.0,35062.0
2021-05-20 12:36:00,NSE:INFIBEAM,42.0,42.05,41.9,42.0,100255.0
2021-05-20 12:39:00,NSE:INFIBEAM,42.0,42.0,41.85,41.85,24361.0
2021-05-20 12:42:00,NSE:INFIBEAM,41.85,41.85,41.8,41.85,3264.0
2021-05-20 12:45:00,NSE:INFIBEAM,41.85,41.85,41.85,41.85,1120.0
2021-05-20 12:48:00,NSE:INFIBEAM,41.9,41.9,41.75,41.75,7601.0
2021-05-20 12:51:00,NSE:INFIBEAM,41.75,41.75,41.65,41.7,2509.0
2021-05-20 12:54:00,NSE:INFIBEAM,41.65,41.7,41.6,41.6,2258.0
2021-05-20 12:57:00,NSE:INFIBEAM,41.6,41.65,41.4,41.45,24011.0
2021-05-20 13:00:00,NSE:INFIBEAM,41.45,41.55,41.4,41.5,32894.0
2021-05-20 13:03:00,NSE:INFIBEAM,41.55,41.55,41.4,41.4,12029.0
2021-05-20 13:06:00,NSE:INFIBEAM,41.45,41.45,41.35,41.4,6952.0
2021-05-20 13:09:00,NSE:INFIBEAM,41.4,41.4,41.3,41.4,13073.0
2021-05-20 13:12:00,NSE:INFIBEAM,41.4,41.45,41.35,41.35,5288.0
2021-05-20 13:15:00,NSE:INFIBEAM,41.45,41.45,41.3,41.45,1050.0
2021-05-20 13:18:00,NSE:INFIBEAM,41.4,41.4,41.3,41.3,7314.0
2021-05-20 13:21:00,NSE:INFIBEAM,41.35,41.4,41.3,41.4,1297.0
2021-05-20 13:24:00,NSE:INFIBEAM,41.4,41.4,41.35,41.35,2830.0
2021-05-20 13:27:00,NSE:INFIBEAM,41.35,41.35,41.2,41.25,16170.0
2021-05-20 13:30:00,NSE:INFIBEAM,41.25,41.25,41.1,41.25,9388.0
2021-05-20 13:33:00,NSE:INFIBEAM,41.25,41.3,41.25,41.25,1178.0
2021-05-20 13:36:00,NSE:INFIBEAM,41.2,41.3,41.2,41.3,1334.0
2021-05-20 13:39:00,NSE:INFIBEAM,41.3,41.4,41.2,41.25,303894.0
2021-05-20 13:42:00,NSE:INFIBEAM,41.25,41.25,41.2,41.2,15700.0
2021-05-20 13:45:00,NSE:INFIBEAM,41.3,41.3,41.2,41.3,1955.0
2021-05-20 13:48:00,NSE:INFIBEAM,41.3,41.3,41.2,41.3,1179.0
2021-05-20 13:51:00,NSE:INFIBEAM,41.3,41.3,41.0,41.2,50405.0
2021-05-20 13:54:00,NSE:INFIBEAM,41.2,41.25,41.15,41.2,8247.0
2021-05-20 13:57:00,NSE:INFIBEAM,41.2,41.2,41.15,41.2,6951.0
2021-05-20 14:00:00,NSE:INFIBEAM,41.2,41.3,41.2,41.3,11672.0
2021-05-20 14:03:00,NSE:INFIBEAM,41.3,41.3,41.15,41.25,5613.0
2021-05-20 14:06:00,NSE:INFIBEAM,41.25,41.25,41.2,41.25,3958.0
2021-05-20 14:09:00,NSE:INFIBEAM,41.2,41.25,40.95,41.0,75611.0
2021-05-20 14:12:00,NSE:INFIBEAM,41.05,41.05,41.0,41.05,2126.0
2021-05-20 14:15:00,NSE:INFIBEAM,41.0,41.15,41.0,41.05,19151.0
2021-05-20 14:18:00,NSE:INFIBEAM,41.0,41.15,41.0,41.1,11001.0
2021-05-20 14:21:00,NSE:INFIBEAM,41.05,41.1,41.05,41.05,789.0
2021-05-20 14:24:00,NSE:INFIBEAM,41.05,41.1,41.05,41.1,710.0
2021-05-20 14:27:00,NSE:INFIBEAM,41.1,41.1,41.05,41.1,1051.0
2021-05-20 14:30:00,NSE:INFIBEAM,41.1,41.1,41.05,41.05,1568.0
2021-05-20 14:33:00,NSE:INFIBEAM,41.1,41.1,41.05,41.05,2171.0
2021-05-20 14:36:00,NSE:INFIBEAM,41.05,41.1,40.95,41.0,15959.0
2021-05-20 14:39:00,NSE:INFIBEAM,41.05,41.05,40.75,40.95,136630.0
2021-05-20 14:42:00,NSE:INFIBEAM,41.0,41.0,40.65,40.65,106846.0
2021-05-20 14:45:00,NSE:INFIBEAM,40.75,40.8,40.5,40.5,85830.0
2021-05-20 14:48:00,NSE:INFIBEAM,40.5,40.7,40.5,40.7,23151.0
2021-05-20 14:51:00,NSE:INFIBEAM,40.7,40.7,40.4,40.55,62998.0
2021-05-20 14:54:00,NSE:INFIBEAM,40.5,40.55,40.45,40.55,9433.0
2021-05-20 14:57:00,NSE:INFIBEAM,40.55,40.55,40.15,40.3,109999.0
2021-05-20 15:00:00,NSE:INFIBEAM,40.35,40.45,40.25,40.45,20373.0
2021-05-20 15:03:00,NSE:INFIBEAM,40.5,40.5,40.15,40.4,33044.0
2021-05-20 15:06:00,NSE:INFIBEAM,40.4,40.4,40.05,40.05,78413.0
2021-05-20 15:09:00,NSE:INFIBEAM,40.1,40.3,40.1,40.25,9989.0
2021-05-20 15:12:00,NSE:INFIBEAM,40.3,40.3,39.95,39.95,165745.0
2021-05-20 15:15:00,NSE:INFIBEAM,39.95,40.15,39.9,40.15,50113.0
2021-05-20 15:18:00,NSE:INFIBEAM,40.1,40.3,40.1,40.2,13490.0
2021-05-20 15:21:00,NSE:INFIBEAM,40.25,40.3,40.15,40.2,25984.0
2021-05-20 15:24:00,NSE:INFIBEAM,40.2,40.3,40.15,40.25,11362.0
2021-05-20 15:27:00,NSE:INFIBEAM,40.25,40.3,40.2,40.3,29374.0
2021-05-20 15:30:00,NSE:INFIBEAM,40.3,40.3,40.3,40.3,1000.0
2021-05-20 15:39:00,NSE:INFIBEAM,40.1,40.1,40.1,40.1,5.0
2021-05-20 15:42:00,NSE:INFIBEAM,40.1,40.3,40.1,40.1,5000.0
2021-05-20 15:57:00,NSE:INFIBEAM,40.1,40.1,40.1,40.1,450.0
2021-05-21 09:06:00,NSE:INFIBEAM,40.45,40.45,40.45,40.45,1278.0
2021-05-21 09:15:00,NSE:INFIBEAM,40.5,40.75,40.35,40.7,39881.0
2021-05-21 09:18:00,NSE:INFIBEAM,40.7,40.7,40.55,40.55,11529.0
2021-05-21 09:21:00,NSE:INFIBEAM,40.6,40.6,40.45,40.55,17903.0
2021-05-21 09:24:00,NSE:INFIBEAM,40.6,40.7,40.55,40.7,14390.0
2021-05-21 09:27:00,NSE:INFIBEAM,40.75,40.8,40.65,40.75,11878.0
2021-05-21 09:30:00,NSE:INFIBEAM,40.7,40.75,40.5,40.55,25339.0
2021-05-21 09:33:00,NSE:INFIBEAM,40.65,41.0,40.6,40.65,122390.0
2021-05-21 09:36:00,NSE:INFIBEAM,40.8,40.9,40.7,40.8,112123.0
2021-05-21 09:39:00,NSE:INFIBEAM,40.8,40.8,40.7,40.7,7942.0
2021-05-21 09:42:00,NSE:INFIBEAM,40.65,40.65,40.5,40.6,12449.0
2021-05-21 09:45:00,NSE:INFIBEAM,40.6,40.7,40.6,40.7,4870.0
2021-05-21 09:48:00,NSE:INFIBEAM,40.7,40.7,40.65,40.65,8306.0
2021-05-21 09:51:00,NSE:INFIBEAM,40.65,40.75,40.65,40.7,24662.0
2021-05-21 09:54:00,NSE:INFIBEAM,40.8,40.9,40.7,40.85,3137.0
2021-05-21 09:57:00,NSE:INFIBEAM,40.85,40.85,40.75,40.8,4390.0
2021-05-21 10:00:00,NSE:INFIBEAM,40.8,40.8,40.75,40.75,2879.0
2021-05-21 10:03:00,NSE:INFIBEAM,40.8,40.85,40.75,40.85,3550.0
2021-05-21 10:06:00,NSE:INFIBEAM,40.85,40.85,40.6,40.6,12246.0
2021-05-21 10:09:00,NSE:INFIBEAM,40.6,40.8,40.6,40.75,2344.0
2021-05-21 10:12:00,NSE:INFIBEAM,40.7,40.8,40.7,40.8,4770.0
2021-05-21 10:15:00,NSE:INFIBEAM,40.8,40.85,40.75,40.8,2838.0
2021-05-21 10:18:00,NSE:INFIBEAM,40.85,40.85,40.75,40.85,22.0
2021-05-21 10:21:00,NSE:INFIBEAM,40.85,40.85,40.75,40.75,7030.0
2021-05-21 10:24:00,NSE:INFIBEAM,40.8,40.8,40.75,40.8,6919.0
2021-05-21 10:27:00,NSE:INFIBEAM,40.75,40.8,40.7,40.7,3569.0
2021-05-21 10:30:00,NSE:INFIBEAM,40.7,40.8,40.65,40.8,2668.0
2021-05-21 10:33:00,NSE:INFIBEAM,40.8,40.8,40.75,40.75,2285.0
2021-05-21 10:36:00,NSE:INFIBEAM,40.75,40.8,40.65,40.7,7650.0
2021-05-21 10:39:00,NSE:INFIBEAM,40.7,40.8,40.7,40.7,3780.0
2021-05-21 10:42:00,NSE:INFIBEAM,40.75,40.8,40.7,40.8,926.0
2021-05-21 10:45:00,NSE:INFIBEAM,40.8,40.8,40.65,40.65,9605.0
2021-05-21 10:48:00,NSE:INFIBEAM,40.75,40.75,40.7,40.75,3391.0
2021-05-21 10:51:00,NSE:INFIBEAM,40.75,40.8,40.7,40.75,11412.0
2021-05-21 10:54:00,NSE:INFIBEAM,40.75,40.85,40.7,40.75,10893.0
2021-05-21 10:57:00,NSE:INFIBEAM,40.85,40.85,40.75,40.75,15859.0
2021-05-21 11:00:00,NSE:INFIBEAM,40.75,40.75,40.75,40.75,202.0
2021-05-21 11:03:00,NSE:INFIBEAM,40.85,40.85,40.75,40.85,1397.0
2021-05-21 11:06:00,NSE:INFIBEAM,40.75,40.8,40.7,40.8,3372.0
2021-05-21 11:09:00,NSE:INFIBEAM,40.8,40.8,40.8,40.8,377.0
2021-05-21 11:12:00,NSE:INFIBEAM,40.75,40.8,40.75,40.8,3862.0
2021-05-21 11:15:00,NSE:INFIBEAM,40.8,40.8,40.8,40.8,1371.0
2021-05-21 11:18:00,NSE:INFIBEAM,40.75,40.8,40.75,40.8,853.0
2021-05-21 11:21:00,NSE:INFIBEAM,40.8,40.85,40.7,40.8,10836.0
2021-05-21 11:24:00,NSE:INFIBEAM,40.7,40.8,40.7,40.75,2161.0
2021-05-21 11:27:00,NSE:INFIBEAM,40.75,40.8,40.75,40.75,1230.0
2021-05-21 11:30:00,NSE:INFIBEAM,40.75,40.8,40.75,40.8,3961.0
2021-05-21 11:33:00,NSE:INFIBEAM,40.8,40.8,40.8,40.8,812.0
2021-05-21 11:36:00,NSE:INFIBEAM,40.75,40.8,40.75,40.8,4464.0
2021-05-21 11:39:00,NSE:INFIBEAM,40.7,40.8,40.7,40.75,5601.0
2021-05-21 11:42:00,NSE:INFIBEAM,40.8,40.8,40.8,40.8,2656.0
2021-05-21 11:45:00,NSE:INFIBEAM,40.85,40.85,40.85,40.85,1035.0
2021-05-21 11:48:00,NSE:INFIBEAM,40.85,40.85,40.8,40.85,4143.0
2021-05-21 11:51:00,NSE:INFIBEAM,40.85,40.9,40.85,40.9,13404.0
2021-05-21 11:54:00,NSE:INFIBEAM,40.95,41.0,40.9,41.0,85433.0
2021-05-21 11:57:00,NSE:INFIBEAM,41.0,41.0,40.9,40.9,5622.0
2021-05-21 12:00:00,NSE:INFIBEAM,40.9,40.95,40.85,40.95,4916.0
2021-05-21 12:03:00,NSE:INFIBEAM,40.95,40.95,40.9,40.95,8236.0
2021-05-21 12:06:00,NSE:INFIBEAM,40.85,40.95,40.85,40.85,1151.0
2021-05-21 12:09:00,NSE:INFIBEAM,40.95,40.95,40.85,40.9,2980.0
2021-05-21 12:12:00,NSE:INFIBEAM,40.9,40.95,40.9,40.95,3585.0
2021-05-21 12:15:00,NSE:INFIBEAM,40.95,41.0,40.9,41.0,21509.0
2021-05-21 12:18:00,NSE:INFIBEAM,41.0,41.0,40.95,41.0,17677.0
2021-05-21 12:21:00,NSE:INFIBEAM,40.95,41.0,40.95,41.0,3965.0
2021-05-21 12:24:00,NSE:INFIBEAM,41.0,41.0,40.95,40.95,4853.0
2021-05-21 12:27:00,NSE:INFIBEAM,40.95,40.95,40.9,40.95,3880.0
2021-05-21 12:30:00,NSE:INFIBEAM,40.95,40.95,40.9,40.95,3036.0
2021-05-21 12:33:00,NSE:INFIBEAM,40.95,40.95,40.9,40.95,4477.0
2021-05-21 12:36:00,NSE:INFIBEAM,40.95,41.0,40.95,41.0,724.0
2021-05-21 12:39:00,NSE:INFIBEAM,41.0,41.0,40.95,40.95,6162.0
2021-05-21 12:42:00,NSE:INFIBEAM,41.0,41.0,40.9,40.9,22646.0
2021-05-21 12:45:00,NSE:INFIBEAM,41.0,41.0,40.9,40.9,2741.0
2021-05-21 12:48:00,NSE:INFIBEAM,40.9,41.0,40.9,40.9,3959.0
2021-05-21 12:51:00,NSE:INFIBEAM,40.9,40.95,40.9,40.9,2173.0
2021-05-21 12:54:00,NSE:INFIBEAM,40.95,40.95,40.9,40.95,785.0
2021-05-21 12:57:00,NSE:INFIBEAM,40.95,41.0,40.85,40.85,5431.0
2021-05-21 13:00:00,NSE:INFIBEAM,40.95,40.95,40.8,40.8,4776.0
2021-05-21 13:03:00,NSE:INFIBEAM,40.75,40.85,40.75,40.85,668.0
2021-05-21 13:06:00,NSE:INFIBEAM,40.8,40.8,40.75,40.75,1634.0
2021-05-21 13:09:00,NSE:INFIBEAM,40.8,40.85,40.75,40.75,2177.0
2021-05-21 13:12:00,NSE:INFIBEAM,40.85,40.85,40.75,40.75,6061.0
2021-05-21 13:15:00,NSE:INFIBEAM,40.85,40.85,40.75,40.8,2461.0
2021-05-21 13:18:00,NSE:INFIBEAM,40.8,40.9,40.75,40.8,261540.0
2021-05-21 13:21:00,NSE:INFIBEAM,40.85,40.85,40.7,40.7,7270.0
2021-05-21 13:24:00,NSE:INFIBEAM,40.75,40.8,40.7,40.8,1621.0
2021-05-21 13:27:00,NSE:INFIBEAM,40.8,40.8,40.7,40.75,7359.0
2021-05-21 13:30:00,NSE:INFIBEAM,40.75,40.8,40.75,40.75,460.0
2021-05-21 13:33:00,NSE:INFIBEAM,40.75,40.8,40.75,40.8,366.0
2021-05-21 13:36:00,NSE:INFIBEAM,40.8,40.8,40.75,40.75,5072.0
2021-05-21 13:39:00,NSE:INFIBEAM,40.75,40.75,40.75,40.75,455.0
2021-05-21 13:42:00,NSE:INFIBEAM,40.7,40.8,40.7,40.8,3035.0
2021-05-21 13:45:00,NSE:INFIBEAM,40.75,40.85,40.75,40.85,2717.0
2021-05-21 13:48:00,NSE:INFIBEAM,40.8,40.9,40.8,40.9,2491.0
2021-05-21 13:51:00,NSE:INFIBEAM,40.85,41.1,40.85,41.1,44422.0
2021-05-21 13:54:00,NSE:INFIBEAM,41.1,41.25,41.1,41.25,96719.0
2021-05-21 13:57:00,NSE:INFIBEAM,41.25,41.35,41.25,41.35,63816.0
2021-05-21 14:00:00,NSE:INFIBEAM,41.35,41.45,41.3,41.45,39324.0
2021-05-21 14:03:00,NSE:INFIBEAM,41.45,41.45,41.1,41.2,57950.0
2021-05-21 14:06:00,NSE:INFIBEAM,41.25,41.45,41.2,41.4,20539.0
2021-05-21 14:09:00,NSE:INFIBEAM,41.45,41.5,41.35,41.5,41401.0
2021-05-21 14:12:00,NSE:INFIBEAM,41.5,41.55,41.4,41.55,41888.0
2021-05-21 14:15:00,NSE:INFIBEAM,41.5,41.5,41.4,41.4,4473.0
2021-05-21 14:18:00,NSE:INFIBEAM,41.45,41.5,41.45,41.45,4411.0
2021-05-21 14:21:00,NSE:INFIBEAM,41.45,41.5,41.35,41.4,27371.0
2021-05-21 14:24:00,NSE:INFIBEAM,41.4,41.4,41.25,41.3,22779.0
2021-05-21 14:27:00,NSE:INFIBEAM,41.25,41.35,41.25,41.35,4442.0
2021-05-21 14:30:00,NSE:INFIBEAM,41.35,41.35,41.25,41.3,5257.0
2021-05-21 14:33:00,NSE:INFIBEAM,41.35,41.35,41.25,41.3,5589.0
2021-05-21 14:36:00,NSE:INFIBEAM,41.25,41.3,41.25,41.25,8160.0
2021-05-21 14:39:00,NSE:INFIBEAM,41.25,41.25,41.2,41.25,5772.0
2021-05-21 14:42:00,NSE:INFIBEAM,41.2,41.25,41.15,41.2,12538.0
2021-05-21 14:45:00,NSE:INFIBEAM,41.2,41.3,41.2,41.2,4145.0
2021-05-21 14:48:00,NSE:INFIBEAM,41.25,41.3,41.2,41.3,2745.0
2021-05-21 14:51:00,NSE:INFIBEAM,41.25,41.3,41.2,41.25,8069.0
2021-05-21 14:54:00,NSE:INFIBEAM,41.3,41.35,41.3,41.3,9836.0
2021-05-21 14:57:00,NSE:INFIBEAM,41.3,41.35,41.2,41.3,5271.0
2021-05-21 15:00:00,NSE:INFIBEAM,41.3,41.3,41.2,41.3,4513.0
2021-05-21 15:03:00,NSE:INFIBEAM,41.3,41.3,41.2,41.3,9356.0
2021-05-21 15:06:00,NSE:INFIBEAM,41.3,41.3,41.2,41.3,27741.0
2021-05-21 15:09:00,NSE:INFIBEAM,41.3,41.35,41.15,41.2,29457.0
2021-05-21 15:12:00,NSE:INFIBEAM,41.2,41.25,41.15,41.25,12494.0
2021-05-21 15:15:00,NSE:INFIBEAM,41.25,41.25,41.1,41.1,26333.0
2021-05-21 15:18:00,NSE:INFIBEAM,41.2,41.25,41.1,41.25,19853.0
2021-05-21 15:21:00,NSE:INFIBEAM,41.25,41.25,41.2,41.25,18148.0
2021-05-21 15:24:00,NSE:INFIBEAM,41.2,41.35,41.2,41.3,17664.0
2021-05-21 15:27:00,NSE:INFIBEAM,41.3,41.45,41.25,41.35,45990.0
2021-05-21 15:39:00,NSE:INFIBEAM,41.25,41.25,41.25,41.25,500.0
2021-05-21 15:42:00,NSE:INFIBEAM,41.25,41.25,41.25,41.25,106.0
2021-05-21 15:45:00,NSE:INFIBEAM,41.25,41.35,41.25,41.25,1094.0
2021-05-21 15:48:00,NSE:INFIBEAM,41.25,41.25,41.25,41.25,250.0
2021-05-21 15:57:00,NSE:INFIBEAM,41.25,41.25,41.25,41.25,250.0
2021-05-24 09:06:00,NSE:INFIBEAM,41.5,41.5,41.5,41.5,9020.0
2021-05-24 09:15:00,NSE:INFIBEAM,41.5,41.6,41.4,41.55,61402.0
2021-05-24 09:18:00,NSE:INFIBEAM,41.55,41.65,41.45,41.45,55388.0
2021-05-24 09:21:00,NSE:INFIBEAM,41.5,41.5,41.3,41.45,26004.0
2021-05-24 09:24:00,NSE:INFIBEAM,41.45,41.6,41.4,41.5,12346.0
2021-05-24 09:27:00,NSE:INFIBEAM,41.55,41.6,41.35,41.45,22022.0
2021-05-24 09:30:00,NSE:INFIBEAM,41.45,41.6,41.1,41.4,153084.0
2021-05-24 09:33:00,NSE:INFIBEAM,41.35,41.5,41.25,41.4,36052.0
2021-05-24 09:36:00,NSE:INFIBEAM,41.55,41.55,41.4,41.4,9379.0
2021-05-24 09:39:00,NSE:INFIBEAM,41.4,41.55,41.4,41.5,5404.0
2021-05-24 09:42:00,NSE:INFIBEAM,41.55,41.55,41.5,41.55,4162.0
2021-05-24 09:45:00,NSE:INFIBEAM,41.55,41.55,41.3,41.3,24021.0
2021-05-24 09:48:00,NSE:INFIBEAM,41.4,41.4,41.25,41.3,29579.0
2021-05-24 09:51:00,NSE:INFIBEAM,41.35,41.35,41.25,41.3,8079.0
2021-05-24 09:54:00,NSE:INFIBEAM,41.35,41.35,41.25,41.3,5059.0
2021-05-24 09:57:00,NSE:INFIBEAM,41.3,41.35,41.3,41.3,2802.0
2021-05-24 10:00:00,NSE:INFIBEAM,41.35,41.35,41.25,41.25,6086.0
2021-05-24 10:03:00,NSE:INFIBEAM,41.35,41.35,41.0,41.1,49948.0
2021-05-24 10:06:00,NSE:INFIBEAM,41.1,41.15,41.05,41.15,6904.0
2021-05-24 10:09:00,NSE:INFIBEAM,41.2,41.2,41.1,41.2,2594.0
2021-05-24 10:12:00,NSE:INFIBEAM,41.2,41.3,41.2,41.3,4037.0
2021-05-24 10:15:00,NSE:INFIBEAM,41.3,41.45,41.2,41.45,8000.0
2021-05-24 10:18:00,NSE:INFIBEAM,41.45,41.5,41.35,41.4,5675.0
2021-05-24 10:21:00,NSE:INFIBEAM,41.35,41.4,41.35,41.35,1206.0
2021-05-24 10:24:00,NSE:INFIBEAM,41.35,41.35,41.3,41.3,2651.0
2021-05-24 10:27:00,NSE:INFIBEAM,41.15,41.2,41.1,41.2,26616.0
2021-05-24 10:30:00,NSE:INFIBEAM,41.2,41.2,41.1,41.2,5396.0
2021-05-24 10:33:00,NSE:INFIBEAM,41.2,41.2,41.0,41.1,11196.0
2021-05-24 10:36:00,NSE:INFIBEAM,41.05,41.35,41.05,41.35,13280.0
2021-05-24 10:39:00,NSE:INFIBEAM,41.35,41.35,40.9,41.0,103256.0
2021-05-24 10:42:00,NSE:INFIBEAM,41.1,41.25,41.05,41.25,23577.0
2021-05-24 10:45:00,NSE:INFIBEAM,41.25,41.4,41.15,41.4,19811.0
2021-05-24 10:48:00,NSE:INFIBEAM,41.4,41.4,41.25,41.35,8830.0
2021-05-24 10:51:00,NSE:INFIBEAM,41.25,41.4,41.25,41.35,8274.0
2021-05-24 10:54:00,NSE:INFIBEAM,41.3,41.4,41.3,41.4,7079.0
2021-05-24 10:57:00,NSE:INFIBEAM,41.3,41.4,41.25,41.3,5277.0
2021-05-24 11:00:00,NSE:INFIBEAM,41.3,41.3,41.25,41.25,8286.0
2021-05-24 11:03:00,NSE:INFIBEAM,41.3,41.3,40.95,41.0,60011.0
2021-05-24 11:06:00,NSE:INFIBEAM,41.0,41.15,41.0,41.1,20105.0
2021-05-24 11:09:00,NSE:INFIBEAM,41.1,41.25,41.0,41.25,27019.0
2021-05-24 11:12:00,NSE:INFIBEAM,41.2,41.4,41.2,41.3,26942.0
2021-05-24 11:15:00,NSE:INFIBEAM,41.3,41.3,41.15,41.15,8094.0
2021-05-24 11:18:00,NSE:INFIBEAM,41.1,41.25,41.1,41.25,1988.0
2021-05-24 11:21:00,NSE:INFIBEAM,41.25,41.3,41.2,41.2,4193.0
2021-05-24 11:24:00,NSE:INFIBEAM,41.3,41.3,41.15,41.15,4953.0
2021-05-24 11:27:00,NSE:INFIBEAM,41.1,41.2,41.05,41.2,29745.0
2021-05-24 11:30:00,NSE:INFIBEAM,41.2,41.2,41.1,41.15,6684.0
2021-05-24 11:33:00,NSE:INFIBEAM,41.2,41.2,41.1,41.15,27397.0
2021-05-24 11:36:00,NSE:INFIBEAM,41.2,41.2,41.05,41.15,33540.0
2021-05-24 11:39:00,NSE:INFIBEAM,41.15,41.2,41.1,41.15,881.0
2021-05-24 11:42:00,NSE:INFIBEAM,41.1,41.1,41.05,41.1,11051.0
2021-05-24 11:45:00,NSE:INFIBEAM,41.1,41.1,41.0,41.1,1719.0
2021-05-24 11:48:00,NSE:INFIBEAM,41.1,41.1,41.1,41.1,10097.0
2021-05-24 11:51:00,NSE:INFIBEAM,41.1,41.1,41.1,41.1,421.0
2021-05-24 11:54:00,NSE:INFIBEAM,41.0,41.05,41.0,41.05,10567.0
2021-05-24 11:57:00,NSE:INFIBEAM,41.0,41.05,41.0,41.05,5115.0
2021-05-24 12:00:00,NSE:INFIBEAM,41.05,41.05,40.95,41.0,9541.0
2021-05-24 12:03:00,NSE:INFIBEAM,41.0,41.0,40.95,41.0,4782.0
2021-05-24 12:06:00,NSE:INFIBEAM,41.0,41.1,41.0,41.0,6240.0
2021-05-24 12:09:00,NSE:INFIBEAM,41.1,41.1,41.1,41.1,6110.0
2021-05-24 12:12:00,NSE:INFIBEAM,41.05,41.1,41.05,41.1,6108.0
2021-05-24 12:15:00,NSE:INFIBEAM,41.1,41.1,41.0,41.0,4917.0
2021-05-24 12:18:00,NSE:INFIBEAM,41.1,41.1,41.1,41.1,3326.0
2021-05-24 12:21:00,NSE:INFIBEAM,41.05,41.1,41.05,41.1,2410.0
2021-05-24 12:24:00,NSE:INFIBEAM,41.1,41.1,41.1,41.1,2962.0
2021-05-24 12:27:00,NSE:INFIBEAM,41.1,41.1,41.05,41.1,4909.0
2021-05-24 12:30:00,NSE:INFIBEAM,41.1,41.1,41.05,41.05,11292.0
2021-05-24 12:33:00,NSE:INFIBEAM,41.05,41.1,41.05,41.1,1479.0
2021-05-24 12:36:00,NSE:INFIBEAM,41.1,41.1,41.05,41.1,2079.0
2021-05-24 12:39:00,NSE:INFIBEAM,41.1,41.1,41.05,41.1,5414.0
2021-05-24 12:42:00,NSE:INFIBEAM,41.1,41.15,41.05,41.1,1586.0
2021-05-24 12:45:00,NSE:INFIBEAM,41.1,41.1,41.05,41.05,824.0
2021-05-24 12:48:00,NSE:INFIBEAM,41.1,41.1,41.05,41.1,1500.0
2021-05-24 12:51:00,NSE:INFIBEAM,41.15,41.15,41.1,41.15,5868.0
2021-05-24 12:54:00,NSE:INFIBEAM,41.15,41.2,41.15,41.2,2889.0
2021-05-24 12:57:00,NSE:INFIBEAM,41.2,41.3,41.2,41.3,17062.0
2021-05-24 13:00:00,NSE:INFIBEAM,41.3,41.3,41.0,41.0,38900.0
2021-05-24 13:03:00,NSE:INFIBEAM,41.0,41.1,41.0,41.1,2527.0
2021-05-24 13:06:00,NSE:INFIBEAM,41.15,41.2,41.1,41.1,1448.0
2021-05-24 13:09:00,NSE:INFIBEAM,41.1,41.2,41.1,41.2,4489.0
2021-05-24 13:12:00,NSE:INFIBEAM,41.2,41.2,41.1,41.2,588.0
2021-05-24 13:15:00,NSE:INFIBEAM,41.2,41.2,41.15,41.2,792.0
2021-05-24 13:18:00,NSE:INFIBEAM,41.2,41.2,41.15,41.15,810.0
2021-05-24 13:21:00,NSE:INFIBEAM,41.2,41.2,41.15,41.2,3020.0
2021-05-24 13:24:00,NSE:INFIBEAM,41.2,41.25,41.15,41.25,2559.0
2021-05-24 13:27:00,NSE:INFIBEAM,41.2,41.25,41.2,41.25,4479.0
2021-05-24 13:30:00,NSE:INFIBEAM,41.25,41.25,41.2,41.2,2772.0
2021-05-24 13:33:00,NSE:INFIBEAM,41.25,41.25,41.25,41.25,1277.0
2021-05-24 13:36:00,NSE:INFIBEAM,41.2,41.25,41.15,41.15,7869.0
2021-05-24 13:39:00,NSE:INFIBEAM,41.2,41.2,41.1,41.2,2010.0
2021-05-24 13:42:00,NSE:INFIBEAM,41.2,41.2,41.1,41.2,1631.0
2021-05-24 13:45:00,NSE:INFIBEAM,41.2,41.2,41.1,41.2,2516.0
2021-05-24 13:48:00,NSE:INFIBEAM,41.2,41.2,41.15,41.2,4743.0
2021-05-24 13:51:00,NSE:INFIBEAM,41.2,41.2,41.1,41.1,8607.0
2021-05-24 13:54:00,NSE:INFIBEAM,41.1,41.2,41.0,41.0,25777.0
2021-05-24 13:57:00,NSE:INFIBEAM,40.95,41.0,40.95,41.0,29061.0
2021-05-24 14:00:00,NSE:INFIBEAM,41.0,41.0,40.95,41.0,11853.0
2021-05-24 14:03:00,NSE:INFIBEAM,41.0,41.0,40.9,40.95,4413.0
2021-05-24 14:06:00,NSE:INFIBEAM,40.95,41.0,40.9,41.0,11407.0
2021-05-24 14:09:00,NSE:INFIBEAM,41.0,41.1,40.95,41.0,4346.0
2021-05-24 14:12:00,NSE:INFIBEAM,41.1,41.1,41.05,41.1,1358.0
2021-05-24 14:15:00,NSE:INFIBEAM,41.1,41.1,41.05,41.05,2751.0
2021-05-24 14:18:00,NSE:INFIBEAM,41.1,41.2,41.05,41.15,14649.0
2021-05-24 14:21:00,NSE:INFIBEAM,41.15,41.2,41.15,41.15,5342.0
2021-05-24 14:24:00,NSE:INFIBEAM,41.15,41.2,41.1,41.2,4183.0
2021-05-24 14:27:00,NSE:INFIBEAM,41.2,41.2,41.1,41.2,1709.0
2021-05-24 14:30:00,NSE:INFIBEAM,41.2,41.2,41.15,41.15,1234.0
2021-05-24 14:33:00,NSE:INFIBEAM,41.15,41.15,41.05,41.05,11250.0
2021-05-24 14:36:00,NSE:INFIBEAM,41.15,41.15,41.1,41.1,340.0
2021-05-24 14:39:00,NSE:INFIBEAM,41.1,41.15,41.05,41.1,1964.0
2021-05-24 14:42:00,NSE:INFIBEAM,41.05,41.15,41.0,41.0,5304.0
2021-05-24 14:45:00,NSE:INFIBEAM,41.0,41.05,40.95,41.0,10872.0
2021-05-24 14:48:00,NSE:INFIBEAM,41.05,41.05,40.95,41.0,11229.0
2021-05-24 14:51:00,NSE:INFIBEAM,41.0,41.05,41.0,41.0,12578.0
2021-05-24 14:54:00,NSE:INFIBEAM,41.0,41.05,40.85,40.85,35767.0
2021-05-24 14:57:00,NSE:INFIBEAM,40.9,40.9,40.8,40.8,19672.0
2021-05-24 15:00:00,NSE:INFIBEAM,40.85,40.9,40.8,40.85,13835.0
2021-05-24 15:03:00,NSE:INFIBEAM,40.8,40.95,40.8,40.85,22059.0
2021-05-24 15:06:00,NSE:INFIBEAM,40.85,40.9,40.8,40.8,14479.0
2021-05-24 15:09:00,NSE:INFIBEAM,40.8,40.9,40.8,40.9,14403.0
2021-05-24 15:12:00,NSE:INFIBEAM,40.8,40.9,40.75,40.85,11775.0
2021-05-24 15:15:00,NSE:INFIBEAM,40.75,40.9,40.75,40.75,20969.0
2021-05-24 15:18:00,NSE:INFIBEAM,40.75,40.9,40.7,40.7,21891.0
2021-05-24 15:21:00,NSE:INFIBEAM,40.7,40.85,40.7,40.8,23506.0
2021-05-24 15:24:00,NSE:INFIBEAM,40.8,40.95,40.8,40.95,14778.0
2021-05-24 15:27:00,NSE:INFIBEAM,40.95,40.95,40.45,40.45,204503.0
2021-05-24 15:39:00,NSE:INFIBEAM,40.7,40.7,40.7,40.7,120.0
2021-05-24 15:42:00,NSE:INFIBEAM,40.7,40.7,40.45,40.7,575.0
2021-05-24 15:45:00,NSE:INFIBEAM,40.7,40.7,40.45,40.7,1100.0
2021-05-24 15:51:00,NSE:INFIBEAM,40.7,40.7,40.7,40.7,200.0
2021-05-24 15:57:00,NSE:INFIBEAM,40.7,40.7,40.7,40.7,575.0
2021-05-25 09:06:00,NSE:INFIBEAM,41.3,41.3,41.3,41.3,10575.0
2021-05-25 09:15:00,NSE:INFIBEAM,41.3,41.45,41.05,41.1,22217.0
2021-05-25 09:18:00,NSE:INFIBEAM,41.15,41.2,41.1,41.1,6175.0
2021-05-25 09:21:00,NSE:INFIBEAM,41.15,41.2,41.1,41.2,11239.0
2021-05-25 09:24:00,NSE:INFIBEAM,41.15,41.25,41.15,41.25,7257.0
2021-05-25 09:27:00,NSE:INFIBEAM,41.25,41.25,41.1,41.1,12725.0
2021-05-25 09:30:00,NSE:INFIBEAM,41.15,41.15,41.05,41.1,3921.0
2021-05-25 09:33:00,NSE:INFIBEAM,41.15,41.2,41.1,41.15,6178.0
2021-05-25 09:36:00,NSE:INFIBEAM,41.15,41.15,41.1,41.15,1702.0
2021-05-25 09:39:00,NSE:INFIBEAM,41.2,41.2,41.1,41.1,6745.0
2021-05-25 09:42:00,NSE:INFIBEAM,41.15,41.2,41.05,41.2,11974.0
2021-05-25 09:45:00,NSE:INFIBEAM,41.15,41.2,41.05,41.2,6720.0
2021-05-25 09:48:00,NSE:INFIBEAM,41.15,41.2,41.15,41.2,2547.0
2021-05-25 09:51:00,NSE:INFIBEAM,41.2,41.25,40.8,41.0,196006.0
2021-05-25 09:54:00,NSE:INFIBEAM,41.05,41.15,40.95,40.95,11171.0
2021-05-25 09:57:00,NSE:INFIBEAM,41.0,41.0,40.85,40.95,10875.0
2021-05-25 10:00:00,NSE:INFIBEAM,40.9,40.9,40.6,40.8,46673.0
2021-05-25 10:03:00,NSE:INFIBEAM,40.8,40.9,40.8,40.9,3233.0
2021-05-25 10:06:00,NSE:INFIBEAM,40.85,40.95,40.85,40.95,4950.0
2021-05-25 10:09:00,NSE:INFIBEAM,41.0,41.0,40.9,41.0,3064.0
2021-05-25 10:12:00,NSE:INFIBEAM,41.0,41.0,40.85,40.95,4707.0
2021-05-25 10:15:00,NSE:INFIBEAM,40.85,40.95,40.85,40.95,2014.0
2021-05-25 10:18:00,NSE:INFIBEAM,40.95,41.0,40.95,41.0,6372.0
2021-05-25 10:21:00,NSE:INFIBEAM,41.05,41.15,41.05,41.1,9388.0
2021-05-25 10:24:00,NSE:INFIBEAM,41.1,41.15,41.0,41.05,4772.0
2021-05-25 10:27:00,NSE:INFIBEAM,41.0,41.1,41.0,41.1,12030.0
2021-05-25 10:30:00,NSE:INFIBEAM,41.05,41.1,41.05,41.1,6272.0
2021-05-25 10:33:00,NSE:INFIBEAM,41.1,41.1,41.05,41.1,629.0
2021-05-25 10:36:00,NSE:INFIBEAM,41.05,41.1,41.05,41.1,1126.0
2021-05-25 10:39:00,NSE:INFIBEAM,41.1,41.1,41.05,41.1,513.0
2021-05-25 10:42:00,NSE:INFIBEAM,41.1,41.1,41.05,41.1,2774.0
2021-05-25 10:45:00,NSE:INFIBEAM,41.1,41.1,41.1,41.1,1537.0
2021-05-25 10:48:00,NSE:INFIBEAM,41.1,41.1,41.1,41.1,802.0
2021-05-25 10:51:00,NSE:INFIBEAM,41.05,41.2,41.0,41.2,24416.0
2021-05-25 10:54:00,NSE:INFIBEAM,41.25,41.25,40.9,40.9,49728.0
2021-05-25 10:57:00,NSE:INFIBEAM,40.95,41.0,40.85,41.0,12415.0
2021-05-25 11:00:00,NSE:INFIBEAM,41.0,41.0,40.95,41.0,5447.0
2021-05-25 11:03:00,NSE:INFIBEAM,41.05,41.1,41.0,41.1,6588.0
2021-05-25 11:06:00,NSE:INFIBEAM,41.05,41.05,41.0,41.0,63.0
2021-05-25 11:09:00,NSE:INFIBEAM,41.05,41.05,41.0,41.0,4152.0
2021-05-25 11:12:00,NSE:INFIBEAM,40.95,41.0,40.95,40.95,2035.0
2021-05-25 11:15:00,NSE:INFIBEAM,40.85,40.9,40.85,40.9,33733.0
2021-05-25 11:18:00,NSE:INFIBEAM,40.9,40.9,40.85,40.9,710.0
2021-05-25 11:21:00,NSE:INFIBEAM,40.9,40.9,40.85,40.85,3350.0
2021-05-25 11:24:00,NSE:INFIBEAM,40.85,40.9,40.85,40.9,5852.0
2021-05-25 11:27:00,NSE:INFIBEAM,40.9,40.9,40.8,40.9,5070.0
2021-05-25 11:30:00,NSE:INFIBEAM,40.9,40.9,40.85,40.85,1457.0
2021-05-25 11:33:00,NSE:INFIBEAM,40.9,40.9,40.85,40.9,799.0
2021-05-25 11:36:00,NSE:INFIBEAM,40.9,40.9,40.8,40.85,7071.0
2021-05-25 11:39:00,NSE:INFIBEAM,40.85,40.85,40.8,40.8,4530.0
2021-05-25 11:42:00,NSE:INFIBEAM,40.8,40.85,40.8,40.85,685.0
2021-05-25 11:45:00,NSE:INFIBEAM,40.8,40.85,40.8,40.8,715.0
2021-05-25 11:48:00,NSE:INFIBEAM,40.85,40.85,40.75,40.8,8546.0
2021-05-25 11:51:00,NSE:INFIBEAM,40.8,40.8,40.75,40.75,2328.0
2021-05-25 11:54:00,NSE:INFIBEAM,40.8,40.8,40.75,40.75,1287.0
2021-05-25 11:57:00,NSE:INFIBEAM,40.75,40.8,40.75,40.8,3162.0
2021-05-25 12:00:00,NSE:INFIBEAM,40.8,40.8,40.75,40.8,3608.0
2021-05-25 12:03:00,NSE:INFIBEAM,40.8,40.8,40.8,40.8,1106.0
2021-05-25 12:06:00,NSE:INFIBEAM,40.8,40.85,40.75,40.75,7586.0
2021-05-25 12:09:00,NSE:INFIBEAM,40.8,40.8,40.75,40.8,2430.0
2021-05-25 12:12:00,NSE:INFIBEAM,40.75,40.8,40.75,40.8,1812.0
2021-05-25 12:15:00,NSE:INFIBEAM,40.8,40.8,40.75,40.75,8532.0
2021-05-25 12:18:00,NSE:INFIBEAM,40.75,40.8,40.75,40.8,2331.0
2021-05-25 12:21:00,NSE:INFIBEAM,40.8,40.8,40.8,40.8,247.0
2021-05-25 12:24:00,NSE:INFIBEAM,40.75,40.8,40.75,40.8,6255.0
2021-05-25 12:27:00,NSE:INFIBEAM,40.8,40.8,40.75,40.75,1140.0
2021-05-25 12:30:00,NSE:INFIBEAM,40.8,40.8,40.75,40.8,788.0
2021-05-25 12:33:00,NSE:INFIBEAM,40.8,40.85,40.75,40.85,6461.0
2021-05-25 12:36:00,NSE:INFIBEAM,40.85,40.95,40.8,40.95,11331.0
2021-05-25 12:39:00,NSE:INFIBEAM,40.9,40.95,40.9,40.9,2635.0
2021-05-25 12:42:00,NSE:INFIBEAM,40.95,41.05,40.95,41.05,15081.0
2021-05-25 12:45:00,NSE:INFIBEAM,41.05,41.05,41.0,41.05,2178.0
2021-05-25 12:48:00,NSE:INFIBEAM,41.05,41.05,41.05,41.05,675.0
2021-05-25 12:51:00,NSE:INFIBEAM,41.05,41.05,40.95,40.95,9424.0
2021-05-25 12:54:00,NSE:INFIBEAM,41.0,41.1,40.95,41.0,7068.0
2021-05-25 12:57:00,NSE:INFIBEAM,41.05,41.05,41.0,41.0,1827.0
2021-05-25 13:00:00,NSE:INFIBEAM,41.0,41.05,40.95,41.05,7769.0
2021-05-25 13:03:00,NSE:INFIBEAM,41.0,41.1,41.0,41.0,13507.0
2021-05-25 13:06:00,NSE:INFIBEAM,40.95,41.0,40.95,41.0,580.0
2021-05-25 13:09:00,NSE:INFIBEAM,41.0,41.05,40.95,41.05,5199.0
2021-05-25 13:12:00,NSE:INFIBEAM,41.05,41.05,41.0,41.0,1831.0
2021-05-25 13:15:00,NSE:INFIBEAM,41.0,41.05,41.0,41.05,1870.0
2021-05-25 13:18:00,NSE:INFIBEAM,41.05,41.05,41.0,41.05,491.0
2021-05-25 13:21:00,NSE:INFIBEAM,41.05,41.05,41.0,41.0,2395.0
2021-05-25 13:24:00,NSE:INFIBEAM,41.05,41.05,41.0,41.05,6743.0
2021-05-25 13:27:00,NSE:INFIBEAM,40.95,41.0,40.95,40.95,6082.0
2021-05-25 13:30:00,NSE:INFIBEAM,40.95,41.0,40.95,40.95,1746.0
2021-05-25 13:33:00,NSE:INFIBEAM,40.95,41.0,40.95,40.95,3677.0
2021-05-25 13:36:00,NSE:INFIBEAM,40.95,40.95,40.95,40.95,8039.0
2021-05-25 13:39:00,NSE:INFIBEAM,40.95,41.0,40.95,40.95,9661.0
2021-05-25 13:42:00,NSE:INFIBEAM,40.95,40.95,40.95,40.95,9115.0
2021-05-25 13:45:00,NSE:INFIBEAM,40.95,41.0,40.8,40.85,28431.0
2021-05-25 13:48:00,NSE:INFIBEAM,40.8,40.8,40.65,40.65,41760.0
2021-05-25 13:51:00,NSE:INFIBEAM,40.65,40.65,40.6,40.6,10727.0
2021-05-25 13:54:00,NSE:INFIBEAM,40.6,40.65,40.45,40.5,96883.0
2021-05-25 13:57:00,NSE:INFIBEAM,40.5,40.6,40.5,40.55,10707.0
2021-05-25 14:00:00,NSE:INFIBEAM,40.5,40.6,40.4,40.4,38215.0
2021-05-25 14:03:00,NSE:INFIBEAM,40.4,40.45,40.4,40.45,10219.0
2021-05-25 14:06:00,NSE:INFIBEAM,40.4,40.5,40.35,40.45,14764.0
2021-05-25 14:09:00,NSE:INFIBEAM,40.45,40.45,40.35,40.4,10049.0
2021-05-25 14:12:00,NSE:INFIBEAM,40.4,40.4,40.2,40.2,126133.0
2021-05-25 14:15:00,NSE:INFIBEAM,40.2,40.25,40.15,40.15,21895.0
2021-05-25 14:18:00,NSE:INFIBEAM,40.15,40.2,40.15,40.2,8572.0
2021-05-25 14:21:00,NSE:INFIBEAM,40.15,40.2,40.15,40.2,11287.0
2021-05-25 14:24:00,NSE:INFIBEAM,40.15,40.2,40.15,40.2,7508.0
2021-05-25 14:27:00,NSE:INFIBEAM,40.2,40.2,40.15,40.15,13043.0
2021-05-25 14:30:00,NSE:INFIBEAM,40.15,40.2,40.15,40.2,11660.0
2021-05-25 14:33:00,NSE:INFIBEAM,40.15,40.2,40.15,40.2,10884.0
2021-05-25 14:36:00,NSE:INFIBEAM,40.2,40.25,40.15,40.25,16244.0
2021-05-25 14:39:00,NSE:INFIBEAM,40.2,40.25,40.2,40.2,9578.0
2021-05-25 14:42:00,NSE:INFIBEAM,40.2,40.3,40.2,40.2,12248.0
2021-05-25 14:45:00,NSE:INFIBEAM,40.2,40.25,40.2,40.25,9900.0
2021-05-25 14:48:00,NSE:INFIBEAM,40.2,40.25,40.2,40.2,15981.0
2021-05-25 14:51:00,NSE:INFIBEAM,40.2,40.25,40.15,40.15,14878.0
2021-05-25 14:54:00,NSE:INFIBEAM,40.15,40.2,40.1,40.1,20334.0
2021-05-25 14:57:00,NSE:INFIBEAM,40.1,40.15,40.1,40.15,18171.0
2021-05-25 15:00:00,NSE:INFIBEAM,40.15,40.2,40.1,40.1,12136.0
2021-05-25 15:03:00,NSE:INFIBEAM,40.15,40.15,40.0,40.0,67682.0
2021-05-25 15:06:00,NSE:INFIBEAM,40.05,40.05,39.85,40.0,158303.0
2021-05-25 15:09:00,NSE:INFIBEAM,40.0,40.0,39.9,39.9,29689.0
2021-05-25 15:12:00,NSE:INFIBEAM,39.9,40.05,39.85,40.05,27523.0
2021-05-25 15:15:00,NSE:INFIBEAM,40.1,40.1,40.0,40.0,24423.0
2021-05-25 15:18:00,NSE:INFIBEAM,40.05,40.05,39.95,39.95,32013.0
2021-05-25 15:21:00,NSE:INFIBEAM,40.0,40.0,39.9,40.0,66416.0
2021-05-25 15:24:00,NSE:INFIBEAM,40.0,40.1,39.95,40.0,25387.0
2021-05-25 15:27:00,NSE:INFIBEAM,40.0,40.2,39.95,40.1,50021.0
2021-05-25 15:30:00,NSE:INFIBEAM,40.1,40.1,40.1,40.1,20.0
2021-05-25 15:39:00,NSE:INFIBEAM,40.0,40.1,40.0,40.1,1251.0
2021-05-25 15:42:00,NSE:INFIBEAM,40.0,40.0,40.0,40.0,2905.0
2021-05-25 15:51:00,NSE:INFIBEAM,40.0,40.0,40.0,40.0,100.0
2021-05-26 09:06:00,NSE:INFIBEAM,40.3,40.3,40.3,40.3,1643.0
2021-05-26 09:15:00,NSE:INFIBEAM,40.5,40.7,40.35,40.65,23506.0
2021-05-26 09:18:00,NSE:INFIBEAM,40.55,41.0,40.55,40.7,158007.0
2021-05-26 09:21:00,NSE:INFIBEAM,40.7,41.05,40.7,40.95,108514.0
2021-05-26 09:24:00,NSE:INFIBEAM,40.95,41.05,40.95,41.0,27558.0
2021-05-26 09:27:00,NSE:INFIBEAM,41.05,41.15,41.0,41.15,67449.0
2021-05-26 09:30:00,NSE:INFIBEAM,41.15,41.2,41.1,41.15,29090.0
2021-05-26 09:33:00,NSE:INFIBEAM,41.15,41.2,41.1,41.1,19094.0
2021-05-26 09:36:00,NSE:INFIBEAM,41.15,41.25,40.95,40.95,123369.0
2021-05-26 09:39:00,NSE:INFIBEAM,40.85,41.25,40.85,41.05,348998.0
2021-05-26 09:42:00,NSE:INFIBEAM,41.05,41.3,41.05,41.2,38429.0
2021-05-26 09:45:00,NSE:INFIBEAM,41.25,41.3,41.2,41.3,33896.0
2021-05-26 09:48:00,NSE:INFIBEAM,41.2,41.35,41.2,41.3,39008.0
2021-05-26 09:51:00,NSE:INFIBEAM,41.3,41.35,41.25,41.25,8850.0
2021-05-26 09:54:00,NSE:INFIBEAM,41.3,41.35,41.25,41.3,21095.0
2021-05-26 09:57:00,NSE:INFIBEAM,41.35,41.4,41.3,41.4,16865.0
2021-05-26 10:00:00,NSE:INFIBEAM,41.4,41.4,41.3,41.3,20377.0
2021-05-26 10:03:00,NSE:INFIBEAM,41.3,41.35,41.3,41.3,20941.0
2021-05-26 10:06:00,NSE:INFIBEAM,41.3,41.3,41.2,41.25,5139.0
2021-05-26 10:09:00,NSE:INFIBEAM,41.25,41.25,41.1,41.1,17490.0
2021-05-26 10:12:00,NSE:INFIBEAM,41.15,41.25,41.1,41.2,2405.0
2021-05-26 10:15:00,NSE:INFIBEAM,41.2,41.25,41.15,41.25,5725.0
2021-05-26 10:18:00,NSE:INFIBEAM,41.15,41.25,41.15,41.25,7534.0
2021-05-26 10:21:00,NSE:INFIBEAM,41.25,41.25,41.2,41.25,2606.0
2021-05-26 10:24:00,NSE:INFIBEAM,41.25,41.25,41.2,41.25,5398.0
2021-05-26 10:27:00,NSE:INFIBEAM,41.2,41.3,41.2,41.25,4831.0
2021-05-26 10:30:00,NSE:INFIBEAM,41.3,41.3,41.25,41.3,1576.0
2021-05-26 10:33:00,NSE:INFIBEAM,41.2,41.3,41.2,41.3,8586.0
2021-05-26 10:36:00,NSE:INFIBEAM,41.3,41.35,41.25,41.35,7440.0
2021-05-26 10:39:00,NSE:INFIBEAM,41.35,41.35,41.25,41.25,6609.0
2021-05-26 10:42:00,NSE:INFIBEAM,41.3,41.35,41.2,41.3,15184.0
2021-05-26 10:45:00,NSE:INFIBEAM,41.3,41.3,41.2,41.3,12548.0
2021-05-26 10:48:00,NSE:INFIBEAM,41.3,41.3,41.15,41.2,18742.0
2021-05-26 10:51:00,NSE:INFIBEAM,41.3,41.35,41.0,41.05,26975.0
2021-05-26 10:54:00,NSE:INFIBEAM,41.1,41.15,41.0,41.0,37235.0
2021-05-26 10:57:00,NSE:INFIBEAM,41.0,41.05,40.9,41.05,18413.0
2021-05-26 11:00:00,NSE:INFIBEAM,40.95,40.95,40.8,40.8,33564.0
2021-05-26 11:03:00,NSE:INFIBEAM,40.8,40.8,40.7,40.75,17400.0
2021-05-26 11:06:00,NSE:INFIBEAM,40.8,40.8,40.75,40.75,9077.0
2021-05-26 11:09:00,NSE:INFIBEAM,40.75,40.8,40.75,40.8,15327.0
2021-05-26 11:12:00,NSE:INFIBEAM,40.8,40.8,40.75,40.8,7264.0
2021-05-26 11:15:00,NSE:INFIBEAM,40.75,40.8,40.7,40.8,50333.0
2021-05-26 11:18:00,NSE:INFIBEAM,40.8,40.85,40.75,40.85,50803.0
2021-05-26 11:21:00,NSE:INFIBEAM,40.9,41.05,40.9,41.0,216725.0
2021-05-26 11:24:00,NSE:INFIBEAM,41.0,41.2,40.9,41.0,190739.0
2021-05-26 11:27:00,NSE:INFIBEAM,41.0,41.05,40.9,41.0,147588.0
2021-05-26 11:30:00,NSE:INFIBEAM,41.0,41.0,40.85,40.85,34469.0
2021-05-26 11:33:00,NSE:INFIBEAM,40.9,40.9,40.85,40.85,8521.0
2021-05-26 11:36:00,NSE:INFIBEAM,40.85,40.9,40.8,40.85,8599.0
2021-05-26 11:39:00,NSE:INFIBEAM,40.8,40.9,40.8,40.8,7012.0
2021-05-26 11:42:00,NSE:INFIBEAM,40.8,40.8,40.7,40.7,30525.0
2021-05-26 11:45:00,NSE:INFIBEAM,40.7,40.75,40.55,40.55,55828.0
2021-05-26 11:48:00,NSE:INFIBEAM,40.55,40.65,40.5,40.5,21092.0
2021-05-26 11:51:00,NSE:INFIBEAM,40.55,40.55,40.4,40.45,87709.0
2021-05-26 11:54:00,NSE:INFIBEAM,40.5,40.65,40.45,40.6,50340.0
2021-05-26 11:57:00,NSE:INFIBEAM,40.65,40.75,40.6,40.6,54413.0
2021-05-26 12:00:00,NSE:INFIBEAM,40.6,40.7,40.6,40.6,7941.0
2021-05-26 12:03:00,NSE:INFIBEAM,40.7,40.7,40.6,40.6,6910.0
2021-05-26 12:06:00,NSE:INFIBEAM,40.7,40.7,40.55,40.55,11948.0
2021-05-26 12:09:00,NSE:INFIBEAM,40.55,40.7,40.55,40.65,12493.0
2021-05-26 12:12:00,NSE:INFIBEAM,40.65,40.7,40.6,40.6,7431.0
2021-05-26 12:15:00,NSE:INFIBEAM,40.65,40.7,40.6,40.6,6662.0
2021-05-26 12:18:00,NSE:INFIBEAM,40.6,40.7,40.6,40.65,8347.0
2021-05-26 12:21:00,NSE:INFIBEAM,40.65,40.7,40.6,40.6,13926.0
2021-05-26 12:24:00,NSE:INFIBEAM,40.6,40.7,40.55,40.55,6636.0
2021-05-26 12:27:00,NSE:INFIBEAM,40.55,40.65,40.55,40.55,8898.0
2021-05-26 12:30:00,NSE:INFIBEAM,40.65,40.65,40.5,40.5,13080.0
2021-05-26 12:33:00,NSE:INFIBEAM,40.5,40.5,40.3,40.35,74452.0
2021-05-26 12:36:00,NSE:INFIBEAM,40.35,40.35,40.2,40.2,97649.0
2021-05-26 12:39:00,NSE:INFIBEAM,40.25,40.35,40.15,40.35,75979.0
2021-05-26 12:42:00,NSE:INFIBEAM,40.3,40.35,40.25,40.25,8162.0
2021-05-26 12:45:00,NSE:INFIBEAM,40.35,40.35,40.2,40.35,18717.0
2021-05-26 12:48:00,NSE:INFIBEAM,40.3,40.35,40.3,40.35,22932.0
2021-05-26 12:51:00,NSE:INFIBEAM,40.35,40.35,40.3,40.3,11047.0
2021-05-26 12:54:00,NSE:INFIBEAM,40.3,40.35,40.25,40.25,12293.0
2021-05-26 12:57:00,NSE:INFIBEAM,40.25,40.35,40.25,40.25,9230.0
2021-05-26 13:00:00,NSE:INFIBEAM,40.35,40.35,40.25,40.25,10210.0
2021-05-26 13:03:00,NSE:INFIBEAM,40.25,40.3,40.25,40.25,6865.0
2021-05-26 13:06:00,NSE:INFIBEAM,40.25,40.25,40.2,40.25,8351.0
2021-05-26 13:09:00,NSE:INFIBEAM,40.25,40.3,40.25,40.25,11121.0
2021-05-26 13:12:00,NSE:INFIBEAM,40.25,40.3,40.1,40.1,45672.0
2021-05-26 13:15:00,NSE:INFIBEAM,40.1,40.1,40.0,40.05,102312.0
2021-05-26 13:18:00,NSE:INFIBEAM,40.05,40.05,40.0,40.05,16030.0
2021-05-26 13:21:00,NSE:INFIBEAM,40.05,40.05,40.0,40.05,20091.0
2021-05-26 13:24:00,NSE:INFIBEAM,40.05,40.1,40.0,40.05,17542.0
2021-05-26 13:27:00,NSE:INFIBEAM,40.05,40.2,40.05,40.15,50259.0
2021-05-26 13:30:00,NSE:INFIBEAM,40.15,40.2,40.05,40.1,16417.0
2021-05-26 13:33:00,NSE:INFIBEAM,40.1,40.2,40.1,40.1,516447.0
2021-05-26 13:36:00,NSE:INFIBEAM,40.15,40.2,40.1,40.2,13584.0
2021-05-26 13:39:00,NSE:INFIBEAM,40.15,40.15,40.1,40.15,9904.0
2021-05-26 13:42:00,NSE:INFIBEAM,40.1,40.15,40.1,40.15,9015.0
2021-05-26 13:45:00,NSE:INFIBEAM,40.1,40.2,40.1,40.2,546332.0
2021-05-26 13:48:00,NSE:INFIBEAM,40.25,40.25,40.15,40.15,16125.0
2021-05-26 13:51:00,NSE:INFIBEAM,40.15,40.35,40.15,40.25,37452.0
2021-05-26 13:54:00,NSE:INFIBEAM,40.3,40.4,40.25,40.3,517401.0
2021-05-26 13:57:00,NSE:INFIBEAM,40.35,40.4,40.25,40.3,7475.0
2021-05-26 14:00:00,NSE:INFIBEAM,40.35,40.35,40.25,40.3,10103.0
2021-05-26 14:03:00,NSE:INFIBEAM,40.25,40.4,40.25,40.3,557898.0
2021-05-26 14:06:00,NSE:INFIBEAM,40.3,40.4,40.2,40.25,9587.0
2021-05-26 14:09:00,NSE:INFIBEAM,40.2,40.3,40.2,40.2,315463.0
2021-05-26 14:12:00,NSE:INFIBEAM,40.2,40.4,40.2,40.3,18327.0
2021-05-26 14:15:00,NSE:INFIBEAM,40.3,40.35,40.3,40.35,7448.0
2021-05-26 14:18:00,NSE:INFIBEAM,40.3,40.35,40.25,40.25,16745.0
2021-05-26 14:21:00,NSE:INFIBEAM,40.25,40.3,40.2,40.2,10143.0
2021-05-26 14:24:00,NSE:INFIBEAM,40.25,40.3,40.25,40.3,8255.0
2021-05-26 14:27:00,NSE:INFIBEAM,40.3,40.3,40.15,40.2,334500.0
2021-05-26 14:30:00,NSE:INFIBEAM,40.2,40.2,40.15,40.15,10711.0
2021-05-26 14:33:00,NSE:INFIBEAM,40.3,40.3,40.15,40.15,27694.0
2021-05-26 14:36:00,NSE:INFIBEAM,40.25,40.25,40.15,40.15,10546.0
2021-05-26 14:39:00,NSE:INFIBEAM,40.2,40.25,40.15,40.2,11578.0
2021-05-26 14:42:00,NSE:INFIBEAM,40.2,40.2,40.1,40.2,18886.0
2021-05-26 14:45:00,NSE:INFIBEAM,40.1,40.25,40.1,40.15,34539.0
2021-05-26 14:48:00,NSE:INFIBEAM,40.15,40.25,40.1,40.15,33970.0
2021-05-26 14:51:00,NSE:INFIBEAM,40.15,40.2,40.1,40.1,8181.0
2021-05-26 14:54:00,NSE:INFIBEAM,40.2,40.2,40.1,40.15,8146.0
2021-05-26 14:57:00,NSE:INFIBEAM,40.15,40.2,40.1,40.1,18590.0
2021-05-26 15:00:00,NSE:INFIBEAM,40.15,40.15,40.05,40.05,15823.0
2021-05-26 15:03:00,NSE:INFIBEAM,40.05,40.15,40.05,40.05,8859.0
2021-05-26 15:06:00,NSE:INFIBEAM,40.1,40.15,40.0,40.15,59326.0
2021-05-26 15:09:00,NSE:INFIBEAM,40.1,40.3,40.1,40.25,30192.0
2021-05-26 15:12:00,NSE:INFIBEAM,40.2,40.3,40.2,40.2,14248.0
2021-05-26 15:15:00,NSE:INFIBEAM,40.2,40.3,40.15,40.25,29489.0
2021-05-26 15:18:00,NSE:INFIBEAM,40.2,40.3,40.15,40.2,30002.0
2021-05-26 15:21:00,NSE:INFIBEAM,40.2,40.3,40.15,40.2,44664.0
2021-05-26 15:24:00,NSE:INFIBEAM,40.3,40.3,40.2,40.25,14053.0
2021-05-26 15:27:00,NSE:INFIBEAM,40.25,40.35,40.2,40.35,39222.0
2021-05-26 15:30:00,NSE:INFIBEAM,40.35,40.35,40.35,40.35,29.0
2021-05-26 15:39:00,NSE:INFIBEAM,40.2,40.35,40.2,40.35,4633.0
2021-05-26 15:45:00,NSE:INFIBEAM,40.2,40.35,40.2,40.35,1877.0
2021-05-27 09:06:00,NSE:INFIBEAM,41.0,41.0,41.0,41.0,41416.0
2021-05-27 09:15:00,NSE:INFIBEAM,40.95,41.1,40.9,41.0,134267.0
2021-05-27 09:18:00,NSE:INFIBEAM,41.0,41.1,40.7,40.8,51617.0
2021-05-27 09:21:00,NSE:INFIBEAM,40.8,40.9,40.8,40.9,27824.0
2021-05-27 09:24:00,NSE:INFIBEAM,40.85,40.9,40.8,40.8,21751.0
2021-05-27 09:27:00,NSE:INFIBEAM,40.8,40.85,40.65,40.65,26365.0
2021-05-27 09:30:00,NSE:INFIBEAM,40.7,40.85,40.4,40.8,76712.0
2021-05-27 09:33:00,NSE:INFIBEAM,40.85,40.85,40.7,40.8,17748.0
2021-05-27 09:36:00,NSE:INFIBEAM,40.7,40.8,40.7,40.75,10854.0
2021-05-27 09:39:00,NSE:INFIBEAM,40.7,41.15,40.6,40.85,241988.0
2021-05-27 09:42:00,NSE:INFIBEAM,40.95,40.95,40.8,40.9,12078.0
2021-05-27 09:45:00,NSE:INFIBEAM,40.9,40.9,40.7,40.75,18825.0
2021-05-27 09:48:00,NSE:INFIBEAM,40.8,41.0,40.75,40.95,16885.0
2021-05-27 09:51:00,NSE:INFIBEAM,40.95,40.95,40.8,40.95,16878.0
2021-05-27 09:54:00,NSE:INFIBEAM,40.95,40.95,40.75,40.75,29717.0
2021-05-27 09:57:00,NSE:INFIBEAM,40.75,40.85,40.75,40.75,8415.0
2021-05-27 10:00:00,NSE:INFIBEAM,40.75,40.85,40.7,40.85,15904.0
2021-05-27 10:03:00,NSE:INFIBEAM,40.8,41.0,40.7,40.9,37776.0
2021-05-27 10:06:00,NSE:INFIBEAM,40.9,40.95,40.75,40.75,15555.0
2021-05-27 10:09:00,NSE:INFIBEAM,40.8,40.9,40.75,40.85,10473.0
2021-05-27 10:12:00,NSE:INFIBEAM,40.8,40.95,40.8,40.95,24949.0
2021-05-27 10:15:00,NSE:INFIBEAM,40.9,40.95,40.85,40.85,10748.0
2021-05-27 10:18:00,NSE:INFIBEAM,40.85,40.95,40.8,40.9,11480.0
2021-05-27 10:21:00,NSE:INFIBEAM,40.95,40.95,40.8,40.85,14491.0
2021-05-27 10:24:00,NSE:INFIBEAM,40.9,40.9,40.8,40.8,3641.0
2021-05-27 10:27:00,NSE:INFIBEAM,40.8,40.85,40.8,40.8,7361.0
2021-05-27 10:30:00,NSE:INFIBEAM,40.85,40.95,40.8,40.8,20914.0
2021-05-27 10:33:00,NSE:INFIBEAM,40.8,40.95,40.8,40.9,7919.0
2021-05-27 10:36:00,NSE:INFIBEAM,40.85,40.95,40.8,40.95,5943.0
2021-05-27 10:39:00,NSE:INFIBEAM,40.9,40.95,40.85,40.85,3893.0
2021-05-27 10:42:00,NSE:INFIBEAM,40.85,41.0,40.85,40.85,28406.0
2021-05-27 10:45:00,NSE:INFIBEAM,40.85,40.95,40.85,40.9,5478.0
2021-05-27 10:48:00,NSE:INFIBEAM,40.85,40.95,40.8,40.9,8769.0
2021-05-27 10:51:00,NSE:INFIBEAM,40.9,41.0,40.85,40.95,22709.0
2021-05-27 10:54:00,NSE:INFIBEAM,40.95,41.1,40.9,41.0,22749.0
2021-05-27 10:57:00,NSE:INFIBEAM,41.0,41.1,41.0,41.05,36481.0
2021-05-27 11:00:00,NSE:INFIBEAM,41.1,41.25,41.05,41.2,97408.0
2021-05-27 11:03:00,NSE:INFIBEAM,41.2,41.3,41.15,41.3,52301.0
2021-05-27 11:06:00,NSE:INFIBEAM,41.3,41.35,41.25,41.3,57266.0
2021-05-27 11:09:00,NSE:INFIBEAM,41.3,41.35,41.2,41.3,53654.0
2021-05-27 11:12:00,NSE:INFIBEAM,41.25,41.3,41.2,41.25,19678.0
2021-05-27 11:15:00,NSE:INFIBEAM,41.2,41.25,41.15,41.15,21135.0
2021-05-27 11:18:00,NSE:INFIBEAM,41.15,41.15,41.0,41.1,37528.0
2021-05-27 11:21:00,NSE:INFIBEAM,41.1,41.15,41.0,41.15,24633.0
2021-05-27 11:24:00,NSE:INFIBEAM,41.15,41.15,41.1,41.15,7333.0
2021-05-27 11:27:00,NSE:INFIBEAM,41.15,41.2,41.1,41.1,4755.0
2021-05-27 11:30:00,NSE:INFIBEAM,41.1,41.15,41.1,41.1,7931.0
2021-05-27 11:33:00,NSE:INFIBEAM,41.25,41.25,41.1,41.2,17985.0
2021-05-27 11:36:00,NSE:INFIBEAM,41.25,41.25,41.2,41.2,14177.0
2021-05-27 11:39:00,NSE:INFIBEAM,41.2,41.25,41.2,41.2,16220.0
2021-05-27 11:42:00,NSE:INFIBEAM,41.2,41.3,41.2,41.3,15757.0
2021-05-27 11:45:00,NSE:INFIBEAM,41.2,41.25,41.2,41.2,5466.0
2021-05-27 11:48:00,NSE:INFIBEAM,41.2,41.25,41.2,41.25,6875.0
2021-05-27 11:51:00,NSE:INFIBEAM,41.25,41.25,41.2,41.25,7323.0
2021-05-27 11:54:00,NSE:INFIBEAM,41.15,41.2,40.95,41.0,61248.0
2021-05-27 11:57:00,NSE:INFIBEAM,40.9,41.0,40.8,40.8,18473.0
2021-05-27 12:00:00,NSE:INFIBEAM,40.8,40.95,40.8,40.8,13638.0
2021-05-27 12:03:00,NSE:INFIBEAM,40.8,40.95,40.8,40.95,13013.0
2021-05-27 12:06:00,NSE:INFIBEAM,40.85,40.95,40.85,40.85,3736.0
2021-05-27 12:09:00,NSE:INFIBEAM,40.9,41.2,40.85,41.05,70133.0
2021-05-27 12:12:00,NSE:INFIBEAM,41.1,41.15,41.0,41.0,7793.0
2021-05-27 12:15:00,NSE:INFIBEAM,41.0,41.15,40.95,41.1,57970.0
2021-05-27 12:18:00,NSE:INFIBEAM,41.15,41.15,41.0,41.0,16325.0
2021-05-27 12:21:00,NSE:INFIBEAM,41.0,41.1,40.85,40.85,33911.0
2021-05-27 12:24:00,NSE:INFIBEAM,40.85,40.95,40.8,40.9,26505.0
2021-05-27 12:27:00,NSE:INFIBEAM,40.85,40.9,40.8,40.85,23550.0
2021-05-27 12:30:00,NSE:INFIBEAM,40.85,40.9,40.8,40.85,4214.0
2021-05-27 12:33:00,NSE:INFIBEAM,40.85,40.9,40.8,40.8,7928.0
2021-05-27 12:36:00,NSE:INFIBEAM,40.85,40.85,40.8,40.85,7632.0
2021-05-27 12:39:00,NSE:INFIBEAM,40.8,40.9,40.8,40.9,7470.0
2021-05-27 12:42:00,NSE:INFIBEAM,40.85,40.95,40.8,40.8,38888.0
2021-05-27 12:45:00,NSE:INFIBEAM,40.75,40.8,40.75,40.8,5436.0
2021-05-27 12:48:00,NSE:INFIBEAM,40.8,40.85,40.75,40.85,7770.0
2021-05-27 12:51:00,NSE:INFIBEAM,40.85,40.9,40.85,40.9,8880.0
2021-05-27 12:54:00,NSE:INFIBEAM,40.9,40.95,40.8,40.85,7043.0
2021-05-27 12:57:00,NSE:INFIBEAM,40.9,40.95,40.85,40.9,9876.0
2021-05-27 13:00:00,NSE:INFIBEAM,40.9,40.95,40.85,40.9,5008.0
2021-05-27 13:03:00,NSE:INFIBEAM,40.9,40.95,40.85,40.85,4426.0
2021-05-27 13:06:00,NSE:INFIBEAM,40.8,40.85,40.75,40.75,4691.0
2021-05-27 13:09:00,NSE:INFIBEAM,40.85,40.9,40.8,40.8,12536.0
2021-05-27 13:12:00,NSE:INFIBEAM,40.9,40.9,40.75,40.75,7807.0
2021-05-27 13:15:00,NSE:INFIBEAM,40.85,40.9,40.75,40.75,8829.0
2021-05-27 13:18:00,NSE:INFIBEAM,40.75,40.85,40.75,40.85,8898.0
2021-05-27 13:21:00,NSE:INFIBEAM,40.85,40.85,40.75,40.8,13723.0
2021-05-27 13:24:00,NSE:INFIBEAM,40.85,40.85,40.75,40.8,4062.0
2021-05-27 13:27:00,NSE:INFIBEAM,40.8,40.85,40.8,40.8,4266.0
2021-05-27 13:30:00,NSE:INFIBEAM,40.85,40.85,40.8,40.8,5546.0
2021-05-27 13:33:00,NSE:INFIBEAM,40.85,40.9,40.8,40.9,8581.0
2021-05-27 13:36:00,NSE:INFIBEAM,40.9,40.9,40.8,40.8,8708.0
2021-05-27 13:39:00,NSE:INFIBEAM,40.9,40.9,40.8,40.8,3035.0
2021-05-27 13:42:00,NSE:INFIBEAM,40.8,40.85,40.8,40.8,7193.0
2021-05-27 13:45:00,NSE:INFIBEAM,40.85,40.85,40.8,40.8,6439.0
2021-05-27 13:48:00,NSE:INFIBEAM,40.8,40.85,40.75,40.75,16961.0
2021-05-27 13:51:00,NSE:INFIBEAM,40.85,40.85,40.7,40.8,16064.0
2021-05-27 13:54:00,NSE:INFIBEAM,40.7,40.75,40.7,40.7,11413.0
2021-05-27 13:57:00,NSE:INFIBEAM,40.7,40.75,40.7,40.75,11190.0
2021-05-27 14:00:00,NSE:INFIBEAM,40.75,40.75,40.6,40.6,13238.0
2021-05-27 14:03:00,NSE:INFIBEAM,40.6,40.65,40.55,40.55,13654.0
2021-05-27 14:06:00,NSE:INFIBEAM,40.6,40.6,40.5,40.5,17324.0
2021-05-27 14:09:00,NSE:INFIBEAM,40.5,40.6,40.5,40.55,14764.0
2021-05-27 14:12:00,NSE:INFIBEAM,40.5,40.6,40.5,40.55,19970.0
2021-05-27 14:15:00,NSE:INFIBEAM,40.6,40.6,40.5,40.6,16864.0
2021-05-27 14:18:00,NSE:INFIBEAM,40.55,40.65,40.55,40.55,10077.0
2021-05-27 14:21:00,NSE:INFIBEAM,40.6,40.6,40.5,40.6,16592.0
2021-05-27 14:24:00,NSE:INFIBEAM,40.5,40.6,40.5,40.55,7064.0
2021-05-27 14:27:00,NSE:INFIBEAM,40.55,40.6,40.5,40.5,12333.0
2021-05-27 14:30:00,NSE:INFIBEAM,40.5,40.6,40.5,40.55,8858.0
2021-05-27 14:33:00,NSE:INFIBEAM,40.55,40.6,40.5,40.5,17846.0
2021-05-27 14:36:00,NSE:INFIBEAM,40.5,40.55,40.5,40.5,9523.0
2021-05-27 14:39:00,NSE:INFIBEAM,40.55,40.55,40.4,40.45,36794.0
2021-05-27 14:42:00,NSE:INFIBEAM,40.4,40.55,40.4,40.5,12879.0
2021-05-27 14:45:00,NSE:INFIBEAM,40.55,40.75,40.45,40.75,58529.0
2021-05-27 14:48:00,NSE:INFIBEAM,40.75,41.05,40.65,41.0,116548.0
2021-05-27 14:51:00,NSE:INFIBEAM,41.05,41.05,40.8,40.8,39528.0
2021-05-27 14:54:00,NSE:INFIBEAM,40.8,42.4,40.8,41.85,877409.0
2021-05-27 14:57:00,NSE:INFIBEAM,41.8,41.8,41.1,41.25,467644.0
2021-05-27 15:00:00,NSE:INFIBEAM,41.25,41.7,40.9,41.65,684595.0
2021-05-27 15:03:00,NSE:INFIBEAM,41.6,41.9,41.2,41.25,702055.0
2021-05-27 15:06:00,NSE:INFIBEAM,41.3,41.3,41.0,41.2,370987.0
2021-05-27 15:09:00,NSE:INFIBEAM,41.15,41.3,41.05,41.1,141576.0
2021-05-27 15:12:00,NSE:INFIBEAM,41.1,41.2,41.05,41.05,117580.0
2021-05-27 15:15:00,NSE:INFIBEAM,41.1,41.1,40.9,40.9,169449.0
2021-05-27 15:18:00,NSE:INFIBEAM,40.95,40.95,40.85,40.85,104219.0
2021-05-27 15:21:00,NSE:INFIBEAM,40.9,40.95,40.85,40.9,106729.0
2021-05-27 15:24:00,NSE:INFIBEAM,40.85,41.1,40.85,41.0,153242.0
2021-05-27 15:27:00,NSE:INFIBEAM,41.05,41.25,40.95,41.2,121716.0
2021-05-27 15:39:00,NSE:INFIBEAM,41.3,41.3,41.2,41.2,3326.0
2021-05-27 15:42:00,NSE:INFIBEAM,41.3,41.3,41.3,41.3,300.0
2021-05-27 15:48:00,NSE:INFIBEAM,41.3,41.3,41.3,41.3,200.0
2021-05-27 15:51:00,NSE:INFIBEAM,41.3,41.3,41.2,41.3,2020.0
2021-05-27 15:54:00,NSE:INFIBEAM,41.3,41.3,41.3,41.3,900.0
2021-05-28 09:06:00,NSE:INFIBEAM,42.2,42.2,42.2,42.2,23774.0
2021-05-28 09:15:00,NSE:INFIBEAM,42.2,42.3,41.5,41.55,197984.0
2021-05-28 09:18:00,NSE:INFIBEAM,41.7,41.7,41.45,41.65,100097.0
2021-05-28 09:21:00,NSE:INFIBEAM,41.65,41.7,41.3,41.5,102821.0
2021-05-28 09:24:00,NSE:INFIBEAM,41.6,41.7,41.5,41.55,28501.0
2021-05-28 09:27:00,NSE:INFIBEAM,41.55,41.6,41.35,41.5,60833.0
2021-05-28 09:30:00,NSE:INFIBEAM,41.5,41.5,41.15,41.15,68846.0
2021-05-28 09:33:00,NSE:INFIBEAM,41.15,41.55,41.0,41.5,155180.0
2021-05-28 09:36:00,NSE:INFIBEAM,41.45,41.6,41.35,41.5,77041.0
2021-05-28 09:39:00,NSE:INFIBEAM,41.55,41.6,41.35,41.4,68854.0
2021-05-28 09:42:00,NSE:INFIBEAM,41.4,41.45,41.3,41.4,17224.0
2021-05-28 09:45:00,NSE:INFIBEAM,41.3,41.5,41.3,41.4,7667.0
2021-05-28 09:48:00,NSE:INFIBEAM,41.45,41.7,41.35,41.6,183775.0
2021-05-28 09:51:00,NSE:INFIBEAM,41.6,41.6,41.35,41.45,45904.0
2021-05-28 09:54:00,NSE:INFIBEAM,41.45,41.5,41.3,41.4,12792.0
2021-05-28 09:57:00,NSE:INFIBEAM,41.4,41.4,41.25,41.35,14356.0
2021-05-28 10:00:00,NSE:INFIBEAM,41.3,41.35,41.25,41.3,8364.0
2021-05-28 10:03:00,NSE:INFIBEAM,41.3,41.4,41.3,41.4,9596.0
2021-05-28 10:06:00,NSE:INFIBEAM,41.4,41.6,41.3,41.5,22592.0
2021-05-28 10:09:00,NSE:INFIBEAM,41.55,41.55,41.45,41.5,7288.0
2021-05-28 10:12:00,NSE:INFIBEAM,41.5,41.5,41.4,41.5,5178.0
2021-05-28 10:15:00,NSE:INFIBEAM,41.5,41.5,41.4,41.4,11364.0
2021-05-28 10:18:00,NSE:INFIBEAM,41.5,41.55,41.4,41.5,21241.0
2021-05-28 10:21:00,NSE:INFIBEAM,41.5,41.55,41.35,41.4,16599.0
2021-05-28 10:24:00,NSE:INFIBEAM,41.35,41.45,41.35,41.4,12063.0
2021-05-28 10:27:00,NSE:INFIBEAM,41.4,41.75,41.4,41.6,82239.0
2021-05-28 10:30:00,NSE:INFIBEAM,41.75,41.85,41.6,41.75,66047.0
2021-05-28 10:33:00,NSE:INFIBEAM,41.85,41.85,41.65,41.75,27386.0
2021-05-28 10:36:00,NSE:INFIBEAM,41.75,41.95,41.7,41.9,80219.0
2021-05-28 10:39:00,NSE:INFIBEAM,41.85,41.95,41.85,41.95,34853.0
2021-05-28 10:42:00,NSE:INFIBEAM,41.95,42.0,41.9,41.95,63001.0
2021-05-28 10:45:00,NSE:INFIBEAM,41.9,41.9,41.8,41.8,17788.0
2021-05-28 10:48:00,NSE:INFIBEAM,41.8,41.95,41.8,41.95,22601.0
2021-05-28 10:51:00,NSE:INFIBEAM,41.9,41.95,41.85,41.9,18949.0
2021-05-28 10:54:00,NSE:INFIBEAM,41.9,41.9,41.85,41.9,12272.0
2021-05-28 10:57:00,NSE:INFIBEAM,41.9,41.95,41.75,41.8,48284.0
2021-05-28 11:00:00,NSE:INFIBEAM,41.85,41.9,41.8,41.8,19474.0
2021-05-28 11:03:00,NSE:INFIBEAM,41.8,41.85,41.8,41.8,8861.0
2021-05-28 11:06:00,NSE:INFIBEAM,41.75,41.8,41.6,41.6,37038.0
2021-05-28 11:09:00,NSE:INFIBEAM,41.55,41.65,41.55,41.65,30069.0
2021-05-28 11:12:00,NSE:INFIBEAM,41.75,41.95,41.75,41.95,41734.0
2021-05-28 11:15:00,NSE:INFIBEAM,41.8,41.85,41.7,41.75,36402.0
2021-05-28 11:18:00,NSE:INFIBEAM,41.75,41.85,41.75,41.8,10073.0
2021-05-28 11:21:00,NSE:INFIBEAM,41.8,41.85,41.75,41.8,11836.0
2021-05-28 11:24:00,NSE:INFIBEAM,41.8,41.85,41.75,41.8,12967.0
2021-05-28 11:27:00,NSE:INFIBEAM,41.8,41.8,41.6,41.7,28268.0
2021-05-28 11:30:00,NSE:INFIBEAM,41.7,41.7,41.6,41.6,5805.0
2021-05-28 11:33:00,NSE:INFIBEAM,41.7,41.8,41.7,41.8,23731.0
2021-05-28 11:36:00,NSE:INFIBEAM,41.8,41.8,41.7,41.8,6175.0
2021-05-28 11:39:00,NSE:INFIBEAM,41.75,41.85,41.75,41.8,19159.0
2021-05-28 11:42:00,NSE:INFIBEAM,41.8,41.95,41.8,41.9,48768.0
2021-05-28 11:45:00,NSE:INFIBEAM,41.95,41.95,41.8,41.9,20156.0
2021-05-28 11:48:00,NSE:INFIBEAM,41.85,41.95,41.85,41.9,70483.0
2021-05-28 11:51:00,NSE:INFIBEAM,41.95,42.0,41.9,42.0,21416.0
2021-05-28 11:54:00,NSE:INFIBEAM,41.95,42.0,41.8,41.8,120857.0
2021-05-28 11:57:00,NSE:INFIBEAM,41.75,42.05,41.7,42.05,103240.0
2021-05-28 12:00:00,NSE:INFIBEAM,42.05,42.2,41.9,42.1,264833.0
2021-05-28 12:03:00,NSE:INFIBEAM,42.15,42.15,42.0,42.05,40754.0
2021-05-28 12:06:00,NSE:INFIBEAM,42.05,42.05,41.9,41.9,73701.0
2021-05-28 12:09:00,NSE:INFIBEAM,41.9,41.9,41.75,41.75,16776.0
2021-05-28 12:12:00,NSE:INFIBEAM,41.75,41.8,41.75,41.8,7207.0
2021-05-28 12:15:00,NSE:INFIBEAM,41.8,41.8,41.75,41.8,4106.0
2021-05-28 12:18:00,NSE:INFIBEAM,41.8,41.85,41.75,41.8,9249.0
2021-05-28 12:21:00,NSE:INFIBEAM,41.75,41.85,41.75,41.85,21466.0
2021-05-28 12:24:00,NSE:INFIBEAM,41.8,41.85,41.8,41.8,6050.0
2021-05-28 12:27:00,NSE:INFIBEAM,41.85,41.9,41.8,41.85,19684.0
2021-05-28 12:30:00,NSE:INFIBEAM,41.85,41.85,41.65,41.7,28168.0
2021-05-28 12:33:00,NSE:INFIBEAM,41.65,41.75,41.65,41.65,19307.0
2021-05-28 12:36:00,NSE:INFIBEAM,41.7,41.7,41.6,41.6,16344.0
2021-05-28 12:39:00,NSE:INFIBEAM,41.7,41.7,41.65,41.7,3087.0
2021-05-28 12:42:00,NSE:INFIBEAM,41.7,41.7,41.55,41.6,30946.0
2021-05-28 12:45:00,NSE:INFIBEAM,41.6,41.65,41.55,41.65,7844.0
2021-05-28 12:48:00,NSE:INFIBEAM,41.6,41.7,41.6,41.7,7677.0
2021-05-28 12:51:00,NSE:INFIBEAM,41.6,41.65,41.5,41.55,32989.0
2021-05-28 12:54:00,NSE:INFIBEAM,41.5,41.55,41.45,41.5,7150.0
2021-05-28 12:57:00,NSE:INFIBEAM,41.55,41.6,41.5,41.5,16797.0
2021-05-28 13:00:00,NSE:INFIBEAM,41.6,41.65,41.55,41.65,11902.0
2021-05-28 13:03:00,NSE:INFIBEAM,41.65,41.65,41.25,41.45,82697.0
2021-05-28 13:06:00,NSE:INFIBEAM,41.4,41.55,41.4,41.45,28183.0
2021-05-28 13:09:00,NSE:INFIBEAM,41.4,41.45,41.4,41.45,2481.0
2021-05-28 13:12:00,NSE:INFIBEAM,41.45,41.5,41.35,41.4,13452.0
2021-05-28 13:15:00,NSE:INFIBEAM,41.4,41.45,41.2,41.25,191337.0
2021-05-28 13:18:00,NSE:INFIBEAM,41.25,41.4,41.25,41.3,43262.0
2021-05-28 13:21:00,NSE:INFIBEAM,41.25,41.35,41.2,41.25,91409.0
2021-05-28 13:24:00,NSE:INFIBEAM,41.2,41.3,41.2,41.3,81643.0
2021-05-28 13:27:00,NSE:INFIBEAM,41.3,41.35,41.25,41.35,19911.0
2021-05-28 13:30:00,NSE:INFIBEAM,41.35,41.4,41.3,41.4,56128.0
2021-05-28 13:33:00,NSE:INFIBEAM,41.4,41.45,41.35,41.45,18872.0
2021-05-28 13:36:00,NSE:INFIBEAM,41.45,41.45,41.4,41.45,20719.0
2021-05-28 13:39:00,NSE:INFIBEAM,41.45,41.5,41.4,41.45,14234.0
2021-05-28 13:42:00,NSE:INFIBEAM,41.4,41.45,41.35,41.4,14972.0
2021-05-28 13:45:00,NSE:INFIBEAM,41.45,41.5,41.4,41.45,53721.0
2021-05-28 13:48:00,NSE:INFIBEAM,41.5,41.6,41.45,41.6,44848.0
2021-05-28 13:51:00,NSE:INFIBEAM,41.6,41.7,41.55,41.7,36433.0
2021-05-28 13:54:00,NSE:INFIBEAM,41.75,41.8,41.6,41.6,84326.0
2021-05-28 13:57:00,NSE:INFIBEAM,41.65,41.7,41.5,41.55,18272.0
2021-05-28 14:00:00,NSE:INFIBEAM,41.65,41.65,41.55,41.65,15041.0
2021-05-28 14:03:00,NSE:INFIBEAM,41.6,41.6,41.5,41.55,23124.0
2021-05-28 14:06:00,NSE:INFIBEAM,41.6,41.65,41.5,41.55,30894.0
2021-05-28 14:09:00,NSE:INFIBEAM,41.45,41.55,41.4,41.5,18944.0
2021-05-28 14:12:00,NSE:INFIBEAM,41.45,41.5,41.3,41.45,39440.0
2021-05-28 14:15:00,NSE:INFIBEAM,41.45,41.45,41.25,41.25,39501.0
2021-05-28 14:18:00,NSE:INFIBEAM,41.2,41.85,41.15,41.75,329966.0
2021-05-28 14:21:00,NSE:INFIBEAM,41.75,41.8,41.45,41.55,86981.0
2021-05-28 14:24:00,NSE:INFIBEAM,41.55,41.9,41.5,41.9,116380.0
2021-05-28 14:27:00,NSE:INFIBEAM,41.85,41.9,41.8,41.8,98124.0
2021-05-28 14:30:00,NSE:INFIBEAM,41.8,41.85,41.8,41.8,26534.0
2021-05-28 14:33:00,NSE:INFIBEAM,41.8,42.1,41.8,42.05,223029.0
2021-05-28 14:36:00,NSE:INFIBEAM,42.05,43.85,42.0,43.65,3597561.0
2021-05-28 14:39:00,NSE:INFIBEAM,43.7,46.4,43.7,45.45,5783806.0
2021-05-28 14:42:00,NSE:INFIBEAM,45.4,46.75,44.75,45.25,3761816.0
2021-05-28 14:45:00,NSE:INFIBEAM,45.2,45.75,45.2,45.65,1353756.0
2021-05-28 14:48:00,NSE:INFIBEAM,45.6,45.9,45.35,45.8,1339318.0
2021-05-28 14:51:00,NSE:INFIBEAM,45.9,46.25,45.45,45.5,1176939.0
2021-05-28 14:54:00,NSE:INFIBEAM,45.5,45.8,45.05,45.75,949949.0
2021-05-28 14:57:00,NSE:INFIBEAM,45.75,45.75,45.3,45.3,595669.0
2021-05-28 15:00:00,NSE:INFIBEAM,45.3,45.65,45.3,45.45,568499.0
2021-05-28 15:03:00,NSE:INFIBEAM,45.45,45.5,45.1,45.2,659498.0
2021-05-28 15:06:00,NSE:INFIBEAM,45.15,45.3,45.1,45.2,396124.0
2021-05-28 15:09:00,NSE:INFIBEAM,45.2,45.4,45.2,45.35,469173.0
2021-05-28 15:12:00,NSE:INFIBEAM,45.45,45.75,45.45,45.75,480175.0
2021-05-28 15:15:00,NSE:INFIBEAM,45.7,46.0,45.5,45.95,776075.0
2021-05-28 15:18:00,NSE:INFIBEAM,46.0,46.2,45.4,45.4,990625.0
2021-05-28 15:21:00,NSE:INFIBEAM,45.4,46.0,45.4,45.6,779573.0
2021-05-28 15:24:00,NSE:INFIBEAM,45.55,45.65,45.25,45.45,492065.0
2021-05-28 15:27:00,NSE:INFIBEAM,45.6,45.65,45.5,45.65,568192.0
2021-05-28 15:30:00,NSE:INFIBEAM,45.65,45.65,45.65,45.65,9558.0
2021-05-28 15:39:00,NSE:INFIBEAM,45.55,45.65,45.55,45.55,14434.0
2021-05-28 15:42:00,NSE:INFIBEAM,45.55,45.55,45.55,45.55,851.0
2021-05-28 15:45:00,NSE:INFIBEAM,45.55,45.65,45.55,45.65,12920.0
2021-05-28 15:48:00,NSE:INFIBEAM,45.55,45.65,45.55,45.55,4187.0
2021-05-28 15:51:00,NSE:INFIBEAM,45.55,45.55,45.55,45.55,15.0
2021-05-28 15:54:00,NSE:INFIBEAM,45.55,45.55,45.55,45.55,153.0
2021-05-28 15:57:00,NSE:INFIBEAM,45.55,45.55,45.55,45.55,1000.0
2021-05-31 09:06:00,NSE:INFIBEAM,46.95,46.95,46.95,46.95,499099.0
2021-05-31 09:15:00,NSE:INFIBEAM,47.05,49.75,47.0,49.0,5228820.0
2021-05-31 09:18:00,NSE:INFIBEAM,49.05,49.85,49.05,49.4,2890044.0
2021-05-31 09:21:00,NSE:INFIBEAM,49.5,49.5,48.75,49.3,1292120.0
2021-05-31 09:24:00,NSE:INFIBEAM,49.3,49.6,49.05,49.15,1153433.0
2021-05-31 09:27:00,NSE:INFIBEAM,49.1,49.2,48.8,49.2,796325.0
2021-05-31 09:30:00,NSE:INFIBEAM,49.15,49.4,48.95,49.4,745144.0
2021-05-31 09:33:00,NSE:INFIBEAM,49.45,50.0,49.35,49.45,1798847.0
2021-05-31 09:36:00,NSE:INFIBEAM,49.45,50.0,49.45,49.55,1306558.0
2021-05-31 09:39:00,NSE:INFIBEAM,49.55,49.85,49.55,49.7,578820.0
2021-05-31 09:42:00,NSE:INFIBEAM,49.7,49.75,49.25,49.35,665397.0
2021-05-31 09:45:00,NSE:INFIBEAM,49.3,49.45,49.15,49.3,528509.0
2021-05-31 09:48:00,NSE:INFIBEAM,49.25,49.5,49.25,49.5,298392.0
2021-05-31 09:51:00,NSE:INFIBEAM,49.5,49.65,49.25,49.45,618152.0
2021-05-31 09:54:00,NSE:INFIBEAM,49.45,49.5,49.35,49.45,223700.0
2021-05-31 09:57:00,NSE:INFIBEAM,49.4,49.5,49.3,49.45,375990.0
2021-05-31 10:00:00,NSE:INFIBEAM,49.5,49.9,49.45,49.8,609667.0
2021-05-31 10:03:00,NSE:INFIBEAM,49.9,50.0,49.6,49.6,978923.0
2021-05-31 10:06:00,NSE:INFIBEAM,49.6,49.65,48.8,49.45,1296872.0
2021-05-31 10:09:00,NSE:INFIBEAM,49.45,49.5,49.3,49.45,376233.0
2021-05-31 10:12:00,NSE:INFIBEAM,49.45,49.5,49.15,49.2,261971.0
2021-05-31 10:15:00,NSE:INFIBEAM,49.25,49.45,49.2,49.45,170289.0
2021-05-31 10:18:00,NSE:INFIBEAM,49.45,49.5,49.35,49.45,148084.0
2021-05-31 10:21:00,NSE:INFIBEAM,49.4,49.45,49.25,49.35,162993.0
2021-05-31 10:24:00,NSE:INFIBEAM,49.4,49.45,49.3,49.4,99930.0
2021-05-31 10:27:00,NSE:INFIBEAM,49.4,49.5,49.35,49.4,209280.0
2021-05-31 10:30:00,NSE:INFIBEAM,49.45,49.5,49.35,49.45,219847.0
2021-05-31 10:33:00,NSE:INFIBEAM,49.4,49.5,49.3,49.35,161228.0
2021-05-31 10:36:00,NSE:INFIBEAM,49.35,49.4,49.3,49.35,116038.0
2021-05-31 10:39:00,NSE:INFIBEAM,49.35,49.4,49.3,49.3,186381.0
2021-05-31 10:42:00,NSE:INFIBEAM,49.3,49.35,49.3,49.35,119278.0
2021-05-31 10:45:00,NSE:INFIBEAM,49.35,49.45,49.3,49.4,188742.0
2021-05-31 10:48:00,NSE:INFIBEAM,49.4,49.45,49.35,49.4,100326.0
2021-05-31 10:51:00,NSE:INFIBEAM,49.35,49.45,49.3,49.4,107673.0
2021-05-31 10:54:00,NSE:INFIBEAM,49.4,49.4,49.3,49.3,161620.0
2021-05-31 10:57:00,NSE:INFIBEAM,49.35,49.4,49.3,49.35,243767.0
2021-05-31 11:00:00,NSE:INFIBEAM,49.35,49.35,49.3,49.3,140975.0
2021-05-31 11:03:00,NSE:INFIBEAM,49.35,49.4,49.3,49.4,112492.0
2021-05-31 11:06:00,NSE:INFIBEAM,49.3,49.4,49.3,49.3,84112.0
2021-05-31 11:09:00,NSE:INFIBEAM,49.3,49.35,49.3,49.3,84539.0
2021-05-31 11:12:00,NSE:INFIBEAM,49.3,49.4,49.3,49.35,172220.0
2021-05-31 11:15:00,NSE:INFIBEAM,49.35,49.35,49.3,49.35,125017.0
2021-05-31 11:18:00,NSE:INFIBEAM,49.35,49.35,49.3,49.35,68451.0
2021-05-31 11:21:00,NSE:INFIBEAM,49.3,49.4,49.3,49.4,322388.0
2021-05-31 11:24:00,NSE:INFIBEAM,49.4,49.4,49.3,49.35,125011.0
2021-05-31 11:27:00,NSE:INFIBEAM,49.35,49.35,49.25,49.3,213940.0
2021-05-31 11:30:00,NSE:INFIBEAM,49.3,49.45,49.25,49.4,549553.0
2021-05-31 11:33:00,NSE:INFIBEAM,49.4,49.4,49.3,49.3,213375.0
2021-05-31 11:36:00,NSE:INFIBEAM,49.3,49.45,49.3,49.45,81615.0
2021-05-31 11:39:00,NSE:INFIBEAM,49.45,49.45,49.35,49.45,135510.0
2021-05-31 11:42:00,NSE:INFIBEAM,49.45,49.5,49.4,49.5,133459.0
2021-05-31 11:45:00,NSE:INFIBEAM,49.45,49.5,49.45,49.5,92135.0
2021-05-31 11:48:00,NSE:INFIBEAM,49.5,49.75,49.45,49.7,770279.0
2021-05-31 11:51:00,NSE:INFIBEAM,49.65,49.75,49.65,49.75,120596.0
2021-05-31 11:54:00,NSE:INFIBEAM,49.75,49.75,49.7,49.7,129752.0
2021-05-31 11:57:00,NSE:INFIBEAM,49.75,49.75,49.4,49.6,426417.0
2021-05-31 12:00:00,NSE:INFIBEAM,49.55,49.6,49.4,49.5,108319.0
2021-05-31 12:03:00,NSE:INFIBEAM,49.5,49.5,49.4,49.45,104487.0
2021-05-31 12:06:00,NSE:INFIBEAM,49.4,49.55,49.4,49.55,56662.0
2021-05-31 12:09:00,NSE:INFIBEAM,49.45,49.5,49.45,49.45,65846.0
2021-05-31 12:12:00,NSE:INFIBEAM,49.5,49.6,49.45,49.5,67708.0
2021-05-31 12:15:00,NSE:INFIBEAM,49.6,49.6,49.5,49.6,58282.0
2021-05-31 12:18:00,NSE:INFIBEAM,49.6,49.6,49.55,49.6,103212.0
2021-05-31 12:21:00,NSE:INFIBEAM,49.6,49.65,49.55,49.65,92346.0
2021-05-31 12:24:00,NSE:INFIBEAM,49.6,49.65,49.45,49.55,160830.0
2021-05-31 12:27:00,NSE:INFIBEAM,49.6,49.6,49.5,49.6,67245.0
2021-05-31 12:30:00,NSE:INFIBEAM,49.6,49.65,49.55,49.65,96532.0
2021-05-31 12:33:00,NSE:INFIBEAM,49.65,49.65,49.45,49.5,175380.0
2021-05-31 12:36:00,NSE:INFIBEAM,49.5,49.5,49.35,49.35,221846.0
2021-05-31 12:39:00,NSE:INFIBEAM,49.4,49.45,49.35,49.45,100770.0
2021-05-31 12:42:00,NSE:INFIBEAM,49.35,49.45,49.35,49.4,90624.0
2021-05-31 12:45:00,NSE:INFIBEAM,49.45,49.5,49.4,49.45,60091.0
2021-05-31 12:48:00,NSE:INFIBEAM,49.45,49.55,49.4,49.55,58406.0
2021-05-31 12:51:00,NSE:INFIBEAM,49.5,49.55,49.4,49.45,106931.0
2021-05-31 12:54:00,NSE:INFIBEAM,49.45,49.5,49.35,49.5,62343.0
2021-05-31 12:57:00,NSE:INFIBEAM,49.45,49.5,49.45,49.5,41210.0
2021-05-31 13:00:00,NSE:INFIBEAM,49.5,49.5,49.45,49.45,56425.0
2021-05-31 13:03:00,NSE:INFIBEAM,49.5,49.5,49.4,49.45,100393.0
2021-05-31 13:06:00,NSE:INFIBEAM,49.4,49.65,49.4,49.6,166232.0
2021-05-31 13:09:00,NSE:INFIBEAM,49.55,49.65,49.55,49.6,107803.0
2021-05-31 13:12:00,NSE:INFIBEAM,49.55,49.65,49.55,49.6,71189.0
2021-05-31 13:15:00,NSE:INFIBEAM,49.65,49.7,49.6,49.7,121334.0
2021-05-31 13:18:00,NSE:INFIBEAM,49.7,49.7,49.65,49.65,68050.0
2021-05-31 13:21:00,NSE:INFIBEAM,49.65,49.7,49.6,49.65,91495.0
2021-05-31 13:24:00,NSE:INFIBEAM,49.6,49.65,49.5,49.55,128325.0
2021-05-31 13:27:00,NSE:INFIBEAM,49.55,49.65,49.5,49.6,120847.0
2021-05-31 13:30:00,NSE:INFIBEAM,49.6,49.6,49.5,49.55,62422.0
2021-05-31 13:33:00,NSE:INFIBEAM,49.55,50.2,49.55,50.15,1605142.0
2021-05-31 13:36:00,NSE:INFIBEAM,50.15,50.4,50.1,50.35,1161134.0
2021-05-31 13:39:00,NSE:INFIBEAM,50.35,50.4,50.2,50.25,534203.0
2021-05-31 13:42:00,NSE:INFIBEAM,50.3,50.6,50.15,50.45,1029990.0
2021-05-31 13:45:00,NSE:INFIBEAM,50.45,50.75,50.35,50.7,1077199.0
2021-05-31 13:48:00,NSE:INFIBEAM,50.75,50.75,50.55,50.75,756986.0
2021-05-31 13:51:00,NSE:INFIBEAM,50.75,50.75,50.35,50.5,572077.0
2021-05-31 13:54:00,NSE:INFIBEAM,50.5,50.55,49.8,50.0,977837.0
2021-05-31 13:57:00,NSE:INFIBEAM,50.0,50.0,49.9,49.95,462866.0
2021-05-31 14:00:00,NSE:INFIBEAM,49.95,49.95,49.3,49.3,1078758.0
2021-05-31 14:03:00,NSE:INFIBEAM,49.3,49.9,49.3,49.8,654270.0
2021-05-31 14:06:00,NSE:INFIBEAM,49.8,49.95,49.6,49.8,274107.0
2021-05-31 14:09:00,NSE:INFIBEAM,49.85,50.05,49.8,50.0,439143.0
2021-05-31 14:12:00,NSE:INFIBEAM,50.0,50.5,49.95,50.5,498581.0
2021-05-31 14:15:00,NSE:INFIBEAM,50.4,50.6,50.05,50.3,762350.0
2021-05-31 14:18:00,NSE:INFIBEAM,50.3,50.35,50.1,50.15,203093.0
2021-05-31 14:21:00,NSE:INFIBEAM,50.15,50.2,49.75,49.95,379639.0
2021-05-31 14:24:00,NSE:INFIBEAM,49.9,50.0,49.9,50.0,317531.0
2021-05-31 14:27:00,NSE:INFIBEAM,50.0,50.5,49.95,50.3,1587976.0
2021-05-31 14:30:00,NSE:INFIBEAM,50.25,50.4,50.25,50.35,294703.0
2021-05-31 14:33:00,NSE:INFIBEAM,50.35,50.45,50.25,50.3,440500.0
2021-05-31 14:36:00,NSE:INFIBEAM,50.3,50.3,50.05,50.15,405948.0
2021-05-31 14:39:00,NSE:INFIBEAM,50.1,50.25,50.0,50.15,272311.0
2021-05-31 14:42:00,NSE:INFIBEAM,50.15,50.2,50.1,50.1,189369.0
2021-05-31 14:45:00,NSE:INFIBEAM,50.1,50.15,50.05,50.1,193634.0
2021-05-31 14:48:00,NSE:INFIBEAM,50.1,50.15,49.8,49.9,456851.0
2021-05-31 14:51:00,NSE:INFIBEAM,49.85,49.9,49.65,49.65,303168.0
2021-05-31 14:54:00,NSE:INFIBEAM,49.7,49.95,49.5,49.8,515240.0
2021-05-31 14:57:00,NSE:INFIBEAM,49.85,50.1,49.75,50.1,292771.0
2021-05-31 15:00:00,NSE:INFIBEAM,50.1,50.1,49.85,50.05,273144.0
2021-05-31 15:03:00,NSE:INFIBEAM,50.1,50.1,49.9,49.95,293394.0
2021-05-31 15:06:00,NSE:INFIBEAM,49.95,50.15,49.9,50.15,243602.0
2021-05-31 15:09:00,NSE:INFIBEAM,50.1,50.15,50.05,50.1,337760.0
2021-05-31 15:12:00,NSE:INFIBEAM,50.1,50.2,50.1,50.15,375056.0
2021-05-31 15:15:00,NSE:INFIBEAM,50.15,50.15,49.75,49.9,827307.0
2021-05-31 15:18:00,NSE:INFIBEAM,49.9,50.0,49.85,49.9,326293.0
2021-05-31 15:21:00,NSE:INFIBEAM,49.9,50.0,49.7,49.85,922344.0
2021-05-31 15:24:00,NSE:INFIBEAM,49.75,50.0,49.75,49.95,533667.0
2021-05-31 15:27:00,NSE:INFIBEAM,49.95,50.0,49.9,50.0,909779.0
2021-05-31 15:30:00,NSE:INFIBEAM,50.0,50.0,50.0,50.0,600.0
2021-05-31 15:39:00,NSE:INFIBEAM,49.95,50.0,49.95,49.95,64684.0
2021-05-31 15:42:00,NSE:INFIBEAM,49.95,50.0,49.95,49.95,41417.0
2021-05-31 15:45:00,NSE:INFIBEAM,49.95,49.95,49.95,49.95,11930.0
2021-05-31 15:48:00,NSE:INFIBEAM,49.95,49.95,49.95,49.95,619.0
2021-05-31 15:51:00,NSE:INFIBEAM,49.95,50.0,49.95,50.0,3140.0
2021-05-31 15:54:00,NSE:INFIBEAM,49.95,49.95,49.95,49.95,14.0
2021-05-31 15:57:00,NSE:INFIBEAM,49.95,49.95,49.95,49.95,785.0
2021-06-01 09:06:00,NSE:INFIBEAM,51.4,51.4,51.4,51.4,384073.0
2021-06-01 09:15:00,NSE:INFIBEAM,51.25,52.0,50.05,51.35,3235739.0
2021-06-01 09:18:00,NSE:INFIBEAM,51.35,52.0,51.35,51.9,1345828.0
2021-06-01 09:21:00,NSE:INFIBEAM,51.9,52.0,51.7,52.0,674980.0
2021-06-01 09:24:00,NSE:INFIBEAM,51.95,53.2,51.95,53.05,2017251.0
2021-06-01 09:27:00,NSE:INFIBEAM,53.1,53.5,53.0,53.2,1968656.0
2021-06-01 09:30:00,NSE:INFIBEAM,53.25,53.3,52.65,53.15,1226194.0
2021-06-01 09:33:00,NSE:INFIBEAM,53.15,53.15,52.8,52.85,563950.0
2021-06-01 09:36:00,NSE:INFIBEAM,52.85,53.25,52.6,53.15,1149594.0
2021-06-01 09:39:00,NSE:INFIBEAM,53.15,53.75,53.1,53.7,1317382.0
2021-06-01 09:42:00,NSE:INFIBEAM,53.7,53.75,53.4,53.7,795128.0
2021-06-01 09:45:00,NSE:INFIBEAM,53.7,54.35,53.65,54.35,2110956.0
2021-06-01 09:48:00,NSE:INFIBEAM,54.35,54.45,53.8,54.1,1620085.0
2021-06-01 09:51:00,NSE:INFIBEAM,54.1,54.35,54.05,54.15,913555.0
2021-06-01 09:54:00,NSE:INFIBEAM,54.15,54.15,53.45,53.95,1080015.0
2021-06-01 09:57:00,NSE:INFIBEAM,54.0,54.1,53.8,53.9,620294.0
2021-06-01 10:00:00,NSE:INFIBEAM,53.9,53.9,53.65,53.75,401617.0
2021-06-01 10:03:00,NSE:INFIBEAM,53.8,53.8,53.0,53.45,1120588.0
2021-06-01 10:06:00,NSE:INFIBEAM,53.4,53.75,53.4,53.5,434546.0
2021-06-01 10:09:00,NSE:INFIBEAM,53.55,53.55,53.1,53.15,583837.0
2021-06-01 10:12:00,NSE:INFIBEAM,53.15,53.45,53.1,53.15,530237.0
2021-06-01 10:15:00,NSE:INFIBEAM,53.2,53.2,52.75,52.95,793086.0
2021-06-01 10:18:00,NSE:INFIBEAM,52.95,53.1,52.85,52.85,387219.0
2021-06-01 10:21:00,NSE:INFIBEAM,52.85,52.9,52.2,52.85,746676.0
2021-06-01 10:24:00,NSE:INFIBEAM,52.75,52.95,52.7,52.75,518466.0
2021-06-01 10:27:00,NSE:INFIBEAM,52.7,52.9,52.7,52.8,359727.0
2021-06-01 10:30:00,NSE:INFIBEAM,52.85,52.9,52.45,52.65,333330.0
2021-06-01 10:33:00,NSE:INFIBEAM,52.65,52.9,52.55,52.9,252916.0
2021-06-01 10:36:00,NSE:INFIBEAM,52.85,52.95,52.8,52.85,134174.0
2021-06-01 10:39:00,NSE:INFIBEAM,52.75,52.9,52.75,52.8,144136.0
2021-06-01 10:42:00,NSE:INFIBEAM,52.85,53.35,52.8,53.3,625190.0
2021-06-01 10:45:00,NSE:INFIBEAM,53.25,53.3,53.05,53.05,271623.0
2021-06-01 10:48:00,NSE:INFIBEAM,53.0,53.05,52.75,52.75,237236.0
2021-06-01 10:51:00,NSE:INFIBEAM,52.75,52.85,52.65,52.85,154258.0
2021-06-01 10:54:00,NSE:INFIBEAM,52.8,52.95,52.8,52.9,63705.0
2021-06-01 10:57:00,NSE:INFIBEAM,52.95,53.25,52.95,52.95,318917.0
2021-06-01 11:00:00,NSE:INFIBEAM,53.0,53.1,52.8,52.95,203437.0
2021-06-01 11:03:00,NSE:INFIBEAM,53.0,53.0,52.6,52.65,277378.0
2021-06-01 11:06:00,NSE:INFIBEAM,52.65,52.7,52.15,52.55,691923.0
2021-06-01 11:09:00,NSE:INFIBEAM,52.45,52.5,52.25,52.5,372100.0
2021-06-01 11:12:00,NSE:INFIBEAM,52.5,52.5,51.85,51.85,664843.0
2021-06-01 11:15:00,NSE:INFIBEAM,51.95,51.95,51.35,51.85,788056.0
2021-06-01 11:18:00,NSE:INFIBEAM,51.85,52.3,51.8,51.95,452011.0
2021-06-01 11:21:00,NSE:INFIBEAM,51.95,52.1,51.65,52.1,295058.0
2021-06-01 11:24:00,NSE:INFIBEAM,52.1,52.65,52.0,52.65,455183.0
2021-06-01 11:27:00,NSE:INFIBEAM,52.65,52.7,52.3,52.4,257352.0
2021-06-01 11:30:00,NSE:INFIBEAM,52.35,52.5,52.25,52.4,217176.0
2021-06-01 11:33:00,NSE:INFIBEAM,52.4,52.45,52.2,52.3,106256.0
2021-06-01 11:36:00,NSE:INFIBEAM,52.2,52.3,51.9,51.95,185454.0
2021-06-01 11:39:00,NSE:INFIBEAM,51.9,52.25,51.8,52.1,246038.0
2021-06-01 11:42:00,NSE:INFIBEAM,52.05,52.2,52.05,52.15,81671.0
2021-06-01 11:45:00,NSE:INFIBEAM,52.1,52.15,51.85,51.95,184401.0
2021-06-01 11:48:00,NSE:INFIBEAM,52.0,52.05,51.65,51.7,201649.0
2021-06-01 11:51:00,NSE:INFIBEAM,51.65,51.8,51.65,51.7,184287.0
2021-06-01 11:54:00,NSE:INFIBEAM,51.7,51.95,51.65,51.95,136757.0
2021-06-01 11:57:00,NSE:INFIBEAM,51.9,52.1,51.85,51.9,137774.0
2021-06-01 12:00:00,NSE:INFIBEAM,51.85,51.9,51.8,51.8,58791.0
2021-06-01 12:03:00,NSE:INFIBEAM,51.85,52.25,51.85,52.2,157278.0
2021-06-01 12:06:00,NSE:INFIBEAM,52.15,52.3,52.05,52.2,156617.0
2021-06-01 12:09:00,NSE:INFIBEAM,52.15,52.5,52.1,52.3,311572.0
2021-06-01 12:12:00,NSE:INFIBEAM,52.35,52.45,52.25,52.3,124539.0
2021-06-01 12:15:00,NSE:INFIBEAM,52.3,52.5,52.3,52.5,184653.0
2021-06-01 12:18:00,NSE:INFIBEAM,52.45,52.75,52.4,52.4,345981.0
2021-06-01 12:21:00,NSE:INFIBEAM,52.5,52.5,52.2,52.35,161768.0
2021-06-01 12:24:00,NSE:INFIBEAM,52.35,52.45,52.3,52.4,87736.0
2021-06-01 12:27:00,NSE:INFIBEAM,52.4,52.6,52.4,52.55,86949.0
2021-06-01 12:30:00,NSE:INFIBEAM,52.6,52.6,52.3,52.45,154845.0
2021-06-01 12:33:00,NSE:INFIBEAM,52.4,52.75,52.4,52.6,151611.0
2021-06-01 12:36:00,NSE:INFIBEAM,52.6,53.0,52.6,53.0,386295.0
2021-06-01 12:39:00,NSE:INFIBEAM,52.9,53.0,52.7,52.75,435001.0
2021-06-01 12:42:00,NSE:INFIBEAM,52.75,52.9,52.6,52.75,135117.0
2021-06-01 12:45:00,NSE:INFIBEAM,52.75,52.75,52.55,52.7,138602.0
2021-06-01 12:48:00,NSE:INFIBEAM,52.65,52.7,52.6,52.65,100763.0
2021-06-01 12:51:00,NSE:INFIBEAM,52.6,52.65,52.45,52.45,157667.0
2021-06-01 12:54:00,NSE:INFIBEAM,52.5,52.7,52.4,52.7,93956.0
2021-06-01 12:57:00,NSE:INFIBEAM,52.65,52.8,52.6,52.8,96646.0
2021-06-01 13:00:00,NSE:INFIBEAM,52.8,52.95,52.75,52.8,125242.0
2021-06-01 13:03:00,NSE:INFIBEAM,52.9,52.95,52.8,52.9,166995.0
2021-06-01 13:06:00,NSE:INFIBEAM,52.8,52.85,52.65,52.8,123989.0
2021-06-01 13:09:00,NSE:INFIBEAM,52.8,52.85,52.75,52.85,54638.0
2021-06-01 13:12:00,NSE:INFIBEAM,52.85,52.85,52.7,52.75,32860.0
2021-06-01 13:15:00,NSE:INFIBEAM,52.75,52.8,52.55,52.65,100654.0
2021-06-01 13:18:00,NSE:INFIBEAM,52.6,52.75,52.6,52.75,71079.0
2021-06-01 13:21:00,NSE:INFIBEAM,52.7,52.75,52.6,52.65,115818.0
2021-06-01 13:24:00,NSE:INFIBEAM,52.65,52.65,52.35,52.5,214007.0
2021-06-01 13:27:00,NSE:INFIBEAM,52.4,52.5,52.4,52.5,65525.0
2021-06-01 13:30:00,NSE:INFIBEAM,52.5,52.9,52.45,52.85,235066.0
2021-06-01 13:33:00,NSE:INFIBEAM,52.85,52.9,52.65,52.65,197865.0
2021-06-01 13:36:00,NSE:INFIBEAM,52.65,52.7,52.6,52.7,54707.0
2021-06-01 13:39:00,NSE:INFIBEAM,52.7,52.7,52.55,52.55,102565.0
2021-06-01 13:42:00,NSE:INFIBEAM,52.65,52.65,52.55,52.65,78764.0
2021-06-01 13:45:00,NSE:INFIBEAM,52.65,52.7,52.65,52.65,67599.0
2021-06-01 13:48:00,NSE:INFIBEAM,52.65,52.9,52.65,52.85,215068.0
2021-06-01 13:51:00,NSE:INFIBEAM,52.8,53.0,52.75,52.95,631565.0
2021-06-01 13:54:00,NSE:INFIBEAM,53.0,53.4,52.9,53.1,655766.0
2021-06-01 13:57:00,NSE:INFIBEAM,53.05,53.15,52.7,52.7,248677.0
2021-06-01 14:00:00,NSE:INFIBEAM,52.75,52.75,52.1,52.45,723596.0
2021-06-01 14:03:00,NSE:INFIBEAM,52.4,52.7,52.4,52.5,257366.0
2021-06-01 14:06:00,NSE:INFIBEAM,52.6,52.6,52.45,52.5,118221.0
2021-06-01 14:09:00,NSE:INFIBEAM,52.5,52.7,52.45,52.55,211736.0
2021-06-01 14:12:00,NSE:INFIBEAM,52.5,52.75,52.5,52.65,129985.0
2021-06-01 14:15:00,NSE:INFIBEAM,52.6,52.65,52.55,52.65,70600.0
2021-06-01 14:18:00,NSE:INFIBEAM,52.65,52.65,52.5,52.5,50089.0
2021-06-01 14:21:00,NSE:INFIBEAM,52.5,52.95,52.5,52.9,275004.0
2021-06-01 14:24:00,NSE:INFIBEAM,52.95,52.95,52.75,52.85,216029.0
2021-06-01 14:27:00,NSE:INFIBEAM,52.8,53.3,52.75,53.1,768676.0
2021-06-01 14:30:00,NSE:INFIBEAM,53.1,53.3,53.05,53.25,318825.0
2021-06-01 14:33:00,NSE:INFIBEAM,53.2,53.25,52.75,53.1,562175.0
2021-06-01 14:36:00,NSE:INFIBEAM,53.1,53.2,53.0,53.2,165922.0
2021-06-01 14:39:00,NSE:INFIBEAM,53.15,53.25,53.05,53.25,290372.0
2021-06-01 14:42:00,NSE:INFIBEAM,53.2,53.2,53.0,53.05,157453.0
2021-06-01 14:45:00,NSE:INFIBEAM,53.1,53.25,53.0,53.15,236055.0
2021-06-01 14:48:00,NSE:INFIBEAM,53.15,53.25,53.1,53.15,123675.0
2021-06-01 14:51:00,NSE:INFIBEAM,53.15,53.2,52.9,52.9,294673.0
2021-06-01 14:54:00,NSE:INFIBEAM,53.0,53.0,52.9,52.95,129180.0
2021-06-01 14:57:00,NSE:INFIBEAM,52.9,53.0,52.55,52.7,369714.0
2021-06-01 15:00:00,NSE:INFIBEAM,52.7,52.8,52.6,52.65,252658.0
2021-06-01 15:03:00,NSE:INFIBEAM,52.7,52.75,52.4,52.5,520377.0
2021-06-01 15:06:00,NSE:INFIBEAM,52.45,52.7,52.45,52.7,336350.0
2021-06-01 15:09:00,NSE:INFIBEAM,52.6,52.7,52.3,52.35,537867.0
2021-06-01 15:12:00,NSE:INFIBEAM,52.35,52.5,52.2,52.35,425850.0
2021-06-01 15:15:00,NSE:INFIBEAM,52.35,52.8,52.35,52.8,558130.0
2021-06-01 15:18:00,NSE:INFIBEAM,52.8,52.8,52.55,52.6,680938.0
2021-06-01 15:21:00,NSE:INFIBEAM,52.55,52.65,52.1,52.5,519960.0
2021-06-01 15:24:00,NSE:INFIBEAM,52.5,52.55,52.35,52.45,293521.0
2021-06-01 15:27:00,NSE:INFIBEAM,52.5,52.65,52.3,52.6,448805.0
2021-06-01 15:30:00,NSE:INFIBEAM,52.7,52.7,52.7,52.7,11402.0
2021-06-01 15:39:00,NSE:INFIBEAM,52.5,52.7,52.5,52.5,6831.0
2021-06-01 15:42:00,NSE:INFIBEAM,52.5,52.7,52.5,52.5,2976.0
2021-06-01 15:45:00,NSE:INFIBEAM,52.5,52.5,52.5,52.5,200.0
2021-06-01 15:48:00,NSE:INFIBEAM,52.5,52.5,52.5,52.5,800.0
2021-06-01 15:51:00,NSE:INFIBEAM,52.5,52.5,52.5,52.5,1500.0
2021-06-01 15:54:00,NSE:INFIBEAM,52.5,52.7,52.5,52.7,1489.0
2021-06-01 15:57:00,NSE:INFIBEAM,52.5,52.5,52.5,52.5,1.0
2021-06-02 09:06:00,NSE:INFIBEAM,53.9,53.9,53.9,53.9,208084.0
2021-06-02 09:15:00,NSE:INFIBEAM,53.75,54.5,53.05,54.3,2426091.0
2021-06-02 09:18:00,NSE:INFIBEAM,54.4,54.4,53.6,54.0,929102.0
2021-06-02 09:21:00,NSE:INFIBEAM,53.95,54.15,53.75,53.8,633852.0
2021-06-02 09:24:00,NSE:INFIBEAM,53.85,53.85,53.25,53.5,641018.0
2021-06-02 09:27:00,NSE:INFIBEAM,53.5,53.85,53.5,53.6,356604.0
2021-06-02 09:30:00,NSE:INFIBEAM,53.6,53.7,53.3,53.55,411754.0
2021-06-02 09:33:00,NSE:INFIBEAM,53.6,53.85,53.55,53.65,398117.0
2021-06-02 09:36:00,NSE:INFIBEAM,53.65,54.05,53.65,54.05,870408.0
2021-06-02 09:39:00,NSE:INFIBEAM,54.05,54.05,53.8,53.95,265264.0
2021-06-02 09:42:00,NSE:INFIBEAM,53.95,54.05,53.8,53.95,224002.0
2021-06-02 09:45:00,NSE:INFIBEAM,53.95,54.0,53.6,53.7,366823.0
2021-06-02 09:48:00,NSE:INFIBEAM,53.75,53.8,53.65,53.8,110256.0
2021-06-02 09:51:00,NSE:INFIBEAM,53.75,53.8,53.5,53.8,239657.0
2021-06-02 09:54:00,NSE:INFIBEAM,53.8,53.9,53.6,53.8,224795.0
2021-06-02 09:57:00,NSE:INFIBEAM,53.8,53.9,53.75,53.8,205725.0
2021-06-02 10:00:00,NSE:INFIBEAM,53.8,53.85,53.7,53.7,94896.0
2021-06-02 10:03:00,NSE:INFIBEAM,53.7,53.8,53.6,53.7,85435.0
2021-06-02 10:06:00,NSE:INFIBEAM,53.65,53.75,53.6,53.75,115636.0
2021-06-02 10:09:00,NSE:INFIBEAM,53.7,53.75,53.65,53.75,42973.0
2021-06-02 10:12:00,NSE:INFIBEAM,53.65,53.75,53.65,53.7,115024.0
2021-06-02 10:15:00,NSE:INFIBEAM,53.7,53.7,53.6,53.7,226890.0
2021-06-02 10:18:00,NSE:INFIBEAM,53.65,53.75,53.6,53.65,97933.0
2021-06-02 10:21:00,NSE:INFIBEAM,53.65,53.75,53.6,53.7,100499.0
2021-06-02 10:24:00,NSE:INFIBEAM,53.7,53.75,53.65,53.75,93376.0
2021-06-02 10:27:00,NSE:INFIBEAM,53.75,53.75,53.6,53.7,79872.0
2021-06-02 10:30:00,NSE:INFIBEAM,53.7,53.75,53.65,53.75,57216.0
2021-06-02 10:33:00,NSE:INFIBEAM,53.75,53.75,53.6,53.65,85477.0
2021-06-02 10:36:00,NSE:INFIBEAM,53.65,53.65,53.35,53.5,378251.0
2021-06-02 10:39:00,NSE:INFIBEAM,53.55,53.6,53.35,53.4,120828.0
2021-06-02 10:42:00,NSE:INFIBEAM,53.4,53.4,53.1,53.35,333213.0
2021-06-02 10:45:00,NSE:INFIBEAM,53.35,53.4,53.3,53.35,76608.0
2021-06-02 10:48:00,NSE:INFIBEAM,53.3,53.35,52.8,53.0,450470.0
2021-06-02 10:51:00,NSE:INFIBEAM,53.0,53.0,52.55,52.85,310379.0
2021-06-02 10:54:00,NSE:INFIBEAM,52.85,53.0,52.85,53.0,166818.0
2021-06-02 10:57:00,NSE:INFIBEAM,52.9,53.25,52.9,53.05,319757.0
2021-06-02 11:00:00,NSE:INFIBEAM,53.1,53.1,52.9,53.0,168176.0
2021-06-02 11:03:00,NSE:INFIBEAM,52.95,53.05,52.9,53.0,144963.0
2021-06-02 11:06:00,NSE:INFIBEAM,52.95,53.0,52.85,52.95,63876.0
2021-06-02 11:09:00,NSE:INFIBEAM,52.95,53.0,52.85,52.85,80756.0
2021-06-02 11:12:00,NSE:INFIBEAM,52.85,52.85,52.7,52.75,144991.0
2021-06-02 11:15:00,NSE:INFIBEAM,52.7,52.8,52.5,52.55,276816.0
2021-06-02 11:18:00,NSE:INFIBEAM,52.5,52.55,52.2,52.45,382934.0
2021-06-02 11:21:00,NSE:INFIBEAM,52.45,52.5,52.35,52.45,187839.0
2021-06-02 11:24:00,NSE:INFIBEAM,52.4,52.55,52.4,52.5,112802.0
2021-06-02 11:27:00,NSE:INFIBEAM,52.55,52.6,52.45,52.55,117437.0
2021-06-02 11:30:00,NSE:INFIBEAM,52.5,52.6,52.5,52.55,68696.0
2021-06-02 11:33:00,NSE:INFIBEAM,52.6,52.6,52.35,52.35,244450.0
2021-06-02 11:36:00,NSE:INFIBEAM,52.35,52.4,52.1,52.15,239372.0
2021-06-02 11:39:00,NSE:INFIBEAM,52.1,52.4,51.65,51.7,542809.0
2021-06-02 11:42:00,NSE:INFIBEAM,51.8,51.85,51.2,51.2,512776.0
2021-06-02 11:45:00,NSE:INFIBEAM,51.3,51.55,51.1,51.4,387213.0
2021-06-02 11:48:00,NSE:INFIBEAM,51.35,51.85,51.35,51.8,212880.0
2021-06-02 11:51:00,NSE:INFIBEAM,51.75,51.9,51.65,51.75,247113.0
2021-06-02 11:54:00,NSE:INFIBEAM,51.75,51.75,51.55,51.65,85992.0
2021-06-02 11:57:00,NSE:INFIBEAM,51.65,51.8,51.6,51.7,57380.0
2021-06-02 12:00:00,NSE:INFIBEAM,51.75,51.8,51.65,51.8,77422.0
2021-06-02 12:03:00,NSE:INFIBEAM,51.8,52.35,51.75,52.3,276484.0
2021-06-02 12:06:00,NSE:INFIBEAM,52.3,52.45,52.2,52.35,133012.0
2021-06-02 12:09:00,NSE:INFIBEAM,52.3,52.3,51.75,52.15,206209.0
2021-06-02 12:12:00,NSE:INFIBEAM,52.15,52.3,52.0,52.1,73361.0
2021-06-02 12:15:00,NSE:INFIBEAM,52.1,52.1,51.9,52.05,96589.0
2021-06-02 12:18:00,NSE:INFIBEAM,52.05,52.05,52.0,52.0,36497.0
2021-06-02 12:21:00,NSE:INFIBEAM,52.0,52.15,52.0,52.1,53755.0
2021-06-02 12:24:00,NSE:INFIBEAM,52.1,52.15,52.0,52.05,69728.0
2021-06-02 12:27:00,NSE:INFIBEAM,52.0,52.1,51.9,51.95,94398.0
2021-06-02 12:30:00,NSE:INFIBEAM,51.95,52.0,51.75,51.75,120004.0
2021-06-02 12:33:00,NSE:INFIBEAM,51.8,51.9,51.7,51.8,91300.0
2021-06-02 12:36:00,NSE:INFIBEAM,51.85,51.85,51.75,51.8,33646.0
2021-06-02 12:39:00,NSE:INFIBEAM,51.8,51.85,51.65,51.8,104865.0
2021-06-02 12:42:00,NSE:INFIBEAM,51.8,51.9,51.8,51.85,39885.0
2021-06-02 12:45:00,NSE:INFIBEAM,51.85,51.85,51.75,51.75,50539.0
2021-06-02 12:48:00,NSE:INFIBEAM,51.75,51.85,51.75,51.85,29401.0
2021-06-02 12:51:00,NSE:INFIBEAM,51.85,51.9,51.8,51.85,47391.0
2021-06-02 12:54:00,NSE:INFIBEAM,51.85,51.9,51.8,51.85,21535.0
2021-06-02 12:57:00,NSE:INFIBEAM,51.8,51.85,51.7,51.7,54944.0
2021-06-02 13:00:00,NSE:INFIBEAM,51.7,51.75,51.65,51.7,63437.0
2021-06-02 13:03:00,NSE:INFIBEAM,51.65,51.65,51.2,51.5,420755.0
2021-06-02 13:06:00,NSE:INFIBEAM,51.5,51.7,51.5,51.6,102396.0
2021-06-02 13:09:00,NSE:INFIBEAM,51.6,51.6,51.5,51.6,27534.0
2021-06-02 13:12:00,NSE:INFIBEAM,51.6,51.65,51.55,51.6,46829.0
2021-06-02 13:15:00,NSE:INFIBEAM,51.65,51.65,51.5,51.5,73535.0
2021-06-02 13:18:00,NSE:INFIBEAM,51.5,51.55,51.45,51.5,45078.0
2021-06-02 13:21:00,NSE:INFIBEAM,51.45,51.5,51.3,51.45,79350.0
2021-06-02 13:24:00,NSE:INFIBEAM,51.35,51.55,51.35,51.55,61698.0
2021-06-02 13:27:00,NSE:INFIBEAM,51.5,51.65,51.5,51.55,54005.0
2021-06-02 13:30:00,NSE:INFIBEAM,51.6,51.65,51.55,51.6,34409.0
2021-06-02 13:33:00,NSE:INFIBEAM,51.55,51.75,51.55,51.75,88261.0
2021-06-02 13:36:00,NSE:INFIBEAM,51.75,51.9,51.65,51.9,120431.0
2021-06-02 13:39:00,NSE:INFIBEAM,51.9,51.9,51.75,51.75,127318.0
2021-06-02 13:42:00,NSE:INFIBEAM,51.75,51.8,51.7,51.75,32173.0
2021-06-02 13:45:00,NSE:INFIBEAM,51.8,51.8,51.7,51.8,27697.0
2021-06-02 13:48:00,NSE:INFIBEAM,51.8,51.8,51.7,51.7,35425.0
2021-06-02 13:51:00,NSE:INFIBEAM,51.75,51.8,51.7,51.75,41685.0
2021-06-02 13:54:00,NSE:INFIBEAM,51.75,51.85,51.7,51.8,37529.0
2021-06-02 13:57:00,NSE:INFIBEAM,51.8,51.85,51.75,51.85,29469.0
2021-06-02 14:00:00,NSE:INFIBEAM,51.8,51.85,51.75,51.8,89986.0
2021-06-02 14:03:00,NSE:INFIBEAM,51.8,51.8,51.75,51.8,25011.0
2021-06-02 14:06:00,NSE:INFIBEAM,51.75,51.8,51.7,51.7,41674.0
2021-06-02 14:09:00,NSE:INFIBEAM,51.7,51.8,51.7,51.75,43470.0
2021-06-02 14:12:00,NSE:INFIBEAM,51.75,51.75,51.7,51.75,16274.0
2021-06-02 14:15:00,NSE:INFIBEAM,51.75,51.75,51.7,51.7,28735.0
2021-06-02 14:18:00,NSE:INFIBEAM,51.75,51.85,51.75,51.8,86381.0
2021-06-02 14:21:00,NSE:INFIBEAM,51.85,51.85,51.75,51.75,20150.0
2021-06-02 14:24:00,NSE:INFIBEAM,51.8,51.8,51.55,51.6,122893.0
2021-06-02 14:27:00,NSE:INFIBEAM,51.55,51.55,51.45,51.5,117682.0
2021-06-02 14:30:00,NSE:INFIBEAM,51.5,51.5,51.3,51.4,105963.0
2021-06-02 14:33:00,NSE:INFIBEAM,51.35,51.45,51.3,51.35,133035.0
2021-06-02 14:36:00,NSE:INFIBEAM,51.4,51.4,51.2,51.25,232755.0
2021-06-02 14:39:00,NSE:INFIBEAM,51.3,51.35,51.1,51.15,251109.0
2021-06-02 14:42:00,NSE:INFIBEAM,51.2,51.2,51.05,51.15,155234.0
2021-06-02 14:45:00,NSE:INFIBEAM,51.15,51.25,51.05,51.15,150356.0
2021-06-02 14:48:00,NSE:INFIBEAM,51.15,51.4,51.05,51.3,155452.0
2021-06-02 14:51:00,NSE:INFIBEAM,51.35,51.4,51.25,51.4,84715.0
2021-06-02 14:54:00,NSE:INFIBEAM,51.35,51.4,51.2,51.25,114715.0
2021-06-02 14:57:00,NSE:INFIBEAM,51.25,51.4,51.2,51.35,156775.0
2021-06-02 15:00:00,NSE:INFIBEAM,51.35,51.8,51.3,51.75,357215.0
2021-06-02 15:03:00,NSE:INFIBEAM,51.8,52.15,51.8,51.95,444706.0
2021-06-02 15:06:00,NSE:INFIBEAM,51.9,52.0,51.75,51.85,190556.0
2021-06-02 15:09:00,NSE:INFIBEAM,51.8,52.15,51.8,52.1,288982.0
2021-06-02 15:12:00,NSE:INFIBEAM,52.15,52.3,52.1,52.2,376337.0
2021-06-02 15:15:00,NSE:INFIBEAM,52.15,52.4,52.05,52.25,343490.0
2021-06-02 15:18:00,NSE:INFIBEAM,52.25,52.3,52.05,52.1,307442.0
2021-06-02 15:21:00,NSE:INFIBEAM,52.15,52.35,51.7,52.1,694989.0
2021-06-02 15:24:00,NSE:INFIBEAM,52.15,52.15,52.0,52.15,132240.0
2021-06-02 15:27:00,NSE:INFIBEAM,52.15,52.3,52.1,52.2,212907.0
2021-06-02 15:30:00,NSE:INFIBEAM,52.2,52.2,52.2,52.2,1500.0
2021-06-02 15:39:00,NSE:INFIBEAM,52.05,52.05,52.05,52.05,1925.0
2021-06-02 15:42:00,NSE:INFIBEAM,52.05,52.2,52.05,52.05,6201.0
2021-06-02 15:45:00,NSE:INFIBEAM,52.05,52.05,52.05,52.05,2024.0
2021-06-02 15:51:00,NSE:INFIBEAM,52.05,52.05,52.05,52.05,126.0
2021-06-03 09:06:00,NSE:INFIBEAM,52.5,52.5,52.5,52.5,52324.0
2021-06-03 09:15:00,NSE:INFIBEAM,52.5,53.0,52.4,52.5,432382.0
2021-06-03 09:18:00,NSE:INFIBEAM,52.6,52.8,52.4,52.75,172235.0
2021-06-03 09:21:00,NSE:INFIBEAM,52.7,52.75,52.25,52.4,197919.0
2021-06-03 09:24:00,NSE:INFIBEAM,52.3,52.35,51.95,52.0,287797.0
2021-06-03 09:27:00,NSE:INFIBEAM,52.0,52.0,51.2,51.4,287223.0
2021-06-03 09:30:00,NSE:INFIBEAM,51.35,51.8,51.25,51.8,175765.0
2021-06-03 09:33:00,NSE:INFIBEAM,51.75,51.95,51.75,51.9,130278.0
2021-06-03 09:36:00,NSE:INFIBEAM,51.8,51.8,51.25,51.35,228145.0
2021-06-03 09:39:00,NSE:INFIBEAM,51.4,51.45,51.25,51.35,157193.0
2021-06-03 09:42:00,NSE:INFIBEAM,51.4,51.6,51.25,51.55,81742.0
2021-06-03 09:45:00,NSE:INFIBEAM,51.5,51.55,51.25,51.3,189432.0
2021-06-03 09:48:00,NSE:INFIBEAM,51.25,51.35,51.0,51.35,264091.0
2021-06-03 09:51:00,NSE:INFIBEAM,51.25,51.35,51.25,51.25,68073.0
2021-06-03 09:54:00,NSE:INFIBEAM,51.25,51.3,51.2,51.3,45873.0
2021-06-03 09:57:00,NSE:INFIBEAM,51.2,51.45,51.2,51.45,72996.0
2021-06-03 10:00:00,NSE:INFIBEAM,51.4,51.7,51.4,51.65,89421.0
2021-06-03 10:03:00,NSE:INFIBEAM,51.55,51.7,51.5,51.6,52143.0
2021-06-03 10:06:00,NSE:INFIBEAM,51.5,51.6,51.5,51.6,44894.0
2021-06-03 10:09:00,NSE:INFIBEAM,51.55,51.6,51.5,51.55,49047.0
2021-06-03 10:12:00,NSE:INFIBEAM,51.5,51.55,51.45,51.55,36604.0
2021-06-03 10:15:00,NSE:INFIBEAM,51.5,51.55,51.5,51.5,46335.0
2021-06-03 10:18:00,NSE:INFIBEAM,51.55,51.55,51.45,51.55,38075.0
2021-06-03 10:21:00,NSE:INFIBEAM,51.5,51.6,51.45,51.5,29789.0
2021-06-03 10:24:00,NSE:INFIBEAM,51.55,51.55,51.5,51.5,19250.0
2021-06-03 10:27:00,NSE:INFIBEAM,51.5,51.55,51.2,51.35,74355.0
2021-06-03 10:30:00,NSE:INFIBEAM,51.25,51.5,51.25,51.4,37984.0
2021-06-03 10:33:00,NSE:INFIBEAM,51.35,51.5,51.35,51.4,25160.0
2021-06-03 10:36:00,NSE:INFIBEAM,51.45,51.5,51.35,51.45,26948.0
2021-06-03 10:39:00,NSE:INFIBEAM,51.4,51.5,51.35,51.5,55124.0
2021-06-03 10:42:00,NSE:INFIBEAM,51.5,51.55,51.3,51.4,49234.0
2021-06-03 10:45:00,NSE:INFIBEAM,51.35,51.5,51.35,51.35,30207.0
2021-06-03 10:48:00,NSE:INFIBEAM,51.4,51.4,51.3,51.4,17442.0
2021-06-03 10:51:00,NSE:INFIBEAM,51.4,51.4,51.3,51.4,26865.0
2021-06-03 10:54:00,NSE:INFIBEAM,51.4,51.4,51.3,51.35,24454.0
2021-06-03 10:57:00,NSE:INFIBEAM,51.35,51.4,51.3,51.4,36364.0
2021-06-03 11:00:00,NSE:INFIBEAM,51.3,51.4,51.3,51.4,15845.0
2021-06-03 11:03:00,NSE:INFIBEAM,51.35,51.4,51.3,51.4,26253.0
2021-06-03 11:06:00,NSE:INFIBEAM,51.35,51.4,51.3,51.4,19982.0
2021-06-03 11:09:00,NSE:INFIBEAM,51.3,51.4,51.3,51.3,19186.0
2021-06-03 11:12:00,NSE:INFIBEAM,51.3,51.4,51.3,51.35,28993.0
2021-06-03 11:15:00,NSE:INFIBEAM,51.4,51.4,51.3,51.3,34859.0
2021-06-03 11:18:00,NSE:INFIBEAM,51.35,51.35,51.25,51.35,38812.0
2021-06-03 11:21:00,NSE:INFIBEAM,51.35,51.35,51.25,51.25,27097.0
2021-06-03 11:24:00,NSE:INFIBEAM,51.35,51.35,51.2,51.3,47552.0
2021-06-03 11:27:00,NSE:INFIBEAM,51.3,51.3,51.2,51.2,21259.0
2021-06-03 11:30:00,NSE:INFIBEAM,51.2,51.4,51.2,51.4,30402.0
2021-06-03 11:33:00,NSE:INFIBEAM,51.3,51.4,51.3,51.35,24741.0
2021-06-03 11:36:00,NSE:INFIBEAM,51.3,51.4,51.3,51.4,17928.0
2021-06-03 11:39:00,NSE:INFIBEAM,51.35,51.4,51.3,51.4,19568.0
2021-06-03 11:42:00,NSE:INFIBEAM,51.4,51.4,51.35,51.35,14529.0
2021-06-03 11:45:00,NSE:INFIBEAM,51.35,51.4,51.3,51.35,19750.0
2021-06-03 11:48:00,NSE:INFIBEAM,51.35,51.4,51.3,51.3,48147.0
2021-06-03 11:51:00,NSE:INFIBEAM,51.3,51.4,51.3,51.35,20998.0
2021-06-03 11:54:00,NSE:INFIBEAM,51.35,51.4,51.3,51.4,15700.0
2021-06-03 11:57:00,NSE:INFIBEAM,51.3,51.4,51.3,51.35,11270.0
2021-06-03 12:00:00,NSE:INFIBEAM,51.3,51.4,51.3,51.3,28704.0
2021-06-03 12:03:00,NSE:INFIBEAM,51.35,51.4,51.3,51.3,13749.0
2021-06-03 12:06:00,NSE:INFIBEAM,51.35,51.4,51.3,51.4,24158.0
2021-06-03 12:09:00,NSE:INFIBEAM,51.25,51.4,51.25,51.35,50834.0
2021-06-03 12:12:00,NSE:INFIBEAM,51.35,51.35,51.25,51.35,23048.0
2021-06-03 12:15:00,NSE:INFIBEAM,51.35,51.35,51.25,51.25,11154.0
2021-06-03 12:18:00,NSE:INFIBEAM,51.25,51.3,51.25,51.3,27870.0
2021-06-03 12:21:00,NSE:INFIBEAM,51.25,51.3,51.25,51.25,23237.0
2021-06-03 12:24:00,NSE:INFIBEAM,51.3,51.3,51.25,51.3,28431.0
2021-06-03 12:27:00,NSE:INFIBEAM,51.3,51.3,51.2,51.2,23007.0
2021-06-03 12:30:00,NSE:INFIBEAM,51.2,51.3,51.2,51.2,19295.0
2021-06-03 12:33:00,NSE:INFIBEAM,51.2,51.3,51.2,51.25,16310.0
2021-06-03 12:36:00,NSE:INFIBEAM,51.25,51.3,51.25,51.3,32895.0
2021-06-03 12:39:00,NSE:INFIBEAM,51.3,51.35,51.25,51.3,16299.0
2021-06-03 12:42:00,NSE:INFIBEAM,51.35,51.35,51.25,51.35,16513.0
2021-06-03 12:45:00,NSE:INFIBEAM,51.3,51.4,51.3,51.35,22319.0
2021-06-03 12:48:00,NSE:INFIBEAM,51.3,51.35,51.3,51.3,16998.0
2021-06-03 12:51:00,NSE:INFIBEAM,51.3,51.35,51.3,51.35,18317.0
2021-06-03 12:54:00,NSE:INFIBEAM,51.3,51.35,51.3,51.35,10438.0
2021-06-03 12:57:00,NSE:INFIBEAM,51.3,51.4,51.3,51.35,29134.0
2021-06-03 13:00:00,NSE:INFIBEAM,51.35,51.4,51.3,51.4,25196.0
2021-06-03 13:03:00,NSE:INFIBEAM,51.4,51.4,51.3,51.4,14825.0
2021-06-03 13:06:00,NSE:INFIBEAM,51.35,51.4,51.3,51.3,21391.0
2021-06-03 13:09:00,NSE:INFIBEAM,51.3,51.4,51.3,51.3,32104.0
2021-06-03 13:12:00,NSE:INFIBEAM,51.3,51.35,51.3,51.35,20000.0
2021-06-03 13:15:00,NSE:INFIBEAM,51.3,51.4,51.3,51.35,28479.0
2021-06-03 13:18:00,NSE:INFIBEAM,51.3,51.4,51.3,51.3,28963.0
2021-06-03 13:21:00,NSE:INFIBEAM,51.3,51.4,51.3,51.35,15233.0
2021-06-03 13:24:00,NSE:INFIBEAM,51.35,51.35,51.3,51.3,14837.0
2021-06-03 13:27:00,NSE:INFIBEAM,51.3,51.4,51.3,51.35,22713.0
2021-06-03 13:30:00,NSE:INFIBEAM,51.3,51.35,51.25,51.3,28846.0
2021-06-03 13:33:00,NSE:INFIBEAM,51.3,51.35,51.25,51.35,18226.0
2021-06-03 13:36:00,NSE:INFIBEAM,51.3,51.35,51.25,51.35,20728.0
2021-06-03 13:39:00,NSE:INFIBEAM,51.3,51.4,51.3,51.4,50527.0
2021-06-03 13:42:00,NSE:INFIBEAM,51.35,51.4,51.35,51.4,21829.0
2021-06-03 13:45:00,NSE:INFIBEAM,51.35,51.4,51.3,51.3,35868.0
2021-06-03 13:48:00,NSE:INFIBEAM,51.35,51.4,51.3,51.4,9393.0
2021-06-03 13:51:00,NSE:INFIBEAM,51.3,51.4,51.3,51.35,19704.0
2021-06-03 13:54:00,NSE:INFIBEAM,51.35,51.35,51.25,51.35,125374.0
2021-06-03 13:57:00,NSE:INFIBEAM,51.35,51.35,51.25,51.25,19750.0
2021-06-03 14:00:00,NSE:INFIBEAM,51.3,51.35,51.15,51.25,68497.0
2021-06-03 14:03:00,NSE:INFIBEAM,51.3,51.3,51.15,51.25,65636.0
2021-06-03 14:06:00,NSE:INFIBEAM,51.25,51.25,51.15,51.15,24627.0
2021-06-03 14:09:00,NSE:INFIBEAM,51.15,51.3,51.15,51.3,30131.0
2021-06-03 14:12:00,NSE:INFIBEAM,51.35,51.35,51.25,51.25,30585.0
2021-06-03 14:15:00,NSE:INFIBEAM,51.25,51.35,51.25,51.25,30331.0
2021-06-03 14:18:00,NSE:INFIBEAM,51.3,51.3,51.25,51.3,18831.0
2021-06-03 14:21:00,NSE:INFIBEAM,51.25,51.3,51.25,51.3,19857.0
2021-06-03 14:24:00,NSE:INFIBEAM,51.3,51.3,51.2,51.25,36591.0
2021-06-03 14:27:00,NSE:INFIBEAM,51.25,51.3,51.2,51.25,19608.0
2021-06-03 14:30:00,NSE:INFIBEAM,51.2,51.3,51.2,51.2,34694.0
2021-06-03 14:33:00,NSE:INFIBEAM,51.25,51.25,51.2,51.25,23763.0
2021-06-03 14:36:00,NSE:INFIBEAM,51.2,51.3,51.2,51.3,137120.0
2021-06-03 14:39:00,NSE:INFIBEAM,51.25,51.3,51.2,51.25,23650.0
2021-06-03 14:42:00,NSE:INFIBEAM,51.25,51.3,51.2,51.2,33151.0
2021-06-03 14:45:00,NSE:INFIBEAM,51.25,51.25,51.15,51.2,24876.0
2021-06-03 14:48:00,NSE:INFIBEAM,51.2,51.2,51.1,51.1,70043.0
2021-06-03 14:51:00,NSE:INFIBEAM,51.1,51.2,51.1,51.1,30068.0
2021-06-03 14:54:00,NSE:INFIBEAM,51.1,51.2,51.05,51.05,73912.0
2021-06-03 14:57:00,NSE:INFIBEAM,51.05,51.1,51.05,51.05,67180.0
2021-06-03 15:00:00,NSE:INFIBEAM,51.05,51.3,51.05,51.25,60693.0
2021-06-03 15:03:00,NSE:INFIBEAM,51.25,51.35,51.25,51.3,77691.0
2021-06-03 15:06:00,NSE:INFIBEAM,51.3,51.35,51.2,51.25,61388.0
2021-06-03 15:09:00,NSE:INFIBEAM,51.25,51.3,51.2,51.25,47960.0
2021-06-03 15:12:00,NSE:INFIBEAM,51.2,51.3,51.05,51.15,205897.0
2021-06-03 15:15:00,NSE:INFIBEAM,51.15,51.4,51.1,51.4,270917.0
2021-06-03 15:18:00,NSE:INFIBEAM,51.4,51.4,51.15,51.2,163921.0
2021-06-03 15:21:00,NSE:INFIBEAM,51.2,51.3,51.15,51.25,106387.0
2021-06-03 15:24:00,NSE:INFIBEAM,51.25,51.3,51.2,51.2,89167.0
2021-06-03 15:27:00,NSE:INFIBEAM,51.25,51.4,51.2,51.4,143857.0
2021-06-03 15:39:00,NSE:INFIBEAM,51.25,51.25,51.25,51.25,1.0
2021-06-04 09:06:00,NSE:INFIBEAM,51.65,51.65,51.65,51.65,21986.0
2021-06-04 09:15:00,NSE:INFIBEAM,51.6,51.7,51.35,51.5,206879.0
2021-06-04 09:18:00,NSE:INFIBEAM,51.5,51.55,51.05,51.1,159586.0
2021-06-04 09:21:00,NSE:INFIBEAM,51.05,51.1,50.55,50.65,200474.0
2021-06-04 09:24:00,NSE:INFIBEAM,50.7,51.0,50.65,50.9,101298.0
2021-06-04 09:27:00,NSE:INFIBEAM,50.9,51.0,50.9,51.0,100541.0
2021-06-04 09:30:00,NSE:INFIBEAM,51.0,51.0,50.85,50.95,108166.0
2021-06-04 09:33:00,NSE:INFIBEAM,50.85,50.9,50.6,50.65,81375.0
2021-06-04 09:36:00,NSE:INFIBEAM,50.55,50.7,50.5,50.65,211452.0
2021-06-04 09:39:00,NSE:INFIBEAM,50.55,50.7,50.55,50.7,61940.0
2021-06-04 09:42:00,NSE:INFIBEAM,50.7,50.7,50.55,50.6,116415.0
2021-06-04 09:45:00,NSE:INFIBEAM,50.55,50.6,50.2,50.25,167923.0
2021-06-04 09:48:00,NSE:INFIBEAM,50.3,50.3,50.0,50.15,278389.0
2021-06-04 09:51:00,NSE:INFIBEAM,50.1,50.15,50.0,50.05,245879.0
2021-06-04 09:54:00,NSE:INFIBEAM,50.1,50.2,50.05,50.2,76465.0
2021-06-04 09:57:00,NSE:INFIBEAM,50.2,50.3,50.1,50.3,75209.0
2021-06-04 10:00:00,NSE:INFIBEAM,50.3,50.5,50.2,50.45,58958.0
2021-06-04 10:03:00,NSE:INFIBEAM,50.5,50.65,50.4,50.65,45300.0
2021-06-04 10:06:00,NSE:INFIBEAM,50.6,50.7,50.5,50.55,33223.0
2021-06-04 10:09:00,NSE:INFIBEAM,50.5,50.55,50.25,50.3,56119.0
2021-06-04 10:12:00,NSE:INFIBEAM,50.3,50.4,50.25,50.35,53228.0
2021-06-04 10:15:00,NSE:INFIBEAM,50.3,50.45,50.3,50.4,33910.0
2021-06-04 10:18:00,NSE:INFIBEAM,50.4,50.5,50.35,50.4,41198.0
2021-06-04 10:21:00,NSE:INFIBEAM,50.35,50.45,50.3,50.35,32379.0
2021-06-04 10:24:00,NSE:INFIBEAM,50.35,50.5,50.35,50.5,26473.0
2021-06-04 10:27:00,NSE:INFIBEAM,50.5,50.6,50.4,50.55,26935.0
2021-06-04 10:30:00,NSE:INFIBEAM,50.55,50.6,50.5,50.55,59134.0
2021-06-04 10:33:00,NSE:INFIBEAM,50.55,50.6,50.5,50.6,33627.0
2021-06-04 10:36:00,NSE:INFIBEAM,50.5,50.55,50.35,50.35,49921.0
2021-06-04 10:39:00,NSE:INFIBEAM,50.35,50.5,50.35,50.4,44118.0
2021-06-04 10:42:00,NSE:INFIBEAM,50.5,50.55,50.4,50.55,14875.0
2021-06-04 10:45:00,NSE:INFIBEAM,50.5,50.6,50.45,50.5,31904.0
2021-06-04 10:48:00,NSE:INFIBEAM,50.45,50.55,50.35,50.5,38032.0
2021-06-04 10:51:00,NSE:INFIBEAM,50.45,50.5,50.4,50.5,15595.0
2021-06-04 10:54:00,NSE:INFIBEAM,50.45,50.5,50.4,50.45,23665.0
2021-06-04 10:57:00,NSE:INFIBEAM,50.45,50.45,50.4,50.4,23217.0
2021-06-04 11:00:00,NSE:INFIBEAM,50.45,50.45,50.4,50.4,29973.0
2021-06-04 11:03:00,NSE:INFIBEAM,50.4,50.5,50.4,50.45,22219.0
2021-06-04 11:06:00,NSE:INFIBEAM,50.45,50.45,50.3,50.3,31181.0
2021-06-04 11:09:00,NSE:INFIBEAM,50.35,50.35,50.3,50.35,30781.0
2021-06-04 11:12:00,NSE:INFIBEAM,50.35,50.35,50.25,50.25,29509.0
2021-06-04 11:15:00,NSE:INFIBEAM,50.25,50.35,50.2,50.25,53429.0
2021-06-04 11:18:00,NSE:INFIBEAM,50.15,50.2,50.1,50.15,47348.0
2021-06-04 11:21:00,NSE:INFIBEAM,50.1,50.15,50.05,50.1,70060.0
2021-06-04 11:24:00,NSE:INFIBEAM,50.05,50.1,50.0,50.1,55554.0
2021-06-04 11:27:00,NSE:INFIBEAM,50.05,50.15,50.05,50.15,32517.0
2021-06-04 11:30:00,NSE:INFIBEAM,50.1,50.2,50.1,50.1,16377.0
2021-06-04 11:33:00,NSE:INFIBEAM,50.1,50.2,50.1,50.2,14269.0
2021-06-04 11:36:00,NSE:INFIBEAM,50.15,50.25,50.15,50.2,29939.0
2021-06-04 11:39:00,NSE:INFIBEAM,50.25,50.25,50.15,50.15,10540.0
2021-06-04 11:42:00,NSE:INFIBEAM,50.15,50.25,50.15,50.2,15151.0
2021-06-04 11:45:00,NSE:INFIBEAM,50.25,50.25,50.15,50.25,19741.0
2021-06-04 11:48:00,NSE:INFIBEAM,50.25,50.25,50.2,50.2,11316.0
2021-06-04 11:51:00,NSE:INFIBEAM,50.15,50.25,50.15,50.2,12477.0
2021-06-04 11:54:00,NSE:INFIBEAM,50.25,50.25,50.05,50.1,92478.0
2021-06-04 11:57:00,NSE:INFIBEAM,50.05,50.15,50.05,50.1,17012.0
2021-06-04 12:00:00,NSE:INFIBEAM,50.15,50.2,50.1,50.15,22225.0
2021-06-04 12:03:00,NSE:INFIBEAM,50.1,50.2,50.1,50.2,21552.0
2021-06-04 12:06:00,NSE:INFIBEAM,50.15,50.2,50.15,50.2,11711.0
2021-06-04 12:09:00,NSE:INFIBEAM,50.2,50.2,50.1,50.15,46800.0
2021-06-04 12:12:00,NSE:INFIBEAM,50.1,50.2,50.1,50.15,24594.0
2021-06-04 12:15:00,NSE:INFIBEAM,50.15,50.15,50.1,50.15,12337.0
2021-06-04 12:18:00,NSE:INFIBEAM,50.1,50.15,50.1,50.15,14918.0
2021-06-04 12:21:00,NSE:INFIBEAM,50.15,50.15,50.1,50.1,16695.0
2021-06-04 12:24:00,NSE:INFIBEAM,50.15,50.2,50.1,50.15,20504.0
2021-06-04 12:27:00,NSE:INFIBEAM,50.1,50.15,50.1,50.15,13035.0
2021-06-04 12:30:00,NSE:INFIBEAM,50.1,50.2,50.1,50.15,22227.0
2021-06-04 12:33:00,NSE:INFIBEAM,50.1,50.2,50.1,50.1,16006.0
2021-06-04 12:36:00,NSE:INFIBEAM,50.2,50.2,50.1,50.15,24765.0
2021-06-04 12:39:00,NSE:INFIBEAM,50.2,50.25,50.1,50.2,17763.0
2021-06-04 12:42:00,NSE:INFIBEAM,50.15,50.2,50.1,50.2,14541.0
2021-06-04 12:45:00,NSE:INFIBEAM,50.15,50.2,50.1,50.1,30167.0
2021-06-04 12:48:00,NSE:INFIBEAM,50.1,50.2,50.1,50.15,15946.0
2021-06-04 12:51:00,NSE:INFIBEAM,50.1,50.15,50.1,50.15,16039.0
2021-06-04 12:54:00,NSE:INFIBEAM,50.1,50.2,50.1,50.15,15046.0
2021-06-04 12:57:00,NSE:INFIBEAM,50.15,50.2,50.1,50.2,15071.0
2021-06-04 13:00:00,NSE:INFIBEAM,50.15,50.2,50.15,50.15,13801.0
2021-06-04 13:03:00,NSE:INFIBEAM,50.2,50.2,50.1,50.2,35226.0
2021-06-04 13:06:00,NSE:INFIBEAM,50.2,50.2,50.15,50.2,24544.0
2021-06-04 13:09:00,NSE:INFIBEAM,50.15,50.2,50.15,50.2,29186.0
2021-06-04 13:12:00,NSE:INFIBEAM,50.15,50.2,50.1,50.2,18774.0
2021-06-04 13:15:00,NSE:INFIBEAM,50.1,50.15,50.1,50.15,26117.0
2021-06-04 13:18:00,NSE:INFIBEAM,50.1,50.15,50.05,50.15,36407.0
2021-06-04 13:21:00,NSE:INFIBEAM,50.15,50.15,50.05,50.1,25358.0
2021-06-04 13:24:00,NSE:INFIBEAM,50.05,50.1,50.0,50.1,52297.0
2021-06-04 13:27:00,NSE:INFIBEAM,50.05,50.1,49.9,50.0,295201.0
2021-06-04 13:30:00,NSE:INFIBEAM,50.0,50.0,49.9,49.95,49552.0
2021-06-04 13:33:00,NSE:INFIBEAM,49.9,50.0,49.9,49.9,50401.0
2021-06-04 13:36:00,NSE:INFIBEAM,49.9,49.95,49.8,49.85,68997.0
2021-06-04 13:39:00,NSE:INFIBEAM,49.85,49.9,49.75,49.75,66746.0
2021-06-04 13:42:00,NSE:INFIBEAM,49.75,49.8,49.6,49.7,111377.0
2021-06-04 13:45:00,NSE:INFIBEAM,49.65,49.75,49.6,49.6,75249.0
2021-06-04 13:48:00,NSE:INFIBEAM,49.65,49.65,49.55,49.6,35966.0
2021-06-04 13:51:00,NSE:INFIBEAM,49.55,49.65,49.55,49.6,38338.0
2021-06-04 13:54:00,NSE:INFIBEAM,49.6,49.7,49.55,49.65,31718.0
2021-06-04 13:57:00,NSE:INFIBEAM,49.65,49.75,49.6,49.65,28023.0
2021-06-04 14:00:00,NSE:INFIBEAM,49.65,49.65,49.6,49.65,31573.0
2021-06-04 14:03:00,NSE:INFIBEAM,49.6,49.7,49.6,49.65,38436.0
2021-06-04 14:06:00,NSE:INFIBEAM,49.65,49.7,49.6,49.6,34342.0
2021-06-04 14:09:00,NSE:INFIBEAM,49.6,49.65,49.5,49.55,68487.0
2021-06-04 14:12:00,NSE:INFIBEAM,49.5,49.6,49.5,49.6,30618.0
2021-06-04 14:15:00,NSE:INFIBEAM,49.6,49.65,49.5,49.6,40300.0
2021-06-04 14:18:00,NSE:INFIBEAM,49.5,49.6,49.5,49.6,41802.0
2021-06-04 14:21:00,NSE:INFIBEAM,49.55,49.65,49.55,49.55,36179.0
2021-06-04 14:24:00,NSE:INFIBEAM,49.55,49.65,49.55,49.65,41606.0
2021-06-04 14:27:00,NSE:INFIBEAM,49.6,49.7,49.55,49.6,30415.0
2021-06-04 14:30:00,NSE:INFIBEAM,49.7,49.75,49.6,49.75,26571.0
2021-06-04 14:33:00,NSE:INFIBEAM,49.75,49.85,49.75,49.85,37613.0
2021-06-04 14:36:00,NSE:INFIBEAM,49.85,49.95,49.75,49.95,35975.0
2021-06-04 14:39:00,NSE:INFIBEAM,49.95,50.2,49.9,50.15,139459.0
2021-06-04 14:42:00,NSE:INFIBEAM,50.15,50.25,50.0,50.05,67281.0
2021-06-04 14:45:00,NSE:INFIBEAM,50.05,50.1,50.0,50.05,60485.0
2021-06-04 14:48:00,NSE:INFIBEAM,49.95,50.05,49.95,50.0,61353.0
2021-06-04 14:51:00,NSE:INFIBEAM,49.95,50.0,49.95,49.95,51798.0
2021-06-04 14:54:00,NSE:INFIBEAM,49.95,50.0,49.85,50.0,48695.0
2021-06-04 14:57:00,NSE:INFIBEAM,50.0,50.0,49.85,49.95,35195.0
2021-06-04 15:00:00,NSE:INFIBEAM,49.9,49.95,49.9,49.95,44831.0
2021-06-04 15:03:00,NSE:INFIBEAM,49.95,50.0,49.9,50.0,58567.0
2021-06-04 15:06:00,NSE:INFIBEAM,49.9,50.0,49.85,49.95,35467.0
2021-06-04 15:09:00,NSE:INFIBEAM,49.9,50.0,49.8,49.85,86803.0
2021-06-04 15:12:00,NSE:INFIBEAM,49.85,49.9,49.75,49.75,91772.0
2021-06-04 15:15:00,NSE:INFIBEAM,49.75,49.95,49.65,49.95,160145.0
2021-06-04 15:18:00,NSE:INFIBEAM,49.85,49.9,49.8,49.8,122981.0
2021-06-04 15:21:00,NSE:INFIBEAM,49.9,50.0,49.8,50.0,108091.0
2021-06-04 15:24:00,NSE:INFIBEAM,50.0,50.05,49.9,50.05,134603.0
2021-06-04 15:27:00,NSE:INFIBEAM,50.1,50.2,50.0,50.15,160000.0
2021-06-04 15:30:00,NSE:INFIBEAM,50.15,50.15,50.15,50.15,74.0
2021-06-04 15:39:00,NSE:INFIBEAM,49.9,49.9,49.9,49.9,20.0
2021-06-07 09:06:00,NSE:INFIBEAM,50.4,50.4,50.4,50.4,24820.0
2021-06-07 09:15:00,NSE:INFIBEAM,50.45,50.5,50.05,50.15,209985.0
2021-06-07 09:18:00,NSE:INFIBEAM,50.15,50.2,50.0,50.2,106733.0
2021-06-07 09:21:00,NSE:INFIBEAM,50.15,50.2,50.1,50.15,103253.0
2021-06-07 09:24:00,NSE:INFIBEAM,50.15,50.2,49.8,49.8,166241.0
2021-06-07 09:27:00,NSE:INFIBEAM,49.75,50.3,49.75,50.25,219911.0
2021-06-07 09:30:00,NSE:INFIBEAM,50.35,50.7,50.3,50.7,207724.0
2021-06-07 09:33:00,NSE:INFIBEAM,50.55,50.85,50.5,50.85,133358.0
2021-06-07 09:36:00,NSE:INFIBEAM,50.8,51.65,50.8,51.65,188083.0
2021-06-07 09:39:00,NSE:INFIBEAM,51.65,52.0,51.65,51.95,245459.0
2021-06-07 09:42:00,NSE:INFIBEAM,51.8,52.95,51.7,52.55,758040.0
2021-06-07 09:45:00,NSE:INFIBEAM,52.55,52.7,52.05,52.05,196712.0
2021-06-07 09:48:00,NSE:INFIBEAM,52.0,52.25,52.0,52.1,141381.0
2021-06-07 09:51:00,NSE:INFIBEAM,52.05,52.05,51.4,51.85,191328.0
2021-06-07 09:54:00,NSE:INFIBEAM,51.85,52.2,51.85,52.15,119324.0
2021-06-07 09:57:00,NSE:INFIBEAM,52.1,52.15,51.6,51.7,83383.0
2021-06-07 10:00:00,NSE:INFIBEAM,51.6,51.7,51.55,51.7,45968.0
2021-06-07 10:03:00,NSE:INFIBEAM,51.6,52.15,51.6,52.15,109091.0
2021-06-07 10:06:00,NSE:INFIBEAM,52.05,52.2,52.05,52.1,61574.0
2021-06-07 10:09:00,NSE:INFIBEAM,52.15,52.15,51.9,52.0,54622.0
2021-06-07 10:12:00,NSE:INFIBEAM,51.95,52.0,51.75,51.8,55406.0
2021-06-07 10:15:00,NSE:INFIBEAM,51.7,51.9,51.7,51.85,32571.0
2021-06-07 10:18:00,NSE:INFIBEAM,51.8,52.2,51.8,52.15,101369.0
2021-06-07 10:21:00,NSE:INFIBEAM,52.1,52.15,52.0,52.1,49371.0
2021-06-07 10:24:00,NSE:INFIBEAM,52.1,52.1,52.0,52.05,42707.0
2021-06-07 10:27:00,NSE:INFIBEAM,52.0,52.05,52.0,52.05,41607.0
2021-06-07 10:30:00,NSE:INFIBEAM,52.05,52.05,51.95,52.0,51584.0
2021-06-07 10:33:00,NSE:INFIBEAM,52.0,52.05,51.9,51.95,26346.0
2021-06-07 10:36:00,NSE:INFIBEAM,52.0,52.05,51.95,52.0,29096.0
2021-06-07 10:39:00,NSE:INFIBEAM,52.0,52.05,51.9,52.0,58280.0
2021-06-07 10:42:00,NSE:INFIBEAM,51.9,52.0,51.8,51.95,16012.0
2021-06-07 10:45:00,NSE:INFIBEAM,51.95,51.95,51.7,51.8,37864.0
2021-06-07 10:48:00,NSE:INFIBEAM,51.75,52.05,51.75,52.0,115020.0
2021-06-07 10:51:00,NSE:INFIBEAM,52.0,52.0,51.75,51.75,68255.0
2021-06-07 10:54:00,NSE:INFIBEAM,51.7,51.8,51.65,51.7,153274.0
2021-06-07 10:57:00,NSE:INFIBEAM,51.65,51.7,51.55,51.6,43444.0
2021-06-07 11:00:00,NSE:INFIBEAM,51.55,51.6,51.5,51.6,30502.0
2021-06-07 11:03:00,NSE:INFIBEAM,51.6,51.75,51.55,51.7,30166.0
2021-06-07 11:06:00,NSE:INFIBEAM,51.65,52.0,51.65,52.0,34012.0
2021-06-07 11:09:00,NSE:INFIBEAM,51.95,52.0,51.9,51.95,34098.0
2021-06-07 11:12:00,NSE:INFIBEAM,51.9,51.95,51.9,51.95,31577.0
2021-06-07 11:15:00,NSE:INFIBEAM,51.95,51.95,51.85,51.95,35802.0
2021-06-07 11:18:00,NSE:INFIBEAM,51.85,51.95,51.8,51.9,16521.0
2021-06-07 11:21:00,NSE:INFIBEAM,51.85,51.95,51.8,51.85,17955.0
2021-06-07 11:24:00,NSE:INFIBEAM,51.85,51.95,51.7,51.7,34815.0
2021-06-07 11:27:00,NSE:INFIBEAM,51.75,51.8,51.7,51.75,31724.0
2021-06-07 11:30:00,NSE:INFIBEAM,51.7,51.85,51.65,51.7,15800.0
2021-06-07 11:33:00,NSE:INFIBEAM,51.65,51.8,51.65,51.75,16493.0
2021-06-07 11:36:00,NSE:INFIBEAM,51.65,51.7,51.6,51.7,20531.0
2021-06-07 11:39:00,NSE:INFIBEAM,51.7,51.7,51.6,51.6,36921.0
2021-06-07 11:42:00,NSE:INFIBEAM,51.6,51.6,51.5,51.6,14839.0
2021-06-07 11:45:00,NSE:INFIBEAM,51.55,51.75,51.55,51.7,22647.0
2021-06-07 11:48:00,NSE:INFIBEAM,51.75,51.75,51.7,51.7,12886.0
2021-06-07 11:51:00,NSE:INFIBEAM,51.75,51.8,51.7,51.8,14663.0
2021-06-07 11:54:00,NSE:INFIBEAM,51.7,51.85,51.7,51.8,17858.0
2021-06-07 11:57:00,NSE:INFIBEAM,51.8,51.85,51.7,51.7,19101.0
2021-06-07 12:00:00,NSE:INFIBEAM,51.8,51.8,51.7,51.8,16454.0
2021-06-07 12:03:00,NSE:INFIBEAM,51.7,51.8,51.65,51.8,13491.0
2021-06-07 12:06:00,NSE:INFIBEAM,51.8,51.85,51.7,51.85,25876.0
2021-06-07 12:09:00,NSE:INFIBEAM,51.85,51.9,51.75,51.75,15951.0
2021-06-07 12:12:00,NSE:INFIBEAM,51.75,51.85,51.7,51.75,17552.0
2021-06-07 12:15:00,NSE:INFIBEAM,51.75,51.8,51.6,51.65,27621.0
2021-06-07 12:18:00,NSE:INFIBEAM,51.65,51.75,51.6,51.6,20719.0
2021-06-07 12:21:00,NSE:INFIBEAM,51.7,51.7,51.5,51.55,32861.0
2021-06-07 12:24:00,NSE:INFIBEAM,51.55,51.65,51.5,51.65,29448.0
2021-06-07 12:27:00,NSE:INFIBEAM,51.55,51.7,51.55,51.65,14404.0
2021-06-07 12:30:00,NSE:INFIBEAM,51.65,51.75,51.6,51.65,23132.0
2021-06-07 12:33:00,NSE:INFIBEAM,51.7,51.75,51.65,51.7,10658.0
2021-06-07 12:36:00,NSE:INFIBEAM,51.6,51.7,51.6,51.7,13197.0
2021-06-07 12:39:00,NSE:INFIBEAM,51.65,51.7,51.55,51.55,23110.0
2021-06-07 12:42:00,NSE:INFIBEAM,51.55,51.6,51.5,51.55,24302.0
2021-06-07 12:45:00,NSE:INFIBEAM,51.6,51.6,51.5,51.6,26806.0
2021-06-07 12:48:00,NSE:INFIBEAM,51.55,51.6,51.5,51.5,11662.0
2021-06-07 12:51:00,NSE:INFIBEAM,51.5,51.55,51.25,51.25,35796.0
2021-06-07 12:54:00,NSE:INFIBEAM,51.25,51.3,51.0,51.25,122283.0
2021-06-07 12:57:00,NSE:INFIBEAM,51.25,51.3,50.95,51.0,58792.0
2021-06-07 13:00:00,NSE:INFIBEAM,50.95,51.1,50.95,51.0,34177.0
2021-06-07 13:03:00,NSE:INFIBEAM,51.0,51.0,50.95,51.0,28046.0
2021-06-07 13:06:00,NSE:INFIBEAM,51.0,51.0,50.9,50.95,35539.0
2021-06-07 13:09:00,NSE:INFIBEAM,51.0,51.15,50.9,51.1,23858.0
2021-06-07 13:12:00,NSE:INFIBEAM,51.05,51.15,51.0,51.1,14847.0
2021-06-07 13:15:00,NSE:INFIBEAM,51.0,51.15,51.0,51.15,12151.0
2021-06-07 13:18:00,NSE:INFIBEAM,51.15,51.2,51.0,51.1,20216.0
2021-06-07 13:21:00,NSE:INFIBEAM,51.05,51.2,51.0,51.2,11735.0
2021-06-07 13:24:00,NSE:INFIBEAM,51.1,51.2,51.05,51.2,18626.0
2021-06-07 13:27:00,NSE:INFIBEAM,51.1,51.35,51.05,51.35,26757.0
2021-06-07 13:30:00,NSE:INFIBEAM,51.3,51.3,51.1,51.1,18091.0
2021-06-07 13:33:00,NSE:INFIBEAM,51.1,51.25,51.0,51.05,27662.0
2021-06-07 13:36:00,NSE:INFIBEAM,51.0,51.1,50.95,51.1,41169.0
2021-06-07 13:39:00,NSE:INFIBEAM,51.1,51.1,51.0,51.0,32188.0
2021-06-07 13:42:00,NSE:INFIBEAM,50.95,51.0,50.75,50.8,56186.0
2021-06-07 13:45:00,NSE:INFIBEAM,50.8,50.9,50.75,50.9,30138.0
2021-06-07 13:48:00,NSE:INFIBEAM,50.8,51.0,50.8,50.9,30485.0
2021-06-07 13:51:00,NSE:INFIBEAM,50.9,51.0,50.8,50.85,44059.0
2021-06-07 13:54:00,NSE:INFIBEAM,50.95,51.1,50.85,51.05,34702.0
2021-06-07 13:57:00,NSE:INFIBEAM,51.05,51.05,50.85,50.85,56816.0
2021-06-07 14:00:00,NSE:INFIBEAM,50.85,50.9,50.75,50.8,22503.0
2021-06-07 14:03:00,NSE:INFIBEAM,50.85,50.85,50.75,50.8,11085.0
2021-06-07 14:06:00,NSE:INFIBEAM,50.8,50.85,50.75,50.85,19324.0
2021-06-07 14:09:00,NSE:INFIBEAM,50.85,50.9,50.75,50.75,46039.0
2021-06-07 14:12:00,NSE:INFIBEAM,50.75,50.8,50.6,50.65,59452.0
2021-06-07 14:15:00,NSE:INFIBEAM,50.7,50.8,50.65,50.75,20158.0
2021-06-07 14:18:00,NSE:INFIBEAM,50.75,50.8,50.55,50.65,60485.0
2021-06-07 14:21:00,NSE:INFIBEAM,50.6,50.7,50.55,50.7,17591.0
2021-06-07 14:24:00,NSE:INFIBEAM,50.7,50.8,50.65,50.8,20923.0
2021-06-07 14:27:00,NSE:INFIBEAM,50.75,50.85,50.75,50.85,16531.0
2021-06-07 14:30:00,NSE:INFIBEAM,50.8,50.9,50.75,50.9,17509.0
2021-06-07 14:33:00,NSE:INFIBEAM,50.9,50.9,50.6,50.9,85932.0
2021-06-07 14:36:00,NSE:INFIBEAM,50.85,50.95,50.85,50.95,32094.0
2021-06-07 14:39:00,NSE:INFIBEAM,50.95,50.95,50.9,50.95,12239.0
2021-06-07 14:42:00,NSE:INFIBEAM,50.95,51.1,50.7,50.75,73721.0
2021-06-07 14:45:00,NSE:INFIBEAM,50.75,50.8,50.65,50.7,28744.0
2021-06-07 14:48:00,NSE:INFIBEAM,50.75,50.95,50.65,50.7,67272.0
2021-06-07 14:51:00,NSE:INFIBEAM,50.75,50.75,50.65,50.7,20539.0
2021-06-07 14:54:00,NSE:INFIBEAM,50.75,50.75,50.5,50.65,76790.0
2021-06-07 14:57:00,NSE:INFIBEAM,50.55,50.65,50.5,50.6,37161.0
2021-06-07 15:00:00,NSE:INFIBEAM,50.6,50.75,50.55,50.6,56288.0
2021-06-07 15:03:00,NSE:INFIBEAM,50.6,50.7,50.55,50.7,36809.0
2021-06-07 15:06:00,NSE:INFIBEAM,50.65,50.7,50.6,50.7,38488.0
2021-06-07 15:09:00,NSE:INFIBEAM,50.7,50.7,50.55,50.55,78252.0
2021-06-07 15:12:00,NSE:INFIBEAM,50.6,50.65,50.5,50.65,73381.0
2021-06-07 15:15:00,NSE:INFIBEAM,50.6,50.95,50.5,50.5,189293.0
2021-06-07 15:18:00,NSE:INFIBEAM,50.6,50.6,50.45,50.45,107465.0
2021-06-07 15:21:00,NSE:INFIBEAM,50.55,50.6,50.4,50.5,88710.0
2021-06-07 15:24:00,NSE:INFIBEAM,50.5,50.6,50.45,50.5,118221.0
2021-06-07 15:27:00,NSE:INFIBEAM,50.5,50.65,50.4,50.55,215282.0
2021-06-07 15:30:00,NSE:INFIBEAM,50.4,50.4,50.4,50.4,1051.0
2021-06-07 15:39:00,NSE:INFIBEAM,50.55,50.55,50.4,50.4,1001.0
2021-06-08 09:06:00,NSE:INFIBEAM,50.85,50.85,50.85,50.85,13606.0
2021-06-08 09:15:00,NSE:INFIBEAM,50.9,50.9,50.5,50.55,110807.0
2021-06-08 09:18:00,NSE:INFIBEAM,50.55,50.6,50.1,50.3,191423.0
2021-06-08 09:21:00,NSE:INFIBEAM,50.25,50.3,50.0,50.1,98464.0
2021-06-08 09:24:00,NSE:INFIBEAM,50.1,50.2,50.0,50.05,85904.0
2021-06-08 09:27:00,NSE:INFIBEAM,50.0,50.15,50.0,50.1,73468.0
2021-06-08 09:30:00,NSE:INFIBEAM,50.0,50.2,50.0,50.1,50287.0
2021-06-08 09:33:00,NSE:INFIBEAM,50.1,50.4,50.1,50.35,49649.0
2021-06-08 09:36:00,NSE:INFIBEAM,50.35,50.5,50.05,50.25,109378.0
2021-06-08 09:39:00,NSE:INFIBEAM,50.15,50.35,50.15,50.15,33046.0
2021-06-08 09:42:00,NSE:INFIBEAM,50.2,50.2,50.0,50.15,49433.0
2021-06-08 09:45:00,NSE:INFIBEAM,50.15,50.15,50.0,50.0,102984.0
2021-06-08 09:48:00,NSE:INFIBEAM,50.05,50.15,49.5,49.5,121797.0
2021-06-08 09:51:00,NSE:INFIBEAM,49.5,49.8,49.3,49.8,91281.0
2021-06-08 09:54:00,NSE:INFIBEAM,49.7,49.8,49.6,49.7,27178.0
2021-06-08 09:57:00,NSE:INFIBEAM,49.6,49.7,49.5,49.55,22555.0
2021-06-08 10:00:00,NSE:INFIBEAM,49.55,49.6,49.5,49.55,26258.0
2021-06-08 10:03:00,NSE:INFIBEAM,49.5,49.55,49.35,49.55,46024.0
2021-06-08 10:06:00,NSE:INFIBEAM,49.5,49.5,49.3,49.4,75803.0
2021-06-08 10:09:00,NSE:INFIBEAM,49.4,49.45,49.3,49.4,29318.0
2021-06-08 10:12:00,NSE:INFIBEAM,49.4,49.5,49.35,49.5,56108.0
2021-06-08 10:15:00,NSE:INFIBEAM,49.45,49.65,49.4,49.6,54948.0
2021-06-08 10:18:00,NSE:INFIBEAM,49.5,49.6,49.5,49.55,9859.0
2021-06-08 10:21:00,NSE:INFIBEAM,49.55,49.65,49.5,49.65,34467.0
2021-06-08 10:24:00,NSE:INFIBEAM,49.55,49.65,49.5,49.55,22477.0
2021-06-08 10:27:00,NSE:INFIBEAM,49.6,49.65,49.55,49.6,23755.0
2021-06-08 10:30:00,NSE:INFIBEAM,49.55,49.65,49.55,49.65,21771.0
2021-06-08 10:33:00,NSE:INFIBEAM,49.6,49.7,49.6,49.65,14287.0
2021-06-08 10:36:00,NSE:INFIBEAM,49.65,49.65,49.55,49.65,23338.0
2021-06-08 10:39:00,NSE:INFIBEAM,49.55,49.75,49.55,49.75,28553.0
2021-06-08 10:42:00,NSE:INFIBEAM,49.7,50.3,49.7,50.15,102515.0
2021-06-08 10:45:00,NSE:INFIBEAM,50.2,50.3,50.05,50.15,40316.0
2021-06-08 10:48:00,NSE:INFIBEAM,50.1,50.2,50.0,50.15,21908.0
2021-06-08 10:51:00,NSE:INFIBEAM,50.1,50.25,50.05,50.25,32228.0
2021-06-08 10:54:00,NSE:INFIBEAM,50.15,50.25,50.15,50.2,22166.0
2021-06-08 10:57:00,NSE:INFIBEAM,50.1,50.2,50.1,50.2,15663.0
2021-06-08 11:00:00,NSE:INFIBEAM,50.1,50.2,50.05,50.1,16082.0
2021-06-08 11:03:00,NSE:INFIBEAM,50.1,50.2,50.05,50.05,20039.0
2021-06-08 11:06:00,NSE:INFIBEAM,50.05,50.2,50.05,50.1,13583.0
2021-06-08 11:09:00,NSE:INFIBEAM,50.2,50.2,50.05,50.05,10172.0
2021-06-08 11:12:00,NSE:INFIBEAM,50.05,50.15,50.05,50.1,12961.0
2021-06-08 11:15:00,NSE:INFIBEAM,50.05,50.15,50.0,50.15,33667.0
2021-06-08 11:18:00,NSE:INFIBEAM,50.1,50.15,50.1,50.15,10092.0
2021-06-08 11:21:00,NSE:INFIBEAM,50.05,50.15,50.05,50.1,14789.0
2021-06-08 11:24:00,NSE:INFIBEAM,50.05,50.15,50.05,50.1,12324.0
2021-06-08 11:27:00,NSE:INFIBEAM,50.05,50.15,50.05,50.1,13315.0
2021-06-08 11:30:00,NSE:INFIBEAM,50.05,50.15,50.05,50.15,21583.0
2021-06-08 11:33:00,NSE:INFIBEAM,50.15,50.2,50.1,50.15,13008.0
2021-06-08 11:36:00,NSE:INFIBEAM,50.1,50.2,50.05,50.15,11783.0
2021-06-08 11:39:00,NSE:INFIBEAM,50.15,50.2,50.05,50.15,9772.0
2021-06-08 11:42:00,NSE:INFIBEAM,50.15,50.15,50.0,50.05,55603.0
2021-06-08 11:45:00,NSE:INFIBEAM,50.05,50.1,49.9,49.95,32526.0
2021-06-08 11:48:00,NSE:INFIBEAM,49.9,50.05,49.9,50.0,12898.0
2021-06-08 11:51:00,NSE:INFIBEAM,50.0,50.1,49.9,50.0,15661.0
2021-06-08 11:54:00,NSE:INFIBEAM,50.1,50.1,49.95,49.95,13013.0
2021-06-08 11:57:00,NSE:INFIBEAM,49.9,50.2,49.9,50.2,26153.0
2021-06-08 12:00:00,NSE:INFIBEAM,50.15,50.3,50.15,50.2,24445.0
2021-06-08 12:03:00,NSE:INFIBEAM,50.2,50.25,50.1,50.1,10721.0
2021-06-08 12:06:00,NSE:INFIBEAM,50.05,50.1,50.0,50.05,9792.0
2021-06-08 12:09:00,NSE:INFIBEAM,50.05,50.05,49.9,50.0,26129.0
2021-06-08 12:12:00,NSE:INFIBEAM,49.95,50.05,49.9,49.95,25632.0
2021-06-08 12:15:00,NSE:INFIBEAM,49.9,50.0,49.9,50.0,9468.0
2021-06-08 12:18:00,NSE:INFIBEAM,50.0,50.0,49.8,49.85,26957.0
2021-06-08 12:21:00,NSE:INFIBEAM,49.8,49.9,49.8,49.9,12012.0
2021-06-08 12:24:00,NSE:INFIBEAM,49.85,49.9,49.75,49.8,19410.0
2021-06-08 12:27:00,NSE:INFIBEAM,49.75,49.8,49.7,49.8,24499.0
2021-06-08 12:30:00,NSE:INFIBEAM,49.7,49.8,49.7,49.7,23305.0
2021-06-08 12:33:00,NSE:INFIBEAM,49.7,49.7,49.6,49.7,104585.0
2021-06-08 12:36:00,NSE:INFIBEAM,49.65,49.7,49.55,49.65,23766.0
2021-06-08 12:39:00,NSE:INFIBEAM,49.65,49.7,49.6,49.6,26240.0
2021-06-08 12:42:00,NSE:INFIBEAM,49.55,49.6,49.5,49.55,67333.0
2021-06-08 12:45:00,NSE:INFIBEAM,49.5,49.55,49.35,49.5,97612.0
2021-06-08 12:48:00,NSE:INFIBEAM,49.45,49.55,49.45,49.45,40439.0
2021-06-08 12:51:00,NSE:INFIBEAM,49.45,49.6,49.45,49.6,16332.0
2021-06-08 12:54:00,NSE:INFIBEAM,49.55,49.6,49.5,49.5,17556.0
2021-06-08 12:57:00,NSE:INFIBEAM,49.55,49.6,49.5,49.55,66603.0
2021-06-08 13:00:00,NSE:INFIBEAM,49.5,49.7,49.5,49.65,37561.0
2021-06-08 13:03:00,NSE:INFIBEAM,49.6,49.85,49.6,49.8,18088.0
2021-06-08 13:06:00,NSE:INFIBEAM,49.7,49.85,49.65,49.8,23737.0
2021-06-08 13:09:00,NSE:INFIBEAM,49.75,49.8,49.5,49.5,46726.0
2021-06-08 13:12:00,NSE:INFIBEAM,49.5,49.6,49.5,49.6,14302.0
2021-06-08 13:15:00,NSE:INFIBEAM,49.55,49.6,49.55,49.55,15514.0
2021-06-08 13:18:00,NSE:INFIBEAM,49.55,49.65,49.55,49.65,9837.0
2021-06-08 13:21:00,NSE:INFIBEAM,49.55,49.7,49.55,49.7,20847.0
2021-06-08 13:24:00,NSE:INFIBEAM,49.6,49.75,49.6,49.7,12057.0
2021-06-08 13:27:00,NSE:INFIBEAM,49.7,49.75,49.6,49.7,10671.0
2021-06-08 13:30:00,NSE:INFIBEAM,49.6,49.7,49.55,49.6,34967.0
2021-06-08 13:33:00,NSE:INFIBEAM,49.55,49.6,49.55,49.6,18332.0
2021-06-08 13:36:00,NSE:INFIBEAM,49.6,49.65,49.6,49.65,12677.0
2021-06-08 13:39:00,NSE:INFIBEAM,49.6,49.7,49.6,49.7,7584.0
2021-06-08 13:42:00,NSE:INFIBEAM,49.65,49.7,49.5,49.5,58148.0
2021-06-08 13:45:00,NSE:INFIBEAM,49.5,49.55,49.5,49.55,45728.0
2021-06-08 13:48:00,NSE:INFIBEAM,49.55,49.6,49.5,49.5,25497.0
2021-06-08 13:51:00,NSE:INFIBEAM,49.5,49.6,49.5,49.6,10114.0
2021-06-08 13:54:00,NSE:INFIBEAM,49.55,49.6,49.5,49.6,15132.0
2021-06-08 13:57:00,NSE:INFIBEAM,49.6,49.6,49.5,49.55,9933.0
2021-06-08 14:00:00,NSE:INFIBEAM,49.5,49.55,49.45,49.5,28531.0
2021-06-08 14:03:00,NSE:INFIBEAM,49.45,49.55,49.45,49.45,11235.0
2021-06-08 14:06:00,NSE:INFIBEAM,49.45,49.55,49.45,49.5,29620.0
2021-06-08 14:09:00,NSE:INFIBEAM,49.45,49.5,49.45,49.45,13205.0
2021-06-08 14:12:00,NSE:INFIBEAM,49.5,49.5,49.45,49.5,10057.0
2021-06-08 14:15:00,NSE:INFIBEAM,49.45,49.55,49.45,49.55,12247.0
2021-06-08 14:18:00,NSE:INFIBEAM,49.55,49.55,49.4,49.45,34163.0
2021-06-08 14:21:00,NSE:INFIBEAM,49.4,49.55,49.4,49.5,28950.0
2021-06-08 14:24:00,NSE:INFIBEAM,49.45,49.6,49.45,49.6,46579.0
2021-06-08 14:27:00,NSE:INFIBEAM,49.55,49.65,49.5,49.65,16474.0
2021-06-08 14:30:00,NSE:INFIBEAM,49.6,49.65,49.6,49.6,22788.0
2021-06-08 14:33:00,NSE:INFIBEAM,49.65,49.7,49.6,49.7,12894.0
2021-06-08 14:36:00,NSE:INFIBEAM,49.6,49.7,49.6,49.65,9099.0
2021-06-08 14:39:00,NSE:INFIBEAM,49.7,49.7,49.6,49.7,17640.0
2021-06-08 14:42:00,NSE:INFIBEAM,49.7,49.7,49.6,49.7,18789.0
2021-06-08 14:45:00,NSE:INFIBEAM,49.6,49.7,49.6,49.7,8620.0
2021-06-08 14:48:00,NSE:INFIBEAM,49.6,49.7,49.6,49.6,22858.0
2021-06-08 14:51:00,NSE:INFIBEAM,49.6,49.7,49.6,49.65,9547.0
2021-06-08 14:54:00,NSE:INFIBEAM,49.6,49.65,49.5,49.65,56144.0
2021-06-08 14:57:00,NSE:INFIBEAM,49.6,49.65,49.55,49.6,13544.0
2021-06-08 15:00:00,NSE:INFIBEAM,49.6,49.7,49.6,49.65,388343.0
2021-06-08 15:03:00,NSE:INFIBEAM,49.7,49.7,49.65,49.65,35030.0
2021-06-08 15:06:00,NSE:INFIBEAM,49.65,49.7,49.65,49.7,22382.0
2021-06-08 15:09:00,NSE:INFIBEAM,49.65,49.85,49.65,49.85,58386.0
2021-06-08 15:12:00,NSE:INFIBEAM,49.8,49.9,49.8,49.8,198645.0
2021-06-08 15:15:00,NSE:INFIBEAM,49.8,49.9,49.8,49.85,37823.0
2021-06-08 15:18:00,NSE:INFIBEAM,49.8,49.9,49.8,49.9,55454.0
2021-06-08 15:21:00,NSE:INFIBEAM,49.9,49.95,49.85,49.95,70530.0
2021-06-08 15:24:00,NSE:INFIBEAM,49.95,50.0,49.85,49.9,172483.0
2021-06-08 15:27:00,NSE:INFIBEAM,49.85,49.95,49.2,49.25,382924.0
2021-06-08 15:30:00,NSE:INFIBEAM,49.25,49.25,49.25,49.25,2854.0
2021-06-08 15:39:00,NSE:INFIBEAM,49.7,49.7,49.7,49.7,500.0
2021-06-09 09:06:00,NSE:INFIBEAM,49.6,49.6,49.6,49.6,9278.0
2021-06-09 09:15:00,NSE:INFIBEAM,49.6,50.2,49.6,50.0,132113.0
2021-06-09 09:18:00,NSE:INFIBEAM,50.1,50.1,49.9,49.9,52848.0
2021-06-09 09:21:00,NSE:INFIBEAM,49.85,49.85,49.35,49.45,80340.0
2021-06-09 09:24:00,NSE:INFIBEAM,49.4,49.45,49.15,49.2,95187.0
2021-06-09 09:27:00,NSE:INFIBEAM,49.2,49.35,49.1,49.3,62290.0
2021-06-09 09:30:00,NSE:INFIBEAM,49.3,49.45,49.3,49.45,39605.0
2021-06-09 09:33:00,NSE:INFIBEAM,49.45,50.0,49.4,50.0,155744.0
2021-06-09 09:36:00,NSE:INFIBEAM,50.0,50.2,49.95,50.15,95114.0
2021-06-09 09:39:00,NSE:INFIBEAM,50.15,50.2,50.0,50.15,40778.0
2021-06-09 09:42:00,NSE:INFIBEAM,50.1,50.2,50.05,50.15,41875.0
2021-06-09 09:45:00,NSE:INFIBEAM,50.15,50.3,50.1,50.2,57595.0
2021-06-09 09:48:00,NSE:INFIBEAM,50.25,50.55,50.25,50.55,71328.0
2021-06-09 09:51:00,NSE:INFIBEAM,50.5,50.65,50.45,50.5,58120.0
2021-06-09 09:54:00,NSE:INFIBEAM,50.55,50.6,50.4,50.4,34183.0
2021-06-09 09:57:00,NSE:INFIBEAM,50.4,50.5,50.15,50.15,43144.0
2021-06-09 10:00:00,NSE:INFIBEAM,50.2,50.3,50.1,50.2,28702.0
2021-06-09 10:03:00,NSE:INFIBEAM,50.2,50.2,50.0,50.05,38834.0
2021-06-09 10:06:00,NSE:INFIBEAM,50.05,50.2,49.95,50.0,59628.0
2021-06-09 10:09:00,NSE:INFIBEAM,50.0,50.0,49.85,49.85,17246.0
2021-06-09 10:12:00,NSE:INFIBEAM,49.9,50.0,49.8,50.0,32849.0
2021-06-09 10:15:00,NSE:INFIBEAM,49.85,50.2,49.85,50.2,22998.0
2021-06-09 10:18:00,NSE:INFIBEAM,50.2,50.2,49.95,50.05,15083.0
2021-06-09 10:21:00,NSE:INFIBEAM,50.05,50.2,50.0,50.2,12037.0
2021-06-09 10:24:00,NSE:INFIBEAM,50.2,50.2,50.05,50.15,14936.0
2021-06-09 10:27:00,NSE:INFIBEAM,50.15,50.15,50.0,50.1,22066.0
2021-06-09 10:30:00,NSE:INFIBEAM,50.0,50.1,49.95,50.1,14323.0
2021-06-09 10:33:00,NSE:INFIBEAM,50.0,50.1,50.0,50.05,13530.0
2021-06-09 10:36:00,NSE:INFIBEAM,50.0,50.05,49.95,50.0,13097.0
2021-06-09 10:39:00,NSE:INFIBEAM,50.05,50.1,50.0,50.0,12038.0
2021-06-09 10:42:00,NSE:INFIBEAM,50.0,50.3,50.0,50.25,40191.0
2021-06-09 10:45:00,NSE:INFIBEAM,50.3,50.35,50.25,50.35,15387.0
2021-06-09 10:48:00,NSE:INFIBEAM,50.35,50.35,50.05,50.05,36067.0
2021-06-09 10:51:00,NSE:INFIBEAM,50.0,50.25,50.0,50.0,30087.0
2021-06-09 10:54:00,NSE:INFIBEAM,50.05,50.05,49.95,50.05,13659.0
2021-06-09 10:57:00,NSE:INFIBEAM,50.05,50.1,50.0,50.1,14000.0
2021-06-09 11:00:00,NSE:INFIBEAM,50.0,50.1,49.9,50.0,21436.0
2021-06-09 11:03:00,NSE:INFIBEAM,50.0,50.0,49.9,50.0,7648.0
2021-06-09 11:06:00,NSE:INFIBEAM,49.9,50.0,49.75,49.9,24421.0
2021-06-09 11:09:00,NSE:INFIBEAM,49.95,50.0,49.85,50.0,10750.0
2021-06-09 11:12:00,NSE:INFIBEAM,49.95,50.0,49.9,49.95,7368.0
2021-06-09 11:15:00,NSE:INFIBEAM,50.0,50.0,49.95,50.0,11051.0
2021-06-09 11:18:00,NSE:INFIBEAM,50.05,50.1,50.0,50.05,10192.0
2021-06-09 11:21:00,NSE:INFIBEAM,50.05,50.25,50.05,50.1,30101.0
2021-06-09 11:24:00,NSE:INFIBEAM,50.1,50.2,50.0,50.15,44508.0
2021-06-09 11:27:00,NSE:INFIBEAM,50.1,50.3,50.0,50.25,71441.0
2021-06-09 11:30:00,NSE:INFIBEAM,50.3,50.35,50.05,50.2,56108.0
2021-06-09 11:33:00,NSE:INFIBEAM,50.1,50.2,50.0,50.05,22093.0
2021-06-09 11:36:00,NSE:INFIBEAM,50.0,50.05,50.0,50.0,11279.0
2021-06-09 11:39:00,NSE:INFIBEAM,50.0,50.05,49.95,50.05,23132.0
2021-06-09 11:42:00,NSE:INFIBEAM,50.05,50.05,49.95,50.05,7888.0
2021-06-09 11:45:00,NSE:INFIBEAM,50.0,50.2,49.95,50.0,37474.0
2021-06-09 11:48:00,NSE:INFIBEAM,49.95,50.2,49.95,50.2,10719.0
2021-06-09 11:51:00,NSE:INFIBEAM,50.2,50.2,49.95,49.95,86679.0
2021-06-09 11:54:00,NSE:INFIBEAM,50.0,50.0,49.95,50.0,10916.0
2021-06-09 11:57:00,NSE:INFIBEAM,50.0,50.0,49.95,49.95,15560.0
2021-06-09 12:00:00,NSE:INFIBEAM,49.95,50.0,49.95,50.0,13039.0
2021-06-09 12:03:00,NSE:INFIBEAM,49.95,50.0,49.9,49.9,35070.0
2021-06-09 12:06:00,NSE:INFIBEAM,49.95,50.0,49.9,50.0,15209.0
2021-06-09 12:09:00,NSE:INFIBEAM,50.0,50.2,50.0,50.1,69784.0
2021-06-09 12:12:00,NSE:INFIBEAM,50.1,50.15,49.9,50.0,42854.0
2021-06-09 12:15:00,NSE:INFIBEAM,50.0,50.05,50.0,50.05,9225.0
2021-06-09 12:18:00,NSE:INFIBEAM,50.05,50.05,50.0,50.0,63713.0
2021-06-09 12:21:00,NSE:INFIBEAM,50.0,50.0,49.9,49.95,8421.0
2021-06-09 12:24:00,NSE:INFIBEAM,49.95,50.05,49.9,50.0,109041.0
2021-06-09 12:27:00,NSE:INFIBEAM,49.95,50.0,49.8,50.0,20502.0
2021-06-09 12:30:00,NSE:INFIBEAM,50.0,50.0,49.9,50.0,10841.0
2021-06-09 12:33:00,NSE:INFIBEAM,50.0,50.05,49.85,50.05,25442.0
2021-06-09 12:36:00,NSE:INFIBEAM,50.05,50.05,49.95,50.0,35127.0
2021-06-09 12:39:00,NSE:INFIBEAM,49.95,50.05,49.95,49.95,12436.0
2021-06-09 12:42:00,NSE:INFIBEAM,50.05,50.05,49.95,49.95,7076.0
2021-06-09 12:45:00,NSE:INFIBEAM,49.95,50.05,49.95,49.95,11619.0
2021-06-09 12:48:00,NSE:INFIBEAM,50.0,50.0,49.95,49.95,8504.0
2021-06-09 12:51:00,NSE:INFIBEAM,49.95,50.05,49.95,50.05,6708.0
2021-06-09 12:54:00,NSE:INFIBEAM,49.95,50.05,49.95,50.0,8364.0
2021-06-09 12:57:00,NSE:INFIBEAM,50.0,50.0,49.8,49.8,32523.0
2021-06-09 13:00:00,NSE:INFIBEAM,49.8,49.95,49.8,49.8,17106.0
2021-06-09 13:03:00,NSE:INFIBEAM,49.8,49.9,49.8,49.8,9584.0
2021-06-09 13:06:00,NSE:INFIBEAM,49.8,49.9,49.65,49.65,22886.0
2021-06-09 13:09:00,NSE:INFIBEAM,49.65,49.65,49.6,49.6,47277.0
2021-06-09 13:12:00,NSE:INFIBEAM,49.6,49.6,49.5,49.5,75399.0
2021-06-09 13:15:00,NSE:INFIBEAM,49.5,49.5,49.05,49.2,128751.0
2021-06-09 13:18:00,NSE:INFIBEAM,49.2,49.35,49.0,49.25,99757.0
2021-06-09 13:21:00,NSE:INFIBEAM,49.1,49.2,49.05,49.1,42156.0
2021-06-09 13:24:00,NSE:INFIBEAM,49.1,49.15,48.75,48.9,116103.0
2021-06-09 13:27:00,NSE:INFIBEAM,48.9,48.9,48.7,48.9,48033.0
2021-06-09 13:30:00,NSE:INFIBEAM,48.95,49.0,48.6,48.8,37263.0
2021-06-09 13:33:00,NSE:INFIBEAM,48.8,48.95,48.7,48.7,33083.0
2021-06-09 13:36:00,NSE:INFIBEAM,48.8,49.0,48.7,48.9,17591.0
2021-06-09 13:39:00,NSE:INFIBEAM,49.0,49.0,48.9,49.0,24532.0
2021-06-09 13:42:00,NSE:INFIBEAM,48.95,49.1,48.9,49.1,59629.0
2021-06-09 13:45:00,NSE:INFIBEAM,49.05,49.1,49.0,49.05,15755.0
2021-06-09 13:48:00,NSE:INFIBEAM,49.05,49.3,49.0,49.15,30206.0
2021-06-09 13:51:00,NSE:INFIBEAM,49.2,49.5,49.0,49.1,42484.0
2021-06-09 13:54:00,NSE:INFIBEAM,49.2,49.2,49.0,49.05,18750.0
2021-06-09 13:57:00,NSE:INFIBEAM,49.1,49.15,48.95,48.95,19680.0
2021-06-09 14:00:00,NSE:INFIBEAM,48.95,49.2,48.95,49.2,15618.0
2021-06-09 14:03:00,NSE:INFIBEAM,49.2,49.2,48.95,48.95,21037.0
2021-06-09 14:06:00,NSE:INFIBEAM,48.95,49.2,48.9,49.2,25943.0
2021-06-09 14:09:00,NSE:INFIBEAM,49.15,49.2,49.05,49.15,5527.0
2021-06-09 14:12:00,NSE:INFIBEAM,49.15,49.15,49.05,49.15,6277.0
2021-06-09 14:15:00,NSE:INFIBEAM,49.15,49.15,49.0,49.05,52053.0
2021-06-09 14:18:00,NSE:INFIBEAM,49.1,49.15,49.05,49.15,6280.0
2021-06-09 14:21:00,NSE:INFIBEAM,49.15,49.15,49.0,49.15,17727.0
2021-06-09 14:24:00,NSE:INFIBEAM,49.15,49.15,49.0,49.1,43707.0
2021-06-09 14:27:00,NSE:INFIBEAM,49.1,49.1,49.0,49.1,13963.0
2021-06-09 14:30:00,NSE:INFIBEAM,49.1,49.1,48.9,49.0,47043.0
2021-06-09 14:33:00,NSE:INFIBEAM,48.9,48.95,48.85,48.9,16131.0
2021-06-09 14:36:00,NSE:INFIBEAM,48.85,48.9,48.8,48.9,27556.0
2021-06-09 14:39:00,NSE:INFIBEAM,48.8,48.9,48.8,48.9,16525.0
2021-06-09 14:42:00,NSE:INFIBEAM,48.9,48.9,48.8,48.8,40400.0
2021-06-09 14:45:00,NSE:INFIBEAM,48.8,48.8,48.5,48.6,188325.0
2021-06-09 14:48:00,NSE:INFIBEAM,48.55,48.6,48.1,48.35,100520.0
2021-06-09 14:51:00,NSE:INFIBEAM,48.35,48.85,48.3,48.65,38249.0
2021-06-09 14:54:00,NSE:INFIBEAM,48.65,48.75,48.35,48.4,28366.0
2021-06-09 14:57:00,NSE:INFIBEAM,48.4,48.4,48.05,48.3,88965.0
2021-06-09 15:00:00,NSE:INFIBEAM,48.25,49.0,48.2,48.85,134618.0
2021-06-09 15:03:00,NSE:INFIBEAM,48.85,48.85,48.5,48.6,23463.0
2021-06-09 15:06:00,NSE:INFIBEAM,48.65,48.7,48.6,48.7,17420.0
2021-06-09 15:09:00,NSE:INFIBEAM,48.7,48.7,48.65,48.7,16908.0
2021-06-09 15:12:00,NSE:INFIBEAM,48.65,48.8,48.65,48.8,37524.0
2021-06-09 15:15:00,NSE:INFIBEAM,48.8,48.8,48.55,48.7,40176.0
2021-06-09 15:18:00,NSE:INFIBEAM,48.7,48.8,48.3,48.75,121657.0
2021-06-09 15:21:00,NSE:INFIBEAM,48.8,48.8,48.65,48.7,24157.0
2021-06-09 15:24:00,NSE:INFIBEAM,48.7,49.15,48.65,48.95,163655.0
2021-06-09 15:27:00,NSE:INFIBEAM,48.95,49.5,48.9,49.05,152783.0
2021-06-09 15:30:00,NSE:INFIBEAM,49.05,49.05,49.05,49.05,1003.0
2021-06-09 15:39:00,NSE:INFIBEAM,48.8,49.05,48.8,49.05,2437.0
2021-06-10 09:06:00,NSE:INFIBEAM,49.0,49.0,49.0,49.0,12945.0
2021-06-10 09:15:00,NSE:INFIBEAM,49.0,49.3,48.85,49.1,68714.0
2021-06-10 09:18:00,NSE:INFIBEAM,49.25,49.35,49.1,49.2,30462.0
2021-06-10 09:21:00,NSE:INFIBEAM,49.2,49.3,49.2,49.2,46700.0
2021-06-10 09:24:00,NSE:INFIBEAM,49.2,49.25,49.15,49.25,17571.0
2021-06-10 09:27:00,NSE:INFIBEAM,49.25,49.25,49.05,49.15,28113.0
2021-06-10 09:30:00,NSE:INFIBEAM,49.05,49.2,49.05,49.15,30100.0
2021-06-10 09:33:00,NSE:INFIBEAM,49.2,49.35,48.1,49.0,142450.0
2021-06-10 09:36:00,NSE:INFIBEAM,49.0,49.0,48.9,49.0,28880.0
2021-06-10 09:39:00,NSE:INFIBEAM,49.0,49.0,48.85,48.95,21074.0
2021-06-10 09:42:00,NSE:INFIBEAM,48.9,49.05,48.85,49.05,14179.0
2021-06-10 09:45:00,NSE:INFIBEAM,49.05,49.05,48.85,48.9,23150.0
2021-06-10 09:48:00,NSE:INFIBEAM,48.95,49.0,48.9,48.95,10767.0
2021-06-10 09:51:00,NSE:INFIBEAM,48.95,48.95,48.8,48.8,19210.0
2021-06-10 09:54:00,NSE:INFIBEAM,48.85,48.95,48.8,48.95,6531.0
2021-06-10 09:57:00,NSE:INFIBEAM,49.0,49.0,48.85,48.95,17195.0
2021-06-10 10:00:00,NSE:INFIBEAM,48.85,48.95,48.85,48.85,6168.0
2021-06-10 10:03:00,NSE:INFIBEAM,48.85,48.95,48.85,48.95,8643.0
2021-06-10 10:06:00,NSE:INFIBEAM,48.95,48.95,48.85,48.95,11375.0
2021-06-10 10:09:00,NSE:INFIBEAM,48.95,48.95,48.8,48.9,14082.0
2021-06-10 10:12:00,NSE:INFIBEAM,48.9,49.0,48.85,49.0,14666.0
2021-06-10 10:15:00,NSE:INFIBEAM,49.0,49.0,48.9,48.95,15873.0
2021-06-10 10:18:00,NSE:INFIBEAM,48.95,49.1,48.9,49.1,9721.0
2021-06-10 10:21:00,NSE:INFIBEAM,49.1,49.2,49.05,49.05,15110.0
2021-06-10 10:24:00,NSE:INFIBEAM,49.15,49.2,49.05,49.1,11088.0
2021-06-10 10:27:00,NSE:INFIBEAM,49.1,49.15,49.0,49.15,7689.0
2021-06-10 10:30:00,NSE:INFIBEAM,49.15,49.15,49.05,49.15,13477.0
2021-06-10 10:33:00,NSE:INFIBEAM,49.15,49.25,49.15,49.25,12366.0
2021-06-10 10:36:00,NSE:INFIBEAM,49.25,49.25,49.15,49.2,11469.0
2021-06-10 10:39:00,NSE:INFIBEAM,49.25,49.45,49.15,49.45,22974.0
2021-06-10 10:42:00,NSE:INFIBEAM,49.45,49.75,49.3,49.4,50156.0
2021-06-10 10:45:00,NSE:INFIBEAM,49.5,49.6,49.4,49.5,24904.0
2021-06-10 10:48:00,NSE:INFIBEAM,49.45,49.7,49.4,49.65,20788.0
2021-06-10 10:51:00,NSE:INFIBEAM,49.6,50.0,49.6,49.9,92336.0
2021-06-10 10:54:00,NSE:INFIBEAM,49.9,49.95,49.8,49.85,14116.0
2021-06-10 10:57:00,NSE:INFIBEAM,49.85,49.9,49.8,49.85,59943.0
2021-06-10 11:00:00,NSE:INFIBEAM,49.9,49.95,49.7,49.95,23630.0
2021-06-10 11:03:00,NSE:INFIBEAM,49.95,50.0,49.8,49.85,59190.0
2021-06-10 11:06:00,NSE:INFIBEAM,49.75,49.85,49.55,49.6,17495.0
2021-06-10 11:09:00,NSE:INFIBEAM,49.55,49.6,49.5,49.5,14821.0
2021-06-10 11:12:00,NSE:INFIBEAM,49.55,49.55,49.15,49.35,13542.0
2021-06-10 11:15:00,NSE:INFIBEAM,49.35,49.4,49.3,49.3,10190.0
2021-06-10 11:18:00,NSE:INFIBEAM,49.4,49.45,49.3,49.3,8577.0
2021-06-10 11:21:00,NSE:INFIBEAM,49.3,49.4,49.25,49.35,5824.0
2021-06-10 11:24:00,NSE:INFIBEAM,49.4,49.5,49.3,49.5,12234.0
2021-06-10 11:27:00,NSE:INFIBEAM,49.5,49.5,49.35,49.35,6273.0
2021-06-10 11:30:00,NSE:INFIBEAM,49.45,49.5,49.4,49.4,5315.0
2021-06-10 11:33:00,NSE:INFIBEAM,49.5,49.5,49.4,49.45,7654.0
2021-06-10 11:36:00,NSE:INFIBEAM,49.45,49.55,49.35,49.55,13435.0
2021-06-10 11:39:00,NSE:INFIBEAM,49.5,49.7,49.5,49.6,11382.0
2021-06-10 11:42:00,NSE:INFIBEAM,49.65,49.85,49.6,49.75,30788.0
2021-06-10 11:45:00,NSE:INFIBEAM,49.3,49.8,49.3,49.45,25011.0
2021-06-10 11:48:00,NSE:INFIBEAM,49.55,49.55,49.3,49.5,20155.0
2021-06-10 11:51:00,NSE:INFIBEAM,49.5,49.55,49.35,49.4,8174.0
2021-06-10 11:54:00,NSE:INFIBEAM,49.45,49.45,49.4,49.4,7379.0
2021-06-10 11:57:00,NSE:INFIBEAM,49.4,49.45,48.25,48.6,224934.0
2021-06-10 12:00:00,NSE:INFIBEAM,48.75,49.2,48.65,49.15,27135.0
2021-06-10 12:03:00,NSE:INFIBEAM,49.15,49.3,48.75,49.0,35455.0
2021-06-10 12:06:00,NSE:INFIBEAM,49.05,49.25,49.0,49.2,10359.0
2021-06-10 12:09:00,NSE:INFIBEAM,49.2,49.2,49.05,49.2,6774.0
2021-06-10 12:12:00,NSE:INFIBEAM,49.2,49.2,49.0,49.0,8585.0
2021-06-10 12:15:00,NSE:INFIBEAM,49.1,49.2,49.0,49.2,15955.0
2021-06-10 12:18:00,NSE:INFIBEAM,49.2,49.2,49.1,49.1,6869.0
2021-06-10 12:21:00,NSE:INFIBEAM,49.15,49.2,49.05,49.05,15474.0
2021-06-10 12:24:00,NSE:INFIBEAM,49.1,49.1,49.05,49.05,4879.0
2021-06-10 12:27:00,NSE:INFIBEAM,49.0,49.1,48.9,49.05,36762.0
2021-06-10 12:30:00,NSE:INFIBEAM,49.05,49.1,49.05,49.1,4675.0
2021-06-10 12:33:00,NSE:INFIBEAM,49.1,49.2,49.05,49.15,6004.0
2021-06-10 12:36:00,NSE:INFIBEAM,49.15,49.2,49.15,49.2,5520.0
2021-06-10 12:39:00,NSE:INFIBEAM,49.2,49.25,49.15,49.2,5718.0
2021-06-10 12:42:00,NSE:INFIBEAM,49.2,49.25,49.15,49.25,7333.0
2021-06-10 12:45:00,NSE:INFIBEAM,49.25,49.25,49.1,49.2,20464.0
2021-06-10 12:48:00,NSE:INFIBEAM,49.15,49.2,49.1,49.2,7172.0
2021-06-10 12:51:00,NSE:INFIBEAM,49.2,49.2,49.1,49.2,5869.0
2021-06-10 12:54:00,NSE:INFIBEAM,49.2,49.2,49.15,49.15,1748.0
2021-06-10 12:57:00,NSE:INFIBEAM,49.15,49.2,49.05,49.2,16922.0
2021-06-10 13:00:00,NSE:INFIBEAM,49.2,49.2,49.1,49.2,5807.0
2021-06-10 13:03:00,NSE:INFIBEAM,49.1,49.2,49.1,49.2,858.0
2021-06-10 13:06:00,NSE:INFIBEAM,49.2,49.25,49.15,49.2,5185.0
2021-06-10 13:09:00,NSE:INFIBEAM,49.2,49.25,49.15,49.25,8071.0
2021-06-10 13:12:00,NSE:INFIBEAM,49.25,49.35,49.15,49.35,4234.0
2021-06-10 13:15:00,NSE:INFIBEAM,49.35,49.35,49.2,49.35,10526.0
2021-06-10 13:18:00,NSE:INFIBEAM,49.35,49.4,49.3,49.35,14421.0
2021-06-10 13:21:00,NSE:INFIBEAM,49.4,49.45,49.35,49.35,7618.0
2021-06-10 13:24:00,NSE:INFIBEAM,49.35,49.35,49.2,49.35,8400.0
2021-06-10 13:27:00,NSE:INFIBEAM,49.35,49.35,49.2,49.35,4209.0
2021-06-10 13:30:00,NSE:INFIBEAM,49.3,49.35,49.2,49.25,5639.0
2021-06-10 13:33:00,NSE:INFIBEAM,49.35,49.35,49.2,49.3,4257.0
2021-06-10 13:36:00,NSE:INFIBEAM,49.3,49.3,49.25,49.3,2838.0
2021-06-10 13:39:00,NSE:INFIBEAM,49.25,49.3,49.25,49.3,5218.0
2021-06-10 13:42:00,NSE:INFIBEAM,49.3,49.35,49.25,49.35,3044.0
2021-06-10 13:45:00,NSE:INFIBEAM,49.3,49.3,49.25,49.3,965.0
2021-06-10 13:48:00,NSE:INFIBEAM,49.3,49.3,49.2,49.3,6556.0
2021-06-10 13:51:00,NSE:INFIBEAM,49.3,49.35,49.2,49.2,10653.0
2021-06-10 13:54:00,NSE:INFIBEAM,49.25,49.35,49.2,49.2,26582.0
2021-06-10 13:57:00,NSE:INFIBEAM,49.1,49.2,49.0,49.15,23950.0
2021-06-10 14:00:00,NSE:INFIBEAM,49.2,49.45,49.15,49.45,22774.0
2021-06-10 14:03:00,NSE:INFIBEAM,49.25,49.35,49.15,49.25,6928.0
2021-06-10 14:06:00,NSE:INFIBEAM,49.2,49.3,49.15,49.2,13982.0
2021-06-10 14:09:00,NSE:INFIBEAM,49.25,49.3,49.2,49.2,16429.0
2021-06-10 14:12:00,NSE:INFIBEAM,49.25,49.3,49.0,49.1,36528.0
2021-06-10 14:15:00,NSE:INFIBEAM,49.1,49.15,48.95,49.15,18128.0
2021-06-10 14:18:00,NSE:INFIBEAM,49.15,49.25,49.05,49.25,17309.0
2021-06-10 14:21:00,NSE:INFIBEAM,49.15,49.25,49.15,49.2,2081.0
2021-06-10 14:24:00,NSE:INFIBEAM,49.25,49.25,49.1,49.15,7644.0
2021-06-10 14:27:00,NSE:INFIBEAM,49.2,49.2,49.1,49.15,5510.0
2021-06-10 14:30:00,NSE:INFIBEAM,49.2,49.2,49.1,49.2,14142.0
2021-06-10 14:33:00,NSE:INFIBEAM,49.2,49.2,48.95,49.0,32084.0
2021-06-10 14:36:00,NSE:INFIBEAM,49.0,49.0,48.95,48.95,12398.0
2021-06-10 14:39:00,NSE:INFIBEAM,49.0,49.0,48.85,48.95,28351.0
2021-06-10 14:42:00,NSE:INFIBEAM,48.9,49.0,48.9,49.0,8353.0
2021-06-10 14:45:00,NSE:INFIBEAM,49.0,49.15,48.95,49.1,16336.0
2021-06-10 14:48:00,NSE:INFIBEAM,49.05,49.2,49.05,49.1,7362.0
2021-06-10 14:51:00,NSE:INFIBEAM,49.15,49.2,49.1,49.15,5796.0
2021-06-10 14:54:00,NSE:INFIBEAM,49.15,49.2,48.95,49.0,37602.0
2021-06-10 14:57:00,NSE:INFIBEAM,49.1,49.2,49.0,49.15,13134.0
2021-06-10 15:00:00,NSE:INFIBEAM,49.15,49.15,49.05,49.15,28239.0
2021-06-10 15:03:00,NSE:INFIBEAM,49.15,49.15,49.05,49.1,11408.0
2021-06-10 15:06:00,NSE:INFIBEAM,49.05,49.2,48.95,49.1,61341.0
2021-06-10 15:09:00,NSE:INFIBEAM,49.05,49.05,48.95,49.0,19940.0
2021-06-10 15:12:00,NSE:INFIBEAM,49.0,49.05,48.95,49.05,37630.0
2021-06-10 15:15:00,NSE:INFIBEAM,49.05,49.1,49.0,49.1,32227.0
2021-06-10 15:18:00,NSE:INFIBEAM,49.1,49.1,49.0,49.0,22023.0
2021-06-10 15:21:00,NSE:INFIBEAM,49.0,49.1,49.0,49.1,50356.0
2021-06-10 15:24:00,NSE:INFIBEAM,49.15,49.15,49.0,49.1,70079.0
2021-06-10 15:27:00,NSE:INFIBEAM,49.05,49.2,49.0,49.2,50852.0
2021-06-10 15:30:00,NSE:INFIBEAM,49.15,49.15,49.15,49.15,1000.0
2021-06-10 15:39:00,NSE:INFIBEAM,49.05,49.05,49.05,49.05,150.0
2021-06-11 09:06:00,NSE:INFIBEAM,49.5,49.5,49.5,49.5,20706.0
2021-06-11 09:15:00,NSE:INFIBEAM,49.15,49.9,49.15,49.8,123872.0
2021-06-11 09:18:00,NSE:INFIBEAM,49.8,49.85,49.6,49.7,54241.0
2021-06-11 09:21:00,NSE:INFIBEAM,49.6,49.7,49.35,49.35,50679.0
2021-06-11 09:24:00,NSE:INFIBEAM,49.45,49.7,49.35,49.65,29156.0
2021-06-11 09:27:00,NSE:INFIBEAM,49.7,49.8,49.6,49.8,46687.0
2021-06-11 09:30:00,NSE:INFIBEAM,49.8,49.9,49.75,49.85,53639.0
2021-06-11 09:33:00,NSE:INFIBEAM,49.85,49.85,49.7,49.8,36300.0
2021-06-11 09:36:00,NSE:INFIBEAM,49.8,49.85,49.75,49.85,21276.0
2021-06-11 09:39:00,NSE:INFIBEAM,49.8,49.85,49.8,49.8,18168.0
2021-06-11 09:42:00,NSE:INFIBEAM,49.8,50.5,49.65,50.45,242576.0
2021-06-11 09:45:00,NSE:INFIBEAM,50.45,50.45,50.2,50.45,169696.0
2021-06-11 09:48:00,NSE:INFIBEAM,50.45,50.45,50.15,50.25,114968.0
2021-06-11 09:51:00,NSE:INFIBEAM,50.25,50.65,50.15,50.65,1841075.0
2021-06-11 09:54:00,NSE:INFIBEAM,50.65,51.2,50.65,50.95,406876.0
2021-06-11 09:57:00,NSE:INFIBEAM,50.95,51.8,50.85,51.7,1527692.0
2021-06-11 10:00:00,NSE:INFIBEAM,51.8,51.95,51.35,51.45,387547.0
2021-06-11 10:03:00,NSE:INFIBEAM,51.4,51.5,51.15,51.35,1961853.0
2021-06-11 10:06:00,NSE:INFIBEAM,51.35,51.35,51.1,51.15,85848.0
2021-06-11 10:09:00,NSE:INFIBEAM,51.15,51.2,50.8,50.85,135836.0
2021-06-11 10:12:00,NSE:INFIBEAM,50.85,51.0,50.75,50.75,49002.0
2021-06-11 10:15:00,NSE:INFIBEAM,50.75,50.75,50.4,50.65,107226.0
2021-06-11 10:18:00,NSE:INFIBEAM,50.65,50.85,50.6,50.8,45952.0
2021-06-11 10:21:00,NSE:INFIBEAM,50.95,51.1,50.85,50.9,117959.0
2021-06-11 10:24:00,NSE:INFIBEAM,51.0,51.05,50.9,51.05,39403.0
2021-06-11 10:27:00,NSE:INFIBEAM,51.0,51.15,50.9,51.1,58513.0
2021-06-11 10:30:00,NSE:INFIBEAM,51.15,51.2,51.0,51.2,92483.0
2021-06-11 10:33:00,NSE:INFIBEAM,51.2,51.2,51.0,51.15,69929.0
2021-06-11 10:36:00,NSE:INFIBEAM,51.2,51.2,51.05,51.05,39971.0
2021-06-11 10:39:00,NSE:INFIBEAM,51.1,51.1,50.9,50.95,37122.0
2021-06-11 10:42:00,NSE:INFIBEAM,50.95,51.0,50.9,50.9,16334.0
2021-06-11 10:45:00,NSE:INFIBEAM,50.95,51.45,50.9,51.45,166126.0
2021-06-11 10:48:00,NSE:INFIBEAM,51.4,51.7,51.35,51.45,154945.0
2021-06-11 10:51:00,NSE:INFIBEAM,51.45,51.5,51.35,51.4,29625.0
2021-06-11 10:54:00,NSE:INFIBEAM,51.35,51.35,51.05,51.15,99434.0
2021-06-11 10:57:00,NSE:INFIBEAM,51.15,51.2,51.1,51.15,19048.0
2021-06-11 11:00:00,NSE:INFIBEAM,51.15,51.15,50.9,50.95,28104.0
2021-06-11 11:03:00,NSE:INFIBEAM,51.0,51.0,50.95,51.0,12462.0
2021-06-11 11:06:00,NSE:INFIBEAM,51.0,51.2,50.95,51.2,44916.0
2021-06-11 11:09:00,NSE:INFIBEAM,51.25,51.3,51.1,51.1,21168.0
2021-06-11 11:12:00,NSE:INFIBEAM,51.2,51.2,50.9,50.95,30549.0
2021-06-11 11:15:00,NSE:INFIBEAM,50.9,51.0,50.85,50.9,45289.0
2021-06-11 11:18:00,NSE:INFIBEAM,50.95,51.0,50.85,50.95,19843.0
2021-06-11 11:21:00,NSE:INFIBEAM,50.9,51.15,50.85,51.1,36197.0
2021-06-11 11:24:00,NSE:INFIBEAM,51.1,51.15,51.0,51.1,32431.0
2021-06-11 11:27:00,NSE:INFIBEAM,51.1,51.1,51.0,51.1,29875.0
2021-06-11 11:30:00,NSE:INFIBEAM,51.05,51.1,51.05,51.1,23947.0
2021-06-11 11:33:00,NSE:INFIBEAM,51.05,51.05,50.85,50.85,86793.0
2021-06-11 11:36:00,NSE:INFIBEAM,50.85,50.95,50.8,50.85,40477.0
2021-06-11 11:39:00,NSE:INFIBEAM,50.85,50.95,50.8,50.85,46300.0
2021-06-11 11:42:00,NSE:INFIBEAM,50.85,50.9,50.8,50.8,15338.0
2021-06-11 11:45:00,NSE:INFIBEAM,50.8,50.95,50.8,50.95,13749.0
2021-06-11 11:48:00,NSE:INFIBEAM,50.9,50.95,50.8,50.95,30656.0
2021-06-11 11:51:00,NSE:INFIBEAM,50.95,50.95,50.8,50.95,17124.0
2021-06-11 11:54:00,NSE:INFIBEAM,50.95,51.1,50.8,51.1,223041.0
2021-06-11 11:57:00,NSE:INFIBEAM,51.1,51.1,51.0,51.05,119188.0
2021-06-11 12:00:00,NSE:INFIBEAM,51.0,51.1,51.0,51.05,8287.0
2021-06-11 12:03:00,NSE:INFIBEAM,51.0,51.15,51.0,51.05,86187.0
2021-06-11 12:06:00,NSE:INFIBEAM,51.05,51.2,51.05,51.2,13147.0
2021-06-11 12:09:00,NSE:INFIBEAM,51.2,51.2,51.0,51.05,222385.0
2021-06-11 12:12:00,NSE:INFIBEAM,51.05,51.05,50.6,50.6,69035.0
2021-06-11 12:15:00,NSE:INFIBEAM,50.65,50.7,50.55,50.7,24204.0
2021-06-11 12:18:00,NSE:INFIBEAM,50.65,50.95,50.65,50.7,425870.0
2021-06-11 12:21:00,NSE:INFIBEAM,50.75,50.9,50.7,50.8,37610.0
2021-06-11 12:24:00,NSE:INFIBEAM,50.8,50.95,50.75,50.85,16780.0
2021-06-11 12:27:00,NSE:INFIBEAM,50.85,50.85,50.65,50.8,22446.0
2021-06-11 12:30:00,NSE:INFIBEAM,50.8,50.85,50.7,50.75,11667.0
2021-06-11 12:33:00,NSE:INFIBEAM,50.8,50.85,50.75,50.8,5895.0
2021-06-11 12:36:00,NSE:INFIBEAM,50.85,50.9,50.75,50.8,6197.0
2021-06-11 12:39:00,NSE:INFIBEAM,50.85,50.85,50.75,50.8,6637.0
2021-06-11 12:42:00,NSE:INFIBEAM,50.8,50.8,50.75,50.8,7624.0
2021-06-11 12:45:00,NSE:INFIBEAM,50.75,50.9,50.75,50.9,7109.0
2021-06-11 12:48:00,NSE:INFIBEAM,50.9,50.95,50.75,50.75,37581.0
2021-06-11 12:51:00,NSE:INFIBEAM,50.75,50.8,50.75,50.8,34978.0
2021-06-11 12:54:00,NSE:INFIBEAM,50.75,50.8,50.75,50.75,7471.0
2021-06-11 12:57:00,NSE:INFIBEAM,50.8,50.9,50.75,50.9,18458.0
2021-06-11 13:00:00,NSE:INFIBEAM,50.9,50.9,50.75,50.85,6278.0
2021-06-11 13:03:00,NSE:INFIBEAM,50.8,50.9,50.8,50.8,6277.0
2021-06-11 13:06:00,NSE:INFIBEAM,50.9,50.9,50.8,50.85,8578.0
2021-06-11 13:09:00,NSE:INFIBEAM,50.8,50.85,50.75,50.75,7395.0
2021-06-11 13:12:00,NSE:INFIBEAM,50.85,50.85,50.75,50.75,3439.0
2021-06-11 13:15:00,NSE:INFIBEAM,50.75,50.85,50.75,50.85,5577.0
2021-06-11 13:18:00,NSE:INFIBEAM,50.85,50.9,50.8,50.8,12985.0
2021-06-11 13:21:00,NSE:INFIBEAM,50.85,50.85,50.7,50.8,14267.0
2021-06-11 13:24:00,NSE:INFIBEAM,50.8,50.85,50.75,50.8,9578.0
2021-06-11 13:27:00,NSE:INFIBEAM,50.85,50.85,50.7,50.8,514089.0
2021-06-11 13:30:00,NSE:INFIBEAM,50.75,51.0,50.75,51.0,893914.0
2021-06-11 13:33:00,NSE:INFIBEAM,50.95,51.0,50.8,51.0,321649.0
2021-06-11 13:36:00,NSE:INFIBEAM,51.0,51.5,51.0,51.3,132141.0
2021-06-11 13:39:00,NSE:INFIBEAM,51.3,51.45,51.25,51.45,105394.0
2021-06-11 13:42:00,NSE:INFIBEAM,51.35,51.45,51.35,51.45,72264.0
2021-06-11 13:45:00,NSE:INFIBEAM,51.45,51.7,51.35,51.6,142016.0
2021-06-11 13:48:00,NSE:INFIBEAM,51.6,51.75,51.5,51.55,150545.0
2021-06-11 13:51:00,NSE:INFIBEAM,51.6,51.6,51.05,51.2,72163.0
2021-06-11 13:54:00,NSE:INFIBEAM,51.25,51.3,51.1,51.1,48620.0
2021-06-11 13:57:00,NSE:INFIBEAM,51.25,51.25,51.0,51.1,59153.0
2021-06-11 14:00:00,NSE:INFIBEAM,51.15,51.2,51.1,51.15,422480.0
2021-06-11 14:03:00,NSE:INFIBEAM,51.15,51.5,51.15,51.5,670459.0
2021-06-11 14:06:00,NSE:INFIBEAM,51.4,51.5,51.2,51.3,362671.0
2021-06-11 14:09:00,NSE:INFIBEAM,51.3,51.3,51.2,51.2,40777.0
2021-06-11 14:12:00,NSE:INFIBEAM,51.15,51.2,51.05,51.05,34101.0
2021-06-11 14:15:00,NSE:INFIBEAM,51.15,51.15,51.1,51.15,20737.0
2021-06-11 14:18:00,NSE:INFIBEAM,51.15,51.15,50.9,50.95,72891.0
2021-06-11 14:21:00,NSE:INFIBEAM,51.0,51.1,50.9,51.0,84230.0
2021-06-11 14:24:00,NSE:INFIBEAM,51.0,51.2,50.85,51.15,59773.0
2021-06-11 14:27:00,NSE:INFIBEAM,51.2,51.3,51.15,51.2,27036.0
2021-06-11 14:30:00,NSE:INFIBEAM,51.2,51.3,51.15,51.2,25143.0
2021-06-11 14:33:00,NSE:INFIBEAM,51.2,51.25,51.15,51.2,20522.0
2021-06-11 14:36:00,NSE:INFIBEAM,51.2,51.45,51.1,51.35,159079.0
2021-06-11 14:39:00,NSE:INFIBEAM,51.4,51.45,51.3,51.35,55112.0
2021-06-11 14:42:00,NSE:INFIBEAM,51.4,51.4,51.3,51.35,25471.0
2021-06-11 14:45:00,NSE:INFIBEAM,51.3,51.55,51.25,51.25,107869.0
2021-06-11 14:48:00,NSE:INFIBEAM,51.25,51.25,51.05,51.1,82565.0
2021-06-11 14:51:00,NSE:INFIBEAM,51.05,51.25,51.05,51.2,41925.0
2021-06-11 14:54:00,NSE:INFIBEAM,51.2,51.25,51.15,51.2,23705.0
2021-06-11 14:57:00,NSE:INFIBEAM,51.2,51.45,51.05,51.3,1262404.0
2021-06-11 15:00:00,NSE:INFIBEAM,51.35,52.0,51.3,51.6,1447534.0
2021-06-11 15:03:00,NSE:INFIBEAM,51.55,51.75,51.5,51.5,82227.0
2021-06-11 15:06:00,NSE:INFIBEAM,51.55,51.55,51.4,51.4,97704.0
2021-06-11 15:09:00,NSE:INFIBEAM,51.45,51.45,51.3,51.35,54663.0
2021-06-11 15:12:00,NSE:INFIBEAM,51.35,51.45,51.3,51.4,65060.0
2021-06-11 15:15:00,NSE:INFIBEAM,51.35,51.45,51.15,51.4,416895.0
2021-06-11 15:18:00,NSE:INFIBEAM,51.4,51.45,51.05,51.1,159852.0
2021-06-11 15:21:00,NSE:INFIBEAM,51.1,51.2,51.0,51.05,189850.0
2021-06-11 15:24:00,NSE:INFIBEAM,51.05,51.2,50.9,51.2,462604.0
2021-06-11 15:27:00,NSE:INFIBEAM,51.15,51.2,50.9,50.95,169281.0
2021-06-11 15:39:00,NSE:INFIBEAM,51.5,51.5,51.5,51.5,11.0
2021-06-14 09:06:00,NSE:INFIBEAM,52.0,52.0,52.0,52.0,46975.0
2021-06-14 09:15:00,NSE:INFIBEAM,51.9,51.9,51.05,51.6,243608.0
2021-06-14 09:18:00,NSE:INFIBEAM,51.45,51.6,51.25,51.35,87599.0
2021-06-14 09:21:00,NSE:INFIBEAM,51.25,51.3,50.65,50.7,152025.0
2021-06-14 09:24:00,NSE:INFIBEAM,50.65,50.75,50.25,50.4,225123.0
2021-06-14 09:27:00,NSE:INFIBEAM,50.35,50.65,50.1,50.6,108549.0
2021-06-14 09:30:00,NSE:INFIBEAM,50.6,50.6,50.0,50.0,188606.0
2021-06-14 09:33:00,NSE:INFIBEAM,50.05,50.05,49.5,49.9,186711.0
2021-06-14 09:36:00,NSE:INFIBEAM,49.95,50.55,49.85,50.45,106107.0
2021-06-14 09:39:00,NSE:INFIBEAM,50.55,50.7,50.5,50.7,62919.0
2021-06-14 09:42:00,NSE:INFIBEAM,50.75,51.3,50.7,50.95,166452.0
2021-06-14 09:45:00,NSE:INFIBEAM,50.9,50.95,50.4,50.4,88483.0
2021-06-14 09:48:00,NSE:INFIBEAM,50.5,50.65,50.4,50.65,74663.0
2021-06-14 09:51:00,NSE:INFIBEAM,50.65,50.85,50.4,50.5,94586.0
2021-06-14 09:54:00,NSE:INFIBEAM,50.5,50.7,50.5,50.7,37398.0
2021-06-14 09:57:00,NSE:INFIBEAM,50.75,51.1,50.65,51.1,76789.0
2021-06-14 10:00:00,NSE:INFIBEAM,51.1,51.5,51.0,51.05,128381.0
2021-06-14 10:03:00,NSE:INFIBEAM,51.1,51.2,51.0,51.1,32807.0
2021-06-14 10:06:00,NSE:INFIBEAM,51.2,51.2,50.9,50.95,40197.0
2021-06-14 10:09:00,NSE:INFIBEAM,50.9,51.1,50.9,51.0,34010.0
2021-06-14 10:12:00,NSE:INFIBEAM,51.0,51.45,51.0,51.4,49366.0
2021-06-14 10:15:00,NSE:INFIBEAM,51.5,51.6,51.4,51.45,85493.0
2021-06-14 10:18:00,NSE:INFIBEAM,51.45,51.5,51.25,51.4,72338.0
2021-06-14 10:21:00,NSE:INFIBEAM,51.3,51.4,51.3,51.35,19433.0
2021-06-14 10:24:00,NSE:INFIBEAM,51.3,51.35,51.0,51.3,107120.0
2021-06-14 10:27:00,NSE:INFIBEAM,51.35,51.5,51.35,51.4,17625.0
2021-06-14 10:30:00,NSE:INFIBEAM,51.4,51.55,51.4,51.55,72597.0
2021-06-14 10:33:00,NSE:INFIBEAM,51.55,51.7,51.4,51.45,60953.0
2021-06-14 10:36:00,NSE:INFIBEAM,51.4,51.5,51.3,51.45,27996.0
2021-06-14 10:39:00,NSE:INFIBEAM,51.4,51.5,51.35,51.35,20595.0
2021-06-14 10:42:00,NSE:INFIBEAM,51.4,51.4,51.15,51.25,35294.0
2021-06-14 10:45:00,NSE:INFIBEAM,51.15,51.3,51.1,51.15,60850.0
2021-06-14 10:48:00,NSE:INFIBEAM,51.15,51.35,51.15,51.25,15461.0
2021-06-14 10:51:00,NSE:INFIBEAM,51.15,51.15,50.95,51.05,21065.0
2021-06-14 10:54:00,NSE:INFIBEAM,51.0,51.05,50.85,50.9,24902.0
2021-06-14 10:57:00,NSE:INFIBEAM,50.95,51.1,50.85,51.05,28180.0
2021-06-14 11:00:00,NSE:INFIBEAM,51.1,51.2,50.95,50.95,21535.0
2021-06-14 11:03:00,NSE:INFIBEAM,51.0,51.05,50.85,50.95,11282.0
2021-06-14 11:06:00,NSE:INFIBEAM,50.9,51.1,50.85,51.1,30890.0
2021-06-14 11:09:00,NSE:INFIBEAM,51.05,51.1,50.75,50.8,56395.0
2021-06-14 11:12:00,NSE:INFIBEAM,50.85,51.0,50.75,51.0,33829.0
2021-06-14 11:15:00,NSE:INFIBEAM,50.95,51.1,50.9,51.1,23217.0
2021-06-14 11:18:00,NSE:INFIBEAM,51.1,51.4,50.9,51.2,190113.0
2021-06-14 11:21:00,NSE:INFIBEAM,51.15,51.45,51.05,51.45,340005.0
2021-06-14 11:24:00,NSE:INFIBEAM,51.45,51.5,51.2,51.5,100877.0
2021-06-14 11:27:00,NSE:INFIBEAM,51.45,51.5,51.0,51.0,139702.0
2021-06-14 11:30:00,NSE:INFIBEAM,50.95,51.1,50.95,51.05,25389.0
2021-06-14 11:33:00,NSE:INFIBEAM,51.15,51.3,51.15,51.3,4205.0
2021-06-14 11:36:00,NSE:INFIBEAM,51.25,51.3,51.25,51.25,7235.0
2021-06-14 11:39:00,NSE:INFIBEAM,51.3,51.3,51.25,51.3,10660.0
2021-06-14 11:42:00,NSE:INFIBEAM,51.25,51.3,51.25,51.3,6996.0
2021-06-14 11:45:00,NSE:INFIBEAM,51.25,51.3,51.25,51.3,3316.0
2021-06-14 11:48:00,NSE:INFIBEAM,51.25,51.3,51.2,51.2,3235.0
2021-06-14 11:51:00,NSE:INFIBEAM,51.25,51.25,51.2,51.2,7453.0
2021-06-14 11:54:00,NSE:INFIBEAM,51.2,51.25,50.95,50.95,39658.0
2021-06-14 11:57:00,NSE:INFIBEAM,51.0,51.0,50.9,51.0,31194.0
2021-06-14 12:00:00,NSE:INFIBEAM,51.0,51.0,50.95,50.95,3317.0
2021-06-14 12:03:00,NSE:INFIBEAM,50.95,51.0,50.9,51.0,12836.0
2021-06-14 12:06:00,NSE:INFIBEAM,50.9,51.05,50.9,51.05,10838.0
2021-06-14 12:09:00,NSE:INFIBEAM,51.0,51.05,50.9,51.0,25113.0
2021-06-14 12:12:00,NSE:INFIBEAM,51.05,51.15,51.05,51.1,16319.0
2021-06-14 12:15:00,NSE:INFIBEAM,51.1,51.3,51.1,51.3,55399.0
2021-06-14 12:18:00,NSE:INFIBEAM,51.3,51.35,51.2,51.25,27836.0
2021-06-14 12:21:00,NSE:INFIBEAM,51.25,51.25,51.0,51.1,8775.0
2021-06-14 12:24:00,NSE:INFIBEAM,51.1,51.15,51.05,51.1,5846.0
2021-06-14 12:27:00,NSE:INFIBEAM,51.05,51.3,51.05,51.3,20827.0
2021-06-14 12:30:00,NSE:INFIBEAM,51.3,51.35,51.2,51.3,16510.0
2021-06-14 12:33:00,NSE:INFIBEAM,51.35,51.35,51.3,51.35,6131.0
2021-06-14 12:36:00,NSE:INFIBEAM,51.35,51.5,51.35,51.5,35859.0
2021-06-14 12:39:00,NSE:INFIBEAM,51.45,51.5,51.4,51.5,207823.0
2021-06-14 12:42:00,NSE:INFIBEAM,51.5,51.5,51.45,51.45,29951.0
2021-06-14 12:45:00,NSE:INFIBEAM,51.45,51.5,51.3,51.3,58630.0
2021-06-14 12:48:00,NSE:INFIBEAM,51.3,51.4,51.3,51.4,14013.0
2021-06-14 12:51:00,NSE:INFIBEAM,51.4,51.45,51.35,51.4,17788.0
2021-06-14 12:54:00,NSE:INFIBEAM,51.4,51.45,51.4,51.4,22521.0
2021-06-14 12:57:00,NSE:INFIBEAM,51.45,51.45,51.4,51.45,11231.0
2021-06-14 13:00:00,NSE:INFIBEAM,51.4,51.5,51.3,51.35,17243.0
2021-06-14 13:03:00,NSE:INFIBEAM,51.4,51.45,51.25,51.35,43567.0
2021-06-14 13:06:00,NSE:INFIBEAM,51.35,51.5,51.3,51.35,21239.0
2021-06-14 13:09:00,NSE:INFIBEAM,51.35,51.35,51.1,51.15,15704.0
2021-06-14 13:12:00,NSE:INFIBEAM,51.25,51.25,51.15,51.25,7616.0
2021-06-14 13:15:00,NSE:INFIBEAM,51.25,51.25,51.2,51.25,2857.0
2021-06-14 13:18:00,NSE:INFIBEAM,51.25,51.3,51.2,51.25,7846.0
2021-06-14 13:21:00,NSE:INFIBEAM,51.2,51.5,51.2,51.5,17704.0
2021-06-14 13:24:00,NSE:INFIBEAM,51.4,51.45,50.9,51.0,120452.0
2021-06-14 13:27:00,NSE:INFIBEAM,51.0,51.2,50.95,51.2,25678.0
2021-06-14 13:30:00,NSE:INFIBEAM,51.2,51.2,51.1,51.2,3603.0
2021-06-14 13:33:00,NSE:INFIBEAM,51.15,51.3,51.1,51.3,25280.0
2021-06-14 13:36:00,NSE:INFIBEAM,51.2,51.3,51.1,51.1,13788.0
2021-06-14 13:39:00,NSE:INFIBEAM,51.2,51.3,51.1,51.2,9033.0
2021-06-14 13:42:00,NSE:INFIBEAM,51.15,51.25,51.1,51.2,18762.0
2021-06-14 13:45:00,NSE:INFIBEAM,51.1,51.2,51.1,51.15,4417.0
2021-06-14 13:48:00,NSE:INFIBEAM,51.1,51.2,51.1,51.1,19076.0
2021-06-14 13:51:00,NSE:INFIBEAM,51.05,51.3,50.95,51.3,72376.0
2021-06-14 13:54:00,NSE:INFIBEAM,51.3,51.3,51.25,51.25,4157.0
2021-06-14 13:57:00,NSE:INFIBEAM,51.25,51.3,51.25,51.3,17003.0
2021-06-14 14:00:00,NSE:INFIBEAM,51.25,51.3,51.05,51.15,30579.0
2021-06-14 14:03:00,NSE:INFIBEAM,51.15,51.4,51.1,51.35,41885.0
2021-06-14 14:06:00,NSE:INFIBEAM,51.35,51.35,51.15,51.25,19070.0
2021-06-14 14:09:00,NSE:INFIBEAM,51.2,51.4,51.2,51.3,49837.0
2021-06-14 14:12:00,NSE:INFIBEAM,51.35,51.35,51.2,51.25,12995.0
2021-06-14 14:15:00,NSE:INFIBEAM,51.2,51.25,51.1,51.2,19543.0
2021-06-14 14:18:00,NSE:INFIBEAM,51.2,51.35,51.2,51.3,25158.0
2021-06-14 14:21:00,NSE:INFIBEAM,51.35,51.35,51.25,51.25,17904.0
2021-06-14 14:24:00,NSE:INFIBEAM,51.3,51.3,51.2,51.25,13039.0
2021-06-14 14:27:00,NSE:INFIBEAM,51.25,51.25,51.2,51.25,21434.0
2021-06-14 14:30:00,NSE:INFIBEAM,51.25,51.3,51.2,51.3,12187.0
2021-06-14 14:33:00,NSE:INFIBEAM,51.3,51.3,51.05,51.2,79659.0
2021-06-14 14:36:00,NSE:INFIBEAM,51.15,51.25,51.15,51.25,32741.0
2021-06-14 14:39:00,NSE:INFIBEAM,51.2,51.25,51.1,51.15,57709.0
2021-06-14 14:42:00,NSE:INFIBEAM,51.15,51.3,51.15,51.25,31083.0
2021-06-14 14:45:00,NSE:INFIBEAM,51.25,51.3,51.25,51.25,19320.0
2021-06-14 14:48:00,NSE:INFIBEAM,51.2,51.25,50.8,50.85,118384.0
2021-06-14 14:51:00,NSE:INFIBEAM,50.85,51.0,50.85,50.95,39733.0
2021-06-14 14:54:00,NSE:INFIBEAM,50.95,51.0,50.65,50.65,148849.0
2021-06-14 14:57:00,NSE:INFIBEAM,50.65,50.9,50.65,50.75,97656.0
2021-06-14 15:00:00,NSE:INFIBEAM,50.8,50.8,50.55,50.55,165370.0
2021-06-14 15:03:00,NSE:INFIBEAM,50.5,50.6,50.2,50.55,106008.0
2021-06-14 15:06:00,NSE:INFIBEAM,50.55,50.65,50.4,50.5,111244.0
2021-06-14 15:09:00,NSE:INFIBEAM,50.5,50.5,50.3,50.45,113752.0
2021-06-14 15:12:00,NSE:INFIBEAM,50.45,50.5,50.15,50.2,240160.0
2021-06-14 15:15:00,NSE:INFIBEAM,50.15,50.35,50.05,50.1,314790.0
2021-06-14 15:18:00,NSE:INFIBEAM,50.1,50.1,50.0,50.0,338239.0
2021-06-14 15:21:00,NSE:INFIBEAM,50.0,50.05,49.95,50.0,191490.0
2021-06-14 15:24:00,NSE:INFIBEAM,49.95,50.0,49.95,50.0,180150.0
2021-06-14 15:27:00,NSE:INFIBEAM,50.0,50.0,49.9,49.95,851031.0
2021-06-14 15:30:00,NSE:INFIBEAM,50.0,50.0,50.0,50.0,100.0
2021-06-14 15:39:00,NSE:INFIBEAM,50.15,50.15,50.15,50.15,1000.0
2021-06-15 09:06:00,NSE:INFIBEAM,50.55,50.55,50.55,50.55,16027.0
2021-06-15 09:15:00,NSE:INFIBEAM,50.55,50.95,50.5,50.95,101188.0
2021-06-15 09:18:00,NSE:INFIBEAM,50.9,51.75,50.9,51.75,286289.0
2021-06-15 09:21:00,NSE:INFIBEAM,51.75,51.8,51.55,51.6,106601.0
2021-06-15 09:24:00,NSE:INFIBEAM,51.65,51.65,51.5,51.55,91795.0
2021-06-15 09:27:00,NSE:INFIBEAM,51.55,51.65,51.4,51.4,110142.0
2021-06-15 09:30:00,NSE:INFIBEAM,51.45,51.5,51.3,51.35,42661.0
2021-06-15 09:33:00,NSE:INFIBEAM,51.4,51.4,51.2,51.2,19130.0
2021-06-15 09:36:00,NSE:INFIBEAM,51.2,51.4,51.2,51.4,46914.0
2021-06-15 09:39:00,NSE:INFIBEAM,51.4,51.4,51.25,51.3,63990.0
2021-06-15 09:42:00,NSE:INFIBEAM,51.25,51.4,51.2,51.3,28897.0
2021-06-15 09:45:00,NSE:INFIBEAM,51.35,51.4,51.3,51.35,55970.0
2021-06-15 09:48:00,NSE:INFIBEAM,51.3,51.35,51.25,51.3,18307.0
2021-06-15 09:51:00,NSE:INFIBEAM,51.25,51.3,51.2,51.25,27612.0
2021-06-15 09:54:00,NSE:INFIBEAM,51.25,51.25,51.15,51.25,40389.0
2021-06-15 09:57:00,NSE:INFIBEAM,51.25,51.25,51.0,51.1,83470.0
2021-06-15 10:00:00,NSE:INFIBEAM,51.15,51.25,51.1,51.1,38685.0
2021-06-15 10:03:00,NSE:INFIBEAM,51.1,51.2,51.05,51.1,61179.0
2021-06-15 10:06:00,NSE:INFIBEAM,51.1,51.15,50.95,51.0,85264.0
2021-06-15 10:09:00,NSE:INFIBEAM,51.0,51.15,50.95,51.15,18726.0
2021-06-15 10:12:00,NSE:INFIBEAM,51.15,51.15,51.1,51.15,9927.0
2021-06-15 10:15:00,NSE:INFIBEAM,51.15,51.15,51.1,51.1,9972.0
2021-06-15 10:18:00,NSE:INFIBEAM,51.15,51.25,50.85,50.9,105590.0
2021-06-15 10:21:00,NSE:INFIBEAM,50.85,50.9,50.85,50.9,24105.0
2021-06-15 10:24:00,NSE:INFIBEAM,50.85,50.9,50.75,50.9,49195.0
2021-06-15 10:27:00,NSE:INFIBEAM,50.85,50.85,50.8,50.8,10558.0
2021-06-15 10:30:00,NSE:INFIBEAM,50.85,51.0,50.8,50.9,44572.0
2021-06-15 10:33:00,NSE:INFIBEAM,50.9,51.1,50.9,50.9,45051.0
2021-06-15 10:36:00,NSE:INFIBEAM,51.0,51.1,50.9,51.0,59408.0
2021-06-15 10:39:00,NSE:INFIBEAM,51.0,51.1,50.95,51.0,26583.0
2021-06-15 10:42:00,NSE:INFIBEAM,51.0,51.1,50.95,51.1,10342.0
2021-06-15 10:45:00,NSE:INFIBEAM,51.1,51.15,50.95,50.95,35168.0
2021-06-15 10:48:00,NSE:INFIBEAM,50.95,51.15,50.9,51.1,29092.0
2021-06-15 10:51:00,NSE:INFIBEAM,51.05,51.05,50.85,51.0,20467.0
2021-06-15 10:54:00,NSE:INFIBEAM,51.0,51.0,50.9,50.95,5957.0
2021-06-15 10:57:00,NSE:INFIBEAM,50.95,50.95,50.75,50.75,25495.0
2021-06-15 11:00:00,NSE:INFIBEAM,50.75,50.9,50.75,50.9,5042.0
2021-06-15 11:03:00,NSE:INFIBEAM,50.9,50.95,50.85,50.9,25978.0
2021-06-15 11:06:00,NSE:INFIBEAM,50.95,50.95,50.7,50.85,60557.0
2021-06-15 11:09:00,NSE:INFIBEAM,50.8,50.85,50.65,50.75,76698.0
2021-06-15 11:12:00,NSE:INFIBEAM,50.75,50.8,50.7,50.8,28521.0
2021-06-15 11:15:00,NSE:INFIBEAM,50.8,50.8,50.6,50.7,33851.0
2021-06-15 11:18:00,NSE:INFIBEAM,50.7,50.85,50.6,50.7,45471.0
2021-06-15 11:21:00,NSE:INFIBEAM,50.7,50.75,50.45,50.6,131640.0
2021-06-15 11:24:00,NSE:INFIBEAM,50.6,50.65,50.5,50.5,34793.0
2021-06-15 11:27:00,NSE:INFIBEAM,50.55,50.6,50.45,50.55,44084.0
2021-06-15 11:30:00,NSE:INFIBEAM,50.55,50.8,50.55,50.75,13188.0
2021-06-15 11:33:00,NSE:INFIBEAM,50.75,50.75,50.6,50.6,42660.0
2021-06-15 11:36:00,NSE:INFIBEAM,50.65,50.7,50.45,50.45,27044.0
2021-06-15 11:39:00,NSE:INFIBEAM,50.45,50.5,50.4,50.5,78300.0
2021-06-15 11:42:00,NSE:INFIBEAM,50.5,50.65,50.5,50.6,51779.0
2021-06-15 11:45:00,NSE:INFIBEAM,50.6,50.7,50.6,50.65,11841.0
2021-06-15 11:48:00,NSE:INFIBEAM,50.7,50.7,50.6,50.6,20473.0
2021-06-15 11:51:00,NSE:INFIBEAM,50.55,50.8,50.55,50.8,240963.0
2021-06-15 11:54:00,NSE:INFIBEAM,50.8,50.8,50.75,50.75,4874.0
2021-06-15 11:57:00,NSE:INFIBEAM,50.8,50.8,50.75,50.75,3953.0
2021-06-15 12:00:00,NSE:INFIBEAM,50.8,50.8,50.75,50.8,9796.0
2021-06-15 12:03:00,NSE:INFIBEAM,50.8,50.95,50.8,50.9,29591.0
2021-06-15 12:06:00,NSE:INFIBEAM,50.95,50.95,50.9,50.9,11219.0
2021-06-15 12:09:00,NSE:INFIBEAM,50.9,50.95,50.9,50.9,15013.0
2021-06-15 12:12:00,NSE:INFIBEAM,50.9,51.0,50.9,50.9,14370.0
2021-06-15 12:15:00,NSE:INFIBEAM,50.9,51.0,50.9,50.95,4379.0
2021-06-15 12:18:00,NSE:INFIBEAM,50.95,51.0,50.95,51.0,9371.0
2021-06-15 12:21:00,NSE:INFIBEAM,51.0,51.1,50.7,50.7,57712.0
2021-06-15 12:24:00,NSE:INFIBEAM,50.7,50.9,50.7,50.9,16904.0
2021-06-15 12:27:00,NSE:INFIBEAM,50.9,50.9,50.7,50.8,20347.0
2021-06-15 12:30:00,NSE:INFIBEAM,50.75,50.75,50.5,50.65,33325.0
2021-06-15 12:33:00,NSE:INFIBEAM,50.7,50.7,50.65,50.65,4253.0
2021-06-15 12:36:00,NSE:INFIBEAM,50.7,50.7,50.45,50.5,82275.0
2021-06-15 12:39:00,NSE:INFIBEAM,50.55,50.6,50.5,50.55,12133.0
2021-06-15 12:42:00,NSE:INFIBEAM,50.55,50.7,50.55,50.55,36591.0
2021-06-15 12:45:00,NSE:INFIBEAM,50.6,50.6,50.55,50.6,3873.0
2021-06-15 12:48:00,NSE:INFIBEAM,50.6,50.65,50.55,50.65,15778.0
2021-06-15 12:51:00,NSE:INFIBEAM,50.65,50.65,50.6,50.65,3236.0
2021-06-15 12:54:00,NSE:INFIBEAM,50.65,50.65,50.55,50.65,20702.0
2021-06-15 12:57:00,NSE:INFIBEAM,50.6,50.7,50.55,50.7,20978.0
2021-06-15 13:00:00,NSE:INFIBEAM,50.7,50.7,50.65,50.65,12055.0
2021-06-15 13:03:00,NSE:INFIBEAM,50.65,50.7,50.6,50.7,7277.0
2021-06-15 13:06:00,NSE:INFIBEAM,50.65,50.7,50.35,50.35,103008.0
2021-06-15 13:09:00,NSE:INFIBEAM,50.45,50.45,50.25,50.45,33471.0
2021-06-15 13:12:00,NSE:INFIBEAM,50.5,50.5,50.45,50.5,13500.0
2021-06-15 13:15:00,NSE:INFIBEAM,50.55,50.55,50.5,50.55,13982.0
2021-06-15 13:18:00,NSE:INFIBEAM,50.55,50.6,50.5,50.55,18962.0
2021-06-15 13:21:00,NSE:INFIBEAM,50.55,50.6,50.45,50.5,11784.0
2021-06-15 13:24:00,NSE:INFIBEAM,50.5,50.5,50.25,50.35,21555.0
2021-06-15 13:27:00,NSE:INFIBEAM,50.4,50.4,50.25,50.35,305686.0
2021-06-15 13:30:00,NSE:INFIBEAM,50.35,50.4,50.05,50.2,97979.0
2021-06-15 13:33:00,NSE:INFIBEAM,50.2,50.25,50.2,50.25,20422.0
2021-06-15 13:36:00,NSE:INFIBEAM,50.15,50.25,50.15,50.2,15900.0
2021-06-15 13:39:00,NSE:INFIBEAM,50.25,50.25,50.15,50.2,21961.0
2021-06-15 13:42:00,NSE:INFIBEAM,50.2,50.3,50.2,50.25,28447.0
2021-06-15 13:45:00,NSE:INFIBEAM,50.25,50.3,50.15,50.25,15071.0
2021-06-15 13:48:00,NSE:INFIBEAM,50.2,50.25,50.1,50.2,27738.0
2021-06-15 13:51:00,NSE:INFIBEAM,50.15,50.2,50.0,50.15,183412.0
2021-06-15 13:54:00,NSE:INFIBEAM,50.15,50.15,50.05,50.1,88253.0
2021-06-15 13:57:00,NSE:INFIBEAM,50.1,50.25,50.05,50.25,51501.0
2021-06-15 14:00:00,NSE:INFIBEAM,50.2,50.3,50.2,50.2,55772.0
2021-06-15 14:03:00,NSE:INFIBEAM,50.15,50.2,50.15,50.2,6917.0
2021-06-15 14:06:00,NSE:INFIBEAM,50.2,50.2,50.15,50.15,10554.0
2021-06-15 14:09:00,NSE:INFIBEAM,50.15,50.2,50.0,50.1,66586.0
2021-06-15 14:12:00,NSE:INFIBEAM,50.05,50.1,50.0,50.0,49319.0
2021-06-15 14:15:00,NSE:INFIBEAM,50.0,50.1,50.0,50.1,22210.0
2021-06-15 14:18:00,NSE:INFIBEAM,50.05,50.05,49.95,50.05,42787.0
2021-06-15 14:21:00,NSE:INFIBEAM,50.05,50.05,50.0,50.0,17884.0
2021-06-15 14:24:00,NSE:INFIBEAM,50.0,50.05,49.95,50.0,13201.0
2021-06-15 14:27:00,NSE:INFIBEAM,50.05,50.1,50.0,50.1,17308.0
2021-06-15 14:30:00,NSE:INFIBEAM,50.05,50.05,49.9,49.95,106595.0
2021-06-15 14:33:00,NSE:INFIBEAM,49.9,49.95,49.9,49.9,43661.0
2021-06-15 14:36:00,NSE:INFIBEAM,49.9,50.05,49.9,50.05,68604.0
2021-06-15 14:39:00,NSE:INFIBEAM,50.05,50.05,50.0,50.0,24450.0
2021-06-15 14:42:00,NSE:INFIBEAM,50.0,50.05,49.95,49.95,328177.0
2021-06-15 14:45:00,NSE:INFIBEAM,50.0,50.0,49.95,50.0,38709.0
2021-06-15 14:48:00,NSE:INFIBEAM,50.0,50.0,49.95,50.0,34609.0
2021-06-15 14:51:00,NSE:INFIBEAM,50.0,50.0,49.95,50.0,36755.0
2021-06-15 14:54:00,NSE:INFIBEAM,49.95,50.0,49.95,49.95,26661.0
2021-06-15 14:57:00,NSE:INFIBEAM,49.95,50.0,49.95,49.95,35574.0
2021-06-15 15:00:00,NSE:INFIBEAM,49.95,50.05,49.95,50.05,57769.0
2021-06-15 15:03:00,NSE:INFIBEAM,50.05,50.1,49.95,49.95,55050.0
2021-06-15 15:06:00,NSE:INFIBEAM,49.95,50.0,49.95,50.0,35332.0
2021-06-15 15:09:00,NSE:INFIBEAM,49.95,50.0,49.9,49.9,75646.0
2021-06-15 15:12:00,NSE:INFIBEAM,49.9,50.0,49.85,49.95,66477.0
2021-06-15 15:15:00,NSE:INFIBEAM,50.0,50.0,49.85,49.9,61887.0
2021-06-15 15:18:00,NSE:INFIBEAM,49.8,49.9,49.8,49.9,88086.0
2021-06-15 15:21:00,NSE:INFIBEAM,49.85,50.0,49.85,49.95,74365.0
2021-06-15 15:24:00,NSE:INFIBEAM,49.95,49.95,49.5,49.8,177713.0
2021-06-15 15:27:00,NSE:INFIBEAM,49.8,50.0,49.8,50.0,79871.0
2021-06-15 15:30:00,NSE:INFIBEAM,49.95,49.95,49.95,49.95,25.0
2021-06-15 15:39:00,NSE:INFIBEAM,49.9,49.9,49.9,49.9,200.0
2021-06-16 09:06:00,NSE:INFIBEAM,50.2,50.2,50.2,50.2,8480.0
2021-06-16 09:15:00,NSE:INFIBEAM,50.2,50.3,50.05,50.15,100318.0
2021-06-16 09:18:00,NSE:INFIBEAM,50.15,50.8,50.15,50.7,175697.0
2021-06-16 09:21:00,NSE:INFIBEAM,50.65,50.7,50.45,50.45,52393.0
2021-06-16 09:24:00,NSE:INFIBEAM,50.5,50.55,50.45,50.55,25418.0
2021-06-16 09:27:00,NSE:INFIBEAM,50.5,50.55,50.25,50.35,34490.0
2021-06-16 09:30:00,NSE:INFIBEAM,50.4,50.5,50.3,50.35,53778.0
2021-06-16 09:33:00,NSE:INFIBEAM,50.4,50.5,50.35,50.5,17197.0
2021-06-16 09:36:00,NSE:INFIBEAM,50.5,50.55,50.4,50.5,26395.0
2021-06-16 09:39:00,NSE:INFIBEAM,50.5,50.6,50.4,50.55,43956.0
2021-06-16 09:42:00,NSE:INFIBEAM,50.45,50.6,50.45,50.55,35029.0
2021-06-16 09:45:00,NSE:INFIBEAM,50.6,50.65,50.55,50.55,22808.0
2021-06-16 09:48:00,NSE:INFIBEAM,50.55,50.6,50.3,50.5,39620.0
2021-06-16 09:51:00,NSE:INFIBEAM,50.5,50.5,50.35,50.4,21721.0
2021-06-16 09:54:00,NSE:INFIBEAM,50.4,50.45,50.35,50.4,12344.0
2021-06-16 09:57:00,NSE:INFIBEAM,50.35,50.45,50.35,50.45,14116.0
2021-06-16 10:00:00,NSE:INFIBEAM,50.4,50.75,50.2,50.55,238171.0
2021-06-16 10:03:00,NSE:INFIBEAM,50.55,50.6,50.45,50.5,36383.0
2021-06-16 10:06:00,NSE:INFIBEAM,50.5,50.55,50.35,50.35,25039.0
2021-06-16 10:09:00,NSE:INFIBEAM,50.4,50.4,50.2,50.3,17209.0
2021-06-16 10:12:00,NSE:INFIBEAM,50.25,50.3,50.2,50.25,25928.0
2021-06-16 10:15:00,NSE:INFIBEAM,50.2,50.25,50.1,50.2,37970.0
2021-06-16 10:18:00,NSE:INFIBEAM,50.15,50.2,50.1,50.1,5631.0
2021-06-16 10:21:00,NSE:INFIBEAM,50.1,50.2,50.1,50.1,22205.0
2021-06-16 10:24:00,NSE:INFIBEAM,50.1,50.2,50.1,50.1,17242.0
2021-06-16 10:27:00,NSE:INFIBEAM,50.1,50.15,50.0,50.0,85062.0
2021-06-16 10:30:00,NSE:INFIBEAM,50.1,50.1,50.0,50.0,64066.0
2021-06-16 10:33:00,NSE:INFIBEAM,50.05,50.2,50.0,50.2,18590.0
2021-06-16 10:36:00,NSE:INFIBEAM,50.15,50.25,50.15,50.2,9600.0
2021-06-16 10:39:00,NSE:INFIBEAM,50.25,50.3,50.2,50.3,20577.0
2021-06-16 10:42:00,NSE:INFIBEAM,50.3,50.3,50.2,50.25,5655.0
2021-06-16 10:45:00,NSE:INFIBEAM,50.25,50.3,50.2,50.3,17754.0
2021-06-16 10:48:00,NSE:INFIBEAM,50.3,50.3,50.2,50.25,13265.0
2021-06-16 10:51:00,NSE:INFIBEAM,50.25,50.25,50.2,50.25,7681.0
2021-06-16 10:54:00,NSE:INFIBEAM,50.25,50.3,50.2,50.3,18221.0
2021-06-16 10:57:00,NSE:INFIBEAM,50.3,50.3,50.2,50.25,16799.0
2021-06-16 11:00:00,NSE:INFIBEAM,50.2,50.25,50.2,50.25,13139.0
2021-06-16 11:03:00,NSE:INFIBEAM,50.25,50.25,50.15,50.2,9194.0
2021-06-16 11:06:00,NSE:INFIBEAM,50.2,50.3,50.15,50.2,29105.0
2021-06-16 11:09:00,NSE:INFIBEAM,50.25,50.35,50.2,50.2,12398.0
2021-06-16 11:12:00,NSE:INFIBEAM,50.3,50.3,50.2,50.2,4161.0
2021-06-16 11:15:00,NSE:INFIBEAM,50.25,50.25,50.2,50.25,8485.0
2021-06-16 11:18:00,NSE:INFIBEAM,50.25,50.3,50.2,50.3,17136.0
2021-06-16 11:21:00,NSE:INFIBEAM,50.25,50.3,50.2,50.2,17397.0
2021-06-16 11:24:00,NSE:INFIBEAM,50.15,50.25,50.15,50.2,4751.0
2021-06-16 11:27:00,NSE:INFIBEAM,50.25,50.25,50.2,50.25,2158.0
2021-06-16 11:30:00,NSE:INFIBEAM,50.2,50.35,50.2,50.35,46668.0
2021-06-16 11:33:00,NSE:INFIBEAM,50.35,50.4,50.3,50.35,6443.0
2021-06-16 11:36:00,NSE:INFIBEAM,50.4,50.4,50.35,50.4,4357.0
2021-06-16 11:39:00,NSE:INFIBEAM,50.4,50.4,50.35,50.35,15661.0
2021-06-16 11:42:00,NSE:INFIBEAM,50.35,50.4,50.35,50.35,1557.0
2021-06-16 11:45:00,NSE:INFIBEAM,50.35,50.35,50.3,50.3,13613.0
2021-06-16 11:48:00,NSE:INFIBEAM,50.35,50.4,50.3,50.35,9633.0
2021-06-16 11:51:00,NSE:INFIBEAM,50.35,50.35,50.25,50.3,15321.0
2021-06-16 11:54:00,NSE:INFIBEAM,50.3,50.4,50.25,50.3,9004.0
2021-06-16 11:57:00,NSE:INFIBEAM,50.35,50.4,50.3,50.3,2132.0
2021-06-16 12:00:00,NSE:INFIBEAM,50.4,50.4,50.35,50.35,3838.0
2021-06-16 12:03:00,NSE:INFIBEAM,50.4,50.4,50.35,50.4,9713.0
2021-06-16 12:06:00,NSE:INFIBEAM,50.4,50.4,50.35,50.35,5104.0
2021-06-16 12:09:00,NSE:INFIBEAM,50.35,50.4,50.35,50.4,2872.0
2021-06-16 12:12:00,NSE:INFIBEAM,50.4,50.4,50.25,50.35,11749.0
2021-06-16 12:15:00,NSE:INFIBEAM,50.35,50.35,50.3,50.35,2868.0
2021-06-16 12:18:00,NSE:INFIBEAM,50.35,50.35,50.25,50.35,10540.0
2021-06-16 12:21:00,NSE:INFIBEAM,50.4,50.4,50.25,50.4,5833.0
2021-06-16 12:24:00,NSE:INFIBEAM,50.4,50.4,50.3,50.3,2591.0
2021-06-16 12:27:00,NSE:INFIBEAM,50.3,50.35,50.3,50.35,5697.0
2021-06-16 12:30:00,NSE:INFIBEAM,50.3,50.35,50.3,50.35,8653.0
2021-06-16 12:33:00,NSE:INFIBEAM,50.35,50.35,50.3,50.3,1874.0
2021-06-16 12:36:00,NSE:INFIBEAM,50.3,50.4,50.3,50.35,4776.0
2021-06-16 12:39:00,NSE:INFIBEAM,50.4,50.4,50.35,50.35,5333.0
2021-06-16 12:42:00,NSE:INFIBEAM,50.35,50.35,50.3,50.3,9059.0
2021-06-16 12:45:00,NSE:INFIBEAM,50.25,50.3,50.25,50.25,3754.0
2021-06-16 12:48:00,NSE:INFIBEAM,50.3,50.35,50.25,50.3,13283.0
2021-06-16 12:51:00,NSE:INFIBEAM,50.3,50.3,50.25,50.25,8071.0
2021-06-16 12:54:00,NSE:INFIBEAM,50.25,50.35,50.2,50.35,9302.0
2021-06-16 12:57:00,NSE:INFIBEAM,50.35,50.35,50.25,50.25,5001.0
2021-06-16 13:00:00,NSE:INFIBEAM,50.25,50.3,50.25,50.25,2167.0
2021-06-16 13:03:00,NSE:INFIBEAM,50.3,50.35,50.3,50.35,6953.0
2021-06-16 13:06:00,NSE:INFIBEAM,50.35,50.4,50.3,50.4,3487.0
2021-06-16 13:09:00,NSE:INFIBEAM,50.35,50.4,50.3,50.3,7409.0
2021-06-16 13:12:00,NSE:INFIBEAM,50.35,50.4,50.3,50.35,4081.0
2021-06-16 13:15:00,NSE:INFIBEAM,50.4,51.25,50.35,51.25,320079.0
2021-06-16 13:18:00,NSE:INFIBEAM,51.25,51.5,51.1,51.2,317691.0
2021-06-16 13:21:00,NSE:INFIBEAM,51.2,51.35,51.15,51.3,101868.0
2021-06-16 13:24:00,NSE:INFIBEAM,51.3,51.35,51.25,51.3,71665.0
2021-06-16 13:27:00,NSE:INFIBEAM,51.3,51.35,51.0,51.0,76585.0
2021-06-16 13:30:00,NSE:INFIBEAM,51.0,51.0,50.8,51.0,35850.0
2021-06-16 13:33:00,NSE:INFIBEAM,51.0,51.05,50.85,51.05,26229.0
2021-06-16 13:36:00,NSE:INFIBEAM,51.1,51.3,50.9,50.9,55050.0
2021-06-16 13:39:00,NSE:INFIBEAM,51.0,51.25,50.95,51.25,33274.0
2021-06-16 13:42:00,NSE:INFIBEAM,51.2,51.25,51.2,51.2,31169.0
2021-06-16 13:45:00,NSE:INFIBEAM,51.25,51.25,50.9,50.95,29846.0
2021-06-16 13:48:00,NSE:INFIBEAM,50.9,51.1,50.8,51.1,42311.0
2021-06-16 13:51:00,NSE:INFIBEAM,51.15,51.15,51.05,51.1,5470.0
2021-06-16 13:54:00,NSE:INFIBEAM,51.15,51.15,51.05,51.1,5667.0
2021-06-16 13:57:00,NSE:INFIBEAM,51.1,51.15,51.0,51.05,18124.0
2021-06-16 14:00:00,NSE:INFIBEAM,51.05,51.05,50.95,51.05,30883.0
2021-06-16 14:03:00,NSE:INFIBEAM,51.0,51.05,50.95,51.0,15370.0
2021-06-16 14:06:00,NSE:INFIBEAM,51.0,51.0,50.9,50.95,18912.0
2021-06-16 14:09:00,NSE:INFIBEAM,50.9,51.0,50.9,50.9,12740.0
2021-06-16 14:12:00,NSE:INFIBEAM,50.95,51.0,50.9,51.0,24639.0
2021-06-16 14:15:00,NSE:INFIBEAM,50.9,51.0,50.85,50.85,13676.0
2021-06-16 14:18:00,NSE:INFIBEAM,50.85,50.95,50.85,50.95,7078.0
2021-06-16 14:21:00,NSE:INFIBEAM,50.9,51.05,50.9,51.0,14413.0
2021-06-16 14:24:00,NSE:INFIBEAM,51.05,51.05,50.9,50.95,30004.0
2021-06-16 14:27:00,NSE:INFIBEAM,50.9,50.95,50.9,50.95,5320.0
2021-06-16 14:30:00,NSE:INFIBEAM,50.9,50.95,50.85,50.85,21978.0
2021-06-16 14:33:00,NSE:INFIBEAM,50.85,50.85,50.8,50.85,12785.0
2021-06-16 14:36:00,NSE:INFIBEAM,50.8,50.9,50.8,50.8,8164.0
2021-06-16 14:39:00,NSE:INFIBEAM,50.8,50.9,50.8,50.85,11863.0
2021-06-16 14:42:00,NSE:INFIBEAM,50.85,50.85,50.8,50.8,10225.0
2021-06-16 14:45:00,NSE:INFIBEAM,50.8,50.85,50.75,50.85,20460.0
2021-06-16 14:48:00,NSE:INFIBEAM,50.8,50.85,50.75,50.75,8173.0
2021-06-16 14:51:00,NSE:INFIBEAM,50.75,50.8,50.6,50.65,27966.0
2021-06-16 14:54:00,NSE:INFIBEAM,50.65,50.7,50.55,50.55,20038.0
2021-06-16 14:57:00,NSE:INFIBEAM,50.6,50.8,50.6,50.8,27744.0
2021-06-16 15:00:00,NSE:INFIBEAM,50.75,50.75,50.55,50.6,28327.0
2021-06-16 15:03:00,NSE:INFIBEAM,50.55,50.6,50.5,50.5,40676.0
2021-06-16 15:06:00,NSE:INFIBEAM,50.55,50.55,50.45,50.45,36031.0
2021-06-16 15:09:00,NSE:INFIBEAM,50.45,50.5,50.4,50.4,43906.0
2021-06-16 15:12:00,NSE:INFIBEAM,50.45,50.45,50.35,50.35,47581.0
2021-06-16 15:15:00,NSE:INFIBEAM,50.4,50.6,50.3,50.5,99695.0
2021-06-16 15:18:00,NSE:INFIBEAM,50.5,50.7,50.5,50.7,77013.0
2021-06-16 15:21:00,NSE:INFIBEAM,50.65,50.7,50.55,50.7,87724.0
2021-06-16 15:24:00,NSE:INFIBEAM,50.65,50.7,50.6,50.65,77931.0
2021-06-16 15:27:00,NSE:INFIBEAM,50.7,50.75,50.6,50.75,98876.0
2021-06-16 15:39:00,NSE:INFIBEAM,50.55,50.55,50.55,50.55,5.0
2021-06-17 09:06:00,NSE:INFIBEAM,50.55,50.55,50.55,50.55,23061.0
2021-06-17 09:15:00,NSE:INFIBEAM,50.5,50.5,50.1,50.3,71003.0
2021-06-17 09:18:00,NSE:INFIBEAM,50.3,50.85,50.2,50.8,81335.0
2021-06-17 09:21:00,NSE:INFIBEAM,50.8,51.5,50.8,51.1,257242.0
2021-06-17 09:24:00,NSE:INFIBEAM,51.15,51.5,51.15,51.4,241076.0
2021-06-17 09:27:00,NSE:INFIBEAM,51.5,52.0,51.4,51.75,450305.0
2021-06-17 09:30:00,NSE:INFIBEAM,51.75,51.9,51.4,51.4,207591.0
2021-06-17 09:33:00,NSE:INFIBEAM,51.4,51.7,51.4,51.6,109406.0
2021-06-17 09:36:00,NSE:INFIBEAM,51.55,51.65,51.4,51.55,130556.0
2021-06-17 09:39:00,NSE:INFIBEAM,51.5,51.55,51.35,51.45,45658.0
2021-06-17 09:42:00,NSE:INFIBEAM,51.45,51.5,51.25,51.4,74367.0
2021-06-17 09:45:00,NSE:INFIBEAM,51.3,51.5,51.3,51.4,35484.0
2021-06-17 09:48:00,NSE:INFIBEAM,51.5,51.5,51.3,51.45,33186.0
2021-06-17 09:51:00,NSE:INFIBEAM,51.4,51.45,51.25,51.25,46974.0
2021-06-17 09:54:00,NSE:INFIBEAM,51.25,51.35,51.25,51.3,20532.0
2021-06-17 09:57:00,NSE:INFIBEAM,51.35,51.35,51.1,51.15,67410.0
2021-06-17 10:00:00,NSE:INFIBEAM,51.2,51.25,51.05,51.05,44545.0
2021-06-17 10:03:00,NSE:INFIBEAM,51.1,51.1,51.0,51.1,25416.0
2021-06-17 10:06:00,NSE:INFIBEAM,51.05,51.25,51.05,51.15,31078.0
2021-06-17 10:09:00,NSE:INFIBEAM,51.15,51.3,51.15,51.3,24311.0
2021-06-17 10:12:00,NSE:INFIBEAM,51.25,51.3,51.2,51.3,14660.0
2021-06-17 10:15:00,NSE:INFIBEAM,51.3,51.35,51.25,51.35,22238.0
2021-06-17 10:18:00,NSE:INFIBEAM,51.35,51.4,51.25,51.35,20701.0
2021-06-17 10:21:00,NSE:INFIBEAM,51.4,51.45,51.35,51.4,12845.0
2021-06-17 10:24:00,NSE:INFIBEAM,51.45,51.45,51.35,51.4,12944.0
2021-06-17 10:27:00,NSE:INFIBEAM,51.4,51.5,51.4,51.45,69468.0
2021-06-17 10:30:00,NSE:INFIBEAM,51.45,51.5,51.3,51.4,23162.0
2021-06-17 10:33:00,NSE:INFIBEAM,51.3,51.4,51.3,51.3,14550.0
2021-06-17 10:36:00,NSE:INFIBEAM,51.35,51.4,51.3,51.35,8101.0
2021-06-17 10:39:00,NSE:INFIBEAM,51.35,51.4,51.3,51.35,11891.0
2021-06-17 10:42:00,NSE:INFIBEAM,51.4,51.45,51.3,51.3,28309.0
2021-06-17 10:45:00,NSE:INFIBEAM,51.3,51.4,51.3,51.4,14601.0
2021-06-17 10:48:00,NSE:INFIBEAM,51.35,51.4,51.25,51.3,11122.0
2021-06-17 10:51:00,NSE:INFIBEAM,51.25,51.4,51.1,51.2,42401.0
2021-06-17 10:54:00,NSE:INFIBEAM,51.2,51.3,51.2,51.25,17242.0
2021-06-17 10:57:00,NSE:INFIBEAM,51.25,51.3,51.25,51.3,9633.0
2021-06-17 11:00:00,NSE:INFIBEAM,51.3,51.3,51.2,51.3,11590.0
2021-06-17 11:03:00,NSE:INFIBEAM,51.25,51.35,51.25,51.3,10655.0
2021-06-17 11:06:00,NSE:INFIBEAM,51.25,51.3,51.25,51.3,15777.0
2021-06-17 11:09:00,NSE:INFIBEAM,51.3,51.4,51.25,51.4,24337.0
2021-06-17 11:12:00,NSE:INFIBEAM,51.4,51.45,51.35,51.35,18826.0
2021-06-17 11:15:00,NSE:INFIBEAM,51.35,51.4,51.35,51.4,13392.0
2021-06-17 11:18:00,NSE:INFIBEAM,51.45,51.45,51.35,51.45,45589.0
2021-06-17 11:21:00,NSE:INFIBEAM,51.45,51.45,51.3,51.4,15222.0
2021-06-17 11:24:00,NSE:INFIBEAM,51.4,51.4,51.3,51.3,18293.0
2021-06-17 11:27:00,NSE:INFIBEAM,51.35,51.45,51.3,51.4,17871.0
2021-06-17 11:30:00,NSE:INFIBEAM,51.4,51.45,51.35,51.4,11764.0
2021-06-17 11:33:00,NSE:INFIBEAM,51.35,51.4,51.25,51.3,25441.0
2021-06-17 11:36:00,NSE:INFIBEAM,51.3,51.4,51.3,51.35,24049.0
2021-06-17 11:39:00,NSE:INFIBEAM,51.45,51.45,51.25,51.3,35671.0
2021-06-17 11:42:00,NSE:INFIBEAM,51.3,51.4,51.3,51.3,14269.0
2021-06-17 11:45:00,NSE:INFIBEAM,51.3,51.4,51.3,51.35,14463.0
2021-06-17 11:48:00,NSE:INFIBEAM,51.3,51.4,51.25,51.35,21014.0
2021-06-17 11:51:00,NSE:INFIBEAM,51.35,51.4,51.25,51.25,25288.0
2021-06-17 11:54:00,NSE:INFIBEAM,51.3,51.3,51.2,51.2,18665.0
2021-06-17 11:57:00,NSE:INFIBEAM,51.2,51.3,51.05,51.1,41342.0
2021-06-17 12:00:00,NSE:INFIBEAM,51.15,51.2,51.05,51.1,65199.0
2021-06-17 12:03:00,NSE:INFIBEAM,51.1,51.3,51.1,51.25,11771.0
2021-06-17 12:06:00,NSE:INFIBEAM,51.25,51.3,51.2,51.3,3695.0
2021-06-17 12:09:00,NSE:INFIBEAM,51.2,51.25,51.15,51.15,3480.0
2021-06-17 12:12:00,NSE:INFIBEAM,51.15,51.25,51.1,51.2,29560.0
2021-06-17 12:15:00,NSE:INFIBEAM,51.1,51.2,51.1,51.2,4979.0
2021-06-17 12:18:00,NSE:INFIBEAM,51.15,51.2,51.1,51.15,23810.0
2021-06-17 12:21:00,NSE:INFIBEAM,51.0,51.0,50.95,50.95,100424.0
2021-06-17 12:24:00,NSE:INFIBEAM,50.95,51.0,50.8,50.8,61254.0
2021-06-17 12:27:00,NSE:INFIBEAM,50.85,50.9,50.8,50.9,42754.0
2021-06-17 12:30:00,NSE:INFIBEAM,50.85,51.0,50.85,51.0,17659.0
2021-06-17 12:33:00,NSE:INFIBEAM,50.95,51.0,50.95,50.95,7783.0
2021-06-17 12:36:00,NSE:INFIBEAM,50.9,50.95,50.85,50.9,11946.0
2021-06-17 12:39:00,NSE:INFIBEAM,50.9,51.0,50.9,51.0,386074.0
2021-06-17 12:42:00,NSE:INFIBEAM,50.95,51.2,50.95,51.2,105257.0
2021-06-17 12:45:00,NSE:INFIBEAM,51.15,51.25,51.15,51.2,10019.0
2021-06-17 12:48:00,NSE:INFIBEAM,51.2,51.4,51.2,51.35,21120.0
2021-06-17 12:51:00,NSE:INFIBEAM,51.35,51.35,51.25,51.3,11224.0
2021-06-17 12:54:00,NSE:INFIBEAM,51.3,51.45,51.3,51.35,73821.0
2021-06-17 12:57:00,NSE:INFIBEAM,51.4,51.5,51.4,51.45,116964.0
2021-06-17 13:00:00,NSE:INFIBEAM,51.35,51.45,51.25,51.45,45182.0
2021-06-17 13:03:00,NSE:INFIBEAM,51.35,51.45,51.15,51.2,93531.0
2021-06-17 13:06:00,NSE:INFIBEAM,51.2,51.25,51.0,51.1,77858.0
2021-06-17 13:09:00,NSE:INFIBEAM,51.05,51.05,50.9,51.0,62733.0
2021-06-17 13:12:00,NSE:INFIBEAM,50.95,51.0,50.9,50.95,37807.0
2021-06-17 13:15:00,NSE:INFIBEAM,50.95,51.1,50.95,51.1,4037.0
2021-06-17 13:18:00,NSE:INFIBEAM,51.1,51.1,50.95,51.0,34023.0
2021-06-17 13:21:00,NSE:INFIBEAM,51.0,51.0,50.8,50.8,53387.0
2021-06-17 13:24:00,NSE:INFIBEAM,50.8,50.9,50.75,50.8,12716.0
2021-06-17 13:27:00,NSE:INFIBEAM,50.8,50.9,50.75,50.8,17536.0
2021-06-17 13:30:00,NSE:INFIBEAM,50.85,50.85,50.8,50.8,17382.0
2021-06-17 13:33:00,NSE:INFIBEAM,50.85,50.85,50.8,50.85,10609.0
2021-06-17 13:36:00,NSE:INFIBEAM,50.8,50.85,50.8,50.85,18151.0
2021-06-17 13:39:00,NSE:INFIBEAM,50.85,50.9,50.8,50.9,10790.0
2021-06-17 13:42:00,NSE:INFIBEAM,50.85,50.9,50.85,50.9,22274.0
2021-06-17 13:45:00,NSE:INFIBEAM,50.9,50.9,50.8,50.9,24651.0
2021-06-17 13:48:00,NSE:INFIBEAM,50.9,50.9,50.8,50.8,9410.0
2021-06-17 13:51:00,NSE:INFIBEAM,50.8,50.8,50.7,50.7,40255.0
2021-06-17 13:54:00,NSE:INFIBEAM,50.8,50.8,50.7,50.75,14489.0
2021-06-17 13:57:00,NSE:INFIBEAM,50.7,50.75,50.5,50.6,112199.0
2021-06-17 14:00:00,NSE:INFIBEAM,50.55,50.65,50.5,50.6,28895.0
2021-06-17 14:03:00,NSE:INFIBEAM,50.65,50.65,50.5,50.5,34037.0
2021-06-17 14:06:00,NSE:INFIBEAM,50.6,50.6,50.4,50.5,51110.0
2021-06-17 14:09:00,NSE:INFIBEAM,50.5,50.55,50.45,50.45,11576.0
2021-06-17 14:12:00,NSE:INFIBEAM,50.45,50.5,50.45,50.45,14508.0
2021-06-17 14:15:00,NSE:INFIBEAM,50.45,50.45,50.1,50.1,87419.0
2021-06-17 14:18:00,NSE:INFIBEAM,50.15,50.5,50.15,50.5,35542.0
2021-06-17 14:21:00,NSE:INFIBEAM,50.5,50.5,50.45,50.45,14585.0
2021-06-17 14:24:00,NSE:INFIBEAM,50.5,50.5,50.4,50.4,25311.0
2021-06-17 14:27:00,NSE:INFIBEAM,50.4,50.55,50.4,50.55,22067.0
2021-06-17 14:30:00,NSE:INFIBEAM,50.55,51.0,50.55,50.75,1129247.0
2021-06-17 14:33:00,NSE:INFIBEAM,50.8,51.05,50.75,51.0,1071953.0
2021-06-17 14:36:00,NSE:INFIBEAM,51.05,51.05,50.8,50.9,53352.0
2021-06-17 14:39:00,NSE:INFIBEAM,50.9,50.9,50.6,50.6,52787.0
2021-06-17 14:42:00,NSE:INFIBEAM,50.6,50.75,50.6,50.6,32853.0
2021-06-17 14:45:00,NSE:INFIBEAM,50.65,51.7,50.55,51.25,1693210.0
2021-06-17 14:48:00,NSE:INFIBEAM,51.25,51.3,51.1,51.15,88715.0
2021-06-17 14:51:00,NSE:INFIBEAM,51.15,51.2,50.95,51.1,63538.0
2021-06-17 14:54:00,NSE:INFIBEAM,51.1,51.2,51.0,51.0,53356.0
2021-06-17 14:57:00,NSE:INFIBEAM,50.9,50.95,50.8,50.8,31673.0
2021-06-17 15:00:00,NSE:INFIBEAM,50.9,51.1,50.9,51.1,37588.0
2021-06-17 15:03:00,NSE:INFIBEAM,51.15,51.2,51.0,51.1,41999.0
2021-06-17 15:06:00,NSE:INFIBEAM,51.1,51.15,51.0,51.05,56584.0
2021-06-17 15:09:00,NSE:INFIBEAM,51.05,51.1,51.0,51.05,25521.0
2021-06-17 15:12:00,NSE:INFIBEAM,51.0,51.35,50.95,50.95,220427.0
2021-06-17 15:15:00,NSE:INFIBEAM,51.0,51.0,50.9,51.0,89225.0
2021-06-17 15:18:00,NSE:INFIBEAM,51.0,51.2,51.0,51.1,98147.0
2021-06-17 15:21:00,NSE:INFIBEAM,51.2,51.2,51.1,51.1,113932.0
2021-06-17 15:24:00,NSE:INFIBEAM,51.1,51.2,51.05,51.15,57937.0
2021-06-17 15:27:00,NSE:INFIBEAM,51.05,51.2,50.9,51.1,254835.0
2021-06-17 15:30:00,NSE:INFIBEAM,51.15,51.15,51.15,51.15,1734.0
2021-06-17 15:39:00,NSE:INFIBEAM,51.1,51.15,51.1,51.15,550.0
2021-06-18 09:06:00,NSE:INFIBEAM,50.95,50.95,50.95,50.95,73812.0
2021-06-18 09:15:00,NSE:INFIBEAM,50.6,51.0,50.6,50.95,138523.0
2021-06-18 09:18:00,NSE:INFIBEAM,50.95,51.0,50.6,50.65,170128.0
2021-06-18 09:21:00,NSE:INFIBEAM,50.6,50.7,50.5,50.6,88055.0
2021-06-18 09:24:00,NSE:INFIBEAM,50.6,50.85,50.6,50.8,57574.0
2021-06-18 09:27:00,NSE:INFIBEAM,50.8,50.8,50.55,50.65,38282.0
2021-06-18 09:30:00,NSE:INFIBEAM,50.7,50.7,50.4,50.55,66003.0
2021-06-18 09:33:00,NSE:INFIBEAM,50.55,50.6,50.45,50.5,35214.0
2021-06-18 09:36:00,NSE:INFIBEAM,50.5,50.55,50.3,50.4,53283.0
2021-06-18 09:39:00,NSE:INFIBEAM,50.4,50.45,50.4,50.4,13807.0
2021-06-18 09:42:00,NSE:INFIBEAM,50.4,50.45,50.35,50.35,29394.0
2021-06-18 09:45:00,NSE:INFIBEAM,50.35,50.35,50.1,50.25,98579.0
2021-06-18 09:48:00,NSE:INFIBEAM,50.25,50.25,50.1,50.25,31096.0
2021-06-18 09:51:00,NSE:INFIBEAM,50.25,50.3,50.2,50.2,12921.0
2021-06-18 09:54:00,NSE:INFIBEAM,50.25,50.25,50.1,50.1,14656.0
2021-06-18 09:57:00,NSE:INFIBEAM,50.1,50.2,50.0,50.1,96214.0
2021-06-18 10:00:00,NSE:INFIBEAM,50.15,50.15,49.8,50.15,167296.0
2021-06-18 10:03:00,NSE:INFIBEAM,50.2,50.4,50.2,50.3,25036.0
2021-06-18 10:06:00,NSE:INFIBEAM,50.3,50.4,50.15,50.15,31027.0
2021-06-18 10:09:00,NSE:INFIBEAM,50.15,50.2,50.0,50.15,36743.0
2021-06-18 10:12:00,NSE:INFIBEAM,50.15,50.2,50.05,50.05,31078.0
2021-06-18 10:15:00,NSE:INFIBEAM,50.1,50.3,50.1,50.2,27312.0
2021-06-18 10:18:00,NSE:INFIBEAM,50.2,50.3,50.0,50.15,15987.0
2021-06-18 10:21:00,NSE:INFIBEAM,50.15,50.15,50.05,50.05,10377.0
2021-06-18 10:24:00,NSE:INFIBEAM,50.05,50.1,49.95,50.0,29461.0
2021-06-18 10:27:00,NSE:INFIBEAM,50.0,50.0,49.4,49.45,186490.0
2021-06-18 10:30:00,NSE:INFIBEAM,49.45,49.95,49.4,49.9,224483.0
2021-06-18 10:33:00,NSE:INFIBEAM,49.9,49.95,49.9,49.95,14693.0
2021-06-18 10:36:00,NSE:INFIBEAM,49.9,49.95,49.85,49.9,24057.0
2021-06-18 10:39:00,NSE:INFIBEAM,49.85,49.9,49.35,49.5,110187.0
2021-06-18 10:42:00,NSE:INFIBEAM,49.65,49.7,49.3,49.35,82808.0
2021-06-18 10:45:00,NSE:INFIBEAM,49.35,49.4,49.3,49.3,61928.0
2021-06-18 10:48:00,NSE:INFIBEAM,49.35,49.35,49.25,49.25,25535.0
2021-06-18 10:51:00,NSE:INFIBEAM,49.3,49.3,49.2,49.2,35970.0
2021-06-18 10:54:00,NSE:INFIBEAM,49.3,49.3,49.1,49.15,42383.0
2021-06-18 10:57:00,NSE:INFIBEAM,49.1,49.15,49.0,49.0,116924.0
2021-06-18 11:00:00,NSE:INFIBEAM,49.0,49.15,48.9,49.15,80593.0
2021-06-18 11:03:00,NSE:INFIBEAM,49.05,49.15,49.0,49.15,49163.0
2021-06-18 11:06:00,NSE:INFIBEAM,49.05,49.2,48.8,49.2,94347.0
2021-06-18 11:09:00,NSE:INFIBEAM,49.2,49.25,49.15,49.25,14691.0
2021-06-18 11:12:00,NSE:INFIBEAM,49.25,49.7,49.2,49.65,60328.0
2021-06-18 11:15:00,NSE:INFIBEAM,49.6,49.65,49.3,49.55,43697.0
2021-06-18 11:18:00,NSE:INFIBEAM,49.5,49.6,49.4,49.55,36111.0
2021-06-18 11:21:00,NSE:INFIBEAM,49.6,49.75,49.55,49.75,35397.0
2021-06-18 11:24:00,NSE:INFIBEAM,49.75,49.75,49.7,49.7,43063.0
2021-06-18 11:27:00,NSE:INFIBEAM,49.7,49.75,49.65,49.65,14321.0
2021-06-18 11:30:00,NSE:INFIBEAM,49.75,49.75,49.4,49.4,19693.0
2021-06-18 11:33:00,NSE:INFIBEAM,49.4,49.5,49.4,49.4,7511.0
2021-06-18 11:36:00,NSE:INFIBEAM,49.4,49.55,49.4,49.55,13178.0
2021-06-18 11:39:00,NSE:INFIBEAM,49.45,49.55,49.45,49.45,26547.0
2021-06-18 11:42:00,NSE:INFIBEAM,49.4,49.65,49.35,49.65,17342.0
2021-06-18 11:45:00,NSE:INFIBEAM,49.65,49.65,49.55,49.65,8156.0
2021-06-18 11:48:00,NSE:INFIBEAM,49.55,49.65,49.5,49.65,27273.0
2021-06-18 11:51:00,NSE:INFIBEAM,49.65,49.65,49.55,49.6,5665.0
2021-06-18 11:54:00,NSE:INFIBEAM,49.65,49.65,49.6,49.6,6734.0
2021-06-18 11:57:00,NSE:INFIBEAM,49.6,49.65,49.55,49.6,26382.0
2021-06-18 12:00:00,NSE:INFIBEAM,49.55,49.7,49.55,49.7,28865.0
2021-06-18 12:03:00,NSE:INFIBEAM,49.65,49.75,49.65,49.75,20398.0
2021-06-18 12:06:00,NSE:INFIBEAM,49.75,49.8,49.7,49.8,15816.0
2021-06-18 12:09:00,NSE:INFIBEAM,49.8,49.8,49.75,49.75,18490.0
2021-06-18 12:12:00,NSE:INFIBEAM,49.8,49.85,49.75,49.85,10753.0
2021-06-18 12:15:00,NSE:INFIBEAM,49.85,49.9,49.8,49.85,12025.0
2021-06-18 12:18:00,NSE:INFIBEAM,49.85,49.9,49.85,49.85,2424.0
2021-06-18 12:21:00,NSE:INFIBEAM,49.9,49.9,49.85,49.9,9479.0
2021-06-18 12:24:00,NSE:INFIBEAM,49.85,49.9,49.85,49.9,3931.0
2021-06-18 12:27:00,NSE:INFIBEAM,49.85,49.9,49.8,49.9,7403.0
2021-06-18 12:30:00,NSE:INFIBEAM,49.85,49.9,49.85,49.85,6394.0
2021-06-18 12:33:00,NSE:INFIBEAM,49.85,49.9,49.85,49.85,1971.0
2021-06-18 12:36:00,NSE:INFIBEAM,49.85,50.0,49.85,50.0,15642.0
2021-06-18 12:39:00,NSE:INFIBEAM,49.95,50.1,49.95,50.05,19448.0
2021-06-18 12:42:00,NSE:INFIBEAM,50.05,50.2,50.05,50.1,28641.0
2021-06-18 12:45:00,NSE:INFIBEAM,50.15,50.2,50.1,50.1,22710.0
2021-06-18 12:48:00,NSE:INFIBEAM,50.15,50.15,50.1,50.1,8443.0
2021-06-18 12:51:00,NSE:INFIBEAM,50.15,50.2,50.15,50.15,19265.0
2021-06-18 12:54:00,NSE:INFIBEAM,50.15,50.15,49.95,49.95,16651.0
2021-06-18 12:57:00,NSE:INFIBEAM,49.9,50.1,49.9,50.05,11479.0
2021-06-18 13:00:00,NSE:INFIBEAM,50.0,50.1,50.0,50.0,12281.0
2021-06-18 13:03:00,NSE:INFIBEAM,50.0,50.05,49.85,49.85,7977.0
2021-06-18 13:06:00,NSE:INFIBEAM,49.85,50.05,49.85,50.0,17772.0
2021-06-18 13:09:00,NSE:INFIBEAM,49.95,50.0,49.9,49.95,12009.0
2021-06-18 13:12:00,NSE:INFIBEAM,49.95,50.0,49.9,49.9,8060.0
2021-06-18 13:15:00,NSE:INFIBEAM,49.95,50.0,49.9,50.0,3888.0
2021-06-18 13:18:00,NSE:INFIBEAM,50.0,50.0,49.9,49.9,5488.0
2021-06-18 13:21:00,NSE:INFIBEAM,49.95,49.95,49.9,49.9,2937.0
2021-06-18 13:24:00,NSE:INFIBEAM,49.9,50.0,49.9,49.95,5656.0
2021-06-18 13:27:00,NSE:INFIBEAM,49.9,49.9,49.8,49.8,11707.0
2021-06-18 13:30:00,NSE:INFIBEAM,49.8,49.8,49.65,49.65,20876.0
2021-06-18 13:33:00,NSE:INFIBEAM,49.65,49.95,49.6,49.95,67009.0
2021-06-18 13:36:00,NSE:INFIBEAM,49.95,49.95,49.9,49.9,2600.0
2021-06-18 13:39:00,NSE:INFIBEAM,49.95,49.95,49.9,49.95,3420.0
2021-06-18 13:42:00,NSE:INFIBEAM,49.95,50.0,49.9,49.95,7536.0
2021-06-18 13:45:00,NSE:INFIBEAM,49.95,50.0,49.85,49.9,30579.0
2021-06-18 13:48:00,NSE:INFIBEAM,49.95,50.0,49.85,49.85,33310.0
2021-06-18 13:51:00,NSE:INFIBEAM,49.9,50.0,49.85,49.9,15687.0
2021-06-18 13:54:00,NSE:INFIBEAM,49.9,49.95,49.9,49.95,2039.0
2021-06-18 13:57:00,NSE:INFIBEAM,49.95,49.95,49.9,49.95,6028.0
2021-06-18 14:00:00,NSE:INFIBEAM,49.9,49.95,49.9,49.95,12301.0
2021-06-18 14:03:00,NSE:INFIBEAM,49.95,49.95,49.85,49.95,16478.0
2021-06-18 14:06:00,NSE:INFIBEAM,49.85,49.9,49.8,49.9,7705.0
2021-06-18 14:09:00,NSE:INFIBEAM,49.85,49.95,49.75,49.9,13292.0
2021-06-18 14:12:00,NSE:INFIBEAM,49.85,49.95,49.85,49.9,7472.0
2021-06-18 14:15:00,NSE:INFIBEAM,49.85,49.95,49.85,49.9,6491.0
2021-06-18 14:18:00,NSE:INFIBEAM,49.95,50.0,49.9,49.9,20418.0
2021-06-18 14:21:00,NSE:INFIBEAM,49.9,50.0,49.9,50.0,5341.0
2021-06-18 14:24:00,NSE:INFIBEAM,49.95,50.1,49.95,50.0,36705.0
2021-06-18 14:27:00,NSE:INFIBEAM,50.05,50.15,50.0,50.05,6197.0
2021-06-18 14:30:00,NSE:INFIBEAM,50.15,50.15,50.05,50.15,14977.0
2021-06-18 14:33:00,NSE:INFIBEAM,50.1,50.2,50.1,50.15,11673.0
2021-06-18 14:36:00,NSE:INFIBEAM,50.15,50.2,50.1,50.1,23221.0
2021-06-18 14:39:00,NSE:INFIBEAM,50.1,50.25,50.0,50.25,50220.0
2021-06-18 14:42:00,NSE:INFIBEAM,50.25,50.35,50.2,50.35,20079.0
2021-06-18 14:45:00,NSE:INFIBEAM,50.35,50.4,50.3,50.3,20446.0
2021-06-18 14:48:00,NSE:INFIBEAM,50.35,50.35,50.3,50.35,13060.0
2021-06-18 14:51:00,NSE:INFIBEAM,50.3,50.35,50.2,50.25,31237.0
2021-06-18 14:54:00,NSE:INFIBEAM,50.3,50.35,50.25,50.3,23610.0
2021-06-18 14:57:00,NSE:INFIBEAM,50.3,50.3,50.1,50.1,16278.0
2021-06-18 15:00:00,NSE:INFIBEAM,50.15,50.35,50.1,50.3,68709.0
2021-06-18 15:03:00,NSE:INFIBEAM,50.35,50.35,50.15,50.35,123212.0
2021-06-18 15:06:00,NSE:INFIBEAM,50.35,50.4,50.25,50.35,156708.0
2021-06-18 15:09:00,NSE:INFIBEAM,50.35,50.4,50.2,50.25,103029.0
2021-06-18 15:12:00,NSE:INFIBEAM,50.35,50.7,50.3,50.65,102006.0
2021-06-18 15:15:00,NSE:INFIBEAM,50.65,50.65,50.6,50.65,53236.0
2021-06-18 15:18:00,NSE:INFIBEAM,50.6,50.65,50.6,50.6,58014.0
2021-06-18 15:21:00,NSE:INFIBEAM,50.6,50.65,50.6,50.6,64316.0
2021-06-18 15:24:00,NSE:INFIBEAM,50.6,50.65,50.6,50.65,37886.0
2021-06-18 15:27:00,NSE:INFIBEAM,50.65,50.75,50.6,50.7,84810.0
2021-06-18 15:30:00,NSE:INFIBEAM,50.65,50.65,50.65,50.65,878.0
2021-06-18 15:39:00,NSE:INFIBEAM,50.45,50.65,50.45,50.65,600.0
