datetime,symbol,open,high,low,close,volume
1999-01-01 09:15:00,NSE:JYOTISTRUC,11.3,11.4900002,11.2300004,11.4900002,6000.0
1999-01-04 09:15:00,NSE:JYOTISTRUC,11.5800004,12.3800004,11.5800004,12.0,14000.0
1999-01-05 09:15:00,NSE:JYOTISTRUC,12.3699996,12.9600006,12.3699996,12.95,9500.0
1999-01-06 09:15:00,NSE:JYOTISTRUC,13.6,13.9899994,13.6,13.9899994,30500.0
1999-01-07 09:15:00,NSE:JYOTISTRUC,14.55,15.1100006,14.2,14.3800004,69000.0
1999-01-08 09:15:00,NSE:JYOTISTRUC,13.85,13.85,13.4,13.4899994,17000.0
1999-01-11 09:15:00,NSE:JYOTISTRUC,13.6,13.6100006,12.4300004,13.0300004,12000.0
1999-01-12 09:15:00,NSE:JYOTISTRUC,12.7,13.0,12.4,12.4,31000.0
1999-01-13 09:15:00,NSE:JYOTISTRUC,11.8,12.6,11.8,12.55,6500.0
1999-01-14 09:15:00,NSE:JYOTISTRUC,12.1599998,12.2,12.1599998,12.1699996,4500.0
1999-01-15 09:15:00,NSE:JYOTISTRUC,12.1,12.2,11.8,12.1,6000.0
1999-01-18 09:15:00,NSE:JYOTISTRUC,11.8,12.0,11.6,11.8599998,2500.0
1999-01-19 09:15:00,NSE:JYOTISTRUC,11.1099998,11.4,11.1099998,11.1599998,6000.0
1999-01-21 09:15:00,NSE:JYOTISTRUC,11.4400002,11.4400002,11.4,11.4,10000.0
1999-01-22 09:15:00,NSE:JYOTISTRUC,11.8,12.3199996,11.8,12.3199996,6500.0
1999-01-25 09:15:00,NSE:JYOTISTRUC,12.2,12.5,11.8,12.0,13500.0
1999-01-27 09:15:00,NSE:JYOTISTRUC,12.4,12.9,12.4,12.8,13000.0
1999-01-28 09:15:00,NSE:JYOTISTRUC,13.1,13.1,12.0,12.0599998,5500.0
1999-01-29 09:15:00,NSE:JYOTISTRUC,12.2,12.3,11.8,12.3,7500.0
1999-02-01 09:15:00,NSE:JYOTISTRUC,12.0,12.2699996,11.7099998,12.2,6000.0
1999-02-02 09:15:00,NSE:JYOTISTRUC,12.0,12.0,11.2400002,11.4,11500.0
1999-02-03 09:15:00,NSE:JYOTISTRUC,11.6,11.6,11.6,11.6,1500.0
1999-02-04 09:15:00,NSE:JYOTISTRUC,11.6,11.6199996,11.6,11.6,2500.0
1999-02-05 09:15:00,NSE:JYOTISTRUC,11.6,11.6,11.6,11.6,500.0
1999-02-08 09:15:00,NSE:JYOTISTRUC,11.6,11.75,11.6,11.6,2000.0
1999-02-09 09:15:00,NSE:JYOTISTRUC,10.8,11.2300004,10.8,10.8,8000.0
1999-02-10 09:15:00,NSE:JYOTISTRUC,11.2,11.65,11.2,11.65,16000.0
1999-02-11 09:15:00,NSE:JYOTISTRUC,11.6,11.6,10.8099998,11.0,7500.0
1999-02-12 09:15:00,NSE:JYOTISTRUC,11.4,11.4,11.1199996,11.1199996,1000.0
1999-02-15 09:15:00,NSE:JYOTISTRUC,11.1,11.2900002,11.0400002,11.1,7000.0
1999-02-16 09:15:00,NSE:JYOTISTRUC,11.0,11.0,10.7099998,10.9800004,8500.0
1999-02-17 09:15:00,NSE:JYOTISTRUC,11.0,11.3400002,10.7,11.0,20000.0
1999-02-18 09:15:00,NSE:JYOTISTRUC,11.2699996,11.2800004,10.4,10.4099998,78500.0
1999-02-19 09:15:00,NSE:JYOTISTRUC,10.6,11.0,9.9199996,9.9199996,56500.0
1999-02-22 09:15:00,NSE:JYOTISTRUC,10.6800004,10.6800004,9.9199996,9.9199996,32000.0
1999-02-23 09:15:00,NSE:JYOTISTRUC,10.0,10.2,9.6199996,9.7300004,47500.0
1999-02-24 09:15:00,NSE:JYOTISTRUC,10.5,10.5,10.0,10.1599998,35000.0
1999-02-25 09:15:00,NSE:JYOTISTRUC,10.1800004,10.2,9.9900002,9.9900002,54000.0
1999-02-26 09:15:00,NSE:JYOTISTRUC,10.0800004,10.5,9.6,10.4,40000.0
1999-03-01 09:15:00,NSE:JYOTISTRUC,12.1,12.1099998,12.1,12.1099998,50500.0
1999-03-03 09:15:00,NSE:JYOTISTRUC,13.0800004,13.0800004,13.0800004,13.0800004,30000.0
1999-03-04 09:15:00,NSE:JYOTISTRUC,13.9600006,13.9600006,12.25,12.9800004,76000.0
1999-03-05 09:15:00,NSE:JYOTISTRUC,13.0,13.0,12.4,12.6,42500.0
1999-03-08 09:15:00,NSE:JYOTISTRUC,12.4099998,13.3800004,12.4099998,12.5,106500.0
1999-03-09 09:15:00,NSE:JYOTISTRUC,12.55,12.7,12.3,12.3,68500.0
1999-03-10 09:15:00,NSE:JYOTISTRUC,12.5599998,12.7,11.8099998,12.0,89500.0
1999-03-11 09:15:00,NSE:JYOTISTRUC,11.35,12.0699996,11.35,11.8,24500.0
1999-03-12 09:15:00,NSE:JYOTISTRUC,11.9699996,12.0,11.7,11.7099998,46500.0
1999-03-15 09:15:00,NSE:JYOTISTRUC,12.1,12.2,11.6199996,11.7900002,47000.0
1999-03-16 09:15:00,NSE:JYOTISTRUC,11.6199996,12.0699996,11.6,11.8199996,54000.0
1999-03-17 09:15:00,NSE:JYOTISTRUC,12.5,12.7699996,12.3800004,12.7699996,34000.0
1999-03-18 09:15:00,NSE:JYOTISTRUC,13.3800004,13.8,13.3800004,13.8,40000.0
1999-03-19 09:15:00,NSE:JYOTISTRUC,14.7800004,14.7800004,13.8399994,14.2,64500.0
1999-03-22 09:15:00,NSE:JYOTISTRUC,14.0,14.3399994,13.6100006,14.2,48000.0
1999-03-23 09:15:00,NSE:JYOTISTRUC,14.0,14.5,14.0,14.4,45500.0
1999-03-24 09:15:00,NSE:JYOTISTRUC,14.6199996,15.0,14.4,14.4,36500.0
1999-03-25 09:15:00,NSE:JYOTISTRUC,14.3899994,14.3899994,14.0,14.2,21500.0
1999-03-26 09:15:00,NSE:JYOTISTRUC,13.8199996,13.8199996,13.2199996,13.25,13000.0
1999-03-30 09:15:00,NSE:JYOTISTRUC,13.2,13.3800004,12.7,12.7,32000.0
1999-03-31 09:15:00,NSE:JYOTISTRUC,13.0,13.7,13.0,13.7,13500.0
1999-04-01 09:15:00,NSE:JYOTISTRUC,14.6800004,14.6800004,13.4100006,13.7399994,7500.0
1999-04-05 09:15:00,NSE:JYOTISTRUC,12.8,12.8,12.65,12.65,10000.0
1999-04-06 09:15:00,NSE:JYOTISTRUC,11.8099998,12.1,11.65,11.9,21500.0
1999-04-07 09:15:00,NSE:JYOTISTRUC,12.5199996,12.7800004,12.4,12.4,11000.0
1999-04-08 09:15:00,NSE:JYOTISTRUC,11.8099998,12.1800004,11.8099998,12.0,8000.0
1999-04-09 09:15:00,NSE:JYOTISTRUC,11.6199996,11.7,11.6,11.6099998,7000.0
1999-04-12 09:15:00,NSE:JYOTISTRUC,11.4400002,11.6599998,11.3199996,11.6,4000.0
1999-04-13 09:15:00,NSE:JYOTISTRUC,12.0,12.0,11.3199996,11.3199996,12000.0
1999-04-15 09:15:00,NSE:JYOTISTRUC,10.6,11.0099998,10.6,11.0,2000.0
1999-04-16 09:15:00,NSE:JYOTISTRUC,11.0,11.8800004,11.0,11.8199996,5000.0
1999-04-19 09:15:00,NSE:JYOTISTRUC,10.7,11.1800004,10.6,11.0099998,12000.0
1999-04-20 09:15:00,NSE:JYOTISTRUC,11.3599998,11.5599998,11.0,11.0199996,16500.0
1999-04-21 09:15:00,NSE:JYOTISTRUC,11.6,11.75,11.2,11.2,9000.0
1999-04-22 09:15:00,NSE:JYOTISTRUC,11.5,11.5900002,11.2,11.3,10000.0
1999-04-23 09:15:00,NSE:JYOTISTRUC,11.2099998,11.3,11.1,11.1,2500.0
1999-04-26 09:15:00,NSE:JYOTISTRUC,10.2199996,10.5,10.2199996,10.2199996,16000.0
1999-04-28 09:15:00,NSE:JYOTISTRUC,9.5,10.2800004,9.5,10.2800004,5500.0
1999-04-29 09:15:00,NSE:JYOTISTRUC,10.3800004,11.05,10.3800004,11.05,3000.0
1999-04-30 09:15:00,NSE:JYOTISTRUC,11.0,11.1,10.85,10.85,3000.0
1999-05-03 09:15:00,NSE:JYOTISTRUC,10.6,10.6,10.4599998,10.4599998,2500.0
1999-05-04 09:15:00,NSE:JYOTISTRUC,10.4,10.6,10.4,10.6,9500.0
1999-05-05 09:15:00,NSE:JYOTISTRUC,11.1400002,11.3900002,10.8,11.3699996,15500.0
1999-05-06 09:15:00,NSE:JYOTISTRUC,11.4,11.6400002,11.2400002,11.2400002,7000.0
1999-05-07 09:15:00,NSE:JYOTISTRUC,11.5800004,11.5800004,10.8099998,11.2,7500.0
1999-05-10 09:15:00,NSE:JYOTISTRUC,10.8,11.2,10.8,11.1599998,8500.0
1999-05-11 09:15:00,NSE:JYOTISTRUC,11.25,11.9,11.25,11.7300004,21000.0
1999-05-12 09:15:00,NSE:JYOTISTRUC,11.3599998,12.3699996,11.3599998,11.6,26000.0
1999-05-13 09:15:00,NSE:JYOTISTRUC,11.6400002,11.6400002,11.4,11.4,33000.0
1999-05-14 09:15:00,NSE:JYOTISTRUC,11.6,11.6199996,11.1099998,11.55,42500.0
1999-05-17 09:15:00,NSE:JYOTISTRUC,11.2800004,11.3,10.9400002,10.9400002,14500.0
1999-05-18 09:15:00,NSE:JYOTISTRUC,10.7099998,11.2,10.7099998,10.95,19000.0
1999-05-19 09:15:00,NSE:JYOTISTRUC,11.1099998,11.8300004,11.1099998,11.8300004,23000.0
1999-05-20 09:15:00,NSE:JYOTISTRUC,12.3,12.3800004,11.6099998,11.6199996,14500.0
1999-05-21 09:15:00,NSE:JYOTISTRUC,11.2400002,11.4800004,11.2199996,11.2400002,9000.0
1999-05-24 09:15:00,NSE:JYOTISTRUC,11.25,11.25,11.25,11.25,1000.0
1999-05-25 09:15:00,NSE:JYOTISTRUC,11.2599998,11.4,11.0,11.0199996,19000.0
1999-05-26 09:15:00,NSE:JYOTISTRUC,11.4,11.5800004,11.0,11.0199996,6000.0
1999-05-27 09:15:00,NSE:JYOTISTRUC,11.0199996,11.0199996,10.7,10.9900002,9000.0
1999-05-28 09:15:00,NSE:JYOTISTRUC,10.7,10.7,10.2199996,10.2199996,8000.0
1999-05-31 09:15:00,NSE:JYOTISTRUC,10.5800004,10.9599998,10.3,10.4,18000.0
1999-06-01 09:15:00,NSE:JYOTISTRUC,10.5,10.5400002,10.3,10.45,25500.0
1999-06-02 09:15:00,NSE:JYOTISTRUC,10.5,10.6599998,10.5,10.65,2500.0
1999-06-03 09:15:00,NSE:JYOTISTRUC,10.6,10.7,10.4,10.4,8500.0
1999-06-04 09:15:00,NSE:JYOTISTRUC,10.4199996,10.6,10.4199996,10.6,1500.0
1999-06-07 09:15:00,NSE:JYOTISTRUC,10.25,10.4,10.2,10.2,21000.0
1999-06-08 09:15:00,NSE:JYOTISTRUC,10.2199996,10.6099998,10.2199996,10.4300004,17000.0
1999-06-09 09:15:00,NSE:JYOTISTRUC,10.6400002,11.2599998,10.6400002,11.0099998,9000.0
1999-06-10 09:15:00,NSE:JYOTISTRUC,11.0,11.1699996,11.0,11.0800004,8000.0
1999-06-11 09:15:00,NSE:JYOTISTRUC,10.9900002,11.0,10.8599998,10.9,6000.0
1999-06-14 09:15:00,NSE:JYOTISTRUC,10.0599998,10.4,10.05,10.2900002,8000.0
1999-06-15 09:15:00,NSE:JYOTISTRUC,10.3,10.5599998,10.2099998,10.3400002,4000.0
1999-06-16 09:15:00,NSE:JYOTISTRUC,10.6,10.6,10.3199996,10.3300004,6000.0
1999-06-17 09:15:00,NSE:JYOTISTRUC,10.5800004,10.6,10.4300004,10.5300004,5500.0
1999-06-18 09:15:00,NSE:JYOTISTRUC,10.2,10.4800004,10.2,10.4800004,2500.0
1999-06-21 09:15:00,NSE:JYOTISTRUC,10.2699996,10.5800004,10.2699996,10.5599998,2000.0
1999-06-22 09:15:00,NSE:JYOTISTRUC,10.4,10.6,10.4,10.5599998,2500.0
1999-06-23 09:15:00,NSE:JYOTISTRUC,10.6,10.9,10.5,10.8,9500.0
1999-06-24 09:15:00,NSE:JYOTISTRUC,10.7800004,10.7800004,10.6400002,10.6400002,1500.0
1999-06-25 09:15:00,NSE:JYOTISTRUC,10.6,10.7,10.55,10.5599998,2500.0
1999-06-28 09:15:00,NSE:JYOTISTRUC,10.5599998,10.6,10.5599998,10.6,3000.0
1999-06-29 09:15:00,NSE:JYOTISTRUC,11.0,11.0,10.6300004,10.8599998,13500.0
1999-06-30 09:15:00,NSE:JYOTISTRUC,10.6699996,11.1800004,10.6699996,11.1300004,12500.0
1999-07-01 09:15:00,NSE:JYOTISTRUC,11.0099998,11.2400002,11.0,11.2099998,8500.0
1999-07-02 09:15:00,NSE:JYOTISTRUC,11.4,11.55,11.2,11.4099998,13500.0
1999-07-05 09:15:00,NSE:JYOTISTRUC,11.4,12.2800004,11.4,12.2099998,21500.0
1999-07-06 09:15:00,NSE:JYOTISTRUC,12.3599998,12.3599998,11.9300004,12.1400002,19000.0
1999-07-07 09:15:00,NSE:JYOTISTRUC,12.4,13.1,12.4,13.05,36000.0
1999-07-08 09:15:00,NSE:JYOTISTRUC,12.8100006,13.0,12.6199996,12.6900002,17000.0
1999-07-09 09:15:00,NSE:JYOTISTRUC,12.5,12.5,12.0400002,12.2800004,15000.0
1999-07-12 09:15:00,NSE:JYOTISTRUC,12.8,12.8,12.4,12.6099998,50500.0
1999-07-13 09:15:00,NSE:JYOTISTRUC,12.65,13.0,12.55,12.6599998,37000.0
1999-07-14 09:15:00,NSE:JYOTISTRUC,13.05,13.6800004,13.05,13.6800004,61500.0
1999-07-15 09:15:00,NSE:JYOTISTRUC,13.8,13.8800004,12.8199996,13.1699996,48500.0
1999-07-16 09:15:00,NSE:JYOTISTRUC,13.1800004,13.8,12.9199996,13.7600006,42500.0
1999-07-19 09:15:00,NSE:JYOTISTRUC,13.25,13.8,13.25,13.5199996,53500.0
1999-07-20 09:15:00,NSE:JYOTISTRUC,12.85,13.3,12.6,12.75,61500.0
1999-07-21 09:15:00,NSE:JYOTISTRUC,13.2300004,13.2300004,13.2300004,13.2300004,1500.0
1999-07-22 09:15:00,NSE:JYOTISTRUC,14.2100006,14.2899994,14.2100006,14.2899994,22500.0
1999-07-23 09:15:00,NSE:JYOTISTRUC,14.2899994,14.9800004,13.6,14.5899994,131500.0
1999-07-26 09:15:00,NSE:JYOTISTRUC,14.05,14.7600006,14.05,14.35,47000.0
1999-07-27 09:15:00,NSE:JYOTISTRUC,14.4800004,14.4800004,13.8100006,14.2199996,28500.0
1999-07-28 09:15:00,NSE:JYOTISTRUC,14.3800004,14.3800004,14.0,14.0,13500.0
1999-07-29 09:15:00,NSE:JYOTISTRUC,13.95,13.9800004,13.6199996,13.6800004,17500.0
1999-07-30 09:15:00,NSE:JYOTISTRUC,13.4100006,13.6,13.05,13.5899994,31000.0
1999-08-02 09:15:00,NSE:JYOTISTRUC,13.9,14.1800004,13.5699996,13.6199996,32000.0
1999-08-03 09:15:00,NSE:JYOTISTRUC,13.6899994,13.7,13.2,13.5899994,24000.0
1999-08-04 09:15:00,NSE:JYOTISTRUC,13.6,13.7800004,13.45,13.5100006,20000.0
1999-08-05 09:15:00,NSE:JYOTISTRUC,13.2100006,13.5,13.2,13.3300004,9000.0
1999-08-06 09:15:00,NSE:JYOTISTRUC,13.2,13.2,13.0800004,13.1,8000.0
1999-08-09 09:15:00,NSE:JYOTISTRUC,13.0,13.0600006,12.7,13.0600006,12500.0
1999-08-10 09:15:00,NSE:JYOTISTRUC,12.9600006,13.25,12.7800004,13.1100006,22500.0
1999-08-11 09:15:00,NSE:JYOTISTRUC,13.1,13.15,12.8800004,13.1300004,18500.0
1999-08-12 09:15:00,NSE:JYOTISTRUC,13.2199996,13.3800004,13.0600006,13.0600006,16500.0
1999-08-13 09:15:00,NSE:JYOTISTRUC,13.1699996,13.1699996,13.0,13.0,6000.0
1999-08-16 09:15:00,NSE:JYOTISTRUC,13.0,13.8,12.9899994,13.8,29500.0
1999-08-17 09:15:00,NSE:JYOTISTRUC,14.1,14.9100006,13.6,14.9100006,71500.0
1999-08-18 09:15:00,NSE:JYOTISTRUC,15.75,15.75,14.5800004,15.2600006,120500.0
1999-08-19 09:15:00,NSE:JYOTISTRUC,14.9,15.1,14.0399994,14.0399994,44500.0
1999-08-20 09:15:00,NSE:JYOTISTRUC,13.2300004,14.3199996,13.2199996,14.2399994,25000.0
1999-08-23 09:15:00,NSE:JYOTISTRUC,14.8,15.2,14.3,15.0100006,86500.0
1999-08-24 09:15:00,NSE:JYOTISTRUC,15.0,15.0,14.3100006,14.5699996,83000.0
1999-08-25 09:15:00,NSE:JYOTISTRUC,15.05,15.05,14.6,14.6,33000.0
1999-08-26 09:15:00,NSE:JYOTISTRUC,15.0,15.0,13.9,14.0300004,32500.0
1999-08-27 09:15:00,NSE:JYOTISTRUC,14.5800004,14.6600006,14.15,14.6300004,25500.0
1999-08-30 09:15:00,NSE:JYOTISTRUC,14.6,14.6,14.1,14.2,19500.0
1999-08-31 09:15:00,NSE:JYOTISTRUC,13.7,14.0899994,13.6,13.7199996,28500.0
1999-09-01 09:15:00,NSE:JYOTISTRUC,14.0,14.2699996,13.7,13.7899994,14500.0
1999-09-02 09:15:00,NSE:JYOTISTRUC,13.9800004,13.9800004,13.0300004,13.1399994,11500.0
1999-09-03 09:15:00,NSE:JYOTISTRUC,13.1300004,13.4,12.9,12.9699996,28000.0
1999-09-06 09:15:00,NSE:JYOTISTRUC,13.0199996,13.0199996,12.7900002,12.9100006,12500.0
1999-09-07 09:15:00,NSE:JYOTISTRUC,13.7699996,13.7699996,12.8300004,12.9199996,15000.0
1999-09-08 09:15:00,NSE:JYOTISTRUC,13.4699996,13.8,13.35,13.7300004,14000.0
1999-09-09 09:15:00,NSE:JYOTISTRUC,13.8,14.0,13.45,13.6399994,21500.0
1999-09-10 09:15:00,NSE:JYOTISTRUC,13.4300004,13.9800004,13.4300004,13.8699996,14500.0
1999-09-14 09:15:00,NSE:JYOTISTRUC,13.6100006,13.8,13.6100006,13.6399994,26000.0
1999-09-15 09:15:00,NSE:JYOTISTRUC,13.95,13.95,13.35,13.6,15000.0
1999-09-16 09:15:00,NSE:JYOTISTRUC,13.4100006,13.5,13.3100006,13.3100006,6000.0
1999-09-17 09:15:00,NSE:JYOTISTRUC,13.05,13.4699996,12.9699996,13.3300004,17000.0
1999-09-20 09:15:00,NSE:JYOTISTRUC,13.5,13.5,13.0800004,13.0800004,6000.0
1999-09-21 09:15:00,NSE:JYOTISTRUC,12.9,12.9,12.5599998,12.6699996,10500.0
1999-09-22 09:15:00,NSE:JYOTISTRUC,12.6,12.8699996,12.6,12.8699996,6500.0
1999-09-23 09:15:00,NSE:JYOTISTRUC,13.35,13.35,12.8,12.9399994,11500.0
1999-09-24 09:15:00,NSE:JYOTISTRUC,12.4300004,12.6,12.4199996,12.5699996,7000.0
1999-09-27 09:15:00,NSE:JYOTISTRUC,12.1,12.2,12.0,12.2,6000.0
1999-09-28 09:15:00,NSE:JYOTISTRUC,11.7199996,12.1800004,11.4099998,11.7099998,20500.0
1999-09-29 09:15:00,NSE:JYOTISTRUC,12.5099998,12.65,12.2099998,12.65,12000.0
1999-09-30 09:15:00,NSE:JYOTISTRUC,12.6800004,13.0,12.45,12.6800004,8500.0
1999-10-01 09:15:00,NSE:JYOTISTRUC,12.5800004,12.9699996,12.4400002,12.9699996,7000.0
1999-10-04 09:15:00,NSE:JYOTISTRUC,13.7399994,14.0,12.75,12.75,23500.0
1999-10-05 09:15:00,NSE:JYOTISTRUC,12.4599998,12.7800004,12.4599998,12.75,15500.0
1999-10-06 09:15:00,NSE:JYOTISTRUC,13.1,13.7600006,13.0300004,13.1600006,23000.0
1999-10-07 09:15:00,NSE:JYOTISTRUC,13.3,13.6899994,13.1,13.5,10500.0
1999-10-08 09:15:00,NSE:JYOTISTRUC,13.4199996,13.7,13.2800004,13.3800004,16500.0
1999-10-11 09:15:00,NSE:JYOTISTRUC,13.75,13.75,13.2300004,13.2399994,10000.0
1999-10-12 09:15:00,NSE:JYOTISTRUC,13.2100006,13.3,13.0199996,13.0899994,16000.0
1999-10-13 09:15:00,NSE:JYOTISTRUC,13.55,14.1300004,13.2,13.4600006,24500.0
1999-10-14 09:15:00,NSE:JYOTISTRUC,13.5,13.75,13.5,13.6199996,11000.0
1999-10-15 09:15:00,NSE:JYOTISTRUC,13.3,13.6,12.9199996,13.0399994,12500.0
1999-10-18 09:15:00,NSE:JYOTISTRUC,12.6099998,14.0899994,12.6,14.0899994,49000.0
1999-10-20 09:15:00,NSE:JYOTISTRUC,15.0,15.2199996,14.8,15.2199996,53500.0
1999-10-21 09:15:00,NSE:JYOTISTRUC,16.3,16.4300004,15.1,16.4199996,148500.0
1999-10-22 09:15:00,NSE:JYOTISTRUC,16.6,17.7399994,15.7100006,17.6199996,184000.0
1999-10-25 09:15:00,NSE:JYOTISTRUC,19.8,20.0,17.8,19.3699996,257500.0
1999-10-26 09:15:00,NSE:JYOTISTRUC,19.3899994,19.9600006,18.75,19.1699996,173500.0
1999-10-27 09:15:00,NSE:JYOTISTRUC,19.4,20.5,18.2,18.4199996,147000.0
1999-10-28 09:15:00,NSE:JYOTISTRUC,18.0399994,18.0399994,16.95,16.95,36000.0
1999-10-29 09:15:00,NSE:JYOTISTRUC,15.8100006,15.8300004,15.6,15.6,19500.0
1999-11-01 09:15:00,NSE:JYOTISTRUC,15.0,15.6,14.4,14.4,23000.0
1999-11-02 09:15:00,NSE:JYOTISTRUC,13.3100006,15.2699996,13.2899994,15.0899994,46000.0
1999-11-03 09:15:00,NSE:JYOTISTRUC,15.4199996,16.3,15.4,16.1399994,23500.0
1999-11-04 09:15:00,NSE:JYOTISTRUC,16.05,16.3800004,15.4,15.9800004,16000.0
1999-11-05 09:15:00,NSE:JYOTISTRUC,15.4,15.4,15.0,15.1699996,22000.0
1999-11-09 09:15:00,NSE:JYOTISTRUC,14.5300004,15.2,14.5300004,15.1,19000.0
1999-11-10 09:15:00,NSE:JYOTISTRUC,15.4,15.5899994,15.2,15.4199996,8500.0
1999-11-11 09:15:00,NSE:JYOTISTRUC,15.3899994,15.3899994,15.05,15.1600006,2000.0
1999-11-12 09:15:00,NSE:JYOTISTRUC,15.2,16.0,15.0,15.5800004,10500.0
1999-11-15 09:15:00,NSE:JYOTISTRUC,15.5,15.7600006,15.4,15.4,4500.0
1999-11-16 09:15:00,NSE:JYOTISTRUC,15.0300004,15.4300004,14.6,15.4,14000.0
1999-11-17 09:15:00,NSE:JYOTISTRUC,15.4,15.4,15.0100006,15.0100006,5000.0
1999-11-18 09:15:00,NSE:JYOTISTRUC,14.6,14.6800004,14.4100006,14.6800004,7000.0
1999-11-19 09:15:00,NSE:JYOTISTRUC,14.7800004,14.8899994,14.7800004,14.8899994,2500.0
1999-11-22 09:15:00,NSE:JYOTISTRUC,14.0,14.9899994,14.0,14.2300004,9500.0
1999-11-24 09:15:00,NSE:JYOTISTRUC,14.9399994,15.0,14.3,14.7600006,13500.0
1999-11-25 09:15:00,NSE:JYOTISTRUC,15.2,15.2,14.5,14.5,5000.0
1999-11-26 09:15:00,NSE:JYOTISTRUC,14.7,14.7,14.4,14.4199996,6500.0
1999-11-29 09:15:00,NSE:JYOTISTRUC,14.2100006,14.4,14.2100006,14.2100006,5000.0
1999-11-30 09:15:00,NSE:JYOTISTRUC,14.0199996,14.2,14.0199996,14.1399994,10000.0
1999-12-01 09:15:00,NSE:JYOTISTRUC,14.2,14.5699996,14.2,14.2899994,10000.0
1999-12-02 09:15:00,NSE:JYOTISTRUC,14.3100006,14.3300004,14.0399994,14.1399994,13000.0
1999-12-03 09:15:00,NSE:JYOTISTRUC,14.3,14.3899994,13.9600006,14.3800004,11000.0
1999-12-06 09:15:00,NSE:JYOTISTRUC,14.0100006,14.5899994,14.0100006,14.5800004,13500.0
1999-12-07 09:15:00,NSE:JYOTISTRUC,14.8,15.0,14.6100006,14.7800004,14500.0
1999-12-08 09:15:00,NSE:JYOTISTRUC,15.2899994,15.7899994,15.0,15.0,7500.0
1999-12-09 09:15:00,NSE:JYOTISTRUC,14.6600006,15.25,14.6399994,14.75,8500.0
1999-12-10 09:15:00,NSE:JYOTISTRUC,15.0,15.1,14.2,14.2,9000.0
1999-12-13 09:15:00,NSE:JYOTISTRUC,14.2399994,14.6,14.0199996,14.0199996,5500.0
1999-12-14 09:15:00,NSE:JYOTISTRUC,14.1199996,14.1199996,13.0,13.6,12000.0
1999-12-15 09:15:00,NSE:JYOTISTRUC,14.55,14.6,13.8,13.8199996,9000.0
1999-12-16 09:15:00,NSE:JYOTISTRUC,14.1,14.1,13.8800004,13.9100006,3000.0
1999-12-17 09:15:00,NSE:JYOTISTRUC,14.0,14.1699996,13.8,14.0399994,11000.0
1999-12-20 09:15:00,NSE:JYOTISTRUC,14.1399994,14.4199996,14.1199996,14.3399994,10500.0
1999-12-21 09:15:00,NSE:JYOTISTRUC,14.5,14.6,14.2,14.2800004,10500.0
1999-12-22 09:15:00,NSE:JYOTISTRUC,14.9800004,15.4199996,14.9800004,15.0100006,22500.0
1999-12-23 09:15:00,NSE:JYOTISTRUC,15.1,15.2,14.8800004,14.9800004,6500.0
1999-12-24 09:15:00,NSE:JYOTISTRUC,14.1,14.2199996,13.7899994,14.0399994,9500.0
1999-12-27 09:15:00,NSE:JYOTISTRUC,14.0,14.0,13.2,13.25,11000.0
1999-12-28 09:15:00,NSE:JYOTISTRUC,13.5800004,13.5800004,13.0399994,13.5,10000.0
1999-12-29 09:15:00,NSE:JYOTISTRUC,13.9800004,13.9800004,13.4199996,13.4199996,6500.0
1999-12-30 09:15:00,NSE:JYOTISTRUC,13.6,13.7,13.4,13.6399994,3500.0
2000-01-03 09:15:00,NSE:JYOTISTRUC,14.0,14.5600006,13.6199996,14.4,12500.0
2000-01-04 09:15:00,NSE:JYOTISTRUC,14.0,14.6,13.8,14.4,12000.0
2000-01-05 09:15:00,NSE:JYOTISTRUC,14.4,14.4699996,13.9,13.9,20000.0
2000-01-06 09:15:00,NSE:JYOTISTRUC,14.0,14.3800004,13.7399994,13.75,23000.0
2000-01-07 09:15:00,NSE:JYOTISTRUC,13.8,13.8,13.6,13.7,5500.0
2000-01-10 09:15:00,NSE:JYOTISTRUC,13.2,13.2100006,13.0199996,13.0399994,7500.0
2000-01-11 09:15:00,NSE:JYOTISTRUC,13.3800004,13.4,13.0600006,13.1300004,19500.0
2000-01-12 09:15:00,NSE:JYOTISTRUC,12.8199996,13.1600006,12.8,13.1399994,4500.0
2000-01-13 09:15:00,NSE:JYOTISTRUC,13.7600006,13.7600006,12.8600006,13.2300004,7500.0
2000-01-14 09:15:00,NSE:JYOTISTRUC,13.75,13.7899994,13.2199996,13.2199996,3500.0
2000-01-17 09:15:00,NSE:JYOTISTRUC,12.4,13.15,12.4,12.8,11500.0
2000-01-18 09:15:00,NSE:JYOTISTRUC,12.6,12.8,12.4,12.4900002,35500.0
2000-01-19 09:15:00,NSE:JYOTISTRUC,12.8,13.1,12.6199996,12.8,15500.0
2000-01-20 09:15:00,NSE:JYOTISTRUC,13.0,13.5800004,12.7599998,12.9,9500.0
2000-01-21 09:15:00,NSE:JYOTISTRUC,13.4,13.6,13.0,13.2899994,21000.0
2000-01-24 09:15:00,NSE:JYOTISTRUC,12.8100006,13.5399994,12.8100006,13.3899994,50000.0
2000-01-25 09:15:00,NSE:JYOTISTRUC,13.0899994,13.3899994,12.8,13.3800004,39500.0
2000-01-27 09:15:00,NSE:JYOTISTRUC,13.3699996,13.45,13.2300004,13.4199996,11500.0
2000-01-28 09:15:00,NSE:JYOTISTRUC,12.95,13.3800004,12.8800004,13.3699996,5500.0
2000-01-31 09:15:00,NSE:JYOTISTRUC,12.9100006,13.3800004,12.9100006,13.2100006,21500.0
2000-02-01 09:15:00,NSE:JYOTISTRUC,13.1800004,13.6,12.7099998,12.9,12500.0
2000-02-02 09:15:00,NSE:JYOTISTRUC,12.4,13.0,12.4,13.0,8000.0
2000-02-03 09:15:00,NSE:JYOTISTRUC,13.1699996,13.1800004,12.6,12.6099998,3500.0
2000-02-04 09:15:00,NSE:JYOTISTRUC,12.65,12.7900002,12.45,12.4699996,2500.0
2000-02-07 09:15:00,NSE:JYOTISTRUC,12.3,12.5800004,12.2,12.2,13000.0
2000-02-08 09:15:00,NSE:JYOTISTRUC,12.4,12.4,11.6599998,12.1800004,8000.0
2000-02-09 09:15:00,NSE:JYOTISTRUC,12.3699996,12.3800004,11.9099998,11.9699996,6000.0
2000-02-10 09:15:00,NSE:JYOTISTRUC,12.4,12.8,12.0199996,12.0199996,10500.0
2000-02-11 09:15:00,NSE:JYOTISTRUC,12.0,12.7800004,12.0,12.1,9000.0
2000-02-14 09:15:00,NSE:JYOTISTRUC,11.8,12.0,11.7099998,11.7199996,5000.0
2000-02-15 09:15:00,NSE:JYOTISTRUC,11.4,12.0199996,11.2,12.0099998,17000.0
2000-02-16 09:15:00,NSE:JYOTISTRUC,12.0,12.7900002,12.0,12.0300004,11500.0
2000-02-17 09:15:00,NSE:JYOTISTRUC,12.65,12.65,12.2,12.2199996,9000.0
2000-02-18 09:15:00,NSE:JYOTISTRUC,12.0,12.0,11.4300004,11.8300004,14500.0
2000-02-21 09:15:00,NSE:JYOTISTRUC,11.6,11.6,11.4,11.4,5500.0
2000-02-22 09:15:00,NSE:JYOTISTRUC,11.1800004,11.2,10.5599998,10.6199996,10500.0
2000-02-23 09:15:00,NSE:JYOTISTRUC,11.0099998,11.0099998,10.2,10.5300004,12000.0
2000-02-24 09:15:00,NSE:JYOTISTRUC,9.8199996,11.1300004,9.8,9.9,10000.0
2000-02-25 09:15:00,NSE:JYOTISTRUC,10.0,10.5,9.1400002,10.15,13500.0
2000-02-28 09:15:00,NSE:JYOTISTRUC,10.2,10.75,10.0,10.5599998,8500.0
2000-02-29 09:15:00,NSE:JYOTISTRUC,11.0,11.4,10.9099998,11.0,15500.0
2000-03-01 09:15:00,NSE:JYOTISTRUC,11.0,11.8800004,11.0,11.65,21000.0
2000-03-02 09:15:00,NSE:JYOTISTRUC,11.6,11.8099998,11.0,11.55,32000.0
2000-03-03 09:15:00,NSE:JYOTISTRUC,11.2199996,11.2199996,10.7400002,10.7400002,8500.0
2000-03-06 09:15:00,NSE:JYOTISTRUC,11.2,11.2,10.2,10.4300004,14500.0
2000-03-07 09:15:00,NSE:JYOTISTRUC,9.9,10.4300004,9.6,9.9800004,32000.0
2000-03-08 09:15:00,NSE:JYOTISTRUC,10.6,10.6400002,10.5199996,10.5199996,4000.0
2000-03-09 09:15:00,NSE:JYOTISTRUC,10.4,10.6800004,10.0199996,10.0199996,7000.0
2000-03-10 09:15:00,NSE:JYOTISTRUC,10.4,10.4,10.4,10.4,500.0
2000-03-13 09:15:00,NSE:JYOTISTRUC,10.2,10.4,9.8,9.9199996,5500.0
2000-03-14 09:15:00,NSE:JYOTISTRUC,9.6400002,10.4,9.6400002,9.6800004,17000.0
2000-03-15 09:15:00,NSE:JYOTISTRUC,10.4599998,10.4599998,10.4599998,10.4599998,2500.0
2000-03-16 09:15:00,NSE:JYOTISTRUC,11.1800004,11.1800004,10.0,10.2,11500.0
2000-03-21 09:15:00,NSE:JYOTISTRUC,10.1599998,10.2,9.6,9.8599998,7825.0
2000-03-22 09:15:00,NSE:JYOTISTRUC,10.55,10.55,10.5400002,10.5400002,625.0
2000-03-23 09:15:00,NSE:JYOTISTRUC,10.4,10.4,10.0,10.2,2500.0
2000-03-24 09:15:00,NSE:JYOTISTRUC,10.2,10.4,10.1,10.3900002,5100.0
2000-03-27 09:15:00,NSE:JYOTISTRUC,10.05,10.1,10.0,10.0599998,6000.0
2000-03-28 09:15:00,NSE:JYOTISTRUC,9.9900002,10.3400002,9.6,10.0099998,14475.0
2000-03-29 09:15:00,NSE:JYOTISTRUC,10.3800004,10.3800004,10.2199996,10.3,1500.0
2000-03-30 09:15:00,NSE:JYOTISTRUC,10.2,10.5199996,10.2,10.25,2425.0
2000-03-31 09:15:00,NSE:JYOTISTRUC,10.4,10.4,10.1,10.4,2000.0
2000-04-03 09:15:00,NSE:JYOTISTRUC,10.95,10.95,10.8,10.9,3625.0
2000-04-04 09:15:00,NSE:JYOTISTRUC,10.9,11.2,10.25,10.5,16530.0
2000-04-06 09:15:00,NSE:JYOTISTRUC,10.9800004,10.9800004,10.4,10.4,1005.0
2000-04-07 09:15:00,NSE:JYOTISTRUC,10.4300004,11.1900002,10.4199996,10.9900002,4005.0
2000-04-10 09:15:00,NSE:JYOTISTRUC,11.6,11.6599998,11.0099998,11.2099998,7275.0
2000-04-11 09:15:00,NSE:JYOTISTRUC,11.8,11.8,11.0,11.4,4005.0
2000-04-12 09:15:00,NSE:JYOTISTRUC,11.7800004,11.7800004,11.7800004,11.7800004,500.0
2000-04-13 09:15:00,NSE:JYOTISTRUC,12.4400002,12.4400002,11.2199996,11.5,1005.0
2000-04-17 09:15:00,NSE:JYOTISTRUC,12.0,12.0,11.4099998,11.7800004,4775.0
2000-04-18 09:15:00,NSE:JYOTISTRUC,11.9599998,11.9599998,11.2400002,11.3400002,1615.0
2000-04-19 09:15:00,NSE:JYOTISTRUC,11.3199996,11.8900002,11.2,11.4,3505.0
2000-04-20 09:15:00,NSE:JYOTISTRUC,10.8199996,11.0,10.8199996,10.9900002,675.0
2000-04-24 09:15:00,NSE:JYOTISTRUC,10.6099998,10.6099998,10.2,10.2300004,3500.0
2000-04-25 09:15:00,NSE:JYOTISTRUC,10.0199996,10.2,10.0199996,10.1599998,2505.0
2000-04-26 09:15:00,NSE:JYOTISTRUC,10.8,10.8,10.1,10.7800004,905.0
2000-04-27 09:15:00,NSE:JYOTISTRUC,10.8,11.4,10.55,10.55,1005.0
2000-04-28 09:15:00,NSE:JYOTISTRUC,10.9900002,11.35,10.3699996,10.7900002,5340.0
2000-05-02 09:15:00,NSE:JYOTISTRUC,10.6,11.2,10.6,10.6,755.0
2000-05-03 09:15:00,NSE:JYOTISTRUC,10.5900002,10.5900002,10.0199996,10.0199996,505.0
2000-05-04 09:15:00,NSE:JYOTISTRUC,10.8,10.8,10.4,10.5900002,1275.0
2000-05-05 09:15:00,NSE:JYOTISTRUC,10.2,10.6,10.2,10.5800004,3015.0
2000-05-08 09:15:00,NSE:JYOTISTRUC,9.8,10.4,9.8,10.4,2750.0
2000-05-09 09:15:00,NSE:JYOTISTRUC,10.0,10.6,10.0,10.4300004,4650.0
2000-05-10 09:15:00,NSE:JYOTISTRUC,10.3900002,10.7800004,10.3900002,10.7800004,1005.0
2000-05-11 09:15:00,NSE:JYOTISTRUC,10.0800004,10.4,10.0099998,10.4,3000.0
2000-05-12 09:15:00,NSE:JYOTISTRUC,10.05,10.05,10.0199996,10.0199996,750.0
2000-05-15 09:15:00,NSE:JYOTISTRUC,10.0,10.0,10.0,10.0,1745.0
2000-05-16 09:15:00,NSE:JYOTISTRUC,9.7,10.0800004,9.2,10.0,1003250.0
2000-05-18 09:15:00,NSE:JYOTISTRUC,9.6,10.05,9.6,10.05,6300.0
2000-05-22 09:15:00,NSE:JYOTISTRUC,10.0,10.0,10.0,10.0,500.0
2000-05-23 09:15:00,NSE:JYOTISTRUC,9.2400002,9.2400002,9.2400002,9.2400002,500.0
2000-05-25 09:15:00,NSE:JYOTISTRUC,9.5900002,9.6,9.5900002,9.6,1750.0
2000-05-29 09:15:00,NSE:JYOTISTRUC,9.3099998,9.3099998,9.3,9.3,1000.0
2000-05-30 09:15:00,NSE:JYOTISTRUC,9.4,9.4,9.4,9.4,500.0
2000-05-31 09:15:00,NSE:JYOTISTRUC,9.4599998,9.4599998,9.4199996,9.4199996,1500.0
2000-06-02 09:15:00,NSE:JYOTISTRUC,9.4,9.4,9.4,9.4,100.0
2000-06-05 09:15:00,NSE:JYOTISTRUC,9.4199996,9.9400002,9.4199996,9.6,1500.0
2000-06-06 09:15:00,NSE:JYOTISTRUC,9.3400002,9.6,9.3,9.6,3000.0
2000-06-07 09:15:00,NSE:JYOTISTRUC,9.7599998,9.8,9.7599998,9.8,750.0
2000-06-08 09:15:00,NSE:JYOTISTRUC,9.4599998,9.7,9.45,9.65,2000.0
2000-06-09 09:15:00,NSE:JYOTISTRUC,9.6,9.6,9.6,9.6,600.0
2000-06-12 09:15:00,NSE:JYOTISTRUC,9.45,9.5,9.45,9.5,1500.0
2000-06-13 09:15:00,NSE:JYOTISTRUC,9.3800004,9.9,9.2,9.8300004,12400.0
2000-06-14 09:15:00,NSE:JYOTISTRUC,9.7,10.0,9.7,9.9900002,1870.0
2000-06-15 09:15:00,NSE:JYOTISTRUC,10.0,10.0,10.0,10.0,250.0
2000-06-16 09:15:00,NSE:JYOTISTRUC,9.6,9.9,9.6,9.9,2185.0
2000-06-19 09:15:00,NSE:JYOTISTRUC,9.4,9.6,9.4,9.5,3500.0
2000-06-20 09:15:00,NSE:JYOTISTRUC,9.45,10.25,9.45,9.8300004,4250.0
2000-06-21 09:15:00,NSE:JYOTISTRUC,10.0199996,10.5400002,10.0199996,10.3699996,2800.0
2000-06-22 09:15:00,NSE:JYOTISTRUC,10.1,10.3,9.95,10.0,8015.0
2000-06-23 09:15:00,NSE:JYOTISTRUC,10.0,10.3,9.7,10.1599998,3000.0
2000-06-26 09:15:00,NSE:JYOTISTRUC,9.8099998,10.2,9.8,9.8,2000.0
2000-06-27 09:15:00,NSE:JYOTISTRUC,9.8,10.05,9.7099998,10.0,14670.0
2000-06-28 09:15:00,NSE:JYOTISTRUC,9.6900002,9.6900002,9.3,9.3,12500.0
2000-06-29 09:15:00,NSE:JYOTISTRUC,9.6400002,9.6800004,9.55,9.55,1015.0
2000-06-30 09:15:00,NSE:JYOTISTRUC,9.3300004,9.4699996,9.3199996,9.4699996,2000.0
2000-07-03 09:15:00,NSE:JYOTISTRUC,9.5,9.6400002,9.2300004,9.2300004,3000.0
2000-07-04 09:15:00,NSE:JYOTISTRUC,9.4,9.55,9.1300004,9.55,1000.0
2000-07-05 09:15:00,NSE:JYOTISTRUC,9.3,9.3199996,9.3,9.3199996,1000.0
2000-07-06 09:15:00,NSE:JYOTISTRUC,9.6,9.6,9.6,9.6,1750.0
2000-07-07 09:15:00,NSE:JYOTISTRUC,9.4,9.4099998,9.25,9.2800004,6250.0
2000-07-10 09:15:00,NSE:JYOTISTRUC,9.2,9.2,9.15,9.15,4265.0
2000-07-11 09:15:00,NSE:JYOTISTRUC,9.05,9.05,9.0,9.0,1500.0
2000-07-12 09:15:00,NSE:JYOTISTRUC,9.65,9.65,9.2,9.2,1000.0
2000-07-13 09:15:00,NSE:JYOTISTRUC,9.2,9.3699996,9.1199996,9.1199996,4750.0
2000-07-14 09:15:00,NSE:JYOTISTRUC,9.0099998,9.3,9.0099998,9.2,2185.0
2000-07-17 09:15:00,NSE:JYOTISTRUC,9.0099998,9.1,9.0,9.1,6305.0
2000-07-18 09:15:00,NSE:JYOTISTRUC,9.0,9.0,9.0,9.0,180.0
2000-07-19 09:15:00,NSE:JYOTISTRUC,9.0,9.2,8.9800004,8.9800004,1250.0
2000-07-20 09:15:00,NSE:JYOTISTRUC,9.0,9.15,8.9,9.15,2750.0
2000-07-21 09:15:00,NSE:JYOTISTRUC,8.6199996,8.6199996,8.45,8.45,9290.0
2000-07-24 09:15:00,NSE:JYOTISTRUC,8.2,8.9800004,8.2,8.2099998,1750.0
2000-07-25 09:15:00,NSE:JYOTISTRUC,8.15,8.4,8.1099998,8.1099998,2500.0
2000-07-26 09:15:00,NSE:JYOTISTRUC,8.7400002,8.7400002,8.3400002,8.55,3935.0
2000-07-27 09:15:00,NSE:JYOTISTRUC,8.75,8.75,8.2599998,8.5900002,1500.0
2000-07-28 09:15:00,NSE:JYOTISTRUC,8.4300004,8.6,8.4300004,8.5900002,1435.0
2000-07-31 09:15:00,NSE:JYOTISTRUC,8.4,8.7,8.3400002,8.6900002,750.0
2000-08-01 09:15:00,NSE:JYOTISTRUC,8.1400002,8.5900002,8.0,8.1400002,3600.0
2000-08-02 09:15:00,NSE:JYOTISTRUC,8.0199996,8.0199996,8.0199996,8.0199996,500.0
2000-08-03 09:15:00,NSE:JYOTISTRUC,8.3400002,8.3400002,8.3400002,8.3400002,500.0
2000-08-04 09:15:00,NSE:JYOTISTRUC,8.2,8.2,8.0,8.2,2935.0
2000-08-07 09:15:00,NSE:JYOTISTRUC,8.0,8.0,8.0,8.0,1750.0
2000-08-08 09:15:00,NSE:JYOTISTRUC,8.05,8.05,8.0,8.0099998,3500.0
2000-08-09 09:15:00,NSE:JYOTISTRUC,8.0,8.1,8.0,8.1,1500.0
2000-08-10 09:15:00,NSE:JYOTISTRUC,7.8,8.0599998,7.8,8.05,1185.0
2000-08-11 09:15:00,NSE:JYOTISTRUC,8.0099998,8.2,8.0,8.0099998,1500.0
2000-08-14 09:15:00,NSE:JYOTISTRUC,7.8,8.0,7.8,8.0,1620.0
2000-08-17 09:15:00,NSE:JYOTISTRUC,7.8300004,8.1099998,7.8300004,8.0,1500.0
2000-08-18 09:15:00,NSE:JYOTISTRUC,7.8099998,7.8099998,7.55,7.7,4750.0
2000-08-21 09:15:00,NSE:JYOTISTRUC,7.2199996,7.7,7.2199996,7.3099998,5860.0
2000-08-22 09:15:00,NSE:JYOTISTRUC,6.9699996,7.4400002,6.9599998,7.3900002,5990.0
2000-08-23 09:15:00,NSE:JYOTISTRUC,7.9800004,7.9800004,7.2099998,7.9199996,2500.0
2000-08-24 09:15:00,NSE:JYOTISTRUC,7.9099998,7.9099998,7.5400002,7.6,4435.0
2000-08-25 09:15:00,NSE:JYOTISTRUC,7.9099998,7.9099998,7.6099998,7.6099998,2815.0
2000-08-28 09:15:00,NSE:JYOTISTRUC,7.4,7.6,7.2,7.4400002,4000.0
2000-08-29 09:15:00,NSE:JYOTISTRUC,7.4099998,8.0400002,7.4099998,7.8300004,12000.0
2000-08-30 09:15:00,NSE:JYOTISTRUC,8.2,8.4599998,8.2,8.3,18300.0
2000-08-31 09:15:00,NSE:JYOTISTRUC,8.2099998,8.4400002,8.2099998,8.2099998,14350.0
2000-09-04 09:15:00,NSE:JYOTISTRUC,8.3900002,8.4,8.05,8.05,4000.0
2000-09-05 09:15:00,NSE:JYOTISTRUC,7.9,8.3800004,7.8599998,8.2099998,17250.0
2000-09-06 09:15:00,NSE:JYOTISTRUC,8.0,8.0,7.4,7.4800004,12000.0
2000-09-07 09:15:00,NSE:JYOTISTRUC,7.6,7.7,7.6,7.7,1250.0
2000-09-08 09:15:00,NSE:JYOTISTRUC,7.5699996,7.6699996,7.4199996,7.5300004,7685.0
2000-09-11 09:15:00,NSE:JYOTISTRUC,7.6,7.6,7.2599998,7.2599998,11000.0
2000-09-12 09:15:00,NSE:JYOTISTRUC,7.2199996,7.5199996,7.2199996,7.4699996,3750.0
2000-09-13 09:15:00,NSE:JYOTISTRUC,7.3400002,7.3400002,7.3400002,7.3400002,500.0
2000-09-14 09:15:00,NSE:JYOTISTRUC,7.5300004,7.5400002,7.5,7.5,1000.0
2000-09-15 09:15:00,NSE:JYOTISTRUC,7.5300004,7.5300004,7.2300004,7.2300004,4250.0
2000-09-18 09:15:00,NSE:JYOTISTRUC,7.05,7.2,7.0,7.0,3250.0
2000-09-19 09:15:00,NSE:JYOTISTRUC,7.0,7.4400002,6.8199996,7.2199996,12000.0
2000-09-20 09:15:00,NSE:JYOTISTRUC,7.4,7.4,7.2,7.2,1000.0
2000-09-21 09:15:00,NSE:JYOTISTRUC,7.2,7.2,7.2,7.2,750.0
2000-09-25 09:15:00,NSE:JYOTISTRUC,7.3099998,7.6,7.2,7.2,4750.0
2000-09-26 09:15:00,NSE:JYOTISTRUC,7.2,7.2,6.95,6.95,37250.0
2000-09-27 09:15:00,NSE:JYOTISTRUC,6.8199996,6.8199996,6.4,6.4300004,20750.0
2000-09-28 09:15:00,NSE:JYOTISTRUC,6.5300004,6.6,6.4199996,6.4300004,31005.0
2000-09-29 09:15:00,NSE:JYOTISTRUC,6.5900002,6.6,6.3099998,6.4,23000.0
2000-10-03 09:15:00,NSE:JYOTISTRUC,6.3,6.5,6.3,6.4800004,2875.0
2000-10-04 09:15:00,NSE:JYOTISTRUC,6.8,6.8,6.4699996,6.4699996,1500.0
2000-10-05 09:15:00,NSE:JYOTISTRUC,6.4,6.8,6.4,6.5800004,7125.0
2000-10-06 09:15:00,NSE:JYOTISTRUC,6.6300004,6.6300004,6.6300004,6.6300004,1500.0
2000-10-09 09:15:00,NSE:JYOTISTRUC,6.5099998,6.7099998,6.2,6.4,30705.0
2000-10-10 09:15:00,NSE:JYOTISTRUC,6.2400002,6.9099998,6.22,6.9099998,14250.0
2000-10-11 09:15:00,NSE:JYOTISTRUC,6.8,7.0,6.6099998,6.9300004,11440.0
2000-10-12 09:15:00,NSE:JYOTISTRUC,6.9599998,7.0,6.6900002,6.85,4000.0
2000-10-13 09:15:00,NSE:JYOTISTRUC,6.9900002,7.1900002,6.9900002,7.05,8500.0
2000-10-16 09:15:00,NSE:JYOTISTRUC,7.2,7.4,6.9800004,7.2099998,16720.0
2000-10-17 09:15:00,NSE:JYOTISTRUC,7.4,7.4,7.05,7.2199996,12370.0
2000-10-18 09:15:00,NSE:JYOTISTRUC,7.0,7.0,6.7099998,6.7099998,10760.0
2000-10-19 09:15:00,NSE:JYOTISTRUC,6.2599998,7.25,6.2599998,7.2099998,11020.0
2000-10-20 09:15:00,NSE:JYOTISTRUC,6.8199996,7.5900002,6.8199996,7.2,11755.0
2000-10-23 09:15:00,NSE:JYOTISTRUC,7.0400002,7.0800004,6.7800004,6.8900002,2750.0
2000-10-24 09:15:00,NSE:JYOTISTRUC,7.25,7.25,6.7300004,6.75,8280.0
2000-10-25 09:15:00,NSE:JYOTISTRUC,6.6400002,6.7,6.6400002,6.7,3000.0
2000-10-26 09:15:00,NSE:JYOTISTRUC,6.4,6.4,6.4,6.4,500.0
2000-10-27 09:15:00,NSE:JYOTISTRUC,6.5,6.5199996,6.5,6.5199996,1375.0
2000-10-30 09:15:00,NSE:JYOTISTRUC,6.3,6.55,6.3,6.55,1560.0
2000-10-31 09:15:00,NSE:JYOTISTRUC,6.5,6.5,6.5,6.5,500.0
2000-11-01 09:15:00,NSE:JYOTISTRUC,6.7,6.7800004,6.32,6.32,3450.0
2000-11-02 09:15:00,NSE:JYOTISTRUC,6.1,6.6,6.1,6.6,2000.0
2000-11-03 09:15:00,NSE:JYOTISTRUC,6.5,6.6,6.4699996,6.5,10875.0
2000-11-06 09:15:00,NSE:JYOTISTRUC,6.4300004,6.5,6.4,6.5,2800.0
2000-11-07 09:15:00,NSE:JYOTISTRUC,6.4,6.4800004,6.4,6.4,2500.0
2000-11-08 09:15:00,NSE:JYOTISTRUC,6.45,6.45,6.2599998,6.2599998,8490.0
2000-11-09 09:15:00,NSE:JYOTISTRUC,6.2,6.25,6.0599998,6.0599998,2250.0
2000-11-10 09:15:00,NSE:JYOTISTRUC,6.4,6.4,6.2,6.2,4000.0
2000-11-13 09:15:00,NSE:JYOTISTRUC,6.38,6.4,6.35,6.4,2950.0
2000-11-14 09:15:00,NSE:JYOTISTRUC,6.4400002,6.5,6.1400002,6.4,6150.0
2000-11-15 09:15:00,NSE:JYOTISTRUC,6.3099998,6.33,6.3,6.3,3500.0
2000-11-16 09:15:00,NSE:JYOTISTRUC,6.33,6.3400002,6.2099998,6.3,6250.0
2000-11-17 09:15:00,NSE:JYOTISTRUC,6.25,6.3,6.25,6.25,3500.0
2000-11-20 09:15:00,NSE:JYOTISTRUC,6.2,6.3599998,6.2,6.28,5630.0
2000-11-21 09:15:00,NSE:JYOTISTRUC,6.2,6.55,5.82,6.08,8270.0
2000-11-22 09:15:00,NSE:JYOTISTRUC,6.1,6.3099998,6.1,6.2,1120.0
2000-11-23 09:15:00,NSE:JYOTISTRUC,6.27,6.28,6.07,6.15,760.0
2000-11-24 09:15:00,NSE:JYOTISTRUC,6.33,6.37,6.1099998,6.37,1260.0
2000-11-28 09:15:00,NSE:JYOTISTRUC,6.65,6.65,6.3,6.6199996,4945.0
2000-11-29 09:15:00,NSE:JYOTISTRUC,6.7,6.7300004,6.5,6.5,2030.0
2000-11-30 09:15:00,NSE:JYOTISTRUC,6.4099998,6.4099998,6.4,6.4,1000.0
2000-12-01 09:15:00,NSE:JYOTISTRUC,6.5,6.5,6.4199996,6.4199996,750.0
2000-12-04 09:15:00,NSE:JYOTISTRUC,6.33,6.45,6.33,6.4400002,1935.0
2000-12-05 09:15:00,NSE:JYOTISTRUC,6.5199996,6.6599998,6.4300004,6.5599998,3505.0
2000-12-06 09:15:00,NSE:JYOTISTRUC,6.6900002,6.6900002,6.4800004,6.6900002,505.0
2000-12-07 09:15:00,NSE:JYOTISTRUC,6.6900002,6.6900002,6.4300004,6.6199996,885.0
2000-12-08 09:15:00,NSE:JYOTISTRUC,6.6,6.7300004,6.6,6.6,2125.0
2000-12-11 09:15:00,NSE:JYOTISTRUC,6.8,6.8,6.4699996,6.8,5010.0
2000-12-12 09:15:00,NSE:JYOTISTRUC,6.7599998,6.9800004,6.7199996,6.9800004,4520.0
2000-12-13 09:15:00,NSE:JYOTISTRUC,7.4900002,7.4900002,7.2,7.2099998,5755.0
2000-12-14 09:15:00,NSE:JYOTISTRUC,7.0300004,7.4,7.0300004,7.2400002,6375.0
2000-12-15 09:15:00,NSE:JYOTISTRUC,7.2099998,7.2599998,7.1199996,7.15,3635.0
2000-12-18 09:15:00,NSE:JYOTISTRUC,6.65,7.3,6.65,7.1199996,5640.0
2000-12-19 09:15:00,NSE:JYOTISTRUC,6.75,7.1300004,6.75,7.0900002,4120.0
2000-12-20 09:15:00,NSE:JYOTISTRUC,7.4,7.4,7.4,7.4,125.0
2000-12-21 09:15:00,NSE:JYOTISTRUC,6.8400002,7.2,6.8300004,7.2,875.0
2000-12-22 09:15:00,NSE:JYOTISTRUC,7.3900002,7.6900002,6.8,7.0,9385.0
2000-12-26 09:15:00,NSE:JYOTISTRUC,7.55,7.55,6.5099998,6.5099998,6015.0
2000-12-27 09:15:00,NSE:JYOTISTRUC,6.9699996,6.9699996,6.65,6.6599998,5545.0
2000-12-28 09:15:00,NSE:JYOTISTRUC,6.15,6.9,6.15,6.6,75.0
2000-12-29 09:15:00,NSE:JYOTISTRUC,6.1,6.9900002,6.1,6.6900002,1195.0
2001-01-01 09:15:00,NSE:JYOTISTRUC,6.2,6.9400002,6.2,6.85,6000.0
2001-01-02 09:15:00,NSE:JYOTISTRUC,6.7400002,6.7400002,6.4599998,6.5599998,2255.0
2001-01-03 09:15:00,NSE:JYOTISTRUC,7.0,7.0699996,6.8300004,7.0699996,2625.0
2001-01-04 09:15:00,NSE:JYOTISTRUC,6.7199996,7.1400002,6.5099998,6.7099998,10685.0
2001-01-05 09:15:00,NSE:JYOTISTRUC,7.1,7.1,6.8099998,6.8099998,625.0
2001-01-08 09:15:00,NSE:JYOTISTRUC,7.3,7.3,6.6,6.6,2125.0
2001-01-09 09:15:00,NSE:JYOTISTRUC,6.6099998,6.6099998,6.22,6.3400002,9500.0
2001-01-10 09:15:00,NSE:JYOTISTRUC,6.75,6.7800004,6.75,6.75,750.0
2001-01-11 09:15:00,NSE:JYOTISTRUC,6.9,6.9,6.5300004,6.5300004,1505.0
2001-01-12 09:15:00,NSE:JYOTISTRUC,6.7699996,6.7699996,6.5800004,6.5800004,1000.0
2001-01-16 09:15:00,NSE:JYOTISTRUC,6.6,6.6,6.5,6.6,2250.0
2001-01-17 09:15:00,NSE:JYOTISTRUC,6.4,6.4,6.3599998,6.4,7250.0
2001-01-18 09:15:00,NSE:JYOTISTRUC,6.4199996,6.5199996,6.4199996,6.5199996,1530.0
2001-01-19 09:15:00,NSE:JYOTISTRUC,6.6,6.6,6.23,6.2400002,4400.0
2001-01-22 09:15:00,NSE:JYOTISTRUC,6.2,6.3599998,6.12,6.12,2550.0
2001-01-23 09:15:00,NSE:JYOTISTRUC,6.2,6.35,6.15,6.2099998,5275.0
2001-01-24 09:15:00,NSE:JYOTISTRUC,6.5,6.5,6.3400002,6.3400002,2215.0
2001-01-25 09:15:00,NSE:JYOTISTRUC,6.3,6.3,5.9900002,6.1,18500.0
2001-01-29 09:15:00,NSE:JYOTISTRUC,6.5,6.5,6.5,6.5,125.0
2001-01-30 09:15:00,NSE:JYOTISTRUC,6.1099998,6.2,5.98,6.12,4750.0
2001-01-31 09:15:00,NSE:JYOTISTRUC,6.3,6.5,6.15,6.4900002,12020.0
2001-02-01 09:15:00,NSE:JYOTISTRUC,6.17,6.4800004,6.17,6.4800004,1510.0
2001-02-02 09:15:00,NSE:JYOTISTRUC,6.2,6.2,6.2,6.2,5250.0
2001-02-05 09:15:00,NSE:JYOTISTRUC,6.05,6.2,6.05,6.0599998,4050.0
2001-02-06 09:15:00,NSE:JYOTISTRUC,5.95,6.2,5.95,6.1599998,4500.0
2001-02-07 09:15:00,NSE:JYOTISTRUC,6.2,6.6300004,6.2,6.55,12305.0
2001-02-08 09:15:00,NSE:JYOTISTRUC,6.6099998,7.0800004,6.4199996,7.0800004,25500.0
2001-02-09 09:15:00,NSE:JYOTISTRUC,7.6,7.65,7.6,7.65,25500.0
2001-02-12 09:15:00,NSE:JYOTISTRUC,8.2,8.2699996,7.9,8.2699996,30675.0
2001-02-13 09:15:00,NSE:JYOTISTRUC,8.6,8.6,7.6699996,7.7900002,62205.0
2001-02-14 09:15:00,NSE:JYOTISTRUC,8.2,8.25,7.4400002,7.9,37675.0
2001-02-15 09:15:00,NSE:JYOTISTRUC,7.4800004,7.7199996,7.3900002,7.6099998,19945.0
2001-02-16 09:15:00,NSE:JYOTISTRUC,7.6199996,7.6199996,7.1,7.1800004,18370.0
2001-02-19 09:15:00,NSE:JYOTISTRUC,6.7,7.2800004,6.6099998,7.1900002,11435.0
2001-02-20 09:15:00,NSE:JYOTISTRUC,7.0,7.0,6.7,6.8400002,14355.0
2001-02-21 09:15:00,NSE:JYOTISTRUC,7.05,7.05,7.0,7.0,2125.0
2001-02-22 09:15:00,NSE:JYOTISTRUC,6.6400002,7.0,6.5,6.55,14295.0
2001-02-23 09:15:00,NSE:JYOTISTRUC,6.9900002,6.9900002,6.4,6.6900002,10575.0
2001-02-26 09:15:00,NSE:JYOTISTRUC,6.5,6.5300004,6.2,6.5099998,8765.0
2001-02-27 09:15:00,NSE:JYOTISTRUC,6.7599998,6.9199996,6.33,6.6099998,20290.0
2001-02-28 09:15:00,NSE:JYOTISTRUC,6.9,6.9,6.35,6.3900002,44065.0
2001-03-01 09:15:00,NSE:JYOTISTRUC,6.5800004,6.7699996,6.28,6.4300004,11375.0
2001-03-02 09:15:00,NSE:JYOTISTRUC,6.5400002,6.5599998,6.32,6.3400002,7975.0
2001-03-05 09:15:00,NSE:JYOTISTRUC,6.2,6.35,5.8400002,5.87,14375.0
2001-03-07 09:15:00,NSE:JYOTISTRUC,6.2,6.22,6.0099998,6.0099998,13750.0
2001-03-08 09:15:00,NSE:JYOTISTRUC,5.8,6.1599998,5.8,6.1599998,2250.0
2001-03-09 09:15:00,NSE:JYOTISTRUC,6.02,6.02,5.72,5.85,4450.0
2001-03-12 09:15:00,NSE:JYOTISTRUC,5.9,5.9,5.63,5.63,2000.0
2001-03-13 09:15:00,NSE:JYOTISTRUC,5.3,5.4,5.3,5.35,4750.0
2001-03-14 09:15:00,NSE:JYOTISTRUC,5.7,5.78,5.7,5.78,1250.0
2001-03-15 09:15:00,NSE:JYOTISTRUC,5.9,5.9,5.82,5.82,2775.0
2001-03-16 09:15:00,NSE:JYOTISTRUC,5.82,6.1,5.82,6.0,4100.0
2001-03-19 09:15:00,NSE:JYOTISTRUC,5.67,5.67,5.67,5.67,500.0
2001-03-20 09:15:00,NSE:JYOTISTRUC,5.45,5.48,5.4,5.4099998,3710.0
2001-03-21 09:15:00,NSE:JYOTISTRUC,5.6,5.6,5.6,5.6,500.0
2001-03-22 09:15:00,NSE:JYOTISTRUC,5.45,5.6,5.42,5.6,3525.0
2001-03-23 09:15:00,NSE:JYOTISTRUC,5.6,5.82,5.52,5.82,260.0
2001-03-26 09:15:00,NSE:JYOTISTRUC,5.8,5.8900002,5.52,5.5400002,3625.0
2001-03-27 09:15:00,NSE:JYOTISTRUC,5.4,5.62,5.2,5.6099998,4780.0
2001-03-28 09:15:00,NSE:JYOTISTRUC,5.75,5.75,5.6099998,5.6099998,4000.0
2001-03-29 09:15:00,NSE:JYOTISTRUC,6.02,6.02,5.3599998,5.3599998,1900.0
2001-03-30 09:15:00,NSE:JYOTISTRUC,5.22,5.67,5.22,5.6,2995.0
2001-04-02 09:15:00,NSE:JYOTISTRUC,5.4099998,5.4099998,5.22,5.22,4750.0
2001-04-03 09:15:00,NSE:JYOTISTRUC,5.3,5.38,5.25,5.28,3260.0
2001-04-04 09:15:00,NSE:JYOTISTRUC,5.35,5.35,5.35,5.35,500.0
2001-04-06 09:15:00,NSE:JYOTISTRUC,5.15,5.15,5.0,5.15,6000.0
2001-04-09 09:15:00,NSE:JYOTISTRUC,5.1099998,5.1099998,5.0400002,5.0400002,1000.0
2001-04-10 09:15:00,NSE:JYOTISTRUC,4.8099998,5.15,4.8099998,5.15,1050.0
2001-04-11 09:15:00,NSE:JYOTISTRUC,4.7599998,5.38,4.7599998,5.02,265.0
2001-04-12 09:15:00,NSE:JYOTISTRUC,4.8,5.0099998,4.8,5.0099998,1550.0
2001-04-16 09:15:00,NSE:JYOTISTRUC,5.2,5.2,5.2,5.2,2000.0
2001-04-17 09:15:00,NSE:JYOTISTRUC,4.82,5.07,4.82,5.0599998,1230.0
2001-04-18 09:15:00,NSE:JYOTISTRUC,4.9,5.25,4.9,5.1099998,3520.0
2001-04-19 09:15:00,NSE:JYOTISTRUC,5.1099998,5.4,4.82,5.08,3375.0
2001-04-20 09:15:00,NSE:JYOTISTRUC,5.02,5.2,5.02,5.2,5500.0
2001-04-23 09:15:00,NSE:JYOTISTRUC,5.0,5.1,4.98,5.0599998,3120.0
2001-04-24 09:15:00,NSE:JYOTISTRUC,5.08,5.18,5.0599998,5.1,5010.0
2001-04-25 09:15:00,NSE:JYOTISTRUC,5.1,5.1,4.97,4.97,750.0
2001-04-26 09:15:00,NSE:JYOTISTRUC,5.28,5.28,5.0599998,5.0599998,510.0
2001-04-27 09:15:00,NSE:JYOTISTRUC,5.07,5.1,4.98,5.0,5225.0
2001-04-30 09:15:00,NSE:JYOTISTRUC,4.63,5.05,4.63,5.05,2555.0
2001-05-02 09:15:00,NSE:JYOTISTRUC,5.1900002,5.2,5.1900002,5.2,2750.0
2001-05-04 09:15:00,NSE:JYOTISTRUC,5.12,5.23,5.1,5.23,1750.0
2001-05-07 09:15:00,NSE:JYOTISTRUC,5.1,5.2,5.1,5.2,1015.0
2001-05-08 09:15:00,NSE:JYOTISTRUC,4.87,5.37,4.87,4.9599998,3000.0
2001-05-09 09:15:00,NSE:JYOTISTRUC,5.1,5.1,5.1,5.1,500.0
2001-05-10 09:15:00,NSE:JYOTISTRUC,4.85,4.85,4.8,4.8099998,3000.0
2001-05-11 09:15:00,NSE:JYOTISTRUC,4.95,4.95,4.8400002,4.8400002,1685.0
2001-05-14 09:15:00,NSE:JYOTISTRUC,4.95,4.9599998,4.95,4.9599998,500.0
2001-05-15 09:15:00,NSE:JYOTISTRUC,4.7099998,4.7099998,4.7099998,4.7099998,375.0
2001-05-16 09:15:00,NSE:JYOTISTRUC,4.73,5.0,4.73,4.8900002,3610.0
2001-05-18 09:15:00,NSE:JYOTISTRUC,4.8,5.0,4.8,5.0,1635.0
2001-05-21 09:15:00,NSE:JYOTISTRUC,4.8,4.8,4.8,4.8,250.0
2001-05-22 09:15:00,NSE:JYOTISTRUC,5.05,5.15,5.0099998,5.0900002,1875.0
2001-05-23 09:15:00,NSE:JYOTISTRUC,5.1900002,5.35,5.02,5.35,6950.0
2001-05-24 09:15:00,NSE:JYOTISTRUC,5.4099998,5.75,5.4099998,5.5599998,5980.0
2001-05-25 09:15:00,NSE:JYOTISTRUC,5.9599998,5.9599998,5.6,5.7400002,11255.0
2001-05-28 09:15:00,NSE:JYOTISTRUC,5.8,5.8,5.5,5.6,21500.0
2001-05-29 09:15:00,NSE:JYOTISTRUC,5.4099998,5.78,5.4099998,5.68,9545.0
2001-05-30 09:15:00,NSE:JYOTISTRUC,5.7,5.72,5.6,5.72,6610.0
2001-05-31 09:15:00,NSE:JYOTISTRUC,5.7900002,5.8,5.7900002,5.8,1000.0
2001-06-01 09:15:00,NSE:JYOTISTRUC,5.6,5.6,5.5099998,5.6,3250.0
2001-06-04 09:15:00,NSE:JYOTISTRUC,5.6,5.6,5.4400002,5.6,1275.0
2001-06-05 09:15:00,NSE:JYOTISTRUC,5.22,5.6,5.22,5.47,3750.0
2001-06-07 09:15:00,NSE:JYOTISTRUC,5.77,5.77,5.5,5.6,3000.0
2001-06-11 09:15:00,NSE:JYOTISTRUC,5.2599998,5.2599998,5.25,5.25,1000.0
2001-06-12 09:15:00,NSE:JYOTISTRUC,5.2,5.2,4.93,5.12,1875.0
2001-06-13 09:15:00,NSE:JYOTISTRUC,5.45,5.5,5.45,5.5,1500.0
2001-06-15 09:15:00,NSE:JYOTISTRUC,5.4,5.4,5.2599998,5.27,1495.0
2001-06-18 09:15:00,NSE:JYOTISTRUC,5.2,5.3599998,5.0599998,5.33,1550.0
2001-06-19 09:15:00,NSE:JYOTISTRUC,5.5,5.5,5.2599998,5.27,625.0
2001-06-20 09:15:00,NSE:JYOTISTRUC,5.2,5.2,5.2,5.2,10.0
2001-06-22 09:15:00,NSE:JYOTISTRUC,5.0599998,5.0900002,5.05,5.0900002,750.0
2001-06-25 09:15:00,NSE:JYOTISTRUC,5.4400002,5.4400002,5.12,5.1400002,5295.0
2001-06-26 09:15:00,NSE:JYOTISTRUC,5.15,5.15,5.07,5.1,3000.0
2001-06-27 09:15:00,NSE:JYOTISTRUC,5.2,5.38,5.18,5.37,5185.0
2001-06-28 09:15:00,NSE:JYOTISTRUC,5.3099998,5.7,5.3099998,5.6,4150.0
2001-06-29 09:15:00,NSE:JYOTISTRUC,5.25,5.52,5.2,5.5,5750.0
2001-07-02 09:15:00,NSE:JYOTISTRUC,5.8,5.8,5.8,5.8,250.0
2001-07-10 09:15:00,NSE:JYOTISTRUC,5.12,5.12,5.12,5.12,250.0
2001-08-16 09:15:00,NSE:JYOTISTRUC,4.9,4.9,4.9,4.9,500.0
2001-08-28 09:15:00,NSE:JYOTISTRUC,5.18,5.18,5.18,5.18,500.0
2001-08-29 09:15:00,NSE:JYOTISTRUC,5.0,5.0,5.0,5.0,845.0
2001-08-30 09:15:00,NSE:JYOTISTRUC,4.9,4.9,4.9,4.9,250.0
2001-09-03 09:15:00,NSE:JYOTISTRUC,5.02,5.03,5.02,5.03,10.0
2001-09-07 09:15:00,NSE:JYOTISTRUC,4.7,4.7,4.6,4.6,1750.0
2001-09-14 09:15:00,NSE:JYOTISTRUC,4.4,4.42,4.4,4.42,1000.0
2001-09-24 09:15:00,NSE:JYOTISTRUC,4.5900002,4.5900002,4.5900002,4.5900002,500.0
2001-09-26 09:15:00,NSE:JYOTISTRUC,4.4,4.4,4.4,4.4,2500.0
2001-10-01 09:15:00,NSE:JYOTISTRUC,4.1,4.1,4.1,4.1,650.0
2001-10-03 09:15:00,NSE:JYOTISTRUC,4.4,4.4,4.4,4.4,500.0
2001-10-04 09:15:00,NSE:JYOTISTRUC,4.4,4.4,4.4,4.4,500.0
2001-10-05 09:15:00,NSE:JYOTISTRUC,4.4,4.5900002,4.1099998,4.1099998,1500.0
2001-10-12 09:15:00,NSE:JYOTISTRUC,4.9,4.9,4.4099998,4.4099998,20.0
2001-10-17 09:15:00,NSE:JYOTISTRUC,4.8,4.8,4.8,4.8,1000.0
2001-10-18 09:15:00,NSE:JYOTISTRUC,5.37,5.37,5.37,5.37,1000.0
2001-10-24 09:15:00,NSE:JYOTISTRUC,5.1,5.1,5.1,5.1,1500.0
2001-10-25 09:15:00,NSE:JYOTISTRUC,4.9099998,5.3,4.9099998,5.3,625.0
2001-10-29 09:15:00,NSE:JYOTISTRUC,5.3400002,5.35,5.15,5.15,1560.0
2001-11-06 09:15:00,NSE:JYOTISTRUC,5.8,5.8,5.6,5.6,5000.0
2001-11-08 09:15:00,NSE:JYOTISTRUC,5.5,5.5,5.3,5.3,1500.0
2001-11-09 09:15:00,NSE:JYOTISTRUC,4.95,4.95,4.92,4.92,1250.0
2001-11-21 09:15:00,NSE:JYOTISTRUC,5.75,5.75,5.7400002,5.7400002,20.0
2001-11-26 09:15:00,NSE:JYOTISTRUC,4.98,5.3,4.98,5.2599998,4250.0
2001-11-28 09:15:00,NSE:JYOTISTRUC,5.38,5.38,5.02,5.02,1500.0
2001-11-29 09:15:00,NSE:JYOTISTRUC,5.0,5.0,5.0,5.0,1000.0
2001-12-05 09:15:00,NSE:JYOTISTRUC,5.2,5.2,5.0099998,5.15,6000.0
2001-12-10 09:15:00,NSE:JYOTISTRUC,5.2,5.2,5.2,5.2,500.0
2001-12-11 09:15:00,NSE:JYOTISTRUC,5.1,5.1,5.0,5.05,1000.0
2001-12-13 09:15:00,NSE:JYOTISTRUC,5.1,5.1,5.1,5.1,1500.0
2001-12-14 09:15:00,NSE:JYOTISTRUC,5.0,5.0,5.0,5.0,500.0
2001-12-18 09:15:00,NSE:JYOTISTRUC,5.1,5.1,5.1,5.1,500.0
2001-12-20 09:15:00,NSE:JYOTISTRUC,5.0,5.0,4.63,4.63,3000.0
2001-12-21 09:15:00,NSE:JYOTISTRUC,4.8,4.8,4.52,4.52,2600.0
2001-12-24 09:15:00,NSE:JYOTISTRUC,4.5,4.5,4.5,4.5,500.0
2001-12-27 09:15:00,NSE:JYOTISTRUC,4.52,4.52,4.5,4.5,1000.0
2001-12-28 09:15:00,NSE:JYOTISTRUC,4.3,4.3,4.3,4.3,500.0
2002-01-01 09:15:00,NSE:JYOTISTRUC,4.52,4.52,4.52,4.52,500.0
2002-01-03 09:15:00,NSE:JYOTISTRUC,4.6099998,4.6099998,4.6099998,4.6099998,1000.0
2002-01-04 09:15:00,NSE:JYOTISTRUC,4.4900002,4.53,4.48,4.48,3100.0
2002-01-07 09:15:00,NSE:JYOTISTRUC,4.4400002,4.8,4.25,4.8,3500.0
2002-01-08 09:15:00,NSE:JYOTISTRUC,4.4099998,4.4099998,4.38,4.4099998,1250.0
2002-01-09 09:15:00,NSE:JYOTISTRUC,4.6,4.6,4.4400002,4.5599998,750.0
2002-01-10 09:15:00,NSE:JYOTISTRUC,4.4400002,4.75,4.4,4.75,1125.0
2002-01-11 09:15:00,NSE:JYOTISTRUC,4.5400002,4.5400002,4.52,4.52,1000.0
2002-01-14 09:15:00,NSE:JYOTISTRUC,4.62,4.62,4.62,4.62,1000.0
2002-01-17 09:15:00,NSE:JYOTISTRUC,4.4099998,4.4099998,4.4099998,4.4099998,950.0
2002-01-21 09:15:00,NSE:JYOTISTRUC,4.6099998,4.75,4.6,4.75,1500.0
2002-01-22 09:15:00,NSE:JYOTISTRUC,4.8599998,4.8599998,4.83,4.83,10000.0
2002-01-23 09:15:00,NSE:JYOTISTRUC,5.0,5.0,4.95,4.9900002,3250.0
2002-01-24 09:15:00,NSE:JYOTISTRUC,5.0,5.0,5.0,5.0,1000.0
2002-01-25 09:15:00,NSE:JYOTISTRUC,4.9,4.9,4.9,4.9,505.0
2002-01-28 09:15:00,NSE:JYOTISTRUC,4.8,4.8900002,4.8,4.8900002,580.0
2002-01-30 09:15:00,NSE:JYOTISTRUC,4.62,4.62,4.57,4.57,1500.0
2002-01-31 09:15:00,NSE:JYOTISTRUC,4.8599998,4.8599998,4.8599998,4.8599998,80.0
2002-02-01 09:15:00,NSE:JYOTISTRUC,4.62,4.62,4.6099998,4.6099998,1000.0
2002-02-04 09:15:00,NSE:JYOTISTRUC,4.4400002,4.4400002,4.4400002,4.4400002,500.0
2002-02-05 09:15:00,NSE:JYOTISTRUC,4.4,4.4,4.3099998,4.3099998,8625.0
2002-02-06 09:15:00,NSE:JYOTISTRUC,4.4900002,4.5900002,4.4900002,4.5900002,1685.0
2002-02-07 09:15:00,NSE:JYOTISTRUC,4.6,4.6,4.6,4.6,500.0
2002-02-08 09:15:00,NSE:JYOTISTRUC,4.6599998,4.6599998,4.6599998,4.6599998,1500.0
2002-02-11 09:15:00,NSE:JYOTISTRUC,4.45,4.5400002,4.4,4.5400002,1050.0
2002-02-12 09:15:00,NSE:JYOTISTRUC,4.8400002,4.8400002,4.82,4.82,50.0
2002-02-13 09:15:00,NSE:JYOTISTRUC,4.93,4.93,4.5400002,4.8599998,2550.0
2002-02-14 09:15:00,NSE:JYOTISTRUC,4.95,4.95,4.95,4.95,500.0
2002-02-15 09:15:00,NSE:JYOTISTRUC,4.98,5.0,4.92,4.92,1005.0
2002-02-18 09:15:00,NSE:JYOTISTRUC,5.1,5.32,5.1,5.32,13410.0
2002-02-19 09:15:00,NSE:JYOTISTRUC,5.5400002,5.5400002,5.1099998,5.13,9355.0
2002-02-20 09:15:00,NSE:JYOTISTRUC,5.02,5.02,5.0,5.02,505.0
2002-02-21 09:15:00,NSE:JYOTISTRUC,5.13,5.13,5.13,5.13,125.0
2002-02-22 09:15:00,NSE:JYOTISTRUC,5.05,5.05,5.0,5.0,1410.0
2002-02-25 09:15:00,NSE:JYOTISTRUC,4.92,5.2,4.92,5.0900002,6500.0
2002-02-26 09:15:00,NSE:JYOTISTRUC,5.12,5.28,5.12,5.28,1550.0
2002-02-27 09:15:00,NSE:JYOTISTRUC,5.28,5.5,5.12,5.2,12025.0
2002-02-28 09:15:00,NSE:JYOTISTRUC,5.3,5.4,5.0,5.03,10785.0
2002-03-01 09:15:00,NSE:JYOTISTRUC,5.23,5.23,4.9599998,4.9599998,2935.0
2002-03-04 09:15:00,NSE:JYOTISTRUC,5.0400002,5.1599998,5.0400002,5.1599998,3700.0
2002-03-05 09:15:00,NSE:JYOTISTRUC,5.1099998,5.2,5.1099998,5.2,1470.0
2002-03-06 09:15:00,NSE:JYOTISTRUC,5.05,5.1900002,5.05,5.05,2560.0
2002-03-07 09:15:00,NSE:JYOTISTRUC,5.2400002,5.2400002,5.0,5.18,5735.0
2002-03-08 09:15:00,NSE:JYOTISTRUC,5.1,5.1,4.98,5.0,10000.0
2002-03-11 09:15:00,NSE:JYOTISTRUC,4.82,4.95,4.6400002,4.95,3825.0
2002-03-12 09:15:00,NSE:JYOTISTRUC,4.85,4.9,4.82,4.9,5500.0
2002-03-13 09:15:00,NSE:JYOTISTRUC,4.8099998,4.95,4.8099998,4.8599998,5250.0
2002-03-14 09:15:00,NSE:JYOTISTRUC,5.0,5.0,4.9900002,5.0,985.0
2002-03-15 09:15:00,NSE:JYOTISTRUC,4.9,4.9900002,4.8400002,4.9900002,6135.0
2002-03-18 09:15:00,NSE:JYOTISTRUC,4.73,4.9,4.73,4.9,1185.0
2002-03-19 09:15:00,NSE:JYOTISTRUC,5.02,5.02,4.8599998,4.8599998,2470.0
2002-03-20 09:15:00,NSE:JYOTISTRUC,5.0,5.0,4.73,4.8,9065.0
2002-03-21 09:15:00,NSE:JYOTISTRUC,4.73,4.8,4.73,4.8,2185.0
2002-03-22 09:15:00,NSE:JYOTISTRUC,4.6599998,4.75,4.6599998,4.73,3520.0
2002-03-26 09:15:00,NSE:JYOTISTRUC,4.6,4.8900002,4.6,4.65,2250.0
2002-03-27 09:15:00,NSE:JYOTISTRUC,4.6099998,4.7,4.6099998,4.7,550.0
2002-03-28 09:15:00,NSE:JYOTISTRUC,4.6,4.68,4.57,4.6099998,4750.0
2002-04-01 09:15:00,NSE:JYOTISTRUC,4.7900002,4.8,4.7,4.77,4240.0
2002-04-02 09:15:00,NSE:JYOTISTRUC,4.75,4.8,4.6400002,4.68,1720.0
2002-04-03 09:15:00,NSE:JYOTISTRUC,4.8,4.8599998,4.6400002,4.83,3525.0
2002-04-04 09:15:00,NSE:JYOTISTRUC,4.77,4.9,4.77,4.87,2125.0
2002-04-05 09:15:00,NSE:JYOTISTRUC,4.88,4.9099998,4.87,4.9099998,4500.0
2002-04-08 09:15:00,NSE:JYOTISTRUC,4.9099998,5.0,4.9099998,5.0,2500.0
2002-04-09 09:15:00,NSE:JYOTISTRUC,4.98,5.0599998,4.87,5.0,18250.0
2002-04-10 09:15:00,NSE:JYOTISTRUC,5.0,5.0400002,4.8599998,5.0400002,11385.0
2002-04-11 09:15:00,NSE:JYOTISTRUC,5.2,5.55,5.0,5.52,65135.0
2002-04-12 09:15:00,NSE:JYOTISTRUC,5.42,5.57,5.35,5.37,24725.0
2002-04-15 09:15:00,NSE:JYOTISTRUC,5.4,5.5,5.3,5.4,35700.0
2002-04-16 09:15:00,NSE:JYOTISTRUC,5.3900002,5.4,5.0,5.35,8805.0
2002-04-17 09:15:00,NSE:JYOTISTRUC,5.2,5.2,5.12,5.1599998,2500.0
2002-04-18 09:15:00,NSE:JYOTISTRUC,5.2,5.2,5.05,5.1,10505.0
2002-04-19 09:15:00,NSE:JYOTISTRUC,5.0099998,5.2,4.7,4.77,186760.0
2002-04-22 09:15:00,NSE:JYOTISTRUC,4.6599998,5.2400002,4.65,5.03,38525.0
2002-04-23 09:15:00,NSE:JYOTISTRUC,5.2,5.5,5.2,5.32,38255.0
2002-04-24 09:15:00,NSE:JYOTISTRUC,5.2,5.37,5.1,5.22,40970.0
2002-04-25 09:15:00,NSE:JYOTISTRUC,5.2,5.2099998,5.1400002,5.1400002,24000.0
2002-04-26 09:15:00,NSE:JYOTISTRUC,5.1099998,5.3,5.1099998,5.2900002,12125.0
2002-04-29 09:15:00,NSE:JYOTISTRUC,5.2,5.3,5.12,5.2599998,16900.0
2002-04-30 09:15:00,NSE:JYOTISTRUC,5.15,5.4,5.15,5.25,47620.0
2002-05-02 09:15:00,NSE:JYOTISTRUC,5.3,5.4,5.0599998,5.38,62750.0
2002-05-03 09:15:00,NSE:JYOTISTRUC,5.2,5.87,5.2,5.6,101365.0
2002-05-06 09:15:00,NSE:JYOTISTRUC,5.6900002,6.1599998,5.4900002,6.1599998,120760.0
2002-05-07 09:15:00,NSE:JYOTISTRUC,6.7800004,6.7800004,6.7800004,6.7800004,107845.0
2002-05-08 09:15:00,NSE:JYOTISTRUC,7.1,7.1199996,7.1,7.1199996,39675.0
2002-05-09 09:15:00,NSE:JYOTISTRUC,7.4800004,7.4800004,6.7699996,6.8099998,396520.0
2002-05-10 09:15:00,NSE:JYOTISTRUC,6.6,6.6,6.32,6.4099998,94170.0
2002-05-13 09:15:00,NSE:JYOTISTRUC,6.7099998,7.0599998,6.7099998,7.0599998,108460.0
2002-05-14 09:15:00,NSE:JYOTISTRUC,7.6300004,7.7699996,7.5,7.7699996,154215.0
2002-05-15 09:15:00,NSE:JYOTISTRUC,8.2900002,8.55,7.8,8.1800004,353425.0
2002-05-16 09:15:00,NSE:JYOTISTRUC,8.2,8.3,7.4199996,7.6400002,59315.0
2002-05-17 09:15:00,NSE:JYOTISTRUC,7.1400002,7.6,6.8800004,7.0199996,76705.0
2002-05-20 09:15:00,NSE:JYOTISTRUC,6.6300004,6.7300004,6.6,6.6300004,13250.0
2002-05-21 09:15:00,NSE:JYOTISTRUC,6.15,6.6,6.1400002,6.2,16850.0
2002-05-22 09:15:00,NSE:JYOTISTRUC,6.3,6.5099998,6.3,6.4900002,27675.0
2002-05-23 09:15:00,NSE:JYOTISTRUC,6.6,6.6,6.4099998,6.5,6250.0
2002-05-24 09:15:00,NSE:JYOTISTRUC,6.6,6.8,6.4,6.7,26060.0
2002-05-27 09:15:00,NSE:JYOTISTRUC,6.6,7.0400002,6.6,6.8900002,17500.0
2002-05-28 09:15:00,NSE:JYOTISTRUC,7.2,7.2,6.5900002,6.5900002,5755.0
2002-05-29 09:15:00,NSE:JYOTISTRUC,6.7800004,6.8,6.4699996,6.5099998,10000.0
2002-05-30 09:15:00,NSE:JYOTISTRUC,6.4099998,6.4800004,6.2400002,6.3099998,4850.0
2002-05-31 09:15:00,NSE:JYOTISTRUC,6.5,6.5699996,6.12,6.18,10920.0
2002-06-03 09:15:00,NSE:JYOTISTRUC,6.2,6.2,6.02,6.18,4000.0
2002-06-04 09:15:00,NSE:JYOTISTRUC,6.02,6.4900002,6.02,6.4599998,31365.0
2002-06-05 09:15:00,NSE:JYOTISTRUC,6.2099998,6.7900002,6.2099998,6.7900002,39445.0
2002-06-06 09:15:00,NSE:JYOTISTRUC,6.7,6.8,6.5,6.5,19050.0
2002-06-07 09:15:00,NSE:JYOTISTRUC,6.18,6.4,6.18,6.3,15250.0
2002-06-10 09:15:00,NSE:JYOTISTRUC,6.3599998,6.4,6.3099998,6.3099998,3000.0
2002-06-11 09:15:00,NSE:JYOTISTRUC,6.33,6.4800004,6.33,6.4800004,750.0
2002-06-12 09:15:00,NSE:JYOTISTRUC,6.95,6.95,6.5099998,6.5699996,9105.0
2002-06-13 09:15:00,NSE:JYOTISTRUC,6.5,6.7,6.4,6.6199996,17755.0
2002-06-14 09:15:00,NSE:JYOTISTRUC,6.6099998,7.5699996,6.6099998,7.25,94520.0
2002-06-17 09:15:00,NSE:JYOTISTRUC,7.5800004,8.7,7.3,8.3300004,147230.0
2002-06-18 09:15:00,NSE:JYOTISTRUC,8.6,8.6,7.6199996,8.0099998,73740.0
2002-06-19 09:15:00,NSE:JYOTISTRUC,8.0400002,8.35,7.4,7.5599998,58950.0
2002-06-20 09:15:00,NSE:JYOTISTRUC,7.3,7.7400002,7.25,7.7,7260.0
2002-06-21 09:15:00,NSE:JYOTISTRUC,7.6400002,8.2,7.6400002,7.9699996,12575.0
2002-06-24 09:15:00,NSE:JYOTISTRUC,8.2,8.2599998,7.7099998,7.8099998,27305.0
2002-06-25 09:15:00,NSE:JYOTISTRUC,8.0400002,8.0599998,7.6,7.6900002,14490.0
2002-06-26 09:15:00,NSE:JYOTISTRUC,7.6199996,7.7800004,7.4,7.4199996,6200.0
2002-06-27 09:15:00,NSE:JYOTISTRUC,7.7300004,7.7300004,7.3,7.4599998,9635.0
2002-06-28 09:15:00,NSE:JYOTISTRUC,7.5,8.9599998,7.5,8.9599998,616070.0
2002-07-01 09:15:00,NSE:JYOTISTRUC,9.1900002,10.45,8.6,9.5699996,1294605.0
2002-07-02 09:15:00,NSE:JYOTISTRUC,9.7,9.9599998,9.0800004,9.1300004,260600.0
2002-07-03 09:15:00,NSE:JYOTISTRUC,9.25,10.1800004,9.1,9.6400002,612880.0
2002-07-04 09:15:00,NSE:JYOTISTRUC,9.7,9.7,8.5,9.0400002,365055.0
2002-07-05 09:15:00,NSE:JYOTISTRUC,9.3,9.3900002,8.6300004,8.7400002,250160.0
2002-07-08 09:15:00,NSE:JYOTISTRUC,9.9599998,9.9599998,8.9599998,9.2400002,524070.0
2002-07-09 09:15:00,NSE:JYOTISTRUC,9.25,9.4599998,8.8199996,8.9300004,66455.0
2002-07-10 09:15:00,NSE:JYOTISTRUC,8.6,9.0,8.05,8.1,92200.0
2002-07-11 09:15:00,NSE:JYOTISTRUC,7.85,8.4599998,7.85,8.35,79225.0
2002-07-12 09:15:00,NSE:JYOTISTRUC,8.45,8.5,8.3099998,8.4599998,36710.0
2002-07-15 09:15:00,NSE:JYOTISTRUC,8.5,8.5,7.65,7.8099998,36270.0
2002-07-16 09:15:00,NSE:JYOTISTRUC,7.6199996,8.5199996,7.25,7.5699996,77100.0
2002-07-17 09:15:00,NSE:JYOTISTRUC,8.6,8.6,7.3099998,7.4199996,49670.0
2002-07-18 09:15:00,NSE:JYOTISTRUC,8.4,8.4,7.4,7.4900002,34405.0
2002-07-19 09:15:00,NSE:JYOTISTRUC,7.6,7.75,7.5599998,7.5699996,22385.0
2002-07-22 09:15:00,NSE:JYOTISTRUC,8.4,8.4,6.8300004,7.0099998,33680.0
2002-07-23 09:15:00,NSE:JYOTISTRUC,6.4,7.2,6.4,7.0599998,21735.0
2002-07-24 09:15:00,NSE:JYOTISTRUC,6.7400002,6.8400002,6.5099998,6.6099998,12660.0
2002-07-25 09:15:00,NSE:JYOTISTRUC,7.0,7.35,6.4400002,6.5800004,22030.0
2002-07-26 09:15:00,NSE:JYOTISTRUC,6.4,6.4199996,6.0,6.0099998,24300.0
2002-07-29 09:15:00,NSE:JYOTISTRUC,6.02,6.0400002,5.2,5.37,59510.0
2002-07-30 09:15:00,NSE:JYOTISTRUC,5.8,5.8,5.37,5.4599998,52325.0
2002-07-31 09:15:00,NSE:JYOTISTRUC,5.0099998,5.32,4.7,4.9599998,46385.0
2002-08-01 09:15:00,NSE:JYOTISTRUC,5.0,5.6,5.0,5.17,58100.0
2002-08-02 09:15:00,NSE:JYOTISTRUC,5.1900002,5.2400002,4.9,4.97,33625.0
2002-08-05 09:15:00,NSE:JYOTISTRUC,5.1099998,5.3,5.0599998,5.1400002,24845.0
2002-08-06 09:15:00,NSE:JYOTISTRUC,5.3400002,5.57,5.2099998,5.42,49705.0
2002-08-07 09:15:00,NSE:JYOTISTRUC,5.4599998,5.68,5.32,5.53,56540.0
2002-08-08 09:15:00,NSE:JYOTISTRUC,5.35,5.4400002,5.05,5.13,40740.0
2002-08-09 09:15:00,NSE:JYOTISTRUC,5.3400002,5.3400002,5.0,5.08,18790.0
2002-08-12 09:15:00,NSE:JYOTISTRUC,5.2,5.2400002,5.1099998,5.2,10005.0
2002-08-13 09:15:00,NSE:JYOTISTRUC,5.2,5.25,4.95,5.08,21470.0
2002-08-14 09:15:00,NSE:JYOTISTRUC,4.98,5.08,4.6,4.87,48870.0
2002-08-16 09:15:00,NSE:JYOTISTRUC,4.95,5.0099998,4.88,4.9099998,28440.0
2002-08-19 09:15:00,NSE:JYOTISTRUC,4.8,4.8599998,4.75,4.7599998,11335.0
2002-08-20 09:15:00,NSE:JYOTISTRUC,4.7900002,4.9,4.7900002,4.8599998,5675.0
2002-08-21 09:15:00,NSE:JYOTISTRUC,4.82,5.05,4.8,4.9900002,12050.0
2002-08-22 09:15:00,NSE:JYOTISTRUC,5.07,5.07,4.95,4.9599998,3500.0
2002-08-23 09:15:00,NSE:JYOTISTRUC,4.98,5.05,4.9,4.92,10450.0
2002-08-26 09:15:00,NSE:JYOTISTRUC,4.8,5.02,4.8,4.87,12380.0
2002-08-27 09:15:00,NSE:JYOTISTRUC,4.92,4.9400002,4.8,4.8,7740.0
2002-08-28 09:15:00,NSE:JYOTISTRUC,4.8099998,4.8900002,4.75,4.77,11000.0
2002-08-29 09:15:00,NSE:JYOTISTRUC,4.98,4.98,4.65,4.6599998,11005.0
2002-08-30 09:15:00,NSE:JYOTISTRUC,4.7,4.7599998,4.42,4.52,30315.0
2002-09-02 09:15:00,NSE:JYOTISTRUC,4.62,4.72,4.5900002,4.6400002,7115.0
2002-09-03 09:15:00,NSE:JYOTISTRUC,4.53,4.68,4.4,4.47,9865.0
2002-09-04 09:15:00,NSE:JYOTISTRUC,4.5,4.58,4.4,4.4,14390.0
2002-09-05 09:15:00,NSE:JYOTISTRUC,4.5,4.5,4.4400002,4.47,12020.0
2002-09-06 09:15:00,NSE:JYOTISTRUC,4.67,4.67,4.4099998,4.53,10870.0
2002-09-09 09:15:00,NSE:JYOTISTRUC,4.42,4.42,4.1,4.3099998,29495.0
2002-09-11 09:15:00,NSE:JYOTISTRUC,4.4599998,4.4599998,4.22,4.3599998,5615.0
2002-09-12 09:15:00,NSE:JYOTISTRUC,4.3400002,4.3400002,4.07,4.15,45330.0
2002-09-13 09:15:00,NSE:JYOTISTRUC,4.2,4.27,4.12,4.15,34675.0
2002-09-16 09:15:00,NSE:JYOTISTRUC,4.8599998,4.8599998,4.13,4.15,8010.0
2002-09-17 09:15:00,NSE:JYOTISTRUC,4.2099998,4.22,4.0099998,4.02,25770.0
2002-09-18 09:15:00,NSE:JYOTISTRUC,4.18,4.18,3.9,3.93,66205.0
2002-09-19 09:15:00,NSE:JYOTISTRUC,4.0400002,4.0400002,3.82,3.85,27075.0
2002-09-20 09:15:00,NSE:JYOTISTRUC,3.73,3.9,3.73,3.85,8950.0
2002-09-23 09:15:00,NSE:JYOTISTRUC,3.8,3.85,3.52,3.5599998,52935.0
2002-09-24 09:15:00,NSE:JYOTISTRUC,3.78,3.78,3.43,3.57,40165.0
2002-09-25 09:15:00,NSE:JYOTISTRUC,3.6900002,3.6900002,3.5,3.55,16165.0
2002-09-26 09:15:00,NSE:JYOTISTRUC,3.67,3.67,3.55,3.57,4325.0
2002-09-27 09:15:00,NSE:JYOTISTRUC,3.73,3.73,3.58,3.65,12505.0
2002-09-30 09:15:00,NSE:JYOTISTRUC,3.98,3.98,3.5099998,3.5099998,10275.0
2002-10-01 09:15:00,NSE:JYOTISTRUC,3.88,3.88,3.37,3.48,20365.0
2002-10-03 09:15:00,NSE:JYOTISTRUC,3.6900002,3.6900002,3.43,3.43,5810.0
2002-10-04 09:15:00,NSE:JYOTISTRUC,3.55,3.5599998,3.4,3.43,11625.0
2002-10-07 09:15:00,NSE:JYOTISTRUC,3.67,3.67,3.4,3.42,9255.0
2002-10-08 09:15:00,NSE:JYOTISTRUC,3.7400002,3.7400002,3.45,3.47,13765.0
2002-10-09 09:15:00,NSE:JYOTISTRUC,3.5099998,3.58,3.4,3.4,32820.0
2002-10-10 09:15:00,NSE:JYOTISTRUC,3.2400002,3.45,3.2400002,3.3900002,6515.0
2002-10-11 09:15:00,NSE:JYOTISTRUC,3.78,3.78,3.3599998,3.4,7005.0
2002-10-14 09:15:00,NSE:JYOTISTRUC,3.63,3.63,3.37,3.4599998,10760.0
2002-10-16 09:15:00,NSE:JYOTISTRUC,3.52,3.6900002,3.45,3.55,27690.0
2002-10-17 09:15:00,NSE:JYOTISTRUC,3.5599998,3.5599998,3.33,3.3599998,28580.0
2002-10-18 09:15:00,NSE:JYOTISTRUC,3.53,3.55,3.4,3.4099998,13890.0
2002-10-21 09:15:00,NSE:JYOTISTRUC,3.6900002,3.6900002,3.4,3.4,2150.0
2002-10-22 09:15:00,NSE:JYOTISTRUC,3.5,3.5,3.4599998,3.4599998,505.0
2002-10-23 09:15:00,NSE:JYOTISTRUC,3.4,3.43,3.3400002,3.3900002,5610.0
2002-10-24 09:15:00,NSE:JYOTISTRUC,3.7900002,3.7900002,3.2599998,3.38,8400.0
2002-10-25 09:15:00,NSE:JYOTISTRUC,3.5900002,3.5900002,3.22,3.2400002,30180.0
2002-10-28 09:15:00,NSE:JYOTISTRUC,3.88,3.88,3.15,3.16,7550.0
2002-10-29 09:15:00,NSE:JYOTISTRUC,3.4900002,3.4900002,3.22,3.32,11795.0
2002-10-30 09:15:00,NSE:JYOTISTRUC,3.11,3.32,3.11,3.32,11605.0
2002-10-31 09:15:00,NSE:JYOTISTRUC,3.45,3.45,3.22,3.2599998,12150.0
2002-11-01 09:15:00,NSE:JYOTISTRUC,3.2,3.57,3.14,3.15,21655.0
2002-11-04 09:15:00,NSE:JYOTISTRUC,3.37,3.37,3.37,3.37,5.0
2002-11-05 09:15:00,NSE:JYOTISTRUC,4.0400002,4.0400002,3.25,3.25,1005.0
2002-11-07 09:15:00,NSE:JYOTISTRUC,3.35,3.35,3.2,3.23,14525.0
2002-11-08 09:15:00,NSE:JYOTISTRUC,3.37,3.37,3.13,3.2,3515.0
2002-11-11 09:15:00,NSE:JYOTISTRUC,3.2,3.2,3.16,3.19,2505.0
2002-11-12 09:15:00,NSE:JYOTISTRUC,3.37,3.37,3.09,3.18,6515.0
2002-11-13 09:15:00,NSE:JYOTISTRUC,3.35,3.35,2.95,3.08,9030.0
2002-11-14 09:15:00,NSE:JYOTISTRUC,3.32,3.32,3.03,3.06,8950.0
2002-11-15 09:15:00,NSE:JYOTISTRUC,3.01,3.14,3.01,3.13,13040.0
2002-11-18 09:15:00,NSE:JYOTISTRUC,3.35,3.35,3.04,3.08,11760.0
2002-11-20 09:15:00,NSE:JYOTISTRUC,3.3099998,3.3099998,3.06,3.2599998,16235.0
2002-11-21 09:15:00,NSE:JYOTISTRUC,3.2099998,3.38,3.2099998,3.3,12425.0
2002-11-22 09:15:00,NSE:JYOTISTRUC,3.9099998,3.9099998,3.15,3.3099998,6805.0
2002-11-25 09:15:00,NSE:JYOTISTRUC,3.23,3.4,3.23,3.37,10115.0
2002-11-26 09:15:00,NSE:JYOTISTRUC,3.4,3.4400002,3.4,3.42,7970.0
2002-11-27 09:15:00,NSE:JYOTISTRUC,3.4599998,3.4599998,3.37,3.3900002,11105.0
2002-11-28 09:15:00,NSE:JYOTISTRUC,3.5,3.5,3.48,3.48,2250.0
2002-11-29 09:15:00,NSE:JYOTISTRUC,3.4400002,3.68,3.4400002,3.62,67210.0
2003-01-01 09:15:00,NSE:JYOTISTRUC,3.5900002,3.65,3.53,3.63,6140.0
2003-01-02 09:15:00,NSE:JYOTISTRUC,3.7,3.7,3.6099998,3.6099998,6255.0
2003-01-03 09:15:00,NSE:JYOTISTRUC,3.3599998,3.65,3.3599998,3.5900002,11345.0
2003-01-06 09:15:00,NSE:JYOTISTRUC,3.65,3.73,3.5099998,3.6400002,18135.0
2003-01-07 09:15:00,NSE:JYOTISTRUC,3.45,3.77,3.45,3.6099998,11655.0
2003-01-08 09:15:00,NSE:JYOTISTRUC,3.5900002,3.67,3.5900002,3.6599998,7000.0
2003-01-09 09:15:00,NSE:JYOTISTRUC,3.6,3.7599998,3.6,3.73,8100.0
2003-01-10 09:15:00,NSE:JYOTISTRUC,3.6099998,3.7400002,3.5900002,3.6,6130.0
2003-01-13 09:15:00,NSE:JYOTISTRUC,3.6,3.6,3.5599998,3.57,3000.0
2003-01-14 09:15:00,NSE:JYOTISTRUC,3.52,3.58,3.52,3.5599998,1760.0
2003-01-15 09:15:00,NSE:JYOTISTRUC,3.6,3.6,3.5,3.6,4000.0
2003-01-16 09:15:00,NSE:JYOTISTRUC,3.5,3.5599998,3.5,3.55,4875.0
2003-01-17 09:15:00,NSE:JYOTISTRUC,3.52,3.58,3.42,3.48,19505.0
2003-01-20 09:15:00,NSE:JYOTISTRUC,3.5,3.5,3.48,3.48,3500.0
2003-01-21 09:15:00,NSE:JYOTISTRUC,3.4900002,3.5099998,3.42,3.45,7435.0
2003-01-22 09:15:00,NSE:JYOTISTRUC,3.4599998,3.4599998,3.4,3.4400002,8500.0
2003-01-23 09:15:00,NSE:JYOTISTRUC,3.4,3.42,3.35,3.3599998,6085.0
2003-01-24 09:15:00,NSE:JYOTISTRUC,3.4,3.45,3.25,3.2599998,11505.0
2003-01-27 09:15:00,NSE:JYOTISTRUC,3.25,3.25,3.16,3.18,3000.0
2003-01-28 09:15:00,NSE:JYOTISTRUC,3.19,3.2,3.19,3.2,1250.0
2003-01-29 09:15:00,NSE:JYOTISTRUC,3.27,3.28,3.22,3.22,1000.0
2003-01-30 09:15:00,NSE:JYOTISTRUC,3.25,3.2599998,3.2,3.2,4000.0
2003-01-31 09:15:00,NSE:JYOTISTRUC,3.2,3.2900002,3.2,3.2400002,3050.0
2003-02-03 09:15:00,NSE:JYOTISTRUC,3.22,3.22,3.22,3.22,1000.0
2003-02-04 09:15:00,NSE:JYOTISTRUC,3.2099998,3.2400002,3.2,3.2,4000.0
2003-02-05 09:15:00,NSE:JYOTISTRUC,3.27,3.33,3.2,3.2400002,26155.0
2003-02-06 09:15:00,NSE:JYOTISTRUC,3.09,3.19,3.06,3.18,8525.0
2003-02-07 09:15:00,NSE:JYOTISTRUC,3.6,3.6,3.2099998,3.2099998,12505.0
2003-02-10 09:15:00,NSE:JYOTISTRUC,3.6,3.6,3.18,3.2,6760.0
2003-02-11 09:15:00,NSE:JYOTISTRUC,3.2,3.2,3.12,3.13,4000.0
2003-02-12 09:15:00,NSE:JYOTISTRUC,3.07,3.08,3.02,3.05,18500.0
2003-02-14 09:15:00,NSE:JYOTISTRUC,3.1,3.1,3.0,3.01,5500.0
2003-02-17 09:15:00,NSE:JYOTISTRUC,3.1,3.2400002,3.07,3.2400002,19770.0
2003-02-18 09:15:00,NSE:JYOTISTRUC,3.2,3.2,3.16,3.16,5350.0
2003-02-19 09:15:00,NSE:JYOTISTRUC,3.2,3.4599998,3.11,3.33,40685.0
2003-02-20 09:15:00,NSE:JYOTISTRUC,3.4599998,3.6400002,3.4099998,3.55,44815.0
2003-02-21 09:15:00,NSE:JYOTISTRUC,3.7,3.7,3.5,3.57,26770.0
2003-02-24 09:15:00,NSE:JYOTISTRUC,3.4099998,3.55,3.4099998,3.52,9520.0
2003-02-25 09:15:00,NSE:JYOTISTRUC,3.98,3.98,3.25,3.2599998,13140.0
2003-02-26 09:15:00,NSE:JYOTISTRUC,3.28,3.4400002,3.25,3.37,10290.0
2003-02-27 09:15:00,NSE:JYOTISTRUC,3.48,3.4900002,3.2599998,3.3099998,7060.0
2003-02-28 09:15:00,NSE:JYOTISTRUC,3.4,3.4,3.1,3.17,30260.0
2003-03-03 09:15:00,NSE:JYOTISTRUC,3.3900002,3.4,3.22,3.2599998,20875.0
2003-03-04 09:15:00,NSE:JYOTISTRUC,3.12,3.22,3.1,3.11,7000.0
2003-03-05 09:15:00,NSE:JYOTISTRUC,3.1,3.1,3.0,3.07,9050.0
2003-03-06 09:15:00,NSE:JYOTISTRUC,3.1,3.1,3.01,3.04,5355.0
2003-03-07 09:15:00,NSE:JYOTISTRUC,3.0,3.0,2.75,2.85,17650.0
2003-03-10 09:15:00,NSE:JYOTISTRUC,2.78,2.89,2.71,2.73,8000.0
2003-03-11 09:15:00,NSE:JYOTISTRUC,2.7,2.7,2.5,2.58,19035.0
2003-03-12 09:15:00,NSE:JYOTISTRUC,2.83,2.83,2.5,2.7,16175.0
2003-03-13 09:15:00,NSE:JYOTISTRUC,2.65,2.68,2.6,2.61,28665.0
2003-03-17 09:15:00,NSE:JYOTISTRUC,2.6,2.67,2.49,2.56,9135.0
2003-03-19 09:15:00,NSE:JYOTISTRUC,2.75,2.75,2.45,2.49,9280.0
2003-03-20 09:15:00,NSE:JYOTISTRUC,2.37,2.6,2.37,2.59,9000.0
2003-03-21 09:15:00,NSE:JYOTISTRUC,2.5,2.6,2.44,2.6,5530.0
2003-03-24 09:15:00,NSE:JYOTISTRUC,2.51,2.52,2.5,2.5,8250.0
2003-03-25 09:15:00,NSE:JYOTISTRUC,2.54,2.6,2.45,2.6,4000.0
2003-03-26 09:15:00,NSE:JYOTISTRUC,2.6,2.6,2.48,2.51,22000.0
2003-03-27 09:15:00,NSE:JYOTISTRUC,2.38,2.49,2.38,2.4,11265.0
2003-03-28 09:15:00,NSE:JYOTISTRUC,2.38,2.43,2.28,2.35,16350.0
2003-03-31 09:15:00,NSE:JYOTISTRUC,2.36,2.39,2.2,2.2,5120.0
2003-04-01 09:15:00,NSE:JYOTISTRUC,2.47,2.47,2.38,2.38,10.0
2003-04-02 09:15:00,NSE:JYOTISTRUC,2.3,2.45,2.3,2.44,4500.0
2003-04-03 09:15:00,NSE:JYOTISTRUC,2.6,2.6,2.42,2.57,4745.0
2003-04-04 09:15:00,NSE:JYOTISTRUC,2.4,2.6,2.36,2.59,2270.0
2003-04-07 09:15:00,NSE:JYOTISTRUC,2.69,2.7,2.65,2.7,12000.0
2003-04-08 09:15:00,NSE:JYOTISTRUC,2.6,2.8,2.6,2.75,12000.0
2003-04-09 09:15:00,NSE:JYOTISTRUC,2.79,2.8,2.76,2.76,6125.0
2003-04-10 09:15:00,NSE:JYOTISTRUC,2.7,2.7,2.62,2.62,10250.0
2003-04-11 09:15:00,NSE:JYOTISTRUC,2.78,2.78,2.61,2.64,12880.0
2003-04-16 09:15:00,NSE:JYOTISTRUC,2.6,2.6,2.5,2.5,2000.0
2003-04-17 09:15:00,NSE:JYOTISTRUC,2.69,2.69,2.48,2.51,2500.0
2003-04-21 09:15:00,NSE:JYOTISTRUC,2.66,2.68,2.66,2.68,5000.0
2003-04-22 09:15:00,NSE:JYOTISTRUC,2.68,2.68,2.68,2.68,1500.0
2003-04-23 09:15:00,NSE:JYOTISTRUC,2.7,2.7,2.7,2.7,250.0
2003-04-24 09:15:00,NSE:JYOTISTRUC,2.6,2.73,2.6,2.6,4000.0
2003-04-25 09:15:00,NSE:JYOTISTRUC,2.56,2.58,2.56,2.58,370.0
2003-04-28 09:15:00,NSE:JYOTISTRUC,2.75,2.76,2.66,2.69,6315.0
2003-04-29 09:15:00,NSE:JYOTISTRUC,2.69,2.69,2.58,2.59,9260.0
2003-04-30 09:15:00,NSE:JYOTISTRUC,2.52,2.68,2.5,2.68,4005.0
2003-05-02 09:15:00,NSE:JYOTISTRUC,2.6,2.6,2.36,2.43,60630.0
2003-05-05 09:15:00,NSE:JYOTISTRUC,2.6,2.6,2.52,2.6,7000.0
2003-05-06 09:15:00,NSE:JYOTISTRUC,2.64,2.99,2.64,2.92,62060.0
2003-05-07 09:15:00,NSE:JYOTISTRUC,3.12,3.15,3.0,3.05,119470.0
2003-05-08 09:15:00,NSE:JYOTISTRUC,3.0,3.07,2.95,2.97,42955.0
2003-05-09 09:15:00,NSE:JYOTISTRUC,2.96,3.0,2.9,2.93,16250.0
2003-05-12 09:15:00,NSE:JYOTISTRUC,2.92,3.0,2.92,3.0,12000.0
2003-05-13 09:15:00,NSE:JYOTISTRUC,3.0,3.1,2.99,3.03,41125.0
2003-05-14 09:15:00,NSE:JYOTISTRUC,3.13,3.13,3.05,3.09,28000.0
2003-05-15 09:15:00,NSE:JYOTISTRUC,3.12,3.55,3.1,3.42,90090.0
2003-05-16 09:15:00,NSE:JYOTISTRUC,4.0900002,4.0900002,3.2599998,3.4099998,59195.0
2003-05-19 09:15:00,NSE:JYOTISTRUC,3.7,3.7,3.4099998,3.5,129685.0
2003-05-20 09:15:00,NSE:JYOTISTRUC,3.6,3.6,3.32,3.3599998,9195.0
2003-05-21 09:15:00,NSE:JYOTISTRUC,3.4400002,3.5,3.37,3.37,37125.0
2003-05-22 09:15:00,NSE:JYOTISTRUC,3.53,3.53,3.43,3.47,43080.0
2003-05-23 09:15:00,NSE:JYOTISTRUC,3.4400002,3.55,3.4400002,3.53,17385.0
2003-05-26 09:15:00,NSE:JYOTISTRUC,3.6400002,3.7,3.52,3.68,60615.0
2003-05-27 09:15:00,NSE:JYOTISTRUC,3.75,3.75,3.5599998,3.6,46810.0
2003-05-28 09:15:00,NSE:JYOTISTRUC,3.6,3.6400002,3.47,3.52,34980.0
2003-05-29 09:15:00,NSE:JYOTISTRUC,3.58,3.58,3.45,3.5,32325.0
2003-05-30 09:15:00,NSE:JYOTISTRUC,3.32,3.7,3.32,3.6599998,33815.0
2003-06-02 09:15:00,NSE:JYOTISTRUC,3.6,3.93,3.6,3.7599998,45415.0
2003-06-03 09:15:00,NSE:JYOTISTRUC,3.32,4.52,3.32,4.52,227170.0
2003-06-04 09:15:00,NSE:JYOTISTRUC,4.6599998,5.43,4.6599998,5.43,424215.0
2003-06-05 09:15:00,NSE:JYOTISTRUC,6.28,6.5199996,5.7099998,5.82,773925.0
2003-06-06 09:15:00,NSE:JYOTISTRUC,6.08,6.3400002,5.3599998,6.13,506865.0
2003-06-09 09:15:00,NSE:JYOTISTRUC,6.2,6.4,6.0,6.27,326730.0
2003-06-10 09:15:00,NSE:JYOTISTRUC,6.3,6.3,5.7599998,5.85,256960.0
2003-06-11 09:15:00,NSE:JYOTISTRUC,5.85,6.1900002,5.7,6.1099998,148035.0
2003-06-12 09:15:00,NSE:JYOTISTRUC,6.28,6.6,6.2099998,6.3,309510.0
2003-06-13 09:15:00,NSE:JYOTISTRUC,6.4900002,6.5,6.2,6.2400002,126460.0
2003-06-16 09:15:00,NSE:JYOTISTRUC,6.2,6.2,5.7,5.8599998,97460.0
2003-06-17 09:15:00,NSE:JYOTISTRUC,5.4099998,6.1,5.4099998,5.7099998,100055.0
2003-06-18 09:15:00,NSE:JYOTISTRUC,5.88,5.88,5.4,5.4900002,185000.0
2003-06-19 09:15:00,NSE:JYOTISTRUC,5.42,6.2,5.42,5.68,195420.0
2003-06-20 09:15:00,NSE:JYOTISTRUC,5.72,6.05,5.6099998,5.73,93600.0
2003-06-23 09:15:00,NSE:JYOTISTRUC,5.8,5.85,5.45,5.5900002,78855.0
2003-06-24 09:15:00,NSE:JYOTISTRUC,5.5,5.87,5.5,5.63,132445.0
2003-06-25 09:15:00,NSE:JYOTISTRUC,5.78,6.08,5.75,5.9599998,208290.0
2003-06-26 09:15:00,NSE:JYOTISTRUC,6.08,6.08,5.73,5.7400002,71580.0
2003-06-27 09:15:00,NSE:JYOTISTRUC,5.8099998,5.9400002,5.7,5.7400002,36780.0
2003-06-30 09:15:00,NSE:JYOTISTRUC,5.8400002,6.05,5.8,5.9099998,150065.0
2003-07-01 09:15:00,NSE:JYOTISTRUC,6.0599998,7.1,6.0599998,7.0900002,921455.0
2003-07-02 09:15:00,NSE:JYOTISTRUC,7.5,7.9800004,7.3099998,7.5,1387770.0
2003-07-03 09:15:00,NSE:JYOTISTRUC,7.7300004,7.9,7.3,7.4900002,405085.0
2003-07-04 09:15:00,NSE:JYOTISTRUC,7.6,7.8,7.0699996,7.1099998,243185.0
2003-07-07 09:15:00,NSE:JYOTISTRUC,7.0,7.5,7.0,7.3099998,328695.0
2003-07-08 09:15:00,NSE:JYOTISTRUC,7.4800004,7.7,7.2099998,7.6300004,542440.0
2003-07-09 09:15:00,NSE:JYOTISTRUC,7.8,8.0,7.5,7.6699996,388255.0
2003-07-10 09:15:00,NSE:JYOTISTRUC,7.9,8.1900002,6.9699996,7.5199996,316090.0
2003-07-11 09:15:00,NSE:JYOTISTRUC,7.4699996,7.6,6.9800004,7.0599998,253925.0
2003-07-14 09:15:00,NSE:JYOTISTRUC,7.2,7.4,7.1400002,7.3300004,360700.0
2003-07-15 09:15:00,NSE:JYOTISTRUC,7.4,7.7,7.4,7.6099998,468715.0
2003-07-16 09:15:00,NSE:JYOTISTRUC,7.6800004,7.7,7.45,7.5699996,201895.0
2003-07-17 09:15:00,NSE:JYOTISTRUC,7.7800004,8.3199996,7.6599998,7.8599998,709730.0
2003-07-18 09:15:00,NSE:JYOTISTRUC,7.6,7.8599998,7.4,7.5400002,238430.0
2003-07-21 09:15:00,NSE:JYOTISTRUC,7.6,8.0599998,7.5400002,7.8199996,435115.0
2003-07-22 09:15:00,NSE:JYOTISTRUC,7.8,7.9800004,7.6800004,7.7400002,184955.0
2003-07-23 09:15:00,NSE:JYOTISTRUC,7.9300004,8.05,7.7400002,7.8699996,177300.0
2003-07-24 09:15:00,NSE:JYOTISTRUC,7.85,7.9099998,7.7400002,7.8,266630.0
2003-07-25 09:15:00,NSE:JYOTISTRUC,7.8699996,8.5800004,7.85,8.5800004,1161090.0
2003-07-28 09:15:00,NSE:JYOTISTRUC,8.7,9.4400002,8.5,9.4400002,1812060.0
2003-07-29 09:15:00,NSE:JYOTISTRUC,9.7900002,10.3900002,9.4699996,10.3900002,2202860.0
2003-07-30 09:15:00,NSE:JYOTISTRUC,10.6,11.2300004,10.2400002,10.5099998,2533150.0
2003-07-31 09:15:00,NSE:JYOTISTRUC,10.4,10.4,9.4599998,9.4599998,842485.0
2003-08-01 09:15:00,NSE:JYOTISTRUC,9.4,10.4099998,8.9,10.4099998,2173105.0
2003-08-04 09:15:00,NSE:JYOTISTRUC,10.3,10.5400002,9.3699996,9.4099998,1458445.0
2003-08-05 09:15:00,NSE:JYOTISTRUC,9.5800004,9.8,8.8,8.9400002,922795.0
2003-08-06 09:15:00,NSE:JYOTISTRUC,9.1199996,9.3599998,8.6800004,8.8599998,475820.0
2003-08-07 09:15:00,NSE:JYOTISTRUC,9.0,9.1800004,8.7900002,8.9400002,250420.0
2003-08-08 09:15:00,NSE:JYOTISTRUC,9.1800004,9.8400002,9.1,9.7400002,1083480.0
2003-08-11 09:15:00,NSE:JYOTISTRUC,9.7800004,9.8,9.2699996,9.4400002,415505.0
2003-08-12 09:15:00,NSE:JYOTISTRUC,9.6,10.2,9.4199996,9.9,838765.0
2003-08-13 09:15:00,NSE:JYOTISTRUC,10.2,10.6,9.9099998,10.2900002,1244465.0
2003-08-14 09:15:00,NSE:JYOTISTRUC,10.6,10.85,10.0800004,10.1900002,534235.0
2003-08-18 09:15:00,NSE:JYOTISTRUC,10.2,10.7800004,9.75,10.0800004,811970.0
2003-08-19 09:15:00,NSE:JYOTISTRUC,10.2,10.2900002,9.3800004,9.45,421735.0
2003-08-20 09:15:00,NSE:JYOTISTRUC,9.5,10.0599998,9.4,9.45,198035.0
2003-08-21 09:15:00,NSE:JYOTISTRUC,9.6,9.7800004,9.4,9.4800004,132905.0
2003-08-22 09:15:00,NSE:JYOTISTRUC,9.7599998,10.4300004,9.4800004,10.4300004,1235055.0
2003-08-25 09:15:00,NSE:JYOTISTRUC,10.6,10.8,9.4199996,10.1,947635.0
2003-08-26 09:15:00,NSE:JYOTISTRUC,10.1,11.1099998,9.9,11.0699996,1056755.0
2003-08-27 09:15:00,NSE:JYOTISTRUC,11.0199996,12.05,11.0199996,11.9300004,1424935.0
2003-08-28 09:15:00,NSE:JYOTISTRUC,12.2,12.2,11.4400002,11.6099998,858570.0
2003-08-29 09:15:00,NSE:JYOTISTRUC,12.0,12.3599998,11.3,11.5300004,834120.0
2003-09-01 09:15:00,NSE:JYOTISTRUC,12.1800004,12.4800004,10.8199996,11.9300004,798175.0
2003-09-02 09:15:00,NSE:JYOTISTRUC,12.1,12.1599998,11.1800004,11.3800004,367955.0
2003-09-03 09:15:00,NSE:JYOTISTRUC,11.4199996,11.4199996,10.4099998,10.7300004,384600.0
2003-09-04 09:15:00,NSE:JYOTISTRUC,10.8199996,11.2,10.6,10.6800004,207865.0
2003-09-05 09:15:00,NSE:JYOTISTRUC,11.2,11.4,10.7300004,11.1599998,286025.0
2003-09-08 09:15:00,NSE:JYOTISTRUC,11.2900002,11.3199996,10.7,10.7699996,232150.0
2003-09-09 09:15:00,NSE:JYOTISTRUC,11.7699996,11.7699996,10.4,10.4900002,273500.0
2003-09-10 09:15:00,NSE:JYOTISTRUC,10.2,11.1699996,10.2,10.9699996,321735.0
2003-09-11 09:15:00,NSE:JYOTISTRUC,10.2,11.1800004,10.2,10.7,79020.0
2003-09-12 09:15:00,NSE:JYOTISTRUC,10.9699996,11.0800004,10.3300004,10.4400002,205180.0
2003-09-15 09:15:00,NSE:JYOTISTRUC,10.3099998,10.6900002,9.8,9.95,215770.0
2003-09-16 09:15:00,NSE:JYOTISTRUC,10.2400002,10.95,9.7199996,10.95,292120.0
2003-09-17 09:15:00,NSE:JYOTISTRUC,11.2,11.2699996,10.6,10.6400002,240815.0
2003-09-18 09:15:00,NSE:JYOTISTRUC,10.35,10.6,10.0599998,10.25,153780.0
2003-09-19 09:15:00,NSE:JYOTISTRUC,10.2,10.4,9.4,9.9199996,154570.0
2003-09-22 09:15:00,NSE:JYOTISTRUC,10.3,10.3800004,9.6199996,9.7400002,152975.0
2003-09-23 09:15:00,NSE:JYOTISTRUC,9.75,10.0,9.3099998,9.6199996,221125.0
2003-09-24 09:15:00,NSE:JYOTISTRUC,9.6199996,9.9800004,9.6199996,9.8800004,237830.0
2003-09-25 09:15:00,NSE:JYOTISTRUC,9.65,10.2300004,9.6,9.8800004,188350.0
2003-09-26 09:15:00,NSE:JYOTISTRUC,10.0400002,10.8,10.0400002,10.4699996,233210.0
2003-09-29 09:15:00,NSE:JYOTISTRUC,11.4400002,11.4400002,10.3599998,10.5300004,170540.0
2003-09-30 09:15:00,NSE:JYOTISTRUC,10.7400002,10.7400002,10.0099998,10.2599998,160115.0
2003-10-01 09:15:00,NSE:JYOTISTRUC,10.6,10.6,10.1099998,10.1699996,121510.0
2003-10-03 09:15:00,NSE:JYOTISTRUC,10.3400002,10.9,10.3,10.7599998,165050.0
2003-10-06 09:15:00,NSE:JYOTISTRUC,10.7599998,11.3800004,10.7599998,11.2199996,341705.0
2003-10-07 09:15:00,NSE:JYOTISTRUC,11.4,12.35,11.1099998,12.3,1057420.0
2003-10-08 09:15:00,NSE:JYOTISTRUC,12.7,13.0399994,12.4,12.6,1115485.0
2003-10-09 09:15:00,NSE:JYOTISTRUC,12.6,13.1899994,12.6,12.8800004,420985.0
2003-10-10 09:15:00,NSE:JYOTISTRUC,12.6,13.1199996,12.0,12.4800004,413980.0
2003-10-13 09:15:00,NSE:JYOTISTRUC,12.1400002,12.5599998,12.1300004,12.3900002,165055.0
2003-10-14 09:15:00,NSE:JYOTISTRUC,12.8,12.8,11.9,11.9599998,308615.0
2003-10-15 09:15:00,NSE:JYOTISTRUC,12.0,12.2400002,11.5,11.75,123950.0
2003-10-16 09:15:00,NSE:JYOTISTRUC,12.0300004,12.05,11.6599998,11.7900002,94715.0
2003-10-17 09:15:00,NSE:JYOTISTRUC,11.9,12.2,11.7,12.0900002,168490.0
2003-10-20 09:15:00,NSE:JYOTISTRUC,11.4,12.7300004,11.4,12.4199996,336645.0
2003-10-21 09:15:00,NSE:JYOTISTRUC,13.0,13.0,12.4199996,12.6599998,458510.0
2003-10-22 09:15:00,NSE:JYOTISTRUC,12.9600006,12.9600006,11.8,11.8300004,167805.0
2003-10-23 09:15:00,NSE:JYOTISTRUC,11.8,11.9699996,11.5199996,11.5699996,62950.0
2003-10-24 09:15:00,NSE:JYOTISTRUC,11.7,11.7,11.2,11.6199996,70130.0
2003-10-27 09:15:00,NSE:JYOTISTRUC,11.8099998,12.0,11.6099998,11.7300004,33480.0
2003-10-28 09:15:00,NSE:JYOTISTRUC,11.9099998,11.9199996,10.6300004,11.1199996,102460.0
2003-10-29 09:15:00,NSE:JYOTISTRUC,11.2,11.4,11.2,11.3699996,57505.0
2003-10-30 09:15:00,NSE:JYOTISTRUC,11.5800004,12.5099998,11.5800004,12.5099998,173700.0
2003-10-31 09:15:00,NSE:JYOTISTRUC,13.7600006,13.7600006,12.0599998,12.7300004,245000.0
2003-11-03 09:15:00,NSE:JYOTISTRUC,13.05,13.05,12.2,12.5400002,147115.0
2003-11-04 09:15:00,NSE:JYOTISTRUC,12.5900002,12.7900002,11.3300004,12.5800004,279440.0
2003-11-05 09:15:00,NSE:JYOTISTRUC,12.7,12.9399994,12.55,12.7800004,231185.0
2003-11-06 09:15:00,NSE:JYOTISTRUC,12.9800004,14.0600006,12.9800004,14.0600006,519845.0
2003-11-07 09:15:00,NSE:JYOTISTRUC,14.8,15.4699996,14.8,15.45,1027035.0
2003-11-10 09:15:00,NSE:JYOTISTRUC,16.0,16.5899994,14.6100006,16.1,417355.0
2003-11-11 09:15:00,NSE:JYOTISTRUC,16.5699996,16.7600006,15.2,15.4399994,643040.0
2003-11-12 09:15:00,NSE:JYOTISTRUC,15.7,16.5399994,15.6,15.7600006,626450.0
2003-11-13 09:15:00,NSE:JYOTISTRUC,16.0,16.4600006,14.8,15.0,340040.0
2003-11-14 09:15:00,NSE:JYOTISTRUC,14.6100006,15.4,14.6100006,15.0199996,188350.0
2003-11-17 09:15:00,NSE:JYOTISTRUC,15.7,17.0699996,15.5,17.0699996,502785.0
2003-11-18 09:15:00,NSE:JYOTISTRUC,17.2,18.4399994,16.6,16.8100006,1003525.0
2003-11-19 09:15:00,NSE:JYOTISTRUC,17.0,17.5800004,16.2,17.0699996,490900.0
2003-11-20 09:15:00,NSE:JYOTISTRUC,17.5800004,18.7800004,17.1899994,18.5100006,1502585.0
2003-11-21 09:15:00,NSE:JYOTISTRUC,19.0800004,20.37,18.4,20.37,1744530.0
2003-11-24 09:15:00,NSE:JYOTISTRUC,20.98,21.39,20.73,21.39,281990.0
2003-11-25 09:15:00,NSE:JYOTISTRUC,22.34,22.43,20.56,20.93,748810.0
2003-11-27 09:15:00,NSE:JYOTISTRUC,21.0,21.79,20.0,20.4,295895.0
2003-11-28 09:15:00,NSE:JYOTISTRUC,20.34,21.42,20.14,20.3,239535.0
2003-12-01 09:15:00,NSE:JYOTISTRUC,20.97,20.97,19.8,19.9800004,243310.0
2003-12-02 09:15:00,NSE:JYOTISTRUC,20.2,20.98,19.7399994,20.67,365980.0
2003-12-03 09:15:00,NSE:JYOTISTRUC,20.98,21.71,20.0,21.71,218555.0
2003-12-04 09:15:00,NSE:JYOTISTRUC,21.7,22.8,21.7,22.74,241410.0
2003-12-05 09:15:00,NSE:JYOTISTRUC,22.6,23.67,22.6,23.07,240880.0
2003-12-08 09:15:00,NSE:JYOTISTRUC,23.0,23.4,22.05,22.66,65205.0
2003-12-09 09:15:00,NSE:JYOTISTRUC,22.6,23.8,21.82,23.55,118255.0
2003-12-10 09:15:00,NSE:JYOTISTRUC,23.4,23.6,22.5,22.76,82635.0
2003-12-11 09:15:00,NSE:JYOTISTRUC,23.2,23.2,22.4,22.61,70050.0
2003-12-12 09:15:00,NSE:JYOTISTRUC,22.74,23.0,22.31,22.75,59645.0
2003-12-15 09:15:00,NSE:JYOTISTRUC,23.18,23.2,22.6,22.72,48205.0
2003-12-16 09:15:00,NSE:JYOTISTRUC,23.0,23.0,22.44,22.61,71870.0
2003-12-17 09:15:00,NSE:JYOTISTRUC,22.96,23.49,22.52,23.23,83545.0
2003-12-18 09:15:00,NSE:JYOTISTRUC,23.4,24.4,23.23,23.7,202185.0
2003-12-19 09:15:00,NSE:JYOTISTRUC,23.7,24.2,22.81,23.21,82825.0
2003-12-22 09:15:00,NSE:JYOTISTRUC,23.38,23.38,22.1,22.22,121335.0
2003-12-23 09:15:00,NSE:JYOTISTRUC,22.4,22.5,21.2,21.44,72050.0
2003-12-24 09:15:00,NSE:JYOTISTRUC,21.7,21.9,21.02,21.6,74230.0
2003-12-26 09:15:00,NSE:JYOTISTRUC,21.22,22.68,21.1,22.68,120370.0
2003-12-29 09:15:00,NSE:JYOTISTRUC,22.6,23.48,21.81,21.96,101905.0
2003-12-30 09:15:00,NSE:JYOTISTRUC,21.8,22.0,21.0,21.22,68265.0
2003-12-31 09:15:00,NSE:JYOTISTRUC,21.68,22.28,21.1,22.19,278065.0
2004-01-01 09:15:00,NSE:JYOTISTRUC,22.48,22.76,22.01,22.29,117765.0
2004-01-02 09:15:00,NSE:JYOTISTRUC,22.13,22.79,21.4,21.69,114400.0
2004-01-05 09:15:00,NSE:JYOTISTRUC,22.4,22.4,21.2,21.39,71175.0
2004-01-06 09:15:00,NSE:JYOTISTRUC,21.21,22.46,21.2,21.54,112985.0
2004-01-07 09:15:00,NSE:JYOTISTRUC,21.24,21.76,20.5,20.5,25655.0
2004-01-08 09:15:00,NSE:JYOTISTRUC,20.6,21.53,20.4,20.65,112140.0
2004-01-09 09:15:00,NSE:JYOTISTRUC,21.4,21.69,21.4,21.51,400530.0
2004-01-12 09:15:00,NSE:JYOTISTRUC,21.7,21.7,20.44,20.44,108145.0
2004-01-13 09:15:00,NSE:JYOTISTRUC,20.2,20.2,19.4199996,19.7,106955.0
2004-01-14 09:15:00,NSE:JYOTISTRUC,20.0,20.68,19.85,20.26,240140.0
2004-01-15 09:15:00,NSE:JYOTISTRUC,20.6,21.19,19.2600006,19.5100006,141665.0
2004-01-16 09:15:00,NSE:JYOTISTRUC,20.2,20.2,18.5399994,18.5399994,71425.0
2004-01-19 09:15:00,NSE:JYOTISTRUC,17.6399994,19.4699996,17.6399994,19.4699996,189175.0
2004-01-20 09:15:00,NSE:JYOTISTRUC,19.9800004,20.45,19.6,20.1,332015.0
2004-01-21 09:15:00,NSE:JYOTISTRUC,20.38,20.38,19.1100006,19.2800004,380455.0
2004-01-22 09:15:00,NSE:JYOTISTRUC,19.4800004,19.6800004,19.0,19.4600006,211175.0
2004-01-23 09:15:00,NSE:JYOTISTRUC,19.4199996,20.44,19.4199996,20.43,135010.0
2004-01-27 09:15:00,NSE:JYOTISTRUC,20.42,20.97,20.3,20.82,43225.0
2004-01-28 09:15:00,NSE:JYOTISTRUC,20.42,20.81,19.8399994,20.41,108115.0
2004-01-29 09:15:00,NSE:JYOTISTRUC,20.4,20.76,20.04,20.5,27330.0
2004-01-30 09:15:00,NSE:JYOTISTRUC,20.48,20.48,19.4800004,19.8300004,92910.0
2004-02-03 09:15:00,NSE:JYOTISTRUC,18.9,19.5,18.8399994,19.0,135135.0
2004-02-04 09:15:00,NSE:JYOTISTRUC,18.75,18.8,18.4,18.5800004,247135.0
2004-02-05 09:15:00,NSE:JYOTISTRUC,18.6,18.6,17.65,17.65,38235.0
2004-02-06 09:15:00,NSE:JYOTISTRUC,17.6199996,17.6199996,16.7699996,16.7899994,23245.0
2004-02-09 09:15:00,NSE:JYOTISTRUC,17.0,17.6,16.5,17.2800004,70445.0
2004-02-10 09:15:00,NSE:JYOTISTRUC,17.2,17.4,16.4199996,16.4399994,94055.0
2004-02-11 09:15:00,NSE:JYOTISTRUC,16.2399994,17.2,16.0399994,17.0100006,49385.0
2004-02-12 09:15:00,NSE:JYOTISTRUC,16.7,17.8600006,16.5399994,17.7699996,74580.0
2004-02-13 09:15:00,NSE:JYOTISTRUC,18.6,18.6600006,17.55,18.6600006,158090.0
2004-02-16 09:15:00,NSE:JYOTISTRUC,19.5800004,19.6,19.5,19.6,13600.0
2004-02-17 09:15:00,NSE:JYOTISTRUC,20.05,20.58,20.02,20.19,95135.0
2004-02-18 09:15:00,NSE:JYOTISTRUC,21.0,21.0,19.3,19.5300004,62755.0
2004-02-19 09:15:00,NSE:JYOTISTRUC,19.6,19.8,18.5600006,18.5699996,46470.0
2004-02-20 09:15:00,NSE:JYOTISTRUC,18.8,18.8,17.65,18.3100006,100680.0
2004-02-23 09:15:00,NSE:JYOTISTRUC,18.6,19.0199996,18.2,18.5600006,71955.0
2004-02-24 09:15:00,NSE:JYOTISTRUC,18.6,18.6899994,17.8,17.9300004,17375.0
2004-02-25 09:15:00,NSE:JYOTISTRUC,17.6,17.9,17.4600006,17.5100006,43465.0
2004-02-26 09:15:00,NSE:JYOTISTRUC,17.3199996,18.3800004,17.3199996,17.9699996,7325.0
2004-02-27 09:15:00,NSE:JYOTISTRUC,18.0,18.0,17.2600006,17.5600006,18745.0
2004-03-01 09:15:00,NSE:JYOTISTRUC,17.8100006,17.8100006,17.4,17.6399994,27235.0
2004-03-03 09:15:00,NSE:JYOTISTRUC,17.8,17.8,17.2100006,17.2699996,26015.0
2004-03-04 09:15:00,NSE:JYOTISTRUC,17.3,17.6,16.8699996,16.9100006,91810.0
2004-03-05 09:15:00,NSE:JYOTISTRUC,17.2,17.4,16.8,16.9800004,28675.0
2004-03-08 09:15:00,NSE:JYOTISTRUC,17.0600006,17.5,17.0199996,17.2399994,17405.0
2004-03-09 09:15:00,NSE:JYOTISTRUC,17.4,17.4,15.9899994,16.3399994,39670.0
2004-03-10 09:15:00,NSE:JYOTISTRUC,16.4,16.6,16.0199996,16.2300004,16170.0
2004-03-11 09:15:00,NSE:JYOTISTRUC,16.2,16.9300004,15.8600006,15.9899994,37945.0
2004-03-12 09:15:00,NSE:JYOTISTRUC,15.7399994,16.0,15.0399994,15.2800004,22410.0
2004-03-15 09:15:00,NSE:JYOTISTRUC,15.1100006,15.3,14.1199996,14.1199996,29345.0
2004-03-16 09:15:00,NSE:JYOTISTRUC,14.0,15.6,14.0,14.3100006,84705.0
2004-03-17 09:15:00,NSE:JYOTISTRUC,14.2,15.6,13.9100006,14.75,98200.0
2004-03-18 09:15:00,NSE:JYOTISTRUC,15.0,15.5,14.4199996,15.1100006,75100.0
2004-03-19 09:15:00,NSE:JYOTISTRUC,16.0,16.0,14.5,14.7899994,27780.0
2004-03-22 09:15:00,NSE:JYOTISTRUC,15.1,15.2399994,14.5,14.6100006,132205.0
2004-03-23 09:15:00,NSE:JYOTISTRUC,14.6300004,15.35,14.4300004,14.9600006,42590.0
2004-03-24 09:15:00,NSE:JYOTISTRUC,15.0,15.6,14.7300004,14.95,35240.0
2004-03-25 09:15:00,NSE:JYOTISTRUC,15.2,15.5899994,14.8,15.5600006,37190.0
2004-03-26 09:15:00,NSE:JYOTISTRUC,16.0,17.5800004,16.0,17.0899994,188915.0
2004-03-29 09:15:00,NSE:JYOTISTRUC,17.2,19.7199996,16.8,18.6899994,91115.0
2004-03-30 09:15:00,NSE:JYOTISTRUC,18.65,19.6,18.0,18.2899994,60090.0
2004-03-31 09:15:00,NSE:JYOTISTRUC,18.4199996,18.7600006,17.7399994,18.0899994,105525.0
2004-04-01 09:15:00,NSE:JYOTISTRUC,18.3800004,19.5,18.2,18.3300004,152460.0
2004-04-02 09:15:00,NSE:JYOTISTRUC,18.7800004,20.2,18.3100006,20.13,223255.0
2004-04-05 09:15:00,NSE:JYOTISTRUC,20.6,22.4,20.21,20.49,282530.0
2004-04-06 09:15:00,NSE:JYOTISTRUC,21.2,21.2,19.6100006,19.8399994,113670.0
2004-04-07 09:15:00,NSE:JYOTISTRUC,20.0,20.7,19.2100006,19.5,54000.0
2004-04-08 09:15:00,NSE:JYOTISTRUC,19.5,20.36,19.5,19.8100006,64415.0
2004-04-12 09:15:00,NSE:JYOTISTRUC,20.7,20.8,19.0100006,19.5800004,88155.0
2004-04-13 09:15:00,NSE:JYOTISTRUC,19.6600006,20.0,19.4100006,19.8300004,61115.0
2004-04-15 09:15:00,NSE:JYOTISTRUC,19.8,20.2,19.8,19.9,55275.0
2004-04-16 09:15:00,NSE:JYOTISTRUC,20.0,20.48,20.0,20.06,41435.0
2004-04-19 09:15:00,NSE:JYOTISTRUC,20.59,22.0,20.52,20.62,189430.0
2004-04-20 09:15:00,NSE:JYOTISTRUC,20.4,20.79,20.03,20.39,18675.0
2004-04-21 09:15:00,NSE:JYOTISTRUC,20.6,21.3,20.51,21.02,44860.0
2004-04-22 09:15:00,NSE:JYOTISTRUC,21.0,21.8,20.7,21.52,329665.0
2004-04-23 09:15:00,NSE:JYOTISTRUC,21.4,21.4,20.4,20.64,77885.0
2004-04-27 09:15:00,NSE:JYOTISTRUC,20.24,20.55,18.9,19.1199996,33370.0
2004-04-28 09:15:00,NSE:JYOTISTRUC,19.2,19.9699996,19.0,19.7600006,59410.0
2004-04-29 09:15:00,NSE:JYOTISTRUC,19.6,20.64,19.3100006,19.4699996,76825.0
2004-04-30 09:15:00,NSE:JYOTISTRUC,19.7,19.8,19.4,19.4399994,14100.0
2004-05-03 09:15:00,NSE:JYOTISTRUC,20.2,20.2,18.4100006,18.6199996,107625.0
2004-05-04 09:15:00,NSE:JYOTISTRUC,19.3300004,19.6,18.8199996,19.2600006,32265.0
2004-05-05 09:15:00,NSE:JYOTISTRUC,19.4,19.5899994,19.0,19.2899994,15620.0
2004-05-06 09:15:00,NSE:JYOTISTRUC,19.5899994,20.38,19.3,19.3699996,19775.0
2004-05-07 09:15:00,NSE:JYOTISTRUC,19.2199996,19.2199996,18.6,18.7,21375.0
2004-05-10 09:15:00,NSE:JYOTISTRUC,18.5,18.9600006,17.8,18.6399994,21330.0
2004-05-11 09:15:00,NSE:JYOTISTRUC,17.9600006,18.3,17.6,17.8300004,77665.0
2004-05-12 09:15:00,NSE:JYOTISTRUC,18.0,18.0,17.5699996,17.8899994,17790.0
2004-05-13 09:15:00,NSE:JYOTISTRUC,17.8,18.7899994,17.1,18.5800004,22880.0
2004-05-14 09:15:00,NSE:JYOTISTRUC,18.1199996,18.2,15.0,15.6699996,34145.0
2004-05-17 09:15:00,NSE:JYOTISTRUC,13.7899994,14.0,12.5400002,13.0,119215.0
2004-05-18 09:15:00,NSE:JYOTISTRUC,12.6,14.5,12.6,13.5,79520.0
2004-05-19 09:15:00,NSE:JYOTISTRUC,15.6,15.6,13.9399994,14.2699996,74235.0
2004-05-20 09:15:00,NSE:JYOTISTRUC,14.5,15.5800004,14.5,15.0,56555.0
2004-05-21 09:15:00,NSE:JYOTISTRUC,14.0,14.4,13.8199996,13.8800004,46585.0
2004-05-24 09:15:00,NSE:JYOTISTRUC,14.1,15.0899994,14.05,14.9300004,76415.0
2004-05-25 09:15:00,NSE:JYOTISTRUC,15.0,15.0,14.5300004,14.8600006,16295.0
2004-05-26 09:15:00,NSE:JYOTISTRUC,15.5800004,16.4,15.4300004,15.5800004,82680.0
2004-05-27 09:15:00,NSE:JYOTISTRUC,15.45,15.6,15.1,15.4,30635.0
2004-05-28 09:15:00,NSE:JYOTISTRUC,15.2,15.2,13.4,13.5300004,111710.0
2004-05-31 09:15:00,NSE:JYOTISTRUC,13.0399994,13.2800004,12.2,12.7099998,50415.0
2004-06-01 09:15:00,NSE:JYOTISTRUC,13.7899994,13.8,12.6,12.6800004,69790.0
2004-06-02 09:15:00,NSE:JYOTISTRUC,12.9600006,12.9600006,12.4,12.45,28495.0
2004-06-03 09:15:00,NSE:JYOTISTRUC,12.7199996,13.2,12.2699996,12.6300004,116535.0
2004-06-04 09:15:00,NSE:JYOTISTRUC,13.2,13.2,12.4199996,12.55,81455.0
2004-06-07 09:15:00,NSE:JYOTISTRUC,12.8,12.8,11.2800004,11.5,99590.0
2004-06-08 09:15:00,NSE:JYOTISTRUC,11.6,11.6,11.15,11.2300004,96085.0
2004-06-09 09:15:00,NSE:JYOTISTRUC,11.35,11.35,10.9599998,11.0300004,64560.0
2004-06-10 09:15:00,NSE:JYOTISTRUC,10.8400002,12.5599998,10.7300004,11.7400002,253140.0
2004-06-11 09:15:00,NSE:JYOTISTRUC,12.0900002,12.0900002,11.45,11.6599998,143305.0
2004-06-14 09:15:00,NSE:JYOTISTRUC,11.8,11.8,10.9199996,11.0400002,28455.0
2004-06-15 09:15:00,NSE:JYOTISTRUC,11.1099998,11.4900002,11.0099998,11.3300004,39865.0
2004-06-16 09:15:00,NSE:JYOTISTRUC,11.5,11.65,11.4599998,11.55,37475.0
2004-06-17 09:15:00,NSE:JYOTISTRUC,11.2,11.8,10.9599998,11.1300004,37745.0
2004-06-18 09:15:00,NSE:JYOTISTRUC,12.0,12.0,10.9599998,11.1300004,38840.0
2004-06-21 09:15:00,NSE:JYOTISTRUC,11.1199996,11.2,10.9199996,10.9900002,12610.0
2004-06-22 09:15:00,NSE:JYOTISTRUC,10.8,10.9699996,10.65,10.7800004,8580.0
2004-06-23 09:15:00,NSE:JYOTISTRUC,10.3599998,10.65,10.3599998,10.4599998,37365.0
2004-06-24 09:15:00,NSE:JYOTISTRUC,10.2099998,10.6800004,10.2,10.5,16300.0
2004-06-25 09:15:00,NSE:JYOTISTRUC,10.5,11.0,10.5,10.8900002,23865.0
2004-06-28 09:15:00,NSE:JYOTISTRUC,11.1800004,11.7,10.8199996,11.35,62065.0
2004-06-29 09:15:00,NSE:JYOTISTRUC,11.6,12.3199996,11.6,12.0400002,82030.0
2004-06-30 09:15:00,NSE:JYOTISTRUC,12.0400002,12.3599998,11.7800004,11.9699996,49865.0
2004-07-01 09:15:00,NSE:JYOTISTRUC,11.9800004,12.1300004,11.8,11.9699996,22050.0
2004-07-02 09:15:00,NSE:JYOTISTRUC,12.1699996,12.1699996,11.9,11.9300004,8850.0
2004-07-05 09:15:00,NSE:JYOTISTRUC,11.4099998,12.0900002,11.4099998,11.8800004,14455.0
2004-07-06 09:15:00,NSE:JYOTISTRUC,11.9,12.1699996,11.9,12.1199996,41215.0
2004-07-07 09:15:00,NSE:JYOTISTRUC,12.2199996,13.3199996,12.2199996,13.0600006,221565.0
2004-07-08 09:15:00,NSE:JYOTISTRUC,13.4,14.4,12.4099998,12.85,334835.0
2004-07-09 09:15:00,NSE:JYOTISTRUC,13.0,13.0,12.4599998,12.6800004,70700.0
2004-07-12 09:15:00,NSE:JYOTISTRUC,12.8199996,13.0,12.5400002,12.7800004,33960.0
2004-07-13 09:15:00,NSE:JYOTISTRUC,12.6900002,12.75,12.2,12.3400002,23410.0
2004-07-14 09:15:00,NSE:JYOTISTRUC,12.3,12.6900002,12.2099998,12.2300004,20180.0
2004-07-15 09:15:00,NSE:JYOTISTRUC,12.25,12.9,12.25,12.7800004,28325.0
2004-07-16 09:15:00,NSE:JYOTISTRUC,12.9,14.2,12.8,14.0,203940.0
2004-07-19 09:15:00,NSE:JYOTISTRUC,14.1699996,14.7800004,13.8199996,14.1199996,142265.0
2004-07-20 09:15:00,NSE:JYOTISTRUC,13.8,14.0899994,13.5,13.7100006,32380.0
2004-07-21 09:15:00,NSE:JYOTISTRUC,13.55,14.0,13.5199996,13.8399994,30195.0
2004-07-22 09:15:00,NSE:JYOTISTRUC,14.2,14.6,14.05,14.2600006,92615.0
2004-07-23 09:15:00,NSE:JYOTISTRUC,13.8199996,14.5,13.3199996,13.9899994,32020.0
2004-07-26 09:15:00,NSE:JYOTISTRUC,13.0,14.5600006,13.0,14.2399994,23735.0
2004-07-27 09:15:00,NSE:JYOTISTRUC,14.05,14.4,13.8,13.9,47880.0
2004-07-28 09:15:00,NSE:JYOTISTRUC,14.0,14.0,13.7,13.75,21400.0
2004-07-29 09:15:00,NSE:JYOTISTRUC,13.8,14.4,13.8,14.1699996,58755.0
2004-07-30 09:15:00,NSE:JYOTISTRUC,14.5800004,14.6,13.7,13.9800004,87685.0
2004-08-02 09:15:00,NSE:JYOTISTRUC,14.1,14.35,13.6,13.9699996,33110.0
2004-08-03 09:15:00,NSE:JYOTISTRUC,13.7300004,14.2,13.7300004,13.9800004,63875.0
2004-08-04 09:15:00,NSE:JYOTISTRUC,14.3,14.3,14.0800004,14.25,31305.0
2004-08-05 09:15:00,NSE:JYOTISTRUC,14.2,16.0,14.0199996,15.6199996,494760.0
2004-08-06 09:15:00,NSE:JYOTISTRUC,17.0,17.0,14.9399994,15.0899994,181480.0
2004-08-09 09:15:00,NSE:JYOTISTRUC,14.6,15.0399994,14.4199996,14.9199996,51660.0
2004-08-10 09:15:00,NSE:JYOTISTRUC,15.3800004,16.3800004,15.3,16.1399994,534255.0
2004-08-11 09:15:00,NSE:JYOTISTRUC,16.45,16.45,14.7199996,14.9,247970.0
2004-08-12 09:15:00,NSE:JYOTISTRUC,14.9800004,15.0,14.2800004,14.3899994,100870.0
2004-08-13 09:15:00,NSE:JYOTISTRUC,14.2,15.05,14.2,14.8800004,115795.0
2004-08-16 09:15:00,NSE:JYOTISTRUC,15.3800004,15.8,14.5,15.6600006,115645.0
2004-08-17 09:15:00,NSE:JYOTISTRUC,16.3,16.6,15.6,15.7,73085.0
2004-08-18 09:15:00,NSE:JYOTISTRUC,16.0,16.0,15.4,15.4800004,10055.0
2004-08-19 09:15:00,NSE:JYOTISTRUC,15.9,15.9,15.4,15.4600006,13705.0
2004-08-20 09:15:00,NSE:JYOTISTRUC,15.4,15.4,15.1,15.2100006,42370.0
2004-08-23 09:15:00,NSE:JYOTISTRUC,15.1,15.6,14.95,15.0,59745.0
2004-08-24 09:15:00,NSE:JYOTISTRUC,14.9800004,15.4100006,14.7600006,15.2800004,22855.0
2004-08-25 09:15:00,NSE:JYOTISTRUC,15.4399994,15.8199996,15.1300004,15.5800004,41545.0
2004-08-26 09:15:00,NSE:JYOTISTRUC,15.9800004,17.0,15.9800004,16.4100006,554550.0
2004-08-27 09:15:00,NSE:JYOTISTRUC,16.9199996,17.6,16.8800004,17.15,483890.0
2004-08-30 09:15:00,NSE:JYOTISTRUC,17.2899994,18.2300004,17.0399994,17.6399994,570040.0
2004-08-31 09:15:00,NSE:JYOTISTRUC,18.0,18.2,17.4,17.9800004,237465.0
2004-09-01 09:15:00,NSE:JYOTISTRUC,18.8,18.8600006,17.8699996,18.0800004,509195.0
2004-09-02 09:15:00,NSE:JYOTISTRUC,18.0,18.35,16.6,17.2399994,332495.0
2004-09-03 09:15:00,NSE:JYOTISTRUC,17.7800004,18.4800004,17.1800004,18.1,605335.0
2004-09-06 09:15:00,NSE:JYOTISTRUC,18.35,20.08,18.2199996,19.7800004,1019870.0
2004-09-07 09:15:00,NSE:JYOTISTRUC,20.2,20.78,19.55,19.6800004,795400.0
2004-09-08 09:15:00,NSE:JYOTISTRUC,19.8199996,19.9899994,19.0,19.1300004,227010.0
2004-09-09 09:15:00,NSE:JYOTISTRUC,19.4899994,19.6,18.4100006,18.8800004,204315.0
2004-09-10 09:15:00,NSE:JYOTISTRUC,19.3600006,19.4,18.6199996,18.8,144445.0
2004-09-13 09:15:00,NSE:JYOTISTRUC,18.9800004,19.4,18.8100006,19.0600006,238870.0
2004-09-14 09:15:00,NSE:JYOTISTRUC,18.8899994,19.0,18.25,18.4300004,113345.0
2004-09-15 09:15:00,NSE:JYOTISTRUC,18.55,18.5600006,18.0199996,18.2300004,119930.0
2004-09-16 09:15:00,NSE:JYOTISTRUC,18.7399994,20.19,18.2,19.8699996,563595.0
2004-09-17 09:15:00,NSE:JYOTISTRUC,20.2,21.17,20.01,20.29,756865.0
2004-09-20 09:15:00,NSE:JYOTISTRUC,20.68,21.5,20.15,20.35,1019640.0
2004-09-21 09:15:00,NSE:JYOTISTRUC,20.56,21.5,20.5,20.65,817930.0
2004-09-22 09:15:00,NSE:JYOTISTRUC,20.96,21.09,20.27,20.42,533655.0
2004-09-23 09:15:00,NSE:JYOTISTRUC,20.47,20.58,19.7,19.8100006,201325.0
2004-09-24 09:15:00,NSE:JYOTISTRUC,19.9800004,20.4,19.6199996,19.6899994,141920.0
2004-09-27 09:15:00,NSE:JYOTISTRUC,19.8,20.2,19.7,19.8899994,156745.0
2004-09-28 09:15:00,NSE:JYOTISTRUC,20.14,20.16,19.5600006,19.6399994,62775.0
2004-09-29 09:15:00,NSE:JYOTISTRUC,19.4199996,20.05,19.4199996,19.85,108170.0
2004-09-30 09:15:00,NSE:JYOTISTRUC,20.38,21.0,19.8,20.72,345775.0
2004-10-01 09:15:00,NSE:JYOTISTRUC,20.32,20.8,20.0,20.13,142960.0
2004-10-04 09:15:00,NSE:JYOTISTRUC,20.2,21.66,20.1,21.29,601920.0
2004-10-05 09:15:00,NSE:JYOTISTRUC,21.56,22.17,21.2,21.68,649435.0
2004-10-06 09:15:00,NSE:JYOTISTRUC,21.78,21.81,20.6,20.98,325660.0
2004-10-07 09:15:00,NSE:JYOTISTRUC,20.3,21.54,20.3,21.24,217330.0
2004-10-08 09:15:00,NSE:JYOTISTRUC,21.4,21.5,20.8,20.89,163595.0
2004-10-11 09:15:00,NSE:JYOTISTRUC,21.4,21.98,21.0,21.03,177965.0
2004-10-12 09:15:00,NSE:JYOTISTRUC,21.22,21.4,20.36,20.52,152620.0
2004-10-14 09:15:00,NSE:JYOTISTRUC,21.6,21.6,20.3,20.58,46510.0
2004-10-15 09:15:00,NSE:JYOTISTRUC,20.7,20.88,20.45,20.52,53880.0
2004-10-18 09:15:00,NSE:JYOTISTRUC,21.0,21.0,20.3,20.49,71470.0
2004-10-19 09:15:00,NSE:JYOTISTRUC,20.36,21.81,20.36,21.11,503380.0
2004-10-20 09:15:00,NSE:JYOTISTRUC,21.36,21.96,20.56,20.86,484565.0
2004-10-21 09:15:00,NSE:JYOTISTRUC,20.96,21.0,20.5,20.7,115255.0
2004-10-25 09:15:00,NSE:JYOTISTRUC,20.8,20.96,20.4,20.53,104500.0
2004-10-26 09:15:00,NSE:JYOTISTRUC,20.4,20.6,20.3,20.43,41615.0
2004-10-27 09:15:00,NSE:JYOTISTRUC,20.45,20.75,20.2,20.32,78665.0
2004-10-28 09:15:00,NSE:JYOTISTRUC,20.6,22.62,20.41,21.89,653315.0
2004-10-29 09:15:00,NSE:JYOTISTRUC,21.75,22.0,20.23,20.47,450150.0
2004-11-01 09:15:00,NSE:JYOTISTRUC,21.34,21.34,20.13,20.24,142890.0
2004-11-02 09:15:00,NSE:JYOTISTRUC,20.4,21.4,20.4,20.86,333095.0
2004-11-03 09:15:00,NSE:JYOTISTRUC,20.86,21.68,20.42,20.74,303835.0
2004-11-04 09:15:00,NSE:JYOTISTRUC,21.28,21.46,20.8,20.95,439065.0
2004-11-05 09:15:00,NSE:JYOTISTRUC,21.0,22.48,20.82,22.01,778995.0
2004-11-08 09:15:00,NSE:JYOTISTRUC,22.2,23.12,21.85,22.0,806610.0
2004-11-09 09:15:00,NSE:JYOTISTRUC,22.1,22.1,21.14,21.26,166540.0
2004-11-10 09:15:00,NSE:JYOTISTRUC,21.58,21.71,21.03,21.19,164625.0
2004-11-11 09:15:00,NSE:JYOTISTRUC,21.4,24.0,20.84,23.52,1514750.0
2004-11-12 09:15:00,NSE:JYOTISTRUC,23.78,25.54,23.78,25.15,1242255.0
2004-11-16 09:15:00,NSE:JYOTISTRUC,25.48,25.6,23.83,24.27,1012125.0
2004-11-17 09:15:00,NSE:JYOTISTRUC,25.4,29.129998,25.4,29.129998,2872815.0
2004-11-18 09:15:00,NSE:JYOTISTRUC,30.96,32.29,29.079998,29.4,5259575.0
2004-11-19 09:15:00,NSE:JYOTISTRUC,29.5,29.5,27.3,27.729998,1501740.0
2004-11-22 09:15:00,NSE:JYOTISTRUC,27.8,29.06,26.21,28.56,2447460.0
2004-11-23 09:15:00,NSE:JYOTISTRUC,28.94,31.479998,28.8,29.76,3134050.0
2004-11-24 09:15:00,NSE:JYOTISTRUC,30.2,30.520002,29.0,29.1,1060265.0
2004-11-25 09:15:00,NSE:JYOTISTRUC,29.16,29.96,27.479998,27.9,705400.0
2004-11-29 09:15:00,NSE:JYOTISTRUC,28.1,28.7,27.720002,28.020002,591135.0
2004-11-30 09:15:00,NSE:JYOTISTRUC,27.970002,28.95,27.0,27.2,694795.0
2004-12-01 09:15:00,NSE:JYOTISTRUC,27.4,27.55,26.8,26.879998,367595.0
2004-12-02 09:15:00,NSE:JYOTISTRUC,27.2,27.779998,26.45,26.69,457965.0
2004-12-03 09:15:00,NSE:JYOTISTRUC,26.9,28.0,26.8,27.35,586290.0
2004-12-06 09:15:00,NSE:JYOTISTRUC,28.0,29.85,27.6,28.84,1574315.0
2004-12-07 09:15:00,NSE:JYOTISTRUC,29.420002,29.520002,28.020002,28.170002,602820.0
2004-12-08 09:15:00,NSE:JYOTISTRUC,28.3,28.8,27.479998,27.81,224230.0
2004-12-09 09:15:00,NSE:JYOTISTRUC,28.4,28.6,27.920002,28.2,179675.0
2004-12-10 09:15:00,NSE:JYOTISTRUC,28.4,30.0,28.4,29.779998,1171820.0
2004-12-13 09:15:00,NSE:JYOTISTRUC,30.0,30.7,29.7,29.81,676150.0
2004-12-14 09:15:00,NSE:JYOTISTRUC,30.0,30.429998,29.820002,30.229998,437370.0
2004-12-15 09:15:00,NSE:JYOTISTRUC,30.8,30.8,29.01,29.3,212830.0
2004-12-16 09:15:00,NSE:JYOTISTRUC,29.6,29.6,28.8,29.29,143355.0
2004-12-17 09:15:00,NSE:JYOTISTRUC,29.44,29.44,28.4,28.6,142380.0
2004-12-20 09:15:00,NSE:JYOTISTRUC,29.2,29.3,28.31,28.479998,138865.0
2004-12-21 09:15:00,NSE:JYOTISTRUC,28.9,29.170002,28.4,28.56,113215.0
2004-12-22 09:15:00,NSE:JYOTISTRUC,29.0,29.0,27.720002,27.91,94110.0
2004-12-23 09:15:00,NSE:JYOTISTRUC,28.2,29.679998,28.1,28.679998,396740.0
2004-12-24 09:15:00,NSE:JYOTISTRUC,29.0,29.06,28.4,28.55,101065.0
2004-12-27 09:15:00,NSE:JYOTISTRUC,28.8,29.0,28.0,28.26,154515.0
2004-12-28 09:15:00,NSE:JYOTISTRUC,28.6,28.979998,28.0,28.06,146620.0
2004-12-29 09:15:00,NSE:JYOTISTRUC,28.56,30.66,27.76,30.329998,2786020.0
2004-12-30 09:15:00,NSE:JYOTISTRUC,31.279998,31.279998,28.779998,29.429998,1089345.0
2004-12-31 09:15:00,NSE:JYOTISTRUC,29.79,30.0,29.170002,29.770002,299510.0
2005-01-03 09:15:00,NSE:JYOTISTRUC,30.0,30.14,29.1,29.3,176850.0
2005-01-04 09:15:00,NSE:JYOTISTRUC,29.4,29.4,28.4,28.61,212530.0
2005-01-05 09:15:00,NSE:JYOTISTRUC,31.6,31.6,27.420002,28.170002,209885.0
2005-01-06 09:15:00,NSE:JYOTISTRUC,27.429998,28.579998,26.6,27.720002,114510.0
2005-01-07 09:15:00,NSE:JYOTISTRUC,27.3,28.2,27.3,27.620002,58940.0
2005-01-10 09:15:00,NSE:JYOTISTRUC,28.0,28.4,26.420002,26.95,94100.0
2005-01-11 09:15:00,NSE:JYOTISTRUC,27.620002,27.64,26.2,26.39,185265.0
2005-01-12 09:15:00,NSE:JYOTISTRUC,26.0,26.670002,24.96,25.03,228225.0
2005-01-13 09:15:00,NSE:JYOTISTRUC,25.42,26.0,24.62,25.14,167480.0
2005-01-14 09:15:00,NSE:JYOTISTRUC,25.879998,25.879998,24.42,24.83,93620.0
2005-01-17 09:15:00,NSE:JYOTISTRUC,25.18,25.4,24.0,25.23,73655.0
2005-01-18 09:15:00,NSE:JYOTISTRUC,25.4,25.8,25.2,25.28,76145.0
2005-01-19 09:15:00,NSE:JYOTISTRUC,25.4,25.56,24.5,24.64,125710.0
2005-01-20 09:15:00,NSE:JYOTISTRUC,25.27,25.27,24.21,24.31,79425.0
2005-01-24 09:15:00,NSE:JYOTISTRUC,23.8,25.0,23.0,23.76,69085.0
2005-01-25 09:15:00,NSE:JYOTISTRUC,23.2,24.99,22.99,24.3,328205.0
2005-01-27 09:15:00,NSE:JYOTISTRUC,24.42,25.4,24.18,24.94,237190.0
2005-01-28 09:15:00,NSE:JYOTISTRUC,25.6,26.8,25.2,25.979998,570635.0
2005-01-31 09:15:00,NSE:JYOTISTRUC,26.8,27.879998,26.020002,27.429998,305275.0
2005-02-01 09:15:00,NSE:JYOTISTRUC,27.5,28.4,27.4,27.89,256275.0
2005-02-02 09:15:00,NSE:JYOTISTRUC,27.3,31.99,27.3,31.4,2430585.0
2005-02-03 09:15:00,NSE:JYOTISTRUC,31.4,33.6,31.120002,31.51,1579705.0
2005-02-04 09:15:00,NSE:JYOTISTRUC,31.6,33.5,30.379998,33.06,1520325.0
2005-02-07 09:15:00,NSE:JYOTISTRUC,33.7,34.579998,32.31,32.529998,1158040.0
2005-02-08 09:15:00,NSE:JYOTISTRUC,32.8,34.4,31.6,33.979998,1379895.0
2005-02-09 09:15:00,NSE:JYOTISTRUC,34.79,36.44,33.8,35.24,1351555.0
2005-02-10 09:15:00,NSE:JYOTISTRUC,35.679998,35.679998,33.8,34.19,373840.0
2005-02-11 09:15:00,NSE:JYOTISTRUC,34.1,35.19,33.2,33.7,403965.0
2005-02-14 09:15:00,NSE:JYOTISTRUC,33.7,34.4,33.0,33.279998,239695.0
2005-02-15 09:15:00,NSE:JYOTISTRUC,33.279998,33.370002,31.66,31.91,394740.0
2005-02-16 09:15:00,NSE:JYOTISTRUC,32.4,33.0,31.65,31.91,354840.0
2005-02-17 09:15:00,NSE:JYOTISTRUC,32.4,34.09,31.6,33.71,359505.0
2005-02-18 09:15:00,NSE:JYOTISTRUC,33.4,34.679998,32.520002,32.86,400560.0
2005-02-21 09:15:00,NSE:JYOTISTRUC,33.19,33.579998,32.2,32.96,263095.0
2005-02-22 09:15:00,NSE:JYOTISTRUC,32.89,35.0,32.89,34.629998,795715.0
2005-02-23 09:15:00,NSE:JYOTISTRUC,34.9,35.179998,33.86,34.16,569645.0
2005-02-24 09:15:00,NSE:JYOTISTRUC,34.54,36.4,34.220002,35.24,1355870.0
2005-02-25 09:15:00,NSE:JYOTISTRUC,35.579998,36.8,35.19,35.36,1082570.0
2005-02-28 09:15:00,NSE:JYOTISTRUC,35.8,36.5,35.020002,35.3,777950.0
2005-03-01 09:15:00,NSE:JYOTISTRUC,35.7,37.36,34.220002,34.35,1639430.0
2005-03-02 09:15:00,NSE:JYOTISTRUC,35.0,35.420002,34.120002,34.379998,491805.0
2005-03-03 09:15:00,NSE:JYOTISTRUC,34.929998,35.8,34.8,35.570002,567920.0
2005-03-04 09:15:00,NSE:JYOTISTRUC,35.979998,37.879998,34.96,36.76,1739465.0
2005-03-07 09:15:00,NSE:JYOTISTRUC,37.5,38.179998,36.6,37.320002,1065730.0
2005-03-08 09:15:00,NSE:JYOTISTRUC,37.979998,39.19,37.2,38.6,1961250.0
2005-03-09 09:15:00,NSE:JYOTISTRUC,39.0,40.36,37.2,37.54,1996050.0
2005-03-10 09:15:00,NSE:JYOTISTRUC,38.0,38.979998,37.029998,38.15,850350.0
2005-03-11 09:15:00,NSE:JYOTISTRUC,38.529998,38.7,36.420002,36.91,641920.0
2005-03-14 09:15:00,NSE:JYOTISTRUC,36.0,37.61,35.720002,36.19,490515.0
2005-03-15 09:15:00,NSE:JYOTISTRUC,36.54,36.8,36.0,36.31,352640.0
2005-03-16 09:15:00,NSE:JYOTISTRUC,36.36,37.31,36.36,37.070002,326145.0
2005-03-17 09:15:00,NSE:JYOTISTRUC,37.579998,37.579998,35.0,35.570002,252840.0
2005-03-18 09:15:00,NSE:JYOTISTRUC,35.6,35.6,33.65,35.09,371275.0
2005-03-21 09:15:00,NSE:JYOTISTRUC,35.24,35.379998,32.8,33.270002,249015.0
2005-03-22 09:15:00,NSE:JYOTISTRUC,33.270002,34.04,32.45,33.06,327460.0
2005-03-23 09:15:00,NSE:JYOTISTRUC,32.829998,34.0,31.24,31.779998,346580.0
2005-03-24 09:15:00,NSE:JYOTISTRUC,31.99,32.579998,30.870002,31.09,424685.0
2005-03-28 09:15:00,NSE:JYOTISTRUC,31.2,33.8,31.2,32.46,363905.0
2005-03-29 09:15:00,NSE:JYOTISTRUC,32.79,32.79,30.9,31.25,305080.0
2005-03-30 09:15:00,NSE:JYOTISTRUC,31.770002,33.55,31.4,32.91,281140.0
2005-03-31 09:15:00,NSE:JYOTISTRUC,33.020002,34.89,33.020002,33.9,404160.0
2005-04-01 09:15:00,NSE:JYOTISTRUC,34.3,35.56,33.84,34.84,465385.0
2005-04-04 09:15:00,NSE:JYOTISTRUC,35.520002,36.279998,34.4,35.470002,377825.0
2005-04-05 09:15:00,NSE:JYOTISTRUC,35.6,36.1,34.6,34.96,266350.0
2005-04-06 09:15:00,NSE:JYOTISTRUC,35.39,38.7,35.04,37.820002,1893095.0
2005-04-07 09:15:00,NSE:JYOTISTRUC,38.8,39.3,37.320002,37.679998,1190945.0
2005-04-08 09:15:00,NSE:JYOTISTRUC,38.16,38.16,36.3,36.620002,334445.0
2005-04-11 09:15:00,NSE:JYOTISTRUC,36.879998,36.879998,35.41,36.229998,246015.0
2005-04-12 09:15:00,NSE:JYOTISTRUC,36.56,36.579998,35.429998,35.720002,164540.0
2005-04-13 09:15:00,NSE:JYOTISTRUC,36.2,37.0,36.04,36.59,429350.0
2005-04-15 09:15:00,NSE:JYOTISTRUC,36.5,36.879998,35.2,35.729998,342275.0
2005-04-18 09:15:00,NSE:JYOTISTRUC,35.0,35.3,30.0,34.06,276580.0
2005-04-19 09:15:00,NSE:JYOTISTRUC,34.770002,35.979998,34.0,34.179998,244385.0
2005-04-20 09:15:00,NSE:JYOTISTRUC,34.679998,35.2,33.829998,34.8,151495.0
2005-04-21 09:15:00,NSE:JYOTISTRUC,31.0,36.9,31.0,36.04,698315.0
2005-04-22 09:15:00,NSE:JYOTISTRUC,36.6,37.2,36.46,36.770002,466920.0
2005-04-25 09:15:00,NSE:JYOTISTRUC,36.5,36.5,35.679998,35.81,195495.0
2005-04-26 09:15:00,NSE:JYOTISTRUC,36.04,37.379998,36.04,36.36,275100.0
2005-04-27 09:15:00,NSE:JYOTISTRUC,36.520002,36.66,35.3,35.59,149270.0
2005-04-28 09:15:00,NSE:JYOTISTRUC,35.7,36.39,35.5,35.81,120070.0
2005-04-29 09:15:00,NSE:JYOTISTRUC,35.470002,35.620002,34.2,34.879998,113240.0
2005-05-02 09:15:00,NSE:JYOTISTRUC,34.8,35.54,33.720002,34.0,151975.0
2005-05-03 09:15:00,NSE:JYOTISTRUC,34.2,34.8,34.2,34.379998,125355.0
2005-05-04 09:15:00,NSE:JYOTISTRUC,34.8,36.05,34.5,35.81,297970.0
2005-05-05 09:15:00,NSE:JYOTISTRUC,36.35,36.8,35.620002,36.16,375985.0
2005-05-06 09:15:00,NSE:JYOTISTRUC,36.2,36.2,34.8,35.679998,128810.0
2005-05-09 09:15:00,NSE:JYOTISTRUC,35.8,37.2,35.8,36.870002,354260.0
2005-05-10 09:15:00,NSE:JYOTISTRUC,37.0,38.970002,36.5,37.86,1118960.0
2005-05-11 09:15:00,NSE:JYOTISTRUC,37.6,39.4,37.0,38.41,1235315.0
2005-05-12 09:15:00,NSE:JYOTISTRUC,38.5,38.84,37.629998,38.01,314690.0
2005-05-13 09:15:00,NSE:JYOTISTRUC,38.020002,41.79,38.0,41.34,2496885.0
2005-05-16 09:15:00,NSE:JYOTISTRUC,42.0,42.66,41.04,41.31,1152495.0
2005-05-17 09:15:00,NSE:JYOTISTRUC,41.420002,42.4,39.45,40.0,1705055.0
2005-05-18 09:15:00,NSE:JYOTISTRUC,40.0,41.1,39.5,40.4,810110.0
2005-05-19 09:15:00,NSE:JYOTISTRUC,40.94,41.779998,40.629998,40.94,549375.0
2005-05-20 09:15:00,NSE:JYOTISTRUC,41.1,41.34,40.020002,40.279998,333360.0
2005-05-23 09:15:00,NSE:JYOTISTRUC,40.79,41.96,40.3,41.420002,403635.0
2005-05-24 09:15:00,NSE:JYOTISTRUC,42.0,42.59,41.4,41.6,709215.0
2005-05-25 09:15:00,NSE:JYOTISTRUC,41.8,43.74,41.420002,42.95,1507160.0
2005-05-26 09:15:00,NSE:JYOTISTRUC,43.54,44.76,40.470002,41.3,1560225.0
2005-05-27 09:15:00,NSE:JYOTISTRUC,41.54,41.879998,39.26,39.76,920340.0
2005-05-30 09:15:00,NSE:JYOTISTRUC,40.279998,40.4,38.4,39.270002,551105.0
2005-05-31 09:15:00,NSE:JYOTISTRUC,39.720002,40.479998,38.8,40.079998,409210.0
2005-06-01 09:15:00,NSE:JYOTISTRUC,40.979998,41.370002,40.31,40.95,334015.0
2005-06-02 09:15:00,NSE:JYOTISTRUC,41.5,41.94,40.3,40.54,404985.0
2005-06-03 09:15:00,NSE:JYOTISTRUC,41.120002,41.120002,40.25,40.45,161895.0
2005-06-06 09:15:00,NSE:JYOTISTRUC,40.8,41.34,40.7,41.029998,225640.0
2005-06-07 09:15:00,NSE:JYOTISTRUC,41.54,43.0,40.74,41.570002,743530.0
2005-06-08 09:15:00,NSE:JYOTISTRUC,41.94,42.2,41.0,41.5,355490.0
2005-06-09 09:15:00,NSE:JYOTISTRUC,41.6,42.8,41.1,42.19,550455.0
2005-06-10 09:15:00,NSE:JYOTISTRUC,42.74,42.95,41.24,41.71,212560.0
2005-06-13 09:15:00,NSE:JYOTISTRUC,41.9,42.0,40.820002,41.8,231175.0
2005-06-14 09:15:00,NSE:JYOTISTRUC,41.7,41.879998,41.429998,41.61,155275.0
2005-06-15 09:15:00,NSE:JYOTISTRUC,41.86,42.36,40.3,40.74,174380.0
2005-06-16 09:15:00,NSE:JYOTISTRUC,41.0,41.2,39.41,39.579998,226065.0
2005-06-17 09:15:00,NSE:JYOTISTRUC,39.820002,40.29,37.2,39.5,334450.0
2005-06-20 09:15:00,NSE:JYOTISTRUC,40.779998,40.779998,38.4,38.929998,322720.0
2005-06-21 09:15:00,NSE:JYOTISTRUC,39.020002,40.4,38.8,39.89,202115.0
2005-06-22 09:15:00,NSE:JYOTISTRUC,40.8,40.8,39.1,39.420002,184140.0
2005-06-23 09:15:00,NSE:JYOTISTRUC,39.6,40.7,39.2,40.1,222880.0
2005-06-24 09:15:00,NSE:JYOTISTRUC,40.2,40.779998,39.4,39.720002,322500.0
2005-06-27 09:15:00,NSE:JYOTISTRUC,40.3,41.0,39.6,39.84,252165.0
2005-06-28 09:15:00,NSE:JYOTISTRUC,40.479998,40.479998,38.8,39.029998,159315.0
2005-06-29 09:15:00,NSE:JYOTISTRUC,39.69,39.69,37.1,37.54,343470.0
2005-06-30 09:15:00,NSE:JYOTISTRUC,37.54,38.7,37.54,37.779998,199400.0
2005-07-01 09:15:00,NSE:JYOTISTRUC,38.05,45.34,38.0,45.34,3754525.0
2005-07-04 09:15:00,NSE:JYOTISTRUC,46.0,47.9,44.01,44.56,3611535.0
2005-07-05 09:15:00,NSE:JYOTISTRUC,44.879998,47.29,43.64,44.879998,3884760.0
2005-07-06 09:15:00,NSE:JYOTISTRUC,45.3,46.7,45.0,45.820002,1516000.0
2005-07-07 09:15:00,NSE:JYOTISTRUC,46.1,47.4,44.5,45.379998,1909385.0
2005-07-08 09:15:00,NSE:JYOTISTRUC,46.0,54.459998,45.8,54.429998,9998430.0
2005-07-11 09:15:00,NSE:JYOTISTRUC,53.779998,53.779998,48.86,50.829998,8842330.0
2005-07-12 09:15:00,NSE:JYOTISTRUC,50.4,50.4,46.84,48.570002,2512505.0
2005-07-13 09:15:00,NSE:JYOTISTRUC,49.370002,49.679998,47.41,47.820002,1649910.0
2005-07-14 09:15:00,NSE:JYOTISTRUC,48.0,49.4,47.0,47.34,1067310.0
2005-07-15 09:15:00,NSE:JYOTISTRUC,47.66,51.970002,47.5,50.21,3078060.0
2005-07-18 09:15:00,NSE:JYOTISTRUC,49.079998,50.879998,45.179998,49.19,819105.0
2005-07-19 09:15:00,NSE:JYOTISTRUC,48.2,50.8,48.2,49.44,720045.0
2005-07-20 09:15:00,NSE:JYOTISTRUC,49.879998,49.879998,47.74,47.99,258925.0
2005-07-21 09:15:00,NSE:JYOTISTRUC,48.679998,50.2,48.4,48.770002,550045.0
2005-07-22 09:15:00,NSE:JYOTISTRUC,49.2,51.8,48.21,49.76,1202730.0
2005-07-25 09:15:00,NSE:JYOTISTRUC,49.6,50.179998,48.829998,49.21,291410.0
2005-07-26 09:15:00,NSE:JYOTISTRUC,49.99,51.15,49.220002,49.570002,809550.0
2005-07-27 09:15:00,NSE:JYOTISTRUC,48.820002,50.6,48.45,49.55,368840.0
2005-07-29 09:15:00,NSE:JYOTISTRUC,49.3,50.079998,47.4,47.929998,217365.0
2005-08-01 09:15:00,NSE:JYOTISTRUC,48.36,48.96,47.2,47.779998,315230.0
2005-08-02 09:15:00,NSE:JYOTISTRUC,48.370002,49.74,48.0,49.320002,471100.0
2005-08-03 09:15:00,NSE:JYOTISTRUC,49.979998,51.340002,49.2,50.020002,835010.0
2005-08-04 09:15:00,NSE:JYOTISTRUC,50.020002,55.390002,49.3,53.409998,3407715.0
2005-08-05 09:15:00,NSE:JYOTISTRUC,53.509998,57.279998,51.640002,54.729998,4360885.0
2005-08-08 09:15:00,NSE:JYOTISTRUC,54.809998,55.75,52.059998,52.570002,1501715.0
2005-08-09 09:15:00,NSE:JYOTISTRUC,52.0,54.9,52.0,52.85,1276855.0
2005-08-10 09:15:00,NSE:JYOTISTRUC,53.579998,58.679998,53.2,57.959998,3075885.0
2005-08-11 09:15:00,NSE:JYOTISTRUC,58.979998,60.579998,57.470002,58.109998,1575310.0
2005-08-12 09:15:00,NSE:JYOTISTRUC,57.220002,61.009998,56.9,57.95,1419800.0
2005-08-16 09:15:00,NSE:JYOTISTRUC,58.509998,59.179998,56.0,56.3,848805.0
2005-08-17 09:15:00,NSE:JYOTISTRUC,56.45,59.120002,56.209998,57.509998,870665.0
2005-08-18 09:15:00,NSE:JYOTISTRUC,57.8,58.659998,56.240002,56.570002,599920.0
2005-08-19 09:15:00,NSE:JYOTISTRUC,57.059998,57.679998,56.409998,57.370002,474940.0
2005-08-22 09:15:00,NSE:JYOTISTRUC,57.890002,58.35,56.079998,56.470002,265630.0
2005-08-23 09:15:00,NSE:JYOTISTRUC,57.079998,57.079998,53.409998,54.079998,295820.0
2005-08-24 09:15:00,NSE:JYOTISTRUC,54.2,54.579998,51.220002,52.479998,305910.0
2005-08-25 09:15:00,NSE:JYOTISTRUC,53.4,53.879998,52.6,53.440002,264630.0
2005-08-26 09:15:00,NSE:JYOTISTRUC,53.779998,54.9,53.6,54.440002,228300.0
2005-08-29 09:15:00,NSE:JYOTISTRUC,54.479998,54.790002,53.2,54.029998,99320.0
2005-08-30 09:15:00,NSE:JYOTISTRUC,54.520002,55.979998,54.25,55.070002,168205.0
2005-08-31 09:15:00,NSE:JYOTISTRUC,55.579998,58.840002,54.3,57.15,689065.0
2005-09-01 09:15:00,NSE:JYOTISTRUC,57.6,62.479998,57.6,59.629998,2138155.0
2005-09-02 09:15:00,NSE:JYOTISTRUC,60.209998,61.0,58.420002,59.309998,574400.0
2005-09-05 09:15:00,NSE:JYOTISTRUC,59.75,60.779998,58.4,59.05,252595.0
2005-09-06 09:15:00,NSE:JYOTISTRUC,59.2,59.2,58.020002,58.470002,252915.0
2005-09-08 09:15:00,NSE:JYOTISTRUC,58.0,59.559998,58.0,58.3,115200.0
2005-09-09 09:15:00,NSE:JYOTISTRUC,58.8,58.8,57.329998,57.879998,203210.0
2005-09-12 09:15:00,NSE:JYOTISTRUC,58.0,58.6,57.020002,58.270002,138555.0
2005-09-13 09:15:00,NSE:JYOTISTRUC,58.0,58.95,57.8,58.65,88925.0
2005-09-14 09:15:00,NSE:JYOTISTRUC,57.8,60.779998,57.8,60.3,523495.0
2005-09-15 09:15:00,NSE:JYOTISTRUC,60.940002,64.359998,60.940002,62.370002,1300990.0
2005-09-16 09:15:00,NSE:JYOTISTRUC,63.4,63.640002,60.459998,61.3,289815.0
2005-09-19 09:15:00,NSE:JYOTISTRUC,62.0,62.0,59.859998,60.479998,136325.0
2005-09-20 09:15:00,NSE:JYOTISTRUC,60.2,60.5,58.429998,59.3,288190.0
2005-09-21 09:15:00,NSE:JYOTISTRUC,58.979998,58.979998,53.0,56.940002,295165.0
2005-09-22 09:15:00,NSE:JYOTISTRUC,56.009998,56.979998,52.0,52.690002,235330.0
2005-09-23 09:15:00,NSE:JYOTISTRUC,53.2,57.359998,51.0,55.940002,257950.0
2005-09-26 09:15:00,NSE:JYOTISTRUC,56.679998,59.959998,55.4,59.390002,250980.0
2005-09-27 09:15:00,NSE:JYOTISTRUC,59.390002,60.0,57.6,58.159998,236565.0
2005-09-28 09:15:00,NSE:JYOTISTRUC,58.740002,59.020002,57.2,57.729998,407410.0
2005-09-29 09:15:00,NSE:JYOTISTRUC,58.0,58.0,55.0,55.490002,150875.0
2005-09-30 09:15:00,NSE:JYOTISTRUC,56.0,56.7,54.6,54.9,246290.0
2005-10-03 09:15:00,NSE:JYOTISTRUC,55.479998,58.379998,55.459998,56.940002,380720.0
2005-10-04 09:15:00,NSE:JYOTISTRUC,57.479998,57.920002,55.079998,55.990002,567355.0
2005-10-05 09:15:00,NSE:JYOTISTRUC,56.479998,57.2,54.8,55.820002,272030.0
2005-10-06 09:15:00,NSE:JYOTISTRUC,55.0,55.9,54.0,55.020002,301565.0
2005-10-07 09:15:00,NSE:JYOTISTRUC,55.1,56.4,54.8,55.929998,141920.0
2005-10-10 09:15:00,NSE:JYOTISTRUC,56.120002,56.6,54.029998,54.529998,99345.0
2005-10-11 09:15:00,NSE:JYOTISTRUC,55.0,55.0,53.0,53.859998,138070.0
2005-10-13 09:15:00,NSE:JYOTISTRUC,53.6,54.2,53.3,53.370002,76340.0
2005-10-14 09:15:00,NSE:JYOTISTRUC,52.140002,53.179998,51.609998,51.920002,43615.0
2005-10-17 09:15:00,NSE:JYOTISTRUC,52.0,53.040002,48.04,52.609998,203700.0
2005-10-18 09:15:00,NSE:JYOTISTRUC,52.65,54.0,49.6,50.879998,85805.0
2005-10-19 09:15:00,NSE:JYOTISTRUC,50.4,51.970002,48.4,49.06,85220.0
2005-10-20 09:15:00,NSE:JYOTISTRUC,50.6,52.970002,50.4,51.979998,252690.0
2005-10-21 09:15:00,NSE:JYOTISTRUC,50.8,52.8,50.01,52.170002,79440.0
2005-10-24 09:15:00,NSE:JYOTISTRUC,53.379998,62.040002,52.2,52.759998,122760.0
2005-10-25 09:15:00,NSE:JYOTISTRUC,52.759998,54.0,50.4,51.06,49445.0
2005-10-26 09:15:00,NSE:JYOTISTRUC,53.6,53.6,50.4,50.829998,31990.0
2005-10-27 09:15:00,NSE:JYOTISTRUC,51.020002,51.520002,49.0,49.129998,32780.0
2005-10-28 09:15:00,NSE:JYOTISTRUC,47.21,50.0,41.11,48.39,72710.0
2005-10-31 09:15:00,NSE:JYOTISTRUC,49.9,51.970002,48.36,51.14,216030.0
2005-11-01 09:15:00,NSE:JYOTISTRUC,54.0,54.0,50.0,50.970002,15480.0
2005-11-02 09:15:00,NSE:JYOTISTRUC,52.8,52.8,48.4,51.929998,34005.0
2005-11-07 09:15:00,NSE:JYOTISTRUC,52.4,54.2,52.2,53.75,38590.0
2005-11-08 09:15:00,NSE:JYOTISTRUC,53.4,54.579998,52.8,54.079998,50390.0
2005-11-09 09:15:00,NSE:JYOTISTRUC,54.4,54.4,52.6,52.729998,40105.0
2005-11-10 09:15:00,NSE:JYOTISTRUC,52.740002,54.2,52.6,53.920002,26945.0
2005-11-11 09:15:00,NSE:JYOTISTRUC,53.920002,55.640002,53.420002,55.059998,117525.0
2005-11-14 09:15:00,NSE:JYOTISTRUC,55.6,57.679998,54.929998,55.690002,201385.0
2005-11-16 09:15:00,NSE:JYOTISTRUC,55.809998,56.370002,55.0,55.709998,77665.0
2005-11-17 09:15:00,NSE:JYOTISTRUC,57.840002,58.2,55.2,57.209998,272745.0
2005-11-18 09:15:00,NSE:JYOTISTRUC,56.7,57.8,55.3,55.509998,102490.0
2005-11-21 09:15:00,NSE:JYOTISTRUC,56.55,56.55,53.629998,54.090002,50875.0
2005-11-22 09:15:00,NSE:JYOTISTRUC,54.340002,55.970002,53.6,54.740002,56425.0
2005-11-23 09:15:00,NSE:JYOTISTRUC,54.409998,55.609998,54.4,54.440002,14330.0
2005-11-24 09:15:00,NSE:JYOTISTRUC,55.0,55.590002,54.0,54.359998,24535.0
2005-11-25 09:15:00,NSE:JYOTISTRUC,55.0,55.6,54.5,55.190002,24550.0
2005-11-28 09:15:00,NSE:JYOTISTRUC,57.090002,57.770002,54.9,55.879998,131355.0
2005-11-29 09:15:00,NSE:JYOTISTRUC,55.2,56.8,54.879998,56.5,107575.0
2005-11-30 09:15:00,NSE:JYOTISTRUC,56.579998,57.2,56.579998,56.890002,232680.0
2005-12-01 09:15:00,NSE:JYOTISTRUC,57.0,57.590002,56.6,57.329998,54990.0
2005-12-02 09:15:00,NSE:JYOTISTRUC,57.6,57.790002,55.220002,57.009998,90195.0
2005-12-05 09:15:00,NSE:JYOTISTRUC,56.8,56.8,55.020002,55.570002,45765.0
2005-12-06 09:15:00,NSE:JYOTISTRUC,55.079998,56.8,54.979998,56.429998,22830.0
2005-12-07 09:15:00,NSE:JYOTISTRUC,56.709998,58.8,55.85,58.590002,166985.0
2005-12-08 09:15:00,NSE:JYOTISTRUC,58.8,58.8,56.6,57.590002,180570.0
2005-12-09 09:15:00,NSE:JYOTISTRUC,58.5,59.8,57.429998,58.109998,436360.0
2005-12-12 09:15:00,NSE:JYOTISTRUC,58.0,58.7,56.640002,56.929998,91940.0
2005-12-13 09:15:00,NSE:JYOTISTRUC,57.0,57.8,56.490002,57.040002,32140.0
2005-12-14 09:15:00,NSE:JYOTISTRUC,57.579998,57.579998,55.6,56.2,98515.0
2005-12-15 09:15:00,NSE:JYOTISTRUC,56.890002,56.890002,54.620002,54.9,71225.0
2005-12-16 09:15:00,NSE:JYOTISTRUC,55.1,55.990002,54.479998,55.440002,49425.0
2005-12-19 09:15:00,NSE:JYOTISTRUC,56.2,59.779998,56.0,58.640002,369475.0
2005-12-20 09:15:00,NSE:JYOTISTRUC,59.0,62.290002,58.359998,60.690002,1008245.0
2005-12-21 09:15:00,NSE:JYOTISTRUC,61.020002,63.559998,60.6,61.120002,822560.0
2005-12-22 09:15:00,NSE:JYOTISTRUC,61.8,63.9,60.670002,63.059998,818575.0
2005-12-23 09:15:00,NSE:JYOTISTRUC,63.6,64.0,59.520002,60.040002,344780.0
2005-12-26 09:15:00,NSE:JYOTISTRUC,60.4,68.440002,59.8,66.220002,3822230.0
2005-12-27 09:15:00,NSE:JYOTISTRUC,66.6,67.4,63.8,65.95,1831780.0
2005-12-28 09:15:00,NSE:JYOTISTRUC,65.979998,69.779998,64.5,68.170002,2887345.0
2005-12-29 09:15:00,NSE:JYOTISTRUC,66.8,70.179998,66.8,68.240002,986450.0
2005-12-30 09:15:00,NSE:JYOTISTRUC,68.8,69.279998,66.9,67.209998,563800.0
2006-01-02 09:15:00,NSE:JYOTISTRUC,68.15,68.9,67.590002,68.209998,285125.0
2006-01-03 09:15:00,NSE:JYOTISTRUC,68.4,70.5,67.720002,69.170002,526980.0
2006-01-04 09:15:00,NSE:JYOTISTRUC,69.159998,70.0,68.020002,68.640002,227210.0
2006-01-05 09:15:00,NSE:JYOTISTRUC,69.8,69.8,55.109998,66.479998,224005.0
2006-01-06 09:15:00,NSE:JYOTISTRUC,67.379998,67.379998,63.6,64.15,246585.0
2006-01-09 09:15:00,NSE:JYOTISTRUC,65.379998,68.540002,63.540002,67.679998,379955.0
2006-01-10 09:15:00,NSE:JYOTISTRUC,66.6,68.590002,65.25,65.840002,380905.0
2006-01-12 09:15:00,NSE:JYOTISTRUC,64.220002,68.0,64.220002,65.609998,367175.0
2006-01-13 09:15:00,NSE:JYOTISTRUC,66.740002,67.190002,64.0,64.609998,233430.0
2006-01-16 09:15:00,NSE:JYOTISTRUC,65.540002,65.8,63.609998,64.140002,135940.0
2006-01-17 09:15:00,NSE:JYOTISTRUC,64.609998,65.420002,62.059998,62.870002,151050.0
2006-01-18 09:15:00,NSE:JYOTISTRUC,63.8,63.8,61.159998,61.9,90080.0
2006-01-19 09:15:00,NSE:JYOTISTRUC,62.940002,65.8,62.940002,64.829998,207545.0
2006-01-20 09:15:00,NSE:JYOTISTRUC,65.2,68.0,65.15,66.979998,357480.0
2006-01-23 09:15:00,NSE:JYOTISTRUC,67.0,72.479998,66.6,71.259998,700930.0
2006-01-24 09:15:00,NSE:JYOTISTRUC,71.479998,74.759998,69.05,69.790002,603945.0
2006-01-25 09:15:00,NSE:JYOTISTRUC,70.4,81.790002,70.4,76.790002,2944460.0
2006-01-27 09:15:00,NSE:JYOTISTRUC,77.959998,78.879998,74.609998,75.840002,596690.0
2006-01-30 09:15:00,NSE:JYOTISTRUC,76.55,79.6,73.020002,74.870002,576955.0
2006-01-31 09:15:00,NSE:JYOTISTRUC,75.670002,78.209998,74.75,76.409998,653255.0
2006-02-01 09:15:00,NSE:JYOTISTRUC,77.359998,77.359998,74.05,74.759998,423455.0
2006-02-02 09:15:00,NSE:JYOTISTRUC,74.879998,76.979998,74.809998,76.159998,379460.0
2006-02-03 09:15:00,NSE:JYOTISTRUC,77.0,77.0,75.009998,75.979998,125185.0
2006-02-06 09:15:00,NSE:JYOTISTRUC,75.620002,80.3,75.620002,76.920002,425320.0
2006-02-07 09:15:00,NSE:JYOTISTRUC,78.2,83.040002,74.520002,75.029998,233875.0
2006-02-08 09:15:00,NSE:JYOTISTRUC,76.320002,77.790002,73.729998,74.570002,274960.0
2006-02-10 09:15:00,NSE:JYOTISTRUC,75.5,76.4,75.020002,75.620002,230270.0
2006-02-13 09:15:00,NSE:JYOTISTRUC,75.620002,77.0,74.920002,75.3,123865.0
2006-02-14 09:15:00,NSE:JYOTISTRUC,76.0,76.390002,72.9,74.109998,120895.0
2006-02-15 09:15:00,NSE:JYOTISTRUC,74.109998,75.940002,73.2,73.670002,110425.0
2006-02-16 09:15:00,NSE:JYOTISTRUC,74.4,74.759998,73.5,74.059998,111245.0
2006-02-17 09:15:00,NSE:JYOTISTRUC,75.590002,78.779998,73.020002,75.040002,458260.0
2006-02-20 09:15:00,NSE:JYOTISTRUC,76.579998,76.579998,71.259998,71.990002,249790.0
2006-02-21 09:15:00,NSE:JYOTISTRUC,73.590002,77.6,73.590002,76.329998,410120.0
2006-02-22 09:15:00,NSE:JYOTISTRUC,76.690002,77.0,74.240002,75.3,188570.0
2006-02-23 09:15:00,NSE:JYOTISTRUC,76.9,76.9,73.2,74.859998,95125.0
2006-02-24 09:15:00,NSE:JYOTISTRUC,76.6,77.0,75.05,76.070002,211825.0
2006-02-27 09:15:00,NSE:JYOTISTRUC,76.979998,76.979998,74.229998,75.729998,175330.0
2006-02-28 09:15:00,NSE:JYOTISTRUC,77.15,79.459998,74.7,75.559998,590685.0
2006-03-01 09:15:00,NSE:JYOTISTRUC,76.570002,78.2,76.009998,77.540002,332760.0
2006-03-02 09:15:00,NSE:JYOTISTRUC,79.4,81.340002,76.640002,80.5,749785.0
2006-03-03 09:15:00,NSE:JYOTISTRUC,81.9,90.5,81.6,89.2,1648220.0
2006-03-06 09:15:00,NSE:JYOTISTRUC,90.0,92.979998,87.059998,92.05,1811450.0
2006-03-07 09:15:00,NSE:JYOTISTRUC,92.440002,105.559998,91.6,98.6,2963845.0
2006-03-08 09:15:00,NSE:JYOTISTRUC,99.540002,104.959998,97.0,98.490002,2353200.0
2006-03-09 09:15:00,NSE:JYOTISTRUC,99.2,102.390002,97.2,100.209998,1071135.0
2006-03-10 09:15:00,NSE:JYOTISTRUC,101.440002,109.5,100.620002,107.219996,3404565.0
2006-03-13 09:15:00,NSE:JYOTISTRUC,108.0,117.95,107.2,113.619996,5805040.0
2006-03-14 09:15:00,NSE:JYOTISTRUC,114.569996,115.2,110.109998,111.269996,2166570.0
2006-03-16 09:15:00,NSE:JYOTISTRUC,112.340002,112.519996,109.05,109.409998,706685.0
2006-03-17 09:15:00,NSE:JYOTISTRUC,110.2,110.2,107.2,107.540002,341745.0
2006-03-20 09:15:00,NSE:JYOTISTRUC,108.980004,113.6,107.65,112.190002,801650.0
2006-03-21 09:15:00,NSE:JYOTISTRUC,113.959998,119.8,109.0,109.8,448250.0
2006-03-22 09:15:00,NSE:JYOTISTRUC,111.0,113.4,105.6,107.369996,405020.0
2006-03-23 09:15:00,NSE:JYOTISTRUC,109.380004,110.780004,107.0,107.869996,313065.0
2006-03-24 09:15:00,NSE:JYOTISTRUC,107.869996,109.959998,107.05,107.790002,382435.0
2006-03-27 09:15:00,NSE:JYOTISTRUC,109.0,110.959998,107.230004,107.669996,1510850.0
2006-03-28 09:15:00,NSE:JYOTISTRUC,109.219996,110.0,106.640002,107.990002,972930.0
2006-03-29 09:15:00,NSE:JYOTISTRUC,109.2,114.359998,108.0,112.95,425200.0
2006-03-30 09:15:00,NSE:JYOTISTRUC,114.109998,115.8,112.4,113.430004,403510.0
2006-03-31 09:15:00,NSE:JYOTISTRUC,113.8,114.4,108.2,109.209998,142775.0
2006-04-03 09:15:00,NSE:JYOTISTRUC,112.4,112.4,109.4,110.380004,132635.0
2006-04-04 09:15:00,NSE:JYOTISTRUC,111.4,114.6,108.45,113.040002,190875.0
2006-04-05 09:15:00,NSE:JYOTISTRUC,113.1,114.4,110.609998,111.240002,111870.0
2006-04-07 09:15:00,NSE:JYOTISTRUC,112.9,116.759998,109.0,115.059998,929205.0
2006-04-10 09:15:00,NSE:JYOTISTRUC,115.0,126.240002,115.0,121.859998,1048705.0
2006-04-12 09:15:00,NSE:JYOTISTRUC,122.619996,123.390002,109.740002,114.730004,1008255.0
2006-04-13 09:15:00,NSE:JYOTISTRUC,116.0,116.8,109.2,110.280004,391765.0
2006-04-17 09:15:00,NSE:JYOTISTRUC,112.180004,120.8,111.0,117.769996,777515.0
2006-04-18 09:15:00,NSE:JYOTISTRUC,119.8,123.0,110.109998,113.509998,650240.0
2006-04-19 09:15:00,NSE:JYOTISTRUC,115.4,116.519996,112.440002,113.6,220110.0
2006-04-20 09:15:00,NSE:JYOTISTRUC,116.8,118.669996,111.009998,116.1,526650.0
2006-04-21 09:15:00,NSE:JYOTISTRUC,117.880004,118.569996,112.459998,113.609998,240875.0
2006-04-24 09:15:00,NSE:JYOTISTRUC,115.6,117.0,113.219996,113.959998,159280.0
2006-04-25 09:15:00,NSE:JYOTISTRUC,115.4,115.780004,111.419996,112.280004,128040.0
2006-04-26 09:15:00,NSE:JYOTISTRUC,112.8,115.4,111.619996,114.730004,178140.0
2006-04-27 09:15:00,NSE:JYOTISTRUC,116.159998,118.4,111.6,112.380004,216475.0
2006-04-28 09:15:00,NSE:JYOTISTRUC,112.6,114.2,104.409998,112.619996,91400.0
2006-05-02 09:15:00,NSE:JYOTISTRUC,114.590002,116.190002,110.0,111.290002,110635.0
2006-05-03 09:15:00,NSE:JYOTISTRUC,113.0,114.0,110.219996,112.159998,66815.0
2006-05-04 09:15:00,NSE:JYOTISTRUC,113.969996,115.859998,111.419996,112.25,170665.0
2006-05-05 09:15:00,NSE:JYOTISTRUC,113.9,116.0,112.25,113.190002,224605.0
2006-05-08 09:15:00,NSE:JYOTISTRUC,114.0,114.559998,112.0,112.580004,57180.0
2006-05-09 09:15:00,NSE:JYOTISTRUC,113.4,115.6,112.2,114.3,135465.0
2006-05-10 09:15:00,NSE:JYOTISTRUC,115.0,116.0,112.0,113.090002,147015.0
2006-05-11 09:15:00,NSE:JYOTISTRUC,114.140002,114.140002,109.609998,110.769996,148870.0
2006-05-12 09:15:00,NSE:JYOTISTRUC,111.4,119.580004,108.9,110.690002,579315.0
2006-05-15 09:15:00,NSE:JYOTISTRUC,111.5,115.8,106.05,107.430004,380100.0
2006-05-16 09:15:00,NSE:JYOTISTRUC,110.4,110.4,96.820002,104.669996,234645.0
2006-05-17 09:15:00,NSE:JYOTISTRUC,108.019996,111.2,107.0,110.859998,128865.0
2006-05-18 09:15:00,NSE:JYOTISTRUC,110.1,110.1,99.779998,100.75,166470.0
2006-05-19 09:15:00,NSE:JYOTISTRUC,104.759998,106.0,91.009998,92.659998,142965.0
2006-05-22 09:15:00,NSE:JYOTISTRUC,93.0,95.0,83.4,88.770002,230015.0
2006-05-23 09:15:00,NSE:JYOTISTRUC,91.0,96.0,83.1,92.620002,142495.0
2006-05-24 09:15:00,NSE:JYOTISTRUC,93.620002,98.0,90.0,96.870002,145605.0
2006-05-25 09:15:00,NSE:JYOTISTRUC,99.8,99.8,95.5,97.579998,91365.0
2006-05-26 09:15:00,NSE:JYOTISTRUC,99.8,106.8,99.8,102.340002,110805.0
2006-05-29 09:15:00,NSE:JYOTISTRUC,103.369996,104.8,94.320002,103.509998,66530.0
2006-05-30 09:15:00,NSE:JYOTISTRUC,102.6,103.8,98.4,100.8,58305.0
2006-05-31 09:15:00,NSE:JYOTISTRUC,95.140002,100.0,92.9,96.809998,86595.0
2006-06-01 09:15:00,NSE:JYOTISTRUC,97.4,99.590002,88.629998,89.909998,56730.0
2006-06-02 09:15:00,NSE:JYOTISTRUC,82.3,90.2,82.0,85.759998,145710.0
2006-06-05 09:15:00,NSE:JYOTISTRUC,87.970002,88.0,80.220002,81.209998,47000.0
2006-06-06 09:15:00,NSE:JYOTISTRUC,77.8,79.8,77.15,78.0,87090.0
2006-06-07 09:15:00,NSE:JYOTISTRUC,78.4,81.6,74.1,75.829998,265430.0
2006-06-08 09:15:00,NSE:JYOTISTRUC,72.2,74.220002,72.040002,72.390002,323565.0
2006-06-09 09:15:00,NSE:JYOTISTRUC,70.209998,76.009998,69.6,76.009998,253150.0
2006-06-12 09:15:00,NSE:JYOTISTRUC,78.0,78.979998,72.4,76.65,99910.0
2006-06-13 09:15:00,NSE:JYOTISTRUC,74.8,74.8,72.820002,72.820002,101735.0
2006-06-14 09:15:00,NSE:JYOTISTRUC,72.0,74.0,69.179998,69.179998,28705.0
2006-06-15 09:15:00,NSE:JYOTISTRUC,71.8,71.879998,65.720002,68.340002,79720.0
2006-06-16 09:15:00,NSE:JYOTISTRUC,70.0,71.340002,68.0,69.070002,30730.0
2006-06-19 09:15:00,NSE:JYOTISTRUC,72.4,72.4,66.7,69.970002,27225.0
2006-06-20 09:15:00,NSE:JYOTISTRUC,68.009998,73.470002,67.95,73.390002,53790.0
2006-06-21 09:15:00,NSE:JYOTISTRUC,75.4,77.059998,73.040002,77.059998,24785.0
2006-06-22 09:15:00,NSE:JYOTISTRUC,80.920002,80.920002,80.0,80.920002,33335.0
2006-06-23 09:15:00,NSE:JYOTISTRUC,83.0,84.2,78.6,81.390002,79965.0
2006-06-26 09:15:00,NSE:JYOTISTRUC,79.020002,81.379998,76.009998,76.009998,81265.0
2006-06-27 09:15:00,NSE:JYOTISTRUC,74.0,74.2,72.209998,72.3,29210.0
2006-06-28 09:15:00,NSE:JYOTISTRUC,69.979998,73.0,68.779998,72.05,37670.0
2006-06-29 09:15:00,NSE:JYOTISTRUC,73.540002,74.770002,71.0,72.459998,90300.0
2006-06-30 09:15:00,NSE:JYOTISTRUC,75.4,76.090002,73.4,76.090002,60955.0
2006-07-03 09:15:00,NSE:JYOTISTRUC,75.4,79.0,74.2,75.490002,18120.0
2006-07-04 09:15:00,NSE:JYOTISTRUC,75.690002,79.270002,73.2,74.820002,279445.0
2006-07-05 09:15:00,NSE:JYOTISTRUC,76.2,76.2,73.8,74.709998,34265.0
2006-07-06 09:15:00,NSE:JYOTISTRUC,74.990002,75.779998,73.8,74.279998,20395.0
2006-07-07 09:15:00,NSE:JYOTISTRUC,73.790002,76.2,70.659998,71.3,28235.0
2006-07-10 09:15:00,NSE:JYOTISTRUC,73.6,73.6,70.0,70.979998,39410.0
2006-07-11 09:15:00,NSE:JYOTISTRUC,71.0,73.390002,70.3,71.4,23240.0
2006-07-12 09:15:00,NSE:JYOTISTRUC,70.220002,73.2,69.220002,72.140002,44420.0
2006-07-13 09:15:00,NSE:JYOTISTRUC,73.2,75.2,72.859998,73.570002,50925.0
2006-07-14 09:15:00,NSE:JYOTISTRUC,72.020002,74.0,70.8,73.7,47325.0
2006-07-17 09:15:00,NSE:JYOTISTRUC,73.05,74.7,71.020002,71.870002,56190.0
2006-07-18 09:15:00,NSE:JYOTISTRUC,72.009998,72.409998,68.279998,68.45,43315.0
2006-07-19 09:15:00,NSE:JYOTISTRUC,70.790002,71.0,65.029998,65.029998,37330.0
2006-07-20 09:15:00,NSE:JYOTISTRUC,66.020002,67.0,64.020002,65.309998,239275.0
2006-07-21 09:15:00,NSE:JYOTISTRUC,65.4,65.4,62.05,62.129998,36685.0
2006-07-24 09:15:00,NSE:JYOTISTRUC,64.95,64.95,59.05,61.159998,64565.0
2006-07-25 09:15:00,NSE:JYOTISTRUC,62.4,64.220002,61.1,64.070002,56125.0
2006-07-26 09:15:00,NSE:JYOTISTRUC,63.6,67.279998,63.6,67.279998,91100.0
2006-07-27 09:15:00,NSE:JYOTISTRUC,70.0,70.65,70.0,70.65,73830.0
2006-07-28 09:15:00,NSE:JYOTISTRUC,74.199997,74.199997,72.0,74.199997,25924.0
2006-07-31 09:15:00,NSE:JYOTISTRUC,77.900002,77.949997,77.900002,77.949997,12824.0
2006-08-01 09:15:00,NSE:JYOTISTRUC,81.849998,81.849998,78.5,81.849998,152638.0
2006-08-02 09:15:00,NSE:JYOTISTRUC,85.699997,85.949997,82.099998,85.949997,113990.0
2006-08-03 09:15:00,NSE:JYOTISTRUC,88.699997,90.25,88.699997,90.25,32510.0
2006-08-04 09:15:00,NSE:JYOTISTRUC,94.400002,94.800003,86.050003,87.949997,234568.0
2006-08-07 09:15:00,NSE:JYOTISTRUC,87.0,89.900002,83.550003,85.050003,151119.0
2006-08-08 09:15:00,NSE:JYOTISTRUC,86.0,87.699997,85.449997,87.099998,88398.0
2006-08-09 09:15:00,NSE:JYOTISTRUC,86.599998,91.5,85.0,87.349998,261931.0
2006-08-10 09:15:00,NSE:JYOTISTRUC,87.599998,94.0,86.699997,91.150002,439531.0
2006-08-11 09:15:00,NSE:JYOTISTRUC,91.0,95.5,89.699997,90.550003,627695.0
2006-08-14 09:15:00,NSE:JYOTISTRUC,91.400002,92.349998,90.0,90.699997,158092.0
2006-08-16 09:15:00,NSE:JYOTISTRUC,92.900002,95.0,90.5,90.949997,156415.0
2006-08-17 09:15:00,NSE:JYOTISTRUC,91.0,94.199997,86.599998,91.300003,240705.0
2006-08-18 09:15:00,NSE:JYOTISTRUC,92.0,98.449997,89.5,95.75,574111.0
2006-08-21 09:15:00,NSE:JYOTISTRUC,96.75,104.4,95.0,102.65,777436.0
2006-08-22 09:15:00,NSE:JYOTISTRUC,104.1,104.85,97.300003,98.949997,429077.0
2006-08-23 09:15:00,NSE:JYOTISTRUC,99.900002,99.900002,92.75,94.050003,326510.0
2006-08-24 09:15:00,NSE:JYOTISTRUC,94.699997,98.0,90.0,96.300003,278335.0
2006-08-25 09:15:00,NSE:JYOTISTRUC,99.199997,100.8,94.0,95.199997,408890.0
2006-08-28 09:15:00,NSE:JYOTISTRUC,96.199997,96.900002,92.599998,93.400002,158623.0
2006-08-29 09:15:00,NSE:JYOTISTRUC,94.900002,96.0,91.099998,91.800003,165526.0
2006-08-30 09:15:00,NSE:JYOTISTRUC,92.849998,93.650002,90.900002,91.400002,152934.0
2006-08-31 09:15:00,NSE:JYOTISTRUC,92.449997,92.849998,88.25,89.300003,223314.0
2006-09-01 09:15:00,NSE:JYOTISTRUC,90.199997,91.099998,87.0,89.75,118121.0
2006-09-04 09:15:00,NSE:JYOTISTRUC,91.5,94.0,89.099998,92.800003,291920.0
2006-09-05 09:15:00,NSE:JYOTISTRUC,93.949997,97.949997,93.949997,95.300003,377774.0
2006-09-06 09:15:00,NSE:JYOTISTRUC,96.949997,101.9,96.25,98.900002,739666.0
2006-09-07 09:15:00,NSE:JYOTISTRUC,98.949997,99.0,95.0,96.099998,227550.0
2006-09-08 09:15:00,NSE:JYOTISTRUC,97.0,103.8,96.25,100.55,1087061.0
2006-09-11 09:15:00,NSE:JYOTISTRUC,101.9,101.9,94.099998,95.099998,520157.0
2006-09-12 09:15:00,NSE:JYOTISTRUC,95.550003,99.699997,92.550003,98.949997,433104.0
2006-09-13 09:15:00,NSE:JYOTISTRUC,100.6,101.4,98.099998,99.199997,326535.0
2006-09-14 09:15:00,NSE:JYOTISTRUC,99.949997,102.0,97.699997,101.15,430042.0
2006-09-15 09:15:00,NSE:JYOTISTRUC,102.0,109.4,98.5,105.1,813780.0
2006-09-18 09:15:00,NSE:JYOTISTRUC,107.0,109.25,105.5,106.95,448025.0
2006-09-19 09:15:00,NSE:JYOTISTRUC,107.4,108.25,97.900002,99.900002,260289.0
2006-09-20 09:15:00,NSE:JYOTISTRUC,100.5,104.6,98.0,103.15,226986.0
2006-09-21 09:15:00,NSE:JYOTISTRUC,105.05,106.5,103.5,104.2,315102.0
2006-09-22 09:15:00,NSE:JYOTISTRUC,103.1,103.5,99.949997,101.5,190696.0
2006-09-25 09:15:00,NSE:JYOTISTRUC,102.3,105.35,100.5,103.8,194081.0
2006-09-26 09:15:00,NSE:JYOTISTRUC,104.5,109.0,104.45,106.85,565310.0
2006-09-27 09:15:00,NSE:JYOTISTRUC,108.55,111.9,107.5,108.8,535399.0
2006-09-28 09:15:00,NSE:JYOTISTRUC,109.0,118.3,108.0,115.15,1039731.0
2006-09-29 09:15:00,NSE:JYOTISTRUC,116.35,119.45,112.0,114.65,1122420.0
2006-10-03 09:15:00,NSE:JYOTISTRUC,116.5,120.8,114.0,118.8,1192102.0
2006-10-04 09:15:00,NSE:JYOTISTRUC,120.9,120.9,113.3,114.45,649950.0
2006-10-05 09:15:00,NSE:JYOTISTRUC,115.5,116.5,111.6,112.55,479755.0
2006-10-06 09:15:00,NSE:JYOTISTRUC,113.0,116.3,111.75,114.35,381008.0
2006-10-09 09:15:00,NSE:JYOTISTRUC,114.25,118.9,112.7,117.95,506872.0
2006-10-10 09:15:00,NSE:JYOTISTRUC,118.5,122.8,116.6,120.45,1053151.0
2006-10-11 09:15:00,NSE:JYOTISTRUC,121.9,121.9,114.5,115.4,394155.0
2006-10-12 09:15:00,NSE:JYOTISTRUC,116.05,116.3,113.55,115.85,202375.0
2006-10-13 09:15:00,NSE:JYOTISTRUC,118.0,118.35,114.0,115.5,230050.0
2006-10-16 09:15:00,NSE:JYOTISTRUC,116.65,120.7,115.7,118.15,415876.0
2006-10-17 09:15:00,NSE:JYOTISTRUC,118.9,122.5,116.7,120.75,525196.0
2006-10-18 09:15:00,NSE:JYOTISTRUC,119.5,124.4,118.35,120.4,689542.0
2006-10-19 09:15:00,NSE:JYOTISTRUC,122.45,123.85,117.25,118.0,383903.0
2006-10-20 09:15:00,NSE:JYOTISTRUC,118.05,119.7,115.55,116.4,251238.0
2006-10-23 09:15:00,NSE:JYOTISTRUC,120.0,120.0,117.25,118.35,131982.0
2006-10-26 09:15:00,NSE:JYOTISTRUC,118.05,119.55,117.0,117.9,108058.0
2006-10-27 09:15:00,NSE:JYOTISTRUC,119.0,120.4,117.0,117.55,206632.0
2006-10-30 09:15:00,NSE:JYOTISTRUC,118.05,120.45,117.15,119.15,238964.0
2006-10-31 09:15:00,NSE:JYOTISTRUC,119.0,119.8,114.5,115.55,154020.0
2006-11-02 09:15:00,NSE:JYOTISTRUC,116.8,121.35,115.85,118.5,440543.0
2006-11-03 09:15:00,NSE:JYOTISTRUC,120.05,123.4,119.3,121.6,657764.0
2006-11-06 09:15:00,NSE:JYOTISTRUC,122.0,128.0,120.6,123.8,1228497.0
2006-11-07 09:15:00,NSE:JYOTISTRUC,125.3,129.8,124.8,125.8,1476358.0
2006-11-08 09:15:00,NSE:JYOTISTRUC,126.0,127.0,120.5,122.3,411658.0
2006-11-09 09:15:00,NSE:JYOTISTRUC,121.05,123.8,121.05,122.3,271930.0
2006-11-10 09:15:00,NSE:JYOTISTRUC,122.7,124.45,120.15,121.7,239688.0
2006-11-13 09:15:00,NSE:JYOTISTRUC,122.6,127.85,121.85,126.5,970628.0
2006-11-14 09:15:00,NSE:JYOTISTRUC,126.0,126.95,121.2,121.95,267827.0
2006-11-15 09:15:00,NSE:JYOTISTRUC,122.8,124.2,120.0,121.4,364377.0
2006-11-16 09:15:00,NSE:JYOTISTRUC,122.65,122.65,122.65,122.65,223773.0
2006-11-17 09:15:00,NSE:JYOTISTRUC,124.45,126.0,117.65,118.95,860860.0
2006-11-20 09:15:00,NSE:JYOTISTRUC,119.0,120.45,113.1,117.3,178258.0
2006-11-21 09:15:00,NSE:JYOTISTRUC,118.5,123.25,117.9,122.6,253699.0
2006-11-22 09:15:00,NSE:JYOTISTRUC,123.7,131.5,123.05,129.25,1182631.0
2006-11-23 09:15:00,NSE:JYOTISTRUC,129.0,130.0,124.05,124.65,615978.0
2006-11-24 09:15:00,NSE:JYOTISTRUC,126.7,133.35001,124.0,129.10001,1394438.0
2006-11-27 09:15:00,NSE:JYOTISTRUC,131.7,134.45,130.0,132.55,778645.0
2006-11-28 09:15:00,NSE:JYOTISTRUC,131.0,134.8,128.0,129.89999,709062.0
2006-11-29 09:15:00,NSE:JYOTISTRUC,128.0,141.95,128.0,139.75,2329713.0
2006-11-30 09:15:00,NSE:JYOTISTRUC,143.0,143.89999,135.0,136.05,920360.0
2006-12-01 09:15:00,NSE:JYOTISTRUC,136.95,139.0,133.55,135.35001,534801.0
2006-12-04 09:15:00,NSE:JYOTISTRUC,136.7,137.0,133.2,135.75,308029.0
2006-12-05 09:15:00,NSE:JYOTISTRUC,129.0,139.0,128.0,133.3,547745.0
2006-12-06 09:15:00,NSE:JYOTISTRUC,132.85001,132.85001,132.85001,132.85001,497180.0
2006-12-07 09:15:00,NSE:JYOTISTRUC,132.05,132.05,132.05,132.05,165439.0
2006-12-08 09:15:00,NSE:JYOTISTRUC,132.10001,132.8,127.1,128.3,177826.0
2006-12-11 09:15:00,NSE:JYOTISTRUC,125.5,135.0,120.55,125.25,571409.0
2006-12-12 09:15:00,NSE:JYOTISTRUC,124.0,127.95,112.75,118.85,410853.0
2006-12-13 09:15:00,NSE:JYOTISTRUC,119.9,125.95,107.0,123.55,215617.0
2006-12-14 09:15:00,NSE:JYOTISTRUC,125.9,126.9,123.1,126.05,160820.0
2006-12-15 09:15:00,NSE:JYOTISTRUC,127.4,127.4,122.15,124.1,137663.0
2006-12-18 09:15:00,NSE:JYOTISTRUC,124.9,125.8,121.0,122.8,105903.0
2006-12-19 09:15:00,NSE:JYOTISTRUC,122.9,126.35,121.3,124.45,153900.0
2006-12-20 09:15:00,NSE:JYOTISTRUC,126.0,126.7,122.5,125.2,118684.0
2006-12-21 09:15:00,NSE:JYOTISTRUC,125.8,126.0,123.0,125.35,44136.0
2006-12-22 09:15:00,NSE:JYOTISTRUC,118.0,126.8,118.0,124.85,50699.0
2006-12-26 09:15:00,NSE:JYOTISTRUC,121.0,134.0,121.0,132.8,404585.0
2006-12-27 09:15:00,NSE:JYOTISTRUC,134.85001,138.39999,128.25,129.89999,266560.0
2006-12-28 09:15:00,NSE:JYOTISTRUC,129.0,129.0,124.2,126.1,234396.0
2006-12-29 09:15:00,NSE:JYOTISTRUC,124.1,132.39999,124.05,131.10001,233975.0
2007-01-02 09:15:00,NSE:JYOTISTRUC,132.89999,134.39999,131.5,132.2,105034.0
2007-01-03 09:15:00,NSE:JYOTISTRUC,133.8,135.0,130.60001,133.39999,157000.0
2007-01-04 09:15:00,NSE:JYOTISTRUC,134.10001,134.7,131.0,131.25,62626.0
2007-01-05 09:15:00,NSE:JYOTISTRUC,131.89999,144.39999,130.0,137.55,669949.0
2007-01-08 09:15:00,NSE:JYOTISTRUC,137.8,142.0,136.0,139.95,469312.0
2007-01-09 09:15:00,NSE:JYOTISTRUC,141.35001,141.8,132.10001,134.5,221411.0
2007-01-10 09:15:00,NSE:JYOTISTRUC,134.2,137.89999,130.05,133.2,146732.0
2007-01-11 09:15:00,NSE:JYOTISTRUC,133.55,138.0,133.0,137.60001,82096.0
2007-01-12 09:15:00,NSE:JYOTISTRUC,138.0,141.39999,135.60001,138.75,210666.0
2007-01-15 09:15:00,NSE:JYOTISTRUC,140.3,152.64999,139.14999,152.64999,724040.0
2007-01-16 09:15:00,NSE:JYOTISTRUC,155.5,163.39999,149.05,161.60001,0.0
2007-01-17 09:15:00,NSE:JYOTISTRUC,163.0,163.0,154.3,157.05,429818.0
2007-01-18 09:15:00,NSE:JYOTISTRUC,158.0,161.5,153.0,154.3,269420.0
2007-01-19 09:15:00,NSE:JYOTISTRUC,154.35001,158.60001,150.0,157.05,134477.0
2007-01-22 09:15:00,NSE:JYOTISTRUC,159.35001,164.89999,159.35001,163.95,416834.0
2007-01-23 09:15:00,NSE:JYOTISTRUC,165.2,171.5,161.0,168.45,431257.0
2007-01-24 09:15:00,NSE:JYOTISTRUC,169.0,176.89999,169.0,176.89999,508645.0
2007-01-25 09:15:00,NSE:JYOTISTRUC,178.7,185.75,178.7,182.8,804502.0
2007-01-29 09:15:00,NSE:JYOTISTRUC,182.0,183.5,173.7,174.05,195937.0
2007-01-31 09:15:00,NSE:JYOTISTRUC,174.0,176.8,170.05,171.8,273322.0
2007-02-01 09:15:00,NSE:JYOTISTRUC,172.0,174.0,166.5,170.14999,135740.0
2007-02-02 09:15:00,NSE:JYOTISTRUC,170.0,178.7,170.0,177.25,854928.0
2007-02-05 09:15:00,NSE:JYOTISTRUC,179.8,186.14999,178.0,186.05,342127.0
2007-02-06 09:15:00,NSE:JYOTISTRUC,186.05,194.85001,184.55,186.39999,1279961.0
2007-02-07 09:15:00,NSE:JYOTISTRUC,187.7,189.95,177.7,180.10001,248400.0
2007-02-08 09:15:00,NSE:JYOTISTRUC,180.10001,180.89999,173.10001,175.85001,191224.0
2007-02-09 09:15:00,NSE:JYOTISTRUC,176.5,176.5,169.0,169.85001,0.0
2007-02-12 09:15:00,NSE:JYOTISTRUC,166.10001,169.0,154.2,161.39999,132788.0
2007-02-13 09:15:00,NSE:JYOTISTRUC,157.0,171.89999,157.0,165.75,149669.0
2007-02-14 09:15:00,NSE:JYOTISTRUC,167.0,171.10001,157.8,167.7,241389.0
2007-02-15 09:15:00,NSE:JYOTISTRUC,172.0,174.5,165.0,171.5,168435.0
2007-02-19 09:15:00,NSE:JYOTISTRUC,173.39999,185.0,172.0,178.2,244255.0
2007-02-20 09:15:00,NSE:JYOTISTRUC,180.95,182.0,174.0,175.89999,184285.0
2007-02-21 09:15:00,NSE:JYOTISTRUC,177.0,180.0,170.64999,178.39999,94854.0
2007-02-22 09:15:00,NSE:JYOTISTRUC,180.89999,185.95,173.05,174.89999,174679.0
2007-02-23 09:15:00,NSE:JYOTISTRUC,174.0,178.39999,165.10001,167.0,109887.0
2007-02-26 09:15:00,NSE:JYOTISTRUC,166.89999,174.0,166.89999,172.55,139734.0
2007-02-27 09:15:00,NSE:JYOTISTRUC,174.75,174.75,167.75,168.8,91584.0
2007-02-28 09:15:00,NSE:JYOTISTRUC,156.0,173.0,155.0,165.60001,179115.0
2007-03-01 09:15:00,NSE:JYOTISTRUC,170.0,174.0,167.0,169.85001,70407.0
2007-03-02 09:15:00,NSE:JYOTISTRUC,169.0,177.45,169.0,173.85001,189677.0
2007-03-05 09:15:00,NSE:JYOTISTRUC,165.0,167.10001,156.5,159.95,171049.0
2007-03-06 09:15:00,NSE:JYOTISTRUC,168.95,170.95,159.0,160.85001,141753.0
2007-03-07 09:15:00,NSE:JYOTISTRUC,167.0,167.10001,152.25,156.10001,60056.0
2007-03-08 09:15:00,NSE:JYOTISTRUC,157.05,164.0,152.14999,162.14999,66034.0
2007-03-09 09:15:00,NSE:JYOTISTRUC,166.0,166.0,154.5,160.45,73702.0
2007-03-12 09:15:00,NSE:JYOTISTRUC,160.0,175.0,160.0,173.60001,176078.0
2007-03-13 09:15:00,NSE:JYOTISTRUC,175.89999,175.89999,169.0,174.39999,88387.0
2007-03-14 09:15:00,NSE:JYOTISTRUC,164.10001,169.8,162.10001,167.85001,62639.0
2007-03-15 09:15:00,NSE:JYOTISTRUC,172.0,179.0,167.0,168.0,65144.0
2007-03-16 09:15:00,NSE:JYOTISTRUC,170.0,170.0,161.39999,165.10001,55902.0
2007-03-19 09:15:00,NSE:JYOTISTRUC,166.0,171.39999,165.0,168.2,71518.0
2007-03-20 09:15:00,NSE:JYOTISTRUC,170.0,172.95,165.05,166.0,47034.0
2007-03-21 09:15:00,NSE:JYOTISTRUC,169.75,171.0,165.60001,170.3,53236.0
2007-03-22 09:15:00,NSE:JYOTISTRUC,171.0,178.60001,170.3,177.10001,216123.0
2007-03-23 09:15:00,NSE:JYOTISTRUC,177.3,177.3,171.10001,174.7,115091.0
2007-03-26 09:15:00,NSE:JYOTISTRUC,173.5,180.8,173.0,177.85001,93723.0
2007-03-28 09:15:00,NSE:JYOTISTRUC,175.05,177.75,169.3,171.55,66914.0
2007-03-29 09:15:00,NSE:JYOTISTRUC,173.0,175.89999,168.0,168.75,67699.0
2007-03-30 09:15:00,NSE:JYOTISTRUC,171.5,173.0,169.55,170.35001,44621.0
2007-04-02 09:15:00,NSE:JYOTISTRUC,163.0,168.75,162.0,163.45,38631.0
2007-04-03 09:15:00,NSE:JYOTISTRUC,161.3,161.3,161.3,161.3,0.0
2007-04-04 09:15:00,NSE:JYOTISTRUC,164.0,175.89999,163.89999,172.39999,151554.0
2007-04-05 09:15:00,NSE:JYOTISTRUC,173.8,176.0,171.10001,174.14999,112913.0
2007-04-09 09:15:00,NSE:JYOTISTRUC,177.0,179.45,175.8,177.85001,62306.0
2007-04-10 09:15:00,NSE:JYOTISTRUC,177.5,179.45,175.5,177.95,69132.0
2007-04-11 09:15:00,NSE:JYOTISTRUC,178.89999,181.39999,175.05,178.89999,143147.0
2007-04-12 09:15:00,NSE:JYOTISTRUC,174.10001,180.0,174.10001,177.85001,69609.0
2007-04-13 09:15:00,NSE:JYOTISTRUC,178.0,185.89999,177.0,182.7,158671.0
2007-04-16 09:15:00,NSE:JYOTISTRUC,182.89999,188.7,182.05,186.45,150912.0
2007-04-17 09:15:00,NSE:JYOTISTRUC,186.0,197.7,183.10001,195.7,290604.0
2007-04-18 09:15:00,NSE:JYOTISTRUC,198.8,203.8,194.0,201.89999,282217.0
2007-04-19 09:15:00,NSE:JYOTISTRUC,195.60001,205.0,192.10001,202.39999,192046.0
2007-04-20 09:15:00,NSE:JYOTISTRUC,207.89999,209.10001,203.0,205.5,159169.0
2007-04-23 09:15:00,NSE:JYOTISTRUC,207.0,210.0,201.2,204.55,119719.0
2007-04-24 09:15:00,NSE:JYOTISTRUC,205.7,205.7,199.0,203.64999,82366.0
2007-04-25 09:15:00,NSE:JYOTISTRUC,201.0,203.95,196.10001,196.85001,65413.0
2007-04-26 09:15:00,NSE:JYOTISTRUC,200.0,201.45,190.5,191.7,49637.0
2007-04-27 09:15:00,NSE:JYOTISTRUC,193.8,193.8,187.5,189.14999,63851.0
2007-04-30 09:15:00,NSE:JYOTISTRUC,189.14999,192.39999,184.0,189.85001,36881.0
2007-05-03 09:15:00,NSE:JYOTISTRUC,192.85001,201.8,191.10001,200.3,215247.0
2007-05-04 09:15:00,NSE:JYOTISTRUC,202.2,205.0,193.5,195.25,142098.0
2007-05-07 09:15:00,NSE:JYOTISTRUC,200.0,200.0,191.0,192.0,66360.0
2007-05-08 09:15:00,NSE:JYOTISTRUC,190.10001,191.95,181.5,183.55,120393.0
2007-05-09 09:15:00,NSE:JYOTISTRUC,185.8,191.0,181.55,187.14999,80815.0
2007-05-10 09:15:00,NSE:JYOTISTRUC,192.0,200.0,189.2,191.05,157319.0
2007-05-11 09:15:00,NSE:JYOTISTRUC,188.10001,193.89999,187.0,190.3,47747.0
2007-05-14 09:15:00,NSE:JYOTISTRUC,193.95,202.2,193.7,198.3,183026.0
2007-05-15 09:15:00,NSE:JYOTISTRUC,199.0,200.0,193.5,194.85001,82019.0
2007-05-16 09:15:00,NSE:JYOTISTRUC,192.0,196.8,189.2,192.7,55470.0
2007-05-17 09:15:00,NSE:JYOTISTRUC,194.0,200.0,194.0,195.75,74051.0
2007-05-18 09:15:00,NSE:JYOTISTRUC,196.75,199.25,195.0,198.14999,80260.0
2007-05-21 09:15:00,NSE:JYOTISTRUC,199.45,204.8,198.5,202.05,129312.0
2007-05-22 09:15:00,NSE:JYOTISTRUC,204.0,204.89999,195.0,195.55,95441.0
2007-05-23 09:15:00,NSE:JYOTISTRUC,198.0,199.14999,190.0,191.05,90270.0
2007-05-24 09:15:00,NSE:JYOTISTRUC,190.0,194.89999,183.0,186.85001,135123.0
2007-05-25 09:15:00,NSE:JYOTISTRUC,184.10001,190.0,184.0,185.39999,157655.0
2007-05-28 09:15:00,NSE:JYOTISTRUC,189.5,190.35001,184.5,185.89999,46236.0
2007-05-29 09:15:00,NSE:JYOTISTRUC,186.0,189.8,183.0,186.0,63088.0
2007-05-30 09:15:00,NSE:JYOTISTRUC,186.0,189.0,184.5,185.5,49812.0
2007-05-31 09:15:00,NSE:JYOTISTRUC,187.0,192.5,185.05,187.95,77249.0
2007-06-01 09:15:00,NSE:JYOTISTRUC,189.95,190.0,181.5,183.05,65458.0
2007-06-04 09:15:00,NSE:JYOTISTRUC,184.0,188.0,180.0,180.5,72854.0
2007-06-05 09:15:00,NSE:JYOTISTRUC,181.0,185.95,178.10001,184.8,64047.0
2007-06-06 09:15:00,NSE:JYOTISTRUC,183.0,188.0,181.05,181.95,50801.0
2007-06-07 09:15:00,NSE:JYOTISTRUC,179.10001,183.64999,178.10001,179.39999,33243.0
2007-06-08 09:15:00,NSE:JYOTISTRUC,178.0,182.5,177.0,179.14999,37570.0
2007-06-11 09:15:00,NSE:JYOTISTRUC,183.0,183.0,177.2,177.95,32642.0
2007-06-12 09:15:00,NSE:JYOTISTRUC,178.2,180.0,175.25,176.39999,49259.0
2007-06-13 09:15:00,NSE:JYOTISTRUC,178.89999,179.5,175.0,178.2,21111.0
2007-06-14 09:15:00,NSE:JYOTISTRUC,180.0,182.0,177.0,178.89999,25179.0
2007-06-15 09:15:00,NSE:JYOTISTRUC,180.0,181.8,178.60001,179.8,28287.0
2007-06-18 09:15:00,NSE:JYOTISTRUC,181.0,182.8,172.10001,174.8,0.0
2007-06-19 09:15:00,NSE:JYOTISTRUC,176.0,191.64999,175.10001,188.55,187168.0
2007-06-20 09:15:00,NSE:JYOTISTRUC,190.0,195.60001,185.3,193.05,235756.0
2007-06-21 09:15:00,NSE:JYOTISTRUC,194.8,196.0,190.2,193.45,95634.0
2007-06-22 09:15:00,NSE:JYOTISTRUC,190.05,193.0,185.5,186.60001,53164.0
2007-06-25 09:15:00,NSE:JYOTISTRUC,183.25,189.35001,183.25,186.5,31927.0
2007-06-26 09:15:00,NSE:JYOTISTRUC,188.10001,188.10001,182.55,183.55,24066.0
2007-06-27 09:15:00,NSE:JYOTISTRUC,185.0,188.0,183.5,185.95,19389.0
2007-06-28 09:15:00,NSE:JYOTISTRUC,187.05,194.0,186.10001,188.35001,63727.0
2007-06-29 09:15:00,NSE:JYOTISTRUC,192.8,193.0,185.39999,186.60001,64811.0
2007-07-02 09:15:00,NSE:JYOTISTRUC,187.55,198.0,187.14999,188.14999,80677.0
2007-07-03 09:15:00,NSE:JYOTISTRUC,192.45,192.45,188.0,189.0,396533.0
2007-07-04 09:15:00,NSE:JYOTISTRUC,192.89999,202.75,192.0,195.85001,506791.0
2007-07-05 09:15:00,NSE:JYOTISTRUC,199.0,200.89999,190.0,192.7,158233.0
2007-07-06 09:15:00,NSE:JYOTISTRUC,193.0,196.5,190.5,192.64999,113358.0
2007-07-09 09:15:00,NSE:JYOTISTRUC,193.95,194.89999,191.3,192.45,47508.0
2007-07-10 09:15:00,NSE:JYOTISTRUC,193.55,195.7,192.0,192.60001,65966.0
2007-07-11 09:15:00,NSE:JYOTISTRUC,192.0,195.0,189.5,190.85001,46222.0
2007-07-12 09:15:00,NSE:JYOTISTRUC,195.0,199.85001,190.0,197.64999,179573.0
2007-07-13 09:15:00,NSE:JYOTISTRUC,199.5,209.39999,196.39999,203.10001,617785.0
2007-07-16 09:15:00,NSE:JYOTISTRUC,203.5,206.89999,197.55,200.05,142253.0
2007-07-17 09:15:00,NSE:JYOTISTRUC,203.8,203.89999,194.7,199.3,124271.0
2007-07-18 09:15:00,NSE:JYOTISTRUC,201.0,201.0,192.39999,194.5,69073.0
2007-07-19 09:15:00,NSE:JYOTISTRUC,198.95,211.39999,196.14999,209.10001,295839.0
2007-07-20 09:15:00,NSE:JYOTISTRUC,215.0,218.0,209.60001,212.05,329209.0
2007-07-23 09:15:00,NSE:JYOTISTRUC,213.0,216.0,208.0,209.60001,97612.0
2007-07-24 09:15:00,NSE:JYOTISTRUC,210.0,213.3,202.2,203.60001,76366.0
2007-07-25 09:15:00,NSE:JYOTISTRUC,202.0,222.0,201.10001,215.10001,261639.0
2007-07-26 09:15:00,NSE:JYOTISTRUC,214.64999,222.8,211.0,214.45,253541.0
2007-07-27 09:15:00,NSE:JYOTISTRUC,201.0,211.45,190.35001,201.7,187333.0
2007-07-30 09:15:00,NSE:JYOTISTRUC,200.89999,206.7,195.64999,200.10001,80223.0
2007-07-31 09:15:00,NSE:JYOTISTRUC,204.3,206.7,199.05,200.64999,120632.0
2007-08-01 09:15:00,NSE:JYOTISTRUC,199.0,204.89999,196.0,199.45,160961.0
2007-08-02 09:15:00,NSE:JYOTISTRUC,199.45,206.0,198.10001,204.89999,90688.0
2007-08-03 09:15:00,NSE:JYOTISTRUC,208.39999,211.10001,203.2,208.05,109775.0
2007-08-06 09:15:00,NSE:JYOTISTRUC,196.10001,206.0,196.10001,201.5,104770.0
2007-08-07 09:15:00,NSE:JYOTISTRUC,206.7,207.60001,203.14999,204.55,32007.0
2007-08-08 09:15:00,NSE:JYOTISTRUC,207.0,207.89999,205.0,205.75,50101.0
2007-08-09 09:15:00,NSE:JYOTISTRUC,208.5,208.5,198.0,199.45,67611.0
2007-08-10 09:15:00,NSE:JYOTISTRUC,191.05,197.39999,187.05,195.95,93164.0
2007-08-13 09:15:00,NSE:JYOTISTRUC,196.0,200.0,190.10001,197.85001,120603.0
2007-08-14 09:15:00,NSE:JYOTISTRUC,196.60001,204.5,195.5,202.35001,74880.0
2007-08-16 09:15:00,NSE:JYOTISTRUC,186.0,198.0,180.0,186.89999,102802.0
2007-08-17 09:15:00,NSE:JYOTISTRUC,190.10001,195.0,181.25,183.5,229260.0
2007-08-20 09:15:00,NSE:JYOTISTRUC,190.0,194.8,184.85001,185.3,49118.0
2007-08-21 09:15:00,NSE:JYOTISTRUC,187.0,188.0,182.0,183.55,47018.0
2007-08-22 09:15:00,NSE:JYOTISTRUC,187.0,189.89999,184.05,187.10001,155299.0
2007-08-23 09:15:00,NSE:JYOTISTRUC,190.0,194.0,189.0,191.05,72471.0
2007-08-24 09:15:00,NSE:JYOTISTRUC,187.0,194.5,187.0,192.45,40792.0
2007-08-27 09:15:00,NSE:JYOTISTRUC,198.0,204.2,195.95,203.25,80690.0
2007-08-28 09:15:00,NSE:JYOTISTRUC,203.0,205.0,201.0,202.95,32301.0
2007-08-29 09:15:00,NSE:JYOTISTRUC,196.0,201.75,196.0,198.35001,47149.0
2007-08-30 09:15:00,NSE:JYOTISTRUC,207.0,209.0,201.0,207.89999,84752.0
2007-08-31 09:15:00,NSE:JYOTISTRUC,206.10001,209.60001,202.2,205.05,14655.0
2007-09-03 09:15:00,NSE:JYOTISTRUC,215.0,220.95,212.60001,219.55,145183.0
2007-09-04 09:15:00,NSE:JYOTISTRUC,220.0,243.8,220.0,229.10001,234711.0
2007-09-05 09:15:00,NSE:JYOTISTRUC,235.0,235.0,221.10001,223.7,126010.0
2007-09-06 09:15:00,NSE:JYOTISTRUC,225.0,228.0,222.2,224.25,137328.0
2007-09-07 09:15:00,NSE:JYOTISTRUC,227.0,232.0,217.60001,218.85001,170336.0
2007-09-10 09:15:00,NSE:JYOTISTRUC,212.05,225.25,209.0,224.3,85796.0
2007-09-11 09:15:00,NSE:JYOTISTRUC,220.0,231.8,220.0,224.85001,268567.0
2007-09-12 09:15:00,NSE:JYOTISTRUC,226.89999,230.0,223.25,224.45,39584.0
2007-09-13 09:15:00,NSE:JYOTISTRUC,226.89999,226.89999,222.0,224.10001,35602.0
2007-09-14 09:15:00,NSE:JYOTISTRUC,225.0,226.0,221.14999,223.55,54118.0
2007-09-17 09:15:00,NSE:JYOTISTRUC,226.0,226.0,221.25,223.25,29642.0
2007-09-18 09:15:00,NSE:JYOTISTRUC,220.2,224.85001,219.39999,222.39999,22195.0
2007-09-19 09:15:00,NSE:JYOTISTRUC,225.0,227.89999,220.0,224.14999,58901.0
2007-09-20 09:15:00,NSE:JYOTISTRUC,216.14999,226.8,216.14999,222.45,35807.0
2007-09-21 09:15:00,NSE:JYOTISTRUC,222.0,225.89999,220.0,222.05,91201.0
2007-09-24 09:15:00,NSE:JYOTISTRUC,224.89999,238.0,224.85001,235.0,220572.0
2007-09-25 09:15:00,NSE:JYOTISTRUC,238.0,238.0,226.5,230.89999,114849.0
2007-09-26 09:15:00,NSE:JYOTISTRUC,227.89999,232.05,222.25,227.60001,190823.0
2007-09-27 09:15:00,NSE:JYOTISTRUC,223.05,230.0,219.7,227.7,179954.0
2007-09-28 09:15:00,NSE:JYOTISTRUC,225.25,228.10001,220.5,223.5,95119.0
2007-10-01 09:15:00,NSE:JYOTISTRUC,228.0,230.0,221.25,222.89999,34453.0
2007-10-03 09:15:00,NSE:JYOTISTRUC,223.0,240.0,223.0,238.95,178080.0
2007-10-04 09:15:00,NSE:JYOTISTRUC,234.89999,243.95,233.05,237.7,79136.0
2007-10-05 09:15:00,NSE:JYOTISTRUC,234.89999,255.0,234.89999,243.14999,244558.0
2007-10-08 09:15:00,NSE:JYOTISTRUC,246.0,260.0,225.5,229.45,105788.0
2007-10-09 09:15:00,NSE:JYOTISTRUC,227.5,275.35001,224.5,242.5,439239.0
2007-10-10 09:15:00,NSE:JYOTISTRUC,248.89999,254.95,225.0,250.05,700006.0
2007-10-11 09:15:00,NSE:JYOTISTRUC,251.89999,254.0,243.05,249.3,142086.0
2007-10-12 09:15:00,NSE:JYOTISTRUC,248.39999,257.0,244.0,247.7,88270.0
2007-10-15 09:15:00,NSE:JYOTISTRUC,251.0,274.25,248.0,269.0,165789.0
2007-10-16 09:15:00,NSE:JYOTISTRUC,271.14999,281.0,262.0,268.39999,111485.0
2007-10-17 09:15:00,NSE:JYOTISTRUC,255.0,283.29999,222.64999,271.20001,269002.0
2007-10-18 09:15:00,NSE:JYOTISTRUC,274.25,287.0,252.60001,256.20001,157941.0
2007-10-19 09:15:00,NSE:JYOTISTRUC,260.0,264.95001,236.0,260.29999,200660.0
2007-10-22 09:15:00,NSE:JYOTISTRUC,247.0,260.89999,241.35001,246.25,61091.0
2007-10-23 09:15:00,NSE:JYOTISTRUC,247.0,259.0,238.10001,246.5,177140.0
2007-10-24 09:15:00,NSE:JYOTISTRUC,258.0,260.0,244.75,245.14999,63507.0
2007-10-25 09:15:00,NSE:JYOTISTRUC,245.5,249.95,240.0,244.60001,44118.0
2007-10-26 09:15:00,NSE:JYOTISTRUC,246.0,250.0,244.10001,245.39999,114672.0
2007-10-29 09:15:00,NSE:JYOTISTRUC,249.89999,261.0,244.60001,252.05,162481.0
2007-10-30 09:15:00,NSE:JYOTISTRUC,257.0,265.0,253.05,260.75,100282.0
2007-10-31 09:15:00,NSE:JYOTISTRUC,264.89999,281.79999,254.0,278.14999,263885.0
2007-11-01 09:15:00,NSE:JYOTISTRUC,285.0,287.0,275.0,281.75,130043.0
2007-11-02 09:15:00,NSE:JYOTISTRUC,272.95001,283.0,270.0,278.29999,39449.0
2007-11-05 09:15:00,NSE:JYOTISTRUC,293.0,293.0,279.95001,285.10001,78685.0
2007-11-06 09:15:00,NSE:JYOTISTRUC,284.0,290.79999,275.0,285.20001,65733.0
2007-11-07 09:15:00,NSE:JYOTISTRUC,286.0,288.0,271.0,285.10001,41088.0
2007-11-08 09:15:00,NSE:JYOTISTRUC,284.0,284.89999,275.60001,278.45001,24120.0
2007-11-09 09:15:00,NSE:JYOTISTRUC,282.0,283.0,276.0,279.20001,9901.0
2007-11-12 09:15:00,NSE:JYOTISTRUC,270.0,276.0,264.95001,271.54999,19569.0
2007-11-13 09:15:00,NSE:JYOTISTRUC,270.04999,315.0,270.04999,275.60001,31883.0
2007-11-14 09:15:00,NSE:JYOTISTRUC,281.0,291.0,278.0,282.25,76687.0
2007-11-15 09:15:00,NSE:JYOTISTRUC,285.0,310.10001,281.0,295.35001,60684.0
2007-11-16 09:15:00,NSE:JYOTISTRUC,293.0,309.89999,289.0,295.60001,28932.0
2007-11-19 09:15:00,NSE:JYOTISTRUC,301.0,304.0,295.0,300.54999,18682.0
2007-11-20 09:15:00,NSE:JYOTISTRUC,297.0,304.0,292.0,294.29999,29500.0
2007-11-21 09:15:00,NSE:JYOTISTRUC,295.0,295.0,275.0,280.70001,28521.0
2007-11-22 09:15:00,NSE:JYOTISTRUC,275.10001,284.5,272.0,278.39999,17640.0
2007-11-23 09:15:00,NSE:JYOTISTRUC,279.79999,285.0,272.10001,280.5,17711.0
2007-11-26 09:15:00,NSE:JYOTISTRUC,287.0,296.95001,282.14999,290.20001,35978.0
2007-11-27 09:15:00,NSE:JYOTISTRUC,286.14999,301.0,285.04999,298.35001,28398.0
2007-11-28 09:15:00,NSE:JYOTISTRUC,302.0,308.64999,286.0,291.20001,15901.0
2007-11-29 09:15:00,NSE:JYOTISTRUC,300.0,300.0,285.0,289.0,18216.0
2007-11-30 09:15:00,NSE:JYOTISTRUC,287.54999,296.0,287.54999,290.85001,6003.0
2007-12-03 09:15:00,NSE:JYOTISTRUC,293.0,298.79999,276.0,286.79999,23561.0
2007-12-04 09:15:00,NSE:JYOTISTRUC,289.25,299.95001,283.14999,296.14999,35480.0
2007-12-05 09:15:00,NSE:JYOTISTRUC,300.0,315.54999,289.0,307.29999,82300.0
2007-12-06 09:15:00,NSE:JYOTISTRUC,316.0,319.0,295.0,300.39999,32656.0
2007-12-07 09:15:00,NSE:JYOTISTRUC,308.0,309.89999,298.0,305.39999,24941.0
2007-12-10 09:15:00,NSE:JYOTISTRUC,304.0,313.0,301.0,310.45001,95195.0
2007-12-11 09:15:00,NSE:JYOTISTRUC,312.0,315.0,303.0,305.60001,169223.0
2007-12-12 09:15:00,NSE:JYOTISTRUC,303.0,309.89999,299.0,300.35001,25303.0
2007-12-13 09:15:00,NSE:JYOTISTRUC,301.04999,307.0,291.5,293.04999,28025.0
2007-12-14 09:15:00,NSE:JYOTISTRUC,298.5,300.0,288.10001,289.75,23196.0
2007-12-17 09:15:00,NSE:JYOTISTRUC,282.0,296.79999,280.0,282.0,18796.0
2007-12-18 09:15:00,NSE:JYOTISTRUC,285.0,285.0,277.20001,280.60001,14511.0
2007-12-19 09:15:00,NSE:JYOTISTRUC,282.0,287.85001,276.0,280.79999,27599.0
2007-12-20 09:15:00,NSE:JYOTISTRUC,286.0,290.0,279.0,287.5,12587.0
2007-12-24 09:15:00,NSE:JYOTISTRUC,292.0,292.0,282.10001,283.39999,16058.0
2007-12-26 09:15:00,NSE:JYOTISTRUC,286.0,289.5,277.0,279.75,53594.0
2007-12-27 09:15:00,NSE:JYOTISTRUC,283.79999,286.89999,265.10001,269.10001,75459.0
2007-12-28 09:15:00,NSE:JYOTISTRUC,271.0,282.0,267.10001,270.29999,286987.0
2007-12-31 09:15:00,NSE:JYOTISTRUC,275.0,282.0,275.0,279.45001,61372.0
2008-01-01 09:15:00,NSE:JYOTISTRUC,281.89999,283.95001,275.0,277.14999,39897.0
2008-01-02 09:15:00,NSE:JYOTISTRUC,280.79999,282.5,272.5,280.64999,46221.0
2008-01-03 09:15:00,NSE:JYOTISTRUC,278.10001,280.0,270.0,274.25,255013.0
2008-01-04 09:15:00,NSE:JYOTISTRUC,279.0,301.0,277.0,288.79999,249201.0
2008-01-07 09:15:00,NSE:JYOTISTRUC,281.0,300.0,279.0,294.79999,219794.0
2008-01-08 09:15:00,NSE:JYOTISTRUC,295.0,327.35001,284.10001,293.39999,362141.0
2008-01-09 09:15:00,NSE:JYOTISTRUC,293.0,296.79999,278.0,281.35001,96474.0
2008-01-10 09:15:00,NSE:JYOTISTRUC,286.95001,286.95001,265.0,270.54999,56162.0
2008-01-11 09:15:00,NSE:JYOTISTRUC,278.89999,278.89999,260.0,269.64999,66058.0
2008-01-14 09:15:00,NSE:JYOTISTRUC,272.35001,284.5,265.5,281.29999,33659.0
2008-01-15 09:15:00,NSE:JYOTISTRUC,282.0,294.39999,273.29999,278.5,97784.0
2008-01-16 09:15:00,NSE:JYOTISTRUC,273.0,279.0,264.95001,268.54999,37033.0
2008-01-17 09:15:00,NSE:JYOTISTRUC,268.95001,276.79999,268.0,269.5,25726.0
2008-01-18 09:15:00,NSE:JYOTISTRUC,273.95001,273.95001,261.0,268.95001,119516.0
2008-01-21 09:15:00,NSE:JYOTISTRUC,262.0,271.39999,217.7,235.39999,43203.0
2008-01-22 09:15:00,NSE:JYOTISTRUC,216.0,245.39999,188.39999,213.89999,118920.0
2008-01-23 09:15:00,NSE:JYOTISTRUC,230.0,250.0,198.0,233.60001,181608.0
2008-01-24 09:15:00,NSE:JYOTISTRUC,237.0,256.0,225.10001,240.7,145464.0
2008-01-25 09:15:00,NSE:JYOTISTRUC,245.0,260.0,243.0,255.35001,141500.0
2008-01-28 09:15:00,NSE:JYOTISTRUC,249.8,255.0,240.0,250.25,61506.0
2008-01-29 09:15:00,NSE:JYOTISTRUC,250.75,260.0,241.0,246.14999,24524.0
2008-01-30 09:15:00,NSE:JYOTISTRUC,252.64999,252.64999,226.0,232.0,45081.0
2008-01-31 09:15:00,NSE:JYOTISTRUC,233.05,241.0,230.0,234.75,38343.0
2008-02-01 09:15:00,NSE:JYOTISTRUC,231.85001,242.0,231.85001,238.14999,11473.0
2008-02-04 09:15:00,NSE:JYOTISTRUC,249.0,261.70001,235.0,239.05,312848.0
2008-02-05 09:15:00,NSE:JYOTISTRUC,249.0,249.0,232.05,239.64999,35868.0
2008-02-06 09:15:00,NSE:JYOTISTRUC,225.0,235.75,215.0,221.35001,45628.0
2008-02-07 09:15:00,NSE:JYOTISTRUC,225.0,234.0,222.05,224.2,21359.0
2008-02-08 09:15:00,NSE:JYOTISTRUC,221.3,230.0,208.0,212.8,31631.0
2008-02-11 09:15:00,NSE:JYOTISTRUC,208.5,220.0,191.0,193.75,42347.0
2008-02-12 09:15:00,NSE:JYOTISTRUC,196.0,200.0,171.0,187.5,135014.0
2008-02-13 09:15:00,NSE:JYOTISTRUC,190.0,205.0,180.0,182.75,118331.0
2008-02-14 09:15:00,NSE:JYOTISTRUC,197.7,203.8,191.14999,200.0,40433.0
2008-02-15 09:15:00,NSE:JYOTISTRUC,200.0,200.0,192.0,195.60001,66570.0
2008-02-18 09:15:00,NSE:JYOTISTRUC,203.64999,210.0,197.0,201.10001,58739.0
2008-02-19 09:15:00,NSE:JYOTISTRUC,209.0,209.0,200.0,200.5,49310.0
2008-02-20 09:15:00,NSE:JYOTISTRUC,202.0,203.0,198.14999,199.3,56496.0
2008-02-21 09:15:00,NSE:JYOTISTRUC,207.95,215.0,200.05,209.7,124253.0
2008-02-22 09:15:00,NSE:JYOTISTRUC,206.10001,213.39999,205.05,211.89999,96809.0
2008-02-25 09:15:00,NSE:JYOTISTRUC,215.0,215.0,205.0,207.85001,31488.0
2008-02-26 09:15:00,NSE:JYOTISTRUC,210.0,212.7,195.5,199.2,422587.0
2008-02-27 09:15:00,NSE:JYOTISTRUC,206.0,208.0,200.25,205.2,57450.0
2008-02-28 09:15:00,NSE:JYOTISTRUC,202.10001,207.0,202.10001,204.8,294497.0
2008-02-29 09:15:00,NSE:JYOTISTRUC,204.0,214.95,201.0,205.75,641548.0
2008-03-03 09:15:00,NSE:JYOTISTRUC,201.3,203.0,192.0,194.39999,51060.0
2008-03-04 09:15:00,NSE:JYOTISTRUC,190.05,195.5,180.0,181.89999,50677.0
2008-03-05 09:15:00,NSE:JYOTISTRUC,182.89999,194.95,177.0,189.3,331105.0
2008-03-07 09:15:00,NSE:JYOTISTRUC,185.0,192.0,170.0,187.25,100452.0
2008-03-10 09:15:00,NSE:JYOTISTRUC,181.39999,215.0,172.5,189.85001,191431.0
2008-03-11 09:15:00,NSE:JYOTISTRUC,214.0,214.0,189.0,195.0,126079.0
2008-03-12 09:15:00,NSE:JYOTISTRUC,212.0,212.0,186.25,189.89999,136892.0
2008-03-13 09:15:00,NSE:JYOTISTRUC,182.2,185.5,175.0,181.85001,36944.0
2008-03-14 09:15:00,NSE:JYOTISTRUC,180.0,185.0,170.10001,172.64999,276807.0
2008-03-17 09:15:00,NSE:JYOTISTRUC,168.5,172.89999,146.0,162.05,188864.0
2008-03-18 09:15:00,NSE:JYOTISTRUC,155.0,169.0,151.3,161.64999,167010.0
2008-03-19 09:15:00,NSE:JYOTISTRUC,165.0,170.0,154.2,157.35001,626537.0
2008-03-24 09:15:00,NSE:JYOTISTRUC,158.05,164.75,143.8,156.7,101095.0
2008-03-25 09:15:00,NSE:JYOTISTRUC,163.0,170.0,157.5,162.95,48240.0
2008-03-26 09:15:00,NSE:JYOTISTRUC,168.0,170.0,161.25,162.60001,33081.0
2008-03-27 09:15:00,NSE:JYOTISTRUC,163.0,165.75,160.0,161.35001,19560.0
2008-03-28 09:15:00,NSE:JYOTISTRUC,159.5,172.0,159.5,169.05,20800.0
2008-03-31 09:15:00,NSE:JYOTISTRUC,170.0,170.0,157.05,159.85001,20569.0
2008-04-01 09:15:00,NSE:JYOTISTRUC,162.8,164.85001,157.2,158.2,23054.0
2008-04-02 09:15:00,NSE:JYOTISTRUC,164.64999,164.64999,157.5,159.8,51904.0
2008-04-03 09:15:00,NSE:JYOTISTRUC,160.0,161.95,153.5,154.89999,25166.0
2008-04-04 09:15:00,NSE:JYOTISTRUC,158.8,158.8,153.10001,153.89999,18270.0
2008-04-07 09:15:00,NSE:JYOTISTRUC,155.0,156.0,150.2,152.75,15813.0
2008-04-08 09:15:00,NSE:JYOTISTRUC,153.89999,165.89999,153.5,164.5,209045.0
2008-04-09 09:15:00,NSE:JYOTISTRUC,164.0,171.5,157.5,164.0,238157.0
2008-04-10 09:15:00,NSE:JYOTISTRUC,167.14999,169.89999,160.5,161.39999,127197.0
2008-04-11 09:15:00,NSE:JYOTISTRUC,160.05,165.0,159.14999,163.05,25814.0
2008-04-15 09:15:00,NSE:JYOTISTRUC,159.0,168.8,158.60001,162.39999,83794.0
2008-04-16 09:15:00,NSE:JYOTISTRUC,164.60001,167.5,158.0,161.14999,52118.0
2008-04-17 09:15:00,NSE:JYOTISTRUC,164.7,164.7,158.3,160.85001,386077.0
2008-04-21 09:15:00,NSE:JYOTISTRUC,162.5,166.0,160.0,161.39999,137386.0
2008-04-22 09:15:00,NSE:JYOTISTRUC,162.0,166.5,160.60001,161.35001,111705.0
2008-04-23 09:15:00,NSE:JYOTISTRUC,164.7,169.0,161.5,162.0,113083.0
2008-04-24 09:15:00,NSE:JYOTISTRUC,164.95,166.0,162.14999,162.60001,26931.0
2008-04-25 09:15:00,NSE:JYOTISTRUC,164.39999,168.39999,163.0,167.2,183274.0
2008-04-28 09:15:00,NSE:JYOTISTRUC,169.85001,182.5,168.14999,180.39999,305345.0
2008-04-29 09:15:00,NSE:JYOTISTRUC,183.0,184.0,175.0,175.85001,132377.0
2008-04-30 09:15:00,NSE:JYOTISTRUC,178.85001,178.89999,171.64999,172.95,66121.0
2008-05-02 09:15:00,NSE:JYOTISTRUC,176.85001,180.0,172.0,173.39999,177473.0
2008-05-05 09:15:00,NSE:JYOTISTRUC,174.0,177.89999,170.0,171.25,165480.0
2008-05-06 09:15:00,NSE:JYOTISTRUC,173.8,173.8,167.39999,170.2,290597.0
2008-05-07 09:15:00,NSE:JYOTISTRUC,170.5,174.14999,160.64999,163.39999,827007.0
2008-05-08 09:15:00,NSE:JYOTISTRUC,156.25,162.5,154.0,154.64999,316057.0
2008-05-09 09:15:00,NSE:JYOTISTRUC,154.0,159.3,149.0,151.3,397143.0
2008-05-12 09:15:00,NSE:JYOTISTRUC,151.0,153.45,147.75,149.10001,404468.0
2008-05-13 09:15:00,NSE:JYOTISTRUC,152.5,153.5,149.0,150.2,204601.0
2008-05-14 09:15:00,NSE:JYOTISTRUC,151.7,151.7,148.5,149.10001,122034.0
2008-05-15 09:15:00,NSE:JYOTISTRUC,149.10001,151.75,148.0,149.5,147015.0
2008-05-16 09:15:00,NSE:JYOTISTRUC,150.85001,151.45,145.10001,146.35001,114162.0
2008-05-20 09:15:00,NSE:JYOTISTRUC,148.0,150.35001,146.60001,149.60001,90676.0
2008-05-21 09:15:00,NSE:JYOTISTRUC,148.5,149.35001,147.0,148.35001,29487.0
2008-05-22 09:15:00,NSE:JYOTISTRUC,146.05,148.0,146.05,146.7,38467.0
2008-05-23 09:15:00,NSE:JYOTISTRUC,149.0,152.25,145.14999,145.8,135509.0
2008-05-26 09:15:00,NSE:JYOTISTRUC,145.8,145.8,141.0,141.35001,32062.0
2008-05-27 09:15:00,NSE:JYOTISTRUC,142.0,143.8,130.0,131.25,154655.0
2008-05-28 09:15:00,NSE:JYOTISTRUC,132.05,135.0,121.6,123.9,427604.0
2008-05-29 09:15:00,NSE:JYOTISTRUC,125.9,130.0,125.0,125.7,166855.0
2008-05-30 09:15:00,NSE:JYOTISTRUC,127.6,128.75,120.5,123.75,254157.0
2008-06-02 09:15:00,NSE:JYOTISTRUC,126.0,126.7,119.1,120.1,62723.0
2008-06-03 09:15:00,NSE:JYOTISTRUC,118.8,122.0,111.45,119.3,178600.0
2008-06-04 09:15:00,NSE:JYOTISTRUC,118.1,124.0,118.0,121.75,172816.0
2008-06-05 09:15:00,NSE:JYOTISTRUC,120.0,121.0,115.1,117.85,96540.0
2008-06-06 09:15:00,NSE:JYOTISTRUC,121.0,121.0,114.5,115.25,44964.0
2008-06-09 09:15:00,NSE:JYOTISTRUC,110.0,110.0,105.15,107.9,63689.0
2008-06-10 09:15:00,NSE:JYOTISTRUC,107.0,113.5,105.45,106.0,105966.0
2008-06-11 09:15:00,NSE:JYOTISTRUC,108.95,112.5,107.0,110.55,39902.0
2008-06-12 09:15:00,NSE:JYOTISTRUC,100.0,131.7,100.0,126.3,278950.0
2008-06-13 09:15:00,NSE:JYOTISTRUC,133.8,133.8,120.0,122.55,349769.0
2008-06-16 09:15:00,NSE:JYOTISTRUC,124.85,125.35,120.1,123.0,102207.0
2008-06-17 09:15:00,NSE:JYOTISTRUC,122.05,127.8,122.05,125.65,170088.0
2008-06-18 09:15:00,NSE:JYOTISTRUC,127.0,128.89999,125.0,127.15,129760.0
2008-06-19 09:15:00,NSE:JYOTISTRUC,127.0,127.4,125.15,126.6,135692.0
2008-06-20 09:15:00,NSE:JYOTISTRUC,128.60001,128.60001,121.0,125.35,146622.0
2008-06-23 09:15:00,NSE:JYOTISTRUC,123.1,125.0,117.15,118.8,68411.0
2008-06-24 09:15:00,NSE:JYOTISTRUC,118.0,120.9,117.05,119.2,152809.0
2008-06-25 09:15:00,NSE:JYOTISTRUC,110.0,120.9,110.0,119.6,115980.0
2008-06-26 09:15:00,NSE:JYOTISTRUC,119.4,123.6,118.0,122.0,65343.0
2008-06-27 09:15:00,NSE:JYOTISTRUC,115.0,118.0,112.5,113.9,83988.0
2008-06-30 09:15:00,NSE:JYOTISTRUC,113.95,116.9,101.1,103.3,127676.0
2008-07-01 09:15:00,NSE:JYOTISTRUC,103.5,106.9,95.0,99.199997,326266.0
2008-07-02 09:15:00,NSE:JYOTISTRUC,99.0,104.0,97.5,101.7,529019.0
2008-07-03 09:15:00,NSE:JYOTISTRUC,99.099998,101.0,98.0,99.199997,224695.0
2008-07-04 09:15:00,NSE:JYOTISTRUC,99.0,105.9,99.0,103.65,40571.0
2008-07-07 09:15:00,NSE:JYOTISTRUC,99.699997,113.5,99.699997,109.35,52375.0
2008-07-08 09:15:00,NSE:JYOTISTRUC,103.15,110.65,103.15,108.3,64496.0
2008-07-09 09:15:00,NSE:JYOTISTRUC,111.15,114.0,108.65,109.5,50539.0
2008-07-10 09:15:00,NSE:JYOTISTRUC,109.8,111.8,108.05,108.8,29506.0
2008-07-11 09:15:00,NSE:JYOTISTRUC,110.5,110.5,103.3,105.15,27490.0
2008-07-14 09:15:00,NSE:JYOTISTRUC,108.9,108.9,100.6,103.1,240518.0
2008-07-15 09:15:00,NSE:JYOTISTRUC,104.0,104.0,97.699997,98.150002,41627.0
2008-07-16 09:15:00,NSE:JYOTISTRUC,99.0,101.4,97.5,99.349998,40085.0
2008-07-17 09:15:00,NSE:JYOTISTRUC,102.0,103.0,99.0,100.65,35551.0
2008-07-18 09:15:00,NSE:JYOTISTRUC,101.5,102.5,99.0,100.3,45738.0
2008-07-21 09:15:00,NSE:JYOTISTRUC,101.0,101.05,98.0,98.949997,24587.0
2008-07-22 09:15:00,NSE:JYOTISTRUC,100.85,118.75,98.400002,117.1,232807.0
2008-07-23 09:15:00,NSE:JYOTISTRUC,127.0,134.0,119.0,121.0,184047.0
2008-07-24 09:15:00,NSE:JYOTISTRUC,122.0,125.95,115.2,116.75,420211.0
2008-07-25 09:15:00,NSE:JYOTISTRUC,115.65,117.5,113.0,114.2,35927.0
2008-07-28 09:15:00,NSE:JYOTISTRUC,110.15,121.0,110.15,118.55,63606.0
2008-07-29 09:15:00,NSE:JYOTISTRUC,112.5,120.0,112.5,114.8,34108.0
2008-07-30 09:15:00,NSE:JYOTISTRUC,118.9,122.0,115.1,119.7,28812.0
2008-07-31 09:15:00,NSE:JYOTISTRUC,120.95,123.4,116.25,117.4,28927.0
2008-08-01 09:15:00,NSE:JYOTISTRUC,115.5,121.0,115.5,119.85,29908.0
2008-08-04 09:15:00,NSE:JYOTISTRUC,119.0,125.5,119.0,121.8,53363.0
2008-08-05 09:15:00,NSE:JYOTISTRUC,122.0,125.45,122.0,123.85,37926.0
2008-08-06 09:15:00,NSE:JYOTISTRUC,126.6,148.64999,125.35,135.75,692943.0
2008-08-07 09:15:00,NSE:JYOTISTRUC,138.0,139.0,131.2,132.95,102440.0
2008-08-08 09:15:00,NSE:JYOTISTRUC,132.0,138.95,132.0,136.10001,52718.0
2008-08-11 09:15:00,NSE:JYOTISTRUC,137.0,145.0,135.0,143.95,139658.0
2008-08-12 09:15:00,NSE:JYOTISTRUC,146.5,147.0,135.0,137.85001,65217.0
2008-08-13 09:15:00,NSE:JYOTISTRUC,136.0,140.0,134.10001,136.64999,22097.0
2008-08-14 09:15:00,NSE:JYOTISTRUC,137.5,137.5,128.25,131.7,37603.0
2008-08-18 09:15:00,NSE:JYOTISTRUC,129.0,133.60001,126.2,127.1,35287.0
2008-08-19 09:15:00,NSE:JYOTISTRUC,124.15,143.8,124.15,137.55,150582.0
2008-08-20 09:15:00,NSE:JYOTISTRUC,138.95,140.0,135.5,136.3,49609.0
2008-08-21 09:15:00,NSE:JYOTISTRUC,136.35001,137.35001,134.25,135.25,32153.0
2008-08-22 09:15:00,NSE:JYOTISTRUC,150.0,150.0,129.8,130.95,48253.0
2008-08-25 09:15:00,NSE:JYOTISTRUC,135.0,136.05,129.2,130.75,31587.0
2008-08-26 09:15:00,NSE:JYOTISTRUC,131.10001,132.85001,125.1,127.9,46797.0
2008-08-27 09:15:00,NSE:JYOTISTRUC,130.0,131.95,128.10001,130.10001,53380.0
2008-08-28 09:15:00,NSE:JYOTISTRUC,130.0,131.8,127.5,129.95,29974.0
2008-08-29 09:15:00,NSE:JYOTISTRUC,130.25,133.0,128.10001,129.05,36754.0
2008-09-01 09:15:00,NSE:JYOTISTRUC,131.0,131.0,123.15,125.3,23103.0
2008-09-02 09:15:00,NSE:JYOTISTRUC,126.3,132.75,126.0,131.7,53923.0
2008-09-04 09:15:00,NSE:JYOTISTRUC,128.2,131.89999,128.2,129.14999,11311.0
2008-09-05 09:15:00,NSE:JYOTISTRUC,126.5,133.0,126.1,130.3,20004.0
2008-09-08 09:15:00,NSE:JYOTISTRUC,137.89999,144.8,131.0,132.5,85301.0
2008-09-09 09:15:00,NSE:JYOTISTRUC,136.0,136.89999,130.0,132.25,51570.0
2008-09-10 09:15:00,NSE:JYOTISTRUC,132.89999,132.89999,125.6,127.0,38196.0
2008-09-11 09:15:00,NSE:JYOTISTRUC,125.55,127.5,123.0,124.3,33147.0
2008-09-15 09:15:00,NSE:JYOTISTRUC,119.0,121.0,109.05,115.4,134268.0
2008-09-16 09:15:00,NSE:JYOTISTRUC,108.0,114.4,105.0,108.3,88043.0
2008-09-17 09:15:00,NSE:JYOTISTRUC,109.0,110.6,102.1,103.7,57619.0
2008-09-18 09:15:00,NSE:JYOTISTRUC,100.0,103.0,90.199997,98.900002,175734.0
2008-09-19 09:15:00,NSE:JYOTISTRUC,101.2,108.0,101.2,103.25,76771.0
2008-09-22 09:15:00,NSE:JYOTISTRUC,105.0,110.0,103.25,105.7,262480.0
2008-09-23 09:15:00,NSE:JYOTISTRUC,103.25,104.9,99.099998,100.15,167630.0
2008-09-24 09:15:00,NSE:JYOTISTRUC,103.0,104.0,100.5,101.3,47020.0
2008-09-25 09:15:00,NSE:JYOTISTRUC,100.5,102.95,99.25,100.35,56988.0
2008-09-26 09:15:00,NSE:JYOTISTRUC,101.2,101.4,97.599998,98.400002,105119.0
2008-09-29 09:15:00,NSE:JYOTISTRUC,99.0,100.0,84.550003,89.5,474967.0
2008-09-30 09:15:00,NSE:JYOTISTRUC,86.949997,92.800003,80.099998,88.699997,78464.0
2008-10-01 09:15:00,NSE:JYOTISTRUC,95.0,95.0,88.099998,89.300003,71168.0
2008-10-03 09:15:00,NSE:JYOTISTRUC,89.599998,92.0,86.199997,90.050003,83503.0
2008-10-06 09:15:00,NSE:JYOTISTRUC,90.199997,91.0,85.199997,88.0,128726.0
2008-10-07 09:15:00,NSE:JYOTISTRUC,89.949997,89.949997,86.199997,88.0,65476.0
2008-10-08 09:15:00,NSE:JYOTISTRUC,85.900002,87.949997,73.5,77.400002,107982.0
2008-10-10 09:15:00,NSE:JYOTISTRUC,72.0,72.0,61.950001,62.650002,236932.0
2008-10-13 09:15:00,NSE:JYOTISTRUC,64.050003,68.800003,60.150002,62.299999,119259.0
2008-10-14 09:15:00,NSE:JYOTISTRUC,68.0,69.900002,62.900002,63.849998,227348.0
2008-10-15 09:15:00,NSE:JYOTISTRUC,61.0,62.900002,61.0,61.549999,31493.0
2008-10-16 09:15:00,NSE:JYOTISTRUC,60.900002,61.0,53.900002,60.25,104606.0
2008-10-17 09:15:00,NSE:JYOTISTRUC,59.0,63.900002,50.150002,54.150002,77536.0
2008-10-20 09:15:00,NSE:JYOTISTRUC,55.099998,57.0,54.0,54.900002,34383.0
2008-10-21 09:15:00,NSE:JYOTISTRUC,61.0,61.0,52.700001,53.650002,99876.0
2008-10-22 09:15:00,NSE:JYOTISTRUC,53.799999,55.900002,50.0,50.700001,126617.0
2008-10-23 09:15:00,NSE:JYOTISTRUC,50.0,52.0,46.099998,49.5,70456.0
2008-10-24 09:15:00,NSE:JYOTISTRUC,47.099998,49.349998,39.599998,39.599998,127208.0
2008-10-27 09:15:00,NSE:JYOTISTRUC,39.599998,47.549999,32.5,46.200001,156351.0
2008-10-28 09:15:00,NSE:JYOTISTRUC,50.0,52.0,50.0,50.799999,42042.0
2008-10-29 09:15:00,NSE:JYOTISTRUC,53.099998,55.950001,50.25,52.099998,47812.0
2008-10-31 09:15:00,NSE:JYOTISTRUC,52.0,62.0,52.0,55.150002,116507.0
2008-11-03 09:15:00,NSE:JYOTISTRUC,57.799999,64.5,57.799999,59.25,140916.0
2008-11-04 09:15:00,NSE:JYOTISTRUC,59.900002,59.900002,57.0,58.049999,38021.0
2008-11-05 09:15:00,NSE:JYOTISTRUC,62.0,63.900002,60.5,62.549999,139955.0
2008-11-06 09:15:00,NSE:JYOTISTRUC,61.0,61.0,57.0,58.900002,47487.0
2008-11-07 09:15:00,NSE:JYOTISTRUC,56.299999,64.800003,56.299999,63.450001,110832.0
2008-11-10 09:15:00,NSE:JYOTISTRUC,61.5,69.800003,61.5,67.800003,184845.0
2008-11-11 09:15:00,NSE:JYOTISTRUC,67.0,68.349998,64.099998,65.900002,79258.0
2008-11-12 09:15:00,NSE:JYOTISTRUC,65.599998,67.449997,60.599998,62.599998,47642.0
2008-11-14 09:15:00,NSE:JYOTISTRUC,63.549999,65.199997,60.549999,62.900002,93042.0
2008-11-17 09:15:00,NSE:JYOTISTRUC,62.650002,66.449997,56.650002,64.099998,76572.0
2008-11-18 09:15:00,NSE:JYOTISTRUC,63.0,63.5,61.099998,62.950001,100658.0
2008-11-19 09:15:00,NSE:JYOTISTRUC,61.650002,63.900002,58.0,59.799999,31957.0
2008-11-20 09:15:00,NSE:JYOTISTRUC,57.400002,60.5,55.25,59.299999,40725.0
2008-11-21 09:15:00,NSE:JYOTISTRUC,59.299999,61.700001,56.549999,60.049999,29086.0
2008-11-24 09:15:00,NSE:JYOTISTRUC,60.0,63.099998,54.25,55.0,713578.0
2008-11-25 09:15:00,NSE:JYOTISTRUC,58.400002,59.0,55.150002,57.700001,138760.0
2008-11-26 09:15:00,NSE:JYOTISTRUC,58.0,58.900002,55.0,55.349998,422128.0
2008-11-28 09:15:00,NSE:JYOTISTRUC,57.950001,60.400002,54.0,58.950001,27560.0
2008-12-01 09:15:00,NSE:JYOTISTRUC,62.400002,62.400002,58.400002,60.150002,33617.0
2008-12-02 09:15:00,NSE:JYOTISTRUC,56.599998,58.450001,56.549999,57.450001,12598.0
2008-12-03 09:15:00,NSE:JYOTISTRUC,58.0,60.0,56.5,58.950001,46082.0
2008-12-04 09:15:00,NSE:JYOTISTRUC,59.200001,61.299999,57.150002,61.0,47458.0
2008-12-05 09:15:00,NSE:JYOTISTRUC,61.900002,65.0,57.0,58.650002,132691.0
2008-12-08 09:15:00,NSE:JYOTISTRUC,59.0,60.0,55.299999,57.099998,27418.0
2008-12-10 09:15:00,NSE:JYOTISTRUC,57.200001,57.549999,53.0,55.349998,268360.0
2008-12-11 09:15:00,NSE:JYOTISTRUC,56.5,60.0,55.099998,59.349998,115429.0
2008-12-12 09:15:00,NSE:JYOTISTRUC,58.0,61.5,56.549999,60.049999,76069.0
2008-12-15 09:15:00,NSE:JYOTISTRUC,61.849998,66.099998,61.5,66.099998,60760.0
2008-12-16 09:15:00,NSE:JYOTISTRUC,67.0,72.75,66.0,72.75,0.0
2008-12-17 09:15:00,NSE:JYOTISTRUC,76.25,76.25,69.150002,69.150002,53380.0
2008-12-18 09:15:00,NSE:JYOTISTRUC,68.0,72.650002,65.699997,72.650002,62236.0
2008-12-19 09:15:00,NSE:JYOTISTRUC,75.0,76.300003,69.300003,75.849998,99924.0
2008-12-22 09:15:00,NSE:JYOTISTRUC,77.900002,79.650002,73.050003,77.900002,71818.0
2008-12-23 09:15:00,NSE:JYOTISTRUC,77.400002,77.400002,74.0,74.0,12113.0
2008-12-24 09:15:00,NSE:JYOTISTRUC,70.300003,70.949997,70.300003,70.300003,7099.0
2008-12-26 09:15:00,NSE:JYOTISTRUC,68.0,72.5,66.800003,66.800003,36859.0
2008-12-29 09:15:00,NSE:JYOTISTRUC,66.800003,70.150002,63.650002,70.0,31671.0
2008-12-30 09:15:00,NSE:JYOTISTRUC,72.800003,73.5,72.099998,73.5,229913.0
2008-12-31 09:15:00,NSE:JYOTISTRUC,76.800003,77.199997,70.5,76.050003,104780.0
2009-01-01 09:15:00,NSE:JYOTISTRUC,77.199997,79.849998,77.199997,77.800003,171090.0
2009-01-02 09:15:00,NSE:JYOTISTRUC,79.449997,81.400002,74.5,75.849998,107082.0
2009-01-05 09:15:00,NSE:JYOTISTRUC,77.400002,79.349998,75.0,76.199997,69595.0
2009-01-06 09:15:00,NSE:JYOTISTRUC,76.800003,78.949997,76.050003,77.800003,76818.0
2009-01-07 09:15:00,NSE:JYOTISTRUC,78.050003,79.800003,73.949997,73.949997,39022.0
2009-01-09 09:15:00,NSE:JYOTISTRUC,72.199997,72.199997,70.25,70.25,10669.0
2009-01-12 09:15:00,NSE:JYOTISTRUC,69.150002,71.0,66.75,67.099998,17100.0
2009-01-13 09:15:00,NSE:JYOTISTRUC,65.0,66.949997,63.799999,65.150002,27216.0
2009-01-14 09:15:00,NSE:JYOTISTRUC,64.75,67.349998,64.349998,65.349998,15153.0
2009-01-15 09:15:00,NSE:JYOTISTRUC,64.0,64.300003,62.099998,63.049999,18571.0
2009-01-16 09:15:00,NSE:JYOTISTRUC,64.800003,64.800003,59.900002,61.650002,39749.0
2009-01-19 09:15:00,NSE:JYOTISTRUC,60.099998,64.75,60.099998,62.799999,35238.0
2009-01-20 09:15:00,NSE:JYOTISTRUC,61.150002,63.0,60.150002,62.400002,19001.0
2009-01-21 09:15:00,NSE:JYOTISTRUC,62.950001,62.950001,60.049999,60.549999,16842.0
2009-01-22 09:15:00,NSE:JYOTISTRUC,62.5,62.5,58.049999,60.349998,40632.0
2009-01-23 09:15:00,NSE:JYOTISTRUC,60.0,61.5,59.150002,60.099998,25044.0
2009-01-27 09:15:00,NSE:JYOTISTRUC,60.5,61.5,60.0,60.950001,23611.0
2009-01-28 09:15:00,NSE:JYOTISTRUC,61.5,63.5,60.5,61.25,11153.0
2009-01-29 09:15:00,NSE:JYOTISTRUC,62.700001,62.700001,59.5,60.549999,82056.0
2009-01-30 09:15:00,NSE:JYOTISTRUC,60.349998,62.900002,60.200001,61.650002,159699.0
2009-02-02 09:15:00,NSE:JYOTISTRUC,61.049999,61.75,58.599998,59.099998,14335.0
2009-02-03 09:15:00,NSE:JYOTISTRUC,60.650002,60.650002,57.5,58.349998,34935.0
2009-02-04 09:15:00,NSE:JYOTISTRUC,58.599998,61.0,58.0,59.700001,59483.0
2009-02-05 09:15:00,NSE:JYOTISTRUC,58.5,59.950001,57.700001,58.150002,5629.0
2009-02-06 09:15:00,NSE:JYOTISTRUC,59.900002,60.0,57.5,58.599998,8360.0
2009-02-09 09:15:00,NSE:JYOTISTRUC,59.049999,60.0,58.400002,58.950001,13151.0
2009-02-10 09:15:00,NSE:JYOTISTRUC,60.5,60.5,57.5,58.099998,45201.0
2009-02-11 09:15:00,NSE:JYOTISTRUC,57.5,59.0,56.0,58.099998,9470.0
2009-02-12 09:15:00,NSE:JYOTISTRUC,59.299999,59.299999,57.150002,57.400002,17613.0
2009-02-13 09:15:00,NSE:JYOTISTRUC,57.799999,58.849998,56.599998,57.200001,27964.0
2009-02-16 09:15:00,NSE:JYOTISTRUC,58.5,58.5,56.349998,56.849998,22983.0
2009-02-17 09:15:00,NSE:JYOTISTRUC,57.0,57.0,55.099998,55.25,12566.0
2009-02-18 09:15:00,NSE:JYOTISTRUC,55.0,55.849998,53.75,54.099998,8798.0
2009-02-19 09:15:00,NSE:JYOTISTRUC,54.200001,56.0,52.900002,53.599998,17911.0
2009-02-20 09:15:00,NSE:JYOTISTRUC,52.700001,53.5,51.549999,52.599998,37602.0
2009-02-24 09:15:00,NSE:JYOTISTRUC,52.0,52.900002,50.599998,52.349998,9724.0
2009-02-25 09:15:00,NSE:JYOTISTRUC,51.799999,53.900002,51.5,51.849998,120225.0
2009-02-26 09:15:00,NSE:JYOTISTRUC,51.299999,53.900002,50.200001,51.25,22018.0
2009-02-27 09:15:00,NSE:JYOTISTRUC,52.0,52.0,50.0,51.099998,10722.0
2009-03-02 09:15:00,NSE:JYOTISTRUC,50.049999,51.299999,49.049999,49.599998,12032.0
2009-03-03 09:15:00,NSE:JYOTISTRUC,49.5,49.5,47.150002,47.200001,24894.0
2009-03-04 09:15:00,NSE:JYOTISTRUC,47.0,47.0,46.0,46.200001,15024.0
2009-03-05 09:15:00,NSE:JYOTISTRUC,46.200001,47.849998,45.650002,47.150002,0.0
2009-03-06 09:15:00,NSE:JYOTISTRUC,44.0,52.0,44.0,47.650002,38501.0
2009-03-09 09:15:00,NSE:JYOTISTRUC,50.0,50.0,45.25,45.450001,16195.0
2009-03-12 09:15:00,NSE:JYOTISTRUC,46.0,47.299999,44.599998,44.700001,15347.0
2009-03-13 09:15:00,NSE:JYOTISTRUC,46.349998,47.700001,44.599998,46.5,12780.0
2009-03-16 09:15:00,NSE:JYOTISTRUC,49.0,49.0,46.299999,47.900002,13262.0
2009-03-17 09:15:00,NSE:JYOTISTRUC,48.650002,50.0,46.549999,49.650002,23259.0
2009-03-18 09:15:00,NSE:JYOTISTRUC,50.5,51.900002,49.700001,50.700001,18228.0
2009-03-19 09:15:00,NSE:JYOTISTRUC,51.950001,53.0,49.299999,50.150002,17778.0
2009-03-20 09:15:00,NSE:JYOTISTRUC,45.200001,51.450001,45.200001,50.549999,7232.0
2009-03-23 09:15:00,NSE:JYOTISTRUC,50.799999,53.700001,49.700001,51.049999,42975.0
2009-03-24 09:15:00,NSE:JYOTISTRUC,52.0,52.700001,49.25,50.549999,51381.0
2009-03-25 09:15:00,NSE:JYOTISTRUC,50.150002,51.5,50.049999,50.900002,33868.0
2009-03-26 09:15:00,NSE:JYOTISTRUC,52.25,54.099998,49.049999,52.700001,89234.0
2009-03-27 09:15:00,NSE:JYOTISTRUC,53.0,54.900002,52.25,52.799999,43321.0
2009-03-30 09:15:00,NSE:JYOTISTRUC,51.200001,53.349998,51.0,52.0,22713.0
2009-03-31 09:15:00,NSE:JYOTISTRUC,53.950001,55.5,52.049999,54.700001,89900.0
2009-04-01 09:15:00,NSE:JYOTISTRUC,55.0,56.299999,54.049999,54.900002,17222.0
2009-04-02 09:15:00,NSE:JYOTISTRUC,56.5,65.0,55.75,58.5,230198.0
2009-04-06 09:15:00,NSE:JYOTISTRUC,59.599998,65.449997,58.799999,60.0,239536.0
2009-04-08 09:15:00,NSE:JYOTISTRUC,58.0,72.0,58.0,70.050003,454257.0
2009-04-09 09:15:00,NSE:JYOTISTRUC,73.0,73.400002,65.099998,66.300003,144302.0
2009-04-13 09:15:00,NSE:JYOTISTRUC,68.0,70.199997,65.949997,68.949997,155064.0
2009-04-15 09:15:00,NSE:JYOTISTRUC,67.800003,79.900002,67.199997,74.949997,276164.0
2009-04-16 09:15:00,NSE:JYOTISTRUC,77.050003,86.5,76.25,83.400002,0.0
2009-04-17 09:15:00,NSE:JYOTISTRUC,83.699997,89.5,82.650002,85.550003,382229.0
2009-04-20 09:15:00,NSE:JYOTISTRUC,87.0,89.599998,84.050003,87.050003,186842.0
2009-04-21 09:15:00,NSE:JYOTISTRUC,82.050003,88.900002,82.0,86.25,64956.0
2009-04-22 09:15:00,NSE:JYOTISTRUC,86.0,88.099998,79.300003,80.650002,96732.0
2009-04-23 09:15:00,NSE:JYOTISTRUC,80.0,83.5,76.25,79.400002,82474.0
2009-04-24 09:15:00,NSE:JYOTISTRUC,79.0,81.5,78.5,78.849998,37127.0
2009-04-27 09:15:00,NSE:JYOTISTRUC,78.900002,81.0,75.699997,76.949997,31425.0
2009-04-28 09:15:00,NSE:JYOTISTRUC,76.150002,78.449997,74.150002,75.050003,20448.0
2009-04-29 09:15:00,NSE:JYOTISTRUC,75.800003,82.0,73.75,77.5,59145.0
2009-05-04 09:15:00,NSE:JYOTISTRUC,81.0,82.5,79.050003,81.5,90790.0
2009-05-05 09:15:00,NSE:JYOTISTRUC,80.75,82.75,79.0,80.800003,29668.0
2009-05-06 09:15:00,NSE:JYOTISTRUC,79.0,82.0,79.0,80.199997,70449.0
2009-05-07 09:15:00,NSE:JYOTISTRUC,79.5,86.699997,79.5,85.5,119488.0
2009-05-08 09:15:00,NSE:JYOTISTRUC,86.050003,91.0,83.050003,85.199997,158960.0
2009-05-11 09:15:00,NSE:JYOTISTRUC,88.349998,88.349998,83.0,83.75,51014.0
2009-05-12 09:15:00,NSE:JYOTISTRUC,82.0,89.25,81.150002,86.599998,67261.0
2009-05-13 09:15:00,NSE:JYOTISTRUC,85.5,91.900002,85.300003,88.5,141982.0
2009-05-14 09:15:00,NSE:JYOTISTRUC,85.0,88.0,84.0,84.949997,32530.0
2009-05-15 09:15:00,NSE:JYOTISTRUC,87.5,92.0,85.050003,86.349998,76089.0
2009-05-18 09:15:00,NSE:JYOTISTRUC,100.0,103.65,100.0,103.3,3285.0
2009-05-19 09:15:00,NSE:JYOTISTRUC,115.0,118.5,91.550003,115.85,415025.0
2009-05-20 09:15:00,NSE:JYOTISTRUC,117.0,139.05,117.0,139.05,458191.0
2009-05-21 09:15:00,NSE:JYOTISTRUC,140.0,149.7,126.05,126.45,234476.0
2009-05-22 09:15:00,NSE:JYOTISTRUC,126.5,135.0,121.05,125.2,167145.0
2009-05-25 09:15:00,NSE:JYOTISTRUC,130.0,134.25,127.55,132.2,86104.0
2009-05-26 09:15:00,NSE:JYOTISTRUC,132.2,137.0,120.05,121.75,121924.0
2009-05-27 09:15:00,NSE:JYOTISTRUC,126.9,133.0,123.1,127.5,162239.0
2009-05-28 09:15:00,NSE:JYOTISTRUC,129.60001,137.0,125.5,131.5,115015.0
2009-05-29 09:15:00,NSE:JYOTISTRUC,135.0,144.64999,132.14999,144.64999,608370.0
2009-06-01 09:15:00,NSE:JYOTISTRUC,149.89999,159.14999,144.64999,159.14999,772740.0
2009-06-02 09:15:00,NSE:JYOTISTRUC,164.7,168.89999,151.05,158.89999,0.0
2009-06-03 09:15:00,NSE:JYOTISTRUC,160.39999,166.85001,154.5,164.39999,330989.0
2009-06-04 09:15:00,NSE:JYOTISTRUC,163.89999,164.5,157.0,158.10001,158676.0
2009-06-05 09:15:00,NSE:JYOTISTRUC,160.64999,161.0,150.2,150.2,212959.0
2009-06-08 09:15:00,NSE:JYOTISTRUC,147.0,150.0,142.7,142.7,122024.0
2009-06-09 09:15:00,NSE:JYOTISTRUC,137.10001,144.0,135.60001,140.35001,314027.0
2009-06-10 09:15:00,NSE:JYOTISTRUC,143.0,147.3,134.2,141.45,424224.0
2009-06-11 09:15:00,NSE:JYOTISTRUC,137.0,142.05,134.39999,136.10001,183414.0
2009-06-12 09:15:00,NSE:JYOTISTRUC,141.8,141.8,130.05,131.14999,243763.0
2009-06-15 09:15:00,NSE:JYOTISTRUC,137.05,137.05,126.1,132.10001,109432.0
2009-06-16 09:15:00,NSE:JYOTISTRUC,132.10001,135.0,125.65,133.0,137764.0
2009-06-17 09:15:00,NSE:JYOTISTRUC,135.0,135.0,126.35,126.35,158331.0
2009-06-18 09:15:00,NSE:JYOTISTRUC,124.75,124.75,120.05,120.25,216973.0
2009-06-19 09:15:00,NSE:JYOTISTRUC,122.0,126.0,114.3,121.65,155193.0
2009-06-22 09:15:00,NSE:JYOTISTRUC,125.0,126.0,120.4,123.05,88286.0
2009-06-23 09:15:00,NSE:JYOTISTRUC,122.0,124.3,117.0,122.85,83431.0
2009-06-24 09:15:00,NSE:JYOTISTRUC,123.85,127.0,117.65,122.4,199238.0
2009-06-25 09:15:00,NSE:JYOTISTRUC,122.1,126.0,119.5,121.3,187946.0
2009-06-26 09:15:00,NSE:JYOTISTRUC,124.4,127.4,120.3,127.4,228505.0
2009-06-29 09:15:00,NSE:JYOTISTRUC,129.89999,133.8,128.5,133.8,246723.0
2009-06-30 09:15:00,NSE:JYOTISTRUC,138.39999,140.5,133.5,136.2,261654.0
2009-07-01 09:15:00,NSE:JYOTISTRUC,135.5,140.0,133.75,138.10001,143216.0
2009-07-02 09:15:00,NSE:JYOTISTRUC,137.2,142.5,137.2,139.85001,62352.0
2009-07-03 09:15:00,NSE:JYOTISTRUC,139.0,146.85001,139.0,146.85001,73284.0
2009-07-06 09:15:00,NSE:JYOTISTRUC,152.0,154.14999,139.55,139.55,142656.0
2009-07-07 09:15:00,NSE:JYOTISTRUC,136.10001,141.0,132.60001,134.5,51839.0
2009-07-08 09:15:00,NSE:JYOTISTRUC,128.14999,132.8,128.14999,131.45,36549.0
2009-07-09 09:15:00,NSE:JYOTISTRUC,130.0,133.0,127.0,129.10001,67950.0
2009-07-10 09:15:00,NSE:JYOTISTRUC,128.0,135.60001,128.0,130.0,103902.0
2009-07-13 09:15:00,NSE:JYOTISTRUC,126.0,129.8,123.5,123.5,16941.0
2009-07-14 09:15:00,NSE:JYOTISTRUC,128.0,129.60001,125.0,127.95,46293.0
2009-07-15 09:15:00,NSE:JYOTISTRUC,131.0,132.75,126.9,131.89999,76966.0
2009-07-16 09:15:00,NSE:JYOTISTRUC,136.8,138.0,130.25,132.05,38679.0
2009-07-17 09:15:00,NSE:JYOTISTRUC,133.0,137.5,132.95,135.14999,55088.0
2009-07-20 09:15:00,NSE:JYOTISTRUC,136.5,141.95,132.0,141.95,42766.0
2009-07-21 09:15:00,NSE:JYOTISTRUC,145.0,149.05,138.05,146.95,124613.0
2009-07-22 09:15:00,NSE:JYOTISTRUC,149.5,152.0,139.7,150.2,166363.0
2009-07-23 09:15:00,NSE:JYOTISTRUC,152.89999,157.75,148.05,157.75,134733.0
2009-07-24 09:15:00,NSE:JYOTISTRUC,159.89999,165.64999,154.10001,162.35001,190018.0
2009-07-27 09:15:00,NSE:JYOTISTRUC,164.0,165.64999,159.55,162.85001,272066.0
2009-07-28 09:15:00,NSE:JYOTISTRUC,161.89999,170.05,159.0,166.89999,203550.0
2009-07-29 09:15:00,NSE:JYOTISTRUC,165.0,166.5,158.55,158.55,90935.0
2009-07-30 09:15:00,NSE:JYOTISTRUC,158.0,158.0,150.64999,150.89999,54552.0
2009-07-31 09:15:00,NSE:JYOTISTRUC,152.89999,154.5,146.25,147.10001,149540.0
2009-08-03 09:15:00,NSE:JYOTISTRUC,148.0,154.0,145.5,148.89999,94399.0
2009-08-04 09:15:00,NSE:JYOTISTRUC,150.0,152.0,146.0,147.10001,36555.0
2009-08-05 09:15:00,NSE:JYOTISTRUC,147.0,149.75,145.25,146.0,28692.0
2009-08-06 09:15:00,NSE:JYOTISTRUC,146.2,147.60001,140.0,141.05,49005.0
2009-08-07 09:15:00,NSE:JYOTISTRUC,143.35001,146.5,134.7,135.5,90878.0
2009-08-10 09:15:00,NSE:JYOTISTRUC,136.89999,139.89999,132.05,133.64999,30254.0
2009-08-11 09:15:00,NSE:JYOTISTRUC,133.10001,140.35001,131.05,140.35001,65537.0
2009-08-12 09:15:00,NSE:JYOTISTRUC,140.0,142.89999,136.75,141.55,0.0
2009-08-13 09:15:00,NSE:JYOTISTRUC,142.5,144.95,138.35001,139.89999,72428.0
2009-08-14 09:15:00,NSE:JYOTISTRUC,144.5,144.5,136.10001,137.39999,44923.0
2009-08-17 09:15:00,NSE:JYOTISTRUC,136.5,137.7,135.0,135.3,29135.0
2009-08-18 09:15:00,NSE:JYOTISTRUC,134.0,141.89999,134.0,140.10001,60756.0
2009-08-19 09:15:00,NSE:JYOTISTRUC,141.14999,143.39999,137.0,137.64999,25944.0
2009-08-20 09:15:00,NSE:JYOTISTRUC,137.89999,144.55,137.89999,142.35001,344269.0
2009-08-21 09:15:00,NSE:JYOTISTRUC,144.0,146.0,141.0,143.95,131262.0
2009-08-24 09:15:00,NSE:JYOTISTRUC,146.0,148.0,140.5,141.2,56760.0
2009-08-25 09:15:00,NSE:JYOTISTRUC,141.0,142.8,137.05,137.89999,446001.0
2009-08-26 09:15:00,NSE:JYOTISTRUC,139.89999,144.8,139.0,141.7,195821.0
2009-08-27 09:15:00,NSE:JYOTISTRUC,140.39999,147.0,140.39999,141.60001,194397.0
2009-08-28 09:15:00,NSE:JYOTISTRUC,144.5,147.5,141.10001,145.75,351394.0
2009-08-31 09:15:00,NSE:JYOTISTRUC,145.95,153.05,140.5,153.05,187749.0
2009-09-01 09:15:00,NSE:JYOTISTRUC,154.2,160.7,149.8,151.60001,819420.0
2009-09-02 09:15:00,NSE:JYOTISTRUC,151.0,156.0,146.60001,147.95,135629.0
2009-09-03 09:15:00,NSE:JYOTISTRUC,149.8,153.0,147.5,150.25,222147.0
2009-09-04 09:15:00,NSE:JYOTISTRUC,151.0,155.0,146.25,153.10001,0.0
2009-09-07 09:15:00,NSE:JYOTISTRUC,153.0,165.0,153.0,156.39999,139331.0
2009-09-08 09:15:00,NSE:JYOTISTRUC,158.05,159.8,152.8,154.45,184407.0
2009-09-09 09:15:00,NSE:JYOTISTRUC,155.10001,157.0,151.10001,152.05,64760.0
2009-09-10 09:15:00,NSE:JYOTISTRUC,154.95,156.0,150.0,151.25,110905.0
2009-09-11 09:15:00,NSE:JYOTISTRUC,152.3,155.0,145.10001,146.14999,111724.0
2009-09-14 09:15:00,NSE:JYOTISTRUC,145.0,147.60001,140.8,141.64999,185131.0
2009-09-15 09:15:00,NSE:JYOTISTRUC,143.5,153.2,143.05,147.55,366395.0
2009-09-16 09:15:00,NSE:JYOTISTRUC,149.8,164.64999,147.60001,162.0,1050118.0
2009-09-17 09:15:00,NSE:JYOTISTRUC,164.39999,165.0,155.5,162.0,429410.0
2009-09-18 09:15:00,NSE:JYOTISTRUC,161.5,169.0,159.5,161.8,520123.0
2009-09-22 09:15:00,NSE:JYOTISTRUC,162.0,168.89999,162.0,166.2,353353.0
2009-09-23 09:15:00,NSE:JYOTISTRUC,168.0,168.0,158.0,158.64999,106751.0
2009-09-24 09:15:00,NSE:JYOTISTRUC,152.2,157.0,152.2,153.0,252445.0
2009-09-25 09:15:00,NSE:JYOTISTRUC,153.95,157.45,150.89999,152.0,229834.0
2009-09-29 09:15:00,NSE:JYOTISTRUC,155.5,157.0,148.0,150.8,277436.0
2009-09-30 09:15:00,NSE:JYOTISTRUC,150.45,156.10001,149.89999,155.25,209844.0
2009-10-01 09:15:00,NSE:JYOTISTRUC,155.0,158.0,152.5,155.95,96340.0
2009-10-05 09:15:00,NSE:JYOTISTRUC,156.2,156.2,150.10001,151.10001,51510.0
2009-10-06 09:15:00,NSE:JYOTISTRUC,151.95,154.75,150.10001,153.55,91063.0
2009-10-07 09:15:00,NSE:JYOTISTRUC,155.25,157.85001,151.3,152.5,62618.0
2009-10-08 09:15:00,NSE:JYOTISTRUC,153.5,156.7,152.10001,152.5,182457.0
2009-10-09 09:15:00,NSE:JYOTISTRUC,155.0,156.45,150.5,151.60001,54840.0
2009-10-12 09:15:00,NSE:JYOTISTRUC,152.60001,155.7,152.60001,153.60001,135349.0
2009-10-14 09:15:00,NSE:JYOTISTRUC,155.0,156.0,152.39999,154.0,59192.0
2009-10-15 09:15:00,NSE:JYOTISTRUC,154.5,156.5,151.35001,152.14999,93571.0
2009-10-16 09:15:00,NSE:JYOTISTRUC,153.95,159.39999,152.39999,155.64999,861068.0
2009-10-20 09:15:00,NSE:JYOTISTRUC,159.85001,159.85001,155.10001,155.7,97870.0
2009-10-21 09:15:00,NSE:JYOTISTRUC,161.0,173.0,152.7,154.35001,828602.0
2009-10-22 09:15:00,NSE:JYOTISTRUC,157.39999,161.39999,149.25,150.60001,431377.0
2009-10-23 09:15:00,NSE:JYOTISTRUC,151.10001,156.0,149.10001,149.8,331010.0
2009-10-26 09:15:00,NSE:JYOTISTRUC,154.8,154.8,147.55,148.75,116808.0
2009-10-27 09:15:00,NSE:JYOTISTRUC,148.89999,148.89999,137.0,139.10001,198691.0
2009-10-28 09:15:00,NSE:JYOTISTRUC,139.10001,139.5,131.0,132.45,230861.0
2009-10-29 09:15:00,NSE:JYOTISTRUC,130.14999,135.3,128.0,132.35001,190404.0
2009-10-30 09:15:00,NSE:JYOTISTRUC,136.0,139.89999,130.0,132.55,241595.0
2009-11-03 09:15:00,NSE:JYOTISTRUC,131.0,137.5,129.10001,133.45,141720.0
2009-11-04 09:15:00,NSE:JYOTISTRUC,135.05,137.5,131.0,136.10001,274630.0
2009-11-05 09:15:00,NSE:JYOTISTRUC,135.25,143.0,133.05,141.75,131946.0
2009-11-06 09:15:00,NSE:JYOTISTRUC,144.64999,145.0,141.5,142.89999,73078.0
2009-11-09 09:15:00,NSE:JYOTISTRUC,145.5,147.5,142.8,143.85001,188175.0
2009-11-10 09:15:00,NSE:JYOTISTRUC,146.2,147.75,140.5,141.05,121254.0
2009-11-11 09:15:00,NSE:JYOTISTRUC,144.5,144.5,139.25,139.95,357974.0
2009-11-12 09:15:00,NSE:JYOTISTRUC,142.0,145.60001,140.10001,144.35001,207197.0
2009-11-13 09:15:00,NSE:JYOTISTRUC,146.89999,147.5,142.35001,146.85001,236386.0
2009-11-16 09:15:00,NSE:JYOTISTRUC,147.75,152.0,147.7,150.8,160217.0
2009-11-17 09:15:00,NSE:JYOTISTRUC,151.89999,151.89999,146.64999,147.7,61613.0
2009-11-18 09:15:00,NSE:JYOTISTRUC,148.25,156.0,148.2,151.14999,337593.0
2009-11-19 09:15:00,NSE:JYOTISTRUC,152.8,153.0,147.10001,147.7,100505.0
2009-11-20 09:15:00,NSE:JYOTISTRUC,147.0,150.5,145.25,149.10001,73293.0
2009-11-23 09:15:00,NSE:JYOTISTRUC,150.5,152.75,148.55,149.55,104407.0
2009-11-24 09:15:00,NSE:JYOTISTRUC,153.0,158.10001,149.0,150.0,529889.0
2009-11-25 09:15:00,NSE:JYOTISTRUC,151.0,154.25,147.60001,148.95,357059.0
2009-11-26 09:15:00,NSE:JYOTISTRUC,150.10001,151.0,148.10001,149.45,125976.0
2009-11-27 09:15:00,NSE:JYOTISTRUC,148.10001,148.10001,139.5,141.85001,270971.0
2009-11-30 09:15:00,NSE:JYOTISTRUC,145.85001,146.89999,142.0,143.2,182176.0
2009-12-01 09:15:00,NSE:JYOTISTRUC,144.0,154.0,142.8,146.85001,385436.0
2009-12-02 09:15:00,NSE:JYOTISTRUC,149.95,152.0,148.0,149.95,381296.0
2009-12-03 09:15:00,NSE:JYOTISTRUC,151.25,152.39999,147.35001,149.64999,588838.0
2009-12-04 09:15:00,NSE:JYOTISTRUC,147.0,152.39999,147.0,147.75,318204.0
2009-12-07 09:15:00,NSE:JYOTISTRUC,149.25,150.10001,144.14999,145.55,152093.0
2009-12-08 09:15:00,NSE:JYOTISTRUC,147.5,149.0,145.35001,145.89999,162812.0
2009-12-09 09:15:00,NSE:JYOTISTRUC,142.5,147.5,142.5,143.75,95389.0
2009-12-10 09:15:00,NSE:JYOTISTRUC,144.64999,146.89999,143.25,145.64999,222813.0
2009-12-11 09:15:00,NSE:JYOTISTRUC,149.8,153.5,147.2,151.8,1290614.0
2009-12-14 09:15:00,NSE:JYOTISTRUC,152.89999,155.25,149.05,150.10001,541276.0
2009-12-15 09:15:00,NSE:JYOTISTRUC,152.5,152.5,143.10001,144.55,123282.0
2009-12-16 09:15:00,NSE:JYOTISTRUC,145.0,154.25,143.3,150.5,316113.0
2009-12-17 09:15:00,NSE:JYOTISTRUC,151.95,153.3,148.0,151.14999,703636.0
2009-12-18 09:15:00,NSE:JYOTISTRUC,151.0,163.0,150.25,160.2,2968565.0
2009-12-21 09:15:00,NSE:JYOTISTRUC,161.0,167.45,160.7,162.55,1334974.0
2009-12-22 09:15:00,NSE:JYOTISTRUC,163.5,165.7,158.0,159.0,366980.0
2009-12-23 09:15:00,NSE:JYOTISTRUC,160.45,163.0,158.5,160.39999,221276.0
2009-12-24 09:15:00,NSE:JYOTISTRUC,161.64999,163.0,158.5,161.14999,201780.0
2009-12-29 09:15:00,NSE:JYOTISTRUC,163.0,164.39999,161.55,162.10001,219269.0
2009-12-30 09:15:00,NSE:JYOTISTRUC,163.39999,176.89999,162.25,174.39999,1573236.0
2009-12-31 09:15:00,NSE:JYOTISTRUC,178.0,178.55,157.7,172.55,1320072.0
2010-01-04 09:15:00,NSE:JYOTISTRUC,174.0,177.0,172.0,172.75,448377.0
2010-01-05 09:15:00,NSE:JYOTISTRUC,174.64999,175.35001,168.45,170.55,359904.0
2010-01-06 09:15:00,NSE:JYOTISTRUC,172.10001,174.2,170.64999,171.85001,274522.0
2010-01-07 09:15:00,NSE:JYOTISTRUC,172.5,179.7,171.0,178.0,1005505.0
2010-01-08 09:15:00,NSE:JYOTISTRUC,180.3,186.45,176.0,185.0,1737232.0
2010-01-11 09:15:00,NSE:JYOTISTRUC,186.7,196.10001,185.8,194.14999,1114870.0
2010-01-12 09:15:00,NSE:JYOTISTRUC,193.89999,196.7,185.0,186.3,442887.0
2010-01-13 09:15:00,NSE:JYOTISTRUC,186.0,192.5,184.3,190.95,520427.0
2010-01-14 09:15:00,NSE:JYOTISTRUC,191.5,192.95,185.10001,186.10001,154721.0
2010-01-15 09:15:00,NSE:JYOTISTRUC,187.0,197.0,186.0,195.45,478024.0
2010-01-18 09:15:00,NSE:JYOTISTRUC,195.05,196.39999,184.60001,186.25,584630.0
2010-01-19 09:15:00,NSE:JYOTISTRUC,188.0,190.0,181.95,183.5,137539.0
2010-01-20 09:15:00,NSE:JYOTISTRUC,185.0,186.0,173.5,176.0,329341.0
2010-01-21 09:15:00,NSE:JYOTISTRUC,174.0,182.0,172.3,174.85001,498813.0
2010-01-22 09:15:00,NSE:JYOTISTRUC,170.0,179.45,162.39999,171.7,551807.0
2010-01-25 09:15:00,NSE:JYOTISTRUC,170.05,174.10001,167.60001,173.14999,131917.0
2010-01-27 09:15:00,NSE:JYOTISTRUC,170.5,176.45,161.05,161.85001,304990.0
2010-01-28 09:15:00,NSE:JYOTISTRUC,166.35001,167.5,160.2,162.10001,381749.0
2010-01-29 09:15:00,NSE:JYOTISTRUC,161.85001,168.5,157.0,166.05,162613.0
2010-02-01 09:15:00,NSE:JYOTISTRUC,167.5,175.0,166.05,173.14999,148754.0
2010-02-02 09:15:00,NSE:JYOTISTRUC,176.0,181.85001,170.39999,173.64999,286886.0
2010-02-03 09:15:00,NSE:JYOTISTRUC,175.0,176.55,171.8,173.45,69034.0
2010-02-04 09:15:00,NSE:JYOTISTRUC,173.8,175.0,163.2,165.39999,125378.0
2010-02-05 09:15:00,NSE:JYOTISTRUC,160.10001,165.60001,152.2,160.85001,343020.0
2010-02-08 09:15:00,NSE:JYOTISTRUC,165.45,167.95,162.5,165.85001,57632.0
2010-02-09 09:15:00,NSE:JYOTISTRUC,168.0,173.0,166.0,167.05,202057.0
2010-02-10 09:15:00,NSE:JYOTISTRUC,169.5,170.0,167.2,169.3,77052.0
2010-02-11 09:15:00,NSE:JYOTISTRUC,170.0,171.8,166.14999,167.05,55280.0
2010-02-15 09:15:00,NSE:JYOTISTRUC,169.89999,176.45,169.2,171.2,222262.0
2010-02-16 09:15:00,NSE:JYOTISTRUC,173.7,176.2,170.2,172.2,116400.0
2010-02-17 09:15:00,NSE:JYOTISTRUC,172.75,173.95,170.35001,170.89999,62183.0
2010-02-18 09:15:00,NSE:JYOTISTRUC,172.0,172.0,168.10001,168.55,45916.0
2010-02-19 09:15:00,NSE:JYOTISTRUC,171.89999,172.0,162.75,163.35001,98440.0
2010-02-22 09:15:00,NSE:JYOTISTRUC,167.55,171.89999,162.05,162.45,204797.0
2010-02-23 09:15:00,NSE:JYOTISTRUC,162.5,163.0,150.35001,153.60001,289658.0
2010-02-24 09:15:00,NSE:JYOTISTRUC,153.0,155.5,151.5,154.60001,303314.0
2010-02-25 09:15:00,NSE:JYOTISTRUC,155.0,158.89999,153.60001,154.64999,128374.0
2010-02-26 09:15:00,NSE:JYOTISTRUC,155.95,158.45,152.5,154.05,136203.0
2010-03-02 09:15:00,NSE:JYOTISTRUC,156.45,161.0,155.7,159.39999,277297.0
2010-03-03 09:15:00,NSE:JYOTISTRUC,160.0,162.3,158.60001,159.25,122225.0
2010-03-04 09:15:00,NSE:JYOTISTRUC,158.0,161.89999,158.0,161.14999,129071.0
2010-03-05 09:15:00,NSE:JYOTISTRUC,163.45,170.89999,161.75,162.8,758381.0
2010-03-08 09:15:00,NSE:JYOTISTRUC,164.5,168.8,161.60001,163.8,207854.0
2010-03-09 09:15:00,NSE:JYOTISTRUC,164.0,164.0,159.5,160.60001,179461.0
2010-03-10 09:15:00,NSE:JYOTISTRUC,161.0,163.89999,159.64999,161.0,157482.0
2010-03-11 09:15:00,NSE:JYOTISTRUC,162.0,173.0,160.10001,171.2,942891.0
2010-03-12 09:15:00,NSE:JYOTISTRUC,173.2,174.0,168.3,169.05,439703.0
2010-03-15 09:15:00,NSE:JYOTISTRUC,168.0,168.7,164.5,165.2,50524.0
2010-03-16 09:15:00,NSE:JYOTISTRUC,164.25,166.75,163.5,164.85001,45994.0
2010-03-17 09:15:00,NSE:JYOTISTRUC,165.10001,170.7,164.10001,164.8,284321.0
2010-03-18 09:15:00,NSE:JYOTISTRUC,166.0,166.60001,164.0,164.95,82280.0
2010-03-19 09:15:00,NSE:JYOTISTRUC,165.0,168.0,163.60001,164.55,81981.0
2010-03-22 09:15:00,NSE:JYOTISTRUC,162.0,164.55,161.0,164.05,74545.0
2010-03-23 09:15:00,NSE:JYOTISTRUC,164.7,166.89999,163.5,164.64999,152690.0
2010-03-25 09:15:00,NSE:JYOTISTRUC,164.64999,172.95,164.64999,169.2,1362764.0
2010-03-26 09:15:00,NSE:JYOTISTRUC,173.0,175.5,167.05,168.75,564875.0
2010-03-29 09:15:00,NSE:JYOTISTRUC,170.0,172.7,161.10001,162.39999,327807.0
2010-03-30 09:15:00,NSE:JYOTISTRUC,164.89999,170.39999,164.0,166.14999,335224.0
2010-03-31 09:15:00,NSE:JYOTISTRUC,167.25,170.75,161.39999,162.45,356992.0
2010-04-01 09:15:00,NSE:JYOTISTRUC,164.25,170.5,164.2,169.7,319793.0
2010-04-05 09:15:00,NSE:JYOTISTRUC,170.0,171.0,165.55,167.45,223071.0
2010-04-06 09:15:00,NSE:JYOTISTRUC,168.0,172.2,166.60001,167.35001,288752.0
2010-04-07 09:15:00,NSE:JYOTISTRUC,168.0,170.35001,167.8,168.75,116906.0
2010-04-08 09:15:00,NSE:JYOTISTRUC,174.95,174.95,168.5,169.60001,250217.0
2010-04-09 09:15:00,NSE:JYOTISTRUC,170.0,172.05,167.5,170.89999,113947.0
2010-04-12 09:15:00,NSE:JYOTISTRUC,170.89999,174.0,170.10001,170.8,180886.0
2010-04-13 09:15:00,NSE:JYOTISTRUC,170.5,173.75,169.0,169.55,154603.0
2010-04-15 09:15:00,NSE:JYOTISTRUC,170.0,171.75,168.55,169.14999,89290.0
2010-04-16 09:15:00,NSE:JYOTISTRUC,169.0,169.39999,167.0,167.45,58807.0
2010-04-19 09:15:00,NSE:JYOTISTRUC,171.95,171.95,163.2,165.85001,76339.0
2010-04-20 09:15:00,NSE:JYOTISTRUC,166.0,168.89999,166.0,167.7,48874.0
2010-04-21 09:15:00,NSE:JYOTISTRUC,169.0,170.0,167.95,168.5,50599.0
2010-04-22 09:15:00,NSE:JYOTISTRUC,167.5,169.8,167.2,168.3,78775.0
2010-04-23 09:15:00,NSE:JYOTISTRUC,170.10001,176.95,169.55,172.55,742847.0
2010-04-26 09:15:00,NSE:JYOTISTRUC,173.0,177.7,170.55,175.45,370772.0
2010-04-27 09:15:00,NSE:JYOTISTRUC,175.0,175.89999,170.3,171.14999,105360.0
2010-04-28 09:15:00,NSE:JYOTISTRUC,170.0,170.5,165.3,166.05,106408.0
2010-04-29 09:15:00,NSE:JYOTISTRUC,166.0,169.5,166.0,167.95,60528.0
2010-04-30 09:15:00,NSE:JYOTISTRUC,168.0,170.25,167.10001,167.64999,65163.0
2010-05-03 09:15:00,NSE:JYOTISTRUC,167.8,169.35001,164.0,164.64999,92800.0
2010-05-04 09:15:00,NSE:JYOTISTRUC,166.8,166.95,161.10001,162.3,72283.0
2010-05-05 09:15:00,NSE:JYOTISTRUC,160.10001,163.5,156.10001,162.05,70492.0
2010-05-06 09:15:00,NSE:JYOTISTRUC,162.0,164.0,157.10001,158.8,71509.0
2010-05-07 09:15:00,NSE:JYOTISTRUC,155.10001,159.5,151.2,157.45,296630.0
2010-05-10 09:15:00,NSE:JYOTISTRUC,158.55,161.0,157.0,157.85001,113698.0
2010-05-11 09:15:00,NSE:JYOTISTRUC,159.89999,159.89999,145.0,147.60001,483128.0
2010-05-12 09:15:00,NSE:JYOTISTRUC,147.0,151.8,144.10001,145.60001,381277.0
2010-05-13 09:15:00,NSE:JYOTISTRUC,148.3,154.45,147.05,152.7,164191.0
2010-05-14 09:15:00,NSE:JYOTISTRUC,153.89999,153.89999,150.10001,152.35001,81928.0
2010-05-17 09:15:00,NSE:JYOTISTRUC,151.89999,151.89999,143.5,144.60001,342387.0
2010-05-18 09:15:00,NSE:JYOTISTRUC,145.0,150.60001,144.60001,148.64999,99653.0
2010-05-19 09:15:00,NSE:JYOTISTRUC,147.0,147.0,135.8,143.89999,347124.0
2010-05-20 09:15:00,NSE:JYOTISTRUC,145.0,145.89999,138.35001,140.05,102899.0
2010-05-21 09:15:00,NSE:JYOTISTRUC,136.0,139.39999,132.0,133.35001,368889.0
2010-05-24 09:15:00,NSE:JYOTISTRUC,136.95,141.8,135.39999,139.14999,164139.0
2010-05-25 09:15:00,NSE:JYOTISTRUC,135.5,137.8,133.10001,134.05,73752.0
2010-05-26 09:15:00,NSE:JYOTISTRUC,136.0,139.64999,135.25,137.14999,57739.0
2010-05-27 09:15:00,NSE:JYOTISTRUC,136.5,141.8,136.0,140.5,57661.0
2010-05-28 09:15:00,NSE:JYOTISTRUC,141.14999,144.89999,139.5,140.10001,141605.0
2010-05-31 09:15:00,NSE:JYOTISTRUC,139.45,142.95,137.55,138.0,113014.0
2010-06-01 09:15:00,NSE:JYOTISTRUC,138.0,141.39999,138.0,140.3,134272.0
2010-06-02 09:15:00,NSE:JYOTISTRUC,141.0,143.64999,140.0,142.95,77512.0
2010-06-03 09:15:00,NSE:JYOTISTRUC,145.89999,145.89999,141.2,143.05,96827.0
2010-06-04 09:15:00,NSE:JYOTISTRUC,142.0,145.2,141.60001,144.2,56834.0
2010-06-07 09:15:00,NSE:JYOTISTRUC,142.0,144.0,138.0,142.25,53228.0
2010-06-08 09:15:00,NSE:JYOTISTRUC,142.0,145.0,140.55,141.05,71846.0
2010-06-09 09:15:00,NSE:JYOTISTRUC,141.0,143.8,141.0,142.45,22866.0
2010-06-10 09:15:00,NSE:JYOTISTRUC,142.0,148.7,142.0,146.35001,512022.0
2010-06-11 09:15:00,NSE:JYOTISTRUC,148.39999,153.85001,146.60001,151.14999,333025.0
2010-06-14 09:15:00,NSE:JYOTISTRUC,152.5,155.39999,149.0,150.14999,95006.0
2010-06-15 09:15:00,NSE:JYOTISTRUC,150.55,152.85001,148.0,151.7,66891.0
2010-06-16 09:15:00,NSE:JYOTISTRUC,152.0,154.2,151.05,153.05,79250.0
2010-06-17 09:15:00,NSE:JYOTISTRUC,152.0,155.5,151.55,154.39999,77018.0
2010-06-18 09:15:00,NSE:JYOTISTRUC,152.3,154.45,152.3,153.0,46376.0
2010-06-21 09:15:00,NSE:JYOTISTRUC,155.0,155.0,153.05,154.0,56034.0
2010-06-22 09:15:00,NSE:JYOTISTRUC,154.0,154.0,151.2,152.10001,75497.0
2010-06-23 09:15:00,NSE:JYOTISTRUC,154.0,161.8,153.8,156.89999,641588.0
2010-06-24 09:15:00,NSE:JYOTISTRUC,158.0,160.8,155.14999,156.60001,341849.0
2010-06-25 09:15:00,NSE:JYOTISTRUC,155.10001,157.35001,151.0,151.75,230146.0
2010-06-28 09:15:00,NSE:JYOTISTRUC,152.89999,153.5,146.85001,148.60001,513686.0
2010-06-29 09:15:00,NSE:JYOTISTRUC,148.95,153.35001,147.75,152.10001,210164.0
2010-06-30 09:15:00,NSE:JYOTISTRUC,150.10001,154.3,149.60001,153.5,127788.0
2010-07-01 09:15:00,NSE:JYOTISTRUC,150.3,154.0,148.7,151.64999,402465.0
2010-07-02 09:15:00,NSE:JYOTISTRUC,153.89999,155.85001,150.10001,150.8,99409.0
2010-07-05 09:15:00,NSE:JYOTISTRUC,150.0,152.45,150.0,150.25,95545.0
2010-07-06 09:15:00,NSE:JYOTISTRUC,148.0,151.39999,147.60001,150.0,188890.0
2010-07-07 09:15:00,NSE:JYOTISTRUC,151.95,153.55,150.0,152.10001,135621.0
2010-07-08 09:15:00,NSE:JYOTISTRUC,153.2,155.75,153.0,153.75,146197.0
2010-07-09 09:15:00,NSE:JYOTISTRUC,154.2,156.0,153.2,155.10001,171412.0
2010-07-12 09:15:00,NSE:JYOTISTRUC,156.55,157.55,151.5,154.0,172508.0
2010-07-13 09:15:00,NSE:JYOTISTRUC,156.0,161.89999,153.25,159.75,545249.0
2010-07-14 09:15:00,NSE:JYOTISTRUC,161.60001,163.35001,155.10001,156.75,299717.0
2010-07-15 09:15:00,NSE:JYOTISTRUC,157.89999,159.5,155.5,158.05,168074.0
2010-07-16 09:15:00,NSE:JYOTISTRUC,158.05,162.5,157.05,161.55,370422.0
2010-07-19 09:15:00,NSE:JYOTISTRUC,161.55,164.0,159.89999,162.60001,210163.0
2010-07-20 09:15:00,NSE:JYOTISTRUC,162.60001,169.25,162.60001,167.3,796871.0
2010-07-21 09:15:00,NSE:JYOTISTRUC,165.0,168.45,160.25,162.7,200544.0
2010-07-22 09:15:00,NSE:JYOTISTRUC,162.55,166.39999,161.55,165.60001,178168.0
2010-07-23 09:15:00,NSE:JYOTISTRUC,165.2,168.3,163.75,165.14999,92998.0
2010-07-26 09:15:00,NSE:JYOTISTRUC,166.10001,167.0,161.0,163.7,84151.0
2010-07-27 09:15:00,NSE:JYOTISTRUC,165.0,168.0,156.0,162.3,439605.0
2010-07-28 09:15:00,NSE:JYOTISTRUC,164.0,165.0,157.25,160.45,170274.0
2010-07-29 09:15:00,NSE:JYOTISTRUC,158.8,161.25,156.5,157.35001,356661.0
2010-07-30 09:15:00,NSE:JYOTISTRUC,158.5,160.5,155.0,155.45,80961.0
2010-08-02 09:15:00,NSE:JYOTISTRUC,157.3,157.95,152.75,154.10001,112584.0
2010-08-03 09:15:00,NSE:JYOTISTRUC,155.0,155.89999,153.3,153.95,171176.0
2010-08-04 09:15:00,NSE:JYOTISTRUC,154.60001,155.10001,152.55,153.45,186020.0
2010-08-05 09:15:00,NSE:JYOTISTRUC,155.0,155.0,152.10001,152.89999,242437.0
2010-08-06 09:15:00,NSE:JYOTISTRUC,152.8,156.5,152.0,152.35001,197111.0
2010-08-09 09:15:00,NSE:JYOTISTRUC,152.89999,154.8,152.0,154.0,401526.0
2010-08-10 09:15:00,NSE:JYOTISTRUC,154.25,156.7,151.3,151.89999,157723.0
2010-08-11 09:15:00,NSE:JYOTISTRUC,152.0,153.5,150.0,150.2,140872.0
2010-08-12 09:15:00,NSE:JYOTISTRUC,149.0,150.0,147.25,147.95,93534.0
2010-08-13 09:15:00,NSE:JYOTISTRUC,150.0,153.5,148.5,148.7,98174.0
2010-08-16 09:15:00,NSE:JYOTISTRUC,149.10001,150.89999,147.25,148.2,284295.0
2010-08-17 09:15:00,NSE:JYOTISTRUC,149.0,149.8,146.0,146.60001,59626.0
2010-08-18 09:15:00,NSE:JYOTISTRUC,149.2,149.2,145.39999,145.8,113872.0
2010-08-19 09:15:00,NSE:JYOTISTRUC,146.3,149.39999,142.35001,143.45,243986.0
2010-08-20 09:15:00,NSE:JYOTISTRUC,142.5,144.0,141.3,142.05,174526.0
2010-08-23 09:15:00,NSE:JYOTISTRUC,143.5,143.5,139.5,140.39999,262403.0
2010-08-24 09:15:00,NSE:JYOTISTRUC,140.39999,141.0,136.25,137.45,181284.0
2010-08-25 09:15:00,NSE:JYOTISTRUC,137.10001,142.60001,136.05,138.39999,212394.0
2010-08-26 09:15:00,NSE:JYOTISTRUC,139.95,147.8,137.60001,145.89999,608667.0
2010-08-27 09:15:00,NSE:JYOTISTRUC,147.0,150.0,140.5,141.45,451925.0
2010-08-30 09:15:00,NSE:JYOTISTRUC,144.05,144.89999,135.25,136.45,229611.0
2010-08-31 09:15:00,NSE:JYOTISTRUC,137.8,137.8,132.8,134.39999,197090.0
2010-09-01 09:15:00,NSE:JYOTISTRUC,135.0,138.89999,135.0,137.7,133069.0
2010-09-02 09:15:00,NSE:JYOTISTRUC,138.5,141.7,138.0,138.75,235613.0
2010-09-03 09:15:00,NSE:JYOTISTRUC,139.10001,141.0,138.5,139.8,160841.0
2010-09-06 09:15:00,NSE:JYOTISTRUC,140.89999,142.75,138.5,138.8,171707.0
2010-09-07 09:15:00,NSE:JYOTISTRUC,139.05,140.5,138.35001,139.60001,387608.0
2010-09-08 09:15:00,NSE:JYOTISTRUC,138.5,143.39999,135.10001,137.75,689350.0
2010-09-09 09:15:00,NSE:JYOTISTRUC,139.5,142.2,138.5,139.25,391577.0
2010-09-13 09:15:00,NSE:JYOTISTRUC,141.0,141.0,134.05,135.05,625437.0
2010-09-14 09:15:00,NSE:JYOTISTRUC,136.5,137.39999,129.0,131.64999,430497.0
2010-09-15 09:15:00,NSE:JYOTISTRUC,133.39999,141.64999,131.05,140.60001,1599460.0
2010-09-16 09:15:00,NSE:JYOTISTRUC,142.89999,142.89999,134.5,134.95,677825.0
2010-09-17 09:15:00,NSE:JYOTISTRUC,136.0,138.89999,135.5,136.89999,549455.0
2010-09-20 09:15:00,NSE:JYOTISTRUC,139.0,140.85001,137.89999,139.25,890384.0
2010-09-21 09:15:00,NSE:JYOTISTRUC,139.89999,141.0,134.25,135.05,622233.0
2010-09-22 09:15:00,NSE:JYOTISTRUC,136.0,138.85001,134.3,138.10001,483802.0
2010-09-23 09:15:00,NSE:JYOTISTRUC,138.5,139.0,135.55,137.14999,247361.0
2010-09-24 09:15:00,NSE:JYOTISTRUC,137.8,140.45,137.25,140.14999,540404.0
2010-09-27 09:15:00,NSE:JYOTISTRUC,140.95,141.2,138.3,139.0,472182.0
2010-09-28 09:15:00,NSE:JYOTISTRUC,140.0,140.0,136.60001,137.10001,128628.0
2010-09-29 09:15:00,NSE:JYOTISTRUC,138.25,138.85001,136.5,137.0,141749.0
2010-09-30 09:15:00,NSE:JYOTISTRUC,137.5,138.60001,134.39999,136.05,160586.0
2010-10-01 09:15:00,NSE:JYOTISTRUC,136.60001,139.5,136.05,137.2,135197.0
2010-10-04 09:15:00,NSE:JYOTISTRUC,137.2,139.45,134.8,135.45,262381.0
2010-10-05 09:15:00,NSE:JYOTISTRUC,137.7,141.89999,135.55,138.75,485425.0
2010-10-06 09:15:00,NSE:JYOTISTRUC,139.0,144.8,139.0,143.95,980090.0
2010-10-07 09:15:00,NSE:JYOTISTRUC,144.89999,148.95,142.60001,144.7,833870.0
2010-10-08 09:15:00,NSE:JYOTISTRUC,145.5,148.39999,142.10001,143.55,431292.0
2010-10-11 09:15:00,NSE:JYOTISTRUC,144.25,146.39999,142.35001,142.95,248282.0
2010-10-12 09:15:00,NSE:JYOTISTRUC,143.95,143.95,140.0,141.5,213980.0
2010-10-13 09:15:00,NSE:JYOTISTRUC,142.0,142.95,137.75,138.45,360656.0
2010-10-14 09:15:00,NSE:JYOTISTRUC,139.0,142.95,137.05,137.7,270016.0
2010-10-15 09:15:00,NSE:JYOTISTRUC,138.10001,139.14999,135.5,136.3,210255.0
2010-10-18 09:15:00,NSE:JYOTISTRUC,137.7,137.75,132.5,133.7,185728.0
2010-10-19 09:15:00,NSE:JYOTISTRUC,135.55,136.7,133.75,135.5,162045.0
2010-10-20 09:15:00,NSE:JYOTISTRUC,134.0,135.0,132.75,133.3,156280.0
2010-10-21 09:15:00,NSE:JYOTISTRUC,134.39999,135.89999,132.05,132.35001,300567.0
2010-10-22 09:15:00,NSE:JYOTISTRUC,133.45,134.5,131.75,132.10001,1131438.0
2010-10-25 09:15:00,NSE:JYOTISTRUC,134.2,137.8,133.5,135.89999,455900.0
2010-10-26 09:15:00,NSE:JYOTISTRUC,137.0,137.39999,133.0,133.85001,268387.0
2010-10-27 09:15:00,NSE:JYOTISTRUC,134.5,138.39999,132.64999,134.95,475509.0
2010-10-28 09:15:00,NSE:JYOTISTRUC,135.0,136.85001,131.5,132.75,169148.0
2010-10-29 09:15:00,NSE:JYOTISTRUC,132.5,134.0,131.10001,132.7,143226.0
2010-11-01 09:15:00,NSE:JYOTISTRUC,133.2,136.39999,132.8,135.64999,252077.0
2010-11-02 09:15:00,NSE:JYOTISTRUC,136.39999,138.85001,134.55,136.64999,428928.0
2010-11-03 09:15:00,NSE:JYOTISTRUC,138.14999,139.39999,136.75,137.05,222450.0
2010-11-04 09:15:00,NSE:JYOTISTRUC,137.89999,140.7,136.7,139.0,655173.0
2010-11-05 09:15:00,NSE:JYOTISTRUC,140.0,142.0,140.0,141.0,101557.0
2010-11-08 09:15:00,NSE:JYOTISTRUC,142.0,146.5,139.10001,143.14999,961431.0
2010-11-09 09:15:00,NSE:JYOTISTRUC,144.0,145.60001,141.2,141.8,229040.0
2010-11-10 09:15:00,NSE:JYOTISTRUC,142.0,144.39999,140.0,142.5,209324.0
2010-11-11 09:15:00,NSE:JYOTISTRUC,143.85001,146.8,141.75,142.8,640717.0
2010-11-12 09:15:00,NSE:JYOTISTRUC,141.25,143.75,139.3,139.7,164860.0
2010-11-15 09:15:00,NSE:JYOTISTRUC,141.39999,141.95,138.2,141.14999,113717.0
2010-11-16 09:15:00,NSE:JYOTISTRUC,142.0,142.0,136.0,137.14999,185750.0
2010-11-18 09:15:00,NSE:JYOTISTRUC,138.10001,139.14999,137.0,137.75,132331.0
2010-11-19 09:15:00,NSE:JYOTISTRUC,138.8,138.8,133.2,134.05,113817.0
2010-11-22 09:15:00,NSE:JYOTISTRUC,134.3,136.8,133.05,134.14999,70802.0
2010-11-23 09:15:00,NSE:JYOTISTRUC,134.0,134.75,130.0,132.75,89923.0
2010-11-24 09:15:00,NSE:JYOTISTRUC,132.5,134.45,131.0,131.35001,61908.0
2010-11-25 09:15:00,NSE:JYOTISTRUC,133.89999,134.5,130.3,130.89999,106868.0
2010-11-26 09:15:00,NSE:JYOTISTRUC,132.0,132.0,118.0,125.25,337862.0
2010-11-29 09:15:00,NSE:JYOTISTRUC,127.85,127.85,122.15,123.1,75521.0
2010-11-30 09:15:00,NSE:JYOTISTRUC,123.0,125.35,121.5,123.05,137431.0
2010-12-01 09:15:00,NSE:JYOTISTRUC,124.5,128.7,124.0,126.9,335998.0
2010-12-02 09:15:00,NSE:JYOTISTRUC,133.8,133.8,127.0,127.6,308965.0
2010-12-03 09:15:00,NSE:JYOTISTRUC,128.5,129.25,124.2,125.35,95408.0
2010-12-06 09:15:00,NSE:JYOTISTRUC,126.9,129.5,126.9,127.65,123417.0
2010-12-07 09:15:00,NSE:JYOTISTRUC,127.65,131.5,125.5,127.3,177546.0
2010-12-08 09:15:00,NSE:JYOTISTRUC,126.9,126.9,124.1,124.6,227882.0
2010-12-09 09:15:00,NSE:JYOTISTRUC,125.9,125.9,120.0,122.8,121019.0
2010-12-10 09:15:00,NSE:JYOTISTRUC,121.0,125.5,118.0,123.4,134164.0
2010-12-13 09:15:00,NSE:JYOTISTRUC,124.7,125.0,121.95,123.45,92458.0
2010-12-14 09:15:00,NSE:JYOTISTRUC,122.1,125.45,121.4,124.2,69577.0
2010-12-15 09:15:00,NSE:JYOTISTRUC,124.0,124.5,122.0,123.35,68823.0
2010-12-16 09:15:00,NSE:JYOTISTRUC,123.3,124.85,122.2,122.95,52959.0
2010-12-20 09:15:00,NSE:JYOTISTRUC,122.5,123.0,121.15,122.3,65273.0
2010-12-21 09:15:00,NSE:JYOTISTRUC,122.3,123.4,120.6,121.45,124492.0
2010-12-22 09:15:00,NSE:JYOTISTRUC,121.45,123.05,119.55,120.4,101257.0
2010-12-23 09:15:00,NSE:JYOTISTRUC,119.55,121.9,119.1,121.05,42775.0
2010-12-24 09:15:00,NSE:JYOTISTRUC,121.95,126.0,120.9,125.15,238069.0
2010-12-27 09:15:00,NSE:JYOTISTRUC,126.0,127.0,123.5,125.35,76221.0
2010-12-28 09:15:00,NSE:JYOTISTRUC,124.7,127.4,124.5,126.1,63083.0
2010-12-29 09:15:00,NSE:JYOTISTRUC,127.35,127.5,125.0,125.2,49763.0
2010-12-30 09:15:00,NSE:JYOTISTRUC,125.7,127.1,124.8,126.3,48113.0
2010-12-31 09:15:00,NSE:JYOTISTRUC,125.0,134.0,125.0,133.2,238358.0
2011-01-03 09:15:00,NSE:JYOTISTRUC,132.0,135.0,132.0,134.60001,93681.0
2011-01-04 09:15:00,NSE:JYOTISTRUC,135.0,138.8,134.0,135.95,129343.0
2011-01-05 09:15:00,NSE:JYOTISTRUC,137.0,138.45,133.3,137.60001,99840.0
2011-01-06 09:15:00,NSE:JYOTISTRUC,139.0,140.5,135.14999,136.25,128572.0
2011-01-07 09:15:00,NSE:JYOTISTRUC,134.2,135.5,131.0,131.75,81574.0
2011-01-10 09:15:00,NSE:JYOTISTRUC,133.0,133.39999,126.2,126.7,59713.0
2011-01-11 09:15:00,NSE:JYOTISTRUC,128.0,129.45,121.7,122.6,110965.0
2011-01-12 09:15:00,NSE:JYOTISTRUC,124.0,124.8,119.45,122.7,100439.0
2011-01-13 09:15:00,NSE:JYOTISTRUC,123.9,124.7,120.1,121.65,76137.0
2011-01-14 09:15:00,NSE:JYOTISTRUC,123.0,123.0,116.35,118.35,82949.0
2011-01-17 09:15:00,NSE:JYOTISTRUC,118.2,118.8,115.35,116.9,61399.0
2011-01-18 09:15:00,NSE:JYOTISTRUC,117.8,118.85,115.0,118.15,77208.0
2011-01-19 09:15:00,NSE:JYOTISTRUC,118.7,119.25,117.3,118.0,37108.0
2011-01-20 09:15:00,NSE:JYOTISTRUC,117.95,117.95,113.5,116.9,111251.0
2011-01-21 09:15:00,NSE:JYOTISTRUC,116.2,122.2,115.2,119.75,156297.0
2011-01-24 09:15:00,NSE:JYOTISTRUC,119.8,119.9,116.25,117.8,54429.0
2011-01-25 09:15:00,NSE:JYOTISTRUC,118.0,119.0,116.0,116.4,98295.0
2011-01-27 09:15:00,NSE:JYOTISTRUC,117.75,117.75,113.95,114.6,98082.0
2011-01-28 09:15:00,NSE:JYOTISTRUC,115.0,117.5,110.2,114.75,145677.0
2011-01-31 09:15:00,NSE:JYOTISTRUC,111.95,117.5,109.05,110.45,297860.0
2011-02-01 09:15:00,NSE:JYOTISTRUC,111.0,112.55,101.3,103.25,216398.0
2011-02-02 09:15:00,NSE:JYOTISTRUC,104.2,105.9,100.25,100.9,111372.0
2011-02-03 09:15:00,NSE:JYOTISTRUC,100.9,103.85,100.3,102.9,91458.0
2011-02-04 09:15:00,NSE:JYOTISTRUC,103.6,104.5,98.199997,100.1,114355.0
2011-02-07 09:15:00,NSE:JYOTISTRUC,101.9,101.9,96.099998,98.449997,89548.0
2011-02-08 09:15:00,NSE:JYOTISTRUC,100.0,100.0,91.0,91.550003,107539.0
2011-02-09 09:15:00,NSE:JYOTISTRUC,92.699997,92.699997,84.349998,85.550003,104429.0
2011-02-10 09:15:00,NSE:JYOTISTRUC,86.650002,91.900002,83.199997,90.449997,189075.0
2011-02-11 09:15:00,NSE:JYOTISTRUC,90.0,92.800003,90.0,91.599998,60185.0
2011-02-14 09:15:00,NSE:JYOTISTRUC,93.400002,99.400002,92.75,98.599998,127262.0
2011-02-15 09:15:00,NSE:JYOTISTRUC,98.699997,98.699997,94.900002,95.349998,98632.0
2011-02-16 09:15:00,NSE:JYOTISTRUC,97.0,97.800003,93.949997,96.849998,53773.0
2011-02-17 09:15:00,NSE:JYOTISTRUC,97.800003,97.800003,94.5,96.099998,80245.0
2011-02-18 09:15:00,NSE:JYOTISTRUC,97.0,98.800003,91.0,91.650002,167717.0
2011-02-21 09:15:00,NSE:JYOTISTRUC,91.699997,93.5,87.0,90.599998,221034.0
2011-02-22 09:15:00,NSE:JYOTISTRUC,90.0,90.0,86.199997,87.949997,112232.0
2011-02-23 09:15:00,NSE:JYOTISTRUC,86.5,87.5,84.599998,85.300003,108623.0
2011-02-24 09:15:00,NSE:JYOTISTRUC,86.0,86.0,80.050003,81.900002,247323.0
2011-02-25 09:15:00,NSE:JYOTISTRUC,85.0,85.0,80.150002,81.75,102131.0
2011-02-28 09:15:00,NSE:JYOTISTRUC,82.800003,83.800003,80.0,81.449997,99269.0
2011-03-01 09:15:00,NSE:JYOTISTRUC,81.449997,86.400002,81.449997,84.599998,107470.0
2011-03-03 09:15:00,NSE:JYOTISTRUC,84.5,85.900002,83.25,83.900002,124116.0
2011-03-04 09:15:00,NSE:JYOTISTRUC,86.0,88.800003,83.0,84.800003,202610.0
2011-03-07 09:15:00,NSE:JYOTISTRUC,85.900002,85.900002,82.099998,82.849998,95343.0
2011-03-08 09:15:00,NSE:JYOTISTRUC,84.0,84.25,81.5,82.699997,101837.0
2011-03-09 09:15:00,NSE:JYOTISTRUC,84.5,84.5,82.0,83.050003,116151.0
2011-03-10 09:15:00,NSE:JYOTISTRUC,82.099998,83.650002,81.349998,82.900002,102574.0
2011-03-11 09:15:00,NSE:JYOTISTRUC,80.599998,83.699997,79.150002,81.75,80139.0
2011-03-14 09:15:00,NSE:JYOTISTRUC,82.400002,83.5,80.199997,80.599998,120536.0
2011-03-15 09:15:00,NSE:JYOTISTRUC,80.0,80.5,77.400002,78.050003,86437.0
2011-03-16 09:15:00,NSE:JYOTISTRUC,80.0,82.0,78.199997,79.349998,123784.0
2011-03-17 09:15:00,NSE:JYOTISTRUC,79.0,81.0,78.800003,79.900002,140799.0
2011-03-18 09:15:00,NSE:JYOTISTRUC,80.0,81.0,77.599998,78.599998,301561.0
2011-03-21 09:15:00,NSE:JYOTISTRUC,79.25,79.25,77.599998,78.199997,69719.0
2011-03-22 09:15:00,NSE:JYOTISTRUC,78.849998,79.0,76.300003,78.199997,93191.0
2011-03-23 09:15:00,NSE:JYOTISTRUC,78.5,78.949997,77.0,78.25,134883.0
2011-03-24 09:15:00,NSE:JYOTISTRUC,78.900002,79.25,77.800003,78.650002,129077.0
2011-03-25 09:15:00,NSE:JYOTISTRUC,79.5,85.75,78.5,82.900002,359128.0
2011-03-28 09:15:00,NSE:JYOTISTRUC,83.650002,88.0,81.0,82.150002,857590.0
2011-03-29 09:15:00,NSE:JYOTISTRUC,82.150002,86.0,80.5,81.5,386362.0
2011-03-30 09:15:00,NSE:JYOTISTRUC,82.900002,83.5,81.650002,82.25,176959.0
2011-03-31 09:15:00,NSE:JYOTISTRUC,83.0,86.0,80.300003,83.599998,313793.0
2011-04-01 09:15:00,NSE:JYOTISTRUC,83.599998,86.0,83.0,85.400002,131382.0
2011-04-04 09:15:00,NSE:JYOTISTRUC,86.75,90.0,85.550003,89.349998,269363.0
2011-04-05 09:15:00,NSE:JYOTISTRUC,90.75,91.849998,88.650002,90.300003,288475.0
2011-04-06 09:15:00,NSE:JYOTISTRUC,83.0,91.900002,83.0,91.349998,130096.0
2011-04-07 09:15:00,NSE:JYOTISTRUC,91.849998,93.0,90.5,90.75,178375.0
2011-04-08 09:15:00,NSE:JYOTISTRUC,91.699997,94.650002,89.5,89.849998,222794.0
2011-04-11 09:15:00,NSE:JYOTISTRUC,83.699997,93.0,83.699997,92.300003,142827.0
2011-04-13 09:15:00,NSE:JYOTISTRUC,92.0,92.0,89.0,90.0,408036.0
2011-04-15 09:15:00,NSE:JYOTISTRUC,90.5,91.300003,89.550003,90.099998,65247.0
2011-04-18 09:15:00,NSE:JYOTISTRUC,91.25,96.5,89.0,94.5,625227.0
2011-04-19 09:15:00,NSE:JYOTISTRUC,95.0,97.900002,92.0,95.25,573351.0
2011-04-20 09:15:00,NSE:JYOTISTRUC,95.699997,96.25,93.349998,94.099998,161203.0
2011-04-21 09:15:00,NSE:JYOTISTRUC,95.449997,95.449997,91.099998,91.550003,108431.0
2011-04-25 09:15:00,NSE:JYOTISTRUC,92.599998,94.800003,90.650002,90.949997,62660.0
2011-04-26 09:15:00,NSE:JYOTISTRUC,90.699997,91.650002,89.150002,91.050003,98838.0
2011-04-27 09:15:00,NSE:JYOTISTRUC,92.599998,94.0,89.25,89.5,153595.0
2011-04-28 09:15:00,NSE:JYOTISTRUC,90.0,90.449997,86.5,87.050003,86677.0
2011-04-29 09:15:00,NSE:JYOTISTRUC,87.050003,87.900002,84.300003,85.25,77726.0
2011-05-02 09:15:00,NSE:JYOTISTRUC,86.0,87.0,82.699997,84.050003,90581.0
2011-05-03 09:15:00,NSE:JYOTISTRUC,84.099998,85.199997,82.650002,83.25,82269.0
2011-05-04 09:15:00,NSE:JYOTISTRUC,83.400002,85.0,80.050003,81.949997,190891.0
2011-05-05 09:15:00,NSE:JYOTISTRUC,81.349998,81.699997,79.099998,79.75,84978.0
2011-05-06 09:15:00,NSE:JYOTISTRUC,80.400002,80.400002,78.400002,78.699997,120463.0
2011-05-09 09:15:00,NSE:JYOTISTRUC,79.75,79.849998,77.599998,78.300003,80328.0
2011-05-10 09:15:00,NSE:JYOTISTRUC,79.300003,79.300003,76.099998,77.050003,87496.0
2011-05-11 09:15:00,NSE:JYOTISTRUC,77.0,78.5,75.5,77.900002,101254.0
2011-05-12 09:15:00,NSE:JYOTISTRUC,77.849998,79.349998,76.550003,76.849998,54714.0
2011-05-13 09:15:00,NSE:JYOTISTRUC,76.400002,78.800003,76.0,77.150002,100357.0
2011-05-16 09:15:00,NSE:JYOTISTRUC,77.949997,77.949997,76.050003,76.349998,68735.0
2011-05-17 09:15:00,NSE:JYOTISTRUC,77.5,79.349998,75.849998,76.949997,292229.0
2011-05-18 09:15:00,NSE:JYOTISTRUC,77.25,78.800003,75.099998,75.349998,60409.0
2011-05-19 09:15:00,NSE:JYOTISTRUC,75.599998,76.900002,74.300003,74.599998,55313.0
2011-05-20 09:15:00,NSE:JYOTISTRUC,75.349998,77.5,74.599998,75.75,142048.0
2011-05-23 09:15:00,NSE:JYOTISTRUC,75.75,79.400002,74.099998,75.900002,72655.0
2011-05-24 09:15:00,NSE:JYOTISTRUC,74.800003,77.800003,73.099998,76.449997,130511.0
2011-05-25 09:15:00,NSE:JYOTISTRUC,75.25,77.0,74.099998,76.0,97123.0
2011-05-26 09:15:00,NSE:JYOTISTRUC,76.949997,81.050003,74.5,78.150002,303299.0
2011-05-27 09:15:00,NSE:JYOTISTRUC,78.199997,83.949997,78.199997,81.5,464844.0
2011-05-30 09:15:00,NSE:JYOTISTRUC,81.75,85.699997,81.050003,83.900002,145745.0
2011-05-31 09:15:00,NSE:JYOTISTRUC,84.099998,87.0,84.099998,86.449997,172443.0
2011-06-01 09:15:00,NSE:JYOTISTRUC,85.0,89.699997,85.0,88.25,227640.0
2011-06-02 09:15:00,NSE:JYOTISTRUC,87.449997,89.900002,85.199997,88.75,117520.0
2011-06-03 09:15:00,NSE:JYOTISTRUC,90.0,92.349998,89.599998,91.349998,291136.0
2011-06-06 09:15:00,NSE:JYOTISTRUC,92.25,92.25,88.25,90.300003,94338.0
2011-06-07 09:15:00,NSE:JYOTISTRUC,88.449997,91.949997,88.449997,90.099998,93177.0
2011-06-08 09:15:00,NSE:JYOTISTRUC,90.0,92.150002,90.0,91.0,79070.0
2011-06-09 09:15:00,NSE:JYOTISTRUC,91.400002,91.800003,89.650002,90.050003,67558.0
2011-06-10 09:15:00,NSE:JYOTISTRUC,92.599998,92.599998,88.199997,89.75,70380.0
2011-06-13 09:15:00,NSE:JYOTISTRUC,91.699997,93.5,89.25,89.75,385914.0
2011-06-14 09:15:00,NSE:JYOTISTRUC,90.199997,92.0,89.099998,89.5,109459.0
2011-06-15 09:15:00,NSE:JYOTISTRUC,90.0,90.0,87.199997,87.900002,35219.0
2011-06-16 09:15:00,NSE:JYOTISTRUC,87.400002,87.5,85.300003,86.449997,49942.0
2011-06-17 09:15:00,NSE:JYOTISTRUC,86.5,92.0,86.099998,88.25,409010.0
2011-06-20 09:15:00,NSE:JYOTISTRUC,89.400002,90.900002,75.0,84.599998,210398.0
2011-06-21 09:15:00,NSE:JYOTISTRUC,86.0,86.0,82.050003,84.650002,57858.0
2011-06-22 09:15:00,NSE:JYOTISTRUC,84.099998,86.0,83.300003,84.300003,44506.0
2011-06-23 09:15:00,NSE:JYOTISTRUC,84.0,86.900002,82.099998,85.699997,63434.0
2011-06-24 09:15:00,NSE:JYOTISTRUC,85.949997,87.0,83.400002,86.0,344462.0
2011-06-27 09:15:00,NSE:JYOTISTRUC,86.5,86.900002,84.5,85.300003,49723.0
2011-06-28 09:15:00,NSE:JYOTISTRUC,86.5,86.5,84.150002,84.650002,34372.0
2011-06-29 09:15:00,NSE:JYOTISTRUC,85.099998,86.800003,84.199997,84.949997,84330.0
2011-06-30 09:15:00,NSE:JYOTISTRUC,85.349998,86.0,84.449997,85.0,96070.0
2011-07-01 09:15:00,NSE:JYOTISTRUC,86.699997,86.699997,84.099998,84.550003,52002.0
2011-07-04 09:15:00,NSE:JYOTISTRUC,85.400002,85.900002,84.5,84.849998,164190.0
2011-07-05 09:15:00,NSE:JYOTISTRUC,85.900002,85.900002,84.599998,84.849998,36120.0
2011-07-06 09:15:00,NSE:JYOTISTRUC,85.5,87.0,84.900002,85.400002,77567.0
2011-07-07 09:15:00,NSE:JYOTISTRUC,85.900002,90.0,85.349998,89.25,248240.0
2011-07-08 09:15:00,NSE:JYOTISTRUC,89.0,94.599998,88.449997,91.849998,395365.0
2011-07-11 09:15:00,NSE:JYOTISTRUC,99.800003,99.800003,88.75,89.25,58936.0
2011-07-12 09:15:00,NSE:JYOTISTRUC,88.0,91.25,85.199997,89.449997,142648.0
2011-07-13 09:15:00,NSE:JYOTISTRUC,90.199997,90.199997,87.099998,88.050003,122810.0
2011-07-14 09:15:00,NSE:JYOTISTRUC,88.5,90.0,86.199997,88.150002,80362.0
2011-07-15 09:15:00,NSE:JYOTISTRUC,89.5,89.800003,86.25,86.5,69135.0
2011-07-18 09:15:00,NSE:JYOTISTRUC,86.949997,87.900002,86.0,86.150002,39410.0
2011-07-19 09:15:00,NSE:JYOTISTRUC,86.25,92.650002,86.050003,90.550003,387352.0
2011-07-20 09:15:00,NSE:JYOTISTRUC,90.099998,91.400002,89.0,90.0,158114.0
2011-07-21 09:15:00,NSE:JYOTISTRUC,90.0,94.199997,89.050003,90.25,348824.0
2011-07-22 09:15:00,NSE:JYOTISTRUC,91.650002,91.650002,88.599998,89.099998,86275.0
2011-07-25 09:15:00,NSE:JYOTISTRUC,89.199997,90.800003,87.699997,88.050003,109005.0
2011-07-26 09:15:00,NSE:JYOTISTRUC,88.0,88.75,82.650002,86.900002,470522.0
2011-07-27 09:15:00,NSE:JYOTISTRUC,86.099998,90.5,84.199997,89.199997,146768.0
2011-07-28 09:15:00,NSE:JYOTISTRUC,87.0,90.300003,85.0,86.599998,145025.0
2011-07-29 09:15:00,NSE:JYOTISTRUC,89.0,89.0,83.550003,84.550003,119841.0
2011-08-01 09:15:00,NSE:JYOTISTRUC,85.0,85.599998,82.650002,83.199997,56077.0
2011-08-02 09:15:00,NSE:JYOTISTRUC,84.099998,84.949997,78.25,80.650002,559285.0
2011-08-03 09:15:00,NSE:JYOTISTRUC,79.0,79.599998,77.199997,77.900002,123427.0
2011-08-04 09:15:00,NSE:JYOTISTRUC,78.5,78.650002,77.0,77.099998,93492.0
2011-08-05 09:15:00,NSE:JYOTISTRUC,76.099998,76.099998,71.0,74.25,175496.0
2011-08-08 09:15:00,NSE:JYOTISTRUC,70.400002,73.75,70.0,71.25,160971.0
2011-08-09 09:15:00,NSE:JYOTISTRUC,68.0,71.599998,67.199997,70.599998,214725.0
2011-08-10 09:15:00,NSE:JYOTISTRUC,71.0,76.25,71.0,73.699997,134551.0
2011-08-11 09:15:00,NSE:JYOTISTRUC,73.699997,74.099998,72.0,72.199997,38128.0
2011-08-12 09:15:00,NSE:JYOTISTRUC,72.800003,75.0,70.099998,70.599998,57173.0
2011-08-16 09:15:00,NSE:JYOTISTRUC,72.050003,72.050003,68.400002,69.25,50679.0
2011-08-17 09:15:00,NSE:JYOTISTRUC,69.0,69.25,67.0,67.599998,38618.0
2011-08-18 09:15:00,NSE:JYOTISTRUC,68.800003,68.800003,65.199997,65.949997,59859.0
2011-08-19 09:15:00,NSE:JYOTISTRUC,65.75,66.949997,62.150002,64.300003,176412.0
2011-08-22 09:15:00,NSE:JYOTISTRUC,65.300003,70.900002,64.099998,64.5,320727.0
2011-08-23 09:15:00,NSE:JYOTISTRUC,65.349998,67.400002,64.599998,66.400002,74353.0
2011-08-24 09:15:00,NSE:JYOTISTRUC,66.449997,67.849998,64.599998,65.150002,62985.0
2011-08-25 09:15:00,NSE:JYOTISTRUC,66.5,66.5,63.0,63.150002,86728.0
2011-08-26 09:15:00,NSE:JYOTISTRUC,63.950001,64.900002,62.0,62.299999,154463.0
2011-08-29 09:15:00,NSE:JYOTISTRUC,62.400002,65.400002,62.400002,63.849998,104922.0
2011-08-30 09:15:00,NSE:JYOTISTRUC,64.5,67.849998,63.900002,66.099998,172332.0
2011-09-02 09:15:00,NSE:JYOTISTRUC,68.449997,68.449997,65.5,66.199997,48773.0
2011-09-05 09:15:00,NSE:JYOTISTRUC,65.5,66.0,64.650002,64.949997,74332.0
2011-09-06 09:15:00,NSE:JYOTISTRUC,65.150002,67.349998,64.550003,66.550003,70726.0
2011-09-07 09:15:00,NSE:JYOTISTRUC,69.0,69.400002,67.25,68.849998,84493.0
2011-09-08 09:15:00,NSE:JYOTISTRUC,69.25,79.099998,68.5,74.050003,743834.0
2011-09-09 09:15:00,NSE:JYOTISTRUC,76.050003,77.0,71.25,72.0,346774.0
2011-09-12 09:15:00,NSE:JYOTISTRUC,70.0,72.0,69.0,69.199997,86520.0
2011-09-13 09:15:00,NSE:JYOTISTRUC,69.699997,71.400002,69.699997,70.150002,88388.0
2011-09-14 09:15:00,NSE:JYOTISTRUC,70.150002,70.5,69.0,69.25,52693.0
2011-09-15 09:15:00,NSE:JYOTISTRUC,69.699997,73.400002,68.550003,70.0,316142.0
2011-09-16 09:15:00,NSE:JYOTISTRUC,70.0,71.800003,67.199997,68.800003,197235.0
2011-09-19 09:15:00,NSE:JYOTISTRUC,67.300003,72.449997,67.300003,69.400002,426603.0
2011-09-20 09:15:00,NSE:JYOTISTRUC,69.699997,70.949997,68.5,68.849998,177163.0
2011-09-21 09:15:00,NSE:JYOTISTRUC,68.800003,69.800003,68.25,68.5,177601.0
2011-09-22 09:15:00,NSE:JYOTISTRUC,67.5,68.400002,66.300003,66.75,73579.0
2011-09-23 09:15:00,NSE:JYOTISTRUC,66.75,66.75,64.0,65.099998,101314.0
2011-09-26 09:15:00,NSE:JYOTISTRUC,66.0,66.849998,65.050003,65.300003,160676.0
2011-09-27 09:15:00,NSE:JYOTISTRUC,67.0,67.400002,66.0,66.349998,84775.0
2011-09-28 09:15:00,NSE:JYOTISTRUC,67.0,67.400002,65.0,65.25,73258.0
2011-09-29 09:15:00,NSE:JYOTISTRUC,65.0,66.0,64.199997,65.800003,87641.0
2011-09-30 09:15:00,NSE:JYOTISTRUC,65.900002,67.599998,64.400002,66.349998,112353.0
2011-10-03 09:15:00,NSE:JYOTISTRUC,66.5,66.5,62.799999,63.150002,93215.0
2011-10-04 09:15:00,NSE:JYOTISTRUC,64.0,64.25,62.150002,62.450001,76194.0
2011-10-05 09:15:00,NSE:JYOTISTRUC,63.650002,63.700001,61.5,61.900002,66498.0
2011-10-07 09:15:00,NSE:JYOTISTRUC,63.700001,65.349998,61.599998,61.75,81132.0
2011-10-10 09:15:00,NSE:JYOTISTRUC,61.799999,63.299999,61.75,62.349998,64360.0
2011-10-11 09:15:00,NSE:JYOTISTRUC,63.5,64.0,61.849998,62.25,79476.0
2011-10-12 09:15:00,NSE:JYOTISTRUC,63.0,63.200001,62.200001,62.900002,57854.0
2011-10-13 09:15:00,NSE:JYOTISTRUC,63.049999,64.699997,62.25,62.450001,97890.0
2011-10-14 09:15:00,NSE:JYOTISTRUC,63.299999,63.299999,61.799999,62.25,58003.0
2011-10-17 09:15:00,NSE:JYOTISTRUC,63.150002,63.900002,62.150002,62.25,47248.0
2011-10-18 09:15:00,NSE:JYOTISTRUC,62.700001,63.0,61.549999,61.799999,37744.0
2011-10-19 09:15:00,NSE:JYOTISTRUC,62.049999,62.700001,61.299999,61.599998,53352.0
2011-10-20 09:15:00,NSE:JYOTISTRUC,61.5,61.75,60.349998,61.299999,49095.0
2011-10-21 09:15:00,NSE:JYOTISTRUC,62.299999,63.25,61.75,61.900002,89402.0
2011-10-24 09:15:00,NSE:JYOTISTRUC,62.900002,63.0,60.150002,60.5,63494.0
2011-10-25 09:15:00,NSE:JYOTISTRUC,60.599998,60.599998,58.299999,59.099998,180036.0
2011-10-26 09:15:00,NSE:JYOTISTRUC,59.5,60.5,59.099998,60.200001,23811.0
2011-10-28 09:15:00,NSE:JYOTISTRUC,60.0,61.900002,60.0,61.150002,83688.0
2011-10-31 09:15:00,NSE:JYOTISTRUC,61.799999,64.199997,61.549999,62.650002,249632.0
2011-11-01 09:15:00,NSE:JYOTISTRUC,62.599998,64.400002,62.599998,62.75,104274.0
2011-11-02 09:15:00,NSE:JYOTISTRUC,62.75,63.0,61.0,61.5,65521.0
2011-11-03 09:15:00,NSE:JYOTISTRUC,62.799999,64.699997,62.049999,62.299999,132669.0
2011-11-04 09:15:00,NSE:JYOTISTRUC,63.0,63.799999,62.0,62.200001,86029.0
2011-11-08 09:15:00,NSE:JYOTISTRUC,62.900002,62.900002,61.049999,61.549999,53045.0
2011-11-09 09:15:00,NSE:JYOTISTRUC,60.0,62.599998,60.0,60.400002,70706.0
2011-11-11 09:15:00,NSE:JYOTISTRUC,60.599998,60.599998,58.549999,58.799999,69678.0
2011-11-14 09:15:00,NSE:JYOTISTRUC,59.099998,60.0,57.200001,58.049999,73667.0
2011-11-15 09:15:00,NSE:JYOTISTRUC,57.650002,58.0,55.049999,55.349998,67775.0
2011-11-16 09:15:00,NSE:JYOTISTRUC,54.0,56.0,53.0,53.700001,88090.0
2011-11-17 09:15:00,NSE:JYOTISTRUC,53.700001,54.549999,52.049999,52.349998,89561.0
2011-11-18 09:15:00,NSE:JYOTISTRUC,52.349998,52.75,51.099998,51.400002,69682.0
2011-11-21 09:15:00,NSE:JYOTISTRUC,51.400002,52.299999,50.0,50.200001,56968.0
2011-11-22 09:15:00,NSE:JYOTISTRUC,50.200001,51.5,49.200001,49.349998,70034.0
2011-11-23 09:15:00,NSE:JYOTISTRUC,49.349998,49.400002,47.25,47.400002,67199.0
2011-11-24 09:15:00,NSE:JYOTISTRUC,47.099998,48.5,46.099998,47.849998,105040.0
2011-11-25 09:15:00,NSE:JYOTISTRUC,48.5,48.5,47.200001,47.950001,113130.0
2011-11-28 09:15:00,NSE:JYOTISTRUC,47.950001,53.0,46.799999,51.849998,127409.0
2011-11-29 09:15:00,NSE:JYOTISTRUC,51.849998,53.799999,49.799999,50.450001,121266.0
2011-11-30 09:15:00,NSE:JYOTISTRUC,49.400002,50.450001,46.200001,46.799999,340475.0
2011-12-01 09:15:00,NSE:JYOTISTRUC,47.950001,49.450001,47.0,47.849998,98057.0
2011-12-02 09:15:00,NSE:JYOTISTRUC,47.849998,49.75,45.950001,49.400002,103664.0
2011-12-05 09:15:00,NSE:JYOTISTRUC,49.400002,50.450001,48.25,48.849998,51051.0
2011-12-07 09:15:00,NSE:JYOTISTRUC,49.0,50.349998,48.5,48.799999,45106.0
2011-12-08 09:15:00,NSE:JYOTISTRUC,48.799999,49.349998,47.299999,47.5,48765.0
2011-12-09 09:15:00,NSE:JYOTISTRUC,47.5,47.799999,43.25,47.049999,36559.0
2011-12-12 09:15:00,NSE:JYOTISTRUC,47.0,47.75,45.0,45.450001,82368.0
2011-12-13 09:15:00,NSE:JYOTISTRUC,44.75,45.450001,42.5,42.799999,101648.0
2011-12-14 09:15:00,NSE:JYOTISTRUC,42.799999,44.099998,41.549999,41.950001,114744.0
2011-12-15 09:15:00,NSE:JYOTISTRUC,41.25,41.75,40.25,41.0,178472.0
2011-12-16 09:15:00,NSE:JYOTISTRUC,41.0,41.75,38.549999,39.0,79779.0
2011-12-19 09:15:00,NSE:JYOTISTRUC,39.0,39.950001,36.299999,38.349998,89627.0
2011-12-20 09:15:00,NSE:JYOTISTRUC,38.349998,38.75,36.75,37.25,58210.0
2011-12-21 09:15:00,NSE:JYOTISTRUC,37.25,38.5,35.5,36.099998,643854.0
2011-12-22 09:15:00,NSE:JYOTISTRUC,36.099998,37.5,35.0,35.849998,161623.0
2011-12-23 09:15:00,NSE:JYOTISTRUC,35.849998,38.200001,35.849998,37.0,281537.0
2011-12-26 09:15:00,NSE:JYOTISTRUC,37.0,39.900002,37.0,39.0,123921.0
2011-12-27 09:15:00,NSE:JYOTISTRUC,39.299999,40.0,38.400002,38.700001,45680.0
2011-12-28 09:15:00,NSE:JYOTISTRUC,38.75,38.75,37.5,37.900002,25255.0
2011-12-29 09:15:00,NSE:JYOTISTRUC,37.900002,40.700001,36.799999,39.349998,58834.0
2011-12-30 09:15:00,NSE:JYOTISTRUC,39.0,40.700001,38.0,39.0,128511.0
2012-01-02 09:15:00,NSE:JYOTISTRUC,39.900002,39.900002,38.099998,39.0,21207.0
2012-01-03 09:15:00,NSE:JYOTISTRUC,38.75,40.349998,38.75,39.950001,61476.0
2012-01-04 09:15:00,NSE:JYOTISTRUC,40.25,41.599998,40.0,41.299999,46364.0
2012-01-05 09:15:00,NSE:JYOTISTRUC,40.950001,44.450001,40.950001,42.549999,101392.0
2012-01-06 09:15:00,NSE:JYOTISTRUC,43.0,43.25,41.299999,42.0,31351.0
2012-01-09 09:15:00,NSE:JYOTISTRUC,42.799999,45.650002,42.150002,43.099998,123354.0
2012-01-10 09:15:00,NSE:JYOTISTRUC,43.099998,45.549999,43.099998,44.349998,180468.0
2012-01-11 09:15:00,NSE:JYOTISTRUC,44.900002,46.5,44.0,45.150002,174732.0
2012-01-12 09:15:00,NSE:JYOTISTRUC,45.0,47.900002,45.0,46.549999,203811.0
2012-01-13 09:15:00,NSE:JYOTISTRUC,47.5,48.299999,46.799999,47.700001,116122.0
2012-01-16 09:15:00,NSE:JYOTISTRUC,47.5,48.400002,46.599998,47.049999,79945.0
2012-01-17 09:15:00,NSE:JYOTISTRUC,47.5,49.5,47.5,48.150002,141492.0
2012-01-18 09:15:00,NSE:JYOTISTRUC,48.400002,48.900002,47.099998,47.849998,67498.0
2012-01-19 09:15:00,NSE:JYOTISTRUC,48.5,50.400002,47.700001,49.75,107856.0
2012-01-20 09:15:00,NSE:JYOTISTRUC,50.900002,52.5,48.5,49.349998,203845.0
2012-01-23 09:15:00,NSE:JYOTISTRUC,49.0,50.849998,48.0,48.5,107176.0
2012-01-24 09:15:00,NSE:JYOTISTRUC,48.75,49.900002,48.25,49.0,111486.0
2012-01-25 09:15:00,NSE:JYOTISTRUC,49.700001,51.400002,48.75,49.650002,260909.0
2012-01-27 09:15:00,NSE:JYOTISTRUC,50.150002,51.299999,49.200001,50.049999,206656.0
2012-01-30 09:15:00,NSE:JYOTISTRUC,49.200001,49.400002,46.049999,46.25,154785.0
2012-01-31 09:15:00,NSE:JYOTISTRUC,47.25,47.25,46.099998,46.75,95993.0
2012-02-01 09:15:00,NSE:JYOTISTRUC,47.049999,49.700001,46.5,47.700001,398333.0
2012-02-02 09:15:00,NSE:JYOTISTRUC,48.5,49.349998,47.900002,48.25,165166.0
2012-02-03 09:15:00,NSE:JYOTISTRUC,48.0,49.0,47.799999,48.5,181346.0
2012-02-06 09:15:00,NSE:JYOTISTRUC,48.75,50.950001,48.75,49.650002,393128.0
2012-02-07 09:15:00,NSE:JYOTISTRUC,50.0,53.0,49.450001,52.549999,766575.0
2012-02-08 09:15:00,NSE:JYOTISTRUC,54.400002,55.849998,52.549999,53.200001,1087307.0
2012-02-09 09:15:00,NSE:JYOTISTRUC,53.099998,56.349998,53.099998,54.75,1106929.0
2012-02-10 09:15:00,NSE:JYOTISTRUC,55.5,57.400002,54.099998,54.799999,720204.0
2012-02-13 09:15:00,NSE:JYOTISTRUC,55.200001,55.650002,53.599998,54.099998,362123.0
2012-02-14 09:15:00,NSE:JYOTISTRUC,53.650002,54.799999,52.5,53.049999,318411.0
2012-02-15 09:15:00,NSE:JYOTISTRUC,54.0,56.25,53.299999,54.950001,1130253.0
2012-02-16 09:15:00,NSE:JYOTISTRUC,55.799999,58.450001,54.950001,55.900002,1507269.0
2012-02-17 09:15:00,NSE:JYOTISTRUC,56.700001,58.299999,55.549999,55.799999,1600826.0
2012-02-21 09:15:00,NSE:JYOTISTRUC,56.700001,57.75,54.700001,55.099998,752564.0
2012-02-22 09:15:00,NSE:JYOTISTRUC,55.75,56.200001,51.299999,52.150002,590166.0
2012-02-23 09:15:00,NSE:JYOTISTRUC,52.799999,52.799999,49.0,50.299999,510057.0
2012-02-24 09:15:00,NSE:JYOTISTRUC,50.900002,51.349998,49.0,49.349998,263603.0
2012-02-27 09:15:00,NSE:JYOTISTRUC,49.400002,49.400002,45.5,45.75,287406.0
2012-02-28 09:15:00,NSE:JYOTISTRUC,46.0,48.450001,46.0,47.700001,256654.0
2012-02-29 09:15:00,NSE:JYOTISTRUC,48.75,49.700001,47.200001,47.450001,319220.0
2012-03-01 09:15:00,NSE:JYOTISTRUC,47.349998,48.700001,45.5,46.099998,388766.0
2012-03-02 09:15:00,NSE:JYOTISTRUC,47.5,48.5,47.0,48.150002,438608.0
2012-03-05 09:15:00,NSE:JYOTISTRUC,48.0,48.0,46.150002,46.450001,142408.0
2012-03-06 09:15:00,NSE:JYOTISTRUC,45.5,47.450001,44.299999,44.599998,232494.0
2012-03-07 09:15:00,NSE:JYOTISTRUC,44.5,45.900002,43.799999,44.0,288367.0
2012-03-09 09:15:00,NSE:JYOTISTRUC,45.150002,45.450001,44.299999,45.099998,337256.0
2012-03-12 09:15:00,NSE:JYOTISTRUC,46.0,46.400002,45.599998,45.849998,145816.0
2012-03-13 09:15:00,NSE:JYOTISTRUC,46.75,49.75,46.099998,48.0,889045.0
2012-03-14 09:15:00,NSE:JYOTISTRUC,49.0,49.299999,47.200001,47.650002,241088.0
2012-03-15 09:15:00,NSE:JYOTISTRUC,47.75,47.75,46.099998,46.349998,294626.0
2012-03-16 09:15:00,NSE:JYOTISTRUC,46.900002,47.349998,44.700001,45.150002,210068.0
2012-03-19 09:15:00,NSE:JYOTISTRUC,45.25,45.5,43.200001,43.450001,164301.0
2012-03-20 09:15:00,NSE:JYOTISTRUC,43.450001,44.25,41.349998,41.599998,341166.0
2012-03-21 09:15:00,NSE:JYOTISTRUC,42.400002,42.400002,40.349998,40.950001,656455.0
2012-03-22 09:15:00,NSE:JYOTISTRUC,40.75,42.799999,40.299999,40.75,316798.0
2012-03-23 09:15:00,NSE:JYOTISTRUC,41.049999,41.450001,39.849998,40.799999,204428.0
2012-03-26 09:15:00,NSE:JYOTISTRUC,41.0,41.299999,39.700001,40.099998,302963.0
2012-03-27 09:15:00,NSE:JYOTISTRUC,40.75,40.75,38.900002,39.299999,361326.0
2012-03-28 09:15:00,NSE:JYOTISTRUC,39.400002,39.400002,37.799999,38.349998,371478.0
2012-03-29 09:15:00,NSE:JYOTISTRUC,38.5,38.5,36.900002,37.450001,402306.0
2012-03-30 09:15:00,NSE:JYOTISTRUC,38.299999,39.650002,37.950001,38.799999,358801.0
2012-04-02 09:15:00,NSE:JYOTISTRUC,38.5,45.25,38.099998,42.799999,941601.0
2012-04-03 09:15:00,NSE:JYOTISTRUC,43.700001,44.5,42.5,43.150002,323179.0
2012-04-04 09:15:00,NSE:JYOTISTRUC,43.75,44.5,43.099998,43.599998,484852.0
2012-04-09 09:15:00,NSE:JYOTISTRUC,43.5,43.5,42.599998,42.900002,120390.0
2012-04-10 09:15:00,NSE:JYOTISTRUC,43.25,46.25,41.950001,45.75,2731052.0
2012-04-11 09:15:00,NSE:JYOTISTRUC,45.75,47.349998,44.549999,45.099998,948685.0
2012-04-12 09:15:00,NSE:JYOTISTRUC,45.700001,46.900002,45.049999,46.099998,250032.0
2012-04-13 09:15:00,NSE:JYOTISTRUC,47.200001,47.450001,44.849998,45.099998,304064.0
2012-04-16 09:15:00,NSE:JYOTISTRUC,45.0,45.900002,44.549999,45.599998,186065.0
2012-04-17 09:15:00,NSE:JYOTISTRUC,46.0,46.299999,45.099998,45.900002,112036.0
2012-04-18 09:15:00,NSE:JYOTISTRUC,46.299999,46.650002,45.200001,45.700001,147127.0
2012-04-19 09:15:00,NSE:JYOTISTRUC,46.900002,46.900002,45.049999,45.099998,140317.0
2012-04-20 09:15:00,NSE:JYOTISTRUC,45.0,45.5,44.650002,45.25,162971.0
2012-04-23 09:15:00,NSE:JYOTISTRUC,45.5,45.75,44.25,44.549999,243336.0
2012-04-24 09:15:00,NSE:JYOTISTRUC,45.0,45.5,44.200001,45.349998,138464.0
2012-04-25 09:15:00,NSE:JYOTISTRUC,45.150002,45.599998,44.049999,44.950001,145114.0
2012-04-26 09:15:00,NSE:JYOTISTRUC,45.0,45.200001,44.25,45.049999,335718.0
2012-04-27 09:15:00,NSE:JYOTISTRUC,46.0,46.75,44.0,44.650002,379800.0
2012-04-30 09:15:00,NSE:JYOTISTRUC,45.25,46.0,43.900002,44.349998,113201.0
2012-05-02 09:15:00,NSE:JYOTISTRUC,45.0,45.349998,44.549999,44.950001,106353.0
2012-05-03 09:15:00,NSE:JYOTISTRUC,44.150002,44.900002,42.799999,43.299999,118452.0
2012-05-04 09:15:00,NSE:JYOTISTRUC,43.299999,43.299999,40.099998,41.5,189007.0
2012-05-07 09:15:00,NSE:JYOTISTRUC,40.049999,41.5,39.599998,41.25,127693.0
2012-05-08 09:15:00,NSE:JYOTISTRUC,41.150002,42.0,40.049999,40.450001,134186.0
2012-05-09 09:15:00,NSE:JYOTISTRUC,39.049999,40.5,38.099998,39.349998,152262.0
2012-05-10 09:15:00,NSE:JYOTISTRUC,39.700001,40.650002,38.200001,38.900002,166967.0
2012-05-11 09:15:00,NSE:JYOTISTRUC,38.549999,39.650002,37.700001,39.0,127669.0
2012-05-14 09:15:00,NSE:JYOTISTRUC,39.299999,40.0,37.650002,38.900002,103700.0
2012-05-15 09:15:00,NSE:JYOTISTRUC,39.0,39.099998,38.200001,38.849998,88125.0
2012-05-16 09:15:00,NSE:JYOTISTRUC,38.799999,38.799999,37.549999,37.950001,114403.0
2012-05-17 09:15:00,NSE:JYOTISTRUC,38.400002,38.5,37.200001,38.0,121410.0
2012-05-18 09:15:00,NSE:JYOTISTRUC,37.200001,38.25,37.0,37.950001,107254.0
2012-05-21 09:15:00,NSE:JYOTISTRUC,38.549999,38.599998,37.75,38.150002,65649.0
2012-05-22 09:15:00,NSE:JYOTISTRUC,38.599998,39.599998,38.0,38.099998,176060.0
2012-05-23 09:15:00,NSE:JYOTISTRUC,38.0,38.549999,37.349998,37.5,117042.0
2012-05-24 09:15:00,NSE:JYOTISTRUC,37.549999,38.599998,37.349998,38.0,83089.0
2012-05-25 09:15:00,NSE:JYOTISTRUC,38.200001,38.400002,37.599998,37.849998,74195.0
2012-05-28 09:15:00,NSE:JYOTISTRUC,38.099998,40.599998,38.049999,39.950001,215688.0
2012-05-29 09:15:00,NSE:JYOTISTRUC,40.650002,40.650002,38.900002,39.150002,96117.0
2012-05-30 09:15:00,NSE:JYOTISTRUC,39.049999,39.049999,38.25,38.400002,52016.0
2012-05-31 09:15:00,NSE:JYOTISTRUC,38.5,39.0,37.799999,38.700001,74909.0
2012-06-01 09:15:00,NSE:JYOTISTRUC,39.400002,39.400002,38.099998,38.400002,99512.0
2012-06-04 09:15:00,NSE:JYOTISTRUC,38.400002,40.349998,37.299999,38.950001,80340.0
2012-06-05 09:15:00,NSE:JYOTISTRUC,39.150002,39.549999,38.650002,39.150002,101840.0
2012-06-06 09:15:00,NSE:JYOTISTRUC,39.75,42.0,39.299999,41.400002,169922.0
2012-06-07 09:15:00,NSE:JYOTISTRUC,42.900002,43.799999,41.400002,41.650002,294431.0
2012-06-08 09:15:00,NSE:JYOTISTRUC,41.650002,41.799999,40.700001,41.0,66787.0
2012-06-11 09:15:00,NSE:JYOTISTRUC,41.5,42.5,40.5,40.950001,112064.0
2012-06-12 09:15:00,NSE:JYOTISTRUC,40.900002,41.25,40.299999,40.650002,64346.0
2012-06-13 09:15:00,NSE:JYOTISTRUC,40.900002,41.299999,39.299999,39.5,201079.0
2012-06-14 09:15:00,NSE:JYOTISTRUC,39.0,39.900002,38.5,38.75,123302.0
2012-06-15 09:15:00,NSE:JYOTISTRUC,39.099998,40.0,38.200001,39.200001,137338.0
2012-06-18 09:15:00,NSE:JYOTISTRUC,40.150002,40.150002,38.450001,39.099998,147922.0
2012-06-19 09:15:00,NSE:JYOTISTRUC,39.0,39.200001,38.549999,38.599998,135853.0
2012-06-20 09:15:00,NSE:JYOTISTRUC,39.400002,39.400002,38.5,38.549999,134258.0
2012-06-21 09:15:00,NSE:JYOTISTRUC,38.599998,39.0,38.450001,38.849998,222466.0
2012-06-22 09:15:00,NSE:JYOTISTRUC,38.25,40.349998,38.25,38.75,194051.0
2012-06-25 09:15:00,NSE:JYOTISTRUC,38.0,39.700001,38.0,38.849998,114733.0
2012-06-26 09:15:00,NSE:JYOTISTRUC,38.299999,40.700001,38.299999,39.150002,255076.0
2012-06-27 09:15:00,NSE:JYOTISTRUC,39.150002,40.299999,39.099998,39.25,289614.0
2012-06-28 09:15:00,NSE:JYOTISTRUC,40.099998,40.099998,38.599998,38.75,337842.0
2012-06-29 09:15:00,NSE:JYOTISTRUC,39.0,40.349998,38.349998,40.0,479282.0
2012-07-02 09:15:00,NSE:JYOTISTRUC,40.650002,41.299999,40.099998,40.650002,281704.0
2012-07-03 09:15:00,NSE:JYOTISTRUC,40.799999,41.5,40.599998,41.0,204674.0
2012-07-04 09:15:00,NSE:JYOTISTRUC,41.799999,43.599998,40.799999,43.25,850069.0
2012-07-05 09:15:00,NSE:JYOTISTRUC,43.849998,45.450001,43.5,45.049999,1182296.0
2012-07-06 09:15:00,NSE:JYOTISTRUC,45.75,45.799999,43.799999,44.25,393505.0
2012-07-09 09:15:00,NSE:JYOTISTRUC,43.099998,44.5,41.5,43.799999,290653.0
2012-07-10 09:15:00,NSE:JYOTISTRUC,43.799999,44.700001,43.700001,43.950001,190817.0
2012-07-11 09:15:00,NSE:JYOTISTRUC,43.75,44.25,42.700001,42.900002,182852.0
2012-07-12 09:15:00,NSE:JYOTISTRUC,42.599998,43.200001,41.5,42.849998,242089.0
2012-07-13 09:15:00,NSE:JYOTISTRUC,42.700001,43.400002,42.200001,42.549999,125320.0
2012-07-16 09:15:00,NSE:JYOTISTRUC,42.900002,42.900002,41.400002,41.599998,81331.0
2012-07-17 09:15:00,NSE:JYOTISTRUC,42.599998,42.599998,40.349998,40.549999,93128.0
2012-07-18 09:15:00,NSE:JYOTISTRUC,40.5,40.799999,39.5,40.150002,169875.0
2012-07-19 09:15:00,NSE:JYOTISTRUC,40.5,42.150002,40.5,41.75,335278.0
2012-07-20 09:15:00,NSE:JYOTISTRUC,41.849998,42.450001,40.900002,41.150002,118124.0
2012-07-23 09:15:00,NSE:JYOTISTRUC,40.900002,41.099998,39.650002,40.049999,98300.0
2012-07-24 09:15:00,NSE:JYOTISTRUC,40.849998,40.849998,39.549999,39.849998,303292.0
2012-07-25 09:15:00,NSE:JYOTISTRUC,39.400002,39.900002,38.650002,38.950001,98772.0
2012-07-26 09:15:00,NSE:JYOTISTRUC,38.5,39.299999,37.599998,37.75,101439.0
2012-07-27 09:15:00,NSE:JYOTISTRUC,38.5,38.950001,36.049999,36.5,219290.0
2012-07-30 09:15:00,NSE:JYOTISTRUC,37.099998,38.200001,36.5,37.799999,117156.0
2012-07-31 09:15:00,NSE:JYOTISTRUC,38.299999,38.5,36.75,37.049999,134321.0
2012-08-01 09:15:00,NSE:JYOTISTRUC,37.900002,38.700001,37.0,38.150002,123380.0
2012-08-02 09:15:00,NSE:JYOTISTRUC,38.5,38.5,37.599998,37.799999,90788.0
2012-08-03 09:15:00,NSE:JYOTISTRUC,37.25,37.849998,36.400002,37.450001,73232.0
2012-08-06 09:15:00,NSE:JYOTISTRUC,38.200001,39.849998,38.0,38.900002,240214.0
2012-08-07 09:15:00,NSE:JYOTISTRUC,39.5,40.799999,39.0,39.900002,234075.0
2012-08-08 09:15:00,NSE:JYOTISTRUC,40.400002,40.5,38.75,39.0,125221.0
2012-08-09 09:15:00,NSE:JYOTISTRUC,39.900002,39.900002,38.25,38.549999,84812.0
2012-08-10 09:15:00,NSE:JYOTISTRUC,39.0,39.0,37.900002,38.049999,56259.0
2012-08-13 09:15:00,NSE:JYOTISTRUC,38.150002,38.799999,37.700001,38.549999,48718.0
2012-08-14 09:15:00,NSE:JYOTISTRUC,39.0,39.650002,38.549999,38.900002,79031.0
2012-08-16 09:15:00,NSE:JYOTISTRUC,39.299999,39.650002,38.5,38.650002,97509.0
2012-08-17 09:15:00,NSE:JYOTISTRUC,39.0,39.400002,38.5,38.75,75636.0
2012-08-21 09:15:00,NSE:JYOTISTRUC,39.0,39.0,38.25,38.349998,78025.0
2012-08-22 09:15:00,NSE:JYOTISTRUC,38.349998,39.25,38.200001,38.900002,68495.0
2012-08-23 09:15:00,NSE:JYOTISTRUC,38.700001,38.900002,37.650002,38.0,116520.0
2012-08-24 09:15:00,NSE:JYOTISTRUC,37.900002,42.299999,37.200001,40.049999,1187206.0
2012-08-27 09:15:00,NSE:JYOTISTRUC,40.450001,40.450001,38.599998,38.849998,308798.0
2012-08-28 09:15:00,NSE:JYOTISTRUC,38.849998,39.799999,38.200001,38.549999,258658.0
2012-08-29 09:15:00,NSE:JYOTISTRUC,38.75,39.400002,37.75,37.950001,113874.0
2012-08-30 09:15:00,NSE:JYOTISTRUC,38.200001,38.200001,37.299999,37.700001,87666.0
2012-08-31 09:15:00,NSE:JYOTISTRUC,38.25,38.25,36.0,37.099998,115348.0
2012-09-03 09:15:00,NSE:JYOTISTRUC,36.700001,37.900002,36.700001,37.150002,67977.0
2012-09-04 09:15:00,NSE:JYOTISTRUC,37.950001,38.0,37.0,37.400002,84771.0
2012-09-05 09:15:00,NSE:JYOTISTRUC,37.5,38.650002,37.0,37.900002,178864.0
2012-09-06 09:15:00,NSE:JYOTISTRUC,37.299999,38.299999,37.0,37.099998,147715.0
2012-09-07 09:15:00,NSE:JYOTISTRUC,37.700001,37.849998,37.0,37.099998,193560.0
2012-09-10 09:15:00,NSE:JYOTISTRUC,37.349998,37.799999,36.849998,37.0,213563.0
2012-09-11 09:15:00,NSE:JYOTISTRUC,37.200001,37.349998,36.849998,37.0,107532.0
2012-09-12 09:15:00,NSE:JYOTISTRUC,37.400002,38.400002,36.900002,38.099998,311966.0
2012-09-13 09:15:00,NSE:JYOTISTRUC,37.5,38.450001,36.650002,36.950001,334937.0
2012-09-14 09:15:00,NSE:JYOTISTRUC,37.900002,37.950001,36.299999,36.700001,362922.0
2012-09-17 09:15:00,NSE:JYOTISTRUC,37.200001,38.950001,36.900002,37.099998,1100063.0
2012-09-18 09:15:00,NSE:JYOTISTRUC,37.25,40.950001,37.0,40.299999,1276705.0
2012-09-20 09:15:00,NSE:JYOTISTRUC,40.0,43.849998,39.25,43.299999,3602561.0
2012-09-21 09:15:00,NSE:JYOTISTRUC,43.900002,49.0,42.650002,47.549999,2810251.0
2012-09-24 09:15:00,NSE:JYOTISTRUC,47.900002,51.200001,47.349998,48.25,1867537.0
2012-09-25 09:15:00,NSE:JYOTISTRUC,49.849998,50.400002,47.0,48.599998,821615.0
2012-09-26 09:15:00,NSE:JYOTISTRUC,47.349998,49.200001,46.099998,46.5,601355.0
2012-09-27 09:15:00,NSE:JYOTISTRUC,47.0,47.799999,46.0,46.799999,308773.0
2012-09-28 09:15:00,NSE:JYOTISTRUC,47.700001,48.450001,46.599998,46.950001,357857.0
2012-10-01 09:15:00,NSE:JYOTISTRUC,47.900002,48.650002,47.150002,47.549999,553461.0
2012-10-03 09:15:00,NSE:JYOTISTRUC,47.549999,50.400002,47.099998,50.049999,994858.0
2012-10-04 09:15:00,NSE:JYOTISTRUC,51.150002,53.0,50.599998,51.099998,1782663.0
2012-10-05 09:15:00,NSE:JYOTISTRUC,51.700001,53.150002,49.200001,50.299999,1203720.0
2012-10-08 09:15:00,NSE:JYOTISTRUC,50.25,50.450001,48.200001,48.5,350389.0
2012-10-09 09:15:00,NSE:JYOTISTRUC,49.0,49.400002,48.099998,48.549999,260574.0
2012-10-10 09:15:00,NSE:JYOTISTRUC,48.25,49.849998,47.200001,48.099998,773330.0
2012-10-11 09:15:00,NSE:JYOTISTRUC,48.75,48.900002,47.5,48.450001,252186.0
2012-10-12 09:15:00,NSE:JYOTISTRUC,49.200001,49.200001,47.549999,47.799999,325814.0
2012-10-15 09:15:00,NSE:JYOTISTRUC,47.950001,47.950001,46.5,46.700001,362431.0
2012-10-16 09:15:00,NSE:JYOTISTRUC,46.799999,47.400002,45.599998,45.799999,302077.0
2012-10-17 09:15:00,NSE:JYOTISTRUC,46.450001,46.700001,44.75,44.950001,367863.0
2012-10-18 09:15:00,NSE:JYOTISTRUC,45.450001,49.700001,45.0,49.25,1115847.0
2012-10-19 09:15:00,NSE:JYOTISTRUC,49.299999,49.5,47.049999,47.75,299926.0
2012-10-22 09:15:00,NSE:JYOTISTRUC,47.549999,48.650002,46.5,47.400002,159236.0
2012-10-23 09:15:00,NSE:JYOTISTRUC,47.799999,47.799999,46.349998,46.599998,114347.0
2012-10-25 09:15:00,NSE:JYOTISTRUC,46.900002,47.450001,46.450001,46.549999,84737.0
2012-10-26 09:15:00,NSE:JYOTISTRUC,46.25,48.200001,46.200001,47.299999,220097.0
2012-10-29 09:15:00,NSE:JYOTISTRUC,47.349998,47.849998,46.75,47.299999,194636.0
2012-10-30 09:15:00,NSE:JYOTISTRUC,48.200001,48.450001,45.599998,45.900002,251909.0
2012-10-31 09:15:00,NSE:JYOTISTRUC,45.549999,45.549999,43.549999,43.900002,280274.0
2012-11-01 09:15:00,NSE:JYOTISTRUC,44.0,45.150002,43.5,44.5,228338.0
2012-11-02 09:15:00,NSE:JYOTISTRUC,45.200001,45.450001,44.5,44.849998,177399.0
2012-11-05 09:15:00,NSE:JYOTISTRUC,44.549999,45.0,43.150002,43.299999,153081.0
2012-11-06 09:15:00,NSE:JYOTISTRUC,43.25,43.799999,42.650002,43.299999,204375.0
2012-11-07 09:15:00,NSE:JYOTISTRUC,43.799999,45.25,43.099998,44.200001,315229.0
2012-11-08 09:15:00,NSE:JYOTISTRUC,43.849998,44.950001,43.650002,44.5,119062.0
2012-11-09 09:15:00,NSE:JYOTISTRUC,44.099998,44.900002,43.25,43.650002,122673.0
2012-11-12 09:15:00,NSE:JYOTISTRUC,43.75,44.299999,43.0,43.099998,151396.0
2012-11-13 09:15:00,NSE:JYOTISTRUC,43.700001,43.700001,43.099998,43.5,37613.0
2012-11-15 09:15:00,NSE:JYOTISTRUC,43.349998,43.599998,42.349998,43.349998,160102.0
2012-11-16 09:15:00,NSE:JYOTISTRUC,43.5,46.700001,43.5,44.75,699938.0
2012-11-19 09:15:00,NSE:JYOTISTRUC,45.25,46.599998,44.450001,45.049999,497478.0
2012-11-20 09:15:00,NSE:JYOTISTRUC,45.549999,46.049999,44.299999,44.650002,360271.0
2012-11-21 09:15:00,NSE:JYOTISTRUC,44.650002,46.200001,44.0,44.75,429155.0
2012-11-22 09:15:00,NSE:JYOTISTRUC,45.200001,45.450001,44.299999,44.5,105036.0
2012-11-23 09:15:00,NSE:JYOTISTRUC,44.950001,45.299999,43.75,43.900002,91298.0
2012-11-26 09:15:00,NSE:JYOTISTRUC,43.900002,44.400002,42.150002,43.099998,154897.0
2012-11-27 09:15:00,NSE:JYOTISTRUC,43.75,44.400002,43.400002,43.849998,168056.0
2012-11-29 09:15:00,NSE:JYOTISTRUC,44.599998,46.700001,44.0,46.349998,562083.0
2012-11-30 09:15:00,NSE:JYOTISTRUC,46.950001,48.150002,46.200001,47.549999,537873.0
2012-12-03 09:15:00,NSE:JYOTISTRUC,47.950001,48.450001,47.0,48.049999,264057.0
2012-12-04 09:15:00,NSE:JYOTISTRUC,48.099998,49.650002,47.25,47.799999,480791.0
2012-12-05 09:15:00,NSE:JYOTISTRUC,48.450001,49.25,47.75,48.049999,256162.0
2012-12-06 09:15:00,NSE:JYOTISTRUC,48.5,48.5,47.200001,47.599998,153116.0
2012-12-07 09:15:00,NSE:JYOTISTRUC,47.900002,50.349998,47.299999,48.650002,527606.0
2012-12-10 09:15:00,NSE:JYOTISTRUC,49.25,49.75,48.049999,48.400002,308258.0
2012-12-11 09:15:00,NSE:JYOTISTRUC,48.549999,49.099998,47.0,47.200001,203547.0
2012-12-12 09:15:00,NSE:JYOTISTRUC,47.299999,47.5,46.299999,46.549999,102334.0
2012-12-13 09:15:00,NSE:JYOTISTRUC,45.599998,47.200001,44.650002,44.900002,146597.0
2012-12-14 09:15:00,NSE:JYOTISTRUC,45.049999,45.75,44.5,44.849998,143808.0
2012-12-17 09:15:00,NSE:JYOTISTRUC,45.299999,45.700001,44.5,44.700001,105874.0
2012-12-18 09:15:00,NSE:JYOTISTRUC,45.0,45.299999,44.599998,45.0,107638.0
2012-12-19 09:15:00,NSE:JYOTISTRUC,45.0,46.049999,45.0,45.400002,183576.0
2012-12-20 09:15:00,NSE:JYOTISTRUC,45.700001,46.900002,45.450001,46.200001,272909.0
2012-12-21 09:15:00,NSE:JYOTISTRUC,45.950001,46.049999,44.5,44.650002,96000.0
2012-12-24 09:15:00,NSE:JYOTISTRUC,44.549999,45.450001,43.700001,44.150002,110363.0
2012-12-26 09:15:00,NSE:JYOTISTRUC,44.25,45.400002,44.0,44.200001,127572.0
2012-12-27 09:15:00,NSE:JYOTISTRUC,44.450001,44.849998,44.0,44.150002,75231.0
2012-12-28 09:15:00,NSE:JYOTISTRUC,44.450001,45.150002,44.200001,44.349998,120371.0
2012-12-31 09:15:00,NSE:JYOTISTRUC,44.799999,45.700001,44.049999,45.049999,148648.0
2013-01-01 09:15:00,NSE:JYOTISTRUC,45.75,46.5,45.549999,46.150002,137286.0
2013-01-02 09:15:00,NSE:JYOTISTRUC,39.299999,47.0,39.299999,46.650002,141018.0
2013-01-03 09:15:00,NSE:JYOTISTRUC,46.950001,47.400002,46.299999,47.049999,140171.0
2013-01-04 09:15:00,NSE:JYOTISTRUC,46.900002,46.950001,46.049999,46.25,79462.0
2013-01-07 09:15:00,NSE:JYOTISTRUC,46.849998,47.150002,46.099998,46.349998,87364.0
2013-01-08 09:15:00,NSE:JYOTISTRUC,46.349998,46.599998,45.75,46.0,71737.0
2013-01-09 09:15:00,NSE:JYOTISTRUC,46.650002,47.599998,45.700001,45.900002,217039.0
2013-01-10 09:15:00,NSE:JYOTISTRUC,46.900002,47.349998,45.799999,46.049999,173766.0
2013-01-11 09:15:00,NSE:JYOTISTRUC,46.5,46.549999,44.75,44.849998,187715.0
2013-01-14 09:15:00,NSE:JYOTISTRUC,45.099998,45.900002,44.799999,45.0,165024.0
2013-01-15 09:15:00,NSE:JYOTISTRUC,45.900002,45.900002,44.650002,44.75,74901.0
2013-01-16 09:15:00,NSE:JYOTISTRUC,44.950001,44.950001,43.5,43.849998,86571.0
2013-01-17 09:15:00,NSE:JYOTISTRUC,44.450001,44.450001,43.349998,43.599998,74102.0
2013-01-18 09:15:00,NSE:JYOTISTRUC,44.0,44.049999,42.900002,43.049999,96469.0
2013-01-21 09:15:00,NSE:JYOTISTRUC,43.75,43.75,42.700001,43.099998,62581.0
2013-01-22 09:15:00,NSE:JYOTISTRUC,43.5,43.700001,42.150002,42.299999,117135.0
2013-01-23 09:15:00,NSE:JYOTISTRUC,42.5,42.799999,41.5,41.75,99380.0
2013-01-24 09:15:00,NSE:JYOTISTRUC,41.849998,43.700001,39.25,41.25,280460.0
2013-01-25 09:15:00,NSE:JYOTISTRUC,40.650002,42.5,40.200001,41.450001,112044.0
2013-01-28 09:15:00,NSE:JYOTISTRUC,41.849998,41.900002,40.599998,41.049999,71915.0
2013-01-29 09:15:00,NSE:JYOTISTRUC,41.400002,42.299999,40.700001,41.349998,62379.0
2013-01-30 09:15:00,NSE:JYOTISTRUC,41.200001,41.75,40.400002,40.549999,66599.0
2013-01-31 09:15:00,NSE:JYOTISTRUC,40.25,41.5,40.25,40.75,59872.0
2013-02-01 09:15:00,NSE:JYOTISTRUC,40.799999,42.25,40.799999,41.799999,82920.0
2013-02-04 09:15:00,NSE:JYOTISTRUC,41.599998,43.799999,40.700001,41.200001,238279.0
2013-02-05 09:15:00,NSE:JYOTISTRUC,42.0,42.0,40.0,40.5,74727.0
2013-02-06 09:15:00,NSE:JYOTISTRUC,41.200001,41.400002,40.5,40.700001,48529.0
2013-02-07 09:15:00,NSE:JYOTISTRUC,40.900002,41.0,38.799999,39.200001,151817.0
2013-02-08 09:15:00,NSE:JYOTISTRUC,39.599998,39.950001,38.5,38.849998,395831.0
2013-02-11 09:15:00,NSE:JYOTISTRUC,39.900002,39.900002,38.5,38.75,62700.0
2013-02-12 09:15:00,NSE:JYOTISTRUC,38.849998,39.049999,37.200001,37.599998,132854.0
2013-02-13 09:15:00,NSE:JYOTISTRUC,38.900002,38.900002,37.150002,37.25,134139.0
2013-02-14 09:15:00,NSE:JYOTISTRUC,37.400002,37.5,36.25,36.400002,74904.0
2013-02-15 09:15:00,NSE:JYOTISTRUC,37.5,37.5,36.099998,36.599998,107001.0
2013-02-18 09:15:00,NSE:JYOTISTRUC,37.5,38.099998,36.099998,36.799999,70245.0
2013-02-19 09:15:00,NSE:JYOTISTRUC,37.25,37.25,36.299999,36.849998,136950.0
2013-02-20 09:15:00,NSE:JYOTISTRUC,37.900002,37.900002,36.599998,37.049999,196241.0
2013-02-21 09:15:00,NSE:JYOTISTRUC,37.299999,37.549999,35.900002,36.150002,254649.0
2013-02-22 09:15:00,NSE:JYOTISTRUC,36.799999,36.799999,35.5,36.0,111352.0
2013-02-25 09:15:00,NSE:JYOTISTRUC,36.150002,36.349998,35.150002,35.400002,68570.0
2013-02-26 09:15:00,NSE:JYOTISTRUC,36.5,36.5,34.599998,34.799999,274812.0
2013-02-27 09:15:00,NSE:JYOTISTRUC,35.150002,35.5,34.349998,34.849998,74439.0
2013-02-28 09:15:00,NSE:JYOTISTRUC,36.599998,36.599998,31.1,32.799999,121500.0
2013-03-01 09:15:00,NSE:JYOTISTRUC,34.400002,34.400002,32.75,33.450001,75072.0
2013-03-04 09:15:00,NSE:JYOTISTRUC,32.099998,33.849998,32.099998,32.349998,80667.0
2013-03-05 09:15:00,NSE:JYOTISTRUC,33.150002,33.150002,32.200001,32.599998,66239.0
2013-03-06 09:15:00,NSE:JYOTISTRUC,33.150002,34.799999,32.650002,34.25,165819.0
2013-03-07 09:15:00,NSE:JYOTISTRUC,34.349998,34.700001,33.5,33.849998,84671.0
2013-03-08 09:15:00,NSE:JYOTISTRUC,34.700001,37.5,33.5,33.650002,227146.0
2013-03-11 09:15:00,NSE:JYOTISTRUC,34.0,34.099998,32.799999,33.200001,162175.0
2013-03-12 09:15:00,NSE:JYOTISTRUC,33.450001,34.5,32.799999,33.049999,102366.0
2013-03-13 09:15:00,NSE:JYOTISTRUC,33.049999,33.049999,32.200001,32.5,46412.0
2013-03-14 09:15:00,NSE:JYOTISTRUC,32.049999,33.799999,32.049999,33.599998,83165.0
2013-03-15 09:15:00,NSE:JYOTISTRUC,33.349998,33.75,32.150002,32.400002,78906.0
2013-03-18 09:15:00,NSE:JYOTISTRUC,32.5,32.5,31.299999,31.450001,91403.0
2013-03-19 09:15:00,NSE:JYOTISTRUC,31.5,32.599998,30.85,31.0,139032.0
2013-03-20 09:15:00,NSE:JYOTISTRUC,30.799999,31.5,29.450001,29.65,155305.0
2013-03-21 09:15:00,NSE:JYOTISTRUC,30.0,30.200001,28.5,28.6,122804.0
2013-03-22 09:15:00,NSE:JYOTISTRUC,29.0,29.0,27.5,27.950001,118576.0
2013-03-25 09:15:00,NSE:JYOTISTRUC,29.0,29.0,27.15,27.75,81749.0
2013-03-26 09:15:00,NSE:JYOTISTRUC,27.799999,28.1,27.049999,27.25,87261.0
2013-03-28 09:15:00,NSE:JYOTISTRUC,27.35,27.5,26.1,27.200001,72096.0
2013-04-01 09:15:00,NSE:JYOTISTRUC,28.200001,31.799999,27.4,31.700001,206492.0
2013-04-02 09:15:00,NSE:JYOTISTRUC,32.700001,32.900002,31.35,32.700001,125906.0
2013-04-03 09:15:00,NSE:JYOTISTRUC,32.849998,34.25,32.25,32.599998,185118.0
2013-04-04 09:15:00,NSE:JYOTISTRUC,32.0,32.400002,31.1,31.4,122047.0
2013-04-05 09:15:00,NSE:JYOTISTRUC,31.700001,32.0,31.299999,31.9,26984.0
2013-04-08 09:15:00,NSE:JYOTISTRUC,32.400002,32.5,31.0,31.25,53640.0
2013-04-09 09:15:00,NSE:JYOTISTRUC,31.85,31.9,30.75,31.0,28852.0
2013-04-10 09:15:00,NSE:JYOTISTRUC,31.0,31.5,30.4,31.450001,29132.0
2013-04-11 09:15:00,NSE:JYOTISTRUC,31.450001,31.5,30.9,30.950001,16591.0
2013-04-12 09:15:00,NSE:JYOTISTRUC,29.25,31.15,29.25,31.1,18977.0
2013-04-15 09:15:00,NSE:JYOTISTRUC,30.5,31.049999,29.6,29.799999,62066.0
2013-04-16 09:15:00,NSE:JYOTISTRUC,30.25,30.35,29.75,30.0,70557.0
2013-04-17 09:15:00,NSE:JYOTISTRUC,31.0,31.0,29.5,29.700001,144214.0
2013-04-18 09:15:00,NSE:JYOTISTRUC,29.9,29.950001,29.6,29.65,52535.0
2013-04-22 09:15:00,NSE:JYOTISTRUC,30.0,30.6,29.450001,29.75,106520.0
2013-04-23 09:15:00,NSE:JYOTISTRUC,30.0,30.15,29.5,29.549999,142479.0
2013-04-25 09:15:00,NSE:JYOTISTRUC,29.6,30.75,29.6,30.0,198971.0
2013-04-26 09:15:00,NSE:JYOTISTRUC,29.85,30.15,29.700001,29.799999,114737.0
2013-04-29 09:15:00,NSE:JYOTISTRUC,29.6,30.1,29.549999,29.549999,73877.0
2013-04-30 09:15:00,NSE:JYOTISTRUC,29.25,30.9,29.25,29.700001,136528.0
2013-05-02 09:15:00,NSE:JYOTISTRUC,29.85,31.4,28.9,29.299999,576730.0
2013-05-03 09:15:00,NSE:JYOTISTRUC,30.35,33.799999,30.1,31.75,4082492.0
2013-05-06 09:15:00,NSE:JYOTISTRUC,32.0,32.5,31.5,31.9,356454.0
2013-05-07 09:15:00,NSE:JYOTISTRUC,31.75,32.200001,30.6,31.4,213604.0
2013-05-08 09:15:00,NSE:JYOTISTRUC,31.25,32.700001,30.700001,31.0,173831.0
2013-05-09 09:15:00,NSE:JYOTISTRUC,31.200001,31.35,30.0,30.15,137668.0
2013-05-10 09:15:00,NSE:JYOTISTRUC,30.15,30.4,29.700001,29.9,170807.0
2013-05-13 09:15:00,NSE:JYOTISTRUC,30.0,30.200001,29.25,29.5,90829.0
2013-05-14 09:15:00,NSE:JYOTISTRUC,29.5,29.950001,29.1,29.200001,95126.0
2013-05-15 09:15:00,NSE:JYOTISTRUC,29.450001,29.75,29.25,29.4,167887.0
2013-05-16 09:15:00,NSE:JYOTISTRUC,29.6,29.75,29.25,29.450001,89600.0
2013-05-17 09:15:00,NSE:JYOTISTRUC,29.549999,31.799999,29.299999,30.200001,654000.0
2013-05-20 09:15:00,NSE:JYOTISTRUC,30.5,31.4,30.049999,30.25,193790.0
2013-05-21 09:15:00,NSE:JYOTISTRUC,30.35,30.6,29.75,29.9,74073.0
2013-05-22 09:15:00,NSE:JYOTISTRUC,30.1,30.4,28.9,29.1,119786.0
2013-05-23 09:15:00,NSE:JYOTISTRUC,28.700001,29.049999,27.5,28.0,102963.0
2013-05-24 09:15:00,NSE:JYOTISTRUC,28.6,28.6,27.75,28.1,79199.0
2013-05-27 09:15:00,NSE:JYOTISTRUC,28.200001,28.5,27.700001,28.1,93896.0
2013-05-28 09:15:00,NSE:JYOTISTRUC,27.950001,28.950001,27.950001,28.35,64205.0
2013-05-29 09:15:00,NSE:JYOTISTRUC,28.35,28.35,26.049999,27.4,120564.0
2013-05-30 09:15:00,NSE:JYOTISTRUC,27.0,28.6,26.65,28.549999,148183.0
2013-05-31 09:15:00,NSE:JYOTISTRUC,28.549999,28.700001,27.35,27.65,97981.0
2013-06-03 09:15:00,NSE:JYOTISTRUC,27.75,27.75,26.799999,27.1,73738.0
2013-06-04 09:15:00,NSE:JYOTISTRUC,27.15,27.5,26.65,26.75,72598.0
2013-06-05 09:15:00,NSE:JYOTISTRUC,26.9,27.049999,26.6,26.700001,38567.0
2013-06-06 09:15:00,NSE:JYOTISTRUC,26.299999,26.799999,25.75,25.85,180950.0
2013-06-07 09:15:00,NSE:JYOTISTRUC,25.9,26.4,25.549999,25.65,91829.0
2013-06-10 09:15:00,NSE:JYOTISTRUC,25.549999,26.1,24.15,24.25,160517.0
2013-06-11 09:15:00,NSE:JYOTISTRUC,24.0,24.25,23.0,23.65,142098.0
2013-06-12 09:15:00,NSE:JYOTISTRUC,23.65,25.200001,23.299999,24.25,125038.0
2013-06-13 09:15:00,NSE:JYOTISTRUC,24.0,24.200001,23.4,23.6,51847.0
2013-06-14 09:15:00,NSE:JYOTISTRUC,23.75,24.799999,23.75,23.9,82203.0
2013-06-17 09:15:00,NSE:JYOTISTRUC,24.0,24.15,23.549999,23.700001,139626.0
2013-06-18 09:15:00,NSE:JYOTISTRUC,24.049999,24.25,23.4,23.65,167713.0
2013-06-19 09:15:00,NSE:JYOTISTRUC,23.75,23.799999,23.25,23.299999,120399.0
2013-06-20 09:15:00,NSE:JYOTISTRUC,23.0,23.0,22.1,22.299999,127946.0
2013-06-21 09:15:00,NSE:JYOTISTRUC,22.5,22.75,20.25,20.6,223154.0
2013-06-24 09:15:00,NSE:JYOTISTRUC,20.0,21.200001,19.85,19.950001,278547.0
2013-06-25 09:15:00,NSE:JYOTISTRUC,19.799999,20.9,19.6,20.1,159145.0
2013-06-26 09:15:00,NSE:JYOTISTRUC,20.25,20.799999,19.799999,19.799999,92355.0
2013-06-27 09:15:00,NSE:JYOTISTRUC,20.200001,20.549999,19.6,19.799999,135048.0
2013-06-28 09:15:00,NSE:JYOTISTRUC,20.200001,20.799999,20.0,20.450001,185377.0
2013-07-01 09:15:00,NSE:JYOTISTRUC,20.0,22.25,20.0,21.5,230306.0
2013-07-02 09:15:00,NSE:JYOTISTRUC,21.9,22.6,21.35,21.6,198095.0
2013-07-03 09:15:00,NSE:JYOTISTRUC,21.4,22.799999,20.700001,20.799999,158991.0
2013-07-04 09:15:00,NSE:JYOTISTRUC,21.0,21.25,20.5,20.700001,151751.0
2013-07-05 09:15:00,NSE:JYOTISTRUC,20.85,21.35,20.4,20.5,219124.0
2013-07-08 09:15:00,NSE:JYOTISTRUC,20.5,22.65,20.15,20.75,1045508.0
2013-07-09 09:15:00,NSE:JYOTISTRUC,21.1,21.700001,20.700001,20.799999,262829.0
2013-07-10 09:15:00,NSE:JYOTISTRUC,20.5,21.1,20.35,20.5,219493.0
2013-07-11 09:15:00,NSE:JYOTISTRUC,20.5,20.700001,20.049999,20.15,358250.0
2013-07-12 09:15:00,NSE:JYOTISTRUC,20.15,20.299999,19.799999,19.85,161630.0
2013-07-15 09:15:00,NSE:JYOTISTRUC,20.4,20.4,19.6,19.950001,132394.0
2013-07-16 09:15:00,NSE:JYOTISTRUC,20.0,20.0,18.6,18.85,263934.0
2013-07-17 09:15:00,NSE:JYOTISTRUC,19.0,19.549999,18.35,18.5,156395.0
2013-07-18 09:15:00,NSE:JYOTISTRUC,18.25,18.950001,18.25,18.549999,129515.0
2013-07-19 09:15:00,NSE:JYOTISTRUC,18.5,20.0,18.5,19.35,294399.0
2013-07-22 09:15:00,NSE:JYOTISTRUC,19.0,20.549999,18.85,20.1,164442.0
2013-07-23 09:15:00,NSE:JYOTISTRUC,20.5,20.5,19.35,20.049999,93747.0
2013-07-24 09:15:00,NSE:JYOTISTRUC,20.0,20.4,19.4,19.75,156546.0
2013-07-25 09:15:00,NSE:JYOTISTRUC,19.65,19.9,19.0,19.0,47901.0
2013-07-26 09:15:00,NSE:JYOTISTRUC,18.9,19.299999,18.15,18.299999,132892.0
2013-07-29 09:15:00,NSE:JYOTISTRUC,18.4,18.6,17.200001,17.299999,148489.0
2013-07-30 09:15:00,NSE:JYOTISTRUC,17.6,17.9,16.65,16.65,104775.0
2013-07-31 09:15:00,NSE:JYOTISTRUC,16.799999,17.200001,15.7,17.0,181832.0
2013-08-01 09:15:00,NSE:JYOTISTRUC,16.950001,17.799999,15.65,15.75,209046.0
2013-08-02 09:15:00,NSE:JYOTISTRUC,15.5,16.0,15.0,15.7,155720.0
2013-08-05 09:15:00,NSE:JYOTISTRUC,15.15,16.0,15.1,16.0,54322.0
2013-08-06 09:15:00,NSE:JYOTISTRUC,15.5,16.1,15.1,16.049999,103512.0
2013-08-07 09:15:00,NSE:JYOTISTRUC,16.0,16.9,15.3,16.700001,121270.0
2013-08-08 09:15:00,NSE:JYOTISTRUC,16.049999,17.25,16.0,16.799999,101539.0
2013-08-12 09:15:00,NSE:JYOTISTRUC,16.200001,17.9,16.200001,17.1,109725.0
2013-08-13 09:15:00,NSE:JYOTISTRUC,17.0,17.700001,16.85,16.9,123863.0
2013-08-14 09:15:00,NSE:JYOTISTRUC,17.0,17.5,16.799999,17.15,79469.0
2013-08-16 09:15:00,NSE:JYOTISTRUC,16.950001,17.85,16.549999,16.75,54888.0
2013-08-19 09:15:00,NSE:JYOTISTRUC,16.200001,17.200001,16.200001,16.35,105845.0
2013-08-20 09:15:00,NSE:JYOTISTRUC,16.200001,17.0,15.8,17.0,85350.0
2013-08-21 09:15:00,NSE:JYOTISTRUC,17.15,17.299999,16.5,16.6,46504.0
2013-08-22 09:15:00,NSE:JYOTISTRUC,16.4,17.25,16.299999,16.950001,73842.0
2013-08-23 09:15:00,NSE:JYOTISTRUC,16.950001,17.5,16.75,17.1,72392.0
2013-08-26 09:15:00,NSE:JYOTISTRUC,17.450001,18.200001,17.450001,17.700001,73567.0
2013-08-27 09:15:00,NSE:JYOTISTRUC,17.65,17.65,16.9,17.1,37165.0
2013-08-28 09:15:00,NSE:JYOTISTRUC,17.049999,17.049999,16.299999,16.6,47876.0
2013-08-29 09:15:00,NSE:JYOTISTRUC,16.700001,18.049999,16.65,17.5,372978.0
2013-08-30 09:15:00,NSE:JYOTISTRUC,18.0,18.1,17.200001,17.65,194968.0
2013-09-02 09:15:00,NSE:JYOTISTRUC,17.75,18.950001,17.75,18.799999,83758.0
2013-09-03 09:15:00,NSE:JYOTISTRUC,18.700001,18.799999,17.700001,17.700001,110331.0
2013-09-04 09:15:00,NSE:JYOTISTRUC,17.75,18.5,17.35,17.950001,58305.0
2013-09-05 09:15:00,NSE:JYOTISTRUC,18.5,18.6,17.5,17.6,169162.0
2013-09-06 09:15:00,NSE:JYOTISTRUC,17.75,18.1,17.6,17.950001,61012.0
2013-09-10 09:15:00,NSE:JYOTISTRUC,18.1,19.6,18.1,19.25,252294.0
2013-09-11 09:15:00,NSE:JYOTISTRUC,18.65,20.450001,18.6,19.5,219811.0
2013-09-12 09:15:00,NSE:JYOTISTRUC,19.549999,22.299999,19.549999,20.9,630163.0
2013-09-13 09:15:00,NSE:JYOTISTRUC,21.799999,23.799999,21.799999,23.25,1439906.0
2013-09-16 09:15:00,NSE:JYOTISTRUC,23.6,24.450001,23.0,23.549999,546810.0
2013-09-17 09:15:00,NSE:JYOTISTRUC,23.15,23.450001,22.65,22.85,88428.0
2013-09-18 09:15:00,NSE:JYOTISTRUC,22.700001,23.1,21.950001,22.1,89015.0
2013-09-19 09:15:00,NSE:JYOTISTRUC,22.9,22.950001,21.799999,22.0,228882.0
2013-09-20 09:15:00,NSE:JYOTISTRUC,22.0,22.4,20.75,21.4,136775.0
2013-09-23 09:15:00,NSE:JYOTISTRUC,21.15,21.15,20.549999,20.65,88862.0
2013-09-24 09:15:00,NSE:JYOTISTRUC,20.9,21.85,20.85,21.15,175358.0
2013-09-25 09:15:00,NSE:JYOTISTRUC,21.15,21.85,20.65,20.799999,58661.0
2013-09-26 09:15:00,NSE:JYOTISTRUC,20.799999,21.299999,20.700001,21.25,67615.0
2013-09-27 09:15:00,NSE:JYOTISTRUC,21.25,21.4,20.65,20.799999,58036.0
2013-09-30 09:15:00,NSE:JYOTISTRUC,21.200001,21.200001,19.700001,19.85,78373.0
2013-10-01 09:15:00,NSE:JYOTISTRUC,20.0,20.75,19.6,20.0,364416.0
2013-10-03 09:15:00,NSE:JYOTISTRUC,19.9,20.299999,19.799999,19.950001,140138.0
2013-10-04 09:15:00,NSE:JYOTISTRUC,19.799999,20.200001,19.75,19.9,111281.0
2013-10-07 09:15:00,NSE:JYOTISTRUC,19.85,20.049999,19.299999,19.299999,95582.0
2013-10-08 09:15:00,NSE:JYOTISTRUC,19.6,19.75,19.4,19.5,80976.0
2013-10-09 09:15:00,NSE:JYOTISTRUC,19.5,19.799999,19.4,19.5,106951.0
2013-10-10 09:15:00,NSE:JYOTISTRUC,19.6,19.950001,19.4,19.5,212901.0
2013-10-11 09:15:00,NSE:JYOTISTRUC,19.4,20.85,19.4,20.0,418777.0
2013-10-14 09:15:00,NSE:JYOTISTRUC,20.0,21.35,20.0,20.9,264687.0
2013-10-15 09:15:00,NSE:JYOTISTRUC,21.0,21.700001,20.25,20.35,266418.0
2013-10-17 09:15:00,NSE:JYOTISTRUC,20.6,22.549999,20.200001,22.450001,1492875.0
2013-10-18 09:15:00,NSE:JYOTISTRUC,22.9,24.6,22.6,24.5,1609111.0
2013-10-21 09:15:00,NSE:JYOTISTRUC,24.0,24.9,23.299999,24.15,543369.0
2013-10-22 09:15:00,NSE:JYOTISTRUC,24.0,26.200001,23.9,25.4,1122512.0
2013-10-23 09:15:00,NSE:JYOTISTRUC,25.0,25.9,23.85,24.25,542910.0
2013-10-24 09:15:00,NSE:JYOTISTRUC,24.15,25.65,24.15,24.85,492656.0
2013-10-25 09:15:00,NSE:JYOTISTRUC,24.799999,25.299999,24.549999,24.6,174946.0
2013-10-28 09:15:00,NSE:JYOTISTRUC,25.0,25.1,23.0,23.0,177000.0
2013-10-29 09:15:00,NSE:JYOTISTRUC,23.700001,24.0,22.9,23.549999,168058.0
2013-10-30 09:15:00,NSE:JYOTISTRUC,23.700001,24.299999,23.5,23.65,198325.0
2013-10-31 09:15:00,NSE:JYOTISTRUC,23.75,24.6,23.6,23.700001,326247.0
2013-11-01 09:15:00,NSE:JYOTISTRUC,24.0,24.799999,23.549999,23.65,746704.0
2013-11-05 09:15:00,NSE:JYOTISTRUC,24.049999,27.0,24.049999,25.15,1110117.0
2013-11-06 09:15:00,NSE:JYOTISTRUC,25.049999,26.0,24.6,24.75,589305.0
2013-11-07 09:15:00,NSE:JYOTISTRUC,25.65,26.700001,24.1,25.15,1747920.0
2013-11-08 09:15:00,NSE:JYOTISTRUC,25.4,25.75,24.4,24.5,869401.0
2013-11-11 09:15:00,NSE:JYOTISTRUC,25.0,25.0,24.1,24.35,228047.0
2013-11-12 09:15:00,NSE:JYOTISTRUC,24.5,24.700001,23.1,23.25,293622.0
2013-11-13 09:15:00,NSE:JYOTISTRUC,23.049999,24.35,22.700001,23.4,229136.0
2013-11-14 09:15:00,NSE:JYOTISTRUC,24.0,24.0,22.6,22.65,391965.0
2013-11-18 09:15:00,NSE:JYOTISTRUC,23.0,23.450001,22.700001,23.0,275226.0
2013-11-19 09:15:00,NSE:JYOTISTRUC,23.0,23.25,22.700001,22.799999,289685.0
2013-11-20 09:15:00,NSE:JYOTISTRUC,22.9,23.950001,20.9,21.0,1288287.0
2013-11-21 09:15:00,NSE:JYOTISTRUC,21.15,22.4,20.1,21.75,1739301.0
2013-11-22 09:15:00,NSE:JYOTISTRUC,21.9,22.700001,21.65,22.6,480018.0
2013-11-25 09:15:00,NSE:JYOTISTRUC,22.75,24.15,22.450001,24.1,1193023.0
2013-11-26 09:15:00,NSE:JYOTISTRUC,24.0,24.5,23.799999,24.200001,629493.0
2013-11-27 09:15:00,NSE:JYOTISTRUC,24.299999,24.950001,23.25,24.65,877195.0
2013-11-28 09:15:00,NSE:JYOTISTRUC,24.9,26.700001,24.299999,26.049999,1749840.0
2013-11-29 09:15:00,NSE:JYOTISTRUC,26.0,27.1,26.0,26.1,1221552.0
2013-12-02 09:15:00,NSE:JYOTISTRUC,26.299999,28.15,26.200001,27.85,1450689.0
2013-12-03 09:15:00,NSE:JYOTISTRUC,27.85,27.85,26.75,26.85,790918.0
2013-12-04 09:15:00,NSE:JYOTISTRUC,26.799999,27.0,25.299999,25.75,935755.0
2013-12-05 09:15:00,NSE:JYOTISTRUC,26.450001,27.799999,26.200001,26.4,1496883.0
2013-12-06 09:15:00,NSE:JYOTISTRUC,26.9,27.4,26.200001,26.6,762202.0
2013-12-09 09:15:00,NSE:JYOTISTRUC,27.799999,28.1,26.75,26.799999,1175314.0
2013-12-10 09:15:00,NSE:JYOTISTRUC,27.049999,27.15,25.9,26.9,451412.0
2013-12-11 09:15:00,NSE:JYOTISTRUC,26.799999,26.799999,25.65,25.799999,520142.0
2013-12-12 09:15:00,NSE:JYOTISTRUC,26.0,26.799999,25.25,26.75,412696.0
2013-12-13 09:15:00,NSE:JYOTISTRUC,26.1,27.4,25.799999,25.799999,353564.0
2013-12-16 09:15:00,NSE:JYOTISTRUC,26.0,26.65,25.549999,25.9,211179.0
2013-12-17 09:15:00,NSE:JYOTISTRUC,26.6,26.6,25.450001,25.450001,211061.0
2013-12-18 09:15:00,NSE:JYOTISTRUC,25.700001,26.35,25.6,25.950001,403268.0
2013-12-19 09:15:00,NSE:JYOTISTRUC,26.049999,26.4,25.299999,25.450001,360878.0
2013-12-20 09:15:00,NSE:JYOTISTRUC,25.35,26.75,25.35,26.299999,400037.0
2013-12-23 09:15:00,NSE:JYOTISTRUC,26.049999,27.75,26.049999,27.700001,673662.0
2013-12-24 09:15:00,NSE:JYOTISTRUC,27.25,28.700001,27.25,28.700001,676078.0
2013-12-26 09:15:00,NSE:JYOTISTRUC,28.75,30.9,28.65,30.5,1720640.0
2013-12-27 09:15:00,NSE:JYOTISTRUC,30.6,30.9,29.549999,29.9,585197.0
2013-12-30 09:15:00,NSE:JYOTISTRUC,30.0,30.5,28.75,28.799999,348117.0
2013-12-31 09:15:00,NSE:JYOTISTRUC,28.9,31.6,28.75,31.35,1564834.0
2014-01-01 09:15:00,NSE:JYOTISTRUC,31.200001,33.900002,31.049999,33.599998,2090706.0
2014-01-02 09:15:00,NSE:JYOTISTRUC,33.75,34.700001,30.299999,30.549999,1626336.0
2014-01-03 09:15:00,NSE:JYOTISTRUC,30.4,32.349998,30.25,32.049999,847596.0
2014-01-06 09:15:00,NSE:JYOTISTRUC,32.150002,33.599998,31.450001,32.650002,742781.0
2014-01-07 09:15:00,NSE:JYOTISTRUC,32.599998,33.799999,32.299999,32.700001,712963.0
2014-01-08 09:15:00,NSE:JYOTISTRUC,32.650002,33.400002,31.450001,31.85,529504.0
2014-01-09 09:15:00,NSE:JYOTISTRUC,31.799999,32.150002,30.299999,31.0,352938.0
2014-01-10 09:15:00,NSE:JYOTISTRUC,31.4,31.9,30.549999,30.700001,360786.0
2014-01-13 09:15:00,NSE:JYOTISTRUC,30.200001,31.25,30.1,30.700001,384957.0
2014-01-14 09:15:00,NSE:JYOTISTRUC,30.799999,31.700001,30.75,30.799999,379527.0
2014-01-15 09:15:00,NSE:JYOTISTRUC,30.9,31.4,30.4,30.6,182849.0
2014-01-16 09:15:00,NSE:JYOTISTRUC,30.200001,31.6,30.200001,30.450001,281476.0
2014-01-17 09:15:00,NSE:JYOTISTRUC,30.549999,30.75,29.15,29.5,244943.0
2014-01-20 09:15:00,NSE:JYOTISTRUC,29.15,29.6,28.6,28.85,256955.0
2014-01-21 09:15:00,NSE:JYOTISTRUC,29.1,30.4,28.85,29.799999,268766.0
2014-01-22 09:15:00,NSE:JYOTISTRUC,29.9,30.25,29.200001,30.1,191254.0
2014-01-23 09:15:00,NSE:JYOTISTRUC,30.299999,30.65,29.75,30.5,120842.0
2014-01-24 09:15:00,NSE:JYOTISTRUC,30.0,30.35,29.0,29.299999,145506.0
2014-01-27 09:15:00,NSE:JYOTISTRUC,28.9,28.9,27.75,27.799999,176423.0
2014-01-28 09:15:00,NSE:JYOTISTRUC,28.0,28.9,27.799999,28.9,145252.0
2014-01-29 09:15:00,NSE:JYOTISTRUC,28.15,28.950001,28.0,28.049999,91886.0
2014-01-30 09:15:00,NSE:JYOTISTRUC,27.9,27.9,27.0,27.25,223177.0
2014-01-31 09:15:00,NSE:JYOTISTRUC,27.25,28.799999,27.15,28.35,179462.0
2014-02-03 09:15:00,NSE:JYOTISTRUC,28.049999,28.4,27.0,27.299999,223983.0
2014-02-04 09:15:00,NSE:JYOTISTRUC,27.1,27.25,26.5,27.15,136953.0
2014-02-05 09:15:00,NSE:JYOTISTRUC,27.9,27.9,27.0,27.15,87864.0
2014-02-06 09:15:00,NSE:JYOTISTRUC,27.549999,28.200001,27.25,27.4,159307.0
2014-02-07 09:15:00,NSE:JYOTISTRUC,27.700001,28.4,27.5,27.700001,128172.0
2014-02-10 09:15:00,NSE:JYOTISTRUC,27.299999,28.0,27.299999,27.4,63022.0
2014-02-11 09:15:00,NSE:JYOTISTRUC,27.299999,27.700001,27.049999,27.049999,95198.0
2014-02-12 09:15:00,NSE:JYOTISTRUC,26.9,27.4,26.700001,26.799999,319642.0
2014-02-13 09:15:00,NSE:JYOTISTRUC,27.0,27.0,26.0,26.1,107406.0
2014-02-14 09:15:00,NSE:JYOTISTRUC,25.950001,26.799999,25.9,26.1,165929.0
2014-02-17 09:15:00,NSE:JYOTISTRUC,26.4,26.4,25.6,26.0,127860.0
2014-02-18 09:15:00,NSE:JYOTISTRUC,26.35,27.450001,25.799999,27.15,279708.0
2014-02-19 09:15:00,NSE:JYOTISTRUC,26.950001,28.75,26.950001,28.65,499739.0
2014-02-20 09:15:00,NSE:JYOTISTRUC,28.799999,28.799999,27.35,27.549999,200969.0
2014-02-21 09:15:00,NSE:JYOTISTRUC,27.5,28.25,27.5,28.0,136579.0
2014-02-24 09:15:00,NSE:JYOTISTRUC,28.25,28.799999,27.85,28.25,192358.0
2014-02-25 09:15:00,NSE:JYOTISTRUC,28.200001,28.5,27.65,27.75,112743.0
2014-02-26 09:15:00,NSE:JYOTISTRUC,27.75,27.9,27.049999,27.299999,137320.0
2014-02-28 09:15:00,NSE:JYOTISTRUC,27.049999,28.25,27.0,28.1,226140.0
2014-03-03 09:15:00,NSE:JYOTISTRUC,27.799999,29.0,27.6,27.9,409395.0
2014-03-04 09:15:00,NSE:JYOTISTRUC,27.75,28.450001,27.6,28.1,187356.0
2014-03-05 09:15:00,NSE:JYOTISTRUC,28.6,29.700001,28.0,29.299999,454632.0
2014-03-06 09:15:00,NSE:JYOTISTRUC,29.5,30.549999,29.4,29.950001,420667.0
2014-03-07 09:15:00,NSE:JYOTISTRUC,30.0,31.1,29.700001,30.299999,505175.0
2014-03-10 09:15:00,NSE:JYOTISTRUC,29.700001,31.9,29.700001,31.549999,435616.0
2014-03-11 09:15:00,NSE:JYOTISTRUC,31.450001,32.599998,30.75,31.35,333055.0
2014-03-12 09:15:00,NSE:JYOTISTRUC,31.25,31.700001,30.4,30.799999,140677.0
2014-03-13 09:15:00,NSE:JYOTISTRUC,30.549999,31.450001,30.049999,30.200001,141945.0
2014-03-14 09:15:00,NSE:JYOTISTRUC,30.0,30.5,29.5,29.9,116721.0
2014-03-18 09:15:00,NSE:JYOTISTRUC,29.799999,30.75,29.15,29.299999,223310.0
2014-03-19 09:15:00,NSE:JYOTISTRUC,29.5,30.450001,29.0,29.85,280820.0
2014-03-20 09:15:00,NSE:JYOTISTRUC,29.9,29.9,29.049999,29.049999,117320.0
2014-03-21 09:15:00,NSE:JYOTISTRUC,29.200001,29.700001,29.1,29.450001,144747.0
2014-03-24 09:15:00,NSE:JYOTISTRUC,30.25,31.35,30.0,30.25,175324.0
2014-03-25 09:15:00,NSE:JYOTISTRUC,30.450001,30.700001,29.700001,29.950001,228103.0
2014-03-26 09:15:00,NSE:JYOTISTRUC,29.950001,30.4,29.6,30.0,390560.0
2014-03-27 09:15:00,NSE:JYOTISTRUC,30.15,31.9,30.0,31.299999,364570.0
2014-03-28 09:15:00,NSE:JYOTISTRUC,32.25,32.5,31.65,31.85,289232.0
2014-03-31 09:15:00,NSE:JYOTISTRUC,32.5,32.799999,31.700001,31.950001,193776.0
2014-04-01 09:15:00,NSE:JYOTISTRUC,31.5,33.5,31.5,33.299999,380856.0
2014-04-02 09:15:00,NSE:JYOTISTRUC,34.0,34.450001,33.349998,33.549999,1099057.0
2014-04-03 09:15:00,NSE:JYOTISTRUC,33.549999,33.900002,33.0,33.5,380617.0
2014-04-04 09:15:00,NSE:JYOTISTRUC,33.5,37.25,33.450001,36.25,1928262.0
2014-04-07 09:15:00,NSE:JYOTISTRUC,36.299999,37.950001,36.25,37.25,826479.0
2014-04-09 09:15:00,NSE:JYOTISTRUC,37.700001,39.799999,37.700001,39.200001,1333760.0
2014-04-10 09:15:00,NSE:JYOTISTRUC,39.650002,40.200001,38.25,39.0,911298.0
2014-04-11 09:15:00,NSE:JYOTISTRUC,38.799999,39.099998,37.549999,38.0,312216.0
2014-04-15 09:15:00,NSE:JYOTISTRUC,38.0,38.700001,36.599998,36.849998,354200.0
2014-04-16 09:15:00,NSE:JYOTISTRUC,37.349998,37.650002,35.049999,35.599998,355036.0
2014-04-17 09:15:00,NSE:JYOTISTRUC,36.0,36.900002,35.25,36.400002,358742.0
2014-04-21 09:15:00,NSE:JYOTISTRUC,36.400002,38.200001,36.400002,37.950001,447323.0
2014-04-22 09:15:00,NSE:JYOTISTRUC,38.950001,40.200001,38.650002,38.900002,980706.0
2014-04-23 09:15:00,NSE:JYOTISTRUC,39.0,39.849998,38.200001,38.299999,335415.0
2014-04-25 09:15:00,NSE:JYOTISTRUC,38.150002,38.900002,37.599998,37.799999,322055.0
2014-04-28 09:15:00,NSE:JYOTISTRUC,37.0,39.049999,36.75,38.599998,279751.0
2014-04-29 09:15:00,NSE:JYOTISTRUC,39.25,39.25,37.299999,37.549999,266058.0
2014-04-30 09:15:00,NSE:JYOTISTRUC,37.650002,38.25,35.650002,36.200001,334499.0
2014-05-02 09:15:00,NSE:JYOTISTRUC,36.200001,37.950001,36.200001,36.950001,246749.0
2014-05-05 09:15:00,NSE:JYOTISTRUC,37.049999,37.049999,36.200001,36.299999,115874.0
2014-05-06 09:15:00,NSE:JYOTISTRUC,36.049999,36.950001,35.25,35.349998,273659.0
2014-05-07 09:15:00,NSE:JYOTISTRUC,35.349998,35.599998,34.549999,34.799999,131456.0
2014-05-08 09:15:00,NSE:JYOTISTRUC,35.200001,35.849998,34.650002,35.650002,181309.0
2014-05-09 09:15:00,NSE:JYOTISTRUC,35.650002,37.150002,35.299999,36.75,354307.0
2014-05-12 09:15:00,NSE:JYOTISTRUC,36.599998,38.700001,36.599998,37.450001,403127.0
2014-05-13 09:15:00,NSE:JYOTISTRUC,38.049999,39.599998,37.650002,39.200001,696902.0
2014-05-14 09:15:00,NSE:JYOTISTRUC,39.5,42.5,39.099998,42.25,1133927.0
2014-05-15 09:15:00,NSE:JYOTISTRUC,42.650002,42.650002,40.5,40.950001,601112.0
2014-05-16 09:15:00,NSE:JYOTISTRUC,42.0,48.0,41.5,47.099998,2205533.0
2014-05-19 09:15:00,NSE:JYOTISTRUC,48.5,54.75,47.5,53.75,2335082.0
2014-05-20 09:15:00,NSE:JYOTISTRUC,54.799999,55.5,52.0,54.25,1311441.0
2014-05-21 09:15:00,NSE:JYOTISTRUC,55.0,59.650002,54.099998,59.650002,1560667.0
2014-05-22 09:15:00,NSE:JYOTISTRUC,61.5,64.650002,60.0,63.549999,1241880.0
2014-05-23 09:15:00,NSE:JYOTISTRUC,63.599998,66.0,61.799999,63.700001,1029059.0
2014-05-26 09:15:00,NSE:JYOTISTRUC,64.800003,68.900002,57.950001,59.25,1720251.0
2014-05-27 09:15:00,NSE:JYOTISTRUC,59.599998,63.400002,54.799999,62.049999,1196596.0
2014-05-28 09:15:00,NSE:JYOTISTRUC,62.75,64.25,62.349998,63.150002,402685.0
2014-05-29 09:15:00,NSE:JYOTISTRUC,63.0,64.0,61.25,62.950001,289007.0
2014-05-30 09:15:00,NSE:JYOTISTRUC,64.150002,64.150002,60.299999,61.099998,219288.0
2014-06-02 09:15:00,NSE:JYOTISTRUC,55.0,55.0,55.0,55.0,184991.0
2014-06-03 09:15:00,NSE:JYOTISTRUC,53.099998,56.700001,51.200001,53.950001,1573094.0
2014-06-04 09:15:00,NSE:JYOTISTRUC,54.299999,58.599998,54.150002,57.0,963174.0
2014-06-05 09:15:00,NSE:JYOTISTRUC,57.299999,59.599998,55.400002,56.799999,1129628.0
2014-06-06 09:15:00,NSE:JYOTISTRUC,57.0,58.200001,55.5,55.799999,365561.0
2014-06-09 09:15:00,NSE:JYOTISTRUC,55.150002,59.150002,55.150002,58.150002,1104135.0
2014-06-10 09:15:00,NSE:JYOTISTRUC,58.400002,58.650002,55.799999,56.900002,337712.0
2014-06-11 09:15:00,NSE:JYOTISTRUC,57.0,59.400002,53.049999,53.549999,899398.0
2014-06-12 09:15:00,NSE:JYOTISTRUC,53.849998,54.799999,52.400002,52.950001,321353.0
2014-06-13 09:15:00,NSE:JYOTISTRUC,53.0,55.0,48.599998,49.799999,708778.0
2014-06-16 09:15:00,NSE:JYOTISTRUC,50.0,50.0,45.25,49.799999,530841.0
2014-06-17 09:15:00,NSE:JYOTISTRUC,49.75,52.900002,49.5,52.049999,1012976.0
2014-06-18 09:15:00,NSE:JYOTISTRUC,53.0,53.900002,50.049999,51.349998,562845.0
2014-06-19 09:15:00,NSE:JYOTISTRUC,52.150002,53.0,50.599998,50.849998,413711.0
2014-06-20 09:15:00,NSE:JYOTISTRUC,51.0,52.349998,50.0,50.349998,270652.0
2014-06-23 09:15:00,NSE:JYOTISTRUC,50.099998,51.75,50.049999,50.450001,278625.0
2014-06-24 09:15:00,NSE:JYOTISTRUC,50.200001,55.450001,50.200001,55.049999,2715966.0
2014-06-25 09:15:00,NSE:JYOTISTRUC,55.849998,57.349998,55.25,56.599998,1714159.0
2014-06-26 09:15:00,NSE:JYOTISTRUC,56.900002,57.5,55.200001,55.5,1028160.0
2014-06-27 09:15:00,NSE:JYOTISTRUC,55.950001,59.799999,55.900002,59.450001,2760646.0
2014-06-30 09:15:00,NSE:JYOTISTRUC,60.400002,61.450001,59.650002,60.900002,1937922.0
2014-07-01 09:15:00,NSE:JYOTISTRUC,61.700001,63.200001,61.5,61.849998,1933046.0
2014-07-02 09:15:00,NSE:JYOTISTRUC,62.75,66.0,62.200001,64.349998,3970284.0
2014-07-03 09:15:00,NSE:JYOTISTRUC,64.900002,66.300003,64.5,64.75,2144862.0
2014-07-04 09:15:00,NSE:JYOTISTRUC,65.25,65.300003,63.0,63.900002,918856.0
2014-07-07 09:15:00,NSE:JYOTISTRUC,64.5,69.699997,64.449997,67.900002,4179634.0
2014-07-08 09:15:00,NSE:JYOTISTRUC,68.400002,68.650002,60.099998,60.799999,1858029.0
2014-07-09 09:15:00,NSE:JYOTISTRUC,61.349998,62.5,57.099998,58.799999,1433525.0
2014-07-10 09:15:00,NSE:JYOTISTRUC,58.900002,62.700001,55.650002,60.400002,1522818.0
2014-07-11 09:15:00,NSE:JYOTISTRUC,60.700001,62.900002,56.799999,57.049999,1307729.0
2014-07-14 09:15:00,NSE:JYOTISTRUC,56.75,59.0,56.25,56.849998,1224006.0
2014-07-15 09:15:00,NSE:JYOTISTRUC,57.400002,58.549999,55.549999,57.599998,767658.0
2014-07-16 09:15:00,NSE:JYOTISTRUC,57.650002,59.900002,57.299999,59.450001,1504041.0
2014-07-17 09:15:00,NSE:JYOTISTRUC,59.75,61.0,59.150002,60.049999,1059228.0
2014-07-18 09:15:00,NSE:JYOTISTRUC,59.5,60.400002,58.299999,59.150002,692818.0
2014-07-21 09:15:00,NSE:JYOTISTRUC,59.200001,61.099998,58.75,59.150002,614327.0
2014-07-22 09:15:00,NSE:JYOTISTRUC,59.200001,60.400002,58.200001,58.650002,527134.0
2014-07-23 09:15:00,NSE:JYOTISTRUC,58.799999,59.349998,56.450001,57.049999,571458.0
2014-07-24 09:15:00,NSE:JYOTISTRUC,56.5,57.799999,56.0,56.650002,314021.0
2014-07-25 09:15:00,NSE:JYOTISTRUC,56.950001,57.25,54.200001,54.75,592453.0
2014-07-28 09:15:00,NSE:JYOTISTRUC,54.5,54.900002,52.099998,52.650002,508713.0
2014-07-30 09:15:00,NSE:JYOTISTRUC,52.900002,53.700001,51.75,52.849998,605028.0
2014-07-31 09:15:00,NSE:JYOTISTRUC,51.049999,51.049999,48.599998,48.900002,1146092.0
2014-08-01 09:15:00,NSE:JYOTISTRUC,48.400002,48.400002,44.900002,45.299999,944683.0
2014-08-04 09:15:00,NSE:JYOTISTRUC,45.950001,47.299999,45.450001,45.799999,669785.0
2014-08-05 09:15:00,NSE:JYOTISTRUC,46.5,46.75,45.299999,45.950001,780510.0
2014-08-06 09:15:00,NSE:JYOTISTRUC,45.849998,47.099998,44.099998,44.700001,1296157.0
2014-08-07 09:15:00,NSE:JYOTISTRUC,44.5,45.200001,41.200001,41.650002,1395752.0
2014-08-08 09:15:00,NSE:JYOTISTRUC,41.349998,41.400002,39.0,40.049999,636598.0
2014-08-11 09:15:00,NSE:JYOTISTRUC,41.0,43.5,40.799999,42.349998,1322796.0
2014-08-12 09:15:00,NSE:JYOTISTRUC,42.599998,43.200001,42.0,42.450001,379446.0
2014-08-13 09:15:00,NSE:JYOTISTRUC,42.299999,42.700001,39.200001,39.900002,448820.0
2014-08-14 09:15:00,NSE:JYOTISTRUC,39.5,40.75,39.349998,40.25,344820.0
2014-08-18 09:15:00,NSE:JYOTISTRUC,40.0,45.349998,39.349998,43.849998,1481856.0
2014-08-19 09:15:00,NSE:JYOTISTRUC,44.299999,46.400002,43.549999,45.849998,1058888.0
2014-08-20 09:15:00,NSE:JYOTISTRUC,46.400002,47.5,45.599998,46.400002,1125966.0
2014-08-21 09:15:00,NSE:JYOTISTRUC,46.400002,47.700001,45.200001,45.450001,809708.0
2014-08-22 09:15:00,NSE:JYOTISTRUC,45.5,45.900002,42.799999,43.0,623183.0
2014-08-25 09:15:00,NSE:JYOTISTRUC,43.450001,45.700001,43.049999,43.799999,1319379.0
2014-08-26 09:15:00,NSE:JYOTISTRUC,44.049999,44.400002,42.0,42.900002,438310.0
2014-08-27 09:15:00,NSE:JYOTISTRUC,42.799999,44.400002,42.799999,43.700001,542904.0
2014-08-28 09:15:00,NSE:JYOTISTRUC,43.299999,44.400002,42.049999,42.349998,393156.0
2014-09-01 09:15:00,NSE:JYOTISTRUC,43.0,45.150002,42.599998,44.900002,848663.0
2014-09-02 09:15:00,NSE:JYOTISTRUC,44.5,45.650002,44.099998,44.799999,536544.0
2014-09-03 09:15:00,NSE:JYOTISTRUC,44.5,45.900002,43.5,43.75,758282.0
2014-09-04 09:15:00,NSE:JYOTISTRUC,43.299999,43.849998,41.5,41.849998,555325.0
2014-09-05 09:15:00,NSE:JYOTISTRUC,41.849998,43.349998,39.900002,40.299999,859366.0
2014-09-08 09:15:00,NSE:JYOTISTRUC,40.049999,43.299999,40.049999,42.700001,1827788.0
2014-09-09 09:15:00,NSE:JYOTISTRUC,43.150002,43.400002,42.0,42.700001,759659.0
2014-09-10 09:15:00,NSE:JYOTISTRUC,42.549999,44.400002,42.0,42.950001,1471091.0
2014-09-11 09:15:00,NSE:JYOTISTRUC,43.0,47.099998,43.0,46.25,2873478.0
2014-09-12 09:15:00,NSE:JYOTISTRUC,46.400002,49.650002,45.650002,48.849998,3792523.0
2014-09-15 09:15:00,NSE:JYOTISTRUC,49.400002,51.450001,49.349998,49.849998,3077970.0
2014-09-16 09:15:00,NSE:JYOTISTRUC,50.150002,50.299999,43.849998,44.549999,1982711.0
2014-09-17 09:15:00,NSE:JYOTISTRUC,45.25,45.799999,43.200001,44.75,937817.0
2014-09-18 09:15:00,NSE:JYOTISTRUC,44.900002,47.299999,44.400002,45.650002,1261224.0
2014-09-19 09:15:00,NSE:JYOTISTRUC,45.950001,46.349998,44.200001,44.5,882159.0
2014-09-22 09:15:00,NSE:JYOTISTRUC,44.450001,45.75,43.650002,44.200001,687032.0
2014-09-23 09:15:00,NSE:JYOTISTRUC,44.25,44.5,41.200001,41.5,1083465.0
2014-09-24 09:15:00,NSE:JYOTISTRUC,41.25,43.400002,41.049999,41.700001,1415263.0
2014-09-25 09:15:00,NSE:JYOTISTRUC,42.099998,42.849998,37.599998,39.849998,1569922.0
2014-09-26 09:15:00,NSE:JYOTISTRUC,40.0,40.799999,38.200001,40.25,715780.0
2014-09-29 09:15:00,NSE:JYOTISTRUC,40.950001,42.150002,40.200001,41.0,623868.0
2014-09-30 09:15:00,NSE:JYOTISTRUC,41.0,41.799999,39.799999,40.0,442302.0
2014-10-01 09:15:00,NSE:JYOTISTRUC,40.900002,41.450001,40.299999,41.150002,594218.0
2014-10-07 09:15:00,NSE:JYOTISTRUC,41.400002,42.5,40.549999,40.900002,862917.0
2014-10-08 09:15:00,NSE:JYOTISTRUC,40.900002,41.700001,40.200001,40.549999,448887.0
2014-10-09 09:15:00,NSE:JYOTISTRUC,41.0,41.849998,40.799999,41.599998,542093.0
2014-10-10 09:15:00,NSE:JYOTISTRUC,41.200001,41.25,40.299999,40.599998,272850.0
2014-10-13 09:15:00,NSE:JYOTISTRUC,39.75,40.599998,39.75,40.200001,280947.0
2014-10-14 09:15:00,NSE:JYOTISTRUC,40.25,40.799999,39.799999,40.0,292901.0
2014-10-16 09:15:00,NSE:JYOTISTRUC,39.75,40.299999,38.349998,38.549999,370398.0
2014-10-17 09:15:00,NSE:JYOTISTRUC,38.25,39.299999,38.099998,39.099998,336872.0
2014-10-20 09:15:00,NSE:JYOTISTRUC,39.900002,40.0,38.400002,38.549999,365016.0
2014-10-21 09:15:00,NSE:JYOTISTRUC,38.950001,39.450001,38.5,38.900002,301023.0
2014-10-22 09:15:00,NSE:JYOTISTRUC,39.400002,39.75,38.799999,39.549999,336684.0
2014-10-23 09:15:00,NSE:JYOTISTRUC,39.849998,40.799999,39.599998,40.599998,208731.0
2014-10-27 09:15:00,NSE:JYOTISTRUC,41.0,41.549999,39.75,39.900002,249841.0
2014-10-28 09:15:00,NSE:JYOTISTRUC,39.900002,40.450001,39.549999,39.900002,260093.0
2014-10-29 09:15:00,NSE:JYOTISTRUC,40.150002,41.400002,40.150002,40.650002,498937.0
2014-10-30 09:15:00,NSE:JYOTISTRUC,40.700001,44.799999,40.5,44.299999,1991893.0
2014-10-31 09:15:00,NSE:JYOTISTRUC,45.0,48.5,44.700001,48.150002,4551654.0
2014-11-03 09:15:00,NSE:JYOTISTRUC,48.950001,49.599998,47.5,47.950001,2090241.0
2014-11-05 09:15:00,NSE:JYOTISTRUC,48.150002,48.150002,46.200001,46.75,791568.0
2014-11-07 09:15:00,NSE:JYOTISTRUC,46.950001,47.150002,44.799999,45.549999,715534.0
2014-11-10 09:15:00,NSE:JYOTISTRUC,45.849998,47.400002,44.900002,46.400002,730604.0
2014-11-11 09:15:00,NSE:JYOTISTRUC,43.25,43.5,40.599998,41.400002,2539197.0
2014-11-12 09:15:00,NSE:JYOTISTRUC,42.0,42.099998,40.700001,40.950001,578748.0
2014-11-13 09:15:00,NSE:JYOTISTRUC,45.0,45.0,41.799999,42.349998,2306628.0
2014-11-14 09:15:00,NSE:JYOTISTRUC,42.549999,42.799999,41.349998,41.549999,479780.0
2014-11-17 09:15:00,NSE:JYOTISTRUC,41.599998,43.299999,41.0,42.299999,725945.0
2014-11-18 09:15:00,NSE:JYOTISTRUC,42.150002,42.950001,41.950001,42.299999,346893.0
2014-11-19 09:15:00,NSE:JYOTISTRUC,42.150002,42.650002,41.0,41.150002,478731.0
2014-11-20 09:15:00,NSE:JYOTISTRUC,41.0,41.75,40.5,40.799999,317888.0
2014-11-21 09:15:00,NSE:JYOTISTRUC,40.599998,41.599998,40.400002,40.549999,300450.0
2014-11-24 09:15:00,NSE:JYOTISTRUC,41.200001,41.5,40.299999,40.549999,285307.0
2014-11-25 09:15:00,NSE:JYOTISTRUC,40.25,40.700001,37.799999,39.049999,462075.0
2014-11-26 09:15:00,NSE:JYOTISTRUC,38.700001,40.299999,38.549999,39.700001,304936.0
2014-11-27 09:15:00,NSE:JYOTISTRUC,39.5,42.349998,39.5,41.150002,1004849.0
2014-11-28 09:15:00,NSE:JYOTISTRUC,41.450001,41.700001,40.099998,40.299999,305558.0
2014-12-01 09:15:00,NSE:JYOTISTRUC,40.099998,40.950001,38.549999,38.799999,391215.0
2014-12-02 09:15:00,NSE:JYOTISTRUC,38.349998,40.75,38.25,40.25,352588.0
2014-12-03 09:15:00,NSE:JYOTISTRUC,40.5,41.700001,39.599998,40.549999,463434.0
2014-12-04 09:15:00,NSE:JYOTISTRUC,41.549999,42.700001,40.299999,42.0,812215.0
2014-12-05 09:15:00,NSE:JYOTISTRUC,42.0,44.0,41.400002,42.349998,1067820.0
2014-12-08 09:15:00,NSE:JYOTISTRUC,42.450001,42.950001,40.25,41.0,415568.0
2014-12-09 09:15:00,NSE:JYOTISTRUC,40.799999,43.599998,40.299999,41.349998,943708.0
2014-12-10 09:15:00,NSE:JYOTISTRUC,41.400002,42.799999,40.950001,42.349998,500930.0
2014-12-11 09:15:00,NSE:JYOTISTRUC,42.400002,42.700001,40.900002,41.200001,460291.0
2014-12-12 09:15:00,NSE:JYOTISTRUC,41.650002,42.299999,39.599998,39.849998,445919.0
2014-12-15 09:15:00,NSE:JYOTISTRUC,39.849998,40.849998,39.0,39.25,462975.0
2014-12-16 09:15:00,NSE:JYOTISTRUC,39.099998,39.349998,37.0,37.599998,579087.0
2014-12-17 09:15:00,NSE:JYOTISTRUC,37.5,38.349998,35.900002,37.400002,422697.0
2014-12-18 09:15:00,NSE:JYOTISTRUC,38.5,40.0,38.299999,39.450001,424832.0
2014-12-19 09:15:00,NSE:JYOTISTRUC,43.0,43.400002,40.5,40.75,1115834.0
2014-12-22 09:15:00,NSE:JYOTISTRUC,41.0,41.0,39.799999,40.400002,345500.0
2014-12-23 09:15:00,NSE:JYOTISTRUC,42.0,42.549999,40.599998,40.75,866806.0
2014-12-24 09:15:00,NSE:JYOTISTRUC,41.0,41.0,39.75,40.049999,319632.0
2014-12-26 09:15:00,NSE:JYOTISTRUC,40.599998,40.599998,39.650002,39.900002,270767.0
2014-12-29 09:15:00,NSE:JYOTISTRUC,40.299999,40.599998,39.75,39.900002,277574.0
2014-12-30 09:15:00,NSE:JYOTISTRUC,39.950001,40.5,39.599998,39.700001,329046.0
2014-12-31 09:15:00,NSE:JYOTISTRUC,39.5,40.0,39.5,39.700001,207634.0
2015-01-01 09:15:00,NSE:JYOTISTRUC,39.700001,41.299999,39.599998,41.049999,682186.0
2015-01-02 09:15:00,NSE:JYOTISTRUC,41.450001,42.200001,41.299999,41.900002,763213.0
2015-01-05 09:15:00,NSE:JYOTISTRUC,41.549999,42.25,40.950001,41.099998,328332.0
2015-01-06 09:15:00,NSE:JYOTISTRUC,40.599998,40.700001,39.150002,39.25,372860.0
2015-01-07 09:15:00,NSE:JYOTISTRUC,39.099998,39.799999,38.450001,38.950001,310196.0
2015-01-08 09:15:00,NSE:JYOTISTRUC,39.25,40.75,39.25,39.950001,384417.0
2015-01-09 09:15:00,NSE:JYOTISTRUC,40.299999,40.5,38.950001,39.349998,295504.0
2015-01-12 09:15:00,NSE:JYOTISTRUC,38.75,39.900002,38.75,39.25,212877.0
2015-01-13 09:15:00,NSE:JYOTISTRUC,39.400002,39.599998,38.700001,38.849998,218062.0
2015-01-14 09:15:00,NSE:JYOTISTRUC,39.200001,39.5,38.599998,38.799999,232333.0
2015-01-15 09:15:00,NSE:JYOTISTRUC,39.400002,42.349998,39.200001,39.400002,512078.0
2015-01-16 09:15:00,NSE:JYOTISTRUC,39.200001,39.5,38.900002,39.150002,245281.0
2015-01-19 09:15:00,NSE:JYOTISTRUC,39.349998,39.700001,38.799999,38.900002,334932.0
2015-01-20 09:15:00,NSE:JYOTISTRUC,39.049999,39.299999,38.75,38.950001,285190.0
2015-01-21 09:15:00,NSE:JYOTISTRUC,39.099998,39.200001,38.25,38.349998,346544.0
2015-01-22 09:15:00,NSE:JYOTISTRUC,38.549999,38.549999,36.049999,36.799999,565096.0
2015-01-23 09:15:00,NSE:JYOTISTRUC,37.349998,37.799999,36.599998,36.799999,277693.0
2015-01-27 09:15:00,NSE:JYOTISTRUC,37.0,37.599998,36.5,36.799999,277527.0
2015-01-28 09:15:00,NSE:JYOTISTRUC,36.799999,37.0,36.049999,36.400002,285685.0
2015-01-29 09:15:00,NSE:JYOTISTRUC,36.599998,36.599998,35.599998,36.150002,298100.0
2015-01-30 09:15:00,NSE:JYOTISTRUC,36.099998,37.150002,36.0,36.349998,349005.0
2015-02-02 09:15:00,NSE:JYOTISTRUC,36.349998,37.049999,36.049999,36.5,298687.0
2015-02-03 09:15:00,NSE:JYOTISTRUC,36.700001,36.75,35.799999,35.900002,140026.0
2015-02-04 09:15:00,NSE:JYOTISTRUC,36.200001,36.75,35.5,35.950001,200350.0
2015-02-05 09:15:00,NSE:JYOTISTRUC,36.0,36.150002,34.5,34.849998,272946.0
2015-02-06 09:15:00,NSE:JYOTISTRUC,34.950001,35.0,33.150002,33.299999,311552.0
2015-02-09 09:15:00,NSE:JYOTISTRUC,33.049999,33.349998,31.700001,31.950001,329758.0
2015-02-10 09:15:00,NSE:JYOTISTRUC,30.5,31.25,29.700001,30.25,864367.0
2015-02-11 09:15:00,NSE:JYOTISTRUC,30.700001,31.75,30.5,31.5,284167.0
2015-02-12 09:15:00,NSE:JYOTISTRUC,31.75,32.950001,31.299999,32.049999,348385.0
2015-02-13 09:15:00,NSE:JYOTISTRUC,32.349998,33.900002,32.0,33.450001,394863.0
2015-02-16 09:15:00,NSE:JYOTISTRUC,33.700001,33.849998,32.25,32.549999,238831.0
2015-02-18 09:15:00,NSE:JYOTISTRUC,35.900002,36.849998,35.099998,35.400002,1715798.0
2015-02-19 09:15:00,NSE:JYOTISTRUC,35.650002,35.900002,34.150002,34.75,732091.0
2015-02-20 09:15:00,NSE:JYOTISTRUC,35.049999,35.849998,34.0,35.25,493985.0
2015-02-23 09:15:00,NSE:JYOTISTRUC,35.5,35.599998,33.700001,34.049999,330566.0
2015-02-24 09:15:00,NSE:JYOTISTRUC,34.5,35.0,33.0,33.400002,248955.0
2015-02-25 09:15:00,NSE:JYOTISTRUC,33.5,34.200001,33.200001,33.5,557325.0
2015-02-26 09:15:00,NSE:JYOTISTRUC,33.700001,33.799999,33.099998,33.450001,128867.0
2015-02-27 09:15:00,NSE:JYOTISTRUC,33.700001,34.900002,33.299999,34.599998,292722.0
2015-03-02 09:15:00,NSE:JYOTISTRUC,33.299999,33.450001,32.150002,32.450001,325412.0
2015-03-03 09:15:00,NSE:JYOTISTRUC,32.450001,34.599998,32.200001,33.650002,481199.0
2015-03-04 09:15:00,NSE:JYOTISTRUC,34.0,34.299999,31.9,32.049999,557842.0
2015-03-05 09:15:00,NSE:JYOTISTRUC,32.349998,33.299999,31.799999,32.200001,389686.0
2015-03-09 09:15:00,NSE:JYOTISTRUC,32.049999,32.299999,31.6,31.950001,191767.0
2015-03-10 09:15:00,NSE:JYOTISTRUC,32.0,32.150002,30.9,31.0,270498.0
2015-03-11 09:15:00,NSE:JYOTISTRUC,31.200001,31.65,30.5,30.6,237645.0
2015-03-12 09:15:00,NSE:JYOTISTRUC,30.700001,31.1,30.5,30.799999,217705.0
2015-03-13 09:15:00,NSE:JYOTISTRUC,31.1,31.4,29.75,29.9,271115.0
2015-03-16 09:15:00,NSE:JYOTISTRUC,29.85,30.049999,29.15,29.200001,269018.0
2015-03-17 09:15:00,NSE:JYOTISTRUC,29.299999,29.85,28.4,28.700001,481185.0
2015-03-18 09:15:00,NSE:JYOTISTRUC,29.200001,29.200001,27.549999,27.9,371327.0
2015-03-19 09:15:00,NSE:JYOTISTRUC,28.15,28.6,27.200001,27.4,309287.0
2015-03-20 09:15:00,NSE:JYOTISTRUC,27.4,27.4,26.35,26.5,503416.0
2015-03-23 09:15:00,NSE:JYOTISTRUC,27.450001,27.450001,25.6,25.700001,374830.0
2015-03-24 09:15:00,NSE:JYOTISTRUC,25.700001,25.700001,24.85,24.9,393947.0
2015-03-25 09:15:00,NSE:JYOTISTRUC,24.9,24.9,24.15,24.25,323642.0
2015-03-26 09:15:00,NSE:JYOTISTRUC,24.200001,27.549999,23.4,25.65,868799.0
2015-03-27 09:15:00,NSE:JYOTISTRUC,26.0,27.25,24.4,24.85,475345.0
2015-03-30 09:15:00,NSE:JYOTISTRUC,25.049999,26.85,25.049999,26.0,534224.0
2015-03-31 09:15:00,NSE:JYOTISTRUC,26.1,27.0,25.5,25.65,817667.0
2015-04-01 09:15:00,NSE:JYOTISTRUC,25.9,27.700001,25.200001,27.4,318529.0
2015-04-06 09:15:00,NSE:JYOTISTRUC,27.65,29.25,27.450001,29.049999,502427.0
2015-04-07 09:15:00,NSE:JYOTISTRUC,28.700001,30.049999,27.799999,28.950001,638855.0
2015-04-08 09:15:00,NSE:JYOTISTRUC,29.200001,29.950001,28.9,29.1,304133.0
2015-04-09 09:15:00,NSE:JYOTISTRUC,29.049999,29.35,28.5,28.950001,197012.0
2015-04-10 09:15:00,NSE:JYOTISTRUC,29.0,32.5,28.450001,32.299999,1389324.0
2015-04-13 09:15:00,NSE:JYOTISTRUC,32.400002,33.5,32.0,32.650002,657167.0
2015-04-15 09:15:00,NSE:JYOTISTRUC,32.650002,33.599998,31.5,31.75,350911.0
2015-04-16 09:15:00,NSE:JYOTISTRUC,31.9,32.450001,30.299999,31.200001,357847.0
2015-04-17 09:15:00,NSE:JYOTISTRUC,31.15,31.799999,30.75,31.0,267064.0
2015-04-20 09:15:00,NSE:JYOTISTRUC,31.35,31.35,29.0,29.299999,297325.0
2015-04-21 09:15:00,NSE:JYOTISTRUC,28.65,29.85,28.65,29.049999,153323.0
2015-04-22 09:15:00,NSE:JYOTISTRUC,28.6,30.35,28.5,29.15,291554.0
2015-04-23 09:15:00,NSE:JYOTISTRUC,29.25,30.9,28.6,28.799999,746869.0
2015-04-24 09:15:00,NSE:JYOTISTRUC,28.799999,29.9,27.85,28.049999,245468.0
2015-04-27 09:15:00,NSE:JYOTISTRUC,28.35,28.450001,26.799999,27.049999,364542.0
2015-04-28 09:15:00,NSE:JYOTISTRUC,27.4,28.5,26.799999,27.200001,420631.0
2015-04-29 09:15:00,NSE:JYOTISTRUC,27.299999,28.0,26.799999,27.549999,214596.0
2015-04-30 09:15:00,NSE:JYOTISTRUC,27.15,27.700001,27.1,27.200001,147000.0
2015-05-04 09:15:00,NSE:JYOTISTRUC,27.200001,29.0,27.200001,28.700001,250388.0
2015-05-05 09:15:00,NSE:JYOTISTRUC,28.75,28.799999,28.049999,28.15,123286.0
2015-05-06 09:15:00,NSE:JYOTISTRUC,28.15,28.15,26.799999,27.1,289951.0
2015-05-07 09:15:00,NSE:JYOTISTRUC,27.299999,27.299999,26.1,26.200001,143779.0
2015-05-08 09:15:00,NSE:JYOTISTRUC,27.950001,27.950001,26.6,27.1,154823.0
2015-05-11 09:15:00,NSE:JYOTISTRUC,27.700001,27.75,27.049999,27.25,122315.0
2015-05-12 09:15:00,NSE:JYOTISTRUC,27.450001,27.450001,26.0,26.15,166341.0
2015-05-13 09:15:00,NSE:JYOTISTRUC,26.65,26.700001,26.0,26.450001,113165.0
2015-05-14 09:15:00,NSE:JYOTISTRUC,26.450001,26.75,25.65,26.25,213368.0
2015-05-15 09:15:00,NSE:JYOTISTRUC,26.5,26.9,26.25,26.450001,88313.0
2015-05-18 09:15:00,NSE:JYOTISTRUC,26.700001,27.4,26.15,27.1,169757.0
2015-05-19 09:15:00,NSE:JYOTISTRUC,27.299999,27.75,26.950001,27.35,166426.0
2015-05-20 09:15:00,NSE:JYOTISTRUC,27.299999,27.75,27.049999,27.1,130867.0
2015-05-21 09:15:00,NSE:JYOTISTRUC,27.35,27.35,26.0,26.15,203939.0
2015-05-22 09:15:00,NSE:JYOTISTRUC,26.4,26.450001,26.0,26.200001,151873.0
2015-05-25 09:15:00,NSE:JYOTISTRUC,26.4,26.4,25.549999,25.700001,117045.0
2015-05-26 09:15:00,NSE:JYOTISTRUC,26.0,26.200001,25.4,25.5,92108.0
2015-05-27 09:15:00,NSE:JYOTISTRUC,25.299999,25.5,25.049999,25.25,97945.0
2015-05-28 09:15:00,NSE:JYOTISTRUC,25.25,25.6,24.85,24.950001,108159.0
2015-05-29 09:15:00,NSE:JYOTISTRUC,24.950001,25.950001,24.799999,25.549999,180463.0
2015-06-01 09:15:00,NSE:JYOTISTRUC,24.700001,25.25,24.35,24.6,163670.0
2015-06-02 09:15:00,NSE:JYOTISTRUC,24.65,25.1,23.799999,23.950001,150806.0
2015-06-03 09:15:00,NSE:JYOTISTRUC,24.0,24.299999,21.25,23.25,203923.0
2015-06-04 09:15:00,NSE:JYOTISTRUC,23.950001,23.950001,21.85,22.65,223778.0
2015-06-05 09:15:00,NSE:JYOTISTRUC,23.0,23.0,22.25,22.5,97689.0
2015-06-08 09:15:00,NSE:JYOTISTRUC,23.049999,23.049999,21.299999,21.549999,133136.0
2015-06-09 09:15:00,NSE:JYOTISTRUC,21.549999,25.6,21.1,23.450001,564809.0
2015-06-10 09:15:00,NSE:JYOTISTRUC,23.799999,24.35,22.799999,23.1,303613.0
2015-06-11 09:15:00,NSE:JYOTISTRUC,23.4,23.799999,21.5,21.9,159461.0
2015-06-12 09:15:00,NSE:JYOTISTRUC,21.9,21.9,20.950001,21.15,235225.0
2015-06-15 09:15:00,NSE:JYOTISTRUC,21.4,23.25,20.9,21.700001,136595.0
2015-06-16 09:15:00,NSE:JYOTISTRUC,21.700001,22.4,21.5,21.85,143183.0
2015-06-17 09:15:00,NSE:JYOTISTRUC,22.0,23.0,21.9,22.15,390249.0
2015-06-18 09:15:00,NSE:JYOTISTRUC,22.35,24.799999,22.200001,24.450001,1207082.0
2015-06-19 09:15:00,NSE:JYOTISTRUC,24.9,28.1,24.65,27.35,1385307.0
2015-06-22 09:15:00,NSE:JYOTISTRUC,27.6,28.200001,22.4,25.950001,705413.0
2015-06-23 09:15:00,NSE:JYOTISTRUC,25.950001,26.700001,24.4,24.75,623078.0
2015-06-24 09:15:00,NSE:JYOTISTRUC,25.1,25.4,24.299999,24.950001,256873.0
2015-06-25 09:15:00,NSE:JYOTISTRUC,24.299999,26.25,24.299999,25.299999,246395.0
2015-06-26 09:15:00,NSE:JYOTISTRUC,25.35,25.9,24.75,24.950001,218959.0
2015-06-29 09:15:00,NSE:JYOTISTRUC,23.5,24.1,23.200001,23.85,334008.0
2015-06-30 09:15:00,NSE:JYOTISTRUC,24.0,24.700001,23.65,24.35,168373.0
2015-07-01 09:15:00,NSE:JYOTISTRUC,24.9,26.0,24.75,25.200001,332615.0
2015-07-02 09:15:00,NSE:JYOTISTRUC,25.299999,25.9,24.75,24.85,194735.0
2015-07-03 09:15:00,NSE:JYOTISTRUC,25.299999,26.85,24.950001,25.450001,419206.0
2015-07-06 09:15:00,NSE:JYOTISTRUC,24.5,26.200001,24.25,25.450001,266794.0
2015-07-07 09:15:00,NSE:JYOTISTRUC,25.6,27.200001,25.6,26.25,828489.0
2015-07-08 09:15:00,NSE:JYOTISTRUC,25.700001,26.25,25.15,25.6,283138.0
2015-07-09 09:15:00,NSE:JYOTISTRUC,25.35,26.4,25.35,26.1,285014.0
2015-07-10 09:15:00,NSE:JYOTISTRUC,26.1,26.700001,25.4,25.6,281317.0
2015-07-13 09:15:00,NSE:JYOTISTRUC,25.25,26.200001,25.25,25.799999,175692.0
2015-07-14 09:15:00,NSE:JYOTISTRUC,25.549999,25.950001,25.299999,25.5,285517.0
2015-07-15 09:15:00,NSE:JYOTISTRUC,25.35,26.4,25.35,25.799999,404358.0
2015-07-16 09:15:00,NSE:JYOTISTRUC,26.0,26.25,25.799999,25.9,204521.0
2015-07-17 09:15:00,NSE:JYOTISTRUC,26.0,28.35,25.5,27.450001,1471637.0
2015-07-20 09:15:00,NSE:JYOTISTRUC,27.700001,28.6,27.1,27.85,994058.0
2015-07-21 09:15:00,NSE:JYOTISTRUC,27.85,28.0,26.15,26.35,362682.0
2015-07-22 09:15:00,NSE:JYOTISTRUC,26.25,27.200001,26.25,26.799999,210195.0
2015-07-23 09:15:00,NSE:JYOTISTRUC,27.1,27.35,26.549999,26.75,245455.0
2015-07-24 09:15:00,NSE:JYOTISTRUC,26.700001,28.799999,26.65,27.65,869204.0
2015-07-27 09:15:00,NSE:JYOTISTRUC,27.4,27.450001,26.200001,26.450001,254730.0
2015-07-28 09:15:00,NSE:JYOTISTRUC,27.1,27.1,26.1,26.25,136740.0
2015-07-29 09:15:00,NSE:JYOTISTRUC,26.700001,27.75,26.15,27.1,385979.0
2015-07-30 09:15:00,NSE:JYOTISTRUC,27.6,28.549999,27.1,27.4,583071.0
2015-07-31 09:15:00,NSE:JYOTISTRUC,27.4,27.799999,27.200001,27.299999,228422.0
2015-08-03 09:15:00,NSE:JYOTISTRUC,27.1,27.9,26.9,27.1,251193.0
2015-08-04 09:15:00,NSE:JYOTISTRUC,27.200001,27.299999,26.65,26.85,186870.0
2015-08-05 09:15:00,NSE:JYOTISTRUC,27.200001,28.299999,27.0,27.35,630097.0
2015-08-06 09:15:00,NSE:JYOTISTRUC,27.5,27.799999,26.950001,27.299999,314994.0
2015-08-07 09:15:00,NSE:JYOTISTRUC,27.299999,27.6,26.85,26.950001,255849.0
2015-08-10 09:15:00,NSE:JYOTISTRUC,27.15,27.549999,26.25,26.5,248855.0
2015-08-11 09:15:00,NSE:JYOTISTRUC,26.5,27.0,25.65,25.75,178503.0
2015-08-12 09:15:00,NSE:JYOTISTRUC,25.799999,25.799999,23.75,24.049999,268534.0
2015-08-13 09:15:00,NSE:JYOTISTRUC,24.4,24.4,21.450001,22.049999,733625.0
2015-08-14 09:15:00,NSE:JYOTISTRUC,21.1,21.5,17.65,17.65,3711418.0
2015-08-17 09:15:00,NSE:JYOTISTRUC,17.1,17.6,15.9,15.9,1427229.0
2015-08-18 09:15:00,NSE:JYOTISTRUC,16.0,16.5,14.35,14.35,2100335.0
2015-08-19 09:15:00,NSE:JYOTISTRUC,13.7,13.85,12.95,12.95,1861864.0
2015-08-20 09:15:00,NSE:JYOTISTRUC,12.5,13.55,12.35,13.55,3129708.0
2015-08-21 09:15:00,NSE:JYOTISTRUC,13.9,13.9,12.9,13.15,2107449.0
2015-08-24 09:15:00,NSE:JYOTISTRUC,12.5,12.75,12.5,12.5,381248.0
2015-08-25 09:15:00,NSE:JYOTISTRUC,12.5,12.55,11.9,12.05,1091931.0
2015-08-26 09:15:00,NSE:JYOTISTRUC,11.9,12.4,11.5,12.0,412765.0
2015-08-27 09:15:00,NSE:JYOTISTRUC,12.3,12.6,12.0,12.6,688689.0
2015-08-28 09:15:00,NSE:JYOTISTRUC,13.0,13.2,12.3,12.45,791005.0
2015-08-31 09:15:00,NSE:JYOTISTRUC,12.5,12.95,12.1,12.8,401943.0
2015-09-01 09:15:00,NSE:JYOTISTRUC,12.4,12.8,12.2,12.2,199698.0
2015-09-02 09:15:00,NSE:JYOTISTRUC,12.55,12.55,11.75,12.0,200870.0
2015-09-03 09:15:00,NSE:JYOTISTRUC,12.1,12.4,11.75,12.1,165689.0
2015-09-04 09:15:00,NSE:JYOTISTRUC,12.0,12.05,11.25,11.6,320029.0
2015-09-07 09:15:00,NSE:JYOTISTRUC,11.85,11.9,10.75,11.0,326382.0
2015-09-08 09:15:00,NSE:JYOTISTRUC,11.4,11.4,10.85,11.15,240371.0
2015-09-09 09:15:00,NSE:JYOTISTRUC,11.75,12.25,11.35,12.25,312219.0
2015-09-10 09:15:00,NSE:JYOTISTRUC,12.0,13.45,11.35,13.4,752114.0
2015-09-11 09:15:00,NSE:JYOTISTRUC,13.7,14.7,13.7,14.7,848226.0
2015-09-14 09:15:00,NSE:JYOTISTRUC,15.15,15.4,15.15,15.4,256562.0
2015-09-15 09:15:00,NSE:JYOTISTRUC,16.15,16.15,14.7,15.0,1279489.0
2015-09-16 09:15:00,NSE:JYOTISTRUC,15.05,15.4,14.6,14.7,217555.0
2015-09-18 09:15:00,NSE:JYOTISTRUC,14.7,15.2,14.55,14.7,165036.0
2015-09-21 09:15:00,NSE:JYOTISTRUC,14.8,15.0,14.7,14.8,99843.0
2015-09-22 09:15:00,NSE:JYOTISTRUC,14.9,15.15,14.15,14.3,165560.0
2015-09-23 09:15:00,NSE:JYOTISTRUC,14.3,14.65,14.1,14.5,133946.0
2015-09-24 09:15:00,NSE:JYOTISTRUC,14.85,14.85,14.1,14.35,130304.0
2015-09-28 09:15:00,NSE:JYOTISTRUC,14.35,14.45,13.95,14.05,95914.0
2015-09-29 09:15:00,NSE:JYOTISTRUC,13.8,14.2,13.75,14.0,89332.0
2015-09-30 09:15:00,NSE:JYOTISTRUC,14.0,14.55,13.5,13.7,150471.0
2015-10-01 09:15:00,NSE:JYOTISTRUC,13.55,13.9,13.15,13.2,200813.0
2015-10-05 09:15:00,NSE:JYOTISTRUC,13.6,13.65,13.2,13.4,185430.0
2015-10-06 09:15:00,NSE:JYOTISTRUC,13.85,14.0,13.3,13.95,201604.0
2015-10-07 09:15:00,NSE:JYOTISTRUC,14.1,15.3,13.9,15.05,566745.0
2015-10-08 09:15:00,NSE:JYOTISTRUC,15.7,15.7,15.05,15.4,277042.0
2015-10-09 09:15:00,NSE:JYOTISTRUC,15.7,16.35,15.4,15.6,479626.0
2015-10-12 09:15:00,NSE:JYOTISTRUC,15.6,15.95,15.2,15.6,167450.0
2015-10-13 09:15:00,NSE:JYOTISTRUC,15.6,15.95,15.25,15.7,148426.0
2015-10-14 09:15:00,NSE:JYOTISTRUC,15.4,15.9,15.35,15.55,154350.0
2015-10-15 09:15:00,NSE:JYOTISTRUC,15.55,17.1,15.55,17.1,1144808.0
2015-10-16 09:15:00,NSE:JYOTISTRUC,17.799999,18.799999,17.450001,18.15,2125967.0
2015-10-19 09:15:00,NSE:JYOTISTRUC,18.0,18.0,16.450001,17.65,591596.0
2015-10-20 09:15:00,NSE:JYOTISTRUC,17.9,18.4,16.85,17.25,525624.0
2015-10-21 09:15:00,NSE:JYOTISTRUC,17.25,17.75,16.799999,17.35,268094.0
2015-10-23 09:15:00,NSE:JYOTISTRUC,17.35,17.75,17.15,17.25,235167.0
2015-10-26 09:15:00,NSE:JYOTISTRUC,17.299999,17.5,16.450001,16.65,195678.0
2015-10-27 09:15:00,NSE:JYOTISTRUC,16.549999,16.700001,16.049999,16.15,143362.0
2015-10-28 09:15:00,NSE:JYOTISTRUC,16.5,16.5,15.85,16.0,125166.0
2015-10-29 09:15:00,NSE:JYOTISTRUC,15.8,16.549999,15.5,16.200001,244263.0
2015-10-30 09:15:00,NSE:JYOTISTRUC,16.6,16.799999,16.0,16.1,186995.0
2015-11-02 09:15:00,NSE:JYOTISTRUC,16.1,16.35,15.1,15.3,259350.0
2015-11-03 09:15:00,NSE:JYOTISTRUC,15.4,15.85,15.2,15.25,196488.0
2015-11-04 09:15:00,NSE:JYOTISTRUC,15.25,15.6,14.9,15.05,128530.0
2015-11-05 09:15:00,NSE:JYOTISTRUC,14.9,15.2,14.35,14.45,210214.0
2015-11-06 09:15:00,NSE:JYOTISTRUC,14.5,14.65,13.2,13.5,359847.0
2015-11-09 09:15:00,NSE:JYOTISTRUC,13.0,14.0,11.6,13.1,607898.0
2015-11-10 09:15:00,NSE:JYOTISTRUC,13.1,13.45,13.0,13.15,169688.0
2015-11-11 09:15:00,NSE:JYOTISTRUC,13.5,13.9,13.4,13.8,58332.0
2015-11-13 09:15:00,NSE:JYOTISTRUC,13.45,13.8,13.0,13.1,262532.0
2015-11-16 09:15:00,NSE:JYOTISTRUC,13.1,13.6,13.0,13.15,302115.0
2015-11-17 09:15:00,NSE:JYOTISTRUC,13.2,13.6,12.8,13.25,535014.0
2015-11-18 09:15:00,NSE:JYOTISTRUC,13.2,13.95,13.0,13.2,444837.0
2015-11-19 09:15:00,NSE:JYOTISTRUC,13.4,13.65,13.15,13.3,293472.0
2015-11-20 09:15:00,NSE:JYOTISTRUC,13.3,13.55,13.2,13.3,258990.0
2015-11-23 09:15:00,NSE:JYOTISTRUC,13.5,13.7,12.95,13.1,387017.0
2015-11-24 09:15:00,NSE:JYOTISTRUC,13.35,13.5,13.1,13.25,362175.0
2015-11-26 09:15:00,NSE:JYOTISTRUC,13.4,15.9,13.3,15.9,1406665.0
2015-11-27 09:15:00,NSE:JYOTISTRUC,16.4,18.799999,16.4,18.0,3554990.0
2015-11-30 09:15:00,NSE:JYOTISTRUC,18.6,19.5,18.5,19.049999,2285387.0
2015-12-01 09:15:00,NSE:JYOTISTRUC,19.4,19.4,17.4,17.75,860435.0
2015-12-02 09:15:00,NSE:JYOTISTRUC,18.799999,19.5,18.35,19.0,4575942.0
2015-12-03 09:15:00,NSE:JYOTISTRUC,19.299999,19.700001,18.75,19.0,1403549.0
2015-12-04 09:15:00,NSE:JYOTISTRUC,18.5,18.9,18.0,18.1,415452.0
2015-12-07 09:15:00,NSE:JYOTISTRUC,18.65,18.65,17.25,17.35,380232.0
2015-12-08 09:15:00,NSE:JYOTISTRUC,17.25,17.700001,16.549999,16.950001,269366.0
2015-12-09 09:15:00,NSE:JYOTISTRUC,17.0,17.1,15.7,15.8,351329.0
2015-12-10 09:15:00,NSE:JYOTISTRUC,16.9,17.25,16.6,16.950001,1008559.0
2015-12-11 09:15:00,NSE:JYOTISTRUC,17.049999,17.25,16.049999,16.299999,305918.0
2015-12-14 09:15:00,NSE:JYOTISTRUC,16.049999,17.200001,16.049999,16.75,310021.0
2015-12-15 09:15:00,NSE:JYOTISTRUC,16.65,17.0,16.6,16.9,176080.0
2015-12-16 09:15:00,NSE:JYOTISTRUC,16.9,17.549999,16.700001,16.9,349344.0
2015-12-17 09:15:00,NSE:JYOTISTRUC,17.200001,17.450001,16.950001,17.200001,294056.0
2015-12-18 09:15:00,NSE:JYOTISTRUC,17.5,17.950001,17.1,17.549999,621024.0
2015-12-21 09:15:00,NSE:JYOTISTRUC,17.5,17.85,17.299999,17.450001,319395.0
2015-12-22 09:15:00,NSE:JYOTISTRUC,17.75,17.75,16.9,17.1,207181.0
2015-12-23 09:15:00,NSE:JYOTISTRUC,17.200001,17.700001,16.6,16.799999,284067.0
2015-12-24 09:15:00,NSE:JYOTISTRUC,17.0,17.049999,16.6,16.85,240048.0
2015-12-28 09:15:00,NSE:JYOTISTRUC,16.85,17.15,16.700001,16.799999,156397.0
2015-12-29 09:15:00,NSE:JYOTISTRUC,17.0,17.200001,16.6,16.700001,158834.0
2015-12-30 09:15:00,NSE:JYOTISTRUC,16.9,16.950001,16.35,16.5,171781.0
2015-12-31 09:15:00,NSE:JYOTISTRUC,16.4,16.75,15.9,16.15,264938.0
2016-01-01 09:15:00,NSE:JYOTISTRUC,16.200001,17.6,16.1,17.35,929961.0
2016-01-04 09:15:00,NSE:JYOTISTRUC,17.4,17.950001,16.75,17.200001,477274.0
2016-01-05 09:15:00,NSE:JYOTISTRUC,17.5,18.799999,17.1,18.549999,1467460.0
2016-01-06 09:15:00,NSE:JYOTISTRUC,18.950001,19.35,18.549999,18.75,1216803.0
2016-01-07 09:15:00,NSE:JYOTISTRUC,18.15,18.75,16.950001,17.6,418406.0
2016-01-08 09:15:00,NSE:JYOTISTRUC,17.5,18.15,17.5,17.799999,451590.0
2016-01-11 09:15:00,NSE:JYOTISTRUC,17.5,17.799999,16.5,17.5,188086.0
2016-01-12 09:15:00,NSE:JYOTISTRUC,17.5,17.9,17.200001,17.35,180965.0
2016-01-13 09:15:00,NSE:JYOTISTRUC,17.549999,17.799999,14.5,16.450001,468275.0
2016-01-14 09:15:00,NSE:JYOTISTRUC,16.25,16.700001,15.5,16.1,151546.0
2016-01-15 09:15:00,NSE:JYOTISTRUC,16.549999,16.700001,15.3,15.6,245657.0
2016-01-18 09:15:00,NSE:JYOTISTRUC,15.8,15.8,14.3,14.4,258459.0
2016-01-19 09:15:00,NSE:JYOTISTRUC,14.55,15.25,14.25,15.05,156226.0
2016-01-20 09:15:00,NSE:JYOTISTRUC,14.65,15.2,14.25,14.5,188459.0
2016-01-21 09:15:00,NSE:JYOTISTRUC,14.6,15.35,14.35,14.4,145455.0
2016-01-22 09:15:00,NSE:JYOTISTRUC,14.7,15.2,14.5,14.85,229820.0
2016-01-25 09:15:00,NSE:JYOTISTRUC,15.2,15.45,14.75,14.85,138055.0
2016-01-27 09:15:00,NSE:JYOTISTRUC,15.0,15.2,14.6,14.7,124876.0
2016-01-28 09:15:00,NSE:JYOTISTRUC,14.6,15.05,14.45,14.65,104100.0
2016-01-29 09:15:00,NSE:JYOTISTRUC,14.7,14.8,14.05,14.65,134541.0
2016-02-01 09:15:00,NSE:JYOTISTRUC,15.6,17.549999,15.6,16.4,1782116.0
2016-02-02 09:15:00,NSE:JYOTISTRUC,17.6,17.6,15.9,16.049999,692544.0
2016-02-03 09:15:00,NSE:JYOTISTRUC,15.6,16.4,14.85,15.15,496843.0
2016-02-04 09:15:00,NSE:JYOTISTRUC,15.6,15.85,15.2,15.45,297360.0
2016-02-05 09:15:00,NSE:JYOTISTRUC,15.25,15.55,14.6,15.4,238557.0
2016-02-08 09:15:00,NSE:JYOTISTRUC,15.55,15.6,14.55,14.95,258047.0
2016-02-09 09:15:00,NSE:JYOTISTRUC,14.8,15.2,14.1,14.35,320018.0
2016-02-10 09:15:00,NSE:JYOTISTRUC,14.25,14.85,14.0,14.05,210269.0
2016-02-11 09:15:00,NSE:JYOTISTRUC,14.1,14.2,13.1,13.3,211458.0
2016-02-12 09:15:00,NSE:JYOTISTRUC,13.9,13.9,12.05,12.85,304619.0
2016-02-15 09:15:00,NSE:JYOTISTRUC,13.8,13.9,13.05,13.35,263346.0
2016-02-16 09:15:00,NSE:JYOTISTRUC,13.35,13.7,12.65,12.8,206324.0
2016-02-17 09:15:00,NSE:JYOTISTRUC,13.35,13.5,12.4,13.15,142386.0
2016-02-18 09:15:00,NSE:JYOTISTRUC,13.5,13.65,13.05,13.2,112089.0
2016-02-19 09:15:00,NSE:JYOTISTRUC,13.45,13.7,12.7,13.35,113003.0
2016-02-22 09:15:00,NSE:JYOTISTRUC,13.85,13.85,13.25,13.35,133492.0
2016-02-23 09:15:00,NSE:JYOTISTRUC,13.4,13.4,12.9,13.0,79532.0
2016-02-24 09:15:00,NSE:JYOTISTRUC,13.1,13.1,12.45,12.55,285147.0
2016-02-25 09:15:00,NSE:JYOTISTRUC,12.55,12.75,12.0,12.05,241777.0
2016-02-26 09:15:00,NSE:JYOTISTRUC,12.2,12.45,11.7,11.9,223478.0
2016-02-29 09:15:00,NSE:JYOTISTRUC,12.25,12.25,10.8,12.0,177041.0
2016-03-01 09:15:00,NSE:JYOTISTRUC,12.0,12.35,11.7,12.0,345892.0
2016-03-02 09:15:00,NSE:JYOTISTRUC,12.45,13.2,12.45,12.65,792641.0
2016-03-03 09:15:00,NSE:JYOTISTRUC,12.95,12.95,12.35,12.45,611118.0
2016-03-04 09:15:00,NSE:JYOTISTRUC,12.65,12.7,12.2,12.3,342875.0
2016-03-08 09:15:00,NSE:JYOTISTRUC,12.5,12.5,12.05,12.25,278422.0
2016-03-09 09:15:00,NSE:JYOTISTRUC,12.25,12.25,11.9,12.0,309570.0
2016-03-10 09:15:00,NSE:JYOTISTRUC,12.1,12.45,12.0,12.1,252349.0
2016-03-11 09:15:00,NSE:JYOTISTRUC,12.1,12.3,11.95,12.1,133544.0
2016-03-14 09:15:00,NSE:JYOTISTRUC,12.2,12.25,11.8,11.9,173074.0
2016-03-15 09:15:00,NSE:JYOTISTRUC,11.9,12.3,11.6,11.7,289692.0
2016-03-16 09:15:00,NSE:JYOTISTRUC,11.7,12.0,11.45,11.55,210984.0
2016-03-17 09:15:00,NSE:JYOTISTRUC,11.75,11.85,11.0,11.35,482542.0
2016-03-18 09:15:00,NSE:JYOTISTRUC,11.5,11.5,10.75,10.95,522333.0
2016-03-21 09:15:00,NSE:JYOTISTRUC,11.2,11.35,10.65,11.3,390903.0
2016-03-22 09:15:00,NSE:JYOTISTRUC,11.4,11.95,11.2,11.55,600495.0
2016-03-23 09:15:00,NSE:JYOTISTRUC,11.5,11.75,11.3,11.5,154586.0
2016-03-28 09:15:00,NSE:JYOTISTRUC,11.35,11.55,11.0,11.15,166666.0
2016-03-29 09:15:00,NSE:JYOTISTRUC,11.0,11.2,10.75,10.85,405521.0
2016-03-30 09:15:00,NSE:JYOTISTRUC,10.7,11.3,10.65,10.8,412135.0
2016-03-31 09:15:00,NSE:JYOTISTRUC,10.85,11.15,10.7,10.9,298842.0
2016-04-01 09:15:00,NSE:JYOTISTRUC,10.8,11.8,10.7,11.35,848644.0
2016-04-04 09:15:00,NSE:JYOTISTRUC,11.75,11.75,10.9,11.2,381158.0
2016-04-05 09:15:00,NSE:JYOTISTRUC,11.2,11.5,10.8,10.95,417182.0
2016-04-06 09:15:00,NSE:JYOTISTRUC,11.05,11.2,10.9,11.05,188828.0
2016-04-07 09:15:00,NSE:JYOTISTRUC,11.05,11.6,11.05,11.2,439755.0
2016-04-08 09:15:00,NSE:JYOTISTRUC,11.4,11.75,11.1,11.2,658640.0
2016-04-11 09:15:00,NSE:JYOTISTRUC,11.4,11.4,10.6,10.95,566894.0
2016-04-12 09:15:00,NSE:JYOTISTRUC,11.1,11.2,10.75,10.85,275571.0
2016-04-13 09:15:00,NSE:JYOTISTRUC,11.0,11.2,10.9,11.0,296476.0
2016-04-18 09:15:00,NSE:JYOTISTRUC,11.1,11.15,10.95,11.1,205986.0
2016-04-20 09:15:00,NSE:JYOTISTRUC,11.05,11.45,10.95,11.25,378250.0
2016-04-21 09:15:00,NSE:JYOTISTRUC,11.15,11.3,10.95,11.05,254066.0
2016-04-22 09:15:00,NSE:JYOTISTRUC,11.0,11.1,10.9,10.9,206001.0
2016-04-25 09:15:00,NSE:JYOTISTRUC,11.2,11.2,10.85,10.9,230052.0
2016-04-26 09:15:00,NSE:JYOTISTRUC,10.95,11.05,10.85,10.95,131145.0
2016-04-27 09:15:00,NSE:JYOTISTRUC,10.95,11.15,10.75,10.8,330592.0
2016-04-28 09:15:00,NSE:JYOTISTRUC,10.85,11.05,10.7,10.75,315337.0
2016-04-29 09:15:00,NSE:JYOTISTRUC,10.75,10.9,10.4,10.5,431058.0
2016-05-02 09:15:00,NSE:JYOTISTRUC,10.85,12.15,10.55,11.35,3627435.0
2016-05-03 09:15:00,NSE:JYOTISTRUC,11.6,11.6,10.75,10.8,635121.0
2016-05-04 09:15:00,NSE:JYOTISTRUC,10.75,11.05,10.55,10.6,439841.0
2016-05-05 09:15:00,NSE:JYOTISTRUC,10.7,10.7,9.95,10.05,670351.0
2016-05-06 09:15:00,NSE:JYOTISTRUC,10.0,10.4,9.95,10.0,436124.0
2016-05-09 09:15:00,NSE:JYOTISTRUC,10.2,10.2,9.8,9.85,354351.0
2016-05-10 09:15:00,NSE:JYOTISTRUC,10.2,10.55,9.95,10.1,245898.0
2016-05-11 09:15:00,NSE:JYOTISTRUC,9.8,10.15,9.7,9.85,258226.0
2016-05-12 09:15:00,NSE:JYOTISTRUC,9.95,10.2,9.8,10.1,373398.0
2016-05-13 09:15:00,NSE:JYOTISTRUC,10.1,10.1,9.85,9.9,179882.0
2016-05-16 09:15:00,NSE:JYOTISTRUC,9.75,10.0,9.7,9.85,133309.0
2016-05-17 09:15:00,NSE:JYOTISTRUC,9.9,10.0,9.7,9.8,251338.0
2016-05-18 09:15:00,NSE:JYOTISTRUC,9.8,9.9,9.6,9.8,237597.0
2016-05-19 09:15:00,NSE:JYOTISTRUC,9.85,9.9,9.65,9.65,137742.0
2016-05-20 09:15:00,NSE:JYOTISTRUC,9.7,9.7,9.25,9.35,189829.0
2016-05-23 09:15:00,NSE:JYOTISTRUC,9.35,9.7,8.8,8.9,266251.0
2016-05-24 09:15:00,NSE:JYOTISTRUC,8.9,8.9,8.25,8.35,524539.0
2016-05-25 09:15:00,NSE:JYOTISTRUC,8.4,8.65,8.35,8.5,233393.0
2016-05-26 09:15:00,NSE:JYOTISTRUC,9.0,9.0,8.5,8.75,242750.0
2016-05-27 09:15:00,NSE:JYOTISTRUC,8.75,10.4,8.7,9.85,956422.0
2016-05-30 09:15:00,NSE:JYOTISTRUC,9.85,10.15,9.55,9.6,233138.0
2016-05-31 09:15:00,NSE:JYOTISTRUC,9.65,9.75,9.1,9.25,168829.0
2016-06-01 09:15:00,NSE:JYOTISTRUC,9.25,9.35,8.9,9.0,178129.0
2016-06-02 09:15:00,NSE:JYOTISTRUC,8.95,9.45,8.85,9.15,230514.0
2016-06-03 09:15:00,NSE:JYOTISTRUC,9.3,9.35,8.75,8.8,268149.0
2016-06-06 09:15:00,NSE:JYOTISTRUC,8.85,9.0,8.35,8.4,533227.0
2016-06-07 09:15:00,NSE:JYOTISTRUC,8.65,8.75,8.4,8.7,148904.0
2016-06-08 09:15:00,NSE:JYOTISTRUC,8.6,9.1,8.6,9.0,251912.0
2016-06-09 09:15:00,NSE:JYOTISTRUC,9.1,9.35,8.95,9.15,213598.0
2016-06-10 09:15:00,NSE:JYOTISTRUC,9.45,9.45,8.75,8.9,442892.0
2016-06-13 09:15:00,NSE:JYOTISTRUC,9.25,9.25,8.9,8.95,272082.0
2016-06-14 09:15:00,NSE:JYOTISTRUC,9.15,10.0,9.15,9.8,1300227.0
2016-06-15 09:15:00,NSE:JYOTISTRUC,10.0,10.35,9.8,9.8,465028.0
2016-06-16 09:15:00,NSE:JYOTISTRUC,9.8,9.95,9.45,9.65,213843.0
2016-06-17 09:15:00,NSE:JYOTISTRUC,10.0,10.1,9.45,9.5,260690.0
2016-06-20 09:15:00,NSE:JYOTISTRUC,9.5,9.85,9.3,9.7,246900.0
2016-06-21 09:15:00,NSE:JYOTISTRUC,9.6,9.9,9.6,9.8,131935.0
2016-06-22 09:15:00,NSE:JYOTISTRUC,9.6,10.2,9.6,9.65,412130.0
2016-06-23 09:15:00,NSE:JYOTISTRUC,9.5,10.1,9.5,9.85,290006.0
2016-06-24 09:15:00,NSE:JYOTISTRUC,9.7,9.7,9.05,9.35,384231.0
2016-06-27 09:15:00,NSE:JYOTISTRUC,9.35,10.95,9.35,10.35,2114354.0
2016-06-28 09:15:00,NSE:JYOTISTRUC,10.5,10.8,10.1,10.2,547892.0
2016-06-29 09:15:00,NSE:JYOTISTRUC,10.2,10.5,10.0,10.2,503086.0
2016-06-30 09:15:00,NSE:JYOTISTRUC,10.2,10.45,10.1,10.25,367881.0
2016-07-01 09:15:00,NSE:JYOTISTRUC,10.45,10.45,10.05,10.25,244821.0
2016-07-04 09:15:00,NSE:JYOTISTRUC,10.45,10.8,10.05,10.55,690727.0
2016-07-05 09:15:00,NSE:JYOTISTRUC,10.7,11.3,10.3,10.75,943471.0
2016-07-07 09:15:00,NSE:JYOTISTRUC,10.85,11.35,10.7,11.15,785799.0
2016-07-08 09:15:00,NSE:JYOTISTRUC,11.35,11.85,11.0,11.5,1504879.0
2016-07-11 09:15:00,NSE:JYOTISTRUC,13.0,13.8,12.7,13.8,8799585.0
2016-07-12 09:15:00,NSE:JYOTISTRUC,14.3,16.299999,14.1,15.75,10886930.0
2016-07-13 09:15:00,NSE:JYOTISTRUC,15.7,15.7,14.6,15.15,2907349.0
2016-07-14 09:15:00,NSE:JYOTISTRUC,15.0,15.6,14.75,14.8,1241898.0
2016-07-15 09:15:00,NSE:JYOTISTRUC,15.1,15.25,14.0,14.1,1010993.0
2016-07-18 09:15:00,NSE:JYOTISTRUC,14.05,14.3,13.2,13.3,1083078.0
2016-07-19 09:15:00,NSE:JYOTISTRUC,13.25,14.15,12.6,13.65,1726901.0
2016-07-20 09:15:00,NSE:JYOTISTRUC,13.65,14.25,13.35,13.85,717688.0
2016-07-21 09:15:00,NSE:JYOTISTRUC,14.0,14.2,13.2,13.45,687345.0
2016-07-22 09:15:00,NSE:JYOTISTRUC,13.35,13.75,12.85,13.25,654782.0
2016-07-25 09:15:00,NSE:JYOTISTRUC,13.05,13.85,13.05,13.6,484785.0
2016-07-26 09:15:00,NSE:JYOTISTRUC,13.8,13.8,12.65,13.1,488902.0
2016-07-27 09:15:00,NSE:JYOTISTRUC,13.2,13.4,12.75,13.05,291346.0
2016-07-28 09:15:00,NSE:JYOTISTRUC,13.15,13.3,13.05,13.1,240649.0
2016-07-29 09:15:00,NSE:JYOTISTRUC,13.05,13.25,12.75,12.8,510818.0
2016-08-01 09:15:00,NSE:JYOTISTRUC,13.0,13.2,12.7,12.85,350920.0
2016-08-02 09:15:00,NSE:JYOTISTRUC,12.75,12.95,12.6,12.65,219064.0
2016-08-03 09:15:00,NSE:JYOTISTRUC,12.65,12.7,11.7,12.05,470798.0
2016-08-04 09:15:00,NSE:JYOTISTRUC,12.2,12.3,11.9,12.05,188341.0
2016-08-05 09:15:00,NSE:JYOTISTRUC,12.15,12.65,11.95,12.45,283627.0
2016-08-08 09:15:00,NSE:JYOTISTRUC,12.55,12.8,12.15,12.25,342875.0
2016-08-09 09:15:00,NSE:JYOTISTRUC,12.25,12.3,11.95,12.1,190664.0
2016-08-10 09:15:00,NSE:JYOTISTRUC,12.15,12.3,11.75,11.85,234812.0
2016-08-11 09:15:00,NSE:JYOTISTRUC,11.65,11.9,11.5,11.65,217687.0
2016-08-12 09:15:00,NSE:JYOTISTRUC,11.9,11.9,11.5,11.6,186818.0
2016-08-16 09:15:00,NSE:JYOTISTRUC,11.5,11.65,11.25,11.45,164617.0
2016-08-17 09:15:00,NSE:JYOTISTRUC,11.4,11.5,11.1,11.25,184592.0
2016-08-18 09:15:00,NSE:JYOTISTRUC,11.2,13.5,11.2,13.5,1827549.0
2016-08-19 09:15:00,NSE:JYOTISTRUC,13.8,14.65,13.5,13.95,1548206.0
2016-08-22 09:15:00,NSE:JYOTISTRUC,13.95,14.15,13.3,13.9,589831.0
2016-08-23 09:15:00,NSE:JYOTISTRUC,14.05,14.05,13.1,13.4,710577.0
2016-08-24 09:15:00,NSE:JYOTISTRUC,13.25,13.65,13.2,13.35,357683.0
2016-08-25 09:15:00,NSE:JYOTISTRUC,13.6,13.9,13.2,13.35,442588.0
2016-08-26 09:15:00,NSE:JYOTISTRUC,13.05,13.2,12.65,12.9,567156.0
2016-08-29 09:15:00,NSE:JYOTISTRUC,13.0,13.0,12.6,12.7,248284.0
2016-08-30 09:15:00,NSE:JYOTISTRUC,12.5,13.45,12.5,12.75,155419.0
2016-08-31 09:15:00,NSE:JYOTISTRUC,12.75,13.4,12.55,13.15,521190.0
2016-09-01 09:15:00,NSE:JYOTISTRUC,13.2,13.25,12.75,12.85,420251.0
2016-09-02 09:15:00,NSE:JYOTISTRUC,12.8,13.2,12.8,13.0,227425.0
2016-09-06 09:15:00,NSE:JYOTISTRUC,13.15,14.85,13.1,14.3,1497469.0
2016-09-07 09:15:00,NSE:JYOTISTRUC,14.45,14.45,13.8,13.95,445751.0
2016-09-08 09:15:00,NSE:JYOTISTRUC,13.9,14.6,13.7,14.4,885651.0
2016-09-09 09:15:00,NSE:JYOTISTRUC,14.5,15.2,14.2,14.45,1115495.0
2016-09-12 09:15:00,NSE:JYOTISTRUC,14.2,14.2,13.35,13.65,608853.0
2016-09-14 09:15:00,NSE:JYOTISTRUC,13.95,13.95,13.5,13.65,186724.0
2016-09-15 09:15:00,NSE:JYOTISTRUC,13.8,13.85,13.55,13.6,148336.0
2016-09-16 09:15:00,NSE:JYOTISTRUC,13.55,13.85,13.2,13.3,218122.0
2016-09-19 09:15:00,NSE:JYOTISTRUC,13.1,13.3,12.8,13.05,305076.0
2016-09-20 09:15:00,NSE:JYOTISTRUC,13.2,13.4,12.95,13.05,200791.0
2016-09-21 09:15:00,NSE:JYOTISTRUC,13.25,13.35,13.0,13.15,175795.0
2016-09-22 09:15:00,NSE:JYOTISTRUC,13.4,13.7,13.0,13.1,318832.0
2016-09-23 09:15:00,NSE:JYOTISTRUC,13.15,13.25,12.65,12.75,210114.0
2016-09-26 09:15:00,NSE:JYOTISTRUC,10.8,12.5,10.8,12.15,618811.0
2016-09-27 09:15:00,NSE:JYOTISTRUC,12.75,14.55,12.55,14.0,4028402.0
2016-09-28 09:15:00,NSE:JYOTISTRUC,14.3,14.4,13.2,13.45,894552.0
2016-09-29 09:15:00,NSE:JYOTISTRUC,13.7,13.9,12.1,12.25,776944.0
2016-09-30 09:15:00,NSE:JYOTISTRUC,12.6,13.15,12.4,12.65,440453.0
2016-10-03 09:15:00,NSE:JYOTISTRUC,13.0,13.5,12.7,13.05,470171.0
2016-10-04 09:15:00,NSE:JYOTISTRUC,13.45,13.45,12.9,13.0,249562.0
2016-10-05 09:15:00,NSE:JYOTISTRUC,13.3,13.3,12.8,12.9,215418.0
2016-10-06 09:15:00,NSE:JYOTISTRUC,13.1,13.45,12.8,12.95,336388.0
2016-10-07 09:15:00,NSE:JYOTISTRUC,13.25,13.25,12.3,12.6,446884.0
2016-10-10 09:15:00,NSE:JYOTISTRUC,12.6,12.8,12.4,12.5,298604.0
2016-10-13 09:15:00,NSE:JYOTISTRUC,12.5,12.6,12.1,12.3,271345.0
2016-10-14 09:15:00,NSE:JYOTISTRUC,12.35,12.75,12.2,12.25,501873.0
2016-10-17 09:15:00,NSE:JYOTISTRUC,12.25,12.45,12.15,12.2,179894.0
2016-10-18 09:15:00,NSE:JYOTISTRUC,12.35,12.35,12.1,12.2,179514.0
2016-10-19 09:15:00,NSE:JYOTISTRUC,12.4,12.4,12.15,12.3,256123.0
2016-10-20 09:15:00,NSE:JYOTISTRUC,12.3,12.45,12.3,12.35,176864.0
2016-10-21 09:15:00,NSE:JYOTISTRUC,12.3,14.4,12.2,13.35,2840914.0
2016-10-24 09:15:00,NSE:JYOTISTRUC,13.45,13.75,13.25,13.35,504682.0
2016-10-25 09:15:00,NSE:JYOTISTRUC,13.5,13.5,13.0,13.1,225178.0
2016-10-26 09:15:00,NSE:JYOTISTRUC,13.3,13.3,12.7,12.8,282583.0
2016-10-27 09:15:00,NSE:JYOTISTRUC,13.0,13.85,12.8,13.05,1066033.0
2016-10-28 09:15:00,NSE:JYOTISTRUC,13.25,13.35,12.85,12.95,263665.0
2016-11-01 09:15:00,NSE:JYOTISTRUC,13.05,13.25,12.75,12.95,169097.0
2016-11-02 09:15:00,NSE:JYOTISTRUC,12.95,12.95,12.55,12.65,212969.0
2016-11-03 09:15:00,NSE:JYOTISTRUC,12.05,12.7,12.05,12.45,361888.0
2016-11-04 09:15:00,NSE:JYOTISTRUC,12.35,12.65,11.8,12.0,482581.0
2016-11-07 09:15:00,NSE:JYOTISTRUC,12.45,12.45,12.05,12.1,178926.0
2016-11-08 09:15:00,NSE:JYOTISTRUC,12.1,14.0,11.75,13.2,3047129.0
2016-11-09 09:15:00,NSE:JYOTISTRUC,11.3,12.45,10.6,12.05,755237.0
2016-11-10 09:15:00,NSE:JYOTISTRUC,12.55,12.8,12.3,12.5,342683.0
2016-11-11 09:15:00,NSE:JYOTISTRUC,12.3,12.45,11.6,11.75,485531.0
2016-11-15 09:15:00,NSE:JYOTISTRUC,11.8,12.2,11.15,11.25,305019.0
2016-11-16 09:15:00,NSE:JYOTISTRUC,11.5,11.7,10.85,10.95,186735.0
2016-11-17 09:15:00,NSE:JYOTISTRUC,10.9,11.2,10.2,10.35,254454.0
2016-11-18 09:15:00,NSE:JYOTISTRUC,10.35,10.75,10.05,10.4,352222.0
2016-11-21 09:15:00,NSE:JYOTISTRUC,10.55,10.55,9.8,10.0,213551.0
2016-11-22 09:15:00,NSE:JYOTISTRUC,10.05,10.3,9.85,10.0,171513.0
2016-11-23 09:15:00,NSE:JYOTISTRUC,10.35,10.7,10.05,10.5,301585.0
2016-11-24 09:15:00,NSE:JYOTISTRUC,10.5,10.9,10.25,10.55,206990.0
2016-11-25 09:15:00,NSE:JYOTISTRUC,10.8,11.25,10.6,11.0,163849.0
2016-11-28 09:15:00,NSE:JYOTISTRUC,10.9,11.5,10.9,11.2,160678.0
2016-11-29 09:15:00,NSE:JYOTISTRUC,11.25,11.55,11.25,11.25,124554.0
2016-11-30 09:15:00,NSE:JYOTISTRUC,11.25,11.45,11.05,11.25,149273.0
2016-12-01 09:15:00,NSE:JYOTISTRUC,11.5,12.15,11.2,11.6,290340.0
2016-12-02 09:15:00,NSE:JYOTISTRUC,11.6,11.6,11.0,11.2,175702.0
2016-12-05 09:15:00,NSE:JYOTISTRUC,11.2,11.35,11.0,11.1,138208.0
2016-12-06 09:15:00,NSE:JYOTISTRUC,11.15,11.35,11.05,11.1,108536.0
2016-12-07 09:15:00,NSE:JYOTISTRUC,11.1,11.3,11.05,11.1,76965.0
2016-12-08 09:15:00,NSE:JYOTISTRUC,11.45,11.45,10.9,11.05,200113.0
2016-12-09 09:15:00,NSE:JYOTISTRUC,11.3,11.35,11.0,11.1,176412.0
2016-12-12 09:15:00,NSE:JYOTISTRUC,11.1,11.3,11.05,11.15,95351.0
2016-12-13 09:15:00,NSE:JYOTISTRUC,11.1,11.3,10.8,11.1,212236.0
2016-12-14 09:15:00,NSE:JYOTISTRUC,11.15,11.25,9.95,10.6,547270.0
2016-12-15 09:15:00,NSE:JYOTISTRUC,10.8,10.95,10.25,10.6,210835.0
2016-12-16 09:15:00,NSE:JYOTISTRUC,10.2,10.7,10.2,10.25,239986.0
2016-12-19 09:15:00,NSE:JYOTISTRUC,10.25,10.7,10.2,10.5,272355.0
2016-12-20 09:15:00,NSE:JYOTISTRUC,10.55,10.7,10.2,10.3,122728.0
2016-12-21 09:15:00,NSE:JYOTISTRUC,11.85,12.0,10.95,11.05,2436506.0
2016-12-22 09:15:00,NSE:JYOTISTRUC,11.25,11.25,10.5,10.65,296841.0
2016-12-23 09:15:00,NSE:JYOTISTRUC,10.55,10.65,10.3,10.4,193470.0
2016-12-26 09:15:00,NSE:JYOTISTRUC,10.15,10.3,9.65,9.8,565311.0
2016-12-27 09:15:00,NSE:JYOTISTRUC,9.7,10.0,9.1,9.45,769331.0
2016-12-28 09:15:00,NSE:JYOTISTRUC,9.5,9.6,9.2,9.45,501196.0
2016-12-29 09:15:00,NSE:JYOTISTRUC,9.5,9.65,9.35,9.55,135614.0
2016-12-30 09:15:00,NSE:JYOTISTRUC,9.65,9.9,9.55,9.75,227611.0
2017-01-02 09:15:00,NSE:JYOTISTRUC,9.85,10.05,9.45,9.7,593163.0
2017-01-03 09:15:00,NSE:JYOTISTRUC,9.8,10.2,9.8,9.95,348630.0
2017-01-04 09:15:00,NSE:JYOTISTRUC,9.85,10.35,9.85,10.15,295441.0
2017-01-05 09:15:00,NSE:JYOTISTRUC,10.25,10.85,10.25,10.65,510699.0
2017-01-06 09:15:00,NSE:JYOTISTRUC,10.7,10.8,10.2,10.3,296918.0
2017-01-09 09:15:00,NSE:JYOTISTRUC,10.3,10.55,10.25,10.4,111591.0
2017-01-10 09:15:00,NSE:JYOTISTRUC,10.7,10.7,10.4,10.45,122841.0
2017-01-11 09:15:00,NSE:JYOTISTRUC,10.5,11.1,10.5,10.8,496922.0
2017-01-12 09:15:00,NSE:JYOTISTRUC,10.8,11.0,9.9,10.0,938572.0
2017-01-13 09:15:00,NSE:JYOTISTRUC,10.05,10.25,9.7,9.75,570385.0
2017-01-16 09:15:00,NSE:JYOTISTRUC,9.9,10.05,9.65,9.9,225280.0
2017-01-17 09:15:00,NSE:JYOTISTRUC,10.05,10.1,9.8,9.9,118813.0
2017-01-18 09:15:00,NSE:JYOTISTRUC,9.85,10.1,9.85,9.95,97248.0
2017-01-19 09:15:00,NSE:JYOTISTRUC,9.95,10.1,9.9,9.9,127009.0
2017-01-20 09:15:00,NSE:JYOTISTRUC,9.95,10.35,9.7,9.75,568789.0
2017-01-23 09:15:00,NSE:JYOTISTRUC,9.9,9.95,9.65,9.7,301674.0
2017-01-24 09:15:00,NSE:JYOTISTRUC,9.8,9.9,9.65,9.7,171080.0
2017-01-25 09:15:00,NSE:JYOTISTRUC,9.85,9.95,9.6,9.7,559030.0
2017-01-27 09:15:00,NSE:JYOTISTRUC,9.85,9.85,9.65,9.7,224387.0
2017-01-30 09:15:00,NSE:JYOTISTRUC,9.7,9.8,9.6,9.65,252275.0
2017-01-31 09:15:00,NSE:JYOTISTRUC,9.65,9.9,9.65,9.8,243701.0
2017-02-01 09:15:00,NSE:JYOTISTRUC,9.95,9.95,9.6,9.7,334794.0
2017-02-02 09:15:00,NSE:JYOTISTRUC,9.8,9.9,9.7,9.75,264797.0
2017-02-03 09:15:00,NSE:JYOTISTRUC,9.8,10.3,9.65,9.8,1034854.0
2017-02-06 09:15:00,NSE:JYOTISTRUC,9.85,10.15,9.85,9.9,759255.0
2017-02-07 09:15:00,NSE:JYOTISTRUC,9.95,10.1,9.8,9.85,575930.0
2017-02-08 09:15:00,NSE:JYOTISTRUC,9.95,10.05,9.8,9.9,254694.0
2017-02-09 09:15:00,NSE:JYOTISTRUC,10.0,10.3,9.8,9.85,827868.0
2017-02-10 09:15:00,NSE:JYOTISTRUC,9.8,9.85,9.6,9.65,585326.0
2017-02-13 09:15:00,NSE:JYOTISTRUC,9.65,9.7,9.45,9.5,283552.0
2017-02-14 09:15:00,NSE:JYOTISTRUC,9.55,9.55,9.3,9.35,147969.0
2017-02-15 09:15:00,NSE:JYOTISTRUC,9.45,9.45,9.05,9.1,375009.0
2017-02-16 09:15:00,NSE:JYOTISTRUC,9.25,9.25,9.0,9.05,339506.0
2017-02-17 09:15:00,NSE:JYOTISTRUC,9.05,9.15,9.0,9.05,337551.0
2017-02-20 09:15:00,NSE:JYOTISTRUC,9.0,9.4,9.0,9.3,284770.0
2017-02-21 09:15:00,NSE:JYOTISTRUC,9.35,9.35,9.1,9.15,155216.0
2017-02-22 09:15:00,NSE:JYOTISTRUC,9.2,9.25,9.0,9.05,158747.0
2017-02-23 09:15:00,NSE:JYOTISTRUC,9.8,10.15,9.6,9.8,2410119.0
2017-02-27 09:15:00,NSE:JYOTISTRUC,9.85,9.85,9.55,9.6,295134.0
2017-02-28 09:15:00,NSE:JYOTISTRUC,9.6,9.8,9.5,9.65,136687.0
2017-03-01 09:15:00,NSE:JYOTISTRUC,9.35,9.6,9.35,9.45,276947.0
2017-03-02 09:15:00,NSE:JYOTISTRUC,9.5,9.6,9.1,9.2,356279.0
2017-03-03 09:15:00,NSE:JYOTISTRUC,9.2,9.35,9.05,9.1,250737.0
2017-03-06 09:15:00,NSE:JYOTISTRUC,9.1,9.25,9.05,9.1,171511.0
2017-03-07 09:15:00,NSE:JYOTISTRUC,9.1,9.15,8.95,9.0,215876.0
2017-03-08 09:15:00,NSE:JYOTISTRUC,9.1,9.1,8.9,8.95,168893.0
2017-03-09 09:15:00,NSE:JYOTISTRUC,8.95,9.05,8.9,8.95,153248.0
2017-03-10 09:15:00,NSE:JYOTISTRUC,9.0,9.2,8.9,8.95,274262.0
2017-03-14 09:15:00,NSE:JYOTISTRUC,9.15,9.15,8.75,8.85,261263.0
2017-03-15 09:15:00,NSE:JYOTISTRUC,8.95,8.95,8.65,8.75,346366.0
2017-03-16 09:15:00,NSE:JYOTISTRUC,9.0,9.15,8.85,8.9,335267.0
2017-03-17 09:15:00,NSE:JYOTISTRUC,8.9,9.2,8.9,9.05,403747.0
2017-03-20 09:15:00,NSE:JYOTISTRUC,8.95,9.0,8.65,8.75,479563.0
2017-03-21 09:15:00,NSE:JYOTISTRUC,8.8,8.85,8.45,8.6,416139.0
2017-03-22 09:15:00,NSE:JYOTISTRUC,8.6,8.8,8.45,8.45,257841.0
2017-03-23 09:15:00,NSE:JYOTISTRUC,8.5,8.6,8.1,8.2,620092.0
2017-03-24 09:15:00,NSE:JYOTISTRUC,8.5,8.55,8.2,8.35,357040.0
2017-03-27 09:15:00,NSE:JYOTISTRUC,8.4,8.45,8.15,8.2,399470.0
2017-03-28 09:15:00,NSE:JYOTISTRUC,8.55,8.55,8.1,8.15,422313.0
2017-03-29 09:15:00,NSE:JYOTISTRUC,8.25,8.25,8.0,8.05,399177.0
2017-03-30 09:15:00,NSE:JYOTISTRUC,8.05,8.25,7.95,8.15,315663.0
2017-03-31 09:15:00,NSE:JYOTISTRUC,8.1,8.35,8.0,8.1,527755.0
2017-04-03 09:15:00,NSE:JYOTISTRUC,8.3,9.2,8.1,9.05,956431.0
2017-04-05 09:15:00,NSE:JYOTISTRUC,9.15,10.4,9.15,9.7,2667037.0
2017-04-06 09:15:00,NSE:JYOTISTRUC,9.7,9.8,9.4,9.5,340138.0
2017-04-07 09:15:00,NSE:JYOTISTRUC,9.4,9.75,9.2,9.3,357927.0
2017-04-10 09:15:00,NSE:JYOTISTRUC,9.5,9.8,9.15,9.25,501640.0
2017-04-11 09:15:00,NSE:JYOTISTRUC,9.4,9.65,9.25,9.35,261307.0
2017-04-12 09:15:00,NSE:JYOTISTRUC,9.4,9.4,9.05,9.15,247681.0
2017-04-13 09:15:00,NSE:JYOTISTRUC,9.1,9.25,8.9,9.1,200815.0
2017-04-17 09:15:00,NSE:JYOTISTRUC,9.25,9.25,8.9,8.95,319156.0
2017-04-18 09:15:00,NSE:JYOTISTRUC,9.0,10.7,8.8,10.7,10089370.0
2017-04-19 09:15:00,NSE:JYOTISTRUC,10.85,12.6,10.25,12.15,6547104.0
2017-04-20 09:15:00,NSE:JYOTISTRUC,12.0,12.55,11.3,11.45,2028540.0
2017-04-21 09:15:00,NSE:JYOTISTRUC,11.5,11.5,9.35,9.65,8676771.0
2017-04-24 09:15:00,NSE:JYOTISTRUC,9.85,10.35,9.8,10.3,2080676.0
2017-04-25 09:15:00,NSE:JYOTISTRUC,10.45,10.75,9.85,10.5,2109076.0
2017-04-26 09:15:00,NSE:JYOTISTRUC,10.7,10.85,10.05,10.3,1062325.0
2017-04-27 09:15:00,NSE:JYOTISTRUC,10.3,10.45,10.1,10.2,330535.0
2017-04-28 09:15:00,NSE:JYOTISTRUC,10.25,10.35,9.85,10.1,959855.0
2017-05-02 09:15:00,NSE:JYOTISTRUC,10.1,10.25,9.85,10.15,1037385.0
2017-05-03 09:15:00,NSE:JYOTISTRUC,10.15,10.25,10.05,10.1,387163.0
2017-05-04 09:15:00,NSE:JYOTISTRUC,10.1,10.3,10.05,10.1,435243.0
2017-05-05 09:15:00,NSE:JYOTISTRUC,10.0,10.15,9.8,9.9,340307.0
2017-05-08 09:15:00,NSE:JYOTISTRUC,9.8,10.1,9.55,9.65,613168.0
2017-05-09 09:15:00,NSE:JYOTISTRUC,9.7,9.7,9.4,9.5,734542.0
2017-05-10 09:15:00,NSE:JYOTISTRUC,9.55,10.05,9.55,9.7,602128.0
2017-05-11 09:15:00,NSE:JYOTISTRUC,9.75,10.05,9.75,9.8,521960.0
2017-05-12 09:15:00,NSE:JYOTISTRUC,10.05,10.05,9.6,9.65,327011.0
2017-05-15 09:15:00,NSE:JYOTISTRUC,9.8,10.0,9.5,9.6,384361.0
2017-05-16 09:15:00,NSE:JYOTISTRUC,9.6,9.7,9.0,9.15,1982562.0
2017-05-17 09:15:00,NSE:JYOTISTRUC,9.15,9.35,9.15,9.2,342685.0
2017-05-18 09:15:00,NSE:JYOTISTRUC,8.95,9.3,8.95,9.0,232170.0
2017-05-19 09:15:00,NSE:JYOTISTRUC,9.15,9.3,8.9,9.0,332656.0
2017-05-22 09:15:00,NSE:JYOTISTRUC,9.1,9.2,8.9,8.9,217226.0
2017-05-23 09:15:00,NSE:JYOTISTRUC,8.95,9.0,8.15,8.5,430089.0
2017-05-24 09:15:00,NSE:JYOTISTRUC,8.8,8.8,8.25,8.45,612320.0
2017-05-25 09:15:00,NSE:JYOTISTRUC,8.45,8.75,8.35,8.65,250137.0
2017-05-26 09:15:00,NSE:JYOTISTRUC,8.65,9.25,8.6,9.1,409145.0
2017-05-29 09:15:00,NSE:JYOTISTRUC,8.8,9.2,8.6,8.65,196404.0
2017-05-30 09:15:00,NSE:JYOTISTRUC,8.9,8.9,8.45,8.65,220328.0
2017-05-31 09:15:00,NSE:JYOTISTRUC,8.55,8.9,8.4,8.5,243502.0
2017-06-01 09:15:00,NSE:JYOTISTRUC,8.45,8.7,8.45,8.55,183159.0
2017-06-02 09:15:00,NSE:JYOTISTRUC,8.55,8.95,8.55,8.65,270490.0
2017-06-05 09:15:00,NSE:JYOTISTRUC,8.65,8.75,8.55,8.7,99859.0
2017-06-06 09:15:00,NSE:JYOTISTRUC,8.55,8.65,8.45,8.55,169998.0
2017-06-07 09:15:00,NSE:JYOTISTRUC,8.6,8.65,8.45,8.55,138900.0
2017-06-08 09:15:00,NSE:JYOTISTRUC,8.5,8.9,8.5,8.55,159532.0
2017-06-09 09:15:00,NSE:JYOTISTRUC,8.55,8.6,8.35,8.5,180923.0
2017-06-12 09:15:00,NSE:JYOTISTRUC,8.45,8.55,8.35,8.45,112307.0
2017-06-13 09:15:00,NSE:JYOTISTRUC,8.5,8.5,8.15,8.25,258680.0
2017-06-14 09:15:00,NSE:JYOTISTRUC,8.2,8.45,8.15,8.2,310898.0
2017-06-15 09:15:00,NSE:JYOTISTRUC,8.25,8.35,8.15,8.25,180511.0
2017-06-16 09:15:00,NSE:JYOTISTRUC,7.65,9.9,6.85,9.85,6619236.0
2017-06-19 09:15:00,NSE:JYOTISTRUC,11.1,11.8,10.85,11.8,7818122.0
2017-06-20 09:15:00,NSE:JYOTISTRUC,12.5,12.6,10.65,11.5,5675768.0
2017-06-21 09:15:00,NSE:JYOTISTRUC,11.45,11.8,10.95,11.15,1634077.0
2017-06-22 09:15:00,NSE:JYOTISTRUC,11.1,12.25,10.65,11.7,4853264.0
2017-06-23 09:15:00,NSE:JYOTISTRUC,12.0,12.3,10.9,11.05,1321341.0
2017-06-27 09:15:00,NSE:JYOTISTRUC,10.95,11.7,9.95,10.1,867254.0
2017-06-28 09:15:00,NSE:JYOTISTRUC,10.05,10.7,9.4,10.3,2211424.0
2017-06-29 09:15:00,NSE:JYOTISTRUC,10.0,10.3,9.8,10.1,372513.0
2017-06-30 09:15:00,NSE:JYOTISTRUC,10.2,10.9,9.8,10.15,954984.0
2017-07-03 09:15:00,NSE:JYOTISTRUC,10.25,10.65,10.25,10.6,644860.0
2017-07-04 09:15:00,NSE:JYOTISTRUC,10.5,11.45,10.2,10.75,3131714.0
2017-07-05 09:15:00,NSE:JYOTISTRUC,10.25,10.5,9.7,9.7,3154637.0
2017-07-06 09:15:00,NSE:JYOTISTRUC,9.4,9.95,9.25,9.3,1122148.0
2017-07-07 09:15:00,NSE:JYOTISTRUC,9.6,9.85,9.3,9.65,788065.0
2017-07-10 09:15:00,NSE:JYOTISTRUC,9.65,9.65,9.4,9.4,70201.0
2017-07-11 09:15:00,NSE:JYOTISTRUC,9.4,9.6,9.15,9.2,553302.0
2017-07-12 09:15:00,NSE:JYOTISTRUC,9.0,9.15,8.8,9.0,791634.0
2017-07-13 09:15:00,NSE:JYOTISTRUC,9.0,9.1,8.75,8.8,351464.0
2017-07-14 09:15:00,NSE:JYOTISTRUC,8.8,9.0,8.65,8.7,297616.0
2017-07-17 09:15:00,NSE:JYOTISTRUC,8.7,8.85,8.55,8.6,282815.0
2017-07-18 09:15:00,NSE:JYOTISTRUC,8.5,8.8,8.35,8.7,474043.0
2017-07-19 09:15:00,NSE:JYOTISTRUC,8.8,8.8,8.5,8.55,418276.0
2017-07-20 09:15:00,NSE:JYOTISTRUC,8.5,8.7,8.4,8.5,404440.0
2017-07-21 09:15:00,NSE:JYOTISTRUC,8.4,8.6,8.35,8.4,265081.0
2017-07-24 09:15:00,NSE:JYOTISTRUC,8.6,8.7,8.2,8.55,938383.0
2017-07-25 09:15:00,NSE:JYOTISTRUC,8.5,8.8,8.4,8.6,353526.0
2017-07-26 09:15:00,NSE:JYOTISTRUC,8.85,9.45,8.6,9.45,1387377.0
2017-07-27 09:15:00,NSE:JYOTISTRUC,10.15,10.35,9.85,10.35,1063777.0
2017-07-28 09:15:00,NSE:JYOTISTRUC,11.35,11.35,11.35,11.35,1107481.0
2017-07-31 09:15:00,NSE:JYOTISTRUC,11.9,11.9,11.9,11.9,403235.0
2017-08-01 09:15:00,NSE:JYOTISTRUC,12.45,12.45,12.45,12.45,257176.0
2017-08-02 09:15:00,NSE:JYOTISTRUC,13.05,13.05,11.85,11.85,3410876.0
2017-08-03 09:15:00,NSE:JYOTISTRUC,11.3,11.3,11.3,11.3,42492.0
2017-08-04 09:15:00,NSE:JYOTISTRUC,10.75,11.3,10.75,10.75,1116288.0
2017-08-07 09:15:00,NSE:JYOTISTRUC,10.5,10.65,10.25,10.25,109011.0
2017-08-08 09:15:00,NSE:JYOTISTRUC,9.75,9.75,9.75,9.75,109148.0
2017-08-09 09:15:00,NSE:JYOTISTRUC,9.3,9.3,9.3,9.3,77185.0
2017-08-10 09:15:00,NSE:JYOTISTRUC,8.85,8.85,8.85,8.85,49254.0
2017-08-11 09:15:00,NSE:JYOTISTRUC,8.45,8.45,8.45,8.45,105033.0
2017-08-14 09:15:00,NSE:JYOTISTRUC,8.05,8.85,8.05,8.85,477266.0
2017-08-16 09:15:00,NSE:JYOTISTRUC,9.25,9.25,9.0,9.25,277775.0
2017-08-17 09:15:00,NSE:JYOTISTRUC,9.7,9.7,9.0,9.7,155989.0
2017-08-18 09:15:00,NSE:JYOTISTRUC,10.0,10.0,9.25,9.3,192245.0
2017-08-21 09:15:00,NSE:JYOTISTRUC,9.0,9.75,9.0,9.7,158179.0
2017-08-22 09:15:00,NSE:JYOTISTRUC,9.8,10.0,9.25,9.25,157835.0
2017-08-23 09:15:00,NSE:JYOTISTRUC,9.05,9.5,8.8,9.0,142038.0
2017-08-24 09:15:00,NSE:JYOTISTRUC,9.0,9.3,9.0,9.15,163084.0
2017-08-28 09:15:00,NSE:JYOTISTRUC,9.6,9.6,9.1,9.4,120366.0
2017-08-29 09:15:00,NSE:JYOTISTRUC,9.4,9.4,9.0,9.25,176832.0
2017-08-30 09:15:00,NSE:JYOTISTRUC,9.25,9.25,8.8,8.9,237987.0
2017-08-31 09:15:00,NSE:JYOTISTRUC,8.7,9.15,8.5,8.7,328659.0
2017-09-01 09:15:00,NSE:JYOTISTRUC,8.8,9.05,8.6,8.8,229821.0
2017-09-04 09:15:00,NSE:JYOTISTRUC,8.4,9.05,8.4,9.0,290822.0
2017-09-05 09:15:00,NSE:JYOTISTRUC,9.35,9.45,8.7,9.45,353956.0
2017-09-06 09:15:00,NSE:JYOTISTRUC,9.45,9.9,9.45,9.9,256368.0
2017-09-07 09:15:00,NSE:JYOTISTRUC,10.35,10.35,10.35,10.35,241771.0
2017-09-08 09:15:00,NSE:JYOTISTRUC,10.85,10.85,10.5,10.8,613237.0
2017-09-11 09:15:00,NSE:JYOTISTRUC,11.3,11.3,11.3,11.3,291521.0
2017-09-12 09:15:00,NSE:JYOTISTRUC,11.85,11.85,11.85,11.85,168038.0
2017-09-13 09:15:00,NSE:JYOTISTRUC,12.4,12.4,12.4,12.4,309704.0
2017-09-14 09:15:00,NSE:JYOTISTRUC,13.0,13.0,11.8,13.0,2543752.0
2017-09-15 09:15:00,NSE:JYOTISTRUC,13.3,13.65,12.4,13.45,1043813.0
2017-09-18 09:15:00,NSE:JYOTISTRUC,13.65,14.1,13.65,14.1,479158.0
2017-09-19 09:15:00,NSE:JYOTISTRUC,14.8,14.8,14.4,14.8,1239138.0
2017-09-20 09:15:00,NSE:JYOTISTRUC,15.5,15.5,14.1,14.1,375650.0
2017-09-21 09:15:00,NSE:JYOTISTRUC,13.4,13.4,13.4,13.4,40909.0
2017-09-22 09:15:00,NSE:JYOTISTRUC,12.75,12.75,12.75,12.75,60042.0
2017-09-25 09:15:00,NSE:JYOTISTRUC,12.15,12.15,12.15,12.15,49151.0
2017-09-26 09:15:00,NSE:JYOTISTRUC,11.55,12.7,11.55,11.8,907811.0
2017-09-27 09:15:00,NSE:JYOTISTRUC,11.6,12.2,11.25,11.25,330876.0
2017-09-28 09:15:00,NSE:JYOTISTRUC,10.7,11.35,10.7,10.95,560847.0
2017-09-29 09:15:00,NSE:JYOTISTRUC,11.45,11.45,10.5,11.0,363598.0
2017-10-03 09:15:00,NSE:JYOTISTRUC,10.5,11.55,10.5,10.9,308734.0
2017-10-04 09:15:00,NSE:JYOTISTRUC,10.9,11.15,10.6,10.8,161304.0
2017-10-05 09:15:00,NSE:JYOTISTRUC,10.75,11.3,10.7,11.2,429714.0
2017-10-06 09:15:00,NSE:JYOTISTRUC,11.7,11.75,10.7,11.75,211545.0
2017-10-09 09:15:00,NSE:JYOTISTRUC,11.6,12.25,11.25,11.5,189918.0
2017-10-10 09:15:00,NSE:JYOTISTRUC,11.9,11.9,10.95,11.0,658422.0
2017-10-11 09:15:00,NSE:JYOTISTRUC,11.0,11.45,10.5,10.65,345728.0
2017-10-12 09:15:00,NSE:JYOTISTRUC,10.15,11.15,10.15,10.65,177446.0
2017-10-13 09:15:00,NSE:JYOTISTRUC,10.2,11.0,10.2,10.5,397553.0
2017-10-16 09:15:00,NSE:JYOTISTRUC,10.9,10.9,10.25,10.5,184608.0
2017-10-17 09:15:00,NSE:JYOTISTRUC,10.5,10.6,10.0,10.45,306307.0
2017-10-18 09:15:00,NSE:JYOTISTRUC,10.4,10.95,10.4,10.75,748478.0
2017-10-19 09:15:00,NSE:JYOTISTRUC,10.9,11.25,10.75,11.2,346526.0
2017-10-23 09:15:00,NSE:JYOTISTRUC,11.4,11.6,10.65,11.1,275185.0
2017-10-24 09:15:00,NSE:JYOTISTRUC,11.1,11.4,10.75,11.05,265680.0
2017-10-25 09:15:00,NSE:JYOTISTRUC,10.8,11.6,10.8,11.6,491350.0
2017-10-26 09:15:00,NSE:JYOTISTRUC,11.85,11.85,11.05,11.05,719412.0
2017-10-27 09:15:00,NSE:JYOTISTRUC,10.6,11.0,10.6,10.8,415377.0
2017-10-30 09:15:00,NSE:JYOTISTRUC,10.5,11.25,10.5,10.65,514273.0
2017-10-31 09:15:00,NSE:JYOTISTRUC,10.55,11.15,10.5,10.85,373154.0
2017-11-01 09:15:00,NSE:JYOTISTRUC,10.85,11.15,10.55,10.65,202665.0
2017-11-02 09:15:00,NSE:JYOTISTRUC,10.55,10.85,10.15,10.5,350824.0
2017-11-03 09:15:00,NSE:JYOTISTRUC,10.8,11.0,10.0,10.05,1247591.0
2017-11-06 09:15:00,NSE:JYOTISTRUC,10.2,10.5,9.55,9.65,914031.0
2017-11-07 09:15:00,NSE:JYOTISTRUC,9.5,9.85,9.2,9.2,558027.0
2017-11-08 09:15:00,NSE:JYOTISTRUC,9.2,9.65,8.75,9.0,737429.0
2017-11-09 09:15:00,NSE:JYOTISTRUC,9.2,9.35,8.9,9.3,171382.0
2017-11-10 09:15:00,NSE:JYOTISTRUC,9.15,9.75,9.15,9.75,273849.0
2017-11-13 09:15:00,NSE:JYOTISTRUC,10.2,10.2,9.8,10.2,955558.0
2017-11-14 09:15:00,NSE:JYOTISTRUC,9.95,10.7,9.7,10.7,1673929.0
2017-11-15 09:15:00,NSE:JYOTISTRUC,11.15,11.2,10.2,10.2,2436518.0
2017-11-16 09:15:00,NSE:JYOTISTRUC,10.6,10.6,10.1,10.25,373478.0
2017-11-17 09:15:00,NSE:JYOTISTRUC,10.45,10.5,10.25,10.35,163367.0
2017-11-20 09:15:00,NSE:JYOTISTRUC,10.05,10.7,10.05,10.2,194700.0
2017-11-21 09:15:00,NSE:JYOTISTRUC,10.15,10.5,10.1,10.35,279195.0
2017-11-22 09:15:00,NSE:JYOTISTRUC,10.05,10.8,10.05,10.3,214424.0
2017-11-23 09:15:00,NSE:JYOTISTRUC,10.45,10.5,9.85,10.05,804207.0
2017-11-24 09:15:00,NSE:JYOTISTRUC,9.9,10.25,9.8,10.1,845833.0
2017-11-27 09:15:00,NSE:JYOTISTRUC,10.35,10.6,10.15,10.6,432563.0
2017-11-28 09:15:00,NSE:JYOTISTRUC,11.05,11.1,10.1,10.25,1673358.0
2017-11-29 09:15:00,NSE:JYOTISTRUC,10.25,10.6,10.25,10.4,180289.0
2017-11-30 09:15:00,NSE:JYOTISTRUC,10.4,10.65,10.15,10.35,297826.0
2017-12-01 09:15:00,NSE:JYOTISTRUC,10.35,10.5,9.95,10.1,254510.0
2017-12-04 09:15:00,NSE:JYOTISTRUC,10.0,10.15,9.6,9.65,506998.0
2017-12-05 09:15:00,NSE:JYOTISTRUC,9.7,9.9,9.2,9.3,953365.0
2017-12-06 09:15:00,NSE:JYOTISTRUC,9.25,9.75,9.15,9.7,266382.0
2017-12-07 09:15:00,NSE:JYOTISTRUC,9.95,10.3,9.25,9.5,391697.0
2017-12-08 09:15:00,NSE:JYOTISTRUC,9.5,9.85,9.5,9.65,298896.0
2017-12-11 09:15:00,NSE:JYOTISTRUC,9.7,9.85,9.15,9.2,1247457.0
2017-12-12 09:15:00,NSE:JYOTISTRUC,9.25,9.4,9.05,9.35,327017.0
2017-12-13 09:15:00,NSE:JYOTISTRUC,9.45,9.45,9.15,9.25,328041.0
2017-12-14 09:15:00,NSE:JYOTISTRUC,9.3,9.35,9.15,9.25,156846.0
2017-12-15 09:15:00,NSE:JYOTISTRUC,9.4,10.15,9.3,10.15,1575104.0
2017-12-18 09:15:00,NSE:JYOTISTRUC,10.5,11.15,9.3,11.15,1833809.0
2017-12-19 09:15:00,NSE:JYOTISTRUC,12.25,12.25,11.3,11.6,2983454.0
2017-12-20 09:15:00,NSE:JYOTISTRUC,12.2,12.2,11.45,11.6,1266617.0
2017-12-21 09:15:00,NSE:JYOTISTRUC,11.6,11.75,10.65,10.95,1770684.0
2017-12-22 09:15:00,NSE:JYOTISTRUC,11.0,11.1,10.6,10.7,483138.0
2017-12-26 09:15:00,NSE:JYOTISTRUC,10.5,11.2,10.5,10.9,463812.0
2017-12-27 09:15:00,NSE:JYOTISTRUC,11.1,11.1,10.55,10.65,445567.0
2017-12-28 09:15:00,NSE:JYOTISTRUC,10.8,11.7,10.55,11.7,2203516.0
2017-12-29 09:15:00,NSE:JYOTISTRUC,12.35,12.85,12.35,12.85,790464.0
2018-01-01 09:15:00,NSE:JYOTISTRUC,13.6,14.1,12.05,13.95,4369320.0
2018-01-02 09:15:00,NSE:JYOTISTRUC,14.25,14.6,13.55,14.05,2762096.0
2018-01-03 09:15:00,NSE:JYOTISTRUC,14.35,14.75,13.8,14.3,3058391.0
2018-01-04 09:15:00,NSE:JYOTISTRUC,14.7,14.7,13.6,13.6,1872556.0
2018-01-05 09:15:00,NSE:JYOTISTRUC,13.1,14.15,13.1,13.4,1081431.0
2018-01-08 09:15:00,NSE:JYOTISTRUC,13.4,13.85,12.75,12.85,1891901.0
2018-01-09 09:15:00,NSE:JYOTISTRUC,13.1,13.45,12.8,13.45,1487088.0
2018-01-10 09:15:00,NSE:JYOTISTRUC,13.95,14.1,13.4,14.1,2446678.0
2018-01-11 09:15:00,NSE:JYOTISTRUC,13.95,14.8,13.7,14.8,4004526.0
2018-01-12 09:15:00,NSE:JYOTISTRUC,15.3,15.5,14.15,14.55,3510993.0
2018-01-15 09:15:00,NSE:JYOTISTRUC,14.7,15.1,13.9,14.0,2109788.0
2018-01-16 09:15:00,NSE:JYOTISTRUC,14.05,14.2,13.3,13.3,826590.0
2018-01-17 09:15:00,NSE:JYOTISTRUC,12.75,13.5,12.65,13.25,2630867.0
2018-01-18 09:15:00,NSE:JYOTISTRUC,13.25,13.4,12.6,12.6,901356.0
2018-01-19 09:15:00,NSE:JYOTISTRUC,12.0,12.0,12.0,12.0,254656.0
2018-01-22 09:15:00,NSE:JYOTISTRUC,12.35,12.6,12.0,12.6,1069887.0
2018-01-23 09:15:00,NSE:JYOTISTRUC,13.2,13.2,12.0,12.15,1785669.0
2018-01-24 09:15:00,NSE:JYOTISTRUC,12.2,12.55,11.55,11.55,911947.0
2018-01-25 09:15:00,NSE:JYOTISTRUC,11.8,11.85,11.15,11.55,377590.0
2018-01-29 09:15:00,NSE:JYOTISTRUC,11.55,11.95,11.0,11.05,666901.0
2018-01-30 09:15:00,NSE:JYOTISTRUC,11.05,11.25,10.5,10.7,1326092.0
2018-01-31 09:15:00,NSE:JYOTISTRUC,10.7,11.0,10.55,10.8,416467.0
2018-02-01 09:15:00,NSE:JYOTISTRUC,10.65,11.0,10.35,10.55,689387.0
2018-02-02 09:15:00,NSE:JYOTISTRUC,10.3,10.55,10.05,10.05,1062665.0
2018-02-05 09:15:00,NSE:JYOTISTRUC,10.05,10.35,9.65,10.05,401267.0
2018-02-06 09:15:00,NSE:JYOTISTRUC,9.7,10.55,9.55,10.5,821151.0
2018-02-07 09:15:00,NSE:JYOTISTRUC,10.8,11.0,10.35,10.95,474171.0
2018-02-08 09:15:00,NSE:JYOTISTRUC,11.3,11.3,10.45,10.5,1471955.0
2018-02-09 09:15:00,NSE:JYOTISTRUC,10.15,10.7,10.1,10.6,294695.0
2018-02-12 09:15:00,NSE:JYOTISTRUC,10.6,11.0,10.55,10.9,582547.0
2018-02-14 09:15:00,NSE:JYOTISTRUC,10.6,11.2,10.5,10.6,254851.0
2018-02-15 09:15:00,NSE:JYOTISTRUC,10.5,10.55,10.15,10.2,255631.0
2018-02-16 09:15:00,NSE:JYOTISTRUC,10.1,10.5,9.8,10.25,513910.0
2018-02-19 09:15:00,NSE:JYOTISTRUC,9.9,10.75,9.9,10.6,482835.0
2018-02-20 09:15:00,NSE:JYOTISTRUC,10.65,10.95,10.3,10.35,246681.0
2018-02-21 09:15:00,NSE:JYOTISTRUC,10.35,10.45,10.0,10.1,272393.0
2018-02-22 09:15:00,NSE:JYOTISTRUC,10.1,10.1,9.7,9.9,259200.0
2018-02-23 09:15:00,NSE:JYOTISTRUC,9.75,10.35,9.75,10.25,223068.0
2018-02-26 09:15:00,NSE:JYOTISTRUC,10.2,10.75,10.0,10.75,805653.0
2018-02-27 09:15:00,NSE:JYOTISTRUC,10.85,10.95,10.4,10.45,401000.0
2018-02-28 09:15:00,NSE:JYOTISTRUC,10.25,10.55,10.15,10.5,127711.0
2018-03-01 09:15:00,NSE:JYOTISTRUC,10.5,10.5,10.2,10.25,80088.0
2018-03-05 09:15:00,NSE:JYOTISTRUC,10.3,10.3,9.8,9.9,331967.0
2018-03-06 09:15:00,NSE:JYOTISTRUC,10.0,10.2,9.7,9.8,207724.0
2018-03-07 09:15:00,NSE:JYOTISTRUC,9.75,10.0,9.4,9.45,330312.0
2018-03-08 09:15:00,NSE:JYOTISTRUC,9.8,9.8,9.25,9.4,295876.0
2018-03-09 09:15:00,NSE:JYOTISTRUC,9.85,9.85,9.25,9.3,178579.0
2018-03-12 09:15:00,NSE:JYOTISTRUC,9.35,9.5,8.9,9.0,301339.0
2018-03-13 09:15:00,NSE:JYOTISTRUC,9.0,9.3,8.85,9.0,403777.0
2018-03-14 09:15:00,NSE:JYOTISTRUC,9.0,9.25,9.0,9.05,119140.0
2018-03-15 09:15:00,NSE:JYOTISTRUC,9.1,9.5,9.05,9.5,295943.0
2018-03-16 09:15:00,NSE:JYOTISTRUC,9.55,9.9,9.2,9.3,283973.0
2018-03-19 09:15:00,NSE:JYOTISTRUC,9.55,9.55,8.9,9.0,219124.0
2018-03-20 09:15:00,NSE:JYOTISTRUC,9.05,9.1,8.75,8.95,126364.0
2018-03-21 09:15:00,NSE:JYOTISTRUC,9.0,9.3,8.9,8.95,236132.0
2018-03-22 09:15:00,NSE:JYOTISTRUC,8.8,9.05,8.7,8.9,175352.0
2018-03-23 09:15:00,NSE:JYOTISTRUC,8.55,8.8,8.5,8.5,418358.0
2018-03-26 09:15:00,NSE:JYOTISTRUC,8.75,8.75,8.1,8.15,589666.0
2018-03-27 09:15:00,NSE:JYOTISTRUC,8.25,8.55,8.15,8.3,596613.0
2018-03-28 09:15:00,NSE:JYOTISTRUC,8.4,8.4,7.9,7.9,1178148.0
2018-04-02 09:15:00,NSE:JYOTISTRUC,7.55,7.55,7.55,7.55,12779.0
2018-04-03 09:15:00,NSE:JYOTISTRUC,7.55,7.55,7.55,7.55,6184.0
2018-04-04 09:15:00,NSE:JYOTISTRUC,7.2,7.2,7.2,7.2,18187.0
2018-04-05 09:15:00,NSE:JYOTISTRUC,6.85,6.85,6.85,6.85,33879.0
2018-04-06 09:15:00,NSE:JYOTISTRUC,6.55,6.55,6.55,6.55,47609.0
2018-04-09 09:15:00,NSE:JYOTISTRUC,6.25,6.85,6.25,6.85,640572.0
2018-04-10 09:15:00,NSE:JYOTISTRUC,7.15,7.15,7.15,7.15,336843.0
2018-04-11 09:15:00,NSE:JYOTISTRUC,7.5,7.5,7.5,7.5,52499.0
2018-04-12 09:15:00,NSE:JYOTISTRUC,7.85,7.85,7.3,7.85,1111676.0
2018-04-13 09:15:00,NSE:JYOTISTRUC,8.2,8.2,8.2,8.2,141633.0
2018-04-16 09:15:00,NSE:JYOTISTRUC,8.6,8.6,8.1,8.35,463880.0
2018-04-17 09:15:00,NSE:JYOTISTRUC,8.15,8.15,7.95,7.95,94343.0
2018-04-18 09:15:00,NSE:JYOTISTRUC,7.6,7.6,7.6,7.6,72303.0
2018-04-19 09:15:00,NSE:JYOTISTRUC,7.25,7.25,7.25,7.25,8543.0
2018-04-20 09:15:00,NSE:JYOTISTRUC,6.9,6.9,6.9,6.9,79885.0
2018-04-23 09:15:00,NSE:JYOTISTRUC,6.6,6.6,6.6,6.6,19417.0
2018-04-24 09:15:00,NSE:JYOTISTRUC,6.3,6.9,6.3,6.3,95217.0
2018-04-25 09:15:00,NSE:JYOTISTRUC,6.0,6.0,6.0,6.0,32199.0
2018-04-26 09:15:00,NSE:JYOTISTRUC,5.7,5.7,5.7,5.7,18892.0
2018-04-27 09:15:00,NSE:JYOTISTRUC,5.45,5.45,5.45,5.45,62366.0
2018-04-30 09:15:00,NSE:JYOTISTRUC,5.7,5.7,5.2,5.2,262982.0
2018-05-02 09:15:00,NSE:JYOTISTRUC,5.35,5.45,4.95,5.45,145389.0
2018-05-03 09:15:00,NSE:JYOTISTRUC,5.7,5.7,5.2,5.3,210106.0
2018-05-04 09:15:00,NSE:JYOTISTRUC,5.05,5.55,5.05,5.55,219719.0
2018-05-07 09:15:00,NSE:JYOTISTRUC,5.55,5.8,5.35,5.8,145282.0
2018-05-08 09:15:00,NSE:JYOTISTRUC,5.65,5.9,5.55,5.55,70212.0
2018-05-09 09:15:00,NSE:JYOTISTRUC,5.7,5.7,5.3,5.3,15010.0
2018-05-10 09:15:00,NSE:JYOTISTRUC,5.05,5.2,5.05,5.1,122240.0
2018-05-11 09:15:00,NSE:JYOTISTRUC,4.85,4.85,4.85,4.85,32082.0
2018-05-14 09:15:00,NSE:JYOTISTRUC,4.65,4.65,4.65,4.65,25793.0
2018-05-15 09:15:00,NSE:JYOTISTRUC,4.5,4.5,4.45,4.45,16621.0
2018-05-16 09:15:00,NSE:JYOTISTRUC,4.25,4.25,4.25,4.25,33518.0
2018-05-17 09:15:00,NSE:JYOTISTRUC,4.05,4.2,4.05,4.05,94720.0
2018-05-18 09:15:00,NSE:JYOTISTRUC,3.85,4.25,3.85,4.1,136946.0
2018-05-21 09:15:00,NSE:JYOTISTRUC,4.1,4.3,4.1,4.25,31920.0
2018-05-22 09:15:00,NSE:JYOTISTRUC,4.15,4.45,4.15,4.45,21260.0
2018-05-23 09:15:00,NSE:JYOTISTRUC,4.65,4.65,4.25,4.25,89252.0
2018-05-24 09:15:00,NSE:JYOTISTRUC,4.1,4.4,4.1,4.15,37010.0
2018-05-25 09:15:00,NSE:JYOTISTRUC,4.3,4.35,4.05,4.3,60115.0
2018-05-28 09:15:00,NSE:JYOTISTRUC,4.45,4.5,4.15,4.3,30104.0
2018-05-29 09:15:00,NSE:JYOTISTRUC,4.3,4.4,4.15,4.15,25270.0
2018-05-30 09:15:00,NSE:JYOTISTRUC,4.1,4.3,4.05,4.1,31548.0
2018-05-31 09:15:00,NSE:JYOTISTRUC,4.0,4.3,3.95,4.1,31089.0
2018-06-01 09:15:00,NSE:JYOTISTRUC,3.9,4.15,3.9,3.95,99380.0
2018-06-04 09:15:00,NSE:JYOTISTRUC,3.85,4.1,3.8,3.8,49855.0
2018-06-05 09:15:00,NSE:JYOTISTRUC,3.65,3.95,3.65,3.65,36811.0
2018-06-06 09:15:00,NSE:JYOTISTRUC,3.55,3.65,3.5,3.55,52760.0
2018-06-07 09:15:00,NSE:JYOTISTRUC,3.55,3.7,3.4,3.7,65457.0
2018-06-08 09:15:00,NSE:JYOTISTRUC,3.6,3.8,3.55,3.6,73806.0
2018-06-11 09:15:00,NSE:JYOTISTRUC,3.65,3.75,3.45,3.45,55885.0
2018-06-12 09:15:00,NSE:JYOTISTRUC,3.6,3.6,3.35,3.45,54195.0
2018-06-13 09:15:00,NSE:JYOTISTRUC,3.45,3.6,3.3,3.55,37938.0
2018-06-14 09:15:00,NSE:JYOTISTRUC,3.65,3.7,3.45,3.7,47988.0
2018-06-15 09:15:00,NSE:JYOTISTRUC,3.85,3.85,3.7,3.85,29268.0
2018-06-18 09:15:00,NSE:JYOTISTRUC,3.9,4.0,3.8,4.0,145251.0
2018-06-19 09:15:00,NSE:JYOTISTRUC,4.1,4.2,3.95,4.2,71242.0
2018-06-20 09:15:00,NSE:JYOTISTRUC,4.4,4.4,4.1,4.2,94809.0
2018-06-21 09:15:00,NSE:JYOTISTRUC,4.2,4.25,4.0,4.0,90234.0
2018-06-22 09:15:00,NSE:JYOTISTRUC,3.8,3.8,3.8,3.8,13851.0
2018-06-25 09:15:00,NSE:JYOTISTRUC,3.75,3.75,3.65,3.65,52192.0
2018-06-26 09:15:00,NSE:JYOTISTRUC,3.75,3.75,3.5,3.5,24559.0
2018-06-27 09:15:00,NSE:JYOTISTRUC,3.35,3.35,3.35,3.35,20520.0
2018-06-28 09:15:00,NSE:JYOTISTRUC,3.2,3.5,3.2,3.25,75678.0
2018-06-29 09:15:00,NSE:JYOTISTRUC,3.2,3.4,3.15,3.4,32388.0
2018-07-02 09:15:00,NSE:JYOTISTRUC,3.4,3.55,3.25,3.3,25816.0
2018-07-03 09:15:00,NSE:JYOTISTRUC,3.2,3.45,3.15,3.15,45239.0
2018-07-04 09:15:00,NSE:JYOTISTRUC,3.05,3.3,3.0,3.05,58523.0
2018-07-05 09:15:00,NSE:JYOTISTRUC,2.9,3.2,2.9,3.15,57937.0
2018-07-06 09:15:00,NSE:JYOTISTRUC,3.15,3.3,3.05,3.15,11853.0
2018-07-09 09:15:00,NSE:JYOTISTRUC,3.2,3.3,3.15,3.3,46679.0
2018-07-10 09:15:00,NSE:JYOTISTRUC,3.25,3.45,3.25,3.45,21677.0
2018-07-11 09:15:00,NSE:JYOTISTRUC,3.6,3.6,3.3,3.35,70317.0
2018-07-12 09:15:00,NSE:JYOTISTRUC,3.5,3.5,3.4,3.5,35497.0
2018-07-13 09:15:00,NSE:JYOTISTRUC,3.4,3.65,3.35,3.65,42980.0
2018-07-16 09:15:00,NSE:JYOTISTRUC,3.8,3.8,3.5,3.7,93578.0
2018-07-17 09:15:00,NSE:JYOTISTRUC,3.8,3.8,3.55,3.55,55366.0
2018-07-18 09:15:00,NSE:JYOTISTRUC,3.6,3.6,3.4,3.4,4213.0
2018-07-19 09:15:00,NSE:JYOTISTRUC,3.3,3.55,3.25,3.4,66551.0
2018-07-20 09:15:00,NSE:JYOTISTRUC,3.55,3.55,3.35,3.5,36279.0
2018-07-23 09:15:00,NSE:JYOTISTRUC,3.4,3.65,3.35,3.4,36340.0
2018-07-24 09:15:00,NSE:JYOTISTRUC,3.4,3.55,3.4,3.55,21495.0
2018-07-25 09:15:00,NSE:JYOTISTRUC,3.7,3.7,3.4,3.4,106880.0
2018-07-26 09:15:00,NSE:JYOTISTRUC,3.25,3.25,3.25,3.25,15950.0
2018-07-27 09:15:00,NSE:JYOTISTRUC,3.1,3.1,3.1,3.1,19825.0
2018-07-30 09:15:00,NSE:JYOTISTRUC,2.95,2.95,2.95,2.95,34391.0
2018-07-31 09:15:00,NSE:JYOTISTRUC,2.85,2.85,2.85,2.85,65240.0
2018-08-01 09:15:00,NSE:JYOTISTRUC,2.75,2.75,2.75,2.75,77697.0
2018-08-02 09:15:00,NSE:JYOTISTRUC,2.65,2.65,2.65,2.65,13059.0
2018-08-03 09:15:00,NSE:JYOTISTRUC,2.55,2.55,2.55,2.55,19150.0
2018-08-06 09:15:00,NSE:JYOTISTRUC,2.45,2.45,2.45,2.45,25562.0
2018-08-07 09:15:00,NSE:JYOTISTRUC,2.35,2.35,2.35,2.35,41423.0
2018-08-08 09:15:00,NSE:JYOTISTRUC,2.25,2.25,2.25,2.25,19498.0
2018-08-09 09:15:00,NSE:JYOTISTRUC,2.15,2.35,2.15,2.35,73728.0
2018-08-10 09:15:00,NSE:JYOTISTRUC,2.45,2.45,2.45,2.45,56669.0
2018-08-13 09:15:00,NSE:JYOTISTRUC,2.55,2.55,2.45,2.55,347813.0
2018-08-14 09:15:00,NSE:JYOTISTRUC,2.65,2.65,2.65,2.65,105504.0
2018-08-16 09:15:00,NSE:JYOTISTRUC,2.75,2.75,2.65,2.75,53487.0
2018-08-17 09:15:00,NSE:JYOTISTRUC,2.85,2.85,2.85,2.85,28370.0
2018-08-20 09:15:00,NSE:JYOTISTRUC,2.95,2.95,2.95,2.95,79233.0
2018-08-21 09:15:00,NSE:JYOTISTRUC,3.05,3.05,3.05,3.05,11913.0
2018-08-23 09:15:00,NSE:JYOTISTRUC,3.2,3.2,3.2,3.2,11804.0
2018-08-24 09:15:00,NSE:JYOTISTRUC,3.35,3.35,3.35,3.35,35929.0
2018-08-27 09:15:00,NSE:JYOTISTRUC,3.5,3.5,3.5,3.5,18899.0
2018-08-28 09:15:00,NSE:JYOTISTRUC,3.65,3.65,3.65,3.65,24359.0
2018-08-29 09:15:00,NSE:JYOTISTRUC,3.8,3.8,3.8,3.8,14666.0
2018-08-30 09:15:00,NSE:JYOTISTRUC,3.95,3.95,3.65,3.75,261542.0
2018-08-31 09:15:00,NSE:JYOTISTRUC,3.65,3.85,3.65,3.75,53566.0
2018-09-03 09:15:00,NSE:JYOTISTRUC,3.65,3.65,3.6,3.6,16805.0
2018-09-04 09:15:00,NSE:JYOTISTRUC,3.6,3.6,3.45,3.45,2884.0
2018-09-05 09:15:00,NSE:JYOTISTRUC,3.45,3.45,3.3,3.3,2011.0
2018-09-06 09:15:00,NSE:JYOTISTRUC,3.15,3.15,3.15,3.15,15870.0
2018-09-07 09:15:00,NSE:JYOTISTRUC,3.0,3.2,3.0,3.0,35557.0
2018-09-10 09:15:00,NSE:JYOTISTRUC,3.0,3.15,2.95,3.05,30733.0
2018-09-11 09:15:00,NSE:JYOTISTRUC,3.0,3.1,2.95,3.05,14881.0
2018-09-12 09:15:00,NSE:JYOTISTRUC,3.0,3.1,2.9,3.05,25434.0
2018-09-14 09:15:00,NSE:JYOTISTRUC,2.95,3.1,2.95,3.0,9352.0
2018-09-17 09:15:00,NSE:JYOTISTRUC,3.0,3.0,2.9,2.95,13632.0
2018-09-18 09:15:00,NSE:JYOTISTRUC,2.9,3.05,2.9,2.95,28893.0
2018-09-19 09:15:00,NSE:JYOTISTRUC,3.0,3.0,2.85,2.85,15167.0
2018-09-21 09:15:00,NSE:JYOTISTRUC,2.75,2.95,2.75,2.8,13391.0
2018-09-24 09:15:00,NSE:JYOTISTRUC,2.9,2.9,2.7,2.7,13558.0
2018-09-25 09:15:00,NSE:JYOTISTRUC,2.6,2.65,2.6,2.6,22320.0
2018-09-26 09:15:00,NSE:JYOTISTRUC,2.5,2.65,2.5,2.5,36888.0
2018-09-27 09:15:00,NSE:JYOTISTRUC,2.4,2.4,2.4,2.4,1305.0
2018-09-28 09:15:00,NSE:JYOTISTRUC,2.3,2.3,2.3,2.3,9030.0
2018-10-01 09:15:00,NSE:JYOTISTRUC,2.3,2.35,2.2,2.2,7108.0
2018-10-03 09:15:00,NSE:JYOTISTRUC,2.2,2.3,2.1,2.3,42412.0
2018-10-04 09:15:00,NSE:JYOTISTRUC,2.3,2.4,2.2,2.2,119715.0
2018-10-05 09:15:00,NSE:JYOTISTRUC,2.3,2.3,2.1,2.3,105985.0
2018-10-08 09:15:00,NSE:JYOTISTRUC,2.2,2.4,2.2,2.4,67839.0
2018-10-09 09:15:00,NSE:JYOTISTRUC,2.3,2.45,2.3,2.3,6239.0
2018-10-10 09:15:00,NSE:JYOTISTRUC,2.3,2.4,2.2,2.2,11108.0
2018-10-11 09:15:00,NSE:JYOTISTRUC,2.1,2.1,2.1,2.1,57925.0
2018-10-12 09:15:00,NSE:JYOTISTRUC,2.0,2.2,2.0,2.2,102908.0
2018-10-15 09:15:00,NSE:JYOTISTRUC,2.1,2.3,2.1,2.15,17164.0
2018-10-16 09:15:00,NSE:JYOTISTRUC,2.25,2.25,2.15,2.15,12644.0
2018-10-17 09:15:00,NSE:JYOTISTRUC,2.2,2.25,2.05,2.25,48706.0
2018-10-19 09:15:00,NSE:JYOTISTRUC,2.25,2.25,2.15,2.25,13658.0
2018-10-22 09:15:00,NSE:JYOTISTRUC,2.25,2.35,2.15,2.15,20425.0
2018-10-23 09:15:00,NSE:JYOTISTRUC,2.05,2.2,2.05,2.05,34577.0
2018-10-24 09:15:00,NSE:JYOTISTRUC,2.1,2.1,1.95,1.95,25054.0
2018-10-25 09:15:00,NSE:JYOTISTRUC,1.95,1.95,1.9,1.9,8267.0
2018-10-26 09:15:00,NSE:JYOTISTRUC,1.85,1.9,1.85,1.85,18806.0
2018-10-29 09:15:00,NSE:JYOTISTRUC,1.8,1.9,1.8,1.9,66529.0
2018-10-30 09:15:00,NSE:JYOTISTRUC,1.95,1.95,1.9,1.9,12116.0
2018-10-31 09:15:00,NSE:JYOTISTRUC,1.95,1.95,1.95,1.95,2799.0
2018-11-01 09:15:00,NSE:JYOTISTRUC,2.0,2.0,2.0,2.0,13749.0
2018-11-02 09:15:00,NSE:JYOTISTRUC,2.1,2.1,2.1,2.1,18676.0
2018-11-05 09:15:00,NSE:JYOTISTRUC,2.1,2.2,2.1,2.2,8800.0
2018-11-06 09:15:00,NSE:JYOTISTRUC,2.3,2.3,2.2,2.25,46676.0
2018-11-07 09:15:00,NSE:JYOTISTRUC,2.3,2.35,2.15,2.25,46432.0
2018-11-09 09:15:00,NSE:JYOTISTRUC,2.35,2.35,2.15,2.35,24920.0
2018-11-12 09:15:00,NSE:JYOTISTRUC,2.4,2.45,2.4,2.45,45394.0
2018-11-13 09:15:00,NSE:JYOTISTRUC,2.35,2.45,2.35,2.35,41133.0
2018-11-14 09:15:00,NSE:JYOTISTRUC,2.35,2.35,2.25,2.3,33587.0
2018-11-15 09:15:00,NSE:JYOTISTRUC,2.3,2.4,2.2,2.35,21460.0
2018-11-16 09:15:00,NSE:JYOTISTRUC,2.25,2.4,2.25,2.4,32633.0
2018-11-19 09:15:00,NSE:JYOTISTRUC,2.5,2.5,2.3,2.4,35752.0
2018-11-20 09:15:00,NSE:JYOTISTRUC,2.45,2.45,2.3,2.4,19157.0
2018-11-21 09:15:00,NSE:JYOTISTRUC,2.3,2.45,2.3,2.3,17174.0
2018-11-22 09:15:00,NSE:JYOTISTRUC,2.4,2.4,2.25,2.3,13301.0
2018-11-26 09:15:00,NSE:JYOTISTRUC,2.2,2.4,2.2,2.4,26347.0
2018-11-27 09:15:00,NSE:JYOTISTRUC,2.45,2.5,2.45,2.5,19920.0
2018-11-28 09:15:00,NSE:JYOTISTRUC,2.4,2.6,2.4,2.6,56939.0
2018-11-29 09:15:00,NSE:JYOTISTRUC,2.7,2.7,2.7,2.7,31911.0
2018-11-30 09:15:00,NSE:JYOTISTRUC,2.6,2.7,2.6,2.6,12702.0
2018-12-03 09:15:00,NSE:JYOTISTRUC,2.6,2.7,2.5,2.5,10722.0
2018-12-04 09:15:00,NSE:JYOTISTRUC,2.5,2.6,2.4,2.45,34134.0
2018-12-05 09:15:00,NSE:JYOTISTRUC,2.45,2.5,2.35,2.35,18752.0
2018-12-06 09:15:00,NSE:JYOTISTRUC,2.45,2.45,2.25,2.25,7205.0
2018-12-07 09:15:00,NSE:JYOTISTRUC,2.25,2.25,2.15,2.15,21500.0
2018-12-10 09:15:00,NSE:JYOTISTRUC,2.25,2.25,2.05,2.05,24245.0
2018-12-11 09:15:00,NSE:JYOTISTRUC,2.1,2.1,1.95,2.05,35399.0
2018-12-12 09:15:00,NSE:JYOTISTRUC,1.95,2.1,1.95,1.95,37360.0
2018-12-13 09:15:00,NSE:JYOTISTRUC,1.95,2.0,1.9,2.0,32641.0
2018-12-14 09:15:00,NSE:JYOTISTRUC,2.1,2.1,1.95,2.05,8238.0
2018-12-17 09:15:00,NSE:JYOTISTRUC,2.0,2.1,1.95,2.0,42193.0
2018-12-18 09:15:00,NSE:JYOTISTRUC,2.05,2.1,1.95,2.1,32523.0
2018-12-19 09:15:00,NSE:JYOTISTRUC,2.15,2.15,2.05,2.05,19565.0
2018-12-20 09:15:00,NSE:JYOTISTRUC,1.95,2.1,1.95,2.1,33670.0
2018-12-21 09:15:00,NSE:JYOTISTRUC,2.0,2.15,2.0,2.05,45930.0
2018-12-24 09:15:00,NSE:JYOTISTRUC,2.0,2.0,1.95,2.0,9051.0
2018-12-26 09:15:00,NSE:JYOTISTRUC,2.1,2.1,1.9,1.9,35935.0
2018-12-27 09:15:00,NSE:JYOTISTRUC,1.95,1.95,1.85,1.9,52743.0
2018-12-28 09:15:00,NSE:JYOTISTRUC,1.95,1.95,1.85,1.85,15459.0
2018-12-31 09:15:00,NSE:JYOTISTRUC,1.85,1.9,1.85,1.85,9271.0
2019-01-01 09:15:00,NSE:JYOTISTRUC,1.85,1.9,1.85,1.9,3510.0
2019-01-02 09:15:00,NSE:JYOTISTRUC,1.9,1.95,1.85,1.95,8499.0
2019-01-03 09:15:00,NSE:JYOTISTRUC,1.95,1.95,1.95,1.95,1701.0
2019-01-04 09:15:00,NSE:JYOTISTRUC,2.0,2.0,1.9,2.0,54155.0
2019-01-07 09:15:00,NSE:JYOTISTRUC,2.05,2.05,1.95,2.0,16962.0
2019-01-08 09:15:00,NSE:JYOTISTRUC,2.0,2.0,1.9,1.9,18228.0
2019-01-09 09:15:00,NSE:JYOTISTRUC,1.95,1.95,1.9,1.9,6818.0
2019-01-10 09:15:00,NSE:JYOTISTRUC,1.95,1.95,1.9,1.9,24340.0
2019-01-11 09:15:00,NSE:JYOTISTRUC,1.9,1.95,1.9,1.95,4388.0
2019-01-14 09:15:00,NSE:JYOTISTRUC,1.95,1.95,1.9,1.9,3518.0
2019-01-15 09:15:00,NSE:JYOTISTRUC,1.85,1.9,1.85,1.85,28465.0
2019-01-16 09:15:00,NSE:JYOTISTRUC,1.8,1.8,1.8,1.8,40803.0
2019-01-17 09:15:00,NSE:JYOTISTRUC,1.8,1.8,1.75,1.75,10627.0
2019-01-18 09:15:00,NSE:JYOTISTRUC,1.7,1.7,1.7,1.7,41049.0
2019-01-21 09:15:00,NSE:JYOTISTRUC,1.7,1.75,1.65,1.65,318072.0
2019-01-22 09:15:00,NSE:JYOTISTRUC,1.6,1.7,1.6,1.6,49955.0
2019-01-23 09:15:00,NSE:JYOTISTRUC,1.55,1.55,1.55,1.55,14319.0
2019-01-24 09:15:00,NSE:JYOTISTRUC,1.5,1.5,1.5,1.5,7168.0
2019-01-25 09:15:00,NSE:JYOTISTRUC,1.45,1.55,1.45,1.45,42025.0
2019-01-28 09:15:00,NSE:JYOTISTRUC,1.45,1.5,1.4,1.4,8064.0
2019-01-29 09:15:00,NSE:JYOTISTRUC,1.4,1.4,1.35,1.35,27189.0
2019-01-30 09:15:00,NSE:JYOTISTRUC,1.35,1.4,1.3,1.3,26467.0
2019-01-31 09:15:00,NSE:JYOTISTRUC,1.3,1.35,1.3,1.35,2571.0
2019-02-01 09:15:00,NSE:JYOTISTRUC,1.35,1.4,1.3,1.3,26616.0
2019-02-04 09:15:00,NSE:JYOTISTRUC,1.3,1.3,1.25,1.25,12935.0
2019-02-05 09:15:00,NSE:JYOTISTRUC,1.2,1.2,1.2,1.2,15351.0
2019-02-06 09:15:00,NSE:JYOTISTRUC,1.15,1.15,1.15,1.15,2825.0
2019-02-07 09:15:00,NSE:JYOTISTRUC,1.1,1.1,1.1,1.1,23017.0
2019-02-08 09:15:00,NSE:JYOTISTRUC,1.1,1.15,1.05,1.05,64421.0
2019-02-11 09:15:00,NSE:JYOTISTRUC,1.0,1.1,1.0,1.0,84264.0
2019-02-12 09:15:00,NSE:JYOTISTRUC,0.95,1.05,0.95,0.95,81125.0
2019-02-13 09:15:00,NSE:JYOTISTRUC,0.9,1.0,0.9,0.9,48920.0
2019-02-14 09:15:00,NSE:JYOTISTRUC,0.95,0.95,0.85,0.9,54641.0
2019-02-15 09:15:00,NSE:JYOTISTRUC,0.95,0.95,0.85,0.85,41937.0
2019-02-18 09:15:00,NSE:JYOTISTRUC,0.9,0.9,0.8,0.85,52229.0
2019-02-19 09:15:00,NSE:JYOTISTRUC,0.85,0.85,0.8,0.8,72750.0
2019-02-20 09:15:00,NSE:JYOTISTRUC,0.8,0.85,0.8,0.85,84162.0
2019-02-21 09:15:00,NSE:JYOTISTRUC,0.85,0.9,0.8,0.9,52700.0
2019-02-22 09:15:00,NSE:JYOTISTRUC,0.95,0.95,0.9,0.95,44470.0
2019-02-25 09:15:00,NSE:JYOTISTRUC,1.0,1.0,0.95,1.0,90683.0
2019-02-26 09:15:00,NSE:JYOTISTRUC,1.05,1.05,0.95,1.05,57980.0
2019-02-27 09:15:00,NSE:JYOTISTRUC,1.0,1.1,1.0,1.1,38680.0
2019-02-28 09:15:00,NSE:JYOTISTRUC,1.1,1.15,1.05,1.05,96851.0
2019-03-01 09:15:00,NSE:JYOTISTRUC,1.05,1.1,1.0,1.0,65272.0
2019-03-05 09:15:00,NSE:JYOTISTRUC,1.0,1.05,1.0,1.05,23553.0
2019-03-06 09:15:00,NSE:JYOTISTRUC,1.1,1.1,1.1,1.1,7984.0
2019-03-07 09:15:00,NSE:JYOTISTRUC,1.15,1.15,1.1,1.15,50198.0
2019-03-08 09:15:00,NSE:JYOTISTRUC,1.2,1.2,1.2,1.2,9495.0
2019-03-11 09:15:00,NSE:JYOTISTRUC,1.25,1.25,1.25,1.25,35406.0
2019-03-12 09:15:00,NSE:JYOTISTRUC,1.3,1.3,1.3,1.3,40220.0
2019-03-13 09:15:00,NSE:JYOTISTRUC,1.35,1.35,1.35,1.35,6283.0
2019-03-14 09:15:00,NSE:JYOTISTRUC,1.4,1.4,1.4,1.4,5223.0
2019-03-15 09:15:00,NSE:JYOTISTRUC,1.45,1.45,1.45,1.45,12775.0
2019-03-18 09:15:00,NSE:JYOTISTRUC,1.5,1.5,1.5,1.5,15407.0
2019-03-19 09:15:00,NSE:JYOTISTRUC,1.55,1.55,1.55,1.55,2824.0
2019-03-20 09:15:00,NSE:JYOTISTRUC,1.6,1.6,1.6,1.6,6939.0
2019-03-22 09:15:00,NSE:JYOTISTRUC,1.65,1.65,1.65,1.65,5692.0
2019-03-25 09:15:00,NSE:JYOTISTRUC,1.7,1.7,1.7,1.7,5359.0
2019-03-26 09:15:00,NSE:JYOTISTRUC,1.75,1.75,1.75,1.75,10898.0
2019-03-27 09:15:00,NSE:JYOTISTRUC,1.8,1.8,1.8,1.8,7776.0
2019-03-28 09:15:00,NSE:JYOTISTRUC,1.85,1.85,1.85,1.85,8177.0
2019-03-29 09:15:00,NSE:JYOTISTRUC,1.9,1.9,1.9,1.9,180933.0
2019-04-01 09:15:00,NSE:JYOTISTRUC,1.95,1.95,1.95,1.95,6210.0
2019-04-02 09:15:00,NSE:JYOTISTRUC,2.0,2.0,2.0,2.0,2263.0
2019-04-03 09:15:00,NSE:JYOTISTRUC,2.1,2.1,2.1,2.1,35269.0
2019-04-04 09:15:00,NSE:JYOTISTRUC,2.2,2.2,2.2,2.2,7788.0
2019-04-05 09:15:00,NSE:JYOTISTRUC,2.3,2.3,2.3,2.3,13228.0
2019-04-08 09:15:00,NSE:JYOTISTRUC,2.4,2.4,2.4,2.4,10625.0
2019-04-09 09:15:00,NSE:JYOTISTRUC,2.5,2.5,2.5,2.5,6251.0
2019-04-10 09:15:00,NSE:JYOTISTRUC,2.6,2.6,2.6,2.6,12663.0
2019-04-11 09:15:00,NSE:JYOTISTRUC,2.7,2.7,2.7,2.7,7085.0
2019-04-12 09:15:00,NSE:JYOTISTRUC,2.8,2.8,2.8,2.8,8375.0
2019-04-15 09:15:00,NSE:JYOTISTRUC,2.9,2.9,2.9,2.9,4127.0
2019-04-16 09:15:00,NSE:JYOTISTRUC,2.9,3.0,2.9,3.0,9380.0
2019-04-18 09:15:00,NSE:JYOTISTRUC,3.15,3.15,3.15,3.15,4120.0
2019-04-22 09:15:00,NSE:JYOTISTRUC,3.3,3.3,3.3,3.3,70242.0
2019-04-23 09:15:00,NSE:JYOTISTRUC,3.45,3.45,3.45,3.45,74548.0
2019-04-30 09:15:00,NSE:JYOTISTRUC,3.3,3.45,3.3,3.3,175254.0
2019-05-06 09:15:00,NSE:JYOTISTRUC,3.15,3.15,3.15,3.15,61365.0
2019-05-13 09:15:00,NSE:JYOTISTRUC,3.0,3.0,3.0,3.0,21002.0
2019-05-20 09:15:00,NSE:JYOTISTRUC,2.85,2.85,2.85,2.85,13508.0
2019-06-03 09:15:00,NSE:JYOTISTRUC,2.75,2.75,2.75,2.75,10142.0
2019-07-01 09:15:00,NSE:JYOTISTRUC,2.75,2.75,2.65,2.65,3522.0
2019-08-05 09:15:00,NSE:JYOTISTRUC,2.55,2.55,2.55,2.55,1003.0
2019-09-03 09:15:00,NSE:JYOTISTRUC,2.45,2.45,2.45,2.45,100.0
2019-10-07 09:15:00,NSE:JYOTISTRUC,2.35,2.35,2.35,2.35,15.0
2019-12-02 09:15:00,NSE:JYOTISTRUC,2.25,2.25,2.25,2.25,40100.0
2019-12-23 09:15:00,NSE:JYOTISTRUC,2.15,2.15,2.15,2.15,5056.0
2020-01-06 09:15:00,NSE:JYOTISTRUC,2.05,2.05,2.05,2.05,110.0
2020-01-13 09:15:00,NSE:JYOTISTRUC,1.95,1.95,1.95,1.95,106411.0
2020-01-20 09:15:00,NSE:JYOTISTRUC,1.9,1.9,1.9,1.9,2157.0
2020-01-27 09:15:00,NSE:JYOTISTRUC,1.85,1.85,1.85,1.85,2028.0
2020-02-03 09:15:00,NSE:JYOTISTRUC,1.8,1.8,1.8,1.8,28100.0
2020-02-10 09:15:00,NSE:JYOTISTRUC,1.75,1.75,1.75,1.75,272629.0
2020-02-17 09:15:00,NSE:JYOTISTRUC,1.7,1.75,1.7,1.7,78002.0
2020-02-24 09:15:00,NSE:JYOTISTRUC,1.65,1.7,1.65,1.65,33986.0
2020-03-02 09:15:00,NSE:JYOTISTRUC,1.6,1.65,1.6,1.6,86690.0
2020-03-09 09:15:00,NSE:JYOTISTRUC,1.6,1.65,1.6,1.65,151790.0
2020-03-11 09:15:00,NSE:JYOTISTRUC,1.6,1.7,1.6,1.65,27821.0
2020-03-12 09:15:00,NSE:JYOTISTRUC,1.6,1.7,1.6,1.6,162302.0
2020-03-13 09:15:00,NSE:JYOTISTRUC,1.55,1.6,1.55,1.55,64006.0
2020-03-16 09:15:00,NSE:JYOTISTRUC,1.5,1.6,1.5,1.6,43894.0
2020-03-17 09:15:00,NSE:JYOTISTRUC,1.65,1.65,1.55,1.65,146047.0
2020-03-18 09:15:00,NSE:JYOTISTRUC,1.6,1.7,1.6,1.7,16293.0
2020-03-19 09:15:00,NSE:JYOTISTRUC,1.65,1.75,1.65,1.7,187185.0
2020-03-20 09:15:00,NSE:JYOTISTRUC,1.7,1.75,1.65,1.65,77925.0
2020-03-23 09:15:00,NSE:JYOTISTRUC,1.6,1.6,1.6,1.6,2004.0
2020-03-24 09:15:00,NSE:JYOTISTRUC,1.55,1.55,1.55,1.55,2505.0
2020-03-25 09:15:00,NSE:JYOTISTRUC,1.5,1.5,1.5,1.5,1320.0
2020-03-26 09:15:00,NSE:JYOTISTRUC,1.45,1.45,1.45,1.45,1905.0
2020-03-27 09:15:00,NSE:JYOTISTRUC,1.4,1.4,1.4,1.4,1105.0
2020-03-30 09:15:00,NSE:JYOTISTRUC,1.35,1.35,1.35,1.35,7749.0
2020-03-31 09:15:00,NSE:JYOTISTRUC,1.3,1.3,1.3,1.3,14011.0
2020-04-01 09:15:00,NSE:JYOTISTRUC,1.25,1.25,1.25,1.25,4156.0
2020-04-03 09:15:00,NSE:JYOTISTRUC,1.2,1.2,1.2,1.2,42979.0
2020-04-07 09:15:00,NSE:JYOTISTRUC,1.2,1.25,1.15,1.2,57180.0
2020-04-08 09:15:00,NSE:JYOTISTRUC,1.15,1.25,1.15,1.25,34642.0
2020-04-09 09:15:00,NSE:JYOTISTRUC,1.2,1.3,1.2,1.25,20428.0
2020-04-13 09:15:00,NSE:JYOTISTRUC,1.2,1.3,1.2,1.3,4091.0
2020-04-15 09:15:00,NSE:JYOTISTRUC,1.35,1.35,1.35,1.35,9481.0
2020-04-16 09:15:00,NSE:JYOTISTRUC,1.4,1.4,1.4,1.4,3519.0
2020-04-17 09:15:00,NSE:JYOTISTRUC,1.45,1.45,1.45,1.45,4519.0
2020-04-20 09:15:00,NSE:JYOTISTRUC,1.5,1.5,1.5,1.5,98224.0
2020-04-21 09:15:00,NSE:JYOTISTRUC,1.55,1.55,1.5,1.55,65751.0
2020-04-22 09:15:00,NSE:JYOTISTRUC,1.6,1.6,1.6,1.6,5164.0
2020-04-23 09:15:00,NSE:JYOTISTRUC,1.65,1.65,1.6,1.65,132879.0
2020-04-24 09:15:00,NSE:JYOTISTRUC,1.65,1.7,1.6,1.7,23460.0
2020-04-27 09:15:00,NSE:JYOTISTRUC,1.7,1.75,1.65,1.65,26196.0
2020-04-28 09:15:00,NSE:JYOTISTRUC,1.65,1.7,1.6,1.65,10278.0
2020-04-29 09:15:00,NSE:JYOTISTRUC,1.65,1.7,1.6,1.6,59460.0
2020-04-30 09:15:00,NSE:JYOTISTRUC,1.55,1.55,1.55,1.55,39848.0
2020-05-04 09:15:00,NSE:JYOTISTRUC,1.5,1.55,1.5,1.5,74010.0
2020-05-05 09:15:00,NSE:JYOTISTRUC,1.45,1.45,1.45,1.45,11960.0
2020-05-06 09:15:00,NSE:JYOTISTRUC,1.4,1.45,1.4,1.4,28339.0
2020-05-07 09:15:00,NSE:JYOTISTRUC,1.4,1.4,1.35,1.35,1125.0
2020-05-08 09:15:00,NSE:JYOTISTRUC,1.35,1.4,1.3,1.3,46656.0
2020-05-11 09:15:00,NSE:JYOTISTRUC,1.3,1.3,1.25,1.25,34727.0
2020-05-12 09:15:00,NSE:JYOTISTRUC,1.25,1.3,1.2,1.3,59142.0
2020-05-13 09:15:00,NSE:JYOTISTRUC,1.35,1.35,1.25,1.35,82520.0
2020-05-14 09:15:00,NSE:JYOTISTRUC,1.4,1.4,1.3,1.4,185694.0
2020-05-15 09:15:00,NSE:JYOTISTRUC,1.45,1.45,1.4,1.45,156496.0
2020-05-18 09:15:00,NSE:JYOTISTRUC,1.5,1.5,1.5,1.5,7373.0
2020-05-19 09:15:00,NSE:JYOTISTRUC,1.55,1.55,1.55,1.55,107848.0
2020-05-20 09:15:00,NSE:JYOTISTRUC,1.6,1.6,1.6,1.6,18549.0
2020-05-21 09:15:00,NSE:JYOTISTRUC,1.65,1.65,1.65,1.65,7937.0
2020-05-22 09:15:00,NSE:JYOTISTRUC,1.65,1.7,1.65,1.65,52384.0
2020-05-26 09:15:00,NSE:JYOTISTRUC,1.6,1.7,1.6,1.7,39294.0
2020-05-27 09:15:00,NSE:JYOTISTRUC,1.75,1.75,1.75,1.75,2981.0
2020-05-28 09:15:00,NSE:JYOTISTRUC,1.8,1.8,1.8,1.8,3912.0
2020-05-29 09:15:00,NSE:JYOTISTRUC,1.85,1.85,1.85,1.85,7226.0
2020-06-01 09:15:00,NSE:JYOTISTRUC,1.9,1.9,1.9,1.9,6995.0
2020-06-02 09:15:00,NSE:JYOTISTRUC,1.95,1.95,1.95,1.95,8531.0
2020-06-03 09:15:00,NSE:JYOTISTRUC,2.0,2.0,2.0,2.0,3458.0
2020-06-04 09:15:00,NSE:JYOTISTRUC,2.1,2.1,2.1,2.1,6656.0
2020-06-05 09:15:00,NSE:JYOTISTRUC,2.2,2.2,2.2,2.2,16272.0
2020-06-08 09:15:00,NSE:JYOTISTRUC,2.3,2.3,2.3,2.3,2622.0
2020-06-09 09:15:00,NSE:JYOTISTRUC,2.4,2.4,2.4,2.4,4038.0
2020-06-10 09:15:00,NSE:JYOTISTRUC,2.5,2.5,2.5,2.5,2326.0
2020-06-15 09:15:00,NSE:JYOTISTRUC,2.6,2.6,2.6,2.6,207473.0
2020-06-22 09:15:00,NSE:JYOTISTRUC,2.6,2.6,2.6,2.6,12643.0
2020-06-29 09:15:00,NSE:JYOTISTRUC,2.6,2.6,2.55,2.6,59149.0
2020-07-06 09:15:00,NSE:JYOTISTRUC,2.6,2.6,2.5,2.6,102000.0
2020-07-13 09:15:00,NSE:JYOTISTRUC,2.5,2.5,2.5,2.5,130206.0
2020-07-20 09:15:00,NSE:JYOTISTRUC,2.4,2.5,2.4,2.4,214259.0
2020-07-27 09:15:00,NSE:JYOTISTRUC,2.3,2.3,2.3,2.3,15000.0
2020-08-10 09:15:00,NSE:JYOTISTRUC,2.2,2.2,2.2,2.2,30100.0
2020-08-17 09:15:00,NSE:JYOTISTRUC,2.2,2.25,2.1,2.1,42290.0
2020-08-24 09:15:00,NSE:JYOTISTRUC,2.1,2.2,2.0,2.0,50328.0
2020-08-31 09:15:00,NSE:JYOTISTRUC,1.9,2.0,1.9,2.0,40225.0
2020-09-07 09:15:00,NSE:JYOTISTRUC,2.0,2.1,1.9,2.1,31161.0
2020-09-14 09:15:00,NSE:JYOTISTRUC,2.1,2.2,2.0,2.2,78540.0
2020-09-15 09:15:00,NSE:JYOTISTRUC,2.25,2.3,2.25,2.3,67660.0
2020-09-16 09:15:00,NSE:JYOTISTRUC,2.4,2.4,2.4,2.4,16149.0
2020-09-17 09:15:00,NSE:JYOTISTRUC,2.5,2.5,2.5,2.5,16423.0
2020-09-18 09:15:00,NSE:JYOTISTRUC,2.6,2.6,2.6,2.6,60476.0
2020-09-21 09:15:00,NSE:JYOTISTRUC,2.7,2.7,2.7,2.7,18594.0
2020-09-22 09:15:00,NSE:JYOTISTRUC,2.8,2.8,2.8,2.8,5790.0
2020-09-23 09:15:00,NSE:JYOTISTRUC,2.9,2.9,2.9,2.9,21843.0
2020-09-24 09:15:00,NSE:JYOTISTRUC,3.0,3.0,3.0,3.0,139272.0
2020-09-25 09:15:00,NSE:JYOTISTRUC,3.15,3.15,3.15,3.15,15340.0
2020-09-28 09:15:00,NSE:JYOTISTRUC,3.3,3.3,3.3,3.3,5584.0
2020-09-29 09:15:00,NSE:JYOTISTRUC,3.45,3.45,3.45,3.45,2737.0
2020-09-30 09:15:00,NSE:JYOTISTRUC,3.6,3.6,3.6,3.6,1925.0
2020-10-01 09:15:00,NSE:JYOTISTRUC,3.75,3.75,3.75,3.75,35009.0
2020-10-05 09:15:00,NSE:JYOTISTRUC,3.9,3.9,3.9,3.9,21988.0
2020-10-06 09:15:00,NSE:JYOTISTRUC,4.05,4.05,4.05,4.05,28920.0
2020-10-07 09:15:00,NSE:JYOTISTRUC,4.25,4.25,4.25,4.25,8100.0
2020-10-08 09:15:00,NSE:JYOTISTRUC,4.45,4.45,4.45,4.45,21767.0
2020-10-09 09:15:00,NSE:JYOTISTRUC,4.65,4.65,4.25,4.25,418337.0
2020-10-12 09:15:00,NSE:JYOTISTRUC,4.05,4.05,4.05,4.05,117724.0
2020-10-13 09:15:00,NSE:JYOTISTRUC,3.85,3.85,3.85,3.85,229589.0
2020-10-14 09:15:00,NSE:JYOTISTRUC,3.7,3.7,3.7,3.7,73708.0
2020-10-15 09:15:00,NSE:JYOTISTRUC,3.55,3.55,3.55,3.55,45387.0
2020-10-16 09:15:00,NSE:JYOTISTRUC,3.4,3.4,3.4,3.4,12761.0
2020-10-19 09:15:00,NSE:JYOTISTRUC,3.25,3.25,3.25,3.25,17449.0
2020-10-20 09:15:00,NSE:JYOTISTRUC,3.1,3.1,3.1,3.1,23952.0
2020-10-21 09:15:00,NSE:JYOTISTRUC,2.95,2.95,2.95,2.95,206528.0
2020-10-22 09:15:00,NSE:JYOTISTRUC,2.85,3.05,2.85,3.05,453033.0
2020-10-23 09:15:00,NSE:JYOTISTRUC,3.2,3.2,3.2,3.2,7844.0
2020-10-26 09:15:00,NSE:JYOTISTRUC,3.35,3.35,3.05,3.05,74981.0
2020-10-27 09:15:00,NSE:JYOTISTRUC,3.2,3.2,2.9,3.2,58787.0
2020-10-28 09:15:00,NSE:JYOTISTRUC,3.35,3.35,3.05,3.05,47030.0
2020-10-29 09:15:00,NSE:JYOTISTRUC,2.9,3.2,2.9,3.0,81458.0
2020-10-30 09:15:00,NSE:JYOTISTRUC,2.9,3.15,2.9,3.15,45993.0
2020-11-02 09:15:00,NSE:JYOTISTRUC,3.3,3.3,3.0,3.2,29428.0
2020-11-03 09:15:00,NSE:JYOTISTRUC,3.35,3.35,3.35,3.35,4190.0
2020-11-04 09:15:00,NSE:JYOTISTRUC,3.5,3.5,3.5,3.5,11400.0
2020-11-05 09:15:00,NSE:JYOTISTRUC,3.65,3.65,3.65,3.65,17026.0
2020-11-06 09:15:00,NSE:JYOTISTRUC,3.8,3.8,3.8,3.8,4782.0
2020-11-09 09:15:00,NSE:JYOTISTRUC,3.95,3.95,3.65,3.75,246447.0
2020-11-10 09:15:00,NSE:JYOTISTRUC,3.75,3.8,3.6,3.6,149262.0
2020-11-11 09:15:00,NSE:JYOTISTRUC,3.6,3.6,3.45,3.45,28058.0
2020-11-12 09:15:00,NSE:JYOTISTRUC,3.3,3.3,3.3,3.3,7701.0
2020-11-13 09:15:00,NSE:JYOTISTRUC,3.3,3.45,3.15,3.35,50375.0
2020-11-14 18:00:00,NSE:JYOTISTRUC,3.5,3.5,3.45,3.5,35185.0
2020-11-17 09:15:00,NSE:JYOTISTRUC,3.35,3.65,3.35,3.65,37298.0
2020-11-18 09:15:00,NSE:JYOTISTRUC,3.8,3.8,3.5,3.65,75194.0
2020-11-19 09:15:00,NSE:JYOTISTRUC,3.5,3.75,3.5,3.5,25424.0
2020-11-20 09:15:00,NSE:JYOTISTRUC,3.65,3.65,3.35,3.35,108749.0
2020-11-23 09:15:00,NSE:JYOTISTRUC,3.2,3.5,3.2,3.5,105089.0
2020-11-24 09:15:00,NSE:JYOTISTRUC,3.35,3.65,3.35,3.55,76843.0
2020-11-25 09:15:00,NSE:JYOTISTRUC,3.7,3.7,3.4,3.6,68775.0
2020-11-26 09:15:00,NSE:JYOTISTRUC,3.6,3.65,3.45,3.45,39898.0
2020-11-27 09:15:00,NSE:JYOTISTRUC,3.55,3.6,3.4,3.5,107953.0
2020-12-01 09:15:00,NSE:JYOTISTRUC,3.5,3.65,3.35,3.6,81691.0
2020-12-02 09:15:00,NSE:JYOTISTRUC,3.7,3.75,3.55,3.75,203314.0
2020-12-03 09:15:00,NSE:JYOTISTRUC,3.9,3.9,3.75,3.9,79019.0
2020-12-04 09:15:00,NSE:JYOTISTRUC,4.05,4.05,3.75,3.8,92747.0
2020-12-07 09:15:00,NSE:JYOTISTRUC,3.95,3.95,3.65,3.95,54391.0
2020-12-08 09:15:00,NSE:JYOTISTRUC,3.8,4.1,3.8,3.95,138275.0
2020-12-09 09:15:00,NSE:JYOTISTRUC,3.95,4.1,3.8,4.1,72311.0
2020-12-10 09:15:00,NSE:JYOTISTRUC,4.1,4.25,3.9,4.2,117606.0
2020-12-11 09:15:00,NSE:JYOTISTRUC,4.35,4.4,4.2,4.4,133798.0
2020-12-14 09:15:00,NSE:JYOTISTRUC,4.6,4.6,4.5,4.6,75827.0
2020-12-15 09:15:00,NSE:JYOTISTRUC,4.8,4.8,4.65,4.8,58058.0
2020-12-16 09:15:00,NSE:JYOTISTRUC,5.0,5.0,5.0,5.0,24239.0
2020-12-17 09:15:00,NSE:JYOTISTRUC,5.25,5.25,5.25,5.25,14629.0
2020-12-18 09:15:00,NSE:JYOTISTRUC,5.5,5.5,5.0,5.15,235229.0
2020-12-21 09:15:00,NSE:JYOTISTRUC,5.4,5.4,4.9,4.9,208461.0
2020-12-22 09:15:00,NSE:JYOTISTRUC,4.75,5.1,4.7,5.0,100217.0
2020-12-23 09:15:00,NSE:JYOTISTRUC,5.25,5.25,4.8,5.25,55289.0
2020-12-24 09:15:00,NSE:JYOTISTRUC,5.5,5.5,5.0,5.3,88671.0
2020-12-28 09:15:00,NSE:JYOTISTRUC,5.45,5.55,5.05,5.5,209188.0
2020-12-29 09:15:00,NSE:JYOTISTRUC,5.7,5.75,5.25,5.75,261965.0
2020-12-30 09:15:00,NSE:JYOTISTRUC,6.0,6.0,5.8,6.0,254758.0
2020-12-31 09:15:00,NSE:JYOTISTRUC,6.3,6.3,6.3,6.3,49292.0
2021-01-01 09:15:00,NSE:JYOTISTRUC,6.6,6.6,6.6,6.6,40787.0
2021-01-04 09:15:00,NSE:JYOTISTRUC,6.9,6.9,6.9,6.9,55284.0
2021-01-05 09:15:00,NSE:JYOTISTRUC,7.2,7.2,7.2,7.2,30490.0
2021-01-06 09:15:00,NSE:JYOTISTRUC,7.55,7.55,7.55,7.55,132724.0
2021-01-07 09:15:00,NSE:JYOTISTRUC,7.9,7.9,7.9,7.9,204700.0
2021-01-08 09:15:00,NSE:JYOTISTRUC,8.25,8.25,7.55,7.55,396981.0
2021-01-18 09:15:00,NSE:JYOTISTRUC,7.2,7.2,7.2,7.2,335260.0
2021-01-25 09:15:00,NSE:JYOTISTRUC,6.85,6.85,6.85,6.85,1051.0
2021-02-01 09:15:00,NSE:JYOTISTRUC,6.55,6.55,6.55,6.55,105700.0
2021-02-08 09:15:00,NSE:JYOTISTRUC,6.25,6.25,6.25,6.25,25200.0
2021-02-09 09:15:00,NSE:JYOTISTRUC,5.95,5.95,5.95,5.95,1200.0
2021-02-11 09:15:00,NSE:JYOTISTRUC,5.7,5.7,5.7,5.7,500.0
2021-02-15 09:15:00,NSE:JYOTISTRUC,5.45,5.45,5.45,5.45,1000.0
2021-02-18 09:15:00,NSE:JYOTISTRUC,5.2,5.2,5.2,5.2,525.0
2021-02-23 09:15:00,NSE:JYOTISTRUC,4.95,4.95,4.95,4.95,500.0
2021-02-25 09:15:00,NSE:JYOTISTRUC,4.75,4.75,4.75,4.75,100.0
2021-02-26 09:15:00,NSE:JYOTISTRUC,4.55,4.55,4.55,4.55,100.0
2021-03-01 09:15:00,NSE:JYOTISTRUC,4.55,4.55,4.55,4.55,100.0
2021-03-02 09:15:00,NSE:JYOTISTRUC,4.45,4.65,4.35,4.4,110316.0
2021-03-03 09:15:00,NSE:JYOTISTRUC,4.2,4.6,4.2,4.55,163748.0
2021-03-04 09:15:00,NSE:JYOTISTRUC,4.35,4.75,4.35,4.7,44958.0
2021-03-05 09:15:00,NSE:JYOTISTRUC,4.5,4.9,4.5,4.75,59977.0
2021-03-08 09:15:00,NSE:JYOTISTRUC,4.9,4.95,4.55,4.55,598362.0
2021-03-09 09:15:00,NSE:JYOTISTRUC,4.7,4.75,4.35,4.4,569948.0
2021-03-10 09:15:00,NSE:JYOTISTRUC,4.25,4.6,4.2,4.2,574842.0
2021-03-12 09:15:00,NSE:JYOTISTRUC,4.4,4.4,4.0,4.0,103255.0
2021-03-15 09:15:00,NSE:JYOTISTRUC,4.0,4.2,3.8,3.95,85903.0
2021-03-16 09:15:00,NSE:JYOTISTRUC,3.8,4.1,3.8,4.0,75116.0
2021-03-17 09:15:00,NSE:JYOTISTRUC,4.2,4.2,3.8,4.0,151625.0
2021-03-18 09:15:00,NSE:JYOTISTRUC,4.2,4.2,3.85,4.05,73991.0
2021-03-19 09:15:00,NSE:JYOTISTRUC,4.25,4.25,3.9,4.0,264361.0
2021-03-22 09:15:00,NSE:JYOTISTRUC,3.9,4.2,3.9,4.15,35447.0
2021-03-23 09:15:00,NSE:JYOTISTRUC,4.15,4.2,3.95,4.05,55135.0
2021-03-24 09:15:00,NSE:JYOTISTRUC,3.95,4.25,3.95,4.25,43613.0
2021-03-25 09:15:00,NSE:JYOTISTRUC,4.1,4.45,4.1,4.4,134284.0
2021-03-26 09:15:00,NSE:JYOTISTRUC,4.2,4.6,4.2,4.55,35143.0
2021-03-30 09:15:00,NSE:JYOTISTRUC,4.35,4.75,4.35,4.75,235356.0
2021-03-31 09:15:00,NSE:JYOTISTRUC,4.95,4.95,4.55,4.9,69788.0
2021-04-01 09:15:00,NSE:JYOTISTRUC,4.9,5.1,4.75,5.1,155180.0
2021-04-05 09:15:00,NSE:JYOTISTRUC,5.35,5.35,5.0,5.35,132722.0
2021-04-06 09:15:00,NSE:JYOTISTRUC,5.6,5.6,5.5,5.6,73906.0
2021-04-07 09:15:00,NSE:JYOTISTRUC,5.8,5.85,5.8,5.85,89398.0
2021-04-08 09:15:00,NSE:JYOTISTRUC,6.1,6.1,6.1,6.1,43298.0
2021-04-09 09:15:00,NSE:JYOTISTRUC,6.4,6.4,6.4,6.4,16538.0
2021-04-12 09:15:00,NSE:JYOTISTRUC,6.7,6.7,6.1,6.7,427943.0
2021-04-13 09:15:00,NSE:JYOTISTRUC,7.0,7.0,7.0,7.0,72664.0
2021-04-15 09:15:00,NSE:JYOTISTRUC,7.35,7.35,6.85,7.15,155379.0
2021-04-16 09:15:00,NSE:JYOTISTRUC,6.8,7.45,6.8,7.3,105509.0
2021-04-19 09:15:00,NSE:JYOTISTRUC,6.95,6.95,6.95,6.95,3600.0
2021-04-20 09:15:00,NSE:JYOTISTRUC,6.95,6.95,6.65,6.65,58052.0
2021-04-22 09:15:00,NSE:JYOTISTRUC,6.35,6.95,6.35,6.35,37760.0
2021-04-23 09:15:00,NSE:JYOTISTRUC,6.15,6.4,6.05,6.1,41236.0
2021-04-26 09:15:00,NSE:JYOTISTRUC,5.8,6.2,5.8,6.0,50535.0
2021-04-27 09:15:00,NSE:JYOTISTRUC,6.0,6.0,5.7,5.8,48074.0
2021-04-28 09:15:00,NSE:JYOTISTRUC,5.55,5.95,5.55,5.6,25853.0
2021-04-29 09:15:00,NSE:JYOTISTRUC,5.35,5.85,5.35,5.5,21078.0
2021-04-30 09:15:00,NSE:JYOTISTRUC,5.25,5.6,5.25,5.25,28775.0
2021-05-03 09:15:00,NSE:JYOTISTRUC,5.0,5.15,5.0,5.0,10561.0
2021-05-04 09:15:00,NSE:JYOTISTRUC,4.75,5.05,4.75,4.75,33454.0
2021-05-05 09:15:00,NSE:JYOTISTRUC,4.55,4.95,4.55,4.8,37146.0
2021-05-06 09:15:00,NSE:JYOTISTRUC,4.65,5.0,4.6,5.0,30770.0
2021-05-07 09:15:00,NSE:JYOTISTRUC,5.0,5.05,4.75,4.8,10350.0
2021-05-10 09:15:00,NSE:JYOTISTRUC,4.6,4.6,4.6,4.6,27340.0
2021-05-11 09:15:00,NSE:JYOTISTRUC,4.4,4.6,4.4,4.4,42971.0
2021-05-12 09:15:00,NSE:JYOTISTRUC,4.2,4.6,4.2,4.6,33131.0
2021-05-14 09:15:00,NSE:JYOTISTRUC,4.5,4.8,4.5,4.8,8756.0
2021-05-17 09:15:00,NSE:JYOTISTRUC,4.7,5.0,4.6,5.0,40562.0
2021-05-18 09:15:00,NSE:JYOTISTRUC,5.0,5.2,4.75,4.8,28125.0
2021-05-19 09:15:00,NSE:JYOTISTRUC,4.65,5.0,4.65,4.75,22133.0
2021-05-20 09:15:00,NSE:JYOTISTRUC,4.6,4.9,4.6,4.85,13959.0
2021-05-21 09:15:00,NSE:JYOTISTRUC,4.7,5.05,4.7,4.7,62738.0
2021-05-24 09:15:00,NSE:JYOTISTRUC,4.55,4.7,4.5,4.5,38700.0
2021-05-25 09:15:00,NSE:JYOTISTRUC,4.4,4.5,4.3,4.5,42829.0
2021-05-26 09:15:00,NSE:JYOTISTRUC,4.35,4.6,4.3,4.35,64526.0
2021-05-27 09:15:00,NSE:JYOTISTRUC,4.2,4.55,4.15,4.55,28852.0
2021-05-28 09:15:00,NSE:JYOTISTRUC,4.5,4.7,4.35,4.4,83035.0
2021-05-31 09:15:00,NSE:JYOTISTRUC,4.5,4.6,4.5,4.6,13857.0
2021-06-01 09:15:00,NSE:JYOTISTRUC,4.6,4.8,4.55,4.8,16052.0
2021-06-02 09:15:00,NSE:JYOTISTRUC,4.65,5.0,4.6,5.0,49813.0
2021-06-03 09:15:00,NSE:JYOTISTRUC,4.8,5.25,4.8,5.25,39790.0
2021-06-04 09:15:00,NSE:JYOTISTRUC,5.0,5.4,5.0,5.0,30979.0
2021-06-07 09:15:00,NSE:JYOTISTRUC,4.75,5.25,4.75,4.75,43293.0
2021-06-08 09:15:00,NSE:JYOTISTRUC,4.95,4.95,4.55,4.9,63422.0
2021-06-09 09:15:00,NSE:JYOTISTRUC,5.1,5.1,4.7,5.05,67621.0
2021-06-10 09:15:00,NSE:JYOTISTRUC,5.05,5.3,4.9,5.3,72288.0
2021-06-11 09:15:00,NSE:JYOTISTRUC,5.25,5.55,5.15,5.55,184097.0
2021-06-14 09:15:00,NSE:JYOTISTRUC,5.7,5.8,5.45,5.8,155942.0
2021-06-15 09:15:00,NSE:JYOTISTRUC,6.0,6.05,6.0,6.05,133752.0
2021-06-16 09:15:00,NSE:JYOTISTRUC,6.05,6.35,5.75,6.15,472485.0
2021-06-17 09:15:00,NSE:JYOTISTRUC,6.3,6.4,5.85,5.85,97283.0
2021-06-18 09:15:00,NSE:JYOTISTRUC,5.9,5.9,5.6,5.6,82423.0
2021-06-21 09:15:00,NSE:JYOTISTRUC,5.75,5.85,5.35,5.85,92978.0
2021-06-22 09:15:00,NSE:JYOTISTRUC,6.1,6.1,5.8,6.1,139469.0
2021-06-23 09:15:00,NSE:JYOTISTRUC,6.3,6.4,6.3,6.4,27562.0
2021-06-24 09:15:00,NSE:JYOTISTRUC,6.6,6.7,6.6,6.7,21522.0
2021-06-25 09:15:00,NSE:JYOTISTRUC,7.0,7.0,7.0,7.0,28415.0
2021-06-28 09:15:00,NSE:JYOTISTRUC,7.35,7.35,7.35,7.35,23627.0
2021-06-29 09:15:00,NSE:JYOTISTRUC,7.7,7.7,7.7,7.7,20287.0
2021-06-30 09:15:00,NSE:JYOTISTRUC,8.05,8.05,8.05,8.05,30752.0
2021-07-01 09:15:00,NSE:JYOTISTRUC,8.45,8.45,8.45,8.45,28068.0
2021-07-02 09:15:00,NSE:JYOTISTRUC,8.85,8.85,8.85,8.85,265446.0
2021-07-05 09:15:00,NSE:JYOTISTRUC,9.25,9.25,9.25,9.25,25386.0
2021-07-06 09:15:00,NSE:JYOTISTRUC,9.7,9.7,8.8,9.0,779057.0
2021-07-07 09:15:00,NSE:JYOTISTRUC,8.9,9.45,8.55,9.45,442948.0
2021-07-08 09:15:00,NSE:JYOTISTRUC,9.9,9.9,9.9,9.9,63592.0
2021-07-09 09:15:00,NSE:JYOTISTRUC,10.35,10.35,10.35,10.35,63897.0
2021-07-12 09:15:00,NSE:JYOTISTRUC,10.85,10.85,9.85,10.0,811378.0
2021-07-13 09:15:00,NSE:JYOTISTRUC,10.0,10.5,9.5,9.7,248258.0
2021-07-14 09:15:00,NSE:JYOTISTRUC,9.7,10.0,9.25,9.25,157584.0
2021-07-15 09:15:00,NSE:JYOTISTRUC,8.85,9.5,8.8,8.8,110042.0
2021-07-16 09:15:00,NSE:JYOTISTRUC,8.4,8.4,8.4,8.4,275662.0
2021-07-19 09:15:00,NSE:JYOTISTRUC,8.65,8.8,8.0,8.8,153724.0
2021-07-20 09:15:00,NSE:JYOTISTRUC,8.5,9.2,8.5,9.2,197058.0
