datetime,symbol,open,high,low,close,volume
2018-07-16 14:00:00,NSE:STERTOOLS,334.0,336.0,334.0,334.1,368.0
2018-07-16 15:00:00,NSE:STERTOOLS,334.1,335.95,330.3,330.3,2112.0
2018-07-17 09:00:00,NSE:STERTOOLS,340.0,340.0,330.3,333.0,207.0
2018-07-17 10:00:00,NSE:STERTOOLS,333.0,334.35,327.0,332.45,842.0
2018-07-17 11:00:00,NSE:STERTOOLS,330.05,331.4,328.0,328.5,936.0
2018-07-17 12:00:00,NSE:STERTOOLS,330.8,330.8,328.0,328.0,195.0
2018-07-17 13:00:00,NSE:STERTOOLS,329.75,330.8,328.0,330.8,528.0
2018-07-17 14:00:00,NSE:STERTOOLS,328.15,332.9,328.15,332.7,572.0
2018-07-17 15:00:00,NSE:STERTOOLS,333.8,333.8,329.6,329.6,1155.0
2018-07-18 09:00:00,NSE:STERTOOLS,329.7,329.7,326.0,328.0,922.0
2018-07-18 10:00:00,NSE:STERTOOLS,328.0,330.55,328.0,328.0,189.0
2018-07-18 11:00:00,NSE:STERTOOLS,332.95,332.95,332.95,332.95,105.0
2018-07-18 12:00:00,NSE:STERTOOLS,332.0,332.0,328.1,331.5,275.0
2018-07-18 13:00:00,NSE:STERTOOLS,328.1,330.95,328.1,330.9,26.0
2018-07-18 14:00:00,NSE:STERTOOLS,328.1,328.1,328.0,328.0,2048.0
2018-07-18 15:00:00,NSE:STERTOOLS,329.95,330.0,325.5,325.5,1149.0
2018-07-19 09:00:00,NSE:STERTOOLS,337.65,337.65,332.0,332.8,183.0
2018-07-19 10:00:00,NSE:STERTOOLS,329.0,329.0,327.0,328.95,1146.0
2018-07-19 11:00:00,NSE:STERTOOLS,327.0,327.0,327.0,327.0,330.0
2018-07-19 12:00:00,NSE:STERTOOLS,328.85,328.85,327.2,327.2,101.0
2018-07-19 13:00:00,NSE:STERTOOLS,327.0,327.0,325.0,325.0,216.0
2018-07-19 14:00:00,NSE:STERTOOLS,325.0,328.95,325.0,328.0,106.0
2018-07-19 15:00:00,NSE:STERTOOLS,328.9,329.0,327.05,329.0,554.0
2018-07-20 09:00:00,NSE:STERTOOLS,325.0,331.95,321.05,326.85,1048.0
2018-07-20 10:00:00,NSE:STERTOOLS,324.0,328.85,324.0,324.05,914.0
2018-07-20 11:00:00,NSE:STERTOOLS,324.05,327.65,324.05,324.25,342.0
2018-07-20 12:00:00,NSE:STERTOOLS,324.2,326.7,324.2,326.0,595.0
2018-07-20 13:00:00,NSE:STERTOOLS,325.0,326.75,325.0,326.75,378.0
2018-07-20 14:00:00,NSE:STERTOOLS,326.3,326.5,325.0,326.5,350.0
2018-07-20 15:00:00,NSE:STERTOOLS,325.1,328.9,320.2,320.2,4495.0
2018-07-23 09:00:00,NSE:STERTOOLS,321.8,324.95,321.8,324.9,99.0
2018-07-23 10:00:00,NSE:STERTOOLS,324.9,324.9,322.0,322.0,1091.0
2018-07-23 11:00:00,NSE:STERTOOLS,322.0,324.8,322.0,322.15,661.0
2018-07-23 12:00:00,NSE:STERTOOLS,322.15,323.0,317.1,317.25,1501.0
2018-07-23 13:00:00,NSE:STERTOOLS,318.0,321.5,318.0,321.0,297.0
2018-07-23 14:00:00,NSE:STERTOOLS,321.1,323.0,321.05,321.25,132.0
2018-07-23 15:00:00,NSE:STERTOOLS,321.1,330.0,321.1,330.0,739.0
2018-07-24 09:00:00,NSE:STERTOOLS,315.35,324.7,315.35,323.0,2648.0
2018-07-24 10:00:00,NSE:STERTOOLS,323.0,325.0,319.5,325.0,626.0
2018-07-24 11:00:00,NSE:STERTOOLS,325.9,330.5,321.85,326.0,719.0
2018-07-24 12:00:00,NSE:STERTOOLS,326.0,327.9,319.0,322.0,2119.0
2018-07-24 13:00:00,NSE:STERTOOLS,325.0,325.95,320.15,325.0,71.0
2018-07-24 14:00:00,NSE:STERTOOLS,324.85,326.0,321.0,321.0,479.0
2018-07-24 15:00:00,NSE:STERTOOLS,323.9,323.9,321.0,321.0,401.0
2018-07-25 09:00:00,NSE:STERTOOLS,329.0,329.0,327.85,328.0,366.0
2018-07-25 10:00:00,NSE:STERTOOLS,326.6,327.0,319.25,321.9,590.0
2018-07-25 11:00:00,NSE:STERTOOLS,321.9,321.9,320.0,321.7,299.0
2018-07-25 12:00:00,NSE:STERTOOLS,320.05,321.95,320.05,321.85,176.0
2018-07-25 13:00:00,NSE:STERTOOLS,321.3,321.9,318.0,319.0,505.0
2018-07-25 14:00:00,NSE:STERTOOLS,321.95,322.0,320.05,322.0,67.0
2018-07-25 15:00:00,NSE:STERTOOLS,322.0,324.0,322.0,324.0,717.0
2018-07-26 09:00:00,NSE:STERTOOLS,320.0,326.3,318.25,323.0,460.0
2018-07-26 10:00:00,NSE:STERTOOLS,323.0,329.95,319.15,324.0,694.0
2018-07-26 11:00:00,NSE:STERTOOLS,328.85,329.1,324.5,328.8,427.0
2018-07-26 12:00:00,NSE:STERTOOLS,324.75,333.0,324.0,329.25,956.0
2018-07-26 13:00:00,NSE:STERTOOLS,324.2,328.95,324.2,327.9,40.0
2018-07-26 14:00:00,NSE:STERTOOLS,324.0,335.0,323.9,327.7,2378.0
2018-07-26 15:00:00,NSE:STERTOOLS,328.25,334.5,322.0,322.1,1150.0
2018-07-27 09:00:00,NSE:STERTOOLS,324.55,325.95,320.1,324.95,110.0
2018-07-27 10:00:00,NSE:STERTOOLS,326.65,326.65,324.0,326.3,155.0
2018-07-27 11:00:00,NSE:STERTOOLS,326.35,338.75,326.0,331.0,1523.0
2018-07-27 12:00:00,NSE:STERTOOLS,332.1,332.1,323.0,327.0,3047.0
2018-07-27 13:00:00,NSE:STERTOOLS,327.0,329.0,324.2,325.05,304.0
2018-07-27 14:00:00,NSE:STERTOOLS,329.95,329.95,325.35,325.5,219.0
2018-07-27 15:00:00,NSE:STERTOOLS,329.9,329.9,324.5,324.5,490.0
2018-07-30 09:00:00,NSE:STERTOOLS,332.9,332.9,318.6,323.0,589.0
2018-07-30 10:00:00,NSE:STERTOOLS,328.95,328.95,328.0,328.0,81.0
2018-07-30 11:00:00,NSE:STERTOOLS,324.25,329.95,324.25,329.95,646.0
2018-07-30 12:00:00,NSE:STERTOOLS,329.95,329.95,323.1,326.0,617.0
2018-07-30 13:00:00,NSE:STERTOOLS,325.0,327.55,322.0,327.55,994.0
2018-07-30 14:00:00,NSE:STERTOOLS,325.05,325.05,322.25,324.3,369.0
2018-07-30 15:00:00,NSE:STERTOOLS,324.25,327.2,322.0,322.0,700.0
2018-07-31 09:00:00,NSE:STERTOOLS,323.1,326.65,323.0,326.65,122.0
2018-07-31 10:00:00,NSE:STERTOOLS,323.2,325.9,323.2,325.9,48.0
2018-07-31 11:00:00,NSE:STERTOOLS,325.9,325.9,324.0,324.0,101.0
2018-07-31 12:00:00,NSE:STERTOOLS,326.0,329.85,326.0,328.95,354.0
2018-07-31 13:00:00,NSE:STERTOOLS,326.1,326.1,324.3,324.3,383.0
2018-07-31 14:00:00,NSE:STERTOOLS,325.95,326.0,324.0,324.25,823.0
2018-07-31 15:00:00,NSE:STERTOOLS,328.4,328.4,324.25,325.2,670.0
2018-08-01 09:00:00,NSE:STERTOOLS,325.2,333.0,325.2,328.2,1620.0
2018-08-01 10:00:00,NSE:STERTOOLS,328.85,335.0,328.85,330.0,947.0
2018-08-01 11:00:00,NSE:STERTOOLS,332.0,334.95,328.6,334.0,1404.0
2018-08-01 12:00:00,NSE:STERTOOLS,334.0,334.4,333.95,334.4,391.0
2018-08-01 13:00:00,NSE:STERTOOLS,334.4,334.4,331.2,332.05,924.0
2018-08-01 14:00:00,NSE:STERTOOLS,332.05,332.05,329.1,330.0,853.0
2018-08-01 15:00:00,NSE:STERTOOLS,331.0,334.4,330.0,330.15,358.0
2018-08-02 09:00:00,NSE:STERTOOLS,330.15,332.35,327.65,331.0,239.0
2018-08-02 10:00:00,NSE:STERTOOLS,331.95,333.15,331.0,331.55,391.0
2018-08-02 11:00:00,NSE:STERTOOLS,331.6,331.95,328.6,330.15,1081.0
2018-08-02 12:00:00,NSE:STERTOOLS,330.05,337.3,330.05,335.05,357.0
2018-08-02 13:00:00,NSE:STERTOOLS,335.05,335.05,331.65,331.65,1205.0
2018-08-02 14:00:00,NSE:STERTOOLS,332.45,336.75,332.45,335.1,789.0
2018-08-02 15:00:00,NSE:STERTOOLS,335.55,349.75,335.55,349.75,1396.0
2018-08-03 09:00:00,NSE:STERTOOLS,333.05,354.0,333.05,345.9,2227.0
2018-08-03 10:00:00,NSE:STERTOOLS,346.0,348.95,345.9,348.95,413.0
2018-08-03 11:00:00,NSE:STERTOOLS,347.1,348.0,346.5,346.85,222.0
2018-08-03 12:00:00,NSE:STERTOOLS,348.0,350.0,346.4,347.05,238.0
2018-08-03 13:00:00,NSE:STERTOOLS,347.5,351.0,347.15,347.15,327.0
2018-08-03 14:00:00,NSE:STERTOOLS,348.55,348.6,348.5,348.6,59.0
2018-08-03 15:00:00,NSE:STERTOOLS,349.95,353.7,348.6,351.25,1121.0
2018-08-06 09:00:00,NSE:STERTOOLS,357.8,368.0,352.0,362.3,7410.0
2018-08-06 10:00:00,NSE:STERTOOLS,362.0,368.0,360.0,362.25,4584.0
2018-08-06 11:00:00,NSE:STERTOOLS,362.25,363.7,362.25,362.3,345.0
2018-08-06 12:00:00,NSE:STERTOOLS,364.0,364.5,362.3,362.35,154.0
2018-08-06 13:00:00,NSE:STERTOOLS,365.0,365.0,365.0,365.0,124.0
2018-08-06 14:00:00,NSE:STERTOOLS,365.0,395.0,365.0,382.05,15908.0
2018-08-06 15:00:00,NSE:STERTOOLS,382.05,394.9,382.05,389.1,10881.0
2018-08-07 09:00:00,NSE:STERTOOLS,393.0,398.0,382.1,395.9,5915.0
2018-08-07 10:00:00,NSE:STERTOOLS,396.35,396.35,388.5,391.45,2981.0
2018-08-07 11:00:00,NSE:STERTOOLS,391.45,391.45,386.0,389.4,2530.0
2018-08-07 13:00:00,NSE:STERTOOLS,389.4,391.9,388.0,391.0,1455.0
2018-08-07 14:00:00,NSE:STERTOOLS,391.9,392.0,388.0,389.55,1330.0
2018-08-07 15:00:00,NSE:STERTOOLS,393.0,394.95,389.0,391.2,1010.0
2018-08-08 09:00:00,NSE:STERTOOLS,391.2,398.45,387.0,388.45,935.0
2018-08-08 10:00:00,NSE:STERTOOLS,389.9,393.0,387.0,391.0,990.0
2018-08-08 11:00:00,NSE:STERTOOLS,390.0,393.4,390.0,390.75,280.0
2018-08-08 12:00:00,NSE:STERTOOLS,392.2,392.25,390.5,392.0,425.0
2018-08-08 13:00:00,NSE:STERTOOLS,392.0,393.3,391.0,391.0,417.0
2018-08-08 14:00:00,NSE:STERTOOLS,391.0,391.6,390.05,391.6,850.0
2018-08-08 15:00:00,NSE:STERTOOLS,391.95,392.0,390.0,390.0,842.0
2018-08-09 09:00:00,NSE:STERTOOLS,390.0,395.0,382.3,390.15,338.0
2018-08-09 10:00:00,NSE:STERTOOLS,390.3,393.65,387.0,387.0,2943.0
2018-08-09 11:00:00,NSE:STERTOOLS,391.5,393.4,391.5,393.4,1147.0
2018-08-09 12:00:00,NSE:STERTOOLS,393.4,395.0,392.0,394.0,989.0
2018-08-09 13:00:00,NSE:STERTOOLS,392.0,393.95,392.0,393.0,243.0
2018-08-09 14:00:00,NSE:STERTOOLS,393.0,394.0,391.2,393.5,861.0
2018-08-09 15:00:00,NSE:STERTOOLS,394.0,394.0,390.1,392.4,2429.0
2018-08-10 09:00:00,NSE:STERTOOLS,391.95,391.95,382.0,386.0,1470.0
2018-08-10 10:00:00,NSE:STERTOOLS,387.0,395.0,387.0,387.25,1120.0
2018-08-10 11:00:00,NSE:STERTOOLS,387.25,388.0,387.25,387.25,225.0
2018-08-10 12:00:00,NSE:STERTOOLS,387.25,389.25,384.2,386.1,1101.0
2018-08-10 13:00:00,NSE:STERTOOLS,386.05,390.25,385.05,385.15,734.0
2018-08-10 14:00:00,NSE:STERTOOLS,388.0,389.4,381.55,381.55,505.0
2018-08-10 15:00:00,NSE:STERTOOLS,381.25,387.95,381.25,382.1,972.0
2018-08-13 09:00:00,NSE:STERTOOLS,385.05,399.05,383.9,391.0,12801.0
2018-08-13 10:00:00,NSE:STERTOOLS,391.0,396.0,385.6,395.6,2230.0
2018-08-13 11:00:00,NSE:STERTOOLS,395.0,395.95,393.25,393.35,1062.0
2018-08-13 12:00:00,NSE:STERTOOLS,393.3,394.85,388.65,390.0,842.0
2018-08-13 13:00:00,NSE:STERTOOLS,390.05,392.9,388.0,389.95,403.0
2018-08-13 14:00:00,NSE:STERTOOLS,389.05,395.0,389.05,390.3,2794.0
2018-08-13 15:00:00,NSE:STERTOOLS,390.25,394.5,390.0,390.0,2098.0
2018-08-14 09:00:00,NSE:STERTOOLS,393.4,394.75,387.8,390.2,497.0
2018-08-14 10:00:00,NSE:STERTOOLS,393.85,393.85,390.0,391.0,255.0
2018-08-14 11:00:00,NSE:STERTOOLS,391.0,394.0,382.45,385.0,2103.0
2018-08-14 12:00:00,NSE:STERTOOLS,386.0,386.0,383.0,384.15,253.0
2018-08-14 13:00:00,NSE:STERTOOLS,384.15,388.8,384.15,386.0,262.0
2018-08-14 14:00:00,NSE:STERTOOLS,385.25,386.5,385.25,386.05,773.0
2018-08-14 15:00:00,NSE:STERTOOLS,386.05,388.9,383.6,385.2,2003.0
2018-08-16 09:00:00,NSE:STERTOOLS,393.95,393.95,381.6,387.0,258.0
2018-08-16 10:00:00,NSE:STERTOOLS,387.0,388.0,383.15,384.0,882.0
2018-08-16 11:00:00,NSE:STERTOOLS,384.55,385.0,384.05,385.0,228.0
2018-08-16 12:00:00,NSE:STERTOOLS,385.0,386.95,385.0,386.5,362.0
2018-08-16 13:00:00,NSE:STERTOOLS,386.25,387.0,380.65,380.7,1835.0
2018-08-16 14:00:00,NSE:STERTOOLS,380.7,385.85,380.15,381.1,698.0
2018-08-16 15:00:00,NSE:STERTOOLS,382.95,384.85,380.05,381.65,471.0
2018-08-17 09:00:00,NSE:STERTOOLS,382.35,391.15,380.55,391.15,483.0
2018-08-17 10:00:00,NSE:STERTOOLS,391.7,391.9,383.3,386.4,2849.0
2018-08-17 11:00:00,NSE:STERTOOLS,386.4,386.4,384.6,385.25,120.0
2018-08-17 12:00:00,NSE:STERTOOLS,385.95,386.4,385.0,385.0,485.0
2018-08-17 13:00:00,NSE:STERTOOLS,385.05,387.85,385.05,386.0,443.0
2018-08-17 14:00:00,NSE:STERTOOLS,386.5,392.0,381.05,392.0,5507.0
2018-08-17 15:00:00,NSE:STERTOOLS,391.0,391.95,382.15,390.0,9181.0
2018-08-20 09:00:00,NSE:STERTOOLS,392.7,392.7,385.05,386.5,256.0
2018-08-20 10:00:00,NSE:STERTOOLS,390.0,390.95,387.05,389.75,1184.0
2018-08-20 11:00:00,NSE:STERTOOLS,389.0,389.55,386.5,388.95,1523.0
2018-08-20 12:00:00,NSE:STERTOOLS,380.25,388.0,380.25,386.35,808.0
2018-08-20 13:00:00,NSE:STERTOOLS,385.0,387.5,381.25,385.65,647.0
2018-08-20 14:00:00,NSE:STERTOOLS,385.5,385.5,382.2,384.95,447.0
2018-08-20 15:00:00,NSE:STERTOOLS,384.95,384.95,381.0,381.0,547.0
2018-08-21 09:00:00,NSE:STERTOOLS,389.95,389.95,380.0,380.0,432.0
2018-08-21 10:00:00,NSE:STERTOOLS,373.2,380.95,372.0,379.35,1680.0
2018-08-21 11:00:00,NSE:STERTOOLS,380.9,380.95,378.5,378.5,178.0
2018-08-21 12:00:00,NSE:STERTOOLS,378.5,378.5,375.9,375.9,1328.0
2018-08-21 13:00:00,NSE:STERTOOLS,376.4,376.4,375.6,375.6,120.0
2018-08-21 14:00:00,NSE:STERTOOLS,375.5,379.5,375.5,376.25,934.0
2018-08-21 15:00:00,NSE:STERTOOLS,376.1,377.75,373.3,375.0,1717.0
2018-08-23 09:00:00,NSE:STERTOOLS,380.55,380.55,375.0,375.3,699.0
2018-08-23 10:00:00,NSE:STERTOOLS,375.3,381.2,375.0,376.0,1064.0
2018-08-23 11:00:00,NSE:STERTOOLS,377.7,378.6,375.0,376.5,1185.0
2018-08-23 12:00:00,NSE:STERTOOLS,378.35,378.4,372.5,374.0,16772.0
2018-08-23 13:00:00,NSE:STERTOOLS,372.5,374.0,372.5,373.5,67.0
2018-08-23 14:00:00,NSE:STERTOOLS,373.5,373.5,372.5,373.0,289.0
2018-08-23 15:00:00,NSE:STERTOOLS,373.9,373.95,372.0,372.2,360.0
2018-08-24 09:00:00,NSE:STERTOOLS,374.7,374.7,369.2,371.0,370.0
2018-08-24 10:00:00,NSE:STERTOOLS,371.0,371.0,368.0,368.8,587.0
2018-08-24 11:00:00,NSE:STERTOOLS,368.05,369.0,368.0,368.05,172.0
2018-08-24 12:00:00,NSE:STERTOOLS,369.15,369.15,365.3,368.35,105.0
2018-08-24 13:00:00,NSE:STERTOOLS,365.55,368.75,365.55,368.75,219.0
2018-08-24 14:00:00,NSE:STERTOOLS,370.0,373.95,370.0,370.0,650.0
2018-08-24 15:00:00,NSE:STERTOOLS,371.0,373.5,370.0,370.4,1337.0
2018-08-27 09:00:00,NSE:STERTOOLS,369.95,369.95,362.15,365.25,536.0
2018-08-27 10:00:00,NSE:STERTOOLS,365.85,368.45,365.85,368.45,114.0
2018-08-27 11:00:00,NSE:STERTOOLS,367.5,368.45,362.55,363.9,2136.0
2018-08-27 12:00:00,NSE:STERTOOLS,362.55,363.9,361.0,362.5,2445.0
2018-08-27 13:00:00,NSE:STERTOOLS,361.0,361.5,360.2,361.0,1133.0
2018-08-27 14:00:00,NSE:STERTOOLS,361.45,364.75,360.2,362.6,1737.0
2018-08-27 15:00:00,NSE:STERTOOLS,362.6,364.65,360.0,360.0,1644.0
2018-08-28 09:00:00,NSE:STERTOOLS,361.5,364.95,355.7,364.95,527.0
2018-08-28 10:00:00,NSE:STERTOOLS,361.05,364.8,360.2,360.2,72.0
2018-08-28 11:00:00,NSE:STERTOOLS,362.9,362.9,360.0,360.0,368.0
2018-08-28 12:00:00,NSE:STERTOOLS,360.0,360.0,351.65,353.95,484.0
2018-08-28 13:00:00,NSE:STERTOOLS,356.95,357.0,351.3,356.9,1562.0
2018-08-28 14:00:00,NSE:STERTOOLS,356.25,356.45,353.0,353.0,503.0
2018-08-28 15:00:00,NSE:STERTOOLS,353.95,355.1,352.0,352.0,560.0
2018-08-29 09:00:00,NSE:STERTOOLS,350.2,351.95,346.05,346.9,352.0
2018-08-29 10:00:00,NSE:STERTOOLS,348.0,350.6,345.95,347.1,1207.0
2018-08-29 11:00:00,NSE:STERTOOLS,349.2,351.85,347.0,350.95,1383.0
2018-08-29 12:00:00,NSE:STERTOOLS,350.9,354.75,348.1,350.55,382.0
2018-08-29 13:00:00,NSE:STERTOOLS,352.9,354.3,350.0,353.75,1049.0
2018-08-29 14:00:00,NSE:STERTOOLS,352.7,353.4,350.0,353.2,999.0
2018-08-29 15:00:00,NSE:STERTOOLS,352.0,352.0,349.5,349.5,1325.0
2018-08-30 09:00:00,NSE:STERTOOLS,358.45,358.45,345.65,345.65,357.0
2018-08-30 10:00:00,NSE:STERTOOLS,346.0,351.65,346.0,346.9,324.0
2018-08-30 11:00:00,NSE:STERTOOLS,348.1,349.65,346.65,348.1,397.0
2018-08-30 12:00:00,NSE:STERTOOLS,348.05,350.0,348.05,349.05,85.0
2018-08-30 13:00:00,NSE:STERTOOLS,349.05,353.3,349.0,349.0,164.0
2018-08-30 14:00:00,NSE:STERTOOLS,353.55,353.55,348.0,348.0,229.0
2018-08-30 15:00:00,NSE:STERTOOLS,348.0,352.0,348.0,352.0,48.0
2018-08-31 09:00:00,NSE:STERTOOLS,349.8,353.25,346.65,351.5,516.0
2018-08-31 10:00:00,NSE:STERTOOLS,351.5,353.4,350.05,350.1,188.0
2018-08-31 11:00:00,NSE:STERTOOLS,351.0,353.35,348.0,348.0,1129.0
2018-08-31 12:00:00,NSE:STERTOOLS,349.0,353.1,348.0,352.0,476.0
2018-08-31 13:00:00,NSE:STERTOOLS,352.0,352.75,350.05,352.0,213.0
2018-08-31 14:00:00,NSE:STERTOOLS,350.55,352.0,350.0,350.0,326.0
2018-08-31 15:00:00,NSE:STERTOOLS,350.0,354.7,350.0,354.7,322.0
2018-09-03 09:00:00,NSE:STERTOOLS,357.0,368.1,355.15,359.45,5609.0
2018-09-03 10:00:00,NSE:STERTOOLS,358.0,365.0,357.5,362.0,1403.0
2018-09-03 11:00:00,NSE:STERTOOLS,361.95,363.1,361.95,363.1,1124.0
2018-09-03 12:00:00,NSE:STERTOOLS,363.25,364.0,361.0,361.0,280.0
2018-09-03 13:00:00,NSE:STERTOOLS,361.0,361.0,361.0,361.0,590.0
2018-09-03 14:00:00,NSE:STERTOOLS,361.0,364.0,361.0,362.0,551.0
2018-09-03 15:00:00,NSE:STERTOOLS,362.0,363.8,361.0,361.0,687.0
2018-09-04 09:00:00,NSE:STERTOOLS,361.0,361.05,361.0,361.05,108.0
2018-09-04 10:00:00,NSE:STERTOOLS,363.75,363.75,362.0,362.0,711.0
2018-09-04 11:00:00,NSE:STERTOOLS,361.5,364.95,361.0,364.95,463.0
2018-09-04 12:00:00,NSE:STERTOOLS,361.0,361.0,361.0,361.0,357.0
2018-09-04 13:00:00,NSE:STERTOOLS,361.0,361.0,360.0,360.0,400.0
2018-09-04 14:00:00,NSE:STERTOOLS,360.0,360.0,355.0,359.9,756.0
2018-09-04 15:00:00,NSE:STERTOOLS,359.9,360.5,357.05,359.0,197.0
2018-09-05 09:00:00,NSE:STERTOOLS,363.95,363.95,362.95,362.95,29.0
2018-09-05 10:00:00,NSE:STERTOOLS,361.9,361.9,356.0,357.2,57.0
2018-09-05 11:00:00,NSE:STERTOOLS,358.2,358.25,355.0,355.0,592.0
2018-09-05 12:00:00,NSE:STERTOOLS,355.0,357.6,355.0,356.05,353.0
2018-09-05 13:00:00,NSE:STERTOOLS,358.0,361.3,350.2,355.0,2118.0
2018-09-05 14:00:00,NSE:STERTOOLS,354.95,359.75,350.35,357.8,1102.0
2018-09-05 15:00:00,NSE:STERTOOLS,356.0,356.0,350.35,350.35,474.0
2018-09-06 09:00:00,NSE:STERTOOLS,355.0,355.0,351.05,351.05,142.0
2018-09-06 10:00:00,NSE:STERTOOLS,354.9,354.9,350.2,351.0,209.0
2018-09-06 11:00:00,NSE:STERTOOLS,352.45,352.45,350.8,350.8,15.0
2018-09-06 12:00:00,NSE:STERTOOLS,350.0,350.9,347.55,348.9,707.0
2018-09-06 13:00:00,NSE:STERTOOLS,346.0,348.85,345.55,348.6,446.0
2018-09-06 14:00:00,NSE:STERTOOLS,348.0,348.0,338.4,340.0,7298.0
2018-09-06 15:00:00,NSE:STERTOOLS,340.0,340.0,338.2,339.9,920.0
2018-09-07 09:00:00,NSE:STERTOOLS,342.0,344.85,341.95,342.0,445.0
2018-09-07 10:00:00,NSE:STERTOOLS,341.95,341.95,338.0,340.0,761.0
2018-09-07 11:00:00,NSE:STERTOOLS,340.0,340.0,338.0,339.0,475.0
2018-09-07 12:00:00,NSE:STERTOOLS,338.8,339.9,338.0,338.0,500.0
2018-09-07 13:00:00,NSE:STERTOOLS,339.0,339.0,336.0,336.0,402.0
2018-09-07 14:00:00,NSE:STERTOOLS,338.8,339.9,336.2,339.85,459.0
2018-09-07 15:00:00,NSE:STERTOOLS,339.85,339.9,339.0,339.0,481.0
2018-09-10 09:00:00,NSE:STERTOOLS,340.7,347.0,338.0,347.0,1166.0
2018-09-10 10:00:00,NSE:STERTOOLS,345.05,345.05,339.05,339.05,2179.0
2018-09-10 11:00:00,NSE:STERTOOLS,338.45,339.6,338.0,339.2,695.0
2018-09-10 12:00:00,NSE:STERTOOLS,339.65,339.95,339.65,339.95,67.0
2018-09-10 13:00:00,NSE:STERTOOLS,339.2,339.65,339.0,339.65,309.0
2018-09-10 14:00:00,NSE:STERTOOLS,339.15,339.15,336.2,337.9,700.0
2018-09-10 15:00:00,NSE:STERTOOLS,339.95,340.0,338.0,340.0,777.0
2018-09-11 09:00:00,NSE:STERTOOLS,339.5,343.55,337.5,343.0,122.0
2018-09-11 10:00:00,NSE:STERTOOLS,339.9,340.0,333.1,339.95,256.0
2018-09-11 11:00:00,NSE:STERTOOLS,336.0,344.5,334.3,342.45,36329.0
2018-09-11 12:00:00,NSE:STERTOOLS,342.5,343.9,340.6,342.5,17670.0
2018-09-11 13:00:00,NSE:STERTOOLS,343.0,343.5,343.0,343.05,74.0
2018-09-11 14:00:00,NSE:STERTOOLS,343.9,344.0,343.05,343.95,1102.0
2018-09-11 15:00:00,NSE:STERTOOLS,343.95,349.8,343.4,349.8,3238.0
2018-09-12 09:00:00,NSE:STERTOOLS,346.8,354.0,342.0,344.0,716.0
2018-09-12 10:00:00,NSE:STERTOOLS,343.1,346.0,341.7,342.0,832.0
2018-09-12 11:00:00,NSE:STERTOOLS,342.0,342.0,337.15,341.5,443.0
2018-09-12 12:00:00,NSE:STERTOOLS,341.0,341.0,337.15,339.65,197.0
2018-09-12 13:00:00,NSE:STERTOOLS,341.0,341.0,337.2,338.35,153.0
2018-09-12 14:00:00,NSE:STERTOOLS,341.0,341.0,339.05,339.05,88.0
2018-09-12 15:00:00,NSE:STERTOOLS,340.0,343.0,340.0,340.0,366.0
2018-09-14 09:00:00,NSE:STERTOOLS,332.0,350.35,332.0,337.9,1389.0
2018-09-14 10:00:00,NSE:STERTOOLS,337.9,345.0,336.0,341.0,961.0
2018-09-14 11:00:00,NSE:STERTOOLS,341.0,341.0,337.0,337.25,2453.0
2018-09-14 12:00:00,NSE:STERTOOLS,338.25,340.3,337.2,337.25,520.0
2018-09-14 13:00:00,NSE:STERTOOLS,337.9,338.0,336.6,338.0,1064.0
2018-09-14 14:00:00,NSE:STERTOOLS,338.0,341.0,337.0,337.5,3991.0
2018-09-14 15:00:00,NSE:STERTOOLS,340.9,340.9,338.0,339.7,447.0
2018-09-17 09:00:00,NSE:STERTOOLS,340.0,348.0,337.25,337.25,1362.0
2018-09-17 10:00:00,NSE:STERTOOLS,337.25,339.9,336.25,339.7,955.0
2018-09-17 11:00:00,NSE:STERTOOLS,339.0,339.85,337.25,339.45,1532.0
2018-09-17 12:00:00,NSE:STERTOOLS,339.45,364.5,339.45,362.9,5341.0
2018-09-17 13:00:00,NSE:STERTOOLS,362.85,362.85,361.0,361.95,636.0
2018-09-17 14:00:00,NSE:STERTOOLS,360.3,360.3,360.0,360.05,3561.0
2018-09-17 15:00:00,NSE:STERTOOLS,360.05,368.9,356.15,363.25,5604.0
2018-09-18 09:00:00,NSE:STERTOOLS,356.0,360.0,356.0,358.5,131.0
2018-09-18 10:00:00,NSE:STERTOOLS,359.05,362.0,355.25,355.4,449.0
2018-09-18 11:00:00,NSE:STERTOOLS,356.1,359.9,355.2,359.85,1070.0
2018-09-18 12:00:00,NSE:STERTOOLS,359.85,365.0,358.5,362.0,421.0
2018-09-18 13:00:00,NSE:STERTOOLS,360.1,364.85,360.1,361.2,169.0
2018-09-18 14:00:00,NSE:STERTOOLS,360.2,368.85,360.2,360.25,938.0
2018-09-18 15:00:00,NSE:STERTOOLS,360.0,372.0,359.5,366.0,2805.0
2018-09-19 09:00:00,NSE:STERTOOLS,364.9,364.9,355.25,355.25,190.0
2018-09-19 10:00:00,NSE:STERTOOLS,360.0,378.95,357.05,370.45,3342.0
2018-09-19 11:00:00,NSE:STERTOOLS,370.0,371.0,367.05,369.95,4392.0
2018-09-19 12:00:00,NSE:STERTOOLS,370.05,372.9,369.5,369.95,2689.0
2018-09-19 13:00:00,NSE:STERTOOLS,369.95,370.0,365.7,370.0,3707.0
2018-09-19 14:00:00,NSE:STERTOOLS,370.0,370.0,366.25,370.0,2939.0
2018-09-19 15:00:00,NSE:STERTOOLS,370.0,371.85,365.2,365.2,1661.0
2018-09-21 09:00:00,NSE:STERTOOLS,370.0,370.0,363.0,365.0,818.0
2018-09-21 10:00:00,NSE:STERTOOLS,364.95,368.8,362.2,365.0,1042.0
2018-09-21 11:00:00,NSE:STERTOOLS,364.95,365.0,353.05,356.0,1706.0
2018-09-21 12:00:00,NSE:STERTOOLS,353.05,369.75,350.2,363.05,7437.0
2018-09-21 13:00:00,NSE:STERTOOLS,367.0,373.25,350.2,370.0,11013.0
2018-09-21 14:00:00,NSE:STERTOOLS,370.0,372.95,367.15,370.0,6158.0
2018-09-21 15:00:00,NSE:STERTOOLS,370.0,370.0,366.95,370.0,5211.0
2018-09-24 09:00:00,NSE:STERTOOLS,365.0,369.75,365.0,366.9,2862.0
2018-09-24 10:00:00,NSE:STERTOOLS,366.9,366.9,359.65,364.45,6374.0
2018-09-24 11:00:00,NSE:STERTOOLS,364.05,364.45,360.0,362.0,2344.0
2018-09-24 12:00:00,NSE:STERTOOLS,360.0,361.9,356.2,357.3,174.0
2018-09-24 13:00:00,NSE:STERTOOLS,357.25,359.8,350.55,354.25,765.0
2018-09-24 14:00:00,NSE:STERTOOLS,355.3,356.45,340.6,346.85,5410.0
2018-09-24 15:00:00,NSE:STERTOOLS,346.95,359.75,340.6,355.0,5963.0
2018-09-25 09:00:00,NSE:STERTOOLS,356.3,356.3,344.55,345.0,429.0
2018-09-25 10:00:00,NSE:STERTOOLS,344.3,347.85,342.6,347.85,392.0
2018-09-25 11:00:00,NSE:STERTOOLS,347.75,347.9,343.0,343.0,346.0
2018-09-25 12:00:00,NSE:STERTOOLS,343.0,344.0,342.6,342.6,500.0
2018-09-25 13:00:00,NSE:STERTOOLS,342.6,343.0,340.2,340.2,117.0
2018-09-25 14:00:00,NSE:STERTOOLS,340.2,343.0,340.2,342.05,420.0
2018-09-25 15:00:00,NSE:STERTOOLS,342.05,342.85,340.6,341.05,1035.0
2018-09-26 09:00:00,NSE:STERTOOLS,340.9,350.0,335.0,338.4,1058.0
2018-09-26 10:00:00,NSE:STERTOOLS,338.4,338.5,330.2,331.15,4002.0
2018-09-26 11:00:00,NSE:STERTOOLS,332.05,333.9,330.6,330.6,712.0
2018-09-26 12:00:00,NSE:STERTOOLS,332.45,334.75,331.1,334.75,259.0
2018-09-26 13:00:00,NSE:STERTOOLS,332.5,338.75,331.0,338.75,396.0
2018-09-26 14:00:00,NSE:STERTOOLS,338.75,344.85,331.0,338.85,1013.0
2018-09-26 15:00:00,NSE:STERTOOLS,336.0,349.85,331.0,345.0,4115.0
2018-09-27 09:00:00,NSE:STERTOOLS,340.55,349.9,339.9,340.75,615.0
2018-09-27 10:00:00,NSE:STERTOOLS,346.55,346.55,334.0,338.1,550.0
2018-09-27 11:00:00,NSE:STERTOOLS,336.15,342.9,334.15,339.5,492.0
2018-09-27 12:00:00,NSE:STERTOOLS,340.05,340.05,335.0,335.55,185.0
2018-09-27 13:00:00,NSE:STERTOOLS,339.25,339.25,334.0,336.1,308.0
2018-09-27 14:00:00,NSE:STERTOOLS,336.05,342.85,336.0,342.0,159.0
2018-09-27 15:00:00,NSE:STERTOOLS,342.8,342.8,336.05,339.85,141.0
2018-09-28 09:00:00,NSE:STERTOOLS,334.95,338.05,330.3,333.0,1796.0
2018-09-28 10:00:00,NSE:STERTOOLS,332.85,339.4,331.0,335.85,1598.0
2018-09-28 11:00:00,NSE:STERTOOLS,335.0,349.0,331.1,348.05,7808.0
2018-09-28 12:00:00,NSE:STERTOOLS,345.95,346.0,341.05,341.05,281.0
2018-09-28 13:00:00,NSE:STERTOOLS,341.0,346.0,340.6,341.0,627.0
2018-09-28 14:00:00,NSE:STERTOOLS,340.6,343.45,340.0,342.1,6175.0
2018-09-28 15:00:00,NSE:STERTOOLS,342.95,342.95,340.0,340.0,3882.0
2018-10-01 09:00:00,NSE:STERTOOLS,338.0,341.85,333.1,341.85,472.0
2018-10-01 10:00:00,NSE:STERTOOLS,337.0,337.0,333.05,335.0,459.0
2018-10-01 11:00:00,NSE:STERTOOLS,335.0,335.0,331.1,333.95,667.0
2018-10-01 12:00:00,NSE:STERTOOLS,335.95,336.8,331.0,333.8,2431.0
2018-10-01 13:00:00,NSE:STERTOOLS,333.75,336.9,333.75,335.3,56.0
2018-10-01 14:00:00,NSE:STERTOOLS,334.05,336.5,333.25,336.5,1024.0
2018-10-01 15:00:00,NSE:STERTOOLS,335.4,335.4,330.0,330.0,7708.0
2018-10-03 09:00:00,NSE:STERTOOLS,331.9,334.15,330.45,332.05,950.0
2018-10-03 10:00:00,NSE:STERTOOLS,332.0,333.7,332.0,333.0,433.0
2018-10-03 11:00:00,NSE:STERTOOLS,333.7,334.0,332.5,334.0,550.0
2018-10-03 12:00:00,NSE:STERTOOLS,333.05,333.05,331.0,332.5,977.0
2018-10-03 13:00:00,NSE:STERTOOLS,333.4,333.5,331.3,332.15,485.0
2018-10-03 14:00:00,NSE:STERTOOLS,333.2,333.2,331.1,331.1,725.0
2018-10-03 15:00:00,NSE:STERTOOLS,332.5,338.0,331.0,335.0,3784.0
2018-10-04 09:00:00,NSE:STERTOOLS,335.05,335.05,331.0,332.5,304.0
2018-10-04 10:00:00,NSE:STERTOOLS,333.7,334.2,320.2,326.85,16131.0
2018-10-04 11:00:00,NSE:STERTOOLS,326.0,327.95,325.5,326.55,1184.0
2018-10-04 12:00:00,NSE:STERTOOLS,326.85,326.85,325.25,325.25,84.0
2018-10-04 13:00:00,NSE:STERTOOLS,326.15,327.1,325.0,326.6,2221.0
2018-10-04 14:00:00,NSE:STERTOOLS,326.7,327.7,325.5,327.55,347.0
2018-10-04 15:00:00,NSE:STERTOOLS,325.65,327.65,325.0,325.0,5279.0
2018-10-05 09:00:00,NSE:STERTOOLS,326.05,327.9,325.05,326.05,412.0
2018-10-05 10:00:00,NSE:STERTOOLS,326.0,327.75,323.6,327.75,11585.0
2018-10-05 11:00:00,NSE:STERTOOLS,326.55,327.75,325.05,325.05,489.0
2018-10-05 12:00:00,NSE:STERTOOLS,325.05,326.85,325.0,325.5,762.0
2018-10-05 13:00:00,NSE:STERTOOLS,326.15,326.75,325.1,326.7,402.0
2018-10-05 14:00:00,NSE:STERTOOLS,326.8,328.45,325.0,327.0,3738.0
2018-10-05 15:00:00,NSE:STERTOOLS,326.95,332.0,325.0,327.5,1258.0
2018-10-08 09:00:00,NSE:STERTOOLS,324.0,327.25,324.0,326.15,1339.0
2018-10-08 10:00:00,NSE:STERTOOLS,326.15,326.45,321.1,324.85,6785.0
2018-10-08 11:00:00,NSE:STERTOOLS,324.85,326.6,324.8,325.1,926.0
2018-10-08 12:00:00,NSE:STERTOOLS,325.15,326.5,323.0,325.0,6867.0
2018-10-08 13:00:00,NSE:STERTOOLS,325.0,325.0,324.0,325.0,3402.0
2018-10-08 14:00:00,NSE:STERTOOLS,325.0,325.0,321.0,323.9,6970.0
2018-10-08 15:00:00,NSE:STERTOOLS,323.9,323.9,321.15,321.15,1886.0
2018-10-09 09:00:00,NSE:STERTOOLS,322.0,324.8,320.0,320.2,2004.0
2018-10-09 10:00:00,NSE:STERTOOLS,321.6,321.6,320.0,320.0,5992.0
2018-10-09 11:00:00,NSE:STERTOOLS,320.0,321.15,320.0,320.05,2592.0
2018-10-09 12:00:00,NSE:STERTOOLS,320.95,320.95,320.05,320.05,24.0
2018-10-09 13:00:00,NSE:STERTOOLS,320.6,321.0,320.0,320.0,2528.0
2018-10-09 14:00:00,NSE:STERTOOLS,320.95,323.0,320.95,321.55,143.0
2018-10-09 15:00:00,NSE:STERTOOLS,320.0,321.25,320.0,320.0,927.0
2018-10-10 09:00:00,NSE:STERTOOLS,320.0,322.95,318.45,322.95,1152.0
2018-10-10 10:00:00,NSE:STERTOOLS,323.0,323.95,322.95,323.95,160.0
2018-10-10 11:00:00,NSE:STERTOOLS,323.95,323.95,320.0,320.0,3919.0
2018-10-10 12:00:00,NSE:STERTOOLS,321.95,321.95,320.35,321.0,560.0
2018-10-10 13:00:00,NSE:STERTOOLS,321.0,321.95,320.25,321.45,2370.0
2018-10-10 14:00:00,NSE:STERTOOLS,321.0,322.5,321.0,321.35,825.0
2018-10-10 15:00:00,NSE:STERTOOLS,321.5,321.75,321.0,321.0,1041.0
2018-10-11 09:00:00,NSE:STERTOOLS,315.0,323.2,306.85,318.0,1490.0
2018-10-11 10:00:00,NSE:STERTOOLS,318.55,318.55,315.0,316.5,389.0
2018-10-11 11:00:00,NSE:STERTOOLS,315.0,316.0,314.0,314.0,87.0
2018-10-11 12:00:00,NSE:STERTOOLS,313.55,314.7,308.7,310.9,2563.0
2018-10-11 13:00:00,NSE:STERTOOLS,310.85,313.6,308.0,310.8,1276.0
2018-10-11 14:00:00,NSE:STERTOOLS,310.75,324.45,307.0,321.8,7735.0
2018-10-11 15:00:00,NSE:STERTOOLS,322.15,329.8,319.6,325.0,4258.0
2018-10-12 09:00:00,NSE:STERTOOLS,327.75,332.95,321.9,332.95,414.0
2018-10-12 10:00:00,NSE:STERTOOLS,333.85,334.0,325.0,325.0,1139.0
2018-10-12 11:00:00,NSE:STERTOOLS,325.75,327.0,325.75,326.1,153.0
2018-10-12 12:00:00,NSE:STERTOOLS,325.0,327.1,325.0,326.0,470.0
2018-10-12 13:00:00,NSE:STERTOOLS,326.1,336.2,326.1,335.0,6027.0
2018-10-12 14:00:00,NSE:STERTOOLS,335.0,347.65,335.0,344.0,8389.0
2018-10-12 15:00:00,NSE:STERTOOLS,345.9,345.9,340.0,340.0,1317.0
2018-10-15 09:00:00,NSE:STERTOOLS,332.0,345.55,332.0,342.1,1128.0
2018-10-15 10:00:00,NSE:STERTOOLS,340.55,347.75,340.5,347.75,820.0
2018-10-15 11:00:00,NSE:STERTOOLS,347.8,349.55,340.55,343.85,570.0
2018-10-15 12:00:00,NSE:STERTOOLS,343.95,345.55,342.0,345.0,906.0
2018-10-15 13:00:00,NSE:STERTOOLS,344.0,344.0,340.15,340.15,493.0
2018-10-15 14:00:00,NSE:STERTOOLS,340.15,341.5,340.15,341.5,81.0
2018-10-15 15:00:00,NSE:STERTOOLS,343.0,349.95,340.0,340.0,1577.0
2018-10-16 09:00:00,NSE:STERTOOLS,345.05,347.1,340.9,340.95,198.0
2018-10-16 10:00:00,NSE:STERTOOLS,343.25,345.0,340.8,341.0,274.0
2018-10-16 11:00:00,NSE:STERTOOLS,340.95,341.0,340.0,340.9,2503.0
2018-10-16 12:00:00,NSE:STERTOOLS,340.0,340.8,340.0,340.8,47.0
2018-10-16 13:00:00,NSE:STERTOOLS,340.05,340.75,340.0,340.0,1002.0
2018-10-16 14:00:00,NSE:STERTOOLS,340.75,341.0,340.0,340.0,228.0
2018-10-16 15:00:00,NSE:STERTOOLS,340.0,340.0,340.0,340.0,216.0
2018-10-17 09:00:00,NSE:STERTOOLS,340.05,344.15,340.05,341.05,381.0
2018-10-17 10:00:00,NSE:STERTOOLS,341.0,350.5,341.0,349.0,1226.0
2018-10-17 11:00:00,NSE:STERTOOLS,348.4,348.4,341.1,342.0,939.0
2018-10-17 12:00:00,NSE:STERTOOLS,344.65,348.95,344.65,346.85,693.0
2018-10-17 13:00:00,NSE:STERTOOLS,346.0,346.0,340.3,344.75,1055.0
2018-10-17 14:00:00,NSE:STERTOOLS,344.0,344.0,340.3,343.0,442.0
2018-10-17 15:00:00,NSE:STERTOOLS,341.35,341.95,340.0,340.15,3123.0
2018-10-19 09:00:00,NSE:STERTOOLS,347.0,347.0,335.85,338.0,2381.0
2018-10-19 10:00:00,NSE:STERTOOLS,338.0,341.0,338.0,340.0,6237.0
2018-10-19 11:00:00,NSE:STERTOOLS,340.0,342.0,332.6,340.1,980.0
2018-10-19 12:00:00,NSE:STERTOOLS,340.15,341.8,340.0,340.0,111.0
2018-10-19 13:00:00,NSE:STERTOOLS,340.0,341.95,340.0,341.95,23.0
2018-10-19 14:00:00,NSE:STERTOOLS,340.95,342.0,340.0,341.0,111.0
2018-10-19 15:00:00,NSE:STERTOOLS,340.0,341.0,340.0,340.0,282.0
2018-10-22 09:00:00,NSE:STERTOOLS,337.0,342.4,337.0,337.0,299.0
2018-10-22 10:00:00,NSE:STERTOOLS,340.95,340.95,337.0,340.8,56.0
2018-10-22 11:00:00,NSE:STERTOOLS,343.3,343.3,330.35,335.55,621.0
2018-10-22 12:00:00,NSE:STERTOOLS,335.5,337.0,335.15,337.0,13.0
2018-10-22 13:00:00,NSE:STERTOOLS,336.7,336.7,336.7,336.7,2.0
2018-10-22 14:00:00,NSE:STERTOOLS,335.05,335.05,335.05,335.05,1.0
2018-10-22 15:00:00,NSE:STERTOOLS,334.7,342.95,334.0,340.0,717.0
2018-10-23 09:00:00,NSE:STERTOOLS,337.0,337.0,333.35,333.35,1305.0
2018-10-23 10:00:00,NSE:STERTOOLS,334.0,334.0,332.25,332.25,660.0
2018-10-23 11:00:00,NSE:STERTOOLS,332.25,334.0,331.3,334.0,113.0
2018-10-23 12:00:00,NSE:STERTOOLS,333.75,333.75,330.0,330.0,1005.0
2018-10-23 13:00:00,NSE:STERTOOLS,330.0,330.0,330.0,330.0,75.0
2018-10-23 14:00:00,NSE:STERTOOLS,330.0,344.2,330.0,340.0,5779.0
2018-10-23 15:00:00,NSE:STERTOOLS,340.0,341.95,340.0,340.0,2111.0
2018-10-24 09:00:00,NSE:STERTOOLS,336.45,339.35,336.0,336.85,284.0
2018-10-24 10:00:00,NSE:STERTOOLS,336.65,336.9,330.0,335.55,2063.0
2018-10-24 11:00:00,NSE:STERTOOLS,335.0,335.0,331.5,332.75,405.0
2018-10-24 12:00:00,NSE:STERTOOLS,332.0,336.55,332.0,333.7,180.0
2018-10-24 13:00:00,NSE:STERTOOLS,334.9,334.9,330.0,331.0,2140.0
2018-10-24 14:00:00,NSE:STERTOOLS,331.0,333.0,330.6,332.8,346.0
2018-10-24 15:00:00,NSE:STERTOOLS,330.1,339.95,330.1,334.0,6172.0
2018-10-25 09:00:00,NSE:STERTOOLS,332.0,336.0,330.85,330.95,309.0
2018-10-25 10:00:00,NSE:STERTOOLS,331.75,337.9,324.95,329.9,6530.0
2018-10-25 11:00:00,NSE:STERTOOLS,329.9,335.9,328.15,335.9,1310.0
2018-10-25 12:00:00,NSE:STERTOOLS,334.95,335.0,334.55,334.55,37.0
2018-10-25 13:00:00,NSE:STERTOOLS,335.85,335.85,332.15,332.15,23.0
2018-10-25 14:00:00,NSE:STERTOOLS,331.0,349.55,330.15,347.45,6915.0
2018-10-25 15:00:00,NSE:STERTOOLS,346.55,347.0,342.5,347.0,3779.0
2018-10-26 09:00:00,NSE:STERTOOLS,343.2,343.55,335.75,336.5,645.0
2018-10-26 10:00:00,NSE:STERTOOLS,336.5,338.85,330.1,338.2,1430.0
2018-10-26 11:00:00,NSE:STERTOOLS,337.15,337.8,336.75,337.8,12.0
2018-10-26 12:00:00,NSE:STERTOOLS,337.6,337.6,330.6,336.0,1064.0
2018-10-26 13:00:00,NSE:STERTOOLS,335.7,335.7,331.1,331.5,373.0
2018-10-26 14:00:00,NSE:STERTOOLS,333.9,333.9,331.05,332.8,762.0
2018-10-26 15:00:00,NSE:STERTOOLS,332.8,349.7,332.8,340.15,10807.0
2018-10-29 09:00:00,NSE:STERTOOLS,340.3,340.3,335.75,338.9,457.0
2018-10-29 10:00:00,NSE:STERTOOLS,338.9,338.95,335.3,336.0,383.0
2018-10-29 11:00:00,NSE:STERTOOLS,336.85,338.35,332.05,332.1,257.0
2018-10-29 12:00:00,NSE:STERTOOLS,332.9,334.0,330.5,330.5,1357.0
2018-10-29 13:00:00,NSE:STERTOOLS,332.4,332.9,331.05,332.0,41.0
2018-10-29 14:00:00,NSE:STERTOOLS,332.0,346.0,331.25,344.9,2278.0
2018-10-29 15:00:00,NSE:STERTOOLS,344.0,344.0,340.0,340.0,2461.0
2018-10-30 09:00:00,NSE:STERTOOLS,340.0,340.0,331.6,332.85,1469.0
2018-10-30 10:00:00,NSE:STERTOOLS,332.85,335.05,331.05,335.0,1152.0
2018-10-30 11:00:00,NSE:STERTOOLS,332.6,334.7,332.6,334.7,22.0
2018-10-30 12:00:00,NSE:STERTOOLS,334.7,335.65,332.6,335.2,44.0
2018-10-30 13:00:00,NSE:STERTOOLS,333.05,333.35,332.15,332.25,518.0
2018-10-30 14:00:00,NSE:STERTOOLS,333.5,333.85,330.2,332.05,1397.0
2018-10-30 15:00:00,NSE:STERTOOLS,332.9,344.65,332.15,342.0,4051.0
2018-10-31 10:00:00,NSE:STERTOOLS,333.95,333.95,330.6,332.45,2067.0
2018-10-31 11:00:00,NSE:STERTOOLS,332.4,333.0,331.75,333.0,201.0
2018-10-31 12:00:00,NSE:STERTOOLS,333.0,334.0,331.3,334.0,1020.0
2018-10-31 13:00:00,NSE:STERTOOLS,332.05,334.0,331.55,332.55,150.0
2018-10-31 14:00:00,NSE:STERTOOLS,332.0,335.0,331.65,331.75,386.0
2018-10-31 15:00:00,NSE:STERTOOLS,332.5,349.8,331.3,345.0,6639.0
2018-11-01 09:00:00,NSE:STERTOOLS,338.9,338.9,332.25,337.9,412.0
2018-11-01 10:00:00,NSE:STERTOOLS,335.2,337.0,332.8,333.5,1541.0
2018-11-01 11:00:00,NSE:STERTOOLS,334.25,335.8,334.25,335.8,31.0
2018-11-01 12:00:00,NSE:STERTOOLS,335.05,336.1,334.1,335.5,153.0
2018-11-01 13:00:00,NSE:STERTOOLS,335.5,336.0,335.35,335.35,17.0
2018-11-01 14:00:00,NSE:STERTOOLS,336.55,341.0,336.55,340.95,2230.0
2018-11-01 15:00:00,NSE:STERTOOLS,340.95,344.8,339.0,339.5,4480.0
2018-11-02 09:00:00,NSE:STERTOOLS,336.65,340.6,334.35,340.6,1235.0
2018-11-02 10:00:00,NSE:STERTOOLS,339.35,343.0,338.0,341.5,667.0
2018-11-02 11:00:00,NSE:STERTOOLS,342.35,342.4,340.5,341.0,284.0
2018-11-02 12:00:00,NSE:STERTOOLS,341.9,342.8,341.15,341.95,37.0
2018-11-02 13:00:00,NSE:STERTOOLS,341.7,341.7,336.1,336.2,1063.0
2018-11-02 14:00:00,NSE:STERTOOLS,337.0,345.95,337.0,345.0,6373.0
2018-11-02 15:00:00,NSE:STERTOOLS,345.0,345.0,339.95,340.0,3618.0
2018-11-05 09:00:00,NSE:STERTOOLS,339.7,341.05,336.0,337.1,1179.0
2018-11-05 10:00:00,NSE:STERTOOLS,340.5,340.5,337.45,339.9,1358.0
2018-11-05 11:00:00,NSE:STERTOOLS,339.9,340.05,339.9,340.05,75.0
2018-11-05 12:00:00,NSE:STERTOOLS,339.0,340.15,338.0,340.15,557.0
2018-11-05 13:00:00,NSE:STERTOOLS,339.0,339.0,339.0,339.0,5.0
2018-11-05 14:00:00,NSE:STERTOOLS,340.15,349.7,340.0,349.45,2226.0
2018-11-05 15:00:00,NSE:STERTOOLS,349.45,356.35,348.0,350.0,2779.0
2018-11-06 09:00:00,NSE:STERTOOLS,350.6,351.85,341.6,343.5,87.0
2018-11-06 10:00:00,NSE:STERTOOLS,344.0,350.0,343.0,345.25,1143.0
2018-11-06 11:00:00,NSE:STERTOOLS,345.55,349.95,345.55,349.95,110.0
2018-11-06 12:00:00,NSE:STERTOOLS,349.0,349.0,347.9,347.9,27.0
2018-11-06 13:00:00,NSE:STERTOOLS,347.5,348.0,345.2,348.0,235.0
2018-11-06 14:00:00,NSE:STERTOOLS,348.0,350.5,346.55,349.95,352.0
2018-11-06 15:00:00,NSE:STERTOOLS,346.55,364.9,346.55,364.8,2967.0
2018-11-09 09:00:00,NSE:STERTOOLS,365.0,365.0,364.4,365.0,280.0
2018-11-09 10:00:00,NSE:STERTOOLS,364.95,364.95,360.15,360.15,303.0
2018-11-09 11:00:00,NSE:STERTOOLS,359.9,359.95,358.75,359.55,79.0
2018-11-09 12:00:00,NSE:STERTOOLS,359.55,360.45,358.15,360.0,180.0
2018-11-09 13:00:00,NSE:STERTOOLS,359.95,362.9,355.05,360.0,743.0
2018-11-09 14:00:00,NSE:STERTOOLS,360.0,364.45,359.7,363.95,121.0
2018-11-09 15:00:00,NSE:STERTOOLS,364.4,364.4,360.1,360.1,562.0
2018-11-12 09:00:00,NSE:STERTOOLS,353.1,369.75,353.1,358.0,1269.0
2018-11-12 10:00:00,NSE:STERTOOLS,359.0,359.25,355.05,358.9,79.0
2018-11-12 11:00:00,NSE:STERTOOLS,358.85,364.0,356.95,363.1,62.0
2018-11-12 12:00:00,NSE:STERTOOLS,360.0,361.0,355.5,359.7,216.0
2018-11-12 13:00:00,NSE:STERTOOLS,359.1,359.1,356.1,356.1,179.0
2018-11-12 14:00:00,NSE:STERTOOLS,355.55,367.0,355.3,364.8,1201.0
2018-11-12 15:00:00,NSE:STERTOOLS,364.85,364.85,358.0,359.0,1133.0
2018-11-13 09:00:00,NSE:STERTOOLS,357.9,364.0,357.9,363.95,205.0
2018-11-13 10:00:00,NSE:STERTOOLS,362.0,362.0,353.75,360.0,2591.0
2018-11-13 11:00:00,NSE:STERTOOLS,359.4,359.4,355.15,355.15,111.0
2018-11-13 12:00:00,NSE:STERTOOLS,350.0,350.0,342.0,347.15,4397.0
2018-11-13 13:00:00,NSE:STERTOOLS,343.6,349.45,342.75,345.9,1422.0
2018-11-13 14:00:00,NSE:STERTOOLS,340.0,347.95,338.05,339.95,9759.0
2018-11-13 15:00:00,NSE:STERTOOLS,339.95,339.95,334.1,336.0,4525.0
2018-11-14 09:00:00,NSE:STERTOOLS,337.5,338.05,324.75,326.0,4056.0
2018-11-14 10:00:00,NSE:STERTOOLS,325.0,328.9,321.0,326.1,2130.0
2018-11-14 11:00:00,NSE:STERTOOLS,327.0,327.8,324.95,326.0,2469.0
2018-11-14 12:00:00,NSE:STERTOOLS,327.0,327.45,325.1,325.35,935.0
2018-11-14 13:00:00,NSE:STERTOOLS,326.0,326.7,325.0,326.6,1290.0
2018-11-14 14:00:00,NSE:STERTOOLS,326.0,326.55,325.2,326.35,581.0
2018-11-14 15:00:00,NSE:STERTOOLS,326.3,342.8,326.0,340.1,4399.0
2018-11-15 09:00:00,NSE:STERTOOLS,333.0,336.3,325.1,328.85,3835.0
2018-11-15 10:00:00,NSE:STERTOOLS,329.0,329.0,324.0,326.95,4048.0
2018-11-15 11:00:00,NSE:STERTOOLS,327.0,327.45,324.95,327.45,1067.0
2018-11-15 12:00:00,NSE:STERTOOLS,326.0,327.35,326.0,327.25,400.0
2018-11-15 13:00:00,NSE:STERTOOLS,327.15,327.15,325.1,326.1,529.0
2018-11-15 14:00:00,NSE:STERTOOLS,326.95,328.9,326.95,328.35,182.0
2018-11-15 15:00:00,NSE:STERTOOLS,329.25,339.5,328.65,329.0,8389.0
2018-11-16 09:00:00,NSE:STERTOOLS,333.0,336.9,331.25,332.0,1284.0
2018-11-16 10:00:00,NSE:STERTOOLS,332.95,333.25,331.7,332.2,83.0
2018-11-16 11:00:00,NSE:STERTOOLS,332.0,332.0,326.65,331.25,1481.0
2018-11-16 12:00:00,NSE:STERTOOLS,331.6,345.45,329.05,340.25,3119.0
2018-11-16 13:00:00,NSE:STERTOOLS,338.0,354.85,335.35,350.0,10688.0
2018-11-16 14:00:00,NSE:STERTOOLS,350.9,351.0,347.05,350.2,8836.0
2018-11-16 15:00:00,NSE:STERTOOLS,350.1,350.65,350.0,350.0,3314.0
2018-11-19 09:00:00,NSE:STERTOOLS,357.0,357.0,342.35,343.0,1621.0
2018-11-19 10:00:00,NSE:STERTOOLS,342.25,350.3,342.25,349.0,1283.0
2018-11-19 11:00:00,NSE:STERTOOLS,349.05,349.05,346.8,348.85,268.0
2018-11-19 12:00:00,NSE:STERTOOLS,348.85,351.35,346.8,351.35,1787.0
2018-11-19 13:00:00,NSE:STERTOOLS,351.4,356.25,351.4,355.1,452.0
2018-11-19 14:00:00,NSE:STERTOOLS,355.15,355.15,350.0,351.0,887.0
2018-11-19 15:00:00,NSE:STERTOOLS,352.4,367.0,352.4,366.75,5805.0
2018-11-20 09:00:00,NSE:STERTOOLS,358.3,363.9,357.25,361.3,1006.0
2018-11-20 10:00:00,NSE:STERTOOLS,361.8,361.8,356.1,358.0,961.0
2018-11-20 11:00:00,NSE:STERTOOLS,356.05,357.95,352.15,357.95,853.0
2018-11-20 12:00:00,NSE:STERTOOLS,357.85,357.85,354.3,355.25,264.0
2018-11-20 13:00:00,NSE:STERTOOLS,354.1,355.1,354.1,355.1,32.0
2018-11-20 14:00:00,NSE:STERTOOLS,354.15,354.15,350.5,351.15,688.0
2018-11-20 15:00:00,NSE:STERTOOLS,352.45,364.0,352.45,363.8,4317.0
2018-11-21 09:00:00,NSE:STERTOOLS,357.0,359.0,352.0,354.85,2536.0
2018-11-21 10:00:00,NSE:STERTOOLS,354.0,362.0,351.0,362.0,511.0
2018-11-21 11:00:00,NSE:STERTOOLS,361.85,361.95,355.55,355.55,584.0
2018-11-21 12:00:00,NSE:STERTOOLS,356.85,356.85,356.2,356.6,35.0
2018-11-21 14:00:00,NSE:STERTOOLS,356.6,371.85,356.6,370.0,8073.0
2018-11-21 15:00:00,NSE:STERTOOLS,370.0,370.95,365.1,369.6,4273.0
2018-11-22 09:00:00,NSE:STERTOOLS,370.0,370.5,356.8,360.5,2287.0
2018-11-22 10:00:00,NSE:STERTOOLS,360.95,361.85,360.05,360.05,1281.0
2018-11-22 11:00:00,NSE:STERTOOLS,360.15,368.0,360.05,367.45,1407.0
2018-11-22 12:00:00,NSE:STERTOOLS,366.5,367.7,362.25,362.25,359.0
2018-11-22 13:00:00,NSE:STERTOOLS,364.1,364.4,358.15,364.4,914.0
2018-11-22 14:00:00,NSE:STERTOOLS,364.4,366.75,362.1,363.95,674.0
2018-11-22 15:00:00,NSE:STERTOOLS,363.95,367.9,360.0,367.0,4505.0
2018-11-26 09:00:00,NSE:STERTOOLS,373.65,373.65,355.1,360.0,3851.0
2018-11-26 10:00:00,NSE:STERTOOLS,361.45,365.65,324.0,326.6,33281.0
2018-11-26 11:00:00,NSE:STERTOOLS,326.05,330.95,320.25,328.5,20533.0
2018-11-26 12:00:00,NSE:STERTOOLS,328.95,332.1,325.15,331.55,7058.0
2018-11-26 13:00:00,NSE:STERTOOLS,331.05,332.85,330.2,332.85,2576.0
2018-11-26 14:00:00,NSE:STERTOOLS,332.85,340.0,330.55,335.05,12398.0
2018-11-26 15:00:00,NSE:STERTOOLS,337.0,365.0,337.0,349.05,33306.0
2018-11-27 09:00:00,NSE:STERTOOLS,345.1,355.55,341.55,343.6,2008.0
2018-11-27 10:00:00,NSE:STERTOOLS,343.85,348.0,342.6,347.0,1884.0
2018-11-27 11:00:00,NSE:STERTOOLS,346.0,347.8,343.5,343.95,535.0
2018-11-27 12:00:00,NSE:STERTOOLS,343.2,344.9,342.15,344.9,970.0
2018-11-27 13:00:00,NSE:STERTOOLS,344.0,346.2,344.0,345.5,322.0
2018-11-27 14:00:00,NSE:STERTOOLS,345.5,345.95,342.4,344.05,1308.0
2018-11-27 15:00:00,NSE:STERTOOLS,344.05,358.7,343.8,355.0,8263.0
2018-11-28 09:00:00,NSE:STERTOOLS,339.2,359.0,339.2,345.0,1565.0
2018-11-28 10:00:00,NSE:STERTOOLS,345.25,346.95,345.15,346.95,964.0
2018-11-28 11:00:00,NSE:STERTOOLS,346.85,346.85,345.15,346.4,2111.0
2018-11-28 12:00:00,NSE:STERTOOLS,346.4,352.0,342.5,345.9,2689.0
2018-11-28 13:00:00,NSE:STERTOOLS,345.05,346.8,340.1,345.35,5370.0
2018-11-28 14:00:00,NSE:STERTOOLS,345.0,358.0,342.5,356.9,8825.0
2018-11-28 15:00:00,NSE:STERTOOLS,356.0,359.7,344.0,344.15,9590.0
2018-11-29 09:00:00,NSE:STERTOOLS,344.8,347.45,341.75,344.0,2910.0
2018-11-29 10:00:00,NSE:STERTOOLS,344.0,345.0,343.8,343.8,842.0
2018-11-29 11:00:00,NSE:STERTOOLS,344.65,348.0,342.05,344.0,2311.0
2018-11-29 12:00:00,NSE:STERTOOLS,344.9,346.4,342.1,346.4,2831.0
2018-11-29 13:00:00,NSE:STERTOOLS,345.6,346.75,343.05,344.0,571.0
2018-11-29 14:00:00,NSE:STERTOOLS,344.95,357.75,343.35,357.4,7047.0
2018-11-29 15:00:00,NSE:STERTOOLS,356.0,356.25,351.0,354.7,7542.0
2018-11-30 09:00:00,NSE:STERTOOLS,350.0,350.3,348.0,348.0,396.0
2018-11-30 10:00:00,NSE:STERTOOLS,348.9,354.3,348.9,354.3,329.0
2018-11-30 11:00:00,NSE:STERTOOLS,354.45,354.45,346.0,346.0,2255.0
2018-11-30 12:00:00,NSE:STERTOOLS,346.0,347.0,346.0,347.0,1499.0
2018-11-30 13:00:00,NSE:STERTOOLS,347.0,347.5,346.95,347.0,403.0
2018-11-30 14:00:00,NSE:STERTOOLS,347.9,361.0,347.9,359.85,4545.0
2018-11-30 15:00:00,NSE:STERTOOLS,359.85,364.9,358.5,364.9,5455.0
2018-12-03 09:00:00,NSE:STERTOOLS,351.35,358.8,351.35,356.0,492.0
2018-12-03 10:00:00,NSE:STERTOOLS,355.5,356.25,354.05,355.45,257.0
2018-12-03 11:00:00,NSE:STERTOOLS,354.2,355.2,352.85,352.85,1803.0
2018-12-03 12:00:00,NSE:STERTOOLS,353.6,354.35,347.0,349.95,1406.0
2018-12-03 13:00:00,NSE:STERTOOLS,350.0,352.75,349.0,352.75,1846.0
2018-12-03 14:00:00,NSE:STERTOOLS,351.45,363.7,351.45,362.5,3413.0
2018-12-03 15:00:00,NSE:STERTOOLS,361.05,362.45,355.5,359.15,2976.0
2018-12-04 09:00:00,NSE:STERTOOLS,355.05,355.9,351.95,355.85,1531.0
2018-12-04 10:00:00,NSE:STERTOOLS,355.0,356.0,352.15,354.8,1728.0
2018-12-04 11:00:00,NSE:STERTOOLS,354.8,360.5,353.35,360.5,4161.0
2018-12-04 12:00:00,NSE:STERTOOLS,360.55,366.45,360.0,365.0,3183.0
2018-12-04 13:00:00,NSE:STERTOOLS,365.0,375.0,365.0,373.0,5595.0
2018-12-04 14:00:00,NSE:STERTOOLS,373.1,373.9,371.05,372.25,2898.0
2018-12-04 15:00:00,NSE:STERTOOLS,372.25,374.75,368.6,371.5,3463.0
2018-12-05 09:00:00,NSE:STERTOOLS,375.0,375.0,361.55,367.25,350.0
2018-12-05 10:00:00,NSE:STERTOOLS,367.25,369.5,361.6,364.65,2019.0
2018-12-05 11:00:00,NSE:STERTOOLS,362.35,365.0,362.35,363.9,797.0
2018-12-05 12:00:00,NSE:STERTOOLS,363.9,369.85,363.05,365.85,905.0
2018-12-05 13:00:00,NSE:STERTOOLS,366.2,367.4,365.25,367.05,119.0
2018-12-05 14:00:00,NSE:STERTOOLS,368.0,371.1,365.1,369.5,2615.0
2018-12-05 15:00:00,NSE:STERTOOLS,369.8,369.8,367.35,369.2,5409.0
2018-12-06 09:00:00,NSE:STERTOOLS,364.05,364.45,361.35,363.1,654.0
2018-12-06 10:00:00,NSE:STERTOOLS,363.0,363.0,361.5,361.65,968.0
2018-12-06 11:00:00,NSE:STERTOOLS,361.65,362.5,361.65,361.9,275.0
2018-12-06 12:00:00,NSE:STERTOOLS,362.5,367.0,361.5,367.0,1154.0
2018-12-06 13:00:00,NSE:STERTOOLS,367.0,368.25,366.55,366.55,454.0
2018-12-06 14:00:00,NSE:STERTOOLS,365.45,366.95,363.1,365.6,497.0
2018-12-06 15:00:00,NSE:STERTOOLS,365.0,365.4,357.0,357.0,755.0
2018-12-07 09:00:00,NSE:STERTOOLS,364.9,364.9,355.75,355.75,491.0
2018-12-07 10:00:00,NSE:STERTOOLS,356.0,359.9,352.85,356.65,488.0
2018-12-07 11:00:00,NSE:STERTOOLS,356.65,357.7,351.6,352.05,1327.0
2018-12-07 12:00:00,NSE:STERTOOLS,353.4,354.8,352.15,354.8,1276.0
2018-12-07 13:00:00,NSE:STERTOOLS,352.65,356.0,349.95,351.85,7008.0
2018-12-07 14:00:00,NSE:STERTOOLS,350.9,350.9,340.0,349.35,8210.0
2018-12-07 15:00:00,NSE:STERTOOLS,349.0,349.6,343.25,343.25,5212.0
2018-12-10 09:00:00,NSE:STERTOOLS,339.55,342.9,339.55,340.7,1323.0
2018-12-10 10:00:00,NSE:STERTOOLS,339.05,340.0,336.0,336.15,471.0
2018-12-10 11:00:00,NSE:STERTOOLS,336.2,338.65,336.2,337.3,1365.0
2018-12-10 12:00:00,NSE:STERTOOLS,337.35,338.35,336.55,337.95,1030.0
2018-12-10 13:00:00,NSE:STERTOOLS,336.55,340.15,336.55,340.1,426.0
2018-12-10 14:00:00,NSE:STERTOOLS,338.15,339.5,336.5,337.05,1423.0
2018-12-10 15:00:00,NSE:STERTOOLS,338.35,349.5,336.8,341.35,6006.0
2018-12-11 09:00:00,NSE:STERTOOLS,340.05,341.1,330.3,336.4,2740.0
2018-12-11 10:00:00,NSE:STERTOOLS,336.65,337.85,331.2,334.95,1672.0
2018-12-11 11:00:00,NSE:STERTOOLS,335.8,339.3,333.15,339.3,2253.0
2018-12-11 12:00:00,NSE:STERTOOLS,341.9,341.9,336.9,339.3,1129.0
2018-12-11 13:00:00,NSE:STERTOOLS,339.4,339.75,338.1,338.1,448.0
2018-12-11 14:00:00,NSE:STERTOOLS,338.0,346.9,338.0,341.7,1367.0
2018-12-11 15:00:00,NSE:STERTOOLS,341.75,343.8,333.5,339.5,1714.0
2018-12-12 09:00:00,NSE:STERTOOLS,341.0,351.9,338.55,350.0,5071.0
2018-12-12 10:00:00,NSE:STERTOOLS,350.0,350.5,349.4,350.1,1741.0
2018-12-12 11:00:00,NSE:STERTOOLS,350.5,350.8,349.9,350.0,1829.0
2018-12-12 12:00:00,NSE:STERTOOLS,350.0,350.8,350.0,350.15,142.0
2018-12-12 13:00:00,NSE:STERTOOLS,351.0,352.5,350.2,350.2,314.0
2018-12-12 14:00:00,NSE:STERTOOLS,350.8,354.5,350.4,352.8,539.0
2018-12-12 15:00:00,NSE:STERTOOLS,351.8,354.35,350.0,350.0,505.0
2018-12-13 09:00:00,NSE:STERTOOLS,352.4,354.85,352.4,354.0,633.0
2018-12-13 10:00:00,NSE:STERTOOLS,353.9,353.9,345.6,345.7,376.0
2018-12-13 11:00:00,NSE:STERTOOLS,346.5,348.45,346.15,346.4,456.0
2018-12-13 12:00:00,NSE:STERTOOLS,346.25,349.0,346.25,346.9,326.0
2018-12-13 13:00:00,NSE:STERTOOLS,346.8,350.0,346.6,350.0,1337.0
2018-12-13 14:00:00,NSE:STERTOOLS,350.0,358.0,350.0,357.5,2901.0
2018-12-13 15:00:00,NSE:STERTOOLS,357.5,359.0,353.7,354.0,1663.0
2018-12-14 09:00:00,NSE:STERTOOLS,347.0,352.85,347.0,352.85,288.0
2018-12-14 10:00:00,NSE:STERTOOLS,352.1,354.95,351.2,354.95,464.0
2018-12-14 11:00:00,NSE:STERTOOLS,353.6,353.6,353.6,353.6,2.0
2018-12-14 12:00:00,NSE:STERTOOLS,353.6,353.6,352.5,352.5,72.0
2018-12-14 13:00:00,NSE:STERTOOLS,353.55,353.6,351.45,351.45,179.0
2018-12-14 14:00:00,NSE:STERTOOLS,351.5,352.4,347.0,350.45,1186.0
2018-12-14 15:00:00,NSE:STERTOOLS,350.5,352.95,348.1,348.15,277.0
2018-12-17 09:00:00,NSE:STERTOOLS,350.1,350.1,346.4,348.4,1211.0
2018-12-17 10:00:00,NSE:STERTOOLS,348.5,351.7,348.5,349.0,153.0
2018-12-17 11:00:00,NSE:STERTOOLS,349.45,350.85,348.6,350.0,763.0
2018-12-17 12:00:00,NSE:STERTOOLS,349.6,350.05,348.5,348.5,1173.0
2018-12-17 13:00:00,NSE:STERTOOLS,349.95,349.95,349.1,349.1,262.0
2018-12-17 14:00:00,NSE:STERTOOLS,349.0,352.9,345.25,352.9,4918.0
2018-12-17 15:00:00,NSE:STERTOOLS,352.9,353.9,349.95,350.0,4223.0
2018-12-18 09:00:00,NSE:STERTOOLS,350.1,350.1,346.0,350.0,210.0
2018-12-18 10:00:00,NSE:STERTOOLS,348.35,350.65,348.0,349.6,211.0
2018-12-18 11:00:00,NSE:STERTOOLS,349.0,349.9,347.6,349.9,270.0
2018-12-18 12:00:00,NSE:STERTOOLS,349.95,350.0,349.0,349.0,145.0
2018-12-18 13:00:00,NSE:STERTOOLS,348.05,348.7,347.05,347.05,287.0
2018-12-18 14:00:00,NSE:STERTOOLS,347.0,353.0,344.45,352.95,4627.0
2018-12-18 15:00:00,NSE:STERTOOLS,352.0,355.05,350.0,354.75,2881.0
2018-12-19 09:00:00,NSE:STERTOOLS,359.5,359.5,347.0,350.45,1841.0
2018-12-19 10:00:00,NSE:STERTOOLS,350.0,351.7,350.0,350.55,192.0
2018-12-19 11:00:00,NSE:STERTOOLS,350.55,352.9,349.1,351.65,2061.0
2018-12-19 12:00:00,NSE:STERTOOLS,350.6,352.05,350.1,350.2,427.0
2018-12-19 13:00:00,NSE:STERTOOLS,351.35,354.75,349.0,354.75,2349.0
2018-12-19 14:00:00,NSE:STERTOOLS,354.75,359.3,353.85,355.0,4304.0
2018-12-19 15:00:00,NSE:STERTOOLS,355.0,355.0,350.1,350.1,1790.0
2018-12-20 09:00:00,NSE:STERTOOLS,350.1,353.0,349.05,353.0,34.0
2018-12-20 10:00:00,NSE:STERTOOLS,352.9,352.9,352.8,352.8,38.0
2018-12-20 11:00:00,NSE:STERTOOLS,351.55,351.55,350.0,350.5,223.0
2018-12-20 12:00:00,NSE:STERTOOLS,350.75,352.0,350.55,351.9,212.0
2018-12-20 13:00:00,NSE:STERTOOLS,352.05,352.05,352.0,352.0,27.0
2018-12-20 14:00:00,NSE:STERTOOLS,351.2,351.95,348.15,351.95,391.0
2018-12-20 15:00:00,NSE:STERTOOLS,350.1,350.9,350.0,350.0,796.0
2018-12-21 09:00:00,NSE:STERTOOLS,347.1,351.95,347.1,350.1,160.0
2018-12-21 10:00:00,NSE:STERTOOLS,349.25,349.3,349.25,349.3,106.0
2018-12-21 11:00:00,NSE:STERTOOLS,349.25,349.25,346.1,349.0,458.0
2018-12-21 12:00:00,NSE:STERTOOLS,347.55,349.8,347.5,348.95,242.0
2018-12-21 13:00:00,NSE:STERTOOLS,347.55,349.0,347.55,349.0,35.0
2018-12-21 14:00:00,NSE:STERTOOLS,349.0,357.1,349.0,355.0,5694.0
2018-12-21 15:00:00,NSE:STERTOOLS,355.05,356.9,352.6,356.8,1801.0
2018-12-24 09:00:00,NSE:STERTOOLS,351.0,351.25,349.85,349.9,146.0
2018-12-24 10:00:00,NSE:STERTOOLS,348.55,349.95,347.1,349.95,1410.0
2018-12-24 11:00:00,NSE:STERTOOLS,349.95,354.45,349.95,350.6,143.0
2018-12-24 12:00:00,NSE:STERTOOLS,350.05,351.3,350.05,350.1,151.0
2018-12-24 13:00:00,NSE:STERTOOLS,350.2,351.95,350.0,351.95,182.0
2018-12-24 14:00:00,NSE:STERTOOLS,351.95,353.95,347.55,353.95,1019.0
2018-12-24 15:00:00,NSE:STERTOOLS,353.95,354.8,353.5,354.8,2871.0
2018-12-26 09:00:00,NSE:STERTOOLS,350.9,350.9,345.05,345.3,1138.0
2018-12-26 10:00:00,NSE:STERTOOLS,345.25,348.8,345.25,348.8,274.0
2018-12-26 11:00:00,NSE:STERTOOLS,348.9,349.4,346.55,349.3,342.0
2018-12-26 12:00:00,NSE:STERTOOLS,346.55,348.9,346.55,348.85,18.0
2018-12-26 13:00:00,NSE:STERTOOLS,348.9,348.9,347.1,347.1,40.0
2018-12-26 14:00:00,NSE:STERTOOLS,348.85,350.0,348.5,349.9,4222.0
2018-12-26 15:00:00,NSE:STERTOOLS,349.7,349.95,348.0,348.0,1164.0
2018-12-27 09:00:00,NSE:STERTOOLS,352.7,352.7,350.05,350.05,31.0
2018-12-27 10:00:00,NSE:STERTOOLS,351.35,351.85,345.55,348.45,3706.0
2018-12-27 11:00:00,NSE:STERTOOLS,348.45,348.45,346.0,346.0,1093.0
2018-12-27 12:00:00,NSE:STERTOOLS,346.0,348.75,346.0,348.5,127.0
2018-12-27 13:00:00,NSE:STERTOOLS,347.6,347.6,347.6,347.6,1.0
2018-12-27 14:00:00,NSE:STERTOOLS,348.15,349.75,346.0,349.75,4129.0
2018-12-27 15:00:00,NSE:STERTOOLS,349.75,349.8,346.2,349.75,3449.0
2018-12-28 09:00:00,NSE:STERTOOLS,348.4,348.4,345.8,347.5,1308.0
2018-12-28 10:00:00,NSE:STERTOOLS,347.5,347.6,346.45,347.4,471.0
2018-12-28 11:00:00,NSE:STERTOOLS,347.4,347.4,345.3,346.25,401.0
2018-12-28 12:00:00,NSE:STERTOOLS,345.75,347.0,345.75,346.65,1158.0
2018-12-28 13:00:00,NSE:STERTOOLS,346.7,347.8,346.7,347.8,79.0
2018-12-28 14:00:00,NSE:STERTOOLS,346.7,349.7,346.15,349.7,1045.0
2018-12-28 15:00:00,NSE:STERTOOLS,349.05,349.75,349.0,349.7,1924.0
2018-12-31 09:00:00,NSE:STERTOOLS,349.0,349.0,345.55,347.1,1320.0
2018-12-31 10:00:00,NSE:STERTOOLS,347.95,348.35,345.6,348.35,313.0
2018-12-31 11:00:00,NSE:STERTOOLS,348.4,348.4,346.6,346.6,23.0
2018-12-31 12:00:00,NSE:STERTOOLS,346.65,347.85,345.8,347.4,993.0
2018-12-31 13:00:00,NSE:STERTOOLS,345.9,347.35,345.9,347.35,322.0
2018-12-31 14:00:00,NSE:STERTOOLS,345.9,347.35,345.9,347.3,218.0
2018-12-31 15:00:00,NSE:STERTOOLS,346.25,348.2,341.65,342.55,1599.0
2019-01-01 09:00:00,NSE:STERTOOLS,346.85,346.85,345.75,345.75,55.0
2019-01-01 10:00:00,NSE:STERTOOLS,345.2,345.2,339.75,343.9,1306.0
2019-01-01 11:00:00,NSE:STERTOOLS,343.0,343.0,341.0,341.0,156.0
2019-01-01 12:00:00,NSE:STERTOOLS,342.0,342.7,341.05,342.7,78.0
2019-01-01 13:00:00,NSE:STERTOOLS,341.2,341.2,341.0,341.0,110.0
2019-01-01 14:00:00,NSE:STERTOOLS,341.0,341.9,341.0,341.9,251.0
2019-01-01 15:00:00,NSE:STERTOOLS,341.0,342.8,337.15,340.7,1405.0
2019-01-02 09:00:00,NSE:STERTOOLS,340.7,340.7,335.35,340.05,372.0
2019-01-02 10:00:00,NSE:STERTOOLS,340.1,340.1,337.55,339.2,1813.0
2019-01-02 11:00:00,NSE:STERTOOLS,340.0,340.0,336.5,337.0,1256.0
2019-01-02 12:00:00,NSE:STERTOOLS,336.65,338.7,334.0,337.0,752.0
2019-01-02 13:00:00,NSE:STERTOOLS,337.0,338.6,337.0,337.3,326.0
2019-01-02 14:00:00,NSE:STERTOOLS,338.2,338.2,337.05,337.05,27.0
2019-01-02 15:00:00,NSE:STERTOOLS,337.85,345.9,337.85,345.0,1864.0
2019-01-03 09:00:00,NSE:STERTOOLS,342.1,342.1,337.1,339.6,118.0
2019-01-03 10:00:00,NSE:STERTOOLS,339.6,339.6,337.0,337.0,396.0
2019-01-03 11:00:00,NSE:STERTOOLS,336.0,338.35,334.95,337.75,785.0
2019-01-03 12:00:00,NSE:STERTOOLS,337.0,337.75,335.55,335.55,741.0
2019-01-03 13:00:00,NSE:STERTOOLS,336.5,336.95,335.35,336.55,680.0
2019-01-03 14:00:00,NSE:STERTOOLS,335.9,346.05,335.9,345.0,2489.0
2019-01-03 15:00:00,NSE:STERTOOLS,345.0,346.45,345.0,345.0,754.0
2019-01-04 09:00:00,NSE:STERTOOLS,341.75,346.0,341.2,341.9,143.0
2019-01-04 10:00:00,NSE:STERTOOLS,341.9,341.9,340.0,340.1,418.0
2019-01-04 11:00:00,NSE:STERTOOLS,340.5,341.0,340.1,340.7,882.0
2019-01-04 12:00:00,NSE:STERTOOLS,340.3,343.75,340.3,343.75,166.0
2019-01-04 13:00:00,NSE:STERTOOLS,341.8,344.7,340.8,341.0,288.0
2019-01-04 14:00:00,NSE:STERTOOLS,340.8,352.95,340.8,350.0,2075.0
2019-01-04 15:00:00,NSE:STERTOOLS,350.0,351.9,347.55,351.9,2813.0
2019-01-07 09:00:00,NSE:STERTOOLS,346.05,349.75,345.2,345.55,491.0
2019-01-07 10:00:00,NSE:STERTOOLS,345.8,347.0,345.55,346.5,933.0
2019-01-07 11:00:00,NSE:STERTOOLS,348.2,349.5,347.0,349.0,629.0
2019-01-07 12:00:00,NSE:STERTOOLS,347.05,348.95,346.0,346.5,1161.0
2019-01-07 13:00:00,NSE:STERTOOLS,347.75,347.95,345.8,347.95,961.0
2019-01-07 14:00:00,NSE:STERTOOLS,347.9,354.9,347.4,350.75,5051.0
2019-01-07 15:00:00,NSE:STERTOOLS,350.65,351.75,346.0,346.05,1933.0
2019-01-08 09:00:00,NSE:STERTOOLS,346.05,347.95,346.05,347.95,4.0
2019-01-08 10:00:00,NSE:STERTOOLS,347.0,348.25,347.0,347.25,215.0
2019-01-08 11:00:00,NSE:STERTOOLS,347.05,348.45,346.6,346.85,281.0
2019-01-08 12:00:00,NSE:STERTOOLS,346.75,347.8,346.55,346.55,43.0
2019-01-08 13:00:00,NSE:STERTOOLS,346.7,347.0,346.7,347.0,105.0
2019-01-08 14:00:00,NSE:STERTOOLS,348.0,352.8,348.0,350.0,532.0
2019-01-08 15:00:00,NSE:STERTOOLS,349.95,352.7,348.95,351.0,257.0
2019-01-09 09:00:00,NSE:STERTOOLS,346.0,351.8,346.0,348.0,106.0
2019-01-09 10:00:00,NSE:STERTOOLS,348.3,349.15,348.05,348.05,48.0
2019-01-09 11:00:00,NSE:STERTOOLS,347.2,347.2,347.2,347.2,78.0
2019-01-09 12:00:00,NSE:STERTOOLS,349.15,349.25,347.6,348.0,247.0
2019-01-09 13:00:00,NSE:STERTOOLS,347.6,347.6,347.6,347.6,1.0
2019-01-09 14:00:00,NSE:STERTOOLS,349.7,349.7,348.0,348.7,166.0
2019-01-09 15:00:00,NSE:STERTOOLS,345.0,346.85,340.0,341.9,6416.0
2019-01-10 09:00:00,NSE:STERTOOLS,341.9,343.25,341.9,343.25,18.0
2019-01-10 10:00:00,NSE:STERTOOLS,343.2,344.35,343.0,343.0,578.0
2019-01-10 11:00:00,NSE:STERTOOLS,342.8,342.8,341.0,341.0,152.0
2019-01-10 12:00:00,NSE:STERTOOLS,342.4,342.4,338.2,338.2,206.0
2019-01-10 13:00:00,NSE:STERTOOLS,339.15,341.0,339.15,341.0,588.0
2019-01-10 14:00:00,NSE:STERTOOLS,338.25,339.15,335.95,336.7,2092.0
2019-01-10 15:00:00,NSE:STERTOOLS,337.05,345.6,337.0,345.0,5233.0
2019-01-11 09:00:00,NSE:STERTOOLS,341.75,343.75,338.1,338.75,2098.0
2019-01-11 10:00:00,NSE:STERTOOLS,338.95,340.6,338.95,340.45,46.0
2019-01-11 11:00:00,NSE:STERTOOLS,338.9,339.25,338.05,338.1,397.0
2019-01-11 12:00:00,NSE:STERTOOLS,338.8,339.5,338.05,338.65,492.0
2019-01-11 13:00:00,NSE:STERTOOLS,339.5,342.45,338.7,342.45,2209.0
2019-01-11 14:00:00,NSE:STERTOOLS,342.0,342.0,339.35,340.7,209.0
2019-01-11 15:00:00,NSE:STERTOOLS,340.6,344.95,339.75,344.9,6669.0
2019-01-14 09:00:00,NSE:STERTOOLS,340.0,345.0,340.0,342.05,18.0
2019-01-14 10:00:00,NSE:STERTOOLS,342.05,342.05,340.35,341.95,2196.0
2019-01-14 11:00:00,NSE:STERTOOLS,342.0,342.4,340.2,340.2,1107.0
2019-01-14 12:00:00,NSE:STERTOOLS,340.5,340.95,340.5,340.95,4.0
2019-01-14 13:00:00,NSE:STERTOOLS,340.85,342.0,340.85,342.0,51.0
2019-01-14 14:00:00,NSE:STERTOOLS,341.7,344.8,340.3,343.55,2398.0
2019-01-14 15:00:00,NSE:STERTOOLS,343.55,344.8,343.05,344.45,2385.0
2019-01-15 09:00:00,NSE:STERTOOLS,346.1,348.0,341.15,342.05,1477.0
2019-01-15 10:00:00,NSE:STERTOOLS,342.1,343.15,342.1,343.15,54.0
2019-01-15 11:00:00,NSE:STERTOOLS,342.05,344.65,342.0,343.5,1030.0
2019-01-15 12:00:00,NSE:STERTOOLS,343.5,343.7,342.5,343.7,123.0
2019-01-15 13:00:00,NSE:STERTOOLS,343.7,346.45,343.0,344.6,149.0
2019-01-15 14:00:00,NSE:STERTOOLS,344.65,349.7,344.65,348.75,2532.0
2019-01-15 15:00:00,NSE:STERTOOLS,348.7,348.8,347.55,347.55,1990.0
2019-01-16 09:00:00,NSE:STERTOOLS,345.7,345.7,344.5,344.5,94.0
2019-01-16 10:00:00,NSE:STERTOOLS,344.55,345.1,344.5,344.9,1122.0
2019-01-16 11:00:00,NSE:STERTOOLS,345.55,345.55,345.0,345.0,25.0
2019-01-16 12:00:00,NSE:STERTOOLS,345.0,347.0,345.0,347.0,252.0
2019-01-16 13:00:00,NSE:STERTOOLS,347.45,347.45,345.45,345.5,441.0
2019-01-16 14:00:00,NSE:STERTOOLS,345.3,346.9,345.3,346.9,96.0
2019-01-16 15:00:00,NSE:STERTOOLS,346.55,349.75,345.6,345.6,1775.0
2019-01-17 10:00:00,NSE:STERTOOLS,347.0,348.25,345.25,348.25,161.0
2019-01-17 11:00:00,NSE:STERTOOLS,346.1,347.35,345.8,347.35,1131.0
2019-01-17 12:00:00,NSE:STERTOOLS,346.05,347.35,346.05,346.1,208.0
2019-01-17 13:00:00,NSE:STERTOOLS,346.0,346.0,345.45,346.0,1035.0
2019-01-17 14:00:00,NSE:STERTOOLS,346.0,349.6,346.0,348.8,1198.0
2019-01-17 15:00:00,NSE:STERTOOLS,348.75,348.8,342.8,346.8,3763.0
2019-01-18 09:00:00,NSE:STERTOOLS,349.45,349.45,343.85,345.5,294.0
2019-01-18 10:00:00,NSE:STERTOOLS,344.65,344.65,341.3,343.0,1302.0
2019-01-18 11:00:00,NSE:STERTOOLS,344.6,344.6,342.15,342.15,323.0
2019-01-18 12:00:00,NSE:STERTOOLS,342.55,343.7,342.55,343.7,3.0
2019-01-18 13:00:00,NSE:STERTOOLS,343.15,344.45,343.0,344.35,210.0
2019-01-18 14:00:00,NSE:STERTOOLS,343.15,345.1,343.15,344.4,60.0
2019-01-18 15:00:00,NSE:STERTOOLS,344.6,344.6,341.25,341.25,436.0
2019-01-21 09:00:00,NSE:STERTOOLS,342.0,344.2,342.0,342.3,90.0
2019-01-21 10:00:00,NSE:STERTOOLS,342.0,343.4,340.05,340.7,1532.0
2019-01-21 11:00:00,NSE:STERTOOLS,335.55,341.0,335.55,339.95,682.0
2019-01-21 12:00:00,NSE:STERTOOLS,339.15,340.85,338.0,340.0,1390.0
2019-01-21 13:00:00,NSE:STERTOOLS,340.6,340.65,339.0,340.65,220.0
2019-01-21 14:00:00,NSE:STERTOOLS,339.55,340.55,337.0,338.3,951.0
2019-01-21 15:00:00,NSE:STERTOOLS,337.0,337.05,330.65,331.1,3981.0
2019-01-22 09:00:00,NSE:STERTOOLS,331.5,336.0,330.35,332.55,296.0
2019-01-22 10:00:00,NSE:STERTOOLS,332.05,333.15,330.5,330.5,175.0
2019-01-22 11:00:00,NSE:STERTOOLS,330.95,331.0,330.0,330.05,1368.0
2019-01-22 12:00:00,NSE:STERTOOLS,330.9,331.0,330.15,330.15,68.0
2019-01-22 13:00:00,NSE:STERTOOLS,330.1,331.5,330.0,331.5,5287.0
2019-01-22 14:00:00,NSE:STERTOOLS,331.35,331.9,331.05,331.9,60.0
2019-01-22 15:00:00,NSE:STERTOOLS,333.25,342.95,332.0,342.95,4800.0
2019-01-23 09:00:00,NSE:STERTOOLS,337.15,338.3,337.15,338.3,12.0
2019-01-23 10:00:00,NSE:STERTOOLS,337.1,338.05,336.2,338.05,78.0
2019-01-23 11:00:00,NSE:STERTOOLS,336.95,337.0,335.25,336.0,1325.0
2019-01-23 12:00:00,NSE:STERTOOLS,336.5,338.05,336.5,337.05,49.0
2019-01-23 13:00:00,NSE:STERTOOLS,337.05,337.85,337.0,337.85,135.0
2019-01-23 14:00:00,NSE:STERTOOLS,338.05,344.6,338.05,343.95,2166.0
2019-01-23 15:00:00,NSE:STERTOOLS,343.95,344.95,342.0,342.5,3366.0
2019-01-24 09:00:00,NSE:STERTOOLS,340.15,344.8,329.25,335.95,12914.0
2019-01-24 10:00:00,NSE:STERTOOLS,335.65,337.0,334.2,334.95,1598.0
2019-01-24 11:00:00,NSE:STERTOOLS,334.95,336.5,334.2,334.95,2606.0
2019-01-24 12:00:00,NSE:STERTOOLS,334.95,337.45,332.95,337.25,4377.0
2019-01-24 13:00:00,NSE:STERTOOLS,335.65,336.9,335.65,336.0,73.0
2019-01-24 14:00:00,NSE:STERTOOLS,335.65,336.75,335.0,335.7,1308.0
2019-01-24 15:00:00,NSE:STERTOOLS,335.3,336.7,332.2,332.2,4536.0
2019-01-25 09:00:00,NSE:STERTOOLS,336.95,336.95,331.0,333.25,1733.0
2019-01-25 10:00:00,NSE:STERTOOLS,333.5,335.0,332.6,332.6,672.0
2019-01-25 11:00:00,NSE:STERTOOLS,333.65,334.15,332.35,332.35,330.0
2019-01-25 12:00:00,NSE:STERTOOLS,333.45,334.75,333.0,333.95,1157.0
2019-01-25 13:00:00,NSE:STERTOOLS,333.95,334.45,333.95,334.45,207.0
2019-01-25 14:00:00,NSE:STERTOOLS,333.95,335.95,332.3,335.95,1147.0
2019-01-25 15:00:00,NSE:STERTOOLS,335.25,339.7,332.5,332.5,3287.0
2019-01-28 09:00:00,NSE:STERTOOLS,340.0,340.0,333.1,334.95,338.0
2019-01-28 10:00:00,NSE:STERTOOLS,334.95,335.65,331.0,334.6,1689.0
2019-01-28 11:00:00,NSE:STERTOOLS,334.6,334.75,331.1,333.7,1825.0
2019-01-28 12:00:00,NSE:STERTOOLS,333.7,333.85,331.45,333.2,1602.0
2019-01-28 13:00:00,NSE:STERTOOLS,333.2,333.2,330.5,331.8,2781.0
2019-01-28 14:00:00,NSE:STERTOOLS,331.8,336.95,331.35,332.0,3911.0
2019-01-28 15:00:00,NSE:STERTOOLS,332.0,335.45,331.75,332.0,2671.0
2019-01-29 09:00:00,NSE:STERTOOLS,332.2,334.6,331.7,332.65,76.0
2019-01-29 10:00:00,NSE:STERTOOLS,332.2,333.65,331.5,333.6,2076.0
2019-01-29 11:00:00,NSE:STERTOOLS,333.6,333.6,332.25,332.25,37.0
2019-01-29 12:00:00,NSE:STERTOOLS,333.0,334.6,333.0,334.0,204.0
2019-01-29 13:00:00,NSE:STERTOOLS,333.05,333.05,332.05,332.15,273.0
2019-01-29 14:00:00,NSE:STERTOOLS,332.2,335.2,332.2,334.8,242.0
2019-01-29 15:00:00,NSE:STERTOOLS,332.7,334.85,331.5,331.5,2750.0
2019-01-30 09:00:00,NSE:STERTOOLS,332.6,334.25,331.4,334.25,79.0
2019-01-30 10:00:00,NSE:STERTOOLS,334.25,334.3,332.05,332.6,1032.0
2019-01-30 11:00:00,NSE:STERTOOLS,332.25,333.85,332.0,332.05,1813.0
2019-01-30 12:00:00,NSE:STERTOOLS,332.05,333.35,332.0,332.0,1907.0
2019-01-30 13:00:00,NSE:STERTOOLS,332.85,333.4,332.85,333.4,10.0
2019-01-30 14:00:00,NSE:STERTOOLS,333.45,337.9,333.45,335.45,1571.0
2019-01-30 15:00:00,NSE:STERTOOLS,335.45,336.35,331.75,331.75,2845.0
2019-01-31 09:00:00,NSE:STERTOOLS,334.55,335.0,329.1,331.85,937.0
2019-01-31 10:00:00,NSE:STERTOOLS,331.85,332.95,330.2,331.1,711.0
2019-01-31 11:00:00,NSE:STERTOOLS,332.85,332.95,331.1,332.9,88.0
2019-01-31 12:00:00,NSE:STERTOOLS,331.35,331.4,331.35,331.4,210.0
2019-01-31 13:00:00,NSE:STERTOOLS,332.95,335.2,332.95,334.25,418.0
2019-01-31 14:00:00,NSE:STERTOOLS,333.25,339.7,333.25,339.7,1869.0
2019-01-31 15:00:00,NSE:STERTOOLS,339.7,346.9,339.7,345.0,8951.0
2019-02-01 09:00:00,NSE:STERTOOLS,340.35,341.05,340.05,340.85,168.0
2019-02-01 10:00:00,NSE:STERTOOLS,340.25,341.95,335.4,337.15,567.0
2019-02-01 11:00:00,NSE:STERTOOLS,335.4,337.45,334.95,337.0,1202.0
2019-02-01 12:00:00,NSE:STERTOOLS,337.25,339.15,336.7,337.2,1167.0
2019-02-01 13:00:00,NSE:STERTOOLS,339.2,341.05,338.25,341.05,811.0
2019-02-01 14:00:00,NSE:STERTOOLS,338.3,344.85,338.3,344.85,1606.0
2019-02-01 15:00:00,NSE:STERTOOLS,344.85,348.95,340.1,342.0,4329.0
2019-02-04 09:00:00,NSE:STERTOOLS,348.9,348.9,336.75,338.85,1335.0
2019-02-04 10:00:00,NSE:STERTOOLS,339.0,340.15,338.0,339.95,1299.0
2019-02-04 11:00:00,NSE:STERTOOLS,339.9,339.95,339.9,339.95,480.0
2019-02-04 12:00:00,NSE:STERTOOLS,338.65,338.75,338.65,338.75,146.0
2019-02-04 13:00:00,NSE:STERTOOLS,340.0,340.9,339.05,339.8,174.0
2019-02-04 14:00:00,NSE:STERTOOLS,340.0,343.25,340.0,342.55,391.0
2019-02-04 15:00:00,NSE:STERTOOLS,342.55,342.55,335.0,336.5,2234.0
2019-02-05 09:00:00,NSE:STERTOOLS,336.0,337.5,332.5,334.55,2783.0
2019-02-05 10:00:00,NSE:STERTOOLS,333.85,335.15,333.85,334.05,339.0
2019-02-05 11:00:00,NSE:STERTOOLS,335.65,336.1,335.65,336.1,354.0
2019-02-05 12:00:00,NSE:STERTOOLS,334.3,337.0,334.3,337.0,385.0
2019-02-05 13:00:00,NSE:STERTOOLS,335.05,335.05,335.05,335.05,12.0
2019-02-05 14:00:00,NSE:STERTOOLS,335.25,336.45,335.05,335.9,150.0
2019-02-05 15:00:00,NSE:STERTOOLS,334.9,334.9,325.55,330.95,1179.0
2019-02-06 09:00:00,NSE:STERTOOLS,331.1,332.0,327.3,327.85,147.0
2019-02-06 10:00:00,NSE:STERTOOLS,327.45,329.0,327.0,327.2,2495.0
2019-02-06 11:00:00,NSE:STERTOOLS,327.35,328.85,327.35,328.85,143.0
2019-02-06 12:00:00,NSE:STERTOOLS,328.05,328.45,327.0,327.3,1108.0
2019-02-06 13:00:00,NSE:STERTOOLS,327.55,329.45,327.55,328.25,360.0
2019-02-06 14:00:00,NSE:STERTOOLS,328.25,330.25,325.9,329.5,1571.0
2019-02-06 15:00:00,NSE:STERTOOLS,328.5,329.15,321.3,324.65,990.0
2019-02-07 09:00:00,NSE:STERTOOLS,324.65,332.55,324.65,327.0,335.0
2019-02-07 10:00:00,NSE:STERTOOLS,327.95,329.5,322.1,329.5,1992.0
2019-02-07 11:00:00,NSE:STERTOOLS,329.0,329.4,323.3,325.15,432.0
2019-02-07 12:00:00,NSE:STERTOOLS,325.1,327.9,325.05,325.05,49.0
2019-02-07 13:00:00,NSE:STERTOOLS,326.8,327.8,326.8,327.8,21.0
2019-02-07 14:00:00,NSE:STERTOOLS,325.15,327.55,323.45,325.55,2812.0
2019-02-07 15:00:00,NSE:STERTOOLS,325.5,326.0,322.5,325.15,1868.0
2019-02-08 09:00:00,NSE:STERTOOLS,320.2,324.9,317.0,318.5,4215.0
2019-02-08 10:00:00,NSE:STERTOOLS,318.5,321.0,312.0,319.65,3056.0
2019-02-08 11:00:00,NSE:STERTOOLS,319.9,320.0,317.55,318.5,370.0
2019-02-08 12:00:00,NSE:STERTOOLS,318.5,318.5,316.5,317.6,494.0
2019-02-08 13:00:00,NSE:STERTOOLS,317.6,317.6,316.5,316.85,148.0
2019-02-08 14:00:00,NSE:STERTOOLS,316.0,316.75,311.65,314.0,2814.0
2019-02-08 15:00:00,NSE:STERTOOLS,314.0,319.75,311.5,315.15,4155.0
2019-02-11 09:00:00,NSE:STERTOOLS,313.05,314.45,310.1,310.5,5021.0
2019-02-11 10:00:00,NSE:STERTOOLS,310.95,310.95,304.25,305.7,1499.0
2019-02-11 11:00:00,NSE:STERTOOLS,305.7,305.7,287.6,289.75,13305.0
2019-02-11 12:00:00,NSE:STERTOOLS,289.65,293.5,280.3,292.45,3823.0
2019-02-11 13:00:00,NSE:STERTOOLS,292.7,294.9,291.85,293.4,953.0
2019-02-11 14:00:00,NSE:STERTOOLS,293.4,294.6,290.0,290.0,3095.0
2019-02-11 15:00:00,NSE:STERTOOLS,291.4,291.5,285.4,286.0,10674.0
2019-02-12 09:00:00,NSE:STERTOOLS,288.0,292.95,281.35,283.6,1780.0
2019-02-12 10:00:00,NSE:STERTOOLS,283.5,289.8,282.0,286.8,2640.0
2019-02-12 11:00:00,NSE:STERTOOLS,286.7,286.7,276.0,277.8,6477.0
2019-02-12 12:00:00,NSE:STERTOOLS,277.0,277.45,268.0,272.6,9289.0
2019-02-12 13:00:00,NSE:STERTOOLS,270.55,274.7,270.0,274.7,1707.0
2019-02-12 14:00:00,NSE:STERTOOLS,274.7,274.75,267.95,269.9,6236.0
2019-02-12 15:00:00,NSE:STERTOOLS,269.9,272.75,268.0,269.6,2624.0
2019-02-13 09:00:00,NSE:STERTOOLS,268.15,270.0,253.0,253.0,4255.0
2019-02-13 10:00:00,NSE:STERTOOLS,253.45,255.15,250.2,251.3,10575.0
2019-02-13 11:00:00,NSE:STERTOOLS,252.4,255.85,251.3,255.5,10289.0
2019-02-13 12:00:00,NSE:STERTOOLS,255.5,258.35,254.85,256.95,1115.0
2019-02-13 13:00:00,NSE:STERTOOLS,256.95,256.95,253.0,256.0,3414.0
2019-02-13 14:00:00,NSE:STERTOOLS,256.0,268.7,253.25,268.7,9242.0
2019-02-13 15:00:00,NSE:STERTOOLS,268.95,269.75,265.0,265.85,6082.0
2019-02-14 09:00:00,NSE:STERTOOLS,265.0,265.0,260.0,261.3,4557.0
2019-02-14 10:00:00,NSE:STERTOOLS,261.3,264.65,260.0,263.85,1694.0
2019-02-14 11:00:00,NSE:STERTOOLS,263.85,266.75,262.2,265.4,3928.0
2019-02-14 12:00:00,NSE:STERTOOLS,265.95,266.0,264.8,265.0,1813.0
2019-02-14 13:00:00,NSE:STERTOOLS,265.0,266.25,265.0,266.25,2001.0
2019-02-14 14:00:00,NSE:STERTOOLS,266.3,269.75,265.05,268.3,4488.0
2019-02-14 15:00:00,NSE:STERTOOLS,268.3,270.0,265.25,270.0,5145.0
2019-02-15 09:00:00,NSE:STERTOOLS,270.0,270.0,265.0,266.75,246.0
2019-02-15 10:00:00,NSE:STERTOOLS,265.0,265.0,262.5,263.9,1821.0
2019-02-15 11:00:00,NSE:STERTOOLS,262.65,262.75,259.0,262.75,3414.0
2019-02-15 12:00:00,NSE:STERTOOLS,262.35,263.1,259.65,263.0,834.0
2019-02-15 13:00:00,NSE:STERTOOLS,263.15,263.5,259.25,262.25,1563.0
2019-02-15 14:00:00,NSE:STERTOOLS,262.25,266.7,262.25,266.7,787.0
2019-02-15 15:00:00,NSE:STERTOOLS,266.4,267.5,262.0,267.0,947.0
2019-02-18 09:00:00,NSE:STERTOOLS,265.95,265.95,259.2,262.3,749.0
2019-02-18 10:00:00,NSE:STERTOOLS,260.0,260.0,258.0,259.5,5288.0
2019-02-18 11:00:00,NSE:STERTOOLS,259.65,259.7,257.3,259.7,2821.0
2019-02-18 12:00:00,NSE:STERTOOLS,259.65,260.0,258.85,260.0,1934.0
2019-02-18 13:00:00,NSE:STERTOOLS,262.3,262.3,260.45,261.5,106.0
2019-02-18 14:00:00,NSE:STERTOOLS,261.0,261.95,260.6,261.95,5160.0
2019-02-18 15:00:00,NSE:STERTOOLS,261.85,264.7,260.0,261.25,1887.0
2019-02-19 09:00:00,NSE:STERTOOLS,264.2,265.0,261.7,262.0,849.0
2019-02-19 10:00:00,NSE:STERTOOLS,262.0,263.0,260.5,260.85,362.0
2019-02-19 11:00:00,NSE:STERTOOLS,260.2,261.7,260.2,261.5,1209.0
2019-02-19 12:00:00,NSE:STERTOOLS,261.05,263.0,261.05,262.2,158.0
2019-02-19 13:00:00,NSE:STERTOOLS,262.95,264.5,260.85,263.95,2052.0
2019-02-19 14:00:00,NSE:STERTOOLS,263.0,270.0,262.0,269.5,7863.0
2019-02-19 15:00:00,NSE:STERTOOLS,269.6,269.7,264.1,267.85,4584.0
2019-02-20 09:00:00,NSE:STERTOOLS,268.05,268.05,262.25,265.5,601.0
2019-02-20 10:00:00,NSE:STERTOOLS,266.0,266.0,265.1,265.1,227.0
2019-02-20 11:00:00,NSE:STERTOOLS,265.05,269.0,265.05,267.5,1655.0
2019-02-20 12:00:00,NSE:STERTOOLS,268.6,268.6,266.05,267.0,140.0
2019-02-20 13:00:00,NSE:STERTOOLS,266.05,267.55,265.9,267.55,1173.0
2019-02-20 14:00:00,NSE:STERTOOLS,265.85,267.5,265.8,265.8,27.0
2019-02-20 15:00:00,NSE:STERTOOLS,267.15,267.15,265.0,267.0,1540.0
2019-02-21 09:00:00,NSE:STERTOOLS,265.0,267.15,262.4,265.0,842.0
2019-02-21 10:00:00,NSE:STERTOOLS,265.0,265.0,264.5,265.0,315.0
2019-02-21 11:00:00,NSE:STERTOOLS,265.85,265.9,265.5,265.9,92.0
2019-02-21 12:00:00,NSE:STERTOOLS,266.3,266.3,266.3,266.3,10.0
2019-02-21 13:00:00,NSE:STERTOOLS,267.55,267.55,265.7,265.7,135.0
2019-02-21 14:00:00,NSE:STERTOOLS,267.35,269.75,267.35,269.75,1262.0
2019-02-21 15:00:00,NSE:STERTOOLS,269.75,269.75,268.55,269.65,1720.0
2019-02-22 09:00:00,NSE:STERTOOLS,269.65,269.8,267.65,269.8,963.0
2019-02-22 10:00:00,NSE:STERTOOLS,269.8,271.95,267.0,271.0,4161.0
2019-02-22 11:00:00,NSE:STERTOOLS,270.9,271.0,270.0,270.0,506.0
2019-02-22 12:00:00,NSE:STERTOOLS,270.0,271.55,269.6,270.0,1388.0
2019-02-22 13:00:00,NSE:STERTOOLS,270.0,271.15,268.05,269.95,1151.0
2019-02-22 14:00:00,NSE:STERTOOLS,269.95,270.1,269.95,270.1,282.0
2019-02-22 15:00:00,NSE:STERTOOLS,270.0,270.0,270.0,270.0,223.0
2019-02-25 09:00:00,NSE:STERTOOLS,270.1,270.1,266.05,267.5,358.0
2019-02-25 10:00:00,NSE:STERTOOLS,267.85,269.0,266.45,268.5,373.0
2019-02-25 11:00:00,NSE:STERTOOLS,268.8,270.0,267.0,268.0,876.0
2019-02-25 12:00:00,NSE:STERTOOLS,268.1,268.1,267.4,267.4,67.0
2019-02-25 13:00:00,NSE:STERTOOLS,268.0,271.95,268.0,270.1,838.0
2019-02-25 14:00:00,NSE:STERTOOLS,270.0,271.3,268.1,270.0,1792.0
2019-02-25 15:00:00,NSE:STERTOOLS,270.95,278.8,270.95,275.0,3370.0
2019-02-26 09:00:00,NSE:STERTOOLS,279.5,279.5,272.1,272.5,474.0
2019-02-26 10:00:00,NSE:STERTOOLS,270.0,271.0,269.5,271.0,1459.0
2019-02-26 11:00:00,NSE:STERTOOLS,271.0,272.8,271.0,272.0,606.0
2019-02-26 12:00:00,NSE:STERTOOLS,272.3,273.0,270.6,273.0,274.0
2019-02-26 13:00:00,NSE:STERTOOLS,271.75,272.4,271.0,272.4,94.0
2019-02-26 14:00:00,NSE:STERTOOLS,272.5,273.0,272.5,272.85,155.0
2019-02-26 15:00:00,NSE:STERTOOLS,273.0,273.0,270.0,270.0,613.0
2019-02-27 09:00:00,NSE:STERTOOLS,270.0,270.0,270.0,270.0,50.0
2019-02-27 10:00:00,NSE:STERTOOLS,270.9,273.5,270.9,273.5,687.0
2019-02-27 11:00:00,NSE:STERTOOLS,273.5,274.65,273.0,274.65,315.0
2019-02-27 12:00:00,NSE:STERTOOLS,272.05,273.0,271.55,273.0,809.0
2019-02-27 13:00:00,NSE:STERTOOLS,271.55,271.6,271.55,271.6,450.0
2019-02-27 14:00:00,NSE:STERTOOLS,272.95,279.15,272.95,276.95,5011.0
2019-02-27 15:00:00,NSE:STERTOOLS,276.95,278.6,276.5,278.6,2704.0
2019-02-28 09:00:00,NSE:STERTOOLS,276.1,276.15,276.1,276.15,104.0
2019-02-28 10:00:00,NSE:STERTOOLS,276.5,276.5,276.25,276.25,77.0
2019-02-28 11:00:00,NSE:STERTOOLS,276.75,276.75,276.5,276.5,41.0
2019-02-28 12:00:00,NSE:STERTOOLS,276.0,278.15,275.95,278.15,1120.0
2019-02-28 13:00:00,NSE:STERTOOLS,277.65,279.7,277.65,279.65,1925.0
2019-02-28 14:00:00,NSE:STERTOOLS,279.65,285.0,279.55,284.8,4461.0
2019-02-28 15:00:00,NSE:STERTOOLS,284.8,287.1,284.8,286.8,1054.0
2019-03-01 09:00:00,NSE:STERTOOLS,286.0,287.9,285.0,285.0,353.0
2019-03-01 10:00:00,NSE:STERTOOLS,285.0,285.95,283.4,285.8,620.0
2019-03-01 11:00:00,NSE:STERTOOLS,285.8,286.5,283.55,286.5,633.0
2019-03-01 12:00:00,NSE:STERTOOLS,286.5,286.5,286.5,286.5,6.0
2019-03-01 13:00:00,NSE:STERTOOLS,286.35,287.0,286.35,286.95,17.0
2019-03-01 14:00:00,NSE:STERTOOLS,286.95,287.55,286.95,287.5,64.0
2019-03-01 15:00:00,NSE:STERTOOLS,288.1,295.0,288.1,290.05,4692.0
2019-03-05 09:00:00,NSE:STERTOOLS,291.45,294.3,291.45,291.45,1595.0
2019-03-05 10:00:00,NSE:STERTOOLS,294.0,294.35,294.0,294.35,274.0
2019-03-05 11:00:00,NSE:STERTOOLS,294.0,294.7,292.4,292.55,934.0
2019-03-05 12:00:00,NSE:STERTOOLS,293.25,293.95,293.2,293.9,593.0
2019-03-05 13:00:00,NSE:STERTOOLS,293.9,298.0,293.9,297.95,973.0
2019-03-05 14:00:00,NSE:STERTOOLS,298.75,301.4,293.0,299.0,2757.0
2019-03-05 15:00:00,NSE:STERTOOLS,298.95,298.95,293.05,293.05,950.0
2019-03-06 09:00:00,NSE:STERTOOLS,290.1,294.35,290.1,294.3,434.0
2019-03-06 10:00:00,NSE:STERTOOLS,294.6,294.65,291.6,293.9,1014.0
2019-03-06 11:00:00,NSE:STERTOOLS,293.6,295.3,293.5,295.0,127.0
2019-03-06 12:00:00,NSE:STERTOOLS,294.75,294.75,294.6,294.6,6.0
2019-03-06 13:00:00,NSE:STERTOOLS,294.4,294.4,293.9,293.9,13.0
2019-03-06 14:00:00,NSE:STERTOOLS,293.8,293.9,293.0,293.45,104.0
2019-03-06 15:00:00,NSE:STERTOOLS,293.65,293.65,289.1,289.1,504.0
2019-03-07 09:00:00,NSE:STERTOOLS,290.2,290.95,287.0,287.75,351.0
2019-03-07 10:00:00,NSE:STERTOOLS,288.0,288.0,280.85,284.0,3539.0
2019-03-07 11:00:00,NSE:STERTOOLS,284.7,284.7,281.5,283.9,1400.0
2019-03-07 12:00:00,NSE:STERTOOLS,283.5,283.5,280.0,283.2,1791.0
2019-03-07 13:00:00,NSE:STERTOOLS,283.0,283.3,283.0,283.25,413.0
2019-03-07 14:00:00,NSE:STERTOOLS,283.25,286.95,282.5,283.1,1655.0
2019-03-07 15:00:00,NSE:STERTOOLS,282.0,282.85,280.0,280.2,2962.0
2019-03-08 09:00:00,NSE:STERTOOLS,275.1,280.75,275.1,280.0,310.0
2019-03-08 10:00:00,NSE:STERTOOLS,278.1,280.8,275.75,279.25,1256.0
2019-03-08 11:00:00,NSE:STERTOOLS,279.3,280.0,279.3,280.0,513.0
2019-03-08 12:00:00,NSE:STERTOOLS,279.65,279.65,278.0,278.15,105.0
2019-03-08 13:00:00,NSE:STERTOOLS,278.0,278.25,276.0,277.0,799.0
2019-03-08 14:00:00,NSE:STERTOOLS,277.95,278.95,276.0,277.7,1419.0
2019-03-08 15:00:00,NSE:STERTOOLS,277.5,277.5,272.1,275.1,1057.0
2019-03-11 09:00:00,NSE:STERTOOLS,271.3,273.95,271.3,273.3,120.0
2019-03-11 10:00:00,NSE:STERTOOLS,275.95,279.5,274.0,278.0,690.0
2019-03-11 11:00:00,NSE:STERTOOLS,276.05,278.7,275.4,278.0,243.0
2019-03-11 12:00:00,NSE:STERTOOLS,276.05,278.35,276.0,278.35,103.0
2019-03-11 13:00:00,NSE:STERTOOLS,278.35,278.35,276.05,277.55,517.0
2019-03-11 14:00:00,NSE:STERTOOLS,278.15,278.15,277.0,277.3,243.0
2019-03-11 15:00:00,NSE:STERTOOLS,278.05,278.15,277.0,277.0,381.0
2019-03-12 09:00:00,NSE:STERTOOLS,278.0,280.75,278.0,280.15,258.0
2019-03-12 10:00:00,NSE:STERTOOLS,279.8,280.15,279.8,280.0,1039.0
2019-03-12 11:00:00,NSE:STERTOOLS,280.0,281.5,275.4,277.0,667.0
2019-03-12 12:00:00,NSE:STERTOOLS,275.0,280.7,275.0,279.0,954.0
2019-03-12 13:00:00,NSE:STERTOOLS,278.6,278.6,275.4,276.35,92.0
2019-03-12 14:00:00,NSE:STERTOOLS,276.4,287.95,276.4,284.95,3702.0
2019-03-12 15:00:00,NSE:STERTOOLS,287.85,294.85,280.0,283.0,3619.0
2019-03-13 09:00:00,NSE:STERTOOLS,285.0,286.35,284.75,285.0,600.0
2019-03-13 10:00:00,NSE:STERTOOLS,285.0,285.7,282.1,285.5,1195.0
2019-03-13 11:00:00,NSE:STERTOOLS,285.5,289.4,285.5,288.85,356.0
2019-03-13 12:00:00,NSE:STERTOOLS,288.8,288.8,285.9,286.5,248.0
2019-03-13 13:00:00,NSE:STERTOOLS,280.5,287.5,280.5,287.5,2182.0
2019-03-13 14:00:00,NSE:STERTOOLS,287.0,287.75,285.2,285.2,448.0
2019-03-13 15:00:00,NSE:STERTOOLS,284.95,284.95,275.3,279.45,1875.0
2019-03-14 09:00:00,NSE:STERTOOLS,280.2,280.2,274.65,278.05,363.0
2019-03-14 10:00:00,NSE:STERTOOLS,278.65,278.75,276.0,276.85,364.0
2019-03-14 11:00:00,NSE:STERTOOLS,275.0,276.55,270.05,274.6,3308.0
2019-03-14 12:00:00,NSE:STERTOOLS,274.0,274.4,271.0,274.0,3102.0
2019-03-14 13:00:00,NSE:STERTOOLS,274.0,277.0,272.95,275.9,1815.0
2019-03-14 14:00:00,NSE:STERTOOLS,276.0,276.0,274.2,275.35,298.0
2019-03-14 15:00:00,NSE:STERTOOLS,274.5,275.0,270.45,274.9,2080.0
2019-03-15 09:00:00,NSE:STERTOOLS,274.05,296.0,265.0,273.25,9055.0
2019-03-15 10:00:00,NSE:STERTOOLS,273.0,273.95,270.5,272.35,923.0
2019-03-15 11:00:00,NSE:STERTOOLS,272.4,272.5,270.6,272.4,1477.0
2019-03-15 12:00:00,NSE:STERTOOLS,270.0,271.8,270.0,270.0,3197.0
2019-03-15 13:00:00,NSE:STERTOOLS,271.0,274.0,270.2,271.0,1233.0
2019-03-15 14:00:00,NSE:STERTOOLS,271.1,277.7,271.1,275.0,2768.0
2019-03-15 15:00:00,NSE:STERTOOLS,275.6,277.8,275.0,277.5,2903.0
2019-03-18 09:00:00,NSE:STERTOOLS,280.0,283.8,278.0,281.55,2083.0
2019-03-18 10:00:00,NSE:STERTOOLS,281.55,282.5,280.15,281.7,982.0
2019-03-18 11:00:00,NSE:STERTOOLS,282.65,282.65,277.4,280.95,1771.0
2019-03-18 12:00:00,NSE:STERTOOLS,280.05,282.65,280.0,280.05,1814.0
2019-03-18 13:00:00,NSE:STERTOOLS,281.2,281.2,281.0,281.0,45.0
2019-03-18 14:00:00,NSE:STERTOOLS,280.25,280.75,279.0,279.0,305.0
2019-03-18 15:00:00,NSE:STERTOOLS,278.9,279.5,278.2,278.2,971.0
2019-03-19 09:00:00,NSE:STERTOOLS,278.75,279.2,275.55,277.5,907.0
2019-03-19 10:00:00,NSE:STERTOOLS,277.5,278.0,276.65,277.85,120.0
2019-03-19 11:00:00,NSE:STERTOOLS,277.05,279.2,277.05,277.05,533.0
2019-03-19 12:00:00,NSE:STERTOOLS,277.1,277.5,277.05,277.05,268.0
2019-03-19 13:00:00,NSE:STERTOOLS,278.1,278.7,278.1,278.7,159.0
2019-03-19 14:00:00,NSE:STERTOOLS,278.3,281.5,277.4,281.45,2197.0
2019-03-19 15:00:00,NSE:STERTOOLS,281.95,287.0,280.25,285.5,2283.0
2019-03-20 09:00:00,NSE:STERTOOLS,284.95,284.95,284.9,284.9,37.0
2019-03-20 10:00:00,NSE:STERTOOLS,283.85,284.25,281.65,281.65,221.0
2019-03-20 11:00:00,NSE:STERTOOLS,282.5,282.5,282.5,282.5,110.0
2019-03-20 12:00:00,NSE:STERTOOLS,282.05,282.65,282.05,282.65,36.0
2019-03-20 13:00:00,NSE:STERTOOLS,282.45,283.6,282.0,283.6,600.0
2019-03-20 14:00:00,NSE:STERTOOLS,283.55,287.0,282.85,286.9,1045.0
2019-03-20 15:00:00,NSE:STERTOOLS,286.95,294.9,285.25,289.1,1562.0
2019-03-22 09:00:00,NSE:STERTOOLS,287.0,294.35,287.0,294.35,236.0
2019-03-22 10:00:00,NSE:STERTOOLS,293.85,293.9,289.1,290.15,1522.0
2019-03-22 11:00:00,NSE:STERTOOLS,291.15,291.9,289.65,289.65,204.0
2019-03-22 12:00:00,NSE:STERTOOLS,290.35,291.0,290.35,290.7,34.0
2019-03-22 13:00:00,NSE:STERTOOLS,290.4,290.4,286.0,286.85,767.0
2019-03-22 14:00:00,NSE:STERTOOLS,287.0,289.15,286.45,287.55,366.0
2019-03-22 15:00:00,NSE:STERTOOLS,287.65,293.0,286.05,293.0,963.0
2019-03-25 09:00:00,NSE:STERTOOLS,288.35,288.35,279.5,281.55,2151.0
2019-03-25 10:00:00,NSE:STERTOOLS,281.55,283.15,280.1,282.5,1288.0
2019-03-25 11:00:00,NSE:STERTOOLS,283.0,283.15,280.45,282.35,1413.0
2019-03-25 12:00:00,NSE:STERTOOLS,282.0,282.0,282.0,282.0,94.0
2019-03-25 13:00:00,NSE:STERTOOLS,281.95,281.95,280.3,281.75,1082.0
2019-03-25 14:00:00,NSE:STERTOOLS,281.75,281.95,280.3,281.5,192.0
2019-03-25 15:00:00,NSE:STERTOOLS,281.5,283.8,280.0,280.0,4446.0
2019-03-26 09:00:00,NSE:STERTOOLS,283.0,283.0,283.0,283.0,70.0
2019-03-26 10:00:00,NSE:STERTOOLS,283.25,283.25,281.65,281.65,104.0
2019-03-26 11:00:00,NSE:STERTOOLS,282.1,282.1,281.05,281.95,152.0
2019-03-26 12:00:00,NSE:STERTOOLS,280.0,280.0,277.4,278.5,568.0
2019-03-26 13:00:00,NSE:STERTOOLS,277.05,280.0,276.55,279.95,1552.0
2019-03-26 14:00:00,NSE:STERTOOLS,279.95,279.95,278.45,279.55,1782.0
2019-03-26 15:00:00,NSE:STERTOOLS,279.55,280.0,274.1,276.95,1909.0
2019-03-27 09:00:00,NSE:STERTOOLS,281.05,281.05,280.0,280.0,509.0
2019-03-27 10:00:00,NSE:STERTOOLS,280.0,282.85,279.5,282.55,3098.0
2019-03-27 11:00:00,NSE:STERTOOLS,281.75,282.45,279.45,281.0,465.0
2019-03-27 13:00:00,NSE:STERTOOLS,281.9,281.9,281.9,281.9,28.0
2019-03-27 14:00:00,NSE:STERTOOLS,280.0,281.8,279.7,280.1,855.0
2019-03-27 15:00:00,NSE:STERTOOLS,280.2,289.9,280.1,286.65,5545.0
2019-03-28 09:00:00,NSE:STERTOOLS,281.45,282.85,279.0,281.95,1068.0
2019-03-28 10:00:00,NSE:STERTOOLS,281.25,281.25,280.0,281.0,1027.0
2019-03-28 11:00:00,NSE:STERTOOLS,280.1,284.3,280.05,283.5,753.0
2019-03-28 12:00:00,NSE:STERTOOLS,283.85,284.55,283.0,284.55,558.0
2019-03-28 13:00:00,NSE:STERTOOLS,284.75,286.35,282.1,286.35,674.0
2019-03-28 14:00:00,NSE:STERTOOLS,286.3,288.35,284.0,286.7,1417.0
2019-03-28 15:00:00,NSE:STERTOOLS,286.05,286.05,280.1,280.1,307.0
2019-03-29 09:00:00,NSE:STERTOOLS,281.35,286.15,281.35,286.15,1432.0
2019-03-29 10:00:00,NSE:STERTOOLS,286.6,286.9,286.2,286.2,45.0
2019-03-29 11:00:00,NSE:STERTOOLS,286.2,334.95,286.2,329.0,35536.0
2019-03-29 12:00:00,NSE:STERTOOLS,329.4,329.8,324.25,324.25,3202.0
2019-03-29 13:00:00,NSE:STERTOOLS,324.25,326.5,322.55,324.9,2029.0
2019-03-29 14:00:00,NSE:STERTOOLS,324.9,334.5,324.9,325.05,11702.0
2019-03-29 15:00:00,NSE:STERTOOLS,326.0,329.0,323.0,323.55,6955.0
2019-04-01 09:00:00,NSE:STERTOOLS,327.0,330.0,320.1,322.45,4280.0
2019-04-01 10:00:00,NSE:STERTOOLS,322.45,323.9,316.1,317.0,2020.0
2019-04-01 11:00:00,NSE:STERTOOLS,319.55,319.55,316.8,317.65,515.0
2019-04-01 12:00:00,NSE:STERTOOLS,318.85,320.55,318.1,320.45,1224.0
2019-04-01 13:00:00,NSE:STERTOOLS,320.4,320.4,318.15,319.5,318.0
2019-04-01 14:00:00,NSE:STERTOOLS,319.2,320.3,318.2,319.0,2344.0
2019-04-01 15:00:00,NSE:STERTOOLS,319.9,319.9,311.25,317.15,1801.0
2019-04-02 09:00:00,NSE:STERTOOLS,317.15,322.7,302.5,304.0,1532.0
2019-04-02 10:00:00,NSE:STERTOOLS,306.0,314.95,304.15,310.0,3052.0
2019-04-02 11:00:00,NSE:STERTOOLS,314.55,314.55,308.5,310.0,270.0
2019-04-02 12:00:00,NSE:STERTOOLS,309.95,313.7,309.2,309.85,376.0
2019-04-02 13:00:00,NSE:STERTOOLS,311.1,311.1,304.6,308.9,2190.0
2019-04-02 14:00:00,NSE:STERTOOLS,305.05,308.4,302.0,305.95,1463.0
2019-04-02 15:00:00,NSE:STERTOOLS,305.0,306.35,303.1,303.9,1976.0
2019-04-03 09:00:00,NSE:STERTOOLS,304.95,310.55,297.0,310.55,1072.0
2019-04-03 10:00:00,NSE:STERTOOLS,310.55,310.55,306.45,308.0,1439.0
2019-04-03 11:00:00,NSE:STERTOOLS,307.05,307.05,301.1,303.9,2003.0
2019-04-03 12:00:00,NSE:STERTOOLS,302.15,306.75,302.1,306.75,977.0
2019-04-03 13:00:00,NSE:STERTOOLS,305.9,306.95,304.0,306.7,431.0
2019-04-03 14:00:00,NSE:STERTOOLS,305.35,305.9,303.0,304.0,3812.0
2019-04-03 15:00:00,NSE:STERTOOLS,304.7,306.25,302.15,303.2,4631.0
2019-04-04 09:00:00,NSE:STERTOOLS,303.0,303.0,301.0,301.75,319.0
2019-04-04 10:00:00,NSE:STERTOOLS,301.75,301.75,301.2,301.75,53.0
2019-04-04 11:00:00,NSE:STERTOOLS,301.75,301.75,298.6,298.7,265.0
2019-04-04 12:00:00,NSE:STERTOOLS,298.0,298.5,296.3,298.5,1428.0
2019-04-04 13:00:00,NSE:STERTOOLS,298.9,300.0,298.9,300.0,726.0
2019-04-04 14:00:00,NSE:STERTOOLS,298.85,299.8,296.5,297.15,457.0
2019-04-04 15:00:00,NSE:STERTOOLS,297.15,299.85,297.15,299.85,231.0
2019-04-05 09:00:00,NSE:STERTOOLS,297.0,297.95,294.5,294.5,882.0
2019-04-05 10:00:00,NSE:STERTOOLS,294.5,297.0,294.5,297.0,331.0
2019-04-05 11:00:00,NSE:STERTOOLS,297.35,299.25,296.0,297.0,247.0
2019-04-05 12:00:00,NSE:STERTOOLS,297.0,297.0,296.0,296.0,1035.0
2019-04-05 13:00:00,NSE:STERTOOLS,296.0,296.0,295.0,295.9,271.0
2019-04-05 14:00:00,NSE:STERTOOLS,295.0,295.0,292.05,293.0,1269.0
2019-04-05 15:00:00,NSE:STERTOOLS,293.0,293.0,280.85,285.8,5008.0
2019-04-08 09:00:00,NSE:STERTOOLS,288.8,291.55,286.05,291.45,2369.0
2019-04-08 10:00:00,NSE:STERTOOLS,291.45,296.0,290.55,295.0,3179.0
2019-04-08 11:00:00,NSE:STERTOOLS,295.8,295.8,293.0,293.0,356.0
2019-04-08 12:00:00,NSE:STERTOOLS,293.0,293.0,288.0,288.0,1420.0
2019-04-08 13:00:00,NSE:STERTOOLS,288.0,289.9,287.5,288.85,233.0
2019-04-08 14:00:00,NSE:STERTOOLS,287.15,289.85,287.15,289.0,256.0
2019-04-08 15:00:00,NSE:STERTOOLS,289.0,293.0,289.0,290.5,622.0
2019-04-09 09:00:00,NSE:STERTOOLS,298.0,298.0,287.1,291.0,640.0
2019-04-09 10:00:00,NSE:STERTOOLS,291.05,293.85,290.05,290.15,137.0
2019-04-09 11:00:00,NSE:STERTOOLS,290.1,293.0,288.25,290.05,760.0
2019-04-09 12:00:00,NSE:STERTOOLS,291.1,291.1,288.25,288.4,260.0
2019-04-09 13:00:00,NSE:STERTOOLS,289.5,291.1,288.8,288.8,194.0
2019-04-09 14:00:00,NSE:STERTOOLS,290.0,293.15,289.0,291.5,993.0
2019-04-09 15:00:00,NSE:STERTOOLS,291.65,293.95,291.5,293.95,470.0
2019-04-10 09:00:00,NSE:STERTOOLS,285.8,293.65,285.8,289.0,521.0
2019-04-10 10:00:00,NSE:STERTOOLS,287.1,289.7,287.1,289.6,173.0
2019-04-10 11:00:00,NSE:STERTOOLS,289.6,289.6,287.2,289.0,600.0
2019-04-10 12:00:00,NSE:STERTOOLS,289.4,289.4,289.4,289.4,144.0
2019-04-10 13:00:00,NSE:STERTOOLS,288.5,289.5,286.05,287.9,2188.0
2019-04-10 14:00:00,NSE:STERTOOLS,287.0,287.0,282.5,283.55,2474.0
2019-04-10 15:00:00,NSE:STERTOOLS,283.0,284.75,278.4,281.6,2695.0
2019-04-11 09:00:00,NSE:STERTOOLS,284.95,284.95,281.65,281.65,168.0
2019-04-11 10:00:00,NSE:STERTOOLS,282.35,285.0,282.35,284.0,631.0
2019-04-11 11:00:00,NSE:STERTOOLS,284.0,285.0,284.0,285.0,350.0
2019-04-11 12:00:00,NSE:STERTOOLS,284.95,285.0,284.95,285.0,327.0
2019-04-11 13:00:00,NSE:STERTOOLS,284.0,285.0,284.0,285.0,1333.0
2019-04-11 14:00:00,NSE:STERTOOLS,285.7,288.0,285.5,287.0,590.0
2019-04-11 15:00:00,NSE:STERTOOLS,288.0,289.9,286.9,288.15,557.0
2019-04-12 09:00:00,NSE:STERTOOLS,291.95,291.95,287.25,287.25,190.0
2019-04-12 10:00:00,NSE:STERTOOLS,287.25,287.55,287.15,287.55,25.0
2019-04-12 11:00:00,NSE:STERTOOLS,287.95,287.95,287.95,287.95,10.0
2019-04-12 12:00:00,NSE:STERTOOLS,287.05,287.05,285.0,287.0,544.0
2019-04-12 13:00:00,NSE:STERTOOLS,286.0,287.0,283.25,283.25,460.0
2019-04-12 14:00:00,NSE:STERTOOLS,284.15,285.95,284.0,285.8,1162.0
2019-04-12 15:00:00,NSE:STERTOOLS,285.0,285.9,282.2,283.75,459.0
2019-04-15 09:00:00,NSE:STERTOOLS,288.0,288.0,284.75,284.75,99.0
2019-04-15 10:00:00,NSE:STERTOOLS,284.0,284.0,281.0,283.5,1328.0
2019-04-15 11:00:00,NSE:STERTOOLS,281.65,281.65,279.85,280.3,1426.0
2019-04-15 12:00:00,NSE:STERTOOLS,280.95,283.0,280.15,281.05,969.0
2019-04-15 13:00:00,NSE:STERTOOLS,282.7,282.75,280.0,280.1,1321.0
2019-04-15 14:00:00,NSE:STERTOOLS,281.85,281.85,280.5,281.8,152.0
2019-04-15 15:00:00,NSE:STERTOOLS,281.8,281.8,279.1,280.45,846.0
2019-04-16 09:00:00,NSE:STERTOOLS,278.0,287.5,278.0,282.0,624.0
2019-04-16 10:00:00,NSE:STERTOOLS,280.0,281.9,280.0,281.9,1017.0
2019-04-16 11:00:00,NSE:STERTOOLS,280.25,282.5,280.25,282.5,260.0
2019-04-16 12:00:00,NSE:STERTOOLS,282.5,283.55,282.5,283.5,297.0
2019-04-16 13:00:00,NSE:STERTOOLS,282.5,284.35,280.1,280.2,773.0
2019-04-16 14:00:00,NSE:STERTOOLS,282.0,282.0,280.55,280.55,20.0
2019-04-16 15:00:00,NSE:STERTOOLS,280.55,281.85,280.15,280.15,182.0
2019-04-18 09:00:00,NSE:STERTOOLS,280.15,283.8,280.15,280.65,187.0
2019-04-18 10:00:00,NSE:STERTOOLS,281.2,281.2,281.2,281.2,10.0
2019-04-18 11:00:00,NSE:STERTOOLS,282.3,282.3,281.0,281.0,123.0
2019-04-18 12:00:00,NSE:STERTOOLS,281.95,282.75,281.8,282.75,175.0
2019-04-18 13:00:00,NSE:STERTOOLS,282.75,283.0,281.05,283.0,674.0
2019-04-18 14:00:00,NSE:STERTOOLS,283.0,283.0,282.2,282.2,100.0
2019-04-18 15:00:00,NSE:STERTOOLS,282.2,282.95,280.45,282.95,152.0
2019-04-22 09:00:00,NSE:STERTOOLS,281.2,286.9,278.95,278.95,538.0
2019-04-22 10:00:00,NSE:STERTOOLS,278.95,280.35,278.5,280.35,523.0
2019-04-22 11:00:00,NSE:STERTOOLS,279.25,282.0,279.0,279.5,1274.0
2019-04-22 12:00:00,NSE:STERTOOLS,281.9,281.9,281.9,281.9,53.0
2019-04-22 13:00:00,NSE:STERTOOLS,278.45,280.0,278.45,280.0,79.0
2019-04-22 14:00:00,NSE:STERTOOLS,279.5,281.0,279.5,279.5,1556.0
2019-04-22 15:00:00,NSE:STERTOOLS,279.5,281.4,279.5,279.65,573.0
2019-04-23 09:00:00,NSE:STERTOOLS,278.25,278.25,278.25,278.25,40.0
2019-04-23 10:00:00,NSE:STERTOOLS,279.85,282.5,277.0,277.0,625.0
2019-04-23 11:00:00,NSE:STERTOOLS,277.3,279.4,277.05,279.4,86.0
2019-04-23 12:00:00,NSE:STERTOOLS,278.45,279.55,278.35,278.35,63.0
2019-04-23 13:00:00,NSE:STERTOOLS,278.35,280.05,278.35,279.05,144.0
2019-04-23 14:00:00,NSE:STERTOOLS,279.25,280.5,279.25,279.45,103.0
2019-04-23 15:00:00,NSE:STERTOOLS,280.5,281.95,279.0,279.5,717.0
2019-04-24 09:00:00,NSE:STERTOOLS,276.35,281.15,276.35,279.0,140.0
2019-04-24 10:00:00,NSE:STERTOOLS,279.0,279.0,279.0,279.0,1110.0
2019-04-24 11:00:00,NSE:STERTOOLS,280.95,280.95,279.0,279.0,290.0
2019-04-24 12:00:00,NSE:STERTOOLS,280.9,282.95,280.9,282.95,1015.0
2019-04-24 13:00:00,NSE:STERTOOLS,282.45,283.0,281.25,283.0,109.0
2019-04-24 14:00:00,NSE:STERTOOLS,283.0,285.5,283.0,285.5,413.0
2019-04-24 15:00:00,NSE:STERTOOLS,286.7,286.7,283.65,286.7,187.0
2019-04-25 09:00:00,NSE:STERTOOLS,285.0,285.0,281.0,283.2,562.0
2019-04-25 10:00:00,NSE:STERTOOLS,280.95,283.75,280.5,283.0,308.0
2019-04-25 11:00:00,NSE:STERTOOLS,283.0,283.0,281.5,281.5,158.0
2019-04-25 12:00:00,NSE:STERTOOLS,281.5,282.7,281.1,281.1,59.0
2019-04-25 13:00:00,NSE:STERTOOLS,281.9,282.65,280.05,280.6,930.0
2019-04-25 14:00:00,NSE:STERTOOLS,280.7,282.95,277.2,277.2,2546.0
2019-04-25 15:00:00,NSE:STERTOOLS,278.0,280.0,277.0,279.75,1275.0
2019-04-26 09:00:00,NSE:STERTOOLS,276.0,280.0,276.0,279.95,281.0
2019-04-26 10:00:00,NSE:STERTOOLS,278.0,278.0,277.45,277.45,140.0
2019-04-26 11:00:00,NSE:STERTOOLS,277.45,277.45,275.65,275.65,145.0
2019-04-26 12:00:00,NSE:STERTOOLS,275.7,278.0,275.7,276.05,148.0
2019-04-26 13:00:00,NSE:STERTOOLS,277.0,278.0,276.1,278.0,2276.0
2019-04-26 14:00:00,NSE:STERTOOLS,278.0,278.95,277.0,278.0,336.0
2019-04-26 15:00:00,NSE:STERTOOLS,278.95,278.95,276.0,276.0,135.0
2019-04-30 09:00:00,NSE:STERTOOLS,275.0,289.15,275.0,286.0,1202.0
2019-04-30 10:00:00,NSE:STERTOOLS,285.0,285.0,276.2,276.65,3305.0
2019-04-30 11:00:00,NSE:STERTOOLS,276.15,279.0,276.15,276.5,278.0
2019-04-30 12:00:00,NSE:STERTOOLS,276.5,276.5,276.5,276.5,211.0
2019-04-30 13:00:00,NSE:STERTOOLS,276.7,277.65,276.5,276.9,124.0
2019-04-30 14:00:00,NSE:STERTOOLS,277.0,279.9,277.0,278.05,71.0
2019-04-30 15:00:00,NSE:STERTOOLS,278.45,284.0,278.0,278.0,1161.0
2019-05-02 09:00:00,NSE:STERTOOLS,282.7,282.7,275.5,276.1,157.0
2019-05-02 10:00:00,NSE:STERTOOLS,276.35,276.35,276.35,276.35,250.0
2019-05-02 11:00:00,NSE:STERTOOLS,278.85,278.85,278.0,278.0,7.0
2019-05-02 12:00:00,NSE:STERTOOLS,275.0,277.8,274.5,277.15,2523.0
2019-05-02 13:00:00,NSE:STERTOOLS,277.0,277.05,275.3,275.3,1502.0
2019-05-02 14:00:00,NSE:STERTOOLS,276.0,277.0,274.05,274.05,5545.0
2019-05-02 15:00:00,NSE:STERTOOLS,276.9,277.45,274.05,274.05,624.0
2019-05-03 09:00:00,NSE:STERTOOLS,272.45,281.9,272.45,275.8,230.0
2019-05-03 10:00:00,NSE:STERTOOLS,274.85,275.0,274.85,275.0,268.0
2019-05-03 11:00:00,NSE:STERTOOLS,275.0,275.05,275.0,275.0,309.0
2019-05-03 12:00:00,NSE:STERTOOLS,276.95,277.0,275.0,276.5,152.0
2019-05-03 13:00:00,NSE:STERTOOLS,276.5,276.5,276.5,276.5,8.0
2019-05-03 14:00:00,NSE:STERTOOLS,276.5,277.0,276.0,276.0,310.0
2019-05-03 15:00:00,NSE:STERTOOLS,275.25,275.25,275.0,275.0,122.0
2019-05-06 09:00:00,NSE:STERTOOLS,270.1,276.9,270.1,273.0,34.0
2019-05-06 10:00:00,NSE:STERTOOLS,270.45,273.0,268.85,273.0,1285.0
2019-05-06 11:00:00,NSE:STERTOOLS,273.0,274.7,268.1,269.9,5034.0
2019-05-06 12:00:00,NSE:STERTOOLS,269.95,270.05,269.0,269.9,10369.0
2019-05-06 13:00:00,NSE:STERTOOLS,269.9,269.9,267.2,269.9,485.0
2019-05-06 14:00:00,NSE:STERTOOLS,268.7,269.45,268.7,268.95,142.0
2019-05-06 15:00:00,NSE:STERTOOLS,268.5,269.9,268.0,269.5,843.0
2019-05-07 09:00:00,NSE:STERTOOLS,270.0,270.0,267.1,267.3,132.0
2019-05-07 10:00:00,NSE:STERTOOLS,267.35,267.95,267.35,267.95,295.0
2019-05-07 11:00:00,NSE:STERTOOLS,269.95,271.0,269.95,269.95,442.0
2019-05-07 12:00:00,NSE:STERTOOLS,268.0,269.9,268.0,269.85,19.0
2019-05-07 13:00:00,NSE:STERTOOLS,269.0,269.0,268.0,268.0,51.0
2019-05-07 14:00:00,NSE:STERTOOLS,268.0,268.0,266.0,266.25,1344.0
2019-05-07 15:00:00,NSE:STERTOOLS,266.5,266.7,262.0,264.95,1920.0
2019-05-08 09:00:00,NSE:STERTOOLS,263.0,268.0,262.0,268.0,1724.0
2019-05-08 10:00:00,NSE:STERTOOLS,267.05,268.95,263.5,263.5,1371.0
2019-05-08 11:00:00,NSE:STERTOOLS,265.0,265.0,263.5,264.0,200.0
2019-05-08 12:00:00,NSE:STERTOOLS,262.5,268.65,260.25,262.15,1461.0
2019-05-08 13:00:00,NSE:STERTOOLS,262.0,265.8,262.0,264.95,72.0
2019-05-08 14:00:00,NSE:STERTOOLS,262.05,264.85,259.9,260.0,5678.0
2019-05-08 15:00:00,NSE:STERTOOLS,260.05,262.8,260.0,260.2,893.0
2019-05-09 10:00:00,NSE:STERTOOLS,260.0,260.0,256.95,257.0,1150.0
2019-05-09 12:00:00,NSE:STERTOOLS,257.6,261.95,257.6,261.95,251.0
2019-05-09 13:00:00,NSE:STERTOOLS,261.85,261.85,258.0,261.75,126.0
2019-05-09 14:00:00,NSE:STERTOOLS,258.0,261.7,258.0,261.7,112.0
2019-05-09 15:00:00,NSE:STERTOOLS,259.95,264.95,258.1,264.95,1378.0
2019-05-10 09:00:00,NSE:STERTOOLS,264.95,264.95,258.0,258.1,214.0
2019-05-10 10:00:00,NSE:STERTOOLS,262.75,269.9,260.05,263.3,788.0
2019-05-10 11:00:00,NSE:STERTOOLS,263.15,263.15,263.15,263.15,8.0
2019-05-10 12:00:00,NSE:STERTOOLS,263.95,268.75,263.95,268.75,239.0
2019-05-10 13:00:00,NSE:STERTOOLS,268.7,268.7,259.5,259.55,1841.0
2019-05-10 14:00:00,NSE:STERTOOLS,259.55,260.5,258.4,260.5,923.0
2019-05-10 15:00:00,NSE:STERTOOLS,260.65,270.0,260.0,270.0,706.0
2019-05-13 09:00:00,NSE:STERTOOLS,262.0,262.3,261.15,262.0,128.0
2019-05-13 10:00:00,NSE:STERTOOLS,262.95,265.0,261.55,261.55,118.0
2019-05-13 11:00:00,NSE:STERTOOLS,260.0,263.95,258.0,258.0,1711.0
2019-05-13 12:00:00,NSE:STERTOOLS,258.95,262.7,257.7,261.95,6794.0
2019-05-13 13:00:00,NSE:STERTOOLS,261.5,261.5,257.0,257.0,279.0
2019-05-13 14:00:00,NSE:STERTOOLS,258.0,258.0,242.0,243.7,5225.0
2019-05-13 15:00:00,NSE:STERTOOLS,241.05,241.05,235.85,238.95,7660.0
2019-05-14 09:00:00,NSE:STERTOOLS,240.5,244.8,239.0,240.05,918.0
2019-05-14 10:00:00,NSE:STERTOOLS,240.2,242.9,239.25,239.25,1018.0
2019-05-14 11:00:00,NSE:STERTOOLS,239.25,239.65,232.8,235.0,1797.0
2019-05-14 12:00:00,NSE:STERTOOLS,234.95,234.95,230.2,230.2,1413.0
2019-05-14 13:00:00,NSE:STERTOOLS,230.2,234.7,229.05,231.3,4639.0
2019-05-14 14:00:00,NSE:STERTOOLS,232.0,235.0,232.0,233.0,296.0
2019-05-14 15:00:00,NSE:STERTOOLS,235.0,239.8,233.0,238.75,926.0
2019-05-15 09:00:00,NSE:STERTOOLS,238.0,244.7,237.0,238.0,228.0
2019-05-15 10:00:00,NSE:STERTOOLS,238.0,238.0,236.5,236.5,1141.0
2019-05-15 11:00:00,NSE:STERTOOLS,236.5,237.0,236.5,236.9,155.0
2019-05-15 12:00:00,NSE:STERTOOLS,235.0,235.55,235.0,235.55,17.0
2019-05-15 13:00:00,NSE:STERTOOLS,235.55,235.85,233.0,233.0,688.0
2019-05-15 14:00:00,NSE:STERTOOLS,233.0,234.9,230.4,232.7,2522.0
2019-05-15 15:00:00,NSE:STERTOOLS,232.5,233.4,225.2,228.6,3927.0
2019-05-16 09:00:00,NSE:STERTOOLS,230.35,230.35,227.2,227.2,450.0
2019-05-16 10:00:00,NSE:STERTOOLS,222.3,229.0,221.0,222.95,1640.0
2019-05-16 11:00:00,NSE:STERTOOLS,223.5,225.95,221.5,224.0,643.0
2019-05-16 12:00:00,NSE:STERTOOLS,223.5,223.85,223.2,223.5,137.0
2019-05-16 13:00:00,NSE:STERTOOLS,223.0,223.9,221.5,222.9,207.0
2019-05-16 14:00:00,NSE:STERTOOLS,222.0,223.85,215.35,218.0,2844.0
2019-05-16 15:00:00,NSE:STERTOOLS,216.0,217.6,208.4,212.0,7969.0
2019-05-17 09:00:00,NSE:STERTOOLS,215.0,215.2,213.4,214.5,1692.0
2019-05-17 10:00:00,NSE:STERTOOLS,214.0,214.0,205.3,206.35,3261.0
2019-05-17 11:00:00,NSE:STERTOOLS,205.75,207.55,205.25,207.55,1346.0
2019-05-17 12:00:00,NSE:STERTOOLS,207.95,213.0,206.15,206.15,1322.0
2019-05-17 13:00:00,NSE:STERTOOLS,207.5,208.0,206.1,206.85,94.0
2019-05-17 14:00:00,NSE:STERTOOLS,207.85,214.75,207.0,213.5,1328.0
2019-05-17 15:00:00,NSE:STERTOOLS,212.5,212.5,209.0,211.35,517.0
2019-05-20 09:00:00,NSE:STERTOOLS,215.0,228.0,215.0,222.0,2240.0
2019-05-20 10:00:00,NSE:STERTOOLS,223.85,224.25,221.3,221.5,171.0
2019-05-20 11:00:00,NSE:STERTOOLS,221.3,222.85,220.3,220.3,225.0
2019-05-20 12:00:00,NSE:STERTOOLS,222.8,227.4,220.3,225.75,1723.0
2019-05-20 13:00:00,NSE:STERTOOLS,226.15,227.95,222.2,227.5,887.0
2019-05-20 14:00:00,NSE:STERTOOLS,230.0,230.0,225.7,228.0,2460.0
2019-05-20 15:00:00,NSE:STERTOOLS,227.9,230.0,222.2,225.5,2553.0
2019-05-21 09:00:00,NSE:STERTOOLS,237.0,237.0,224.0,224.15,206.0
2019-05-21 10:00:00,NSE:STERTOOLS,223.7,225.0,221.3,222.15,667.0
2019-05-21 11:00:00,NSE:STERTOOLS,222.7,224.65,221.35,222.35,170.0
2019-05-21 12:00:00,NSE:STERTOOLS,222.35,223.0,222.0,222.1,175.0
2019-05-21 13:00:00,NSE:STERTOOLS,223.5,224.0,221.5,223.0,1211.0
2019-05-21 14:00:00,NSE:STERTOOLS,222.15,227.8,221.25,226.0,3080.0
2019-05-21 15:00:00,NSE:STERTOOLS,226.95,229.9,220.45,226.45,418.0
2019-05-22 09:00:00,NSE:STERTOOLS,232.1,232.1,221.05,224.65,680.0
2019-05-22 10:00:00,NSE:STERTOOLS,223.0,223.0,222.45,222.45,300.0
2019-05-22 11:00:00,NSE:STERTOOLS,222.5,222.5,219.7,222.5,2366.0
2019-05-22 12:00:00,NSE:STERTOOLS,221.2,221.2,216.0,218.0,1222.0
2019-05-22 13:00:00,NSE:STERTOOLS,219.4,220.1,217.0,220.05,3307.0
2019-05-22 14:00:00,NSE:STERTOOLS,220.3,222.4,220.3,222.4,2099.0
2019-05-22 15:00:00,NSE:STERTOOLS,222.3,222.3,216.55,220.15,1012.0
2019-05-23 09:00:00,NSE:STERTOOLS,230.0,230.0,221.2,223.0,1615.0
2019-05-23 10:00:00,NSE:STERTOOLS,227.9,227.9,222.0,222.0,916.0
2019-05-23 11:00:00,NSE:STERTOOLS,221.4,222.85,216.6,218.6,1136.0
2019-05-23 12:00:00,NSE:STERTOOLS,219.0,219.0,216.2,217.85,180.0
2019-05-23 13:00:00,NSE:STERTOOLS,218.0,221.5,217.85,221.45,1726.0
2019-05-23 14:00:00,NSE:STERTOOLS,220.2,220.2,216.7,217.7,295.0
2019-05-23 15:00:00,NSE:STERTOOLS,217.6,217.6,211.65,213.0,541.0
2019-05-24 09:00:00,NSE:STERTOOLS,212.6,212.6,175.3,193.4,72668.0
2019-05-24 10:00:00,NSE:STERTOOLS,193.45,199.7,191.3,196.9,21847.0
2019-05-24 11:00:00,NSE:STERTOOLS,197.85,203.6,195.3,201.35,15840.0
2019-05-24 12:00:00,NSE:STERTOOLS,201.5,203.0,199.6,201.6,15832.0
2019-05-24 13:00:00,NSE:STERTOOLS,200.2,201.45,200.0,200.05,3836.0
2019-05-24 14:00:00,NSE:STERTOOLS,200.25,204.0,200.0,204.0,4741.0
2019-05-24 15:00:00,NSE:STERTOOLS,203.95,209.7,201.7,203.7,11910.0
2019-05-27 09:00:00,NSE:STERTOOLS,214.9,214.9,200.35,202.5,4871.0
2019-05-27 10:00:00,NSE:STERTOOLS,201.0,204.25,198.2,201.95,12219.0
2019-05-27 11:00:00,NSE:STERTOOLS,201.0,201.95,200.15,201.8,3482.0
2019-05-27 12:00:00,NSE:STERTOOLS,202.0,206.0,202.0,202.15,2285.0
2019-05-27 13:00:00,NSE:STERTOOLS,203.0,209.9,203.0,208.35,4431.0
2019-05-27 14:00:00,NSE:STERTOOLS,208.25,208.9,204.65,208.2,2685.0
2019-05-27 15:00:00,NSE:STERTOOLS,209.3,213.6,208.25,211.35,3179.0
2019-05-28 09:00:00,NSE:STERTOOLS,208.0,210.55,206.0,208.3,1544.0
2019-05-28 10:00:00,NSE:STERTOOLS,208.3,210.0,208.3,210.0,392.0
2019-05-28 11:00:00,NSE:STERTOOLS,211.15,212.05,210.0,212.0,768.0
2019-05-28 12:00:00,NSE:STERTOOLS,215.35,215.35,210.05,210.85,936.0
2019-05-28 13:00:00,NSE:STERTOOLS,213.5,218.0,211.6,217.9,1240.0
2019-05-28 14:00:00,NSE:STERTOOLS,217.9,218.85,214.25,215.0,1959.0
2019-05-28 15:00:00,NSE:STERTOOLS,216.95,219.75,215.0,217.8,807.0
2019-05-29 09:00:00,NSE:STERTOOLS,215.05,219.75,215.05,217.7,1125.0
2019-05-29 10:00:00,NSE:STERTOOLS,220.0,229.8,220.0,226.95,5593.0
2019-05-29 11:00:00,NSE:STERTOOLS,226.95,233.95,226.95,231.85,7014.0
2019-05-29 12:00:00,NSE:STERTOOLS,231.8,232.8,230.0,232.0,863.0
2019-05-29 13:00:00,NSE:STERTOOLS,232.0,234.75,231.2,234.4,2926.0
2019-05-29 14:00:00,NSE:STERTOOLS,234.45,239.75,233.0,239.0,7371.0
2019-05-29 15:00:00,NSE:STERTOOLS,238.95,238.95,230.3,233.8,7028.0
2019-05-30 09:00:00,NSE:STERTOOLS,231.0,232.8,231.0,232.55,817.0
2019-05-30 10:00:00,NSE:STERTOOLS,232.55,233.0,227.9,232.9,1731.0
2019-05-30 11:00:00,NSE:STERTOOLS,232.0,233.4,230.7,231.1,2155.0
2019-05-30 12:00:00,NSE:STERTOOLS,231.1,231.1,231.1,231.1,215.0
2019-05-30 13:00:00,NSE:STERTOOLS,231.1,231.1,231.1,231.1,300.0
2019-05-30 14:00:00,NSE:STERTOOLS,231.1,232.7,231.1,231.15,1086.0
2019-05-30 15:00:00,NSE:STERTOOLS,232.55,232.55,231.1,231.1,926.0
2019-05-31 09:00:00,NSE:STERTOOLS,227.0,232.8,225.8,225.8,211.0
2019-05-31 10:00:00,NSE:STERTOOLS,226.0,227.8,225.0,225.0,1952.0
2019-05-31 11:00:00,NSE:STERTOOLS,227.1,227.1,227.1,227.1,16.0
2019-05-31 12:00:00,NSE:STERTOOLS,227.0,227.5,225.0,225.0,1035.0
2019-05-31 13:00:00,NSE:STERTOOLS,225.1,228.1,225.1,228.1,1051.0
2019-05-31 14:00:00,NSE:STERTOOLS,229.9,231.2,229.9,231.2,484.0
2019-05-31 15:00:00,NSE:STERTOOLS,233.0,233.0,228.0,233.0,1225.0
2019-06-03 09:00:00,NSE:STERTOOLS,225.8,227.55,220.4,220.5,1163.0
2019-06-03 10:00:00,NSE:STERTOOLS,220.5,223.6,220.5,222.4,623.0
2019-06-03 11:00:00,NSE:STERTOOLS,222.4,224.0,222.4,223.0,295.0
2019-06-03 12:00:00,NSE:STERTOOLS,223.0,226.4,222.45,226.4,378.0
2019-06-03 13:00:00,NSE:STERTOOLS,225.05,226.65,225.05,225.1,74.0
2019-06-03 14:00:00,NSE:STERTOOLS,226.75,230.25,225.1,230.25,1675.0
2019-06-03 15:00:00,NSE:STERTOOLS,230.95,232.7,225.2,225.5,1915.0
2019-06-04 09:00:00,NSE:STERTOOLS,234.25,234.25,229.0,229.0,77.0
2019-06-04 10:00:00,NSE:STERTOOLS,229.0,229.0,225.5,229.0,172.0
2019-06-04 11:00:00,NSE:STERTOOLS,229.0,229.0,229.0,229.0,80.0
2019-06-04 12:00:00,NSE:STERTOOLS,227.8,229.0,225.25,227.0,529.0
2019-06-04 13:00:00,NSE:STERTOOLS,227.0,228.85,225.45,228.0,2154.0
2019-06-04 14:00:00,NSE:STERTOOLS,230.0,231.3,228.0,230.65,315.0
2019-06-04 15:00:00,NSE:STERTOOLS,228.6,232.0,228.0,232.0,292.0
2019-06-06 09:00:00,NSE:STERTOOLS,231.9,231.9,224.4,226.4,1685.0
2019-06-06 11:00:00,NSE:STERTOOLS,225.0,225.0,225.0,225.0,103.0
2019-06-06 12:00:00,NSE:STERTOOLS,225.0,225.0,224.0,224.0,1279.0
2019-06-06 13:00:00,NSE:STERTOOLS,224.0,224.0,224.0,224.0,135.0
2019-06-06 14:00:00,NSE:STERTOOLS,224.0,225.0,224.0,225.0,35.0
2019-06-06 15:00:00,NSE:STERTOOLS,225.0,225.0,223.95,224.0,979.0
2019-06-07 09:00:00,NSE:STERTOOLS,222.0,225.9,221.95,222.0,354.0
2019-06-07 10:00:00,NSE:STERTOOLS,221.3,224.5,221.3,224.5,40.0
2019-06-07 11:00:00,NSE:STERTOOLS,224.5,224.5,221.25,221.25,108.0
2019-06-07 12:00:00,NSE:STERTOOLS,223.75,223.8,223.75,223.8,95.0
2019-06-07 13:00:00,NSE:STERTOOLS,223.0,223.0,218.2,219.2,1835.0
2019-06-07 14:00:00,NSE:STERTOOLS,218.3,220.1,218.3,220.1,956.0
2019-06-07 15:00:00,NSE:STERTOOLS,220.45,221.0,215.25,221.0,817.0
2019-06-10 09:00:00,NSE:STERTOOLS,219.0,221.1,218.8,219.0,161.0
2019-06-10 10:00:00,NSE:STERTOOLS,219.7,219.7,216.8,216.8,127.0
2019-06-10 11:00:00,NSE:STERTOOLS,217.5,217.7,216.0,216.8,1138.0
2019-06-10 12:00:00,NSE:STERTOOLS,216.15,217.0,216.15,216.5,274.0
2019-06-10 13:00:00,NSE:STERTOOLS,216.0,216.0,216.0,216.0,65.0
2019-06-10 14:00:00,NSE:STERTOOLS,216.0,220.0,216.0,218.0,1531.0
2019-06-10 15:00:00,NSE:STERTOOLS,217.4,218.0,217.0,217.0,374.0
2019-06-11 10:00:00,NSE:STERTOOLS,217.0,217.0,210.7,214.6,525.0
2019-06-11 11:00:00,NSE:STERTOOLS,210.7,212.65,210.2,211.0,663.0
2019-06-11 12:00:00,NSE:STERTOOLS,210.8,211.0,208.0,208.0,1926.0
2019-06-11 13:00:00,NSE:STERTOOLS,208.0,209.95,207.45,209.95,648.0
2019-06-11 14:00:00,NSE:STERTOOLS,209.95,212.65,209.95,212.45,355.0
2019-06-11 15:00:00,NSE:STERTOOLS,211.05,211.05,210.9,210.9,320.0
2019-06-12 09:00:00,NSE:STERTOOLS,223.0,223.0,211.25,211.25,168.0
2019-06-12 10:00:00,NSE:STERTOOLS,211.35,212.05,211.25,211.25,213.0
2019-06-12 11:00:00,NSE:STERTOOLS,211.3,212.65,211.3,212.65,211.0
2019-06-12 12:00:00,NSE:STERTOOLS,211.0,212.95,209.0,209.0,617.0
2019-06-12 14:00:00,NSE:STERTOOLS,212.65,212.65,206.0,208.15,1049.0
2019-06-12 15:00:00,NSE:STERTOOLS,206.35,210.0,206.35,210.0,307.0
2019-06-13 09:00:00,NSE:STERTOOLS,206.05,207.2,201.2,207.0,823.0
2019-06-13 10:00:00,NSE:STERTOOLS,207.0,207.0,207.0,207.0,5.0
2019-06-13 11:00:00,NSE:STERTOOLS,207.0,208.75,207.0,207.0,597.0
2019-06-13 12:00:00,NSE:STERTOOLS,207.0,207.0,207.0,207.0,6.0
2019-06-13 13:00:00,NSE:STERTOOLS,207.0,207.0,207.0,207.0,104.0
2019-06-13 14:00:00,NSE:STERTOOLS,207.0,218.05,207.0,217.0,587.0
2019-06-13 15:00:00,NSE:STERTOOLS,217.0,219.8,216.0,218.2,819.0
2019-06-14 09:00:00,NSE:STERTOOLS,221.0,225.55,215.0,215.0,155.0
2019-06-14 10:00:00,NSE:STERTOOLS,215.0,215.0,213.35,214.4,111.0
2019-06-14 11:00:00,NSE:STERTOOLS,213.05,214.75,212.75,212.75,178.0
2019-06-14 12:00:00,NSE:STERTOOLS,212.0,213.1,212.0,213.1,409.0
2019-06-14 13:00:00,NSE:STERTOOLS,213.05,213.1,213.0,213.1,3037.0
2019-06-14 14:00:00,NSE:STERTOOLS,213.85,215.0,213.85,214.75,979.0
2019-06-14 15:00:00,NSE:STERTOOLS,214.75,216.05,214.0,214.0,247.0
2019-06-17 09:00:00,NSE:STERTOOLS,215.0,217.0,214.95,215.0,1081.0
2019-06-17 11:00:00,NSE:STERTOOLS,213.5,213.5,210.0,211.55,594.0
2019-06-17 12:00:00,NSE:STERTOOLS,211.3,211.55,210.0,210.05,352.0
2019-06-17 13:00:00,NSE:STERTOOLS,203.65,212.0,203.65,211.75,1040.0
2019-06-17 14:00:00,NSE:STERTOOLS,208.0,211.95,208.0,211.95,344.0
2019-06-17 15:00:00,NSE:STERTOOLS,210.0,210.0,203.75,205.0,675.0
2019-06-18 09:00:00,NSE:STERTOOLS,211.8,211.8,207.0,207.0,5.0
2019-06-18 11:00:00,NSE:STERTOOLS,206.9,207.0,206.9,207.0,1620.0
2019-06-18 12:00:00,NSE:STERTOOLS,207.0,209.35,207.0,209.3,73.0
2019-06-18 13:00:00,NSE:STERTOOLS,207.45,207.5,207.45,207.5,12.0
2019-06-18 14:00:00,NSE:STERTOOLS,207.5,207.5,207.0,207.0,160.0
2019-06-18 15:00:00,NSE:STERTOOLS,207.35,207.35,207.0,207.0,16.0
2019-06-19 09:00:00,NSE:STERTOOLS,206.5,219.9,206.5,209.95,551.0
2019-06-19 10:00:00,NSE:STERTOOLS,209.6,211.05,209.6,211.05,108.0
2019-06-19 11:00:00,NSE:STERTOOLS,209.75,214.15,208.6,208.6,231.0
2019-06-19 12:00:00,NSE:STERTOOLS,208.6,213.85,208.0,213.85,101.0
2019-06-19 13:00:00,NSE:STERTOOLS,208.9,208.9,208.6,208.6,5.0
2019-06-19 14:00:00,NSE:STERTOOLS,208.65,208.65,205.55,205.55,449.0
2019-06-19 15:00:00,NSE:STERTOOLS,208.6,213.0,208.6,213.0,142.0
2019-06-20 09:00:00,NSE:STERTOOLS,206.0,206.0,206.0,206.0,25.0
2019-06-20 10:00:00,NSE:STERTOOLS,206.15,209.8,206.05,206.05,416.0
2019-06-20 11:00:00,NSE:STERTOOLS,206.05,208.75,206.05,208.75,14.0
2019-06-20 12:00:00,NSE:STERTOOLS,208.75,209.0,208.75,209.0,37.0
2019-06-20 13:00:00,NSE:STERTOOLS,207.95,214.9,207.95,214.9,271.0
2019-06-20 14:00:00,NSE:STERTOOLS,219.8,219.8,215.0,215.2,1210.0
2019-06-20 15:00:00,NSE:STERTOOLS,215.2,218.0,211.0,211.0,252.0
2019-06-21 09:00:00,NSE:STERTOOLS,216.0,217.9,216.0,217.9,11.0
2019-06-21 10:00:00,NSE:STERTOOLS,211.0,215.0,207.5,213.0,68.0
2019-06-21 11:00:00,NSE:STERTOOLS,209.45,209.45,209.3,209.3,70.0
2019-06-21 12:00:00,NSE:STERTOOLS,211.95,211.95,207.1,211.0,671.0
2019-06-21 13:00:00,NSE:STERTOOLS,207.15,211.7,205.65,211.0,1001.0
2019-06-21 14:00:00,NSE:STERTOOLS,211.0,211.0,209.9,210.0,1387.0
2019-06-21 15:00:00,NSE:STERTOOLS,207.15,207.15,202.05,205.0,1169.0
2019-06-24 09:00:00,NSE:STERTOOLS,201.2,209.8,201.2,203.2,499.0
2019-06-24 10:00:00,NSE:STERTOOLS,204.0,206.6,202.9,206.4,213.0
2019-06-24 11:00:00,NSE:STERTOOLS,206.4,206.4,203.1,205.95,306.0
2019-06-24 12:00:00,NSE:STERTOOLS,202.2,205.0,202.2,202.55,4.0
2019-06-24 13:00:00,NSE:STERTOOLS,202.7,205.95,202.7,205.95,64.0
2019-06-24 14:00:00,NSE:STERTOOLS,205.95,205.95,204.0,205.0,306.0
2019-06-24 15:00:00,NSE:STERTOOLS,210.1,218.0,204.05,217.9,1790.0
2019-06-25 09:00:00,NSE:STERTOOLS,215.0,215.05,205.0,208.0,260.0
2019-06-25 10:00:00,NSE:STERTOOLS,207.7,210.0,207.7,210.0,201.0
2019-06-25 11:00:00,NSE:STERTOOLS,207.0,208.0,206.35,206.35,401.0
2019-06-25 12:00:00,NSE:STERTOOLS,209.0,211.0,206.0,210.9,741.0
2019-06-25 13:00:00,NSE:STERTOOLS,207.55,207.55,207.0,207.0,28.0
2019-06-25 14:00:00,NSE:STERTOOLS,209.95,210.0,209.95,210.0,2.0
2019-06-25 15:00:00,NSE:STERTOOLS,208.4,209.85,207.0,207.0,228.0
2019-06-26 09:00:00,NSE:STERTOOLS,210.0,213.7,206.0,210.95,350.0
2019-06-26 10:00:00,NSE:STERTOOLS,210.0,210.4,206.3,209.95,75.0
2019-06-26 11:00:00,NSE:STERTOOLS,207.4,210.55,207.4,207.5,1066.0
2019-06-26 12:00:00,NSE:STERTOOLS,210.0,210.0,207.5,207.5,9.0
2019-06-26 13:00:00,NSE:STERTOOLS,207.55,207.55,207.55,207.55,73.0
2019-06-26 14:00:00,NSE:STERTOOLS,207.75,209.25,207.7,209.0,59.0
2019-06-26 15:00:00,NSE:STERTOOLS,208.0,209.85,207.7,208.05,130.0
2019-06-27 09:00:00,NSE:STERTOOLS,214.95,214.95,205.4,210.0,451.0
2019-06-27 10:00:00,NSE:STERTOOLS,210.0,212.35,208.0,210.55,42.0
2019-06-27 11:00:00,NSE:STERTOOLS,208.05,209.0,207.6,207.6,89.0
2019-06-27 12:00:00,NSE:STERTOOLS,209.7,209.7,207.9,209.4,22.0
2019-06-27 13:00:00,NSE:STERTOOLS,209.65,209.65,208.0,209.6,378.0
2019-06-27 14:00:00,NSE:STERTOOLS,208.0,209.65,207.0,207.0,280.0
2019-06-27 15:00:00,NSE:STERTOOLS,209.5,209.5,207.4,207.4,50.0
2019-06-28 09:00:00,NSE:STERTOOLS,213.0,213.0,210.05,210.05,75.0
2019-06-28 10:00:00,NSE:STERTOOLS,210.0,210.0,209.85,209.85,15.0
2019-06-28 11:00:00,NSE:STERTOOLS,210.0,210.0,208.1,208.1,40.0
2019-06-28 13:00:00,NSE:STERTOOLS,209.8,212.7,208.2,211.0,163.0
2019-06-28 14:00:00,NSE:STERTOOLS,211.0,211.0,208.3,208.35,269.0
2019-06-28 15:00:00,NSE:STERTOOLS,209.0,211.9,208.8,211.9,180.0
2019-07-01 09:00:00,NSE:STERTOOLS,205.0,209.0,205.0,209.0,77.0
2019-07-01 10:00:00,NSE:STERTOOLS,205.5,208.6,205.05,207.95,360.0
2019-07-01 11:00:00,NSE:STERTOOLS,207.45,208.3,205.4,206.0,1098.0
2019-07-01 12:00:00,NSE:STERTOOLS,206.05,207.5,206.05,207.5,110.0
2019-07-01 13:00:00,NSE:STERTOOLS,207.5,209.0,207.5,208.05,681.0
2019-07-01 14:00:00,NSE:STERTOOLS,209.95,209.95,209.95,209.95,2.0
2019-07-01 15:00:00,NSE:STERTOOLS,211.0,211.0,208.0,211.0,516.0
2019-07-02 09:00:00,NSE:STERTOOLS,211.0,211.0,207.0,209.1,111.0
2019-07-02 10:00:00,NSE:STERTOOLS,207.0,207.0,207.0,207.0,13.0
2019-07-02 11:00:00,NSE:STERTOOLS,207.05,207.05,207.05,207.05,5.0
2019-07-02 12:00:00,NSE:STERTOOLS,207.4,207.4,207.4,207.4,35.0
2019-07-02 13:00:00,NSE:STERTOOLS,208.0,208.0,207.4,208.0,413.0
2019-07-02 14:00:00,NSE:STERTOOLS,208.95,209.0,208.95,208.95,152.0
2019-07-02 15:00:00,NSE:STERTOOLS,208.0,208.95,207.0,207.5,478.0
2019-07-03 09:00:00,NSE:STERTOOLS,207.45,207.45,207.45,207.45,1.0
2019-07-03 10:00:00,NSE:STERTOOLS,207.0,209.9,207.0,207.15,152.0
2019-07-03 11:00:00,NSE:STERTOOLS,207.0,208.9,207.0,207.0,507.0
2019-07-03 12:00:00,NSE:STERTOOLS,202.5,207.85,202.5,205.35,914.0
2019-07-03 13:00:00,NSE:STERTOOLS,204.5,208.0,204.1,207.9,102.0
2019-07-03 14:00:00,NSE:STERTOOLS,205.55,208.45,205.55,207.85,165.0
2019-07-03 15:00:00,NSE:STERTOOLS,208.35,213.0,205.0,209.7,3344.0
2019-07-04 09:00:00,NSE:STERTOOLS,206.05,206.05,206.05,206.05,31.0
2019-07-04 10:00:00,NSE:STERTOOLS,208.0,211.65,208.0,209.75,170.0
2019-07-04 11:00:00,NSE:STERTOOLS,210.0,210.0,206.75,206.75,102.0
2019-07-04 12:00:00,NSE:STERTOOLS,209.4,209.4,209.4,209.4,5.0
2019-07-04 14:00:00,NSE:STERTOOLS,209.0,209.0,209.0,209.0,257.0
2019-07-04 15:00:00,NSE:STERTOOLS,209.0,211.0,209.0,211.0,511.0
2019-07-05 09:00:00,NSE:STERTOOLS,211.0,211.0,203.2,208.85,102.0
2019-07-05 10:00:00,NSE:STERTOOLS,208.95,208.95,208.85,208.9,49.0
2019-07-05 11:00:00,NSE:STERTOOLS,208.9,212.0,206.1,210.0,1698.0
2019-07-05 12:00:00,NSE:STERTOOLS,211.85,211.95,211.85,211.95,5.0
2019-07-05 13:00:00,NSE:STERTOOLS,210.5,210.55,210.0,210.0,238.0
2019-07-05 14:00:00,NSE:STERTOOLS,210.05,213.05,210.05,213.05,1683.0
2019-07-05 15:00:00,NSE:STERTOOLS,214.7,214.9,210.4,212.9,1153.0
2019-07-08 09:00:00,NSE:STERTOOLS,204.1,213.65,204.1,213.65,39.0
2019-07-08 10:00:00,NSE:STERTOOLS,205.05,205.05,205.05,205.05,50.0
2019-07-08 11:00:00,NSE:STERTOOLS,206.0,207.95,204.0,207.95,466.0
2019-07-08 12:00:00,NSE:STERTOOLS,204.1,208.0,204.1,208.0,2394.0
2019-07-08 13:00:00,NSE:STERTOOLS,208.05,210.7,208.0,208.0,486.0
2019-07-08 14:00:00,NSE:STERTOOLS,208.0,208.0,206.85,207.2,257.0
2019-07-08 15:00:00,NSE:STERTOOLS,208.45,210.5,206.0,206.0,109.0
2019-07-09 09:00:00,NSE:STERTOOLS,204.2,206.5,203.95,206.45,931.0
2019-07-09 10:00:00,NSE:STERTOOLS,205.15,205.15,205.15,205.15,100.0
2019-07-09 11:00:00,NSE:STERTOOLS,205.35,206.5,205.35,205.55,42.0
2019-07-09 13:00:00,NSE:STERTOOLS,207.2,208.95,206.5,208.0,23.0
2019-07-09 14:00:00,NSE:STERTOOLS,208.95,209.85,205.75,209.75,528.0
2019-07-09 15:00:00,NSE:STERTOOLS,208.65,209.3,205.0,205.0,827.0
2019-07-10 09:00:00,NSE:STERTOOLS,207.55,209.95,207.55,209.95,102.0
2019-07-10 10:00:00,NSE:STERTOOLS,204.0,206.45,204.0,205.0,11.0
2019-07-10 11:00:00,NSE:STERTOOLS,207.05,207.2,205.1,205.1,33.0
2019-07-10 12:00:00,NSE:STERTOOLS,205.05,205.05,205.05,205.05,1.0
2019-07-10 13:00:00,NSE:STERTOOLS,205.1,205.1,203.3,203.3,41.0
2019-07-10 15:00:00,NSE:STERTOOLS,206.0,206.0,204.0,204.0,26.0
2019-07-11 09:00:00,NSE:STERTOOLS,206.75,206.75,206.75,206.75,1.0
2019-07-11 10:00:00,NSE:STERTOOLS,206.45,206.45,202.55,206.0,1314.0
2019-07-11 11:00:00,NSE:STERTOOLS,207.65,208.9,207.65,208.9,305.0
2019-07-11 12:00:00,NSE:STERTOOLS,209.6,209.85,206.0,209.85,435.0
2019-07-11 13:00:00,NSE:STERTOOLS,206.05,208.95,205.0,205.0,700.0
2019-07-11 14:00:00,NSE:STERTOOLS,204.55,207.7,203.15,206.0,339.0
2019-07-11 15:00:00,NSE:STERTOOLS,205.45,207.0,203.3,204.75,780.0
2019-07-12 10:00:00,NSE:STERTOOLS,205.75,209.95,205.75,206.7,7.0
2019-07-12 11:00:00,NSE:STERTOOLS,209.8,209.8,205.8,205.8,76.0
2019-07-12 12:00:00,NSE:STERTOOLS,207.35,207.35,205.8,205.8,3.0
2019-07-12 15:00:00,NSE:STERTOOLS,205.8,208.9,203.0,205.15,222.0
2019-07-15 09:00:00,NSE:STERTOOLS,205.15,205.15,204.05,204.05,195.0
2019-07-15 10:00:00,NSE:STERTOOLS,207.1,207.3,204.05,204.05,406.0
2019-07-15 11:00:00,NSE:STERTOOLS,204.05,204.05,204.05,204.05,29.0
2019-07-15 12:00:00,NSE:STERTOOLS,205.0,206.0,205.0,206.0,62.0
2019-07-15 13:00:00,NSE:STERTOOLS,206.0,206.0,206.0,206.0,425.0
2019-07-15 14:00:00,NSE:STERTOOLS,207.0,207.0,204.05,206.0,144.0
2019-07-15 15:00:00,NSE:STERTOOLS,206.0,209.5,206.0,209.5,433.0
2019-07-16 10:00:00,NSE:STERTOOLS,205.15,205.15,205.15,205.15,1.0
2019-07-16 11:00:00,NSE:STERTOOLS,205.0,205.25,205.0,205.05,550.0
2019-07-16 12:00:00,NSE:STERTOOLS,205.05,205.05,205.05,205.05,165.0
2019-07-16 13:00:00,NSE:STERTOOLS,206.0,206.0,205.0,205.0,1020.0
2019-07-16 14:00:00,NSE:STERTOOLS,205.05,206.8,205.05,206.75,36.0
2019-07-16 15:00:00,NSE:STERTOOLS,205.45,207.0,205.0,207.0,420.0
2019-07-17 09:00:00,NSE:STERTOOLS,201.65,206.05,201.65,206.05,24.0
2019-07-17 10:00:00,NSE:STERTOOLS,204.2,204.2,202.2,203.5,165.0
2019-07-17 11:00:00,NSE:STERTOOLS,202.25,203.0,202.0,203.0,384.0
2019-07-17 12:00:00,NSE:STERTOOLS,202.0,207.3,202.0,205.95,1324.0
2019-07-17 13:00:00,NSE:STERTOOLS,205.0,206.0,201.3,204.45,349.0
2019-07-17 14:00:00,NSE:STERTOOLS,205.0,205.0,204.0,204.0,8.0
2019-07-17 15:00:00,NSE:STERTOOLS,204.0,204.0,200.1,201.45,374.0
2019-07-18 09:00:00,NSE:STERTOOLS,211.95,211.95,203.4,208.0,6.0
2019-07-18 10:00:00,NSE:STERTOOLS,202.0,208.65,202.0,202.75,789.0
2019-07-18 11:00:00,NSE:STERTOOLS,203.05,203.05,203.05,203.05,2.0
2019-07-18 12:00:00,NSE:STERTOOLS,203.05,204.95,203.05,203.05,114.0
2019-07-18 13:00:00,NSE:STERTOOLS,203.15,203.15,203.15,203.15,107.0
2019-07-18 14:00:00,NSE:STERTOOLS,204.6,204.6,203.8,204.1,218.0
2019-07-18 15:00:00,NSE:STERTOOLS,203.9,204.9,203.0,203.0,486.0
2019-07-19 09:00:00,NSE:STERTOOLS,202.95,215.6,202.1,204.0,1143.0
2019-07-19 10:00:00,NSE:STERTOOLS,205.45,205.95,204.0,204.5,358.0
2019-07-19 11:00:00,NSE:STERTOOLS,204.0,204.15,200.1,203.4,1728.0
2019-07-19 12:00:00,NSE:STERTOOLS,203.0,203.0,202.5,202.5,15.0
2019-07-19 13:00:00,NSE:STERTOOLS,202.25,202.95,199.0,202.85,1957.0
2019-07-19 14:00:00,NSE:STERTOOLS,200.0,202.85,199.0,202.75,541.0
2019-07-19 15:00:00,NSE:STERTOOLS,200.0,202.0,198.0,202.0,289.0
2019-07-22 09:00:00,NSE:STERTOOLS,199.5,204.5,198.8,198.8,267.0
2019-07-22 10:00:00,NSE:STERTOOLS,198.75,203.95,198.75,200.0,386.0
2019-07-22 11:00:00,NSE:STERTOOLS,200.0,200.0,197.1,197.1,704.0
2019-07-22 12:00:00,NSE:STERTOOLS,203.45,203.45,199.85,199.85,6.0
2019-07-22 13:00:00,NSE:STERTOOLS,199.8,199.8,196.75,198.0,1846.0
2019-07-22 14:00:00,NSE:STERTOOLS,197.25,198.9,197.25,198.75,1402.0
2019-07-22 15:00:00,NSE:STERTOOLS,198.8,198.8,198.05,198.05,10.0
2019-07-23 09:00:00,NSE:STERTOOLS,192.6,200.0,192.0,200.0,393.0
2019-07-23 10:00:00,NSE:STERTOOLS,199.0,201.0,198.0,201.0,3472.0
2019-07-23 11:00:00,NSE:STERTOOLS,201.0,201.0,201.0,201.0,66.0
2019-07-23 12:00:00,NSE:STERTOOLS,201.95,201.95,201.95,201.95,10.0
2019-07-23 13:00:00,NSE:STERTOOLS,201.95,201.95,201.95,201.95,5.0
2019-07-23 14:00:00,NSE:STERTOOLS,201.95,205.0,199.55,205.0,1951.0
2019-07-23 15:00:00,NSE:STERTOOLS,204.95,204.95,200.1,200.3,404.0
2019-07-24 09:00:00,NSE:STERTOOLS,200.05,200.05,200.0,200.0,51.0
2019-07-24 10:00:00,NSE:STERTOOLS,200.0,200.0,199.25,199.25,135.0
2019-07-24 11:00:00,NSE:STERTOOLS,198.0,200.05,195.0,200.0,379.0
2019-07-24 12:00:00,NSE:STERTOOLS,200.0,200.0,197.05,200.0,325.0
2019-07-24 13:00:00,NSE:STERTOOLS,195.5,200.0,195.5,200.0,1335.0
2019-07-24 14:00:00,NSE:STERTOOLS,200.0,200.0,200.0,200.0,97.0
2019-07-24 15:00:00,NSE:STERTOOLS,200.0,201.0,195.65,201.0,242.0
2019-07-25 09:00:00,NSE:STERTOOLS,196.05,198.95,195.0,197.0,1267.0
2019-07-25 10:00:00,NSE:STERTOOLS,196.5,199.85,194.75,197.3,1716.0
2019-07-25 11:00:00,NSE:STERTOOLS,198.25,198.3,195.1,196.0,219.0
2019-07-25 12:00:00,NSE:STERTOOLS,195.95,197.4,194.75,195.95,512.0
2019-07-25 13:00:00,NSE:STERTOOLS,196.05,197.45,196.0,197.45,106.0
2019-07-25 14:00:00,NSE:STERTOOLS,196.0,196.9,193.3,195.0,547.0
2019-07-25 15:00:00,NSE:STERTOOLS,195.0,195.0,193.25,193.25,469.0
2019-07-26 09:00:00,NSE:STERTOOLS,196.0,199.05,196.0,199.0,293.0
2019-07-26 10:00:00,NSE:STERTOOLS,199.8,199.8,196.0,198.45,723.0
2019-07-26 11:00:00,NSE:STERTOOLS,198.45,198.45,186.5,193.5,2536.0
2019-07-26 12:00:00,NSE:STERTOOLS,194.15,197.25,194.15,195.9,119.0
2019-07-26 14:00:00,NSE:STERTOOLS,194.5,194.5,193.55,194.1,51.0
2019-07-26 15:00:00,NSE:STERTOOLS,194.1,194.1,192.35,192.75,89.0
2019-07-29 09:00:00,NSE:STERTOOLS,194.3,195.0,194.3,195.0,8.0
2019-07-29 10:00:00,NSE:STERTOOLS,191.6,193.95,187.05,188.95,435.0
2019-07-29 11:00:00,NSE:STERTOOLS,185.2,188.95,185.2,186.45,179.0
2019-07-29 12:00:00,NSE:STERTOOLS,186.45,189.0,186.0,188.0,1888.0
2019-07-29 13:00:00,NSE:STERTOOLS,186.0,186.0,186.0,186.0,163.0
2019-07-29 14:00:00,NSE:STERTOOLS,186.0,190.05,186.0,190.0,4380.0
2019-07-29 15:00:00,NSE:STERTOOLS,191.4,193.4,191.4,192.0,5818.0
2019-07-30 10:00:00,NSE:STERTOOLS,196.75,196.75,190.0,191.9,404.0
2019-07-30 11:00:00,NSE:STERTOOLS,190.0,190.0,187.0,187.0,415.0
2019-07-30 12:00:00,NSE:STERTOOLS,187.0,189.75,185.2,187.85,44.0
2019-07-30 13:00:00,NSE:STERTOOLS,185.4,189.7,185.35,187.0,61.0
2019-07-30 14:00:00,NSE:STERTOOLS,186.0,186.0,180.0,180.1,2819.0
2019-07-30 15:00:00,NSE:STERTOOLS,180.0,186.0,176.2,176.2,981.0
2019-07-31 09:00:00,NSE:STERTOOLS,180.0,185.2,172.2,178.95,351.0
2019-07-31 10:00:00,NSE:STERTOOLS,178.75,186.1,176.0,176.0,2920.0
2019-07-31 11:00:00,NSE:STERTOOLS,183.0,183.0,175.05,175.05,1361.0
2019-07-31 12:00:00,NSE:STERTOOLS,176.0,180.8,173.15,175.05,237.0
2019-07-31 13:00:00,NSE:STERTOOLS,174.0,175.0,173.05,173.95,491.0
2019-07-31 14:00:00,NSE:STERTOOLS,174.9,179.75,174.9,177.95,1272.0
2019-07-31 15:00:00,NSE:STERTOOLS,176.0,176.0,176.0,176.0,636.0
2019-08-01 09:00:00,NSE:STERTOOLS,170.8,173.3,170.8,173.3,85.0
2019-08-01 10:00:00,NSE:STERTOOLS,173.25,177.75,172.15,174.8,178.0
2019-08-01 11:00:00,NSE:STERTOOLS,172.0,173.45,170.7,173.25,138.0
2019-08-01 12:00:00,NSE:STERTOOLS,171.3,173.15,171.3,173.15,51.0
2019-08-01 13:00:00,NSE:STERTOOLS,170.05,170.3,169.2,170.0,671.0
2019-08-01 14:00:00,NSE:STERTOOLS,169.0,172.9,165.05,169.15,367.0
2019-08-01 15:00:00,NSE:STERTOOLS,168.55,172.8,165.95,166.15,207.0
2019-08-02 09:00:00,NSE:STERTOOLS,170.0,170.0,161.15,164.8,1143.0
2019-08-02 10:00:00,NSE:STERTOOLS,163.0,163.95,161.0,162.0,228.0
2019-08-02 11:00:00,NSE:STERTOOLS,162.45,162.45,161.6,161.65,111.0
2019-08-02 12:00:00,NSE:STERTOOLS,161.9,162.9,161.8,162.0,605.0
2019-08-02 13:00:00,NSE:STERTOOLS,162.05,162.95,161.5,162.95,466.0
2019-08-02 14:00:00,NSE:STERTOOLS,162.9,162.9,161.05,162.45,548.0
2019-08-02 15:00:00,NSE:STERTOOLS,162.45,162.45,162.0,162.45,39.0
2019-08-05 09:00:00,NSE:STERTOOLS,160.05,161.95,155.6,156.45,1589.0
2019-08-05 10:00:00,NSE:STERTOOLS,156.45,157.0,155.3,156.0,3291.0
2019-08-05 11:00:00,NSE:STERTOOLS,156.65,164.8,156.1,163.75,776.0
2019-08-05 12:00:00,NSE:STERTOOLS,163.45,163.45,160.4,163.2,84.0
2019-08-05 13:00:00,NSE:STERTOOLS,163.15,163.15,161.0,162.7,17.0
2019-08-05 14:00:00,NSE:STERTOOLS,162.0,162.6,158.1,160.8,174.0
2019-08-05 15:00:00,NSE:STERTOOLS,159.0,161.8,158.0,161.8,1331.0
2019-08-06 09:00:00,NSE:STERTOOLS,155.2,164.7,155.2,163.9,245.0
2019-08-06 10:00:00,NSE:STERTOOLS,163.45,163.45,156.3,157.8,1507.0
2019-08-06 11:00:00,NSE:STERTOOLS,159.9,163.7,158.55,158.55,58.0
2019-08-06 12:00:00,NSE:STERTOOLS,158.0,161.75,158.0,161.75,796.0
2019-08-06 13:00:00,NSE:STERTOOLS,161.8,161.95,161.2,161.95,29.0
2019-08-06 14:00:00,NSE:STERTOOLS,161.95,163.3,161.95,163.0,557.0
2019-08-06 15:00:00,NSE:STERTOOLS,163.6,163.6,162.0,162.0,169.0
2019-08-07 09:00:00,NSE:STERTOOLS,157.15,162.95,157.15,162.0,65.0
2019-08-07 10:00:00,NSE:STERTOOLS,163.0,163.0,162.0,162.0,85.0
2019-08-07 11:00:00,NSE:STERTOOLS,162.0,162.4,159.3,159.3,70.0
2019-08-07 12:00:00,NSE:STERTOOLS,159.3,160.0,159.3,159.3,9.0
2019-08-07 13:00:00,NSE:STERTOOLS,161.95,161.95,160.0,160.05,6.0
2019-08-07 14:00:00,NSE:STERTOOLS,160.55,160.55,157.0,159.0,81.0
2019-08-07 15:00:00,NSE:STERTOOLS,158.9,160.0,157.65,159.95,123.0
2019-08-08 09:00:00,NSE:STERTOOLS,158.8,158.8,156.1,158.7,115.0
2019-08-08 11:00:00,NSE:STERTOOLS,156.2,158.4,156.0,158.4,168.0
2019-08-08 12:00:00,NSE:STERTOOLS,156.0,156.0,156.0,156.0,560.0
2019-08-08 13:00:00,NSE:STERTOOLS,155.25,157.95,155.25,157.0,290.0
2019-08-08 14:00:00,NSE:STERTOOLS,156.05,156.95,155.5,156.95,200.0
2019-08-08 15:00:00,NSE:STERTOOLS,156.25,156.25,156.0,156.25,74.0
2019-08-09 09:00:00,NSE:STERTOOLS,156.25,164.95,156.0,162.0,1350.0
2019-08-09 10:00:00,NSE:STERTOOLS,158.2,158.5,158.2,158.5,2.0
2019-08-09 11:00:00,NSE:STERTOOLS,161.0,162.7,158.7,160.0,730.0
2019-08-09 12:00:00,NSE:STERTOOLS,159.0,159.0,158.6,158.6,505.0
2019-08-09 13:00:00,NSE:STERTOOLS,158.7,159.5,158.7,159.0,202.0
2019-08-09 14:00:00,NSE:STERTOOLS,159.55,162.7,159.55,162.7,292.0
2019-08-09 15:00:00,NSE:STERTOOLS,160.7,162.8,160.7,162.5,182.0
2019-08-13 09:00:00,NSE:STERTOOLS,164.95,168.45,160.55,165.85,2439.0
2019-08-13 10:00:00,NSE:STERTOOLS,165.85,168.8,165.1,168.8,1090.0
2019-08-13 11:00:00,NSE:STERTOOLS,168.0,168.8,168.0,168.0,61.0
2019-08-13 12:00:00,NSE:STERTOOLS,168.0,168.8,167.0,168.65,1230.0
2019-08-13 13:00:00,NSE:STERTOOLS,166.05,168.55,166.05,166.4,156.0
2019-08-13 14:00:00,NSE:STERTOOLS,166.3,167.75,165.1,167.7,683.0
2019-08-13 15:00:00,NSE:STERTOOLS,165.0,165.0,165.0,165.0,760.0
2019-08-14 09:00:00,NSE:STERTOOLS,161.75,165.05,161.75,162.0,1082.0
2019-08-14 10:00:00,NSE:STERTOOLS,162.6,167.35,162.5,162.85,390.0
2019-08-14 11:00:00,NSE:STERTOOLS,166.7,166.8,164.2,164.2,9913.0
2019-08-14 12:00:00,NSE:STERTOOLS,164.2,164.2,164.2,164.2,155.0
2019-08-14 13:00:00,NSE:STERTOOLS,164.2,166.95,160.85,166.95,898.0
2019-08-14 14:00:00,NSE:STERTOOLS,162.25,166.8,162.25,166.8,401.0
2019-08-14 15:00:00,NSE:STERTOOLS,162.55,166.55,162.55,162.55,85.0
2019-08-16 09:00:00,NSE:STERTOOLS,160.05,166.95,160.05,162.15,45.0
2019-08-16 10:00:00,NSE:STERTOOLS,160.65,166.2,160.65,165.85,901.0
2019-08-16 11:00:00,NSE:STERTOOLS,165.85,165.85,165.35,165.35,7.0
2019-08-16 12:00:00,NSE:STERTOOLS,164.95,165.75,161.5,165.75,1008.0
2019-08-16 13:00:00,NSE:STERTOOLS,165.75,166.65,162.1,164.95,1766.0
2019-08-16 14:00:00,NSE:STERTOOLS,165.0,165.0,164.4,164.4,65.0
2019-08-16 15:00:00,NSE:STERTOOLS,164.05,164.05,162.7,163.3,58.0
2019-08-19 09:00:00,NSE:STERTOOLS,164.2,165.0,164.2,165.0,45.0
2019-08-19 10:00:00,NSE:STERTOOLS,166.95,166.95,158.2,160.05,1247.0
2019-08-19 11:00:00,NSE:STERTOOLS,160.0,163.0,158.55,158.65,294.0
2019-08-19 12:00:00,NSE:STERTOOLS,159.1,161.8,158.5,158.5,1044.0
2019-08-19 13:00:00,NSE:STERTOOLS,158.05,159.5,157.1,157.65,183.0
2019-08-19 14:00:00,NSE:STERTOOLS,158.0,158.9,157.0,158.9,60.0
2019-08-19 15:00:00,NSE:STERTOOLS,158.95,158.95,157.1,157.6,589.0
2019-08-20 09:00:00,NSE:STERTOOLS,160.95,160.95,150.2,152.95,4773.0
2019-08-20 10:00:00,NSE:STERTOOLS,152.5,152.7,151.1,151.2,2532.0
2019-08-20 11:00:00,NSE:STERTOOLS,151.1,151.45,150.55,150.6,748.0
2019-08-20 12:00:00,NSE:STERTOOLS,151.0,151.05,150.6,150.7,250.0
2019-08-20 13:00:00,NSE:STERTOOLS,150.6,152.2,150.6,150.65,1571.0
2019-08-20 14:00:00,NSE:STERTOOLS,151.85,152.45,150.75,152.45,897.0
2019-08-20 15:00:00,NSE:STERTOOLS,152.45,152.45,150.2,150.2,3032.0
2019-08-21 09:00:00,NSE:STERTOOLS,147.6,155.85,147.6,152.9,485.0
2019-08-21 10:00:00,NSE:STERTOOLS,150.05,152.0,150.05,151.95,104.0
2019-08-21 11:00:00,NSE:STERTOOLS,150.2,151.95,147.15,151.1,1726.0
2019-08-21 12:00:00,NSE:STERTOOLS,150.85,150.85,150.05,150.05,58.0
2019-08-21 13:00:00,NSE:STERTOOLS,150.0,150.55,149.8,150.55,168.0
2019-08-21 14:00:00,NSE:STERTOOLS,147.55,150.55,147.55,148.0,170.0
2019-08-21 15:00:00,NSE:STERTOOLS,147.25,149.65,147.2,147.2,1411.0
2019-08-22 09:00:00,NSE:STERTOOLS,153.0,153.0,141.1,141.1,1605.0
2019-08-22 10:00:00,NSE:STERTOOLS,142.65,145.45,142.5,145.45,1032.0
2019-08-22 11:00:00,NSE:STERTOOLS,142.5,144.25,141.75,141.75,154.0
2019-08-22 12:00:00,NSE:STERTOOLS,143.9,143.9,142.15,142.3,172.0
2019-08-22 13:00:00,NSE:STERTOOLS,141.9,141.9,141.9,141.9,100.0
2019-08-22 14:00:00,NSE:STERTOOLS,141.75,144.0,140.6,142.95,4418.0
2019-08-22 15:00:00,NSE:STERTOOLS,142.8,142.8,140.5,140.5,71.0
2019-08-23 09:00:00,NSE:STERTOOLS,140.4,142.2,140.35,142.2,25.0
2019-08-23 10:00:00,NSE:STERTOOLS,140.1,145.8,139.2,144.0,1030.0
2019-08-23 12:00:00,NSE:STERTOOLS,141.6,142.0,140.5,140.5,209.0
2019-08-23 13:00:00,NSE:STERTOOLS,141.0,142.95,139.1,139.1,362.0
2019-08-23 14:00:00,NSE:STERTOOLS,140.0,143.0,138.55,143.0,1405.0
2019-08-23 15:00:00,NSE:STERTOOLS,141.05,144.7,139.1,144.7,550.0
2019-08-26 09:00:00,NSE:STERTOOLS,135.2,145.9,135.2,138.65,1027.0
2019-08-26 10:00:00,NSE:STERTOOLS,139.15,143.8,138.25,140.1,3150.0
2019-08-26 11:00:00,NSE:STERTOOLS,140.0,143.7,140.0,140.5,136.0
2019-08-26 12:00:00,NSE:STERTOOLS,140.8,141.1,140.8,141.0,323.0
2019-08-26 13:00:00,NSE:STERTOOLS,141.3,141.8,141.0,141.8,472.0
2019-08-26 14:00:00,NSE:STERTOOLS,141.75,144.25,141.4,143.85,577.0
2019-08-26 15:00:00,NSE:STERTOOLS,145.0,148.8,143.15,145.65,2685.0
2019-08-27 09:00:00,NSE:STERTOOLS,150.1,150.1,150.1,150.1,100.0
2019-08-27 10:00:00,NSE:STERTOOLS,148.75,149.75,146.3,148.9,1639.0
2019-08-27 11:00:00,NSE:STERTOOLS,147.15,149.8,147.15,148.7,277.0
2019-08-27 12:00:00,NSE:STERTOOLS,148.45,149.0,147.55,147.6,59.0
2019-08-27 13:00:00,NSE:STERTOOLS,148.25,150.0,148.25,149.8,2148.0
2019-08-27 14:00:00,NSE:STERTOOLS,150.0,150.0,149.05,150.0,220.0
2019-08-27 15:00:00,NSE:STERTOOLS,149.95,150.0,149.0,150.0,161.0
2019-08-28 09:00:00,NSE:STERTOOLS,153.95,153.95,141.0,146.25,1340.0
2019-08-28 10:00:00,NSE:STERTOOLS,146.3,148.5,146.3,148.4,439.0
2019-08-28 11:00:00,NSE:STERTOOLS,148.25,148.25,147.0,147.9,269.0
2019-08-28 12:00:00,NSE:STERTOOLS,147.0,147.0,146.9,146.9,72.0
2019-08-28 14:00:00,NSE:STERTOOLS,145.5,146.95,145.5,146.95,222.0
2019-08-28 15:00:00,NSE:STERTOOLS,146.55,146.55,142.5,145.1,354.0
2019-08-29 09:00:00,NSE:STERTOOLS,143.0,143.0,142.05,142.05,4.0
2019-08-29 10:00:00,NSE:STERTOOLS,142.1,143.0,141.15,143.0,120.0
2019-08-29 11:00:00,NSE:STERTOOLS,142.0,142.0,141.3,141.5,318.0
2019-08-29 12:00:00,NSE:STERTOOLS,141.0,141.9,140.2,141.8,1581.0
2019-08-29 13:00:00,NSE:STERTOOLS,141.0,141.0,138.15,140.4,1503.0
2019-08-29 14:00:00,NSE:STERTOOLS,140.0,144.4,140.0,143.65,3179.0
2019-08-29 15:00:00,NSE:STERTOOLS,143.7,145.0,141.0,143.8,3381.0
2019-08-30 10:00:00,NSE:STERTOOLS,139.3,144.5,138.45,141.05,408.0
2019-08-30 11:00:00,NSE:STERTOOLS,141.05,144.5,140.15,141.05,776.0
2019-08-30 12:00:00,NSE:STERTOOLS,142.0,143.0,142.0,142.1,101.0
2019-08-30 13:00:00,NSE:STERTOOLS,142.5,144.0,140.25,143.85,421.0
2019-08-30 14:00:00,NSE:STERTOOLS,141.05,142.05,141.05,142.05,27.0
2019-08-30 15:00:00,NSE:STERTOOLS,143.75,146.5,142.3,146.5,1117.0
2019-09-03 09:00:00,NSE:STERTOOLS,141.6,145.1,141.6,144.05,143.0
2019-09-03 10:00:00,NSE:STERTOOLS,145.05,145.9,143.85,145.6,2138.0
2019-09-03 11:00:00,NSE:STERTOOLS,144.9,144.95,144.0,144.0,33.0
2019-09-03 12:00:00,NSE:STERTOOLS,144.0,144.0,141.35,142.95,185.0
2019-09-03 13:00:00,NSE:STERTOOLS,141.5,143.95,141.05,143.5,2185.0
2019-09-03 14:00:00,NSE:STERTOOLS,142.0,145.5,141.75,145.5,1410.0
2019-09-03 15:00:00,NSE:STERTOOLS,144.0,145.45,143.0,144.85,573.0
2019-09-04 09:00:00,NSE:STERTOOLS,147.95,147.95,139.05,139.05,151.0
2019-09-04 10:00:00,NSE:STERTOOLS,141.95,141.95,140.15,140.15,16.0
2019-09-04 11:00:00,NSE:STERTOOLS,142.8,142.8,141.05,141.05,48.0
2019-09-04 12:00:00,NSE:STERTOOLS,142.5,142.5,141.0,141.0,66.0
2019-09-04 13:00:00,NSE:STERTOOLS,140.65,140.65,140.3,140.3,147.0
2019-09-04 14:00:00,NSE:STERTOOLS,142.65,142.65,140.55,140.65,81.0
2019-09-04 15:00:00,NSE:STERTOOLS,142.0,144.95,140.3,141.5,250.0
2019-09-05 09:00:00,NSE:STERTOOLS,138.65,138.65,138.65,138.65,2.0
2019-09-05 10:00:00,NSE:STERTOOLS,141.0,143.85,140.0,143.0,1488.0
2019-09-05 11:00:00,NSE:STERTOOLS,143.0,143.6,140.1,140.45,86.0
2019-09-05 12:00:00,NSE:STERTOOLS,141.05,142.5,140.4,140.4,212.0
2019-09-05 13:00:00,NSE:STERTOOLS,140.4,142.6,140.4,142.6,182.0
2019-09-05 14:00:00,NSE:STERTOOLS,140.4,142.0,140.4,141.9,367.0
2019-09-05 15:00:00,NSE:STERTOOLS,141.0,141.0,141.0,141.0,14.0
2019-09-06 09:00:00,NSE:STERTOOLS,137.3,143.75,137.3,143.75,1123.0
2019-09-06 10:00:00,NSE:STERTOOLS,143.75,143.75,142.05,142.05,221.0
2019-09-06 11:00:00,NSE:STERTOOLS,143.35,143.85,142.0,143.85,433.0
2019-09-06 12:00:00,NSE:STERTOOLS,142.0,143.4,141.0,141.55,1122.0
2019-09-06 13:00:00,NSE:STERTOOLS,142.8,143.5,140.9,141.85,1603.0
2019-09-06 14:00:00,NSE:STERTOOLS,142.1,144.0,142.1,144.0,2169.0
2019-09-06 15:00:00,NSE:STERTOOLS,142.2,144.0,142.1,144.0,338.0
2019-09-09 09:00:00,NSE:STERTOOLS,142.65,143.0,142.5,142.5,520.0
2019-09-09 10:00:00,NSE:STERTOOLS,140.05,142.0,138.25,139.1,474.0
2019-09-09 11:00:00,NSE:STERTOOLS,139.0,141.0,138.7,140.8,1181.0
2019-09-09 12:00:00,NSE:STERTOOLS,140.2,142.9,139.1,142.65,2269.0
2019-09-09 13:00:00,NSE:STERTOOLS,142.55,142.55,141.85,142.5,174.0
2019-09-09 14:00:00,NSE:STERTOOLS,141.85,141.85,141.85,141.85,10.0
2019-09-09 15:00:00,NSE:STERTOOLS,141.9,142.95,141.4,141.4,486.0
2019-09-11 09:00:00,NSE:STERTOOLS,139.25,143.0,139.25,141.5,214.0
2019-09-11 10:00:00,NSE:STERTOOLS,146.0,146.0,143.0,144.75,294.0
2019-09-11 11:00:00,NSE:STERTOOLS,144.0,144.0,140.25,142.95,424.0
2019-09-11 12:00:00,NSE:STERTOOLS,142.95,144.65,140.8,144.6,1716.0
2019-09-11 13:00:00,NSE:STERTOOLS,142.95,143.0,142.95,143.0,368.0
2019-09-11 14:00:00,NSE:STERTOOLS,142.65,142.65,141.45,142.65,261.0
2019-09-11 15:00:00,NSE:STERTOOLS,144.5,144.6,143.05,144.5,595.0
2019-09-12 09:00:00,NSE:STERTOOLS,149.0,154.8,148.0,151.0,4895.0
2019-09-12 10:00:00,NSE:STERTOOLS,150.2,154.65,150.2,151.2,2276.0
2019-09-12 11:00:00,NSE:STERTOOLS,151.5,153.0,151.0,151.0,1006.0
2019-09-12 12:00:00,NSE:STERTOOLS,152.75,152.9,151.3,151.7,133.0
2019-09-12 13:00:00,NSE:STERTOOLS,152.9,152.9,151.8,152.9,112.0
2019-09-12 14:00:00,NSE:STERTOOLS,152.85,152.9,151.8,151.8,202.0
2019-09-12 15:00:00,NSE:STERTOOLS,153.0,156.1,152.0,152.1,1302.0
2019-09-13 09:00:00,NSE:STERTOOLS,149.55,149.55,149.55,149.55,10.0
2019-09-13 10:00:00,NSE:STERTOOLS,151.3,154.85,151.3,151.6,138.0
2019-09-13 11:00:00,NSE:STERTOOLS,152.05,152.9,151.3,152.9,155.0
2019-09-13 12:00:00,NSE:STERTOOLS,153.0,154.05,151.3,154.0,310.0
2019-09-13 13:00:00,NSE:STERTOOLS,151.25,153.9,151.25,153.9,91.0
2019-09-13 14:00:00,NSE:STERTOOLS,153.0,155.8,153.0,155.75,160.0
2019-09-13 15:00:00,NSE:STERTOOLS,155.75,158.0,153.55,156.15,366.0
2019-09-16 09:00:00,NSE:STERTOOLS,158.0,159.95,152.0,153.05,300.0
2019-09-16 10:00:00,NSE:STERTOOLS,153.0,155.5,153.0,155.5,416.0
2019-09-16 11:00:00,NSE:STERTOOLS,155.0,159.8,154.6,157.9,413.0
2019-09-16 12:00:00,NSE:STERTOOLS,157.85,157.85,156.05,156.05,65.0
2019-09-16 13:00:00,NSE:STERTOOLS,156.2,156.35,156.2,156.2,326.0
2019-09-16 14:00:00,NSE:STERTOOLS,158.0,160.0,156.25,157.9,1953.0
2019-09-16 15:00:00,NSE:STERTOOLS,157.55,159.1,154.2,157.25,620.0
2019-09-17 09:00:00,NSE:STERTOOLS,158.0,158.0,157.95,158.0,302.0
2019-09-17 10:00:00,NSE:STERTOOLS,154.0,158.0,153.7,158.0,1140.0
2019-09-17 11:00:00,NSE:STERTOOLS,155.55,157.3,155.1,155.5,51.0
2019-09-17 12:00:00,NSE:STERTOOLS,155.5,155.75,153.55,153.6,797.0
2019-09-17 13:00:00,NSE:STERTOOLS,155.75,156.0,150.6,152.5,890.0
2019-09-17 14:00:00,NSE:STERTOOLS,154.0,154.0,153.2,153.2,16.0
2019-09-17 15:00:00,NSE:STERTOOLS,153.2,153.2,149.45,151.0,672.0
2019-09-18 09:00:00,NSE:STERTOOLS,155.65,157.05,153.95,157.05,202.0
2019-09-18 10:00:00,NSE:STERTOOLS,152.95,154.8,147.4,150.8,486.0
2019-09-18 11:00:00,NSE:STERTOOLS,151.85,151.85,151.85,151.85,45.0
2019-09-18 12:00:00,NSE:STERTOOLS,153.95,157.75,151.4,153.1,3643.0
2019-09-18 13:00:00,NSE:STERTOOLS,153.0,164.05,153.0,160.45,5324.0
2019-09-18 14:00:00,NSE:STERTOOLS,161.35,164.3,161.0,162.65,3878.0
2019-09-18 15:00:00,NSE:STERTOOLS,163.05,164.8,162.3,164.8,3498.0
2019-09-19 09:00:00,NSE:STERTOOLS,159.2,159.5,159.2,159.25,174.0
2019-09-19 10:00:00,NSE:STERTOOLS,163.85,163.9,159.55,162.35,703.0
2019-09-19 11:00:00,NSE:STERTOOLS,160.0,161.95,160.0,161.95,445.0
2019-09-19 12:00:00,NSE:STERTOOLS,161.35,162.3,160.0,162.3,697.0
2019-09-19 13:00:00,NSE:STERTOOLS,161.95,161.95,161.95,161.95,1.0
2019-09-19 14:00:00,NSE:STERTOOLS,159.5,159.5,157.2,157.25,356.0
2019-09-19 15:00:00,NSE:STERTOOLS,157.5,159.15,155.2,157.0,1722.0
2019-09-20 09:00:00,NSE:STERTOOLS,169.0,169.0,156.85,159.55,939.0
2019-09-20 10:00:00,NSE:STERTOOLS,160.4,165.0,159.5,164.9,685.0
2019-09-20 11:00:00,NSE:STERTOOLS,164.25,169.75,164.25,167.5,988.0
2019-09-20 12:00:00,NSE:STERTOOLS,168.45,168.45,162.4,164.4,344.0
2019-09-20 13:00:00,NSE:STERTOOLS,164.9,164.9,162.0,163.05,236.0
2019-09-20 14:00:00,NSE:STERTOOLS,164.45,164.7,161.75,164.45,527.0
2019-09-20 15:00:00,NSE:STERTOOLS,164.5,165.25,158.7,159.0,1044.0
2019-09-23 09:00:00,NSE:STERTOOLS,169.0,169.0,162.1,164.0,966.0
2019-09-23 10:00:00,NSE:STERTOOLS,164.5,166.95,162.0,162.95,2639.0
2019-09-23 11:00:00,NSE:STERTOOLS,162.1,162.1,160.2,161.95,2775.0
2019-09-23 12:00:00,NSE:STERTOOLS,161.85,161.95,160.5,160.5,2193.0
2019-09-23 13:00:00,NSE:STERTOOLS,161.9,161.9,160.6,161.55,163.0
2019-09-23 14:00:00,NSE:STERTOOLS,160.6,162.0,160.6,161.85,1445.0
2019-09-23 15:00:00,NSE:STERTOOLS,161.85,163.95,160.5,163.9,1519.0
2019-09-24 09:00:00,NSE:STERTOOLS,166.9,172.0,165.2,167.95,11291.0
2019-09-24 10:00:00,NSE:STERTOOLS,166.35,168.75,166.0,166.05,2181.0
2019-09-24 11:00:00,NSE:STERTOOLS,166.9,168.65,166.25,168.65,1018.0
2019-09-24 12:00:00,NSE:STERTOOLS,168.65,169.4,166.65,166.65,8867.0
2019-09-24 13:00:00,NSE:STERTOOLS,167.45,168.5,167.0,168.5,315.0
2019-09-24 14:00:00,NSE:STERTOOLS,167.1,168.8,167.0,167.35,357.0
2019-09-24 15:00:00,NSE:STERTOOLS,167.55,169.5,167.05,169.5,1731.0
2019-09-25 09:00:00,NSE:STERTOOLS,168.0,168.65,165.35,166.05,345.0
2019-09-25 10:00:00,NSE:STERTOOLS,167.25,169.95,166.25,167.0,197.0
2019-09-25 11:00:00,NSE:STERTOOLS,168.75,168.75,167.1,168.45,475.0
2019-09-25 12:00:00,NSE:STERTOOLS,167.0,168.45,167.0,168.45,151.0
2019-09-25 13:00:00,NSE:STERTOOLS,168.45,168.65,167.0,167.95,615.0
2019-09-25 14:00:00,NSE:STERTOOLS,167.15,168.45,167.0,167.9,741.0
2019-09-25 15:00:00,NSE:STERTOOLS,168.3,168.9,167.0,167.0,697.0
2019-09-26 09:00:00,NSE:STERTOOLS,169.95,170.5,168.0,170.45,384.0
2019-09-26 10:00:00,NSE:STERTOOLS,169.75,171.95,168.55,171.0,1358.0
2019-09-26 11:00:00,NSE:STERTOOLS,171.0,171.75,170.0,171.75,914.0
2019-09-26 12:00:00,NSE:STERTOOLS,170.1,170.1,166.05,169.9,1596.0
2019-09-26 13:00:00,NSE:STERTOOLS,166.0,167.05,165.05,167.05,1674.0
2019-09-26 14:00:00,NSE:STERTOOLS,168.25,171.9,168.25,170.5,1103.0
2019-09-26 15:00:00,NSE:STERTOOLS,168.55,171.9,168.5,169.45,281.0
2019-09-27 09:00:00,NSE:STERTOOLS,170.2,173.15,167.65,167.65,598.0
2019-09-27 10:00:00,NSE:STERTOOLS,168.0,171.0,167.35,167.35,631.0
2019-09-27 11:00:00,NSE:STERTOOLS,167.5,168.9,167.5,168.8,560.0
2019-09-27 12:00:00,NSE:STERTOOLS,168.75,169.55,167.35,169.55,394.0
2019-09-27 13:00:00,NSE:STERTOOLS,169.2,169.2,169.2,169.2,13.0
2019-09-27 14:00:00,NSE:STERTOOLS,167.55,167.55,167.55,167.55,100.0
2019-09-27 15:00:00,NSE:STERTOOLS,167.75,168.85,167.5,167.5,353.0
2019-09-30 09:00:00,NSE:STERTOOLS,167.05,167.1,161.1,166.8,7480.0
2019-09-30 10:00:00,NSE:STERTOOLS,166.0,169.85,163.15,168.45,4026.0
2019-09-30 11:00:00,NSE:STERTOOLS,168.0,168.0,166.1,167.75,746.0
2019-09-30 12:00:00,NSE:STERTOOLS,166.0,167.7,166.0,166.55,160.0
2019-09-30 13:00:00,NSE:STERTOOLS,166.5,167.7,166.5,167.0,1220.0
2019-09-30 14:00:00,NSE:STERTOOLS,167.65,171.9,167.65,170.0,1195.0
2019-09-30 15:00:00,NSE:STERTOOLS,168.5,168.5,165.0,166.0,4755.0
2019-10-01 09:00:00,NSE:STERTOOLS,172.0,172.0,166.45,166.45,22.0
2019-10-01 10:00:00,NSE:STERTOOLS,166.0,166.25,163.0,165.4,675.0
2019-10-01 11:00:00,NSE:STERTOOLS,164.0,165.4,162.95,163.0,468.0
2019-10-01 12:00:00,NSE:STERTOOLS,163.0,165.0,160.5,162.0,771.0
2019-10-01 13:00:00,NSE:STERTOOLS,161.6,164.95,160.25,160.25,298.0
2019-10-01 14:00:00,NSE:STERTOOLS,161.5,164.7,154.7,162.9,1550.0
2019-10-01 15:00:00,NSE:STERTOOLS,159.55,163.6,158.2,158.65,1448.0
2019-10-03 10:00:00,NSE:STERTOOLS,160.9,161.9,159.1,159.1,190.0
2019-10-03 11:00:00,NSE:STERTOOLS,159.05,160.0,159.05,159.15,257.0
2019-10-03 12:00:00,NSE:STERTOOLS,159.15,160.8,159.15,159.15,258.0
2019-10-03 13:00:00,NSE:STERTOOLS,159.15,161.2,159.15,161.2,177.0
2019-10-03 14:00:00,NSE:STERTOOLS,161.3,164.3,159.65,164.0,213.0
2019-10-03 15:00:00,NSE:STERTOOLS,163.0,164.4,159.55,162.95,350.0
2019-10-04 09:00:00,NSE:STERTOOLS,163.15,165.9,157.05,160.05,324.0
2019-10-04 10:00:00,NSE:STERTOOLS,163.45,163.45,160.55,161.8,45.0
2019-10-04 11:00:00,NSE:STERTOOLS,160.6,165.1,160.35,163.0,506.0
2019-10-04 12:00:00,NSE:STERTOOLS,161.0,163.0,160.35,162.35,60.0
2019-10-04 13:00:00,NSE:STERTOOLS,162.0,164.8,160.35,163.95,197.0
2019-10-04 14:00:00,NSE:STERTOOLS,162.0,163.75,162.0,163.75,11.0
2019-10-04 15:00:00,NSE:STERTOOLS,163.75,163.8,163.4,163.65,350.0
2019-10-07 09:00:00,NSE:STERTOOLS,156.55,165.75,156.55,165.75,78.0
2019-10-07 10:00:00,NSE:STERTOOLS,164.9,169.15,164.9,168.2,2189.0
2019-10-07 11:00:00,NSE:STERTOOLS,166.35,169.0,166.35,167.65,2469.0
2019-10-07 12:00:00,NSE:STERTOOLS,166.7,169.6,166.4,168.1,1951.0
2019-10-07 13:00:00,NSE:STERTOOLS,168.1,168.1,166.55,167.7,40.0
2019-10-07 14:00:00,NSE:STERTOOLS,166.55,169.1,166.45,169.1,728.0
2019-10-07 15:00:00,NSE:STERTOOLS,167.1,168.9,166.95,168.9,712.0
2019-10-09 09:00:00,NSE:STERTOOLS,169.9,169.9,169.0,169.0,79.0
2019-10-09 10:00:00,NSE:STERTOOLS,169.0,169.0,164.15,166.05,1440.0
2019-10-09 11:00:00,NSE:STERTOOLS,166.4,167.9,165.05,167.9,3232.0
2019-10-09 12:00:00,NSE:STERTOOLS,167.9,168.9,167.25,168.9,101.0
2019-10-09 14:00:00,NSE:STERTOOLS,168.05,168.9,168.0,168.9,1108.0
2019-10-09 15:00:00,NSE:STERTOOLS,169.4,169.4,166.0,166.0,6.0
2019-10-10 09:00:00,NSE:STERTOOLS,164.0,164.0,164.0,164.0,1005.0
2019-10-10 10:00:00,NSE:STERTOOLS,164.25,164.3,164.25,164.25,28.0
2019-10-10 11:00:00,NSE:STERTOOLS,164.1,166.8,164.05,166.0,4157.0
2019-10-10 12:00:00,NSE:STERTOOLS,166.6,169.4,165.5,168.0,239.0
2019-10-10 13:00:00,NSE:STERTOOLS,167.7,169.0,165.5,166.0,1153.0
2019-10-10 14:00:00,NSE:STERTOOLS,167.0,169.5,164.25,165.0,21152.0
2019-10-10 15:00:00,NSE:STERTOOLS,164.5,167.0,161.55,163.3,3535.0
2019-10-11 09:00:00,NSE:STERTOOLS,160.05,162.5,160.05,162.5,6.0
2019-10-11 10:00:00,NSE:STERTOOLS,160.25,164.85,160.25,162.05,3414.0
2019-10-11 11:00:00,NSE:STERTOOLS,163.0,163.35,162.05,162.05,13.0
2019-10-11 12:00:00,NSE:STERTOOLS,162.55,162.55,162.1,162.1,21.0
2019-10-11 13:00:00,NSE:STERTOOLS,162.05,163.0,161.05,163.0,46.0
2019-10-11 14:00:00,NSE:STERTOOLS,161.1,161.1,161.0,161.05,16.0
2019-10-11 15:00:00,NSE:STERTOOLS,161.05,165.0,161.05,162.1,453.0
2019-10-14 10:00:00,NSE:STERTOOLS,163.0,164.05,161.0,161.1,104.0
2019-10-14 11:00:00,NSE:STERTOOLS,163.0,163.0,160.35,161.05,449.0
2019-10-14 12:00:00,NSE:STERTOOLS,161.0,167.5,160.5,166.85,161.0
2019-10-14 13:00:00,NSE:STERTOOLS,160.65,167.8,160.65,165.1,961.0
2019-10-14 14:00:00,NSE:STERTOOLS,167.3,167.4,161.6,165.05,215.0
2019-10-14 15:00:00,NSE:STERTOOLS,163.8,163.8,161.6,163.8,9.0
2019-10-15 09:00:00,NSE:STERTOOLS,157.3,164.7,157.3,161.0,208.0
2019-10-15 10:00:00,NSE:STERTOOLS,162.0,162.0,161.65,162.0,27.0
2019-10-15 11:00:00,NSE:STERTOOLS,161.0,161.0,160.4,161.0,143.0
2019-10-15 12:00:00,NSE:STERTOOLS,161.0,161.0,161.0,161.0,54.0
2019-10-15 13:00:00,NSE:STERTOOLS,162.0,162.95,161.0,161.05,261.0
2019-10-15 14:00:00,NSE:STERTOOLS,161.85,163.9,160.3,163.9,317.0
2019-10-15 15:00:00,NSE:STERTOOLS,163.5,163.5,155.95,160.2,721.0
2019-10-16 09:00:00,NSE:STERTOOLS,162.7,162.7,160.0,160.0,40.0
2019-10-16 10:00:00,NSE:STERTOOLS,158.0,159.55,158.0,159.55,426.0
2019-10-16 11:00:00,NSE:STERTOOLS,158.4,159.95,158.4,159.95,256.0
2019-10-16 12:00:00,NSE:STERTOOLS,158.55,159.95,158.55,159.95,15.0
2019-10-16 14:00:00,NSE:STERTOOLS,159.0,163.8,158.7,161.4,655.0
2019-10-16 15:00:00,NSE:STERTOOLS,158.5,161.7,158.5,158.5,197.0
2019-10-17 09:00:00,NSE:STERTOOLS,156.8,163.7,155.05,161.1,752.0
2019-10-17 10:00:00,NSE:STERTOOLS,161.0,161.0,159.0,159.65,641.0
2019-10-17 11:00:00,NSE:STERTOOLS,159.0,159.35,158.0,159.35,161.0
2019-10-17 13:00:00,NSE:STERTOOLS,158.85,159.85,156.2,156.2,212.0
2019-10-17 14:00:00,NSE:STERTOOLS,157.5,158.75,156.35,158.0,1219.0
2019-10-17 15:00:00,NSE:STERTOOLS,158.0,159.6,157.0,157.85,151.0
2019-10-18 09:00:00,NSE:STERTOOLS,157.2,165.95,157.2,163.1,1052.0
2019-10-18 10:00:00,NSE:STERTOOLS,163.35,169.85,153.35,165.0,8778.0
2019-10-18 11:00:00,NSE:STERTOOLS,166.5,169.75,166.1,168.9,2189.0
2019-10-18 12:00:00,NSE:STERTOOLS,168.25,168.9,167.0,167.0,611.0
2019-10-18 13:00:00,NSE:STERTOOLS,160.0,167.0,157.0,157.0,6657.0
2019-10-18 14:00:00,NSE:STERTOOLS,156.55,158.45,150.7,155.4,8182.0
2019-10-18 15:00:00,NSE:STERTOOLS,155.0,158.9,154.9,157.5,4323.0
2019-10-22 09:00:00,NSE:STERTOOLS,155.0,159.8,155.0,159.8,213.0
2019-10-22 10:00:00,NSE:STERTOOLS,159.75,166.0,155.0,161.85,5040.0
2019-10-22 11:00:00,NSE:STERTOOLS,161.9,163.0,160.5,162.95,1731.0
2019-10-22 12:00:00,NSE:STERTOOLS,162.95,163.0,160.55,162.0,1693.0
2019-10-22 13:00:00,NSE:STERTOOLS,160.65,161.85,160.65,161.15,118.0
2019-10-22 14:00:00,NSE:STERTOOLS,160.25,161.45,160.0,160.0,333.0
2019-10-22 15:00:00,NSE:STERTOOLS,160.0,162.0,160.0,160.4,1222.0
2019-10-23 09:00:00,NSE:STERTOOLS,164.7,164.7,155.05,158.2,708.0
2019-10-23 10:00:00,NSE:STERTOOLS,158.2,162.0,157.0,160.0,537.0
2019-10-23 11:00:00,NSE:STERTOOLS,160.0,162.0,159.9,162.0,106.0
2019-10-23 12:00:00,NSE:STERTOOLS,160.15,161.85,160.15,161.85,51.0
2019-10-23 13:00:00,NSE:STERTOOLS,161.8,161.8,157.3,160.0,124.0
2019-10-23 14:00:00,NSE:STERTOOLS,157.45,160.9,157.45,159.8,200.0
2019-10-23 15:00:00,NSE:STERTOOLS,159.5,159.5,153.9,156.75,962.0
2019-10-24 09:00:00,NSE:STERTOOLS,163.5,163.5,155.6,157.5,163.0
2019-10-24 10:00:00,NSE:STERTOOLS,157.0,157.5,156.0,157.5,75.0
2019-10-24 11:00:00,NSE:STERTOOLS,157.0,157.0,157.0,157.0,1.0
2019-10-24 12:00:00,NSE:STERTOOLS,156.95,156.95,154.05,154.05,195.0
2019-10-24 13:00:00,NSE:STERTOOLS,154.6,155.8,153.2,155.5,147.0
2019-10-24 14:00:00,NSE:STERTOOLS,153.15,154.75,153.15,154.0,102.0
2019-10-24 15:00:00,NSE:STERTOOLS,154.05,154.85,151.15,152.5,841.0
2019-10-25 09:00:00,NSE:STERTOOLS,160.75,160.75,152.7,152.7,69.0
2019-10-25 10:00:00,NSE:STERTOOLS,154.5,154.5,152.75,152.8,84.0
2019-10-25 11:00:00,NSE:STERTOOLS,153.0,153.0,151.0,151.0,422.0
2019-10-25 12:00:00,NSE:STERTOOLS,152.0,152.95,151.1,152.95,844.0
2019-10-25 13:00:00,NSE:STERTOOLS,152.4,152.4,151.6,151.6,25.0
2019-10-25 14:00:00,NSE:STERTOOLS,150.0,153.0,149.0,151.0,1154.0
2019-10-25 15:00:00,NSE:STERTOOLS,152.0,152.0,147.0,148.3,2499.0
2019-10-27 18:00:00,NSE:STERTOOLS,156.95,156.95,147.2,147.5,784.0
2019-10-27 19:00:00,NSE:STERTOOLS,149.0,150.95,149.0,150.0,252.0
2019-10-29 09:00:00,NSE:STERTOOLS,145.2,147.0,145.2,147.0,4051.0
2019-10-29 10:00:00,NSE:STERTOOLS,147.0,149.0,146.05,149.0,1388.0
2019-10-29 11:00:00,NSE:STERTOOLS,148.45,150.0,147.4,150.0,1436.0
2019-10-29 12:00:00,NSE:STERTOOLS,149.9,149.9,149.65,149.65,25.0
2019-10-29 13:00:00,NSE:STERTOOLS,149.65,149.7,149.0,149.3,486.0
2019-10-29 14:00:00,NSE:STERTOOLS,149.6,150.0,148.5,149.0,1577.0
2019-10-29 15:00:00,NSE:STERTOOLS,149.0,150.0,148.6,150.0,781.0
2019-10-30 09:00:00,NSE:STERTOOLS,156.35,162.55,151.95,162.5,5215.0
2019-10-30 10:00:00,NSE:STERTOOLS,162.0,164.95,160.1,162.7,2254.0
2019-10-30 11:00:00,NSE:STERTOOLS,161.0,167.0,160.55,164.65,3019.0
2019-10-30 12:00:00,NSE:STERTOOLS,163.3,163.9,162.4,162.75,490.0
2019-10-30 13:00:00,NSE:STERTOOLS,163.0,163.15,161.0,161.0,864.0
2019-10-30 14:00:00,NSE:STERTOOLS,161.0,169.9,160.25,169.5,5968.0
2019-10-30 15:00:00,NSE:STERTOOLS,169.5,179.4,169.1,176.85,38222.0
2019-10-31 09:00:00,NSE:STERTOOLS,175.2,179.0,170.0,171.15,7183.0
2019-10-31 10:00:00,NSE:STERTOOLS,173.0,173.9,172.5,173.9,665.0
2019-10-31 11:00:00,NSE:STERTOOLS,173.9,174.8,170.9,172.05,2294.0
2019-10-31 12:00:00,NSE:STERTOOLS,172.0,172.75,170.9,172.65,950.0
2019-10-31 13:00:00,NSE:STERTOOLS,171.3,172.35,170.05,171.0,1539.0
2019-10-31 14:00:00,NSE:STERTOOLS,171.5,178.45,170.2,175.9,10188.0
2019-10-31 15:00:00,NSE:STERTOOLS,175.9,177.7,174.2,176.2,5583.0
2019-11-01 09:00:00,NSE:STERTOOLS,171.4,178.45,171.4,172.55,695.0
2019-11-01 10:00:00,NSE:STERTOOLS,172.5,177.85,172.5,175.9,443.0
2019-11-01 11:00:00,NSE:STERTOOLS,174.95,175.8,174.0,175.0,207.0
2019-11-01 12:00:00,NSE:STERTOOLS,174.85,176.8,174.0,174.3,714.0
2019-11-01 13:00:00,NSE:STERTOOLS,175.5,175.5,174.35,174.4,163.0
2019-11-01 14:00:00,NSE:STERTOOLS,174.05,175.45,174.0,175.25,899.0
2019-11-01 15:00:00,NSE:STERTOOLS,174.2,182.5,174.2,179.0,12321.0
2019-11-04 09:00:00,NSE:STERTOOLS,177.0,186.2,177.0,181.05,740.0
2019-11-04 10:00:00,NSE:STERTOOLS,184.0,184.0,178.0,179.95,449.0
2019-11-04 11:00:00,NSE:STERTOOLS,177.55,179.7,176.2,178.15,717.0
2019-11-04 12:00:00,NSE:STERTOOLS,178.05,179.0,178.05,178.95,215.0
2019-11-04 13:00:00,NSE:STERTOOLS,178.05,185.0,178.05,182.5,1919.0
2019-11-04 14:00:00,NSE:STERTOOLS,181.3,182.5,181.05,182.1,181.0
2019-11-04 15:00:00,NSE:STERTOOLS,182.5,183.0,181.0,181.0,2214.0
2019-11-05 09:00:00,NSE:STERTOOLS,180.0,183.0,178.05,178.05,41.0
2019-11-05 10:00:00,NSE:STERTOOLS,179.0,180.0,178.65,179.95,160.0
2019-11-05 11:00:00,NSE:STERTOOLS,179.25,185.0,179.25,180.5,1006.0
2019-11-05 12:00:00,NSE:STERTOOLS,182.0,184.8,182.0,182.05,383.0
2019-11-05 13:00:00,NSE:STERTOOLS,182.15,188.95,182.15,186.0,2704.0
2019-11-05 14:00:00,NSE:STERTOOLS,184.0,185.8,183.0,183.0,814.0
2019-11-05 15:00:00,NSE:STERTOOLS,182.9,191.0,179.3,186.0,4121.0
2019-11-06 09:00:00,NSE:STERTOOLS,190.0,190.0,180.55,185.75,197.0
2019-11-06 10:00:00,NSE:STERTOOLS,185.75,188.6,185.75,186.0,232.0
2019-11-06 11:00:00,NSE:STERTOOLS,184.1,185.0,182.5,185.0,566.0
2019-11-06 12:00:00,NSE:STERTOOLS,185.45,186.0,183.65,185.0,310.0
2019-11-06 13:00:00,NSE:STERTOOLS,183.0,183.0,183.0,183.0,44.0
2019-11-06 14:00:00,NSE:STERTOOLS,186.0,197.45,186.0,194.0,6468.0
2019-11-06 15:00:00,NSE:STERTOOLS,195.95,195.95,190.0,190.0,2145.0
2019-11-07 09:00:00,NSE:STERTOOLS,195.0,195.0,186.9,189.15,533.0
2019-11-07 10:00:00,NSE:STERTOOLS,189.0,189.0,185.55,188.8,438.0
2019-11-07 11:00:00,NSE:STERTOOLS,188.6,188.6,182.0,182.75,4409.0
2019-11-07 12:00:00,NSE:STERTOOLS,180.0,182.45,176.2,178.7,3242.0
2019-11-07 13:00:00,NSE:STERTOOLS,178.65,180.85,177.05,179.5,1272.0
2019-11-07 14:00:00,NSE:STERTOOLS,179.5,181.25,178.0,179.95,2916.0
2019-11-07 15:00:00,NSE:STERTOOLS,179.95,189.0,179.85,185.15,5301.0
2019-11-08 09:00:00,NSE:STERTOOLS,189.95,189.95,182.05,185.05,423.0
2019-11-08 10:00:00,NSE:STERTOOLS,184.3,186.0,183.05,185.0,812.0
2019-11-08 11:00:00,NSE:STERTOOLS,184.9,184.9,178.0,179.95,5515.0
2019-11-08 12:00:00,NSE:STERTOOLS,180.95,183.9,180.95,183.9,392.0
2019-11-08 13:00:00,NSE:STERTOOLS,182.5,183.25,180.0,181.0,704.0
2019-11-08 14:00:00,NSE:STERTOOLS,181.0,181.95,180.15,180.15,499.0
2019-11-08 15:00:00,NSE:STERTOOLS,181.7,181.7,178.2,180.0,3519.0
2019-11-11 09:00:00,NSE:STERTOOLS,180.0,180.0,176.2,177.2,171.0
2019-11-11 10:00:00,NSE:STERTOOLS,177.0,177.9,176.2,177.5,2332.0
2019-11-11 11:00:00,NSE:STERTOOLS,177.5,177.85,175.2,177.85,904.0
2019-11-11 12:00:00,NSE:STERTOOLS,177.0,181.0,177.0,178.5,1590.0
2019-11-11 13:00:00,NSE:STERTOOLS,179.15,180.95,178.0,180.5,78.0
2019-11-11 14:00:00,NSE:STERTOOLS,180.0,189.95,179.0,187.0,18155.0
2019-11-11 15:00:00,NSE:STERTOOLS,189.9,198.85,189.1,194.35,14884.0
2019-11-13 09:00:00,NSE:STERTOOLS,187.0,198.8,187.0,189.0,2195.0
2019-11-13 10:00:00,NSE:STERTOOLS,189.5,195.75,189.1,195.5,842.0
2019-11-13 11:00:00,NSE:STERTOOLS,197.0,197.0,194.0,194.0,1020.0
2019-11-13 12:00:00,NSE:STERTOOLS,194.05,194.05,186.2,187.0,3818.0
2019-11-13 13:00:00,NSE:STERTOOLS,188.9,189.7,188.0,188.1,271.0
2019-11-13 14:00:00,NSE:STERTOOLS,188.1,191.0,188.1,188.25,447.0
2019-11-13 15:00:00,NSE:STERTOOLS,188.95,189.0,185.0,185.0,1167.0
2019-11-14 09:00:00,NSE:STERTOOLS,186.65,186.7,181.6,183.6,464.0
2019-11-14 10:00:00,NSE:STERTOOLS,183.65,183.95,181.55,183.95,686.0
2019-11-14 11:00:00,NSE:STERTOOLS,182.65,182.65,180.15,182.0,522.0
2019-11-14 12:00:00,NSE:STERTOOLS,182.0,183.4,180.35,180.4,266.0
2019-11-14 13:00:00,NSE:STERTOOLS,182.55,182.55,181.0,181.0,63.0
2019-11-14 14:00:00,NSE:STERTOOLS,181.0,181.6,177.45,177.5,1091.0
2019-11-14 15:00:00,NSE:STERTOOLS,177.55,183.15,177.5,177.5,298.0
2019-11-15 09:00:00,NSE:STERTOOLS,178.0,178.0,174.6,175.0,1375.0
2019-11-15 10:00:00,NSE:STERTOOLS,174.0,176.85,174.0,174.8,929.0
2019-11-15 11:00:00,NSE:STERTOOLS,175.75,176.0,174.95,174.95,466.0
2019-11-15 12:00:00,NSE:STERTOOLS,174.9,175.95,172.55,174.95,852.0
2019-11-15 13:00:00,NSE:STERTOOLS,175.0,175.0,173.4,174.0,535.0
2019-11-15 14:00:00,NSE:STERTOOLS,174.0,175.95,173.4,175.95,1579.0
2019-11-15 15:00:00,NSE:STERTOOLS,176.15,179.45,175.0,177.6,3309.0
2019-11-18 09:00:00,NSE:STERTOOLS,184.4,184.4,176.05,181.95,685.0
2019-11-18 10:00:00,NSE:STERTOOLS,180.0,181.9,180.0,180.3,336.0
2019-11-18 11:00:00,NSE:STERTOOLS,181.7,181.7,180.05,180.05,120.0
2019-11-18 12:00:00,NSE:STERTOOLS,180.05,181.65,180.0,181.4,1202.0
2019-11-18 14:00:00,NSE:STERTOOLS,180.5,180.5,178.1,178.15,381.0
2019-11-18 15:00:00,NSE:STERTOOLS,178.6,178.6,176.05,176.05,268.0
2019-11-19 09:00:00,NSE:STERTOOLS,177.05,181.0,177.05,181.0,41.0
2019-11-19 10:00:00,NSE:STERTOOLS,178.6,178.6,178.6,178.6,12.0
2019-11-19 11:00:00,NSE:STERTOOLS,178.05,178.6,173.55,173.55,188.0
2019-11-19 12:00:00,NSE:STERTOOLS,173.65,175.0,173.65,174.95,262.0
2019-11-19 13:00:00,NSE:STERTOOLS,174.85,176.2,174.0,176.2,859.0
2019-11-19 14:00:00,NSE:STERTOOLS,176.4,178.6,176.4,178.0,80.0
2019-11-19 15:00:00,NSE:STERTOOLS,178.7,178.95,174.5,174.5,242.0
2019-11-20 09:00:00,NSE:STERTOOLS,179.0,179.0,176.05,177.35,102.0
2019-11-20 10:00:00,NSE:STERTOOLS,177.05,177.25,175.25,175.25,927.0
2019-11-20 11:00:00,NSE:STERTOOLS,176.15,176.15,174.8,174.8,97.0
2019-11-20 12:00:00,NSE:STERTOOLS,175.1,175.1,174.95,174.95,4.0
2019-11-20 13:00:00,NSE:STERTOOLS,174.0,174.85,170.65,172.05,797.0
2019-11-20 14:00:00,NSE:STERTOOLS,172.0,176.0,170.8,174.05,693.0
2019-11-20 15:00:00,NSE:STERTOOLS,173.9,175.9,173.9,175.0,1721.0
2019-11-21 09:00:00,NSE:STERTOOLS,171.0,171.0,169.2,169.2,762.0
2019-11-21 10:00:00,NSE:STERTOOLS,169.2,170.0,169.2,169.25,388.0
2019-11-21 11:00:00,NSE:STERTOOLS,169.55,170.45,169.5,170.45,93.0
2019-11-21 12:00:00,NSE:STERTOOLS,170.05,174.9,169.65,174.85,1157.0
2019-11-21 13:00:00,NSE:STERTOOLS,174.65,174.65,170.85,172.95,161.0
2019-11-21 14:00:00,NSE:STERTOOLS,172.8,174.65,172.15,173.0,313.0
2019-11-21 15:00:00,NSE:STERTOOLS,173.7,178.0,171.0,174.6,619.0
2019-11-22 09:00:00,NSE:STERTOOLS,171.35,172.85,171.35,172.1,241.0
2019-11-22 10:00:00,NSE:STERTOOLS,172.45,172.65,171.4,171.55,189.0
2019-11-22 11:00:00,NSE:STERTOOLS,171.95,173.75,171.55,172.95,244.0
2019-11-22 12:00:00,NSE:STERTOOLS,173.1,173.1,173.1,173.1,500.0
2019-11-22 13:00:00,NSE:STERTOOLS,173.1,175.0,173.1,175.0,371.0
2019-11-22 14:00:00,NSE:STERTOOLS,175.0,175.0,174.5,174.5,1018.0
2019-11-22 15:00:00,NSE:STERTOOLS,174.9,175.0,170.0,171.0,903.0
2019-11-25 09:00:00,NSE:STERTOOLS,172.0,172.0,167.35,168.7,658.0
2019-11-25 10:00:00,NSE:STERTOOLS,168.0,170.0,168.0,170.0,1260.0
2019-11-25 11:00:00,NSE:STERTOOLS,170.0,170.0,167.55,168.1,844.0
2019-11-25 12:00:00,NSE:STERTOOLS,168.15,169.35,168.0,168.65,299.0
2019-11-25 13:00:00,NSE:STERTOOLS,169.1,169.15,168.05,168.25,216.0
2019-11-25 14:00:00,NSE:STERTOOLS,168.0,171.0,168.0,170.9,506.0
2019-11-25 15:00:00,NSE:STERTOOLS,170.85,171.7,168.0,168.0,411.0
2019-11-26 09:00:00,NSE:STERTOOLS,175.0,175.0,167.5,171.85,915.0
2019-11-26 10:00:00,NSE:STERTOOLS,171.85,171.85,171.1,171.1,109.0
2019-11-26 11:00:00,NSE:STERTOOLS,172.0,173.0,172.0,173.0,900.0
2019-11-26 12:00:00,NSE:STERTOOLS,172.1,172.15,172.1,172.15,107.0
2019-11-26 13:00:00,NSE:STERTOOLS,172.15,172.15,172.0,172.0,74.0
2019-11-26 14:00:00,NSE:STERTOOLS,172.0,172.0,168.35,169.0,483.0
2019-11-26 15:00:00,NSE:STERTOOLS,168.95,169.45,166.1,166.1,243.0
2019-11-27 09:00:00,NSE:STERTOOLS,171.75,173.0,171.75,172.0,632.0
2019-11-27 10:00:00,NSE:STERTOOLS,173.0,179.8,172.55,178.0,3757.0
2019-11-27 11:00:00,NSE:STERTOOLS,177.6,179.45,177.6,178.1,1518.0
2019-11-27 12:00:00,NSE:STERTOOLS,178.05,178.05,171.85,173.9,1655.0
2019-11-27 13:00:00,NSE:STERTOOLS,175.15,175.85,174.8,175.0,70.0
2019-11-27 14:00:00,NSE:STERTOOLS,175.3,176.95,174.0,176.45,3106.0
2019-11-27 15:00:00,NSE:STERTOOLS,176.7,176.75,175.0,176.75,718.0
2019-11-28 09:00:00,NSE:STERTOOLS,177.9,177.9,172.0,175.0,593.0
2019-11-28 10:00:00,NSE:STERTOOLS,175.8,175.8,175.0,175.2,165.0
2019-11-28 11:00:00,NSE:STERTOOLS,176.2,176.65,176.2,176.65,62.0
2019-11-28 12:00:00,NSE:STERTOOLS,176.05,176.05,176.05,176.05,20.0
2019-11-28 13:00:00,NSE:STERTOOLS,176.0,176.0,176.0,176.0,65.0
2019-11-28 14:00:00,NSE:STERTOOLS,176.0,179.95,176.0,178.05,1702.0
2019-11-28 15:00:00,NSE:STERTOOLS,178.05,182.0,178.05,180.1,228.0
2019-11-29 09:00:00,NSE:STERTOOLS,180.3,182.1,175.15,175.6,854.0
2019-11-29 10:00:00,NSE:STERTOOLS,176.0,177.25,175.75,176.8,73.0
2019-11-29 11:00:00,NSE:STERTOOLS,176.8,176.95,176.05,176.95,350.0
2019-11-29 12:00:00,NSE:STERTOOLS,176.05,177.95,176.05,177.95,37.0
2019-11-29 13:00:00,NSE:STERTOOLS,178.1,178.1,178.1,178.1,2.0
2019-11-29 14:00:00,NSE:STERTOOLS,178.35,179.0,178.0,178.0,514.0
2019-11-29 15:00:00,NSE:STERTOOLS,178.0,179.0,177.95,179.0,348.0
2019-12-02 09:00:00,NSE:STERTOOLS,180.0,180.0,176.3,177.3,31.0
2019-12-02 10:00:00,NSE:STERTOOLS,176.0,176.0,173.35,176.0,1884.0
2019-12-02 11:00:00,NSE:STERTOOLS,175.0,175.0,175.0,175.0,10.0
2019-12-02 12:00:00,NSE:STERTOOLS,175.0,176.1,175.0,175.25,1480.0
2019-12-02 13:00:00,NSE:STERTOOLS,176.2,177.9,176.2,176.5,427.0
2019-12-02 14:00:00,NSE:STERTOOLS,176.5,176.5,176.5,176.5,210.0
2019-12-02 15:00:00,NSE:STERTOOLS,176.5,176.5,174.0,176.0,833.0
2019-12-03 09:00:00,NSE:STERTOOLS,175.95,177.5,175.95,176.0,703.0
2019-12-03 11:00:00,NSE:STERTOOLS,176.0,176.0,176.0,176.0,14.0
2019-12-03 12:00:00,NSE:STERTOOLS,176.5,177.0,174.05,175.05,255.0
2019-12-03 13:00:00,NSE:STERTOOLS,175.95,179.85,175.95,177.0,341.0
2019-12-03 14:00:00,NSE:STERTOOLS,176.05,179.35,175.05,179.3,115.0
2019-12-03 15:00:00,NSE:STERTOOLS,178.8,178.8,171.1,171.1,672.0
2019-12-04 09:00:00,NSE:STERTOOLS,175.0,176.5,172.0,175.05,1078.0
2019-12-04 10:00:00,NSE:STERTOOLS,176.5,176.9,175.25,175.25,173.0
2019-12-04 11:00:00,NSE:STERTOOLS,175.15,176.5,175.1,175.1,30.0
2019-12-04 12:00:00,NSE:STERTOOLS,175.1,176.5,175.1,175.4,38.0
2019-12-04 13:00:00,NSE:STERTOOLS,175.05,175.05,175.05,175.05,330.0
2019-12-04 14:00:00,NSE:STERTOOLS,176.0,176.0,175.0,175.0,1103.0
2019-12-04 15:00:00,NSE:STERTOOLS,175.95,176.5,175.0,175.0,1855.0
2019-12-05 09:00:00,NSE:STERTOOLS,175.0,175.4,175.0,175.4,245.0
2019-12-05 10:00:00,NSE:STERTOOLS,175.05,177.7,175.05,175.1,22.0
2019-12-05 11:00:00,NSE:STERTOOLS,177.9,177.9,175.15,175.15,40.0
2019-12-05 12:00:00,NSE:STERTOOLS,177.95,183.8,175.0,182.0,711.0
2019-12-05 13:00:00,NSE:STERTOOLS,176.5,181.7,176.5,176.5,267.0
2019-12-05 14:00:00,NSE:STERTOOLS,177.45,178.0,176.05,177.9,201.0
2019-12-05 15:00:00,NSE:STERTOOLS,176.2,176.65,175.0,175.0,1790.0
2019-12-06 09:00:00,NSE:STERTOOLS,172.05,180.05,172.05,176.0,838.0
2019-12-06 10:00:00,NSE:STERTOOLS,176.0,176.6,176.0,176.0,53.0
2019-12-06 11:00:00,NSE:STERTOOLS,176.0,177.05,174.55,175.1,1003.0
2019-12-06 12:00:00,NSE:STERTOOLS,175.6,175.6,175.35,175.6,258.0
2019-12-06 13:00:00,NSE:STERTOOLS,175.35,175.35,175.35,175.35,34.0
2019-12-06 14:00:00,NSE:STERTOOLS,175.35,175.35,174.1,175.0,295.0
2019-12-06 15:00:00,NSE:STERTOOLS,175.9,175.9,171.5,171.5,417.0
2019-12-09 09:00:00,NSE:STERTOOLS,173.05,176.0,173.0,173.0,1486.0
2019-12-09 10:00:00,NSE:STERTOOLS,173.5,174.9,173.5,173.55,95.0
2019-12-09 11:00:00,NSE:STERTOOLS,174.0,174.75,174.0,174.0,618.0
2019-12-09 12:00:00,NSE:STERTOOLS,180.3,180.3,174.0,178.0,520.0
2019-12-09 13:00:00,NSE:STERTOOLS,176.05,179.0,176.05,179.0,138.0
2019-12-09 14:00:00,NSE:STERTOOLS,179.0,179.05,179.0,179.05,168.0
2019-12-09 15:00:00,NSE:STERTOOLS,176.1,178.45,173.05,175.15,1645.0
2019-12-10 09:00:00,NSE:STERTOOLS,173.5,176.0,172.05,173.3,126.0
2019-12-10 10:00:00,NSE:STERTOOLS,173.6,173.6,173.6,173.6,1.0
2019-12-10 11:00:00,NSE:STERTOOLS,173.0,173.0,173.0,173.0,1418.0
2019-12-10 12:00:00,NSE:STERTOOLS,173.0,174.95,173.0,174.95,328.0
2019-12-10 13:00:00,NSE:STERTOOLS,174.95,174.95,173.1,174.95,311.0
2019-12-10 14:00:00,NSE:STERTOOLS,174.0,177.45,173.5,177.4,561.0
2019-12-10 15:00:00,NSE:STERTOOLS,175.6,175.6,174.2,174.2,51.0
2019-12-11 09:00:00,NSE:STERTOOLS,175.4,176.35,172.65,174.05,286.0
2019-12-11 10:00:00,NSE:STERTOOLS,176.9,176.9,176.75,176.75,11.0
2019-12-11 11:00:00,NSE:STERTOOLS,176.7,176.7,175.0,175.0,113.0
2019-12-11 12:00:00,NSE:STERTOOLS,175.0,175.0,175.0,175.0,224.0
2019-12-11 13:00:00,NSE:STERTOOLS,175.0,176.55,171.2,176.55,1409.0
2019-12-11 14:00:00,NSE:STERTOOLS,175.3,176.35,174.0,174.5,1054.0
2019-12-11 15:00:00,NSE:STERTOOLS,172.55,174.45,172.45,172.45,150.0
2019-12-12 09:00:00,NSE:STERTOOLS,175.2,175.25,173.0,175.25,984.0
2019-12-12 10:00:00,NSE:STERTOOLS,175.2,176.0,172.4,174.4,2666.0
2019-12-12 11:00:00,NSE:STERTOOLS,174.4,174.9,172.15,174.9,731.0
2019-12-12 12:00:00,NSE:STERTOOLS,172.65,174.0,172.65,174.0,784.0
2019-12-12 13:00:00,NSE:STERTOOLS,174.0,174.0,173.45,174.0,19.0
2019-12-12 14:00:00,NSE:STERTOOLS,173.85,177.65,173.85,175.5,2103.0
2019-12-12 15:00:00,NSE:STERTOOLS,175.5,176.8,175.0,175.0,5567.0
2019-12-13 09:00:00,NSE:STERTOOLS,172.0,177.75,172.0,177.6,150.0
2019-12-13 10:00:00,NSE:STERTOOLS,176.05,177.0,176.0,176.9,23.0
2019-12-13 11:00:00,NSE:STERTOOLS,177.05,177.05,177.05,177.05,368.0
2019-12-13 12:00:00,NSE:STERTOOLS,176.0,177.5,176.0,177.5,430.0
2019-12-13 13:00:00,NSE:STERTOOLS,177.55,177.55,175.15,176.05,309.0
2019-12-13 14:00:00,NSE:STERTOOLS,176.0,176.0,176.0,176.0,1737.0
2019-12-13 15:00:00,NSE:STERTOOLS,176.0,177.35,176.0,177.35,48.0
2019-12-16 09:00:00,NSE:STERTOOLS,176.0,177.7,172.55,177.7,1316.0
2019-12-16 10:00:00,NSE:STERTOOLS,176.75,176.75,174.0,174.0,865.0
2019-12-16 11:00:00,NSE:STERTOOLS,175.0,176.0,174.5,176.0,266.0
2019-12-16 14:00:00,NSE:STERTOOLS,177.0,177.0,177.0,177.0,2.0
2019-12-16 15:00:00,NSE:STERTOOLS,176.95,177.0,175.0,175.0,873.0
2019-12-17 09:00:00,NSE:STERTOOLS,181.9,181.9,173.25,174.9,138.0
2019-12-17 10:00:00,NSE:STERTOOLS,174.95,175.8,174.0,175.8,19.0
2019-12-17 11:00:00,NSE:STERTOOLS,175.8,176.1,174.55,176.1,31.0
2019-12-17 12:00:00,NSE:STERTOOLS,174.5,176.05,174.5,175.0,109.0
2019-12-17 13:00:00,NSE:STERTOOLS,175.9,176.8,175.05,176.4,172.0
2019-12-17 14:00:00,NSE:STERTOOLS,175.5,176.05,174.5,175.0,264.0
2019-12-17 15:00:00,NSE:STERTOOLS,176.0,177.95,174.05,177.5,921.0
2019-12-18 09:00:00,NSE:STERTOOLS,178.0,178.0,175.2,176.0,528.0
2019-12-18 10:00:00,NSE:STERTOOLS,176.4,176.9,175.5,176.65,592.0
2019-12-18 11:00:00,NSE:STERTOOLS,176.0,176.0,176.0,176.0,100.0
2019-12-18 12:00:00,NSE:STERTOOLS,176.05,176.05,176.05,176.05,20.0
2019-12-18 13:00:00,NSE:STERTOOLS,176.65,176.65,176.25,176.3,193.0
2019-12-18 14:00:00,NSE:STERTOOLS,176.3,177.0,176.0,177.0,248.0
2019-12-18 15:00:00,NSE:STERTOOLS,177.0,177.9,175.05,175.05,633.0
2019-12-19 09:00:00,NSE:STERTOOLS,180.0,180.0,175.05,176.0,132.0
2019-12-19 10:00:00,NSE:STERTOOLS,180.0,181.6,177.05,177.5,1026.0
2019-12-19 11:00:00,NSE:STERTOOLS,177.15,180.65,177.15,180.65,425.0
2019-12-19 12:00:00,NSE:STERTOOLS,180.0,180.0,180.0,180.0,3.0
2019-12-19 13:00:00,NSE:STERTOOLS,180.0,180.5,178.55,180.0,93.0
2019-12-19 14:00:00,NSE:STERTOOLS,177.2,180.7,177.2,180.0,1792.0
2019-12-19 15:00:00,NSE:STERTOOLS,180.8,182.0,180.0,180.0,333.0
2019-12-20 09:00:00,NSE:STERTOOLS,175.25,187.0,175.25,186.0,411.0
2019-12-20 10:00:00,NSE:STERTOOLS,181.05,181.05,181.05,181.05,2.0
2019-12-20 11:00:00,NSE:STERTOOLS,183.4,184.85,183.4,184.85,103.0
2019-12-20 12:00:00,NSE:STERTOOLS,184.85,184.95,180.1,184.9,716.0
2019-12-20 13:00:00,NSE:STERTOOLS,184.5,184.5,184.05,184.05,25.0
2019-12-20 14:00:00,NSE:STERTOOLS,184.0,186.0,184.0,185.9,1094.0
2019-12-20 15:00:00,NSE:STERTOOLS,184.0,185.8,184.0,185.45,254.0
2019-12-23 09:00:00,NSE:STERTOOLS,189.0,189.0,182.0,182.0,389.0
2019-12-23 10:00:00,NSE:STERTOOLS,185.0,187.0,181.15,181.15,1785.0
2019-12-23 11:00:00,NSE:STERTOOLS,181.35,183.85,181.35,181.5,626.0
2019-12-23 12:00:00,NSE:STERTOOLS,181.0,183.65,181.0,182.85,398.0
2019-12-23 13:00:00,NSE:STERTOOLS,182.0,182.85,181.6,181.6,120.0
2019-12-23 14:00:00,NSE:STERTOOLS,181.45,181.45,180.0,180.0,105.0
2019-12-23 15:00:00,NSE:STERTOOLS,180.85,180.85,178.0,179.2,186.0
2019-12-24 09:00:00,NSE:STERTOOLS,185.8,191.8,185.0,185.9,56609.0
2019-12-24 10:00:00,NSE:STERTOOLS,185.9,186.55,184.7,184.75,7833.0
2019-12-24 11:00:00,NSE:STERTOOLS,185.0,187.0,184.15,186.1,3327.0
2019-12-24 12:00:00,NSE:STERTOOLS,186.1,215.0,186.1,214.9,124892.0
2019-12-24 13:00:00,NSE:STERTOOLS,214.9,215.0,211.25,215.0,24480.0
2019-12-24 14:00:00,NSE:STERTOOLS,215.0,215.0,215.0,215.0,1889.0
2019-12-24 15:00:00,NSE:STERTOOLS,215.0,215.0,215.0,215.0,626.0
2019-12-26 09:00:00,NSE:STERTOOLS,224.0,246.0,223.05,243.2,260676.0
2019-12-26 10:00:00,NSE:STERTOOLS,243.2,255.0,239.35,247.0,198971.0
2019-12-26 11:00:00,NSE:STERTOOLS,247.0,250.8,245.25,247.75,35396.0
2019-12-26 12:00:00,NSE:STERTOOLS,247.55,248.9,245.2,247.9,20763.0
2019-12-26 13:00:00,NSE:STERTOOLS,247.9,248.45,245.3,246.65,10511.0
2019-12-26 14:00:00,NSE:STERTOOLS,246.5,247.9,245.1,245.8,16981.0
2019-12-26 15:00:00,NSE:STERTOOLS,245.95,246.0,237.1,242.7,42203.0
2019-12-27 09:00:00,NSE:STERTOOLS,236.9,239.0,231.0,232.6,37280.0
2019-12-27 10:00:00,NSE:STERTOOLS,232.6,234.8,232.15,233.0,12943.0
2019-12-27 11:00:00,NSE:STERTOOLS,232.95,232.95,226.5,230.05,13938.0
2019-12-27 12:00:00,NSE:STERTOOLS,230.0,230.8,227.5,228.7,4129.0
2019-12-27 13:00:00,NSE:STERTOOLS,228.7,230.5,226.0,229.15,5829.0
2019-12-27 14:00:00,NSE:STERTOOLS,229.15,232.8,227.5,228.5,23355.0
2019-12-27 15:00:00,NSE:STERTOOLS,228.35,229.3,223.0,225.9,17138.0
2019-12-30 09:00:00,NSE:STERTOOLS,225.0,225.4,215.95,218.8,16823.0
2019-12-30 10:00:00,NSE:STERTOOLS,218.75,218.85,215.0,216.25,9263.0
2019-12-30 11:00:00,NSE:STERTOOLS,216.55,216.55,211.1,214.85,9178.0
2019-12-30 12:00:00,NSE:STERTOOLS,214.7,214.7,213.0,213.5,952.0
2019-12-30 13:00:00,NSE:STERTOOLS,213.5,214.85,213.0,213.8,952.0
2019-12-30 14:00:00,NSE:STERTOOLS,213.8,215.85,213.15,215.0,4805.0
2019-12-30 15:00:00,NSE:STERTOOLS,214.6,216.9,214.15,215.5,6020.0
2019-12-31 09:00:00,NSE:STERTOOLS,216.0,226.2,216.0,221.55,16523.0
2019-12-31 10:00:00,NSE:STERTOOLS,221.55,222.3,220.0,220.95,4884.0
2019-12-31 11:00:00,NSE:STERTOOLS,220.0,220.95,213.9,218.8,5516.0
2019-12-31 12:00:00,NSE:STERTOOLS,218.8,219.0,215.55,217.9,3744.0
2019-12-31 13:00:00,NSE:STERTOOLS,218.25,218.65,217.3,218.0,1655.0
2019-12-31 14:00:00,NSE:STERTOOLS,218.0,218.6,216.0,216.55,1591.0
2019-12-31 15:00:00,NSE:STERTOOLS,217.65,218.7,214.1,216.65,4246.0
2020-01-01 09:00:00,NSE:STERTOOLS,219.0,223.0,217.0,218.05,2614.0
2020-01-01 10:00:00,NSE:STERTOOLS,218.15,219.85,215.2,217.75,1263.0
2020-01-01 11:00:00,NSE:STERTOOLS,216.65,217.2,213.55,216.7,2411.0
2020-01-01 12:00:00,NSE:STERTOOLS,216.5,216.95,214.0,215.85,877.0
2020-01-01 13:00:00,NSE:STERTOOLS,215.6,216.85,214.65,216.05,606.0
2020-01-01 14:00:00,NSE:STERTOOLS,216.0,216.0,212.2,213.95,1112.0
2020-01-01 15:00:00,NSE:STERTOOLS,213.75,213.95,208.05,210.25,4047.0
2020-01-02 09:00:00,NSE:STERTOOLS,212.9,212.9,208.1,209.5,2495.0
2020-01-02 10:00:00,NSE:STERTOOLS,209.5,209.7,205.0,207.7,6180.0
2020-01-02 11:00:00,NSE:STERTOOLS,207.85,209.05,207.15,208.0,1430.0
2020-01-02 12:00:00,NSE:STERTOOLS,208.0,210.5,207.5,210.0,1881.0
2020-01-02 13:00:00,NSE:STERTOOLS,208.7,229.8,207.65,224.5,20240.0
2020-01-02 14:00:00,NSE:STERTOOLS,224.5,225.2,218.0,219.9,4703.0
2020-01-02 15:00:00,NSE:STERTOOLS,218.8,219.0,216.3,217.55,2130.0
2020-01-03 09:00:00,NSE:STERTOOLS,221.45,224.0,214.75,221.8,6790.0
2020-01-03 10:00:00,NSE:STERTOOLS,221.9,223.0,221.4,222.1,1164.0
2020-01-03 11:00:00,NSE:STERTOOLS,222.1,223.0,222.05,222.3,1820.0
2020-01-03 12:00:00,NSE:STERTOOLS,222.35,224.85,222.0,223.0,5146.0
2020-01-03 13:00:00,NSE:STERTOOLS,222.0,222.0,218.0,221.65,2026.0
2020-01-03 14:00:00,NSE:STERTOOLS,221.7,221.7,215.55,216.55,2847.0
2020-01-03 15:00:00,NSE:STERTOOLS,216.55,217.85,215.0,216.0,2151.0
2020-01-06 09:00:00,NSE:STERTOOLS,216.0,216.15,210.5,212.45,1631.0
2020-01-06 10:00:00,NSE:STERTOOLS,212.95,213.8,211.55,212.55,853.0
2020-01-06 11:00:00,NSE:STERTOOLS,213.65,215.5,208.0,208.7,6078.0
2020-01-06 12:00:00,NSE:STERTOOLS,208.7,214.95,207.0,211.05,3337.0
2020-01-06 13:00:00,NSE:STERTOOLS,212.0,212.45,209.05,211.65,1450.0
2020-01-06 14:00:00,NSE:STERTOOLS,209.45,211.35,205.0,206.85,3271.0
2020-01-06 15:00:00,NSE:STERTOOLS,206.85,207.7,198.5,203.2,3426.0
2020-01-07 09:00:00,NSE:STERTOOLS,203.0,212.0,197.6,210.9,8775.0
2020-01-07 10:00:00,NSE:STERTOOLS,210.5,212.8,209.6,211.0,1447.0
2020-01-07 11:00:00,NSE:STERTOOLS,211.45,211.5,204.05,205.6,5161.0
2020-01-07 12:00:00,NSE:STERTOOLS,205.85,208.35,205.05,206.1,2249.0
2020-01-07 13:00:00,NSE:STERTOOLS,206.0,207.0,205.2,207.0,999.0
2020-01-07 14:00:00,NSE:STERTOOLS,207.35,207.85,203.95,205.0,3049.0
2020-01-07 15:00:00,NSE:STERTOOLS,206.05,206.05,201.0,203.65,2344.0
2020-01-08 09:00:00,NSE:STERTOOLS,193.0,206.0,193.0,200.25,5329.0
2020-01-08 10:00:00,NSE:STERTOOLS,200.75,202.45,199.85,201.1,1249.0
2020-01-08 11:00:00,NSE:STERTOOLS,201.1,202.5,201.0,201.25,1122.0
2020-01-08 12:00:00,NSE:STERTOOLS,201.95,202.5,200.6,201.25,827.0
2020-01-08 13:00:00,NSE:STERTOOLS,202.5,202.5,201.5,201.5,587.0
2020-01-08 14:00:00,NSE:STERTOOLS,201.0,201.75,199.0,200.8,1418.0
2020-01-08 15:00:00,NSE:STERTOOLS,200.4,200.45,199.0,200.45,1457.0
2020-01-09 09:00:00,NSE:STERTOOLS,209.85,209.85,201.4,207.45,5363.0
2020-01-09 10:00:00,NSE:STERTOOLS,207.5,220.0,207.45,217.0,7966.0
2020-01-09 11:00:00,NSE:STERTOOLS,217.0,217.75,210.8,214.85,6569.0
2020-01-09 12:00:00,NSE:STERTOOLS,214.65,215.8,211.55,213.05,1225.0
2020-01-09 13:00:00,NSE:STERTOOLS,213.55,214.75,212.0,213.35,1714.0
2020-01-09 14:00:00,NSE:STERTOOLS,213.45,213.45,210.7,213.0,2071.0
2020-01-09 15:00:00,NSE:STERTOOLS,213.0,215.7,208.0,212.95,5322.0
2020-01-10 09:00:00,NSE:STERTOOLS,213.0,215.0,207.0,211.0,3075.0
2020-01-10 10:00:00,NSE:STERTOOLS,211.5,217.95,211.5,216.0,3578.0
2020-01-10 11:00:00,NSE:STERTOOLS,216.6,217.65,212.65,214.55,2501.0
2020-01-10 12:00:00,NSE:STERTOOLS,215.0,215.5,213.1,213.1,597.0
2020-01-10 13:00:00,NSE:STERTOOLS,214.5,214.5,208.35,209.55,3013.0
2020-01-10 14:00:00,NSE:STERTOOLS,208.65,211.75,208.0,209.65,1516.0
2020-01-10 15:00:00,NSE:STERTOOLS,208.25,211.0,208.25,211.0,1727.0
2020-01-13 09:00:00,NSE:STERTOOLS,209.25,219.5,208.4,213.0,3693.0
2020-01-13 10:00:00,NSE:STERTOOLS,211.7,214.9,211.45,213.25,1489.0
2020-01-13 11:00:00,NSE:STERTOOLS,213.25,219.5,212.85,219.45,6810.0
2020-01-13 12:00:00,NSE:STERTOOLS,219.45,221.45,217.05,220.05,5745.0
2020-01-13 13:00:00,NSE:STERTOOLS,220.05,220.95,219.4,220.0,1914.0
2020-01-13 14:00:00,NSE:STERTOOLS,220.0,220.75,219.15,220.0,1271.0
2020-01-13 15:00:00,NSE:STERTOOLS,220.0,220.75,220.0,220.0,2320.0
2020-01-14 09:00:00,NSE:STERTOOLS,220.0,221.0,215.35,218.85,1057.0
2020-01-14 10:00:00,NSE:STERTOOLS,216.95,220.05,216.95,220.05,1316.0
2020-01-14 11:00:00,NSE:STERTOOLS,220.0,255.0,220.0,247.0,61498.0
2020-01-14 12:00:00,NSE:STERTOOLS,246.5,247.0,238.0,242.0,22393.0
2020-01-14 13:00:00,NSE:STERTOOLS,242.0,242.75,236.0,237.95,3645.0
2020-01-14 14:00:00,NSE:STERTOOLS,237.95,242.55,236.95,238.4,7982.0
2020-01-14 15:00:00,NSE:STERTOOLS,238.4,238.7,228.1,233.5,16180.0
2020-01-15 09:00:00,NSE:STERTOOLS,247.0,261.5,243.1,248.6,57939.0
2020-01-15 10:00:00,NSE:STERTOOLS,248.6,251.8,245.25,246.0,13003.0
2020-01-15 11:00:00,NSE:STERTOOLS,246.5,246.8,244.0,246.5,6139.0
2020-01-15 12:00:00,NSE:STERTOOLS,246.45,248.75,245.0,247.8,5872.0
2020-01-15 13:00:00,NSE:STERTOOLS,248.0,248.0,246.1,246.75,2295.0
2020-01-15 14:00:00,NSE:STERTOOLS,246.75,246.75,242.5,244.0,3597.0
2020-01-15 15:00:00,NSE:STERTOOLS,244.15,244.85,240.6,242.4,11042.0
2020-01-16 09:00:00,NSE:STERTOOLS,243.2,245.2,242.1,242.5,2633.0
2020-01-16 10:00:00,NSE:STERTOOLS,242.5,243.25,236.95,238.55,5295.0
2020-01-16 11:00:00,NSE:STERTOOLS,237.35,239.4,237.0,237.3,1428.0
2020-01-16 12:00:00,NSE:STERTOOLS,238.0,238.5,237.15,238.2,910.0
2020-01-16 13:00:00,NSE:STERTOOLS,238.2,238.2,237.15,238.0,493.0
2020-01-16 14:00:00,NSE:STERTOOLS,238.0,240.0,238.0,239.95,2103.0
2020-01-16 15:00:00,NSE:STERTOOLS,239.45,242.0,237.2,242.0,1720.0
2020-01-17 09:00:00,NSE:STERTOOLS,243.2,243.2,236.15,239.5,2386.0
2020-01-17 10:00:00,NSE:STERTOOLS,239.5,239.5,238.6,239.5,1226.0
2020-01-17 11:00:00,NSE:STERTOOLS,239.0,244.0,234.35,239.0,4492.0
2020-01-17 12:00:00,NSE:STERTOOLS,239.0,240.0,236.0,238.0,3082.0
2020-01-17 13:00:00,NSE:STERTOOLS,239.7,241.2,236.1,238.9,2246.0
2020-01-17 14:00:00,NSE:STERTOOLS,238.6,238.6,236.75,236.85,904.0
2020-01-17 15:00:00,NSE:STERTOOLS,236.85,237.8,231.4,235.35,3791.0
2020-01-20 09:00:00,NSE:STERTOOLS,238.0,240.05,236.1,237.25,740.0
2020-01-20 10:00:00,NSE:STERTOOLS,238.65,238.65,234.0,236.0,831.0
2020-01-20 11:00:00,NSE:STERTOOLS,235.8,235.8,230.45,231.75,593.0
2020-01-20 12:00:00,NSE:STERTOOLS,231.85,237.85,231.85,235.1,1119.0
2020-01-20 13:00:00,NSE:STERTOOLS,235.0,258.5,233.25,243.45,24129.0
2020-01-20 14:00:00,NSE:STERTOOLS,243.45,244.5,241.15,243.15,1832.0
2020-01-20 15:00:00,NSE:STERTOOLS,243.5,245.1,242.5,243.95,3115.0
2020-01-21 09:00:00,NSE:STERTOOLS,248.85,248.85,238.05,244.6,2249.0
2020-01-21 10:00:00,NSE:STERTOOLS,244.95,244.95,240.4,240.4,894.0
2020-01-21 11:00:00,NSE:STERTOOLS,240.35,243.5,237.8,243.5,1919.0
2020-01-21 12:00:00,NSE:STERTOOLS,243.3,243.3,239.0,240.9,532.0
2020-01-21 13:00:00,NSE:STERTOOLS,241.95,241.95,240.0,241.2,405.0
2020-01-21 14:00:00,NSE:STERTOOLS,241.2,241.2,238.8,240.0,203.0
2020-01-21 15:00:00,NSE:STERTOOLS,239.05,241.7,238.0,239.0,1004.0
2020-01-22 09:00:00,NSE:STERTOOLS,235.15,246.0,235.15,240.0,2073.0
2020-01-22 10:00:00,NSE:STERTOOLS,242.65,242.65,238.0,239.45,3067.0
2020-01-22 11:00:00,NSE:STERTOOLS,239.45,243.85,238.45,242.0,2465.0
2020-01-22 12:00:00,NSE:STERTOOLS,241.3,242.0,238.15,240.95,1604.0
2020-01-22 13:00:00,NSE:STERTOOLS,240.85,240.85,238.3,239.2,500.0
2020-01-22 14:00:00,NSE:STERTOOLS,238.3,239.8,237.5,239.4,716.0
2020-01-22 15:00:00,NSE:STERTOOLS,238.8,239.9,236.2,238.0,998.0
2020-01-23 09:00:00,NSE:STERTOOLS,235.15,242.0,235.15,239.05,3017.0
2020-01-23 10:00:00,NSE:STERTOOLS,239.05,240.7,239.0,240.05,1241.0
2020-01-23 11:00:00,NSE:STERTOOLS,240.05,241.95,239.05,240.7,1770.0
2020-01-23 12:00:00,NSE:STERTOOLS,239.6,240.55,239.55,240.1,219.0
2020-01-23 13:00:00,NSE:STERTOOLS,240.95,242.0,239.3,240.0,2477.0
2020-01-23 14:00:00,NSE:STERTOOLS,239.3,239.55,239.1,239.4,1092.0
2020-01-23 15:00:00,NSE:STERTOOLS,239.45,244.0,239.35,240.2,2057.0
2020-01-24 09:00:00,NSE:STERTOOLS,244.8,244.8,240.2,241.0,357.0
2020-01-24 10:00:00,NSE:STERTOOLS,240.55,240.95,239.9,240.85,382.0
2020-01-24 11:00:00,NSE:STERTOOLS,239.9,240.05,239.05,239.05,261.0
2020-01-24 12:00:00,NSE:STERTOOLS,239.7,244.0,239.65,240.1,1134.0
2020-01-24 13:00:00,NSE:STERTOOLS,240.15,240.9,240.0,240.9,226.0
2020-01-24 14:00:00,NSE:STERTOOLS,240.0,241.0,239.65,241.0,847.0
2020-01-24 15:00:00,NSE:STERTOOLS,241.0,241.15,237.1,237.1,1097.0
2020-01-27 09:00:00,NSE:STERTOOLS,237.0,237.0,231.75,234.95,2647.0
2020-01-27 10:00:00,NSE:STERTOOLS,234.0,236.2,234.0,236.2,2091.0
2020-01-27 11:00:00,NSE:STERTOOLS,235.05,237.9,235.0,235.0,1097.0
2020-01-27 12:00:00,NSE:STERTOOLS,234.95,236.55,233.0,236.0,464.0
2020-01-27 13:00:00,NSE:STERTOOLS,235.05,239.0,233.1,235.55,4986.0
2020-01-27 14:00:00,NSE:STERTOOLS,235.55,237.9,233.85,235.05,3692.0
2020-01-27 15:00:00,NSE:STERTOOLS,234.95,235.2,232.0,233.25,4857.0
2020-01-28 09:00:00,NSE:STERTOOLS,234.85,235.45,232.05,234.95,579.0
2020-01-28 10:00:00,NSE:STERTOOLS,233.5,234.6,232.5,233.35,251.0
2020-01-28 11:00:00,NSE:STERTOOLS,233.35,233.35,232.25,233.35,117.0
2020-01-28 12:00:00,NSE:STERTOOLS,232.3,233.0,232.0,232.85,898.0
2020-01-28 13:00:00,NSE:STERTOOLS,232.2,239.0,232.2,236.75,1304.0
2020-01-28 14:00:00,NSE:STERTOOLS,236.7,236.7,225.0,227.3,5127.0
2020-01-28 15:00:00,NSE:STERTOOLS,226.0,229.6,225.0,225.85,2048.0
2020-01-29 09:00:00,NSE:STERTOOLS,226.05,228.0,219.95,222.35,3746.0
2020-01-29 10:00:00,NSE:STERTOOLS,223.0,223.7,222.15,223.25,1341.0
2020-01-29 11:00:00,NSE:STERTOOLS,223.25,224.95,223.0,224.95,359.0
2020-01-29 12:00:00,NSE:STERTOOLS,226.0,226.95,222.25,224.05,1639.0
2020-01-29 13:00:00,NSE:STERTOOLS,224.05,225.0,222.5,222.5,260.0
2020-01-29 14:00:00,NSE:STERTOOLS,222.65,225.2,222.55,224.8,332.0
2020-01-29 15:00:00,NSE:STERTOOLS,224.8,225.0,222.25,223.5,661.0
2020-01-30 09:00:00,NSE:STERTOOLS,221.0,227.05,221.0,224.1,1866.0
2020-01-30 10:00:00,NSE:STERTOOLS,224.15,226.0,224.15,226.0,248.0
2020-01-30 11:00:00,NSE:STERTOOLS,226.45,226.5,222.1,222.5,666.0
2020-01-30 12:00:00,NSE:STERTOOLS,222.8,223.4,222.55,222.55,9.0
2020-01-30 13:00:00,NSE:STERTOOLS,225.0,226.5,225.0,225.15,689.0
2020-01-30 14:00:00,NSE:STERTOOLS,226.0,230.15,225.25,226.0,3235.0
2020-01-30 15:00:00,NSE:STERTOOLS,227.0,229.6,226.55,227.5,772.0
2020-01-31 09:00:00,NSE:STERTOOLS,227.75,227.75,223.75,224.05,2059.0
2020-01-31 10:00:00,NSE:STERTOOLS,224.05,227.45,224.05,225.65,1669.0
2020-01-31 11:00:00,NSE:STERTOOLS,227.45,227.45,224.65,225.0,1499.0
2020-01-31 12:00:00,NSE:STERTOOLS,224.7,224.7,224.65,224.7,175.0
2020-01-31 13:00:00,NSE:STERTOOLS,224.7,224.95,224.7,224.7,80.0
2020-01-31 14:00:00,NSE:STERTOOLS,224.7,226.0,221.6,225.0,3549.0
2020-01-31 15:00:00,NSE:STERTOOLS,225.0,226.6,225.0,225.0,3194.0
2020-02-01 09:00:00,NSE:STERTOOLS,232.0,232.95,228.6,228.9,155.0
2020-02-01 10:00:00,NSE:STERTOOLS,228.95,231.75,228.95,230.6,943.0
2020-02-01 11:00:00,NSE:STERTOOLS,231.65,241.9,231.0,236.0,5921.0
2020-02-01 12:00:00,NSE:STERTOOLS,236.0,236.0,233.0,233.0,1258.0
2020-02-01 13:00:00,NSE:STERTOOLS,234.0,234.0,226.7,228.0,3056.0
2020-02-01 14:00:00,NSE:STERTOOLS,228.85,234.5,228.85,229.8,1040.0
2020-02-01 15:00:00,NSE:STERTOOLS,229.7,232.75,228.1,228.1,3464.0
2020-02-03 09:00:00,NSE:STERTOOLS,229.0,229.0,225.95,227.7,346.0
2020-02-03 10:00:00,NSE:STERTOOLS,227.8,227.8,223.7,227.65,267.0
2020-02-03 11:00:00,NSE:STERTOOLS,224.15,226.75,221.95,221.95,526.0
2020-02-03 12:00:00,NSE:STERTOOLS,221.6,224.65,220.25,223.8,451.0
2020-02-03 13:00:00,NSE:STERTOOLS,223.95,225.0,223.0,224.9,452.0
2020-02-03 14:00:00,NSE:STERTOOLS,224.9,226.05,224.9,226.05,1030.0
2020-02-03 15:00:00,NSE:STERTOOLS,225.05,230.0,224.75,224.75,704.0
2020-02-04 09:00:00,NSE:STERTOOLS,228.0,228.4,224.15,224.15,258.0
2020-02-04 10:00:00,NSE:STERTOOLS,224.25,227.5,224.25,227.2,151.0
2020-02-04 11:00:00,NSE:STERTOOLS,225.1,228.0,225.1,228.0,2551.0
2020-02-04 12:00:00,NSE:STERTOOLS,228.95,235.05,227.8,229.85,3623.0
2020-02-04 13:00:00,NSE:STERTOOLS,230.0,234.55,229.9,234.55,316.0
2020-02-04 14:00:00,NSE:STERTOOLS,232.3,235.75,231.0,233.0,3113.0
2020-02-04 15:00:00,NSE:STERTOOLS,233.45,236.0,230.0,230.0,1047.0
2020-02-05 09:00:00,NSE:STERTOOLS,235.0,235.0,230.75,232.4,185.0
2020-02-05 10:00:00,NSE:STERTOOLS,232.2,233.7,232.0,232.0,636.0
2020-02-05 11:00:00,NSE:STERTOOLS,232.0,232.0,232.0,232.0,243.0
2020-02-05 12:00:00,NSE:STERTOOLS,232.0,232.0,232.0,232.0,158.0
2020-02-05 13:00:00,NSE:STERTOOLS,232.3,239.9,232.3,236.5,3369.0
2020-02-05 14:00:00,NSE:STERTOOLS,235.95,237.0,235.55,236.5,425.0
2020-02-05 15:00:00,NSE:STERTOOLS,236.85,242.0,236.0,239.75,3852.0
2020-02-06 09:00:00,NSE:STERTOOLS,232.7,249.0,232.7,241.95,982.0
2020-02-06 10:00:00,NSE:STERTOOLS,245.0,247.9,238.1,239.8,3449.0
2020-02-06 11:00:00,NSE:STERTOOLS,238.0,239.8,235.3,239.0,1582.0
2020-02-06 12:00:00,NSE:STERTOOLS,239.0,239.6,236.9,239.45,1539.0
2020-02-06 13:00:00,NSE:STERTOOLS,239.0,239.5,236.15,238.95,277.0
2020-02-06 14:00:00,NSE:STERTOOLS,238.25,239.5,237.75,238.0,498.0
2020-02-06 15:00:00,NSE:STERTOOLS,238.0,238.95,235.3,235.3,463.0
2020-02-07 09:00:00,NSE:STERTOOLS,238.05,241.4,233.0,236.0,1395.0
2020-02-07 10:00:00,NSE:STERTOOLS,236.1,237.25,235.25,236.8,241.0
2020-02-07 11:00:00,NSE:STERTOOLS,235.35,236.5,231.4,233.45,180.0
2020-02-07 12:00:00,NSE:STERTOOLS,234.0,234.0,231.6,233.45,348.0
2020-02-07 13:00:00,NSE:STERTOOLS,233.6,233.6,233.6,233.6,40.0
2020-02-07 14:00:00,NSE:STERTOOLS,232.1,236.0,231.3,232.4,951.0
2020-02-07 15:00:00,NSE:STERTOOLS,231.45,234.8,231.45,234.8,521.0
2020-02-10 09:00:00,NSE:STERTOOLS,230.0,234.1,230.0,232.3,628.0
2020-02-10 10:00:00,NSE:STERTOOLS,227.35,230.3,226.0,229.85,578.0
2020-02-10 11:00:00,NSE:STERTOOLS,229.35,229.35,226.95,226.95,1035.0
2020-02-10 12:00:00,NSE:STERTOOLS,227.0,227.5,224.4,227.45,1448.0
2020-02-10 13:00:00,NSE:STERTOOLS,226.7,232.0,226.7,229.0,529.0
2020-02-10 14:00:00,NSE:STERTOOLS,228.0,228.85,227.0,228.85,307.0
2020-02-10 15:00:00,NSE:STERTOOLS,228.0,230.1,224.5,226.0,1750.0
2020-02-11 09:00:00,NSE:STERTOOLS,230.0,232.5,228.6,230.2,2466.0
2020-02-11 10:00:00,NSE:STERTOOLS,229.9,230.4,226.6,230.4,746.0
2020-02-11 11:00:00,NSE:STERTOOLS,229.15,229.15,226.65,228.95,806.0
2020-02-11 12:00:00,NSE:STERTOOLS,228.0,228.0,223.15,226.0,456.0
2020-02-11 13:00:00,NSE:STERTOOLS,225.0,226.35,223.2,224.1,415.0
2020-02-11 14:00:00,NSE:STERTOOLS,224.7,225.0,224.4,224.4,193.0
2020-02-11 15:00:00,NSE:STERTOOLS,223.9,226.2,220.5,222.95,2141.0
2020-02-12 09:00:00,NSE:STERTOOLS,221.2,223.7,221.15,223.7,37.0
2020-02-12 10:00:00,NSE:STERTOOLS,222.7,223.0,219.95,221.05,1480.0
2020-02-12 11:00:00,NSE:STERTOOLS,221.05,221.3,218.1,220.9,1211.0
2020-02-12 12:00:00,NSE:STERTOOLS,220.95,220.95,217.0,217.4,600.0
2020-02-12 13:00:00,NSE:STERTOOLS,216.55,219.55,216.55,218.0,2059.0
2020-02-12 14:00:00,NSE:STERTOOLS,217.75,218.4,216.65,217.95,276.0
2020-02-12 15:00:00,NSE:STERTOOLS,217.85,222.55,215.3,216.95,1538.0
2020-02-13 09:00:00,NSE:STERTOOLS,210.35,217.0,210.35,213.55,1029.0
2020-02-13 10:00:00,NSE:STERTOOLS,213.15,214.0,211.3,212.95,709.0
2020-02-13 11:00:00,NSE:STERTOOLS,212.65,213.95,212.5,212.5,2043.0
2020-02-13 12:00:00,NSE:STERTOOLS,212.05,212.5,211.0,211.7,236.0
2020-02-13 13:00:00,NSE:STERTOOLS,211.75,212.0,208.55,211.95,2036.0
2020-02-13 14:00:00,NSE:STERTOOLS,211.95,211.95,207.1,208.4,4263.0
2020-02-13 15:00:00,NSE:STERTOOLS,208.4,209.1,207.1,208.15,356.0
2020-02-14 09:00:00,NSE:STERTOOLS,212.1,212.8,207.15,208.05,1365.0
2020-02-14 10:00:00,NSE:STERTOOLS,208.1,209.5,207.2,207.2,536.0
2020-02-14 11:00:00,NSE:STERTOOLS,207.2,209.8,206.05,207.25,1324.0
2020-02-14 12:00:00,NSE:STERTOOLS,207.5,211.25,207.05,211.15,1250.0
2020-02-14 13:00:00,NSE:STERTOOLS,211.15,217.95,210.55,212.05,1828.0
2020-02-14 14:00:00,NSE:STERTOOLS,212.05,212.55,207.75,208.15,3266.0
2020-02-14 15:00:00,NSE:STERTOOLS,208.3,213.5,208.3,211.15,3704.0
2020-02-17 09:00:00,NSE:STERTOOLS,205.0,213.0,198.05,200.65,5190.0
2020-02-17 10:00:00,NSE:STERTOOLS,200.65,200.65,198.0,199.5,3076.0
2020-02-17 11:00:00,NSE:STERTOOLS,199.8,199.8,197.6,198.7,1154.0
2020-02-17 12:00:00,NSE:STERTOOLS,198.1,198.95,195.0,197.0,3523.0
2020-02-17 13:00:00,NSE:STERTOOLS,196.6,198.3,195.65,197.85,771.0
2020-02-17 14:00:00,NSE:STERTOOLS,197.9,197.9,195.5,195.8,721.0
2020-02-17 15:00:00,NSE:STERTOOLS,195.8,196.0,195.0,195.4,2238.0
2020-02-18 09:00:00,NSE:STERTOOLS,194.0,194.0,183.9,193.0,4981.0
2020-02-18 10:00:00,NSE:STERTOOLS,193.45,196.4,192.15,196.0,1118.0
2020-02-18 11:00:00,NSE:STERTOOLS,196.4,199.7,194.75,195.95,1505.0
2020-02-18 12:00:00,NSE:STERTOOLS,195.95,196.4,190.55,195.95,2227.0
2020-02-18 13:00:00,NSE:STERTOOLS,196.0,198.85,195.95,198.2,4881.0
2020-02-18 14:00:00,NSE:STERTOOLS,198.45,198.45,195.15,196.45,3620.0
2020-02-18 15:00:00,NSE:STERTOOLS,196.45,197.0,192.15,195.9,776.0
2020-02-19 09:00:00,NSE:STERTOOLS,201.9,201.9,192.1,195.2,1637.0
2020-02-19 10:00:00,NSE:STERTOOLS,194.6,198.85,194.5,197.55,2136.0
2020-02-19 11:00:00,NSE:STERTOOLS,197.6,216.05,197.6,209.0,6049.0
2020-02-19 12:00:00,NSE:STERTOOLS,209.0,220.0,198.75,214.5,18618.0
2020-02-19 13:00:00,NSE:STERTOOLS,215.8,215.8,210.9,211.05,1586.0
2020-02-19 14:00:00,NSE:STERTOOLS,211.0,213.5,210.15,210.35,963.0
2020-02-19 15:00:00,NSE:STERTOOLS,210.35,210.95,205.0,208.45,2795.0
2020-02-20 09:00:00,NSE:STERTOOLS,202.75,215.0,202.75,213.0,2490.0
2020-02-20 10:00:00,NSE:STERTOOLS,213.4,218.0,212.0,213.05,4008.0
2020-02-20 11:00:00,NSE:STERTOOLS,213.25,217.95,213.25,217.5,3463.0
2020-02-20 12:00:00,NSE:STERTOOLS,217.4,219.25,216.1,217.55,2482.0
2020-02-20 13:00:00,NSE:STERTOOLS,218.6,219.9,217.5,217.55,632.0
2020-02-20 14:00:00,NSE:STERTOOLS,217.55,221.0,217.15,220.0,3281.0
2020-02-20 15:00:00,NSE:STERTOOLS,219.95,219.95,217.3,219.15,3110.0
2020-02-24 09:00:00,NSE:STERTOOLS,221.95,223.95,210.75,215.2,5545.0
2020-02-24 10:00:00,NSE:STERTOOLS,215.9,222.45,215.9,220.3,2367.0
2020-02-24 11:00:00,NSE:STERTOOLS,220.0,220.3,216.35,216.35,8410.0
2020-02-24 12:00:00,NSE:STERTOOLS,216.35,217.85,216.15,217.85,108.0
2020-02-24 13:00:00,NSE:STERTOOLS,218.0,220.8,215.55,217.0,2188.0
2020-02-24 14:00:00,NSE:STERTOOLS,216.25,218.05,215.7,216.0,687.0
2020-02-24 15:00:00,NSE:STERTOOLS,218.0,220.45,215.0,215.25,3363.0
2020-02-25 09:00:00,NSE:STERTOOLS,216.0,220.4,212.35,220.15,8701.0
2020-02-25 10:00:00,NSE:STERTOOLS,220.15,222.2,220.0,222.0,1223.0
2020-02-25 11:00:00,NSE:STERTOOLS,221.7,228.6,220.4,226.0,6520.0
2020-02-25 12:00:00,NSE:STERTOOLS,226.05,228.65,226.05,226.85,5233.0
2020-02-25 13:00:00,NSE:STERTOOLS,226.85,228.4,225.0,225.0,1655.0
2020-02-25 14:00:00,NSE:STERTOOLS,225.1,230.0,225.1,229.45,3898.0
2020-02-25 15:00:00,NSE:STERTOOLS,229.5,229.5,226.0,227.0,3368.0
2020-02-26 09:00:00,NSE:STERTOOLS,226.0,226.0,220.0,222.0,2532.0
2020-02-26 10:00:00,NSE:STERTOOLS,223.05,224.9,223.0,224.5,810.0
2020-02-26 11:00:00,NSE:STERTOOLS,224.65,225.25,224.0,224.05,1174.0
2020-02-26 12:00:00,NSE:STERTOOLS,224.1,224.95,224.1,224.95,857.0
2020-02-26 13:00:00,NSE:STERTOOLS,224.5,225.0,224.45,224.5,2326.0
2020-02-26 14:00:00,NSE:STERTOOLS,224.5,226.0,224.0,225.65,1399.0
2020-02-26 15:00:00,NSE:STERTOOLS,225.6,228.5,225.35,227.95,691.0
2020-02-27 09:00:00,NSE:STERTOOLS,229.95,229.95,224.8,225.0,3435.0
2020-02-27 10:00:00,NSE:STERTOOLS,224.6,224.6,215.5,218.0,2750.0
2020-02-27 11:00:00,NSE:STERTOOLS,218.3,219.95,212.15,213.5,3352.0
2020-02-27 12:00:00,NSE:STERTOOLS,213.5,214.0,211.0,212.9,1090.0
2020-02-27 13:00:00,NSE:STERTOOLS,212.85,212.95,212.0,212.45,1530.0
2020-02-27 14:00:00,NSE:STERTOOLS,213.0,213.1,210.1,211.9,4984.0
2020-02-27 15:00:00,NSE:STERTOOLS,211.9,218.4,211.25,212.7,2607.0
2020-02-28 09:00:00,NSE:STERTOOLS,210.1,216.5,210.1,212.0,6739.0
2020-02-28 10:00:00,NSE:STERTOOLS,212.0,212.0,209.0,209.55,2012.0
2020-02-28 11:00:00,NSE:STERTOOLS,209.9,209.9,205.5,206.05,675.0
2020-02-28 12:00:00,NSE:STERTOOLS,206.0,206.0,202.75,205.4,774.0
2020-02-28 13:00:00,NSE:STERTOOLS,205.35,207.5,205.05,207.4,1187.0
2020-02-28 14:00:00,NSE:STERTOOLS,205.8,209.85,205.5,206.0,1355.0
2020-02-28 15:00:00,NSE:STERTOOLS,205.55,206.9,202.0,204.45,2560.0
2020-03-02 09:00:00,NSE:STERTOOLS,207.9,215.0,207.15,212.9,8044.0
2020-03-02 10:00:00,NSE:STERTOOLS,210.65,210.65,206.35,208.0,2265.0
2020-03-02 11:00:00,NSE:STERTOOLS,207.85,207.95,205.3,206.0,621.0
2020-03-02 12:00:00,NSE:STERTOOLS,206.2,208.55,206.2,208.55,569.0
2020-03-02 13:00:00,NSE:STERTOOLS,207.7,208.5,204.95,206.95,1631.0
2020-03-02 14:00:00,NSE:STERTOOLS,206.95,206.95,201.35,204.15,658.0
2020-03-02 15:00:00,NSE:STERTOOLS,201.15,203.1,192.0,195.0,2589.0
2020-03-03 09:00:00,NSE:STERTOOLS,201.0,206.0,200.0,202.2,3923.0
2020-03-03 10:00:00,NSE:STERTOOLS,202.2,202.7,200.05,200.05,1821.0
2020-03-03 11:00:00,NSE:STERTOOLS,200.4,202.05,200.05,200.15,2159.0
2020-03-03 12:00:00,NSE:STERTOOLS,200.1,200.1,200.1,200.1,1.0
2020-03-03 13:00:00,NSE:STERTOOLS,200.05,200.05,192.15,198.0,2485.0
2020-03-03 14:00:00,NSE:STERTOOLS,198.0,200.0,195.35,199.95,2934.0
2020-03-03 15:00:00,NSE:STERTOOLS,200.0,201.0,198.9,201.0,506.0
2020-03-04 10:00:00,NSE:STERTOOLS,202.0,204.85,201.65,202.55,1357.0
2020-03-04 11:00:00,NSE:STERTOOLS,203.9,203.9,200.25,202.05,1543.0
2020-03-04 12:00:00,NSE:STERTOOLS,203.8,203.95,202.95,203.0,328.0
2020-03-04 13:00:00,NSE:STERTOOLS,202.2,203.2,199.6,200.0,2334.0
2020-03-04 14:00:00,NSE:STERTOOLS,200.45,202.0,198.95,201.95,750.0
2020-03-04 15:00:00,NSE:STERTOOLS,201.95,201.95,199.8,199.8,471.0
2020-03-05 09:00:00,NSE:STERTOOLS,209.95,209.95,200.0,202.45,1816.0
2020-03-05 10:00:00,NSE:STERTOOLS,202.5,202.9,202.5,202.9,309.0
2020-03-05 11:00:00,NSE:STERTOOLS,202.5,203.55,202.5,203.0,1245.0
2020-03-05 12:00:00,NSE:STERTOOLS,203.3,204.8,202.85,204.05,1007.0
2020-03-05 13:00:00,NSE:STERTOOLS,203.25,205.05,203.2,205.05,915.0
2020-03-05 14:00:00,NSE:STERTOOLS,204.05,212.45,204.05,207.95,5719.0
2020-03-05 15:00:00,NSE:STERTOOLS,207.95,210.75,207.95,208.0,143.0
2020-03-06 09:00:00,NSE:STERTOOLS,195.0,206.95,185.0,202.0,6742.0
2020-03-06 10:00:00,NSE:STERTOOLS,203.0,203.0,200.55,202.0,898.0
2020-03-06 11:00:00,NSE:STERTOOLS,202.0,211.0,202.0,208.15,3038.0
2020-03-06 12:00:00,NSE:STERTOOLS,208.85,209.95,207.1,208.35,468.0
2020-03-06 13:00:00,NSE:STERTOOLS,208.4,209.8,206.25,209.0,1770.0
2020-03-06 14:00:00,NSE:STERTOOLS,209.0,210.0,207.9,210.0,1113.0
2020-03-06 15:00:00,NSE:STERTOOLS,210.0,210.4,202.2,209.65,1955.0
2020-03-09 09:00:00,NSE:STERTOOLS,196.6,206.3,196.6,198.25,844.0
2020-03-09 10:00:00,NSE:STERTOOLS,198.2,204.0,198.2,203.0,3362.0
2020-03-09 11:00:00,NSE:STERTOOLS,203.9,210.65,203.9,210.65,4154.0
2020-03-09 12:00:00,NSE:STERTOOLS,207.65,210.45,205.55,206.0,10136.0
2020-03-09 13:00:00,NSE:STERTOOLS,205.5,205.75,204.0,205.1,1327.0
2020-03-09 14:00:00,NSE:STERTOOLS,205.2,207.0,205.2,206.05,323.0
2020-03-09 15:00:00,NSE:STERTOOLS,207.0,210.6,204.05,204.05,6223.0
2020-03-11 09:00:00,NSE:STERTOOLS,200.35,210.0,200.35,202.0,3055.0
2020-03-11 10:00:00,NSE:STERTOOLS,203.65,207.0,203.4,206.4,4338.0
2020-03-11 11:00:00,NSE:STERTOOLS,206.0,209.9,205.7,209.65,5464.0
2020-03-11 12:00:00,NSE:STERTOOLS,209.65,209.75,208.55,208.95,4321.0
2020-03-11 13:00:00,NSE:STERTOOLS,208.7,208.7,206.65,207.2,829.0
2020-03-11 14:00:00,NSE:STERTOOLS,208.5,208.5,202.6,204.95,2878.0
2020-03-11 15:00:00,NSE:STERTOOLS,202.7,206.0,202.0,205.0,1915.0
2020-03-12 09:00:00,NSE:STERTOOLS,193.75,199.0,187.5,187.55,2454.0
2020-03-12 10:00:00,NSE:STERTOOLS,187.05,192.85,181.75,191.05,5698.0
2020-03-12 11:00:00,NSE:STERTOOLS,191.65,191.7,186.1,189.3,6650.0
2020-03-12 12:00:00,NSE:STERTOOLS,190.0,195.0,189.95,194.05,3763.0
2020-03-12 13:00:00,NSE:STERTOOLS,192.55,194.35,191.5,193.05,486.0
2020-03-12 14:00:00,NSE:STERTOOLS,194.0,194.6,191.0,191.0,54356.0
2020-03-12 15:00:00,NSE:STERTOOLS,190.0,190.95,189.3,190.0,970.0
2020-03-13 09:00:00,NSE:STERTOOLS,160.5,180.05,160.5,180.05,1051.0
2020-03-13 10:00:00,NSE:STERTOOLS,152.2,182.95,152.2,177.05,7181.0
2020-03-13 11:00:00,NSE:STERTOOLS,177.5,177.8,173.95,176.45,1591.0
2020-03-13 12:00:00,NSE:STERTOOLS,176.0,190.75,175.25,190.75,4678.0
2020-03-13 13:00:00,NSE:STERTOOLS,193.0,193.0,188.55,189.2,11450.0
2020-03-13 14:00:00,NSE:STERTOOLS,190.15,190.15,187.55,189.35,3010.0
2020-03-13 15:00:00,NSE:STERTOOLS,183.55,189.85,183.55,185.05,624.0
2020-03-16 09:00:00,NSE:STERTOOLS,190.0,190.0,162.75,170.0,800.0
2020-03-16 10:00:00,NSE:STERTOOLS,172.15,179.25,172.0,179.25,335.0
2020-03-16 11:00:00,NSE:STERTOOLS,178.55,183.25,173.1,183.2,2006.0
2020-03-16 12:00:00,NSE:STERTOOLS,182.75,182.75,172.55,173.8,1884.0
2020-03-16 13:00:00,NSE:STERTOOLS,173.7,180.05,172.6,178.0,914.0
2020-03-16 14:00:00,NSE:STERTOOLS,179.0,180.85,175.05,178.5,1504.0
2020-03-16 15:00:00,NSE:STERTOOLS,178.25,178.25,172.95,173.95,1048.0
2020-03-17 09:00:00,NSE:STERTOOLS,175.05,178.75,173.55,177.8,1700.0
2020-03-17 10:00:00,NSE:STERTOOLS,177.75,182.0,177.75,181.0,1675.0
2020-03-17 11:00:00,NSE:STERTOOLS,181.0,185.15,180.95,182.0,3230.0
2020-03-17 12:00:00,NSE:STERTOOLS,183.75,183.75,182.05,182.55,93.0
2020-03-17 13:00:00,NSE:STERTOOLS,181.55,182.9,180.0,182.9,592.0
2020-03-17 14:00:00,NSE:STERTOOLS,180.55,181.5,175.3,177.0,350.0
2020-03-17 15:00:00,NSE:STERTOOLS,176.0,176.0,170.15,171.5,999.0
2020-03-18 09:00:00,NSE:STERTOOLS,181.8,181.8,172.0,175.45,867.0
2020-03-18 10:00:00,NSE:STERTOOLS,173.55,174.5,171.05,171.05,4049.0
2020-03-18 11:00:00,NSE:STERTOOLS,171.65,171.65,168.55,170.0,554.0
2020-03-18 12:00:00,NSE:STERTOOLS,169.5,170.15,168.25,168.25,472.0
2020-03-18 13:00:00,NSE:STERTOOLS,166.85,166.95,160.05,162.75,2003.0
2020-03-18 14:00:00,NSE:STERTOOLS,161.35,162.65,155.25,156.9,1831.0
2020-03-18 15:00:00,NSE:STERTOOLS,157.2,160.0,151.1,155.05,3449.0
2020-03-19 09:00:00,NSE:STERTOOLS,135.0,144.85,135.0,136.95,4138.0
2020-03-19 10:00:00,NSE:STERTOOLS,137.8,142.9,136.7,139.0,4427.0
2020-03-19 11:00:00,NSE:STERTOOLS,138.0,147.95,138.0,141.25,3512.0
2020-03-19 12:00:00,NSE:STERTOOLS,141.25,143.0,140.6,142.3,373.0
2020-03-19 13:00:00,NSE:STERTOOLS,142.45,144.4,140.6,142.45,602.0
2020-03-19 14:00:00,NSE:STERTOOLS,142.7,146.4,134.05,134.05,8165.0
2020-03-19 15:00:00,NSE:STERTOOLS,134.75,134.75,124.05,124.05,16957.0
2020-03-20 09:00:00,NSE:STERTOOLS,133.0,133.0,125.2,126.0,6923.0
2020-03-20 10:00:00,NSE:STERTOOLS,126.8,129.55,126.15,129.55,228.0
2020-03-20 11:00:00,NSE:STERTOOLS,129.5,139.0,127.6,136.95,17698.0
2020-03-20 12:00:00,NSE:STERTOOLS,136.15,139.45,136.15,139.3,4325.0
2020-03-20 13:00:00,NSE:STERTOOLS,138.05,140.5,138.05,140.5,2454.0
2020-03-20 14:00:00,NSE:STERTOOLS,140.5,140.5,140.5,140.5,432.0
2020-03-20 15:00:00,NSE:STERTOOLS,140.5,140.5,140.5,140.5,47.0
2020-03-23 09:00:00,NSE:STERTOOLS,127.0,144.95,126.45,134.85,307.0
2020-03-23 10:00:00,NSE:STERTOOLS,134.85,134.85,132.0,132.0,310.0
2020-03-23 11:00:00,NSE:STERTOOLS,140.0,140.0,126.45,130.0,5033.0
2020-03-23 12:00:00,NSE:STERTOOLS,126.45,130.0,126.45,128.0,1279.0
2020-03-23 13:00:00,NSE:STERTOOLS,130.0,130.0,129.9,130.0,106.0
2020-03-23 14:00:00,NSE:STERTOOLS,130.0,130.0,126.45,126.45,565.0
2020-03-23 15:00:00,NSE:STERTOOLS,126.45,126.45,126.45,126.45,280.0
2020-03-24 09:00:00,NSE:STERTOOLS,139.0,139.0,121.0,125.95,1217.0
2020-03-24 10:00:00,NSE:STERTOOLS,121.0,126.0,121.0,122.25,919.0
2020-03-24 11:00:00,NSE:STERTOOLS,122.2,126.0,121.0,125.95,1023.0
2020-03-24 12:00:00,NSE:STERTOOLS,121.35,126.0,121.3,121.3,103.0
2020-03-24 13:00:00,NSE:STERTOOLS,125.0,131.0,124.95,125.9,1748.0
2020-03-24 14:00:00,NSE:STERTOOLS,125.8,126.0,121.1,125.95,638.0
2020-03-24 15:00:00,NSE:STERTOOLS,125.1,128.0,125.1,128.0,119.0
2020-03-25 09:00:00,NSE:STERTOOLS,135.0,135.0,126.0,126.0,30.0
2020-03-25 10:00:00,NSE:STERTOOLS,120.0,135.0,120.0,123.15,788.0
2020-03-25 11:00:00,NSE:STERTOOLS,123.15,131.9,123.15,126.0,74.0
2020-03-25 12:00:00,NSE:STERTOOLS,128.0,128.0,126.0,126.0,21.0
2020-03-25 13:00:00,NSE:STERTOOLS,126.05,130.0,126.05,130.0,162.0
2020-03-25 14:00:00,NSE:STERTOOLS,130.0,133.95,127.0,128.0,336.0
2020-03-25 15:00:00,NSE:STERTOOLS,128.05,134.0,127.0,128.5,104.0
2020-03-26 09:00:00,NSE:STERTOOLS,141.75,141.75,127.35,137.95,204.0
2020-03-26 10:00:00,NSE:STERTOOLS,129.0,137.85,129.0,137.85,736.0
2020-03-26 11:00:00,NSE:STERTOOLS,137.5,140.0,134.2,140.0,934.0
2020-03-26 12:00:00,NSE:STERTOOLS,135.0,140.0,134.5,135.1,545.0
2020-03-26 13:00:00,NSE:STERTOOLS,137.0,138.95,130.15,130.15,411.0
2020-03-26 14:00:00,NSE:STERTOOLS,130.15,136.85,130.0,133.95,163.0
2020-03-26 15:00:00,NSE:STERTOOLS,131.15,133.0,124.0,127.75,1904.0
2020-03-27 09:00:00,NSE:STERTOOLS,130.0,138.5,130.0,131.0,34.0
2020-03-27 10:00:00,NSE:STERTOOLS,138.0,139.4,132.15,135.0,2025.0
2020-03-27 11:00:00,NSE:STERTOOLS,138.3,140.5,131.0,140.5,3735.0
2020-03-27 12:00:00,NSE:STERTOOLS,140.5,140.5,133.05,140.3,386.0
2020-03-27 13:00:00,NSE:STERTOOLS,135.0,137.9,129.0,137.9,1279.0
2020-03-27 14:00:00,NSE:STERTOOLS,136.0,136.0,129.0,135.05,863.0
2020-03-27 15:00:00,NSE:STERTOOLS,134.0,134.0,129.05,130.75,53.0
2020-03-30 09:00:00,NSE:STERTOOLS,119.0,143.0,119.0,130.0,393.0
2020-03-30 10:00:00,NSE:STERTOOLS,129.95,138.9,129.95,137.0,1136.0
2020-03-30 11:00:00,NSE:STERTOOLS,136.85,136.9,135.0,135.0,45.0
2020-03-30 12:00:00,NSE:STERTOOLS,131.25,135.0,125.0,128.2,5086.0
2020-03-30 13:00:00,NSE:STERTOOLS,126.1,129.9,126.0,127.0,212.0
2020-03-30 14:00:00,NSE:STERTOOLS,126.0,127.0,126.0,127.0,156.0
2020-03-30 15:00:00,NSE:STERTOOLS,127.0,127.0,127.0,127.0,339.0
2020-03-31 09:00:00,NSE:STERTOOLS,127.35,136.9,127.35,132.15,164.0
2020-03-31 10:00:00,NSE:STERTOOLS,131.5,134.0,131.0,133.6,1098.0
2020-03-31 11:00:00,NSE:STERTOOLS,131.5,138.0,131.5,136.9,2940.0
2020-03-31 12:00:00,NSE:STERTOOLS,135.7,137.0,133.0,133.1,1209.0
2020-03-31 13:00:00,NSE:STERTOOLS,133.1,135.3,133.1,135.0,71.0
2020-03-31 14:00:00,NSE:STERTOOLS,134.0,135.45,132.0,132.05,4330.0
2020-03-31 15:00:00,NSE:STERTOOLS,131.1,134.3,131.1,132.4,773.0
2020-04-01 09:00:00,NSE:STERTOOLS,140.85,140.85,136.3,136.4,62.0
2020-04-01 10:00:00,NSE:STERTOOLS,132.1,136.75,131.95,135.65,5226.0
2020-04-01 11:00:00,NSE:STERTOOLS,133.1,134.65,132.0,134.65,593.0
2020-04-01 12:00:00,NSE:STERTOOLS,132.0,132.0,131.1,131.1,257.0
2020-04-01 13:00:00,NSE:STERTOOLS,131.1,131.15,130.1,131.15,289.0
2020-04-01 14:00:00,NSE:STERTOOLS,131.15,132.25,131.0,131.0,900.0
2020-04-01 15:00:00,NSE:STERTOOLS,131.0,131.0,130.8,130.8,309.0
2020-04-03 09:00:00,NSE:STERTOOLS,136.0,136.0,125.0,126.0,3761.0
2020-04-03 10:00:00,NSE:STERTOOLS,128.65,133.0,128.65,132.0,752.0
2020-04-03 11:00:00,NSE:STERTOOLS,130.15,131.85,130.15,131.85,1898.0
2020-04-03 12:00:00,NSE:STERTOOLS,131.5,131.8,130.25,130.25,284.0
2020-04-03 13:00:00,NSE:STERTOOLS,131.2,131.8,130.5,131.0,625.0
2020-04-03 14:00:00,NSE:STERTOOLS,130.5,131.5,130.5,131.0,591.0
2020-04-03 15:00:00,NSE:STERTOOLS,130.1,133.0,130.1,133.0,1111.0
2020-04-07 09:00:00,NSE:STERTOOLS,135.0,135.0,132.05,132.25,1207.0
2020-04-07 10:00:00,NSE:STERTOOLS,133.85,134.45,132.5,132.5,1387.0
2020-04-07 11:00:00,NSE:STERTOOLS,132.5,133.9,129.95,131.25,1146.0
2020-04-07 12:00:00,NSE:STERTOOLS,131.25,131.25,130.0,130.9,1632.0
2020-04-07 13:00:00,NSE:STERTOOLS,130.8,130.95,130.8,130.9,851.0
2020-04-07 14:00:00,NSE:STERTOOLS,130.85,130.95,130.35,130.95,1119.0
2020-04-07 15:00:00,NSE:STERTOOLS,130.5,130.5,121.1,125.35,5813.0
2020-04-08 09:00:00,NSE:STERTOOLS,126.0,127.9,123.85,125.5,4253.0
2020-04-08 10:00:00,NSE:STERTOOLS,126.95,130.0,125.0,128.0,4959.0
2020-04-08 11:00:00,NSE:STERTOOLS,128.0,130.0,125.4,125.9,1975.0
2020-04-08 12:00:00,NSE:STERTOOLS,128.5,128.5,126.0,126.55,725.0
2020-04-08 13:00:00,NSE:STERTOOLS,126.0,126.9,124.75,125.9,4317.0
2020-04-08 14:00:00,NSE:STERTOOLS,127.0,128.15,126.2,127.55,3122.0
2020-04-08 15:00:00,NSE:STERTOOLS,128.0,128.0,125.0,125.8,1207.0
2020-04-09 09:00:00,NSE:STERTOOLS,129.0,129.0,126.5,128.15,2454.0
2020-04-09 10:00:00,NSE:STERTOOLS,129.0,147.0,129.0,137.1,22121.0
2020-04-09 11:00:00,NSE:STERTOOLS,137.25,149.4,137.25,140.0,4194.0
2020-04-09 12:00:00,NSE:STERTOOLS,140.55,148.9,140.25,148.0,10236.0
2020-04-09 13:00:00,NSE:STERTOOLS,148.0,150.95,142.25,142.25,9685.0
2020-04-09 14:00:00,NSE:STERTOOLS,142.2,150.95,141.05,147.0,11194.0
2020-04-09 15:00:00,NSE:STERTOOLS,148.0,150.95,147.95,150.95,6291.0
2020-04-13 09:00:00,NSE:STERTOOLS,152.9,157.5,134.95,138.9,17123.0
2020-04-13 10:00:00,NSE:STERTOOLS,138.65,148.75,137.5,145.4,4965.0
2020-04-13 11:00:00,NSE:STERTOOLS,145.4,145.4,142.0,144.8,1253.0
2020-04-13 12:00:00,NSE:STERTOOLS,142.3,145.75,142.0,142.0,1616.0
2020-04-13 13:00:00,NSE:STERTOOLS,144.8,144.8,142.0,144.0,6113.0
2020-04-13 14:00:00,NSE:STERTOOLS,143.05,144.5,137.15,142.7,3664.0
2020-04-13 15:00:00,NSE:STERTOOLS,142.7,144.0,140.0,140.95,2338.0
2020-04-15 09:00:00,NSE:STERTOOLS,154.8,154.8,141.0,146.7,2161.0
2020-04-15 10:00:00,NSE:STERTOOLS,146.75,146.75,140.0,143.0,5074.0
2020-04-15 11:00:00,NSE:STERTOOLS,143.0,143.0,142.0,142.9,2244.0
2020-04-15 12:00:00,NSE:STERTOOLS,142.0,142.9,139.75,140.15,3956.0
2020-04-15 13:00:00,NSE:STERTOOLS,141.0,141.9,139.95,140.0,1644.0
2020-04-15 14:00:00,NSE:STERTOOLS,140.0,141.2,137.0,141.2,7132.0
2020-04-15 15:00:00,NSE:STERTOOLS,141.8,142.85,139.0,139.9,2295.0
2020-04-16 09:00:00,NSE:STERTOOLS,135.25,142.0,135.25,142.0,2937.0
2020-04-16 10:00:00,NSE:STERTOOLS,142.95,142.95,140.35,142.3,2796.0
2020-04-16 11:00:00,NSE:STERTOOLS,141.6,141.6,141.0,141.4,288.0
2020-04-16 12:00:00,NSE:STERTOOLS,141.45,141.45,139.3,140.85,78.0
2020-04-16 13:00:00,NSE:STERTOOLS,140.95,140.95,138.1,140.0,2328.0
2020-04-16 14:00:00,NSE:STERTOOLS,140.0,140.85,139.2,140.0,3748.0
2020-04-16 15:00:00,NSE:STERTOOLS,140.75,140.95,139.9,140.15,1265.0
2020-04-17 09:00:00,NSE:STERTOOLS,142.5,150.0,142.0,145.15,7029.0
2020-04-17 10:00:00,NSE:STERTOOLS,145.9,147.65,144.95,144.95,1740.0
2020-04-17 11:00:00,NSE:STERTOOLS,144.95,144.95,142.5,143.8,1719.0
2020-04-17 12:00:00,NSE:STERTOOLS,142.0,143.55,141.7,143.55,1137.0
2020-04-17 13:00:00,NSE:STERTOOLS,143.6,143.95,143.5,143.95,608.0
2020-04-17 14:00:00,NSE:STERTOOLS,142.5,147.5,142.5,146.6,5103.0
2020-04-17 15:00:00,NSE:STERTOOLS,146.95,147.45,145.0,146.5,1069.0
2020-04-20 09:00:00,NSE:STERTOOLS,147.85,149.0,145.05,147.95,2245.0
2020-04-20 10:00:00,NSE:STERTOOLS,147.95,147.95,146.2,147.75,1421.0
2020-04-20 11:00:00,NSE:STERTOOLS,148.0,149.9,146.45,149.7,3084.0
2020-04-20 12:00:00,NSE:STERTOOLS,148.65,149.95,147.65,147.65,1630.0
2020-04-20 13:00:00,NSE:STERTOOLS,147.95,148.0,147.1,147.3,405.0
2020-04-20 14:00:00,NSE:STERTOOLS,147.2,149.65,146.05,149.65,1891.0
2020-04-20 15:00:00,NSE:STERTOOLS,149.4,149.4,147.55,148.6,233.0
2020-04-21 09:00:00,NSE:STERTOOLS,140.55,145.55,140.1,145.55,3198.0
2020-04-21 10:00:00,NSE:STERTOOLS,141.7,144.2,141.4,141.8,894.0
2020-04-21 11:00:00,NSE:STERTOOLS,141.8,141.8,139.0,141.75,2402.0
2020-04-21 12:00:00,NSE:STERTOOLS,141.75,141.8,139.8,141.0,2568.0
2020-04-21 13:00:00,NSE:STERTOOLS,140.5,140.5,140.5,140.5,5.0
2020-04-21 14:00:00,NSE:STERTOOLS,140.5,140.5,140.0,140.0,622.0
2020-04-21 15:00:00,NSE:STERTOOLS,140.35,140.95,140.0,140.0,10992.0
2020-04-22 09:00:00,NSE:STERTOOLS,138.25,140.95,138.25,139.0,164.0
2020-04-22 10:00:00,NSE:STERTOOLS,138.8,141.0,138.8,140.45,2958.0
2020-04-22 11:00:00,NSE:STERTOOLS,140.0,140.0,138.7,138.7,197.0
2020-04-22 12:00:00,NSE:STERTOOLS,139.7,140.75,139.7,140.7,138.0
2020-04-22 13:00:00,NSE:STERTOOLS,140.7,140.7,139.7,140.7,90.0
2020-04-22 14:00:00,NSE:STERTOOLS,140.55,140.95,140.0,140.95,987.0
2020-04-22 15:00:00,NSE:STERTOOLS,140.5,142.0,139.9,140.95,2192.0
2020-04-23 09:00:00,NSE:STERTOOLS,141.0,143.85,141.0,143.05,623.0
2020-04-23 10:00:00,NSE:STERTOOLS,143.0,144.0,141.2,144.0,1732.0
2020-04-23 11:00:00,NSE:STERTOOLS,144.0,144.0,141.55,143.65,262.0
2020-04-23 12:00:00,NSE:STERTOOLS,144.0,144.0,142.25,142.25,356.0
2020-04-23 13:00:00,NSE:STERTOOLS,142.35,143.85,142.35,142.5,128.0
2020-04-23 14:00:00,NSE:STERTOOLS,142.5,142.5,142.0,142.45,1633.0
2020-04-23 15:00:00,NSE:STERTOOLS,142.45,142.5,140.85,141.5,179.0
2020-04-24 09:00:00,NSE:STERTOOLS,143.9,147.95,138.65,145.3,4027.0
2020-04-24 10:00:00,NSE:STERTOOLS,145.15,145.15,141.0,141.0,2509.0
2020-04-24 11:00:00,NSE:STERTOOLS,141.0,141.0,135.2,136.25,1324.0
2020-04-24 12:00:00,NSE:STERTOOLS,138.0,138.95,136.75,138.85,547.0
2020-04-24 13:00:00,NSE:STERTOOLS,138.8,139.25,136.8,139.25,329.0
2020-04-24 14:00:00,NSE:STERTOOLS,138.5,139.1,136.85,136.9,482.0
2020-04-24 15:00:00,NSE:STERTOOLS,137.0,139.0,137.0,137.3,397.0
2020-04-27 09:00:00,NSE:STERTOOLS,141.0,144.0,140.05,141.75,995.0
2020-04-27 10:00:00,NSE:STERTOOLS,142.35,142.45,140.25,141.95,1636.0
2020-04-27 11:00:00,NSE:STERTOOLS,141.0,141.55,136.1,138.0,1051.0
2020-04-27 12:00:00,NSE:STERTOOLS,139.5,140.0,139.1,140.0,168.0
2020-04-27 13:00:00,NSE:STERTOOLS,140.85,140.85,140.85,140.85,40.0
2020-04-27 14:00:00,NSE:STERTOOLS,140.75,140.8,138.55,138.55,145.0
2020-04-27 15:00:00,NSE:STERTOOLS,139.5,140.5,137.5,137.5,647.0
2020-04-28 09:00:00,NSE:STERTOOLS,143.0,144.0,138.55,139.0,2766.0
2020-04-28 10:00:00,NSE:STERTOOLS,138.75,138.9,138.25,138.25,328.0
2020-04-28 11:00:00,NSE:STERTOOLS,139.7,139.7,139.05,139.5,225.0
2020-04-28 12:00:00,NSE:STERTOOLS,139.75,141.0,138.0,139.7,1073.0
2020-04-28 13:00:00,NSE:STERTOOLS,140.35,140.95,140.35,140.95,207.0
2020-04-28 14:00:00,NSE:STERTOOLS,141.15,141.15,139.45,139.45,36.0
2020-04-28 15:00:00,NSE:STERTOOLS,138.45,140.9,138.45,140.85,187.0
2020-04-29 09:00:00,NSE:STERTOOLS,140.85,140.85,137.05,139.35,1517.0
2020-04-29 10:00:00,NSE:STERTOOLS,140.0,142.55,139.45,141.8,1737.0
2020-04-29 11:00:00,NSE:STERTOOLS,141.75,141.85,140.05,141.7,614.0
2020-04-29 12:00:00,NSE:STERTOOLS,141.6,141.6,139.5,139.55,150.0
2020-04-29 13:00:00,NSE:STERTOOLS,140.55,140.55,139.55,139.55,221.0
2020-04-29 14:00:00,NSE:STERTOOLS,140.5,141.35,140.05,140.8,508.0
2020-04-29 15:00:00,NSE:STERTOOLS,139.2,139.9,138.1,138.8,840.0
2020-04-30 09:00:00,NSE:STERTOOLS,142.0,143.0,139.5,140.0,3715.0
2020-04-30 10:00:00,NSE:STERTOOLS,139.65,146.55,139.65,143.95,4687.0
2020-04-30 11:00:00,NSE:STERTOOLS,141.45,141.55,140.5,140.9,2852.0
2020-04-30 12:00:00,NSE:STERTOOLS,140.5,140.95,139.0,140.05,3496.0
2020-04-30 13:00:00,NSE:STERTOOLS,140.05,140.3,139.5,140.0,3633.0
2020-04-30 14:00:00,NSE:STERTOOLS,139.9,140.85,139.5,139.95,969.0
2020-04-30 15:00:00,NSE:STERTOOLS,139.5,140.55,139.25,139.95,778.0
2020-05-04 09:00:00,NSE:STERTOOLS,139.0,139.0,132.85,136.05,1258.0
2020-05-04 10:00:00,NSE:STERTOOLS,136.0,136.85,133.1,133.75,1859.0
2020-05-04 11:00:00,NSE:STERTOOLS,134.35,135.0,132.1,133.4,2725.0
2020-05-04 12:00:00,NSE:STERTOOLS,133.35,134.0,132.0,133.3,3131.0
2020-05-04 13:00:00,NSE:STERTOOLS,133.55,133.95,133.55,133.7,345.0
2020-05-04 14:00:00,NSE:STERTOOLS,133.0,133.7,132.9,133.7,358.0
2020-05-04 15:00:00,NSE:STERTOOLS,132.0,133.7,130.55,132.25,1662.0
2020-05-05 09:00:00,NSE:STERTOOLS,133.5,137.55,133.5,136.1,2813.0
2020-05-05 10:00:00,NSE:STERTOOLS,136.0,136.95,134.8,136.95,3811.0
2020-05-05 11:00:00,NSE:STERTOOLS,136.55,136.55,134.85,134.85,539.0
2020-05-05 12:00:00,NSE:STERTOOLS,135.0,136.0,135.0,135.5,1031.0
2020-05-05 13:00:00,NSE:STERTOOLS,135.05,135.05,134.2,134.65,164.0
2020-05-05 14:00:00,NSE:STERTOOLS,134.6,134.9,134.25,134.35,537.0
2020-05-05 15:00:00,NSE:STERTOOLS,134.35,135.1,131.55,133.4,862.0
2020-05-06 09:00:00,NSE:STERTOOLS,132.05,132.05,131.65,131.75,6.0
2020-05-06 10:00:00,NSE:STERTOOLS,132.0,133.5,131.95,133.5,1789.0
2020-05-06 11:00:00,NSE:STERTOOLS,133.0,138.7,133.0,136.7,563.0
2020-05-06 12:00:00,NSE:STERTOOLS,136.5,139.0,134.3,134.95,1169.0
2020-05-06 13:00:00,NSE:STERTOOLS,135.0,137.85,134.15,137.35,816.0
2020-05-06 14:00:00,NSE:STERTOOLS,137.2,137.2,136.0,136.95,258.0
2020-05-06 15:00:00,NSE:STERTOOLS,136.95,137.35,135.35,136.95,597.0
2020-05-07 09:00:00,NSE:STERTOOLS,133.65,136.7,133.65,135.4,628.0
2020-05-07 10:00:00,NSE:STERTOOLS,135.7,135.7,134.2,134.5,42.0
2020-05-07 11:00:00,NSE:STERTOOLS,134.7,135.6,134.2,134.2,1216.0
2020-05-07 12:00:00,NSE:STERTOOLS,132.05,134.55,132.05,134.5,766.0
2020-05-07 13:00:00,NSE:STERTOOLS,134.35,134.5,127.05,129.05,2013.0
2020-05-07 14:00:00,NSE:STERTOOLS,129.95,130.85,129.2,130.8,673.0
2020-05-07 15:00:00,NSE:STERTOOLS,130.9,130.9,128.1,130.7,1926.0
2020-05-08 09:00:00,NSE:STERTOOLS,135.0,135.0,131.0,133.85,1019.0
2020-05-08 10:00:00,NSE:STERTOOLS,133.85,134.2,133.85,134.1,645.0
2020-05-08 11:00:00,NSE:STERTOOLS,132.25,133.1,132.25,133.1,45.0
2020-05-08 12:00:00,NSE:STERTOOLS,133.95,133.95,133.1,133.1,450.0
2020-05-08 13:00:00,NSE:STERTOOLS,133.7,133.95,133.7,133.95,119.0
2020-05-08 14:00:00,NSE:STERTOOLS,133.2,133.45,131.0,131.0,445.0
2020-05-08 15:00:00,NSE:STERTOOLS,131.55,133.45,131.05,132.0,204.0
2020-05-11 09:00:00,NSE:STERTOOLS,131.25,136.95,131.25,136.7,964.0
2020-05-11 10:00:00,NSE:STERTOOLS,134.85,136.3,131.0,132.55,2030.0
2020-05-11 11:00:00,NSE:STERTOOLS,132.6,132.6,131.7,132.35,319.0
2020-05-11 12:00:00,NSE:STERTOOLS,132.4,132.4,130.95,131.5,602.0
2020-05-11 13:00:00,NSE:STERTOOLS,132.0,132.0,130.65,130.9,718.0
2020-05-11 14:00:00,NSE:STERTOOLS,131.0,131.85,130.9,130.9,596.0
2020-05-11 15:00:00,NSE:STERTOOLS,131.15,131.15,128.05,129.0,1897.0
2020-05-12 09:00:00,NSE:STERTOOLS,131.55,131.55,127.95,129.0,382.0
2020-05-12 10:00:00,NSE:STERTOOLS,130.0,130.0,127.0,128.55,2774.0
2020-05-12 11:00:00,NSE:STERTOOLS,128.55,128.55,127.75,128.5,254.0
2020-05-12 12:00:00,NSE:STERTOOLS,128.0,128.55,125.35,127.0,2070.0
2020-05-12 13:00:00,NSE:STERTOOLS,127.2,127.2,122.35,123.2,1094.0
2020-05-12 14:00:00,NSE:STERTOOLS,123.2,127.15,122.55,127.15,2180.0
2020-05-12 15:00:00,NSE:STERTOOLS,127.95,128.55,127.15,128.0,1077.0
2020-05-13 09:00:00,NSE:STERTOOLS,134.9,134.9,129.05,131.35,2708.0
2020-05-13 10:00:00,NSE:STERTOOLS,131.5,132.0,130.2,130.2,1410.0
2020-05-13 11:00:00,NSE:STERTOOLS,128.7,130.2,128.0,129.85,3107.0
2020-05-13 12:00:00,NSE:STERTOOLS,129.9,130.0,128.85,128.85,391.0
2020-05-13 13:00:00,NSE:STERTOOLS,128.7,132.0,128.7,131.95,2570.0
2020-05-13 14:00:00,NSE:STERTOOLS,131.85,131.85,129.7,129.7,342.0
2020-05-13 15:00:00,NSE:STERTOOLS,129.9,130.0,129.5,129.75,2729.0
2020-05-14 09:00:00,NSE:STERTOOLS,126.0,127.55,126.0,127.55,401.0
2020-05-14 10:00:00,NSE:STERTOOLS,128.5,129.15,128.5,129.0,628.0
2020-05-14 11:00:00,NSE:STERTOOLS,128.5,129.0,128.5,128.55,987.0
2020-05-14 12:00:00,NSE:STERTOOLS,128.55,129.0,128.55,128.65,1111.0
2020-05-14 13:00:00,NSE:STERTOOLS,129.0,129.55,128.05,128.95,1185.0
2020-05-14 14:00:00,NSE:STERTOOLS,128.55,128.55,126.25,126.65,1644.0
2020-05-14 15:00:00,NSE:STERTOOLS,126.8,128.55,123.2,126.15,2790.0
2020-05-15 09:00:00,NSE:STERTOOLS,129.4,134.7,124.65,125.85,559.0
2020-05-15 10:00:00,NSE:STERTOOLS,126.3,128.45,125.35,125.35,1497.0
2020-05-15 11:00:00,NSE:STERTOOLS,125.75,126.5,125.45,126.5,236.0
2020-05-15 12:00:00,NSE:STERTOOLS,126.0,127.9,124.7,127.75,4011.0
2020-05-15 13:00:00,NSE:STERTOOLS,127.7,127.7,126.0,126.1,607.0
2020-05-15 14:00:00,NSE:STERTOOLS,126.3,127.8,126.25,127.2,2012.0
2020-05-15 15:00:00,NSE:STERTOOLS,127.15,127.55,125.15,126.0,1807.0
2020-05-18 09:00:00,NSE:STERTOOLS,132.9,132.9,123.25,124.6,1546.0
2020-05-18 10:00:00,NSE:STERTOOLS,124.45,126.3,124.45,125.65,544.0
2020-05-18 11:00:00,NSE:STERTOOLS,125.5,126.35,124.05,124.05,2218.0
2020-05-18 12:00:00,NSE:STERTOOLS,122.85,123.0,121.4,122.8,1015.0
2020-05-18 13:00:00,NSE:STERTOOLS,122.05,123.0,121.35,122.55,1580.0
2020-05-18 14:00:00,NSE:STERTOOLS,122.6,122.75,122.1,122.15,165.0
2020-05-18 15:00:00,NSE:STERTOOLS,122.7,123.0,121.7,121.7,646.0
2020-05-19 09:00:00,NSE:STERTOOLS,123.05,127.9,123.05,126.15,232.0
2020-05-19 10:00:00,NSE:STERTOOLS,126.35,127.15,123.3,123.9,2246.0
2020-05-19 11:00:00,NSE:STERTOOLS,124.0,124.0,122.1,122.45,581.0
2020-05-19 12:00:00,NSE:STERTOOLS,123.15,124.0,123.1,124.0,1798.0
2020-05-19 13:00:00,NSE:STERTOOLS,122.85,123.3,119.85,121.15,1618.0
2020-05-19 14:00:00,NSE:STERTOOLS,121.05,121.05,120.5,120.5,160.0
2020-05-19 15:00:00,NSE:STERTOOLS,120.6,123.7,120.15,120.5,1997.0
2020-05-20 09:00:00,NSE:STERTOOLS,121.65,122.5,118.2,119.5,2064.0
2020-05-20 10:00:00,NSE:STERTOOLS,119.85,120.0,118.5,119.0,3091.0
2020-05-20 11:00:00,NSE:STERTOOLS,119.7,120.0,119.7,119.85,615.0
2020-05-20 12:00:00,NSE:STERTOOLS,119.8,119.8,119.15,119.55,618.0
2020-05-20 13:00:00,NSE:STERTOOLS,119.55,120.0,119.0,119.5,5995.0
2020-05-20 14:00:00,NSE:STERTOOLS,119.65,119.95,119.65,119.95,1025.0
2020-05-20 15:00:00,NSE:STERTOOLS,119.8,119.9,119.0,119.9,1262.0
2020-05-21 09:00:00,NSE:STERTOOLS,120.1,122.55,120.1,122.2,201.0
2020-05-21 10:00:00,NSE:STERTOOLS,122.2,123.0,119.7,120.65,2535.0
2020-05-21 11:00:00,NSE:STERTOOLS,120.65,120.8,120.65,120.8,449.0
2020-05-21 12:00:00,NSE:STERTOOLS,120.75,121.0,119.95,120.05,5007.0
2020-05-21 13:00:00,NSE:STERTOOLS,120.9,121.0,118.45,120.1,8554.0
2020-05-21 14:00:00,NSE:STERTOOLS,120.2,120.25,118.5,119.35,2983.0
2020-05-21 15:00:00,NSE:STERTOOLS,119.7,119.7,115.15,116.45,9193.0
2020-05-22 09:00:00,NSE:STERTOOLS,116.55,119.35,116.55,118.0,3594.0
2020-05-22 10:00:00,NSE:STERTOOLS,117.8,117.8,116.55,116.6,959.0
2020-05-22 11:00:00,NSE:STERTOOLS,116.9,116.9,115.3,115.9,633.0
2020-05-22 12:00:00,NSE:STERTOOLS,115.9,115.9,113.45,113.5,1415.0
2020-05-22 13:00:00,NSE:STERTOOLS,113.3,114.0,113.05,113.9,1922.0
2020-05-22 14:00:00,NSE:STERTOOLS,113.9,114.0,113.5,113.5,1275.0
2020-05-22 15:00:00,NSE:STERTOOLS,113.5,113.95,113.5,113.9,609.0
2020-05-26 09:00:00,NSE:STERTOOLS,118.0,118.0,115.05,115.9,217.0
2020-05-26 10:00:00,NSE:STERTOOLS,115.9,119.05,113.1,114.35,8085.0
2020-05-26 11:00:00,NSE:STERTOOLS,114.3,114.3,112.3,112.4,391.0
2020-05-26 12:00:00,NSE:STERTOOLS,112.65,114.9,112.65,113.45,2677.0
2020-05-26 13:00:00,NSE:STERTOOLS,114.35,114.7,113.1,113.1,3287.0
2020-05-26 14:00:00,NSE:STERTOOLS,113.15,113.55,113.15,113.5,216.0
2020-05-26 15:00:00,NSE:STERTOOLS,113.55,113.55,113.5,113.55,1757.0
2020-05-27 09:00:00,NSE:STERTOOLS,112.1,113.85,111.6,112.5,870.0
2020-05-27 10:00:00,NSE:STERTOOLS,112.9,112.95,112.1,112.2,2942.0
2020-05-27 11:00:00,NSE:STERTOOLS,112.8,112.85,112.2,112.3,600.0
2020-05-27 12:00:00,NSE:STERTOOLS,112.5,112.95,112.5,112.9,1662.0
2020-05-27 13:00:00,NSE:STERTOOLS,112.9,113.0,112.65,112.65,1476.0
2020-05-27 14:00:00,NSE:STERTOOLS,112.85,113.0,112.65,112.65,1034.0
2020-05-27 15:00:00,NSE:STERTOOLS,112.95,113.0,112.7,113.0,4388.0
2020-05-28 09:00:00,NSE:STERTOOLS,110.0,119.5,110.0,119.0,4868.0
2020-05-28 10:00:00,NSE:STERTOOLS,118.9,119.45,114.0,114.4,7144.0
2020-05-28 11:00:00,NSE:STERTOOLS,115.0,116.9,114.3,116.75,6063.0
2020-05-28 12:00:00,NSE:STERTOOLS,116.1,116.75,115.85,116.3,1412.0
2020-05-28 13:00:00,NSE:STERTOOLS,116.35,117.05,115.4,116.8,10031.0
2020-05-28 14:00:00,NSE:STERTOOLS,116.95,117.0,115.6,116.25,4839.0
2020-05-28 15:00:00,NSE:STERTOOLS,116.15,117.0,116.15,116.85,11027.0
2020-05-29 09:00:00,NSE:STERTOOLS,116.9,117.0,115.1,116.0,3666.0
2020-05-29 10:00:00,NSE:STERTOOLS,116.0,116.0,115.6,115.6,2614.0
2020-05-29 11:00:00,NSE:STERTOOLS,115.9,116.0,115.0,116.0,7061.0
2020-05-29 12:00:00,NSE:STERTOOLS,115.95,116.0,115.65,115.95,676.0
2020-05-29 13:00:00,NSE:STERTOOLS,115.9,115.9,114.15,115.5,1367.0
2020-05-29 14:00:00,NSE:STERTOOLS,115.5,115.7,115.45,115.7,1114.0
2020-05-29 15:00:00,NSE:STERTOOLS,115.7,116.0,114.55,116.0,4943.0
2020-06-01 09:00:00,NSE:STERTOOLS,116.0,120.35,115.85,116.8,7247.0
2020-06-01 10:00:00,NSE:STERTOOLS,116.95,118.3,116.95,117.45,16964.0
2020-06-01 11:00:00,NSE:STERTOOLS,117.0,122.8,117.0,118.5,53660.0
2020-06-01 12:00:00,NSE:STERTOOLS,118.6,122.0,118.4,120.05,18348.0
2020-06-01 13:00:00,NSE:STERTOOLS,120.05,121.2,120.05,120.1,4666.0
2020-06-01 14:00:00,NSE:STERTOOLS,120.1,121.9,119.95,121.8,6876.0
2020-06-01 15:00:00,NSE:STERTOOLS,121.8,121.8,120.0,120.6,3867.0
2020-06-02 09:00:00,NSE:STERTOOLS,121.95,125.7,119.0,122.0,6467.0
2020-06-02 10:00:00,NSE:STERTOOLS,122.0,128.0,122.0,125.5,18892.0
2020-06-02 11:00:00,NSE:STERTOOLS,125.45,126.3,123.15,125.15,7253.0
2020-06-02 12:00:00,NSE:STERTOOLS,125.0,126.25,125.0,125.7,3232.0
2020-06-02 13:00:00,NSE:STERTOOLS,125.65,132.2,125.65,127.35,24143.0
2020-06-02 14:00:00,NSE:STERTOOLS,127.8,129.25,127.25,128.4,3593.0
2020-06-02 15:00:00,NSE:STERTOOLS,128.45,129.7,128.2,129.5,5630.0
2020-06-03 09:00:00,NSE:STERTOOLS,133.0,139.5,130.7,135.5,7298.0
2020-06-03 10:00:00,NSE:STERTOOLS,135.5,154.7,134.5,154.7,68790.0
2020-06-03 11:00:00,NSE:STERTOOLS,154.7,154.7,152.0,153.0,33983.0
2020-06-03 12:00:00,NSE:STERTOOLS,152.5,153.5,145.3,150.0,16339.0
2020-06-03 13:00:00,NSE:STERTOOLS,149.9,150.7,146.0,146.3,9813.0
2020-06-03 14:00:00,NSE:STERTOOLS,146.05,146.9,142.35,142.35,11851.0
2020-06-03 15:00:00,NSE:STERTOOLS,142.1,142.5,138.0,139.55,8682.0
2020-06-04 09:00:00,NSE:STERTOOLS,140.3,143.45,130.2,138.7,16841.0
2020-06-04 10:00:00,NSE:STERTOOLS,138.65,141.75,136.5,138.7,7383.0
2020-06-04 11:00:00,NSE:STERTOOLS,138.7,140.95,134.5,135.8,13891.0
2020-06-04 12:00:00,NSE:STERTOOLS,135.0,135.8,132.6,133.7,3989.0
2020-06-04 13:00:00,NSE:STERTOOLS,133.7,136.0,133.0,135.9,3195.0
2020-06-04 14:00:00,NSE:STERTOOLS,136.0,136.0,131.15,132.0,5095.0
2020-06-04 15:00:00,NSE:STERTOOLS,132.05,140.1,132.0,135.55,5086.0
2020-06-05 09:00:00,NSE:STERTOOLS,137.0,141.55,136.0,136.55,3548.0
2020-06-05 10:00:00,NSE:STERTOOLS,137.7,140.0,137.65,138.05,6384.0
2020-06-05 11:00:00,NSE:STERTOOLS,138.05,139.3,137.45,139.3,2420.0
2020-06-05 12:00:00,NSE:STERTOOLS,139.3,140.0,138.15,138.15,897.0
2020-06-05 13:00:00,NSE:STERTOOLS,140.0,144.7,139.95,144.25,6157.0
2020-06-05 14:00:00,NSE:STERTOOLS,143.65,144.4,140.7,142.0,2459.0
2020-06-05 15:00:00,NSE:STERTOOLS,141.35,143.1,139.15,140.3,2780.0
2020-06-08 09:00:00,NSE:STERTOOLS,145.0,145.0,137.05,143.0,3956.0
2020-06-08 10:00:00,NSE:STERTOOLS,143.0,148.95,143.0,146.95,7433.0
2020-06-08 11:00:00,NSE:STERTOOLS,147.0,149.0,145.5,147.9,3566.0
2020-06-08 12:00:00,NSE:STERTOOLS,148.75,149.0,141.45,141.5,2093.0
2020-06-08 13:00:00,NSE:STERTOOLS,141.65,145.5,141.65,145.5,1967.0
2020-06-08 14:00:00,NSE:STERTOOLS,145.05,148.0,144.05,146.0,2371.0
2020-06-08 15:00:00,NSE:STERTOOLS,145.4,145.45,143.1,143.1,933.0
2020-06-09 09:00:00,NSE:STERTOOLS,151.0,153.4,140.9,146.65,1930.0
2020-06-09 10:00:00,NSE:STERTOOLS,146.7,148.0,146.4,147.65,3834.0
2020-06-09 11:00:00,NSE:STERTOOLS,147.55,148.0,146.85,147.3,2877.0
2020-06-09 12:00:00,NSE:STERTOOLS,147.3,148.2,146.7,147.95,5159.0
2020-06-09 13:00:00,NSE:STERTOOLS,147.0,148.0,145.0,145.1,1802.0
2020-06-09 14:00:00,NSE:STERTOOLS,144.85,145.4,141.55,143.95,1556.0
2020-06-09 15:00:00,NSE:STERTOOLS,142.3,143.6,136.05,137.9,3584.0
2020-06-10 09:00:00,NSE:STERTOOLS,143.95,143.95,138.0,140.9,1069.0
2020-06-10 10:00:00,NSE:STERTOOLS,142.35,146.9,142.35,146.9,3479.0
2020-06-10 11:00:00,NSE:STERTOOLS,146.65,146.65,142.4,143.55,1735.0
2020-06-10 12:00:00,NSE:STERTOOLS,143.5,144.0,142.65,142.7,324.0
2020-06-10 13:00:00,NSE:STERTOOLS,143.95,144.95,143.05,144.95,339.0
2020-06-10 14:00:00,NSE:STERTOOLS,144.9,147.0,144.1,146.0,3386.0
2020-06-10 15:00:00,NSE:STERTOOLS,146.0,147.0,143.1,146.35,1579.0
2020-06-11 09:00:00,NSE:STERTOOLS,141.55,146.5,141.55,144.85,634.0
2020-06-11 10:00:00,NSE:STERTOOLS,145.35,145.4,145.35,145.4,960.0
2020-06-11 11:00:00,NSE:STERTOOLS,145.4,164.55,145.4,164.55,12024.0
2020-06-11 12:00:00,NSE:STERTOOLS,164.8,164.95,153.5,154.8,19009.0
2020-06-11 13:00:00,NSE:STERTOOLS,154.0,154.9,148.5,148.55,2503.0
2020-06-11 14:00:00,NSE:STERTOOLS,148.75,150.95,147.1,150.95,2540.0
2020-06-11 15:00:00,NSE:STERTOOLS,151.15,152.0,146.55,150.9,2816.0
2020-06-12 09:00:00,NSE:STERTOOLS,141.55,145.95,141.55,145.0,4385.0
2020-06-12 10:00:00,NSE:STERTOOLS,145.7,149.45,145.0,147.65,1927.0
2020-06-12 11:00:00,NSE:STERTOOLS,147.65,151.0,147.05,149.3,3397.0
2020-06-12 12:00:00,NSE:STERTOOLS,149.2,150.65,147.35,148.9,1044.0
2020-06-12 13:00:00,NSE:STERTOOLS,147.55,149.45,147.55,149.45,717.0
2020-06-12 14:00:00,NSE:STERTOOLS,148.05,148.95,147.5,148.95,484.0
2020-06-12 15:00:00,NSE:STERTOOLS,148.0,149.45,147.15,148.75,1544.0
2020-06-15 09:00:00,NSE:STERTOOLS,147.05,154.0,147.05,150.3,1499.0
2020-06-15 10:00:00,NSE:STERTOOLS,152.45,152.45,149.1,149.15,522.0
2020-06-15 11:00:00,NSE:STERTOOLS,149.1,154.7,149.1,154.7,3615.0
2020-06-15 12:00:00,NSE:STERTOOLS,152.55,173.75,152.55,173.55,47172.0
2020-06-15 13:00:00,NSE:STERTOOLS,173.5,178.5,161.0,161.85,105702.0
2020-06-15 14:00:00,NSE:STERTOOLS,161.4,164.8,158.3,162.65,19391.0
2020-06-15 15:00:00,NSE:STERTOOLS,162.25,162.95,157.25,159.7,8948.0
2020-06-16 09:00:00,NSE:STERTOOLS,159.75,162.7,152.75,157.8,9495.0
2020-06-16 10:00:00,NSE:STERTOOLS,157.85,164.8,157.35,164.0,7200.0
2020-06-16 11:00:00,NSE:STERTOOLS,163.55,163.95,160.55,162.35,3368.0
2020-06-16 12:00:00,NSE:STERTOOLS,163.7,163.7,160.55,162.3,888.0
2020-06-16 13:00:00,NSE:STERTOOLS,162.8,162.8,155.8,157.5,3716.0
2020-06-16 14:00:00,NSE:STERTOOLS,156.0,162.0,156.0,161.7,2112.0
2020-06-16 15:00:00,NSE:STERTOOLS,160.1,160.85,157.4,159.4,2796.0
2020-06-17 09:00:00,NSE:STERTOOLS,156.0,158.95,156.0,158.95,1009.0
2020-06-17 10:00:00,NSE:STERTOOLS,159.2,163.25,158.95,161.15,3110.0
2020-06-17 11:00:00,NSE:STERTOOLS,160.05,162.0,160.05,161.7,690.0
2020-06-17 12:00:00,NSE:STERTOOLS,161.15,163.0,161.15,162.15,1311.0
2020-06-17 13:00:00,NSE:STERTOOLS,162.0,162.7,160.55,161.45,1061.0
2020-06-17 14:00:00,NSE:STERTOOLS,160.05,161.4,158.05,158.05,912.0
2020-06-17 15:00:00,NSE:STERTOOLS,159.65,161.35,158.1,158.25,1071.0
2020-06-18 09:00:00,NSE:STERTOOLS,159.2,162.15,159.0,159.1,779.0
2020-06-18 10:00:00,NSE:STERTOOLS,160.4,164.8,159.1,162.0,1864.0
2020-06-18 11:00:00,NSE:STERTOOLS,164.0,164.8,160.05,161.5,4112.0
2020-06-18 12:00:00,NSE:STERTOOLS,163.55,171.7,163.5,167.0,8640.0
2020-06-18 13:00:00,NSE:STERTOOLS,167.65,167.85,164.8,165.75,1779.0
2020-06-18 14:00:00,NSE:STERTOOLS,165.0,165.7,163.05,164.2,572.0
2020-06-18 15:00:00,NSE:STERTOOLS,163.95,165.0,163.35,165.0,1054.0
2020-06-19 09:00:00,NSE:STERTOOLS,165.25,169.25,163.55,164.6,1854.0
2020-06-19 10:00:00,NSE:STERTOOLS,164.6,167.65,164.6,165.85,2476.0
2020-06-19 11:00:00,NSE:STERTOOLS,166.9,168.7,164.55,165.25,2385.0
2020-06-19 12:00:00,NSE:STERTOOLS,165.3,173.0,165.3,167.7,2830.0
2020-06-19 13:00:00,NSE:STERTOOLS,167.55,167.6,163.55,165.2,2076.0
2020-06-19 14:00:00,NSE:STERTOOLS,165.2,167.6,165.0,165.0,1270.0
2020-06-19 15:00:00,NSE:STERTOOLS,165.2,171.0,165.0,170.2,1192.0
2020-06-22 09:00:00,NSE:STERTOOLS,165.8,170.9,164.8,169.95,1988.0
2020-06-22 10:00:00,NSE:STERTOOLS,168.6,169.95,167.1,168.4,736.0
2020-06-22 11:00:00,NSE:STERTOOLS,169.4,173.05,169.05,172.95,6718.0
2020-06-22 12:00:00,NSE:STERTOOLS,172.45,177.85,171.6,177.5,18777.0
2020-06-22 13:00:00,NSE:STERTOOLS,177.75,178.05,174.35,176.95,12309.0
2020-06-22 14:00:00,NSE:STERTOOLS,175.6,175.6,171.1,171.8,2338.0
2020-06-22 15:00:00,NSE:STERTOOLS,171.9,177.9,170.0,172.3,4343.0
2020-06-23 09:00:00,NSE:STERTOOLS,172.3,174.8,170.0,170.15,1683.0
2020-06-23 10:00:00,NSE:STERTOOLS,170.2,173.45,170.2,173.3,2500.0
2020-06-23 11:00:00,NSE:STERTOOLS,172.4,174.5,170.2,171.0,3783.0
2020-06-23 12:00:00,NSE:STERTOOLS,171.8,174.5,171.2,174.4,1185.0
2020-06-23 13:00:00,NSE:STERTOOLS,173.6,180.0,173.1,179.3,10491.0
2020-06-23 14:00:00,NSE:STERTOOLS,178.35,181.75,176.1,178.3,10226.0
2020-06-23 15:00:00,NSE:STERTOOLS,178.4,179.5,177.35,178.5,4754.0
2020-06-24 09:00:00,NSE:STERTOOLS,179.85,184.8,177.0,181.75,12182.0
2020-06-24 10:00:00,NSE:STERTOOLS,181.7,181.7,178.15,179.45,1917.0
2020-06-24 11:00:00,NSE:STERTOOLS,178.95,178.95,174.15,177.0,2594.0
2020-06-24 12:00:00,NSE:STERTOOLS,174.4,178.55,174.4,178.55,1453.0
2020-06-24 13:00:00,NSE:STERTOOLS,178.0,178.0,175.1,176.35,880.0
2020-06-24 14:00:00,NSE:STERTOOLS,176.25,176.25,171.55,173.75,605.0
2020-06-24 15:00:00,NSE:STERTOOLS,173.8,174.4,170.5,173.5,419.0
2020-06-25 09:00:00,NSE:STERTOOLS,179.5,179.5,168.55,172.0,2814.0
2020-06-25 10:00:00,NSE:STERTOOLS,172.8,172.8,169.5,170.6,7802.0
2020-06-25 11:00:00,NSE:STERTOOLS,170.6,170.6,170.0,170.0,427.0
2020-06-25 12:00:00,NSE:STERTOOLS,170.0,170.35,168.7,170.0,945.0
2020-06-25 13:00:00,NSE:STERTOOLS,170.0,170.45,169.5,169.9,2802.0
2020-06-25 14:00:00,NSE:STERTOOLS,168.0,169.95,166.5,167.55,572.0
2020-06-25 15:00:00,NSE:STERTOOLS,168.9,170.7,168.9,170.1,1383.0
2020-06-26 09:00:00,NSE:STERTOOLS,168.4,175.0,168.4,173.7,465.0
2020-06-26 10:00:00,NSE:STERTOOLS,173.35,173.35,167.25,167.25,6429.0
2020-06-26 11:00:00,NSE:STERTOOLS,169.95,172.95,167.4,170.1,1073.0
2020-06-26 12:00:00,NSE:STERTOOLS,170.0,171.85,169.05,171.0,366.0
2020-06-26 13:00:00,NSE:STERTOOLS,171.0,171.65,167.15,167.35,4066.0
2020-06-26 14:00:00,NSE:STERTOOLS,167.5,173.0,167.5,168.7,4159.0
2020-06-26 15:00:00,NSE:STERTOOLS,169.1,170.0,167.45,168.6,2085.0
2020-06-29 09:00:00,NSE:STERTOOLS,164.25,166.95,164.25,165.25,1762.0
2020-06-29 10:00:00,NSE:STERTOOLS,165.0,171.0,162.15,170.95,5897.0
2020-06-29 11:00:00,NSE:STERTOOLS,170.95,170.95,166.0,166.0,473.0
2020-06-29 12:00:00,NSE:STERTOOLS,166.05,170.65,166.05,170.0,3217.0
2020-06-29 13:00:00,NSE:STERTOOLS,169.95,170.0,168.0,168.0,76.0
2020-06-29 14:00:00,NSE:STERTOOLS,168.0,169.95,166.5,166.5,1359.0
2020-06-29 15:00:00,NSE:STERTOOLS,166.5,169.1,166.5,167.4,1868.0
2020-06-30 09:00:00,NSE:STERTOOLS,166.5,170.5,166.5,170.0,721.0
2020-06-30 10:00:00,NSE:STERTOOLS,169.95,170.4,168.7,168.7,3790.0
2020-06-30 11:00:00,NSE:STERTOOLS,170.4,170.4,167.95,168.2,3167.0
2020-06-30 12:00:00,NSE:STERTOOLS,168.4,169.85,165.35,169.0,1338.0
2020-06-30 13:00:00,NSE:STERTOOLS,168.8,169.6,167.7,168.95,260.0
2020-06-30 14:00:00,NSE:STERTOOLS,167.8,169.4,165.0,167.85,951.0
2020-06-30 15:00:00,NSE:STERTOOLS,167.45,167.45,164.1,164.7,752.0
2020-07-01 09:00:00,NSE:STERTOOLS,163.0,167.9,163.0,167.8,127.0
2020-07-01 10:00:00,NSE:STERTOOLS,165.0,169.55,165.0,165.1,3955.0
2020-07-01 11:00:00,NSE:STERTOOLS,165.1,170.0,164.3,168.05,2946.0
2020-07-01 12:00:00,NSE:STERTOOLS,170.0,170.7,165.75,165.75,1287.0
2020-07-01 13:00:00,NSE:STERTOOLS,168.95,168.95,165.35,168.8,1106.0
2020-07-01 14:00:00,NSE:STERTOOLS,165.55,166.95,165.55,166.9,135.0
2020-07-01 15:00:00,NSE:STERTOOLS,165.75,166.5,165.35,165.45,2740.0
2020-07-02 09:00:00,NSE:STERTOOLS,165.05,169.45,163.0,164.7,1015.0
2020-07-02 10:00:00,NSE:STERTOOLS,167.2,172.5,165.15,171.0,13459.0
2020-07-02 11:00:00,NSE:STERTOOLS,170.0,171.9,167.3,171.6,4841.0
2020-07-02 12:00:00,NSE:STERTOOLS,170.0,170.1,170.0,170.1,218.0
2020-07-02 13:00:00,NSE:STERTOOLS,169.5,169.5,169.3,169.5,108.0
2020-07-02 14:00:00,NSE:STERTOOLS,170.1,170.5,168.15,168.2,162.0
2020-07-02 15:00:00,NSE:STERTOOLS,170.25,170.25,168.05,168.5,3938.0
2020-07-03 09:00:00,NSE:STERTOOLS,171.0,171.0,167.95,168.0,727.0
2020-07-03 10:00:00,NSE:STERTOOLS,169.75,173.0,168.05,171.95,14830.0
2020-07-03 11:00:00,NSE:STERTOOLS,170.35,172.9,170.35,172.9,8912.0
2020-07-03 12:00:00,NSE:STERTOOLS,174.6,175.0,169.1,170.0,5151.0
2020-07-03 13:00:00,NSE:STERTOOLS,170.65,173.0,170.65,172.9,5093.0
2020-07-03 14:00:00,NSE:STERTOOLS,170.0,172.45,170.0,170.5,968.0
2020-07-03 15:00:00,NSE:STERTOOLS,170.55,172.85,168.4,169.6,764.0
2020-07-06 09:00:00,NSE:STERTOOLS,170.3,176.0,169.6,172.75,7089.0
2020-07-06 10:00:00,NSE:STERTOOLS,175.0,176.0,171.9,175.95,12305.0
2020-07-06 11:00:00,NSE:STERTOOLS,174.45,174.45,171.25,171.25,1181.0
2020-07-06 12:00:00,NSE:STERTOOLS,173.0,175.4,171.0,172.15,9033.0
2020-07-06 13:00:00,NSE:STERTOOLS,172.15,174.0,171.6,173.85,1289.0
2020-07-06 14:00:00,NSE:STERTOOLS,173.05,173.9,171.55,173.0,378.0
2020-07-06 15:00:00,NSE:STERTOOLS,173.2,174.2,173.2,173.5,1670.0
2020-07-07 09:00:00,NSE:STERTOOLS,173.5,173.5,171.0,171.35,168.0
2020-07-07 10:00:00,NSE:STERTOOLS,172.95,179.05,171.55,177.35,5421.0
2020-07-07 11:00:00,NSE:STERTOOLS,178.0,180.45,175.65,177.95,14432.0
2020-07-07 12:00:00,NSE:STERTOOLS,175.4,179.7,175.4,178.05,555.0
2020-07-07 13:00:00,NSE:STERTOOLS,178.15,182.4,178.1,180.95,6009.0
2020-07-07 14:00:00,NSE:STERTOOLS,179.35,181.9,179.0,179.95,890.0
2020-07-07 15:00:00,NSE:STERTOOLS,179.0,182.0,178.25,179.0,5033.0
2020-07-08 09:00:00,NSE:STERTOOLS,181.55,183.55,180.0,183.05,716.0
2020-07-08 10:00:00,NSE:STERTOOLS,183.0,183.0,181.5,182.65,1459.0
2020-07-08 11:00:00,NSE:STERTOOLS,183.0,184.0,181.55,184.0,8953.0
2020-07-08 12:00:00,NSE:STERTOOLS,184.0,185.0,181.55,184.9,5835.0
2020-07-08 13:00:00,NSE:STERTOOLS,184.0,185.0,184.0,184.75,1059.0
2020-07-08 14:00:00,NSE:STERTOOLS,184.5,184.5,182.35,182.35,687.0
2020-07-08 15:00:00,NSE:STERTOOLS,182.15,185.4,181.0,182.6,3968.0
2020-07-09 09:00:00,NSE:STERTOOLS,182.95,187.0,182.9,185.95,1633.0
2020-07-09 10:00:00,NSE:STERTOOLS,185.4,185.4,183.0,183.4,990.0
2020-07-09 11:00:00,NSE:STERTOOLS,185.0,186.0,181.25,184.1,10667.0
2020-07-09 12:00:00,NSE:STERTOOLS,183.55,186.8,183.55,184.35,4551.0
2020-07-09 13:00:00,NSE:STERTOOLS,184.65,185.1,184.6,185.0,234.0
2020-07-09 14:00:00,NSE:STERTOOLS,185.95,185.95,182.4,183.0,869.0
2020-07-09 15:00:00,NSE:STERTOOLS,183.75,185.8,181.2,185.8,800.0
2020-07-10 09:00:00,NSE:STERTOOLS,185.0,187.4,182.85,184.5,479.0
2020-07-10 10:00:00,NSE:STERTOOLS,183.0,186.6,183.0,183.6,8031.0
2020-07-10 11:00:00,NSE:STERTOOLS,183.65,186.0,183.6,186.0,115.0
2020-07-10 12:00:00,NSE:STERTOOLS,186.4,186.5,183.75,184.6,3691.0
2020-07-10 13:00:00,NSE:STERTOOLS,184.6,186.95,184.6,186.25,334.0
2020-07-10 14:00:00,NSE:STERTOOLS,184.7,184.7,183.35,183.35,644.0
2020-07-10 15:00:00,NSE:STERTOOLS,183.65,186.9,181.5,181.6,1972.0
2020-07-13 09:00:00,NSE:STERTOOLS,182.95,185.0,182.95,183.2,701.0
2020-07-13 10:00:00,NSE:STERTOOLS,182.8,185.0,182.3,184.0,850.0
2020-07-13 11:00:00,NSE:STERTOOLS,184.95,184.95,183.0,183.2,5920.0
2020-07-13 12:00:00,NSE:STERTOOLS,183.0,184.0,181.05,182.05,727.0
2020-07-13 13:00:00,NSE:STERTOOLS,182.05,186.95,182.0,183.5,4114.0
2020-07-13 14:00:00,NSE:STERTOOLS,183.5,186.25,183.15,183.7,2470.0
2020-07-13 15:00:00,NSE:STERTOOLS,183.25,184.0,183.0,183.0,8790.0
2020-07-14 09:00:00,NSE:STERTOOLS,178.15,183.0,177.5,180.35,10636.0
2020-07-14 10:00:00,NSE:STERTOOLS,180.0,183.0,178.7,182.5,10576.0
2020-07-14 11:00:00,NSE:STERTOOLS,182.5,183.45,179.55,180.0,6183.0
2020-07-14 12:00:00,NSE:STERTOOLS,179.6,181.45,178.25,180.0,3161.0
2020-07-14 13:00:00,NSE:STERTOOLS,178.75,179.95,178.2,179.4,417.0
2020-07-14 14:00:00,NSE:STERTOOLS,178.25,179.0,178.25,179.0,846.0
2020-07-14 15:00:00,NSE:STERTOOLS,179.0,179.0,175.1,176.15,992.0
2020-07-15 09:00:00,NSE:STERTOOLS,177.15,182.4,177.15,179.0,393.0
2020-07-15 10:00:00,NSE:STERTOOLS,178.9,179.65,177.3,179.5,331.0
2020-07-15 11:00:00,NSE:STERTOOLS,179.5,179.75,176.45,178.5,2539.0
2020-07-15 12:00:00,NSE:STERTOOLS,180.0,181.95,179.0,179.0,7989.0
2020-07-15 13:00:00,NSE:STERTOOLS,180.5,180.5,177.5,179.0,276.0
2020-07-15 14:00:00,NSE:STERTOOLS,177.5,177.5,177.0,177.0,431.0
2020-07-15 15:00:00,NSE:STERTOOLS,177.0,177.8,175.5,177.8,990.0
2020-07-16 09:00:00,NSE:STERTOOLS,180.0,180.0,173.55,176.05,512.0
2020-07-16 10:00:00,NSE:STERTOOLS,176.15,179.2,174.6,178.05,997.0
2020-07-16 11:00:00,NSE:STERTOOLS,179.35,181.9,178.05,180.15,5200.0
2020-07-16 12:00:00,NSE:STERTOOLS,180.15,180.9,179.1,179.15,2602.0
2020-07-16 13:00:00,NSE:STERTOOLS,179.05,179.05,175.6,177.0,1763.0
2020-07-16 14:00:00,NSE:STERTOOLS,177.0,177.2,175.6,175.6,816.0
2020-07-16 15:00:00,NSE:STERTOOLS,175.6,177.05,175.45,175.5,851.0
2020-07-17 09:00:00,NSE:STERTOOLS,176.1,178.8,176.1,177.0,570.0
2020-07-17 10:00:00,NSE:STERTOOLS,177.25,179.65,177.25,178.7,3233.0
2020-07-17 11:00:00,NSE:STERTOOLS,178.1,179.7,178.1,178.1,2035.0
2020-07-17 12:00:00,NSE:STERTOOLS,178.05,178.05,176.15,177.35,471.0
2020-07-17 13:00:00,NSE:STERTOOLS,177.35,178.0,177.35,177.5,28.0
2020-07-17 14:00:00,NSE:STERTOOLS,177.5,178.7,177.45,178.25,422.0
2020-07-17 15:00:00,NSE:STERTOOLS,179.45,180.9,177.0,177.0,4621.0
2020-07-20 09:00:00,NSE:STERTOOLS,179.55,179.55,177.1,178.0,360.0
2020-07-20 10:00:00,NSE:STERTOOLS,178.05,178.65,177.15,177.15,485.0
2020-07-20 11:00:00,NSE:STERTOOLS,177.95,179.5,177.95,179.5,1299.0
2020-07-20 12:00:00,NSE:STERTOOLS,179.35,179.4,179.0,179.35,397.0
2020-07-20 13:00:00,NSE:STERTOOLS,179.1,180.0,179.0,179.8,1898.0
2020-07-20 14:00:00,NSE:STERTOOLS,180.0,180.0,177.6,178.9,791.0
2020-07-20 15:00:00,NSE:STERTOOLS,178.0,179.2,177.0,177.0,619.0
2020-07-21 09:00:00,NSE:STERTOOLS,178.7,180.0,177.3,179.0,304.0
2020-07-21 10:00:00,NSE:STERTOOLS,178.9,180.05,176.55,179.9,3296.0
2020-07-21 11:00:00,NSE:STERTOOLS,179.9,180.0,179.05,179.95,242.0
2020-07-21 12:00:00,NSE:STERTOOLS,179.95,180.95,178.65,180.95,1404.0
2020-07-21 13:00:00,NSE:STERTOOLS,180.0,180.35,178.45,178.45,1238.0
2020-07-21 14:00:00,NSE:STERTOOLS,179.0,179.0,178.0,178.0,500.0
2020-07-21 15:00:00,NSE:STERTOOLS,177.8,178.95,177.35,177.35,406.0
2020-07-22 09:00:00,NSE:STERTOOLS,179.7,179.7,179.65,179.65,20.0
2020-07-22 10:00:00,NSE:STERTOOLS,179.6,180.15,179.1,179.9,3796.0
2020-07-22 11:00:00,NSE:STERTOOLS,178.3,179.95,178.15,178.35,365.0
2020-07-22 12:00:00,NSE:STERTOOLS,178.35,179.9,178.35,179.0,134.0
2020-07-22 13:00:00,NSE:STERTOOLS,179.0,179.0,177.1,177.15,370.0
2020-07-22 14:00:00,NSE:STERTOOLS,177.5,178.0,177.1,177.7,545.0
2020-07-22 15:00:00,NSE:STERTOOLS,177.7,179.0,177.55,178.9,959.0
2020-07-23 09:00:00,NSE:STERTOOLS,177.8,179.55,177.75,179.0,240.0
2020-07-23 10:00:00,NSE:STERTOOLS,180.0,181.85,179.0,180.05,5955.0
2020-07-23 11:00:00,NSE:STERTOOLS,180.5,180.5,179.2,179.2,266.0
2020-07-23 12:00:00,NSE:STERTOOLS,179.65,179.65,179.65,179.65,2.0
2020-07-23 13:00:00,NSE:STERTOOLS,177.9,177.9,174.35,176.1,1644.0
2020-07-23 14:00:00,NSE:STERTOOLS,176.85,177.45,176.1,176.65,218.0
2020-07-23 15:00:00,NSE:STERTOOLS,176.1,176.9,175.2,175.9,873.0
2020-07-24 09:00:00,NSE:STERTOOLS,180.0,180.0,174.0,176.9,74.0
2020-07-24 10:00:00,NSE:STERTOOLS,174.8,177.0,174.8,176.95,2340.0
2020-07-24 11:00:00,NSE:STERTOOLS,176.3,179.9,176.2,178.6,1048.0
2020-07-24 12:00:00,NSE:STERTOOLS,178.3,179.7,177.0,177.0,170.0
2020-07-24 13:00:00,NSE:STERTOOLS,177.0,179.45,177.0,179.45,1337.0
2020-07-24 14:00:00,NSE:STERTOOLS,179.65,179.65,178.6,178.95,529.0
2020-07-24 15:00:00,NSE:STERTOOLS,178.95,179.35,178.9,178.95,230.0
2020-07-27 09:00:00,NSE:STERTOOLS,177.95,177.95,174.15,176.8,1451.0
2020-07-27 10:00:00,NSE:STERTOOLS,174.8,178.05,174.8,178.0,1276.0
2020-07-27 11:00:00,NSE:STERTOOLS,179.3,180.0,178.0,178.25,2516.0
2020-07-27 12:00:00,NSE:STERTOOLS,180.0,180.45,179.2,179.25,1946.0
2020-07-27 13:00:00,NSE:STERTOOLS,179.3,179.95,178.15,178.15,454.0
2020-07-27 14:00:00,NSE:STERTOOLS,178.2,179.0,177.05,178.95,480.0
2020-07-27 15:00:00,NSE:STERTOOLS,178.9,178.9,177.0,178.25,560.0
2020-07-28 09:00:00,NSE:STERTOOLS,176.1,178.15,176.1,177.1,391.0
2020-07-28 10:00:00,NSE:STERTOOLS,177.7,178.95,176.6,178.95,2476.0
2020-07-28 11:00:00,NSE:STERTOOLS,178.95,179.95,178.3,179.95,2471.0
2020-07-28 12:00:00,NSE:STERTOOLS,180.0,180.0,177.05,178.0,1618.0
2020-07-28 13:00:00,NSE:STERTOOLS,178.0,178.55,177.8,178.15,103.0
2020-07-28 14:00:00,NSE:STERTOOLS,178.0,178.0,176.9,177.5,720.0
2020-07-28 15:00:00,NSE:STERTOOLS,177.5,179.9,176.6,176.6,1312.0
2020-07-29 09:00:00,NSE:STERTOOLS,180.0,180.0,179.0,179.0,512.0
2020-07-29 10:00:00,NSE:STERTOOLS,179.25,179.25,177.0,177.6,3236.0
2020-07-29 11:00:00,NSE:STERTOOLS,177.8,179.0,177.4,177.95,392.0
2020-07-29 12:00:00,NSE:STERTOOLS,178.0,178.0,177.85,177.85,351.0
2020-07-29 13:00:00,NSE:STERTOOLS,177.9,179.2,177.9,177.95,551.0
2020-07-29 14:00:00,NSE:STERTOOLS,178.05,178.25,177.6,177.6,981.0
2020-07-29 15:00:00,NSE:STERTOOLS,177.6,180.0,177.6,179.3,2550.0
2020-07-30 09:00:00,NSE:STERTOOLS,177.6,179.95,177.6,179.85,955.0
2020-07-30 10:00:00,NSE:STERTOOLS,179.0,180.05,178.35,178.85,2422.0
2020-07-30 11:00:00,NSE:STERTOOLS,178.55,180.0,178.35,180.0,1019.0
2020-07-30 13:00:00,NSE:STERTOOLS,179.0,179.4,176.4,179.15,1215.0
2020-07-30 14:00:00,NSE:STERTOOLS,179.15,179.15,176.1,177.9,210.0
2020-07-30 15:00:00,NSE:STERTOOLS,176.2,177.45,176.2,176.2,704.0
2020-07-31 09:00:00,NSE:STERTOOLS,174.55,175.9,174.55,175.0,111.0
2020-07-31 10:00:00,NSE:STERTOOLS,176.2,179.45,176.2,178.9,353.0
2020-07-31 11:00:00,NSE:STERTOOLS,178.9,179.4,177.8,178.65,78.0
2020-07-31 12:00:00,NSE:STERTOOLS,177.4,177.4,172.3,172.85,6410.0
2020-07-31 13:00:00,NSE:STERTOOLS,173.0,173.95,170.6,172.65,1537.0
2020-07-31 14:00:00,NSE:STERTOOLS,172.95,172.95,171.3,171.3,644.0
2020-07-31 15:00:00,NSE:STERTOOLS,170.85,172.2,170.1,171.25,1719.0
2020-08-03 09:00:00,NSE:STERTOOLS,179.8,179.8,170.95,170.95,1752.0
2020-08-03 10:00:00,NSE:STERTOOLS,170.85,172.75,168.3,171.7,973.0
2020-08-03 11:00:00,NSE:STERTOOLS,172.0,172.0,171.0,172.0,2127.0
2020-08-03 12:00:00,NSE:STERTOOLS,171.85,172.0,170.35,170.35,172.0
2020-08-03 13:00:00,NSE:STERTOOLS,170.35,171.45,168.8,169.0,892.0
2020-08-03 14:00:00,NSE:STERTOOLS,169.8,169.8,168.0,168.0,22.0
2020-08-03 15:00:00,NSE:STERTOOLS,167.5,172.0,167.5,170.9,882.0
2020-08-04 09:00:00,NSE:STERTOOLS,177.75,177.75,170.05,175.95,1747.0
2020-08-04 10:00:00,NSE:STERTOOLS,175.7,179.0,173.7,175.5,1991.0
2020-08-04 11:00:00,NSE:STERTOOLS,175.5,178.5,175.5,178.5,2329.0
2020-08-04 12:00:00,NSE:STERTOOLS,175.8,179.25,175.8,178.15,2360.0
2020-08-04 13:00:00,NSE:STERTOOLS,179.25,179.25,178.5,178.5,12.0
2020-08-04 14:00:00,NSE:STERTOOLS,179.25,179.25,178.6,179.0,701.0
2020-08-04 15:00:00,NSE:STERTOOLS,179.0,180.0,178.8,179.0,3440.0
2020-08-05 09:00:00,NSE:STERTOOLS,180.0,180.0,177.55,178.0,3322.0
2020-08-05 10:00:00,NSE:STERTOOLS,178.25,179.4,178.15,178.15,1834.0
2020-08-05 11:00:00,NSE:STERTOOLS,176.55,177.0,174.1,174.6,2225.0
2020-08-05 12:00:00,NSE:STERTOOLS,174.7,177.0,174.7,176.7,712.0
2020-08-05 13:00:00,NSE:STERTOOLS,176.75,176.75,175.85,175.85,41.0
2020-08-05 14:00:00,NSE:STERTOOLS,176.8,177.45,175.05,175.95,1611.0
2020-08-05 15:00:00,NSE:STERTOOLS,176.0,176.0,175.05,175.85,345.0
2020-08-06 09:00:00,NSE:STERTOOLS,176.0,179.3,176.0,176.7,1170.0
2020-08-06 10:00:00,NSE:STERTOOLS,177.4,178.9,176.1,176.55,2077.0
2020-08-06 11:00:00,NSE:STERTOOLS,176.55,176.55,175.05,176.0,236.0
2020-08-06 12:00:00,NSE:STERTOOLS,176.0,176.1,176.0,176.05,680.0
2020-08-06 13:00:00,NSE:STERTOOLS,176.05,178.8,176.05,177.0,1810.0
2020-08-06 14:00:00,NSE:STERTOOLS,178.7,178.7,177.0,177.3,1568.0
2020-08-06 15:00:00,NSE:STERTOOLS,177.05,178.0,177.05,177.6,1150.0
2020-08-07 09:00:00,NSE:STERTOOLS,180.0,181.05,178.0,179.0,8854.0
2020-08-07 10:00:00,NSE:STERTOOLS,179.05,180.0,178.6,179.8,2332.0
2020-08-07 11:00:00,NSE:STERTOOLS,179.0,181.0,179.0,180.0,5130.0
2020-08-07 12:00:00,NSE:STERTOOLS,180.0,180.05,179.0,179.0,6217.0
2020-08-07 13:00:00,NSE:STERTOOLS,180.0,180.0,178.05,179.1,1427.0
2020-08-07 14:00:00,NSE:STERTOOLS,179.1,179.85,177.75,179.85,2318.0
2020-08-07 15:00:00,NSE:STERTOOLS,177.0,180.0,177.0,180.0,2778.0
2020-08-10 09:00:00,NSE:STERTOOLS,180.0,182.0,178.2,181.95,9179.0
2020-08-10 10:00:00,NSE:STERTOOLS,181.0,186.0,181.0,184.45,20829.0
2020-08-10 11:00:00,NSE:STERTOOLS,184.8,188.0,183.4,187.0,17835.0
2020-08-10 12:00:00,NSE:STERTOOLS,187.5,189.75,187.0,188.25,17342.0
2020-08-10 13:00:00,NSE:STERTOOLS,188.25,188.85,183.5,186.6,12849.0
2020-08-10 14:00:00,NSE:STERTOOLS,185.0,185.0,178.6,180.0,21055.0
2020-08-10 15:00:00,NSE:STERTOOLS,179.85,180.95,178.65,180.1,4996.0
2020-08-11 09:00:00,NSE:STERTOOLS,180.0,181.95,177.4,179.9,12672.0
2020-08-11 10:00:00,NSE:STERTOOLS,180.0,180.5,179.35,180.0,11603.0
2020-08-11 11:00:00,NSE:STERTOOLS,180.65,180.65,179.7,180.0,2256.0
2020-08-11 12:00:00,NSE:STERTOOLS,179.0,179.0,177.05,178.2,3592.0
2020-08-11 13:00:00,NSE:STERTOOLS,178.25,179.2,177.15,178.35,3903.0
2020-08-11 14:00:00,NSE:STERTOOLS,178.8,179.85,177.6,179.1,2626.0
2020-08-11 15:00:00,NSE:STERTOOLS,179.0,179.0,176.15,177.1,3928.0
2020-08-12 09:00:00,NSE:STERTOOLS,180.0,180.0,175.8,178.0,2052.0
2020-08-12 10:00:00,NSE:STERTOOLS,177.9,178.9,176.0,177.7,2531.0
2020-08-12 11:00:00,NSE:STERTOOLS,177.95,177.95,177.0,177.5,1506.0
2020-08-12 12:00:00,NSE:STERTOOLS,177.5,180.5,177.0,179.85,8286.0
2020-08-12 13:00:00,NSE:STERTOOLS,179.8,179.9,178.6,179.45,444.0
2020-08-12 14:00:00,NSE:STERTOOLS,179.5,179.65,179.0,179.5,362.0
2020-08-12 15:00:00,NSE:STERTOOLS,180.0,180.0,178.0,179.4,1706.0
2020-08-13 09:00:00,NSE:STERTOOLS,180.0,181.45,179.5,179.55,3531.0
2020-08-13 10:00:00,NSE:STERTOOLS,180.0,180.0,179.15,179.9,2789.0
2020-08-13 11:00:00,NSE:STERTOOLS,179.05,180.9,179.05,179.95,22147.0
2020-08-13 12:00:00,NSE:STERTOOLS,180.0,181.0,179.1,180.0,4964.0
2020-08-13 13:00:00,NSE:STERTOOLS,179.5,180.55,179.1,180.55,2711.0
2020-08-13 14:00:00,NSE:STERTOOLS,180.05,180.35,179.3,179.95,3525.0
2020-08-13 15:00:00,NSE:STERTOOLS,179.65,179.75,178.6,179.75,3795.0
2020-08-14 09:00:00,NSE:STERTOOLS,180.0,180.0,178.4,179.5,453.0
2020-08-14 10:00:00,NSE:STERTOOLS,179.0,180.0,179.0,179.4,1941.0
2020-08-14 11:00:00,NSE:STERTOOLS,179.75,179.9,179.35,179.35,701.0
2020-08-14 12:00:00,NSE:STERTOOLS,179.4,180.0,179.05,179.4,3972.0
2020-08-14 13:00:00,NSE:STERTOOLS,178.8,179.85,177.5,179.85,3453.0
2020-08-14 14:00:00,NSE:STERTOOLS,178.0,178.85,176.1,177.5,1775.0
2020-08-14 15:00:00,NSE:STERTOOLS,177.45,178.0,176.55,176.6,1063.0
2020-08-17 09:00:00,NSE:STERTOOLS,180.0,180.0,176.75,179.05,667.0
2020-08-17 10:00:00,NSE:STERTOOLS,179.7,180.05,179.0,179.55,2540.0
2020-08-17 11:00:00,NSE:STERTOOLS,179.25,180.0,179.05,179.05,2498.0
2020-08-17 12:00:00,NSE:STERTOOLS,179.45,179.45,178.0,178.0,783.0
2020-08-17 13:00:00,NSE:STERTOOLS,178.5,179.25,178.5,179.1,439.0
2020-08-17 14:00:00,NSE:STERTOOLS,179.0,179.6,179.0,179.6,2043.0
2020-08-17 15:00:00,NSE:STERTOOLS,179.5,179.95,178.0,179.15,2320.0
2020-08-18 09:00:00,NSE:STERTOOLS,179.15,179.95,179.1,179.1,817.0
2020-08-18 10:00:00,NSE:STERTOOLS,179.4,179.75,179.0,179.5,1583.0
2020-08-18 11:00:00,NSE:STERTOOLS,179.45,179.75,179.1,179.5,1106.0
2020-08-18 12:00:00,NSE:STERTOOLS,179.75,179.75,179.0,179.6,2676.0
2020-08-18 13:00:00,NSE:STERTOOLS,179.7,179.7,179.05,179.45,1991.0
2020-08-18 14:00:00,NSE:STERTOOLS,179.7,197.3,179.1,197.3,43383.0
2020-08-18 15:00:00,NSE:STERTOOLS,197.3,197.3,194.0,195.65,16012.0
2020-08-19 09:00:00,NSE:STERTOOLS,197.85,206.9,197.8,203.05,34163.0
2020-08-19 10:00:00,NSE:STERTOOLS,202.05,204.0,196.6,198.7,11870.0
2020-08-19 11:00:00,NSE:STERTOOLS,198.8,200.95,198.8,199.85,3766.0
2020-08-19 12:00:00,NSE:STERTOOLS,199.8,202.0,197.15,199.35,6543.0
2020-08-19 13:00:00,NSE:STERTOOLS,199.35,200.4,199.0,199.0,7265.0
2020-08-19 14:00:00,NSE:STERTOOLS,198.25,198.95,195.85,197.5,4791.0
2020-08-19 15:00:00,NSE:STERTOOLS,197.5,197.5,190.55,191.9,6756.0
2020-08-20 09:00:00,NSE:STERTOOLS,192.9,200.0,186.7,197.0,14239.0
2020-08-20 10:00:00,NSE:STERTOOLS,198.55,199.35,197.15,198.0,3377.0
2020-08-20 11:00:00,NSE:STERTOOLS,197.95,198.7,193.2,197.9,10656.0
2020-08-20 12:00:00,NSE:STERTOOLS,197.9,198.0,196.2,197.8,3698.0
2020-08-20 13:00:00,NSE:STERTOOLS,197.15,197.75,195.15,197.0,1202.0
2020-08-20 14:00:00,NSE:STERTOOLS,197.0,198.6,195.35,197.5,6234.0
2020-08-20 15:00:00,NSE:STERTOOLS,197.95,198.0,196.3,197.9,3361.0
2020-08-21 09:00:00,NSE:STERTOOLS,200.0,200.0,193.5,198.05,6957.0
2020-08-21 10:00:00,NSE:STERTOOLS,199.0,199.0,196.15,196.15,6214.0
2020-08-21 11:00:00,NSE:STERTOOLS,196.15,197.9,195.05,195.15,5356.0
2020-08-21 12:00:00,NSE:STERTOOLS,195.5,197.7,195.5,197.65,3063.0
2020-08-21 13:00:00,NSE:STERTOOLS,197.65,198.85,196.2,197.5,11695.0
2020-08-21 14:00:00,NSE:STERTOOLS,197.25,197.8,196.4,197.8,3389.0
2020-08-21 15:00:00,NSE:STERTOOLS,197.0,197.0,195.5,196.3,2909.0
2020-08-24 09:00:00,NSE:STERTOOLS,195.0,198.75,195.0,195.6,7881.0
2020-08-24 10:00:00,NSE:STERTOOLS,196.0,197.45,193.85,194.4,6214.0
2020-08-24 11:00:00,NSE:STERTOOLS,195.0,197.0,193.65,196.5,2685.0
2020-08-24 12:00:00,NSE:STERTOOLS,194.0,195.95,193.5,193.75,1986.0
2020-08-24 13:00:00,NSE:STERTOOLS,194.95,196.0,193.9,195.65,2865.0
2020-08-24 14:00:00,NSE:STERTOOLS,195.9,195.9,194.05,194.5,733.0
2020-08-24 15:00:00,NSE:STERTOOLS,194.6,197.35,194.6,195.95,4081.0
2020-08-25 09:00:00,NSE:STERTOOLS,198.0,198.0,194.1,195.9,4079.0
2020-08-25 10:00:00,NSE:STERTOOLS,196.85,197.95,195.5,196.45,3460.0
2020-08-25 11:00:00,NSE:STERTOOLS,195.85,196.8,195.25,196.75,1798.0
2020-08-25 12:00:00,NSE:STERTOOLS,196.65,197.05,195.0,196.05,4854.0
2020-08-25 13:00:00,NSE:STERTOOLS,196.0,197.05,195.2,196.15,4515.0
2020-08-25 14:00:00,NSE:STERTOOLS,196.25,197.05,191.75,195.9,7742.0
2020-08-25 15:00:00,NSE:STERTOOLS,195.5,195.85,192.15,194.6,2737.0
2020-08-26 09:00:00,NSE:STERTOOLS,196.95,197.5,194.15,196.5,2286.0
2020-08-26 10:00:00,NSE:STERTOOLS,195.0,196.15,193.95,195.05,2610.0
2020-08-26 11:00:00,NSE:STERTOOLS,195.05,196.95,194.95,196.55,6798.0
2020-08-26 12:00:00,NSE:STERTOOLS,196.55,196.6,194.6,195.9,314.0
2020-08-26 13:00:00,NSE:STERTOOLS,195.05,195.6,194.7,194.75,131.0
2020-08-26 14:00:00,NSE:STERTOOLS,195.45,195.8,194.75,195.4,891.0
2020-08-26 15:00:00,NSE:STERTOOLS,195.2,196.0,193.65,196.0,2820.0
2020-08-27 09:00:00,NSE:STERTOOLS,192.95,195.05,192.8,195.0,372.0
2020-08-27 10:00:00,NSE:STERTOOLS,195.0,196.05,194.0,195.5,3575.0
2020-08-27 11:00:00,NSE:STERTOOLS,195.5,195.75,194.15,194.25,762.0
2020-08-27 12:00:00,NSE:STERTOOLS,194.95,195.7,194.5,195.35,1666.0
2020-08-27 13:00:00,NSE:STERTOOLS,195.35,195.35,192.1,192.1,2565.0
2020-08-27 14:00:00,NSE:STERTOOLS,193.35,193.75,190.35,190.5,3393.0
2020-08-27 15:00:00,NSE:STERTOOLS,191.0,191.55,189.0,190.6,3453.0
2020-08-28 09:00:00,NSE:STERTOOLS,196.0,196.0,190.65,192.6,2345.0
2020-08-28 10:00:00,NSE:STERTOOLS,193.8,193.8,188.1,188.9,3133.0
2020-08-28 11:00:00,NSE:STERTOOLS,188.9,193.0,188.9,190.5,1988.0
2020-08-28 12:00:00,NSE:STERTOOLS,190.45,193.95,190.45,193.95,2977.0
2020-08-28 13:00:00,NSE:STERTOOLS,193.95,194.7,193.05,193.2,2164.0
2020-08-28 14:00:00,NSE:STERTOOLS,193.2,194.0,193.2,193.45,540.0
2020-08-28 15:00:00,NSE:STERTOOLS,193.45,194.0,192.0,192.0,3882.0
2020-08-31 09:00:00,NSE:STERTOOLS,195.9,195.9,189.0,190.0,1260.0
2020-08-31 10:00:00,NSE:STERTOOLS,190.75,192.05,189.95,191.75,1380.0
2020-08-31 11:00:00,NSE:STERTOOLS,190.4,192.5,187.2,188.0,4176.0
2020-08-31 12:00:00,NSE:STERTOOLS,186.2,188.7,176.45,181.95,10567.0
2020-08-31 13:00:00,NSE:STERTOOLS,182.95,183.0,177.05,183.0,2674.0
2020-08-31 14:00:00,NSE:STERTOOLS,182.8,182.8,177.05,181.75,3849.0
2020-08-31 15:00:00,NSE:STERTOOLS,181.05,183.0,176.5,183.0,2429.0
2020-09-01 09:00:00,NSE:STERTOOLS,179.95,185.0,175.0,184.0,1899.0
2020-09-01 10:00:00,NSE:STERTOOLS,184.0,184.0,180.05,182.75,2533.0
2020-09-01 11:00:00,NSE:STERTOOLS,182.75,184.15,182.65,184.0,1424.0
2020-09-01 12:00:00,NSE:STERTOOLS,183.05,186.0,182.05,182.85,3408.0
2020-09-01 13:00:00,NSE:STERTOOLS,182.6,183.9,182.6,182.9,421.0
2020-09-01 14:00:00,NSE:STERTOOLS,182.9,182.9,179.6,179.6,966.0
2020-09-01 15:00:00,NSE:STERTOOLS,179.05,185.8,178.05,181.55,892.0
2020-09-02 09:00:00,NSE:STERTOOLS,182.0,185.95,180.0,184.5,1367.0
2020-09-02 10:00:00,NSE:STERTOOLS,185.65,185.65,184.0,184.0,337.0
2020-09-02 11:00:00,NSE:STERTOOLS,184.0,189.75,182.55,189.75,3485.0
2020-09-02 12:00:00,NSE:STERTOOLS,189.7,189.7,185.0,185.55,444.0
2020-09-02 13:00:00,NSE:STERTOOLS,184.85,188.9,183.0,188.0,893.0
2020-09-02 14:00:00,NSE:STERTOOLS,185.0,187.95,183.85,187.6,1406.0
2020-09-02 15:00:00,NSE:STERTOOLS,186.05,187.55,180.55,182.75,2020.0
2020-09-03 09:00:00,NSE:STERTOOLS,188.7,188.7,182.0,183.25,2730.0
2020-09-03 10:00:00,NSE:STERTOOLS,184.0,184.5,182.8,184.5,1674.0
2020-09-03 11:00:00,NSE:STERTOOLS,183.65,183.65,181.95,181.95,784.0
2020-09-03 12:00:00,NSE:STERTOOLS,182.0,184.7,182.0,183.2,2282.0
2020-09-03 13:00:00,NSE:STERTOOLS,183.65,185.0,183.1,183.65,644.0
2020-09-03 14:00:00,NSE:STERTOOLS,183.65,184.65,182.55,184.65,423.0
2020-09-03 15:00:00,NSE:STERTOOLS,184.05,184.8,182.0,183.0,2792.0
2020-09-04 09:00:00,NSE:STERTOOLS,179.0,180.95,175.85,180.5,1346.0
2020-09-04 10:00:00,NSE:STERTOOLS,181.7,183.05,180.65,181.5,559.0
2020-09-04 11:00:00,NSE:STERTOOLS,181.5,184.8,180.0,182.05,5606.0
2020-09-04 12:00:00,NSE:STERTOOLS,181.05,183.0,181.05,183.0,2323.0
2020-09-04 13:00:00,NSE:STERTOOLS,183.4,183.4,181.5,182.9,2696.0
2020-09-04 14:00:00,NSE:STERTOOLS,182.95,183.0,180.1,180.2,1725.0
2020-09-04 15:00:00,NSE:STERTOOLS,180.45,183.0,177.5,180.0,6629.0
2020-09-07 09:00:00,NSE:STERTOOLS,180.95,181.0,178.15,180.95,611.0
2020-09-07 10:00:00,NSE:STERTOOLS,181.0,184.0,180.2,180.95,997.0
2020-09-07 11:00:00,NSE:STERTOOLS,180.05,182.0,180.05,182.0,1530.0
2020-09-07 12:00:00,NSE:STERTOOLS,182.0,182.0,179.7,181.4,2674.0
2020-09-07 13:00:00,NSE:STERTOOLS,181.15,181.7,180.0,181.65,333.0
2020-09-07 14:00:00,NSE:STERTOOLS,181.0,181.55,178.35,180.4,1112.0
2020-09-07 15:00:00,NSE:STERTOOLS,179.95,181.2,179.65,181.2,899.0
2020-09-08 09:00:00,NSE:STERTOOLS,183.85,184.0,180.65,182.35,876.0
2020-09-08 10:00:00,NSE:STERTOOLS,182.0,182.0,181.2,181.9,1691.0
2020-09-08 11:00:00,NSE:STERTOOLS,181.9,182.0,180.45,180.6,2681.0
2020-09-08 12:00:00,NSE:STERTOOLS,180.65,181.7,180.65,181.7,88.0
2020-09-08 13:00:00,NSE:STERTOOLS,180.55,180.75,180.55,180.75,84.0
2020-09-08 14:00:00,NSE:STERTOOLS,181.0,181.15,177.05,179.4,1726.0
2020-09-08 15:00:00,NSE:STERTOOLS,179.0,179.4,167.05,174.8,2421.0
2020-09-09 09:00:00,NSE:STERTOOLS,170.0,172.9,167.3,169.75,1665.0
2020-09-09 10:00:00,NSE:STERTOOLS,170.0,170.0,168.0,168.0,1338.0
2020-09-09 11:00:00,NSE:STERTOOLS,168.0,174.15,167.7,173.2,4608.0
2020-09-09 12:00:00,NSE:STERTOOLS,174.15,174.15,170.35,172.65,1677.0
2020-09-09 13:00:00,NSE:STERTOOLS,169.2,171.95,169.2,171.9,402.0
2020-09-09 14:00:00,NSE:STERTOOLS,171.9,171.9,170.6,171.9,85.0
2020-09-09 15:00:00,NSE:STERTOOLS,171.9,172.15,171.0,171.45,766.0
2020-09-10 09:00:00,NSE:STERTOOLS,177.2,177.8,173.05,176.3,1437.0
2020-09-10 10:00:00,NSE:STERTOOLS,176.95,184.5,176.25,184.3,4466.0
2020-09-10 11:00:00,NSE:STERTOOLS,184.0,185.9,180.25,182.3,11538.0
2020-09-10 12:00:00,NSE:STERTOOLS,182.45,182.45,180.2,180.2,1277.0
2020-09-10 13:00:00,NSE:STERTOOLS,180.2,181.75,179.0,180.75,3147.0
2020-09-10 14:00:00,NSE:STERTOOLS,180.0,181.75,179.2,180.4,2231.0
2020-09-10 15:00:00,NSE:STERTOOLS,179.0,179.9,178.0,178.6,1593.0
2020-09-11 09:00:00,NSE:STERTOOLS,176.25,181.7,176.25,179.8,295.0
2020-09-11 10:00:00,NSE:STERTOOLS,179.5,182.5,179.3,179.55,789.0
2020-09-11 11:00:00,NSE:STERTOOLS,181.45,183.0,180.05,180.6,679.0
2020-09-11 12:00:00,NSE:STERTOOLS,182.2,182.7,180.8,180.8,168.0
2020-09-11 13:00:00,NSE:STERTOOLS,180.1,182.6,180.1,182.6,1112.0
2020-09-11 14:00:00,NSE:STERTOOLS,181.7,181.7,179.55,180.0,739.0
2020-09-11 15:00:00,NSE:STERTOOLS,180.4,181.0,178.5,181.0,590.0
2020-09-14 09:00:00,NSE:STERTOOLS,183.0,186.95,181.35,186.0,3895.0
2020-09-14 10:00:00,NSE:STERTOOLS,186.0,189.0,184.7,187.4,3943.0
2020-09-14 11:00:00,NSE:STERTOOLS,187.0,189.8,185.8,188.4,4773.0
2020-09-14 12:00:00,NSE:STERTOOLS,188.95,199.9,188.2,198.05,27893.0
2020-09-14 13:00:00,NSE:STERTOOLS,198.15,198.8,194.5,194.5,5990.0
2020-09-14 14:00:00,NSE:STERTOOLS,194.5,197.8,191.55,194.35,7253.0
2020-09-14 15:00:00,NSE:STERTOOLS,194.95,195.45,190.35,193.95,3128.0
2020-09-15 09:00:00,NSE:STERTOOLS,198.5,198.5,189.0,190.05,6787.0
2020-09-15 10:00:00,NSE:STERTOOLS,190.05,193.75,185.35,186.25,3086.0
2020-09-15 11:00:00,NSE:STERTOOLS,187.0,189.0,185.7,187.95,1773.0
2020-09-15 12:00:00,NSE:STERTOOLS,187.0,187.95,186.1,187.0,1697.0
2020-09-15 13:00:00,NSE:STERTOOLS,191.65,192.0,188.0,189.25,3192.0
2020-09-15 14:00:00,NSE:STERTOOLS,189.25,190.95,188.45,189.95,2106.0
2020-09-15 15:00:00,NSE:STERTOOLS,189.1,190.6,188.15,188.15,1840.0
2020-09-16 09:00:00,NSE:STERTOOLS,188.6,194.4,186.65,188.3,1395.0
2020-09-16 10:00:00,NSE:STERTOOLS,188.65,191.45,188.6,191.05,870.0
2020-09-16 11:00:00,NSE:STERTOOLS,190.95,191.9,189.95,190.9,678.0
2020-09-16 12:00:00,NSE:STERTOOLS,191.0,191.0,190.9,190.9,263.0
2020-09-16 13:00:00,NSE:STERTOOLS,190.9,190.95,190.05,190.95,1340.0
2020-09-16 14:00:00,NSE:STERTOOLS,190.95,194.4,188.7,192.6,3634.0
2020-09-16 15:00:00,NSE:STERTOOLS,192.5,192.9,188.0,190.35,1556.0
2020-09-17 09:00:00,NSE:STERTOOLS,193.85,193.85,188.75,189.5,844.0
2020-09-17 10:00:00,NSE:STERTOOLS,189.5,189.85,189.0,189.2,427.0
2020-09-17 11:00:00,NSE:STERTOOLS,189.9,189.9,185.35,186.7,1765.0
2020-09-17 12:00:00,NSE:STERTOOLS,186.05,187.9,185.2,187.4,2591.0
2020-09-17 13:00:00,NSE:STERTOOLS,187.35,188.95,186.4,186.95,746.0
2020-09-17 14:00:00,NSE:STERTOOLS,186.45,187.0,186.4,186.4,377.0
2020-09-17 15:00:00,NSE:STERTOOLS,186.8,187.8,185.65,187.2,1057.0
2020-09-18 09:00:00,NSE:STERTOOLS,189.85,189.85,185.35,189.25,1783.0
2020-09-18 10:00:00,NSE:STERTOOLS,189.8,189.9,185.65,188.3,3551.0
2020-09-18 11:00:00,NSE:STERTOOLS,188.2,189.0,187.65,188.1,1767.0
2020-09-18 12:00:00,NSE:STERTOOLS,187.0,187.55,183.45,185.85,4878.0
2020-09-18 13:00:00,NSE:STERTOOLS,185.5,185.5,182.35,183.85,2361.0
2020-09-18 14:00:00,NSE:STERTOOLS,183.0,184.85,181.6,184.0,2901.0
2020-09-18 15:00:00,NSE:STERTOOLS,184.75,184.8,182.8,183.5,3447.0
2020-09-21 09:00:00,NSE:STERTOOLS,183.0,188.45,183.0,186.3,585.0
2020-09-21 10:00:00,NSE:STERTOOLS,186.0,189.65,186.0,186.95,1494.0
2020-09-21 11:00:00,NSE:STERTOOLS,187.0,187.45,184.35,185.5,1029.0
2020-09-21 12:00:00,NSE:STERTOOLS,185.05,186.0,183.35,184.0,3248.0
2020-09-21 13:00:00,NSE:STERTOOLS,183.9,185.7,181.25,182.15,1765.0
2020-09-21 14:00:00,NSE:STERTOOLS,182.2,182.4,175.1,176.85,4065.0
2020-09-21 15:00:00,NSE:STERTOOLS,176.95,176.95,170.4,170.4,3059.0
2020-09-22 09:00:00,NSE:STERTOOLS,172.5,173.0,159.95,163.45,10532.0
2020-09-22 10:00:00,NSE:STERTOOLS,163.0,166.95,162.3,163.65,3273.0
2020-09-22 11:00:00,NSE:STERTOOLS,163.6,169.0,163.6,167.95,2223.0
2020-09-22 12:00:00,NSE:STERTOOLS,169.85,172.15,165.3,165.35,2290.0
2020-09-22 13:00:00,NSE:STERTOOLS,165.35,166.95,163.2,165.0,4165.0
2020-09-22 14:00:00,NSE:STERTOOLS,165.0,167.55,165.0,167.4,1047.0
2020-09-22 15:00:00,NSE:STERTOOLS,167.4,169.7,167.4,168.25,2994.0
2020-09-23 09:00:00,NSE:STERTOOLS,173.95,174.45,169.6,170.9,771.0
2020-09-23 10:00:00,NSE:STERTOOLS,170.75,172.1,170.75,171.35,373.0
2020-09-23 11:00:00,NSE:STERTOOLS,172.25,174.65,172.25,174.65,404.0
2020-09-23 12:00:00,NSE:STERTOOLS,173.3,174.45,166.9,168.2,1392.0
2020-09-23 13:00:00,NSE:STERTOOLS,168.25,170.65,167.0,170.4,2023.0
2020-09-23 14:00:00,NSE:STERTOOLS,170.0,175.95,168.55,172.15,2048.0
2020-09-23 15:00:00,NSE:STERTOOLS,172.15,174.7,172.15,173.15,1255.0
2020-09-24 09:00:00,NSE:STERTOOLS,171.9,172.6,165.95,170.6,1015.0
2020-09-24 10:00:00,NSE:STERTOOLS,170.0,170.0,168.0,168.9,809.0
2020-09-24 11:00:00,NSE:STERTOOLS,168.05,170.75,168.0,170.75,590.0
2020-09-24 12:00:00,NSE:STERTOOLS,169.6,170.6,169.5,170.6,241.0
2020-09-24 13:00:00,NSE:STERTOOLS,170.5,170.75,170.5,170.5,234.0
2020-09-24 14:00:00,NSE:STERTOOLS,170.95,171.1,168.1,170.6,708.0
2020-09-24 15:00:00,NSE:STERTOOLS,168.1,171.8,168.1,170.0,1077.0
2020-09-25 09:00:00,NSE:STERTOOLS,176.85,176.85,167.5,170.35,814.0
2020-09-25 10:00:00,NSE:STERTOOLS,171.85,171.85,168.0,168.85,839.0
2020-09-25 11:00:00,NSE:STERTOOLS,169.65,170.35,168.8,170.35,325.0
2020-09-25 12:00:00,NSE:STERTOOLS,169.15,171.9,169.15,169.6,960.0
2020-09-25 13:00:00,NSE:STERTOOLS,170.85,171.55,170.0,171.55,190.0
2020-09-25 14:00:00,NSE:STERTOOLS,171.5,171.9,170.0,170.0,1715.0
2020-09-25 15:00:00,NSE:STERTOOLS,169.85,171.25,169.5,170.85,2149.0
2020-09-28 09:00:00,NSE:STERTOOLS,173.05,175.0,173.0,173.0,199.0
2020-09-28 10:00:00,NSE:STERTOOLS,173.15,176.7,173.15,173.65,1415.0
2020-09-28 11:00:00,NSE:STERTOOLS,174.0,188.8,174.0,186.3,3634.0
2020-09-28 12:00:00,NSE:STERTOOLS,188.0,188.8,180.55,184.85,4728.0
2020-09-28 13:00:00,NSE:STERTOOLS,183.3,186.75,182.5,184.35,2763.0
2020-09-28 14:00:00,NSE:STERTOOLS,184.4,184.5,177.55,178.35,3463.0
2020-09-28 15:00:00,NSE:STERTOOLS,178.35,183.0,178.25,180.1,1516.0
2020-09-29 09:00:00,NSE:STERTOOLS,186.85,186.9,181.35,184.7,1379.0
2020-09-29 10:00:00,NSE:STERTOOLS,184.7,184.95,183.25,183.25,310.0
2020-09-29 11:00:00,NSE:STERTOOLS,183.75,184.0,182.0,183.2,477.0
2020-09-29 12:00:00,NSE:STERTOOLS,183.4,183.45,180.8,180.8,417.0
2020-09-29 13:00:00,NSE:STERTOOLS,182.0,182.95,180.1,182.0,294.0
2020-09-29 14:00:00,NSE:STERTOOLS,182.0,182.65,180.15,182.2,290.0
2020-09-29 15:00:00,NSE:STERTOOLS,181.55,181.55,178.0,178.05,1541.0
2020-09-30 09:00:00,NSE:STERTOOLS,183.5,183.55,180.0,180.0,97.0
2020-09-30 10:00:00,NSE:STERTOOLS,179.85,181.0,179.3,180.9,354.0
2020-09-30 11:00:00,NSE:STERTOOLS,181.55,184.45,177.15,180.0,2603.0
2020-09-30 12:00:00,NSE:STERTOOLS,178.95,185.0,177.55,183.75,2077.0
2020-09-30 13:00:00,NSE:STERTOOLS,184.0,184.25,181.95,181.95,1206.0
2020-09-30 14:00:00,NSE:STERTOOLS,181.0,183.6,178.65,179.95,1464.0
2020-09-30 15:00:00,NSE:STERTOOLS,179.65,180.4,178.4,178.4,446.0
2020-10-01 09:00:00,NSE:STERTOOLS,184.95,184.95,178.6,179.95,2148.0
2020-10-01 10:00:00,NSE:STERTOOLS,179.7,182.85,177.05,178.0,1836.0
2020-10-01 11:00:00,NSE:STERTOOLS,177.5,181.9,177.0,181.9,2302.0
2020-10-01 12:00:00,NSE:STERTOOLS,179.4,181.75,179.4,180.6,271.0
2020-10-01 13:00:00,NSE:STERTOOLS,179.2,180.75,179.0,179.5,274.0
2020-10-01 14:00:00,NSE:STERTOOLS,180.0,180.8,178.0,179.05,1662.0
2020-10-01 15:00:00,NSE:STERTOOLS,179.1,180.4,177.65,179.85,675.0
2020-10-05 09:00:00,NSE:STERTOOLS,180.75,180.75,178.3,180.35,1223.0
2020-10-05 10:00:00,NSE:STERTOOLS,180.35,180.35,178.6,179.0,738.0
2020-10-05 11:00:00,NSE:STERTOOLS,178.8,183.0,178.8,179.85,1921.0
2020-10-05 12:00:00,NSE:STERTOOLS,179.65,181.9,178.75,179.8,1608.0
2020-10-05 13:00:00,NSE:STERTOOLS,179.4,179.6,179.4,179.6,3.0
2020-10-05 14:00:00,NSE:STERTOOLS,179.5,183.0,179.5,182.95,2486.0
2020-10-05 15:00:00,NSE:STERTOOLS,182.15,182.9,182.0,182.5,947.0
2020-10-06 09:00:00,NSE:STERTOOLS,185.9,185.9,181.05,183.65,1240.0
2020-10-06 10:00:00,NSE:STERTOOLS,181.5,184.8,176.15,179.7,9020.0
2020-10-06 11:00:00,NSE:STERTOOLS,179.55,179.55,178.4,178.4,164.0
2020-10-06 12:00:00,NSE:STERTOOLS,179.15,179.75,178.15,179.75,686.0
2020-10-06 13:00:00,NSE:STERTOOLS,179.7,179.7,177.5,178.35,400.0
2020-10-06 14:00:00,NSE:STERTOOLS,177.95,179.4,177.4,178.85,696.0
2020-10-06 15:00:00,NSE:STERTOOLS,178.85,179.95,178.3,179.95,1424.0
2020-10-07 09:00:00,NSE:STERTOOLS,180.05,180.1,176.6,180.0,115.0
2020-10-07 10:00:00,NSE:STERTOOLS,177.9,179.5,177.9,179.5,372.0
2020-10-07 11:00:00,NSE:STERTOOLS,179.2,180.2,179.2,180.2,793.0
2020-10-07 12:00:00,NSE:STERTOOLS,179.35,180.0,179.15,179.15,601.0
2020-10-07 13:00:00,NSE:STERTOOLS,180.0,183.4,180.0,182.55,2882.0
2020-10-07 14:00:00,NSE:STERTOOLS,182.0,183.0,180.1,180.3,431.0
2020-10-07 15:00:00,NSE:STERTOOLS,182.95,182.95,180.15,180.15,929.0
2020-10-08 09:00:00,NSE:STERTOOLS,179.15,183.8,178.45,178.45,305.0
2020-10-08 10:00:00,NSE:STERTOOLS,180.95,181.6,179.15,180.2,409.0
2020-10-08 11:00:00,NSE:STERTOOLS,180.25,180.25,179.5,179.9,1066.0
2020-10-08 12:00:00,NSE:STERTOOLS,179.85,179.9,178.4,178.95,240.0
2020-10-08 13:00:00,NSE:STERTOOLS,178.0,180.0,177.2,178.65,819.0
2020-10-08 14:00:00,NSE:STERTOOLS,179.25,179.3,178.3,179.05,158.0
2020-10-08 15:00:00,NSE:STERTOOLS,178.75,180.0,177.3,177.75,1276.0
2020-10-09 09:00:00,NSE:STERTOOLS,177.5,181.55,177.5,179.65,155.0
2020-10-09 10:00:00,NSE:STERTOOLS,178.3,179.35,178.3,179.35,365.0
2020-10-09 11:00:00,NSE:STERTOOLS,178.25,179.25,178.25,178.75,257.0
2020-10-09 12:00:00,NSE:STERTOOLS,178.7,178.7,175.35,177.85,291.0
2020-10-09 13:00:00,NSE:STERTOOLS,177.05,177.95,177.0,177.0,244.0
2020-10-09 14:00:00,NSE:STERTOOLS,176.25,177.75,176.25,177.0,387.0
2020-10-09 15:00:00,NSE:STERTOOLS,176.0,177.3,176.0,176.2,1115.0
2020-10-12 09:00:00,NSE:STERTOOLS,182.0,182.0,177.0,178.95,301.0
2020-10-12 10:00:00,NSE:STERTOOLS,178.0,178.85,178.0,178.0,460.0
2020-10-12 11:00:00,NSE:STERTOOLS,177.2,177.2,176.5,177.0,78.0
2020-10-12 12:00:00,NSE:STERTOOLS,181.7,184.55,176.55,181.0,4186.0
2020-10-12 13:00:00,NSE:STERTOOLS,181.8,181.8,180.4,180.45,80.0
2020-10-12 14:00:00,NSE:STERTOOLS,178.35,181.0,178.35,178.65,969.0
2020-10-12 15:00:00,NSE:STERTOOLS,179.9,179.9,177.25,178.6,959.0
2020-10-13 09:00:00,NSE:STERTOOLS,182.75,182.75,177.2,180.0,551.0
2020-10-13 10:00:00,NSE:STERTOOLS,179.6,179.6,178.05,178.1,500.0
2020-10-13 11:00:00,NSE:STERTOOLS,179.0,179.0,178.95,178.95,425.0
2020-10-13 12:00:00,NSE:STERTOOLS,178.95,180.0,178.3,179.1,7995.0
2020-10-13 13:00:00,NSE:STERTOOLS,180.0,180.0,178.5,179.9,1367.0
2020-10-13 14:00:00,NSE:STERTOOLS,178.15,179.85,176.6,177.0,2551.0
2020-10-13 15:00:00,NSE:STERTOOLS,177.0,177.0,172.6,174.6,3978.0
2020-10-14 09:00:00,NSE:STERTOOLS,172.0,177.7,171.8,173.9,380.0
2020-10-14 10:00:00,NSE:STERTOOLS,173.75,173.75,172.1,173.2,1430.0
2020-10-14 11:00:00,NSE:STERTOOLS,172.95,172.95,172.2,172.3,111.0
2020-10-14 12:00:00,NSE:STERTOOLS,172.8,174.0,172.8,173.75,3110.0
2020-10-14 13:00:00,NSE:STERTOOLS,174.0,174.0,172.35,173.6,1844.0
2020-10-14 14:00:00,NSE:STERTOOLS,173.6,173.6,172.35,173.4,470.0
2020-10-14 15:00:00,NSE:STERTOOLS,173.45,173.45,173.45,173.45,1604.0
2020-10-15 09:00:00,NSE:STERTOOLS,175.45,175.45,172.3,175.45,198.0
2020-10-15 10:00:00,NSE:STERTOOLS,172.55,173.7,172.15,173.3,756.0
2020-10-15 11:00:00,NSE:STERTOOLS,174.5,174.5,173.25,173.25,352.0
2020-10-15 12:00:00,NSE:STERTOOLS,173.25,173.9,172.25,173.65,267.0
2020-10-15 13:00:00,NSE:STERTOOLS,172.55,173.7,172.55,173.5,180.0
2020-10-15 14:00:00,NSE:STERTOOLS,173.4,173.4,172.0,172.05,1297.0
2020-10-15 15:00:00,NSE:STERTOOLS,172.05,172.05,171.05,171.05,1115.0
2020-10-16 09:00:00,NSE:STERTOOLS,171.05,174.0,171.0,171.0,263.0
2020-10-16 10:00:00,NSE:STERTOOLS,172.0,172.0,169.85,170.3,1220.0
2020-10-16 11:00:00,NSE:STERTOOLS,171.3,171.85,169.2,170.75,210.0
2020-10-16 12:00:00,NSE:STERTOOLS,170.8,171.95,170.05,171.95,635.0
2020-10-16 13:00:00,NSE:STERTOOLS,172.0,172.0,168.0,169.05,2465.0
2020-10-16 14:00:00,NSE:STERTOOLS,171.5,171.5,169.75,171.5,196.0
2020-10-16 15:00:00,NSE:STERTOOLS,171.0,171.0,169.05,169.15,305.0
2020-10-19 09:00:00,NSE:STERTOOLS,168.0,183.5,168.0,174.05,770.0
2020-10-19 10:00:00,NSE:STERTOOLS,174.35,176.45,172.2,176.45,161.0
2020-10-19 11:00:00,NSE:STERTOOLS,173.0,176.0,172.0,175.35,5096.0
2020-10-19 12:00:00,NSE:STERTOOLS,174.0,179.4,173.45,176.85,813.0
2020-10-19 13:00:00,NSE:STERTOOLS,175.1,175.95,174.3,175.8,330.0
2020-10-19 14:00:00,NSE:STERTOOLS,175.8,175.85,173.6,174.0,627.0
2020-10-19 15:00:00,NSE:STERTOOLS,174.0,176.9,173.5,173.5,2234.0
2020-10-20 09:00:00,NSE:STERTOOLS,172.05,177.65,172.05,174.0,119.0
2020-10-20 10:00:00,NSE:STERTOOLS,174.0,176.85,173.15,176.5,733.0
2020-10-20 11:00:00,NSE:STERTOOLS,175.65,175.8,174.25,174.25,203.0
2020-10-20 12:00:00,NSE:STERTOOLS,173.25,175.6,173.25,174.4,567.0
2020-10-20 13:00:00,NSE:STERTOOLS,174.45,174.6,174.45,174.6,91.0
2020-10-20 14:00:00,NSE:STERTOOLS,173.2,173.25,168.4,171.0,2740.0
2020-10-20 15:00:00,NSE:STERTOOLS,171.45,181.0,170.55,177.1,8004.0
2020-10-21 09:00:00,NSE:STERTOOLS,180.8,180.8,177.05,177.2,227.0
2020-10-21 10:00:00,NSE:STERTOOLS,178.95,179.0,177.25,178.95,401.0
2020-10-21 11:00:00,NSE:STERTOOLS,179.95,179.95,177.4,178.55,1536.0
2020-10-21 12:00:00,NSE:STERTOOLS,184.95,184.95,180.85,182.95,4587.0
2020-10-21 13:00:00,NSE:STERTOOLS,182.85,183.1,180.6,180.85,2192.0
2020-10-21 14:00:00,NSE:STERTOOLS,181.0,181.0,178.05,180.95,442.0
2020-10-21 15:00:00,NSE:STERTOOLS,180.55,181.85,178.65,180.5,117.0
2020-10-22 09:00:00,NSE:STERTOOLS,183.8,183.8,177.6,179.25,142.0
2020-10-22 10:00:00,NSE:STERTOOLS,178.0,179.0,176.55,179.0,641.0
2020-10-22 11:00:00,NSE:STERTOOLS,176.5,176.5,176.5,176.5,145.0
2020-10-22 12:00:00,NSE:STERTOOLS,177.95,178.9,176.1,178.9,437.0
2020-10-22 13:00:00,NSE:STERTOOLS,178.65,178.9,177.15,178.3,193.0
2020-10-22 14:00:00,NSE:STERTOOLS,178.0,178.9,177.1,177.1,244.0
2020-10-22 15:00:00,NSE:STERTOOLS,174.3,178.0,174.3,175.6,669.0
2020-10-23 09:00:00,NSE:STERTOOLS,179.9,179.9,175.25,176.75,1164.0
2020-10-23 10:00:00,NSE:STERTOOLS,179.2,179.25,177.1,177.1,631.0
2020-10-23 11:00:00,NSE:STERTOOLS,177.05,177.65,175.25,176.9,1030.0
2020-10-23 12:00:00,NSE:STERTOOLS,176.9,176.9,175.45,176.8,751.0
2020-10-23 13:00:00,NSE:STERTOOLS,177.6,177.8,176.2,177.65,416.0
2020-10-23 14:00:00,NSE:STERTOOLS,177.65,177.65,176.0,176.9,272.0
2020-10-23 15:00:00,NSE:STERTOOLS,176.0,177.0,176.0,176.05,2335.0
2020-10-26 09:00:00,NSE:STERTOOLS,182.2,182.2,176.55,178.95,478.0
2020-10-26 10:00:00,NSE:STERTOOLS,177.35,178.9,177.35,178.4,403.0
2020-10-26 11:00:00,NSE:STERTOOLS,178.3,178.45,177.05,178.0,396.0
2020-10-26 12:00:00,NSE:STERTOOLS,178.2,178.2,176.55,177.95,255.0
2020-10-26 13:00:00,NSE:STERTOOLS,177.35,178.25,176.6,176.6,90.0
2020-10-26 14:00:00,NSE:STERTOOLS,176.6,178.05,176.6,177.1,852.0
2020-10-26 15:00:00,NSE:STERTOOLS,179.0,179.0,177.15,178.95,636.0
2020-10-27 09:00:00,NSE:STERTOOLS,178.45,178.45,178.45,178.45,1.0
2020-10-27 10:00:00,NSE:STERTOOLS,178.35,178.5,177.05,178.3,777.0
2020-10-27 11:00:00,NSE:STERTOOLS,178.35,178.35,176.6,176.95,206.0
2020-10-27 12:00:00,NSE:STERTOOLS,177.0,177.7,176.15,176.15,1445.0
2020-10-27 13:00:00,NSE:STERTOOLS,176.0,176.0,175.25,175.4,173.0
2020-10-27 14:00:00,NSE:STERTOOLS,176.0,176.35,175.6,175.6,196.0
2020-10-27 15:00:00,NSE:STERTOOLS,176.2,176.7,175.3,176.7,253.0
2020-10-28 09:00:00,NSE:STERTOOLS,175.25,177.9,175.25,175.5,364.0
2020-10-28 10:00:00,NSE:STERTOOLS,177.45,177.45,175.6,177.4,125.0
2020-10-28 11:00:00,NSE:STERTOOLS,176.05,176.05,176.0,176.0,149.0
2020-10-28 12:00:00,NSE:STERTOOLS,175.95,175.95,173.0,175.7,563.0
2020-10-28 13:00:00,NSE:STERTOOLS,175.7,175.7,174.3,174.3,84.0
2020-10-28 14:00:00,NSE:STERTOOLS,175.35,175.7,173.4,173.5,4892.0
2020-10-28 15:00:00,NSE:STERTOOLS,174.95,174.95,173.15,173.6,1606.0
2020-10-29 09:00:00,NSE:STERTOOLS,172.9,173.85,170.35,172.9,481.0
2020-10-29 10:00:00,NSE:STERTOOLS,172.9,174.65,172.9,173.2,344.0
2020-10-29 11:00:00,NSE:STERTOOLS,173.1,175.95,170.5,172.65,639.0
2020-10-29 12:00:00,NSE:STERTOOLS,172.65,172.65,172.1,172.5,16.0
2020-10-29 13:00:00,NSE:STERTOOLS,172.2,172.25,172.15,172.15,377.0
2020-10-29 14:00:00,NSE:STERTOOLS,172.15,175.85,172.15,174.75,555.0
2020-10-29 15:00:00,NSE:STERTOOLS,174.75,174.75,174.65,174.75,411.0
2020-10-30 09:00:00,NSE:STERTOOLS,174.75,178.75,173.95,174.35,151.0
2020-10-30 10:00:00,NSE:STERTOOLS,175.0,177.9,174.35,174.45,161.0
2020-10-30 11:00:00,NSE:STERTOOLS,174.95,177.35,171.5,173.0,4695.0
2020-10-30 12:00:00,NSE:STERTOOLS,175.05,175.05,171.5,171.5,463.0
2020-10-30 13:00:00,NSE:STERTOOLS,171.5,174.3,171.5,174.3,1502.0
2020-10-30 14:00:00,NSE:STERTOOLS,173.65,173.65,172.45,172.45,5.0
2020-10-30 15:00:00,NSE:STERTOOLS,173.5,173.6,172.05,173.6,631.0
2020-11-02 09:00:00,NSE:STERTOOLS,176.85,176.85,170.1,172.9,449.0
2020-11-02 10:00:00,NSE:STERTOOLS,173.8,173.8,168.2,172.0,270.0
2020-11-02 11:00:00,NSE:STERTOOLS,170.35,172.85,169.55,169.95,581.0
2020-11-02 12:00:00,NSE:STERTOOLS,169.55,170.95,168.55,170.05,332.0
2020-11-02 13:00:00,NSE:STERTOOLS,170.9,170.9,170.05,170.5,206.0
2020-11-02 14:00:00,NSE:STERTOOLS,171.0,171.0,170.05,171.0,89.0
2020-11-02 15:00:00,NSE:STERTOOLS,171.0,174.7,170.25,172.95,1175.0
2020-11-03 09:00:00,NSE:STERTOOLS,174.8,174.8,170.55,173.0,487.0
2020-11-03 10:00:00,NSE:STERTOOLS,173.9,175.25,171.6,173.85,977.0
2020-11-03 11:00:00,NSE:STERTOOLS,172.05,173.85,171.45,173.85,594.0
2020-11-03 12:00:00,NSE:STERTOOLS,174.6,174.6,173.95,174.55,21.0
2020-11-03 13:00:00,NSE:STERTOOLS,174.55,174.95,172.05,174.45,3908.0
2020-11-03 14:00:00,NSE:STERTOOLS,174.7,174.95,174.7,174.9,683.0
2020-11-03 15:00:00,NSE:STERTOOLS,175.0,175.0,172.4,173.05,193.0
2020-11-04 09:00:00,NSE:STERTOOLS,175.0,175.0,174.6,174.7,72.0
2020-11-04 10:00:00,NSE:STERTOOLS,174.65,174.65,171.95,174.4,535.0
2020-11-04 11:00:00,NSE:STERTOOLS,174.35,174.4,172.6,174.4,66.0
2020-11-04 12:00:00,NSE:STERTOOLS,174.05,174.5,174.0,174.0,465.0
2020-11-04 13:00:00,NSE:STERTOOLS,174.5,174.5,174.0,174.0,826.0
2020-11-04 14:00:00,NSE:STERTOOLS,173.0,173.0,173.0,173.0,51.0
2020-11-04 15:00:00,NSE:STERTOOLS,174.0,177.55,174.0,174.85,1699.0
2020-11-05 09:00:00,NSE:STERTOOLS,177.0,178.65,175.05,176.05,3064.0
2020-11-05 10:00:00,NSE:STERTOOLS,177.5,178.0,176.3,176.6,2548.0
2020-11-05 11:00:00,NSE:STERTOOLS,177.95,178.0,177.9,178.0,727.0
2020-11-05 12:00:00,NSE:STERTOOLS,178.0,178.0,175.4,175.6,242.0
2020-11-05 13:00:00,NSE:STERTOOLS,175.65,177.9,175.6,176.2,300.0
2020-11-05 14:00:00,NSE:STERTOOLS,175.25,177.5,175.25,177.5,927.0
2020-11-05 15:00:00,NSE:STERTOOLS,177.1,178.0,177.0,178.0,980.0
2020-11-06 09:00:00,NSE:STERTOOLS,175.9,179.55,175.9,179.45,250.0
2020-11-06 10:00:00,NSE:STERTOOLS,178.75,179.55,176.15,177.05,2541.0
2020-11-06 11:00:00,NSE:STERTOOLS,177.95,177.95,177.95,177.95,1.0
2020-11-06 12:00:00,NSE:STERTOOLS,177.15,178.85,177.15,178.85,167.0
2020-11-06 13:00:00,NSE:STERTOOLS,177.0,178.75,177.0,177.5,1620.0
2020-11-06 14:00:00,NSE:STERTOOLS,177.5,177.5,174.85,175.0,1128.0
2020-11-06 15:00:00,NSE:STERTOOLS,175.2,178.9,175.05,175.3,995.0
2020-11-09 09:00:00,NSE:STERTOOLS,180.0,180.0,174.6,178.7,370.0
2020-11-09 10:00:00,NSE:STERTOOLS,178.7,179.1,175.55,179.1,1121.0
2020-11-09 11:00:00,NSE:STERTOOLS,176.35,179.8,176.35,178.1,1025.0
2020-11-09 12:00:00,NSE:STERTOOLS,178.15,179.55,176.55,178.95,1148.0
2020-11-09 13:00:00,NSE:STERTOOLS,178.4,179.65,177.6,179.65,963.0
2020-11-09 14:00:00,NSE:STERTOOLS,177.7,180.05,177.7,179.95,881.0
2020-11-09 15:00:00,NSE:STERTOOLS,179.95,183.45,179.0,183.45,1114.0
2020-11-10 09:00:00,NSE:STERTOOLS,182.25,182.25,176.35,181.1,1119.0
2020-11-10 10:00:00,NSE:STERTOOLS,177.45,180.9,177.45,180.4,774.0
2020-11-10 11:00:00,NSE:STERTOOLS,178.6,180.45,177.2,178.05,3292.0
2020-11-10 12:00:00,NSE:STERTOOLS,180.45,180.5,179.15,179.8,1301.0
2020-11-10 13:00:00,NSE:STERTOOLS,180.5,180.5,179.4,179.4,79.0
2020-11-10 14:00:00,NSE:STERTOOLS,179.3,180.5,179.25,180.0,94.0
2020-11-10 15:00:00,NSE:STERTOOLS,179.1,180.6,177.2,178.9,1035.0
2020-11-11 09:00:00,NSE:STERTOOLS,185.0,185.0,179.0,180.05,1012.0
2020-11-11 10:00:00,NSE:STERTOOLS,180.15,180.9,176.0,177.0,4174.0
2020-11-11 11:00:00,NSE:STERTOOLS,176.75,176.75,173.1,173.85,1113.0
2020-11-11 12:00:00,NSE:STERTOOLS,173.8,173.8,172.95,173.0,5647.0
2020-11-11 13:00:00,NSE:STERTOOLS,172.0,173.6,171.7,172.95,1135.0
2020-11-11 14:00:00,NSE:STERTOOLS,172.65,173.95,171.9,172.7,8395.0
2020-11-11 15:00:00,NSE:STERTOOLS,172.7,173.55,170.5,170.6,5389.0
2020-11-12 09:00:00,NSE:STERTOOLS,171.25,173.5,170.0,171.0,3350.0
2020-11-12 10:00:00,NSE:STERTOOLS,170.8,171.0,170.55,171.0,1492.0
2020-11-12 11:00:00,NSE:STERTOOLS,171.0,171.0,168.3,169.9,2910.0
2020-11-12 12:00:00,NSE:STERTOOLS,169.9,170.0,167.4,167.95,10386.0
2020-11-12 13:00:00,NSE:STERTOOLS,167.45,169.85,167.45,169.8,7484.0
2020-11-12 14:00:00,NSE:STERTOOLS,169.8,171.0,169.55,170.3,3655.0
2020-11-12 15:00:00,NSE:STERTOOLS,170.35,172.25,170.2,170.9,4524.0
2020-11-13 09:00:00,NSE:STERTOOLS,163.35,171.7,163.35,171.0,7190.0
2020-11-13 10:00:00,NSE:STERTOOLS,171.7,171.9,170.45,170.8,1764.0
2020-11-13 11:00:00,NSE:STERTOOLS,170.8,171.7,170.8,171.7,175.0
2020-11-13 12:00:00,NSE:STERTOOLS,171.9,171.9,171.85,171.85,1269.0
2020-11-13 13:00:00,NSE:STERTOOLS,171.85,171.85,171.0,171.7,853.0
2020-11-13 14:00:00,NSE:STERTOOLS,171.7,171.7,171.0,171.1,3567.0
2020-11-13 15:00:00,NSE:STERTOOLS,171.5,171.5,170.15,171.5,2205.0
2020-11-14 18:00:00,NSE:STERTOOLS,177.0,177.0,167.15,171.55,6050.0
2020-11-14 19:00:00,NSE:STERTOOLS,171.45,173.95,171.45,173.95,1062.0
2020-11-17 09:00:00,NSE:STERTOOLS,175.0,175.05,171.8,172.9,3584.0
2020-11-17 10:00:00,NSE:STERTOOLS,172.95,173.5,172.25,173.5,1411.0
2020-11-17 11:00:00,NSE:STERTOOLS,173.0,173.45,171.8,171.95,2689.0
2020-11-17 12:00:00,NSE:STERTOOLS,171.8,172.2,171.15,172.2,1223.0
2020-11-17 13:00:00,NSE:STERTOOLS,172.2,172.2,171.0,172.0,1312.0
2020-11-17 14:00:00,NSE:STERTOOLS,171.25,172.2,171.05,171.6,1487.0
2020-11-17 15:00:00,NSE:STERTOOLS,171.1,172.0,171.05,171.2,1869.0
2020-11-18 09:00:00,NSE:STERTOOLS,173.9,175.45,172.1,174.6,4682.0
2020-11-18 10:00:00,NSE:STERTOOLS,173.3,174.1,173.0,173.0,1337.0
2020-11-18 11:00:00,NSE:STERTOOLS,173.95,173.95,171.5,172.5,1026.0
2020-11-18 12:00:00,NSE:STERTOOLS,172.8,174.3,172.5,174.3,1321.0
2020-11-18 13:00:00,NSE:STERTOOLS,174.0,176.5,174.0,176.2,2209.0
2020-11-18 14:00:00,NSE:STERTOOLS,176.3,177.95,175.0,177.95,2618.0
2020-11-18 15:00:00,NSE:STERTOOLS,177.05,179.5,176.0,178.0,1646.0
2020-11-19 09:00:00,NSE:STERTOOLS,179.8,184.5,176.2,183.7,6168.0
2020-11-19 10:00:00,NSE:STERTOOLS,184.0,191.9,184.0,189.0,31849.0
2020-11-19 11:00:00,NSE:STERTOOLS,189.15,192.95,189.05,190.65,10432.0
2020-11-19 12:00:00,NSE:STERTOOLS,190.65,192.0,188.0,190.8,6601.0
2020-11-19 13:00:00,NSE:STERTOOLS,190.8,190.8,189.05,190.0,6400.0
2020-11-19 14:00:00,NSE:STERTOOLS,189.25,190.15,187.0,187.05,24133.0
2020-11-19 15:00:00,NSE:STERTOOLS,187.85,188.0,185.0,187.95,3206.0
2020-11-20 09:00:00,NSE:STERTOOLS,189.0,197.0,188.95,193.1,169415.0
2020-11-20 10:00:00,NSE:STERTOOLS,193.15,193.8,190.2,192.1,31935.0
2020-11-20 11:00:00,NSE:STERTOOLS,192.1,193.3,190.95,193.3,6398.0
2020-11-20 12:00:00,NSE:STERTOOLS,193.3,193.95,192.1,192.95,4186.0
2020-11-20 13:00:00,NSE:STERTOOLS,191.95,193.05,191.9,192.5,9405.0
2020-11-20 14:00:00,NSE:STERTOOLS,192.65,192.8,190.55,192.55,8612.0
2020-11-20 15:00:00,NSE:STERTOOLS,192.6,194.5,192.55,193.6,20133.0
2020-11-23 09:00:00,NSE:STERTOOLS,194.8,195.85,190.0,192.35,8657.0
2020-11-23 10:00:00,NSE:STERTOOLS,192.2,192.3,189.05,190.0,4999.0
2020-11-23 11:00:00,NSE:STERTOOLS,190.35,191.0,189.3,190.8,4543.0
2020-11-23 12:00:00,NSE:STERTOOLS,190.95,191.1,184.6,186.35,10440.0
2020-11-23 13:00:00,NSE:STERTOOLS,186.35,189.0,186.1,187.75,3385.0
2020-11-23 14:00:00,NSE:STERTOOLS,187.1,190.0,186.9,190.0,3225.0
2020-11-23 15:00:00,NSE:STERTOOLS,189.6,190.2,188.3,189.35,2208.0
2020-11-24 09:00:00,NSE:STERTOOLS,194.0,194.0,185.0,188.0,1833.0
2020-11-24 10:00:00,NSE:STERTOOLS,188.7,190.15,186.6,188.5,2647.0
2020-11-24 11:00:00,NSE:STERTOOLS,188.55,191.9,188.55,189.45,2466.0
2020-11-24 12:00:00,NSE:STERTOOLS,190.25,191.6,187.0,189.0,3253.0
2020-11-24 13:00:00,NSE:STERTOOLS,189.7,189.7,188.25,188.35,1290.0
2020-11-24 14:00:00,NSE:STERTOOLS,189.9,189.9,188.55,188.6,644.0
2020-11-24 15:00:00,NSE:STERTOOLS,189.6,189.6,185.1,188.0,5347.0
2020-11-25 09:00:00,NSE:STERTOOLS,186.0,188.55,184.2,185.25,3644.0
2020-11-25 10:00:00,NSE:STERTOOLS,185.25,187.9,185.05,186.1,2760.0
2020-11-25 11:00:00,NSE:STERTOOLS,186.9,187.6,185.15,187.0,2240.0
2020-11-25 12:00:00,NSE:STERTOOLS,187.1,188.0,185.55,187.05,3191.0
2020-11-25 13:00:00,NSE:STERTOOLS,187.0,187.05,185.3,186.4,2546.0
2020-11-25 14:00:00,NSE:STERTOOLS,186.35,186.35,185.15,185.65,638.0
2020-11-25 15:00:00,NSE:STERTOOLS,186.05,186.05,185.0,185.35,1635.0
2020-11-26 09:00:00,NSE:STERTOOLS,184.55,196.0,184.55,186.85,2694.0
2020-11-26 10:00:00,NSE:STERTOOLS,186.85,187.8,186.85,186.9,514.0
2020-11-26 11:00:00,NSE:STERTOOLS,186.85,189.9,186.2,188.35,2149.0
2020-11-26 12:00:00,NSE:STERTOOLS,187.6,188.55,186.5,187.85,1408.0
2020-11-26 13:00:00,NSE:STERTOOLS,187.35,188.95,186.8,187.2,721.0
2020-11-26 14:00:00,NSE:STERTOOLS,187.05,188.9,187.05,187.4,902.0
2020-11-26 15:00:00,NSE:STERTOOLS,187.45,190.0,187.45,190.0,1940.0
2020-11-27 09:00:00,NSE:STERTOOLS,191.95,191.95,186.0,187.65,506.0
2020-11-27 10:00:00,NSE:STERTOOLS,190.0,191.5,186.0,187.75,11643.0
2020-11-27 11:00:00,NSE:STERTOOLS,187.7,188.7,186.3,186.85,834.0
2020-11-27 12:00:00,NSE:STERTOOLS,186.1,187.45,185.0,186.85,1264.0
2020-11-27 13:00:00,NSE:STERTOOLS,186.65,188.6,186.1,188.4,2335.0
2020-11-27 14:00:00,NSE:STERTOOLS,188.55,188.55,187.1,187.95,598.0
2020-11-27 15:00:00,NSE:STERTOOLS,187.8,189.6,187.0,188.25,2280.0
2020-12-01 09:00:00,NSE:STERTOOLS,187.85,190.45,186.5,189.0,1266.0
2020-12-01 10:00:00,NSE:STERTOOLS,188.95,191.9,188.15,188.5,2791.0
2020-12-01 11:00:00,NSE:STERTOOLS,188.5,192.1,187.05,191.5,5057.0
2020-12-01 12:00:00,NSE:STERTOOLS,190.8,196.45,188.15,194.7,25727.0
2020-12-01 13:00:00,NSE:STERTOOLS,194.55,194.95,191.8,192.0,5492.0
2020-12-01 14:00:00,NSE:STERTOOLS,192.0,193.0,190.6,193.0,4864.0
2020-12-01 15:00:00,NSE:STERTOOLS,192.5,194.1,192.0,194.1,2545.0
2020-12-02 09:00:00,NSE:STERTOOLS,194.95,194.95,188.5,192.6,2579.0
2020-12-02 10:00:00,NSE:STERTOOLS,192.65,193.5,190.1,192.1,2801.0
2020-12-02 11:00:00,NSE:STERTOOLS,193.5,194.7,189.6,190.9,4495.0
2020-12-02 12:00:00,NSE:STERTOOLS,191.0,191.0,187.15,189.6,8963.0
2020-12-02 13:00:00,NSE:STERTOOLS,189.05,190.45,188.0,189.1,4255.0
2020-12-02 14:00:00,NSE:STERTOOLS,189.1,194.5,188.0,191.15,8060.0
2020-12-02 15:00:00,NSE:STERTOOLS,192.0,192.85,191.5,191.5,2395.0
2020-12-03 09:00:00,NSE:STERTOOLS,192.6,194.5,190.85,191.75,2155.0
2020-12-03 10:00:00,NSE:STERTOOLS,191.05,205.0,191.0,200.0,64188.0
2020-12-03 11:00:00,NSE:STERTOOLS,200.0,200.5,197.1,198.3,8823.0
2020-12-03 12:00:00,NSE:STERTOOLS,197.8,198.45,196.2,198.45,4326.0
2020-12-03 13:00:00,NSE:STERTOOLS,198.9,199.0,195.95,195.95,8132.0
2020-12-03 14:00:00,NSE:STERTOOLS,195.95,198.0,195.45,196.55,2836.0
2020-12-03 15:00:00,NSE:STERTOOLS,196.8,198.0,195.65,198.0,4376.0
2020-12-04 09:00:00,NSE:STERTOOLS,202.1,202.1,195.15,197.0,4946.0
2020-12-04 10:00:00,NSE:STERTOOLS,197.6,197.6,196.05,196.75,1280.0
2020-12-04 11:00:00,NSE:STERTOOLS,196.8,197.0,194.0,194.75,3368.0
2020-12-04 12:00:00,NSE:STERTOOLS,194.85,194.85,191.1,193.0,2328.0
2020-12-04 13:00:00,NSE:STERTOOLS,193.1,193.6,191.3,193.05,3545.0
2020-12-04 14:00:00,NSE:STERTOOLS,193.0,193.15,191.8,192.3,2541.0
2020-12-04 15:00:00,NSE:STERTOOLS,192.35,199.0,192.15,195.95,9145.0
2020-12-07 09:00:00,NSE:STERTOOLS,198.0,202.1,196.75,197.7,8835.0
2020-12-07 10:00:00,NSE:STERTOOLS,198.0,199.0,197.7,199.0,6464.0
2020-12-07 11:00:00,NSE:STERTOOLS,198.4,198.4,197.75,198.0,2553.0
2020-12-07 12:00:00,NSE:STERTOOLS,198.0,198.1,197.25,198.0,2315.0
2020-12-07 13:00:00,NSE:STERTOOLS,198.0,198.0,197.1,197.45,848.0
2020-12-07 14:00:00,NSE:STERTOOLS,197.85,198.1,196.55,197.75,2695.0
2020-12-07 15:00:00,NSE:STERTOOLS,197.6,197.85,196.7,196.8,1943.0
2020-12-08 09:00:00,NSE:STERTOOLS,197.85,199.45,197.35,197.45,3115.0
2020-12-08 10:00:00,NSE:STERTOOLS,198.0,198.3,196.1,196.1,2012.0
2020-12-08 11:00:00,NSE:STERTOOLS,196.15,196.3,190.1,192.8,7860.0
2020-12-08 12:00:00,NSE:STERTOOLS,192.8,193.5,192.8,193.5,767.0
2020-12-08 13:00:00,NSE:STERTOOLS,194.25,195.5,193.5,195.2,1399.0
2020-12-08 14:00:00,NSE:STERTOOLS,195.45,195.95,195.45,195.95,657.0
2020-12-08 15:00:00,NSE:STERTOOLS,196.0,196.0,193.0,193.5,1608.0
2020-12-09 09:00:00,NSE:STERTOOLS,194.2,197.0,192.1,195.65,2666.0
2020-12-09 10:00:00,NSE:STERTOOLS,195.5,195.5,193.75,194.15,2228.0
2020-12-09 11:00:00,NSE:STERTOOLS,193.75,194.0,192.4,193.1,3271.0
2020-12-09 12:00:00,NSE:STERTOOLS,193.0,193.7,192.15,193.7,1704.0
2020-12-09 13:00:00,NSE:STERTOOLS,192.6,194.15,192.5,192.5,1333.0
2020-12-09 14:00:00,NSE:STERTOOLS,193.9,194.05,192.5,193.25,1303.0
2020-12-09 15:00:00,NSE:STERTOOLS,193.0,193.0,191.25,191.5,3183.0
2020-12-10 09:00:00,NSE:STERTOOLS,190.8,193.9,186.55,188.0,2101.0
2020-12-10 10:00:00,NSE:STERTOOLS,188.15,190.7,186.1,189.0,3104.0
2020-12-10 11:00:00,NSE:STERTOOLS,188.95,189.0,188.0,189.0,1043.0
2020-12-10 12:00:00,NSE:STERTOOLS,189.8,191.0,189.0,191.0,2624.0
2020-12-10 13:00:00,NSE:STERTOOLS,191.0,193.0,191.0,191.5,912.0
2020-12-10 14:00:00,NSE:STERTOOLS,191.5,193.5,190.5,193.15,1133.0
2020-12-10 15:00:00,NSE:STERTOOLS,192.75,193.4,191.75,193.4,1980.0
2020-12-11 09:00:00,NSE:STERTOOLS,194.55,195.1,192.3,193.0,1151.0
2020-12-11 10:00:00,NSE:STERTOOLS,193.2,194.85,193.0,194.85,1798.0
2020-12-11 11:00:00,NSE:STERTOOLS,195.0,195.0,192.35,193.9,1354.0
2020-12-11 12:00:00,NSE:STERTOOLS,193.6,197.0,193.55,195.15,2788.0
2020-12-11 13:00:00,NSE:STERTOOLS,195.15,198.0,194.5,194.95,3793.0
2020-12-11 14:00:00,NSE:STERTOOLS,193.9,194.9,193.25,194.0,1070.0
2020-12-11 15:00:00,NSE:STERTOOLS,192.3,193.5,192.15,192.85,1360.0
2020-12-14 09:00:00,NSE:STERTOOLS,204.0,205.0,198.55,201.0,41699.0
2020-12-14 10:00:00,NSE:STERTOOLS,201.45,202.3,199.05,201.0,20234.0
2020-12-14 11:00:00,NSE:STERTOOLS,201.0,202.0,200.0,201.5,12072.0
2020-12-14 12:00:00,NSE:STERTOOLS,201.5,201.9,199.4,200.0,7580.0
2020-12-14 13:00:00,NSE:STERTOOLS,199.9,201.0,199.5,200.7,7852.0
2020-12-14 14:00:00,NSE:STERTOOLS,200.7,202.5,199.75,202.0,16297.0
2020-12-14 15:00:00,NSE:STERTOOLS,202.0,202.4,200.0,200.95,14510.0
2020-12-15 09:00:00,NSE:STERTOOLS,201.95,201.95,198.05,199.2,7823.0
2020-12-15 10:00:00,NSE:STERTOOLS,199.4,200.0,197.25,199.0,5769.0
2020-12-15 11:00:00,NSE:STERTOOLS,199.0,200.4,198.5,199.75,4448.0
2020-12-15 12:00:00,NSE:STERTOOLS,200.35,200.8,199.0,200.1,4440.0
2020-12-15 13:00:00,NSE:STERTOOLS,199.3,200.9,198.8,198.95,5312.0
2020-12-15 14:00:00,NSE:STERTOOLS,198.95,201.0,198.0,200.45,8020.0
2020-12-15 15:00:00,NSE:STERTOOLS,200.4,215.0,198.65,204.65,21753.0
2020-12-16 09:00:00,NSE:STERTOOLS,206.85,209.0,200.05,203.95,20442.0
2020-12-16 10:00:00,NSE:STERTOOLS,203.15,203.95,201.3,202.1,6805.0
2020-12-16 11:00:00,NSE:STERTOOLS,202.7,203.45,200.5,201.45,8711.0
2020-12-16 12:00:00,NSE:STERTOOLS,201.3,201.9,200.05,200.15,5402.0
2020-12-16 13:00:00,NSE:STERTOOLS,200.65,202.95,200.0,201.15,12019.0
2020-12-16 14:00:00,NSE:STERTOOLS,201.0,202.3,200.25,201.4,4976.0
2020-12-16 15:00:00,NSE:STERTOOLS,200.4,201.75,200.15,200.7,5192.0
2020-12-17 09:00:00,NSE:STERTOOLS,203.7,203.7,200.35,201.0,12849.0
2020-12-17 10:00:00,NSE:STERTOOLS,201.0,201.95,201.0,201.15,5843.0
2020-12-17 11:00:00,NSE:STERTOOLS,201.1,201.5,200.85,201.4,3603.0
2020-12-17 12:00:00,NSE:STERTOOLS,201.35,201.75,197.3,198.75,11334.0
2020-12-17 13:00:00,NSE:STERTOOLS,198.5,199.85,198.0,199.5,2403.0
2020-12-17 14:00:00,NSE:STERTOOLS,199.5,199.9,199.2,199.9,3417.0
2020-12-17 15:00:00,NSE:STERTOOLS,199.9,201.0,196.6,197.0,11613.0
2020-12-18 09:00:00,NSE:STERTOOLS,201.0,201.25,195.65,195.7,4293.0
2020-12-18 10:00:00,NSE:STERTOOLS,196.4,198.45,195.65,198.15,2699.0
2020-12-18 11:00:00,NSE:STERTOOLS,197.85,199.5,197.1,199.25,2209.0
2020-12-18 12:00:00,NSE:STERTOOLS,199.5,199.5,198.85,199.15,2392.0
2020-12-18 13:00:00,NSE:STERTOOLS,199.15,201.0,199.0,200.55,2364.0
2020-12-18 14:00:00,NSE:STERTOOLS,200.75,207.05,200.6,204.3,17568.0
2020-12-18 15:00:00,NSE:STERTOOLS,203.7,204.0,201.15,201.4,7757.0
2020-12-21 09:00:00,NSE:STERTOOLS,202.5,207.9,200.4,204.0,3710.0
2020-12-21 10:00:00,NSE:STERTOOLS,204.0,204.0,203.25,203.25,2355.0
2020-12-21 11:00:00,NSE:STERTOOLS,203.5,203.5,201.0,203.0,1878.0
2020-12-21 12:00:00,NSE:STERTOOLS,203.0,203.0,200.7,201.0,2249.0
2020-12-21 13:00:00,NSE:STERTOOLS,200.8,200.8,195.5,195.5,8453.0
2020-12-21 14:00:00,NSE:STERTOOLS,195.5,196.55,190.0,192.9,11497.0
2020-12-21 15:00:00,NSE:STERTOOLS,192.2,195.0,187.55,190.05,12874.0
2020-12-22 09:00:00,NSE:STERTOOLS,199.7,199.7,182.85,186.3,10096.0
2020-12-22 10:00:00,NSE:STERTOOLS,186.0,189.55,186.0,188.05,5624.0
2020-12-22 11:00:00,NSE:STERTOOLS,187.95,188.0,186.3,187.45,535.0
2020-12-22 12:00:00,NSE:STERTOOLS,187.95,188.3,186.6,186.75,1396.0
2020-12-22 13:00:00,NSE:STERTOOLS,187.45,190.1,186.65,190.0,1116.0
2020-12-22 14:00:00,NSE:STERTOOLS,191.0,194.55,190.1,194.55,1781.0
2020-12-22 15:00:00,NSE:STERTOOLS,194.0,194.6,193.5,194.0,805.0
2020-12-23 09:00:00,NSE:STERTOOLS,195.6,201.75,194.0,197.2,1433.0
2020-12-23 10:00:00,NSE:STERTOOLS,196.95,199.9,195.95,197.4,3414.0
2020-12-23 11:00:00,NSE:STERTOOLS,199.2,199.2,196.05,196.95,1938.0
2020-12-23 12:00:00,NSE:STERTOOLS,196.95,197.2,196.95,197.2,516.0
2020-12-23 13:00:00,NSE:STERTOOLS,197.95,198.0,196.0,196.95,1647.0
2020-12-23 14:00:00,NSE:STERTOOLS,197.1,197.1,195.4,196.05,2080.0
2020-12-23 15:00:00,NSE:STERTOOLS,195.6,196.95,194.45,195.2,4034.0
2020-12-24 09:00:00,NSE:STERTOOLS,204.0,204.0,196.0,199.5,2228.0
2020-12-24 10:00:00,NSE:STERTOOLS,198.65,199.45,196.0,199.1,2255.0
2020-12-24 11:00:00,NSE:STERTOOLS,198.25,198.85,197.1,197.15,655.0
2020-12-24 12:00:00,NSE:STERTOOLS,197.95,197.95,196.55,197.0,866.0
2020-12-24 13:00:00,NSE:STERTOOLS,197.45,197.9,197.25,197.8,1098.0
2020-12-24 14:00:00,NSE:STERTOOLS,197.2,197.95,196.5,197.2,2012.0
2020-12-24 15:00:00,NSE:STERTOOLS,197.4,197.6,195.05,196.4,1324.0
2020-12-28 09:00:00,NSE:STERTOOLS,200.0,201.95,198.0,198.2,2993.0
2020-12-28 10:00:00,NSE:STERTOOLS,198.2,199.95,197.05,199.85,5258.0
2020-12-28 11:00:00,NSE:STERTOOLS,199.7,202.9,198.45,201.3,6169.0
2020-12-28 12:00:00,NSE:STERTOOLS,200.4,201.5,199.4,201.25,2838.0
2020-12-28 13:00:00,NSE:STERTOOLS,201.35,201.5,199.05,200.65,2661.0
2020-12-28 14:00:00,NSE:STERTOOLS,199.35,201.5,199.35,200.65,4430.0
2020-12-28 15:00:00,NSE:STERTOOLS,201.45,201.5,194.1,194.95,13385.0
2020-12-29 09:00:00,NSE:STERTOOLS,198.75,198.8,196.35,197.9,2421.0
2020-12-29 10:00:00,NSE:STERTOOLS,197.8,198.5,196.35,197.15,3984.0
2020-12-29 11:00:00,NSE:STERTOOLS,197.2,197.75,196.0,197.0,978.0
2020-12-29 12:00:00,NSE:STERTOOLS,197.5,197.5,195.25,195.7,3002.0
2020-12-29 13:00:00,NSE:STERTOOLS,195.75,196.3,195.6,196.25,931.0
2020-12-29 14:00:00,NSE:STERTOOLS,196.25,196.5,195.55,196.35,2828.0
2020-12-29 15:00:00,NSE:STERTOOLS,195.5,197.05,195.5,196.0,2097.0
2020-12-30 09:00:00,NSE:STERTOOLS,196.35,197.95,195.5,196.85,916.0
2020-12-30 10:00:00,NSE:STERTOOLS,196.65,196.65,195.0,195.0,1144.0
2020-12-30 11:00:00,NSE:STERTOOLS,194.55,194.9,193.7,194.7,1108.0
2020-12-30 12:00:00,NSE:STERTOOLS,194.85,194.85,192.05,193.55,1810.0
2020-12-30 13:00:00,NSE:STERTOOLS,194.05,196.4,194.05,195.55,368.0
2020-12-30 14:00:00,NSE:STERTOOLS,194.95,196.35,194.1,195.3,576.0
2020-12-30 15:00:00,NSE:STERTOOLS,196.2,197.45,195.0,196.7,1866.0
2020-12-31 09:00:00,NSE:STERTOOLS,194.05,196.5,194.05,196.1,947.0
2020-12-31 10:00:00,NSE:STERTOOLS,196.5,196.9,195.45,196.6,1169.0
2020-12-31 11:00:00,NSE:STERTOOLS,196.05,196.8,195.35,195.9,1204.0
2020-12-31 12:00:00,NSE:STERTOOLS,195.85,195.85,194.7,195.6,1060.0
2020-12-31 13:00:00,NSE:STERTOOLS,195.95,195.95,194.95,195.5,741.0
2020-12-31 14:00:00,NSE:STERTOOLS,195.5,195.75,194.45,195.5,1688.0
2020-12-31 15:00:00,NSE:STERTOOLS,194.55,196.8,194.55,194.65,1977.0
2021-01-01 09:00:00,NSE:STERTOOLS,195.0,197.35,192.0,195.7,1529.0
2021-01-01 10:00:00,NSE:STERTOOLS,194.3,195.9,194.3,195.1,462.0
2021-01-01 11:00:00,NSE:STERTOOLS,195.1,195.9,194.8,195.75,812.0
2021-01-01 12:00:00,NSE:STERTOOLS,195.75,198.0,195.05,195.65,2680.0
2021-01-01 13:00:00,NSE:STERTOOLS,195.75,199.0,195.75,198.1,1779.0
2021-01-01 14:00:00,NSE:STERTOOLS,198.65,198.65,196.15,197.75,1010.0
2021-01-01 15:00:00,NSE:STERTOOLS,197.65,197.7,195.25,195.5,2062.0
2021-01-04 09:00:00,NSE:STERTOOLS,198.5,201.5,196.4,200.45,4901.0
2021-01-04 10:00:00,NSE:STERTOOLS,199.55,200.55,198.3,198.3,1485.0
2021-01-04 11:00:00,NSE:STERTOOLS,198.45,199.4,197.15,198.5,2182.0
2021-01-04 12:00:00,NSE:STERTOOLS,198.45,198.5,198.25,198.25,295.0
2021-01-04 13:00:00,NSE:STERTOOLS,198.25,199.85,198.25,199.2,2261.0
2021-01-04 14:00:00,NSE:STERTOOLS,199.2,199.8,198.2,199.0,1866.0
2021-01-04 15:00:00,NSE:STERTOOLS,199.0,199.4,198.2,199.0,2213.0
2021-01-05 09:00:00,NSE:STERTOOLS,196.9,199.4,194.05,196.7,3918.0
2021-01-05 10:00:00,NSE:STERTOOLS,195.95,198.9,195.9,197.25,3529.0
2021-01-05 11:00:00,NSE:STERTOOLS,197.25,197.75,196.25,196.75,1393.0
2021-01-05 12:00:00,NSE:STERTOOLS,196.8,197.85,196.55,196.8,677.0
2021-01-05 13:00:00,NSE:STERTOOLS,196.8,197.4,195.5,197.25,1124.0
2021-01-05 14:00:00,NSE:STERTOOLS,197.0,198.45,195.75,196.95,1626.0
2021-01-05 15:00:00,NSE:STERTOOLS,196.95,196.95,195.0,195.0,1469.0
2021-01-06 09:00:00,NSE:STERTOOLS,198.65,198.65,195.55,196.05,2507.0
2021-01-06 10:00:00,NSE:STERTOOLS,197.25,199.8,195.05,199.65,3288.0
2021-01-06 11:00:00,NSE:STERTOOLS,199.65,199.8,196.15,199.1,4415.0
2021-01-06 12:00:00,NSE:STERTOOLS,199.0,199.55,197.15,199.05,3766.0
2021-01-06 13:00:00,NSE:STERTOOLS,199.3,199.45,196.3,197.1,2734.0
2021-01-06 14:00:00,NSE:STERTOOLS,196.4,197.8,196.35,197.0,927.0
2021-01-06 15:00:00,NSE:STERTOOLS,197.0,198.4,196.6,196.6,2372.0
2021-01-07 09:00:00,NSE:STERTOOLS,199.6,201.95,196.7,201.05,8230.0
2021-01-07 10:00:00,NSE:STERTOOLS,201.6,203.0,200.35,200.7,10357.0
2021-01-07 11:00:00,NSE:STERTOOLS,201.25,201.8,200.15,201.05,1569.0
2021-01-07 12:00:00,NSE:STERTOOLS,203.0,203.1,201.5,201.55,8293.0
2021-01-07 13:00:00,NSE:STERTOOLS,201.25,202.0,200.0,201.0,3473.0
2021-01-07 14:00:00,NSE:STERTOOLS,200.0,200.7,199.9,200.3,3830.0
2021-01-07 15:00:00,NSE:STERTOOLS,201.0,202.0,200.3,201.95,6052.0
2021-01-08 09:00:00,NSE:STERTOOLS,201.15,208.0,201.15,204.0,16527.0
2021-01-08 10:00:00,NSE:STERTOOLS,205.0,220.5,204.55,219.0,124714.0
2021-01-08 11:00:00,NSE:STERTOOLS,219.0,229.9,218.45,223.65,127664.0
2021-01-08 12:00:00,NSE:STERTOOLS,223.65,228.7,223.5,225.6,40288.0
2021-01-08 13:00:00,NSE:STERTOOLS,226.8,227.4,221.45,223.3,22096.0
2021-01-08 14:00:00,NSE:STERTOOLS,223.65,226.0,221.0,222.0,16579.0
2021-01-08 15:00:00,NSE:STERTOOLS,222.0,224.0,220.0,222.0,20295.0
2021-01-11 09:00:00,NSE:STERTOOLS,225.7,225.7,215.1,215.85,23782.0
2021-01-11 10:00:00,NSE:STERTOOLS,215.15,217.0,210.0,213.55,14731.0
2021-01-11 11:00:00,NSE:STERTOOLS,213.65,216.0,210.4,213.5,6241.0
2021-01-11 12:00:00,NSE:STERTOOLS,213.5,215.15,212.55,215.0,2232.0
2021-01-11 13:00:00,NSE:STERTOOLS,215.1,215.75,214.0,214.7,1346.0
2021-01-11 14:00:00,NSE:STERTOOLS,213.65,214.35,212.5,213.0,2154.0
2021-01-11 15:00:00,NSE:STERTOOLS,213.1,214.65,212.0,214.0,6751.0
2021-01-12 09:00:00,NSE:STERTOOLS,213.75,215.85,210.25,214.35,9827.0
2021-01-12 10:00:00,NSE:STERTOOLS,214.9,217.8,214.85,216.6,7562.0
2021-01-12 11:00:00,NSE:STERTOOLS,216.6,217.0,214.95,215.4,2796.0
2021-01-12 12:00:00,NSE:STERTOOLS,215.45,216.9,215.3,216.0,3078.0
2021-01-12 13:00:00,NSE:STERTOOLS,216.0,216.3,214.95,215.0,3514.0
2021-01-12 14:00:00,NSE:STERTOOLS,215.5,216.65,215.0,215.0,1239.0
2021-01-12 15:00:00,NSE:STERTOOLS,215.0,215.95,214.0,214.55,2409.0
2021-01-13 09:00:00,NSE:STERTOOLS,215.0,219.0,215.0,216.0,2639.0
2021-01-13 10:00:00,NSE:STERTOOLS,216.0,216.55,214.45,214.7,1796.0
2021-01-13 11:00:00,NSE:STERTOOLS,214.7,214.75,211.1,212.0,8294.0
2021-01-13 12:00:00,NSE:STERTOOLS,212.05,218.85,212.0,217.0,13912.0
2021-01-13 13:00:00,NSE:STERTOOLS,217.35,218.9,213.95,214.9,13627.0
2021-01-13 14:00:00,NSE:STERTOOLS,214.0,214.95,212.85,214.15,3928.0
2021-01-13 15:00:00,NSE:STERTOOLS,213.45,214.1,211.0,211.35,2962.0
2021-01-14 09:00:00,NSE:STERTOOLS,212.05,217.0,211.45,212.85,3784.0
2021-01-14 10:00:00,NSE:STERTOOLS,214.0,215.75,213.0,213.55,1422.0
2021-01-14 11:00:00,NSE:STERTOOLS,214.6,214.95,213.15,214.55,1877.0
2021-01-14 12:00:00,NSE:STERTOOLS,214.0,214.55,210.6,211.9,2245.0
2021-01-14 13:00:00,NSE:STERTOOLS,212.3,212.7,211.9,212.5,2100.0
2021-01-14 14:00:00,NSE:STERTOOLS,212.85,213.75,212.5,213.6,608.0
2021-01-14 15:00:00,NSE:STERTOOLS,212.75,213.6,211.4,212.35,2962.0
2021-01-15 09:00:00,NSE:STERTOOLS,207.0,215.0,207.0,208.75,1924.0
2021-01-15 10:00:00,NSE:STERTOOLS,209.1,211.0,208.5,209.1,1101.0
2021-01-15 11:00:00,NSE:STERTOOLS,209.15,209.95,207.8,209.9,2496.0
2021-01-15 12:00:00,NSE:STERTOOLS,209.0,210.1,209.0,209.35,1478.0
2021-01-15 13:00:00,NSE:STERTOOLS,209.5,209.95,209.0,209.25,2774.0
2021-01-15 14:00:00,NSE:STERTOOLS,209.75,210.35,209.0,209.75,2050.0
2021-01-15 15:00:00,NSE:STERTOOLS,209.75,211.0,207.5,211.0,2580.0
2021-01-18 09:00:00,NSE:STERTOOLS,211.0,211.05,205.0,206.0,2714.0
2021-01-18 10:00:00,NSE:STERTOOLS,205.55,205.9,201.0,203.55,6875.0
2021-01-18 11:00:00,NSE:STERTOOLS,203.55,205.6,202.55,205.3,1536.0
2021-01-18 12:00:00,NSE:STERTOOLS,205.25,206.4,204.75,206.0,3933.0
2021-01-18 13:00:00,NSE:STERTOOLS,206.25,206.9,205.7,205.7,1313.0
2021-01-18 14:00:00,NSE:STERTOOLS,206.35,206.95,203.1,203.7,3731.0
2021-01-18 15:00:00,NSE:STERTOOLS,203.6,204.65,203.45,203.45,2054.0
2021-01-19 09:00:00,NSE:STERTOOLS,203.75,209.0,203.75,205.8,3968.0
2021-01-19 10:00:00,NSE:STERTOOLS,206.2,206.2,204.25,204.25,2659.0
2021-01-19 11:00:00,NSE:STERTOOLS,205.1,207.0,205.1,206.95,2258.0
2021-01-19 12:00:00,NSE:STERTOOLS,205.75,206.75,205.25,205.25,359.0
2021-01-19 13:00:00,NSE:STERTOOLS,205.2,206.8,205.2,206.0,74.0
2021-01-19 14:00:00,NSE:STERTOOLS,206.45,206.5,204.5,206.0,1364.0
2021-01-19 15:00:00,NSE:STERTOOLS,205.35,212.8,205.35,208.6,3156.0
2021-01-20 09:00:00,NSE:STERTOOLS,206.15,210.15,206.15,209.8,2661.0
2021-01-20 10:00:00,NSE:STERTOOLS,209.85,211.25,208.55,209.0,5207.0
2021-01-20 11:00:00,NSE:STERTOOLS,208.6,210.9,208.6,210.9,2485.0
2021-01-20 12:00:00,NSE:STERTOOLS,210.8,210.8,210.0,210.0,1462.0
2021-01-20 13:00:00,NSE:STERTOOLS,209.9,210.65,209.5,209.9,1774.0
2021-01-20 14:00:00,NSE:STERTOOLS,209.9,210.65,209.9,210.15,1876.0
2021-01-20 15:00:00,NSE:STERTOOLS,210.45,212.0,210.0,210.05,3819.0
2021-01-21 09:00:00,NSE:STERTOOLS,210.35,211.15,208.6,211.15,1771.0
2021-01-21 10:00:00,NSE:STERTOOLS,210.45,211.0,210.05,210.05,1333.0
2021-01-21 11:00:00,NSE:STERTOOLS,210.05,210.9,210.0,210.6,409.0
2021-01-21 12:00:00,NSE:STERTOOLS,210.0,210.4,209.95,210.0,3678.0
2021-01-21 13:00:00,NSE:STERTOOLS,210.0,210.6,208.45,209.2,6279.0
2021-01-21 14:00:00,NSE:STERTOOLS,209.6,209.6,205.6,205.6,2340.0
2021-01-21 15:00:00,NSE:STERTOOLS,205.55,210.0,203.55,210.0,8286.0
2021-01-22 09:00:00,NSE:STERTOOLS,203.8,210.1,203.8,208.9,2093.0
2021-01-22 10:00:00,NSE:STERTOOLS,209.55,212.05,208.55,209.4,5297.0
2021-01-22 11:00:00,NSE:STERTOOLS,209.55,211.05,209.45,209.75,1193.0
2021-01-22 12:00:00,NSE:STERTOOLS,209.45,211.05,209.4,210.0,2925.0
2021-01-22 13:00:00,NSE:STERTOOLS,210.0,210.35,206.35,208.0,2997.0
2021-01-22 14:00:00,NSE:STERTOOLS,207.55,207.95,204.05,206.1,2367.0
2021-01-22 15:00:00,NSE:STERTOOLS,205.95,205.95,202.1,203.35,3063.0
2021-01-25 09:00:00,NSE:STERTOOLS,207.0,208.2,201.85,203.95,3017.0
2021-01-25 10:00:00,NSE:STERTOOLS,203.95,203.95,202.2,203.35,840.0
2021-01-25 11:00:00,NSE:STERTOOLS,203.0,203.45,202.25,202.25,239.0
2021-01-25 12:00:00,NSE:STERTOOLS,202.2,202.75,202.2,202.75,111.0
2021-01-25 13:00:00,NSE:STERTOOLS,202.35,202.95,202.3,202.3,190.0
2021-01-25 14:00:00,NSE:STERTOOLS,202.95,202.95,202.0,202.8,593.0
2021-01-25 15:00:00,NSE:STERTOOLS,202.0,202.65,200.1,201.0,1366.0
2021-01-27 09:00:00,NSE:STERTOOLS,199.2,200.05,191.5,191.5,5647.0
2021-01-27 10:00:00,NSE:STERTOOLS,191.9,196.9,191.85,195.5,3109.0
2021-01-27 11:00:00,NSE:STERTOOLS,195.5,195.7,194.9,195.7,812.0
2021-01-27 12:00:00,NSE:STERTOOLS,196.9,196.9,195.7,195.7,716.0
2021-01-27 13:00:00,NSE:STERTOOLS,195.7,196.55,195.7,196.0,814.0
2021-01-27 14:00:00,NSE:STERTOOLS,195.7,196.1,194.9,195.25,1149.0
2021-01-27 15:00:00,NSE:STERTOOLS,195.25,197.2,195.2,195.2,2789.0
2021-01-28 09:00:00,NSE:STERTOOLS,191.0,198.1,191.0,196.55,1869.0
2021-01-28 10:00:00,NSE:STERTOOLS,196.55,196.55,195.35,195.5,814.0
2021-01-28 11:00:00,NSE:STERTOOLS,196.05,196.1,195.1,195.55,256.0
2021-01-28 12:00:00,NSE:STERTOOLS,196.1,199.1,195.5,197.0,1460.0
2021-01-28 13:00:00,NSE:STERTOOLS,197.9,198.0,197.5,198.0,264.0
2021-01-28 14:00:00,NSE:STERTOOLS,197.9,197.9,195.8,195.9,199.0
2021-01-28 15:00:00,NSE:STERTOOLS,196.0,198.0,196.0,198.0,715.0
2021-01-29 09:00:00,NSE:STERTOOLS,195.45,198.3,195.45,198.3,2172.0
2021-01-29 10:00:00,NSE:STERTOOLS,197.95,197.95,195.2,196.2,3493.0
2021-01-29 11:00:00,NSE:STERTOOLS,196.1,196.4,195.0,195.5,1535.0
2021-01-29 12:00:00,NSE:STERTOOLS,195.45,195.45,195.0,195.45,174.0
2021-01-29 13:00:00,NSE:STERTOOLS,195.45,195.9,194.2,195.9,713.0
2021-01-29 14:00:00,NSE:STERTOOLS,195.25,195.9,193.55,195.9,882.0
2021-01-29 15:00:00,NSE:STERTOOLS,195.05,195.05,191.45,193.0,1330.0
2021-02-01 09:00:00,NSE:STERTOOLS,192.05,194.85,185.3,192.4,6382.0
2021-02-01 10:00:00,NSE:STERTOOLS,192.35,194.75,192.35,194.0,746.0
2021-02-01 11:00:00,NSE:STERTOOLS,194.0,194.1,193.2,193.35,1582.0
2021-02-01 12:00:00,NSE:STERTOOLS,193.3,194.05,193.3,194.05,651.0
2021-02-01 13:00:00,NSE:STERTOOLS,194.65,204.0,194.65,198.95,13979.0
2021-02-01 14:00:00,NSE:STERTOOLS,199.0,203.95,198.05,202.35,11251.0
2021-02-01 15:00:00,NSE:STERTOOLS,202.85,202.85,199.0,199.0,2932.0
2021-02-02 09:00:00,NSE:STERTOOLS,203.95,207.7,200.95,207.0,1053.0
2021-02-02 10:00:00,NSE:STERTOOLS,206.45,207.0,205.0,206.4,4860.0
2021-02-02 11:00:00,NSE:STERTOOLS,206.2,207.3,205.65,206.75,2814.0
2021-02-02 12:00:00,NSE:STERTOOLS,206.75,208.2,206.75,207.75,884.0
2021-02-02 13:00:00,NSE:STERTOOLS,207.9,208.7,207.35,207.85,239.0
2021-02-02 14:00:00,NSE:STERTOOLS,207.45,208.7,207.0,207.4,1239.0
2021-02-02 15:00:00,NSE:STERTOOLS,207.05,208.0,206.0,208.0,1894.0
2021-02-03 09:00:00,NSE:STERTOOLS,207.8,208.0,203.75,208.0,1270.0
2021-02-03 10:00:00,NSE:STERTOOLS,208.0,208.0,204.9,206.0,1993.0
2021-02-03 11:00:00,NSE:STERTOOLS,205.05,206.0,205.05,205.35,1657.0
2021-02-03 12:00:00,NSE:STERTOOLS,205.35,206.0,204.7,205.05,1581.0
2021-02-03 13:00:00,NSE:STERTOOLS,204.95,205.55,204.95,205.55,421.0
2021-02-03 14:00:00,NSE:STERTOOLS,205.65,205.8,204.5,205.0,1339.0
2021-02-03 15:00:00,NSE:STERTOOLS,204.35,205.0,204.35,204.75,896.0
2021-02-04 09:00:00,NSE:STERTOOLS,205.0,207.45,203.8,204.9,885.0
2021-02-04 10:00:00,NSE:STERTOOLS,204.35,205.2,202.3,204.4,3725.0
2021-02-04 11:00:00,NSE:STERTOOLS,204.4,205.0,204.0,204.45,3348.0
2021-02-04 12:00:00,NSE:STERTOOLS,204.45,204.45,203.65,203.65,1927.0
2021-02-04 13:00:00,NSE:STERTOOLS,203.65,204.45,203.65,204.45,1168.0
2021-02-04 14:00:00,NSE:STERTOOLS,204.4,204.4,202.85,202.85,769.0
2021-02-04 15:00:00,NSE:STERTOOLS,202.9,204.45,202.9,204.45,2336.0
2021-02-05 09:00:00,NSE:STERTOOLS,207.0,207.0,202.25,203.0,1893.0
2021-02-05 10:00:00,NSE:STERTOOLS,203.0,204.7,202.45,204.0,1993.0
2021-02-05 11:00:00,NSE:STERTOOLS,204.0,204.0,203.0,203.65,600.0
2021-02-05 12:00:00,NSE:STERTOOLS,203.1,205.15,203.1,205.15,191.0
2021-02-05 13:00:00,NSE:STERTOOLS,203.65,204.85,203.55,203.9,218.0
2021-02-05 14:00:00,NSE:STERTOOLS,204.4,205.1,203.85,204.5,1314.0
2021-02-05 15:00:00,NSE:STERTOOLS,204.4,205.0,203.9,204.45,1265.0
2021-02-08 09:00:00,NSE:STERTOOLS,207.15,207.35,201.3,204.6,4036.0
2021-02-08 10:00:00,NSE:STERTOOLS,204.6,212.4,204.5,211.5,9055.0
2021-02-08 11:00:00,NSE:STERTOOLS,211.6,212.55,211.05,211.8,3760.0
2021-02-08 12:00:00,NSE:STERTOOLS,211.95,212.75,211.35,211.5,2822.0
2021-02-08 13:00:00,NSE:STERTOOLS,212.15,212.3,211.45,211.45,1403.0
2021-02-08 14:00:00,NSE:STERTOOLS,211.45,213.0,210.4,212.3,4091.0
2021-02-08 15:00:00,NSE:STERTOOLS,212.4,214.9,212.25,214.9,4248.0
2021-02-09 09:00:00,NSE:STERTOOLS,217.2,217.2,211.0,213.8,3321.0
2021-02-09 10:00:00,NSE:STERTOOLS,213.8,216.75,213.5,215.85,3942.0
2021-02-09 11:00:00,NSE:STERTOOLS,215.9,217.0,214.5,215.5,8331.0
2021-02-09 12:00:00,NSE:STERTOOLS,215.45,216.0,215.05,215.45,2369.0
2021-02-09 13:00:00,NSE:STERTOOLS,215.4,215.9,215.0,215.0,1158.0
2021-02-09 14:00:00,NSE:STERTOOLS,215.0,215.1,214.35,214.35,2386.0
2021-02-09 15:00:00,NSE:STERTOOLS,214.35,214.7,213.15,214.45,3923.0
2021-02-10 09:00:00,NSE:STERTOOLS,209.9,211.9,209.9,210.95,653.0
2021-02-10 10:00:00,NSE:STERTOOLS,210.65,212.6,210.3,211.1,2439.0
2021-02-10 11:00:00,NSE:STERTOOLS,210.45,211.15,210.45,211.15,452.0
2021-02-10 12:00:00,NSE:STERTOOLS,211.6,214.95,211.6,212.0,6520.0
2021-02-10 13:00:00,NSE:STERTOOLS,211.3,212.9,211.3,212.25,597.0
2021-02-10 14:00:00,NSE:STERTOOLS,211.5,212.45,211.05,211.05,2448.0
2021-02-10 15:00:00,NSE:STERTOOLS,211.05,211.85,210.15,211.75,2034.0
2021-02-11 09:00:00,NSE:STERTOOLS,212.35,212.35,210.35,211.45,720.0
2021-02-11 10:00:00,NSE:STERTOOLS,211.55,214.0,211.55,213.3,3004.0
2021-02-11 11:00:00,NSE:STERTOOLS,213.65,214.0,213.15,213.85,2057.0
2021-02-11 12:00:00,NSE:STERTOOLS,213.35,213.9,213.35,213.4,595.0
2021-02-11 13:00:00,NSE:STERTOOLS,213.9,214.7,213.35,213.9,1025.0
2021-02-11 14:00:00,NSE:STERTOOLS,214.0,219.6,213.3,214.1,6988.0
2021-02-11 15:00:00,NSE:STERTOOLS,215.0,219.9,215.0,216.5,3998.0
2021-02-12 09:00:00,NSE:STERTOOLS,220.0,222.0,215.0,219.15,10259.0
2021-02-12 10:00:00,NSE:STERTOOLS,219.15,220.0,217.15,219.1,3854.0
2021-02-12 11:00:00,NSE:STERTOOLS,219.0,219.15,216.1,216.5,2355.0
2021-02-12 12:00:00,NSE:STERTOOLS,216.5,217.5,215.2,216.0,1899.0
2021-02-12 13:00:00,NSE:STERTOOLS,217.2,217.25,207.05,207.5,17005.0
2021-02-12 14:00:00,NSE:STERTOOLS,207.25,210.25,205.45,208.75,9943.0
2021-02-12 15:00:00,NSE:STERTOOLS,208.7,208.9,206.3,207.95,11853.0
2021-02-15 09:00:00,NSE:STERTOOLS,213.0,213.0,205.7,208.4,6484.0
2021-02-15 10:00:00,NSE:STERTOOLS,208.3,208.75,207.3,208.0,6654.0
2021-02-15 11:00:00,NSE:STERTOOLS,208.0,208.95,207.75,208.9,7129.0
2021-02-15 12:00:00,NSE:STERTOOLS,208.6,208.95,208.0,208.0,6453.0
2021-02-15 13:00:00,NSE:STERTOOLS,207.95,208.6,207.6,208.35,1825.0
2021-02-15 14:00:00,NSE:STERTOOLS,208.35,208.35,207.6,208.2,2498.0
2021-02-15 15:00:00,NSE:STERTOOLS,208.05,208.75,207.6,208.0,12512.0
2021-02-16 09:00:00,NSE:STERTOOLS,211.7,228.0,210.35,224.95,77331.0
2021-02-16 10:00:00,NSE:STERTOOLS,224.3,229.9,222.5,224.65,51286.0
2021-02-16 11:00:00,NSE:STERTOOLS,224.65,226.45,220.5,224.95,18935.0
2021-02-16 12:00:00,NSE:STERTOOLS,224.95,224.95,220.0,221.0,10174.0
2021-02-16 13:00:00,NSE:STERTOOLS,220.05,225.0,220.0,223.95,7857.0
2021-02-16 14:00:00,NSE:STERTOOLS,223.95,225.0,222.45,222.45,8674.0
2021-02-16 15:00:00,NSE:STERTOOLS,222.0,225.0,220.4,222.4,13975.0
2021-02-17 09:00:00,NSE:STERTOOLS,222.0,232.2,220.0,225.1,28624.0
2021-02-17 10:00:00,NSE:STERTOOLS,225.05,225.05,223.05,223.7,11131.0
2021-02-17 11:00:00,NSE:STERTOOLS,223.85,224.5,223.65,223.65,7545.0
2021-02-17 12:00:00,NSE:STERTOOLS,224.3,224.6,223.9,224.0,14085.0
2021-02-17 13:00:00,NSE:STERTOOLS,224.0,224.3,223.0,223.5,4339.0
2021-02-17 14:00:00,NSE:STERTOOLS,223.9,225.0,223.55,224.95,5621.0
2021-02-17 15:00:00,NSE:STERTOOLS,224.4,224.6,222.0,222.1,7973.0
2021-02-18 09:00:00,NSE:STERTOOLS,224.0,229.0,224.0,228.5,10622.0
2021-02-18 10:00:00,NSE:STERTOOLS,228.5,229.1,225.65,229.1,11681.0
2021-02-18 11:00:00,NSE:STERTOOLS,229.25,229.5,227.05,227.25,4640.0
2021-02-18 12:00:00,NSE:STERTOOLS,227.65,228.55,226.95,226.95,4025.0
2021-02-18 13:00:00,NSE:STERTOOLS,226.95,226.95,223.05,225.8,6489.0
2021-02-18 14:00:00,NSE:STERTOOLS,225.65,226.95,225.6,226.65,3604.0
2021-02-18 15:00:00,NSE:STERTOOLS,226.6,226.75,222.1,222.75,8195.0
2021-02-19 09:00:00,NSE:STERTOOLS,224.0,224.95,220.3,222.05,3555.0
2021-02-19 10:00:00,NSE:STERTOOLS,222.95,224.7,222.05,223.75,9340.0
2021-02-19 11:00:00,NSE:STERTOOLS,223.85,225.0,222.8,223.9,967.0
2021-02-19 12:00:00,NSE:STERTOOLS,224.05,228.65,224.0,227.95,1664.0
2021-02-19 13:00:00,NSE:STERTOOLS,227.9,227.9,223.5,225.2,2112.0
2021-02-19 14:00:00,NSE:STERTOOLS,225.1,225.1,220.1,221.05,9592.0
2021-02-19 15:00:00,NSE:STERTOOLS,220.95,221.95,220.5,221.4,1934.0
2021-02-22 09:00:00,NSE:STERTOOLS,225.9,225.9,217.45,223.5,4946.0
2021-02-22 10:00:00,NSE:STERTOOLS,223.4,223.65,221.2,222.95,2938.0
2021-02-22 11:00:00,NSE:STERTOOLS,222.9,223.5,218.25,220.15,3918.0
2021-02-22 12:00:00,NSE:STERTOOLS,219.75,223.2,216.55,218.85,4113.0
2021-02-22 13:00:00,NSE:STERTOOLS,219.0,220.4,211.0,213.6,5508.0
2021-02-22 14:00:00,NSE:STERTOOLS,213.6,218.5,213.25,216.4,1673.0
2021-02-22 15:00:00,NSE:STERTOOLS,216.0,218.6,216.0,218.0,2717.0
2021-02-23 09:00:00,NSE:STERTOOLS,221.6,223.7,217.25,219.9,5310.0
2021-02-23 10:00:00,NSE:STERTOOLS,219.5,221.9,211.6,214.15,9945.0
2021-02-23 11:00:00,NSE:STERTOOLS,214.4,219.65,214.4,217.7,4787.0
2021-02-23 12:00:00,NSE:STERTOOLS,217.35,217.75,215.25,217.75,794.0
2021-02-23 13:00:00,NSE:STERTOOLS,217.95,220.15,217.0,219.6,890.0
2021-02-23 14:00:00,NSE:STERTOOLS,218.35,222.0,217.15,222.0,3280.0
2021-02-23 15:00:00,NSE:STERTOOLS,221.0,223.05,215.0,219.9,4610.0
2021-02-24 09:00:00,NSE:STERTOOLS,221.75,221.75,216.65,218.5,1119.0
2021-02-24 10:00:00,NSE:STERTOOLS,218.05,220.0,218.05,219.85,1467.0
2021-02-24 11:00:00,NSE:STERTOOLS,219.55,220.0,218.25,219.3,689.0
2021-02-24 15:00:00,NSE:STERTOOLS,220.0,224.9,214.05,220.05,345.0
2021-02-24 16:00:00,NSE:STERTOOLS,220.05,223.9,215.0,215.0,3314.0
2021-02-25 09:00:00,NSE:STERTOOLS,224.0,229.0,222.0,228.0,13940.0
2021-02-25 10:00:00,NSE:STERTOOLS,227.55,229.8,224.6,227.45,9606.0
2021-02-25 11:00:00,NSE:STERTOOLS,224.9,227.4,223.0,225.3,5268.0
2021-02-25 12:00:00,NSE:STERTOOLS,224.0,225.35,223.3,224.25,2474.0
2021-02-25 13:00:00,NSE:STERTOOLS,223.7,225.3,223.7,225.0,2688.0
2021-02-25 14:00:00,NSE:STERTOOLS,225.3,225.9,224.2,224.25,1745.0
2021-02-25 15:00:00,NSE:STERTOOLS,224.25,228.0,224.25,226.0,7129.0
2021-02-26 09:00:00,NSE:STERTOOLS,229.65,229.65,221.05,226.2,5075.0
2021-02-26 10:00:00,NSE:STERTOOLS,226.9,227.0,223.1,225.3,6822.0
2021-02-26 11:00:00,NSE:STERTOOLS,224.75,224.9,222.0,223.2,3139.0
2021-02-26 12:00:00,NSE:STERTOOLS,224.0,224.05,218.6,221.85,4344.0
2021-02-26 13:00:00,NSE:STERTOOLS,220.8,228.0,218.0,225.55,4181.0
2021-02-26 14:00:00,NSE:STERTOOLS,225.65,227.3,223.55,223.55,1748.0
2021-02-26 15:00:00,NSE:STERTOOLS,223.5,223.9,218.0,220.4,2664.0
2021-03-01 09:00:00,NSE:STERTOOLS,220.4,224.9,220.4,223.1,776.0
2021-03-01 10:00:00,NSE:STERTOOLS,223.1,224.5,223.1,224.5,1097.0
2021-03-01 11:00:00,NSE:STERTOOLS,224.65,225.0,223.3,223.8,764.0
2021-03-01 12:00:00,NSE:STERTOOLS,223.75,223.8,221.8,222.75,1191.0
2021-03-01 13:00:00,NSE:STERTOOLS,222.1,224.9,221.1,224.4,5434.0
2021-03-01 14:00:00,NSE:STERTOOLS,224.6,225.8,222.5,223.3,6210.0
2021-03-01 15:00:00,NSE:STERTOOLS,222.7,223.5,218.0,220.1,4111.0
2021-03-02 09:00:00,NSE:STERTOOLS,224.7,224.7,218.75,218.75,1286.0
2021-03-02 10:00:00,NSE:STERTOOLS,219.9,219.9,215.35,217.9,3051.0
2021-03-02 11:00:00,NSE:STERTOOLS,218.1,219.65,217.1,218.0,2681.0
2021-03-02 12:00:00,NSE:STERTOOLS,218.0,222.1,217.15,222.1,5342.0
2021-03-02 13:00:00,NSE:STERTOOLS,222.0,223.0,218.05,222.0,6591.0
2021-03-02 14:00:00,NSE:STERTOOLS,221.9,224.65,221.0,224.1,3511.0
2021-03-02 15:00:00,NSE:STERTOOLS,223.75,224.35,221.0,222.0,1995.0
2021-03-03 09:00:00,NSE:STERTOOLS,227.8,227.8,225.05,226.15,5629.0
2021-03-03 10:00:00,NSE:STERTOOLS,226.25,226.9,221.35,223.85,2999.0
2021-03-03 11:00:00,NSE:STERTOOLS,223.85,224.9,222.45,223.1,1025.0
2021-03-03 12:00:00,NSE:STERTOOLS,224.05,224.3,222.85,222.85,1683.0
2021-03-03 13:00:00,NSE:STERTOOLS,222.95,223.7,222.85,223.65,496.0
2021-03-03 14:00:00,NSE:STERTOOLS,222.85,223.65,221.85,222.2,1428.0
2021-03-03 15:00:00,NSE:STERTOOLS,221.85,222.25,221.65,221.7,1666.0
2021-03-04 09:00:00,NSE:STERTOOLS,220.0,221.6,219.0,220.35,742.0
2021-03-04 10:00:00,NSE:STERTOOLS,220.1,221.4,220.0,220.5,2089.0
2021-03-04 11:00:00,NSE:STERTOOLS,220.75,221.05,217.7,221.0,5181.0
2021-03-04 12:00:00,NSE:STERTOOLS,220.9,221.2,218.65,219.75,3194.0
2021-03-04 13:00:00,NSE:STERTOOLS,219.95,221.1,219.7,220.0,1634.0
2021-03-04 14:00:00,NSE:STERTOOLS,220.0,221.9,219.55,220.0,2437.0
2021-03-04 15:00:00,NSE:STERTOOLS,220.0,220.1,219.5,220.0,483.0
2021-03-05 09:00:00,NSE:STERTOOLS,229.9,230.0,222.4,225.0,4532.0
2021-03-05 10:00:00,NSE:STERTOOLS,223.0,224.0,219.15,220.0,3701.0
2021-03-05 11:00:00,NSE:STERTOOLS,219.6,220.0,219.0,219.9,2321.0
2021-03-05 12:00:00,NSE:STERTOOLS,219.7,220.15,219.1,219.85,5084.0
2021-03-05 13:00:00,NSE:STERTOOLS,219.85,220.2,218.05,218.85,4782.0
2021-03-05 14:00:00,NSE:STERTOOLS,219.0,219.8,218.0,218.5,2882.0
2021-03-05 15:00:00,NSE:STERTOOLS,219.0,220.0,218.0,218.0,2025.0
2021-03-08 09:00:00,NSE:STERTOOLS,225.0,225.0,220.8,222.1,979.0
2021-03-08 10:00:00,NSE:STERTOOLS,221.55,221.85,217.75,219.65,2619.0
2021-03-08 11:00:00,NSE:STERTOOLS,219.9,219.9,218.1,219.5,844.0
2021-03-08 12:00:00,NSE:STERTOOLS,219.5,220.0,218.3,220.0,1494.0
2021-03-08 13:00:00,NSE:STERTOOLS,220.0,220.0,218.3,219.0,639.0
2021-03-08 14:00:00,NSE:STERTOOLS,218.05,218.3,216.1,216.95,2535.0
2021-03-08 15:00:00,NSE:STERTOOLS,216.95,219.0,216.65,218.0,1517.0
2021-03-09 09:00:00,NSE:STERTOOLS,220.9,221.6,216.45,218.8,1126.0
2021-03-09 10:00:00,NSE:STERTOOLS,218.8,218.8,215.1,216.6,2283.0
2021-03-09 11:00:00,NSE:STERTOOLS,216.1,216.1,214.0,215.9,3143.0
2021-03-09 12:00:00,NSE:STERTOOLS,215.0,218.0,214.0,215.7,2033.0
2021-03-09 13:00:00,NSE:STERTOOLS,215.55,215.55,213.75,214.95,985.0
2021-03-09 14:00:00,NSE:STERTOOLS,214.8,217.45,214.0,215.15,2323.0
2021-03-09 15:00:00,NSE:STERTOOLS,215.65,218.0,215.55,216.6,532.0
2021-03-10 09:00:00,NSE:STERTOOLS,216.2,220.45,216.2,217.9,1040.0
2021-03-10 10:00:00,NSE:STERTOOLS,217.15,218.5,217.15,218.45,712.0
2021-03-10 11:00:00,NSE:STERTOOLS,218.0,219.5,217.15,219.0,499.0
2021-03-10 12:00:00,NSE:STERTOOLS,218.5,218.65,217.55,218.65,108.0
2021-03-10 13:00:00,NSE:STERTOOLS,218.0,219.55,217.55,218.2,999.0
2021-03-10 14:00:00,NSE:STERTOOLS,218.3,219.1,217.15,219.1,718.0
2021-03-10 15:00:00,NSE:STERTOOLS,218.9,218.9,217.4,217.8,1243.0
2021-03-12 09:00:00,NSE:STERTOOLS,223.0,224.0,218.05,219.5,2297.0
2021-03-12 10:00:00,NSE:STERTOOLS,219.5,220.05,219.0,220.0,2661.0
2021-03-12 11:00:00,NSE:STERTOOLS,220.0,220.1,219.5,220.1,229.0
2021-03-12 12:00:00,NSE:STERTOOLS,219.55,220.0,219.1,219.1,529.0
2021-03-12 13:00:00,NSE:STERTOOLS,219.0,219.95,218.25,218.85,382.0
2021-03-12 14:00:00,NSE:STERTOOLS,219.4,219.65,214.45,215.25,1711.0
2021-03-12 15:00:00,NSE:STERTOOLS,215.35,217.85,215.1,215.1,2227.0
2021-03-15 09:00:00,NSE:STERTOOLS,222.0,222.0,213.6,214.95,1372.0
2021-03-15 10:00:00,NSE:STERTOOLS,214.55,215.9,213.95,215.0,1556.0
2021-03-15 11:00:00,NSE:STERTOOLS,215.0,215.05,214.0,214.05,630.0
2021-03-15 12:00:00,NSE:STERTOOLS,214.95,215.0,213.25,213.55,586.0
2021-03-15 13:00:00,NSE:STERTOOLS,213.1,214.7,213.0,214.7,135.0
2021-03-15 14:00:00,NSE:STERTOOLS,214.6,215.0,213.1,214.95,1250.0
2021-03-15 15:00:00,NSE:STERTOOLS,215.0,215.0,213.6,213.6,1810.0
2021-03-16 09:00:00,NSE:STERTOOLS,219.95,219.95,215.4,216.45,383.0
2021-03-16 10:00:00,NSE:STERTOOLS,217.25,217.4,211.7,212.95,3548.0
2021-03-16 11:00:00,NSE:STERTOOLS,212.5,213.0,211.75,212.9,1219.0
2021-03-16 12:00:00,NSE:STERTOOLS,212.75,212.9,211.75,212.25,1705.0
2021-03-16 13:00:00,NSE:STERTOOLS,212.3,212.7,212.15,212.2,320.0
2021-03-16 14:00:00,NSE:STERTOOLS,212.65,212.9,210.6,211.55,3546.0
2021-03-16 15:00:00,NSE:STERTOOLS,211.6,213.0,211.6,213.0,594.0
2021-03-17 09:00:00,NSE:STERTOOLS,212.95,212.95,210.25,211.0,1516.0
2021-03-17 10:00:00,NSE:STERTOOLS,211.0,212.9,210.15,211.25,1067.0
2021-03-17 11:00:00,NSE:STERTOOLS,211.0,212.95,211.0,212.95,290.0
2021-03-17 12:00:00,NSE:STERTOOLS,212.5,214.95,212.35,212.85,671.0
2021-03-17 13:00:00,NSE:STERTOOLS,212.8,214.95,212.8,214.75,1658.0
2021-03-17 14:00:00,NSE:STERTOOLS,214.0,214.0,212.0,212.95,1425.0
2021-03-17 15:00:00,NSE:STERTOOLS,212.95,214.0,211.45,211.45,1419.0
2021-03-18 09:00:00,NSE:STERTOOLS,213.0,213.5,209.25,210.55,3040.0
2021-03-18 10:00:00,NSE:STERTOOLS,210.35,210.75,208.1,209.95,1746.0
2021-03-18 11:00:00,NSE:STERTOOLS,209.65,209.65,206.55,208.95,1247.0
2021-03-18 12:00:00,NSE:STERTOOLS,208.65,210.0,208.65,210.0,2116.0
2021-03-18 13:00:00,NSE:STERTOOLS,210.0,210.0,208.4,208.45,3781.0
2021-03-18 14:00:00,NSE:STERTOOLS,208.45,210.0,207.95,208.75,3493.0
2021-03-18 15:00:00,NSE:STERTOOLS,209.5,210.0,207.05,209.35,2782.0
2021-03-19 09:00:00,NSE:STERTOOLS,205.2,208.65,203.8,204.35,5419.0
2021-03-19 10:00:00,NSE:STERTOOLS,205.45,209.05,205.45,206.35,2130.0
2021-03-19 11:00:00,NSE:STERTOOLS,207.45,208.15,206.1,207.45,421.0
2021-03-19 12:00:00,NSE:STERTOOLS,206.55,206.55,206.0,206.0,1094.0
2021-03-19 13:00:00,NSE:STERTOOLS,205.95,206.95,205.85,205.85,838.0
2021-03-19 14:00:00,NSE:STERTOOLS,206.9,206.9,205.5,206.0,1813.0
2021-03-19 15:00:00,NSE:STERTOOLS,206.7,206.8,205.1,205.35,2946.0
2021-03-22 09:00:00,NSE:STERTOOLS,208.0,210.05,202.3,210.05,2105.0
2021-03-22 10:00:00,NSE:STERTOOLS,210.1,210.1,205.85,207.3,960.0
2021-03-22 11:00:00,NSE:STERTOOLS,206.5,207.55,205.55,206.65,1678.0
2021-03-22 12:00:00,NSE:STERTOOLS,206.65,206.65,204.2,205.2,401.0
2021-03-22 13:00:00,NSE:STERTOOLS,205.2,205.8,204.2,204.65,295.0
2021-03-22 14:00:00,NSE:STERTOOLS,204.95,205.7,204.65,205.7,393.0
2021-03-22 15:00:00,NSE:STERTOOLS,205.45,206.65,204.4,204.95,2239.0
2021-03-23 09:00:00,NSE:STERTOOLS,207.1,223.8,207.1,209.05,3928.0
2021-03-23 10:00:00,NSE:STERTOOLS,209.9,216.95,207.0,214.3,2585.0
2021-03-23 11:00:00,NSE:STERTOOLS,216.4,216.4,204.8,206.65,9384.0
2021-03-23 12:00:00,NSE:STERTOOLS,206.45,207.8,205.15,206.55,963.0
2021-03-23 13:00:00,NSE:STERTOOLS,207.45,207.55,206.0,206.4,195.0
2021-03-23 14:00:00,NSE:STERTOOLS,206.4,207.35,205.1,205.2,2280.0
2021-03-23 15:00:00,NSE:STERTOOLS,205.7,206.9,204.4,205.0,4175.0
2021-03-24 09:00:00,NSE:STERTOOLS,204.0,206.25,204.0,205.05,584.0
2021-03-24 10:00:00,NSE:STERTOOLS,205.0,205.0,202.0,203.9,1010.0
2021-03-24 11:00:00,NSE:STERTOOLS,203.9,206.1,200.2,202.85,2833.0
2021-03-24 12:00:00,NSE:STERTOOLS,203.55,205.0,203.0,203.1,868.0
2021-03-24 13:00:00,NSE:STERTOOLS,203.1,203.9,202.0,202.25,970.0
2021-03-24 14:00:00,NSE:STERTOOLS,202.25,203.95,202.25,203.9,821.0
2021-03-24 15:00:00,NSE:STERTOOLS,202.9,204.0,202.7,204.0,1497.0
2021-03-25 09:00:00,NSE:STERTOOLS,209.95,209.95,196.75,200.0,2028.0
2021-03-25 10:00:00,NSE:STERTOOLS,200.0,202.0,200.0,201.9,523.0
2021-03-25 11:00:00,NSE:STERTOOLS,201.8,201.8,200.0,201.25,595.0
2021-03-25 12:00:00,NSE:STERTOOLS,200.25,201.7,200.15,200.9,3423.0
2021-03-25 13:00:00,NSE:STERTOOLS,201.55,201.7,200.0,201.2,1094.0
2021-03-25 14:00:00,NSE:STERTOOLS,201.0,201.0,193.35,195.6,8266.0
2021-03-25 15:00:00,NSE:STERTOOLS,195.65,196.25,195.1,195.7,2934.0
2021-03-26 09:00:00,NSE:STERTOOLS,205.95,205.95,197.1,197.8,1238.0
2021-03-26 10:00:00,NSE:STERTOOLS,198.0,198.9,196.05,196.95,894.0
2021-03-26 11:00:00,NSE:STERTOOLS,196.05,198.05,195.05,195.15,1674.0
2021-03-26 12:00:00,NSE:STERTOOLS,196.35,198.0,195.25,195.65,2505.0
2021-03-26 13:00:00,NSE:STERTOOLS,196.8,196.8,195.6,195.65,479.0
2021-03-26 14:00:00,NSE:STERTOOLS,196.7,197.0,195.5,197.0,1402.0
2021-03-26 15:00:00,NSE:STERTOOLS,196.05,197.0,195.85,196.25,1206.0
2021-03-30 09:00:00,NSE:STERTOOLS,196.9,203.95,196.9,198.3,1857.0
2021-03-30 10:00:00,NSE:STERTOOLS,198.35,199.05,197.1,197.85,1322.0
2021-03-30 11:00:00,NSE:STERTOOLS,197.75,197.85,195.1,196.3,1260.0
2021-03-30 12:00:00,NSE:STERTOOLS,195.6,196.75,195.0,195.35,829.0
2021-03-30 13:00:00,NSE:STERTOOLS,196.65,196.65,195.2,196.0,950.0
2021-03-30 14:00:00,NSE:STERTOOLS,196.0,196.1,194.0,194.15,1267.0
2021-03-30 15:00:00,NSE:STERTOOLS,194.95,196.2,194.1,195.15,1289.0
2021-03-31 09:00:00,NSE:STERTOOLS,205.0,205.0,196.65,199.85,1556.0
2021-03-31 10:00:00,NSE:STERTOOLS,198.95,198.95,195.4,195.95,1272.0
2021-03-31 11:00:00,NSE:STERTOOLS,195.95,195.95,194.5,195.4,1680.0
2021-03-31 12:00:00,NSE:STERTOOLS,195.5,195.5,194.85,195.05,3654.0
2021-03-31 13:00:00,NSE:STERTOOLS,195.45,195.5,195.05,195.45,576.0
2021-03-31 14:00:00,NSE:STERTOOLS,195.45,195.5,195.15,195.45,2617.0
2021-03-31 15:00:00,NSE:STERTOOLS,195.5,199.95,194.8,195.65,3746.0
2021-04-01 09:00:00,NSE:STERTOOLS,196.05,206.95,196.05,198.05,1739.0
2021-04-01 10:00:00,NSE:STERTOOLS,198.0,198.05,197.0,197.25,1533.0
2021-04-01 11:00:00,NSE:STERTOOLS,197.3,197.8,197.3,197.8,140.0
2021-04-01 12:00:00,NSE:STERTOOLS,197.3,199.95,197.3,199.4,2662.0
2021-04-01 13:00:00,NSE:STERTOOLS,199.55,199.55,196.15,196.2,1563.0
2021-04-01 14:00:00,NSE:STERTOOLS,196.2,198.85,196.2,198.75,424.0
2021-04-01 15:00:00,NSE:STERTOOLS,198.65,199.0,196.75,197.0,3472.0
2021-04-05 09:00:00,NSE:STERTOOLS,199.7,203.8,195.0,195.5,2087.0
2021-04-05 10:00:00,NSE:STERTOOLS,195.45,196.55,184.0,189.95,9964.0
2021-04-05 11:00:00,NSE:STERTOOLS,189.95,191.9,185.25,187.0,10721.0
2021-04-05 12:00:00,NSE:STERTOOLS,187.45,188.85,186.0,188.4,3343.0
2021-04-05 13:00:00,NSE:STERTOOLS,188.4,189.85,187.75,189.85,1730.0
2021-04-05 14:00:00,NSE:STERTOOLS,189.85,192.4,189.85,192.3,2021.0
2021-04-05 15:00:00,NSE:STERTOOLS,192.2,192.2,187.05,189.85,3868.0
2021-04-06 09:00:00,NSE:STERTOOLS,189.95,192.6,189.35,191.0,1558.0
2021-04-06 10:00:00,NSE:STERTOOLS,191.0,193.75,190.85,192.0,2655.0
2021-04-06 11:00:00,NSE:STERTOOLS,192.2,192.35,191.0,192.0,669.0
2021-04-06 12:00:00,NSE:STERTOOLS,191.5,191.9,191.0,191.05,1672.0
2021-04-06 13:00:00,NSE:STERTOOLS,192.35,192.35,191.4,191.4,308.0
2021-04-06 14:00:00,NSE:STERTOOLS,191.05,192.5,191.05,192.0,364.0
2021-04-06 15:00:00,NSE:STERTOOLS,192.35,193.5,191.4,191.5,1274.0
2021-04-07 09:00:00,NSE:STERTOOLS,195.85,195.85,192.1,194.85,711.0
2021-04-07 10:00:00,NSE:STERTOOLS,194.85,194.85,193.25,194.75,153.0
2021-04-07 11:00:00,NSE:STERTOOLS,195.0,195.45,194.15,195.0,2279.0
2021-04-07 12:00:00,NSE:STERTOOLS,195.0,195.4,194.1,195.0,510.0
2021-04-07 13:00:00,NSE:STERTOOLS,195.0,195.0,192.05,193.1,1659.0
2021-04-07 14:00:00,NSE:STERTOOLS,192.55,193.8,192.0,193.65,689.0
2021-04-07 15:00:00,NSE:STERTOOLS,193.65,194.0,192.0,193.0,1007.0
2021-04-08 09:00:00,NSE:STERTOOLS,198.8,203.5,196.05,198.05,813.0
2021-04-08 10:00:00,NSE:STERTOOLS,198.1,201.0,197.0,198.9,2095.0
2021-04-08 11:00:00,NSE:STERTOOLS,198.95,200.7,197.8,198.25,1608.0
2021-04-08 12:00:00,NSE:STERTOOLS,199.9,199.9,197.8,197.8,1436.0
2021-04-08 13:00:00,NSE:STERTOOLS,198.5,200.0,198.5,198.65,1220.0
2021-04-08 14:00:00,NSE:STERTOOLS,198.6,199.95,196.9,197.65,2950.0
2021-04-08 15:00:00,NSE:STERTOOLS,199.8,202.95,198.6,200.0,2050.0
2021-04-09 09:00:00,NSE:STERTOOLS,205.0,205.0,196.95,199.0,1079.0
2021-04-09 10:00:00,NSE:STERTOOLS,199.0,205.0,198.0,198.3,3250.0
2021-04-09 11:00:00,NSE:STERTOOLS,198.4,199.5,198.15,198.35,787.0
2021-04-09 12:00:00,NSE:STERTOOLS,198.2,200.65,198.05,200.0,917.0
2021-04-09 13:00:00,NSE:STERTOOLS,199.95,200.1,198.5,198.5,604.0
2021-04-09 14:00:00,NSE:STERTOOLS,198.85,199.0,198.5,198.85,702.0
2021-04-09 15:00:00,NSE:STERTOOLS,198.85,199.0,198.25,198.5,2067.0
2021-04-12 09:00:00,NSE:STERTOOLS,193.1,194.95,190.15,194.95,2166.0
2021-04-12 10:00:00,NSE:STERTOOLS,194.95,195.7,190.1,191.95,2883.0
2021-04-12 11:00:00,NSE:STERTOOLS,191.95,193.5,190.5,190.55,2808.0
2021-04-12 12:00:00,NSE:STERTOOLS,191.85,192.75,185.0,188.55,5714.0
2021-04-12 13:00:00,NSE:STERTOOLS,189.25,190.25,187.2,189.9,949.0
2021-04-12 14:00:00,NSE:STERTOOLS,190.2,190.7,187.55,187.7,926.0
2021-04-12 15:00:00,NSE:STERTOOLS,188.05,190.2,186.55,188.35,2350.0
2021-04-13 09:00:00,NSE:STERTOOLS,191.95,195.6,188.7,191.7,1564.0
2021-04-13 10:00:00,NSE:STERTOOLS,191.45,192.3,189.2,189.6,2342.0
2021-04-13 11:00:00,NSE:STERTOOLS,190.8,190.9,188.7,190.25,1166.0
2021-04-13 12:00:00,NSE:STERTOOLS,190.0,190.0,186.5,188.0,1852.0
2021-04-13 13:00:00,NSE:STERTOOLS,188.95,188.95,187.5,188.05,570.0
2021-04-13 14:00:00,NSE:STERTOOLS,188.05,192.5,188.05,191.9,1851.0
2021-04-13 15:00:00,NSE:STERTOOLS,191.25,191.9,187.6,188.0,759.0
2021-04-15 09:00:00,NSE:STERTOOLS,189.0,192.9,185.55,186.7,1907.0
2021-04-15 10:00:00,NSE:STERTOOLS,186.6,190.7,185.35,186.95,3349.0
2021-04-15 11:00:00,NSE:STERTOOLS,185.55,188.8,185.15,188.6,2031.0
2021-04-15 12:00:00,NSE:STERTOOLS,188.05,188.45,185.55,186.7,849.0
2021-04-15 13:00:00,NSE:STERTOOLS,186.7,187.95,186.0,187.95,990.0
2021-04-15 14:00:00,NSE:STERTOOLS,188.5,188.5,185.5,185.5,799.0
2021-04-15 15:00:00,NSE:STERTOOLS,185.3,187.2,185.0,186.0,2235.0
2021-04-16 09:00:00,NSE:STERTOOLS,189.9,189.9,183.6,184.95,1482.0
2021-04-16 10:00:00,NSE:STERTOOLS,184.95,186.75,184.8,186.4,3945.0
2021-04-16 11:00:00,NSE:STERTOOLS,186.4,188.95,185.85,187.4,727.0
2021-04-16 12:00:00,NSE:STERTOOLS,186.35,188.75,186.35,188.15,239.0
2021-04-16 13:00:00,NSE:STERTOOLS,188.7,188.7,186.2,186.5,923.0
2021-04-16 14:00:00,NSE:STERTOOLS,186.5,186.5,185.0,185.9,2080.0
2021-04-16 15:00:00,NSE:STERTOOLS,185.35,186.8,183.55,184.55,3796.0
2021-04-19 09:00:00,NSE:STERTOOLS,180.0,184.95,172.8,179.75,5004.0
2021-04-19 10:00:00,NSE:STERTOOLS,177.5,182.95,177.5,180.75,1763.0
2021-04-19 11:00:00,NSE:STERTOOLS,180.75,180.8,178.65,180.8,922.0
2021-04-19 12:00:00,NSE:STERTOOLS,180.8,180.8,178.5,179.0,2214.0
2021-04-19 13:00:00,NSE:STERTOOLS,179.0,179.8,177.9,178.6,1680.0
2021-04-19 14:00:00,NSE:STERTOOLS,178.65,179.85,176.5,177.3,3523.0
2021-04-19 15:00:00,NSE:STERTOOLS,177.25,178.85,176.0,177.15,1406.0
2021-04-20 09:00:00,NSE:STERTOOLS,193.9,193.9,181.05,181.75,2680.0
2021-04-20 10:00:00,NSE:STERTOOLS,181.25,182.5,181.25,182.4,380.0
2021-04-20 11:00:00,NSE:STERTOOLS,181.5,181.6,180.95,181.0,776.0
2021-04-20 12:00:00,NSE:STERTOOLS,181.4,181.4,176.05,177.6,3640.0
2021-04-20 13:00:00,NSE:STERTOOLS,177.65,179.25,177.55,178.6,770.0
2021-04-20 14:00:00,NSE:STERTOOLS,178.35,181.35,178.35,179.0,434.0
2021-04-20 15:00:00,NSE:STERTOOLS,178.5,179.6,178.5,178.8,1090.0
2021-04-22 09:00:00,NSE:STERTOOLS,182.6,182.6,173.6,177.25,3273.0
2021-04-22 10:00:00,NSE:STERTOOLS,177.95,179.25,176.0,176.15,1466.0
2021-04-22 11:00:00,NSE:STERTOOLS,176.95,176.95,176.0,176.1,794.0
2021-04-22 12:00:00,NSE:STERTOOLS,176.75,178.0,176.15,177.0,2176.0
2021-04-22 13:00:00,NSE:STERTOOLS,177.0,179.8,176.7,177.05,2132.0
2021-04-22 14:00:00,NSE:STERTOOLS,177.15,177.35,177.0,177.05,1672.0
2021-04-22 15:00:00,NSE:STERTOOLS,177.1,179.5,177.0,177.55,953.0
2021-04-23 09:00:00,NSE:STERTOOLS,181.95,181.95,177.0,179.1,1480.0
2021-04-23 10:00:00,NSE:STERTOOLS,178.75,180.5,178.75,180.5,1375.0
2021-04-23 11:00:00,NSE:STERTOOLS,180.0,180.0,179.8,179.95,819.0
2021-04-23 12:00:00,NSE:STERTOOLS,179.9,179.95,178.0,179.45,660.0
2021-04-23 13:00:00,NSE:STERTOOLS,179.5,179.8,178.2,179.35,576.0
2021-04-23 14:00:00,NSE:STERTOOLS,179.7,179.7,178.05,178.9,341.0
2021-04-23 15:00:00,NSE:STERTOOLS,178.15,178.7,178.15,178.7,697.0
2021-04-26 09:00:00,NSE:STERTOOLS,179.7,182.0,179.65,181.1,1276.0
2021-04-26 10:00:00,NSE:STERTOOLS,181.05,181.05,178.35,178.95,1296.0
2021-04-26 11:00:00,NSE:STERTOOLS,178.4,179.95,178.4,179.5,862.0
2021-04-26 12:00:00,NSE:STERTOOLS,179.1,180.5,178.45,180.5,1776.0
2021-04-26 13:00:00,NSE:STERTOOLS,180.5,180.85,179.0,180.85,1013.0
2021-04-26 14:00:00,NSE:STERTOOLS,180.85,180.9,179.4,180.9,1077.0
2021-04-26 15:00:00,NSE:STERTOOLS,180.1,180.75,180.0,180.75,539.0
2021-04-27 09:00:00,NSE:STERTOOLS,183.9,183.9,176.35,177.0,7380.0
2021-04-27 10:00:00,NSE:STERTOOLS,177.4,179.4,176.6,178.85,3615.0
2021-04-27 11:00:00,NSE:STERTOOLS,178.75,179.15,177.55,178.9,1229.0
2021-04-27 12:00:00,NSE:STERTOOLS,178.9,179.55,178.25,179.0,666.0
2021-04-27 13:00:00,NSE:STERTOOLS,179.4,179.4,178.9,179.4,776.0
2021-04-27 14:00:00,NSE:STERTOOLS,180.0,181.0,180.0,180.9,883.0
2021-04-27 15:00:00,NSE:STERTOOLS,180.8,182.25,180.2,180.25,1046.0
2021-04-28 09:00:00,NSE:STERTOOLS,182.5,184.55,181.0,182.65,1485.0
2021-04-28 10:00:00,NSE:STERTOOLS,182.7,191.0,182.4,191.0,4246.0
2021-04-28 11:00:00,NSE:STERTOOLS,190.95,199.0,188.7,193.0,15685.0
2021-04-28 12:00:00,NSE:STERTOOLS,193.0,198.0,190.4,192.0,7833.0
2021-04-28 13:00:00,NSE:STERTOOLS,192.05,192.75,185.65,191.65,3949.0
2021-04-28 14:00:00,NSE:STERTOOLS,191.85,193.0,188.15,191.4,2103.0
2021-04-28 15:00:00,NSE:STERTOOLS,191.25,191.25,186.25,187.7,2560.0
2021-04-29 09:00:00,NSE:STERTOOLS,192.2,198.7,188.25,192.25,7979.0
2021-04-29 10:00:00,NSE:STERTOOLS,193.65,194.25,191.6,193.2,2436.0
2021-04-29 11:00:00,NSE:STERTOOLS,192.7,194.0,192.6,193.05,455.0
2021-04-29 12:00:00,NSE:STERTOOLS,193.55,195.0,192.35,193.05,5437.0
2021-04-29 13:00:00,NSE:STERTOOLS,193.05,193.15,192.4,192.4,2420.0
2021-04-29 14:00:00,NSE:STERTOOLS,192.5,192.95,190.25,191.7,1153.0
2021-04-29 15:00:00,NSE:STERTOOLS,193.4,193.4,191.6,192.6,953.0
2021-04-30 09:00:00,NSE:STERTOOLS,194.65,194.95,186.05,192.1,2372.0
2021-04-30 10:00:00,NSE:STERTOOLS,192.05,195.3,192.05,193.0,3996.0
2021-04-30 11:00:00,NSE:STERTOOLS,193.0,193.0,187.9,189.3,3171.0
2021-04-30 12:00:00,NSE:STERTOOLS,189.9,190.4,189.05,190.4,195.0
2021-04-30 13:00:00,NSE:STERTOOLS,190.0,192.5,188.0,188.8,1088.0
2021-04-30 14:00:00,NSE:STERTOOLS,188.65,191.65,185.2,187.05,5079.0
2021-04-30 15:00:00,NSE:STERTOOLS,187.15,189.85,183.15,186.0,6853.0
2021-05-03 09:00:00,NSE:STERTOOLS,182.1,185.6,182.0,185.45,797.0
2021-05-03 10:00:00,NSE:STERTOOLS,185.4,187.95,185.35,186.4,646.0
2021-05-03 11:00:00,NSE:STERTOOLS,187.4,187.9,186.0,186.9,799.0
2021-05-03 12:00:00,NSE:STERTOOLS,187.3,187.3,186.0,186.45,461.0
2021-05-03 13:00:00,NSE:STERTOOLS,186.9,189.9,186.55,189.2,1030.0
2021-05-03 14:00:00,NSE:STERTOOLS,189.6,189.6,186.0,186.6,1099.0
2021-05-03 15:00:00,NSE:STERTOOLS,187.35,187.8,183.0,183.0,3347.0
2021-05-04 09:00:00,NSE:STERTOOLS,186.0,192.1,184.6,192.1,1521.0
2021-05-04 10:00:00,NSE:STERTOOLS,190.05,194.7,190.05,193.3,3453.0
2021-05-04 11:00:00,NSE:STERTOOLS,193.3,193.9,191.3,191.7,1341.0
2021-05-04 12:00:00,NSE:STERTOOLS,192.0,192.7,189.15,190.0,1155.0
2021-05-04 13:00:00,NSE:STERTOOLS,189.25,190.0,189.25,189.95,676.0
2021-05-04 14:00:00,NSE:STERTOOLS,190.5,190.5,189.15,189.25,659.0
2021-05-04 15:00:00,NSE:STERTOOLS,189.35,190.7,189.35,189.35,1363.0
2021-05-05 09:00:00,NSE:STERTOOLS,189.35,193.95,189.35,192.0,1020.0
2021-05-05 10:00:00,NSE:STERTOOLS,192.9,192.9,189.05,191.4,1105.0
2021-05-05 11:00:00,NSE:STERTOOLS,191.4,191.4,189.15,190.35,239.0
2021-05-05 12:00:00,NSE:STERTOOLS,189.0,191.6,188.0,191.6,1214.0
2021-05-05 13:00:00,NSE:STERTOOLS,191.05,191.9,191.0,191.1,377.0
2021-05-05 14:00:00,NSE:STERTOOLS,191.9,192.8,191.1,192.0,956.0
2021-05-05 15:00:00,NSE:STERTOOLS,191.5,193.9,188.85,188.85,1785.0
2021-05-06 09:00:00,NSE:STERTOOLS,192.25,193.0,189.4,189.4,1313.0
2021-05-06 10:00:00,NSE:STERTOOLS,190.15,191.75,190.0,191.75,253.0
2021-05-06 11:00:00,NSE:STERTOOLS,188.25,190.25,188.25,189.55,327.0
2021-05-06 12:00:00,NSE:STERTOOLS,189.95,189.95,188.2,188.4,731.0
2021-05-06 13:00:00,NSE:STERTOOLS,188.9,189.95,188.4,189.9,484.0
2021-05-06 14:00:00,NSE:STERTOOLS,189.9,189.9,189.0,189.85,936.0
2021-05-06 15:00:00,NSE:STERTOOLS,189.9,190.65,189.25,190.0,2186.0
2021-05-07 09:00:00,NSE:STERTOOLS,192.45,195.0,191.5,191.65,3058.0
2021-05-07 10:00:00,NSE:STERTOOLS,191.7,193.7,190.1,190.6,4128.0
2021-05-07 11:00:00,NSE:STERTOOLS,191.7,191.75,191.0,191.7,624.0
2021-05-07 12:00:00,NSE:STERTOOLS,191.6,192.85,190.65,191.0,2811.0
2021-05-07 13:00:00,NSE:STERTOOLS,191.8,191.8,191.05,191.15,135.0
2021-05-07 14:00:00,NSE:STERTOOLS,191.1,192.0,191.1,191.6,874.0
2021-05-07 15:00:00,NSE:STERTOOLS,192.4,192.45,191.25,191.25,2534.0
2021-05-10 09:00:00,NSE:STERTOOLS,194.75,194.75,189.1,189.95,588.0
2021-05-10 10:00:00,NSE:STERTOOLS,189.95,189.95,188.0,188.0,1984.0
2021-05-10 11:00:00,NSE:STERTOOLS,188.15,190.0,188.15,189.9,2060.0
2021-05-10 12:00:00,NSE:STERTOOLS,189.95,190.8,189.05,190.0,1199.0
2021-05-10 13:00:00,NSE:STERTOOLS,190.0,191.75,189.7,190.0,2581.0
2021-05-10 14:00:00,NSE:STERTOOLS,189.95,189.95,189.0,189.05,1444.0
2021-05-10 15:00:00,NSE:STERTOOLS,189.1,191.5,189.0,189.0,1682.0
2021-05-11 09:00:00,NSE:STERTOOLS,189.4,190.1,188.1,188.6,1008.0
2021-05-11 10:00:00,NSE:STERTOOLS,188.7,189.5,186.95,187.95,5898.0
2021-05-11 11:00:00,NSE:STERTOOLS,188.7,188.8,187.25,188.35,464.0
2021-05-11 12:00:00,NSE:STERTOOLS,188.1,188.8,187.7,188.5,542.0
2021-05-11 13:00:00,NSE:STERTOOLS,188.5,188.9,188.05,188.15,260.0
2021-05-11 14:00:00,NSE:STERTOOLS,188.85,189.15,187.8,188.95,1630.0
2021-05-11 15:00:00,NSE:STERTOOLS,189.8,189.85,188.0,189.0,3713.0
2021-05-12 09:00:00,NSE:STERTOOLS,195.8,195.8,188.45,189.0,2062.0
2021-05-12 10:00:00,NSE:STERTOOLS,189.0,189.0,188.15,189.0,1346.0
2021-05-12 11:00:00,NSE:STERTOOLS,189.0,189.85,188.25,189.0,1355.0
2021-05-12 12:00:00,NSE:STERTOOLS,189.55,189.55,188.25,189.0,1709.0
2021-05-12 13:00:00,NSE:STERTOOLS,189.8,189.8,188.85,189.0,2700.0
2021-05-12 14:00:00,NSE:STERTOOLS,189.0,189.45,188.25,188.5,1440.0
2021-05-12 15:00:00,NSE:STERTOOLS,188.3,190.95,188.3,189.0,3096.0
2021-05-14 09:00:00,NSE:STERTOOLS,189.0,189.55,185.35,187.5,2891.0
2021-05-14 10:00:00,NSE:STERTOOLS,187.5,192.0,186.2,189.15,5086.0
2021-05-14 11:00:00,NSE:STERTOOLS,189.05,189.15,188.05,188.3,1817.0
2021-05-14 12:00:00,NSE:STERTOOLS,188.1,188.75,188.05,188.1,352.0
2021-05-14 13:00:00,NSE:STERTOOLS,188.95,188.95,186.95,188.1,959.0
2021-05-14 14:00:00,NSE:STERTOOLS,187.7,187.75,186.95,186.95,449.0
2021-05-14 15:00:00,NSE:STERTOOLS,186.8,192.0,186.25,192.0,2314.0
2021-05-17 09:00:00,NSE:STERTOOLS,191.0,191.0,186.3,187.85,2197.0
2021-05-17 10:00:00,NSE:STERTOOLS,187.15,187.95,187.05,187.8,1148.0
2021-05-17 11:00:00,NSE:STERTOOLS,188.0,188.5,187.75,188.0,1338.0
2021-05-17 12:00:00,NSE:STERTOOLS,187.7,188.3,187.4,187.4,790.0
2021-05-17 13:00:00,NSE:STERTOOLS,187.8,189.0,187.45,187.45,2117.0
2021-05-17 14:00:00,NSE:STERTOOLS,188.25,188.25,187.45,187.45,1592.0
2021-05-17 15:00:00,NSE:STERTOOLS,188.0,188.75,187.35,187.35,4705.0
2021-05-18 09:00:00,NSE:STERTOOLS,188.65,190.0,186.95,188.6,4702.0
2021-05-18 10:00:00,NSE:STERTOOLS,188.25,188.7,187.0,187.65,2994.0
2021-05-18 11:00:00,NSE:STERTOOLS,187.85,187.85,187.1,187.8,1668.0
2021-05-18 12:00:00,NSE:STERTOOLS,187.8,188.0,187.15,187.9,1046.0
2021-05-18 13:00:00,NSE:STERTOOLS,187.35,188.8,187.25,187.4,1312.0
2021-05-18 14:00:00,NSE:STERTOOLS,188.0,188.6,187.5,187.75,1691.0
2021-05-18 15:00:00,NSE:STERTOOLS,188.0,188.8,187.0,187.0,39628.0
2021-05-19 09:00:00,NSE:STERTOOLS,188.7,188.7,187.0,187.5,826.0
2021-05-19 10:00:00,NSE:STERTOOLS,187.7,188.0,187.1,187.9,2211.0
2021-05-19 11:00:00,NSE:STERTOOLS,187.9,187.9,187.05,187.6,1682.0
2021-05-19 12:00:00,NSE:STERTOOLS,187.6,187.8,187.1,187.55,806.0
2021-05-19 13:00:00,NSE:STERTOOLS,187.3,187.95,187.3,187.95,919.0
2021-05-19 14:00:00,NSE:STERTOOLS,188.4,188.4,187.55,188.0,3113.0
2021-05-19 15:00:00,NSE:STERTOOLS,188.0,188.4,187.85,187.85,3046.0
2021-05-20 09:00:00,NSE:STERTOOLS,189.8,189.85,188.15,189.15,695.0
2021-05-20 10:00:00,NSE:STERTOOLS,189.25,190.75,188.9,189.7,1538.0
2021-05-20 11:00:00,NSE:STERTOOLS,189.25,192.25,189.05,190.1,2057.0
2021-05-20 12:00:00,NSE:STERTOOLS,190.1,190.4,189.15,189.15,1381.0
2021-05-20 13:00:00,NSE:STERTOOLS,189.1,189.15,186.65,188.1,2226.0
2021-05-20 14:00:00,NSE:STERTOOLS,188.0,189.25,187.1,187.3,2014.0
2021-05-20 15:00:00,NSE:STERTOOLS,187.2,190.7,187.2,188.05,3682.0
2021-05-21 09:00:00,NSE:STERTOOLS,190.2,192.85,187.6,190.3,3526.0
2021-05-21 10:00:00,NSE:STERTOOLS,190.3,190.7,189.45,190.6,3130.0
2021-05-21 11:00:00,NSE:STERTOOLS,190.6,190.6,188.15,190.0,795.0
2021-05-21 12:00:00,NSE:STERTOOLS,190.0,190.55,189.35,189.95,328.0
2021-05-21 13:00:00,NSE:STERTOOLS,189.95,190.0,189.35,189.95,595.0
2021-05-21 14:00:00,NSE:STERTOOLS,189.95,190.45,189.6,190.05,2517.0
2021-05-21 15:00:00,NSE:STERTOOLS,190.05,190.05,189.0,189.35,1532.0
2021-05-24 09:00:00,NSE:STERTOOLS,194.3,194.3,189.6,189.6,1474.0
2021-05-24 10:00:00,NSE:STERTOOLS,189.6,190.0,189.05,189.9,1491.0
2021-05-24 11:00:00,NSE:STERTOOLS,189.9,199.5,189.3,189.8,17436.0
2021-05-24 12:00:00,NSE:STERTOOLS,189.8,191.0,189.6,190.45,6458.0
2021-05-24 13:00:00,NSE:STERTOOLS,190.4,196.4,189.75,194.0,32891.0
2021-05-24 14:00:00,NSE:STERTOOLS,194.0,206.9,192.0,203.45,266731.0
2021-05-24 15:00:00,NSE:STERTOOLS,203.85,207.7,202.55,207.0,49773.0
2021-05-25 09:00:00,NSE:STERTOOLS,208.8,209.4,207.1,207.8,28256.0
2021-05-25 10:00:00,NSE:STERTOOLS,207.65,209.9,207.6,207.9,13934.0
2021-05-25 11:00:00,NSE:STERTOOLS,207.6,208.4,207.55,207.95,10146.0
2021-05-25 12:00:00,NSE:STERTOOLS,207.9,208.3,207.6,207.65,7041.0
2021-05-25 13:00:00,NSE:STERTOOLS,208.0,208.3,207.5,207.55,12290.0
2021-05-25 14:00:00,NSE:STERTOOLS,207.7,207.8,207.0,207.15,10716.0
2021-05-25 15:00:00,NSE:STERTOOLS,207.2,207.5,206.0,206.8,11013.0
2021-05-26 09:00:00,NSE:STERTOOLS,206.8,208.4,202.0,203.85,6585.0
2021-05-26 10:00:00,NSE:STERTOOLS,203.55,206.9,203.0,204.8,6641.0
2021-05-26 11:00:00,NSE:STERTOOLS,204.45,206.8,204.0,204.1,2205.0
2021-05-26 12:00:00,NSE:STERTOOLS,204.0,205.2,203.3,204.85,1534.0
2021-05-26 13:00:00,NSE:STERTOOLS,204.85,205.95,204.3,205.4,1720.0
2021-05-26 14:00:00,NSE:STERTOOLS,205.65,205.8,204.05,204.1,3396.0
2021-05-26 15:00:00,NSE:STERTOOLS,204.95,205.6,202.85,203.5,5093.0
2021-05-27 09:00:00,NSE:STERTOOLS,203.5,205.65,203.3,204.1,3911.0
2021-05-27 10:00:00,NSE:STERTOOLS,204.25,204.6,203.55,203.95,1718.0
2021-05-27 11:00:00,NSE:STERTOOLS,203.45,204.2,203.0,204.15,2316.0
2021-05-27 12:00:00,NSE:STERTOOLS,204.25,205.0,204.05,204.5,2592.0
2021-05-27 13:00:00,NSE:STERTOOLS,204.5,204.9,204.15,204.15,508.0
2021-05-27 14:00:00,NSE:STERTOOLS,204.15,209.95,204.0,206.5,7294.0
2021-05-27 15:00:00,NSE:STERTOOLS,205.1,207.0,203.8,206.5,3204.0
2021-05-28 09:00:00,NSE:STERTOOLS,206.55,209.45,205.1,206.45,4313.0
2021-05-28 10:00:00,NSE:STERTOOLS,205.8,207.0,205.1,205.95,1931.0
2021-05-28 11:00:00,NSE:STERTOOLS,205.35,205.4,203.0,204.35,2213.0
2021-05-28 12:00:00,NSE:STERTOOLS,204.05,204.7,203.2,203.2,799.0
2021-05-28 13:00:00,NSE:STERTOOLS,203.2,204.0,202.65,203.55,1860.0
2021-05-28 14:00:00,NSE:STERTOOLS,203.55,204.75,202.75,203.15,3428.0
2021-05-28 15:00:00,NSE:STERTOOLS,202.8,203.8,201.65,202.7,2093.0
2021-05-31 09:00:00,NSE:STERTOOLS,206.7,206.7,194.15,199.35,9820.0
2021-05-31 10:00:00,NSE:STERTOOLS,198.45,201.5,197.05,200.45,4029.0
2021-05-31 11:00:00,NSE:STERTOOLS,200.4,200.7,195.9,198.1,6099.0
2021-05-31 12:00:00,NSE:STERTOOLS,197.75,198.5,195.45,197.5,3221.0
2021-05-31 13:00:00,NSE:STERTOOLS,197.5,198.45,196.9,196.95,1609.0
2021-05-31 14:00:00,NSE:STERTOOLS,196.95,197.65,196.0,196.85,1702.0
2021-05-31 15:00:00,NSE:STERTOOLS,196.4,196.9,195.0,195.95,6412.0
2021-06-01 09:00:00,NSE:STERTOOLS,200.0,200.0,196.75,198.95,2035.0
2021-06-01 10:00:00,NSE:STERTOOLS,198.35,198.85,194.5,196.0,7517.0
2021-06-01 11:00:00,NSE:STERTOOLS,196.0,196.7,195.0,195.15,3649.0
2021-06-01 12:00:00,NSE:STERTOOLS,195.0,195.85,194.6,195.25,515.0
2021-06-01 13:00:00,NSE:STERTOOLS,195.5,196.5,195.05,196.05,1055.0
2021-06-01 14:00:00,NSE:STERTOOLS,196.4,196.9,195.05,196.0,2408.0
2021-06-01 15:00:00,NSE:STERTOOLS,195.5,196.0,194.8,195.0,2041.0
2021-06-02 09:00:00,NSE:STERTOOLS,195.3,197.5,194.65,195.25,1238.0
2021-06-02 10:00:00,NSE:STERTOOLS,195.2,195.9,194.7,195.9,1336.0
2021-06-02 11:00:00,NSE:STERTOOLS,195.9,197.0,195.0,195.5,2079.0
2021-06-02 12:00:00,NSE:STERTOOLS,195.55,197.0,195.0,195.75,2148.0
2021-06-02 13:00:00,NSE:STERTOOLS,196.3,198.15,195.65,197.05,1920.0
2021-06-02 14:00:00,NSE:STERTOOLS,198.1,198.45,197.25,198.25,3672.0
2021-06-02 15:00:00,NSE:STERTOOLS,198.25,200.0,197.0,200.0,3926.0
2021-06-03 09:00:00,NSE:STERTOOLS,203.4,204.4,200.85,203.0,5325.0
2021-06-03 10:00:00,NSE:STERTOOLS,203.25,207.15,202.45,204.3,11415.0
2021-06-03 11:00:00,NSE:STERTOOLS,204.9,205.5,204.15,204.85,2220.0
2021-06-03 12:00:00,NSE:STERTOOLS,204.85,204.95,203.0,203.25,2885.0
2021-06-03 13:00:00,NSE:STERTOOLS,202.95,205.0,202.95,204.25,2913.0
2021-06-03 14:00:00,NSE:STERTOOLS,204.45,204.5,203.0,203.6,2401.0
2021-06-03 15:00:00,NSE:STERTOOLS,203.5,203.75,202.3,202.65,4203.0
2021-06-04 09:00:00,NSE:STERTOOLS,204.05,205.6,202.9,204.6,3904.0
2021-06-04 10:00:00,NSE:STERTOOLS,204.1,204.6,203.05,203.2,7614.0
2021-06-04 11:00:00,NSE:STERTOOLS,203.9,204.0,203.05,203.55,1069.0
2021-06-04 12:00:00,NSE:STERTOOLS,203.55,203.85,202.85,202.85,2482.0
2021-06-04 13:00:00,NSE:STERTOOLS,203.35,203.45,202.85,203.45,1036.0
2021-06-04 14:00:00,NSE:STERTOOLS,203.0,203.0,200.05,201.5,3833.0
2021-06-04 15:00:00,NSE:STERTOOLS,201.1,201.25,200.05,200.65,1962.0
2021-06-07 09:00:00,NSE:STERTOOLS,208.0,226.7,208.0,216.05,61765.0
2021-06-07 10:00:00,NSE:STERTOOLS,216.0,216.95,213.5,215.0,24956.0
2021-06-07 11:00:00,NSE:STERTOOLS,215.0,215.2,212.15,214.05,16366.0
2021-06-07 12:00:00,NSE:STERTOOLS,214.0,215.2,213.0,214.85,13072.0
2021-06-07 13:00:00,NSE:STERTOOLS,215.2,215.45,214.05,214.85,10236.0
2021-06-07 14:00:00,NSE:STERTOOLS,214.25,215.0,213.15,214.8,9262.0
2021-06-07 15:00:00,NSE:STERTOOLS,214.8,215.4,212.0,214.2,10387.0
2021-06-08 09:00:00,NSE:STERTOOLS,223.7,223.7,215.0,217.0,28599.0
2021-06-08 10:00:00,NSE:STERTOOLS,216.5,219.0,215.25,217.3,7430.0
2021-06-08 11:00:00,NSE:STERTOOLS,217.05,218.5,216.0,217.05,3886.0
2021-06-08 12:00:00,NSE:STERTOOLS,217.1,218.7,216.5,217.7,3426.0
2021-06-08 13:00:00,NSE:STERTOOLS,217.75,219.35,217.4,218.35,7153.0
2021-06-08 14:00:00,NSE:STERTOOLS,218.1,218.95,217.0,217.15,8536.0
2021-06-08 15:00:00,NSE:STERTOOLS,217.6,218.6,216.4,217.55,8032.0
2021-06-09 09:00:00,NSE:STERTOOLS,220.0,222.0,217.0,221.35,12356.0
2021-06-09 10:00:00,NSE:STERTOOLS,221.2,221.95,217.1,217.1,10208.0
2021-06-09 11:00:00,NSE:STERTOOLS,217.45,219.8,217.25,218.15,4691.0
2021-06-09 12:00:00,NSE:STERTOOLS,218.1,218.9,217.65,218.5,4691.0
2021-06-09 13:00:00,NSE:STERTOOLS,218.35,218.35,210.05,214.1,9860.0
2021-06-09 14:00:00,NSE:STERTOOLS,214.0,214.95,209.15,210.3,6712.0
2021-06-09 15:00:00,NSE:STERTOOLS,210.15,214.9,210.0,212.3,4981.0
2021-06-10 09:00:00,NSE:STERTOOLS,217.45,217.45,212.4,212.7,5620.0
2021-06-10 10:00:00,NSE:STERTOOLS,212.7,214.0,211.1,212.25,5001.0
2021-06-10 11:00:00,NSE:STERTOOLS,212.3,212.4,210.45,210.9,4518.0
2021-06-10 12:00:00,NSE:STERTOOLS,211.0,211.0,208.1,209.0,15103.0
2021-06-10 13:00:00,NSE:STERTOOLS,208.95,210.0,207.1,209.0,12156.0
2021-06-10 14:00:00,NSE:STERTOOLS,209.0,210.6,208.5,209.4,8848.0
2021-06-10 15:00:00,NSE:STERTOOLS,210.25,211.0,209.0,210.7,8032.0
2021-06-11 09:00:00,NSE:STERTOOLS,216.0,216.0,212.45,212.75,7624.0
2021-06-11 10:00:00,NSE:STERTOOLS,212.65,213.0,209.6,210.0,12784.0
2021-06-11 11:00:00,NSE:STERTOOLS,209.85,210.15,208.1,209.0,8350.0
2021-06-11 12:00:00,NSE:STERTOOLS,209.5,210.0,208.2,210.0,3019.0
2021-06-11 13:00:00,NSE:STERTOOLS,210.0,210.4,209.45,210.0,10136.0
2021-06-11 14:00:00,NSE:STERTOOLS,210.0,219.9,206.15,209.8,49452.0
2021-06-11 15:00:00,NSE:STERTOOLS,209.85,210.4,209.6,210.0,14073.0
2021-06-14 09:00:00,NSE:STERTOOLS,205.0,207.85,187.75,199.8,64734.0
2021-06-14 10:00:00,NSE:STERTOOLS,199.95,204.15,198.8,199.7,17647.0
2021-06-14 11:00:00,NSE:STERTOOLS,199.9,200.0,194.7,198.2,15825.0
2021-06-14 12:00:00,NSE:STERTOOLS,198.3,199.4,195.5,196.8,28392.0
2021-06-14 13:00:00,NSE:STERTOOLS,196.75,197.8,194.9,196.0,24821.0
2021-06-14 14:00:00,NSE:STERTOOLS,196.2,197.05,195.8,196.0,35116.0
2021-06-14 15:00:00,NSE:STERTOOLS,196.3,199.8,196.05,197.85,14589.0
2021-06-15 09:00:00,NSE:STERTOOLS,199.9,204.0,198.8,202.05,9357.0
2021-06-15 10:00:00,NSE:STERTOOLS,202.2,204.0,201.4,202.0,9026.0
2021-06-15 11:00:00,NSE:STERTOOLS,201.7,201.85,196.15,198.4,17452.0
2021-06-15 12:00:00,NSE:STERTOOLS,197.75,199.4,196.15,197.1,9575.0
2021-06-15 13:00:00,NSE:STERTOOLS,196.5,199.4,196.0,199.0,11600.0
2021-06-15 14:00:00,NSE:STERTOOLS,198.5,199.65,198.0,199.1,3558.0
2021-06-15 15:00:00,NSE:STERTOOLS,199.1,199.8,198.0,198.0,6615.0
2021-06-16 09:00:00,NSE:STERTOOLS,200.0,202.0,198.0,199.0,7869.0
2021-06-16 10:00:00,NSE:STERTOOLS,199.75,199.95,197.75,198.0,6378.0
2021-06-16 11:00:00,NSE:STERTOOLS,197.85,198.0,195.65,196.25,8900.0
2021-06-16 12:00:00,NSE:STERTOOLS,196.25,197.35,195.9,196.0,6700.0
2021-06-16 13:00:00,NSE:STERTOOLS,196.5,196.5,195.75,195.8,7444.0
2021-06-16 14:00:00,NSE:STERTOOLS,195.75,197.9,194.9,197.2,12565.0
2021-06-16 15:00:00,NSE:STERTOOLS,197.4,197.4,195.5,196.4,6211.0
2021-06-17 09:00:00,NSE:STERTOOLS,196.4,199.0,196.35,198.5,4208.0
2021-06-17 10:00:00,NSE:STERTOOLS,198.5,198.85,197.45,197.5,5327.0
2021-06-17 11:00:00,NSE:STERTOOLS,197.95,198.4,196.9,197.05,6036.0
2021-06-17 12:00:00,NSE:STERTOOLS,197.3,197.3,194.45,195.0,7835.0
2021-06-17 13:00:00,NSE:STERTOOLS,195.0,195.75,194.55,194.7,11005.0
2021-06-17 14:00:00,NSE:STERTOOLS,194.5,195.55,194.5,195.0,4034.0
2021-06-17 15:00:00,NSE:STERTOOLS,195.3,196.9,194.7,196.9,3040.0
2021-06-18 09:00:00,NSE:STERTOOLS,196.9,199.0,195.0,195.0,4387.0
2021-06-18 10:00:00,NSE:STERTOOLS,195.05,196.4,188.45,189.0,11084.0
2021-06-18 11:00:00,NSE:STERTOOLS,189.0,193.2,188.0,191.0,9646.0
2021-06-18 12:00:00,NSE:STERTOOLS,190.95,191.5,190.7,191.0,8243.0
2021-06-18 13:00:00,NSE:STERTOOLS,191.05,191.3,190.75,190.95,9023.0
2021-06-18 14:00:00,NSE:STERTOOLS,191.0,191.1,190.6,190.9,5599.0
2021-06-18 15:00:00,NSE:STERTOOLS,190.9,194.0,190.6,194.0,6917.0
