datetime,symbol,open,high,low,close,volume
2003-10-20 09:15:00,NSE:SUVEN,5.05220226,5.18633152,5.05220226,5.18633152,6709.0
2003-10-27 09:15:00,NSE:SUVEN,5.4396868,5.73775183,5.06710551,5.37262217,277922.0
2003-11-03 09:15:00,NSE:SUVEN,5.49929981,5.51420306,5.26829941,5.36517054,1049098.0
2003-11-10 09:15:00,NSE:SUVEN,5.4396868,6.18484937,4.84355674,5.74445844,750437.0
2003-11-17 09:15:00,NSE:SUVEN,5.94639735,5.9613006,5.66323557,5.73849684,409036.0
2003-11-24 09:15:00,NSE:SUVEN,5.81226809,6.87039894,5.75265508,6.78023442,973812.0
2003-12-01 09:15:00,NSE:SUVEN,7.37710949,7.86891679,7.01943146,7.35773542,1637358.0
2003-12-08 09:15:00,NSE:SUVEN,6.85549569,7.76459403,6.34356885,6.69975656,1228387.0
2003-12-15 09:15:00,NSE:SUVEN,6.70646318,7.71988428,6.11480394,7.22211583,14056594.0
2003-12-22 09:15:00,NSE:SUVEN,6.93150242,7.47994178,6.93150242,7.02986388,1812489.0
2003-12-29 09:15:00,NSE:SUVEN,7.00601868,7.82420704,6.61704367,7.68262615,7289816.0
2004-01-05 09:15:00,NSE:SUVEN,7.73478753,8.49485336,6.98962496,7.5552035,4463654.0
2004-01-12 09:15:00,NSE:SUVEN,7.52614201,9.61259722,1.77348693,1.82490315,16139093.0
2004-01-19 09:15:00,NSE:SUVEN,1.81819668,1.91357734,1.28316992,1.59762856,25810808.0
2004-01-27 09:15:00,NSE:SUVEN,1.66618352,1.71014811,1.41580889,1.42698633,12427286.0
2004-02-03 09:15:00,NSE:SUVEN,1.41580889,1.41580889,1.22206662,1.25410864,18593659.0
2004-02-09 09:15:00,NSE:SUVEN,1.26677638,1.44337988,1.20716337,1.37333466,13106803.0
2004-02-16 09:15:00,NSE:SUVEN,1.40463145,1.46647998,1.21088918,1.27050219,13092912.0
2004-02-23 09:15:00,NSE:SUVEN,1.32415387,1.32489909,1.17214076,1.19076983,6383236.0
2004-03-01 09:15:00,NSE:SUVEN,1.19226012,1.32489909,1.19226012,1.25932475,5175177.0
2004-03-08 09:15:00,NSE:SUVEN,1.2444215,1.29285707,1.11848907,1.17586657,3334773.0
2004-03-15 09:15:00,NSE:SUVEN,1.22206662,1.22206662,1.05962115,1.10880194,3238351.0
2004-03-22 09:15:00,NSE:SUVEN,1.10284061,1.10284061,0.97020164,1.05142444,9411166.0
2004-03-29 09:15:00,NSE:SUVEN,1.08048573,1.26677638,1.05813086,1.21983111,6037338.0
2004-04-05 09:15:00,NSE:SUVEN,1.23696987,1.23696987,1.10731163,1.18704401,3271968.0
2004-04-12 09:15:00,NSE:SUVEN,1.2459118,1.2459118,1.14755037,1.17288585,3403349.0
2004-04-19 09:15:00,NSE:SUVEN,1.18182789,1.23100854,1.1535117,1.18927951,4097761.0
2004-04-26 09:15:00,NSE:SUVEN,1.05813086,1.11774386,1.00596948,1.01714692,8544643.0
2004-05-03 09:15:00,NSE:SUVEN,1.040247,1.08644706,0.95082743,1.03577598,5003268.0
2004-05-10 09:15:00,NSE:SUVEN,1.0134211,1.12221488,0.90909834,1.01938243,5050775.0
2004-05-17 09:15:00,NSE:SUVEN,0.92698226,1.07303411,0.81967883,1.03279537,14934388.0
2004-05-24 09:15:00,NSE:SUVEN,1.05664056,1.05664056,0.99851785,1.0149114,5135857.0
2004-05-31 09:15:00,NSE:SUVEN,0.95529839,1.03726627,0.90909834,0.9381597,5877775.0
2004-06-07 09:15:00,NSE:SUVEN,0.95976943,0.95976943,0.86736925,0.88301765,3014911.0
2004-06-14 09:15:00,NSE:SUVEN,0.85693696,0.86885955,0.80850139,0.81893369,3190509.0
2004-06-21 09:15:00,NSE:SUVEN,0.81297235,0.81297235,0.7228077,0.7526142,2861520.0
2004-06-28 09:15:00,NSE:SUVEN,0.77645937,0.86289829,0.76751745,0.78912718,1375872.0
2004-07-05 09:15:00,NSE:SUVEN,0.84054341,0.84054341,0.67064632,0.72206255,3865999.0
2004-07-12 09:15:00,NSE:SUVEN,0.76006583,0.81967883,0.70417863,0.77869489,1520806.0
2004-07-19 09:15:00,NSE:SUVEN,0.77869489,0.80328529,0.76006583,0.78763681,4914160.0
2004-07-26 09:15:00,NSE:SUVEN,0.81669817,0.9523178,0.80030462,0.89568539,27430656.0
2004-08-02 09:15:00,NSE:SUVEN,0.86438859,0.87929184,0.783911,0.80999169,12286981.0
2004-08-09 09:15:00,NSE:SUVEN,0.81297235,0.9523178,0.79732396,0.91505967,21386337.0
2004-08-16 09:15:00,NSE:SUVEN,0.91804026,1.0134211,0.8979209,0.92623711,25796516.0
2004-08-23 09:15:00,NSE:SUVEN,0.93666933,1.07750513,0.91282415,1.05589534,17216106.0
2004-08-30 09:15:00,NSE:SUVEN,1.06558248,1.11029224,1.00000815,1.04993402,13305081.0
2004-09-06 09:15:00,NSE:SUVEN,1.05142444,1.23696987,1.0424824,1.19151491,34854204.0
2004-09-13 09:15:00,NSE:SUVEN,1.19673114,1.22132142,1.09538899,1.11550835,10902719.0
2004-09-20 09:15:00,NSE:SUVEN,1.14606007,1.23547958,1.12072447,1.16096332,28229139.0
2004-09-27 09:15:00,NSE:SUVEN,1.16990524,1.44188958,1.11848907,1.3286249,110986114.0
2004-10-04 09:15:00,NSE:SUVEN,1.361412,1.48287352,1.24069569,1.4463606,128049773.0
2004-10-11 09:15:00,NSE:SUVEN,1.49032515,1.51417035,1.34129264,1.44337988,72218668.0
2004-10-18 09:15:00,NSE:SUVEN,1.43071214,1.45902835,1.3599217,1.37407974,17782091.0
2004-10-25 09:15:00,NSE:SUVEN,1.37855076,1.39643462,1.25187313,1.2712474,30746175.0
2004-11-01 09:15:00,NSE:SUVEN,1.22206662,1.40090564,1.22206662,1.35023456,49472625.0
2004-11-08 09:15:00,NSE:SUVEN,1.37109914,1.43071214,1.31744746,1.34799905,11522986.0
2004-11-16 09:15:00,NSE:SUVEN,1.35247007,1.38227658,1.29062155,1.29956349,18535350.0
2004-11-22 09:15:00,NSE:SUVEN,1.3032893,1.42922185,1.29658288,1.40314116,29375064.0
2004-11-29 09:15:00,NSE:SUVEN,1.42996694,1.49777678,1.31297643,1.32415387,30812132.0
2004-12-06 09:15:00,NSE:SUVEN,1.34278293,1.39345402,1.28987646,1.32042805,10660960.0
2004-12-13 09:15:00,NSE:SUVEN,1.32638938,1.39717983,1.31148613,1.32489909,25856099.0
2004-12-20 09:15:00,NSE:SUVEN,1.34054743,1.5350349,1.32638938,1.47467669,73527308.0
2004-12-27 09:15:00,NSE:SUVEN,1.45306702,1.51789617,1.40090564,1.44934121,34833671.0
2005-01-03 09:15:00,NSE:SUVEN,1.4754219,1.7719966,1.46051865,1.74144494,96300527.0
2005-01-10 09:15:00,NSE:SUVEN,1.74144494,1.81521603,1.45306702,1.50075743,53642921.0
2005-01-17 09:15:00,NSE:SUVEN,1.49032515,1.51417035,1.35694109,1.39867012,19118914.0
2005-01-24 09:15:00,NSE:SUVEN,1.41580889,1.51640584,1.37482495,1.48585413,11035845.0
2005-01-31 09:15:00,NSE:SUVEN,1.54993816,1.60955116,1.48361873,1.51640584,15989998.0
2005-02-07 09:15:00,NSE:SUVEN,1.54993816,2.16097147,1.49032515,1.89643875,81344930.0
2005-02-14 09:15:00,NSE:SUVEN,1.9284806,1.92997107,1.60209954,1.6505351,46049681.0
2005-02-21 09:15:00,NSE:SUVEN,1.65426092,1.68108677,1.49777678,1.51417035,24930665.0
2005-02-28 09:15:00,NSE:SUVEN,1.52013165,1.61253181,1.5052284,1.5111897,21618234.0
2005-03-07 09:15:00,NSE:SUVEN,1.5350349,1.72877717,1.49032515,1.60955116,84168006.0
2005-03-14 09:15:00,NSE:SUVEN,1.61178665,1.66171254,1.48287352,1.53428974,27167156.0
2005-03-21 09:15:00,NSE:SUVEN,1.54993816,1.56484141,1.38600239,1.39643462,15649401.0
2005-03-28 09:15:00,NSE:SUVEN,1.42698633,1.47989292,1.2153602,1.421025,20375887.0
2005-04-04 09:15:00,NSE:SUVEN,1.44263479,1.4754219,1.33458622,1.34799905,28840885.0
2005-04-11 09:15:00,NSE:SUVEN,1.35619589,1.37780556,1.28167963,1.29211186,9341718.0
2005-04-18 09:15:00,NSE:SUVEN,1.22355692,1.30850553,1.15500199,1.28913126,13766792.0
2005-04-25 09:15:00,NSE:SUVEN,1.32191836,1.32191836,1.16245362,1.17512135,7344838.0
2005-05-02 09:15:00,NSE:SUVEN,1.16245362,1.26677638,1.08048573,1.21237948,14890036.0
2005-05-09 09:15:00,NSE:SUVEN,1.22206662,1.29658288,1.214615,1.28615065,14341097.0
2005-05-16 09:15:00,NSE:SUVEN,1.29509259,1.35097978,1.25932475,1.29583767,15279214.0
2005-05-23 09:15:00,NSE:SUVEN,1.30999584,1.33831203,1.23846017,1.25857954,8875644.0
2005-05-30 09:15:00,NSE:SUVEN,1.26156027,1.51193487,1.22951825,1.48957994,104115197.0
2005-06-06 09:15:00,NSE:SUVEN,1.517151,1.66916417,1.49107031,1.57229303,77869045.0
2005-06-13 09:15:00,NSE:SUVEN,1.57229303,1.59315759,1.35768618,1.40984756,17952590.0
2005-06-20 09:15:00,NSE:SUVEN,1.37258943,1.50299291,1.37109914,1.38004106,13914679.0
2005-06-27 09:15:00,NSE:SUVEN,1.39494431,1.39494431,1.28615065,1.30254421,17078486.0
2005-07-04 09:15:00,NSE:SUVEN,1.30999584,1.5052284,1.30999584,1.39568953,66066184.0
2005-07-11 09:15:00,NSE:SUVEN,1.41580889,1.42326052,1.34129264,1.388983,31982952.0
2005-07-18 09:15:00,NSE:SUVEN,1.41133787,1.42698633,1.35917649,1.37109914,31762731.0
2005-07-25 09:15:00,NSE:SUVEN,1.38600239,1.38600239,1.29658288,1.32117328,11558482.0
2005-08-01 09:15:00,NSE:SUVEN,1.33384101,1.37109914,1.32191836,1.35023456,21616421.0
2005-08-08 09:15:00,NSE:SUVEN,1.36960884,1.56484141,1.31148613,1.45455732,35990332.0
2005-08-16 09:15:00,NSE:SUVEN,1.45902835,1.52758328,1.42326052,1.46200894,36691388.0
2005-08-22 09:15:00,NSE:SUVEN,1.48287352,1.5350349,1.43816377,1.47244129,36678637.0
2005-08-29 09:15:00,NSE:SUVEN,1.48883486,1.72877717,1.43890898,1.53056393,130177295.0
2005-09-05 09:15:00,NSE:SUVEN,1.54099621,1.58719629,1.49405096,1.50597356,28172844.0
2005-09-12 09:15:00,NSE:SUVEN,1.50597356,1.65426092,1.5052284,1.54919299,87176008.0
2005-09-19 09:15:00,NSE:SUVEN,1.56484141,1.57601885,1.20716337,1.24740211,45994524.0
2005-09-26 09:15:00,NSE:SUVEN,1.30850553,1.38600239,1.23547958,1.30030869,24332808.0
2005-10-03 09:15:00,NSE:SUVEN,1.31446674,1.38600239,1.19226012,1.29956349,15598809.0
2005-10-10 09:15:00,NSE:SUVEN,1.31148613,1.38451209,1.24665702,1.27795382,21925147.0
2005-10-17 09:15:00,NSE:SUVEN,1.28093442,1.29509259,1.16245362,1.23473436,13286562.0
2005-10-24 09:15:00,NSE:SUVEN,1.30030869,1.30030869,1.11774386,1.12668578,6161740.0
2005-10-31 09:15:00,NSE:SUVEN,1.13413741,1.26975698,1.10284061,1.16170841,3622563.0
2005-11-07 09:15:00,NSE:SUVEN,1.19226012,1.25187313,1.17735687,1.22132142,10100612.0
2005-11-14 09:15:00,NSE:SUVEN,1.21834081,1.24814731,1.19375042,1.22504723,6686794.0
2005-11-21 09:15:00,NSE:SUVEN,1.25932475,1.29509259,1.14755037,1.21088918,12935229.0
2005-11-28 09:15:00,NSE:SUVEN,1.25038283,1.25187313,1.18480849,1.19449564,10100008.0
2005-12-05 09:15:00,NSE:SUVEN,1.19449564,1.21908602,1.05813086,1.20418277,13431027.0
2005-12-12 09:15:00,NSE:SUVEN,1.22206662,1.27944411,1.21014398,1.23920539,27895521.0
2005-12-19 09:15:00,NSE:SUVEN,1.25038283,1.25932475,1.09836959,1.18033747,7584450.0
2005-12-26 09:15:00,NSE:SUVEN,1.18927951,1.20567308,1.1259407,1.17884716,6411417.0
2006-01-02 09:15:00,NSE:SUVEN,1.18108268,1.34874426,1.16841495,1.33980234,48771905.0
2006-01-09 09:15:00,NSE:SUVEN,1.34874426,1.40388625,1.29658288,1.35694109,33019840.0
2006-01-16 09:15:00,NSE:SUVEN,1.35619589,1.37109914,1.23771508,1.2690119,10151607.0
2006-01-23 09:15:00,NSE:SUVEN,1.26677638,1.40090564,1.19673114,1.35694109,10343244.0
2006-01-30 09:15:00,NSE:SUVEN,1.37706047,1.5350349,1.22728273,1.48287352,56125267.0
2006-02-06 09:15:00,NSE:SUVEN,1.5052284,1.60955116,1.4456154,1.46200894,30355789.0
2006-02-13 09:15:00,NSE:SUVEN,1.49032515,1.52013165,1.41580889,1.41953471,32484654.0
2006-02-20 09:15:00,NSE:SUVEN,1.4165541,1.41953471,1.28242484,1.32713459,11409857.0
2006-02-27 09:15:00,NSE:SUVEN,1.33980234,1.38525718,1.33384101,1.35321528,13513357.0
2006-03-06 09:15:00,NSE:SUVEN,1.26677638,1.40761206,1.26677638,1.32936999,15138372.0
2006-03-13 09:15:00,NSE:SUVEN,1.34054743,1.34129264,1.23696987,1.24367629,4162110.0
2006-03-20 09:15:00,NSE:SUVEN,1.24740211,1.30999584,1.19971175,1.20716337,10384242.0
2006-03-27 09:15:00,NSE:SUVEN,1.214615,1.37855076,1.17884716,1.19449564,9888041.0
2006-04-03 09:15:00,NSE:SUVEN,1.22206662,1.31893776,1.17735687,1.26081505,19656716.0
2006-04-10 09:15:00,NSE:SUVEN,1.26081505,1.31446674,1.19971175,1.21386979,4317715.0
2006-04-17 09:15:00,NSE:SUVEN,1.22802795,1.25783446,1.19076983,1.24740211,7925047.0
2006-04-24 09:15:00,NSE:SUVEN,1.46051865,1.46051865,1.18480849,1.22877304,11937594.0
2006-05-02 09:15:00,NSE:SUVEN,1.33980234,1.35768618,1.19598593,1.2444215,12429366.0
2006-05-08 09:15:00,NSE:SUVEN,1.26677638,1.30254421,1.20939889,1.22728273,7682751.0
2006-05-15 09:15:00,NSE:SUVEN,1.22206662,1.28018933,1.11774386,1.11997938,4429366.0
2006-05-22 09:15:00,NSE:SUVEN,1.20567308,1.22132142,0.81967883,1.1877891,5370906.0
2006-05-29 09:15:00,NSE:SUVEN,1.17661166,1.20716337,1.04322761,1.07974053,3663359.0
2006-06-05 09:15:00,NSE:SUVEN,1.08495675,1.09091797,0.83458208,0.95827912,8210756.0
2006-06-12 09:15:00,NSE:SUVEN,0.95529839,0.96871135,0.81967883,0.89419509,6011101.0
2006-06-19 09:15:00,NSE:SUVEN,0.87929184,1.0134211,0.8666241,0.99181143,2101083.0
2006-06-26 09:15:00,NSE:SUVEN,0.99851785,1.07154381,0.92549189,1.0134211,5046950.0
2006-07-03 09:15:00,NSE:SUVEN,1.0134211,1.1304116,0.99851785,1.04993402,3359197.0
2006-07-10 09:15:00,NSE:SUVEN,1.01714692,1.16245362,1.01714692,1.14755037,3620617.0
2006-07-17 09:15:00,NSE:SUVEN,1.11774386,1.25783446,1.05813086,1.10880194,14395782.0
2006-07-24 09:15:00,NSE:SUVEN,1.08197603,1.1535117,1.05067923,1.09687928,2884535.0
2006-07-31 09:15:00,NSE:SUVEN,1.11029224,1.26677638,1.0745244,1.22802795,10004258.0
2006-08-07 09:15:00,NSE:SUVEN,1.22802795,1.56260592,1.22802795,1.43145735,59680464.0
2006-08-14 09:15:00,NSE:SUVEN,1.45902835,1.65128027,1.40835727,1.53279942,35841707.0
2006-08-21 09:15:00,NSE:SUVEN,1.54993816,1.60358986,1.50075743,1.55068332,20076020.0
2006-08-28 09:15:00,NSE:SUVEN,1.56931238,1.84800319,1.49852194,1.51417035,68459287.0
2006-09-04 09:15:00,NSE:SUVEN,1.53354458,1.62445441,1.51342519,1.56931238,25111229.0
2006-09-11 09:15:00,NSE:SUVEN,1.57974466,1.57974466,1.40835727,1.51566068,13640109.0
2006-09-18 09:15:00,NSE:SUVEN,1.50895421,1.54621234,1.46498967,1.48063801,6097124.0
2006-09-25 09:15:00,NSE:SUVEN,1.48063801,1.5730382,1.37929597,1.50746389,9667887.0
2006-10-03 09:15:00,NSE:SUVEN,1.5052284,1.5350349,1.43071214,1.48808963,3207420.0
2006-10-09 09:15:00,NSE:SUVEN,1.45306702,1.54248653,1.42400573,1.52609295,6607616.0
2006-10-16 09:15:00,NSE:SUVEN,1.56484141,1.60806084,1.46200894,1.58123498,16072530.0
2006-10-23 09:15:00,NSE:SUVEN,1.53652523,1.5789995,1.52013165,1.55738978,5029572.0
2006-10-30 09:15:00,NSE:SUVEN,1.52981877,1.55366397,1.46349925,1.48808963,2959688.0
2006-11-06 09:15:00,NSE:SUVEN,1.49032515,1.49032515,1.41580889,1.43369275,3181116.0
2006-11-13 09:15:00,NSE:SUVEN,1.45306702,1.51566068,1.35694109,1.41580889,4360454.0
2006-11-20 09:15:00,NSE:SUVEN,1.40090564,1.517151,1.34278293,1.42326052,4090112.0
2006-11-27 09:15:00,NSE:SUVEN,1.41059278,1.51864133,1.37109914,1.45530254,4366696.0
2006-12-04 09:15:00,NSE:SUVEN,1.43816377,1.60060921,1.43071214,1.50150259,19513255.0
2006-12-11 09:15:00,NSE:SUVEN,1.49107031,1.75858368,1.4441251,1.68183193,31771588.0
2006-12-18 09:15:00,NSE:SUVEN,1.71387392,1.78839018,1.62445441,1.72058039,25109484.0
2006-12-26 09:15:00,NSE:SUVEN,1.69897067,2.15948099,1.65426092,2.02088105,31282835.0
2007-01-02 09:15:00,NSE:SUVEN,2.02758737,2.23474256,1.97691616,2.14532305,33630309.0
2007-01-08 09:15:00,NSE:SUVEN,2.10135846,2.19673912,1.9970357,2.02311639,15046715.0
2007-01-22 09:15:00,NSE:SUVEN,2.02311639,2.02311639,2.02311639,2.02311639,0.0
2007-02-26 09:15:00,NSE:SUVEN,2.08794568,2.16022631,2.08794568,2.13191013,639122.0
2007-03-05 09:15:00,NSE:SUVEN,2.1304198,2.1304198,1.87780969,1.98883891,2523541.0
2007-03-12 09:15:00,NSE:SUVEN,2.08421987,2.36961699,2.01119379,2.32118142,9055606.0
2007-03-19 09:15:00,NSE:SUVEN,2.33981049,2.36961699,2.1803457,2.29808103,3747384.0
2007-03-26 09:15:00,NSE:SUVEN,2.26529394,2.37855876,2.18183563,2.31000369,3656030.0
2007-04-02 09:15:00,NSE:SUVEN,2.22654538,2.36961669,2.22654538,2.26231335,1197205.0
2007-04-09 09:15:00,NSE:SUVEN,2.29211985,2.34279078,2.23548744,2.30106162,840000.0
2007-04-16 09:15:00,NSE:SUVEN,2.34279078,2.69450759,2.29808103,2.62893312,2461105.0
2007-04-23 09:15:00,NSE:SUVEN,2.62297193,2.68258493,2.39346201,2.49182328,3268446.0
2007-04-30 09:15:00,NSE:SUVEN,2.43221028,2.50374594,2.35769403,2.38750053,1158824.0
2007-05-07 09:15:00,NSE:SUVEN,2.36961669,2.41432644,2.23548744,2.25933276,1172125.0
2007-05-14 09:15:00,NSE:SUVEN,2.26827453,2.26827453,2.08645495,2.10731938,1921022.0
2007-05-21 09:15:00,NSE:SUVEN,2.12520352,2.26231335,2.08943554,2.16693238,1544627.0
2007-05-28 09:15:00,NSE:SUVEN,2.1609712,2.34279078,2.1013582,2.34279078,6404373.0
2007-06-04 09:15:00,NSE:SUVEN,2.39346201,2.73623675,2.35471344,2.47990062,18262222.0
2007-06-11 09:15:00,NSE:SUVEN,2.56335894,2.56335894,2.41730703,2.52461037,2916056.0
2007-06-18 09:15:00,NSE:SUVEN,2.50672653,2.68258493,2.45009412,2.53057185,5209063.0
2007-06-25 09:15:00,NSE:SUVEN,2.53355244,2.55441687,2.38451994,2.41134585,1631604.0
2007-07-02 09:15:00,NSE:SUVEN,2.39346201,2.68258493,2.26529394,2.51268801,4615485.0
2007-07-09 09:15:00,NSE:SUVEN,2.55739776,2.55739776,2.26529394,2.37557787,8189017.0
2007-07-16 09:15:00,NSE:SUVEN,2.43221028,2.66768168,2.38451994,2.56037835,5878900.0
2007-07-23 09:15:00,NSE:SUVEN,2.47393944,2.58422337,2.46499737,2.50374594,3529480.0
2007-07-30 09:15:00,NSE:SUVEN,2.50374594,2.54845569,2.41432644,2.44413294,1961835.0
2007-08-06 09:15:00,NSE:SUVEN,2.36067462,2.49778476,2.20866154,2.37259728,1856119.0
2007-08-13 09:15:00,NSE:SUVEN,2.39048112,2.46797826,2.26529394,2.39048112,3062853.0
2007-08-20 09:15:00,NSE:SUVEN,2.67662375,2.73921734,2.08645495,2.16693238,14738747.0
2007-08-27 09:15:00,NSE:SUVEN,2.25635187,2.26529394,2.1013582,2.22058419,1922666.0
2007-09-03 09:15:00,NSE:SUVEN,2.20568095,2.2176036,2.14606795,2.17885504,3166873.0
2007-09-10 09:15:00,NSE:SUVEN,2.20568095,2.26231335,2.15501002,2.17289386,6714070.0
2007-09-17 09:15:00,NSE:SUVEN,2.19375829,2.23548744,2.06857111,2.12818411,1887002.0
2007-09-24 09:15:00,NSE:SUVEN,2.19971976,2.32490694,2.08645495,2.14904854,17868264.0
2007-10-01 09:15:00,NSE:SUVEN,2.15202913,2.1609712,2.02684195,2.0417452,3719137.0
2007-10-08 09:15:00,NSE:SUVEN,2.08347436,2.08347436,1.91655802,1.96722895,2684965.0
2007-10-15 09:15:00,NSE:SUVEN,1.9523257,2.05664845,1.63935746,1.85396425,4206042.0
2007-10-22 09:15:00,NSE:SUVEN,1.85992561,2.2176036,1.85098354,2.04472579,5352201.0
2007-10-29 09:15:00,NSE:SUVEN,2.08645495,2.08645495,1.89569329,1.91357713,4693336.0
2007-11-05 09:15:00,NSE:SUVEN,1.9821322,2.03876461,1.8629062,1.97319013,2146024.0
2007-11-12 09:15:00,NSE:SUVEN,1.91357713,1.97915161,1.80329321,1.9523257,2065789.0
2007-11-19 09:15:00,NSE:SUVEN,1.93742245,2.20270035,1.84800295,1.94636452,4028313.0
2007-11-26 09:15:00,NSE:SUVEN,2.00299663,2.08645495,1.88377075,2.06559052,6551556.0
2007-12-03 09:15:00,NSE:SUVEN,2.08645495,2.38451994,2.04472579,2.14606795,36826732.0
2007-12-10 09:15:00,NSE:SUVEN,2.14606795,2.3666361,2.11626145,2.18481651,61341771.0
2007-12-17 09:15:00,NSE:SUVEN,2.18779711,3.26977285,2.18779711,2.68854611,505895252.0
2007-12-24 09:15:00,NSE:SUVEN,2.80181093,3.83907722,2.74219793,3.64533498,467142914.0
2008-02-25 09:15:00,NSE:SUVEN,2.15202913,2.2474101,2.14606795,2.2474101,2485632.0
2008-03-03 09:15:00,NSE:SUVEN,2.26529394,2.33981019,2.00299663,2.03578402,6771592.0
2008-03-10 09:15:00,NSE:SUVEN,2.01491929,2.31894576,1.8330997,2.00597752,24152800.0
2008-03-17 09:15:00,NSE:SUVEN,1.93742245,2.12222263,1.8330997,1.898674,7711924.0
2008-03-24 09:15:00,NSE:SUVEN,1.90761595,2.01491929,1.71089312,1.98511279,13236439.0
2008-03-31 09:15:00,NSE:SUVEN,1.88973211,2.08645495,1.84800295,1.85992561,10268329.0
2008-04-07 09:15:00,NSE:SUVEN,1.88973211,2.26231335,1.79435126,2.1013582,32344017.0
2008-04-15 09:15:00,NSE:SUVEN,2.08645495,2.19971976,2.00299663,2.09539702,5013636.0
2008-04-21 09:15:00,NSE:SUVEN,2.0417452,2.44413294,2.0417452,2.15501002,24027543.0
2008-04-28 09:15:00,NSE:SUVEN,2.14010677,2.14606795,2.00299663,2.11328086,8485059.0
2008-05-05 09:15:00,NSE:SUVEN,2.16991327,2.2474101,1.99405486,2.02982254,12339436.0
2008-05-12 09:15:00,NSE:SUVEN,1.96722895,2.0715517,1.84800295,1.99405486,8890507.0
2008-05-20 09:15:00,NSE:SUVEN,2.01491929,2.12818411,1.93742245,1.95530629,8922314.0
2008-05-26 09:15:00,NSE:SUVEN,1.93742245,2.42028762,1.90761595,2.20270035,38224983.0
2008-06-02 09:15:00,NSE:SUVEN,2.2474101,2.2474101,1.97915161,2.00001604,13896866.0
2008-06-09 09:15:00,NSE:SUVEN,1.96722895,2.09241613,1.83011911,2.01491929,13290488.0
2008-06-16 09:15:00,NSE:SUVEN,2.03280313,2.25635187,1.96126777,1.97319013,24430442.0
2008-06-23 09:15:00,NSE:SUVEN,1.94040304,2.08645495,1.76156405,1.82415775,8681007.0
2008-06-30 09:15:00,NSE:SUVEN,1.84800295,1.84800295,1.37706027,1.52013146,9534479.0
2008-07-07 09:15:00,NSE:SUVEN,1.57676387,1.63339616,1.45157651,1.48734437,7371879.0
2008-07-14 09:15:00,NSE:SUVEN,1.4485958,1.48734437,1.32936981,1.39196352,4238553.0
2008-07-21 09:15:00,NSE:SUVEN,1.38898281,1.63935746,1.35023442,1.56484121,7670807.0
2008-07-28 09:15:00,NSE:SUVEN,1.52013146,1.66320266,1.4485958,1.56186062,7834647.0
2008-08-04 09:15:00,NSE:SUVEN,1.53205412,1.90463536,1.53205412,1.66618337,10801920.0
2008-08-11 09:15:00,NSE:SUVEN,1.81521586,1.81521586,1.57974446,1.58570576,2512688.0
2008-08-18 09:15:00,NSE:SUVEN,1.59166712,1.72281566,1.43071196,1.53503471,4307430.0
2008-08-25 09:15:00,NSE:SUVEN,1.53503471,1.60358966,1.48436366,1.51715087,2374681.0
2008-09-01 09:15:00,NSE:SUVEN,1.60358966,1.60358966,1.4784023,1.48138301,2470684.0
2008-09-08 09:15:00,NSE:SUVEN,1.56484121,1.56484121,1.42177001,1.43071196,1985353.0
2008-09-15 09:15:00,NSE:SUVEN,1.37706027,1.46051846,1.13264697,1.32638922,3527080.0
2008-09-22 09:15:00,NSE:SUVEN,1.31148597,1.37109897,1.17437613,1.18629867,4326554.0
2008-09-29 09:15:00,NSE:SUVEN,1.17139542,1.19225997,0.94188538,0.96871123,9752334.0
2008-10-06 09:15:00,NSE:SUVEN,0.98361448,1.00745967,0.75708508,0.83458198,8703267.0
2008-10-13 09:15:00,NSE:SUVEN,0.83756263,0.95976928,0.72727858,0.75708508,9759731.0
2008-10-20 09:15:00,NSE:SUVEN,0.78689158,0.78689158,0.66766558,0.70343338,5383520.0
2008-10-27 09:15:00,NSE:SUVEN,0.62891713,0.84054328,0.60805258,0.84054328,9404021.0
2008-11-03 09:15:00,NSE:SUVEN,0.90611758,1.00149832,0.74814313,0.84054328,10953616.0
2008-11-10 09:15:00,NSE:SUVEN,0.80775613,0.95380798,0.77794963,0.89419498,5191818.0
2008-11-17 09:15:00,NSE:SUVEN,0.71535598,0.91804018,0.71535598,0.76900768,4336704.0
2008-11-24 09:15:00,NSE:SUVEN,0.64978168,0.82265938,0.64978168,0.76602703,1293810.0
2008-12-01 09:15:00,NSE:SUVEN,0.65872363,0.80179483,0.65872363,0.76900768,1917548.0
2008-12-08 09:15:00,NSE:SUVEN,0.74516248,0.83160133,0.74516248,0.78093028,1502775.0
2008-12-15 09:15:00,NSE:SUVEN,0.78689158,0.94486603,0.78093028,0.86438848,7037254.0
2008-12-22 09:15:00,NSE:SUVEN,0.86438848,0.90015628,0.77794963,0.78689158,2083738.0
2008-12-29 09:15:00,NSE:SUVEN,0.81669808,1.16245347,0.78093028,1.08495663,14866234.0
2009-01-05 09:15:00,NSE:SUVEN,1.09985988,1.15649217,0.78391093,0.87929173,5306609.0
2009-01-12 09:15:00,NSE:SUVEN,0.89121433,0.89121433,0.80477548,0.83756263,3074479.0
2009-01-19 09:15:00,NSE:SUVEN,0.84054328,0.96871123,0.72131728,0.78391093,8901159.0
2009-01-27 09:15:00,NSE:SUVEN,0.82862068,0.89419498,0.78093028,0.82564003,7527232.0
2009-02-02 09:15:00,NSE:SUVEN,0.78987223,0.83458198,0.74516248,0.77496898,3384544.0
2009-02-09 09:15:00,NSE:SUVEN,0.82265938,0.82265938,0.75112378,0.77496898,3123948.0
2009-02-16 09:15:00,NSE:SUVEN,0.77496898,0.77496898,0.65872363,0.69747208,2959252.0
2009-02-24 09:15:00,NSE:SUVEN,0.66170428,0.75410443,0.64978168,0.66468493,3975810.0
2009-03-02 09:15:00,NSE:SUVEN,0.69151078,0.69151078,0.58122674,0.59911064,6030126.0
2009-03-09 09:15:00,NSE:SUVEN,0.58420739,0.60805258,0.57228479,0.59612999,2681628.0
2009-03-16 09:15:00,NSE:SUVEN,0.59612999,0.61699453,0.56632349,0.61103323,6029538.0
2009-03-23 09:15:00,NSE:SUVEN,0.61103323,0.73323988,0.60209129,0.71833663,6559976.0
2009-03-30 09:15:00,NSE:SUVEN,0.65574298,0.75708508,0.64978168,0.73920118,5577824.0
2009-04-06 09:15:00,NSE:SUVEN,0.75708508,1.01640157,0.72727858,1.01640157,4813060.0
2009-04-13 09:15:00,NSE:SUVEN,1.05813072,1.12072431,0.87631108,0.89419498,31345159.0
2009-04-20 09:15:00,NSE:SUVEN,0.94188538,0.94188538,0.84054328,0.88525303,7424267.0
2009-04-27 09:15:00,NSE:SUVEN,0.87333043,0.89419498,0.79285288,0.83756263,4218709.0
2009-05-04 09:15:00,NSE:SUVEN,0.79881418,1.03726617,0.78987223,0.97467253,24465568.0
2009-05-11 09:15:00,NSE:SUVEN,0.99553713,0.99553713,0.83458198,0.91505953,9086087.0
2009-05-18 09:15:00,NSE:SUVEN,0.98063389,1.26975681,0.84054328,1.23995031,39728883.0
2009-05-25 09:15:00,NSE:SUVEN,1.29956331,1.57974446,1.19524056,1.43965391,50628503.0
2009-06-01 09:15:00,NSE:SUVEN,1.44263462,1.4784023,1.29062142,1.37706027,32668511.0
2009-06-08 09:15:00,NSE:SUVEN,1.36513767,1.39792487,1.16245347,1.25187297,18297634.0
2009-06-15 09:15:00,NSE:SUVEN,1.25187297,1.27571817,1.15351152,1.22206647,9314828.0
2009-06-22 09:15:00,NSE:SUVEN,1.27273752,1.27273752,1.14456963,1.18629867,4817706.0
2009-06-29 09:15:00,NSE:SUVEN,1.24591167,1.24591167,1.12966638,1.14456963,4737068.0
2009-07-06 09:15:00,NSE:SUVEN,1.23100842,1.24591167,1.06707267,1.13860827,7909515.0
2009-07-13 09:15:00,NSE:SUVEN,1.13264697,1.21312452,1.07303397,1.17735672,5346415.0
2009-07-20 09:15:00,NSE:SUVEN,1.23995031,1.27869888,1.16245347,1.23995031,10697362.0
2009-07-27 09:15:00,NSE:SUVEN,1.25187297,1.48734437,1.21610517,1.34725377,34362570.0
2009-08-03 09:15:00,NSE:SUVEN,1.14755022,1.40984741,1.14755022,1.28167947,12205339.0
2009-08-10 09:15:00,NSE:SUVEN,1.29360213,1.43071196,1.19822127,1.31744727,23832400.0
2009-08-17 09:15:00,NSE:SUVEN,1.29956331,1.40686677,1.22504706,1.33235052,16879941.0
2009-08-24 09:15:00,NSE:SUVEN,1.36215702,2.24144863,1.33235052,1.93146127,187433414.0
2009-08-31 09:15:00,NSE:SUVEN,1.8271384,2.00299663,1.72877696,1.73473826,32675423.0
2009-11-16 09:15:00,NSE:SUVEN,1.5380153,1.60955096,1.5380153,1.5678218,856742.0
2009-11-23 09:15:00,NSE:SUVEN,1.60955096,1.63339616,1.43071196,1.4784023,5694477.0
2009-11-30 09:15:00,NSE:SUVEN,1.49032496,1.8927127,1.46349905,1.79733191,22170028.0
2009-12-07 09:15:00,NSE:SUVEN,1.87184815,1.87184815,1.68108662,1.69300916,9589450.0
2009-12-14 09:15:00,NSE:SUVEN,1.70493176,1.8688675,1.67214455,1.73175755,32477009.0
2009-12-21 09:15:00,NSE:SUVEN,1.73175755,1.76454476,1.66916396,1.71089312,5430509.0
2009-12-29 09:15:00,NSE:SUVEN,1.72877696,1.75858346,1.66916396,1.72579637,5255698.0
2010-01-04 09:15:00,NSE:SUVEN,1.7168543,1.898674,1.7168543,1.80925451,12783182.0
2010-01-11 09:15:00,NSE:SUVEN,1.87184815,2.02088077,1.8062738,1.87780945,37366445.0
2010-01-18 09:15:00,NSE:SUVEN,1.88377075,1.8927127,1.61551226,1.71387371,12764496.0
2010-01-25 09:15:00,NSE:SUVEN,1.69002851,1.75858346,1.60657037,1.63637687,12363108.0
2010-02-01 09:15:00,NSE:SUVEN,1.63637687,1.73771891,1.50224762,1.58868641,6428780.0
2010-02-08 09:15:00,NSE:SUVEN,1.66916396,1.72579637,1.60955096,1.6572413,6365355.0
2010-02-15 09:15:00,NSE:SUVEN,1.71387371,1.71387371,1.54993796,1.56186062,4172476.0
2010-02-22 09:15:00,NSE:SUVEN,1.58570576,1.60358966,1.43369255,1.53503471,5754447.0
2010-03-02 09:15:00,NSE:SUVEN,1.57676387,1.60955096,1.5380153,1.59166712,3983861.0
2010-03-08 09:15:00,NSE:SUVEN,1.65426071,1.65426071,1.52013146,1.56186062,6464141.0
2010-03-15 09:15:00,NSE:SUVEN,1.57378316,1.75858346,1.45455716,1.63637687,25451292.0
2010-03-22 09:15:00,NSE:SUVEN,1.72877696,2.16991327,1.58570576,1.93146127,424679324.0
2010-03-29 09:15:00,NSE:SUVEN,1.99405486,2.11924204,1.85098354,1.93146127,98857885.0
2010-06-07 09:15:00,NSE:SUVEN,1.66916396,1.69897046,1.63935746,1.66022201,1579588.0
2010-06-14 09:15:00,NSE:SUVEN,1.66916396,1.93444186,1.66916396,1.7764673,26162514.0
2010-06-21 09:15:00,NSE:SUVEN,1.70493176,1.8062738,1.70493176,1.7466608,9100798.0
2010-06-28 09:15:00,NSE:SUVEN,1.76454476,1.85396425,1.71089312,1.82117705,12872308.0
2010-07-05 09:15:00,NSE:SUVEN,1.8330997,1.92848038,1.75858346,1.77348671,14811616.0
2010-07-12 09:15:00,NSE:SUVEN,1.78838996,1.87184815,1.77348671,1.80329321,18574941.0
2010-07-19 09:15:00,NSE:SUVEN,1.8062738,1.83011911,1.69897046,1.71089312,8716537.0
2010-07-26 09:15:00,NSE:SUVEN,1.72877696,1.78540937,1.65426071,1.66916396,12800461.0
2010-08-02 09:15:00,NSE:SUVEN,1.67214455,1.70195105,1.6274348,1.65426071,7829480.0
2010-08-09 09:15:00,NSE:SUVEN,1.69598987,1.69598987,1.62147362,1.6274348,8531308.0
2010-08-16 09:15:00,NSE:SUVEN,1.61551226,1.78838996,1.60358966,1.72281566,18331939.0
2010-08-23 09:15:00,NSE:SUVEN,1.78242866,1.89569329,1.63637687,1.78540937,36134331.0
2010-08-30 09:15:00,NSE:SUVEN,1.79733191,1.8271384,1.65426071,1.72877696,11293205.0
2010-09-06 09:15:00,NSE:SUVEN,1.72877696,1.94636452,1.70195105,1.84800295,53921628.0
2010-09-13 09:15:00,NSE:SUVEN,1.85396425,1.87780945,1.62147362,1.78540937,19070519.0
2010-09-20 09:15:00,NSE:SUVEN,1.79435126,1.99107427,1.74368021,1.79435126,67506533.0
2010-09-27 09:15:00,NSE:SUVEN,1.81521586,1.99107427,1.71089312,1.94040304,71013301.0
2010-10-04 09:15:00,NSE:SUVEN,1.96722895,1.97915161,1.77944801,1.79137055,22892505.0
2010-10-11 09:15:00,NSE:SUVEN,1.8062738,1.87482886,1.77348671,1.78242866,16726317.0
2010-10-18 09:15:00,NSE:SUVEN,1.76454476,1.85992561,1.7466608,1.78838996,15063340.0
2010-10-25 09:15:00,NSE:SUVEN,1.78838996,1.8688675,1.67810591,1.69598987,17972873.0
2010-11-01 09:15:00,NSE:SUVEN,1.69897046,1.74069962,1.64531876,1.72281566,8817655.0
2010-11-08 09:15:00,NSE:SUVEN,1.76156405,1.99703545,1.68108662,1.76454476,62983861.0
2010-11-15 09:15:00,NSE:SUVEN,1.8062738,1.87482886,1.66916396,1.68108662,14465434.0
2010-11-22 09:15:00,NSE:SUVEN,1.72877696,1.72877696,1.52013146,1.58272505,9834766.0
2010-11-29 09:15:00,NSE:SUVEN,1.55291855,1.67512526,1.52311205,1.54993796,10387967.0
2010-12-06 09:15:00,NSE:SUVEN,1.57676387,1.59464771,1.40090547,1.43369255,8575375.0
2010-12-13 09:15:00,NSE:SUVEN,1.44561521,1.56186062,1.43965391,1.47542171,6338264.0
2010-12-20 09:15:00,NSE:SUVEN,1.46647976,1.58868641,1.41282812,1.44263462,51584436.0
2010-12-27 09:15:00,NSE:SUVEN,1.45455716,1.53503471,1.41878931,1.49628626,34892236.0
2011-01-03 09:15:00,NSE:SUVEN,1.43071196,1.54397666,1.40090547,1.40686677,28281012.0
2011-01-10 09:15:00,NSE:SUVEN,1.41282812,1.45157651,1.34725377,1.35023442,18341769.0
2011-01-17 09:15:00,NSE:SUVEN,1.37109897,1.37407956,1.28167947,1.31744727,8728615.0
2011-01-24 09:15:00,NSE:SUVEN,1.31744727,1.33533117,1.18629867,1.20120192,9218072.0
2011-01-31 09:15:00,NSE:SUVEN,1.21014381,1.24293102,1.14158892,1.14456963,12869507.0
2011-02-07 09:15:00,NSE:SUVEN,1.13264697,1.15649217,0.99851773,1.07005338,13557577.0
2011-02-14 09:15:00,NSE:SUVEN,1.08197592,1.22206647,1.08197592,1.14158892,8049886.0
2011-02-21 09:15:00,NSE:SUVEN,1.14456963,1.14456963,1.03130481,1.05813072,4799169.0
2011-02-28 09:15:00,NSE:SUVEN,1.07303397,1.12668567,1.02236292,1.08495663,4082430.0
2011-03-07 09:15:00,NSE:SUVEN,1.10284047,1.10284047,1.04620806,1.05216942,5160551.0
2011-03-14 09:15:00,NSE:SUVEN,1.04918877,1.06707267,0.99553713,1.00745967,5186065.0
2011-03-21 09:15:00,NSE:SUVEN,1.01342097,1.04322747,0.97169182,1.02534363,6335008.0
2011-03-28 09:15:00,NSE:SUVEN,1.03428552,1.15351152,0.97169182,1.12072431,11556957.0
2011-04-04 09:15:00,NSE:SUVEN,1.16245347,1.5380153,1.13860827,1.34725377,81312130.0
2011-04-11 09:15:00,NSE:SUVEN,1.31148597,1.41580871,1.28466006,1.31446656,11753509.0
2011-04-18 09:15:00,NSE:SUVEN,1.32936981,1.32936981,1.21014381,1.24293102,3971515.0
2011-04-25 09:15:00,NSE:SUVEN,1.22206647,1.37706027,1.21908588,1.29360213,4715060.0
2011-05-02 09:15:00,NSE:SUVEN,1.27273752,1.28167947,1.13264697,1.16543406,4843724.0
2011-05-09 09:15:00,NSE:SUVEN,1.19225997,1.22206647,1.12668567,1.19225997,2729302.0
2011-05-16 09:15:00,NSE:SUVEN,1.21014381,1.32936981,1.15053081,1.26379563,4676947.0
2011-05-23 09:15:00,NSE:SUVEN,1.21014381,1.32936981,1.18629867,1.32936981,2990805.0
2011-05-30 09:15:00,NSE:SUVEN,1.39494417,1.40686677,1.27571817,1.35321513,4004106.0
2011-06-06 09:15:00,NSE:SUVEN,1.34129247,1.35619572,1.28167947,1.31148597,2261282.0
2011-06-13 09:15:00,NSE:SUVEN,1.30552467,1.35917631,1.26379563,1.29360213,3112725.0
2011-06-20 09:15:00,NSE:SUVEN,1.28466006,1.30254402,1.13264697,1.18927938,3972219.0
2011-06-27 09:15:00,NSE:SUVEN,1.15947288,1.25783427,1.15053081,1.23696972,2368458.0
2011-07-04 09:15:00,NSE:SUVEN,1.23696972,1.26677622,1.19225997,1.19822127,2133107.0
2011-07-11 09:15:00,NSE:SUVEN,1.18927938,1.21908588,1.07899527,1.17735672,2661732.0
2011-07-18 09:15:00,NSE:SUVEN,1.21908588,1.22206647,1.14755022,1.17139542,3560412.0
2011-07-25 09:15:00,NSE:SUVEN,1.16245347,1.18629867,1.11774372,1.14158892,2901596.0
2011-08-01 09:15:00,NSE:SUVEN,1.14158892,1.17735672,1.01640157,1.04322747,3337676.0
2011-08-08 09:15:00,NSE:SUVEN,1.14456963,1.14456963,0.87034978,1.09091781,11252091.0
2011-08-16 09:15:00,NSE:SUVEN,1.11178242,1.11178242,0.99553713,1.00447903,6494018.0
2011-08-22 09:15:00,NSE:SUVEN,1.01342097,1.05813072,0.96573064,0.97765318,3073607.0
2011-08-29 09:15:00,NSE:SUVEN,0.98063389,1.01640157,0.95678857,0.99553713,2367821.0
2011-09-05 09:15:00,NSE:SUVEN,0.98361448,1.09687917,0.97467253,1.04620806,11135102.0
2011-09-12 09:15:00,NSE:SUVEN,1.03726617,1.04620806,0.98361448,1.01342097,2663376.0
2011-09-19 09:15:00,NSE:SUVEN,1.01342097,1.06409202,0.90909823,1.00447903,3110846.0
2011-09-26 09:15:00,NSE:SUVEN,0.98659507,1.02534363,0.96573064,0.97765318,1671260.0
2011-10-03 09:15:00,NSE:SUVEN,0.97169182,1.05515013,0.92400148,0.94784668,3206212.0
2011-10-10 09:15:00,NSE:SUVEN,0.97765318,1.01342097,0.92400148,0.96274993,2278645.0
2011-10-17 09:15:00,NSE:SUVEN,0.98361448,1.00447903,0.95082733,0.95380798,2091554.0
2011-10-24 09:15:00,NSE:SUVEN,0.96274993,1.00745967,0.95082733,0.99553713,1302029.0
2011-10-31 09:15:00,NSE:SUVEN,1.00149832,1.07303397,0.95976928,0.97169182,5260612.0
2011-11-08 09:15:00,NSE:SUVEN,0.97169182,0.98957578,0.93890473,0.95082733,1442956.0
2011-11-14 09:15:00,NSE:SUVEN,0.95082733,0.98063389,0.86438848,0.87631108,3167831.0
2011-11-21 09:15:00,NSE:SUVEN,0.88823368,0.90611758,0.82265938,0.85246588,2171034.0
2011-11-28 09:15:00,NSE:SUVEN,0.85246588,1.00149832,0.84650458,0.89121433,1859877.0
2011-12-05 09:15:00,NSE:SUVEN,0.91804018,0.93890473,0.83756263,0.84650458,14234579.0
2011-12-12 09:15:00,NSE:SUVEN,0.85842718,0.86438848,0.75112378,0.78093028,4095731.0
2011-12-19 09:15:00,NSE:SUVEN,0.66170428,0.82862068,0.66170428,0.76602703,4780331.0
2011-12-26 09:15:00,NSE:SUVEN,0.76304638,0.77496898,0.67660753,0.70343338,4576013.0
2012-01-02 09:15:00,NSE:SUVEN,0.70045273,0.73025923,0.68256883,0.72131728,2942493.0
2012-01-09 09:15:00,NSE:SUVEN,0.76006573,0.90611758,0.72727858,0.86438848,5729420.0
2012-01-16 09:15:00,NSE:SUVEN,0.84054328,0.87929173,0.81669808,0.83458198,4099288.0
2012-01-23 09:15:00,NSE:SUVEN,0.82265938,0.91505953,0.80477548,0.90313693,4826329.0
2012-01-30 09:15:00,NSE:SUVEN,0.91804018,1.02236292,0.87929173,0.91505953,15131110.0
2012-02-06 09:15:00,NSE:SUVEN,0.94784668,1.08495663,0.92400148,0.95678857,24944657.0
2012-02-13 09:15:00,NSE:SUVEN,0.96274993,1.01938227,0.94784668,0.96573064,8325749.0
2012-02-21 09:15:00,NSE:SUVEN,0.96871123,0.97765318,0.89419498,0.90015628,4698269.0
2012-02-27 09:15:00,NSE:SUVEN,0.90015628,0.91207888,0.84054328,0.88227238,3807137.0
2012-03-05 09:15:00,NSE:SUVEN,0.89419498,0.89419498,0.83458198,0.86140783,2354937.0
2012-03-12 09:15:00,NSE:SUVEN,0.85842718,0.88525303,0.84948523,0.84948523,3446763.0
2012-03-19 09:15:00,NSE:SUVEN,0.69747208,0.88227238,0.69747208,0.82862068,3116516.0
2012-03-26 09:15:00,NSE:SUVEN,0.84650458,0.84650458,0.78689158,0.81967873,3452247.0
2012-04-02 09:15:00,NSE:SUVEN,0.84054328,0.93592408,0.80179483,0.89121433,10966868.0
2012-04-09 09:15:00,NSE:SUVEN,0.89717563,0.96573064,0.86438848,0.92996278,8046179.0
2012-04-16 09:15:00,NSE:SUVEN,0.94188538,0.94188538,0.88823368,0.89121433,2701018.0
2012-04-23 09:15:00,NSE:SUVEN,0.90015628,0.90611758,0.81967873,0.87034978,3628586.0
2012-04-30 09:15:00,NSE:SUVEN,0.86736913,1.02236292,0.86736913,0.94784668,29916779.0
2012-05-07 09:15:00,NSE:SUVEN,0.95976928,1.02832422,0.90909823,0.91207888,16931993.0
2012-05-14 09:15:00,NSE:SUVEN,0.91207888,0.94188538,0.86438848,0.87631108,4321824.0
2012-05-21 09:15:00,NSE:SUVEN,0.88525303,0.96871123,0.87929173,0.90611758,8283964.0
2012-05-28 09:15:00,NSE:SUVEN,0.90015628,0.96274993,0.86438848,0.87631108,4971666.0
2012-06-04 09:15:00,NSE:SUVEN,0.87631108,0.94784668,0.86736913,0.90015628,7366479.0
2012-06-11 09:15:00,NSE:SUVEN,0.89717563,0.92102083,0.87333043,0.87929173,2811600.0
2012-06-18 09:15:00,NSE:SUVEN,0.90313693,0.91505953,0.86438848,0.88525303,3747401.0
2012-06-25 09:15:00,NSE:SUVEN,0.90015628,0.92698213,0.86438848,0.90015628,4257006.0
2012-07-02 09:15:00,NSE:SUVEN,0.89717563,1.00149832,0.88823368,0.94784668,9574067.0
2012-07-09 09:15:00,NSE:SUVEN,0.98361448,0.98361448,0.91804018,0.93592408,4952961.0
2012-07-16 09:15:00,NSE:SUVEN,0.93592408,0.94486603,0.88227238,0.90909823,3089408.0
2012-07-23 09:15:00,NSE:SUVEN,0.89717563,0.92996278,0.86438848,0.86736913,2186468.0
2012-07-30 09:15:00,NSE:SUVEN,0.87034978,1.00745967,0.87034978,0.97765318,9056211.0
2012-08-06 09:15:00,NSE:SUVEN,0.96871123,1.02534363,0.90313693,0.95976928,35062971.0
2012-08-13 09:15:00,NSE:SUVEN,0.95380798,1.15947288,0.93592408,1.10284047,54514250.0
2012-08-21 09:15:00,NSE:SUVEN,1.11774372,1.50522821,1.05813072,1.40686677,118678845.0
2012-08-27 09:15:00,NSE:SUVEN,1.39494417,1.48138301,1.27273752,1.40686677,77613104.0
2012-09-03 09:15:00,NSE:SUVEN,1.42475066,1.45157651,1.31744727,1.33533117,22209114.0
2012-09-10 09:15:00,NSE:SUVEN,1.34725377,1.56484121,1.28764077,1.38898281,63702144.0
2012-09-17 09:15:00,NSE:SUVEN,1.40090547,1.41878931,1.31446656,1.38600222,16727910.0
2012-09-24 09:15:00,NSE:SUVEN,1.39494417,1.49926691,1.37109897,1.41878931,25145135.0
2012-10-01 09:15:00,NSE:SUVEN,1.45455716,1.5082088,1.38302163,1.40090547,18111032.0
2012-10-08 09:15:00,NSE:SUVEN,1.41878931,1.47244112,1.34725377,1.37706027,14268563.0
2012-10-15 09:15:00,NSE:SUVEN,1.37706027,1.6572413,1.37706027,1.58272505,62206129.0
2012-10-22 09:15:00,NSE:SUVEN,1.60358966,1.74964151,1.54993796,1.56484121,35497676.0
2012-10-29 09:15:00,NSE:SUVEN,1.57378316,1.66320266,1.51118951,1.63339616,23428528.0
2012-11-05 09:15:00,NSE:SUVEN,1.61849291,1.72281566,1.61849291,1.65128012,17979802.0
2012-11-12 09:15:00,NSE:SUVEN,1.64829941,1.99703545,1.60060901,1.6274348,38713149.0
2012-11-19 09:15:00,NSE:SUVEN,1.63935746,1.66320266,1.46946041,1.51417016,15828676.0
2012-11-26 09:15:00,NSE:SUVEN,1.51715087,1.76156405,1.48436366,1.74368021,31250245.0
2012-12-03 09:15:00,NSE:SUVEN,1.77050612,2.08645495,1.74368021,1.91357713,97902606.0
2012-12-10 09:15:00,NSE:SUVEN,1.9523257,2.1013582,1.81521586,1.90761595,67003153.0
2012-12-17 09:15:00,NSE:SUVEN,1.9225192,1.96722895,1.81819645,1.84800295,36076157.0
2012-12-24 09:15:00,NSE:SUVEN,1.87184815,1.90165465,1.79137055,1.80925451,10236389.0
2012-12-31 09:15:00,NSE:SUVEN,1.82415775,1.97915161,1.79435126,1.93742245,37825876.0
2013-01-07 09:15:00,NSE:SUVEN,1.94934511,1.99405486,1.78242866,1.79733191,20738513.0
2013-01-14 09:15:00,NSE:SUVEN,1.79733191,1.84204165,1.69300916,1.70493176,11053191.0
2013-01-21 09:15:00,NSE:SUVEN,1.72877696,1.72877696,1.49330555,1.57974446,18767181.0
2013-01-28 09:15:00,NSE:SUVEN,1.60358966,1.69897046,1.56484121,1.57676387,16875848.0
2013-02-04 09:15:00,NSE:SUVEN,1.58272505,1.61551226,1.4784023,1.49032496,7818611.0
2013-02-11 09:15:00,NSE:SUVEN,1.49032496,1.66320266,1.39494417,1.41878931,29637209.0
2013-02-18 09:15:00,NSE:SUVEN,1.42475066,1.50522821,1.42475066,1.46349905,8889704.0
2013-02-25 09:15:00,NSE:SUVEN,1.49032496,1.49032496,1.31446656,1.37109897,8288609.0
2013-03-04 09:15:00,NSE:SUVEN,1.36811838,1.45157651,1.30850538,1.41878931,9726131.0
2013-03-11 09:15:00,NSE:SUVEN,1.41878931,1.60060901,1.39494417,1.57378316,23193244.0
2013-03-18 09:15:00,NSE:SUVEN,1.56186062,1.57676387,1.33235052,1.35321513,12265494.0
2013-03-25 09:15:00,NSE:SUVEN,1.36215702,1.42475066,1.32936981,1.38302163,6898191.0
2013-04-01 09:15:00,NSE:SUVEN,1.37109897,1.60060901,1.31744727,1.50522821,21483064.0
2013-04-08 09:15:00,NSE:SUVEN,1.50224762,1.69897046,1.47542171,1.69300916,19974266.0
2013-04-15 09:15:00,NSE:SUVEN,1.69300916,1.81223516,1.60955096,1.67810591,29453557.0
2013-04-22 09:15:00,NSE:SUVEN,1.66916396,1.72281566,1.53205412,1.54695737,7008788.0
2013-04-29 09:15:00,NSE:SUVEN,1.5380153,1.63041551,1.52013146,1.60657037,9308136.0
2013-05-06 09:15:00,NSE:SUVEN,1.57974446,1.83608029,1.57974446,1.75560287,37549526.0
2013-05-13 09:15:00,NSE:SUVEN,1.78838996,1.83011911,1.55291855,1.57378316,24678223.0
2013-05-20 09:15:00,NSE:SUVEN,1.57378316,1.62147362,1.43071196,1.46647976,9568413.0
2013-05-27 09:15:00,NSE:SUVEN,1.46051846,1.50224762,1.36513767,1.37706027,11282101.0
2013-06-03 09:15:00,NSE:SUVEN,1.38302163,1.44263462,1.36513767,1.40686677,5503511.0
2013-06-10 09:15:00,NSE:SUVEN,1.43071196,1.43965391,1.32042792,1.35321513,5793431.0
2013-06-17 09:15:00,NSE:SUVEN,1.41580871,1.51417016,1.32638922,1.51417016,9481168.0
2013-06-24 09:15:00,NSE:SUVEN,1.49330555,1.52907341,1.35321513,1.46349905,13514918.0
2013-07-01 09:15:00,NSE:SUVEN,1.47542171,1.51118951,1.37407956,1.41282812,6781204.0
2013-07-08 09:15:00,NSE:SUVEN,1.41878931,1.59166712,1.38898281,1.46946041,19410227.0
2013-07-15 09:15:00,NSE:SUVEN,1.44561521,1.62445421,1.44561521,1.52907341,11834530.0
2013-07-22 09:15:00,NSE:SUVEN,1.51118951,1.56186062,1.38004092,1.41580871,7087512.0
2013-07-29 09:15:00,NSE:SUVEN,1.48734437,1.48734437,1.34129247,1.46051846,7518727.0
2013-08-05 09:15:00,NSE:SUVEN,1.43667326,1.66320266,1.41878931,1.61849291,19963395.0
2013-08-12 09:15:00,NSE:SUVEN,1.60955096,2.0715517,1.60955096,1.84800295,91707009.0
2013-08-19 09:15:00,NSE:SUVEN,1.82415775,2.06857111,1.74964151,2.00299663,35736466.0
2013-08-26 09:15:00,NSE:SUVEN,1.98511279,2.18779711,1.90165465,2.14606795,42442939.0
2013-09-02 09:15:00,NSE:SUVEN,2.16395179,2.97766934,2.16395179,2.66768168,189049589.0
2013-09-10 09:15:00,NSE:SUVEN,2.64979784,2.77200443,2.41432644,2.5454751,40039185.0
2013-09-16 09:15:00,NSE:SUVEN,2.59316544,2.73325586,2.40240378,2.61104928,58108934.0
2013-09-23 09:15:00,NSE:SUVEN,2.56633953,2.77200443,2.56633953,2.59614603,44276079.0
2013-09-30 09:15:00,NSE:SUVEN,2.58720425,2.65277843,2.45903619,2.59316544,25316356.0
2013-10-07 09:15:00,NSE:SUVEN,2.61701075,2.82863684,2.58124278,2.77200443,48426030.0
2013-10-14 09:15:00,NSE:SUVEN,2.83459802,3.15352774,2.83161743,3.08199208,75932129.0
2013-10-21 09:15:00,NSE:SUVEN,3.09987592,3.43967007,3.09689533,3.26083108,59404391.0
2013-10-28 09:15:00,NSE:SUVEN,3.2250631,3.39197974,3.21910192,3.2846761,33529866.0
2013-11-05 09:15:00,NSE:SUVEN,3.36515383,3.97916765,3.32640526,3.9642644,84372838.0
2013-11-11 09:15:00,NSE:SUVEN,3.97618682,4.97768538,3.71090916,4.1729099,411913130.0
2013-11-18 09:15:00,NSE:SUVEN,4.17887108,4.55741356,4.00599332,4.30703914,191015670.0
2013-11-25 09:15:00,NSE:SUVEN,4.26232939,4.47097489,4.0238774,4.13118098,68074697.0
2013-12-02 09:15:00,NSE:SUVEN,4.12223897,4.39347781,4.09541282,4.13416133,75532315.0
2013-12-09 09:15:00,NSE:SUVEN,4.1729099,4.25934857,3.8748449,4.1431034,68836915.0
2013-12-16 09:15:00,NSE:SUVEN,4.18483232,4.75711746,4.16098748,4.66769796,129961183.0
2013-12-23 09:15:00,NSE:SUVEN,4.66173631,4.75413663,4.48885897,4.51270381,48037123.0
2013-12-30 09:15:00,NSE:SUVEN,4.53058789,4.54847197,4.19973557,4.41434272,64683843.0
2014-01-06 09:15:00,NSE:SUVEN,4.45309081,4.85845938,4.42626514,4.50972346,104565246.0
2014-01-13 09:15:00,NSE:SUVEN,4.52462671,4.57231681,4.32790357,4.35771007,32680119.0
2014-01-20 09:15:00,NSE:SUVEN,4.35174889,4.7928852,4.29213589,4.46799406,93817909.0
2014-01-27 09:15:00,NSE:SUVEN,4.39645864,4.66471713,3.9940709,4.60808496,70972019.0
2014-02-03 09:15:00,NSE:SUVEN,4.64087182,4.90316913,4.41136189,4.45309081,150214434.0
2014-02-10 09:15:00,NSE:SUVEN,4.47097489,4.48885897,4.20867758,4.29213589,45273514.0
2014-02-17 09:15:00,NSE:SUVEN,4.30107796,4.39049746,4.23252289,4.30405831,28010751.0
2014-02-24 09:15:00,NSE:SUVEN,4.30107796,4.56933646,4.24742614,4.48885897,44702565.0
2014-03-03 09:15:00,NSE:SUVEN,4.53058789,4.58423971,4.31001997,4.41732307,47858352.0
2014-03-10 09:15:00,NSE:SUVEN,4.36665214,4.46501371,4.29809707,4.34876806,23171069.0
2014-03-18 09:15:00,NSE:SUVEN,4.35771007,4.38155539,4.24742614,4.25338733,13087562.0
2014-03-24 09:15:00,NSE:SUVEN,4.25934857,4.37559421,4.15800665,4.22954207,39161960.0
2014-03-31 09:15:00,NSE:SUVEN,4.28021347,4.62596857,4.23252289,4.43818756,44634725.0
2014-04-07 09:15:00,NSE:SUVEN,4.42030396,4.70644605,4.36367131,4.62596857,43328836.0
2014-04-15 09:15:00,NSE:SUVEN,4.67663956,4.67663956,4.41434272,4.47991696,11315886.0
2014-04-21 09:15:00,NSE:SUVEN,4.51270381,5.28469244,4.50078139,5.0104727,103620436.0
2014-04-28 09:15:00,NSE:SUVEN,5.06114369,5.63044753,5.0194143,5.32940219,98899669.0
2014-05-05 09:15:00,NSE:SUVEN,5.36516987,5.56487329,5.23402145,5.3383442,51778435.0
2014-05-12 09:15:00,NSE:SUVEN,5.3860343,5.41882168,4.94787888,4.9717242,36042137.0
2014-05-19 09:15:00,NSE:SUVEN,5.01345306,6.00302895,5.00749188,5.39497637,193000203.0
2014-05-26 09:15:00,NSE:SUVEN,5.42478287,5.44862818,4.91807238,5.09393054,50063895.0
2014-06-02 09:15:00,NSE:SUVEN,5.07306605,5.59169944,5.07306605,5.40689879,93927415.0
2014-06-09 09:15:00,NSE:SUVEN,5.39795719,5.58573778,5.12075669,5.1893117,60084896.0
2014-06-16 09:15:00,NSE:SUVEN,5.23998269,5.87784153,5.0790273,5.81226736,116435342.0
2014-06-23 09:15:00,NSE:SUVEN,5.84207385,6.07456455,5.65727368,5.70198343,110821046.0
2014-06-30 09:15:00,NSE:SUVEN,5.72284786,6.78395923,5.70198343,6.53358464,152781442.0
2014-07-07 09:15:00,NSE:SUVEN,6.53358464,7.04923707,5.88082242,6.113313,125508161.0
2014-07-14 09:15:00,NSE:SUVEN,6.11629365,6.74223013,6.11629365,6.54848789,45181906.0
2014-07-21 09:15:00,NSE:SUVEN,6.61704284,6.99558538,6.36666824,6.43820384,52461575.0
2014-07-28 09:15:00,NSE:SUVEN,6.47993294,7.18038567,6.25936484,6.92404978,59447167.0
2014-08-04 09:15:00,NSE:SUVEN,6.94491433,7.60065731,6.94491433,7.15952112,66231090.0
2014-08-11 09:15:00,NSE:SUVEN,7.27278582,7.58277341,6.68261713,7.11481137,57220254.0
2014-08-18 09:15:00,NSE:SUVEN,7.12375332,8.0298709,7.11183072,7.84805066,71930921.0
2014-08-25 09:15:00,NSE:SUVEN,7.9046842,9.95537075,7.8689158,9.78249365,123876756.0
2014-09-01 09:15:00,NSE:SUVEN,9.8570099,12.46805804,9.33539616,12.46805804,237630520.0
2014-09-08 09:15:00,NSE:SUVEN,12.75121979,13.71397031,11.63645731,12.06865155,168132237.0
2014-09-15 09:15:00,NSE:SUVEN,11.9285616,12.32200679,10.33093264,12.00307785,143880212.0
2014-09-22 09:15:00,NSE:SUVEN,11.91663781,12.48296129,9.71989941,11.07013383,89661164.0
2014-09-29 09:15:00,NSE:SUVEN,11.26685672,11.80337371,10.73033973,10.82870059,39032828.0
2014-10-07 09:15:00,NSE:SUVEN,10.84956573,11.31454712,10.41439084,10.90023738,43831764.0
2014-10-13 09:15:00,NSE:SUVEN,10.49188774,11.54107711,10.49188774,10.81379734,52417190.0
2014-10-20 09:15:00,NSE:SUVEN,11.02840473,11.55598036,10.76610813,11.50828936,29341350.0
2014-10-27 09:15:00,NSE:SUVEN,11.62453471,12.81679468,11.62453471,12.68862733,95299482.0
2014-11-03 09:15:00,NSE:SUVEN,12.80487208,14.11039675,12.75718168,13.63945406,92802594.0
2014-11-10 09:15:00,NSE:SUVEN,13.77060266,13.9941514,12.43229084,12.60814919,68923874.0
2014-11-17 09:15:00,NSE:SUVEN,10.96581108,12.78698818,10.78995273,12.15807105,106142150.0
2014-11-24 09:15:00,NSE:SUVEN,12.15807105,12.62007179,11.20724372,12.48892319,71616074.0
2014-12-01 09:15:00,NSE:SUVEN,12.36969719,13.65137666,11.98519335,13.17745332,70387683.0
2014-12-08 09:15:00,NSE:SUVEN,13.21918242,13.37715627,12.2802777,13.04034343,49460267.0
2014-12-15 09:15:00,NSE:SUVEN,12.99265303,13.70502776,11.86298671,12.63497504,52621189.0
2014-12-22 09:15:00,NSE:SUVEN,12.75121979,12.98669232,12.54853619,12.57834269,14338734.0
2014-12-29 09:15:00,NSE:SUVEN,12.57834269,12.95688582,12.27729705,12.68564609,47284752.0
2015-01-05 09:15:00,NSE:SUVEN,12.68564609,12.93602068,12.43527209,12.65882083,31935483.0
2015-01-12 09:15:00,NSE:SUVEN,12.74525908,12.78102629,11.9822127,12.28325835,23036820.0
2015-01-19 09:15:00,NSE:SUVEN,12.30710354,13.45465377,12.29220029,12.77208493,68323989.0
2015-01-27 09:15:00,NSE:SUVEN,12.78698818,13.35331167,12.37267784,13.22514432,24202372.0
2015-02-02 09:15:00,NSE:SUVEN,13.41292467,15.8689808,13.35629232,14.22366204,191559678.0
2015-02-09 09:15:00,NSE:SUVEN,14.18789365,14.64095303,13.11485967,14.16404904,65748863.0
2015-02-16 09:15:00,NSE:SUVEN,14.24154475,15.23112112,13.77954401,13.88684801,50644908.0
2015-02-23 09:15:00,NSE:SUVEN,13.946461,14.11039675,13.14466617,13.39504077,28900003.0
2015-03-02 09:15:00,NSE:SUVEN,13.45465377,14.23558405,13.41590532,13.946461,28946420.0
2015-03-09 09:15:00,NSE:SUVEN,13.86002216,15.78552141,13.72291226,14.80488878,139158071.0
2015-03-16 09:15:00,NSE:SUVEN,14.84363663,19.22519202,14.48595864,16.95393618,476866213.0
2015-03-23 09:15:00,NSE:SUVEN,17.15662038,18.56348714,16.2147356,17.01951108,178079196.0
2015-03-30 09:15:00,NSE:SUVEN,17.28478952,17.64246751,16.93903293,17.21921522,60335515.0
2015-04-06 09:15:00,NSE:SUVEN,17.31757607,19.95545125,17.14469897,18.98972008,173893582.0
2015-04-13 09:15:00,NSE:SUVEN,19.03741167,20.179,18.81088109,18.98972008,79882275.0
2015-04-20 09:15:00,NSE:SUVEN,18.95693353,18.98972008,17.41891876,17.70804061,82962877.0
2015-04-27 09:15:00,NSE:SUVEN,17.75573221,17.98226041,15.80638596,16.73932939,58574354.0
2015-05-04 09:15:00,NSE:SUVEN,16.92412968,17.83620975,16.05377991,16.84067208,55366211.0
2015-05-11 09:15:00,NSE:SUVEN,17.01653102,18.43531979,16.77807903,18.10446825,75013453.0
2015-05-18 09:15:00,NSE:SUVEN,18.20580915,19.29672822,18.1432167,18.60521743,58857026.0
2015-05-25 09:15:00,NSE:SUVEN,18.66184859,18.67079173,15.8630195,16.71846603,111827420.0
2015-06-01 09:15:00,NSE:SUVEN,16.75125258,16.80788553,14.375674,14.77210103,47242597.0
2015-06-08 09:15:00,NSE:SUVEN,14.90324963,15.00459173,13.42484727,13.75569941,44056916.0
2015-06-15 09:15:00,NSE:SUVEN,14.03886115,15.17150812,13.9822288,14.92113353,63649673.0
2015-06-22 09:15:00,NSE:SUVEN,14.99564978,15.18343072,13.95540355,14.01799601,29110142.0
2015-06-29 09:15:00,NSE:SUVEN,13.41292467,14.51278449,13.24004757,14.0120353,50580107.0
2015-07-06 09:15:00,NSE:SUVEN,13.86002216,14.66479764,13.53811256,14.0120353,30790799.0
2015-07-13 09:15:00,NSE:SUVEN,14.00905465,16.2624254,13.89877001,15.97926366,100010383.0
2015-07-20 09:15:00,NSE:SUVEN,16.0955096,16.53664519,14.79296499,14.94199748,35889033.0
2015-07-27 09:15:00,NSE:SUVEN,14.89132703,15.88388405,14.36077075,15.52918611,40957508.0
2015-08-03 09:15:00,NSE:SUVEN,15.49937962,16.28031049,14.85853988,16.02695525,47491149.0
2015-08-10 09:15:00,NSE:SUVEN,16.14021935,16.3816514,14.73633323,15.21323722,47275191.0
2015-08-17 09:15:00,NSE:SUVEN,14.48595864,15.26092762,14.00905465,14.38163589,43904047.0
2015-08-24 09:15:00,NSE:SUVEN,13.83021566,13.91963515,11.9881746,13.07014993,44440221.0
2015-08-31 09:15:00,NSE:SUVEN,13.09101507,13.35331167,12.45911669,12.60814919,34313301.0
2015-09-07 09:15:00,NSE:SUVEN,12.72737518,14.42038375,11.47550222,13.83617755,112569406.0
2015-09-14 09:15:00,NSE:SUVEN,13.83021566,14.90324963,13.47253767,14.80488878,73063762.0
2015-09-21 09:15:00,NSE:SUVEN,14.70056603,15.97032171,14.58134003,15.35630901,52206029.0
2015-09-28 09:15:00,NSE:SUVEN,15.43976662,17.46064667,14.97776588,17.05527947,113599284.0
2015-10-05 09:15:00,NSE:SUVEN,17.30565287,18.40253324,16.66481314,16.77807903,106327160.0
2015-10-12 09:15:00,NSE:SUVEN,16.90624698,17.63948567,16.45020754,16.93903293,70704862.0
2015-10-19 09:15:00,NSE:SUVEN,17.01951108,17.51131832,16.59924003,17.13277518,41754213.0
2015-10-26 09:15:00,NSE:SUVEN,17.22517652,17.37718907,15.93157385,16.15810265,34918606.0
2015-11-02 09:15:00,NSE:SUVEN,16.2147356,16.81086558,15.50534151,15.61860561,32161322.0
2015-11-09 09:15:00,NSE:SUVEN,14.90324963,16.56049039,14.86152053,15.9285938,41540552.0
2015-11-16 09:15:00,NSE:SUVEN,15.8630195,16.1491607,15.20131462,15.59774047,29711102.0
2015-11-23 09:15:00,NSE:SUVEN,15.59774047,16.3578062,15.43976662,15.90772925,32507204.0
2015-11-30 09:15:00,NSE:SUVEN,16.03291655,16.2743486,15.49937962,15.56793397,26851910.0
2015-12-07 09:15:00,NSE:SUVEN,15.69908376,16.2147356,14.60518464,15.20429527,45291059.0
2015-12-14 09:15:00,NSE:SUVEN,15.20131462,15.49937962,14.94497873,15.24602437,24546038.0
2015-12-21 09:15:00,NSE:SUVEN,15.30861742,16.2922319,15.20131462,15.9464771,44942629.0
2015-12-28 09:15:00,NSE:SUVEN,15.9762836,16.3876127,13.63349276,15.76167621,37970324.0
2016-01-04 09:15:00,NSE:SUVEN,15.76167621,16.0358966,14.99863102,15.18939202,24963194.0
2016-01-11 09:15:00,NSE:SUVEN,15.08208863,15.20131462,12.59920783,13.49340281,22288878.0
2016-01-18 09:15:00,NSE:SUVEN,13.41292467,13.97924815,11.9941353,13.19235657,42410613.0
2016-01-25 09:15:00,NSE:SUVEN,13.37715627,13.59176366,13.00159557,13.15658877,12340679.0
2016-02-01 09:15:00,NSE:SUVEN,13.29667932,13.34734977,11.9225997,12.50382644,17636302.0
2016-02-08 09:15:00,NSE:SUVEN,12.56045879,12.84660118,10.14017164,10.47102259,25537063.0
2016-02-15 09:15:00,NSE:SUVEN,10.52467489,11.02244283,8.60215569,8.72734239,76125309.0
2016-02-22 09:15:00,NSE:SUVEN,8.70349778,9.17443988,8.67965318,8.94493043,34030612.0
2016-02-29 09:15:00,NSE:SUVEN,8.95983368,12.60218729,8.88531743,11.73779881,131942144.0
2016-03-08 09:15:00,NSE:SUVEN,11.68414771,12.42036884,11.62453471,12.00307785,44102058.0
2016-03-14 09:15:00,NSE:SUVEN,12.0537483,12.57238079,11.72587681,11.81827696,40611258.0
2016-03-21 09:15:00,NSE:SUVEN,11.91663781,12.09845805,11.32646972,11.48146411,13651166.0
2016-03-28 09:15:00,NSE:SUVEN,11.55598036,11.94644431,10.90619808,11.49040546,30450957.0
2016-04-04 09:15:00,NSE:SUVEN,11.49934682,12.1848963,11.09994032,12.1014387,41216764.0
2016-04-11 09:15:00,NSE:SUVEN,12.2206647,12.75121979,12.07461285,12.50382644,29070068.0
2016-04-18 09:15:00,NSE:SUVEN,12.57834269,12.85256308,12.19682009,12.43825155,20603222.0
2016-04-25 09:15:00,NSE:SUVEN,12.45315479,13.19533782,12.2206647,12.73929778,33962456.0
2016-05-02 09:15:00,NSE:SUVEN,12.53065229,12.84660118,12.33989069,12.54555554,15565109.0
2016-05-09 09:15:00,NSE:SUVEN,12.63199379,12.90025228,12.26537445,12.30114284,22356245.0
2016-05-16 09:15:00,NSE:SUVEN,12.33989069,12.71545258,12.0179811,12.35777459,12964887.0
2016-05-23 09:15:00,NSE:SUVEN,12.39950369,13.53215066,12.16701359,13.22812378,38086489.0
2016-05-30 09:15:00,NSE:SUVEN,13.51426676,13.53215066,12.67074284,12.73333708,21745758.0
2016-06-06 09:15:00,NSE:SUVEN,12.75718168,12.96284653,12.39950369,12.48892319,11739283.0
2016-06-13 09:15:00,NSE:SUVEN,12.44719409,12.75121979,12.21768405,12.32796809,17545265.0
2016-06-20 09:15:00,NSE:SUVEN,12.08057355,12.38460044,10.91215938,11.22810887,21678995.0
2016-06-27 09:15:00,NSE:SUVEN,11.26685672,12.54853619,11.26685672,12.2743158,39377232.0
2016-07-04 09:15:00,NSE:SUVEN,12.30710354,12.45315479,11.9047158,12.0716322,13653246.0
2016-07-11 09:15:00,NSE:SUVEN,12.11038005,12.62603309,11.84808346,11.89577385,25053879.0
2016-07-18 09:15:00,NSE:SUVEN,12.0120192,13.17447267,11.69905096,12.48296129,37482192.0
2016-07-25 09:15:00,NSE:SUVEN,12.54257429,12.67372408,12.0120192,12.0775941,16111802.0
2016-08-01 09:15:00,NSE:SUVEN,12.17595495,12.44719409,11.75866396,11.87192806,21170515.0
2016-08-08 09:15:00,NSE:SUVEN,11.9225997,12.59026529,11.80635436,11.93154106,37643817.0
2016-08-16 09:15:00,NSE:SUVEN,12.02692245,12.1312452,11.76760531,11.87490931,14703200.0
2016-08-22 09:15:00,NSE:SUVEN,11.91663781,12.0120192,11.51127061,11.58280561,14279853.0
2016-08-29 09:15:00,NSE:SUVEN,11.56492171,11.80337371,11.21320562,11.42781182,16097142.0
2016-09-06 09:15:00,NSE:SUVEN,11.50232806,12.2087421,11.21916632,11.85106411,41436497.0
2016-09-12 09:15:00,NSE:SUVEN,11.44569572,11.76760531,11.21916632,11.28474062,14864408.0
2016-09-19 09:15:00,NSE:SUVEN,11.37117947,11.52319261,11.21022437,11.26685672,16663763.0
2016-09-26 09:15:00,NSE:SUVEN,11.26983737,12.63795569,10.96879173,11.93750295,87346987.0
2016-10-03 09:15:00,NSE:SUVEN,12.0418257,12.69458803,11.78847046,12.05076705,43884587.0
2016-10-10 09:15:00,NSE:SUVEN,12.05076705,12.35777459,11.62751536,11.69308906,12408600.0
2016-10-17 09:15:00,NSE:SUVEN,11.71991611,12.42931019,11.51425007,11.88385185,39231224.0
2016-10-24 09:15:00,NSE:SUVEN,11.9225997,12.1610517,11.25493412,11.44271507,22867393.0
2016-11-01 09:15:00,NSE:SUVEN,11.48146411,11.60963146,10.31304874,10.40843014,17740844.0
2016-11-07 09:15:00,NSE:SUVEN,10.67370739,11.21320562,8.88233678,10.67072674,22382783.0
2016-11-15 09:15:00,NSE:SUVEN,10.78399084,10.96879173,9.97921536,10.14017164,11821144.0
2016-11-21 09:15:00,NSE:SUVEN,10.23555185,10.84360383,9.83614476,10.44717799,26257442.0
2016-11-28 09:15:00,NSE:SUVEN,10.57832659,11.07013383,10.37862364,10.75716558,41214482.0
2016-12-05 09:15:00,NSE:SUVEN,10.73033973,11.30262512,10.56342334,10.69159188,31718952.0
2016-12-12 09:15:00,NSE:SUVEN,10.68861063,10.83466248,10.33987459,10.40246824,10777412.0
2016-12-19 09:15:00,NSE:SUVEN,10.40246824,10.42333339,9.61557666,9.74374461,11077984.0
2016-12-26 09:15:00,NSE:SUVEN,9.74374461,10.45015864,9.47250487,10.30708685,12887739.0
2017-01-02 09:15:00,NSE:SUVEN,10.30708685,10.73033973,10.19382275,10.37266174,15466909.0
2017-01-09 09:15:00,NSE:SUVEN,10.40246824,10.93898523,10.22362925,10.50082909,18268932.0
2017-01-16 09:15:00,NSE:SUVEN,10.49486839,10.65284284,10.15209365,10.1968034,10780700.0
2017-01-23 09:15:00,NSE:SUVEN,10.20574535,10.65880414,10.1968034,10.54255938,11735861.0
2017-01-30 09:15:00,NSE:SUVEN,10.50977164,10.96879173,10.19978464,10.49188774,18230401.0
2017-02-06 09:15:00,NSE:SUVEN,10.52467489,11.20128183,10.43823664,10.78101138,26033866.0
2017-02-13 09:15:00,NSE:SUVEN,10.78101138,10.84360383,10.14017164,10.51275289,12650526.0
2017-02-20 09:15:00,NSE:SUVEN,10.55150074,10.67966809,10.31304874,10.36669985,6990185.0
2017-02-27 09:15:00,NSE:SUVEN,10.36669985,10.49188774,10.07459675,10.0954619,12670540.0
2017-03-06 09:15:00,NSE:SUVEN,10.12824785,10.35775849,10.01498375,10.02690635,12300939.0
2017-03-14 09:15:00,NSE:SUVEN,10.2504551,10.27728035,9.8689319,10.00902186,13458020.0
2017-03-20 09:15:00,NSE:SUVEN,10.0716161,10.10440325,9.78249365,10.0775774,13460937.0
2017-03-27 09:15:00,NSE:SUVEN,10.0656554,10.30708685,9.83614476,9.85998936,24469744.0
2017-04-03 09:15:00,NSE:SUVEN,9.85104801,11.18339912,9.83912541,10.82870059,51611561.0
2017-04-10 09:15:00,NSE:SUVEN,10.84956573,11.00753958,10.43227474,10.46208124,10789760.0
2017-04-17 09:15:00,NSE:SUVEN,10.46208124,11.58876632,10.34881714,11.40694786,57352841.0
2017-04-24 09:15:00,NSE:SUVEN,11.44867637,11.57088361,10.73033973,10.77803013,17692296.0
2017-05-02 09:15:00,NSE:SUVEN,10.83466248,11.35627622,10.49188774,11.24897282,24381359.0
2017-05-08 09:15:00,NSE:SUVEN,11.34733486,11.88087061,10.96879173,11.64539986,44497356.0
2017-05-15 09:15:00,NSE:SUVEN,11.79741181,11.88385185,10.45015864,10.74822363,23322730.0
2017-05-22 09:15:00,NSE:SUVEN,10.80187533,10.93302333,10.28324224,10.50082909,17310853.0
2017-05-29 09:15:00,NSE:SUVEN,10.78995273,11.52319261,10.73033973,11.27579807,26940799.0
2017-06-05 09:15:00,NSE:SUVEN,11.25195347,11.38608272,10.92110133,11.01946337,10278696.0
2017-06-12 09:15:00,NSE:SUVEN,11.02542408,11.44271507,10.83168183,10.95090783,15236506.0
2017-06-19 09:15:00,NSE:SUVEN,10.96581108,11.04926987,10.32795199,10.42333339,10276011.0
2017-06-27 09:15:00,NSE:SUVEN,10.43823664,10.49188774,10.19382275,10.2385325,8267054.0
2017-07-03 09:15:00,NSE:SUVEN,10.2504551,10.57832659,10.07459675,10.30112614,20409020.0
2017-07-10 09:15:00,NSE:SUVEN,10.33987459,10.54852009,10.13420975,10.29516484,16275374.0
2017-07-17 09:15:00,NSE:SUVEN,10.33689335,10.46208124,10.14613235,10.21170665,16126413.0
2017-07-24 09:15:00,NSE:SUVEN,10.23555185,10.26535835,9.95537075,10.04479025,10679950.0
2017-07-31 09:15:00,NSE:SUVEN,10.06863485,10.32795199,9.89575775,10.08055865,11787426.0
2017-08-07 09:15:00,NSE:SUVEN,10.1193065,10.12824785,9.24001477,9.31155037,11064011.0
2017-08-14 09:15:00,NSE:SUVEN,9.35327887,9.95537075,9.29962777,9.57682762,19827167.0
2017-08-21 09:15:00,NSE:SUVEN,9.57682762,10.13420975,9.55596366,10.0120031,22070268.0
2017-08-28 09:15:00,NSE:SUVEN,10.13420975,10.1729576,9.66326766,9.77951241,10621842.0
2017-09-04 09:15:00,NSE:SUVEN,9.75268715,9.97921536,9.38904727,9.44567962,13636839.0
2017-09-11 09:15:00,NSE:SUVEN,9.53211787,10.73033973,9.39202792,10.64688213,39818813.0
2017-09-18 09:15:00,NSE:SUVEN,10.72437784,11.81529631,10.26535835,10.97773308,53418046.0
2017-09-25 09:15:00,NSE:SUVEN,10.96879173,11.21022437,10.2325706,10.55150074,22865531.0
2017-10-03 09:15:00,NSE:SUVEN,10.62303634,11.13570812,10.55150074,10.84360383,17199167.0
2017-10-09 09:15:00,NSE:SUVEN,10.81379734,12.2743158,10.55448139,11.80337371,84514418.0
2017-10-16 09:15:00,NSE:SUVEN,11.9225997,13.73483426,11.9225997,13.15062807,174733819.0
2017-10-23 09:15:00,NSE:SUVEN,13.18341403,13.59176366,12.43229084,12.48594254,56874086.0
2017-10-30 09:15:00,NSE:SUVEN,12.51872969,13.40696277,12.46507859,12.87044578,45593410.0
2017-11-06 09:15:00,NSE:SUVEN,12.85554253,12.89727283,11.69010961,11.80635436,21053560.0
2017-11-13 09:15:00,NSE:SUVEN,11.80635436,12.12826455,11.27281862,11.72587681,32394342.0
2017-11-20 09:15:00,NSE:SUVEN,11.74674136,12.3637353,11.54405657,12.0120192,25779091.0
2017-11-27 09:15:00,NSE:SUVEN,12.02096056,12.33989069,11.45761832,11.53511521,12886298.0
2017-12-04 09:15:00,NSE:SUVEN,11.53511521,11.91663781,11.19234047,11.62453471,16585758.0
2017-12-11 09:15:00,NSE:SUVEN,11.63049661,11.86298671,10.94494712,11.01350148,32205960.0
2017-12-18 09:15:00,NSE:SUVEN,11.02840473,11.59472821,10.74524298,11.37416012,36970542.0
2017-12-26 09:15:00,NSE:SUVEN,11.38906337,12.2206647,11.38906337,12.1252833,38140472.0
2018-01-01 09:15:00,NSE:SUVEN,12.1014387,13.19235657,11.86596736,12.87640768,56038110.0
2018-01-08 09:15:00,NSE:SUVEN,12.93304003,13.37119557,12.46507859,12.56045879,32309644.0
2018-01-15 09:15:00,NSE:SUVEN,12.57238079,12.78698818,11.68712836,11.82423885,30504721.0
2018-01-22 09:15:00,NSE:SUVEN,11.86596736,12.99563368,11.7497226,12.81679468,40964922.0
2018-01-29 09:15:00,NSE:SUVEN,12.99563368,14.95094003,11.25493412,11.41290857,250954292.0
2018-02-05 09:15:00,NSE:SUVEN,11.19532112,12.0716322,10.84956573,11.65136056,41123327.0
2018-02-12 09:15:00,NSE:SUVEN,11.80337371,12.3041223,11.62453471,11.65732186,19348916.0
2018-02-19 09:15:00,NSE:SUVEN,11.69010961,11.75568331,11.23705022,11.32348907,21859928.0
2018-02-26 09:15:00,NSE:SUVEN,11.33541107,11.54107711,11.15359262,11.40098597,10946621.0
2018-03-05 09:15:00,NSE:SUVEN,11.40098597,11.50530871,10.05075215,10.51871359,18301241.0
2018-03-12 09:15:00,NSE:SUVEN,10.58428789,11.02244283,10.50977164,10.64986159,17677249.0
2018-03-19 09:15:00,NSE:SUVEN,10.61111374,10.66178538,9.59769276,10.0477709,20808379.0
2018-03-26 09:15:00,NSE:SUVEN,9.97325465,10.44419734,9.89575775,9.97921536,8688859.0
2018-04-02 09:15:00,NSE:SUVEN,10.07459675,10.59621049,10.029887,10.18786085,20794674.0
2018-04-09 09:15:00,NSE:SUVEN,10.1968034,10.86446898,10.1431511,10.44419734,67894635.0
2018-04-16 09:15:00,NSE:SUVEN,10.37266174,11.68414771,10.35477784,11.51127061,48580643.0
2018-04-23 09:15:00,NSE:SUVEN,11.39800532,12.03586381,10.53361684,10.66476484,62026035.0
2018-04-30 09:15:00,NSE:SUVEN,10.67072674,11.01648213,10.67072674,10.81975923,15048528.0
2018-05-07 09:15:00,NSE:SUVEN,10.85254638,11.44569572,10.63197888,10.72139838,34336300.0
2018-05-14 09:15:00,NSE:SUVEN,10.71841713,12.1491291,10.71543648,10.96282983,84694228.0
2018-05-21 09:15:00,NSE:SUVEN,10.95686913,11.62453471,10.73033973,11.38608272,35949505.0
2018-05-28 09:15:00,NSE:SUVEN,11.40396662,11.89577385,11.26685672,11.49636736,34206413.0
2018-06-04 09:15:00,NSE:SUVEN,11.43079247,13.01947828,10.91514063,12.79891078,107995303.0
2018-06-11 09:15:00,NSE:SUVEN,12.96582718,14.35779129,12.96582718,14.2266415,150786743.0
2018-06-18 09:15:00,NSE:SUVEN,14.1908743,14.45019025,12.48892319,13.18639527,72458590.0
2018-06-25 09:15:00,NSE:SUVEN,13.21918242,13.39504077,11.87192806,12.39652304,35638568.0
2018-07-02 09:15:00,NSE:SUVEN,12.44719409,13.71098966,12.0477876,13.30860192,75476775.0
2018-07-09 09:15:00,NSE:SUVEN,13.41292467,13.86598405,12.82275658,12.94496203,33843522.0
2018-07-16 09:15:00,NSE:SUVEN,12.99563368,13.50234416,12.81679468,13.34138907,34140101.0
2018-07-23 09:15:00,NSE:SUVEN,13.37417681,14.41442304,13.16255007,13.65733856,47325984.0
2018-07-30 09:15:00,NSE:SUVEN,13.71098966,13.9703068,13.11485967,13.29071802,26782696.0
2018-08-06 09:15:00,NSE:SUVEN,13.33542777,14.22366204,13.17745332,14.0358805,37636603.0
2018-08-13 09:15:00,NSE:SUVEN,13.84213826,14.35182939,13.52022806,13.93155775,38786522.0
2018-08-20 09:15:00,NSE:SUVEN,14.00905465,15.9584003,13.33244652,15.63648892,170123650.0
2018-08-27 09:15:00,NSE:SUVEN,15.79744461,17.8749582,15.79744461,16.66779498,215309718.0
2018-09-03 09:15:00,NSE:SUVEN,16.69163959,18.94501033,15.35332717,18.47704949,139528728.0
2018-09-10 09:15:00,NSE:SUVEN,18.30119055,20.1372703,17.79448006,18.65588848,172399815.0
2018-09-17 09:15:00,NSE:SUVEN,18.52771934,18.95693353,13.83021566,16.19089099,81539161.0
2018-09-24 09:15:00,NSE:SUVEN,16.2385802,17.21027327,15.63052881,16.08656825,79243268.0
2018-10-01 09:15:00,NSE:SUVEN,15.9584003,16.70058094,14.60518464,15.10295377,45274403.0
2018-10-08 09:15:00,NSE:SUVEN,14.96286263,15.58581906,13.66329926,15.38015362,59436548.0
2018-10-15 09:15:00,NSE:SUVEN,15.45764992,16.2147356,14.32500354,14.47403604,39106553.0
2018-10-22 09:15:00,NSE:SUVEN,14.60518464,14.78998553,12.99563368,13.53215066,44515675.0
2018-10-29 09:15:00,NSE:SUVEN,13.59176366,14.88238448,13.54109202,14.08655155,43129047.0
2018-11-05 09:15:00,NSE:SUVEN,14.08655155,15.31457872,14.05674505,15.20131462,21975021.0
2018-11-12 09:15:00,NSE:SUVEN,15.21323722,15.53812747,13.31158257,14.77210103,59339170.0
2018-11-19 09:15:00,NSE:SUVEN,14.78998553,15.18343072,14.54557164,14.98074653,25377652.0
2018-11-26 09:15:00,NSE:SUVEN,15.05824402,15.12083648,14.00905465,14.38461654,19728263.0
2018-12-03 09:15:00,NSE:SUVEN,14.42038375,14.51278449,13.41292467,13.77358331,16162296.0
2018-12-10 09:15:00,NSE:SUVEN,13.59474431,14.36375199,12.87640768,13.85704151,15954237.0
2018-12-17 09:15:00,NSE:SUVEN,13.88982866,14.06270575,13.34138907,13.43080857,19727456.0
2018-12-24 09:15:00,NSE:SUVEN,13.41888656,13.88982866,12.91813678,13.72291226,16610016.0
2018-12-31 09:15:00,NSE:SUVEN,13.84511891,14.28923575,13.44273117,13.88982866,17173199.0
2019-01-07 09:15:00,NSE:SUVEN,14.006074,14.06270575,13.26091152,13.38609882,12910338.0
2019-01-14 09:15:00,NSE:SUVEN,13.29369867,13.45167252,12.93602068,12.98371108,30592033.0
2019-01-21 09:15:00,NSE:SUVEN,12.99563368,13.06120857,11.39204461,11.57386307,19748107.0
2019-01-28 09:15:00,NSE:SUVEN,11.56492171,11.83019956,10.89129483,11.54107711,19462129.0
2019-02-04 09:15:00,NSE:SUVEN,11.56492171,14.15212525,11.55895982,13.93751905,53398939.0
2019-02-11 09:15:00,NSE:SUVEN,13.9345384,14.375674,13.06418803,13.22812378,29438912.0
2019-02-18 09:15:00,NSE:SUVEN,13.23110502,14.25942925,12.99563368,13.98521005,22118983.0
2019-02-25 09:15:00,NSE:SUVEN,14.11039675,14.72441063,13.59474431,14.65883574,24134013.0
2019-03-05 09:15:00,NSE:SUVEN,14.88536573,16.2922319,14.79296499,15.81234786,52254256.0
2019-03-11 09:15:00,NSE:SUVEN,15.9226325,16.22367695,14.66479764,14.84661728,29782327.0
2019-03-18 09:15:00,NSE:SUVEN,14.78998553,15.58879911,14.72142998,15.23410177,21387346.0
2019-03-25 09:15:00,NSE:SUVEN,15.20131462,16.0955096,15.04035953,15.55303072,29423127.0
2019-04-01 09:15:00,NSE:SUVEN,15.67821861,15.97032171,15.14170162,15.63947076,30833407.0
2019-04-08 09:15:00,NSE:SUVEN,15.71696646,16.42338109,15.67523856,16.06272305,52290355.0
2019-04-15 09:15:00,NSE:SUVEN,16.21175554,16.73038744,15.49937962,16.2326189,18672033.0
2019-04-22 09:15:00,NSE:SUVEN,16.22963885,16.3041551,15.57985776,15.8034065,24515238.0
2019-04-30 09:15:00,NSE:SUVEN,15.88686411,15.91369055,15.46957312,15.67821861,5594869.0
2019-05-06 09:15:00,NSE:SUVEN,15.49937962,15.70206321,14.78402363,15.44870797,14325867.0
2019-05-13 09:15:00,NSE:SUVEN,15.38015362,15.61264372,14.84363663,15.20429527,10289884.0
2019-05-20 09:15:00,NSE:SUVEN,15.49937962,16.1253161,14.84959853,15.97330355,15800293.0
2019-05-27 09:15:00,NSE:SUVEN,16.1551226,16.89432318,15.76763811,16.2326189,20240081.0
2019-06-03 09:15:00,NSE:SUVEN,16.21175554,16.47107089,15.82725111,16.21771565,8115711.0
2019-06-10 09:15:00,NSE:SUVEN,16.2743486,16.3876127,15.71100516,15.85705761,8025412.0
2019-06-17 09:15:00,NSE:SUVEN,15.85705761,16.36376809,15.65139217,16.1133929,9912937.0
2019-06-24 09:15:00,NSE:SUVEN,15.9882068,16.33396159,15.9882068,16.16704579,5962875.0
2019-07-01 09:15:00,NSE:SUVEN,16.16108449,16.3279997,15.9762836,16.06272305,8802306.0
2019-07-08 09:15:00,NSE:SUVEN,16.1431994,16.1431994,13.88982866,14.26539055,16990017.0
2019-07-15 09:15:00,NSE:SUVEN,14.25942925,14.84065598,13.946461,14.49788124,8461055.0
2019-07-22 09:15:00,NSE:SUVEN,14.59922274,14.59922274,13.19235657,14.12231875,10737168.0
2019-07-29 09:15:00,NSE:SUVEN,14.1014548,14.26837179,13.02544018,13.63945406,9443811.0
2019-08-05 09:15:00,NSE:SUVEN,13.53513131,14.18789365,13.02544018,13.98521005,7781219.0
2019-08-13 09:15:00,NSE:SUVEN,14.12231875,14.12231875,13.48446027,13.94347976,6885862.0
2019-08-19 09:15:00,NSE:SUVEN,13.89579055,15.43976662,13.83021566,15.28775407,12093585.0
2019-08-26 09:15:00,NSE:SUVEN,15.55899261,15.55899261,15.14766352,15.48149631,8315600.0
2019-09-03 09:15:00,NSE:SUVEN,15.61860561,15.9762836,15.00757238,15.40698006,13317798.0
2019-09-09 09:15:00,NSE:SUVEN,15.46957312,16.75125258,15.43976662,16.49789734,11965442.0
2019-09-16 09:15:00,NSE:SUVEN,16.3041551,18.14619615,16.3041551,16.70952289,44181922.0
2019-09-23 09:15:00,NSE:SUVEN,16.81086558,18.12235155,16.57241359,16.83471019,28981445.0
2019-09-30 09:15:00,NSE:SUVEN,16.91816838,16.92412968,15.57389586,15.78254136,11608524.0
2019-10-07 09:15:00,NSE:SUVEN,15.88090221,15.9285938,14.78998553,15.37419172,10375420.0
2019-10-14 09:15:00,NSE:SUVEN,15.37419172,16.93307163,15.28477222,16.72442614,22635933.0
2019-10-21 09:15:00,NSE:SUVEN,16.67971639,17.87793766,16.39357459,17.63352437,27309747.0
2019-10-29 09:15:00,NSE:SUVEN,17.58583456,18.3041706,16.58135494,16.78702098,16899449.0
2019-11-04 09:15:00,NSE:SUVEN,16.81086558,17.49641507,16.25944535,17.05527947,18295806.0
2019-11-11 09:15:00,NSE:SUVEN,17.07912408,19.9524712,17.04931758,18.52175924,148977859.0
2019-11-18 09:15:00,NSE:SUVEN,18.53368064,18.82578434,17.38315096,18.59627548,71957340.0
2019-11-25 09:15:00,NSE:SUVEN,18.71848154,18.95693353,18.2147511,18.76915318,48169744.0
2019-12-02 09:15:00,NSE:SUVEN,15.01651373,16.83471019,15.01651373,16.66481314,159996227.0
2019-12-09 09:15:00,NSE:SUVEN,16.61712334,16.61712334,15.73783161,16.50982054,28482661.0
2019-12-16 09:15:00,NSE:SUVEN,16.57241359,18.08658315,16.22963885,17.77361491,37423295.0
2019-12-23 09:15:00,NSE:SUVEN,17.77361491,18.3160938,17.54112481,18.1372548,14982636.0
2019-12-30 09:15:00,NSE:SUVEN,18.12235155,18.73934668,17.91370606,18.4591644,14273127.0
2020-01-06 09:15:00,NSE:SUVEN,18.1372548,18.61117873,17.65140946,18.18196455,19372282.0
2020-01-13 09:15:00,NSE:SUVEN,18.35484165,19.19538552,18.06273855,18.13427475,22567156.0
2020-01-20 09:15:00,NSE:SUVEN,18.15811995,18.35,15.2,18.35,14076980.0
2020-01-27 09:15:00,NSE:SUVEN,19.25,24.5,19.25,24.5,12696.0
2020-02-03 09:15:00,NSE:SUVEN,26.950001,35.049999,26.950001,35.049999,7843871.0
2020-02-10 09:15:00,NSE:SUVEN,36.799999,44.25,36.799999,44.25,6448846.0
2020-02-17 09:15:00,NSE:SUVEN,45.900002,53.700001,45.099998,53.700001,1090621.0
2020-02-24 09:15:00,NSE:SUVEN,56.349998,67.5,56.349998,61.950001,4426937.0
2020-03-02 09:15:00,NSE:SUVEN,58.900002,58.900002,48.049999,48.049999,629706.0
2020-03-09 09:15:00,NSE:SUVEN,45.650002,45.650002,39.200001,39.200001,408319.0
2020-03-16 09:15:00,NSE:SUVEN,37.25,37.25,30.4,30.4,152988.0
2020-03-23 09:15:00,NSE:SUVEN,28.9,28.9,23.65,23.65,3154154.0
2020-03-30 09:15:00,NSE:SUVEN,22.5,22.5,19.35,21.35,3384520.0
2020-04-07 09:15:00,NSE:SUVEN,22.4,24.65,22.4,24.65,450404.0
2020-04-13 09:15:00,NSE:SUVEN,25.85,29.85,25.85,29.85,350535.0
2020-04-20 09:15:00,NSE:SUVEN,31.299999,37.950001,29.75,37.950001,4923099.0
2020-04-27 09:15:00,NSE:SUVEN,39.0,45.950001,36.099998,45.950001,5442179.0
2020-05-04 09:15:00,NSE:SUVEN,47.5,47.5,35.700001,39.400002,4156833.0
2020-05-11 09:15:00,NSE:SUVEN,41.349998,41.400002,36.700001,37.400002,6480052.0
2020-05-18 09:15:00,NSE:SUVEN,37.75,38.450001,32.150002,35.650002,3013131.0
2020-05-26 09:15:00,NSE:SUVEN,35.650002,36.900002,33.849998,34.099998,1493493.0
2020-06-01 09:15:00,NSE:SUVEN,35.0,36.099998,32.75,34.849998,4897268.0
2020-06-08 09:15:00,NSE:SUVEN,33.849998,35.599998,31.1,32.099998,4605739.0
2020-06-15 09:15:00,NSE:SUVEN,32.849998,35.349998,30.5,35.349998,3383192.0
2020-06-22 09:15:00,NSE:SUVEN,37.099998,44.799999,37.099998,44.799999,7245813.0
2020-06-29 09:15:00,NSE:SUVEN,47.0,47.0,38.150002,40.349998,7373353.0
2020-07-06 09:15:00,NSE:SUVEN,40.950001,40.950001,37.799999,38.25,2672639.0
2020-07-13 09:15:00,NSE:SUVEN,38.349998,39.900002,37.25,38.25,3000465.0
2020-07-20 09:15:00,NSE:SUVEN,38.549999,41.900002,37.400002,37.650002,3438956.0
2020-07-27 09:15:00,NSE:SUVEN,37.599998,38.400002,36.150002,37.900002,1836793.0
2020-08-03 09:15:00,NSE:SUVEN,38.0,48.5,37.5,48.5,8099164.0
2020-08-10 09:15:00,NSE:SUVEN,52.0,58.650002,46.0,50.650002,13316079.0
2020-08-17 09:15:00,NSE:SUVEN,52.0,52.299999,49.25,49.549999,3026329.0
2020-08-24 09:15:00,NSE:SUVEN,50.0,56.0,49.950001,53.549999,6578258.0
2020-08-31 09:15:00,NSE:SUVEN,54.5,54.5,46.900002,48.950001,2702871.0
2020-09-07 09:15:00,NSE:SUVEN,47.599998,50.900002,45.0,48.650002,2768466.0
2020-09-14 09:15:00,NSE:SUVEN,48.650002,56.700001,48.650002,56.450001,7076416.0
2020-09-21 09:15:00,NSE:SUVEN,56.900002,57.599998,47.099998,49.0,4857332.0
2020-09-28 09:15:00,NSE:SUVEN,50.0,53.150002,48.799999,50.650002,3242865.0
2020-10-05 09:15:00,NSE:SUVEN,51.0,54.299999,49.650002,51.150002,4688861.0
2020-10-12 09:15:00,NSE:SUVEN,51.150002,51.5,46.950001,48.700001,2771980.0
2020-10-19 09:15:00,NSE:SUVEN,49.099998,51.400002,47.5,49.150002,1738898.0
2020-10-26 09:15:00,NSE:SUVEN,49.549999,50.099998,46.0,46.299999,2015883.0
2020-11-02 09:15:00,NSE:SUVEN,46.0,47.150002,43.950001,45.650002,1135749.0
2020-11-09 09:15:00,NSE:SUVEN,46.049999,49.5,45.0,47.549999,1725454.0
2020-11-17 09:15:00,NSE:SUVEN,47.549999,50.799999,46.200001,46.950001,2157760.0
2020-11-23 09:15:00,NSE:SUVEN,47.900002,48.799999,46.25,46.450001,1740203.0
2020-12-01 09:15:00,NSE:SUVEN,46.450001,59.799999,46.450001,54.900002,8357975.0
2020-12-07 09:15:00,NSE:SUVEN,55.450001,76.150002,54.849998,75.349998,19431197.0
2020-12-14 09:15:00,NSE:SUVEN,77.0,108.0,77.0,99.949997,12396150.0
2020-12-21 09:15:00,NSE:SUVEN,95.0,95.0,82.150002,85.199997,5848959.0
2020-12-28 09:15:00,NSE:SUVEN,84.949997,97.0,84.0,91.300003,6944987.0
2021-01-04 09:15:00,NSE:SUVEN,92.400002,93.449997,84.0,84.199997,3826808.0
2021-01-11 09:15:00,NSE:SUVEN,85.5,88.25,80.0,86.050003,4134371.0
2021-01-18 09:15:00,NSE:SUVEN,86.0,87.0,78.599998,80.300003,1842971.0
2021-01-25 09:15:00,NSE:SUVEN,79.800003,80.699997,69.550003,70.800003,2080431.0
2021-02-01 09:15:00,NSE:SUVEN,71.050003,86.050003,70.5,82.400002,3949551.0
2021-02-08 09:15:00,NSE:SUVEN,82.5,85.400002,78.800003,79.099998,2356471.0
2021-02-15 09:15:00,NSE:SUVEN,79.099998,91.449997,76.0,82.550003,3888937.0
2021-02-22 09:15:00,NSE:SUVEN,88.0,90.800003,83.75,84.699997,5258939.0
2021-03-01 09:15:00,NSE:SUVEN,85.6,86.9,80.6,81.9,1752164.0
2021-03-08 09:15:00,NSE:SUVEN,83.0,84.8,81.0,81.65,1463874.0
2021-03-15 09:15:00,NSE:SUVEN,82.4,82.7,70.2,74.9,1760129.0
2021-03-22 09:15:00,NSE:SUVEN,75.0,79.2,69.65,71.75,1591384.0
2021-03-30 09:15:00,NSE:SUVEN,73.0,74.95,69.8,74.55,930045.0
2021-04-05 09:15:00,NSE:SUVEN,74.2,83.95,74.2,81.75,4581663.0
2021-04-12 09:15:00,NSE:SUVEN,80.6,93.6,77.25,88.3,8257695.0
2021-04-19 09:15:00,NSE:SUVEN,85.0,116.0,82.15,103.25,18303379.0
2021-04-26 09:15:00,NSE:SUVEN,104.3,108.35,99.0,102.9,7312518.0
2021-05-03 09:15:00,NSE:SUVEN,103.0,110.8,91.1,99.7,10410310.0
2021-05-10 09:15:00,NSE:SUVEN,101.9,101.9,93.0,93.65,2553555.0
2021-05-17 09:15:00,NSE:SUVEN,94.5,101.4,93.5,96.45,2473769.0
2021-05-24 09:15:00,NSE:SUVEN,96.55,98.3,93.55,94.75,2135357.0
2021-05-31 09:15:00,NSE:SUVEN,95.45,95.6,91.05,92.05,1583263.0
2021-06-07 09:15:00,NSE:SUVEN,95.9,102.0,92.9,99.45,7601185.0
2021-06-14 09:15:00,NSE:SUVEN,99.7,104.7,88.25,92.4,4378262.0
2021-06-21 09:15:00,NSE:SUVEN,90.9,95.0,89.5,92.55,382891.0
