datetime,symbol,open,high,low,close,volume
2006-11-27 09:15:00,NSE:PARSVNATH,228.350005,287.82501,228.350005,255.324995,114607664.0
2006-12-04 09:15:00,NSE:PARSVNATH,256.399995,262.5,240.024995,251.175005,78791586.0
2006-12-11 09:15:00,NSE:PARSVNATH,255.5,255.5,194.5,230.449995,49625016.0
2006-12-18 09:15:00,NSE:PARSVNATH,230.75,231.399995,207.574995,218.850005,31641650.0
2006-12-26 09:15:00,NSE:PARSVNATH,219.0,231.850005,211.0,229.574995,18426478.0
2007-01-02 09:15:00,NSE:PARSVNATH,231.0,237.5,222.149995,223.399995,15297448.0
2007-01-08 09:15:00,NSE:PARSVNATH,222.949995,224.449995,206.75,210.100005,11679006.0
2007-01-15 09:15:00,NSE:PARSVNATH,212.0,217.850005,209.125,211.875,9820506.0
2007-01-22 09:15:00,NSE:PARSVNATH,212.550005,214.0,202.524995,209.649995,8096362.0
2007-01-29 09:15:00,NSE:PARSVNATH,210.0,211.0,193.0,201.975005,8790996.0
2007-02-05 09:15:00,NSE:PARSVNATH,204.449995,204.449995,168.274995,169.399995,14056962.0
2007-02-12 09:15:00,NSE:PARSVNATH,170.0,170.274995,139.0,160.925005,22049976.0
2007-02-19 09:15:00,NSE:PARSVNATH,162.0,168.449995,141.0,142.925005,17961362.0
2007-02-26 09:15:00,NSE:PARSVNATH,143.0,152.75,131.050005,134.875,14997282.0
2007-03-05 09:15:00,NSE:PARSVNATH,132.5,141.699995,110.550005,118.425005,17792822.0
2007-03-12 09:15:00,NSE:PARSVNATH,118.0,149.800005,117.675005,135.824995,49833304.0
2007-03-19 09:15:00,NSE:PARSVNATH,137.0,143.475005,135.675005,137.824995,13621564.0
2007-03-26 09:15:00,NSE:PARSVNATH,139.425005,139.425005,125.550005,129.5,10763096.0
2007-04-02 09:15:00,NSE:PARSVNATH,122.5,127.25,118.4,124.949995,7585266.0
2007-04-09 09:15:00,NSE:PARSVNATH,126.5,147.399995,125.5,145.149995,26360534.0
2007-04-16 09:15:00,NSE:PARSVNATH,147.5,156.699995,141.5,151.824995,24436004.0
2007-04-23 09:15:00,NSE:PARSVNATH,153.0,173.399995,147.550005,165.574995,37960852.0
2007-04-30 09:15:00,NSE:PARSVNATH,165.5,169.350005,160.550005,161.850005,11536384.0
2007-05-07 09:15:00,NSE:PARSVNATH,163.0,165.050005,151.074995,155.824995,20697432.0
2007-05-14 09:15:00,NSE:PARSVNATH,157.524995,176.199995,153.75,172.149995,23512648.0
2007-05-21 09:15:00,NSE:PARSVNATH,174.0,174.725005,152.0,155.949995,16205258.0
2007-05-28 09:15:00,NSE:PARSVNATH,157.5,164.324995,156.425005,163.175005,12971834.0
2007-06-04 09:15:00,NSE:PARSVNATH,164.25,167.0,155.5,160.149995,13397962.0
2007-06-11 09:15:00,NSE:PARSVNATH,156.5,167.949995,151.100005,165.0,16961588.0
2007-06-18 09:15:00,NSE:PARSVNATH,165.75,172.975005,160.274995,170.399995,12871510.0
2007-06-25 09:15:00,NSE:PARSVNATH,170.0,172.199995,161.5,168.625,9670538.0
2007-07-02 09:15:00,NSE:PARSVNATH,169.949995,198.425005,169.449995,183.824995,35503842.0
2007-07-09 09:15:00,NSE:PARSVNATH,185.0,200.949995,171.649995,189.125,19163458.0
2007-07-16 09:15:00,NSE:PARSVNATH,192.5,193.5,179.824995,184.175005,10244836.0
2007-07-23 09:15:00,NSE:PARSVNATH,183.949995,196.0,176.850005,179.75,12295208.0
2007-07-30 09:15:00,NSE:PARSVNATH,179.375,182.850005,160.550005,162.975005,13597030.0
2007-08-06 09:15:00,NSE:PARSVNATH,160.5,174.449995,154.649995,164.925005,8489682.0
2007-08-13 09:15:00,NSE:PARSVNATH,165.75,169.399995,137.5,144.975005,7324248.0
2007-08-20 09:15:00,NSE:PARSVNATH,150.5,154.5,132.550005,139.875,8275284.0
2007-08-27 09:15:00,NSE:PARSVNATH,142.449995,153.425005,136.5,152.0,11144048.0
2007-09-03 09:15:00,NSE:PARSVNATH,152.75,160.875,150.699995,155.949995,7334224.0
2007-09-10 09:15:00,NSE:PARSVNATH,155.25,165.5,152.5,159.475005,7359306.0
2007-09-17 09:15:00,NSE:PARSVNATH,160.449995,175.925005,157.350005,171.199995,9715962.0
2007-09-24 09:15:00,NSE:PARSVNATH,172.425005,175.899995,162.875,169.175005,7725912.0
2007-10-01 09:15:00,NSE:PARSVNATH,169.175005,194.449995,169.175005,182.100005,12794714.0
2007-10-08 09:15:00,NSE:PARSVNATH,184.425005,201.125,167.899995,186.875,12329718.0
2007-10-15 09:15:00,NSE:PARSVNATH,189.949995,208.0,161.5,165.175005,16639844.0
2007-10-22 09:15:00,NSE:PARSVNATH,160.0,179.949995,155.574995,176.925005,6719746.0
2007-10-29 09:15:00,NSE:PARSVNATH,179.449995,182.225005,160.5,163.300005,8266948.0
2007-11-05 09:15:00,NSE:PARSVNATH,165.0,169.824995,153.949995,158.625,5275354.0
2007-11-12 09:15:00,NSE:PARSVNATH,155.875,170.975005,154.050005,168.625,6304452.0
2007-11-19 09:15:00,NSE:PARSVNATH,170.050005,182.5,164.0,169.850005,6829750.0
2007-11-26 09:15:00,NSE:PARSVNATH,172.5,179.0,170.675005,177.074995,5471024.0
2007-12-03 09:15:00,NSE:PARSVNATH,181.25,203.725005,177.824995,199.5,9819912.0
2007-12-10 09:15:00,NSE:PARSVNATH,204.949995,221.5,191.649995,208.324995,17024808.0
2007-12-17 09:15:00,NSE:PARSVNATH,208.399995,210.100005,185.0,186.550005,7509562.0
2007-12-24 09:15:00,NSE:PARSVNATH,188.475005,233.399995,188.475005,229.274995,15672654.0
2007-12-31 09:15:00,NSE:PARSVNATH,234.100005,269.899995,224.5,264.04999,33546966.0
2008-01-07 09:15:00,NSE:PARSVNATH,264.75,299.0,227.024995,232.225005,41822554.0
2008-01-14 09:15:00,NSE:PARSVNATH,232.0,246.5,201.5,205.550005,13030638.0
2008-01-21 09:15:00,NSE:PARSVNATH,202.0,204.0,110.050005,147.225005,20966388.0
2008-01-28 09:15:00,NSE:PARSVNATH,144.0,154.5,132.0,134.725005,14435484.0
2008-02-04 09:15:00,NSE:PARSVNATH,141.5,153.5,133.574995,136.850005,17917804.0
2008-02-11 09:15:00,NSE:PARSVNATH,136.850005,142.5,125.0,140.524995,9631420.0
2008-02-18 09:15:00,NSE:PARSVNATH,144.899995,145.0,135.5,136.800005,6182806.0
2008-02-25 09:15:00,NSE:PARSVNATH,137.050005,142.0,130.074995,134.225005,6301050.0
2008-03-03 09:15:00,NSE:PARSVNATH,132.5,132.5,110.0,112.824995,4338196.0
2008-03-10 09:15:00,NSE:PARSVNATH,110.0,124.0,101.0,107.199995,7784984.0
2008-03-17 09:15:00,NSE:PARSVNATH,101.550005,104.75,95.0,96.050005,3797466.0
2008-03-24 09:15:00,NSE:PARSVNATH,96.5,110.125,84.525,108.199995,17382100.0
2008-03-31 09:15:00,NSE:PARSVNATH,106.5,112.975,100.275,101.025,6809700.0
2008-04-07 09:15:00,NSE:PARSVNATH,93.15,103.925005,93.15,98.074995,4751442.0
2008-04-15 09:15:00,NSE:PARSVNATH,98.5,108.699995,97.5,106.449995,4226436.0
2008-04-21 09:15:00,NSE:PARSVNATH,109.975,116.85,107.0,112.425005,12883188.0
2008-04-28 09:15:00,NSE:PARSVNATH,105.025,120.375,105.025,118.15,6446178.0
2008-05-05 09:15:00,NSE:PARSVNATH,119.5,122.475,107.550005,108.300005,5926922.0
2008-05-12 09:15:00,NSE:PARSVNATH,106.0,112.449995,103.0,111.699995,5273840.0
2008-05-20 09:15:00,NSE:PARSVNATH,111.25,114.225,105.9,106.225,3628994.0
2008-05-26 09:15:00,NSE:PARSVNATH,104.0,105.0,98.15,98.775,4367778.0
2008-06-02 09:15:00,NSE:PARSVNATH,100.4,101.0,88.050005,89.125,3288146.0
2008-06-09 09:15:00,NSE:PARSVNATH,86.125,86.5,80.625,82.550005,4412348.0
2008-06-16 09:15:00,NSE:PARSVNATH,84.800005,87.800005,75.65,76.050005,7785102.0
2008-06-23 09:15:00,NSE:PARSVNATH,74.5,76.9,65.050005,65.975,9985032.0
2008-06-30 09:15:00,NSE:PARSVNATH,65.0,67.0,52.85,58.75,10188728.0
2008-07-07 09:15:00,NSE:PARSVNATH,57.5,64.300005,56.0,57.6,10639704.0
2008-07-14 09:15:00,NSE:PARSVNATH,57.4,58.5,49.825001,55.675,12164306.0
2008-07-21 09:15:00,NSE:PARSVNATH,56.45,62.5,54.2,58.875,9844780.0
2008-07-28 09:15:00,NSE:PARSVNATH,59.05,60.25,53.55,58.625,10025928.0
2008-08-04 09:15:00,NSE:PARSVNATH,58.35,66.0,58.125,63.7,12615804.0
2008-08-11 09:15:00,NSE:PARSVNATH,65.0,66.25,58.15,58.85,6469292.0
2008-08-18 09:15:00,NSE:PARSVNATH,59.0,60.0,56.325,57.175,6447004.0
2008-08-25 09:15:00,NSE:PARSVNATH,58.325,58.95,55.275,58.0,5533622.0
2008-09-01 09:15:00,NSE:PARSVNATH,57.5,63.325,57.05,61.325,4527148.0
2008-09-08 09:15:00,NSE:PARSVNATH,62.0,64.25,58.525,59.05,2308516.0
2008-09-15 09:15:00,NSE:PARSVNATH,56.95,57.0,47.174999,54.175,5122138.0
2008-09-22 09:15:00,NSE:PARSVNATH,54.95,55.5,47.625,48.4000015,5126066.0
2008-09-29 09:15:00,NSE:PARSVNATH,48.0,48.8499985,40.5250015,43.75,5038976.0
2008-10-06 09:15:00,NSE:PARSVNATH,43.3499985,43.3499985,31.25,35.075001,5094790.0
2008-10-13 09:15:00,NSE:PARSVNATH,35.075001,43.4749985,34.1500015,35.049999,5717494.0
2008-10-20 09:15:00,NSE:PARSVNATH,36.5,36.5,21.049999,22.424999,5533408.0
2008-10-27 09:15:00,NSE:PARSVNATH,21.0,26.950001,18.2749995,20.1000005,14844128.0
2008-11-03 09:15:00,NSE:PARSVNATH,21.2250005,27.450001,21.125,23.6499995,17581170.0
2008-11-10 09:15:00,NSE:PARSVNATH,24.0,25.700001,21.674999,21.825001,7906080.0
2008-11-17 09:15:00,NSE:PARSVNATH,22.5,22.5,16.75,17.3999995,7515018.0
2008-11-24 09:15:00,NSE:PARSVNATH,17.450001,18.424999,15.8500005,17.625,4762194.0
2008-12-01 09:15:00,NSE:PARSVNATH,17.950001,20.700001,15.5,19.8999995,5976120.0
2008-12-08 09:15:00,NSE:PARSVNATH,21.3500005,22.4750005,20.049999,21.875,6761214.0
2008-12-15 09:15:00,NSE:PARSVNATH,22.575001,25.3999995,21.75,25.075001,10183070.0
2008-12-22 09:15:00,NSE:PARSVNATH,25.3999995,26.799999,22.049999,22.325001,5994396.0
2008-12-29 09:15:00,NSE:PARSVNATH,22.25,26.9750005,21.549999,26.3500005,6844388.0
2009-01-05 09:15:00,NSE:PARSVNATH,26.950001,27.5,18.049999,20.75,7094604.0
2009-01-12 09:15:00,NSE:PARSVNATH,21.0,21.25,18.1499995,19.6499995,3698056.0
2009-01-19 09:15:00,NSE:PARSVNATH,20.200001,21.0,17.5,17.7749995,2665726.0
2009-01-27 09:15:00,NSE:PARSVNATH,18.0,19.6499995,17.575001,19.375,2671848.0
2009-02-02 09:15:00,NSE:PARSVNATH,19.25,25.0,18.0,20.4750005,8094000.0
2009-02-09 09:15:00,NSE:PARSVNATH,20.5,21.3500005,19.5,20.174999,6500990.0
2009-02-16 09:15:00,NSE:PARSVNATH,20.3999995,21.6000005,18.1499995,18.3500005,4151580.0
2009-02-24 09:15:00,NSE:PARSVNATH,17.75,18.4750005,17.200001,17.2749995,2290210.0
2009-03-02 09:15:00,NSE:PARSVNATH,17.25,19.875,15.575,15.8999995,3701704.0
2009-03-09 09:15:00,NSE:PARSVNATH,15.75,16.625,15.5,16.1499995,1139186.0
2009-03-16 09:15:00,NSE:PARSVNATH,16.5,18.674999,16.1000005,17.450001,3505906.0
2009-03-23 09:15:00,NSE:PARSVNATH,17.950001,19.3500005,16.075001,19.075001,5588650.0
2009-03-30 09:15:00,NSE:PARSVNATH,18.3999995,20.924999,17.6499995,19.950001,3848178.0
2009-04-06 09:15:00,NSE:PARSVNATH,20.700001,24.3500005,19.5,22.799999,6205714.0
2009-04-13 09:15:00,NSE:PARSVNATH,23.25,28.0249995,22.75,25.5249995,13307216.0
2009-04-20 09:15:00,NSE:PARSVNATH,26.0,27.950001,24.049999,25.674999,9695704.0
2009-04-27 09:15:00,NSE:PARSVNATH,25.325001,26.5249995,23.549999,24.2250005,2371808.0
2009-05-04 09:15:00,NSE:PARSVNATH,24.75,26.75,24.5249995,25.7749995,10812886.0
2009-05-11 09:15:00,NSE:PARSVNATH,26.0,26.450001,23.0,23.75,7886568.0
2009-05-18 09:15:00,NSE:PARSVNATH,26.0,42.700001,26.0,40.5,25116750.0
2009-05-25 09:15:00,NSE:PARSVNATH,41.0,49.25,41.0,48.450001,20433492.0
2009-06-01 09:15:00,NSE:PARSVNATH,50.875,55.6,48.5,53.8,20818902.0
2009-06-08 09:15:00,NSE:PARSVNATH,54.0,55.25,46.075001,46.924999,10357526.0
2009-06-15 09:15:00,NSE:PARSVNATH,46.5,47.5,40.625,41.8499985,7203164.0
2009-06-22 09:15:00,NSE:PARSVNATH,42.9000015,43.0,38.75,41.9749985,4966684.0
2009-06-29 09:15:00,NSE:PARSVNATH,42.799999,45.5,40.25,43.25,4781306.0
2009-07-06 09:15:00,NSE:PARSVNATH,43.9000015,44.950001,35.174999,38.6500015,6573444.0
2009-07-13 09:15:00,NSE:PARSVNATH,37.5,44.1500015,35.75,42.9749985,5982310.0
2009-07-20 09:15:00,NSE:PARSVNATH,42.424999,57.4,42.424999,56.3,23685104.0
2009-07-27 09:15:00,NSE:PARSVNATH,56.625,61.725,55.175,60.825,26429118.0
2009-08-03 09:15:00,NSE:PARSVNATH,60.9,64.15,56.8,58.425,9115014.0
2009-08-10 09:15:00,NSE:PARSVNATH,60.0,61.2,53.125,59.75,13185888.0
2009-08-17 09:15:00,NSE:PARSVNATH,58.5,58.725,53.25,56.875,7728394.0
2009-08-24 09:15:00,NSE:PARSVNATH,57.9,64.0,57.35,61.825,12849806.0
2009-08-31 09:15:00,NSE:PARSVNATH,60.0,65.0,57.5,60.0,8357492.0
2009-09-07 09:15:00,NSE:PARSVNATH,60.5,62.5,58.5,59.6,4596214.0
2009-09-14 09:15:00,NSE:PARSVNATH,58.6,61.5,58.075,61.225,4126150.0
2009-09-22 09:15:00,NSE:PARSVNATH,61.0,65.9,60.125,63.15,10348448.0
2009-09-29 09:15:00,NSE:PARSVNATH,63.7,75.75,61.0,73.775,34471472.0
2009-10-05 09:15:00,NSE:PARSVNATH,72.5,73.85,65.5,68.625,11256878.0
2009-10-12 09:15:00,NSE:PARSVNATH,69.125,70.675005,65.25,69.300005,13890908.0
2009-10-20 09:15:00,NSE:PARSVNATH,68.9,69.125,59.575,60.6,19416874.0
2009-10-26 09:15:00,NSE:PARSVNATH,61.4,63.0,50.0,52.5,13385608.0
2009-11-03 09:15:00,NSE:PARSVNATH,51.0,56.5,46.2750015,56.025,9836912.0
2009-11-09 09:15:00,NSE:PARSVNATH,56.0,60.0,54.525,58.375,13212968.0
2009-11-16 09:15:00,NSE:PARSVNATH,58.55,59.2,54.3,56.275,6869512.0
2009-11-23 09:15:00,NSE:PARSVNATH,56.65,58.2,47.5250015,52.325,6408002.0
2009-11-30 09:15:00,NSE:PARSVNATH,53.0,56.5,52.5,54.95,4563550.0
2009-12-07 09:15:00,NSE:PARSVNATH,55.25,62.7,53.5,60.325,19059402.0
2009-12-14 09:15:00,NSE:PARSVNATH,60.5,64.449995,59.0,60.225,11861436.0
2009-12-21 09:15:00,NSE:PARSVNATH,60.7,64.85,58.5,63.225,6824592.0
2009-12-29 09:15:00,NSE:PARSVNATH,63.0,64.1,61.75,62.075,2389514.0
2010-01-04 09:15:00,NSE:PARSVNATH,62.5,67.699995,60.85,66.550005,8497136.0
2010-01-11 09:15:00,NSE:PARSVNATH,67.475,68.300005,62.5,66.025,5788552.0
2010-01-18 09:15:00,NSE:PARSVNATH,65.4,67.85,60.0,64.449995,7273110.0
2010-01-25 09:15:00,NSE:PARSVNATH,64.0,65.0,57.5,64.35,5464862.0
2010-02-01 09:15:00,NSE:PARSVNATH,64.800005,66.824995,58.575,59.9,5490368.0
2010-02-08 09:15:00,NSE:PARSVNATH,59.8,62.75,57.75,59.9,2199792.0
2010-02-15 09:15:00,NSE:PARSVNATH,60.325,60.75,56.875,57.475,2315166.0
2010-02-22 09:15:00,NSE:PARSVNATH,58.45,62.2,56.3,60.875,4720650.0
2010-03-02 09:15:00,NSE:PARSVNATH,61.0,62.9,58.275,62.35,1962396.0
2010-03-08 09:15:00,NSE:PARSVNATH,62.975,64.85,58.025,58.425,1830598.0
2010-03-15 09:15:00,NSE:PARSVNATH,58.1,60.0,57.1,57.3,3317886.0
2010-03-22 09:15:00,NSE:PARSVNATH,56.6,57.5,55.0,55.85,1734376.0
2010-03-29 09:15:00,NSE:PARSVNATH,55.9,57.625,55.275,57.1,4632448.0
2010-04-05 09:15:00,NSE:PARSVNATH,57.8,60.325,57.45,59.15,3773700.0
2010-04-12 09:15:00,NSE:PARSVNATH,59.0,64.375,58.075,62.475,6700472.0
2010-04-19 09:15:00,NSE:PARSVNATH,61.0,65.699995,59.775,64.175005,3241436.0
2010-04-26 09:15:00,NSE:PARSVNATH,65.25,65.375,59.0,62.275,3707612.0
2010-05-03 09:15:00,NSE:PARSVNATH,62.525,63.65,57.525,58.95,2303844.0
2010-05-10 09:15:00,NSE:PARSVNATH,59.75,61.325,53.575,56.225,3647096.0
2010-05-17 09:15:00,NSE:PARSVNATH,55.5,62.5,54.4,56.25,5910954.0
2010-05-24 09:15:00,NSE:PARSVNATH,56.1,62.875,54.35,62.275,3890524.0
2010-05-31 09:15:00,NSE:PARSVNATH,62.75,65.15,60.275,64.175005,5592110.0
2010-06-07 09:15:00,NSE:PARSVNATH,61.7,64.949995,61.5,64.625,1920542.0
2010-06-14 09:15:00,NSE:PARSVNATH,65.025,66.0,62.0,62.975,1934842.0
2010-06-21 09:15:00,NSE:PARSVNATH,63.35,64.25,60.7,61.9,1845678.0
2010-06-28 09:15:00,NSE:PARSVNATH,61.0,63.25,60.5,61.175,3145412.0
2010-07-05 09:15:00,NSE:PARSVNATH,61.45,62.725,60.75,61.2,2046698.0
2010-07-12 09:15:00,NSE:PARSVNATH,61.45,68.699995,61.45,67.475,8250606.0
2010-07-19 09:15:00,NSE:PARSVNATH,68.199995,68.725,64.800005,65.300005,2383188.0
2010-07-26 09:15:00,NSE:PARSVNATH,65.699995,66.15,62.875,64.949995,2187534.0
2010-08-02 09:15:00,NSE:PARSVNATH,65.125,67.5,64.75,65.85,2089246.0
2010-08-09 09:15:00,NSE:PARSVNATH,65.25,70.4,65.25,69.15,7315926.0
2010-08-16 09:15:00,NSE:PARSVNATH,69.15,71.975,67.725,70.525,5866528.0
2010-08-23 09:15:00,NSE:PARSVNATH,70.525,71.199995,64.275,67.65,2514532.0
2010-08-30 09:15:00,NSE:PARSVNATH,68.5,70.9,66.9,70.1,2335442.0
2010-09-06 09:15:00,NSE:PARSVNATH,70.25,71.074995,68.875,70.1,2497024.0
2010-09-13 09:15:00,NSE:PARSVNATH,70.949995,72.5,69.0,70.175005,3083650.0
2010-09-20 09:15:00,NSE:PARSVNATH,70.324995,74.0,68.300005,71.35,4689372.0
2010-09-27 09:15:00,NSE:PARSVNATH,71.875,74.35,71.5,73.199995,5675014.0
2010-10-04 09:15:00,NSE:PARSVNATH,73.925005,74.75,68.550005,69.050005,5276138.0
2010-10-11 09:15:00,NSE:PARSVNATH,70.5,71.475,68.85,70.675005,2642514.0
2010-10-18 09:15:00,NSE:PARSVNATH,69.0,72.0,66.5,67.800003,9192486.0
2010-10-25 09:15:00,NSE:PARSVNATH,67.5,71.5,66.0,66.800003,4323129.0
2010-11-01 09:15:00,NSE:PARSVNATH,67.5,70.349998,65.400002,67.449997,5280582.0
2010-11-08 09:15:00,NSE:PARSVNATH,67.5,72.0,62.400002,64.599998,7616319.0
2010-11-15 09:15:00,NSE:PARSVNATH,64.099998,64.599998,59.549999,61.700001,8739731.0
2010-11-22 09:15:00,NSE:PARSVNATH,61.900002,67.199997,46.049999,57.0,7302720.0
2010-11-29 09:15:00,NSE:PARSVNATH,57.0,62.349998,50.75,57.25,10535930.0
2010-12-06 09:15:00,NSE:PARSVNATH,59.950001,60.0,50.0,50.549999,4811397.0
2010-12-13 09:15:00,NSE:PARSVNATH,51.0,52.599998,48.200001,50.150002,2896117.0
2010-12-20 09:15:00,NSE:PARSVNATH,50.400002,52.650002,49.900002,52.400002,2672236.0
2010-12-27 09:15:00,NSE:PARSVNATH,52.599998,59.25,51.25,58.200001,7463498.0
2011-01-03 09:15:00,NSE:PARSVNATH,58.299999,62.450001,56.299999,57.450001,3235055.0
2011-01-10 09:15:00,NSE:PARSVNATH,56.5,57.700001,53.200001,54.450001,2143888.0
2011-01-17 09:15:00,NSE:PARSVNATH,54.099998,54.099998,50.200001,52.0,4888479.0
2011-01-24 09:15:00,NSE:PARSVNATH,52.099998,52.099998,47.25,48.849998,3031405.0
2011-01-31 09:15:00,NSE:PARSVNATH,47.799999,48.0,40.900002,43.0,8632718.0
2011-02-07 09:15:00,NSE:PARSVNATH,43.0,44.0,25.299999,26.25,30186072.0
2011-02-14 09:15:00,NSE:PARSVNATH,27.9,32.400002,27.049999,30.799999,18049062.0
2011-02-21 09:15:00,NSE:PARSVNATH,30.9,31.65,28.0,29.200001,7228148.0
2011-02-28 09:15:00,NSE:PARSVNATH,30.5,30.75,28.85,29.450001,4568387.0
2011-03-07 09:15:00,NSE:PARSVNATH,29.4,31.5,28.1,30.5,6828682.0
2011-03-14 09:15:00,NSE:PARSVNATH,30.25,39.400002,29.799999,37.700001,17279658.0
2011-03-21 09:15:00,NSE:PARSVNATH,37.700001,42.799999,36.549999,42.349998,12181148.0
2011-03-28 09:15:00,NSE:PARSVNATH,42.400002,50.299999,42.200001,46.049999,48412956.0
2011-04-04 09:15:00,NSE:PARSVNATH,46.0,48.400002,44.599998,46.650002,6081227.0
2011-04-11 09:15:00,NSE:PARSVNATH,46.099998,47.0,44.75,45.099998,2375034.0
2011-04-18 09:15:00,NSE:PARSVNATH,45.0,46.5,43.700001,44.549999,2010723.0
2011-04-25 09:15:00,NSE:PARSVNATH,44.150002,45.5,43.099998,43.549999,1670002.0
2011-05-02 09:15:00,NSE:PARSVNATH,43.599998,44.200001,40.200001,41.0,3009533.0
2011-05-09 09:15:00,NSE:PARSVNATH,39.150002,44.5,39.150002,42.400002,2949539.0
2011-05-16 09:15:00,NSE:PARSVNATH,42.099998,42.549999,39.799999,41.799999,2025845.0
2011-05-23 09:15:00,NSE:PARSVNATH,41.549999,41.849998,40.0,40.849998,878118.0
2011-05-30 09:15:00,NSE:PARSVNATH,41.0,43.25,40.5,42.25,2844477.0
2011-06-06 09:15:00,NSE:PARSVNATH,42.400002,44.25,41.849998,43.099998,1668048.0
2011-06-13 09:15:00,NSE:PARSVNATH,43.0,44.5,42.799999,44.349998,1334097.0
2011-06-20 09:15:00,NSE:PARSVNATH,44.5,46.799999,41.549999,45.799999,4137249.0
2011-06-27 09:15:00,NSE:PARSVNATH,45.25,48.0,45.099998,47.349998,2203694.0
2011-07-04 09:15:00,NSE:PARSVNATH,47.900002,49.5,47.200001,48.799999,6269285.0
2011-07-11 09:15:00,NSE:PARSVNATH,48.900002,49.900002,46.349998,48.950001,2893844.0
2011-07-18 09:15:00,NSE:PARSVNATH,48.599998,49.400002,46.799999,48.400002,6328908.0
2011-07-25 09:15:00,NSE:PARSVNATH,48.150002,48.900002,45.700001,46.549999,2480383.0
2011-08-01 09:15:00,NSE:PARSVNATH,46.799999,47.450001,43.099998,43.849998,3586410.0
2011-08-08 09:15:00,NSE:PARSVNATH,43.099998,46.5,43.099998,45.549999,4385819.0
2011-08-16 09:15:00,NSE:PARSVNATH,45.900002,46.25,37.0,45.0,1689691.0
2011-08-22 09:15:00,NSE:PARSVNATH,45.0,46.900002,44.650002,45.950001,5214946.0
2011-08-29 09:15:00,NSE:PARSVNATH,46.099998,54.75,46.049999,54.150002,9009721.0
2011-09-05 09:15:00,NSE:PARSVNATH,53.549999,61.0,50.5,60.25,14681808.0
2011-09-12 09:15:00,NSE:PARSVNATH,59.099998,66.699997,58.650002,66.199997,8206328.0
2011-09-19 09:15:00,NSE:PARSVNATH,66.0,69.349998,63.0,67.650002,12439935.0
2011-09-26 09:15:00,NSE:PARSVNATH,67.900002,69.5,63.599998,64.849998,5641322.0
2011-10-03 09:15:00,NSE:PARSVNATH,64.75,66.5,62.25,65.449997,10480006.0
2011-10-10 09:15:00,NSE:PARSVNATH,65.400002,71.800003,64.650002,71.099998,6748413.0
2011-10-17 09:15:00,NSE:PARSVNATH,71.550003,82.25,70.25,77.300003,12714978.0
2011-10-24 09:15:00,NSE:PARSVNATH,77.400002,80.0,73.800003,78.150002,3918109.0
2011-10-31 09:15:00,NSE:PARSVNATH,78.5,82.050003,77.0,79.349998,4733658.0
2011-11-08 09:15:00,NSE:PARSVNATH,77.5,78.0,73.5,75.800003,3699557.0
2011-11-14 09:15:00,NSE:PARSVNATH,75.800003,78.0,57.599998,57.599998,4152280.0
2011-11-21 09:15:00,NSE:PARSVNATH,46.099998,60.650002,32.400002,34.0,29663351.0
2011-11-28 09:15:00,NSE:PARSVNATH,34.950001,39.5,34.549999,39.299999,7694485.0
2011-12-05 09:15:00,NSE:PARSVNATH,39.799999,45.450001,39.099998,43.25,5748734.0
2011-12-12 09:15:00,NSE:PARSVNATH,43.450001,44.25,41.599998,42.5,5253841.0
2011-12-19 09:15:00,NSE:PARSVNATH,42.0,43.900002,40.5,42.900002,2444841.0
2011-12-26 09:15:00,NSE:PARSVNATH,43.349998,43.950001,42.799999,43.599998,743427.0
2012-01-02 09:15:00,NSE:PARSVNATH,43.5,44.5,41.5,43.5,1183988.0
2012-01-09 09:15:00,NSE:PARSVNATH,43.400002,55.75,43.099998,53.099998,8976460.0
2012-01-16 09:15:00,NSE:PARSVNATH,53.0,58.700001,49.75,57.099998,6537235.0
2012-01-23 09:15:00,NSE:PARSVNATH,57.299999,61.950001,57.099998,59.599998,6454991.0
2012-01-30 09:15:00,NSE:PARSVNATH,59.099998,60.950001,58.150002,60.299999,2859777.0
2012-02-06 09:15:00,NSE:PARSVNATH,60.400002,63.299999,58.599998,62.700001,4830027.0
2012-02-13 09:15:00,NSE:PARSVNATH,63.400002,64.5,60.5,61.200001,1437187.0
2012-02-21 09:15:00,NSE:PARSVNATH,61.599998,62.349998,58.099998,59.549999,3107604.0
2012-02-27 09:15:00,NSE:PARSVNATH,59.099998,61.700001,57.099998,58.5,1892969.0
2012-03-05 09:15:00,NSE:PARSVNATH,58.950001,59.950001,57.799999,59.049999,2038434.0
2012-03-12 09:15:00,NSE:PARSVNATH,59.099998,61.900002,58.150002,59.150002,2329756.0
2012-03-19 09:15:00,NSE:PARSVNATH,58.599998,62.25,56.849998,58.950001,4660838.0
2012-03-26 09:15:00,NSE:PARSVNATH,59.150002,61.450001,55.0,56.200001,4051266.0
2012-04-02 09:15:00,NSE:PARSVNATH,57.400002,58.75,55.549999,55.950001,776991.0
2012-04-09 09:15:00,NSE:PARSVNATH,55.650002,56.950001,51.400002,55.25,2283733.0
2012-04-16 09:15:00,NSE:PARSVNATH,57.0,61.049999,56.25,57.0,5284947.0
2012-04-23 09:15:00,NSE:PARSVNATH,57.299999,58.400002,55.650002,56.450001,2132548.0
2012-04-30 09:15:00,NSE:PARSVNATH,56.0,57.599998,55.650002,56.200001,4517977.0
2012-05-07 09:15:00,NSE:PARSVNATH,55.5,56.299999,54.299999,55.200001,2637793.0
2012-05-14 09:15:00,NSE:PARSVNATH,54.599998,55.299999,53.549999,53.950001,2493703.0
2012-05-21 09:15:00,NSE:PARSVNATH,53.150002,55.900002,52.5,53.049999,2392473.0
2012-05-28 09:15:00,NSE:PARSVNATH,53.400002,54.900002,52.25,52.75,4376634.0
2012-06-04 09:15:00,NSE:PARSVNATH,52.5,54.299999,52.450001,52.650002,3634754.0
2012-06-11 09:15:00,NSE:PARSVNATH,52.849998,61.25,52.5,60.700001,7976897.0
2012-06-18 09:15:00,NSE:PARSVNATH,61.200001,62.599998,59.950001,61.349998,9347090.0
2012-06-25 09:15:00,NSE:PARSVNATH,61.5,62.400002,59.599998,61.349998,6229536.0
2012-07-02 09:15:00,NSE:PARSVNATH,61.900002,61.900002,59.200001,60.450001,5371007.0
2012-07-09 09:15:00,NSE:PARSVNATH,60.099998,60.5,59.099998,59.599998,5359075.0
2012-07-16 09:15:00,NSE:PARSVNATH,59.5,59.700001,56.799999,58.0,2320499.0
2012-07-23 09:15:00,NSE:PARSVNATH,57.549999,58.400002,37.0,37.0,18283209.0
2012-07-30 09:15:00,NSE:PARSVNATH,35.150002,40.0,35.150002,39.0,12054710.0
2012-08-06 09:15:00,NSE:PARSVNATH,38.5,39.5,36.599998,38.450001,6842703.0
2012-08-13 09:15:00,NSE:PARSVNATH,38.400002,39.700001,38.150002,39.0,1039918.0
2012-08-21 09:15:00,NSE:PARSVNATH,39.099998,39.599998,38.349998,38.849998,2112528.0
2012-08-27 09:15:00,NSE:PARSVNATH,39.5,39.900002,38.0,38.25,874718.0
2012-09-03 09:15:00,NSE:PARSVNATH,38.599998,39.5,38.0,38.75,963494.0
2012-09-10 09:15:00,NSE:PARSVNATH,38.599998,39.150002,38.0,38.950001,683723.0
2012-09-17 09:15:00,NSE:PARSVNATH,40.5,41.700001,39.900002,40.25,2238864.0
2012-09-24 09:15:00,NSE:PARSVNATH,41.0,41.5,39.150002,40.099998,3459142.0
2012-10-01 09:15:00,NSE:PARSVNATH,40.049999,44.0,40.049999,42.0,3843410.0
2012-10-08 09:15:00,NSE:PARSVNATH,42.25,42.400002,37.900002,39.5,2558170.0
2012-10-15 09:15:00,NSE:PARSVNATH,39.900002,41.0,39.650002,40.150002,1433988.0
2012-10-22 09:15:00,NSE:PARSVNATH,40.0,40.0,37.5,38.25,1444813.0
2012-10-29 09:15:00,NSE:PARSVNATH,38.25,38.75,35.849998,37.049999,1369465.0
2012-11-05 09:15:00,NSE:PARSVNATH,37.049999,41.150002,37.049999,39.099998,1980379.0
2012-11-12 09:15:00,NSE:PARSVNATH,39.5,39.950001,38.200001,39.049999,530433.0
2012-11-19 09:15:00,NSE:PARSVNATH,39.150002,39.25,37.049999,37.450001,776401.0
2012-11-26 09:15:00,NSE:PARSVNATH,37.049999,40.299999,37.049999,39.099998,578581.0
2012-12-03 09:15:00,NSE:PARSVNATH,39.0,43.150002,38.650002,41.900002,2253225.0
2012-12-10 09:15:00,NSE:PARSVNATH,42.25,43.099998,39.5,39.700001,1669702.0
2012-12-17 09:15:00,NSE:PARSVNATH,39.849998,41.549999,38.5,38.700001,3284190.0
2012-12-24 09:15:00,NSE:PARSVNATH,38.650002,40.400002,38.450001,38.700001,1142666.0
2012-12-31 09:15:00,NSE:PARSVNATH,38.799999,42.5,38.599998,40.799999,3161474.0
2013-01-07 09:15:00,NSE:PARSVNATH,41.0,41.150002,39.200001,39.349998,2080931.0
2013-01-14 09:15:00,NSE:PARSVNATH,39.25,41.0,37.150002,38.200001,1723327.0
2013-01-21 09:15:00,NSE:PARSVNATH,38.400002,38.900002,35.200001,37.900002,1597892.0
2013-01-28 09:15:00,NSE:PARSVNATH,38.400002,42.200001,37.5,41.599998,2915208.0
2013-02-04 09:15:00,NSE:PARSVNATH,41.700001,43.900002,40.849998,42.900002,2680634.0
2013-02-11 09:15:00,NSE:PARSVNATH,42.650002,44.200001,41.0,42.700001,2266260.0
2013-02-18 09:15:00,NSE:PARSVNATH,42.5,44.299999,42.5,43.950001,1388417.0
2013-02-25 09:15:00,NSE:PARSVNATH,43.849998,44.25,42.0,43.349998,1311672.0
2013-03-04 09:15:00,NSE:PARSVNATH,44.0,44.0,41.150002,43.799999,1298011.0
2013-03-11 09:15:00,NSE:PARSVNATH,42.700001,43.849998,39.599998,39.75,2519617.0
2013-03-18 09:15:00,NSE:PARSVNATH,40.0,40.400002,39.099998,39.75,1602809.0
2013-03-25 09:15:00,NSE:PARSVNATH,40.0,40.099998,38.5,39.700001,1244695.0
2013-04-01 09:15:00,NSE:PARSVNATH,39.0,40.0,37.200001,37.25,2459112.0
2013-04-08 09:15:00,NSE:PARSVNATH,37.099998,38.0,32.450001,32.450001,2077905.0
2013-04-15 09:15:00,NSE:PARSVNATH,33.200001,36.599998,31.5,36.200001,2013257.0
2013-04-22 09:15:00,NSE:PARSVNATH,36.25,36.950001,32.599998,35.0,2061030.0
2013-04-29 09:15:00,NSE:PARSVNATH,34.0,35.200001,33.200001,35.200001,1107544.0
2013-05-06 09:15:00,NSE:PARSVNATH,35.5,36.549999,34.599998,35.400002,1071022.0
2013-05-13 09:15:00,NSE:PARSVNATH,35.75,36.599998,34.0,36.5,640992.0
2013-05-20 09:15:00,NSE:PARSVNATH,37.0,37.299999,33.549999,34.5,309303.0
2013-05-27 09:15:00,NSE:PARSVNATH,34.75,35.599998,34.049999,34.799999,359449.0
2013-06-03 09:15:00,NSE:PARSVNATH,34.049999,35.549999,33.299999,33.700001,297975.0
2013-06-10 09:15:00,NSE:PARSVNATH,33.099998,34.849998,31.15,34.549999,1245336.0
2013-06-17 09:15:00,NSE:PARSVNATH,34.0,35.400002,30.15,30.15,2238808.0
2013-06-24 09:15:00,NSE:PARSVNATH,30.5,33.700001,27.299999,32.700001,1762855.0
2013-07-01 09:15:00,NSE:PARSVNATH,31.4,33.0,31.25,32.0,2140862.0
2013-07-08 09:15:00,NSE:PARSVNATH,31.9,32.75,31.049999,31.5,1578917.0
2013-07-15 09:15:00,NSE:PARSVNATH,31.1,32.25,30.1,30.85,768821.0
2013-07-22 09:15:00,NSE:PARSVNATH,31.0,31.5,29.0,29.35,510040.0
2013-07-29 09:15:00,NSE:PARSVNATH,28.25,30.299999,27.200001,28.0,1547858.0
2013-08-05 09:15:00,NSE:PARSVNATH,27.85,29.0,26.65,28.0,867482.0
2013-08-12 09:15:00,NSE:PARSVNATH,28.049999,31.0,27.15,29.950001,448280.0
2013-08-19 09:15:00,NSE:PARSVNATH,29.799999,33.0,28.5,32.0,512198.0
2013-08-26 09:15:00,NSE:PARSVNATH,32.099998,32.900002,27.4,27.5,917413.0
2013-09-02 09:15:00,NSE:PARSVNATH,27.5,28.75,26.5,28.4,723569.0
2013-09-10 09:15:00,NSE:PARSVNATH,28.0,29.6,27.6,28.549999,310846.0
2013-09-16 09:15:00,NSE:PARSVNATH,28.9,29.700001,26.0,26.25,1069579.0
2013-09-23 09:15:00,NSE:PARSVNATH,26.0,27.0,25.4,27.0,978377.0
2013-09-30 09:15:00,NSE:PARSVNATH,25.6,29.1,25.6,27.75,810903.0
2013-10-07 09:15:00,NSE:PARSVNATH,27.5,27.9,26.200001,27.0,1368890.0
2013-10-14 09:15:00,NSE:PARSVNATH,26.85,27.0,24.799999,26.35,720952.0
2013-10-21 09:15:00,NSE:PARSVNATH,26.6,27.299999,25.950001,26.15,878032.0
2013-10-28 09:15:00,NSE:PARSVNATH,26.85,27.0,25.700001,26.5,1237620.0
2013-11-05 09:15:00,NSE:PARSVNATH,27.0,28.200001,26.15,26.700001,1129992.0
2013-11-11 09:15:00,NSE:PARSVNATH,26.6,27.1,25.4,26.4,777068.0
2013-11-18 09:15:00,NSE:PARSVNATH,26.15,26.9,25.35,26.200001,550073.0
2013-11-25 09:15:00,NSE:PARSVNATH,25.75,26.299999,23.4,25.25,3347567.0
2013-12-02 09:15:00,NSE:PARSVNATH,25.200001,25.75,24.65,25.549999,733831.0
2013-12-09 09:15:00,NSE:PARSVNATH,25.6,25.6,24.5,24.799999,874274.0
2013-12-16 09:15:00,NSE:PARSVNATH,25.049999,25.25,23.549999,24.0,1141229.0
2013-12-23 09:15:00,NSE:PARSVNATH,24.0,26.75,23.799999,26.5,2157101.0
2013-12-30 09:15:00,NSE:PARSVNATH,26.299999,27.450001,25.25,26.4,1822458.0
2014-01-06 09:15:00,NSE:PARSVNATH,26.200001,26.5,25.15,26.299999,1429186.0
2014-01-13 09:15:00,NSE:PARSVNATH,25.700001,26.0,24.5,25.200001,659909.0
2014-01-20 09:15:00,NSE:PARSVNATH,24.5,25.0,24.0,24.4,615828.0
2014-01-27 09:15:00,NSE:PARSVNATH,24.0,24.4,23.0,23.549999,1119842.0
2014-02-03 09:15:00,NSE:PARSVNATH,23.75,24.549999,22.25,24.549999,996751.0
2014-02-10 09:15:00,NSE:PARSVNATH,24.6,27.85,24.5,26.9,1764544.0
2014-02-17 09:15:00,NSE:PARSVNATH,26.5,27.299999,25.15,25.549999,629849.0
2014-02-24 09:15:00,NSE:PARSVNATH,25.1,25.4,23.25,24.0,694522.0
2014-03-03 09:15:00,NSE:PARSVNATH,23.700001,26.450001,23.6,25.65,1592877.0
2014-03-10 09:15:00,NSE:PARSVNATH,25.1,25.5,24.049999,24.299999,455638.0
2014-03-18 09:15:00,NSE:PARSVNATH,24.049999,24.6,23.0,24.15,858562.0
2014-03-24 09:15:00,NSE:PARSVNATH,24.0,24.700001,23.6,24.049999,1960763.0
2014-03-31 09:15:00,NSE:PARSVNATH,24.1,25.799999,23.9,25.200001,2840816.0
2014-04-07 09:15:00,NSE:PARSVNATH,25.450001,27.299999,25.35,26.85,2250489.0
2014-04-15 09:15:00,NSE:PARSVNATH,26.700001,27.25,24.85,25.35,585951.0
2014-04-21 09:15:00,NSE:PARSVNATH,25.200001,25.700001,24.4,24.65,785262.0
2014-04-28 09:15:00,NSE:PARSVNATH,24.4,25.0,23.299999,23.5,953760.0
2014-05-05 09:15:00,NSE:PARSVNATH,23.35,24.5,23.35,24.25,1031679.0
2014-05-12 09:15:00,NSE:PARSVNATH,23.9,26.1,23.799999,26.049999,2766044.0
2014-05-19 09:15:00,NSE:PARSVNATH,26.5,33.150002,26.049999,33.150002,2580345.0
2014-05-26 09:15:00,NSE:PARSVNATH,34.400002,34.799999,29.299999,30.299999,2126170.0
2014-06-02 09:15:00,NSE:PARSVNATH,30.4,37.650002,29.75,35.650002,3290404.0
2014-06-09 09:15:00,NSE:PARSVNATH,35.75,37.900002,33.25,33.549999,2889044.0
2014-06-16 09:15:00,NSE:PARSVNATH,33.75,34.200001,31.549999,33.75,1621076.0
2014-06-23 09:15:00,NSE:PARSVNATH,33.799999,36.549999,32.599998,34.25,2563456.0
2014-06-30 09:15:00,NSE:PARSVNATH,34.299999,35.599998,33.700001,34.099998,909660.0
2014-07-07 09:15:00,NSE:PARSVNATH,33.799999,34.950001,30.0,30.25,1328168.0
2014-07-14 09:15:00,NSE:PARSVNATH,30.75,31.9,29.75,30.450001,1603198.0
2014-07-21 09:15:00,NSE:PARSVNATH,30.5,31.0,28.799999,29.1,704120.0
2014-07-28 09:15:00,NSE:PARSVNATH,29.299999,29.4,26.35,26.75,1412640.0
2014-08-04 09:15:00,NSE:PARSVNATH,26.9,28.049999,25.200001,25.75,949142.0
2014-08-11 09:15:00,NSE:PARSVNATH,26.35,26.75,23.85,25.15,734408.0
2014-08-18 09:15:00,NSE:PARSVNATH,24.85,26.25,24.6,25.0,649552.0
2014-08-25 09:15:00,NSE:PARSVNATH,25.0,25.799999,22.450001,23.15,1040987.0
2014-09-01 09:15:00,NSE:PARSVNATH,23.700001,25.5,23.15,23.799999,1024657.0
2014-09-08 09:15:00,NSE:PARSVNATH,24.200001,24.9,23.5,23.75,1182885.0
2014-09-15 09:15:00,NSE:PARSVNATH,23.700001,24.549999,22.700001,23.950001,1409299.0
2014-09-22 09:15:00,NSE:PARSVNATH,24.4,25.0,20.6,21.65,2122875.0
2014-09-29 09:15:00,NSE:PARSVNATH,21.65,22.4,20.950001,21.15,414924.0
2014-10-07 09:15:00,NSE:PARSVNATH,21.0,21.4,19.799999,19.9,1144554.0
2014-10-13 09:15:00,NSE:PARSVNATH,20.0,21.0,19.65,20.15,811656.0
2014-10-20 09:15:00,NSE:PARSVNATH,20.1,20.450001,19.700001,20.299999,291760.0
2014-10-27 09:15:00,NSE:PARSVNATH,20.5,21.0,19.700001,20.299999,1606379.0
2014-11-03 09:15:00,NSE:PARSVNATH,20.299999,21.85,20.25,20.75,1340487.0
2014-11-10 09:15:00,NSE:PARSVNATH,21.75,21.75,18.799999,18.950001,2734065.0
2014-11-17 09:15:00,NSE:PARSVNATH,19.299999,19.700001,18.5,18.549999,2131344.0
2014-11-24 09:15:00,NSE:PARSVNATH,18.5,19.049999,18.0,18.9,1477431.0
2014-12-01 09:15:00,NSE:PARSVNATH,18.799999,19.700001,18.6,19.200001,1365056.0
2014-12-08 09:15:00,NSE:PARSVNATH,19.1,19.15,18.049999,18.25,840307.0
2014-12-15 09:15:00,NSE:PARSVNATH,18.0,18.299999,15.85,16.15,1538450.0
2014-12-22 09:15:00,NSE:PARSVNATH,16.0,16.65,15.75,16.450001,957725.0
2014-12-29 09:15:00,NSE:PARSVNATH,16.65,19.6,16.4,18.75,1419034.0
2015-01-05 09:15:00,NSE:PARSVNATH,18.9,19.4,14.2,17.85,11198237.0
2015-01-12 09:15:00,NSE:PARSVNATH,17.5,18.85,17.4,17.9,3092202.0
2015-01-19 09:15:00,NSE:PARSVNATH,18.0,19.85,17.299999,17.5,4591811.0
2015-01-27 09:15:00,NSE:PARSVNATH,17.4,18.6,16.9,18.0,1763584.0
2015-02-02 09:15:00,NSE:PARSVNATH,18.0,19.950001,17.85,19.15,2693098.0
2015-02-09 09:15:00,NSE:PARSVNATH,19.15,19.6,18.799999,19.15,2106435.0
2015-02-16 09:15:00,NSE:PARSVNATH,19.700001,24.9,19.700001,24.4,5018928.0
2015-02-23 09:15:00,NSE:PARSVNATH,25.0,26.75,24.0,26.25,4082533.0
2015-03-02 09:15:00,NSE:PARSVNATH,26.0,26.5,22.65,22.950001,1277121.0
2015-03-09 09:15:00,NSE:PARSVNATH,22.75,24.1,21.75,22.9,1512859.0
2015-03-16 09:15:00,NSE:PARSVNATH,22.1,23.75,19.049999,19.200001,2906855.0
2015-03-23 09:15:00,NSE:PARSVNATH,19.85,20.25,17.9,19.0,1396661.0
2015-03-30 09:15:00,NSE:PARSVNATH,19.1,20.1,18.299999,18.9,656968.0
2015-04-06 09:15:00,NSE:PARSVNATH,19.0,21.6,18.9,21.1,2001244.0
2015-04-13 09:15:00,NSE:PARSVNATH,21.35,23.5,21.200001,23.15,1513960.0
2015-04-20 09:15:00,NSE:PARSVNATH,23.0,23.5,21.450001,21.6,753412.0
2015-04-27 09:15:00,NSE:PARSVNATH,21.700001,21.9,20.0,20.9,544884.0
2015-05-04 09:15:00,NSE:PARSVNATH,20.9,21.450001,18.15,20.4,1746538.0
2015-05-11 09:15:00,NSE:PARSVNATH,20.25,21.1,19.700001,20.450001,731228.0
2015-05-18 09:15:00,NSE:PARSVNATH,20.6,22.6,20.200001,21.950001,733190.0
2015-05-25 09:15:00,NSE:PARSVNATH,22.299999,22.700001,20.950001,21.049999,1362547.0
2015-06-01 09:15:00,NSE:PARSVNATH,21.299999,21.4,19.15,20.1,903707.0
2015-06-08 09:15:00,NSE:PARSVNATH,19.5,21.799999,19.5,21.15,1342413.0
2015-06-15 09:15:00,NSE:PARSVNATH,21.450001,21.9,20.299999,21.549999,727396.0
2015-06-22 09:15:00,NSE:PARSVNATH,21.1,23.0,21.1,21.85,538683.0
2015-06-29 09:15:00,NSE:PARSVNATH,21.35,22.5,21.25,22.0,533785.0
2015-07-06 09:15:00,NSE:PARSVNATH,21.1,22.25,20.6,21.6,700997.0
2015-07-13 09:15:00,NSE:PARSVNATH,21.450001,21.799999,20.6,20.75,411722.0
2015-07-20 09:15:00,NSE:PARSVNATH,20.6,20.799999,19.200001,19.65,380132.0
2015-07-27 09:15:00,NSE:PARSVNATH,19.25,20.1,17.75,19.15,582291.0
2015-08-03 09:15:00,NSE:PARSVNATH,18.65,20.0,18.0,19.299999,601448.0
2015-08-10 09:15:00,NSE:PARSVNATH,19.299999,19.700001,18.450001,19.299999,875369.0
2015-08-17 09:15:00,NSE:PARSVNATH,19.4,19.6,18.25,19.299999,676351.0
2015-08-24 09:15:00,NSE:PARSVNATH,18.1,19.4,17.1,18.200001,1232558.0
2015-08-31 09:15:00,NSE:PARSVNATH,18.1,19.1,17.65,18.6,419795.0
2015-09-07 09:15:00,NSE:PARSVNATH,18.200001,18.65,17.799999,18.049999,661368.0
2015-09-14 09:15:00,NSE:PARSVNATH,18.200001,18.6,15.6,17.1,2375331.0
2015-09-21 09:15:00,NSE:PARSVNATH,17.5,18.5,17.1,18.0,871725.0
2015-09-28 09:15:00,NSE:PARSVNATH,17.6,18.35,17.6,17.950001,286972.0
2015-10-05 09:15:00,NSE:PARSVNATH,18.299999,18.450001,17.4,17.950001,1029832.0
2015-10-12 09:15:00,NSE:PARSVNATH,17.950001,18.65,17.6,17.700001,997348.0
2015-10-19 09:15:00,NSE:PARSVNATH,17.6,18.25,17.549999,17.6,860760.0
2015-10-26 09:15:00,NSE:PARSVNATH,17.4,18.15,16.799999,17.6,916816.0
2015-11-02 09:15:00,NSE:PARSVNATH,17.200001,17.75,16.6,16.85,239981.0
2015-11-09 09:15:00,NSE:PARSVNATH,16.75,17.1,16.200001,16.6,143289.0
2015-11-16 09:15:00,NSE:PARSVNATH,16.299999,18.5,15.85,17.75,1389860.0
2015-11-23 09:15:00,NSE:PARSVNATH,18.0,22.85,17.5,22.299999,3862512.0
2015-11-30 09:15:00,NSE:PARSVNATH,21.4,29.549999,21.1,28.9,12313358.0
2015-12-07 09:15:00,NSE:PARSVNATH,29.5,30.15,24.5,25.35,2695661.0
2015-12-14 09:15:00,NSE:PARSVNATH,24.5,26.75,24.5,26.200001,789476.0
2015-12-21 09:15:00,NSE:PARSVNATH,26.25,27.6,25.75,26.450001,1544717.0
2015-12-28 09:15:00,NSE:PARSVNATH,26.200001,27.65,25.4,25.950001,2219080.0
2016-01-04 09:15:00,NSE:PARSVNATH,26.0,29.0,24.450001,25.549999,2905562.0
2016-01-11 09:15:00,NSE:PARSVNATH,25.1,25.5,21.200001,21.5,1235711.0
2016-01-18 09:15:00,NSE:PARSVNATH,21.299999,21.35,17.9,18.75,844020.0
2016-01-25 09:15:00,NSE:PARSVNATH,18.799999,19.799999,18.25,19.049999,454400.0
2016-02-01 09:15:00,NSE:PARSVNATH,19.65,19.75,16.200001,18.0,551983.0
2016-02-08 09:15:00,NSE:PARSVNATH,17.799999,19.6,14.5,15.1,991912.0
2016-02-15 09:15:00,NSE:PARSVNATH,14.95,17.75,14.9,16.450001,675488.0
2016-02-22 09:15:00,NSE:PARSVNATH,16.75,18.0,16.1,16.200001,503658.0
2016-02-29 09:15:00,NSE:PARSVNATH,16.299999,21.0,16.15,20.9,1689105.0
2016-03-08 09:15:00,NSE:PARSVNATH,20.799999,21.0,19.1,20.200001,1042980.0
2016-03-14 09:15:00,NSE:PARSVNATH,20.200001,20.549999,17.799999,18.700001,1701383.0
2016-03-21 09:15:00,NSE:PARSVNATH,18.5,19.0,18.1,18.75,326714.0
2016-03-28 09:15:00,NSE:PARSVNATH,18.9,20.75,17.6,18.75,1446664.0
2016-04-04 09:15:00,NSE:PARSVNATH,18.799999,19.549999,17.9,18.25,1388772.0
2016-04-11 09:15:00,NSE:PARSVNATH,18.0,19.0,18.0,18.5,925342.0
2016-04-18 09:15:00,NSE:PARSVNATH,18.5,21.75,17.5,19.4,3694857.0
2016-04-25 09:15:00,NSE:PARSVNATH,19.450001,20.35,18.799999,19.0,927705.0
2016-05-02 09:15:00,NSE:PARSVNATH,19.1,19.4,18.1,18.25,667441.0
2016-05-09 09:15:00,NSE:PARSVNATH,18.25,19.5,17.75,17.85,996359.0
2016-05-16 09:15:00,NSE:PARSVNATH,17.9,19.799999,17.6,17.950001,1056940.0
2016-05-23 09:15:00,NSE:PARSVNATH,18.0,19.049999,17.299999,18.200001,643096.0
2016-05-30 09:15:00,NSE:PARSVNATH,18.5,18.85,17.5,17.950001,552437.0
2016-06-06 09:15:00,NSE:PARSVNATH,18.0,19.15,17.75,18.549999,503652.0
2016-06-13 09:15:00,NSE:PARSVNATH,18.25,19.700001,17.950001,18.799999,1061097.0
2016-06-20 09:15:00,NSE:PARSVNATH,18.9,20.75,17.700001,18.299999,1536312.0
2016-06-27 09:15:00,NSE:PARSVNATH,18.4,22.4,18.4,22.1,2787253.0
2016-07-04 09:15:00,NSE:PARSVNATH,22.0,24.200001,21.549999,23.0,3043763.0
2016-07-11 09:15:00,NSE:PARSVNATH,23.5,24.700001,22.25,23.0,2940537.0
2016-07-18 09:15:00,NSE:PARSVNATH,23.299999,23.4,21.5,22.5,875778.0
2016-07-25 09:15:00,NSE:PARSVNATH,22.5,24.75,22.299999,23.950001,4609547.0
2016-08-01 09:15:00,NSE:PARSVNATH,23.85,23.950001,20.0,20.6,1601755.0
2016-08-08 09:15:00,NSE:PARSVNATH,20.6,21.4,19.0,19.049999,1231175.0
2016-08-16 09:15:00,NSE:PARSVNATH,19.049999,19.35,18.1,19.0,974112.0
2016-08-22 09:15:00,NSE:PARSVNATH,19.200001,19.299999,17.85,17.950001,943802.0
2016-08-29 09:15:00,NSE:PARSVNATH,17.450001,17.75,16.1,16.75,1926044.0
2016-09-06 09:15:00,NSE:PARSVNATH,17.0,18.299999,14.1,15.1,5097214.0
2016-09-12 09:15:00,NSE:PARSVNATH,14.85,15.25,14.0,14.2,4852068.0
2016-09-19 09:15:00,NSE:PARSVNATH,14.2,14.3,13.7,14.05,2086963.0
2016-09-26 09:15:00,NSE:PARSVNATH,14.0,14.75,12.9,13.5,3576185.0
2016-10-03 09:15:00,NSE:PARSVNATH,13.7,14.35,13.5,13.8,849455.0
2016-10-10 09:15:00,NSE:PARSVNATH,13.8,14.8,13.75,14.0,2428255.0
2016-10-17 09:15:00,NSE:PARSVNATH,14.0,14.6,13.55,13.7,1343725.0
2016-10-24 09:15:00,NSE:PARSVNATH,14.0,14.05,13.45,13.5,967927.0
2016-11-01 09:15:00,NSE:PARSVNATH,13.8,14.3,13.35,13.4,1091594.0
2016-11-07 09:15:00,NSE:PARSVNATH,13.4,13.7,11.2,12.55,870174.0
2016-11-15 09:15:00,NSE:PARSVNATH,12.25,13.7,10.95,13.4,2320093.0
2016-11-21 09:15:00,NSE:PARSVNATH,13.5,14.0,12.2,12.35,1304801.0
2016-11-28 09:15:00,NSE:PARSVNATH,12.35,12.8,12.1,12.5,1040989.0
2016-12-05 09:15:00,NSE:PARSVNATH,12.8,13.25,12.6,13.05,1113111.0
2016-12-12 09:15:00,NSE:PARSVNATH,13.05,13.1,12.4,12.4,378719.0
2016-12-19 09:15:00,NSE:PARSVNATH,12.3,13.2,12.1,12.75,907666.0
2016-12-26 09:15:00,NSE:PARSVNATH,12.6,13.05,12.35,12.95,2315255.0
2017-01-02 09:15:00,NSE:PARSVNATH,13.05,13.75,13.05,13.55,481827.0
2017-01-09 09:15:00,NSE:PARSVNATH,13.7,13.75,13.05,13.25,341102.0
2017-01-16 09:15:00,NSE:PARSVNATH,13.3,13.7,13.0,13.1,256618.0
2017-01-23 09:15:00,NSE:PARSVNATH,13.2,14.6,12.95,13.65,369305.0
2017-01-30 09:15:00,NSE:PARSVNATH,13.8,14.7,13.1,14.2,963833.0
2017-02-06 09:15:00,NSE:PARSVNATH,14.0,14.65,13.6,13.7,1255158.0
2017-02-13 09:15:00,NSE:PARSVNATH,13.5,13.75,12.75,13.05,424636.0
2017-02-20 09:15:00,NSE:PARSVNATH,13.3,13.9,12.95,13.4,374821.0
2017-02-27 09:15:00,NSE:PARSVNATH,13.6,13.65,12.9,13.1,513424.0
2017-03-06 09:15:00,NSE:PARSVNATH,13.1,13.35,12.5,12.65,1783995.0
2017-03-14 09:15:00,NSE:PARSVNATH,12.9,13.9,12.65,13.3,842605.0
2017-03-20 09:15:00,NSE:PARSVNATH,13.3,13.4,12.65,12.85,1213725.0
2017-03-27 09:15:00,NSE:PARSVNATH,12.85,13.0,12.25,12.35,745883.0
2017-04-03 09:15:00,NSE:PARSVNATH,12.5,15.6,12.35,14.8,3433325.0
2017-04-10 09:15:00,NSE:PARSVNATH,15.15,16.4,14.35,14.8,2778184.0
2017-04-17 09:15:00,NSE:PARSVNATH,14.8,17.450001,14.65,16.049999,5318894.0
2017-04-24 09:15:00,NSE:PARSVNATH,16.1,16.950001,15.25,16.35,3077724.0
2017-05-02 09:15:00,NSE:PARSVNATH,16.35,16.65,15.1,15.25,1491584.0
2017-05-08 09:15:00,NSE:PARSVNATH,15.05,17.0,15.0,15.5,2205436.0
2017-05-15 09:15:00,NSE:PARSVNATH,15.55,16.25,14.6,14.75,1593625.0
2017-05-22 09:15:00,NSE:PARSVNATH,15.0,15.25,13.3,13.6,1061520.0
2017-05-29 09:15:00,NSE:PARSVNATH,13.65,14.75,12.75,13.85,2904696.0
2017-06-05 09:15:00,NSE:PARSVNATH,14.1,14.1,13.1,13.35,449283.0
2017-06-12 09:15:00,NSE:PARSVNATH,13.1,14.2,12.65,14.0,1170066.0
2017-06-19 09:15:00,NSE:PARSVNATH,13.9,14.3,13.05,13.15,564468.0
2017-06-27 09:15:00,NSE:PARSVNATH,13.0,14.3,12.85,14.1,1018274.0
2017-07-03 09:15:00,NSE:PARSVNATH,14.45,16.9,13.8,16.5,3587370.0
2017-07-10 09:15:00,NSE:PARSVNATH,16.299999,16.799999,15.1,16.200001,1607115.0
2017-07-17 09:15:00,NSE:PARSVNATH,15.85,16.65,15.25,16.450001,1186895.0
2017-07-24 09:15:00,NSE:PARSVNATH,16.5,25.950001,16.450001,22.700001,17177420.0
2017-07-31 09:15:00,NSE:PARSVNATH,22.950001,24.15,21.049999,23.0,2654214.0
2017-08-07 09:15:00,NSE:PARSVNATH,23.1,23.950001,22.6,23.799999,536468.0
2017-08-14 09:15:00,NSE:PARSVNATH,21.450001,22.75,19.200001,22.35,4634632.0
2017-08-21 09:15:00,NSE:PARSVNATH,21.75,21.9,19.0,20.1,2578220.0
2017-08-28 09:15:00,NSE:PARSVNATH,19.1,20.6,18.75,20.450001,472814.0
2017-09-04 09:15:00,NSE:PARSVNATH,19.6,21.0,19.299999,19.549999,356769.0
2017-09-11 09:15:00,NSE:PARSVNATH,19.25,22.6,18.9,22.5,707289.0
2017-09-18 09:15:00,NSE:PARSVNATH,22.5,24.6,21.35,23.4,841180.0
2017-09-25 09:15:00,NSE:PARSVNATH,23.4,23.75,20.5,20.85,274628.0
2017-10-03 09:15:00,NSE:PARSVNATH,20.5,22.0,20.15,21.85,281028.0
2017-10-09 09:15:00,NSE:PARSVNATH,21.049999,23.4,21.049999,22.299999,2204108.0
2017-10-16 09:15:00,NSE:PARSVNATH,21.299999,23.5,21.299999,22.75,464433.0
2017-10-23 09:15:00,NSE:PARSVNATH,21.75,23.85,21.65,22.950001,345072.0
2017-10-30 09:15:00,NSE:PARSVNATH,22.25,26.15,22.049999,24.75,719117.0
2017-11-06 09:15:00,NSE:PARSVNATH,24.049999,25.25,22.700001,24.450001,297936.0
2017-11-13 09:15:00,NSE:PARSVNATH,23.75,24.799999,22.049999,23.549999,285651.0
2017-11-20 09:15:00,NSE:PARSVNATH,23.25,27.950001,23.049999,27.950001,954028.0
2017-11-27 09:15:00,NSE:PARSVNATH,27.75,33.849998,27.6,31.5,3764376.0
2017-12-04 09:15:00,NSE:PARSVNATH,31.1,33.049999,27.700001,29.1,1429578.0
2017-12-11 09:15:00,NSE:PARSVNATH,28.6,29.299999,27.200001,28.1,841884.0
2017-12-18 09:15:00,NSE:PARSVNATH,28.1,31.799999,26.75,31.549999,1389420.0
2017-12-26 09:15:00,NSE:PARSVNATH,31.549999,32.0,28.65,30.25,643331.0
2018-01-01 09:15:00,NSE:PARSVNATH,29.049999,31.75,28.85,29.0,1202990.0
2018-01-08 09:15:00,NSE:PARSVNATH,29.1,30.6,27.5,30.15,2099435.0
2018-01-15 09:15:00,NSE:PARSVNATH,29.25,31.4,25.0,25.1,1170778.0
2018-01-22 09:15:00,NSE:PARSVNATH,25.1,26.299999,24.049999,25.1,398693.0
2018-01-29 09:15:00,NSE:PARSVNATH,25.15,25.35,22.549999,22.65,430485.0
2018-02-05 09:15:00,NSE:PARSVNATH,22.6,22.6,20.15,22.25,711337.0
2018-02-12 09:15:00,NSE:PARSVNATH,23.25,24.65,22.0,23.049999,1684661.0
2018-02-19 09:15:00,NSE:PARSVNATH,23.25,23.799999,21.1,21.299999,1805912.0
2018-02-26 09:15:00,NSE:PARSVNATH,22.0,22.0,20.4,20.85,568857.0
2018-03-05 09:15:00,NSE:PARSVNATH,20.85,20.85,16.6,16.6,1169025.0
2018-03-12 09:15:00,NSE:PARSVNATH,16.799999,17.35,15.05,16.75,2554266.0
2018-03-19 09:15:00,NSE:PARSVNATH,16.75,17.35,14.25,14.35,3552567.0
2018-03-26 09:15:00,NSE:PARSVNATH,14.4,15.05,13.65,14.85,645099.0
2018-04-02 09:15:00,NSE:PARSVNATH,15.0,15.8,13.65,14.1,1887747.0
2018-04-09 09:15:00,NSE:PARSVNATH,14.15,14.65,13.45,13.7,620789.0
2018-04-16 09:15:00,NSE:PARSVNATH,13.5,14.75,13.5,14.25,286535.0
2018-04-23 09:15:00,NSE:PARSVNATH,14.0,15.2,13.55,14.85,553409.0
2018-04-30 09:15:00,NSE:PARSVNATH,14.85,17.4,14.5,15.85,3011221.0
2018-05-07 09:15:00,NSE:PARSVNATH,15.65,16.5,14.15,15.25,349455.0
2018-05-14 09:15:00,NSE:PARSVNATH,14.65,16.049999,14.0,14.4,1207565.0
2018-05-21 09:15:00,NSE:PARSVNATH,13.7,14.7,13.7,13.95,235949.0
2018-05-28 09:15:00,NSE:PARSVNATH,13.9,14.5,13.5,13.6,142666.0
2018-06-04 09:15:00,NSE:PARSVNATH,13.65,13.95,11.6,12.05,1156058.0
2018-06-11 09:15:00,NSE:PARSVNATH,12.05,13.45,12.05,12.8,308377.0
2018-06-18 09:15:00,NSE:PARSVNATH,12.6,13.0,12.1,12.2,96359.0
2018-06-25 09:15:00,NSE:PARSVNATH,12.7,12.7,10.65,11.85,218140.0
2018-07-02 09:15:00,NSE:PARSVNATH,11.5,12.15,10.5,11.05,446418.0
2018-07-09 09:15:00,NSE:PARSVNATH,11.1,11.8,10.95,11.05,101902.0
2018-07-16 09:15:00,NSE:PARSVNATH,11.05,11.4,10.15,10.45,227099.0
2018-07-23 09:15:00,NSE:PARSVNATH,10.1,12.1,10.1,11.9,229522.0
2018-07-30 09:15:00,NSE:PARSVNATH,11.5,14.0,11.5,13.4,403810.0
2018-08-06 09:15:00,NSE:PARSVNATH,14.0,14.0,11.75,11.8,666394.0
2018-08-13 09:15:00,NSE:PARSVNATH,11.8,12.9,11.5,12.2,215590.0
2018-08-20 09:15:00,NSE:PARSVNATH,12.0,13.4,12.0,12.2,259787.0
2018-08-27 09:15:00,NSE:PARSVNATH,11.85,12.85,11.35,11.85,210686.0
2018-09-03 09:15:00,NSE:PARSVNATH,12.0,12.1,11.05,11.15,395890.0
2018-09-10 09:15:00,NSE:PARSVNATH,11.0,11.5,10.8,11.1,173364.0
2018-09-17 09:15:00,NSE:PARSVNATH,11.1,11.55,10.0,10.25,608420.0
2018-09-24 09:15:00,NSE:PARSVNATH,10.15,10.3,8.7,8.85,767562.0
2018-10-01 09:15:00,NSE:PARSVNATH,8.8,9.95,8.1,8.7,176269.0
2018-10-08 09:15:00,NSE:PARSVNATH,8.5,8.95,7.2,8.2,364223.0
2018-10-15 09:15:00,NSE:PARSVNATH,7.85,9.1,7.75,7.9,223581.0
2018-10-22 09:15:00,NSE:PARSVNATH,7.85,8.45,6.45,6.95,508163.0
2018-10-29 09:15:00,NSE:PARSVNATH,7.0,8.25,6.55,7.65,347793.0
2018-11-05 09:15:00,NSE:PARSVNATH,7.5,8.3,7.05,7.9,94408.0
2018-11-12 09:15:00,NSE:PARSVNATH,8.05,8.85,7.75,8.05,471030.0
2018-11-19 09:15:00,NSE:PARSVNATH,8.05,8.4,7.8,7.85,124294.0
2018-11-26 09:15:00,NSE:PARSVNATH,8.45,11.15,7.1,8.35,5867726.0
2018-12-03 09:15:00,NSE:PARSVNATH,8.45,8.5,7.15,7.4,728081.0
2018-12-10 09:15:00,NSE:PARSVNATH,7.65,8.0,6.9,7.55,373575.0
2018-12-17 09:15:00,NSE:PARSVNATH,7.25,7.8,7.25,7.55,243424.0
2018-12-24 09:15:00,NSE:PARSVNATH,7.55,7.7,7.1,7.4,254497.0
2018-12-31 09:15:00,NSE:PARSVNATH,7.85,8.0,7.15,7.5,227470.0
2019-01-07 09:15:00,NSE:PARSVNATH,7.2,8.85,7.2,7.7,2076135.0
2019-01-14 09:15:00,NSE:PARSVNATH,7.55,7.65,7.05,7.25,957678.0
2019-01-21 09:15:00,NSE:PARSVNATH,7.0,7.4,6.65,6.7,309998.0
2019-01-28 09:15:00,NSE:PARSVNATH,6.7,6.75,5.55,6.15,606678.0
2019-02-04 09:15:00,NSE:PARSVNATH,6.05,6.3,4.45,5.55,2149263.0
2019-02-11 09:15:00,NSE:PARSVNATH,5.9,6.3,5.15,5.3,603137.0
2019-02-18 09:15:00,NSE:PARSVNATH,5.3,5.75,5.0,5.65,276241.0
2019-02-25 09:15:00,NSE:PARSVNATH,6.0,6.9,5.55,5.75,1162059.0
2019-03-05 09:15:00,NSE:PARSVNATH,5.95,6.25,5.75,5.95,582655.0
2019-03-11 09:15:00,NSE:PARSVNATH,5.85,6.6,5.85,6.1,840228.0
2019-03-18 09:15:00,NSE:PARSVNATH,6.1,7.65,6.0,6.75,2776964.0
2019-03-25 09:15:00,NSE:PARSVNATH,6.8,6.8,6.1,6.2,456161.0
2019-04-01 09:15:00,NSE:PARSVNATH,6.2,6.75,6.15,6.5,233040.0
2019-04-08 09:15:00,NSE:PARSVNATH,6.3,6.55,5.2,5.45,1812815.0
2019-04-15 09:15:00,NSE:PARSVNATH,5.4,6.0,4.35,4.6,3328555.0
2019-04-22 09:15:00,NSE:PARSVNATH,4.75,4.9,4.4,4.75,1081680.0
2019-04-30 09:15:00,NSE:PARSVNATH,4.85,4.85,4.4,4.5,191892.0
2019-05-06 09:15:00,NSE:PARSVNATH,4.7,4.75,3.75,4.7,794399.0
2019-05-13 09:15:00,NSE:PARSVNATH,4.6,4.9,4.25,4.55,494170.0
2019-05-20 09:15:00,NSE:PARSVNATH,4.6,4.85,4.3,4.55,437124.0
2019-05-27 09:15:00,NSE:PARSVNATH,4.45,4.75,4.3,4.5,553318.0
2019-06-03 09:15:00,NSE:PARSVNATH,4.5,4.55,3.65,4.05,236360.0
2019-06-10 09:15:00,NSE:PARSVNATH,4.0,4.2,3.5,3.6,579013.0
2019-06-17 09:15:00,NSE:PARSVNATH,3.5,3.7,2.4,3.4,725836.0
2019-06-24 09:15:00,NSE:PARSVNATH,3.4,3.7,2.9,3.4,277621.0
2019-07-01 09:15:00,NSE:PARSVNATH,3.7,3.85,3.05,3.45,449111.0
2019-07-08 09:15:00,NSE:PARSVNATH,3.5,5.1,3.1,5.1,2577086.0
2019-07-15 09:15:00,NSE:PARSVNATH,5.35,5.35,4.25,4.65,1614388.0
2019-07-22 09:15:00,NSE:PARSVNATH,4.45,4.75,3.7,3.7,391724.0
2019-07-29 09:15:00,NSE:PARSVNATH,3.55,3.85,3.05,3.3,400080.0
2019-08-05 09:15:00,NSE:PARSVNATH,3.3,3.65,3.2,3.45,443551.0
2019-08-13 09:15:00,NSE:PARSVNATH,3.6,3.6,3.15,3.25,210659.0
2019-08-19 09:15:00,NSE:PARSVNATH,3.4,3.65,3.2,3.25,895716.0
2019-08-26 09:15:00,NSE:PARSVNATH,3.2,3.5,3.05,3.15,853240.0
2019-09-03 09:15:00,NSE:PARSVNATH,3.1,3.3,2.85,2.85,1421588.0
2019-09-09 09:15:00,NSE:PARSVNATH,2.9,3.15,2.75,3.05,923501.0
2019-09-16 09:15:00,NSE:PARSVNATH,3.15,3.15,2.8,2.85,891996.0
2019-09-23 09:15:00,NSE:PARSVNATH,2.9,2.95,2.65,2.65,891584.0
2019-09-30 09:15:00,NSE:PARSVNATH,2.7,2.7,2.3,2.5,595815.0
2019-10-07 09:15:00,NSE:PARSVNATH,2.6,2.6,2.35,2.5,411165.0
2019-10-14 09:15:00,NSE:PARSVNATH,2.5,2.7,2.4,2.6,1083544.0
2019-10-21 09:15:00,NSE:PARSVNATH,2.65,2.7,2.45,2.7,357021.0
2019-10-29 09:15:00,NSE:PARSVNATH,2.8,2.8,2.4,2.45,877683.0
2019-11-04 09:15:00,NSE:PARSVNATH,2.45,2.55,2.3,2.35,2672072.0
2019-11-11 09:15:00,NSE:PARSVNATH,2.35,2.4,2.2,2.25,679370.0
2019-11-18 09:15:00,NSE:PARSVNATH,2.2,2.3,1.9,1.95,2496838.0
2019-11-25 09:15:00,NSE:PARSVNATH,2.0,2.2,1.9,2.2,5859953.0
2019-12-02 09:15:00,NSE:PARSVNATH,2.25,2.3,1.85,1.85,3574623.0
2019-12-09 09:15:00,NSE:PARSVNATH,1.85,1.95,1.6,1.7,3221106.0
2019-12-16 09:15:00,NSE:PARSVNATH,1.7,2.05,1.65,2.0,2616455.0
2019-12-23 09:15:00,NSE:PARSVNATH,1.9,2.5,1.9,2.35,1770064.0
2019-12-30 09:15:00,NSE:PARSVNATH,2.45,2.45,2.05,2.2,1227041.0
2020-01-06 09:15:00,NSE:PARSVNATH,2.2,2.25,2.0,2.0,247037.0
2020-01-13 09:15:00,NSE:PARSVNATH,2.0,2.25,1.95,2.25,287886.0
2020-01-20 09:15:00,NSE:PARSVNATH,2.15,2.3,2.1,2.25,508099.0
2020-01-27 09:15:00,NSE:PARSVNATH,2.25,2.35,2.05,2.3,786439.0
2020-02-03 09:15:00,NSE:PARSVNATH,2.3,2.3,1.9,2.1,324494.0
2020-02-10 09:15:00,NSE:PARSVNATH,2.05,2.2,1.95,2.0,173422.0
2020-02-17 09:15:00,NSE:PARSVNATH,2.0,2.1,1.9,1.95,220147.0
2020-02-24 09:15:00,NSE:PARSVNATH,1.95,2.0,1.9,1.9,144541.0
2020-03-02 09:15:00,NSE:PARSVNATH,1.85,1.9,1.75,1.8,192733.0
2020-03-09 09:15:00,NSE:PARSVNATH,1.75,1.8,1.6,1.6,163609.0
2020-03-16 09:15:00,NSE:PARSVNATH,1.6,1.6,1.4,1.4,560048.0
2020-03-23 09:15:00,NSE:PARSVNATH,1.35,1.45,1.2,1.25,683935.0
2020-03-30 09:15:00,NSE:PARSVNATH,1.25,1.35,1.2,1.35,157165.0
2020-04-07 09:15:00,NSE:PARSVNATH,1.4,1.5,1.35,1.5,58424.0
2020-04-13 09:15:00,NSE:PARSVNATH,1.55,1.7,1.55,1.7,57330.0
2020-04-20 09:15:00,NSE:PARSVNATH,1.75,1.95,1.75,1.95,133405.0
2020-04-27 09:15:00,NSE:PARSVNATH,2.0,2.3,1.9,2.3,268407.0
2020-05-04 09:15:00,NSE:PARSVNATH,2.4,2.4,1.95,2.2,519656.0
2020-05-11 09:15:00,NSE:PARSVNATH,2.3,2.35,2.05,2.05,351907.0
2020-05-18 09:15:00,NSE:PARSVNATH,1.95,2.05,1.8,1.85,209423.0
2020-05-26 09:15:00,NSE:PARSVNATH,1.8,1.9,1.75,1.9,112902.0
2020-06-01 09:15:00,NSE:PARSVNATH,1.85,2.0,1.85,2.0,581644.0
2020-06-08 09:15:00,NSE:PARSVNATH,2.1,2.45,2.0,2.4,831021.0
2020-06-15 09:15:00,NSE:PARSVNATH,2.45,2.6,2.25,2.6,432031.0
2020-06-22 09:15:00,NSE:PARSVNATH,2.7,3.15,2.7,3.15,76795.0
2020-06-29 09:15:00,NSE:PARSVNATH,3.3,3.85,3.15,3.55,999822.0
2020-07-06 09:15:00,NSE:PARSVNATH,3.4,3.45,3.1,3.4,446467.0
2020-07-13 09:15:00,NSE:PARSVNATH,3.55,3.55,2.75,2.9,330419.0
2020-07-20 09:15:00,NSE:PARSVNATH,3.0,3.3,2.9,2.95,302584.0
2020-07-27 09:15:00,NSE:PARSVNATH,2.85,3.0,2.5,2.5,243604.0
2020-08-03 09:15:00,NSE:PARSVNATH,2.5,2.95,2.5,2.85,203626.0
2020-08-10 09:15:00,NSE:PARSVNATH,2.9,3.4,2.9,3.3,388391.0
2020-08-17 09:15:00,NSE:PARSVNATH,3.45,3.55,3.1,3.3,788249.0
2020-08-24 09:15:00,NSE:PARSVNATH,3.45,3.65,3.2,3.45,537490.0
2020-08-31 09:15:00,NSE:PARSVNATH,3.5,3.55,2.9,3.05,267145.0
2020-09-07 09:15:00,NSE:PARSVNATH,3.1,3.15,2.85,2.95,232192.0
2020-09-14 09:15:00,NSE:PARSVNATH,2.95,3.05,2.7,2.75,274181.0
2020-09-21 09:15:00,NSE:PARSVNATH,2.75,2.8,2.25,2.4,192776.0
2020-09-28 09:15:00,NSE:PARSVNATH,2.35,2.6,2.35,2.45,62036.0
2020-10-05 09:15:00,NSE:PARSVNATH,2.45,2.55,2.3,2.4,180871.0
2020-10-12 09:15:00,NSE:PARSVNATH,2.35,2.45,2.2,2.45,115919.0
2020-10-19 09:15:00,NSE:PARSVNATH,2.55,2.55,2.35,2.55,191017.0
2020-10-26 09:15:00,NSE:PARSVNATH,2.5,2.6,2.25,2.35,264293.0
2020-11-02 09:15:00,NSE:PARSVNATH,2.3,2.45,2.15,2.45,453052.0
2020-11-09 09:15:00,NSE:PARSVNATH,2.4,2.55,2.3,2.55,364485.0
2020-11-17 09:15:00,NSE:PARSVNATH,2.65,2.95,2.65,2.95,115948.0
2020-11-23 09:15:00,NSE:PARSVNATH,3.05,3.65,3.05,3.65,786717.0
2020-12-01 09:15:00,NSE:PARSVNATH,3.8,4.3,3.7,4.3,304780.0
2020-12-07 09:15:00,NSE:PARSVNATH,4.5,5.35,4.5,5.35,743086.0
2020-12-14 09:15:00,NSE:PARSVNATH,5.6,5.85,5.0,5.0,1060779.0
2020-12-21 09:15:00,NSE:PARSVNATH,4.75,5.0,4.55,4.8,352765.0
2020-12-28 09:15:00,NSE:PARSVNATH,4.6,5.25,4.6,5.2,510310.0
2021-01-04 09:15:00,NSE:PARSVNATH,5.4,6.45,5.15,6.2,1113047.0
2021-01-11 09:15:00,NSE:PARSVNATH,6.4,6.5,4.9,5.1,725778.0
2021-01-18 09:15:00,NSE:PARSVNATH,5.15,5.35,4.85,5.05,421233.0
2021-01-25 09:15:00,NSE:PARSVNATH,5.15,5.15,4.6,5.05,167717.0
2021-02-01 09:15:00,NSE:PARSVNATH,5.15,5.2,4.8,4.95,333671.0
2021-02-08 09:15:00,NSE:PARSVNATH,5.05,5.4,4.8,5.4,1132574.0
2021-02-15 09:15:00,NSE:PARSVNATH,5.65,6.05,5.5,6.0,1480203.0
2021-02-22 09:15:00,NSE:PARSVNATH,6.3,7.55,6.05,7.55,1447928.0
2021-03-01 09:15:00,NSE:PARSVNATH,7.9,9.5,7.9,8.9,5857950.0
2021-03-08 09:15:00,NSE:PARSVNATH,8.6,9.3,8.3,9.2,1664110.0
2021-03-15 09:15:00,NSE:PARSVNATH,9.55,11.2,8.9,10.35,2351537.0
2021-03-22 09:15:00,NSE:PARSVNATH,10.6,10.8,8.55,8.85,1286403.0
2021-03-30 09:15:00,NSE:PARSVNATH,8.55,9.2,8.3,8.95,348622.0
2021-04-05 09:15:00,NSE:PARSVNATH,9.2,9.4,8.5,8.75,302112.0
2021-04-12 09:15:00,NSE:PARSVNATH,8.5,8.55,7.6,8.0,351630.0
2021-04-19 09:15:00,NSE:PARSVNATH,8.0,8.0,7.0,7.45,194528.0
2021-04-26 09:15:00,NSE:PARSVNATH,7.15,8.3,7.15,7.9,354911.0
2021-05-03 09:15:00,NSE:PARSVNATH,7.95,7.95,7.5,7.5,448935.0
2021-05-10 09:15:00,NSE:PARSVNATH,7.5,9.0,7.35,9.0,820991.0
2021-05-17 09:15:00,NSE:PARSVNATH,9.25,9.4,8.5,8.85,967311.0
2021-05-24 09:15:00,NSE:PARSVNATH,9.0,10.55,8.85,9.9,889565.0
2021-05-31 09:15:00,NSE:PARSVNATH,10.35,12.15,9.85,12.15,2278425.0
2021-06-07 09:15:00,NSE:PARSVNATH,12.75,15.4,12.2,14.9,3545836.0
2021-06-14 09:15:00,NSE:PARSVNATH,14.75,16.3,13.9,15.1,4061985.0
2021-06-21 09:15:00,NSE:PARSVNATH,14.4,16.1,14.35,15.6,1294149.0
