datetime,symbol,open,high,low,close,volume
2019-06-10 09:00:00,NSE:HINDPETRO,308.6,311.1,304.75,305.75,668258.0
2019-06-10 09:45:00,NSE:HINDPETRO,305.75,305.9,301.2,304.0,636895.0
2019-06-10 10:30:00,NSE:HINDPETRO,304.0,304.0,300.4,302.5,700829.0
2019-06-10 11:15:00,NSE:HINDPETRO,302.6,306.0,302.6,305.2,523026.0
2019-06-10 12:00:00,NSE:HINDPETRO,305.45,305.5,301.0,302.5,339318.0
2019-06-10 12:45:00,NSE:HINDPETRO,302.4,303.0,299.3,302.0,365355.0
2019-06-10 13:30:00,NSE:HINDPETRO,302.0,302.95,300.95,302.15,211327.0
2019-06-10 14:15:00,NSE:HINDPETRO,302.15,305.5,302.05,304.0,438410.0
2019-06-10 15:00:00,NSE:HINDPETRO,304.15,307.0,304.15,306.95,525372.0
2019-06-10 15:45:00,NSE:HINDPETRO,305.6,306.95,305.6,305.6,149.0
2019-06-11 09:00:00,NSE:HINDPETRO,305.0,307.0,304.1,305.45,704341.0
2019-06-11 09:45:00,NSE:HINDPETRO,305.45,308.0,304.8,305.95,368444.0
2019-06-11 10:30:00,NSE:HINDPETRO,305.95,306.05,301.7,303.65,514004.0
2019-06-11 11:15:00,NSE:HINDPETRO,303.65,306.0,303.3,304.8,1016290.0
2019-06-11 12:00:00,NSE:HINDPETRO,304.8,305.35,303.85,305.15,238826.0
2019-06-11 12:45:00,NSE:HINDPETRO,305.15,307.2,304.65,307.0,244021.0
2019-06-11 13:30:00,NSE:HINDPETRO,306.9,310.35,306.85,309.15,757542.0
2019-06-11 14:15:00,NSE:HINDPETRO,309.2,309.25,307.2,309.05,269774.0
2019-06-11 15:00:00,NSE:HINDPETRO,309.05,309.55,307.8,308.65,338768.0
2019-06-11 15:45:00,NSE:HINDPETRO,308.65,308.65,308.65,308.65,218.0
2019-06-12 09:00:00,NSE:HINDPETRO,307.0,309.15,306.45,308.1,497135.0
2019-06-12 09:45:00,NSE:HINDPETRO,308.15,311.0,307.7,310.1,409050.0
2019-06-12 10:30:00,NSE:HINDPETRO,310.05,310.05,305.0,305.8,525829.0
2019-06-12 11:15:00,NSE:HINDPETRO,305.8,306.95,303.6,305.05,291778.0
2019-06-12 12:00:00,NSE:HINDPETRO,304.9,306.0,304.1,305.8,144949.0
2019-06-12 12:45:00,NSE:HINDPETRO,305.85,305.9,303.75,304.2,149671.0
2019-06-12 13:30:00,NSE:HINDPETRO,304.2,304.35,302.5,303.05,273035.0
2019-06-12 14:15:00,NSE:HINDPETRO,303.05,303.7,300.65,302.25,586971.0
2019-06-12 15:00:00,NSE:HINDPETRO,302.15,303.85,300.75,302.15,924044.0
2019-06-13 09:00:00,NSE:HINDPETRO,306.45,309.5,305.0,308.7,1335515.0
2019-06-13 09:45:00,NSE:HINDPETRO,308.7,311.0,306.5,307.0,1815964.0
2019-06-13 10:30:00,NSE:HINDPETRO,307.0,309.35,306.65,308.95,745381.0
2019-06-13 11:15:00,NSE:HINDPETRO,308.95,309.0,308.0,308.25,324332.0
2019-06-13 12:00:00,NSE:HINDPETRO,308.2,308.4,304.0,306.35,1335179.0
2019-06-13 12:45:00,NSE:HINDPETRO,306.25,307.0,305.8,306.65,324640.0
2019-06-13 13:30:00,NSE:HINDPETRO,306.65,308.3,306.05,307.9,533471.0
2019-06-13 14:15:00,NSE:HINDPETRO,307.9,308.2,306.8,307.95,541140.0
2019-06-13 15:00:00,NSE:HINDPETRO,307.9,310.45,307.85,309.65,1104954.0
2019-06-13 15:45:00,NSE:HINDPETRO,309.65,310.0,309.65,309.65,936.0
2019-06-14 09:00:00,NSE:HINDPETRO,308.25,309.35,305.9,307.3,878650.0
2019-06-14 09:45:00,NSE:HINDPETRO,307.4,310.3,307.2,309.55,307577.0
2019-06-14 10:30:00,NSE:HINDPETRO,309.5,310.0,308.4,309.25,159448.0
2019-06-14 11:15:00,NSE:HINDPETRO,309.3,310.6,308.7,308.95,278791.0
2019-06-14 12:00:00,NSE:HINDPETRO,308.95,310.2,307.5,309.35,369325.0
2019-06-14 12:45:00,NSE:HINDPETRO,309.35,309.75,308.0,308.5,174268.0
2019-06-14 13:30:00,NSE:HINDPETRO,308.55,308.85,306.55,307.65,366370.0
2019-06-14 14:15:00,NSE:HINDPETRO,307.65,308.5,306.6,308.15,257720.0
2019-06-14 15:00:00,NSE:HINDPETRO,308.1,308.15,305.3,306.45,445581.0
2019-06-14 15:45:00,NSE:HINDPETRO,306.45,306.45,306.45,306.45,39.0
2019-06-17 09:00:00,NSE:HINDPETRO,305.7,305.7,298.25,299.65,518461.0
2019-06-17 09:45:00,NSE:HINDPETRO,299.65,299.8,297.0,297.6,613978.0
2019-06-17 10:30:00,NSE:HINDPETRO,297.55,297.85,295.95,296.5,446520.0
2019-06-17 11:15:00,NSE:HINDPETRO,296.5,297.6,295.55,296.05,334379.0
2019-06-17 12:00:00,NSE:HINDPETRO,296.0,296.75,295.45,296.6,179662.0
2019-06-17 12:45:00,NSE:HINDPETRO,296.6,298.15,296.1,297.4,300236.0
2019-06-17 13:30:00,NSE:HINDPETRO,297.4,297.95,296.15,297.0,188920.0
2019-06-17 14:15:00,NSE:HINDPETRO,297.05,297.75,296.1,296.55,239310.0
2019-06-17 15:00:00,NSE:HINDPETRO,296.45,296.45,293.15,294.35,744075.0
2019-06-17 15:45:00,NSE:HINDPETRO,294.55,294.55,294.55,294.55,153.0
2019-06-18 09:00:00,NSE:HINDPETRO,296.75,298.8,295.15,296.2,498436.0
2019-06-18 09:45:00,NSE:HINDPETRO,296.2,299.5,296.1,298.95,365696.0
2019-06-18 10:30:00,NSE:HINDPETRO,298.95,299.9,298.25,298.8,246545.0
2019-06-18 11:15:00,NSE:HINDPETRO,298.8,301.4,298.65,300.9,298029.0
2019-06-18 12:00:00,NSE:HINDPETRO,300.95,303.6,300.75,302.95,448506.0
2019-06-18 12:45:00,NSE:HINDPETRO,302.95,303.45,301.3,301.4,316267.0
2019-06-18 13:30:00,NSE:HINDPETRO,301.4,302.7,301.0,302.4,221906.0
2019-06-18 14:15:00,NSE:HINDPETRO,302.45,303.1,301.1,301.95,260533.0
2019-06-18 15:00:00,NSE:HINDPETRO,301.95,303.3,300.8,301.7,792130.0
2019-06-18 15:45:00,NSE:HINDPETRO,301.7,301.7,301.7,301.7,635.0
2019-06-19 09:00:00,NSE:HINDPETRO,301.85,303.0,298.6,299.0,813206.0
2019-06-19 09:45:00,NSE:HINDPETRO,299.0,299.6,296.2,298.0,644371.0
2019-06-19 10:30:00,NSE:HINDPETRO,298.0,298.45,295.5,296.05,236670.0
2019-06-19 11:15:00,NSE:HINDPETRO,296.05,296.05,293.1,294.45,414596.0
2019-06-19 12:00:00,NSE:HINDPETRO,294.45,295.05,291.7,292.7,501673.0
2019-06-19 12:45:00,NSE:HINDPETRO,292.6,295.15,292.0,292.2,311437.0
2019-06-19 13:30:00,NSE:HINDPETRO,292.45,293.55,291.2,292.8,259424.0
2019-06-19 14:15:00,NSE:HINDPETRO,292.7,293.9,291.2,293.65,319180.0
2019-06-19 15:00:00,NSE:HINDPETRO,293.6,297.2,293.6,295.75,453342.0
2019-06-19 15:45:00,NSE:HINDPETRO,295.75,295.75,295.75,295.75,197.0
2019-06-20 09:00:00,NSE:HINDPETRO,297.0,299.6,294.75,296.95,448283.0
2019-06-20 09:45:00,NSE:HINDPETRO,296.95,298.45,294.25,294.4,511761.0
2019-06-20 10:30:00,NSE:HINDPETRO,294.45,297.2,291.5,297.1,891264.0
2019-06-20 11:15:00,NSE:HINDPETRO,297.0,297.05,292.5,293.0,518374.0
2019-06-20 12:00:00,NSE:HINDPETRO,293.0,293.45,290.65,292.05,477115.0
2019-06-20 12:45:00,NSE:HINDPETRO,292.05,292.4,289.25,291.05,461118.0
2019-06-20 13:30:00,NSE:HINDPETRO,291.05,292.35,290.2,291.9,355674.0
2019-06-20 14:15:00,NSE:HINDPETRO,291.95,293.9,290.4,293.45,722061.0
2019-06-20 15:00:00,NSE:HINDPETRO,293.45,294.0,291.5,292.65,1007696.0
2019-06-20 15:45:00,NSE:HINDPETRO,292.65,292.65,292.65,292.65,992.0
2019-06-21 09:00:00,NSE:HINDPETRO,286.0,290.7,285.3,289.0,733503.0
2019-06-21 09:45:00,NSE:HINDPETRO,288.9,291.8,288.0,291.25,441271.0
2019-06-21 10:30:00,NSE:HINDPETRO,291.2,291.9,289.5,291.35,370601.0
2019-06-21 11:15:00,NSE:HINDPETRO,291.3,293.95,291.25,293.35,340600.0
2019-06-21 12:00:00,NSE:HINDPETRO,293.35,295.35,292.6,294.8,366805.0
2019-06-21 12:45:00,NSE:HINDPETRO,294.85,295.2,292.1,293.05,318438.0
2019-06-21 13:30:00,NSE:HINDPETRO,293.0,294.0,291.0,291.25,372779.0
2019-06-21 14:15:00,NSE:HINDPETRO,291.65,295.45,291.1,295.0,374226.0
2019-06-21 15:00:00,NSE:HINDPETRO,294.85,295.45,290.25,291.9,1832327.0
2019-06-21 15:45:00,NSE:HINDPETRO,291.9,291.9,291.9,291.9,1237.0
2019-06-24 09:00:00,NSE:HINDPETRO,289.75,291.9,285.5,286.0,563394.0
2019-06-24 09:45:00,NSE:HINDPETRO,285.9,286.0,283.35,283.75,518335.0
2019-06-24 10:30:00,NSE:HINDPETRO,283.75,286.35,283.5,285.35,475412.0
2019-06-24 11:15:00,NSE:HINDPETRO,285.4,287.2,285.2,285.7,328766.0
2019-06-24 12:00:00,NSE:HINDPETRO,285.65,286.7,284.3,285.9,284424.0
2019-06-24 12:45:00,NSE:HINDPETRO,285.9,286.5,285.25,285.8,237758.0
2019-06-24 13:30:00,NSE:HINDPETRO,285.9,287.8,285.45,286.8,357313.0
2019-06-24 14:15:00,NSE:HINDPETRO,286.8,287.6,286.3,286.7,279586.0
2019-06-24 15:00:00,NSE:HINDPETRO,286.85,289.6,286.85,288.6,546455.0
2019-06-25 09:00:00,NSE:HINDPETRO,288.75,295.2,288.15,295.05,819705.0
2019-06-25 09:45:00,NSE:HINDPETRO,295.2,296.6,291.85,293.9,1304528.0
2019-06-25 10:30:00,NSE:HINDPETRO,293.9,294.85,292.75,292.75,336883.0
2019-06-25 11:15:00,NSE:HINDPETRO,292.75,294.75,292.7,294.4,259473.0
2019-06-25 12:00:00,NSE:HINDPETRO,294.3,296.95,294.3,296.0,558577.0
2019-06-25 12:45:00,NSE:HINDPETRO,295.9,297.35,295.7,296.0,493372.0
2019-06-25 13:30:00,NSE:HINDPETRO,295.85,296.5,294.55,294.85,545605.0
2019-06-25 14:15:00,NSE:HINDPETRO,294.9,295.0,293.6,294.95,488090.0
2019-06-25 15:00:00,NSE:HINDPETRO,294.95,296.0,294.9,295.5,557163.0
2019-06-26 09:00:00,NSE:HINDPETRO,291.8,293.8,291.1,292.5,411715.0
2019-06-26 09:45:00,NSE:HINDPETRO,292.5,293.7,290.55,293.4,452392.0
2019-06-26 10:30:00,NSE:HINDPETRO,293.4,293.75,288.6,289.35,757938.0
2019-06-26 11:15:00,NSE:HINDPETRO,289.4,289.55,287.45,288.5,263086.0
2019-06-26 12:00:00,NSE:HINDPETRO,288.5,289.05,288.45,288.85,269469.0
2019-06-26 12:45:00,NSE:HINDPETRO,288.8,289.0,288.0,288.75,177010.0
2019-06-26 13:30:00,NSE:HINDPETRO,288.7,289.0,288.15,288.9,257760.0
2019-06-26 14:15:00,NSE:HINDPETRO,288.9,289.7,288.25,288.35,1115328.0
2019-06-26 15:00:00,NSE:HINDPETRO,288.25,289.3,285.65,287.85,833696.0
2019-06-27 09:00:00,NSE:HINDPETRO,289.0,292.5,288.8,291.2,911828.0
2019-06-27 09:45:00,NSE:HINDPETRO,291.3,291.95,289.1,290.05,451587.0
2019-06-27 10:30:00,NSE:HINDPETRO,290.0,290.85,289.75,290.7,239461.0
2019-06-27 11:15:00,NSE:HINDPETRO,290.7,290.7,287.85,288.7,415438.0
2019-06-27 12:00:00,NSE:HINDPETRO,288.75,289.0,287.6,288.8,315095.0
2019-06-27 12:45:00,NSE:HINDPETRO,288.85,290.85,288.65,290.5,329743.0
2019-06-27 13:30:00,NSE:HINDPETRO,290.5,290.6,288.7,289.55,367444.0
2019-06-27 14:15:00,NSE:HINDPETRO,289.5,290.5,289.4,290.0,327191.0
2019-06-27 15:00:00,NSE:HINDPETRO,289.9,290.2,287.4,289.3,1832645.0
2019-06-28 09:00:00,NSE:HINDPETRO,288.9,291.75,287.05,290.1,360491.0
2019-06-28 09:45:00,NSE:HINDPETRO,289.95,292.15,289.75,291.5,358561.0
2019-06-28 10:30:00,NSE:HINDPETRO,291.55,292.3,290.7,291.4,167576.0
2019-06-28 11:15:00,NSE:HINDPETRO,291.5,291.65,289.5,290.75,251506.0
2019-06-28 12:00:00,NSE:HINDPETRO,290.75,291.85,290.55,291.45,184436.0
2019-06-28 12:45:00,NSE:HINDPETRO,291.55,291.9,291.05,291.3,136988.0
2019-06-28 13:30:00,NSE:HINDPETRO,291.35,291.5,289.5,290.05,200618.0
2019-06-28 14:15:00,NSE:HINDPETRO,290.1,290.5,289.1,289.75,175994.0
2019-06-28 15:00:00,NSE:HINDPETRO,289.7,290.65,289.05,290.05,716961.0
2019-07-01 09:00:00,NSE:HINDPETRO,289.5,291.5,286.1,286.8,810136.0
2019-07-01 09:45:00,NSE:HINDPETRO,286.95,289.7,286.6,289.55,1069942.0
2019-07-01 10:30:00,NSE:HINDPETRO,289.6,291.45,287.1,287.55,574309.0
2019-07-01 11:15:00,NSE:HINDPETRO,287.55,288.55,283.85,284.4,465920.0
2019-07-01 12:00:00,NSE:HINDPETRO,284.45,284.65,281.15,282.45,607273.0
2019-07-01 12:45:00,NSE:HINDPETRO,282.45,283.8,280.8,281.4,479892.0
2019-07-01 13:30:00,NSE:HINDPETRO,281.35,281.95,280.0,281.75,587191.0
2019-07-01 14:15:00,NSE:HINDPETRO,281.7,282.9,281.35,282.05,486409.0
2019-07-01 15:00:00,NSE:HINDPETRO,282.15,283.5,281.3,282.55,912066.0
2019-07-02 09:00:00,NSE:HINDPETRO,285.0,287.0,283.1,283.45,692744.0
2019-07-02 09:45:00,NSE:HINDPETRO,283.35,285.3,282.85,284.95,404994.0
2019-07-02 10:30:00,NSE:HINDPETRO,284.95,286.2,283.9,285.2,412858.0
2019-07-02 11:15:00,NSE:HINDPETRO,285.15,285.85,283.75,285.2,201315.0
2019-07-02 12:00:00,NSE:HINDPETRO,285.15,286.55,285.05,285.45,215181.0
2019-07-02 12:45:00,NSE:HINDPETRO,285.5,286.0,284.8,285.55,177446.0
2019-07-02 13:30:00,NSE:HINDPETRO,285.55,286.65,285.1,285.4,221514.0
2019-07-02 14:15:00,NSE:HINDPETRO,285.4,286.55,285.3,285.5,226883.0
2019-07-02 15:00:00,NSE:HINDPETRO,285.5,286.5,285.2,285.85,565415.0
2019-07-03 09:00:00,NSE:HINDPETRO,290.0,293.7,289.15,290.75,1408387.0
2019-07-03 09:45:00,NSE:HINDPETRO,290.65,290.65,287.0,287.75,1059299.0
2019-07-03 10:30:00,NSE:HINDPETRO,287.7,288.45,286.65,288.25,384953.0
2019-07-03 11:15:00,NSE:HINDPETRO,288.25,289.8,288.0,288.4,310119.0
2019-07-03 12:00:00,NSE:HINDPETRO,288.45,289.15,288.4,288.9,127488.0
2019-07-03 12:45:00,NSE:HINDPETRO,288.9,289.15,287.5,287.85,210700.0
2019-07-03 13:30:00,NSE:HINDPETRO,287.85,288.95,286.55,286.95,333717.0
2019-07-03 14:15:00,NSE:HINDPETRO,286.95,287.85,286.85,287.7,249409.0
2019-07-03 15:00:00,NSE:HINDPETRO,287.65,288.5,287.2,287.95,783481.0
2019-07-04 09:00:00,NSE:HINDPETRO,289.5,289.65,287.05,288.2,200929.0
2019-07-04 09:45:00,NSE:HINDPETRO,288.3,289.15,287.05,287.2,253882.0
2019-07-04 10:30:00,NSE:HINDPETRO,287.2,288.65,286.65,287.65,180096.0
2019-07-04 11:15:00,NSE:HINDPETRO,287.65,288.35,286.75,287.8,182845.0
2019-07-04 12:00:00,NSE:HINDPETRO,287.7,288.7,287.4,287.75,167537.0
2019-07-04 12:45:00,NSE:HINDPETRO,287.6,288.0,287.2,287.65,547292.0
2019-07-04 13:30:00,NSE:HINDPETRO,287.65,289.0,287.35,288.75,207394.0
2019-07-04 14:15:00,NSE:HINDPETRO,288.55,289.2,288.4,288.6,222559.0
2019-07-04 15:00:00,NSE:HINDPETRO,288.7,289.5,288.05,288.65,338660.0
2019-07-05 09:00:00,NSE:HINDPETRO,288.75,289.9,283.0,283.95,413540.0
2019-07-05 09:45:00,NSE:HINDPETRO,283.9,284.2,281.25,281.55,411480.0
2019-07-05 10:30:00,NSE:HINDPETRO,281.65,282.6,279.45,281.25,569516.0
2019-07-05 11:15:00,NSE:HINDPETRO,281.4,282.75,280.4,282.45,1050033.0
2019-07-05 12:00:00,NSE:HINDPETRO,282.5,284.85,282.3,284.65,1017212.0
2019-07-05 12:45:00,NSE:HINDPETRO,284.7,287.35,272.35,285.5,3136204.0
2019-07-05 13:30:00,NSE:HINDPETRO,285.5,293.9,285.0,290.75,2772285.0
2019-07-05 14:15:00,NSE:HINDPETRO,290.85,290.9,284.8,289.25,1909118.0
2019-07-05 15:00:00,NSE:HINDPETRO,289.25,290.2,285.15,287.5,1169076.0
2019-07-08 09:00:00,NSE:HINDPETRO,284.0,285.0,281.4,284.4,451465.0
2019-07-08 09:45:00,NSE:HINDPETRO,283.8,284.5,280.8,282.0,405813.0
2019-07-08 10:30:00,NSE:HINDPETRO,281.95,281.95,277.0,277.1,414862.0
2019-07-08 11:15:00,NSE:HINDPETRO,277.25,279.05,276.3,278.65,690062.0
2019-07-08 12:00:00,NSE:HINDPETRO,278.8,281.6,278.3,280.25,279374.0
2019-07-08 12:45:00,NSE:HINDPETRO,280.3,284.45,279.65,282.75,449719.0
2019-07-08 13:30:00,NSE:HINDPETRO,282.7,283.9,281.05,281.2,342559.0
2019-07-08 14:15:00,NSE:HINDPETRO,281.25,282.15,280.0,281.0,440067.0
2019-07-08 15:00:00,NSE:HINDPETRO,281.05,284.3,280.95,283.1,670579.0
2019-07-09 09:00:00,NSE:HINDPETRO,281.4,289.8,281.1,285.6,901918.0
2019-07-09 09:45:00,NSE:HINDPETRO,285.6,287.0,284.65,286.2,369160.0
2019-07-09 10:30:00,NSE:HINDPETRO,286.25,288.25,286.0,286.5,522214.0
2019-07-09 11:15:00,NSE:HINDPETRO,286.3,288.8,286.3,288.5,245458.0
2019-07-09 12:00:00,NSE:HINDPETRO,288.5,289.35,286.6,286.75,331421.0
2019-07-09 12:45:00,NSE:HINDPETRO,286.75,287.6,286.0,287.55,344420.0
2019-07-09 13:30:00,NSE:HINDPETRO,287.45,287.95,286.1,286.8,205432.0
2019-07-09 14:15:00,NSE:HINDPETRO,286.8,287.7,286.05,286.8,395702.0
2019-07-09 15:00:00,NSE:HINDPETRO,286.7,289.6,286.3,287.9,655043.0
2019-07-10 09:00:00,NSE:HINDPETRO,286.9,292.25,285.05,289.2,854837.0
2019-07-10 09:45:00,NSE:HINDPETRO,289.2,290.0,288.05,289.7,603156.0
2019-07-10 10:30:00,NSE:HINDPETRO,289.65,290.2,288.55,289.95,513979.0
2019-07-10 11:15:00,NSE:HINDPETRO,290.1,290.1,288.6,289.3,421929.0
2019-07-10 12:00:00,NSE:HINDPETRO,289.3,289.45,288.0,288.2,457489.0
2019-07-10 12:45:00,NSE:HINDPETRO,288.1,288.5,287.3,287.6,297649.0
2019-07-10 13:30:00,NSE:HINDPETRO,287.55,287.65,283.8,283.9,511725.0
2019-07-10 14:15:00,NSE:HINDPETRO,284.0,287.75,281.75,287.25,1802909.0
2019-07-10 15:00:00,NSE:HINDPETRO,287.05,287.55,285.2,286.7,562673.0
2019-07-11 09:00:00,NSE:HINDPETRO,283.9,288.0,283.35,286.7,579881.0
2019-07-11 09:45:00,NSE:HINDPETRO,286.75,289.8,286.3,289.75,436695.0
2019-07-11 10:30:00,NSE:HINDPETRO,289.8,289.95,286.0,286.1,816698.0
2019-07-11 11:15:00,NSE:HINDPETRO,286.1,286.95,285.7,285.7,423351.0
2019-07-11 12:00:00,NSE:HINDPETRO,285.75,287.85,285.45,286.85,322227.0
2019-07-11 12:45:00,NSE:HINDPETRO,286.85,288.45,285.3,288.1,402334.0
2019-07-11 13:30:00,NSE:HINDPETRO,288.1,289.5,288.05,288.5,371276.0
2019-07-11 14:15:00,NSE:HINDPETRO,288.5,289.6,285.1,285.15,682840.0
2019-07-11 15:00:00,NSE:HINDPETRO,285.15,287.8,285.15,286.6,813447.0
2019-07-12 09:00:00,NSE:HINDPETRO,287.4,288.8,286.6,288.05,290361.0
2019-07-12 09:45:00,NSE:HINDPETRO,288.25,288.45,287.2,287.65,140824.0
2019-07-12 10:30:00,NSE:HINDPETRO,287.7,289.0,287.35,287.95,156835.0
2019-07-12 11:15:00,NSE:HINDPETRO,287.85,289.2,285.3,285.85,258795.0
2019-07-12 12:00:00,NSE:HINDPETRO,285.85,286.0,284.2,284.7,278862.0
2019-07-12 12:45:00,NSE:HINDPETRO,284.7,284.7,281.3,282.05,643037.0
2019-07-12 13:30:00,NSE:HINDPETRO,282.1,284.5,282.05,284.0,267764.0
2019-07-12 14:15:00,NSE:HINDPETRO,284.0,284.05,281.6,282.15,310138.0
2019-07-12 15:00:00,NSE:HINDPETRO,282.1,282.35,280.75,281.5,951762.0
2019-07-15 09:00:00,NSE:HINDPETRO,282.0,283.8,280.75,282.6,413439.0
2019-07-15 09:45:00,NSE:HINDPETRO,282.7,284.35,280.55,284.0,599433.0
2019-07-15 10:30:00,NSE:HINDPETRO,284.0,285.5,283.0,285.2,690689.0
2019-07-15 11:15:00,NSE:HINDPETRO,285.2,286.0,284.25,285.65,551310.0
2019-07-15 12:00:00,NSE:HINDPETRO,285.7,286.8,285.2,286.7,393654.0
2019-07-15 12:45:00,NSE:HINDPETRO,286.6,287.5,285.7,287.1,469046.0
2019-07-15 13:30:00,NSE:HINDPETRO,287.2,288.35,286.0,286.25,562164.0
2019-07-15 14:15:00,NSE:HINDPETRO,286.3,286.95,285.15,286.0,505961.0
2019-07-15 15:00:00,NSE:HINDPETRO,286.0,287.3,285.1,286.25,720319.0
2019-07-16 09:00:00,NSE:HINDPETRO,288.0,289.2,287.1,288.7,303298.0
2019-07-16 09:45:00,NSE:HINDPETRO,288.7,290.35,288.6,289.3,326342.0
2019-07-16 10:30:00,NSE:HINDPETRO,289.3,291.7,289.05,291.15,354515.0
2019-07-16 11:15:00,NSE:HINDPETRO,291.3,292.7,290.75,292.45,312479.0
2019-07-16 12:00:00,NSE:HINDPETRO,292.4,292.6,291.55,292.45,190450.0
2019-07-16 12:45:00,NSE:HINDPETRO,292.4,292.5,291.8,292.2,117361.0
2019-07-16 13:30:00,NSE:HINDPETRO,292.2,293.5,291.85,293.1,301272.0
2019-07-16 14:15:00,NSE:HINDPETRO,293.1,295.0,292.6,294.75,663275.0
2019-07-16 15:00:00,NSE:HINDPETRO,294.7,296.95,294.3,295.7,1051868.0
2019-07-17 09:00:00,NSE:HINDPETRO,298.8,301.25,297.25,299.2,1317636.0
2019-07-17 09:45:00,NSE:HINDPETRO,299.25,299.25,296.5,298.45,660864.0
2019-07-17 10:30:00,NSE:HINDPETRO,298.5,299.0,296.75,297.35,417898.0
2019-07-17 11:15:00,NSE:HINDPETRO,297.4,299.5,297.35,297.55,448252.0
2019-07-17 12:00:00,NSE:HINDPETRO,297.5,297.9,295.55,296.45,480542.0
2019-07-17 12:45:00,NSE:HINDPETRO,296.45,296.75,294.8,296.2,456361.0
2019-07-17 13:30:00,NSE:HINDPETRO,296.15,298.3,295.75,297.4,452871.0
2019-07-17 14:15:00,NSE:HINDPETRO,297.4,297.95,296.7,297.85,303278.0
2019-07-17 15:00:00,NSE:HINDPETRO,297.85,298.5,295.3,297.0,716315.0
2019-07-18 09:00:00,NSE:HINDPETRO,297.0,298.3,293.4,294.2,355194.0
2019-07-18 09:45:00,NSE:HINDPETRO,294.05,295.0,292.5,294.5,290704.0
2019-07-18 10:30:00,NSE:HINDPETRO,294.5,295.95,293.65,294.95,174666.0
2019-07-18 11:15:00,NSE:HINDPETRO,295.05,295.35,293.85,293.85,102785.0
2019-07-18 12:00:00,NSE:HINDPETRO,293.9,295.15,293.25,293.75,186456.0
2019-07-18 12:45:00,NSE:HINDPETRO,293.65,294.35,293.3,293.9,166335.0
2019-07-18 13:30:00,NSE:HINDPETRO,293.9,294.75,292.2,292.95,202600.0
2019-07-18 14:15:00,NSE:HINDPETRO,292.95,293.5,290.65,291.1,714148.0
2019-07-18 15:00:00,NSE:HINDPETRO,291.05,292.0,290.65,291.2,546404.0
2019-07-19 09:00:00,NSE:HINDPETRO,293.3,294.6,291.05,291.4,353862.0
2019-07-19 09:45:00,NSE:HINDPETRO,291.4,292.3,290.5,292.0,349887.0
2019-07-19 10:30:00,NSE:HINDPETRO,291.85,292.6,291.75,291.9,456893.0
2019-07-19 11:15:00,NSE:HINDPETRO,291.8,292.1,289.05,290.55,350741.0
2019-07-19 12:00:00,NSE:HINDPETRO,290.55,291.65,289.7,290.15,332839.0
2019-07-19 12:45:00,NSE:HINDPETRO,290.1,291.0,289.55,290.3,449875.0
2019-07-19 13:30:00,NSE:HINDPETRO,290.3,290.6,289.8,290.1,473311.0
2019-07-19 14:15:00,NSE:HINDPETRO,290.0,292.95,289.8,292.35,479293.0
2019-07-19 15:00:00,NSE:HINDPETRO,292.35,293.0,291.45,292.25,430862.0
2019-07-22 09:00:00,NSE:HINDPETRO,289.85,290.65,285.3,286.8,479807.0
2019-07-22 09:45:00,NSE:HINDPETRO,286.9,292.35,286.45,291.85,539959.0
2019-07-22 10:30:00,NSE:HINDPETRO,291.85,292.7,290.9,291.9,347740.0
2019-07-22 11:15:00,NSE:HINDPETRO,291.95,292.95,291.35,292.0,315726.0
2019-07-22 12:00:00,NSE:HINDPETRO,292.0,293.4,291.95,292.85,207998.0
2019-07-22 12:45:00,NSE:HINDPETRO,293.0,293.1,291.8,292.15,251734.0
2019-07-22 13:30:00,NSE:HINDPETRO,292.2,294.75,291.5,294.1,391580.0
2019-07-22 14:15:00,NSE:HINDPETRO,294.15,294.7,292.3,292.7,300794.0
2019-07-22 15:00:00,NSE:HINDPETRO,292.7,294.65,292.6,293.7,517371.0
2019-07-23 09:00:00,NSE:HINDPETRO,293.3,293.95,290.5,291.6,204747.0
2019-07-23 09:45:00,NSE:HINDPETRO,291.45,293.0,291.0,292.9,264504.0
2019-07-23 10:30:00,NSE:HINDPETRO,292.9,293.4,290.6,291.3,492488.0
2019-07-23 11:15:00,NSE:HINDPETRO,291.25,292.25,289.65,290.6,491719.0
2019-07-23 12:00:00,NSE:HINDPETRO,290.6,291.7,290.35,291.65,123160.0
2019-07-23 12:45:00,NSE:HINDPETRO,291.65,292.0,290.35,291.6,139379.0
2019-07-23 13:30:00,NSE:HINDPETRO,291.6,293.2,291.25,291.95,298310.0
2019-07-23 14:15:00,NSE:HINDPETRO,291.95,292.15,289.0,289.5,660936.0
2019-07-23 15:00:00,NSE:HINDPETRO,289.55,290.95,289.45,290.3,492261.0
2019-07-24 09:00:00,NSE:HINDPETRO,288.3,288.85,276.65,279.75,1721225.0
2019-07-24 09:45:00,NSE:HINDPETRO,279.75,281.9,277.65,277.95,726153.0
2019-07-24 10:30:00,NSE:HINDPETRO,277.9,279.5,277.0,278.55,448710.0
2019-07-24 11:15:00,NSE:HINDPETRO,278.55,279.45,277.5,278.75,530492.0
2019-07-24 12:00:00,NSE:HINDPETRO,278.8,279.8,278.0,278.85,286354.0
2019-07-24 12:45:00,NSE:HINDPETRO,278.85,280.3,278.75,279.65,331738.0
2019-07-24 13:30:00,NSE:HINDPETRO,279.7,279.95,278.4,279.15,221355.0
2019-07-24 14:15:00,NSE:HINDPETRO,279.3,279.4,277.9,278.5,279283.0
2019-07-24 15:00:00,NSE:HINDPETRO,278.5,279.2,278.0,278.6,661854.0
2019-07-25 09:00:00,NSE:HINDPETRO,278.8,280.4,276.2,277.5,355908.0
2019-07-25 09:45:00,NSE:HINDPETRO,277.45,277.5,273.0,273.55,577389.0
2019-07-25 10:30:00,NSE:HINDPETRO,273.7,274.5,272.0,273.4,500540.0
2019-07-25 11:15:00,NSE:HINDPETRO,273.4,274.05,271.3,271.6,354691.0
2019-07-25 12:00:00,NSE:HINDPETRO,271.6,272.25,270.55,271.55,317552.0
2019-07-25 12:45:00,NSE:HINDPETRO,271.55,272.4,269.1,269.1,306873.0
2019-07-25 13:30:00,NSE:HINDPETRO,269.15,269.3,266.25,266.85,670050.0
2019-07-25 14:15:00,NSE:HINDPETRO,266.7,268.45,266.7,267.3,421899.0
2019-07-25 15:00:00,NSE:HINDPETRO,267.35,267.75,265.2,266.75,810373.0
2019-07-26 09:00:00,NSE:HINDPETRO,265.8,267.1,257.75,262.1,1680576.0
2019-07-26 09:45:00,NSE:HINDPETRO,262.1,268.5,261.2,268.25,713782.0
2019-07-26 10:30:00,NSE:HINDPETRO,268.25,270.6,265.85,270.2,475109.0
2019-07-26 11:15:00,NSE:HINDPETRO,270.15,272.45,270.0,272.15,443004.0
2019-07-26 12:00:00,NSE:HINDPETRO,272.1,274.4,270.1,274.0,636740.0
2019-07-26 12:45:00,NSE:HINDPETRO,274.0,276.6,273.4,275.8,457098.0
2019-07-26 13:30:00,NSE:HINDPETRO,275.75,276.25,274.85,274.9,409210.0
2019-07-26 14:15:00,NSE:HINDPETRO,274.9,275.75,274.0,275.45,320273.0
2019-07-26 15:00:00,NSE:HINDPETRO,275.4,276.0,274.85,275.35,749381.0
2019-07-29 09:00:00,NSE:HINDPETRO,275.1,276.0,268.7,270.8,274134.0
2019-07-29 09:45:00,NSE:HINDPETRO,270.65,273.5,268.25,272.4,401463.0
2019-07-29 10:30:00,NSE:HINDPETRO,272.4,273.3,269.55,270.0,254104.0
2019-07-29 11:15:00,NSE:HINDPETRO,270.0,271.45,269.0,269.65,194573.0
2019-07-29 12:00:00,NSE:HINDPETRO,269.8,272.35,269.3,270.25,207140.0
2019-07-29 12:45:00,NSE:HINDPETRO,270.25,271.05,268.6,268.85,178823.0
2019-07-29 13:30:00,NSE:HINDPETRO,268.8,269.0,267.1,268.4,190511.0
2019-07-29 14:15:00,NSE:HINDPETRO,268.3,268.85,266.4,266.95,189679.0
2019-07-29 15:00:00,NSE:HINDPETRO,267.0,269.9,267.0,268.9,289137.0
2019-07-30 09:00:00,NSE:HINDPETRO,270.65,270.65,266.6,267.8,278079.0
2019-07-30 09:45:00,NSE:HINDPETRO,268.0,269.8,266.9,269.0,200273.0
2019-07-30 10:30:00,NSE:HINDPETRO,269.1,269.55,268.5,269.1,124557.0
2019-07-30 11:15:00,NSE:HINDPETRO,269.2,270.45,268.3,269.15,156251.0
2019-07-30 12:00:00,NSE:HINDPETRO,269.15,269.25,268.15,268.9,129253.0
2019-07-30 12:45:00,NSE:HINDPETRO,268.9,268.9,267.0,268.05,194543.0
2019-07-30 13:30:00,NSE:HINDPETRO,267.95,268.2,262.4,262.45,773660.0
2019-07-30 14:15:00,NSE:HINDPETRO,262.65,262.95,259.05,259.6,483716.0
2019-07-30 15:00:00,NSE:HINDPETRO,259.5,259.65,257.2,258.3,566193.0
2019-07-31 09:00:00,NSE:HINDPETRO,256.4,258.2,249.95,257.8,1466809.0
2019-07-31 09:45:00,NSE:HINDPETRO,257.85,263.45,256.5,261.8,1059695.0
2019-07-31 10:30:00,NSE:HINDPETRO,261.8,263.0,260.2,261.8,285279.0
2019-07-31 11:15:00,NSE:HINDPETRO,261.9,263.9,261.75,262.9,204317.0
2019-07-31 12:00:00,NSE:HINDPETRO,262.95,263.65,261.7,263.4,206575.0
2019-07-31 12:45:00,NSE:HINDPETRO,263.4,264.9,263.2,264.3,306283.0
2019-07-31 13:30:00,NSE:HINDPETRO,264.25,264.5,261.5,262.5,309921.0
2019-07-31 14:15:00,NSE:HINDPETRO,262.5,267.45,261.95,266.55,568061.0
2019-07-31 15:00:00,NSE:HINDPETRO,266.55,267.25,264.55,266.05,781904.0
2019-08-01 09:00:00,NSE:HINDPETRO,264.5,266.0,262.0,263.15,456268.0
2019-08-01 09:45:00,NSE:HINDPETRO,263.2,264.25,259.6,260.95,449978.0
2019-08-01 10:30:00,NSE:HINDPETRO,260.9,262.85,260.2,260.65,279694.0
2019-08-01 11:15:00,NSE:HINDPETRO,260.65,261.9,260.65,260.9,150513.0
2019-08-01 12:00:00,NSE:HINDPETRO,260.85,263.15,260.25,262.6,323830.0
2019-08-01 12:45:00,NSE:HINDPETRO,262.45,263.55,262.0,263.0,360729.0
2019-08-01 13:30:00,NSE:HINDPETRO,262.95,263.4,260.55,261.65,612828.0
2019-08-01 14:15:00,NSE:HINDPETRO,261.65,262.0,258.2,261.95,506962.0
2019-08-01 15:00:00,NSE:HINDPETRO,261.95,264.5,261.7,263.4,749747.0
2019-08-02 09:00:00,NSE:HINDPETRO,264.95,266.5,259.0,259.4,923977.0
2019-08-02 09:45:00,NSE:HINDPETRO,259.5,260.85,254.15,254.15,1079821.0
2019-08-02 10:30:00,NSE:HINDPETRO,254.15,257.45,252.55,255.9,946446.0
2019-08-02 11:15:00,NSE:HINDPETRO,255.9,258.6,255.1,256.6,633521.0
2019-08-02 12:00:00,NSE:HINDPETRO,256.6,258.3,255.6,255.75,559238.0
2019-08-02 12:45:00,NSE:HINDPETRO,255.75,257.9,253.0,257.6,874278.0
2019-08-02 13:30:00,NSE:HINDPETRO,257.55,258.05,256.0,257.25,814531.0
2019-08-02 14:15:00,NSE:HINDPETRO,257.25,258.35,253.1,253.6,1130244.0
2019-08-02 15:00:00,NSE:HINDPETRO,253.6,254.75,252.65,253.4,1005277.0
2019-08-05 09:00:00,NSE:HINDPETRO,252.0,252.0,244.7,245.4,748640.0
2019-08-05 09:45:00,NSE:HINDPETRO,245.4,252.5,245.1,250.55,923752.0
2019-08-05 10:30:00,NSE:HINDPETRO,250.55,252.5,249.3,251.5,350709.0
2019-08-05 11:15:00,NSE:HINDPETRO,251.3,254.9,250.0,253.95,573409.0
2019-08-05 12:00:00,NSE:HINDPETRO,253.95,258.3,253.45,258.15,568717.0
2019-08-05 12:45:00,NSE:HINDPETRO,258.2,259.5,257.8,258.5,453077.0
2019-08-05 13:30:00,NSE:HINDPETRO,258.6,259.15,257.7,257.95,581873.0
2019-08-05 14:15:00,NSE:HINDPETRO,257.9,258.25,255.15,256.15,459751.0
2019-08-05 15:00:00,NSE:HINDPETRO,256.15,258.0,254.35,255.5,850310.0
2019-08-06 09:00:00,NSE:HINDPETRO,255.0,259.0,254.55,256.2,788865.0
2019-08-06 09:45:00,NSE:HINDPETRO,256.2,257.15,253.85,254.65,383087.0
2019-08-06 10:30:00,NSE:HINDPETRO,254.65,256.0,251.3,251.6,359039.0
2019-08-06 11:15:00,NSE:HINDPETRO,251.7,254.4,251.6,253.6,154124.0
2019-08-06 12:00:00,NSE:HINDPETRO,253.6,256.55,253.6,254.55,242645.0
2019-08-06 12:45:00,NSE:HINDPETRO,254.55,256.5,254.55,256.5,131842.0
2019-08-06 13:30:00,NSE:HINDPETRO,256.5,256.55,253.7,254.9,187378.0
2019-08-06 14:15:00,NSE:HINDPETRO,254.95,256.35,254.75,256.15,250200.0
2019-08-06 15:00:00,NSE:HINDPETRO,256.2,256.2,252.55,253.55,397035.0
2019-08-07 09:00:00,NSE:HINDPETRO,255.95,255.95,245.8,249.9,1258224.0
2019-08-07 09:45:00,NSE:HINDPETRO,249.8,251.9,249.55,250.05,606010.0
2019-08-07 10:30:00,NSE:HINDPETRO,250.1,250.25,246.25,246.8,916365.0
2019-08-07 11:15:00,NSE:HINDPETRO,246.8,247.9,245.1,246.6,574633.0
2019-08-07 12:00:00,NSE:HINDPETRO,246.45,247.6,245.5,245.9,251231.0
2019-08-07 12:45:00,NSE:HINDPETRO,245.95,246.15,244.2,245.75,372424.0
2019-08-07 13:30:00,NSE:HINDPETRO,245.75,246.5,243.9,245.85,392380.0
2019-08-07 14:15:00,NSE:HINDPETRO,246.0,246.8,245.0,245.05,396657.0
2019-08-07 15:00:00,NSE:HINDPETRO,245.05,245.35,243.2,244.45,774729.0
2019-08-08 09:00:00,NSE:HINDPETRO,246.15,248.35,243.5,244.45,977457.0
2019-08-08 09:45:00,NSE:HINDPETRO,244.55,248.2,244.3,247.7,529148.0
2019-08-08 10:30:00,NSE:HINDPETRO,247.6,248.05,246.1,246.7,209018.0
2019-08-08 11:15:00,NSE:HINDPETRO,246.7,247.5,243.8,244.1,262903.0
2019-08-08 12:00:00,NSE:HINDPETRO,244.15,246.75,241.3,244.7,781000.0
2019-08-08 12:45:00,NSE:HINDPETRO,244.8,245.8,243.65,245.75,270597.0
2019-08-08 13:30:00,NSE:HINDPETRO,245.8,247.3,245.2,245.5,258144.0
2019-08-08 14:15:00,NSE:HINDPETRO,245.7,250.5,245.2,248.4,699976.0
2019-08-08 15:00:00,NSE:HINDPETRO,248.35,251.7,248.35,250.4,423471.0
2019-08-09 09:00:00,NSE:HINDPETRO,251.5,251.5,247.3,250.75,370150.0
2019-08-09 09:45:00,NSE:HINDPETRO,251.0,252.65,249.85,252.25,460483.0
2019-08-09 10:30:00,NSE:HINDPETRO,252.3,252.5,248.6,249.75,315826.0
2019-08-09 11:15:00,NSE:HINDPETRO,249.85,253.45,249.55,253.3,354465.0
2019-08-09 12:00:00,NSE:HINDPETRO,253.3,254.25,252.6,253.35,258171.0
2019-08-09 12:45:00,NSE:HINDPETRO,253.35,253.5,251.6,252.15,169770.0
2019-08-09 13:30:00,NSE:HINDPETRO,252.15,252.4,249.55,249.85,369865.0
2019-08-09 14:15:00,NSE:HINDPETRO,249.9,250.0,247.1,248.0,403969.0
2019-08-09 15:00:00,NSE:HINDPETRO,247.95,248.0,246.6,247.1,565300.0
2019-08-13 09:00:00,NSE:HINDPETRO,248.0,251.7,246.15,250.75,536085.0
2019-08-13 09:45:00,NSE:HINDPETRO,250.55,250.95,247.75,247.85,409932.0
2019-08-13 10:30:00,NSE:HINDPETRO,247.9,248.1,246.0,247.55,365856.0
2019-08-13 11:15:00,NSE:HINDPETRO,247.55,250.25,246.8,248.55,334385.0
2019-08-13 12:00:00,NSE:HINDPETRO,248.55,249.3,246.85,247.5,320415.0
2019-08-13 12:45:00,NSE:HINDPETRO,247.4,247.6,243.55,244.1,283018.0
2019-08-13 13:30:00,NSE:HINDPETRO,244.2,245.6,243.65,244.8,202570.0
2019-08-13 14:15:00,NSE:HINDPETRO,244.8,244.95,240.8,241.85,275529.0
2019-08-13 15:00:00,NSE:HINDPETRO,241.75,242.0,239.1,240.7,345437.0
2019-08-14 09:00:00,NSE:HINDPETRO,240.0,244.95,239.6,244.55,346697.0
2019-08-14 09:45:00,NSE:HINDPETRO,244.6,245.6,242.4,244.6,324539.0
2019-08-14 10:30:00,NSE:HINDPETRO,244.5,246.0,243.75,244.05,180273.0
2019-08-14 11:15:00,NSE:HINDPETRO,244.2,245.75,244.05,244.95,114014.0
2019-08-14 12:00:00,NSE:HINDPETRO,244.95,246.7,243.9,246.05,192935.0
2019-08-14 12:45:00,NSE:HINDPETRO,245.9,248.75,245.9,247.8,365532.0
2019-08-14 13:30:00,NSE:HINDPETRO,247.8,249.25,247.45,248.25,250960.0
2019-08-14 14:15:00,NSE:HINDPETRO,248.25,249.25,247.8,248.55,364402.0
2019-08-14 15:00:00,NSE:HINDPETRO,248.35,248.4,244.55,245.0,513750.0
2019-08-14 15:45:00,NSE:HINDPETRO,246.6,246.6,246.6,246.6,25.0
2019-08-16 09:00:00,NSE:HINDPETRO,245.9,245.9,243.1,245.15,349042.0
2019-08-16 09:45:00,NSE:HINDPETRO,245.15,245.2,241.7,242.35,340590.0
2019-08-16 10:30:00,NSE:HINDPETRO,242.5,246.85,241.65,246.5,381651.0
2019-08-16 11:15:00,NSE:HINDPETRO,246.5,250.4,246.45,248.05,601982.0
2019-08-16 12:00:00,NSE:HINDPETRO,248.2,249.05,246.9,247.25,419446.0
2019-08-16 12:45:00,NSE:HINDPETRO,247.25,249.8,247.25,248.0,291880.0
2019-08-16 13:30:00,NSE:HINDPETRO,247.9,247.95,245.15,245.55,334514.0
2019-08-16 14:15:00,NSE:HINDPETRO,245.45,246.1,245.1,246.0,249513.0
2019-08-16 15:00:00,NSE:HINDPETRO,246.3,247.05,244.2,245.5,560003.0
2019-08-19 09:00:00,NSE:HINDPETRO,246.1,248.0,244.65,244.85,219561.0
2019-08-19 09:45:00,NSE:HINDPETRO,244.6,246.2,243.55,245.85,178362.0
2019-08-19 10:30:00,NSE:HINDPETRO,245.8,245.9,243.75,244.45,99733.0
2019-08-19 11:15:00,NSE:HINDPETRO,244.4,245.5,244.05,244.7,75414.0
2019-08-19 12:00:00,NSE:HINDPETRO,244.7,245.25,243.9,243.9,69807.0
2019-08-19 12:45:00,NSE:HINDPETRO,243.95,244.4,243.0,243.1,109806.0
2019-08-19 13:30:00,NSE:HINDPETRO,243.0,243.7,242.2,242.55,139282.0
2019-08-19 14:15:00,NSE:HINDPETRO,242.55,244.2,241.3,244.0,301830.0
2019-08-19 15:00:00,NSE:HINDPETRO,244.05,245.2,243.75,244.7,912652.0
2019-08-20 09:00:00,NSE:HINDPETRO,243.5,244.6,239.25,242.65,628285.0
2019-08-20 09:45:00,NSE:HINDPETRO,242.6,244.1,241.25,242.0,432454.0
2019-08-20 10:30:00,NSE:HINDPETRO,242.05,244.25,241.3,243.8,268035.0
2019-08-20 11:15:00,NSE:HINDPETRO,243.75,244.05,241.7,242.05,195533.0
2019-08-20 12:00:00,NSE:HINDPETRO,242.1,243.45,241.75,242.15,203716.0
2019-08-20 12:45:00,NSE:HINDPETRO,242.15,243.2,241.9,243.1,124636.0
2019-08-20 13:30:00,NSE:HINDPETRO,243.05,243.4,242.15,242.4,113169.0
2019-08-20 14:15:00,NSE:HINDPETRO,242.5,242.65,240.95,241.7,547358.0
2019-08-20 15:00:00,NSE:HINDPETRO,241.5,242.0,241.0,241.6,372705.0
2019-08-21 09:00:00,NSE:HINDPETRO,241.0,241.8,237.6,238.3,504473.0
2019-08-21 09:45:00,NSE:HINDPETRO,238.15,241.3,238.0,240.95,458059.0
2019-08-21 10:30:00,NSE:HINDPETRO,241.0,243.75,241.0,242.85,419189.0
2019-08-21 11:15:00,NSE:HINDPETRO,242.85,243.4,241.8,241.95,284715.0
2019-08-21 12:00:00,NSE:HINDPETRO,241.95,242.5,240.9,241.3,333227.0
2019-08-21 12:45:00,NSE:HINDPETRO,241.3,241.7,240.25,240.75,324266.0
2019-08-21 13:30:00,NSE:HINDPETRO,240.85,241.05,238.25,239.0,415411.0
2019-08-21 14:15:00,NSE:HINDPETRO,239.0,240.0,238.5,239.25,272434.0
2019-08-21 15:00:00,NSE:HINDPETRO,239.2,240.15,237.65,238.75,438233.0
2019-08-22 09:00:00,NSE:HINDPETRO,238.05,238.9,234.95,237.4,345828.0
2019-08-22 09:45:00,NSE:HINDPETRO,237.4,237.8,234.35,234.75,383220.0
2019-08-22 10:30:00,NSE:HINDPETRO,234.75,235.0,232.5,232.65,282775.0
2019-08-22 11:15:00,NSE:HINDPETRO,232.7,235.0,232.0,234.35,226427.0
2019-08-22 12:00:00,NSE:HINDPETRO,234.4,235.0,232.75,233.15,268933.0
2019-08-22 12:45:00,NSE:HINDPETRO,233.2,233.35,230.6,231.75,234698.0
2019-08-22 13:30:00,NSE:HINDPETRO,231.75,231.75,226.2,227.55,377117.0
2019-08-22 14:15:00,NSE:HINDPETRO,227.55,227.9,225.25,225.8,398526.0
2019-08-22 15:00:00,NSE:HINDPETRO,225.55,227.65,225.0,226.45,544337.0
2019-08-23 09:00:00,NSE:HINDPETRO,227.0,228.7,223.75,225.05,559556.0
2019-08-23 09:45:00,NSE:HINDPETRO,225.0,229.0,224.9,228.15,775174.0
2019-08-23 10:30:00,NSE:HINDPETRO,228.25,233.35,227.9,231.1,753813.0
2019-08-23 11:15:00,NSE:HINDPETRO,231.1,233.95,229.9,233.7,502511.0
2019-08-23 12:00:00,NSE:HINDPETRO,233.7,237.7,232.95,236.95,725490.0
2019-08-23 12:45:00,NSE:HINDPETRO,236.95,239.5,235.8,239.1,610832.0
2019-08-23 13:30:00,NSE:HINDPETRO,239.15,239.8,237.6,238.7,345088.0
2019-08-23 14:15:00,NSE:HINDPETRO,238.75,242.5,237.95,238.9,926130.0
2019-08-23 15:00:00,NSE:HINDPETRO,238.9,241.25,236.95,238.3,540264.0
2019-08-26 09:00:00,NSE:HINDPETRO,240.2,241.6,235.1,236.3,351623.0
2019-08-26 09:45:00,NSE:HINDPETRO,236.3,240.0,234.55,239.5,365523.0
2019-08-26 10:30:00,NSE:HINDPETRO,239.5,241.95,238.1,241.95,365387.0
2019-08-26 11:15:00,NSE:HINDPETRO,241.95,246.4,241.95,244.55,1005203.0
2019-08-26 12:00:00,NSE:HINDPETRO,244.55,245.2,243.05,244.1,191085.0
2019-08-26 12:45:00,NSE:HINDPETRO,244.1,245.0,242.1,244.35,384919.0
2019-08-26 13:30:00,NSE:HINDPETRO,244.4,248.5,244.0,247.85,660113.0
2019-08-26 14:15:00,NSE:HINDPETRO,247.85,252.2,247.4,251.5,1191908.0
2019-08-26 15:00:00,NSE:HINDPETRO,251.5,254.0,250.8,252.45,1057277.0
2019-08-27 09:00:00,NSE:HINDPETRO,251.5,257.55,251.5,253.25,1008846.0
2019-08-27 09:45:00,NSE:HINDPETRO,253.2,256.35,252.7,255.3,393231.0
2019-08-27 10:30:00,NSE:HINDPETRO,255.3,259.45,254.4,257.2,515844.0
2019-08-27 11:15:00,NSE:HINDPETRO,257.2,257.75,256.55,257.0,252755.0
2019-08-27 12:00:00,NSE:HINDPETRO,257.0,261.7,256.8,259.5,866731.0
2019-08-27 12:45:00,NSE:HINDPETRO,259.5,261.2,258.05,261.2,440625.0
2019-08-27 13:30:00,NSE:HINDPETRO,261.2,261.2,258.45,260.5,478837.0
2019-08-27 14:15:00,NSE:HINDPETRO,260.5,261.15,259.5,259.7,380665.0
2019-08-27 15:00:00,NSE:HINDPETRO,259.7,261.5,258.25,259.75,1997258.0
2019-08-28 09:00:00,NSE:HINDPETRO,258.15,259.65,255.25,259.25,456188.0
2019-08-28 09:45:00,NSE:HINDPETRO,259.25,261.25,256.7,256.95,560913.0
2019-08-28 10:30:00,NSE:HINDPETRO,256.9,258.7,256.15,258.6,356958.0
2019-08-28 11:15:00,NSE:HINDPETRO,258.55,259.0,257.1,257.8,270356.0
2019-08-28 12:00:00,NSE:HINDPETRO,257.65,258.7,257.05,257.8,334013.0
2019-08-28 12:45:00,NSE:HINDPETRO,257.75,259.0,257.25,258.9,626584.0
2019-08-28 13:30:00,NSE:HINDPETRO,258.95,260.6,258.0,259.9,494846.0
2019-08-28 14:15:00,NSE:HINDPETRO,259.8,262.15,259.5,261.6,685077.0
2019-08-28 15:00:00,NSE:HINDPETRO,261.5,268.6,261.5,265.05,1141208.0
2019-08-29 09:00:00,NSE:HINDPETRO,263.2,264.5,260.5,261.25,366531.0
2019-08-29 09:45:00,NSE:HINDPETRO,261.45,263.0,260.75,262.6,234973.0
2019-08-29 10:30:00,NSE:HINDPETRO,262.55,264.95,261.75,264.85,401861.0
2019-08-29 11:15:00,NSE:HINDPETRO,264.95,266.85,262.75,264.0,411484.0
2019-08-29 12:00:00,NSE:HINDPETRO,264.05,264.75,262.5,262.95,273124.0
2019-08-29 12:45:00,NSE:HINDPETRO,263.05,264.4,262.35,262.5,214096.0
2019-08-29 13:30:00,NSE:HINDPETRO,262.35,263.25,260.8,262.6,308581.0
2019-08-29 14:15:00,NSE:HINDPETRO,262.6,263.8,261.8,263.8,286596.0
2019-08-29 15:00:00,NSE:HINDPETRO,263.85,269.2,263.05,265.9,2061580.0
2019-08-30 09:00:00,NSE:HINDPETRO,265.0,265.0,261.25,262.4,352885.0
2019-08-30 09:45:00,NSE:HINDPETRO,262.45,262.55,258.0,258.2,596704.0
2019-08-30 10:30:00,NSE:HINDPETRO,258.05,259.5,256.5,256.65,840084.0
2019-08-30 11:15:00,NSE:HINDPETRO,256.7,257.1,254.45,255.75,653688.0
2019-08-30 12:00:00,NSE:HINDPETRO,255.75,257.05,255.45,255.95,309922.0
2019-08-30 12:45:00,NSE:HINDPETRO,255.9,256.0,252.8,253.0,490575.0
2019-08-30 13:30:00,NSE:HINDPETRO,253.0,256.2,252.55,255.5,777929.0
2019-08-30 14:15:00,NSE:HINDPETRO,255.55,259.5,255.35,259.4,1004734.0
2019-08-30 15:00:00,NSE:HINDPETRO,259.5,260.9,258.95,260.15,1015133.0
2019-09-03 09:00:00,NSE:HINDPETRO,257.35,257.5,252.5,252.5,386062.0
2019-09-03 09:45:00,NSE:HINDPETRO,252.6,253.75,251.35,251.95,370822.0
2019-09-03 10:30:00,NSE:HINDPETRO,251.8,258.0,251.75,257.0,455520.0
2019-09-03 11:15:00,NSE:HINDPETRO,256.95,258.75,256.6,258.0,290232.0
2019-09-03 12:00:00,NSE:HINDPETRO,258.0,259.3,257.25,258.0,316592.0
2019-09-03 12:45:00,NSE:HINDPETRO,258.0,260.35,257.8,258.95,579825.0
2019-09-03 13:30:00,NSE:HINDPETRO,259.15,260.15,256.9,257.7,649240.0
2019-09-03 14:15:00,NSE:HINDPETRO,257.75,262.55,257.05,258.1,766424.0
2019-09-03 15:00:00,NSE:HINDPETRO,258.1,258.1,255.95,256.8,679011.0
2019-09-04 09:00:00,NSE:HINDPETRO,255.5,256.25,250.4,252.2,571674.0
2019-09-04 09:45:00,NSE:HINDPETRO,252.2,253.65,251.5,252.8,500262.0
2019-09-04 10:30:00,NSE:HINDPETRO,252.8,255.1,252.25,252.65,460842.0
2019-09-04 11:15:00,NSE:HINDPETRO,252.65,253.85,251.8,252.25,301948.0
2019-09-04 12:00:00,NSE:HINDPETRO,252.25,252.9,249.15,250.8,567694.0
2019-09-04 12:45:00,NSE:HINDPETRO,250.8,254.45,250.25,254.0,481761.0
2019-09-04 13:30:00,NSE:HINDPETRO,254.0,254.5,251.45,253.6,440071.0
2019-09-04 14:15:00,NSE:HINDPETRO,253.7,255.25,251.7,255.15,537719.0
2019-09-04 15:00:00,NSE:HINDPETRO,255.15,258.45,255.0,257.2,665823.0
2019-09-05 09:00:00,NSE:HINDPETRO,255.0,264.75,254.8,264.25,932374.0
2019-09-05 09:45:00,NSE:HINDPETRO,264.4,275.0,263.25,271.05,2966628.0
2019-09-05 10:30:00,NSE:HINDPETRO,271.1,271.9,263.2,263.25,1567455.0
2019-09-05 11:15:00,NSE:HINDPETRO,263.0,264.5,262.5,262.9,803440.0
2019-09-05 12:00:00,NSE:HINDPETRO,262.9,266.2,261.6,265.9,685573.0
2019-09-05 12:45:00,NSE:HINDPETRO,265.8,267.6,265.3,266.55,503531.0
2019-09-05 13:30:00,NSE:HINDPETRO,266.5,266.9,265.1,266.05,347590.0
2019-09-05 14:15:00,NSE:HINDPETRO,266.05,266.4,264.4,265.65,436484.0
2019-09-05 15:00:00,NSE:HINDPETRO,265.65,265.9,264.0,265.05,684677.0
2019-09-06 09:00:00,NSE:HINDPETRO,264.3,266.0,259.25,259.45,822975.0
2019-09-06 09:45:00,NSE:HINDPETRO,259.5,260.6,258.25,259.3,548267.0
2019-09-06 10:30:00,NSE:HINDPETRO,259.2,263.4,259.15,262.05,761995.0
2019-09-06 11:15:00,NSE:HINDPETRO,262.05,262.6,259.5,260.95,432899.0
2019-09-06 12:00:00,NSE:HINDPETRO,260.9,262.2,260.0,261.85,349440.0
2019-09-06 12:45:00,NSE:HINDPETRO,261.8,262.15,259.7,260.35,573119.0
2019-09-06 13:30:00,NSE:HINDPETRO,260.25,261.95,260.25,261.05,373636.0
2019-09-06 14:15:00,NSE:HINDPETRO,261.0,262.0,260.6,261.3,407317.0
2019-09-06 15:00:00,NSE:HINDPETRO,261.25,262.5,261.15,261.9,798330.0
2019-09-09 09:00:00,NSE:HINDPETRO,259.1,262.95,258.4,261.4,467566.0
2019-09-09 09:45:00,NSE:HINDPETRO,261.35,262.5,259.65,262.4,327927.0
2019-09-09 10:30:00,NSE:HINDPETRO,262.3,263.25,260.35,261.1,324858.0
2019-09-09 11:15:00,NSE:HINDPETRO,261.1,264.0,260.6,262.65,353365.0
2019-09-09 12:00:00,NSE:HINDPETRO,262.65,263.95,262.5,263.0,218424.0
2019-09-09 12:45:00,NSE:HINDPETRO,263.1,263.5,262.15,262.8,166719.0
2019-09-09 13:30:00,NSE:HINDPETRO,262.8,262.9,260.3,261.75,220536.0
2019-09-09 14:15:00,NSE:HINDPETRO,261.75,262.7,259.1,260.45,378750.0
2019-09-09 15:00:00,NSE:HINDPETRO,260.75,262.5,260.7,261.95,383206.0
2019-09-11 09:00:00,NSE:HINDPETRO,260.55,261.9,259.6,261.75,566861.0
2019-09-11 09:45:00,NSE:HINDPETRO,261.75,266.2,261.65,265.7,909954.0
2019-09-11 10:30:00,NSE:HINDPETRO,265.65,267.4,265.65,266.45,461169.0
2019-09-11 11:15:00,NSE:HINDPETRO,266.45,267.05,264.25,265.35,335604.0
2019-09-11 12:00:00,NSE:HINDPETRO,265.35,265.45,263.65,264.75,288434.0
2019-09-11 12:45:00,NSE:HINDPETRO,264.7,265.05,262.8,264.5,411803.0
2019-09-11 13:30:00,NSE:HINDPETRO,264.55,266.3,264.15,266.15,733230.0
2019-09-11 14:15:00,NSE:HINDPETRO,266.15,267.2,264.8,265.55,422354.0
2019-09-11 15:00:00,NSE:HINDPETRO,265.55,266.9,264.8,266.0,476230.0
2019-09-12 09:00:00,NSE:HINDPETRO,267.35,273.5,267.35,273.1,880740.0
2019-09-12 09:45:00,NSE:HINDPETRO,273.2,273.75,270.6,273.5,858193.0
2019-09-12 10:30:00,NSE:HINDPETRO,273.45,274.5,269.9,270.1,589995.0
2019-09-12 11:15:00,NSE:HINDPETRO,270.35,271.9,266.95,268.15,698033.0
2019-09-12 12:00:00,NSE:HINDPETRO,268.15,268.65,264.6,265.95,531137.0
2019-09-12 12:45:00,NSE:HINDPETRO,265.8,265.95,263.1,263.3,378916.0
2019-09-12 13:30:00,NSE:HINDPETRO,263.35,263.95,261.2,263.1,550262.0
2019-09-12 14:15:00,NSE:HINDPETRO,263.0,264.25,261.5,263.35,503688.0
2019-09-12 15:00:00,NSE:HINDPETRO,263.1,263.7,261.95,262.65,855321.0
2019-09-13 09:00:00,NSE:HINDPETRO,264.65,265.65,260.15,261.75,863371.0
2019-09-13 09:45:00,NSE:HINDPETRO,261.7,261.9,259.5,260.5,442600.0
2019-09-13 10:30:00,NSE:HINDPETRO,260.45,261.4,259.8,260.65,212968.0
2019-09-13 11:15:00,NSE:HINDPETRO,260.65,261.75,260.3,261.25,182579.0
2019-09-13 12:00:00,NSE:HINDPETRO,261.15,262.0,260.1,260.7,178724.0
2019-09-13 12:45:00,NSE:HINDPETRO,260.65,262.9,260.65,261.65,249198.0
2019-09-13 13:30:00,NSE:HINDPETRO,261.65,267.5,261.2,266.95,1032455.0
2019-09-13 14:15:00,NSE:HINDPETRO,267.0,271.0,266.4,268.4,2639595.0
2019-09-13 15:00:00,NSE:HINDPETRO,268.4,272.9,268.4,271.15,1824326.0
2019-09-16 09:00:00,NSE:HINDPETRO,260.0,260.0,252.7,254.15,2503535.0
2019-09-16 09:45:00,NSE:HINDPETRO,254.05,256.65,252.0,256.1,1887715.0
2019-09-16 10:30:00,NSE:HINDPETRO,256.1,258.35,256.1,256.9,749446.0
2019-09-16 11:15:00,NSE:HINDPETRO,256.9,257.3,253.35,253.5,1008613.0
2019-09-16 12:00:00,NSE:HINDPETRO,253.45,253.6,251.1,252.0,970373.0
2019-09-16 12:45:00,NSE:HINDPETRO,252.0,252.15,250.4,251.0,1141997.0
2019-09-16 13:30:00,NSE:HINDPETRO,251.0,253.2,250.7,252.4,872197.0
2019-09-16 14:15:00,NSE:HINDPETRO,252.4,255.3,252.0,255.0,1679472.0
2019-09-16 15:00:00,NSE:HINDPETRO,255.0,256.5,255.0,255.65,1657688.0
2019-09-17 09:00:00,NSE:HINDPETRO,255.0,255.65,251.0,252.65,1455513.0
2019-09-17 09:45:00,NSE:HINDPETRO,252.65,252.65,248.2,249.6,1614065.0
2019-09-17 10:30:00,NSE:HINDPETRO,249.55,249.6,247.0,247.4,1211137.0
2019-09-17 11:15:00,NSE:HINDPETRO,247.3,251.35,247.0,249.2,2303505.0
2019-09-17 12:00:00,NSE:HINDPETRO,249.15,252.5,249.1,251.65,1541298.0
2019-09-17 12:45:00,NSE:HINDPETRO,251.6,252.4,246.1,246.5,2325205.0
2019-09-17 13:30:00,NSE:HINDPETRO,246.55,248.65,246.55,247.8,797041.0
2019-09-17 14:15:00,NSE:HINDPETRO,247.7,248.8,246.95,247.2,985577.0
2019-09-17 15:00:00,NSE:HINDPETRO,247.2,248.0,244.25,245.9,1590089.0
2019-09-18 09:00:00,NSE:HINDPETRO,252.55,255.75,251.75,252.95,2975889.0
2019-09-18 09:45:00,NSE:HINDPETRO,252.95,253.3,250.0,251.5,1218595.0
2019-09-18 10:30:00,NSE:HINDPETRO,251.5,251.7,248.75,250.75,659665.0
2019-09-18 11:15:00,NSE:HINDPETRO,250.75,251.25,249.5,251.0,338761.0
2019-09-18 12:00:00,NSE:HINDPETRO,250.9,252.1,250.55,251.3,281309.0
2019-09-18 12:45:00,NSE:HINDPETRO,251.3,254.1,251.2,253.1,494096.0
2019-09-18 13:30:00,NSE:HINDPETRO,253.05,256.7,252.9,255.8,1345299.0
2019-09-18 14:15:00,NSE:HINDPETRO,255.8,256.0,251.5,253.7,1102148.0
2019-09-18 15:00:00,NSE:HINDPETRO,253.8,257.3,252.1,255.05,2112994.0
2019-09-19 09:00:00,NSE:HINDPETRO,257.0,258.95,252.65,254.4,875099.0
2019-09-19 09:45:00,NSE:HINDPETRO,254.4,255.7,250.7,251.0,999858.0
2019-09-19 10:30:00,NSE:HINDPETRO,251.0,252.2,250.75,251.7,253676.0
2019-09-19 11:15:00,NSE:HINDPETRO,251.7,254.15,251.5,253.15,540699.0
2019-09-19 12:00:00,NSE:HINDPETRO,253.15,254.1,250.5,250.5,402968.0
2019-09-19 12:45:00,NSE:HINDPETRO,250.6,252.5,250.25,251.65,360870.0
2019-09-19 13:30:00,NSE:HINDPETRO,251.75,253.45,250.7,252.25,337418.0
2019-09-19 14:15:00,NSE:HINDPETRO,252.25,253.1,248.6,250.4,653141.0
2019-09-19 15:00:00,NSE:HINDPETRO,250.5,251.85,250.3,251.0,856117.0
2019-09-20 09:00:00,NSE:HINDPETRO,250.05,251.7,247.25,249.25,540594.0
2019-09-20 09:45:00,NSE:HINDPETRO,249.5,252.7,249.0,250.7,311868.0
2019-09-20 10:30:00,NSE:HINDPETRO,250.7,255.9,250.5,254.8,762656.0
2019-09-20 11:15:00,NSE:HINDPETRO,255.0,275.4,253.7,273.45,3334274.0
2019-09-20 12:00:00,NSE:HINDPETRO,273.75,279.6,270.0,274.0,3584353.0
2019-09-20 12:45:00,NSE:HINDPETRO,274.0,275.5,271.8,274.4,1315823.0
2019-09-20 13:30:00,NSE:HINDPETRO,274.4,285.9,274.4,283.4,2163667.0
2019-09-20 14:15:00,NSE:HINDPETRO,283.4,283.4,277.15,280.5,2745461.0
2019-09-20 15:00:00,NSE:HINDPETRO,280.7,280.7,275.15,277.25,2505233.0
2019-09-23 09:00:00,NSE:HINDPETRO,278.0,286.3,278.0,283.2,961624.0
2019-09-23 09:45:00,NSE:HINDPETRO,283.4,283.6,278.3,280.5,644369.0
2019-09-23 10:30:00,NSE:HINDPETRO,280.65,288.25,280.5,287.15,1206591.0
2019-09-23 11:15:00,NSE:HINDPETRO,287.1,288.3,282.95,286.2,659349.0
2019-09-23 12:00:00,NSE:HINDPETRO,286.2,288.0,283.3,287.65,571223.0
2019-09-23 12:45:00,NSE:HINDPETRO,287.75,287.95,281.5,282.5,658006.0
2019-09-23 13:30:00,NSE:HINDPETRO,282.5,283.0,277.2,279.15,631588.0
2019-09-23 14:15:00,NSE:HINDPETRO,279.0,286.05,278.5,283.95,1303261.0
2019-09-23 15:00:00,NSE:HINDPETRO,283.85,293.4,283.8,287.5,2261227.0
2019-09-23 15:45:00,NSE:HINDPETRO,288.45,288.45,288.45,288.45,5.0
2019-09-24 09:00:00,NSE:HINDPETRO,288.45,291.5,283.8,285.3,1200960.0
2019-09-24 09:45:00,NSE:HINDPETRO,285.5,298.25,284.1,294.45,2300374.0
2019-09-24 10:30:00,NSE:HINDPETRO,294.1,294.9,286.5,286.9,1203720.0
2019-09-24 11:15:00,NSE:HINDPETRO,286.9,287.0,281.55,286.25,1093003.0
2019-09-24 12:00:00,NSE:HINDPETRO,286.5,287.5,282.7,282.8,627261.0
2019-09-24 12:45:00,NSE:HINDPETRO,282.8,288.85,280.1,288.3,1960193.0
2019-09-24 13:30:00,NSE:HINDPETRO,288.1,290.75,283.95,286.95,1901057.0
2019-09-24 14:15:00,NSE:HINDPETRO,287.0,288.15,281.6,283.75,1398130.0
2019-09-24 15:00:00,NSE:HINDPETRO,283.9,284.9,281.4,282.85,1121103.0
2019-09-25 09:00:00,NSE:HINDPETRO,284.45,285.8,280.15,281.45,1365008.0
2019-09-25 09:45:00,NSE:HINDPETRO,281.3,285.25,281.3,281.85,532765.0
2019-09-25 10:30:00,NSE:HINDPETRO,281.85,283.6,280.4,282.9,461815.0
2019-09-25 11:15:00,NSE:HINDPETRO,282.9,283.9,281.1,282.0,410573.0
2019-09-25 12:00:00,NSE:HINDPETRO,282.1,284.45,278.05,283.25,1889436.0
2019-09-25 12:45:00,NSE:HINDPETRO,283.15,285.0,282.7,282.75,899842.0
2019-09-25 13:30:00,NSE:HINDPETRO,282.8,288.0,282.45,285.95,1099989.0
2019-09-25 14:15:00,NSE:HINDPETRO,285.8,288.75,284.05,285.4,925549.0
2019-09-25 15:00:00,NSE:HINDPETRO,285.35,286.95,283.95,285.4,876561.0
2019-09-26 09:00:00,NSE:HINDPETRO,289.8,301.35,288.7,299.65,3103615.0
2019-09-26 09:45:00,NSE:HINDPETRO,299.7,303.55,296.95,300.15,2859810.0
2019-09-26 10:30:00,NSE:HINDPETRO,299.95,300.35,296.05,296.35,1551238.0
2019-09-26 11:15:00,NSE:HINDPETRO,296.4,301.8,296.25,301.65,1058959.0
2019-09-26 12:00:00,NSE:HINDPETRO,301.8,302.25,299.1,301.65,1111390.0
2019-09-26 12:45:00,NSE:HINDPETRO,301.65,301.95,299.8,301.65,644397.0
2019-09-26 13:30:00,NSE:HINDPETRO,301.65,304.6,300.4,301.8,1194925.0
2019-09-26 14:15:00,NSE:HINDPETRO,301.55,306.4,301.2,304.0,1815793.0
2019-09-26 15:00:00,NSE:HINDPETRO,304.15,306.85,302.05,304.65,2213295.0
2019-09-27 09:00:00,NSE:HINDPETRO,304.65,311.6,302.0,308.3,3121416.0
2019-09-27 09:45:00,NSE:HINDPETRO,308.4,311.4,308.15,310.9,1459368.0
2019-09-27 10:30:00,NSE:HINDPETRO,310.8,312.7,306.3,307.25,1609551.0
2019-09-27 11:15:00,NSE:HINDPETRO,307.3,308.0,304.45,304.9,1102917.0
2019-09-27 12:00:00,NSE:HINDPETRO,305.0,307.35,305.0,306.9,626300.0
2019-09-27 12:45:00,NSE:HINDPETRO,306.9,307.1,304.65,306.55,627134.0
2019-09-27 13:30:00,NSE:HINDPETRO,306.5,307.7,305.0,306.1,771468.0
2019-09-27 14:15:00,NSE:HINDPETRO,306.1,307.0,305.25,306.0,665778.0
2019-09-27 15:00:00,NSE:HINDPETRO,305.85,307.35,304.3,305.85,1213758.0
2019-09-30 09:00:00,NSE:HINDPETRO,305.7,309.5,304.4,307.15,941983.0
2019-09-30 09:45:00,NSE:HINDPETRO,307.35,310.9,303.1,306.95,1025506.0
2019-09-30 10:30:00,NSE:HINDPETRO,306.9,307.1,303.2,303.4,704158.0
2019-09-30 11:15:00,NSE:HINDPETRO,303.4,304.25,298.55,300.8,963815.0
2019-09-30 12:00:00,NSE:HINDPETRO,300.8,301.4,296.6,301.05,682511.0
2019-09-30 12:45:00,NSE:HINDPETRO,301.2,303.5,300.95,303.05,489605.0
2019-09-30 13:30:00,NSE:HINDPETRO,303.0,305.75,302.55,304.5,530273.0
2019-09-30 14:15:00,NSE:HINDPETRO,304.5,306.15,302.2,304.75,756933.0
2019-09-30 15:00:00,NSE:HINDPETRO,304.7,304.7,300.35,301.7,1698696.0
2019-10-01 09:00:00,NSE:HINDPETRO,310.0,322.1,307.3,319.25,5695667.0
2019-10-01 09:45:00,NSE:HINDPETRO,319.2,319.45,311.2,311.85,2384716.0
2019-10-01 10:30:00,NSE:HINDPETRO,312.0,312.45,306.45,306.85,1561194.0
2019-10-01 11:15:00,NSE:HINDPETRO,306.7,306.75,303.8,304.75,1419004.0
2019-10-01 12:00:00,NSE:HINDPETRO,304.7,308.7,304.65,308.65,854768.0
2019-10-01 12:45:00,NSE:HINDPETRO,308.5,309.8,307.15,307.55,827566.0
2019-10-01 13:30:00,NSE:HINDPETRO,307.55,308.75,300.3,303.6,1349397.0
2019-10-01 14:15:00,NSE:HINDPETRO,303.8,309.7,303.2,308.55,857316.0
2019-10-01 15:00:00,NSE:HINDPETRO,308.55,310.5,307.35,309.45,1189646.0
2019-10-03 09:00:00,NSE:HINDPETRO,310.5,320.0,310.5,312.25,2451197.0
2019-10-03 09:45:00,NSE:HINDPETRO,312.4,320.75,311.6,320.05,1734376.0
2019-10-03 10:30:00,NSE:HINDPETRO,320.3,324.8,319.1,324.0,1913582.0
2019-10-03 11:15:00,NSE:HINDPETRO,324.0,324.3,321.85,323.55,753339.0
2019-10-03 12:00:00,NSE:HINDPETRO,323.55,327.45,321.15,322.7,1625025.0
2019-10-03 12:45:00,NSE:HINDPETRO,322.75,322.8,317.7,318.75,1170829.0
2019-10-03 13:30:00,NSE:HINDPETRO,318.9,320.75,317.6,318.6,887079.0
2019-10-03 14:15:00,NSE:HINDPETRO,318.45,320.8,317.7,320.0,731268.0
2019-10-03 15:00:00,NSE:HINDPETRO,320.0,325.0,319.9,322.95,1506002.0
2019-10-04 09:00:00,NSE:HINDPETRO,327.75,328.75,317.55,319.55,1880812.0
2019-10-04 09:45:00,NSE:HINDPETRO,319.7,322.9,313.2,316.85,1465063.0
2019-10-04 10:30:00,NSE:HINDPETRO,316.85,319.05,316.3,317.4,522797.0
2019-10-04 11:15:00,NSE:HINDPETRO,317.1,319.5,316.3,317.5,436293.0
2019-10-04 12:00:00,NSE:HINDPETRO,317.5,321.35,315.7,321.1,648754.0
2019-10-04 12:45:00,NSE:HINDPETRO,321.25,321.5,318.5,321.25,547456.0
2019-10-04 13:30:00,NSE:HINDPETRO,321.3,321.8,318.8,321.15,571132.0
2019-10-04 14:15:00,NSE:HINDPETRO,321.25,322.45,320.2,321.25,487624.0
2019-10-04 15:00:00,NSE:HINDPETRO,321.1,322.15,319.25,320.7,915840.0
2019-10-07 09:00:00,NSE:HINDPETRO,316.2,317.85,309.0,314.35,1122889.0
2019-10-07 09:45:00,NSE:HINDPETRO,314.25,316.4,313.15,314.5,469555.0
2019-10-07 10:30:00,NSE:HINDPETRO,314.3,315.0,313.25,313.8,292024.0
2019-10-07 11:15:00,NSE:HINDPETRO,313.95,314.05,308.5,310.7,763390.0
2019-10-07 12:00:00,NSE:HINDPETRO,310.7,311.3,309.75,310.35,341199.0
2019-10-07 12:45:00,NSE:HINDPETRO,310.5,311.95,309.85,311.65,524697.0
2019-10-07 13:30:00,NSE:HINDPETRO,311.6,312.05,309.4,309.85,485073.0
2019-10-07 14:15:00,NSE:HINDPETRO,309.85,311.0,307.0,308.15,1188214.0
2019-10-07 15:00:00,NSE:HINDPETRO,308.15,308.15,306.3,307.35,1378869.0
2019-10-09 09:00:00,NSE:HINDPETRO,307.95,309.9,302.1,308.4,744254.0
2019-10-09 09:45:00,NSE:HINDPETRO,308.35,311.3,307.15,310.6,596104.0
2019-10-09 10:30:00,NSE:HINDPETRO,310.45,312.9,310.05,311.9,442007.0
2019-10-09 11:15:00,NSE:HINDPETRO,312.15,315.8,312.15,315.0,738515.0
2019-10-09 12:00:00,NSE:HINDPETRO,315.0,316.85,313.85,315.55,454165.0
2019-10-09 12:45:00,NSE:HINDPETRO,315.5,319.8,314.25,314.9,1093361.0
2019-10-09 13:30:00,NSE:HINDPETRO,314.9,314.95,313.05,313.5,531416.0
2019-10-09 14:15:00,NSE:HINDPETRO,313.4,315.0,312.55,314.7,659377.0
2019-10-09 15:00:00,NSE:HINDPETRO,314.7,315.5,313.5,314.5,839508.0
2019-10-10 09:00:00,NSE:HINDPETRO,314.0,315.25,311.6,314.25,434198.0
2019-10-10 09:45:00,NSE:HINDPETRO,314.0,316.55,311.1,315.45,393305.0
2019-10-10 10:30:00,NSE:HINDPETRO,315.45,316.2,313.3,313.3,215751.0
2019-10-10 11:15:00,NSE:HINDPETRO,313.2,313.95,311.6,313.05,315614.0
2019-10-10 12:00:00,NSE:HINDPETRO,312.85,314.3,312.25,312.55,287401.0
2019-10-10 12:45:00,NSE:HINDPETRO,312.55,312.75,309.15,309.4,754657.0
2019-10-10 13:30:00,NSE:HINDPETRO,309.45,310.75,307.6,310.3,331470.0
2019-10-10 14:15:00,NSE:HINDPETRO,310.35,311.0,309.35,309.5,170143.0
2019-10-10 15:00:00,NSE:HINDPETRO,309.5,312.45,309.5,311.15,651457.0
2019-10-11 09:00:00,NSE:HINDPETRO,310.3,312.5,307.05,311.9,453706.0
2019-10-11 09:45:00,NSE:HINDPETRO,311.95,313.95,310.1,310.7,482924.0
2019-10-11 10:30:00,NSE:HINDPETRO,310.7,311.9,308.8,309.85,599903.0
2019-10-11 11:15:00,NSE:HINDPETRO,309.9,310.5,302.1,304.65,1390560.0
2019-10-11 12:00:00,NSE:HINDPETRO,304.8,307.9,304.05,307.25,419370.0
2019-10-11 12:45:00,NSE:HINDPETRO,307.3,308.95,306.1,308.4,280199.0
2019-10-11 13:30:00,NSE:HINDPETRO,308.4,311.7,307.2,310.4,751164.0
2019-10-11 14:15:00,NSE:HINDPETRO,310.55,311.0,307.8,308.6,354270.0
2019-10-11 15:00:00,NSE:HINDPETRO,308.7,309.1,307.5,308.45,425726.0
2019-10-14 09:00:00,NSE:HINDPETRO,309.95,313.45,309.1,311.65,751663.0
2019-10-14 09:45:00,NSE:HINDPETRO,311.65,311.8,309.4,310.4,237289.0
2019-10-14 10:30:00,NSE:HINDPETRO,310.4,320.7,309.75,318.55,1309385.0
2019-10-14 11:15:00,NSE:HINDPETRO,318.5,319.0,314.3,314.95,926718.0
2019-10-14 12:00:00,NSE:HINDPETRO,314.9,315.3,311.7,312.9,589767.0
2019-10-14 12:45:00,NSE:HINDPETRO,312.9,313.1,310.35,311.1,249296.0
2019-10-14 13:30:00,NSE:HINDPETRO,311.15,312.4,309.8,312.1,220818.0
2019-10-14 14:15:00,NSE:HINDPETRO,311.9,313.1,308.4,311.0,637515.0
2019-10-14 15:00:00,NSE:HINDPETRO,311.0,312.0,309.0,310.5,539965.0
2019-10-15 09:00:00,NSE:HINDPETRO,312.45,315.15,311.2,315.0,646419.0
2019-10-15 09:45:00,NSE:HINDPETRO,314.95,315.05,312.5,312.6,422284.0
2019-10-15 10:30:00,NSE:HINDPETRO,312.7,313.9,310.1,310.7,400306.0
2019-10-15 11:15:00,NSE:HINDPETRO,310.7,312.25,309.65,311.5,389831.0
2019-10-15 12:00:00,NSE:HINDPETRO,311.5,312.9,311.15,311.75,405501.0
2019-10-15 12:45:00,NSE:HINDPETRO,311.75,312.0,310.6,311.0,195256.0
2019-10-15 13:30:00,NSE:HINDPETRO,311.1,312.9,310.7,312.25,286656.0
2019-10-15 14:15:00,NSE:HINDPETRO,312.25,312.3,310.6,311.0,295201.0
2019-10-15 15:00:00,NSE:HINDPETRO,311.0,312.2,310.0,311.05,776992.0
2019-10-16 09:00:00,NSE:HINDPETRO,315.5,321.9,313.15,320.65,1786498.0
2019-10-16 09:45:00,NSE:HINDPETRO,320.85,321.15,315.3,315.4,989860.0
2019-10-16 10:30:00,NSE:HINDPETRO,315.6,316.1,313.25,313.9,550271.0
2019-10-16 11:15:00,NSE:HINDPETRO,313.8,314.25,312.3,313.0,532870.0
2019-10-16 12:00:00,NSE:HINDPETRO,313.0,313.0,309.25,310.15,1036790.0
2019-10-16 12:45:00,NSE:HINDPETRO,310.2,312.4,309.8,312.15,327564.0
2019-10-16 13:30:00,NSE:HINDPETRO,312.05,312.8,311.05,312.3,209228.0
2019-10-16 14:15:00,NSE:HINDPETRO,312.3,313.05,310.05,312.2,413445.0
2019-10-16 15:00:00,NSE:HINDPETRO,312.15,314.45,311.65,313.15,887632.0
2019-10-17 09:00:00,NSE:HINDPETRO,314.95,315.0,311.55,312.0,643246.0
2019-10-17 09:45:00,NSE:HINDPETRO,312.15,312.15,308.2,309.0,572836.0
2019-10-17 10:30:00,NSE:HINDPETRO,309.05,310.4,307.5,308.45,408581.0
2019-10-17 11:15:00,NSE:HINDPETRO,308.45,308.85,307.6,307.75,258632.0
2019-10-17 12:00:00,NSE:HINDPETRO,307.8,308.9,306.55,308.7,247517.0
2019-10-17 12:45:00,NSE:HINDPETRO,308.5,311.0,308.0,310.3,632774.0
2019-10-17 13:30:00,NSE:HINDPETRO,310.6,314.85,309.9,313.8,790140.0
2019-10-17 14:15:00,NSE:HINDPETRO,313.9,314.55,312.35,314.45,560060.0
2019-10-17 15:00:00,NSE:HINDPETRO,314.5,315.0,312.85,313.95,768136.0
2019-10-18 09:00:00,NSE:HINDPETRO,313.0,315.75,310.65,315.45,398707.0
2019-10-18 09:45:00,NSE:HINDPETRO,315.4,319.75,315.2,316.75,908151.0
2019-10-18 10:30:00,NSE:HINDPETRO,316.75,320.35,316.5,318.0,668694.0
2019-10-18 11:15:00,NSE:HINDPETRO,318.0,318.5,316.9,317.9,358248.0
2019-10-18 12:00:00,NSE:HINDPETRO,317.9,318.0,316.25,316.4,308404.0
2019-10-18 12:45:00,NSE:HINDPETRO,316.4,317.0,315.55,316.0,386356.0
2019-10-18 13:30:00,NSE:HINDPETRO,315.9,321.5,315.55,320.5,1009181.0
2019-10-18 14:15:00,NSE:HINDPETRO,320.55,322.35,315.4,315.85,1169690.0
2019-10-18 15:00:00,NSE:HINDPETRO,315.75,316.8,312.15,313.85,1491187.0
2019-10-22 09:00:00,NSE:HINDPETRO,316.95,318.9,314.5,318.2,761810.0
2019-10-22 09:45:00,NSE:HINDPETRO,318.1,320.45,316.5,319.0,577163.0
2019-10-22 10:30:00,NSE:HINDPETRO,318.9,319.25,313.8,314.5,587401.0
2019-10-22 11:15:00,NSE:HINDPETRO,314.5,315.45,312.3,313.85,554491.0
2019-10-22 12:00:00,NSE:HINDPETRO,313.9,315.15,312.95,313.95,479680.0
2019-10-22 12:45:00,NSE:HINDPETRO,313.9,316.65,313.5,316.25,807304.0
2019-10-22 13:30:00,NSE:HINDPETRO,316.3,316.6,314.05,316.3,669756.0
2019-10-22 14:15:00,NSE:HINDPETRO,316.25,318.9,315.0,317.0,1061095.0
2019-10-22 15:00:00,NSE:HINDPETRO,317.0,317.75,316.2,316.9,671051.0
2019-10-23 09:00:00,NSE:HINDPETRO,315.25,318.25,314.1,315.45,602496.0
2019-10-23 09:45:00,NSE:HINDPETRO,315.6,318.45,315.15,315.75,458498.0
2019-10-23 10:30:00,NSE:HINDPETRO,315.8,316.95,315.15,315.35,320115.0
2019-10-23 11:15:00,NSE:HINDPETRO,315.3,316.0,313.1,313.45,523386.0
2019-10-23 12:00:00,NSE:HINDPETRO,313.7,314.15,311.5,312.2,389068.0
2019-10-23 12:45:00,NSE:HINDPETRO,312.15,312.9,310.65,311.5,328645.0
2019-10-23 13:30:00,NSE:HINDPETRO,311.6,312.8,310.55,312.2,369015.0
2019-10-23 14:15:00,NSE:HINDPETRO,312.3,312.6,308.35,309.0,581048.0
2019-10-23 15:00:00,NSE:HINDPETRO,308.9,309.75,308.0,308.7,671347.0
2019-10-24 09:00:00,NSE:HINDPETRO,306.0,309.5,298.5,300.7,1177183.0
2019-10-24 09:45:00,NSE:HINDPETRO,300.7,303.2,299.2,302.25,1043842.0
2019-10-24 10:30:00,NSE:HINDPETRO,302.4,303.0,301.8,302.1,529977.0
2019-10-24 11:15:00,NSE:HINDPETRO,302.15,302.9,300.1,301.45,301452.0
2019-10-24 12:00:00,NSE:HINDPETRO,301.45,302.7,300.5,301.25,222148.0
2019-10-24 12:45:00,NSE:HINDPETRO,301.35,302.8,300.8,302.1,336016.0
2019-10-24 13:30:00,NSE:HINDPETRO,302.15,302.65,298.8,299.95,598528.0
2019-10-24 14:15:00,NSE:HINDPETRO,300.0,301.55,299.0,300.1,793693.0
2019-10-24 15:00:00,NSE:HINDPETRO,300.75,300.85,298.15,299.1,766838.0
2019-10-25 09:00:00,NSE:HINDPETRO,298.2,304.25,298.15,303.85,692506.0
2019-10-25 09:45:00,NSE:HINDPETRO,303.95,304.85,302.05,303.7,472213.0
2019-10-25 10:30:00,NSE:HINDPETRO,303.65,306.4,303.65,305.0,512951.0
2019-10-25 11:15:00,NSE:HINDPETRO,305.15,305.75,303.7,304.95,320581.0
2019-10-25 12:00:00,NSE:HINDPETRO,304.75,305.0,302.35,302.8,261007.0
2019-10-25 12:45:00,NSE:HINDPETRO,302.75,303.5,301.1,301.5,464310.0
2019-10-25 13:30:00,NSE:HINDPETRO,301.45,303.5,300.2,302.05,348465.0
2019-10-25 14:15:00,NSE:HINDPETRO,302.05,304.05,301.35,303.6,325937.0
2019-10-25 15:00:00,NSE:HINDPETRO,303.6,303.65,299.7,301.05,832625.0
2019-10-27 17:45:00,NSE:HINDPETRO,302.0,303.65,302.0,302.45,75671.0
2019-10-27 18:30:00,NSE:HINDPETRO,302.7,303.1,302.0,302.2,101021.0
2019-10-27 19:15:00,NSE:HINDPETRO,302.7,302.7,302.7,302.7,210.0
2019-10-29 09:00:00,NSE:HINDPETRO,309.3,309.75,305.7,308.7,964254.0
2019-10-29 09:45:00,NSE:HINDPETRO,308.75,312.5,308.45,310.55,1113892.0
2019-10-29 10:30:00,NSE:HINDPETRO,310.5,313.65,310.35,312.9,728069.0
2019-10-29 11:15:00,NSE:HINDPETRO,312.9,313.45,311.2,311.85,756554.0
2019-10-29 12:00:00,NSE:HINDPETRO,311.8,312.0,310.5,310.9,436297.0
2019-10-29 12:45:00,NSE:HINDPETRO,310.9,311.7,310.25,310.7,407087.0
2019-10-29 13:30:00,NSE:HINDPETRO,310.7,311.0,310.0,310.5,367917.0
2019-10-29 14:15:00,NSE:HINDPETRO,310.5,310.6,309.1,310.45,409323.0
2019-10-29 15:00:00,NSE:HINDPETRO,310.45,310.5,309.25,310.05,782604.0
2019-10-30 09:00:00,NSE:HINDPETRO,312.8,321.1,311.0,319.8,1801496.0
2019-10-30 09:45:00,NSE:HINDPETRO,319.8,323.0,319.55,321.55,1087204.0
2019-10-30 10:30:00,NSE:HINDPETRO,321.55,321.75,319.1,319.45,549889.0
2019-10-30 11:15:00,NSE:HINDPETRO,319.45,319.45,318.2,319.0,351456.0
2019-10-30 12:00:00,NSE:HINDPETRO,319.0,319.15,318.4,318.95,397368.0
2019-10-30 12:45:00,NSE:HINDPETRO,318.95,319.05,317.5,318.95,425142.0
2019-10-30 13:30:00,NSE:HINDPETRO,318.95,319.0,318.0,318.45,438099.0
2019-10-30 14:15:00,NSE:HINDPETRO,318.45,320.0,317.95,320.0,879298.0
2019-10-30 15:00:00,NSE:HINDPETRO,320.0,320.0,317.5,318.4,1240477.0
2019-10-31 09:00:00,NSE:HINDPETRO,321.0,325.25,320.1,324.35,1412890.0
2019-10-31 09:45:00,NSE:HINDPETRO,324.4,326.95,323.75,324.9,1060690.0
2019-10-31 10:30:00,NSE:HINDPETRO,324.9,326.0,322.7,324.0,813455.0
2019-10-31 11:15:00,NSE:HINDPETRO,324.05,324.3,323.1,323.6,344270.0
2019-10-31 12:00:00,NSE:HINDPETRO,323.6,323.75,321.55,323.35,559131.0
2019-10-31 12:45:00,NSE:HINDPETRO,323.45,325.8,322.85,323.0,759103.0
2019-10-31 13:30:00,NSE:HINDPETRO,323.0,323.15,321.25,322.25,521672.0
2019-10-31 14:15:00,NSE:HINDPETRO,322.25,323.0,321.55,322.0,430218.0
2019-10-31 15:00:00,NSE:HINDPETRO,321.95,328.0,321.95,325.25,2085704.0
2019-11-01 09:00:00,NSE:HINDPETRO,322.15,323.4,315.6,316.9,877372.0
2019-11-01 09:45:00,NSE:HINDPETRO,316.95,322.0,314.0,320.9,1310711.0
2019-11-01 10:30:00,NSE:HINDPETRO,320.95,327.45,319.2,325.15,977678.0
2019-11-01 11:15:00,NSE:HINDPETRO,325.15,325.65,323.6,324.75,563941.0
2019-11-01 12:00:00,NSE:HINDPETRO,324.7,324.85,323.55,323.9,222246.0
2019-11-01 12:45:00,NSE:HINDPETRO,323.9,324.0,322.5,323.9,425057.0
2019-11-01 13:30:00,NSE:HINDPETRO,324.0,324.0,322.5,323.15,257576.0
2019-11-01 14:15:00,NSE:HINDPETRO,323.15,323.45,320.6,321.45,635822.0
2019-11-01 15:00:00,NSE:HINDPETRO,321.45,321.5,320.5,320.95,498390.0
2019-11-04 09:00:00,NSE:HINDPETRO,318.7,325.5,318.1,325.1,598386.0
2019-11-04 09:45:00,NSE:HINDPETRO,325.25,325.7,323.25,323.85,497946.0
2019-11-04 10:30:00,NSE:HINDPETRO,323.9,323.9,322.55,323.45,136666.0
2019-11-04 11:15:00,NSE:HINDPETRO,323.45,323.55,321.3,322.25,149413.0
2019-11-04 12:00:00,NSE:HINDPETRO,322.3,322.9,321.4,322.85,112210.0
2019-11-04 12:45:00,NSE:HINDPETRO,322.8,322.85,319.65,320.0,306793.0
2019-11-04 13:30:00,NSE:HINDPETRO,320.05,321.5,319.9,320.05,193759.0
2019-11-04 14:15:00,NSE:HINDPETRO,320.1,320.7,318.55,318.95,547391.0
2019-11-04 15:00:00,NSE:HINDPETRO,319.0,319.7,318.65,319.1,434909.0
2019-11-05 09:00:00,NSE:HINDPETRO,317.5,320.0,316.7,319.5,377403.0
2019-11-05 09:45:00,NSE:HINDPETRO,319.5,322.95,318.7,319.2,514555.0
2019-11-05 10:30:00,NSE:HINDPETRO,319.25,319.25,315.35,315.7,454090.0
2019-11-05 11:15:00,NSE:HINDPETRO,315.7,316.2,315.0,315.75,286106.0
2019-11-05 12:00:00,NSE:HINDPETRO,315.75,315.75,312.8,313.8,397218.0
2019-11-05 12:45:00,NSE:HINDPETRO,313.85,314.0,312.2,312.55,300069.0
2019-11-05 13:30:00,NSE:HINDPETRO,312.6,314.4,312.5,312.75,366539.0
2019-11-05 14:15:00,NSE:HINDPETRO,312.75,313.0,311.55,311.8,465889.0
2019-11-05 15:00:00,NSE:HINDPETRO,311.75,313.05,311.15,312.5,539135.0
2019-11-06 09:00:00,NSE:HINDPETRO,311.0,315.75,311.0,314.2,395374.0
2019-11-06 09:45:00,NSE:HINDPETRO,314.2,314.5,312.1,313.1,286542.0
2019-11-06 10:30:00,NSE:HINDPETRO,313.1,313.1,310.3,311.5,272656.0
2019-11-06 11:15:00,NSE:HINDPETRO,311.45,313.0,310.9,312.5,159478.0
2019-11-06 12:00:00,NSE:HINDPETRO,312.65,313.15,311.8,312.2,134835.0
2019-11-06 12:45:00,NSE:HINDPETRO,312.25,314.25,312.05,314.05,546291.0
2019-11-06 13:30:00,NSE:HINDPETRO,314.05,314.5,313.6,314.0,164298.0
2019-11-06 14:15:00,NSE:HINDPETRO,314.0,316.4,313.25,316.35,241263.0
2019-11-06 15:00:00,NSE:HINDPETRO,316.35,316.5,312.9,313.95,391984.0
2019-11-07 09:00:00,NSE:HINDPETRO,316.95,316.95,312.3,315.4,561881.0
2019-11-07 09:45:00,NSE:HINDPETRO,314.95,315.9,313.0,314.45,355336.0
2019-11-07 10:30:00,NSE:HINDPETRO,314.45,315.0,312.2,314.9,236972.0
2019-11-07 11:15:00,NSE:HINDPETRO,314.9,315.85,313.5,314.65,202677.0
2019-11-07 12:00:00,NSE:HINDPETRO,314.55,314.7,312.35,312.45,186202.0
2019-11-07 12:45:00,NSE:HINDPETRO,312.55,314.6,312.5,313.1,188388.0
2019-11-07 13:30:00,NSE:HINDPETRO,313.1,316.2,306.6,312.1,2379026.0
2019-11-07 14:15:00,NSE:HINDPETRO,312.3,314.65,308.35,310.3,1136178.0
2019-11-07 15:00:00,NSE:HINDPETRO,310.35,311.75,309.25,310.45,643447.0
2019-11-08 09:00:00,NSE:HINDPETRO,310.0,311.4,305.1,307.4,802115.0
2019-11-08 09:45:00,NSE:HINDPETRO,307.3,307.6,304.05,304.85,692589.0
2019-11-08 10:30:00,NSE:HINDPETRO,304.8,305.25,301.5,301.8,660537.0
2019-11-08 11:15:00,NSE:HINDPETRO,301.8,302.75,300.55,301.45,656204.0
2019-11-08 12:00:00,NSE:HINDPETRO,301.45,304.45,300.5,303.5,1224966.0
2019-11-08 12:45:00,NSE:HINDPETRO,303.4,303.5,300.55,300.65,714026.0
2019-11-08 13:30:00,NSE:HINDPETRO,300.65,300.65,296.65,299.75,1149132.0
2019-11-08 14:15:00,NSE:HINDPETRO,299.75,299.75,295.6,296.15,908461.0
2019-11-08 15:00:00,NSE:HINDPETRO,296.25,297.0,291.9,293.95,1671080.0
2019-11-11 09:00:00,NSE:HINDPETRO,293.4,297.85,292.2,297.65,607765.0
2019-11-11 09:45:00,NSE:HINDPETRO,297.75,299.0,295.7,297.3,416957.0
2019-11-11 10:30:00,NSE:HINDPETRO,297.4,297.4,294.55,295.7,259814.0
2019-11-11 11:15:00,NSE:HINDPETRO,295.65,296.0,294.8,295.4,280666.0
2019-11-11 12:00:00,NSE:HINDPETRO,295.45,297.4,295.05,295.4,174487.0
2019-11-11 12:45:00,NSE:HINDPETRO,295.25,296.2,295.15,295.65,83674.0
2019-11-11 13:30:00,NSE:HINDPETRO,295.7,298.9,295.4,298.25,285027.0
2019-11-11 14:15:00,NSE:HINDPETRO,298.3,300.85,297.5,300.15,755782.0
2019-11-11 15:00:00,NSE:HINDPETRO,300.15,300.15,297.65,298.7,415645.0
2019-11-13 09:00:00,NSE:HINDPETRO,296.9,299.5,296.0,297.0,609772.0
2019-11-13 09:45:00,NSE:HINDPETRO,296.95,297.8,294.75,295.6,339989.0
2019-11-13 10:30:00,NSE:HINDPETRO,295.6,295.65,293.0,294.1,756147.0
2019-11-13 11:15:00,NSE:HINDPETRO,294.1,294.8,293.5,293.5,406335.0
2019-11-13 12:00:00,NSE:HINDPETRO,293.5,293.75,290.7,291.45,846340.0
2019-11-13 12:45:00,NSE:HINDPETRO,291.25,292.8,290.05,291.15,583643.0
2019-11-13 13:30:00,NSE:HINDPETRO,291.1,291.9,289.25,289.5,448255.0
2019-11-13 14:15:00,NSE:HINDPETRO,289.5,290.45,288.0,288.1,439756.0
2019-11-13 15:00:00,NSE:HINDPETRO,288.25,293.05,288.15,291.3,1412672.0
2019-11-14 09:00:00,NSE:HINDPETRO,291.25,292.05,288.9,289.0,333151.0
2019-11-14 09:45:00,NSE:HINDPETRO,289.0,290.2,286.8,286.9,509860.0
2019-11-14 10:30:00,NSE:HINDPETRO,286.95,289.35,286.7,287.9,536303.0
2019-11-14 11:15:00,NSE:HINDPETRO,287.9,289.3,287.55,287.7,437843.0
2019-11-14 12:00:00,NSE:HINDPETRO,287.7,287.95,286.25,287.6,358837.0
2019-11-14 12:45:00,NSE:HINDPETRO,287.6,288.0,286.7,286.9,307113.0
2019-11-14 13:30:00,NSE:HINDPETRO,286.8,287.0,284.8,286.3,690354.0
2019-11-14 14:15:00,NSE:HINDPETRO,286.2,286.6,284.3,285.8,583656.0
2019-11-14 15:00:00,NSE:HINDPETRO,285.85,291.8,285.05,288.55,1858817.0
2019-11-15 09:00:00,NSE:HINDPETRO,287.75,290.4,287.7,289.2,380409.0
2019-11-15 09:45:00,NSE:HINDPETRO,289.2,292.95,288.65,290.95,530721.0
2019-11-15 10:30:00,NSE:HINDPETRO,290.85,291.1,286.35,286.85,339939.0
2019-11-15 11:15:00,NSE:HINDPETRO,287.05,289.15,286.75,289.05,126824.0
2019-11-15 12:00:00,NSE:HINDPETRO,288.9,290.35,288.5,290.0,110366.0
2019-11-15 12:45:00,NSE:HINDPETRO,290.0,290.95,289.4,290.6,116060.0
2019-11-15 13:30:00,NSE:HINDPETRO,290.6,292.2,289.5,291.4,195909.0
2019-11-15 14:15:00,NSE:HINDPETRO,291.3,291.55,289.5,291.05,291499.0
2019-11-15 15:00:00,NSE:HINDPETRO,291.05,291.1,289.2,290.2,462581.0
2019-11-18 09:00:00,NSE:HINDPETRO,293.9,296.45,290.5,291.95,951255.0
2019-11-18 09:45:00,NSE:HINDPETRO,291.8,292.0,287.75,288.45,533861.0
2019-11-18 10:30:00,NSE:HINDPETRO,288.45,289.3,287.1,288.15,400705.0
2019-11-18 11:15:00,NSE:HINDPETRO,288.1,293.5,287.9,292.2,2356042.0
2019-11-18 12:00:00,NSE:HINDPETRO,292.15,293.3,289.95,290.25,396511.0
2019-11-18 12:45:00,NSE:HINDPETRO,290.25,291.8,289.3,289.75,723127.0
2019-11-18 13:30:00,NSE:HINDPETRO,290.0,291.65,288.7,291.15,355326.0
2019-11-18 14:15:00,NSE:HINDPETRO,291.2,292.65,289.85,292.0,436976.0
2019-11-18 15:00:00,NSE:HINDPETRO,292.05,292.2,289.2,290.15,700039.0
2019-11-19 09:00:00,NSE:HINDPETRO,291.4,292.85,289.5,290.1,329410.0
2019-11-19 09:45:00,NSE:HINDPETRO,290.15,291.5,288.45,290.7,232121.0
2019-11-19 10:30:00,NSE:HINDPETRO,290.75,291.05,290.2,290.75,96102.0
2019-11-19 11:15:00,NSE:HINDPETRO,290.8,291.8,290.35,290.75,104529.0
2019-11-19 12:00:00,NSE:HINDPETRO,290.85,291.95,290.0,291.7,479107.0
2019-11-19 12:45:00,NSE:HINDPETRO,291.75,291.8,290.65,291.4,99366.0
2019-11-19 13:30:00,NSE:HINDPETRO,291.45,291.7,290.6,290.9,81572.0
2019-11-19 14:15:00,NSE:HINDPETRO,290.9,291.0,288.15,288.65,236732.0
2019-11-19 15:00:00,NSE:HINDPETRO,288.65,291.45,288.6,290.2,377318.0
2019-11-20 09:00:00,NSE:HINDPETRO,296.05,302.5,294.05,298.35,1965492.0
2019-11-20 09:45:00,NSE:HINDPETRO,298.5,299.6,295.6,296.65,797787.0
2019-11-20 10:30:00,NSE:HINDPETRO,296.65,296.8,293.5,294.9,940061.0
2019-11-20 11:15:00,NSE:HINDPETRO,295.0,296.15,294.65,294.95,238936.0
2019-11-20 12:00:00,NSE:HINDPETRO,295.0,297.75,293.4,296.3,583182.0
2019-11-20 12:45:00,NSE:HINDPETRO,296.45,298.3,293.6,294.6,799361.0
2019-11-20 13:30:00,NSE:HINDPETRO,294.55,295.15,293.6,294.65,284537.0
2019-11-20 14:15:00,NSE:HINDPETRO,294.45,295.45,293.3,293.6,711710.0
2019-11-20 15:00:00,NSE:HINDPETRO,293.9,297.5,293.75,295.9,1422889.0
2019-11-21 09:00:00,NSE:HINDPETRO,302.0,302.0,291.75,294.5,1705640.0
2019-11-21 09:45:00,NSE:HINDPETRO,294.5,297.3,293.65,295.95,700456.0
2019-11-21 10:30:00,NSE:HINDPETRO,295.95,296.4,290.25,290.85,778939.0
2019-11-21 11:15:00,NSE:HINDPETRO,290.8,291.95,290.4,291.85,328423.0
2019-11-21 12:00:00,NSE:HINDPETRO,291.8,291.85,290.75,290.85,334004.0
2019-11-21 12:45:00,NSE:HINDPETRO,290.75,290.85,288.1,288.6,714213.0
2019-11-21 13:30:00,NSE:HINDPETRO,288.55,288.95,287.5,288.05,504758.0
2019-11-21 14:15:00,NSE:HINDPETRO,288.05,288.65,285.0,287.25,1083033.0
2019-11-21 15:00:00,NSE:HINDPETRO,287.25,288.55,284.85,286.8,1575866.0
2019-11-22 09:00:00,NSE:HINDPETRO,284.95,287.0,284.3,285.45,371394.0
2019-11-22 09:45:00,NSE:HINDPETRO,285.4,288.4,283.8,286.8,400742.0
2019-11-22 10:30:00,NSE:HINDPETRO,286.6,288.3,286.5,287.2,233276.0
2019-11-22 11:15:00,NSE:HINDPETRO,287.6,288.8,286.5,288.0,218466.0
2019-11-22 12:00:00,NSE:HINDPETRO,288.1,290.7,288.0,290.35,364914.0
2019-11-22 12:45:00,NSE:HINDPETRO,290.35,291.6,289.05,291.0,824270.0
2019-11-22 13:30:00,NSE:HINDPETRO,291.0,291.55,290.0,290.3,543660.0
2019-11-22 14:15:00,NSE:HINDPETRO,290.3,291.25,290.0,290.2,153161.0
2019-11-22 15:00:00,NSE:HINDPETRO,290.2,291.1,290.0,290.35,421145.0
2019-11-25 09:00:00,NSE:HINDPETRO,289.0,290.8,287.4,290.0,201017.0
2019-11-25 09:45:00,NSE:HINDPETRO,290.05,292.6,290.05,292.35,256512.0
2019-11-25 10:30:00,NSE:HINDPETRO,292.3,294.8,292.3,294.3,952466.0
2019-11-25 11:15:00,NSE:HINDPETRO,294.3,295.25,294.0,295.15,240286.0
2019-11-25 12:00:00,NSE:HINDPETRO,295.05,296.75,295.05,296.5,448317.0
2019-11-25 12:45:00,NSE:HINDPETRO,296.65,297.3,295.95,296.0,284253.0
2019-11-25 13:30:00,NSE:HINDPETRO,296.05,296.95,295.5,296.4,268732.0
2019-11-25 14:15:00,NSE:HINDPETRO,296.35,296.9,294.5,295.3,349776.0
2019-11-25 15:00:00,NSE:HINDPETRO,295.35,296.2,294.8,295.6,485093.0
2019-11-26 09:00:00,NSE:HINDPETRO,296.0,298.1,294.4,294.5,348533.0
2019-11-26 09:45:00,NSE:HINDPETRO,294.4,294.95,293.65,294.15,211067.0
2019-11-26 10:30:00,NSE:HINDPETRO,294.1,295.15,293.45,293.55,259502.0
2019-11-26 11:15:00,NSE:HINDPETRO,293.35,293.65,290.65,291.5,287354.0
2019-11-26 12:00:00,NSE:HINDPETRO,291.4,292.2,290.85,292.05,137770.0
2019-11-26 12:45:00,NSE:HINDPETRO,292.0,292.4,290.9,291.3,87996.0
2019-11-26 13:30:00,NSE:HINDPETRO,291.3,292.85,291.25,292.25,763479.0
2019-11-26 14:15:00,NSE:HINDPETRO,292.25,292.4,289.15,292.05,553091.0
2019-11-26 15:00:00,NSE:HINDPETRO,292.0,292.05,286.7,289.4,3228321.0
2019-11-27 09:00:00,NSE:HINDPETRO,287.0,291.0,287.0,288.3,351318.0
2019-11-27 09:45:00,NSE:HINDPETRO,288.3,290.4,286.4,288.85,339186.0
2019-11-27 10:30:00,NSE:HINDPETRO,288.85,289.0,287.05,287.2,132928.0
2019-11-27 11:15:00,NSE:HINDPETRO,287.2,287.45,286.1,286.65,158410.0
2019-11-27 12:00:00,NSE:HINDPETRO,286.55,286.65,285.1,285.35,168340.0
2019-11-27 12:45:00,NSE:HINDPETRO,285.35,287.5,285.25,286.2,346624.0
2019-11-27 13:30:00,NSE:HINDPETRO,286.1,287.2,285.5,285.8,176504.0
2019-11-27 14:15:00,NSE:HINDPETRO,285.8,287.4,285.1,285.95,523679.0
2019-11-27 15:00:00,NSE:HINDPETRO,286.0,286.9,285.95,286.5,830974.0
2019-11-28 09:00:00,NSE:HINDPETRO,287.8,289.55,286.35,288.7,457945.0
2019-11-28 09:45:00,NSE:HINDPETRO,288.7,290.0,284.6,285.0,492364.0
2019-11-28 10:30:00,NSE:HINDPETRO,285.0,285.75,284.35,284.9,240212.0
2019-11-28 11:15:00,NSE:HINDPETRO,284.8,288.05,284.8,287.0,454324.0
2019-11-28 12:00:00,NSE:HINDPETRO,287.0,290.7,286.5,290.45,377602.0
2019-11-28 12:45:00,NSE:HINDPETRO,290.55,291.25,289.35,290.65,509029.0
2019-11-28 13:30:00,NSE:HINDPETRO,290.9,292.4,290.2,292.25,677864.0
2019-11-28 14:15:00,NSE:HINDPETRO,292.2,293.45,290.7,291.5,343073.0
2019-11-28 15:00:00,NSE:HINDPETRO,291.45,291.95,289.65,290.7,458153.0
2019-11-29 09:00:00,NSE:HINDPETRO,291.9,292.5,288.6,289.5,612838.0
2019-11-29 09:45:00,NSE:HINDPETRO,289.45,289.55,286.05,286.5,505050.0
2019-11-29 10:30:00,NSE:HINDPETRO,286.45,286.55,285.0,285.1,467591.0
2019-11-29 11:15:00,NSE:HINDPETRO,285.15,285.5,283.35,284.75,458448.0
2019-11-29 12:00:00,NSE:HINDPETRO,284.75,285.2,283.55,284.65,452218.0
2019-11-29 12:45:00,NSE:HINDPETRO,284.7,285.05,281.35,282.0,620698.0
2019-11-29 13:30:00,NSE:HINDPETRO,282.0,283.3,280.55,283.1,836266.0
2019-11-29 14:15:00,NSE:HINDPETRO,283.05,283.75,282.25,282.75,499242.0
2019-11-29 15:00:00,NSE:HINDPETRO,282.8,283.7,281.1,282.6,1238505.0
2019-12-02 09:00:00,NSE:HINDPETRO,282.6,283.25,280.25,282.0,619462.0
2019-12-02 09:45:00,NSE:HINDPETRO,281.9,281.9,279.3,280.0,350983.0
2019-12-02 10:30:00,NSE:HINDPETRO,280.0,280.15,278.3,280.1,231543.0
2019-12-02 11:15:00,NSE:HINDPETRO,279.75,279.75,278.5,278.6,182129.0
2019-12-02 12:00:00,NSE:HINDPETRO,278.6,280.95,278.5,280.55,205725.0
2019-12-02 12:45:00,NSE:HINDPETRO,280.6,281.5,280.0,280.1,133299.0
2019-12-02 13:30:00,NSE:HINDPETRO,280.1,281.65,280.0,280.95,111139.0
2019-12-02 14:15:00,NSE:HINDPETRO,281.0,281.7,280.1,281.0,220299.0
2019-12-02 15:00:00,NSE:HINDPETRO,281.35,283.95,279.15,281.8,732818.0
2019-12-03 09:00:00,NSE:HINDPETRO,282.95,283.9,279.7,283.05,337105.0
2019-12-03 09:45:00,NSE:HINDPETRO,283.05,283.05,280.0,280.6,301934.0
2019-12-03 10:30:00,NSE:HINDPETRO,280.6,280.7,278.35,278.6,229861.0
2019-12-03 11:15:00,NSE:HINDPETRO,278.6,279.4,277.5,279.0,198186.0
2019-12-03 12:00:00,NSE:HINDPETRO,279.0,279.05,278.0,278.05,108035.0
2019-12-03 12:45:00,NSE:HINDPETRO,278.1,278.4,275.6,275.9,288269.0
2019-12-03 13:30:00,NSE:HINDPETRO,275.85,276.0,271.65,273.0,508444.0
2019-12-03 14:15:00,NSE:HINDPETRO,273.1,275.0,272.6,274.3,674862.0
2019-12-03 15:00:00,NSE:HINDPETRO,274.4,275.0,273.4,274.4,708142.0
2019-12-04 09:00:00,NSE:HINDPETRO,271.55,272.5,269.25,271.2,785406.0
2019-12-04 09:45:00,NSE:HINDPETRO,271.2,272.0,269.8,270.35,562651.0
2019-12-04 10:30:00,NSE:HINDPETRO,270.2,270.95,268.3,269.9,502666.0
2019-12-04 11:15:00,NSE:HINDPETRO,270.0,270.4,269.15,270.0,214677.0
2019-12-04 12:00:00,NSE:HINDPETRO,270.0,270.35,269.3,269.45,306930.0
2019-12-04 12:45:00,NSE:HINDPETRO,269.4,270.1,266.5,267.0,664911.0
2019-12-04 13:30:00,NSE:HINDPETRO,267.0,269.2,266.85,267.95,617172.0
2019-12-04 14:15:00,NSE:HINDPETRO,268.1,271.4,267.0,269.95,1119968.0
2019-12-04 15:00:00,NSE:HINDPETRO,270.0,270.5,269.0,269.8,807315.0
2019-12-05 09:00:00,NSE:HINDPETRO,268.5,271.6,267.4,271.1,476188.0
2019-12-05 09:45:00,NSE:HINDPETRO,271.1,272.45,270.05,271.8,769333.0
2019-12-05 10:30:00,NSE:HINDPETRO,271.95,272.35,270.7,271.85,222591.0
2019-12-05 11:15:00,NSE:HINDPETRO,271.85,272.5,270.0,271.15,329668.0
2019-12-05 12:00:00,NSE:HINDPETRO,271.1,271.45,269.85,269.85,274598.0
2019-12-05 12:45:00,NSE:HINDPETRO,269.95,270.15,266.65,267.55,584047.0
2019-12-05 13:30:00,NSE:HINDPETRO,267.55,268.4,266.75,267.1,365910.0
2019-12-05 14:15:00,NSE:HINDPETRO,267.25,267.65,265.1,266.05,538737.0
2019-12-05 15:00:00,NSE:HINDPETRO,266.2,267.1,265.0,265.9,400581.0
2019-12-06 09:00:00,NSE:HINDPETRO,265.0,269.0,265.0,266.7,401923.0
2019-12-06 09:45:00,NSE:HINDPETRO,266.55,266.65,263.4,263.85,511970.0
2019-12-06 10:30:00,NSE:HINDPETRO,264.0,265.85,263.85,265.0,388490.0
2019-12-06 11:15:00,NSE:HINDPETRO,265.0,265.2,262.15,264.9,494997.0
2019-12-06 12:00:00,NSE:HINDPETRO,264.95,266.2,263.45,264.0,385218.0
2019-12-06 12:45:00,NSE:HINDPETRO,264.0,264.05,262.55,262.75,207928.0
2019-12-06 13:30:00,NSE:HINDPETRO,262.75,264.05,262.0,262.25,331418.0
2019-12-06 14:15:00,NSE:HINDPETRO,262.2,263.25,262.0,262.8,302918.0
2019-12-06 15:00:00,NSE:HINDPETRO,262.8,264.95,262.0,263.0,777386.0
2019-12-09 09:00:00,NSE:HINDPETRO,263.0,267.15,262.25,266.75,333933.0
2019-12-09 09:45:00,NSE:HINDPETRO,266.95,267.55,265.1,265.1,274799.0
2019-12-09 10:30:00,NSE:HINDPETRO,265.3,268.75,264.65,266.65,585463.0
2019-12-09 11:15:00,NSE:HINDPETRO,266.65,266.8,264.5,265.2,598197.0
2019-12-09 12:00:00,NSE:HINDPETRO,265.25,266.75,264.45,266.0,355324.0
2019-12-09 12:45:00,NSE:HINDPETRO,266.1,267.7,265.1,267.6,262596.0
2019-12-09 13:30:00,NSE:HINDPETRO,267.55,268.95,267.05,267.35,308029.0
2019-12-09 14:15:00,NSE:HINDPETRO,267.4,268.85,266.35,268.55,316520.0
2019-12-09 15:00:00,NSE:HINDPETRO,268.65,269.95,268.0,268.9,501374.0
2019-12-10 09:00:00,NSE:HINDPETRO,268.4,269.75,266.6,267.7,389506.0
2019-12-10 09:45:00,NSE:HINDPETRO,267.7,268.45,265.25,265.35,253314.0
2019-12-10 10:30:00,NSE:HINDPETRO,265.35,265.85,263.65,264.25,247724.0
2019-12-10 11:15:00,NSE:HINDPETRO,264.25,264.85,263.55,264.2,176964.0
2019-12-10 12:00:00,NSE:HINDPETRO,264.2,264.25,263.05,263.85,228136.0
2019-12-10 12:45:00,NSE:HINDPETRO,263.9,264.45,263.6,263.85,92643.0
2019-12-10 13:30:00,NSE:HINDPETRO,264.1,264.15,261.0,261.1,407238.0
2019-12-10 14:15:00,NSE:HINDPETRO,261.1,261.65,260.15,260.25,467209.0
2019-12-10 15:00:00,NSE:HINDPETRO,260.3,260.95,260.0,260.45,730599.0
2019-12-11 09:00:00,NSE:HINDPETRO,260.45,263.1,260.05,262.75,390416.0
2019-12-11 09:45:00,NSE:HINDPETRO,262.7,266.4,262.3,265.75,673345.0
2019-12-11 10:30:00,NSE:HINDPETRO,265.7,266.0,261.4,261.85,1227045.0
2019-12-11 11:15:00,NSE:HINDPETRO,261.85,262.1,259.25,260.2,346424.0
2019-12-11 12:00:00,NSE:HINDPETRO,260.2,261.95,260.0,260.6,299580.0
2019-12-11 12:45:00,NSE:HINDPETRO,260.55,261.2,258.35,260.65,345614.0
2019-12-11 13:30:00,NSE:HINDPETRO,260.6,261.85,258.85,259.65,722308.0
2019-12-11 14:15:00,NSE:HINDPETRO,259.8,262.45,258.25,261.3,591194.0
2019-12-11 15:00:00,NSE:HINDPETRO,261.3,263.4,261.3,262.65,581536.0
2019-12-12 09:00:00,NSE:HINDPETRO,265.25,266.8,264.0,264.6,387308.0
2019-12-12 09:45:00,NSE:HINDPETRO,264.6,266.5,264.35,264.9,296284.0
2019-12-12 10:30:00,NSE:HINDPETRO,264.9,265.65,264.2,264.85,114666.0
2019-12-12 11:15:00,NSE:HINDPETRO,264.9,267.4,264.85,265.3,462928.0
2019-12-12 12:00:00,NSE:HINDPETRO,265.3,266.25,264.0,265.95,268108.0
2019-12-12 12:45:00,NSE:HINDPETRO,265.95,266.95,265.85,266.0,167425.0
2019-12-12 13:30:00,NSE:HINDPETRO,266.0,267.15,265.6,266.7,141724.0
2019-12-12 14:15:00,NSE:HINDPETRO,266.8,268.1,266.35,267.35,492758.0
2019-12-12 15:00:00,NSE:HINDPETRO,267.35,267.5,265.25,266.2,551716.0
2019-12-13 09:00:00,NSE:HINDPETRO,266.2,267.9,266.2,266.5,411954.0
2019-12-13 09:45:00,NSE:HINDPETRO,266.55,267.9,265.75,265.9,491555.0
2019-12-13 10:30:00,NSE:HINDPETRO,265.85,266.0,264.0,264.8,169344.0
2019-12-13 11:15:00,NSE:HINDPETRO,264.75,264.95,263.4,264.6,104827.0
2019-12-13 12:00:00,NSE:HINDPETRO,264.6,265.8,264.35,265.3,111168.0
2019-12-13 12:45:00,NSE:HINDPETRO,265.2,265.9,264.85,265.3,63369.0
2019-12-13 13:30:00,NSE:HINDPETRO,265.5,267.1,265.05,266.85,143091.0
2019-12-13 14:15:00,NSE:HINDPETRO,266.95,268.8,266.55,267.85,439298.0
2019-12-13 15:00:00,NSE:HINDPETRO,267.8,268.25,266.65,267.4,420779.0
2019-12-16 09:00:00,NSE:HINDPETRO,267.2,268.25,264.1,264.35,228653.0
2019-12-16 09:45:00,NSE:HINDPETRO,264.25,265.8,263.25,265.3,819129.0
2019-12-16 10:30:00,NSE:HINDPETRO,265.2,265.35,264.2,264.65,396234.0
2019-12-16 11:15:00,NSE:HINDPETRO,264.65,265.15,263.25,264.6,276351.0
2019-12-16 12:00:00,NSE:HINDPETRO,264.65,267.5,264.6,267.2,257943.0
2019-12-16 12:45:00,NSE:HINDPETRO,267.1,268.1,266.0,266.4,271550.0
2019-12-16 13:30:00,NSE:HINDPETRO,266.4,268.5,266.25,268.0,279076.0
2019-12-16 14:15:00,NSE:HINDPETRO,268.0,268.2,266.4,267.2,417805.0
2019-12-16 15:00:00,NSE:HINDPETRO,267.2,267.4,266.0,266.8,766405.0
2019-12-17 09:00:00,NSE:HINDPETRO,266.7,266.7,263.6,265.1,250501.0
2019-12-17 09:45:00,NSE:HINDPETRO,265.1,267.75,264.5,267.15,484418.0
2019-12-17 10:30:00,NSE:HINDPETRO,267.15,267.3,265.85,267.0,194089.0
2019-12-17 11:15:00,NSE:HINDPETRO,266.9,268.65,266.4,267.7,254263.0
2019-12-17 12:00:00,NSE:HINDPETRO,267.65,268.5,266.55,267.0,211571.0
2019-12-17 12:45:00,NSE:HINDPETRO,267.0,267.3,266.1,266.8,125733.0
2019-12-17 13:30:00,NSE:HINDPETRO,266.8,267.35,265.45,265.9,145810.0
2019-12-17 14:15:00,NSE:HINDPETRO,265.9,266.15,264.7,265.2,195517.0
2019-12-17 15:00:00,NSE:HINDPETRO,265.3,265.4,264.35,264.9,497544.0
2019-12-18 09:00:00,NSE:HINDPETRO,264.05,265.5,262.75,263.8,568100.0
2019-12-18 09:45:00,NSE:HINDPETRO,263.9,264.95,262.75,263.0,359588.0
2019-12-18 10:30:00,NSE:HINDPETRO,263.0,263.25,262.2,262.65,161856.0
2019-12-18 11:15:00,NSE:HINDPETRO,262.8,264.2,262.4,263.5,389499.0
2019-12-18 12:00:00,NSE:HINDPETRO,263.65,264.4,262.9,264.2,183954.0
2019-12-18 12:45:00,NSE:HINDPETRO,264.2,264.4,263.4,263.5,125814.0
2019-12-18 13:30:00,NSE:HINDPETRO,263.55,263.75,262.85,263.1,129222.0
2019-12-18 14:15:00,NSE:HINDPETRO,263.1,264.3,262.35,263.85,252211.0
2019-12-18 15:00:00,NSE:HINDPETRO,263.9,264.2,263.1,263.8,693209.0
2019-12-19 09:00:00,NSE:HINDPETRO,263.0,263.7,262.35,262.95,226616.0
2019-12-19 09:45:00,NSE:HINDPETRO,262.85,265.95,262.7,264.55,348759.0
2019-12-19 10:30:00,NSE:HINDPETRO,264.55,265.1,263.9,264.0,135895.0
2019-12-19 11:15:00,NSE:HINDPETRO,264.0,264.15,263.2,263.7,162399.0
2019-12-19 12:00:00,NSE:HINDPETRO,263.55,264.9,263.45,263.95,105419.0
2019-12-19 12:45:00,NSE:HINDPETRO,263.95,264.35,262.8,263.15,115605.0
2019-12-19 13:30:00,NSE:HINDPETRO,263.1,264.5,263.0,264.25,113585.0
2019-12-19 14:15:00,NSE:HINDPETRO,264.15,265.7,264.15,264.85,287716.0
2019-12-19 15:00:00,NSE:HINDPETRO,265.0,265.6,264.1,264.85,323507.0
2019-12-20 09:00:00,NSE:HINDPETRO,264.9,267.5,264.3,266.9,243483.0
2019-12-20 09:45:00,NSE:HINDPETRO,266.9,267.5,266.0,266.5,118592.0
2019-12-20 10:30:00,NSE:HINDPETRO,266.6,266.95,265.85,266.55,93311.0
2019-12-20 11:15:00,NSE:HINDPETRO,266.8,267.7,266.25,266.65,148496.0
2019-12-20 12:00:00,NSE:HINDPETRO,266.75,267.4,266.4,267.1,43832.0
2019-12-20 12:45:00,NSE:HINDPETRO,267.1,267.2,265.1,265.1,141044.0
2019-12-20 13:30:00,NSE:HINDPETRO,265.15,265.2,264.0,264.35,127605.0
2019-12-20 14:15:00,NSE:HINDPETRO,264.35,264.9,263.0,264.2,302932.0
2019-12-20 15:00:00,NSE:HINDPETRO,264.3,265.0,262.75,263.9,840563.0
2019-12-23 09:00:00,NSE:HINDPETRO,264.35,268.35,264.35,267.65,429164.0
2019-12-23 09:45:00,NSE:HINDPETRO,267.5,268.65,267.35,267.5,281158.0
2019-12-23 10:30:00,NSE:HINDPETRO,267.5,268.0,266.7,267.35,193300.0
2019-12-23 11:15:00,NSE:HINDPETRO,267.35,267.7,266.1,266.2,163834.0
2019-12-23 12:00:00,NSE:HINDPETRO,266.2,267.4,265.1,267.15,198556.0
2019-12-23 12:45:00,NSE:HINDPETRO,267.2,267.6,266.05,266.5,115646.0
2019-12-23 13:30:00,NSE:HINDPETRO,266.45,266.95,265.7,266.6,91993.0
2019-12-23 14:15:00,NSE:HINDPETRO,266.65,266.95,264.2,265.65,232970.0
2019-12-23 15:00:00,NSE:HINDPETRO,265.7,266.9,265.0,265.95,539263.0
2019-12-24 09:00:00,NSE:HINDPETRO,265.0,266.45,264.25,266.2,238671.0
2019-12-24 09:45:00,NSE:HINDPETRO,266.15,266.35,264.5,264.75,114780.0
2019-12-24 10:30:00,NSE:HINDPETRO,264.75,265.3,263.8,264.05,169785.0
2019-12-24 11:15:00,NSE:HINDPETRO,264.2,266.0,263.95,264.75,199001.0
2019-12-24 12:00:00,NSE:HINDPETRO,264.8,264.8,263.15,263.3,149255.0
2019-12-24 12:45:00,NSE:HINDPETRO,263.35,264.8,263.35,263.95,106117.0
2019-12-24 13:30:00,NSE:HINDPETRO,263.85,264.45,263.75,264.05,125407.0
2019-12-24 14:15:00,NSE:HINDPETRO,264.1,264.8,263.05,263.75,335020.0
2019-12-24 15:00:00,NSE:HINDPETRO,263.7,264.45,261.0,262.45,549978.0
2019-12-26 09:00:00,NSE:HINDPETRO,261.0,264.65,260.2,264.2,428733.0
2019-12-26 09:45:00,NSE:HINDPETRO,264.2,264.2,260.65,261.4,390063.0
2019-12-26 10:30:00,NSE:HINDPETRO,261.45,261.45,259.6,260.5,429743.0
2019-12-26 11:15:00,NSE:HINDPETRO,260.5,260.9,260.1,260.9,115975.0
2019-12-26 12:00:00,NSE:HINDPETRO,260.9,261.5,260.5,261.05,169588.0
2019-12-26 12:45:00,NSE:HINDPETRO,261.05,261.15,260.05,260.15,144781.0
2019-12-26 13:30:00,NSE:HINDPETRO,260.1,260.3,259.45,259.5,204787.0
2019-12-26 14:15:00,NSE:HINDPETRO,259.55,260.2,258.35,258.8,378729.0
2019-12-26 15:00:00,NSE:HINDPETRO,258.75,259.45,257.85,258.6,504553.0
2019-12-27 09:00:00,NSE:HINDPETRO,259.0,261.55,258.4,260.25,291368.0
2019-12-27 09:45:00,NSE:HINDPETRO,260.0,261.3,259.65,260.95,157164.0
2019-12-27 10:30:00,NSE:HINDPETRO,260.95,262.25,260.8,261.95,242488.0
2019-12-27 11:15:00,NSE:HINDPETRO,261.85,263.45,261.3,262.7,196863.0
2019-12-27 12:00:00,NSE:HINDPETRO,262.7,264.4,262.45,264.3,231036.0
2019-12-27 12:45:00,NSE:HINDPETRO,264.3,265.8,264.0,265.7,382283.0
2019-12-27 13:30:00,NSE:HINDPETRO,265.6,266.55,265.1,265.55,447023.0
2019-12-27 14:15:00,NSE:HINDPETRO,265.5,266.4,265.35,266.0,415661.0
2019-12-27 15:00:00,NSE:HINDPETRO,266.1,267.8,264.4,266.6,717786.0
2019-12-30 09:00:00,NSE:HINDPETRO,265.95,266.0,263.75,264.35,265436.0
2019-12-30 09:45:00,NSE:HINDPETRO,264.35,265.45,263.05,263.8,193480.0
2019-12-30 10:30:00,NSE:HINDPETRO,263.9,264.9,263.3,263.85,132407.0
2019-12-30 11:15:00,NSE:HINDPETRO,263.8,264.35,263.35,264.05,88770.0
2019-12-30 12:00:00,NSE:HINDPETRO,264.1,264.9,263.65,264.1,177499.0
2019-12-30 12:45:00,NSE:HINDPETRO,264.05,264.9,263.9,264.6,62981.0
2019-12-30 13:30:00,NSE:HINDPETRO,264.65,266.8,264.45,266.3,380436.0
2019-12-30 14:15:00,NSE:HINDPETRO,266.5,267.0,265.85,266.75,152008.0
2019-12-30 15:00:00,NSE:HINDPETRO,266.8,267.9,266.5,267.2,436884.0
2019-12-31 09:00:00,NSE:HINDPETRO,266.85,270.6,265.6,268.05,673508.0
2019-12-31 09:45:00,NSE:HINDPETRO,268.05,268.25,266.5,266.9,249938.0
2019-12-31 10:30:00,NSE:HINDPETRO,266.9,267.7,266.1,266.4,186749.0
2019-12-31 11:15:00,NSE:HINDPETRO,266.4,267.0,265.6,266.45,131677.0
2019-12-31 12:00:00,NSE:HINDPETRO,266.5,266.5,264.4,265.5,190186.0
2019-12-31 12:45:00,NSE:HINDPETRO,265.55,268.0,265.5,267.7,203390.0
2019-12-31 13:30:00,NSE:HINDPETRO,267.65,267.8,265.8,265.9,161469.0
2019-12-31 14:15:00,NSE:HINDPETRO,265.9,266.0,264.3,265.15,331809.0
2019-12-31 15:00:00,NSE:HINDPETRO,265.35,265.7,264.0,264.5,545508.0
2020-01-01 09:00:00,NSE:HINDPETRO,264.9,266.55,264.8,265.5,146719.0
2020-01-01 09:45:00,NSE:HINDPETRO,265.5,266.2,264.7,265.1,78570.0
2020-01-01 10:30:00,NSE:HINDPETRO,265.2,265.55,263.6,264.75,96010.0
2020-01-01 11:15:00,NSE:HINDPETRO,264.85,265.65,264.6,264.85,45859.0
2020-01-01 12:00:00,NSE:HINDPETRO,264.9,265.5,264.4,264.7,44290.0
2020-01-01 12:45:00,NSE:HINDPETRO,264.85,265.9,264.8,265.7,46243.0
2020-01-01 13:30:00,NSE:HINDPETRO,265.7,266.35,265.35,265.55,80569.0
2020-01-01 14:15:00,NSE:HINDPETRO,265.5,265.9,265.2,265.25,92180.0
2020-01-01 15:00:00,NSE:HINDPETRO,265.2,265.9,265.05,265.5,134245.0
2020-01-02 09:00:00,NSE:HINDPETRO,266.5,266.5,264.85,265.25,148271.0
2020-01-02 09:45:00,NSE:HINDPETRO,265.2,265.8,264.55,265.25,120079.0
2020-01-02 10:30:00,NSE:HINDPETRO,265.25,265.6,264.75,264.75,71995.0
2020-01-02 11:15:00,NSE:HINDPETRO,264.7,266.4,264.6,266.4,127517.0
2020-01-02 12:00:00,NSE:HINDPETRO,266.4,267.45,266.05,267.0,202398.0
2020-01-02 12:45:00,NSE:HINDPETRO,267.0,269.1,266.25,269.0,363377.0
2020-01-02 13:30:00,NSE:HINDPETRO,268.95,269.7,268.35,269.6,283621.0
2020-01-02 14:15:00,NSE:HINDPETRO,269.6,270.25,269.4,269.7,363312.0
2020-01-02 15:00:00,NSE:HINDPETRO,269.7,270.65,268.35,269.5,654212.0
2020-01-03 09:00:00,NSE:HINDPETRO,264.9,266.15,261.5,263.85,1360999.0
2020-01-03 09:45:00,NSE:HINDPETRO,263.9,265.45,262.9,264.85,730517.0
2020-01-03 10:30:00,NSE:HINDPETRO,264.9,264.95,263.55,264.65,263720.0
2020-01-03 11:15:00,NSE:HINDPETRO,264.6,264.95,263.75,264.65,166498.0
2020-01-03 12:00:00,NSE:HINDPETRO,264.85,265.7,263.8,264.75,231880.0
2020-01-03 12:45:00,NSE:HINDPETRO,264.85,265.7,264.7,265.1,150529.0
2020-01-03 13:30:00,NSE:HINDPETRO,265.1,265.15,263.8,264.15,172875.0
2020-01-03 14:15:00,NSE:HINDPETRO,264.25,264.25,262.2,262.75,418837.0
2020-01-03 15:00:00,NSE:HINDPETRO,262.75,264.15,262.75,263.7,611551.0
2020-01-06 09:00:00,NSE:HINDPETRO,256.2,260.95,250.05,251.4,2114531.0
2020-01-06 09:45:00,NSE:HINDPETRO,251.4,254.3,251.0,254.3,1449335.0
2020-01-06 10:30:00,NSE:HINDPETRO,254.35,254.7,251.0,251.05,1124154.0
2020-01-06 11:15:00,NSE:HINDPETRO,251.05,253.05,248.55,249.95,1878180.0
2020-01-06 12:00:00,NSE:HINDPETRO,249.95,250.05,248.55,249.55,592955.0
2020-01-06 12:45:00,NSE:HINDPETRO,249.7,251.1,245.65,246.4,1380745.0
2020-01-06 13:30:00,NSE:HINDPETRO,246.35,247.25,245.4,246.2,905565.0
2020-01-06 14:15:00,NSE:HINDPETRO,246.25,246.9,244.65,244.95,1065729.0
2020-01-06 15:00:00,NSE:HINDPETRO,244.95,245.55,243.95,244.65,1554103.0
2020-01-07 09:00:00,NSE:HINDPETRO,250.0,253.7,248.2,249.5,2266169.0
2020-01-07 09:45:00,NSE:HINDPETRO,249.5,249.6,245.0,246.45,2318108.0
2020-01-07 10:30:00,NSE:HINDPETRO,246.5,246.55,243.1,243.35,1190803.0
2020-01-07 11:15:00,NSE:HINDPETRO,243.3,246.45,243.1,244.05,1159314.0
2020-01-07 12:00:00,NSE:HINDPETRO,244.0,245.05,243.5,244.5,544183.0
2020-01-07 12:45:00,NSE:HINDPETRO,244.4,244.85,240.7,241.15,1054289.0
2020-01-07 13:30:00,NSE:HINDPETRO,241.15,243.7,240.55,242.45,773325.0
2020-01-07 14:15:00,NSE:HINDPETRO,242.55,243.0,239.3,240.8,1359205.0
2020-01-07 15:00:00,NSE:HINDPETRO,240.85,244.25,240.85,242.15,1407324.0
2020-01-08 09:00:00,NSE:HINDPETRO,235.0,243.35,235.0,241.4,1976059.0
2020-01-08 09:45:00,NSE:HINDPETRO,241.6,242.0,237.8,239.3,1092832.0
2020-01-08 10:30:00,NSE:HINDPETRO,239.3,243.25,238.9,241.35,1225224.0
2020-01-08 11:15:00,NSE:HINDPETRO,241.3,242.1,240.6,241.65,393032.0
2020-01-08 12:00:00,NSE:HINDPETRO,241.75,242.85,241.0,241.95,438133.0
2020-01-08 12:45:00,NSE:HINDPETRO,241.95,242.25,240.75,241.1,612396.0
2020-01-08 13:30:00,NSE:HINDPETRO,241.15,242.35,240.35,241.6,453022.0
2020-01-08 14:15:00,NSE:HINDPETRO,241.55,242.3,240.5,240.7,831517.0
2020-01-08 15:00:00,NSE:HINDPETRO,240.7,242.8,240.6,241.7,1270619.0
2020-01-09 09:00:00,NSE:HINDPETRO,250.0,253.5,247.1,247.55,2399622.0
2020-01-09 09:45:00,NSE:HINDPETRO,247.6,248.75,246.5,248.25,785233.0
2020-01-09 10:30:00,NSE:HINDPETRO,248.2,249.0,247.55,247.75,472405.0
2020-01-09 11:15:00,NSE:HINDPETRO,247.75,248.75,247.55,248.05,280698.0
2020-01-09 12:00:00,NSE:HINDPETRO,248.05,249.25,247.85,248.85,248286.0
2020-01-09 12:45:00,NSE:HINDPETRO,248.85,250.0,248.6,249.9,545639.0
2020-01-09 13:30:00,NSE:HINDPETRO,249.9,249.95,247.6,248.75,629354.0
2020-01-09 14:15:00,NSE:HINDPETRO,248.75,253.35,248.75,253.1,1362560.0
2020-01-09 15:00:00,NSE:HINDPETRO,253.05,254.0,252.0,252.95,1217446.0
2020-01-10 09:00:00,NSE:HINDPETRO,254.5,254.5,250.3,250.75,516528.0
2020-01-10 09:45:00,NSE:HINDPETRO,250.7,253.35,250.65,252.9,585699.0
2020-01-10 10:30:00,NSE:HINDPETRO,252.9,252.95,251.1,251.7,435613.0
2020-01-10 11:15:00,NSE:HINDPETRO,251.75,252.8,251.55,252.45,279882.0
2020-01-10 12:00:00,NSE:HINDPETRO,252.45,255.35,252.45,255.0,593738.0
2020-01-10 12:45:00,NSE:HINDPETRO,255.0,255.5,252.85,254.0,487308.0
2020-01-10 13:30:00,NSE:HINDPETRO,254.05,254.15,252.8,253.15,521226.0
2020-01-10 14:15:00,NSE:HINDPETRO,253.15,255.0,252.15,253.4,1385271.0
2020-01-10 15:00:00,NSE:HINDPETRO,253.4,254.35,252.75,253.35,551556.0
2020-01-13 09:00:00,NSE:HINDPETRO,253.2,255.25,253.1,253.5,370205.0
2020-01-13 09:45:00,NSE:HINDPETRO,253.65,255.5,253.05,255.25,359885.0
2020-01-13 10:30:00,NSE:HINDPETRO,255.25,256.9,254.0,254.2,388219.0
2020-01-13 11:15:00,NSE:HINDPETRO,254.2,254.5,253.2,254.25,297944.0
2020-01-13 12:00:00,NSE:HINDPETRO,254.25,254.95,254.05,254.35,254281.0
2020-01-13 12:45:00,NSE:HINDPETRO,254.35,254.8,253.55,253.9,198354.0
2020-01-13 13:30:00,NSE:HINDPETRO,253.85,254.3,252.75,252.85,269493.0
2020-01-13 14:15:00,NSE:HINDPETRO,252.8,253.4,252.75,253.05,223621.0
2020-01-13 15:00:00,NSE:HINDPETRO,253.1,253.15,251.85,252.35,478128.0
2020-01-14 09:00:00,NSE:HINDPETRO,255.0,257.8,254.0,255.7,882287.0
2020-01-14 09:45:00,NSE:HINDPETRO,255.75,257.0,255.25,256.35,320800.0
2020-01-14 10:30:00,NSE:HINDPETRO,256.3,256.9,255.65,256.25,231700.0
2020-01-14 11:15:00,NSE:HINDPETRO,256.05,256.6,255.65,256.5,188784.0
2020-01-14 12:00:00,NSE:HINDPETRO,256.35,256.75,255.1,255.2,169870.0
2020-01-14 12:45:00,NSE:HINDPETRO,255.3,255.5,254.35,254.5,196604.0
2020-01-14 13:30:00,NSE:HINDPETRO,254.4,255.15,253.6,255.1,176205.0
2020-01-14 14:15:00,NSE:HINDPETRO,255.25,256.1,255.0,255.4,221661.0
2020-01-14 15:00:00,NSE:HINDPETRO,255.4,255.45,254.15,254.5,464418.0
2020-01-15 09:00:00,NSE:HINDPETRO,254.5,256.65,252.6,254.65,503093.0
2020-01-15 09:45:00,NSE:HINDPETRO,254.65,255.4,253.55,254.65,370031.0
2020-01-15 10:30:00,NSE:HINDPETRO,254.75,257.45,254.6,256.55,333899.0
2020-01-15 11:15:00,NSE:HINDPETRO,256.55,256.95,255.5,256.25,155302.0
2020-01-15 12:00:00,NSE:HINDPETRO,256.25,256.25,255.5,256.15,76252.0
2020-01-15 12:45:00,NSE:HINDPETRO,256.1,256.6,255.7,255.9,90620.0
2020-01-15 13:30:00,NSE:HINDPETRO,255.85,256.0,254.9,255.2,129091.0
2020-01-15 14:15:00,NSE:HINDPETRO,255.2,255.95,255.0,255.85,120811.0
2020-01-15 15:00:00,NSE:HINDPETRO,255.85,256.4,255.35,255.95,392632.0
2020-01-16 09:00:00,NSE:HINDPETRO,256.25,257.35,253.3,253.5,352026.0
2020-01-16 09:45:00,NSE:HINDPETRO,253.5,253.8,251.8,251.9,505580.0
2020-01-16 10:30:00,NSE:HINDPETRO,251.35,252.0,249.75,250.85,473424.0
2020-01-16 11:15:00,NSE:HINDPETRO,250.85,251.35,249.65,250.0,556207.0
2020-01-16 12:00:00,NSE:HINDPETRO,250.0,250.2,249.4,250.0,336713.0
2020-01-16 12:45:00,NSE:HINDPETRO,250.1,251.25,250.0,250.6,259560.0
2020-01-16 13:30:00,NSE:HINDPETRO,250.7,251.85,250.4,251.3,325617.0
2020-01-16 14:15:00,NSE:HINDPETRO,251.3,251.9,250.7,251.5,435090.0
2020-01-16 15:00:00,NSE:HINDPETRO,251.55,251.55,249.5,250.2,744120.0
2020-01-17 09:00:00,NSE:HINDPETRO,248.0,248.45,246.85,247.5,500897.0
2020-01-17 09:45:00,NSE:HINDPETRO,247.5,251.35,247.5,250.65,650473.0
2020-01-17 10:30:00,NSE:HINDPETRO,250.65,251.8,250.05,250.7,274432.0
2020-01-17 11:15:00,NSE:HINDPETRO,250.7,251.2,249.0,250.2,333564.0
2020-01-17 12:00:00,NSE:HINDPETRO,250.2,251.4,249.7,251.4,213727.0
2020-01-17 12:45:00,NSE:HINDPETRO,251.4,252.7,250.6,251.8,305918.0
2020-01-17 13:30:00,NSE:HINDPETRO,251.75,251.8,250.35,250.5,197868.0
2020-01-17 14:15:00,NSE:HINDPETRO,250.5,251.95,249.75,250.8,574363.0
2020-01-17 15:00:00,NSE:HINDPETRO,250.75,250.75,248.9,249.65,852356.0
2020-01-20 09:00:00,NSE:HINDPETRO,250.0,251.7,247.05,250.6,588405.0
2020-01-20 09:45:00,NSE:HINDPETRO,250.5,253.4,250.4,253.25,635048.0
2020-01-20 10:30:00,NSE:HINDPETRO,253.3,254.5,252.2,252.3,529382.0
2020-01-20 11:15:00,NSE:HINDPETRO,252.0,252.95,250.7,251.6,460494.0
2020-01-20 12:00:00,NSE:HINDPETRO,251.9,252.4,251.0,251.85,175977.0
2020-01-20 12:45:00,NSE:HINDPETRO,251.9,251.9,250.0,250.5,212469.0
2020-01-20 13:30:00,NSE:HINDPETRO,250.65,250.65,247.8,249.3,330611.0
2020-01-20 14:15:00,NSE:HINDPETRO,249.35,249.5,248.3,248.35,159909.0
2020-01-20 15:00:00,NSE:HINDPETRO,248.4,249.2,248.2,248.75,329222.0
2020-01-21 09:00:00,NSE:HINDPETRO,248.85,250.3,248.85,249.75,271193.0
2020-01-21 09:45:00,NSE:HINDPETRO,249.65,251.5,249.0,249.45,262742.0
2020-01-21 10:30:00,NSE:HINDPETRO,249.4,249.5,248.2,249.0,201520.0
2020-01-21 11:15:00,NSE:HINDPETRO,249.0,250.5,248.0,249.8,257440.0
2020-01-21 12:00:00,NSE:HINDPETRO,249.8,251.45,249.65,251.2,351990.0
2020-01-21 12:45:00,NSE:HINDPETRO,251.25,251.85,250.55,250.75,181367.0
2020-01-21 13:30:00,NSE:HINDPETRO,250.75,251.1,249.8,250.55,180109.0
2020-01-21 14:15:00,NSE:HINDPETRO,250.35,250.5,249.45,250.0,213304.0
2020-01-21 15:00:00,NSE:HINDPETRO,249.9,250.2,248.5,249.45,342440.0
2020-01-22 09:00:00,NSE:HINDPETRO,251.35,251.35,248.6,250.3,494692.0
2020-01-22 09:45:00,NSE:HINDPETRO,250.3,251.3,250.15,250.6,241747.0
2020-01-22 10:30:00,NSE:HINDPETRO,250.55,252.3,250.25,250.7,259247.0
2020-01-22 11:15:00,NSE:HINDPETRO,250.75,251.25,250.4,251.15,114398.0
2020-01-22 12:00:00,NSE:HINDPETRO,251.05,251.1,250.05,250.6,156575.0
2020-01-22 12:45:00,NSE:HINDPETRO,250.5,251.75,250.3,250.95,142021.0
2020-01-22 13:30:00,NSE:HINDPETRO,251.0,251.15,249.2,249.25,199252.0
2020-01-22 14:15:00,NSE:HINDPETRO,249.3,249.3,246.15,246.85,434275.0
2020-01-22 15:00:00,NSE:HINDPETRO,246.85,246.95,243.9,245.15,634829.0
2020-01-23 09:00:00,NSE:HINDPETRO,248.0,249.3,244.3,248.1,686609.0
2020-01-23 09:45:00,NSE:HINDPETRO,248.1,250.3,247.05,250.0,830720.0
2020-01-23 10:30:00,NSE:HINDPETRO,250.25,250.25,248.7,248.7,311652.0
2020-01-23 11:15:00,NSE:HINDPETRO,248.8,249.7,248.2,249.25,311762.0
2020-01-23 12:00:00,NSE:HINDPETRO,249.25,249.9,249.0,249.6,261540.0
2020-01-23 12:45:00,NSE:HINDPETRO,249.65,250.4,249.0,249.1,370229.0
2020-01-23 13:30:00,NSE:HINDPETRO,249.1,251.25,248.4,248.7,567990.0
2020-01-23 14:15:00,NSE:HINDPETRO,248.7,250.2,248.55,249.25,597693.0
2020-01-23 15:00:00,NSE:HINDPETRO,249.25,249.8,245.15,246.8,775174.0
2020-01-24 09:00:00,NSE:HINDPETRO,248.4,249.4,247.25,248.45,765121.0
2020-01-24 09:45:00,NSE:HINDPETRO,248.45,249.0,247.6,248.05,598193.0
2020-01-24 10:30:00,NSE:HINDPETRO,248.05,248.4,247.5,247.9,254721.0
2020-01-24 11:15:00,NSE:HINDPETRO,247.8,248.25,246.55,246.9,425449.0
2020-01-24 12:00:00,NSE:HINDPETRO,246.9,247.05,246.15,246.55,259795.0
2020-01-24 12:45:00,NSE:HINDPETRO,246.6,247.4,246.5,246.8,173806.0
2020-01-24 13:30:00,NSE:HINDPETRO,246.85,247.25,246.5,246.75,120129.0
2020-01-24 14:15:00,NSE:HINDPETRO,246.7,246.8,245.15,245.55,349243.0
2020-01-24 15:00:00,NSE:HINDPETRO,245.55,245.85,244.0,244.8,863841.0
2020-01-27 09:00:00,NSE:HINDPETRO,245.5,246.6,244.25,245.2,650754.0
2020-01-27 09:45:00,NSE:HINDPETRO,245.35,246.3,244.8,246.15,289604.0
2020-01-27 10:30:00,NSE:HINDPETRO,246.1,246.2,244.6,245.5,196179.0
2020-01-27 11:15:00,NSE:HINDPETRO,245.4,245.9,244.9,245.85,211448.0
2020-01-27 12:00:00,NSE:HINDPETRO,245.85,246.55,245.25,246.05,357925.0
2020-01-27 12:45:00,NSE:HINDPETRO,246.0,246.15,245.0,245.15,196335.0
2020-01-27 13:30:00,NSE:HINDPETRO,245.1,245.2,242.5,243.3,455245.0
2020-01-27 14:15:00,NSE:HINDPETRO,243.3,243.5,241.6,242.4,366117.0
2020-01-27 15:00:00,NSE:HINDPETRO,242.25,242.3,240.0,241.0,759653.0
2020-01-28 09:00:00,NSE:HINDPETRO,242.0,244.45,241.2,243.4,606436.0
2020-01-28 09:45:00,NSE:HINDPETRO,243.35,245.2,242.75,242.95,499992.0
2020-01-28 10:30:00,NSE:HINDPETRO,242.95,243.85,242.55,243.6,274345.0
2020-01-28 11:15:00,NSE:HINDPETRO,243.55,244.0,243.15,243.8,164318.0
2020-01-28 12:00:00,NSE:HINDPETRO,243.8,244.45,243.0,243.35,270716.0
2020-01-28 12:45:00,NSE:HINDPETRO,243.4,244.45,243.05,243.8,289799.0
2020-01-28 13:30:00,NSE:HINDPETRO,243.75,244.85,243.2,243.3,374167.0
2020-01-28 14:15:00,NSE:HINDPETRO,243.3,243.45,241.5,242.25,445862.0
2020-01-28 15:00:00,NSE:HINDPETRO,242.15,242.9,241.55,242.35,427351.0
2020-01-29 09:00:00,NSE:HINDPETRO,243.0,245.35,243.0,245.05,523578.0
2020-01-29 09:45:00,NSE:HINDPETRO,245.25,245.9,241.35,244.55,666876.0
2020-01-29 10:30:00,NSE:HINDPETRO,244.45,246.2,244.3,245.65,374213.0
2020-01-29 11:15:00,NSE:HINDPETRO,245.75,246.1,243.9,245.75,358615.0
2020-01-29 12:00:00,NSE:HINDPETRO,245.65,246.45,245.35,246.35,295060.0
2020-01-29 12:45:00,NSE:HINDPETRO,246.25,248.0,246.25,247.55,462302.0
2020-01-29 13:30:00,NSE:HINDPETRO,247.55,248.25,247.0,247.5,373335.0
2020-01-29 14:15:00,NSE:HINDPETRO,247.4,247.85,245.75,245.85,298496.0
2020-01-29 15:00:00,NSE:HINDPETRO,245.8,246.3,245.2,245.7,414815.0
2020-01-30 09:00:00,NSE:HINDPETRO,246.0,246.95,244.15,244.2,380554.0
2020-01-30 09:45:00,NSE:HINDPETRO,244.1,244.4,242.05,242.8,536216.0
2020-01-30 10:30:00,NSE:HINDPETRO,242.8,242.95,240.2,241.1,458652.0
2020-01-30 11:15:00,NSE:HINDPETRO,241.1,242.05,240.65,241.75,254446.0
2020-01-30 12:00:00,NSE:HINDPETRO,241.75,241.8,241.05,241.55,123725.0
2020-01-30 12:45:00,NSE:HINDPETRO,241.65,241.95,239.45,240.65,322422.0
2020-01-30 13:30:00,NSE:HINDPETRO,240.7,240.8,238.2,239.05,435834.0
2020-01-30 14:15:00,NSE:HINDPETRO,239.05,241.7,238.9,240.55,443958.0
2020-01-30 15:00:00,NSE:HINDPETRO,240.65,241.3,239.0,240.1,914062.0
2020-01-31 09:00:00,NSE:HINDPETRO,242.0,242.15,237.15,238.45,534986.0
2020-01-31 09:45:00,NSE:HINDPETRO,238.5,239.3,237.1,238.75,314533.0
2020-01-31 10:30:00,NSE:HINDPETRO,238.75,239.35,237.6,238.0,268422.0
2020-01-31 11:15:00,NSE:HINDPETRO,238.0,238.25,234.8,236.05,727972.0
2020-01-31 12:00:00,NSE:HINDPETRO,236.0,237.9,235.4,237.75,331424.0
2020-01-31 12:45:00,NSE:HINDPETRO,237.85,238.0,236.7,236.9,172646.0
2020-01-31 13:30:00,NSE:HINDPETRO,236.8,237.8,236.55,237.0,151257.0
2020-01-31 14:15:00,NSE:HINDPETRO,236.95,237.05,232.3,232.4,633607.0
2020-01-31 15:00:00,NSE:HINDPETRO,232.5,233.4,231.35,232.45,1455007.0
2020-02-01 09:00:00,NSE:HINDPETRO,231.3,236.5,231.0,235.5,372107.0
2020-02-01 09:45:00,NSE:HINDPETRO,235.55,235.9,233.65,234.35,195727.0
2020-02-01 10:30:00,NSE:HINDPETRO,234.4,235.7,234.3,235.3,198007.0
2020-02-01 11:15:00,NSE:HINDPETRO,235.2,236.85,234.2,235.8,229872.0
2020-02-01 12:00:00,NSE:HINDPETRO,235.8,236.4,234.0,234.6,113895.0
2020-02-01 12:45:00,NSE:HINDPETRO,234.7,234.8,226.55,226.55,823872.0
2020-02-01 13:30:00,NSE:HINDPETRO,225.7,230.7,225.2,230.15,502390.0
2020-02-01 14:15:00,NSE:HINDPETRO,230.1,230.25,227.4,228.0,165091.0
2020-02-01 15:00:00,NSE:HINDPETRO,227.85,227.9,221.8,224.7,646583.0
2020-02-03 09:00:00,NSE:HINDPETRO,225.0,229.5,221.95,226.2,650543.0
2020-02-03 09:45:00,NSE:HINDPETRO,226.0,230.5,224.8,228.9,617636.0
2020-02-03 10:30:00,NSE:HINDPETRO,228.8,230.25,226.95,228.65,360408.0
2020-02-03 11:15:00,NSE:HINDPETRO,228.5,228.5,224.4,225.05,414600.0
2020-02-03 12:00:00,NSE:HINDPETRO,225.05,226.0,222.65,223.5,385184.0
2020-02-03 12:45:00,NSE:HINDPETRO,223.5,224.2,221.6,223.85,566822.0
2020-02-03 13:30:00,NSE:HINDPETRO,223.85,224.75,223.15,224.5,366055.0
2020-02-03 14:15:00,NSE:HINDPETRO,224.4,225.0,223.25,224.65,407626.0
2020-02-03 15:00:00,NSE:HINDPETRO,224.65,224.7,222.7,223.4,545381.0
2020-02-04 09:00:00,NSE:HINDPETRO,226.3,229.85,226.3,227.05,877256.0
2020-02-04 09:45:00,NSE:HINDPETRO,227.1,228.3,226.1,227.95,459752.0
2020-02-04 10:30:00,NSE:HINDPETRO,227.95,230.35,227.5,228.7,581818.0
2020-02-04 11:15:00,NSE:HINDPETRO,228.75,229.3,227.7,228.0,236930.0
2020-02-04 12:00:00,NSE:HINDPETRO,228.0,230.0,227.1,229.8,557401.0
2020-02-04 12:45:00,NSE:HINDPETRO,229.75,233.5,229.7,232.6,750334.0
2020-02-04 13:30:00,NSE:HINDPETRO,232.55,233.65,230.75,231.45,478800.0
2020-02-04 14:15:00,NSE:HINDPETRO,231.35,232.0,230.2,230.3,395250.0
2020-02-04 15:00:00,NSE:HINDPETRO,230.4,233.0,230.35,231.7,674516.0
2020-02-05 09:00:00,NSE:HINDPETRO,233.1,237.75,232.5,236.7,772143.0
2020-02-05 09:45:00,NSE:HINDPETRO,236.55,238.0,233.65,236.55,826787.0
2020-02-05 10:30:00,NSE:HINDPETRO,236.55,239.15,235.7,236.15,733632.0
2020-02-05 11:15:00,NSE:HINDPETRO,236.15,238.0,235.7,236.7,391169.0
2020-02-05 12:00:00,NSE:HINDPETRO,236.7,238.05,235.6,237.3,396578.0
2020-02-05 12:45:00,NSE:HINDPETRO,237.3,238.7,236.6,237.0,289367.0
2020-02-05 13:30:00,NSE:HINDPETRO,236.9,237.8,236.3,237.35,292751.0
2020-02-05 14:15:00,NSE:HINDPETRO,237.35,238.2,235.5,236.8,615732.0
2020-02-05 15:00:00,NSE:HINDPETRO,237.0,237.55,236.25,236.95,665336.0
2020-02-06 09:00:00,NSE:HINDPETRO,234.05,240.65,233.0,236.9,1481975.0
2020-02-06 09:45:00,NSE:HINDPETRO,237.05,237.6,235.9,236.55,668274.0
2020-02-06 10:30:00,NSE:HINDPETRO,236.5,236.8,234.3,235.65,597605.0
2020-02-06 11:15:00,NSE:HINDPETRO,235.45,237.85,235.15,237.0,439601.0
2020-02-06 12:00:00,NSE:HINDPETRO,237.0,237.25,236.0,237.15,235538.0
2020-02-06 12:45:00,NSE:HINDPETRO,237.1,237.45,235.5,237.45,326314.0
2020-02-06 13:30:00,NSE:HINDPETRO,237.4,239.55,236.5,239.55,502411.0
2020-02-06 14:15:00,NSE:HINDPETRO,239.55,243.6,239.0,243.55,1090089.0
2020-02-06 15:00:00,NSE:HINDPETRO,243.55,245.0,241.95,243.4,1243527.0
2020-02-07 09:00:00,NSE:HINDPETRO,242.0,242.5,237.25,238.25,642306.0
2020-02-07 09:45:00,NSE:HINDPETRO,238.25,238.95,236.6,238.6,530845.0
2020-02-07 10:30:00,NSE:HINDPETRO,238.55,239.4,237.85,239.15,294373.0
2020-02-07 11:15:00,NSE:HINDPETRO,239.15,239.2,237.75,239.1,329400.0
2020-02-07 12:00:00,NSE:HINDPETRO,239.1,240.65,238.8,239.7,572672.0
2020-02-07 12:45:00,NSE:HINDPETRO,239.75,240.25,238.85,240.0,298023.0
2020-02-07 13:30:00,NSE:HINDPETRO,240.0,243.4,239.5,242.5,443761.0
2020-02-07 14:15:00,NSE:HINDPETRO,242.5,243.0,240.75,241.8,389538.0
2020-02-07 15:00:00,NSE:HINDPETRO,241.7,241.9,239.4,241.05,469732.0
2020-02-10 09:00:00,NSE:HINDPETRO,241.0,243.35,239.4,242.3,578242.0
2020-02-10 09:45:00,NSE:HINDPETRO,242.35,244.05,241.5,242.5,484666.0
2020-02-10 10:30:00,NSE:HINDPETRO,242.5,243.15,241.05,241.85,460377.0
2020-02-10 11:15:00,NSE:HINDPETRO,241.9,241.95,240.4,241.4,207343.0
2020-02-10 12:00:00,NSE:HINDPETRO,241.4,242.85,241.2,241.8,226483.0
2020-02-10 12:45:00,NSE:HINDPETRO,241.8,242.0,240.9,240.9,193942.0
2020-02-10 13:30:00,NSE:HINDPETRO,240.85,241.4,240.05,240.5,257106.0
2020-02-10 14:15:00,NSE:HINDPETRO,240.5,241.15,238.45,238.95,381475.0
2020-02-10 15:00:00,NSE:HINDPETRO,239.0,239.8,237.8,238.85,588725.0
2020-02-11 09:00:00,NSE:HINDPETRO,241.2,242.1,239.75,240.0,422957.0
2020-02-11 09:45:00,NSE:HINDPETRO,240.0,242.45,239.8,241.9,401995.0
2020-02-11 10:30:00,NSE:HINDPETRO,241.85,243.45,240.9,243.0,464396.0
2020-02-11 11:15:00,NSE:HINDPETRO,243.0,243.05,240.6,241.25,268002.0
2020-02-11 12:00:00,NSE:HINDPETRO,241.25,242.05,241.1,241.4,159854.0
2020-02-11 12:45:00,NSE:HINDPETRO,241.35,241.5,240.7,240.8,183054.0
2020-02-11 13:30:00,NSE:HINDPETRO,240.8,241.85,240.5,241.1,136875.0
2020-02-11 14:15:00,NSE:HINDPETRO,241.1,241.5,240.0,240.35,221900.0
2020-02-11 15:00:00,NSE:HINDPETRO,240.35,240.95,239.55,240.0,368919.0
2020-02-12 09:00:00,NSE:HINDPETRO,240.6,242.1,240.0,240.2,221024.0
2020-02-12 09:45:00,NSE:HINDPETRO,240.2,240.45,237.6,238.0,269093.0
2020-02-12 10:30:00,NSE:HINDPETRO,237.95,238.5,236.5,236.9,190693.0
2020-02-12 11:15:00,NSE:HINDPETRO,236.85,237.0,235.0,235.5,250345.0
2020-02-12 12:00:00,NSE:HINDPETRO,235.35,236.55,234.85,235.1,180060.0
2020-02-12 12:45:00,NSE:HINDPETRO,235.15,235.95,234.15,234.65,201783.0
2020-02-12 13:30:00,NSE:HINDPETRO,234.9,235.1,233.85,234.2,272820.0
2020-02-12 14:15:00,NSE:HINDPETRO,234.05,234.35,233.6,233.9,263021.0
2020-02-12 15:00:00,NSE:HINDPETRO,233.9,234.25,232.85,233.55,581741.0
2020-02-13 09:00:00,NSE:HINDPETRO,233.7,236.2,233.7,234.1,276599.0
2020-02-13 09:45:00,NSE:HINDPETRO,234.1,234.2,232.3,233.75,248626.0
2020-02-13 10:30:00,NSE:HINDPETRO,233.75,234.95,233.05,234.6,130625.0
2020-02-13 11:15:00,NSE:HINDPETRO,234.75,234.8,233.4,233.6,115966.0
2020-02-13 12:00:00,NSE:HINDPETRO,233.6,234.65,233.2,234.15,113165.0
2020-02-13 12:45:00,NSE:HINDPETRO,234.15,235.5,234.15,234.45,122175.0
2020-02-13 13:30:00,NSE:HINDPETRO,234.45,234.8,234.1,234.6,43607.0
2020-02-13 14:15:00,NSE:HINDPETRO,234.6,235.0,234.1,234.1,115461.0
2020-02-13 15:00:00,NSE:HINDPETRO,234.1,235.45,234.1,235.05,511943.0
2020-02-14 09:00:00,NSE:HINDPETRO,235.4,237.7,234.9,236.0,206480.0
2020-02-14 09:45:00,NSE:HINDPETRO,235.95,237.5,235.1,236.7,196758.0
2020-02-14 10:30:00,NSE:HINDPETRO,236.75,237.3,235.35,235.95,485727.0
2020-02-14 11:15:00,NSE:HINDPETRO,235.95,236.9,235.6,236.85,139683.0
2020-02-14 12:00:00,NSE:HINDPETRO,236.85,238.25,236.8,237.85,279598.0
2020-02-14 12:45:00,NSE:HINDPETRO,237.9,238.35,237.5,237.7,174869.0
2020-02-14 13:30:00,NSE:HINDPETRO,237.7,238.25,237.3,237.5,223198.0
2020-02-14 14:15:00,NSE:HINDPETRO,237.45,237.8,234.65,235.65,381948.0
2020-02-14 15:00:00,NSE:HINDPETRO,235.7,235.9,233.15,233.85,239830.0
2020-02-17 09:00:00,NSE:HINDPETRO,234.0,234.7,230.0,230.6,266499.0
2020-02-17 09:45:00,NSE:HINDPETRO,230.6,231.55,230.2,230.85,155434.0
2020-02-17 10:30:00,NSE:HINDPETRO,230.7,232.55,230.7,231.2,141109.0
2020-02-17 11:15:00,NSE:HINDPETRO,231.2,231.4,230.75,231.1,67211.0
2020-02-17 12:00:00,NSE:HINDPETRO,230.9,231.4,229.15,230.1,142521.0
2020-02-17 12:45:00,NSE:HINDPETRO,230.1,230.5,229.55,230.35,119259.0
2020-02-17 13:30:00,NSE:HINDPETRO,230.3,230.95,230.0,230.85,74363.0
2020-02-17 14:15:00,NSE:HINDPETRO,230.85,230.95,230.1,230.65,87651.0
2020-02-17 15:00:00,NSE:HINDPETRO,230.7,230.8,229.45,230.0,227202.0
2020-02-18 09:00:00,NSE:HINDPETRO,228.7,230.2,225.1,225.2,409970.0
2020-02-18 09:45:00,NSE:HINDPETRO,225.2,225.7,224.0,224.1,584144.0
2020-02-18 10:30:00,NSE:HINDPETRO,224.0,224.4,222.75,222.85,310410.0
2020-02-18 11:15:00,NSE:HINDPETRO,222.8,225.75,222.25,223.95,376897.0
2020-02-18 12:00:00,NSE:HINDPETRO,224.0,224.8,222.9,224.4,523851.0
2020-02-18 12:45:00,NSE:HINDPETRO,224.6,226.25,223.0,223.2,958505.0
2020-02-18 13:30:00,NSE:HINDPETRO,223.2,224.8,222.7,224.15,458776.0
2020-02-18 14:15:00,NSE:HINDPETRO,223.9,225.3,223.6,224.85,566364.0
2020-02-18 15:00:00,NSE:HINDPETRO,224.7,225.5,224.3,224.95,1183729.0
2020-02-19 09:00:00,NSE:HINDPETRO,226.0,227.0,225.2,225.4,364896.0
2020-02-19 09:45:00,NSE:HINDPETRO,225.45,225.5,224.15,224.3,230179.0
2020-02-19 10:30:00,NSE:HINDPETRO,224.25,224.5,223.5,224.15,195365.0
2020-02-19 11:15:00,NSE:HINDPETRO,224.15,224.55,223.75,224.4,144452.0
2020-02-19 12:00:00,NSE:HINDPETRO,224.4,226.0,224.05,225.5,404905.0
2020-02-19 12:45:00,NSE:HINDPETRO,225.45,225.55,225.0,225.3,181045.0
2020-02-19 13:30:00,NSE:HINDPETRO,225.35,225.5,224.5,225.45,653120.0
2020-02-19 14:15:00,NSE:HINDPETRO,225.45,226.45,225.15,226.05,165327.0
2020-02-19 15:00:00,NSE:HINDPETRO,226.1,226.7,226.0,226.45,451215.0
2020-02-20 09:00:00,NSE:HINDPETRO,224.5,225.5,222.25,224.0,767774.0
2020-02-20 09:45:00,NSE:HINDPETRO,224.0,224.95,223.85,224.35,438757.0
2020-02-20 10:30:00,NSE:HINDPETRO,224.4,227.15,224.0,225.6,452874.0
2020-02-20 11:15:00,NSE:HINDPETRO,225.65,228.0,225.65,227.25,449540.0
2020-02-20 12:00:00,NSE:HINDPETRO,227.2,227.45,226.2,226.2,637021.0
2020-02-20 12:45:00,NSE:HINDPETRO,226.2,226.25,225.2,225.5,328048.0
2020-02-20 13:30:00,NSE:HINDPETRO,225.5,225.6,223.55,223.65,351898.0
2020-02-20 14:15:00,NSE:HINDPETRO,223.65,224.45,223.1,223.25,371497.0
2020-02-20 15:00:00,NSE:HINDPETRO,223.3,223.3,222.0,222.4,1108526.0
2020-02-24 09:00:00,NSE:HINDPETRO,222.2,222.6,219.5,221.0,455398.0
2020-02-24 09:45:00,NSE:HINDPETRO,220.95,220.95,218.6,219.0,535333.0
2020-02-24 10:30:00,NSE:HINDPETRO,219.0,221.0,218.8,219.7,596117.0
2020-02-24 11:15:00,NSE:HINDPETRO,219.7,220.75,219.65,220.4,430034.0
2020-02-24 12:00:00,NSE:HINDPETRO,220.35,220.5,219.65,219.7,149610.0
2020-02-24 12:45:00,NSE:HINDPETRO,219.7,220.65,219.15,219.45,326972.0
2020-02-24 13:30:00,NSE:HINDPETRO,219.5,220.0,219.05,219.1,177712.0
2020-02-24 14:15:00,NSE:HINDPETRO,219.1,219.3,217.25,217.25,406870.0
2020-02-24 15:00:00,NSE:HINDPETRO,217.35,218.2,213.9,216.2,851442.0
2020-02-25 09:00:00,NSE:HINDPETRO,217.0,218.35,215.2,216.3,446170.0
2020-02-25 09:45:00,NSE:HINDPETRO,216.35,216.85,214.5,215.7,428704.0
2020-02-25 10:30:00,NSE:HINDPETRO,215.75,216.0,214.5,215.0,237427.0
2020-02-25 11:15:00,NSE:HINDPETRO,215.0,215.0,213.8,213.9,229481.0
2020-02-25 12:00:00,NSE:HINDPETRO,213.9,214.0,213.0,213.05,220567.0
2020-02-25 12:45:00,NSE:HINDPETRO,213.05,213.3,207.8,210.4,785213.0
2020-02-25 13:30:00,NSE:HINDPETRO,210.45,211.35,210.0,210.65,281522.0
2020-02-25 14:15:00,NSE:HINDPETRO,210.75,211.45,210.4,211.25,360132.0
2020-02-25 15:00:00,NSE:HINDPETRO,211.3,211.5,210.65,211.05,633102.0
2020-02-26 09:00:00,NSE:HINDPETRO,211.0,211.3,208.7,209.55,692552.0
2020-02-26 09:45:00,NSE:HINDPETRO,209.5,210.2,208.7,209.5,360509.0
2020-02-26 10:30:00,NSE:HINDPETRO,209.4,209.5,207.15,207.95,315902.0
2020-02-26 11:15:00,NSE:HINDPETRO,208.0,209.05,207.7,208.4,437702.0
2020-02-26 12:00:00,NSE:HINDPETRO,208.4,210.55,207.95,208.65,749469.0
2020-02-26 12:45:00,NSE:HINDPETRO,208.65,210.05,207.65,210.05,453818.0
2020-02-26 13:30:00,NSE:HINDPETRO,210.0,210.3,208.65,208.7,527248.0
2020-02-26 14:15:00,NSE:HINDPETRO,208.7,209.65,208.0,209.25,859617.0
2020-02-26 15:00:00,NSE:HINDPETRO,209.25,209.4,208.2,208.85,667003.0
2020-02-27 09:00:00,NSE:HINDPETRO,209.0,211.05,209.0,209.8,912469.0
2020-02-27 09:45:00,NSE:HINDPETRO,209.8,211.7,207.7,208.0,588206.0
2020-02-27 10:30:00,NSE:HINDPETRO,207.95,208.8,207.15,207.8,400020.0
2020-02-27 11:15:00,NSE:HINDPETRO,207.8,208.85,207.3,207.55,185991.0
2020-02-27 12:00:00,NSE:HINDPETRO,207.5,207.55,205.3,205.5,407787.0
2020-02-27 12:45:00,NSE:HINDPETRO,205.45,207.5,205.1,206.85,501062.0
2020-02-27 13:30:00,NSE:HINDPETRO,206.85,207.4,205.0,205.25,467479.0
2020-02-27 14:15:00,NSE:HINDPETRO,205.1,205.3,204.45,204.6,644475.0
2020-02-27 15:00:00,NSE:HINDPETRO,204.5,206.4,203.15,204.4,961713.0
2020-02-28 09:00:00,NSE:HINDPETRO,202.95,203.0,198.6,199.35,674028.0
2020-02-28 09:45:00,NSE:HINDPETRO,199.25,199.35,194.5,195.85,1142099.0
2020-02-28 10:30:00,NSE:HINDPETRO,195.9,198.15,195.55,196.05,632405.0
2020-02-28 11:15:00,NSE:HINDPETRO,196.15,200.2,196.0,197.0,728107.0
2020-02-28 12:00:00,NSE:HINDPETRO,197.0,197.1,195.0,195.5,606983.0
2020-02-28 12:45:00,NSE:HINDPETRO,195.7,198.65,195.5,197.25,456866.0
2020-02-28 13:30:00,NSE:HINDPETRO,197.25,199.35,197.0,198.9,493270.0
2020-02-28 14:15:00,NSE:HINDPETRO,198.85,200.55,198.7,199.05,830300.0
2020-02-28 15:00:00,NSE:HINDPETRO,199.05,199.1,196.5,197.55,1257790.0
2020-03-02 09:00:00,NSE:HINDPETRO,200.7,204.25,198.85,201.4,601711.0
2020-03-02 09:45:00,NSE:HINDPETRO,201.35,202.9,199.75,202.05,651820.0
2020-03-02 10:30:00,NSE:HINDPETRO,201.95,202.25,199.8,200.7,330565.0
2020-03-02 11:15:00,NSE:HINDPETRO,200.8,201.75,199.9,201.3,201562.0
2020-03-02 12:00:00,NSE:HINDPETRO,201.2,201.7,200.25,201.0,193910.0
2020-03-02 12:45:00,NSE:HINDPETRO,201.1,202.2,200.55,201.85,213684.0
2020-03-02 13:30:00,NSE:HINDPETRO,201.7,202.75,201.25,201.55,255201.0
2020-03-02 14:15:00,NSE:HINDPETRO,201.5,201.75,197.15,197.95,457149.0
2020-03-02 15:00:00,NSE:HINDPETRO,197.8,197.8,193.05,194.95,730046.0
2020-03-03 09:00:00,NSE:HINDPETRO,196.05,200.25,196.0,199.35,483981.0
2020-03-03 09:45:00,NSE:HINDPETRO,199.2,200.8,198.25,199.2,522049.0
2020-03-03 10:30:00,NSE:HINDPETRO,199.2,200.0,198.2,199.9,337280.0
2020-03-03 11:15:00,NSE:HINDPETRO,199.9,200.2,198.9,199.95,263134.0
2020-03-03 12:00:00,NSE:HINDPETRO,200.1,204.0,199.95,203.9,720296.0
2020-03-03 12:45:00,NSE:HINDPETRO,203.9,207.55,203.0,206.1,1182680.0
2020-03-03 13:30:00,NSE:HINDPETRO,206.1,207.85,205.45,206.9,928970.0
2020-03-03 14:15:00,NSE:HINDPETRO,206.95,207.65,205.15,205.5,790011.0
2020-03-03 15:00:00,NSE:HINDPETRO,205.65,207.3,203.75,205.55,965542.0
2020-03-04 09:00:00,NSE:HINDPETRO,207.0,207.35,203.85,206.4,712848.0
2020-03-04 09:45:00,NSE:HINDPETRO,206.65,207.9,206.05,207.3,678822.0
2020-03-04 10:30:00,NSE:HINDPETRO,207.35,207.85,206.3,206.9,277792.0
2020-03-04 11:15:00,NSE:HINDPETRO,207.0,207.6,205.2,205.25,262014.0
2020-03-04 12:00:00,NSE:HINDPETRO,205.15,206.1,204.5,204.85,224151.0
2020-03-04 12:45:00,NSE:HINDPETRO,204.65,205.0,202.5,203.3,562859.0
2020-03-04 13:30:00,NSE:HINDPETRO,203.3,203.65,201.25,202.85,485907.0
2020-03-04 14:15:00,NSE:HINDPETRO,202.85,205.0,202.35,204.45,365715.0
2020-03-04 15:00:00,NSE:HINDPETRO,204.45,207.3,204.45,206.1,563542.0
2020-03-05 09:00:00,NSE:HINDPETRO,206.95,208.25,204.5,204.5,298788.0
2020-03-05 09:45:00,NSE:HINDPETRO,204.5,207.35,203.95,207.35,566897.0
2020-03-05 10:30:00,NSE:HINDPETRO,207.5,209.6,205.7,209.1,474911.0
2020-03-05 11:15:00,NSE:HINDPETRO,209.05,209.9,207.8,209.35,314705.0
2020-03-05 12:00:00,NSE:HINDPETRO,209.35,210.8,208.3,208.95,455015.0
2020-03-05 12:45:00,NSE:HINDPETRO,209.05,209.1,207.6,207.85,219672.0
2020-03-05 13:30:00,NSE:HINDPETRO,208.1,208.55,205.5,206.5,501790.0
2020-03-05 14:15:00,NSE:HINDPETRO,206.5,207.35,203.35,203.95,783236.0
2020-03-05 15:00:00,NSE:HINDPETRO,204.0,204.2,203.1,203.7,833771.0
2020-03-06 09:00:00,NSE:HINDPETRO,198.0,198.5,191.1,197.05,1721568.0
2020-03-06 09:45:00,NSE:HINDPETRO,196.85,199.25,195.5,197.95,1328486.0
2020-03-06 10:30:00,NSE:HINDPETRO,197.95,199.55,197.45,199.0,553671.0
2020-03-06 11:15:00,NSE:HINDPETRO,198.85,200.3,198.45,199.0,569444.0
2020-03-06 12:00:00,NSE:HINDPETRO,199.0,199.9,198.85,199.1,261339.0
2020-03-06 12:45:00,NSE:HINDPETRO,199.1,200.5,198.85,200.05,508544.0
2020-03-06 13:30:00,NSE:HINDPETRO,200.1,201.0,199.6,200.1,961638.0
2020-03-06 14:15:00,NSE:HINDPETRO,200.1,204.1,200.0,201.7,910002.0
2020-03-06 15:00:00,NSE:HINDPETRO,201.6,202.85,199.5,201.15,1004937.0
2020-03-09 09:00:00,NSE:HINDPETRO,206.15,219.95,204.6,217.35,3794000.0
2020-03-09 09:45:00,NSE:HINDPETRO,217.25,226.85,214.55,225.05,6089672.0
2020-03-09 10:30:00,NSE:HINDPETRO,225.1,225.1,213.7,214.8,2798599.0
2020-03-09 11:15:00,NSE:HINDPETRO,214.75,214.85,209.3,213.9,1978352.0
2020-03-09 12:00:00,NSE:HINDPETRO,213.9,217.1,212.7,216.3,1775504.0
2020-03-09 12:45:00,NSE:HINDPETRO,216.3,216.3,210.8,211.65,1438025.0
2020-03-09 13:30:00,NSE:HINDPETRO,211.65,215.55,207.75,215.0,2346006.0
2020-03-09 14:15:00,NSE:HINDPETRO,215.0,219.0,213.65,217.85,2384326.0
2020-03-09 15:00:00,NSE:HINDPETRO,217.7,218.8,208.8,212.6,2093557.0
2020-03-11 09:00:00,NSE:HINDPETRO,208.0,209.9,204.25,205.85,1087933.0
2020-03-11 09:45:00,NSE:HINDPETRO,205.75,207.15,203.7,204.65,863813.0
2020-03-11 10:30:00,NSE:HINDPETRO,204.65,207.1,203.8,205.15,686855.0
2020-03-11 11:15:00,NSE:HINDPETRO,205.15,207.5,204.25,207.3,630803.0
2020-03-11 12:00:00,NSE:HINDPETRO,207.4,208.45,205.45,207.75,607129.0
2020-03-11 12:45:00,NSE:HINDPETRO,207.7,211.8,207.4,210.0,1322627.0
2020-03-11 13:30:00,NSE:HINDPETRO,210.05,210.2,207.6,209.7,1263063.0
2020-03-11 14:15:00,NSE:HINDPETRO,209.95,214.45,209.25,212.85,823938.0
2020-03-11 15:00:00,NSE:HINDPETRO,212.85,212.85,210.0,211.05,1098294.0
2020-03-12 09:00:00,NSE:HINDPETRO,204.65,204.65,196.1,196.6,1381960.0
2020-03-12 09:45:00,NSE:HINDPETRO,196.6,196.6,182.3,189.05,1858191.0
2020-03-12 10:30:00,NSE:HINDPETRO,189.05,189.65,180.3,184.35,1516331.0
2020-03-12 11:15:00,NSE:HINDPETRO,184.6,186.05,180.7,182.3,864896.0
2020-03-12 12:00:00,NSE:HINDPETRO,182.4,186.4,182.25,186.3,566730.0
2020-03-12 12:45:00,NSE:HINDPETRO,186.3,187.3,182.55,186.0,650665.0
2020-03-12 13:30:00,NSE:HINDPETRO,186.0,192.3,185.7,186.4,1563474.0
2020-03-12 14:15:00,NSE:HINDPETRO,186.4,190.1,186.25,187.8,1604666.0
2020-03-12 15:00:00,NSE:HINDPETRO,188.05,188.05,181.0,184.2,1866690.0
2020-03-13 09:00:00,NSE:HINDPETRO,179.4,179.4,150.0,159.7,413449.0
2020-03-13 09:45:00,NSE:HINDPETRO,151.0,183.85,151.0,180.9,1356739.0
2020-03-13 10:30:00,NSE:HINDPETRO,180.95,200.0,174.5,198.1,3480445.0
2020-03-13 11:15:00,NSE:HINDPETRO,198.25,198.25,179.5,186.0,1546860.0
2020-03-13 12:00:00,NSE:HINDPETRO,185.95,197.8,183.75,193.9,994508.0
2020-03-13 12:45:00,NSE:HINDPETRO,193.9,201.9,193.1,195.2,1305088.0
2020-03-13 13:30:00,NSE:HINDPETRO,195.4,199.0,193.5,195.2,387701.0
2020-03-13 14:15:00,NSE:HINDPETRO,195.4,196.5,191.1,195.05,703893.0
2020-03-13 15:00:00,NSE:HINDPETRO,195.1,199.2,194.35,197.6,832493.0
2020-03-16 09:00:00,NSE:HINDPETRO,191.85,194.0,184.0,193.3,1476695.0
2020-03-16 09:45:00,NSE:HINDPETRO,193.25,201.0,192.35,201.0,1166843.0
2020-03-16 10:30:00,NSE:HINDPETRO,201.0,214.9,200.7,213.3,3641836.0
2020-03-16 11:15:00,NSE:HINDPETRO,213.45,215.5,212.5,214.65,1740767.0
2020-03-16 12:00:00,NSE:HINDPETRO,214.65,215.4,208.2,211.7,1921769.0
2020-03-16 12:45:00,NSE:HINDPETRO,212.0,212.5,207.45,208.9,1038725.0
2020-03-16 13:30:00,NSE:HINDPETRO,208.95,209.85,204.9,205.0,1009471.0
2020-03-16 14:15:00,NSE:HINDPETRO,205.0,206.85,203.1,203.5,1403866.0
2020-03-16 15:00:00,NSE:HINDPETRO,203.4,206.95,202.5,204.8,1017108.0
2020-03-17 09:00:00,NSE:HINDPETRO,206.0,210.0,200.25,208.2,915720.0
2020-03-17 09:45:00,NSE:HINDPETRO,208.2,218.65,208.05,218.5,1616339.0
2020-03-17 10:30:00,NSE:HINDPETRO,218.55,220.5,217.0,218.15,1595507.0
2020-03-17 11:15:00,NSE:HINDPETRO,218.3,220.9,214.75,220.1,1279403.0
2020-03-17 12:00:00,NSE:HINDPETRO,220.2,220.35,216.75,217.65,950919.0
2020-03-17 12:45:00,NSE:HINDPETRO,217.75,219.9,215.95,219.6,1021422.0
2020-03-17 13:30:00,NSE:HINDPETRO,219.5,221.9,218.7,220.55,1389900.0
2020-03-17 14:15:00,NSE:HINDPETRO,220.6,221.6,217.9,218.6,1270970.0
2020-03-17 15:00:00,NSE:HINDPETRO,218.7,218.9,215.45,217.05,1860675.0
2020-03-18 09:00:00,NSE:HINDPETRO,219.0,222.15,214.25,216.75,800899.0
2020-03-18 09:45:00,NSE:HINDPETRO,216.75,217.85,212.65,216.15,974215.0
2020-03-18 10:30:00,NSE:HINDPETRO,216.3,216.4,209.65,210.75,487485.0
2020-03-18 11:15:00,NSE:HINDPETRO,211.0,213.45,208.9,209.5,404915.0
2020-03-18 12:00:00,NSE:HINDPETRO,209.35,209.85,203.8,205.35,671747.0
2020-03-18 12:45:00,NSE:HINDPETRO,205.2,208.15,202.7,204.55,436198.0
2020-03-18 13:30:00,NSE:HINDPETRO,204.65,206.4,202.5,203.15,299835.0
2020-03-18 14:15:00,NSE:HINDPETRO,203.2,206.5,203.0,203.25,411457.0
2020-03-18 15:00:00,NSE:HINDPETRO,203.2,209.8,202.0,205.3,811864.0
2020-03-19 09:00:00,NSE:HINDPETRO,193.1,198.0,180.0,188.15,2031808.0
2020-03-19 09:45:00,NSE:HINDPETRO,188.4,194.1,186.2,186.7,1206814.0
2020-03-19 10:30:00,NSE:HINDPETRO,186.85,200.7,186.0,200.7,906339.0
2020-03-19 11:15:00,NSE:HINDPETRO,200.6,202.5,191.8,197.85,1200962.0
2020-03-19 12:00:00,NSE:HINDPETRO,197.85,198.85,191.9,193.3,801445.0
2020-03-19 12:45:00,NSE:HINDPETRO,193.15,198.9,192.7,195.15,521436.0
2020-03-19 13:30:00,NSE:HINDPETRO,195.15,201.1,193.75,200.5,574483.0
2020-03-19 14:15:00,NSE:HINDPETRO,200.65,200.85,193.1,193.25,646878.0
2020-03-19 15:00:00,NSE:HINDPETRO,193.05,193.2,188.05,190.1,1098311.0
2020-03-20 09:00:00,NSE:HINDPETRO,195.4,196.5,189.6,192.45,927785.0
2020-03-20 09:45:00,NSE:HINDPETRO,192.4,194.3,190.75,192.7,323596.0
2020-03-20 10:30:00,NSE:HINDPETRO,192.6,194.35,191.75,191.95,461706.0
2020-03-20 11:15:00,NSE:HINDPETRO,192.05,197.4,192.05,197.25,516090.0
2020-03-20 12:00:00,NSE:HINDPETRO,197.2,200.7,196.6,199.65,594872.0
2020-03-20 12:45:00,NSE:HINDPETRO,199.7,205.6,199.55,205.4,636227.0
2020-03-20 13:30:00,NSE:HINDPETRO,205.35,206.35,197.1,200.3,790392.0
2020-03-20 14:15:00,NSE:HINDPETRO,200.45,207.75,198.65,205.55,801490.0
2020-03-20 15:00:00,NSE:HINDPETRO,205.4,212.45,204.75,208.5,2813954.0
2020-03-23 09:00:00,NSE:HINDPETRO,195.7,197.9,188.0,193.35,881333.0
2020-03-23 09:45:00,NSE:HINDPETRO,193.3,197.1,193.2,196.3,189325.0
2020-03-23 10:30:00,NSE:HINDPETRO,196.1,197.0,188.5,195.25,1297827.0
2020-03-23 11:15:00,NSE:HINDPETRO,195.15,195.7,189.1,190.6,549825.0
2020-03-23 12:00:00,NSE:HINDPETRO,190.4,191.35,188.15,190.6,668132.0
2020-03-23 12:45:00,NSE:HINDPETRO,190.5,190.95,187.65,187.65,815206.0
2020-03-23 13:30:00,NSE:HINDPETRO,187.65,188.2,177.6,181.0,824320.0
2020-03-23 14:15:00,NSE:HINDPETRO,181.0,188.4,180.15,185.85,914531.0
2020-03-23 15:00:00,NSE:HINDPETRO,185.65,185.9,182.0,183.8,546891.0
2020-03-24 09:00:00,NSE:HINDPETRO,190.75,194.0,180.6,181.1,1015442.0
2020-03-24 09:45:00,NSE:HINDPETRO,181.0,184.8,178.75,183.0,616979.0
2020-03-24 10:30:00,NSE:HINDPETRO,182.7,187.75,181.9,182.9,587335.0
2020-03-24 11:15:00,NSE:HINDPETRO,182.85,186.6,182.1,184.05,381900.0
2020-03-24 12:00:00,NSE:HINDPETRO,183.95,188.65,183.3,188.1,468230.0
2020-03-24 12:45:00,NSE:HINDPETRO,188.05,188.05,184.5,187.4,284591.0
2020-03-24 13:30:00,NSE:HINDPETRO,187.4,188.15,184.6,184.65,410297.0
2020-03-24 14:15:00,NSE:HINDPETRO,184.75,186.85,184.15,184.5,914850.0
2020-03-24 15:00:00,NSE:HINDPETRO,184.75,187.0,182.65,184.55,1231662.0
2020-03-25 09:00:00,NSE:HINDPETRO,180.0,186.0,179.55,181.7,555082.0
2020-03-25 09:45:00,NSE:HINDPETRO,181.7,186.55,180.55,186.1,521373.0
2020-03-25 10:30:00,NSE:HINDPETRO,185.95,186.3,180.6,181.0,531455.0
2020-03-25 11:15:00,NSE:HINDPETRO,181.1,181.95,179.35,179.6,481567.0
2020-03-25 12:00:00,NSE:HINDPETRO,179.5,179.9,175.0,178.6,825056.0
2020-03-25 12:45:00,NSE:HINDPETRO,178.4,184.35,178.0,183.05,1003679.0
2020-03-25 13:30:00,NSE:HINDPETRO,182.8,182.95,178.65,182.2,934754.0
2020-03-25 14:15:00,NSE:HINDPETRO,182.2,182.9,177.5,180.2,896910.0
2020-03-25 15:00:00,NSE:HINDPETRO,180.4,180.4,176.05,177.4,974362.0
2020-03-26 09:00:00,NSE:HINDPETRO,179.0,181.0,176.2,179.65,594077.0
2020-03-26 09:45:00,NSE:HINDPETRO,179.55,183.9,179.4,180.85,756975.0
2020-03-26 10:30:00,NSE:HINDPETRO,180.7,182.3,178.7,179.55,448435.0
2020-03-26 11:15:00,NSE:HINDPETRO,179.8,181.8,178.8,180.15,337186.0
2020-03-26 12:00:00,NSE:HINDPETRO,180.15,182.9,180.15,182.3,365057.0
2020-03-26 12:45:00,NSE:HINDPETRO,182.2,182.3,177.6,178.05,486113.0
2020-03-26 13:30:00,NSE:HINDPETRO,177.95,180.3,177.5,178.7,520983.0
2020-03-26 14:15:00,NSE:HINDPETRO,178.8,181.6,177.6,181.2,564816.0
2020-03-26 15:00:00,NSE:HINDPETRO,181.3,181.3,175.0,177.3,1139392.0
2020-03-27 09:00:00,NSE:HINDPETRO,179.15,183.5,177.6,179.45,1039678.0
2020-03-27 09:45:00,NSE:HINDPETRO,179.5,181.15,173.35,174.1,1294611.0
2020-03-27 10:30:00,NSE:HINDPETRO,174.05,174.55,169.5,171.05,880699.0
2020-03-27 11:15:00,NSE:HINDPETRO,171.05,172.8,169.0,170.5,752924.0
2020-03-27 12:00:00,NSE:HINDPETRO,170.3,171.9,169.4,169.6,461752.0
2020-03-27 12:45:00,NSE:HINDPETRO,169.55,170.1,167.55,168.55,402668.0
2020-03-27 13:30:00,NSE:HINDPETRO,168.5,172.25,168.35,171.8,428839.0
2020-03-27 14:15:00,NSE:HINDPETRO,171.7,172.5,169.0,171.0,749145.0
2020-03-27 15:00:00,NSE:HINDPETRO,171.0,172.0,168.7,170.25,754986.0
2020-03-30 09:00:00,NSE:HINDPETRO,170.1,170.4,164.3,166.35,546793.0
2020-03-30 09:45:00,NSE:HINDPETRO,166.4,168.5,164.7,167.4,431199.0
2020-03-30 10:30:00,NSE:HINDPETRO,167.45,174.0,167.4,170.75,1032920.0
2020-03-30 11:15:00,NSE:HINDPETRO,170.75,173.3,169.5,170.85,402695.0
2020-03-30 12:00:00,NSE:HINDPETRO,171.0,174.4,169.85,172.25,556887.0
2020-03-30 12:45:00,NSE:HINDPETRO,172.25,172.25,169.5,170.3,308299.0
2020-03-30 13:30:00,NSE:HINDPETRO,170.5,172.2,168.25,169.85,334167.0
2020-03-30 14:15:00,NSE:HINDPETRO,169.85,170.25,166.65,167.85,357634.0
2020-03-30 15:00:00,NSE:HINDPETRO,167.95,169.1,166.3,167.9,420506.0
2020-03-31 09:00:00,NSE:HINDPETRO,171.0,172.8,169.95,171.8,443297.0
2020-03-31 09:45:00,NSE:HINDPETRO,171.75,173.8,170.2,173.35,490946.0
2020-03-31 10:30:00,NSE:HINDPETRO,173.35,177.9,172.55,177.75,836562.0
2020-03-31 11:15:00,NSE:HINDPETRO,177.7,184.65,177.7,184.65,1823878.0
2020-03-31 12:00:00,NSE:HINDPETRO,184.65,191.7,183.4,190.2,3560619.0
2020-03-31 12:45:00,NSE:HINDPETRO,190.2,190.75,187.4,190.05,1654183.0
2020-03-31 13:30:00,NSE:HINDPETRO,190.0,190.45,188.5,190.0,1446146.0
2020-03-31 14:15:00,NSE:HINDPETRO,190.0,192.0,188.0,190.05,1034990.0
2020-03-31 15:00:00,NSE:HINDPETRO,190.05,191.3,189.5,190.1,2180806.0
2020-04-01 09:00:00,NSE:HINDPETRO,190.1,195.4,186.25,193.2,1068635.0
2020-04-01 09:45:00,NSE:HINDPETRO,193.1,193.4,186.5,187.0,948565.0
2020-04-01 10:30:00,NSE:HINDPETRO,186.9,187.65,183.6,184.35,689087.0
2020-04-01 11:15:00,NSE:HINDPETRO,184.35,186.1,180.85,184.0,662750.0
2020-04-01 12:00:00,NSE:HINDPETRO,183.85,185.55,182.7,184.55,338870.0
2020-04-01 12:45:00,NSE:HINDPETRO,184.55,184.65,181.4,182.8,278002.0
2020-04-01 13:30:00,NSE:HINDPETRO,182.7,184.6,180.9,184.5,1164078.0
2020-04-01 14:15:00,NSE:HINDPETRO,184.6,186.75,184.35,186.45,756962.0
2020-04-01 15:00:00,NSE:HINDPETRO,186.4,186.4,181.05,184.0,1378800.0
2020-04-03 09:00:00,NSE:HINDPETRO,184.0,184.0,176.0,178.1,673403.0
2020-04-03 09:45:00,NSE:HINDPETRO,178.1,180.85,177.6,178.45,407776.0
2020-04-03 10:30:00,NSE:HINDPETRO,178.5,178.5,175.55,177.1,695044.0
2020-04-03 11:15:00,NSE:HINDPETRO,177.1,177.9,176.5,177.3,191277.0
2020-04-03 12:00:00,NSE:HINDPETRO,177.3,184.75,177.3,184.0,1270252.0
2020-04-03 12:45:00,NSE:HINDPETRO,184.0,188.75,181.6,188.2,1205805.0
2020-04-03 13:30:00,NSE:HINDPETRO,188.2,192.8,187.7,189.85,1941127.0
2020-04-03 14:15:00,NSE:HINDPETRO,189.8,192.25,182.05,185.45,1918473.0
2020-04-03 15:00:00,NSE:HINDPETRO,185.7,185.9,181.25,184.2,1203093.0
2020-04-07 09:00:00,NSE:HINDPETRO,193.0,193.0,185.25,191.45,871848.0
2020-04-07 09:45:00,NSE:HINDPETRO,191.45,196.8,190.1,195.55,1324200.0
2020-04-07 10:30:00,NSE:HINDPETRO,195.55,197.3,194.15,195.0,747672.0
2020-04-07 11:15:00,NSE:HINDPETRO,195.0,196.95,192.6,193.4,864313.0
2020-04-07 12:00:00,NSE:HINDPETRO,193.5,202.25,193.05,201.4,1606821.0
2020-04-07 12:45:00,NSE:HINDPETRO,201.4,203.75,199.75,202.1,1408407.0
2020-04-07 13:30:00,NSE:HINDPETRO,202.0,205.9,201.7,203.9,992561.0
2020-04-07 14:15:00,NSE:HINDPETRO,203.7,204.1,199.35,200.65,1248007.0
2020-04-07 15:00:00,NSE:HINDPETRO,200.65,202.5,198.6,200.1,1226127.0
2020-04-08 09:00:00,NSE:HINDPETRO,199.9,204.0,195.45,203.75,1107137.0
2020-04-08 09:45:00,NSE:HINDPETRO,203.75,204.7,199.8,202.35,838502.0
2020-04-08 10:30:00,NSE:HINDPETRO,202.35,203.25,198.1,201.3,770489.0
2020-04-08 11:15:00,NSE:HINDPETRO,201.2,204.3,197.85,201.45,928224.0
2020-04-08 12:00:00,NSE:HINDPETRO,201.3,202.85,197.9,199.35,400670.0
2020-04-08 12:45:00,NSE:HINDPETRO,199.2,200.85,199.0,200.3,565352.0
2020-04-08 13:30:00,NSE:HINDPETRO,200.35,200.6,196.1,197.2,396317.0
2020-04-08 14:15:00,NSE:HINDPETRO,197.35,199.95,196.85,199.3,375646.0
2020-04-08 15:00:00,NSE:HINDPETRO,199.35,200.9,198.3,199.5,521272.0
2020-04-09 09:00:00,NSE:HINDPETRO,202.0,203.4,197.4,199.8,830240.0
2020-04-09 09:45:00,NSE:HINDPETRO,200.0,202.55,198.0,202.25,1376102.0
2020-04-09 10:30:00,NSE:HINDPETRO,202.5,202.5,199.1,200.75,843405.0
2020-04-09 11:15:00,NSE:HINDPETRO,200.65,209.0,200.1,208.1,1465016.0
2020-04-09 12:00:00,NSE:HINDPETRO,208.05,208.8,206.05,207.4,689042.0
2020-04-09 12:45:00,NSE:HINDPETRO,207.4,211.8,207.25,210.95,1699786.0
2020-04-09 13:30:00,NSE:HINDPETRO,210.95,210.95,205.0,209.15,1103705.0
2020-04-09 14:15:00,NSE:HINDPETRO,209.15,209.65,206.55,209.0,939064.0
2020-04-09 15:00:00,NSE:HINDPETRO,209.15,209.3,206.0,207.85,896178.0
2020-04-13 09:00:00,NSE:HINDPETRO,209.0,211.7,201.9,202.2,834090.0
2020-04-13 09:45:00,NSE:HINDPETRO,202.5,204.85,199.45,204.0,583051.0
2020-04-13 10:30:00,NSE:HINDPETRO,203.85,205.5,202.5,203.25,355173.0
2020-04-13 11:15:00,NSE:HINDPETRO,203.25,205.65,203.0,204.45,247862.0
2020-04-13 12:00:00,NSE:HINDPETRO,204.5,204.5,201.05,202.45,389352.0
2020-04-13 12:45:00,NSE:HINDPETRO,202.6,203.45,201.4,203.0,231962.0
2020-04-13 13:30:00,NSE:HINDPETRO,203.0,204.1,200.1,203.95,1106928.0
2020-04-13 14:15:00,NSE:HINDPETRO,203.85,206.7,203.5,205.05,589813.0
2020-04-13 15:00:00,NSE:HINDPETRO,204.85,209.55,203.2,205.45,596135.0
2020-04-15 09:00:00,NSE:HINDPETRO,209.0,215.55,205.8,213.0,1007467.0
2020-04-15 09:45:00,NSE:HINDPETRO,213.0,215.0,211.35,214.6,733904.0
2020-04-15 10:30:00,NSE:HINDPETRO,214.5,220.0,213.8,217.6,1263911.0
2020-04-15 11:15:00,NSE:HINDPETRO,217.6,218.9,215.7,217.3,375287.0
2020-04-15 12:00:00,NSE:HINDPETRO,217.15,218.75,215.8,216.45,371903.0
2020-04-15 12:45:00,NSE:HINDPETRO,216.35,217.0,215.05,215.25,370405.0
2020-04-15 13:30:00,NSE:HINDPETRO,215.25,215.25,209.7,210.45,752076.0
2020-04-15 14:15:00,NSE:HINDPETRO,210.75,213.5,208.05,212.35,499160.0
2020-04-15 15:00:00,NSE:HINDPETRO,212.4,212.5,206.6,208.45,2111251.0
2020-04-16 09:00:00,NSE:HINDPETRO,210.8,215.3,208.3,212.75,983847.0
2020-04-16 09:45:00,NSE:HINDPETRO,212.7,214.55,211.1,211.95,334881.0
2020-04-16 10:30:00,NSE:HINDPETRO,211.95,213.85,211.35,213.25,266421.0
2020-04-16 11:15:00,NSE:HINDPETRO,213.6,215.0,213.0,213.65,304112.0
2020-04-16 12:00:00,NSE:HINDPETRO,213.55,215.0,213.4,214.05,271821.0
2020-04-16 12:45:00,NSE:HINDPETRO,214.1,216.3,213.2,214.85,328512.0
2020-04-16 13:30:00,NSE:HINDPETRO,214.85,215.8,213.6,214.1,212645.0
2020-04-16 14:15:00,NSE:HINDPETRO,214.25,218.2,213.95,215.05,983127.0
2020-04-16 15:00:00,NSE:HINDPETRO,214.95,216.0,212.9,213.85,1187023.0
2020-04-17 09:00:00,NSE:HINDPETRO,219.9,219.9,214.35,216.45,587107.0
2020-04-17 09:45:00,NSE:HINDPETRO,216.3,216.5,213.45,213.8,395925.0
2020-04-17 10:30:00,NSE:HINDPETRO,213.8,216.7,213.05,216.55,402660.0
2020-04-17 11:15:00,NSE:HINDPETRO,216.5,217.45,215.45,216.2,342747.0
2020-04-17 12:00:00,NSE:HINDPETRO,216.15,217.4,215.25,217.3,319297.0
2020-04-17 12:45:00,NSE:HINDPETRO,217.45,217.75,216.0,216.5,403926.0
2020-04-17 13:30:00,NSE:HINDPETRO,216.2,217.35,216.1,216.6,339663.0
2020-04-17 14:15:00,NSE:HINDPETRO,216.35,219.55,216.3,218.2,597584.0
2020-04-17 15:00:00,NSE:HINDPETRO,218.0,218.8,216.8,217.7,500780.0
2020-04-20 09:00:00,NSE:HINDPETRO,220.8,222.2,218.25,220.6,498861.0
2020-04-20 09:45:00,NSE:HINDPETRO,220.5,225.35,220.5,225.0,904452.0
2020-04-20 10:30:00,NSE:HINDPETRO,225.0,225.2,222.6,223.0,474596.0
2020-04-20 11:15:00,NSE:HINDPETRO,222.9,223.5,220.35,222.0,388751.0
2020-04-20 12:00:00,NSE:HINDPETRO,222.1,223.1,221.2,222.0,184017.0
2020-04-20 12:45:00,NSE:HINDPETRO,221.8,224.9,221.45,224.65,479783.0
2020-04-20 13:30:00,NSE:HINDPETRO,224.65,225.8,223.75,225.1,608321.0
2020-04-20 14:15:00,NSE:HINDPETRO,225.05,228.2,225.0,226.2,1164811.0
2020-04-20 15:00:00,NSE:HINDPETRO,226.1,228.5,225.95,227.4,900911.0
2020-04-21 09:00:00,NSE:HINDPETRO,226.95,226.95,219.3,224.15,805318.0
2020-04-21 09:45:00,NSE:HINDPETRO,224.4,224.4,221.9,223.75,913169.0
2020-04-21 10:30:00,NSE:HINDPETRO,223.75,227.45,223.2,224.05,534010.0
2020-04-21 11:15:00,NSE:HINDPETRO,224.05,224.45,220.65,221.4,561252.0
2020-04-21 12:00:00,NSE:HINDPETRO,221.5,221.65,217.05,218.4,694762.0
2020-04-21 12:45:00,NSE:HINDPETRO,218.45,221.4,217.9,220.4,481826.0
2020-04-21 13:30:00,NSE:HINDPETRO,220.3,221.9,220.05,221.5,401905.0
2020-04-21 14:15:00,NSE:HINDPETRO,221.5,221.7,218.0,218.25,798223.0
2020-04-21 15:00:00,NSE:HINDPETRO,218.3,218.7,214.5,215.85,1718373.0
2020-04-22 09:00:00,NSE:HINDPETRO,216.95,217.5,206.45,207.75,920029.0
2020-04-22 09:45:00,NSE:HINDPETRO,207.9,208.75,206.6,207.9,345152.0
2020-04-22 10:30:00,NSE:HINDPETRO,207.85,213.5,207.85,212.7,523806.0
2020-04-22 11:15:00,NSE:HINDPETRO,212.65,214.8,211.6,213.8,352405.0
2020-04-22 12:00:00,NSE:HINDPETRO,213.8,214.5,211.5,212.1,331001.0
2020-04-22 12:45:00,NSE:HINDPETRO,212.05,212.05,208.35,210.6,1045827.0
2020-04-22 13:30:00,NSE:HINDPETRO,210.55,211.4,210.15,210.9,267257.0
2020-04-22 14:15:00,NSE:HINDPETRO,210.9,213.65,209.55,213.6,592326.0
2020-04-22 15:00:00,NSE:HINDPETRO,213.4,213.65,211.5,212.7,427228.0
2020-04-23 09:00:00,NSE:HINDPETRO,212.7,217.6,211.5,215.1,476501.0
2020-04-23 09:45:00,NSE:HINDPETRO,215.1,217.4,215.1,216.45,254760.0
2020-04-23 10:30:00,NSE:HINDPETRO,216.6,218.35,212.7,213.05,435263.0
2020-04-23 11:15:00,NSE:HINDPETRO,213.05,213.3,207.9,209.9,1267597.0
2020-04-23 12:00:00,NSE:HINDPETRO,209.85,211.2,208.9,210.1,872081.0
2020-04-23 12:45:00,NSE:HINDPETRO,210.05,210.85,207.9,209.8,549182.0
2020-04-23 13:30:00,NSE:HINDPETRO,209.8,210.25,208.5,210.0,486762.0
2020-04-23 14:15:00,NSE:HINDPETRO,209.9,210.0,209.15,209.8,613697.0
2020-04-23 15:00:00,NSE:HINDPETRO,209.8,210.0,208.85,209.5,517760.0
2020-04-24 09:00:00,NSE:HINDPETRO,208.75,208.75,204.15,204.85,600614.0
2020-04-24 09:45:00,NSE:HINDPETRO,204.9,205.7,204.25,204.9,553591.0
2020-04-24 10:30:00,NSE:HINDPETRO,205.0,205.1,203.3,203.85,377733.0
2020-04-24 11:15:00,NSE:HINDPETRO,204.0,204.7,202.65,203.6,188698.0
2020-04-24 12:00:00,NSE:HINDPETRO,203.6,204.4,203.1,204.15,190806.0
2020-04-24 12:45:00,NSE:HINDPETRO,204.15,204.5,202.4,203.45,215445.0
2020-04-24 13:30:00,NSE:HINDPETRO,203.4,205.0,202.0,202.4,497750.0
2020-04-24 14:15:00,NSE:HINDPETRO,202.45,203.8,201.75,203.3,514824.0
2020-04-24 15:00:00,NSE:HINDPETRO,203.3,203.4,200.0,201.4,478387.0
2020-04-27 09:00:00,NSE:HINDPETRO,202.4,214.1,202.4,208.7,1242209.0
2020-04-27 09:45:00,NSE:HINDPETRO,208.65,209.0,205.85,208.5,2730834.0
2020-04-27 10:30:00,NSE:HINDPETRO,208.65,211.7,208.6,210.15,898719.0
2020-04-27 11:15:00,NSE:HINDPETRO,210.05,210.1,208.0,208.25,437425.0
2020-04-27 12:00:00,NSE:HINDPETRO,208.3,209.7,208.0,209.0,467219.0
2020-04-27 12:45:00,NSE:HINDPETRO,209.0,209.2,207.65,208.25,866688.0
2020-04-27 13:30:00,NSE:HINDPETRO,208.25,209.65,207.65,209.0,622568.0
2020-04-27 14:15:00,NSE:HINDPETRO,209.0,209.05,207.6,208.25,729492.0
2020-04-27 15:00:00,NSE:HINDPETRO,208.25,208.75,207.9,208.25,1190024.0
2020-04-28 09:00:00,NSE:HINDPETRO,210.25,211.7,208.8,211.45,564323.0
2020-04-28 09:45:00,NSE:HINDPETRO,211.45,215.85,210.4,214.85,2240179.0
2020-04-28 10:30:00,NSE:HINDPETRO,214.85,216.65,213.2,215.0,1018747.0
2020-04-28 11:15:00,NSE:HINDPETRO,215.0,215.25,213.35,213.5,676606.0
2020-04-28 12:00:00,NSE:HINDPETRO,213.5,214.25,213.35,213.95,732001.0
2020-04-28 12:45:00,NSE:HINDPETRO,213.95,215.1,213.4,214.95,635907.0
2020-04-28 13:30:00,NSE:HINDPETRO,214.95,215.85,214.4,215.05,1033032.0
2020-04-28 14:15:00,NSE:HINDPETRO,215.05,218.0,213.5,214.15,1285328.0
2020-04-28 15:00:00,NSE:HINDPETRO,214.15,214.15,209.6,210.9,1484181.0
2020-04-29 09:00:00,NSE:HINDPETRO,211.2,212.05,208.05,209.5,708777.0
2020-04-29 09:45:00,NSE:HINDPETRO,209.5,211.7,208.6,208.95,579427.0
2020-04-29 10:30:00,NSE:HINDPETRO,208.95,209.0,206.7,208.5,642007.0
2020-04-29 11:15:00,NSE:HINDPETRO,208.45,210.6,208.4,210.15,750333.0
2020-04-29 12:00:00,NSE:HINDPETRO,210.25,211.3,209.8,210.9,1001487.0
2020-04-29 12:45:00,NSE:HINDPETRO,211.0,211.0,209.2,209.55,372835.0
2020-04-29 13:30:00,NSE:HINDPETRO,209.55,210.4,209.3,210.0,910966.0
2020-04-29 14:15:00,NSE:HINDPETRO,210.0,211.15,209.75,209.95,614834.0
2020-04-29 15:00:00,NSE:HINDPETRO,209.95,210.1,207.6,208.35,1120076.0
2020-04-30 09:00:00,NSE:HINDPETRO,211.05,211.85,206.7,209.15,1161244.0
2020-04-30 09:45:00,NSE:HINDPETRO,209.15,209.5,208.0,208.8,678182.0
2020-04-30 10:30:00,NSE:HINDPETRO,208.9,209.8,208.0,208.05,553513.0
2020-04-30 11:15:00,NSE:HINDPETRO,208.15,208.45,207.65,208.45,384216.0
2020-04-30 12:00:00,NSE:HINDPETRO,208.35,209.5,207.95,208.05,723433.0
2020-04-30 12:45:00,NSE:HINDPETRO,208.05,210.95,208.05,210.8,954846.0
2020-04-30 13:30:00,NSE:HINDPETRO,210.6,213.0,210.5,212.25,906487.0
2020-04-30 14:15:00,NSE:HINDPETRO,212.2,218.0,212.15,215.7,1661043.0
2020-04-30 15:00:00,NSE:HINDPETRO,215.65,224.4,215.65,220.3,3033931.0
2020-05-04 09:00:00,NSE:HINDPETRO,211.0,213.0,209.0,210.15,675797.0
2020-05-04 09:45:00,NSE:HINDPETRO,210.15,213.0,209.25,212.25,495175.0
2020-05-04 10:30:00,NSE:HINDPETRO,212.1,214.3,210.6,213.75,621661.0
2020-05-04 11:15:00,NSE:HINDPETRO,213.7,215.25,212.0,212.45,637883.0
2020-05-04 12:00:00,NSE:HINDPETRO,212.5,213.5,212.05,213.4,363041.0
2020-05-04 12:45:00,NSE:HINDPETRO,213.45,213.5,208.55,209.1,908278.0
2020-05-04 13:30:00,NSE:HINDPETRO,209.0,209.75,207.5,208.35,692532.0
2020-05-04 14:15:00,NSE:HINDPETRO,208.35,209.3,204.75,205.35,1637562.0
2020-05-04 15:00:00,NSE:HINDPETRO,205.45,209.15,205.05,207.8,1088363.0
2020-05-05 09:00:00,NSE:HINDPETRO,212.0,217.5,210.35,217.15,1029137.0
2020-05-05 09:45:00,NSE:HINDPETRO,217.0,219.2,214.7,216.8,1229964.0
2020-05-05 10:30:00,NSE:HINDPETRO,216.9,220.0,215.85,219.75,807016.0
2020-05-05 11:15:00,NSE:HINDPETRO,219.7,219.75,215.6,216.1,1130915.0
2020-05-05 12:00:00,NSE:HINDPETRO,216.2,218.6,215.6,218.25,849036.0
2020-05-05 12:45:00,NSE:HINDPETRO,218.3,219.95,217.45,218.15,881300.0
2020-05-05 13:30:00,NSE:HINDPETRO,218.15,218.6,216.6,217.1,583783.0
2020-05-05 14:15:00,NSE:HINDPETRO,217.1,218.25,215.55,217.25,1068147.0
2020-05-05 15:00:00,NSE:HINDPETRO,217.1,217.15,213.3,214.6,924609.0
2020-05-06 09:00:00,NSE:HINDPETRO,200.6,203.0,186.7,196.7,6808804.0
2020-05-06 09:45:00,NSE:HINDPETRO,196.7,203.3,195.25,198.2,4299861.0
2020-05-06 10:30:00,NSE:HINDPETRO,197.8,199.0,196.3,198.2,1217302.0
2020-05-06 11:15:00,NSE:HINDPETRO,198.2,203.95,197.6,202.55,1867196.0
2020-05-06 12:00:00,NSE:HINDPETRO,202.6,205.0,202.25,204.0,1352572.0
2020-05-06 12:45:00,NSE:HINDPETRO,204.05,204.75,202.5,202.95,791831.0
2020-05-06 13:30:00,NSE:HINDPETRO,202.85,204.75,202.5,202.6,849340.0
2020-05-06 14:15:00,NSE:HINDPETRO,202.65,203.5,200.0,203.4,1615901.0
2020-05-06 15:00:00,NSE:HINDPETRO,203.25,203.8,201.0,202.5,1359121.0
2020-05-07 09:00:00,NSE:HINDPETRO,201.0,204.4,199.05,203.5,2225194.0
2020-05-07 09:45:00,NSE:HINDPETRO,203.5,203.6,199.6,199.75,714713.0
2020-05-07 10:30:00,NSE:HINDPETRO,199.75,202.9,199.5,201.9,498641.0
2020-05-07 11:15:00,NSE:HINDPETRO,201.95,204.85,201.05,203.4,1545039.0
2020-05-07 12:00:00,NSE:HINDPETRO,203.25,203.5,202.4,203.1,278612.0
2020-05-07 12:45:00,NSE:HINDPETRO,203.0,203.5,202.3,202.55,258749.0
2020-05-07 13:30:00,NSE:HINDPETRO,202.5,203.35,201.2,202.95,582176.0
2020-05-07 14:15:00,NSE:HINDPETRO,202.95,203.0,201.6,202.75,491362.0
2020-05-07 15:00:00,NSE:HINDPETRO,202.75,202.8,199.3,200.9,859471.0
2020-05-08 09:00:00,NSE:HINDPETRO,203.0,204.95,201.65,202.3,1077664.0
2020-05-08 09:45:00,NSE:HINDPETRO,202.3,202.75,198.05,199.05,635838.0
2020-05-08 10:30:00,NSE:HINDPETRO,199.1,200.0,196.75,196.9,501585.0
2020-05-08 11:15:00,NSE:HINDPETRO,196.95,198.0,196.0,196.85,341438.0
2020-05-08 12:00:00,NSE:HINDPETRO,196.8,196.95,195.75,196.75,296653.0
2020-05-08 12:45:00,NSE:HINDPETRO,196.75,197.9,196.0,196.95,331669.0
2020-05-08 13:30:00,NSE:HINDPETRO,196.95,197.85,196.0,196.7,330743.0
2020-05-08 14:15:00,NSE:HINDPETRO,196.6,197.25,195.55,196.9,372898.0
2020-05-08 15:00:00,NSE:HINDPETRO,197.0,197.85,196.65,196.95,651405.0
2020-05-11 09:00:00,NSE:HINDPETRO,198.0,201.2,198.0,199.6,390713.0
2020-05-11 09:45:00,NSE:HINDPETRO,199.5,199.9,196.1,199.05,549276.0
2020-05-11 10:30:00,NSE:HINDPETRO,198.9,199.7,197.1,198.4,289990.0
2020-05-11 11:15:00,NSE:HINDPETRO,198.4,198.5,195.7,197.3,1019503.0
2020-05-11 12:00:00,NSE:HINDPETRO,197.3,197.65,195.85,196.5,248741.0
2020-05-11 12:45:00,NSE:HINDPETRO,196.5,196.8,195.75,195.85,186906.0
2020-05-11 13:30:00,NSE:HINDPETRO,195.85,195.9,194.3,194.5,644401.0
2020-05-11 14:15:00,NSE:HINDPETRO,194.45,195.3,193.1,193.2,235986.0
2020-05-11 15:00:00,NSE:HINDPETRO,193.15,193.6,191.8,192.65,1157390.0
2020-05-12 09:00:00,NSE:HINDPETRO,192.0,195.05,187.0,191.25,1430359.0
2020-05-12 09:45:00,NSE:HINDPETRO,191.25,191.45,189.15,190.95,475932.0
2020-05-12 10:30:00,NSE:HINDPETRO,191.0,191.35,189.4,190.6,194500.0
2020-05-12 11:15:00,NSE:HINDPETRO,190.5,190.75,188.4,188.5,296198.0
2020-05-12 12:00:00,NSE:HINDPETRO,188.55,189.75,188.1,189.4,215658.0
2020-05-12 12:45:00,NSE:HINDPETRO,189.4,191.15,189.4,190.4,169499.0
2020-05-12 13:30:00,NSE:HINDPETRO,190.4,191.3,189.2,191.2,159793.0
2020-05-12 14:15:00,NSE:HINDPETRO,191.2,192.4,191.0,192.05,372758.0
2020-05-12 15:00:00,NSE:HINDPETRO,191.95,191.95,189.2,189.95,580234.0
2020-05-13 09:00:00,NSE:HINDPETRO,195.5,195.8,192.8,194.8,1869941.0
2020-05-13 09:45:00,NSE:HINDPETRO,194.75,195.0,191.55,193.15,974605.0
2020-05-13 10:30:00,NSE:HINDPETRO,193.15,194.85,193.15,194.4,246236.0
2020-05-13 11:15:00,NSE:HINDPETRO,194.35,196.4,193.9,195.8,899062.0
2020-05-13 12:00:00,NSE:HINDPETRO,195.8,196.95,194.8,194.95,329401.0
2020-05-13 12:45:00,NSE:HINDPETRO,194.95,196.0,194.25,195.75,170521.0
2020-05-13 13:30:00,NSE:HINDPETRO,195.8,196.4,195.05,195.4,157467.0
2020-05-13 14:15:00,NSE:HINDPETRO,195.4,196.2,189.55,190.1,804468.0
2020-05-13 15:00:00,NSE:HINDPETRO,190.0,193.05,189.95,192.3,615781.0
2020-05-14 09:00:00,NSE:HINDPETRO,188.5,192.75,188.3,192.15,1452670.0
2020-05-14 09:45:00,NSE:HINDPETRO,192.15,192.75,190.0,190.35,301850.0
2020-05-14 10:30:00,NSE:HINDPETRO,190.55,191.4,190.05,190.35,234159.0
2020-05-14 11:15:00,NSE:HINDPETRO,190.3,190.5,189.4,190.35,167177.0
2020-05-14 12:00:00,NSE:HINDPETRO,190.5,191.0,190.0,190.9,88837.0
2020-05-14 12:45:00,NSE:HINDPETRO,190.9,191.4,189.3,189.6,204955.0
2020-05-14 13:30:00,NSE:HINDPETRO,189.65,190.0,188.5,188.75,281273.0
2020-05-14 14:15:00,NSE:HINDPETRO,188.7,189.8,188.25,189.6,294109.0
2020-05-14 15:00:00,NSE:HINDPETRO,189.5,192.0,188.75,190.25,560696.0
2020-05-15 09:00:00,NSE:HINDPETRO,191.0,193.4,189.85,192.8,1858703.0
2020-05-15 09:45:00,NSE:HINDPETRO,192.8,194.5,191.1,193.5,890343.0
2020-05-15 10:30:00,NSE:HINDPETRO,193.6,193.6,191.3,191.85,401914.0
2020-05-15 11:15:00,NSE:HINDPETRO,191.85,192.7,190.65,192.25,316792.0
2020-05-15 12:00:00,NSE:HINDPETRO,192.2,193.7,191.75,192.7,364727.0
2020-05-15 12:45:00,NSE:HINDPETRO,192.7,194.35,192.65,193.7,600678.0
2020-05-15 13:30:00,NSE:HINDPETRO,193.7,194.6,192.55,193.45,326144.0
2020-05-15 14:15:00,NSE:HINDPETRO,193.45,193.6,190.65,191.7,797406.0
2020-05-15 15:00:00,NSE:HINDPETRO,191.6,191.95,187.95,189.1,1041768.0
2020-05-18 09:00:00,NSE:HINDPETRO,189.5,190.45,182.35,183.35,1790481.0
2020-05-18 09:45:00,NSE:HINDPETRO,183.35,184.75,179.4,179.75,2171591.0
2020-05-18 10:30:00,NSE:HINDPETRO,179.4,179.6,171.7,172.9,1347822.0
2020-05-18 11:15:00,NSE:HINDPETRO,172.8,176.4,170.75,175.55,1408213.0
2020-05-18 12:00:00,NSE:HINDPETRO,175.6,177.5,175.45,176.3,581376.0
2020-05-18 12:45:00,NSE:HINDPETRO,176.45,176.7,172.55,172.8,903731.0
2020-05-18 13:30:00,NSE:HINDPETRO,172.8,175.75,172.0,173.45,895434.0
2020-05-18 14:15:00,NSE:HINDPETRO,173.45,173.85,172.2,172.5,675746.0
2020-05-18 15:00:00,NSE:HINDPETRO,172.45,173.35,171.35,172.5,1518950.0
2020-05-19 09:00:00,NSE:HINDPETRO,176.55,180.8,174.2,174.2,3355725.0
2020-05-19 09:45:00,NSE:HINDPETRO,174.2,176.5,173.65,176.45,1065092.0
2020-05-19 10:30:00,NSE:HINDPETRO,176.45,177.8,175.45,175.55,749048.0
2020-05-19 11:15:00,NSE:HINDPETRO,175.55,176.0,174.05,174.35,504437.0
2020-05-19 12:00:00,NSE:HINDPETRO,174.35,174.8,173.7,173.95,378439.0
2020-05-19 12:45:00,NSE:HINDPETRO,173.95,174.65,173.05,173.1,355712.0
2020-05-19 13:30:00,NSE:HINDPETRO,173.1,173.45,171.45,172.05,513695.0
2020-05-19 14:15:00,NSE:HINDPETRO,172.05,172.8,170.6,171.0,464876.0
2020-05-19 15:00:00,NSE:HINDPETRO,171.0,172.2,170.35,171.35,819423.0
2020-05-20 09:00:00,NSE:HINDPETRO,172.0,177.3,170.95,176.65,1142651.0
2020-05-20 09:45:00,NSE:HINDPETRO,176.7,176.7,173.35,175.05,625413.0
2020-05-20 10:30:00,NSE:HINDPETRO,175.05,176.3,174.5,175.05,549672.0
2020-05-20 11:15:00,NSE:HINDPETRO,175.05,176.35,174.95,176.2,438143.0
2020-05-20 12:00:00,NSE:HINDPETRO,176.1,177.65,175.9,177.3,991586.0
2020-05-20 12:45:00,NSE:HINDPETRO,177.2,178.95,176.8,177.55,582367.0
2020-05-20 13:30:00,NSE:HINDPETRO,177.6,179.55,177.15,179.05,554505.0
2020-05-20 14:15:00,NSE:HINDPETRO,179.15,180.25,178.55,178.95,715230.0
2020-05-20 15:00:00,NSE:HINDPETRO,178.9,180.9,177.1,178.85,1264947.0
2020-05-21 09:00:00,NSE:HINDPETRO,180.0,180.3,175.8,176.8,654648.0
2020-05-21 09:45:00,NSE:HINDPETRO,176.8,179.65,175.1,179.6,1270930.0
2020-05-21 10:30:00,NSE:HINDPETRO,179.6,180.1,177.7,178.5,373383.0
2020-05-21 11:15:00,NSE:HINDPETRO,178.5,181.6,178.0,180.2,739700.0
2020-05-21 12:00:00,NSE:HINDPETRO,180.2,180.7,178.4,178.85,301391.0
2020-05-21 12:45:00,NSE:HINDPETRO,178.9,180.3,177.5,179.55,592360.0
2020-05-21 13:30:00,NSE:HINDPETRO,179.55,180.3,178.05,178.55,252807.0
2020-05-21 14:15:00,NSE:HINDPETRO,178.45,178.65,177.05,177.45,349331.0
2020-05-21 15:00:00,NSE:HINDPETRO,177.35,181.9,177.35,180.75,1074544.0
2020-05-22 09:00:00,NSE:HINDPETRO,180.6,184.45,178.3,184.1,924922.0
2020-05-22 09:45:00,NSE:HINDPETRO,184.1,185.1,182.7,183.15,1048642.0
2020-05-22 10:30:00,NSE:HINDPETRO,183.05,183.4,180.5,182.8,784390.0
2020-05-22 11:15:00,NSE:HINDPETRO,182.9,185.7,182.35,184.6,657997.0
2020-05-22 12:00:00,NSE:HINDPETRO,184.6,186.25,183.1,186.2,693650.0
2020-05-22 12:45:00,NSE:HINDPETRO,186.15,186.5,184.65,185.2,692340.0
2020-05-22 13:30:00,NSE:HINDPETRO,185.35,185.8,184.05,184.4,335787.0
2020-05-22 14:15:00,NSE:HINDPETRO,184.35,184.7,182.9,183.3,334367.0
2020-05-22 15:00:00,NSE:HINDPETRO,183.45,183.6,181.6,182.2,790378.0
2020-05-26 09:00:00,NSE:HINDPETRO,183.0,184.4,179.9,183.55,681855.0
2020-05-26 09:45:00,NSE:HINDPETRO,183.55,184.0,181.5,182.75,721819.0
2020-05-26 10:30:00,NSE:HINDPETRO,182.75,184.8,181.15,184.6,622617.0
2020-05-26 11:15:00,NSE:HINDPETRO,184.6,184.6,182.55,183.3,320135.0
2020-05-26 12:00:00,NSE:HINDPETRO,183.3,184.75,182.95,184.75,234192.0
2020-05-26 12:45:00,NSE:HINDPETRO,184.6,184.75,181.0,181.7,473369.0
2020-05-26 13:30:00,NSE:HINDPETRO,181.7,182.1,180.3,180.5,376218.0
2020-05-26 14:15:00,NSE:HINDPETRO,180.4,181.35,179.1,180.0,451704.0
2020-05-26 15:00:00,NSE:HINDPETRO,179.8,180.2,178.3,179.3,588809.0
2020-05-27 09:00:00,NSE:HINDPETRO,181.0,181.3,178.8,180.3,462668.0
2020-05-27 09:45:00,NSE:HINDPETRO,180.45,182.45,180.3,182.2,505186.0
2020-05-27 10:30:00,NSE:HINDPETRO,182.2,182.2,180.7,181.4,190407.0
2020-05-27 11:15:00,NSE:HINDPETRO,181.25,182.35,180.8,182.15,180861.0
2020-05-27 12:00:00,NSE:HINDPETRO,182.15,183.2,181.75,182.5,272425.0
2020-05-27 12:45:00,NSE:HINDPETRO,182.5,183.3,182.0,182.1,352630.0
2020-05-27 13:30:00,NSE:HINDPETRO,182.1,185.75,182.0,184.9,699087.0
2020-05-27 14:15:00,NSE:HINDPETRO,184.8,186.5,184.8,186.2,646136.0
2020-05-27 15:00:00,NSE:HINDPETRO,186.15,186.45,185.0,185.75,526635.0
2020-05-28 09:00:00,NSE:HINDPETRO,186.95,188.5,186.15,187.65,663705.0
2020-05-28 09:45:00,NSE:HINDPETRO,187.6,188.0,186.05,187.35,427708.0
2020-05-28 10:30:00,NSE:HINDPETRO,187.3,187.5,186.6,187.05,210520.0
2020-05-28 11:15:00,NSE:HINDPETRO,187.05,187.9,186.45,187.3,352779.0
2020-05-28 12:00:00,NSE:HINDPETRO,187.35,187.6,186.35,186.8,207725.0
2020-05-28 12:45:00,NSE:HINDPETRO,186.9,187.5,185.65,187.4,319455.0
2020-05-28 13:30:00,NSE:HINDPETRO,187.5,188.8,185.8,185.85,392898.0
2020-05-28 14:15:00,NSE:HINDPETRO,185.85,186.65,183.7,186.25,456743.0
2020-05-28 15:00:00,NSE:HINDPETRO,186.2,186.75,184.9,185.85,427024.0
2020-05-29 09:00:00,NSE:HINDPETRO,184.65,190.2,183.95,188.9,717139.0
2020-05-29 09:45:00,NSE:HINDPETRO,189.0,193.25,188.0,192.3,1464560.0
2020-05-29 10:30:00,NSE:HINDPETRO,192.25,192.5,190.55,192.1,658341.0
2020-05-29 11:15:00,NSE:HINDPETRO,192.2,195.4,191.8,194.5,1010727.0
2020-05-29 12:00:00,NSE:HINDPETRO,194.7,197.2,194.5,196.15,1261134.0
2020-05-29 12:45:00,NSE:HINDPETRO,196.15,197.65,195.55,196.1,712388.0
2020-05-29 13:30:00,NSE:HINDPETRO,196.2,196.9,195.9,196.6,628109.0
2020-05-29 14:15:00,NSE:HINDPETRO,196.75,197.25,194.8,195.0,1148049.0
2020-05-29 15:00:00,NSE:HINDPETRO,195.0,195.75,191.3,194.55,3820365.0
2020-06-01 09:00:00,NSE:HINDPETRO,196.3,199.4,195.15,196.35,1908388.0
2020-06-01 09:45:00,NSE:HINDPETRO,196.3,197.9,194.75,197.6,530561.0
2020-06-01 10:30:00,NSE:HINDPETRO,197.75,199.45,197.1,198.7,557102.0
2020-06-01 11:15:00,NSE:HINDPETRO,198.9,200.5,198.3,199.8,462721.0
2020-06-01 12:00:00,NSE:HINDPETRO,199.9,199.95,197.25,197.65,366237.0
2020-06-01 12:45:00,NSE:HINDPETRO,197.6,198.4,197.4,197.8,350827.0
2020-06-01 13:30:00,NSE:HINDPETRO,197.9,198.0,195.15,197.6,646516.0
2020-06-01 14:15:00,NSE:HINDPETRO,197.45,197.6,195.4,195.9,782370.0
2020-06-01 15:00:00,NSE:HINDPETRO,195.75,196.1,195.1,195.7,433393.0
2020-06-02 09:00:00,NSE:HINDPETRO,196.0,196.9,193.55,195.75,1148786.0
2020-06-02 09:45:00,NSE:HINDPETRO,195.8,196.0,192.5,192.8,423557.0
2020-06-02 10:30:00,NSE:HINDPETRO,192.8,194.6,192.75,193.3,331302.0
2020-06-02 11:15:00,NSE:HINDPETRO,193.35,194.0,192.75,194.0,133587.0
2020-06-02 12:00:00,NSE:HINDPETRO,193.9,194.4,193.4,194.0,176366.0
2020-06-02 12:45:00,NSE:HINDPETRO,194.0,194.3,192.95,193.45,179826.0
2020-06-02 13:30:00,NSE:HINDPETRO,193.5,194.2,193.15,193.5,192459.0
2020-06-02 14:15:00,NSE:HINDPETRO,193.45,194.0,192.3,194.0,343045.0
2020-06-02 15:00:00,NSE:HINDPETRO,193.95,194.1,193.3,193.75,504937.0
2020-06-03 09:00:00,NSE:HINDPETRO,194.8,198.2,194.0,196.0,1384783.0
2020-06-03 09:45:00,NSE:HINDPETRO,195.8,196.75,194.55,195.9,460915.0
2020-06-03 10:30:00,NSE:HINDPETRO,195.85,197.45,195.7,196.3,435642.0
2020-06-03 11:15:00,NSE:HINDPETRO,196.3,200.8,196.05,200.6,1169838.0
2020-06-03 12:00:00,NSE:HINDPETRO,200.45,201.75,198.85,199.75,847503.0
2020-06-03 12:45:00,NSE:HINDPETRO,199.7,199.75,197.55,198.0,400416.0
2020-06-03 13:30:00,NSE:HINDPETRO,198.0,199.65,197.1,199.05,466271.0
2020-06-03 14:15:00,NSE:HINDPETRO,199.1,200.3,197.8,197.95,518854.0
2020-06-03 15:00:00,NSE:HINDPETRO,197.9,198.2,195.8,197.05,715917.0
2020-06-04 09:00:00,NSE:HINDPETRO,194.3,199.8,194.3,195.75,866408.0
2020-06-04 09:45:00,NSE:HINDPETRO,195.65,196.45,194.75,196.05,485952.0
2020-06-04 10:30:00,NSE:HINDPETRO,196.1,199.3,195.65,198.6,944849.0
2020-06-04 11:15:00,NSE:HINDPETRO,198.6,199.6,196.55,196.85,1363567.0
2020-06-04 12:00:00,NSE:HINDPETRO,197.0,197.2,193.35,195.05,874423.0
2020-06-04 12:45:00,NSE:HINDPETRO,195.2,195.4,194.3,194.5,736379.0
2020-06-04 13:30:00,NSE:HINDPETRO,194.4,195.65,193.85,194.55,1239699.0
2020-06-04 14:15:00,NSE:HINDPETRO,194.55,195.8,194.5,194.65,644760.0
2020-06-04 15:00:00,NSE:HINDPETRO,194.65,195.75,194.65,195.25,603296.0
2020-06-05 09:00:00,NSE:HINDPETRO,196.8,198.5,195.3,198.3,444454.0
2020-06-05 09:45:00,NSE:HINDPETRO,198.35,201.95,197.5,201.3,1291922.0
2020-06-05 10:30:00,NSE:HINDPETRO,201.3,203.95,199.2,203.15,1360496.0
2020-06-05 11:15:00,NSE:HINDPETRO,203.0,203.4,200.7,201.8,1459095.0
2020-06-05 12:00:00,NSE:HINDPETRO,201.75,202.0,199.15,200.45,827049.0
2020-06-05 12:45:00,NSE:HINDPETRO,200.45,201.4,200.4,200.5,459239.0
2020-06-05 13:30:00,NSE:HINDPETRO,200.55,203.75,200.25,203.0,939656.0
2020-06-05 14:15:00,NSE:HINDPETRO,203.2,204.4,202.3,204.1,1072819.0
2020-06-05 15:00:00,NSE:HINDPETRO,204.15,205.45,203.8,204.6,1422240.0
2020-06-08 09:00:00,NSE:HINDPETRO,209.6,215.6,208.4,214.4,1505703.0
2020-06-08 09:45:00,NSE:HINDPETRO,214.5,220.8,213.8,219.65,2540912.0
2020-06-08 10:30:00,NSE:HINDPETRO,219.6,222.5,219.0,220.8,1459471.0
2020-06-08 11:15:00,NSE:HINDPETRO,220.8,221.4,219.7,220.15,808379.0
2020-06-08 12:00:00,NSE:HINDPETRO,220.15,221.4,217.1,218.0,1162460.0
2020-06-08 12:45:00,NSE:HINDPETRO,218.0,220.1,215.4,218.2,1059796.0
2020-06-08 13:30:00,NSE:HINDPETRO,218.15,220.25,217.85,218.8,790360.0
2020-06-08 14:15:00,NSE:HINDPETRO,218.8,219.05,216.4,216.75,906511.0
2020-06-08 15:00:00,NSE:HINDPETRO,216.85,218.15,215.35,216.45,744026.0
2020-06-09 09:00:00,NSE:HINDPETRO,218.3,221.85,213.0,214.25,1325075.0
2020-06-09 09:45:00,NSE:HINDPETRO,214.2,218.0,213.85,216.75,817253.0
2020-06-09 10:30:00,NSE:HINDPETRO,216.8,217.6,216.0,216.35,225543.0
2020-06-09 11:15:00,NSE:HINDPETRO,216.3,218.45,216.3,217.6,325799.0
2020-06-09 12:00:00,NSE:HINDPETRO,217.5,217.95,216.4,216.95,196327.0
2020-06-09 12:45:00,NSE:HINDPETRO,216.95,217.0,214.2,215.25,361258.0
2020-06-09 13:30:00,NSE:HINDPETRO,215.25,215.8,210.4,211.05,616456.0
2020-06-09 14:15:00,NSE:HINDPETRO,211.05,212.45,209.0,211.15,892364.0
2020-06-09 15:00:00,NSE:HINDPETRO,211.15,212.9,210.3,211.65,851227.0
2020-06-10 09:00:00,NSE:HINDPETRO,213.75,214.25,208.0,208.2,804401.0
2020-06-10 09:45:00,NSE:HINDPETRO,208.25,209.5,207.1,208.55,454960.0
2020-06-10 10:30:00,NSE:HINDPETRO,208.6,211.3,207.85,211.05,335383.0
2020-06-10 11:15:00,NSE:HINDPETRO,211.1,211.8,209.5,209.55,349709.0
2020-06-10 12:00:00,NSE:HINDPETRO,209.55,210.8,209.2,209.55,189857.0
2020-06-10 12:45:00,NSE:HINDPETRO,209.4,209.6,207.6,207.8,423782.0
2020-06-10 13:30:00,NSE:HINDPETRO,207.85,208.0,206.35,206.9,402783.0
2020-06-10 14:15:00,NSE:HINDPETRO,206.9,207.7,206.2,206.7,323246.0
2020-06-10 15:00:00,NSE:HINDPETRO,206.7,209.25,206.6,207.85,657633.0
2020-06-11 09:00:00,NSE:HINDPETRO,208.85,214.45,207.8,213.75,1659055.0
2020-06-11 09:45:00,NSE:HINDPETRO,213.75,218.5,213.75,216.75,1654810.0
2020-06-11 10:30:00,NSE:HINDPETRO,216.9,217.2,212.45,212.8,562286.0
2020-06-11 11:15:00,NSE:HINDPETRO,212.7,214.75,212.5,212.5,283727.0
2020-06-11 12:00:00,NSE:HINDPETRO,212.4,212.5,210.8,211.6,326719.0
2020-06-11 12:45:00,NSE:HINDPETRO,211.5,213.05,207.85,208.1,753033.0
2020-06-11 13:30:00,NSE:HINDPETRO,208.25,209.2,204.6,205.45,624104.0
2020-06-11 14:15:00,NSE:HINDPETRO,205.3,205.45,199.35,203.95,1099014.0
2020-06-11 15:00:00,NSE:HINDPETRO,203.8,206.9,203.05,205.25,1004956.0
2020-06-12 09:00:00,NSE:HINDPETRO,200.1,208.65,199.55,205.45,1650399.0
2020-06-12 09:45:00,NSE:HINDPETRO,205.25,209.5,202.2,208.7,1891969.0
2020-06-12 10:30:00,NSE:HINDPETRO,208.6,209.3,205.35,206.0,905660.0
2020-06-12 11:15:00,NSE:HINDPETRO,206.0,208.2,205.55,207.0,641172.0
2020-06-12 12:00:00,NSE:HINDPETRO,207.0,212.4,207.0,212.2,1453554.0
2020-06-12 12:45:00,NSE:HINDPETRO,212.25,213.5,210.6,210.75,1086957.0
2020-06-12 13:30:00,NSE:HINDPETRO,210.6,212.7,210.55,211.2,679642.0
2020-06-12 14:15:00,NSE:HINDPETRO,211.2,213.7,210.15,211.4,1102599.0
2020-06-12 15:00:00,NSE:HINDPETRO,211.3,212.45,209.3,210.85,815132.0
2020-06-15 09:00:00,NSE:HINDPETRO,208.85,211.35,208.2,210.7,651779.0
2020-06-15 09:45:00,NSE:HINDPETRO,210.6,212.1,209.05,209.05,467212.0
2020-06-15 10:30:00,NSE:HINDPETRO,209.1,209.1,205.55,206.6,1051417.0
2020-06-15 11:15:00,NSE:HINDPETRO,206.5,208.6,206.25,206.6,428913.0
2020-06-15 12:00:00,NSE:HINDPETRO,206.6,207.2,204.35,206.05,381454.0
2020-06-15 12:45:00,NSE:HINDPETRO,206.1,207.15,204.5,206.7,362957.0
2020-06-15 13:30:00,NSE:HINDPETRO,206.55,209.0,205.05,207.6,572494.0
2020-06-15 14:15:00,NSE:HINDPETRO,207.65,208.25,205.0,207.5,496642.0
2020-06-15 15:00:00,NSE:HINDPETRO,207.5,207.5,205.35,206.7,552176.0
2020-06-16 09:00:00,NSE:HINDPETRO,211.0,211.8,208.35,209.8,927198.0
2020-06-16 09:45:00,NSE:HINDPETRO,209.8,210.5,207.75,208.9,658915.0
2020-06-16 10:30:00,NSE:HINDPETRO,208.85,214.7,208.25,214.45,1527781.0
2020-06-16 11:15:00,NSE:HINDPETRO,214.6,214.8,212.1,213.35,755495.0
2020-06-16 12:00:00,NSE:HINDPETRO,213.3,213.7,211.65,212.55,479394.0
2020-06-16 12:45:00,NSE:HINDPETRO,212.7,213.95,207.1,209.85,1947106.0
2020-06-16 13:30:00,NSE:HINDPETRO,209.75,209.9,206.2,208.0,890138.0
2020-06-16 14:15:00,NSE:HINDPETRO,208.0,209.95,207.55,209.0,668676.0
2020-06-16 15:00:00,NSE:HINDPETRO,209.05,211.2,208.55,209.8,908740.0
2020-06-17 09:00:00,NSE:HINDPETRO,205.0,218.25,204.8,216.3,5738946.0
2020-06-17 09:45:00,NSE:HINDPETRO,216.35,218.8,215.55,217.05,2598657.0
2020-06-17 10:30:00,NSE:HINDPETRO,217.0,217.85,216.15,216.7,1399328.0
2020-06-17 11:15:00,NSE:HINDPETRO,216.65,217.4,215.0,215.95,1346943.0
2020-06-17 12:00:00,NSE:HINDPETRO,216.0,217.3,215.2,215.2,933939.0
2020-06-17 12:45:00,NSE:HINDPETRO,215.25,215.3,212.25,213.2,2097012.0
2020-06-17 13:30:00,NSE:HINDPETRO,213.2,213.55,212.65,212.8,926848.0
2020-06-17 14:15:00,NSE:HINDPETRO,212.8,213.5,211.1,212.0,1059877.0
2020-06-17 15:00:00,NSE:HINDPETRO,212.0,215.0,211.9,214.1,1427934.0
2020-06-18 09:00:00,NSE:HINDPETRO,214.25,216.95,213.5,216.1,922013.0
2020-06-18 09:45:00,NSE:HINDPETRO,216.25,219.8,215.85,219.2,1195135.0
2020-06-18 10:30:00,NSE:HINDPETRO,219.2,220.5,218.6,219.35,1091809.0
2020-06-18 11:15:00,NSE:HINDPETRO,219.4,221.45,219.25,221.0,954624.0
2020-06-18 12:00:00,NSE:HINDPETRO,221.0,223.0,220.5,221.8,1303184.0
2020-06-18 12:45:00,NSE:HINDPETRO,221.7,222.05,220.65,220.65,447221.0
2020-06-18 13:30:00,NSE:HINDPETRO,220.7,222.4,220.5,222.4,1160551.0
2020-06-18 14:15:00,NSE:HINDPETRO,222.35,224.3,221.0,223.0,1361442.0
2020-06-18 15:00:00,NSE:HINDPETRO,222.9,224.5,220.4,222.9,1595246.0
2020-06-19 09:00:00,NSE:HINDPETRO,222.5,224.5,219.1,219.4,1257085.0
2020-06-19 09:45:00,NSE:HINDPETRO,219.4,222.6,219.15,222.35,1614295.0
2020-06-19 10:30:00,NSE:HINDPETRO,222.4,223.6,222.05,223.25,747779.0
2020-06-19 11:15:00,NSE:HINDPETRO,223.35,225.9,223.0,225.35,1427154.0
2020-06-19 12:00:00,NSE:HINDPETRO,225.4,225.8,223.5,223.85,841520.0
2020-06-19 12:45:00,NSE:HINDPETRO,223.8,224.5,221.1,223.5,1081228.0
2020-06-19 13:30:00,NSE:HINDPETRO,223.5,225.1,222.6,223.2,1053754.0
2020-06-19 14:15:00,NSE:HINDPETRO,223.25,224.7,222.75,223.85,785572.0
2020-06-19 15:00:00,NSE:HINDPETRO,223.85,224.5,222.8,223.65,1873899.0
2020-06-22 09:00:00,NSE:HINDPETRO,225.95,229.3,225.3,226.7,1325356.0
2020-06-22 09:45:00,NSE:HINDPETRO,226.85,229.25,224.7,229.1,1528370.0
2020-06-22 10:30:00,NSE:HINDPETRO,229.1,229.1,224.35,225.05,1267693.0
2020-06-22 11:15:00,NSE:HINDPETRO,225.1,228.35,224.8,228.15,765522.0
2020-06-22 12:00:00,NSE:HINDPETRO,228.3,234.25,227.8,233.65,2124902.0
2020-06-22 12:45:00,NSE:HINDPETRO,233.5,239.35,232.8,234.55,2772797.0
2020-06-22 13:30:00,NSE:HINDPETRO,234.6,235.7,234.05,234.9,1110516.0
2020-06-22 14:15:00,NSE:HINDPETRO,234.95,239.0,234.5,236.35,2646779.0
2020-06-22 15:00:00,NSE:HINDPETRO,236.4,241.0,235.3,238.6,2409638.0
2020-06-23 09:00:00,NSE:HINDPETRO,239.0,242.1,234.25,234.4,1378018.0
2020-06-23 09:45:00,NSE:HINDPETRO,234.45,237.9,233.1,234.75,729085.0
2020-06-23 10:30:00,NSE:HINDPETRO,234.75,238.6,234.75,237.75,493364.0
2020-06-23 11:15:00,NSE:HINDPETRO,237.8,241.0,237.2,239.8,763730.0
2020-06-23 12:00:00,NSE:HINDPETRO,239.95,240.0,237.75,238.05,950207.0
2020-06-23 12:45:00,NSE:HINDPETRO,238.2,240.8,237.9,240.7,782637.0
2020-06-23 13:30:00,NSE:HINDPETRO,240.65,241.2,238.5,240.25,793769.0
2020-06-23 14:15:00,NSE:HINDPETRO,240.25,241.65,238.35,238.55,803300.0
2020-06-23 15:00:00,NSE:HINDPETRO,238.5,239.2,235.45,237.6,965383.0
2020-06-24 09:00:00,NSE:HINDPETRO,238.0,239.0,236.2,237.0,692355.0
2020-06-24 09:45:00,NSE:HINDPETRO,237.0,237.7,235.8,237.6,516179.0
2020-06-24 10:30:00,NSE:HINDPETRO,237.6,237.8,234.0,234.35,638125.0
2020-06-24 11:15:00,NSE:HINDPETRO,234.35,234.7,233.05,233.4,382777.0
2020-06-24 12:00:00,NSE:HINDPETRO,233.4,234.25,233.0,233.35,435869.0
2020-06-24 12:45:00,NSE:HINDPETRO,233.25,233.85,229.65,230.15,741342.0
2020-06-24 13:30:00,NSE:HINDPETRO,230.1,231.85,228.0,229.85,809720.0
2020-06-24 14:15:00,NSE:HINDPETRO,229.7,231.0,227.05,228.1,530721.0
2020-06-24 15:00:00,NSE:HINDPETRO,228.1,229.75,226.6,228.4,978258.0
2020-06-25 09:00:00,NSE:HINDPETRO,228.45,231.9,227.25,230.1,703178.0
2020-06-25 09:45:00,NSE:HINDPETRO,230.25,231.7,227.0,228.15,713420.0
2020-06-25 10:30:00,NSE:HINDPETRO,228.45,228.55,225.15,226.5,713508.0
2020-06-25 11:15:00,NSE:HINDPETRO,226.55,229.35,224.6,224.9,1054879.0
2020-06-25 12:00:00,NSE:HINDPETRO,224.85,225.25,222.35,222.85,487095.0
2020-06-25 12:45:00,NSE:HINDPETRO,222.8,224.75,222.25,222.25,282488.0
2020-06-25 13:30:00,NSE:HINDPETRO,222.2,226.35,222.0,224.4,685559.0
2020-06-25 14:15:00,NSE:HINDPETRO,224.25,224.5,223.0,223.3,614907.0
2020-06-25 15:00:00,NSE:HINDPETRO,223.25,223.25,220.85,221.85,1156324.0
2020-06-26 09:00:00,NSE:HINDPETRO,226.95,229.5,224.55,228.4,1074048.0
2020-06-26 09:45:00,NSE:HINDPETRO,228.4,232.0,228.2,228.6,1149966.0
2020-06-26 10:30:00,NSE:HINDPETRO,228.65,234.25,228.65,232.45,1143552.0
2020-06-26 11:15:00,NSE:HINDPETRO,232.4,235.85,231.0,233.0,1109927.0
2020-06-26 12:00:00,NSE:HINDPETRO,232.9,233.7,231.75,231.95,324899.0
2020-06-26 12:45:00,NSE:HINDPETRO,231.85,233.6,231.3,233.15,475730.0
2020-06-26 13:30:00,NSE:HINDPETRO,233.2,233.5,231.5,232.35,318321.0
2020-06-26 14:15:00,NSE:HINDPETRO,232.2,232.8,229.8,230.1,510740.0
2020-06-26 15:00:00,NSE:HINDPETRO,230.15,234.1,228.5,231.25,1332465.0
2020-06-29 09:00:00,NSE:HINDPETRO,227.7,230.95,225.65,225.8,758784.0
2020-06-29 09:45:00,NSE:HINDPETRO,225.8,225.85,222.3,224.1,837788.0
2020-06-29 10:30:00,NSE:HINDPETRO,224.05,224.85,221.0,221.5,856138.0
2020-06-29 11:15:00,NSE:HINDPETRO,221.45,222.15,220.5,221.55,470901.0
2020-06-29 12:00:00,NSE:HINDPETRO,221.4,224.3,220.8,224.15,435964.0
2020-06-29 12:45:00,NSE:HINDPETRO,224.05,225.25,222.9,223.6,611825.0
2020-06-29 13:30:00,NSE:HINDPETRO,223.65,224.55,222.1,223.55,405194.0
2020-06-29 14:15:00,NSE:HINDPETRO,223.6,224.5,222.5,224.05,575840.0
2020-06-29 15:00:00,NSE:HINDPETRO,224.15,226.05,224.05,225.2,1372699.0
2020-06-30 09:00:00,NSE:HINDPETRO,227.1,228.95,225.35,225.35,719488.0
2020-06-30 09:45:00,NSE:HINDPETRO,225.35,225.8,223.8,225.25,609170.0
2020-06-30 10:30:00,NSE:HINDPETRO,225.25,225.4,223.15,223.3,315437.0
2020-06-30 11:15:00,NSE:HINDPETRO,223.25,224.95,222.55,223.15,463416.0
2020-06-30 12:00:00,NSE:HINDPETRO,223.05,224.45,221.8,222.45,487643.0
2020-06-30 12:45:00,NSE:HINDPETRO,222.5,222.9,220.25,220.7,618185.0
2020-06-30 13:30:00,NSE:HINDPETRO,220.7,221.0,218.75,220.2,871487.0
2020-06-30 14:15:00,NSE:HINDPETRO,220.2,220.2,216.5,216.6,1967605.0
2020-06-30 15:00:00,NSE:HINDPETRO,216.55,217.5,216.1,216.75,1751611.0
2020-07-01 09:00:00,NSE:HINDPETRO,218.2,219.8,215.85,216.05,1202979.0
2020-07-01 09:45:00,NSE:HINDPETRO,216.1,217.6,214.6,215.1,864905.0
2020-07-01 10:30:00,NSE:HINDPETRO,215.0,216.45,214.5,214.85,612296.0
2020-07-01 11:15:00,NSE:HINDPETRO,214.8,216.25,214.5,215.55,684313.0
2020-07-01 12:00:00,NSE:HINDPETRO,215.55,218.65,215.0,217.1,1063529.0
2020-07-01 12:45:00,NSE:HINDPETRO,217.0,222.2,216.5,220.95,2147951.0
2020-07-01 13:30:00,NSE:HINDPETRO,220.95,221.35,217.85,219.5,801109.0
2020-07-01 14:15:00,NSE:HINDPETRO,219.45,222.05,219.3,222.0,937408.0
2020-07-01 15:00:00,NSE:HINDPETRO,221.95,223.2,221.65,222.35,958117.0
2020-07-02 09:00:00,NSE:HINDPETRO,216.25,218.2,214.35,216.8,2047156.0
2020-07-02 09:45:00,NSE:HINDPETRO,216.5,219.25,216.2,217.3,1279161.0
2020-07-02 10:30:00,NSE:HINDPETRO,217.3,217.9,215.4,215.85,1034560.0
2020-07-02 11:15:00,NSE:HINDPETRO,215.75,217.6,215.6,217.25,1111519.0
2020-07-02 12:00:00,NSE:HINDPETRO,217.25,218.6,217.0,217.35,619840.0
2020-07-02 12:45:00,NSE:HINDPETRO,217.4,217.7,216.75,217.0,365866.0
2020-07-02 13:30:00,NSE:HINDPETRO,217.0,217.55,216.6,217.05,277590.0
2020-07-02 14:15:00,NSE:HINDPETRO,217.0,217.15,215.2,215.8,591969.0
2020-07-02 15:00:00,NSE:HINDPETRO,215.8,216.0,214.1,215.15,1305211.0
2020-07-03 09:00:00,NSE:HINDPETRO,217.5,217.8,215.0,215.3,663585.0
2020-07-03 09:45:00,NSE:HINDPETRO,215.0,216.8,214.75,216.25,462015.0
2020-07-03 10:30:00,NSE:HINDPETRO,216.25,216.5,215.1,215.2,257948.0
2020-07-03 11:15:00,NSE:HINDPETRO,215.2,217.0,215.0,216.8,310938.0
2020-07-03 12:00:00,NSE:HINDPETRO,216.8,217.15,215.25,215.25,361567.0
2020-07-03 12:45:00,NSE:HINDPETRO,215.45,215.7,214.55,215.3,349619.0
2020-07-03 13:30:00,NSE:HINDPETRO,215.3,215.3,213.0,214.1,527225.0
2020-07-03 14:15:00,NSE:HINDPETRO,214.15,215.45,213.65,215.4,326279.0
2020-07-03 15:00:00,NSE:HINDPETRO,215.4,216.4,214.9,215.85,721275.0
2020-07-06 09:00:00,NSE:HINDPETRO,217.75,219.6,215.2,219.5,989436.0
2020-07-06 09:45:00,NSE:HINDPETRO,219.6,220.45,218.15,219.75,703327.0
2020-07-06 10:30:00,NSE:HINDPETRO,219.75,219.95,217.0,218.05,660106.0
2020-07-06 11:15:00,NSE:HINDPETRO,218.15,219.2,217.3,218.45,549501.0
2020-07-06 12:00:00,NSE:HINDPETRO,218.5,220.55,218.0,218.35,868586.0
2020-07-06 12:45:00,NSE:HINDPETRO,218.3,218.7,217.05,217.25,413343.0
2020-07-06 13:30:00,NSE:HINDPETRO,217.25,217.75,214.85,215.9,773360.0
2020-07-06 14:15:00,NSE:HINDPETRO,215.8,215.95,213.75,215.45,1053912.0
2020-07-06 15:00:00,NSE:HINDPETRO,215.35,216.0,215.0,215.6,794008.0
2020-07-07 09:00:00,NSE:HINDPETRO,215.9,216.25,211.3,212.6,1215125.0
2020-07-07 09:45:00,NSE:HINDPETRO,212.6,214.2,211.8,213.1,523745.0
2020-07-07 10:30:00,NSE:HINDPETRO,213.0,213.5,211.25,211.5,488978.0
2020-07-07 11:15:00,NSE:HINDPETRO,211.5,211.95,210.8,211.35,459550.0
2020-07-07 12:00:00,NSE:HINDPETRO,211.3,212.25,210.8,211.7,318127.0
2020-07-07 12:45:00,NSE:HINDPETRO,211.65,212.0,211.35,211.75,196155.0
2020-07-07 13:30:00,NSE:HINDPETRO,211.75,211.8,211.1,211.65,501322.0
2020-07-07 14:15:00,NSE:HINDPETRO,211.65,212.9,211.2,211.6,558733.0
2020-07-07 15:00:00,NSE:HINDPETRO,211.6,211.7,210.7,211.15,785682.0
2020-07-08 09:00:00,NSE:HINDPETRO,211.15,213.45,210.35,212.0,658511.0
2020-07-08 09:45:00,NSE:HINDPETRO,212.05,212.35,210.7,211.35,451380.0
2020-07-08 10:30:00,NSE:HINDPETRO,211.35,212.55,210.75,211.85,245576.0
2020-07-08 11:15:00,NSE:HINDPETRO,211.85,213.2,211.5,213.1,364751.0
2020-07-08 12:00:00,NSE:HINDPETRO,213.2,215.8,213.1,214.45,884914.0
2020-07-08 12:45:00,NSE:HINDPETRO,214.45,215.35,213.3,214.15,379149.0
2020-07-08 13:30:00,NSE:HINDPETRO,214.15,214.85,213.6,214.65,152578.0
2020-07-08 14:15:00,NSE:HINDPETRO,214.65,215.3,211.3,212.15,724489.0
2020-07-08 15:00:00,NSE:HINDPETRO,212.1,213.0,211.0,211.8,627780.0
2020-07-09 09:00:00,NSE:HINDPETRO,211.8,213.8,211.65,212.95,342915.0
2020-07-09 09:45:00,NSE:HINDPETRO,212.9,213.25,212.1,212.2,179808.0
2020-07-09 10:30:00,NSE:HINDPETRO,212.15,212.2,210.6,210.6,387624.0
2020-07-09 11:15:00,NSE:HINDPETRO,210.6,210.65,209.5,209.95,457311.0
2020-07-09 12:00:00,NSE:HINDPETRO,209.95,210.6,209.55,209.75,182144.0
2020-07-09 12:45:00,NSE:HINDPETRO,209.75,210.05,207.75,208.2,579848.0
2020-07-09 13:30:00,NSE:HINDPETRO,208.3,208.35,206.7,206.95,635335.0
2020-07-09 14:15:00,NSE:HINDPETRO,206.9,206.9,205.35,206.5,1450985.0
2020-07-09 15:00:00,NSE:HINDPETRO,206.4,206.5,204.8,205.35,3695574.0
2020-07-10 09:00:00,NSE:HINDPETRO,205.0,208.3,204.05,206.5,1181857.0
2020-07-10 09:45:00,NSE:HINDPETRO,206.5,207.7,205.75,207.5,551789.0
2020-07-10 10:30:00,NSE:HINDPETRO,207.55,207.95,206.85,207.55,680765.0
2020-07-10 11:15:00,NSE:HINDPETRO,207.5,207.55,205.5,205.8,740435.0
2020-07-10 12:00:00,NSE:HINDPETRO,205.8,206.5,204.65,206.4,860059.0
2020-07-10 12:45:00,NSE:HINDPETRO,206.35,208.2,206.35,207.5,731346.0
2020-07-10 13:30:00,NSE:HINDPETRO,207.4,207.75,206.4,207.0,461835.0
2020-07-10 14:15:00,NSE:HINDPETRO,207.15,210.35,206.5,208.5,1226096.0
2020-07-10 15:00:00,NSE:HINDPETRO,208.55,211.0,208.5,209.9,1226815.0
2020-07-13 09:00:00,NSE:HINDPETRO,210.05,213.75,209.5,212.55,1201132.0
2020-07-13 09:45:00,NSE:HINDPETRO,212.55,214.95,211.8,214.15,1300970.0
2020-07-13 10:30:00,NSE:HINDPETRO,214.3,214.85,211.65,212.25,757784.0
2020-07-13 11:15:00,NSE:HINDPETRO,212.25,212.9,211.6,211.85,437295.0
2020-07-13 12:00:00,NSE:HINDPETRO,211.9,213.2,211.4,213.05,359899.0
2020-07-13 12:45:00,NSE:HINDPETRO,213.05,213.35,210.6,211.5,722453.0
2020-07-13 13:30:00,NSE:HINDPETRO,211.65,211.7,209.2,210.85,719061.0
2020-07-13 14:15:00,NSE:HINDPETRO,210.75,211.25,209.75,210.85,258396.0
2020-07-13 15:00:00,NSE:HINDPETRO,210.8,211.45,210.05,210.8,748526.0
2020-07-14 09:00:00,NSE:HINDPETRO,211.5,214.5,210.25,212.65,1296926.0
2020-07-14 09:45:00,NSE:HINDPETRO,212.6,213.6,211.85,211.85,439827.0
2020-07-14 10:30:00,NSE:HINDPETRO,211.85,211.95,209.5,210.25,541075.0
2020-07-14 11:15:00,NSE:HINDPETRO,210.25,212.8,209.8,212.5,521192.0
2020-07-14 12:00:00,NSE:HINDPETRO,212.45,212.5,210.7,211.95,783031.0
2020-07-14 12:45:00,NSE:HINDPETRO,211.9,212.2,210.0,210.95,452429.0
2020-07-14 13:30:00,NSE:HINDPETRO,211.0,211.65,210.05,210.55,398674.0
2020-07-14 14:15:00,NSE:HINDPETRO,210.65,211.5,210.0,211.25,346696.0
2020-07-14 15:00:00,NSE:HINDPETRO,211.25,211.3,210.0,210.45,541832.0
2020-07-15 09:00:00,NSE:HINDPETRO,213.0,213.4,211.0,211.35,648589.0
2020-07-15 09:45:00,NSE:HINDPETRO,211.3,211.75,210.05,210.85,441794.0
2020-07-15 10:30:00,NSE:HINDPETRO,210.85,211.6,209.6,211.35,335314.0
2020-07-15 11:15:00,NSE:HINDPETRO,211.35,212.1,210.45,211.0,383967.0
2020-07-15 12:00:00,NSE:HINDPETRO,211.15,211.3,208.25,209.0,473922.0
2020-07-15 12:45:00,NSE:HINDPETRO,208.95,209.5,207.55,208.15,404246.0
2020-07-15 13:30:00,NSE:HINDPETRO,208.05,208.65,206.9,207.8,234341.0
2020-07-15 14:15:00,NSE:HINDPETRO,207.8,207.8,204.6,204.75,744935.0
2020-07-15 15:00:00,NSE:HINDPETRO,204.65,204.75,201.6,202.65,1320997.0
2020-07-16 09:00:00,NSE:HINDPETRO,204.35,205.05,200.5,203.05,811499.0
2020-07-16 09:45:00,NSE:HINDPETRO,203.1,203.85,202.3,203.1,475421.0
2020-07-16 10:30:00,NSE:HINDPETRO,203.0,203.2,201.0,201.15,346656.0
2020-07-16 11:15:00,NSE:HINDPETRO,201.15,203.15,201.0,203.0,252404.0
2020-07-16 12:00:00,NSE:HINDPETRO,203.0,206.45,203.0,205.9,940227.0
2020-07-16 12:45:00,NSE:HINDPETRO,205.85,209.0,205.85,208.6,1027217.0
2020-07-16 13:30:00,NSE:HINDPETRO,208.55,211.8,208.15,208.75,1757507.0
2020-07-16 14:15:00,NSE:HINDPETRO,208.75,211.0,208.55,210.4,617178.0
2020-07-16 15:00:00,NSE:HINDPETRO,210.35,210.7,208.65,209.8,928886.0
2020-07-17 09:00:00,NSE:HINDPETRO,210.5,213.0,210.1,210.4,990227.0
2020-07-17 09:45:00,NSE:HINDPETRO,210.5,216.4,210.4,215.9,1578187.0
2020-07-17 10:30:00,NSE:HINDPETRO,215.9,220.75,215.75,220.0,4870268.0
2020-07-17 11:15:00,NSE:HINDPETRO,220.05,222.2,219.45,220.25,3185069.0
2020-07-17 12:00:00,NSE:HINDPETRO,220.25,222.6,219.75,221.35,1639438.0
2020-07-17 12:45:00,NSE:HINDPETRO,221.4,226.9,220.6,225.35,3860224.0
2020-07-17 13:30:00,NSE:HINDPETRO,225.35,227.2,222.65,225.65,3201880.0
2020-07-17 14:15:00,NSE:HINDPETRO,225.55,226.2,222.55,223.35,2149886.0
2020-07-17 15:00:00,NSE:HINDPETRO,223.5,225.75,222.9,224.0,1846744.0
2020-07-20 09:00:00,NSE:HINDPETRO,224.0,227.85,223.15,225.35,1130440.0
2020-07-20 09:45:00,NSE:HINDPETRO,225.35,226.05,223.05,225.45,978922.0
2020-07-20 10:30:00,NSE:HINDPETRO,225.45,228.1,223.8,228.0,1052001.0
2020-07-20 11:15:00,NSE:HINDPETRO,228.1,229.45,226.8,228.75,1330323.0
2020-07-20 12:00:00,NSE:HINDPETRO,228.65,229.5,228.15,229.0,630232.0
2020-07-20 12:45:00,NSE:HINDPETRO,229.0,229.5,227.8,228.5,701416.0
2020-07-20 13:30:00,NSE:HINDPETRO,228.55,228.85,227.2,227.8,887164.0
2020-07-20 14:15:00,NSE:HINDPETRO,227.75,227.95,226.35,227.55,737569.0
2020-07-20 15:00:00,NSE:HINDPETRO,227.55,228.0,226.05,227.1,920849.0
2020-07-21 09:00:00,NSE:HINDPETRO,227.2,227.25,222.6,226.55,809124.0
2020-07-21 09:45:00,NSE:HINDPETRO,226.6,232.8,225.45,232.6,2926652.0
2020-07-21 10:30:00,NSE:HINDPETRO,232.7,237.8,230.35,230.7,4491339.0
2020-07-21 11:15:00,NSE:HINDPETRO,230.5,234.8,230.45,233.65,953365.0
2020-07-21 12:00:00,NSE:HINDPETRO,233.65,238.0,233.2,236.5,1583069.0
2020-07-21 12:45:00,NSE:HINDPETRO,236.5,237.5,235.55,236.0,1135452.0
2020-07-21 13:30:00,NSE:HINDPETRO,236.0,236.1,231.25,232.9,1707839.0
2020-07-21 14:15:00,NSE:HINDPETRO,232.8,237.25,232.8,235.95,1594743.0
2020-07-21 15:00:00,NSE:HINDPETRO,236.0,236.4,233.1,234.25,1328072.0
2020-07-22 09:00:00,NSE:HINDPETRO,236.4,236.4,232.15,232.85,1126004.0
2020-07-22 09:45:00,NSE:HINDPETRO,232.75,234.0,230.3,231.4,746559.0
2020-07-22 10:30:00,NSE:HINDPETRO,231.4,233.75,231.0,231.75,351333.0
2020-07-22 11:15:00,NSE:HINDPETRO,231.75,232.65,230.55,231.45,395391.0
2020-07-22 12:00:00,NSE:HINDPETRO,231.4,233.1,231.4,233.0,431581.0
2020-07-22 12:45:00,NSE:HINDPETRO,232.9,234.35,231.0,231.85,657575.0
2020-07-22 13:30:00,NSE:HINDPETRO,231.75,232.7,230.55,231.4,531912.0
2020-07-22 14:15:00,NSE:HINDPETRO,231.25,232.2,225.25,225.7,1397854.0
2020-07-22 15:00:00,NSE:HINDPETRO,225.7,229.6,225.6,228.2,1054156.0
2020-07-23 09:00:00,NSE:HINDPETRO,227.5,234.9,225.65,234.25,1374024.0
2020-07-23 09:45:00,NSE:HINDPETRO,234.2,237.6,232.9,235.7,1933264.0
2020-07-23 10:30:00,NSE:HINDPETRO,235.8,236.7,233.7,234.6,722866.0
2020-07-23 11:15:00,NSE:HINDPETRO,234.6,234.95,232.0,233.45,1271511.0
2020-07-23 12:00:00,NSE:HINDPETRO,233.35,233.9,229.45,230.4,908333.0
2020-07-23 12:45:00,NSE:HINDPETRO,230.25,231.65,229.5,230.1,707603.0
2020-07-23 13:30:00,NSE:HINDPETRO,230.25,230.95,228.7,230.0,620352.0
2020-07-23 14:15:00,NSE:HINDPETRO,230.1,234.25,229.1,232.25,1141946.0
2020-07-23 15:00:00,NSE:HINDPETRO,232.05,232.85,230.15,232.05,930831.0
2020-07-24 09:00:00,NSE:HINDPETRO,231.5,233.7,229.7,231.6,663187.0
2020-07-24 09:45:00,NSE:HINDPETRO,231.6,231.7,226.8,227.75,659963.0
2020-07-24 10:30:00,NSE:HINDPETRO,227.65,227.65,225.0,226.3,1015808.0
2020-07-24 11:15:00,NSE:HINDPETRO,226.5,226.9,224.55,224.65,430215.0
2020-07-24 12:00:00,NSE:HINDPETRO,224.65,225.35,223.5,224.7,442375.0
2020-07-24 12:45:00,NSE:HINDPETRO,224.7,226.0,224.4,225.95,386787.0
2020-07-24 13:30:00,NSE:HINDPETRO,226.0,226.5,225.35,226.3,405531.0
2020-07-24 14:15:00,NSE:HINDPETRO,226.3,230.3,225.05,228.85,1699208.0
2020-07-24 15:00:00,NSE:HINDPETRO,228.85,229.0,227.65,228.4,795027.0
2020-07-27 09:00:00,NSE:HINDPETRO,230.4,230.9,223.4,226.8,1064918.0
2020-07-27 09:45:00,NSE:HINDPETRO,226.8,234.3,226.65,231.35,2537734.0
2020-07-27 10:30:00,NSE:HINDPETRO,231.2,234.5,230.6,233.0,1109394.0
2020-07-27 11:15:00,NSE:HINDPETRO,232.8,235.25,232.8,234.45,878030.0
2020-07-27 12:00:00,NSE:HINDPETRO,234.45,240.7,234.0,239.55,2464508.0
2020-07-27 12:45:00,NSE:HINDPETRO,239.6,239.9,235.25,236.0,1890406.0
2020-07-27 13:30:00,NSE:HINDPETRO,236.0,236.8,233.25,233.4,998326.0
2020-07-27 14:15:00,NSE:HINDPETRO,233.35,235.25,233.1,234.3,519024.0
2020-07-27 15:00:00,NSE:HINDPETRO,234.3,234.55,231.0,231.8,849765.0
2020-07-28 09:00:00,NSE:HINDPETRO,232.25,236.5,232.0,235.0,951057.0
2020-07-28 09:45:00,NSE:HINDPETRO,235.1,236.4,231.9,232.95,1185727.0
2020-07-28 10:30:00,NSE:HINDPETRO,233.0,233.15,230.45,231.05,551058.0
2020-07-28 11:15:00,NSE:HINDPETRO,231.1,231.9,230.55,230.65,243869.0
2020-07-28 12:00:00,NSE:HINDPETRO,230.65,231.55,230.0,230.9,398509.0
2020-07-28 12:45:00,NSE:HINDPETRO,230.9,231.4,229.0,229.1,300320.0
2020-07-28 13:30:00,NSE:HINDPETRO,229.1,230.0,228.25,229.6,347666.0
2020-07-28 14:15:00,NSE:HINDPETRO,229.55,231.5,228.4,231.3,592608.0
2020-07-28 15:00:00,NSE:HINDPETRO,231.25,234.8,231.25,232.95,1441811.0
2020-07-29 09:00:00,NSE:HINDPETRO,232.9,234.8,229.6,231.3,695302.0
2020-07-29 09:45:00,NSE:HINDPETRO,231.35,235.2,230.7,230.7,707166.0
2020-07-29 10:30:00,NSE:HINDPETRO,230.8,232.0,229.9,230.5,395694.0
2020-07-29 11:15:00,NSE:HINDPETRO,230.5,230.95,229.65,230.0,402966.0
2020-07-29 12:00:00,NSE:HINDPETRO,230.0,231.3,229.35,230.7,365106.0
2020-07-29 12:45:00,NSE:HINDPETRO,230.7,230.85,229.0,229.2,326210.0
2020-07-29 13:30:00,NSE:HINDPETRO,229.45,231.6,228.95,229.75,482105.0
2020-07-29 14:15:00,NSE:HINDPETRO,229.75,230.2,227.05,229.2,651246.0
2020-07-29 15:00:00,NSE:HINDPETRO,229.2,229.4,227.2,228.35,666817.0
2020-07-30 09:00:00,NSE:HINDPETRO,225.5,225.75,220.2,220.8,1859417.0
2020-07-30 09:45:00,NSE:HINDPETRO,220.8,225.5,218.65,224.1,2099476.0
2020-07-30 10:30:00,NSE:HINDPETRO,224.1,224.1,222.5,223.1,469780.0
2020-07-30 11:15:00,NSE:HINDPETRO,223.15,224.3,222.15,223.4,394014.0
2020-07-30 12:00:00,NSE:HINDPETRO,223.3,227.3,222.95,224.85,943321.0
2020-07-30 12:45:00,NSE:HINDPETRO,224.8,224.85,220.25,221.15,699828.0
2020-07-30 13:30:00,NSE:HINDPETRO,221.05,222.95,220.6,220.95,606798.0
2020-07-30 14:15:00,NSE:HINDPETRO,220.85,222.7,220.1,222.45,610590.0
2020-07-30 15:00:00,NSE:HINDPETRO,222.45,224.5,221.45,223.05,883058.0
2020-07-31 09:00:00,NSE:HINDPETRO,222.95,225.75,220.65,222.95,677186.0
2020-07-31 09:45:00,NSE:HINDPETRO,223.15,223.8,220.5,222.0,518334.0
2020-07-31 10:30:00,NSE:HINDPETRO,222.0,222.4,220.25,220.4,264461.0
2020-07-31 11:15:00,NSE:HINDPETRO,220.35,221.8,220.35,221.4,179356.0
2020-07-31 12:00:00,NSE:HINDPETRO,221.3,221.75,219.7,220.0,547628.0
2020-07-31 12:45:00,NSE:HINDPETRO,219.95,219.95,218.5,218.7,497604.0
2020-07-31 13:30:00,NSE:HINDPETRO,218.7,218.8,215.75,216.3,939635.0
2020-07-31 14:15:00,NSE:HINDPETRO,216.3,216.6,213.8,214.5,974010.0
2020-07-31 15:00:00,NSE:HINDPETRO,214.4,215.95,214.35,215.0,1854025.0
2020-08-03 09:00:00,NSE:HINDPETRO,215.0,218.5,212.3,216.0,727235.0
2020-08-03 09:45:00,NSE:HINDPETRO,216.0,217.75,213.55,215.2,1026751.0
2020-08-03 10:30:00,NSE:HINDPETRO,215.05,217.4,215.0,216.35,740258.0
2020-08-03 11:15:00,NSE:HINDPETRO,216.3,220.25,216.1,219.2,1142335.0
2020-08-03 12:00:00,NSE:HINDPETRO,219.2,221.1,216.6,216.9,931039.0
2020-08-03 12:45:00,NSE:HINDPETRO,216.9,220.8,216.7,220.8,624291.0
2020-08-03 13:30:00,NSE:HINDPETRO,220.85,221.9,217.6,218.35,1095744.0
2020-08-03 14:15:00,NSE:HINDPETRO,218.3,219.75,217.5,219.6,359439.0
2020-08-03 15:00:00,NSE:HINDPETRO,219.6,219.8,216.5,217.65,561278.0
2020-08-04 09:00:00,NSE:HINDPETRO,218.1,220.85,217.3,220.15,786373.0
2020-08-04 09:45:00,NSE:HINDPETRO,220.35,220.4,216.2,217.0,825550.0
2020-08-04 10:30:00,NSE:HINDPETRO,217.0,217.5,214.75,215.0,527195.0
2020-08-04 11:15:00,NSE:HINDPETRO,215.25,216.5,215.1,215.55,399502.0
2020-08-04 12:00:00,NSE:HINDPETRO,215.55,215.85,208.75,208.9,1353283.0
2020-08-04 12:45:00,NSE:HINDPETRO,208.9,211.85,208.9,209.1,2006203.0
2020-08-04 13:30:00,NSE:HINDPETRO,209.15,212.2,208.6,212.05,1008269.0
2020-08-04 14:15:00,NSE:HINDPETRO,212.05,215.35,211.35,214.6,1152464.0
2020-08-04 15:00:00,NSE:HINDPETRO,214.5,216.45,213.05,215.0,1293609.0
2020-08-05 09:00:00,NSE:HINDPETRO,216.0,218.8,215.35,217.3,795672.0
2020-08-05 09:45:00,NSE:HINDPETRO,217.4,220.35,216.8,218.05,704934.0
2020-08-05 10:30:00,NSE:HINDPETRO,218.1,219.75,216.65,216.95,667769.0
2020-08-05 11:15:00,NSE:HINDPETRO,216.9,217.0,213.45,214.6,825071.0
2020-08-05 12:00:00,NSE:HINDPETRO,214.6,215.5,214.3,214.7,404960.0
2020-08-05 12:45:00,NSE:HINDPETRO,214.7,214.8,212.7,213.55,760649.0
2020-08-05 13:30:00,NSE:HINDPETRO,213.5,213.9,212.0,213.8,794160.0
2020-08-05 14:15:00,NSE:HINDPETRO,213.7,213.9,212.0,212.45,844956.0
2020-08-05 15:00:00,NSE:HINDPETRO,212.45,214.7,212.0,212.95,1238357.0
2020-08-06 09:00:00,NSE:HINDPETRO,214.0,219.25,213.55,218.7,1532999.0
2020-08-06 09:45:00,NSE:HINDPETRO,218.85,219.8,217.3,217.95,1199176.0
2020-08-06 10:30:00,NSE:HINDPETRO,218.05,218.2,214.2,214.8,791216.0
2020-08-06 11:15:00,NSE:HINDPETRO,214.85,215.5,214.4,215.0,299817.0
2020-08-06 12:00:00,NSE:HINDPETRO,215.2,215.4,213.4,214.75,512485.0
2020-08-06 12:45:00,NSE:HINDPETRO,214.8,215.25,214.05,214.9,381663.0
2020-08-06 13:30:00,NSE:HINDPETRO,214.8,217.25,214.65,215.6,911954.0
2020-08-06 14:15:00,NSE:HINDPETRO,215.55,218.9,214.0,216.4,2006543.0
2020-08-06 15:00:00,NSE:HINDPETRO,216.4,217.4,215.55,216.1,1733909.0
2020-08-07 09:00:00,NSE:HINDPETRO,223.0,223.0,213.35,214.0,8555338.0
2020-08-07 09:45:00,NSE:HINDPETRO,214.0,216.15,213.05,214.4,2183132.0
2020-08-07 10:30:00,NSE:HINDPETRO,214.4,216.0,214.3,215.55,822888.0
2020-08-07 11:15:00,NSE:HINDPETRO,215.45,215.8,214.65,215.55,642263.0
2020-08-07 12:00:00,NSE:HINDPETRO,215.55,215.9,213.3,213.7,1341697.0
2020-08-07 12:45:00,NSE:HINDPETRO,213.7,214.05,212.4,213.25,1261841.0
2020-08-07 13:30:00,NSE:HINDPETRO,213.3,213.8,212.8,213.65,706640.0
2020-08-07 14:15:00,NSE:HINDPETRO,213.65,214.2,213.05,213.2,771512.0
2020-08-07 15:00:00,NSE:HINDPETRO,213.1,214.45,212.55,213.6,2495935.0
2020-08-10 09:00:00,NSE:HINDPETRO,215.8,217.75,213.65,216.45,1547388.0
2020-08-10 09:45:00,NSE:HINDPETRO,216.3,217.8,216.2,217.25,877462.0
2020-08-10 10:30:00,NSE:HINDPETRO,217.4,217.9,216.2,216.25,488810.0
2020-08-10 11:15:00,NSE:HINDPETRO,216.4,216.5,215.0,215.95,740322.0
2020-08-10 12:00:00,NSE:HINDPETRO,216.0,216.8,215.5,215.9,573239.0
2020-08-10 12:45:00,NSE:HINDPETRO,215.95,216.5,214.6,214.75,851153.0
2020-08-10 13:30:00,NSE:HINDPETRO,214.75,215.95,214.65,215.45,844183.0
2020-08-10 14:15:00,NSE:HINDPETRO,215.3,215.8,215.0,215.7,557793.0
2020-08-10 15:00:00,NSE:HINDPETRO,215.65,215.9,214.8,215.25,1121984.0
2020-08-11 09:00:00,NSE:HINDPETRO,216.0,219.3,215.95,218.4,1198002.0
2020-08-11 09:45:00,NSE:HINDPETRO,218.35,218.35,216.2,217.5,599106.0
2020-08-11 10:30:00,NSE:HINDPETRO,217.65,217.7,215.2,215.85,729436.0
2020-08-11 11:15:00,NSE:HINDPETRO,215.9,215.9,213.5,214.2,1274877.0
2020-08-11 12:00:00,NSE:HINDPETRO,214.2,215.0,214.0,214.65,608606.0
2020-08-11 12:45:00,NSE:HINDPETRO,214.7,214.95,214.25,214.85,318486.0
2020-08-11 13:30:00,NSE:HINDPETRO,214.9,215.0,214.4,214.65,266047.0
2020-08-11 14:15:00,NSE:HINDPETRO,214.8,216.8,214.55,216.5,2333826.0
2020-08-11 15:00:00,NSE:HINDPETRO,216.45,216.5,214.2,215.25,1162511.0
2020-08-12 09:00:00,NSE:HINDPETRO,215.0,215.7,212.0,213.75,1210966.0
2020-08-12 09:45:00,NSE:HINDPETRO,213.75,214.2,211.25,212.55,1310724.0
2020-08-12 10:30:00,NSE:HINDPETRO,212.65,213.6,212.5,213.3,315830.0
2020-08-12 11:15:00,NSE:HINDPETRO,213.3,213.5,211.8,212.0,909991.0
2020-08-12 12:00:00,NSE:HINDPETRO,212.0,212.3,211.7,211.95,558023.0
2020-08-12 12:45:00,NSE:HINDPETRO,211.9,212.25,211.7,212.1,355780.0
2020-08-12 13:30:00,NSE:HINDPETRO,212.0,212.25,211.7,211.9,223759.0
2020-08-12 14:15:00,NSE:HINDPETRO,212.0,212.0,211.55,211.85,392182.0
2020-08-12 15:00:00,NSE:HINDPETRO,211.85,212.25,211.55,211.85,902222.0
2020-08-13 09:00:00,NSE:HINDPETRO,212.25,214.65,212.25,213.3,1442298.0
2020-08-13 09:45:00,NSE:HINDPETRO,213.3,213.3,211.9,212.2,855530.0
2020-08-13 10:30:00,NSE:HINDPETRO,212.2,212.35,209.9,210.65,1499856.0
2020-08-13 11:15:00,NSE:HINDPETRO,210.65,211.75,210.35,210.85,650202.0
2020-08-13 12:00:00,NSE:HINDPETRO,210.85,211.9,210.6,211.25,590104.0
2020-08-13 12:45:00,NSE:HINDPETRO,211.3,213.2,211.25,212.65,871060.0
2020-08-13 13:30:00,NSE:HINDPETRO,212.6,212.75,211.15,211.2,553709.0
2020-08-13 14:15:00,NSE:HINDPETRO,211.1,211.9,210.9,211.35,582790.0
2020-08-13 15:00:00,NSE:HINDPETRO,211.4,212.8,211.3,212.35,936091.0
2020-08-14 09:00:00,NSE:HINDPETRO,214.0,214.5,212.05,212.6,779975.0
2020-08-14 09:45:00,NSE:HINDPETRO,212.7,212.9,211.0,212.35,1087897.0
2020-08-14 10:30:00,NSE:HINDPETRO,212.35,212.45,211.2,211.35,578978.0
2020-08-14 11:15:00,NSE:HINDPETRO,211.3,211.5,211.2,211.5,404928.0
2020-08-14 12:00:00,NSE:HINDPETRO,211.4,212.5,211.35,211.65,537222.0
2020-08-14 12:45:00,NSE:HINDPETRO,211.65,212.9,211.3,211.55,511519.0
2020-08-14 13:30:00,NSE:HINDPETRO,211.45,211.6,207.7,208.95,1299329.0
2020-08-14 14:15:00,NSE:HINDPETRO,209.0,209.85,208.0,209.55,527060.0
2020-08-14 15:00:00,NSE:HINDPETRO,209.55,209.6,208.2,208.65,804782.0
2020-08-17 09:00:00,NSE:HINDPETRO,210.0,210.2,207.55,209.0,743398.0
2020-08-17 09:45:00,NSE:HINDPETRO,209.05,209.05,205.45,207.4,994787.0
2020-08-17 10:30:00,NSE:HINDPETRO,207.4,208.15,207.05,207.7,211535.0
2020-08-17 11:15:00,NSE:HINDPETRO,207.7,208.7,207.25,208.55,278942.0
2020-08-17 12:00:00,NSE:HINDPETRO,208.6,211.2,207.8,210.6,810003.0
2020-08-17 12:45:00,NSE:HINDPETRO,210.55,211.5,209.7,211.0,1300252.0
2020-08-17 13:30:00,NSE:HINDPETRO,211.0,212.9,209.75,211.2,1557318.0
2020-08-17 14:15:00,NSE:HINDPETRO,211.3,212.45,210.5,210.75,1165766.0
2020-08-17 15:00:00,NSE:HINDPETRO,210.8,211.5,210.5,211.05,813803.0
2020-08-18 09:00:00,NSE:HINDPETRO,212.8,212.8,211.25,211.8,723117.0
2020-08-18 09:45:00,NSE:HINDPETRO,211.8,212.95,211.0,212.0,654032.0
2020-08-18 10:30:00,NSE:HINDPETRO,212.0,212.5,210.5,210.95,504101.0
2020-08-18 11:15:00,NSE:HINDPETRO,210.95,211.1,209.9,210.9,1043026.0
2020-08-18 12:00:00,NSE:HINDPETRO,210.9,210.95,209.7,210.1,549992.0
2020-08-18 12:45:00,NSE:HINDPETRO,210.05,210.8,209.5,210.0,318545.0
2020-08-18 13:30:00,NSE:HINDPETRO,209.9,210.2,209.5,209.8,316786.0
2020-08-18 14:15:00,NSE:HINDPETRO,209.8,210.0,209.6,209.7,328303.0
2020-08-18 15:00:00,NSE:HINDPETRO,209.75,210.4,209.2,209.85,1007369.0
2020-08-19 09:00:00,NSE:HINDPETRO,210.5,212.0,209.95,211.45,854067.0
2020-08-19 09:45:00,NSE:HINDPETRO,211.5,213.3,211.25,211.9,1301466.0
2020-08-19 10:30:00,NSE:HINDPETRO,211.9,213.7,211.9,212.85,854930.0
2020-08-19 11:15:00,NSE:HINDPETRO,212.85,213.1,212.0,212.6,324456.0
2020-08-19 12:00:00,NSE:HINDPETRO,212.55,212.95,210.8,211.15,650811.0
2020-08-19 12:45:00,NSE:HINDPETRO,211.25,212.2,211.1,211.75,209311.0
2020-08-19 13:30:00,NSE:HINDPETRO,211.75,212.2,211.0,211.8,402399.0
2020-08-19 14:15:00,NSE:HINDPETRO,211.95,212.2,211.25,211.4,311969.0
2020-08-19 15:00:00,NSE:HINDPETRO,211.4,211.5,210.3,210.8,914289.0
2020-08-20 09:00:00,NSE:HINDPETRO,209.0,211.65,208.15,210.7,699657.0
2020-08-20 09:45:00,NSE:HINDPETRO,210.7,211.5,209.4,209.8,522947.0
2020-08-20 10:30:00,NSE:HINDPETRO,209.7,211.35,209.65,210.8,806624.0
2020-08-20 11:15:00,NSE:HINDPETRO,210.85,211.1,209.3,209.95,1552927.0
2020-08-20 12:00:00,NSE:HINDPETRO,209.95,210.05,208.65,209.05,768590.0
2020-08-20 12:45:00,NSE:HINDPETRO,209.05,210.6,209.0,210.6,494956.0
2020-08-20 13:30:00,NSE:HINDPETRO,210.45,214.0,209.8,213.95,2986268.0
2020-08-20 14:15:00,NSE:HINDPETRO,213.95,215.8,213.35,215.0,3419655.0
2020-08-20 15:00:00,NSE:HINDPETRO,215.0,215.3,213.85,214.7,1502039.0
2020-08-21 09:00:00,NSE:HINDPETRO,217.0,217.2,215.1,216.2,1246023.0
2020-08-21 09:45:00,NSE:HINDPETRO,216.2,216.45,213.3,214.7,924913.0
2020-08-21 10:30:00,NSE:HINDPETRO,214.85,214.95,212.85,213.15,851233.0
2020-08-21 11:15:00,NSE:HINDPETRO,213.2,213.6,212.8,213.4,1008062.0
2020-08-21 12:00:00,NSE:HINDPETRO,213.25,214.05,213.05,213.75,438045.0
2020-08-21 12:45:00,NSE:HINDPETRO,213.8,214.15,213.25,213.5,290144.0
2020-08-21 13:30:00,NSE:HINDPETRO,213.35,213.9,213.2,213.6,246617.0
2020-08-21 14:15:00,NSE:HINDPETRO,213.5,213.75,212.5,212.7,475873.0
2020-08-21 15:00:00,NSE:HINDPETRO,212.7,212.95,212.0,212.45,861492.0
2020-08-24 09:00:00,NSE:HINDPETRO,213.5,214.8,212.6,213.05,657278.0
2020-08-24 09:45:00,NSE:HINDPETRO,213.15,213.9,212.05,212.4,586446.0
2020-08-24 10:30:00,NSE:HINDPETRO,212.3,213.25,211.65,211.85,368652.0
2020-08-24 11:15:00,NSE:HINDPETRO,211.7,212.45,211.3,212.25,324878.0
2020-08-24 12:00:00,NSE:HINDPETRO,212.3,212.5,211.6,211.85,327259.0
2020-08-24 12:45:00,NSE:HINDPETRO,211.85,212.4,211.7,211.9,431568.0
2020-08-24 13:30:00,NSE:HINDPETRO,211.8,212.9,211.55,211.95,646501.0
2020-08-24 14:15:00,NSE:HINDPETRO,211.9,212.15,211.4,211.45,349743.0
2020-08-24 15:00:00,NSE:HINDPETRO,211.45,211.95,211.25,211.65,558806.0
2020-08-25 09:00:00,NSE:HINDPETRO,212.0,213.35,211.3,212.05,543780.0
2020-08-25 09:45:00,NSE:HINDPETRO,212.1,212.9,211.35,212.0,570386.0
2020-08-25 10:30:00,NSE:HINDPETRO,212.0,212.5,211.4,212.05,514796.0
2020-08-25 11:15:00,NSE:HINDPETRO,212.05,213.5,211.65,212.95,698454.0
2020-08-25 12:00:00,NSE:HINDPETRO,213.0,213.95,212.8,213.25,758166.0
2020-08-25 12:45:00,NSE:HINDPETRO,213.2,213.6,212.4,213.25,479839.0
2020-08-25 13:30:00,NSE:HINDPETRO,213.25,214.15,212.0,212.1,594619.0
2020-08-25 14:15:00,NSE:HINDPETRO,212.0,212.2,211.3,211.8,652405.0
2020-08-25 15:00:00,NSE:HINDPETRO,211.85,211.85,210.7,211.25,778976.0
2020-08-26 09:00:00,NSE:HINDPETRO,212.0,212.35,210.5,211.1,619542.0
2020-08-26 09:45:00,NSE:HINDPETRO,211.0,211.55,209.85,210.95,801376.0
2020-08-26 10:30:00,NSE:HINDPETRO,210.95,211.0,209.8,209.9,1235568.0
2020-08-26 11:15:00,NSE:HINDPETRO,209.95,210.8,209.9,210.4,276151.0
2020-08-26 12:00:00,NSE:HINDPETRO,210.35,210.6,210.0,210.2,164132.0
2020-08-26 12:45:00,NSE:HINDPETRO,210.0,210.6,210.0,210.3,160558.0
2020-08-26 13:30:00,NSE:HINDPETRO,210.25,210.9,210.15,210.4,206386.0
2020-08-26 14:15:00,NSE:HINDPETRO,210.5,211.1,210.25,210.45,242822.0
2020-08-26 15:00:00,NSE:HINDPETRO,210.45,210.5,209.0,209.45,1337893.0
2020-08-27 09:00:00,NSE:HINDPETRO,210.1,211.1,209.8,210.0,885328.0
2020-08-27 09:45:00,NSE:HINDPETRO,210.0,210.0,208.4,208.45,832055.0
2020-08-27 10:30:00,NSE:HINDPETRO,208.35,209.25,207.25,208.75,1844591.0
2020-08-27 11:15:00,NSE:HINDPETRO,208.75,209.8,208.1,209.1,1514448.0
2020-08-27 12:00:00,NSE:HINDPETRO,209.15,211.0,208.9,209.9,1060047.0
2020-08-27 12:45:00,NSE:HINDPETRO,209.9,210.55,209.2,209.3,356496.0
2020-08-27 13:30:00,NSE:HINDPETRO,209.35,209.4,208.5,209.2,302948.0
2020-08-27 14:15:00,NSE:HINDPETRO,209.2,209.25,208.1,208.45,477473.0
2020-08-27 15:00:00,NSE:HINDPETRO,208.45,208.85,208.05,208.4,812978.0
2020-08-28 09:00:00,NSE:HINDPETRO,209.5,212.15,209.3,210.75,1115718.0
2020-08-28 09:45:00,NSE:HINDPETRO,210.7,211.4,210.25,210.9,442026.0
2020-08-28 10:30:00,NSE:HINDPETRO,210.8,211.1,210.15,210.45,303915.0
2020-08-28 11:15:00,NSE:HINDPETRO,210.5,211.2,210.05,210.3,347247.0
2020-08-28 12:00:00,NSE:HINDPETRO,210.25,210.5,209.75,209.95,314256.0
2020-08-28 12:45:00,NSE:HINDPETRO,209.95,210.3,209.6,209.9,214854.0
2020-08-28 13:30:00,NSE:HINDPETRO,209.9,210.0,209.5,209.9,247514.0
2020-08-28 14:15:00,NSE:HINDPETRO,209.95,210.2,209.4,209.75,324464.0
2020-08-28 15:00:00,NSE:HINDPETRO,209.8,209.95,209.3,209.6,618519.0
2020-08-31 09:00:00,NSE:HINDPETRO,212.3,213.0,209.85,211.2,1799760.0
2020-08-31 09:45:00,NSE:HINDPETRO,211.2,214.8,210.35,213.75,4455422.0
2020-08-31 10:30:00,NSE:HINDPETRO,213.75,214.05,210.8,210.8,1244782.0
2020-08-31 11:15:00,NSE:HINDPETRO,210.9,211.35,205.5,206.75,2434728.0
2020-08-31 12:00:00,NSE:HINDPETRO,206.75,207.75,205.8,207.0,919247.0
2020-08-31 12:45:00,NSE:HINDPETRO,207.0,207.1,203.0,204.0,1445192.0
2020-08-31 13:30:00,NSE:HINDPETRO,203.9,204.6,202.5,203.35,872080.0
2020-08-31 14:15:00,NSE:HINDPETRO,203.3,203.45,200.8,202.25,1439691.0
2020-08-31 15:00:00,NSE:HINDPETRO,202.35,202.7,200.5,201.55,1916766.0
2020-09-01 09:00:00,NSE:HINDPETRO,200.0,204.8,198.5,202.8,3055304.0
2020-09-01 09:45:00,NSE:HINDPETRO,202.9,203.3,196.8,196.9,2004901.0
2020-09-01 10:30:00,NSE:HINDPETRO,196.95,198.75,195.25,196.8,1405455.0
2020-09-01 11:15:00,NSE:HINDPETRO,196.85,197.75,195.05,195.2,884442.0
2020-09-01 12:00:00,NSE:HINDPETRO,195.15,197.05,194.8,196.4,561236.0
2020-09-01 12:45:00,NSE:HINDPETRO,196.5,197.55,195.65,196.4,571820.0
2020-09-01 13:30:00,NSE:HINDPETRO,196.35,197.85,195.35,196.15,645942.0
2020-09-01 14:15:00,NSE:HINDPETRO,196.0,198.1,195.5,197.85,562178.0
2020-09-01 15:00:00,NSE:HINDPETRO,197.9,201.4,197.65,199.65,1395925.0
2020-09-02 09:00:00,NSE:HINDPETRO,200.5,202.45,198.8,200.4,748955.0
2020-09-02 09:45:00,NSE:HINDPETRO,200.4,202.25,200.1,201.2,581806.0
2020-09-02 10:30:00,NSE:HINDPETRO,201.2,201.2,199.5,199.8,410650.0
2020-09-02 11:15:00,NSE:HINDPETRO,199.9,201.4,199.7,201.2,209193.0
2020-09-02 12:00:00,NSE:HINDPETRO,201.3,201.45,199.35,200.05,234198.0
2020-09-02 12:45:00,NSE:HINDPETRO,200.05,200.2,199.4,200.1,148115.0
2020-09-02 13:30:00,NSE:HINDPETRO,200.05,200.15,199.45,200.15,222551.0
2020-09-02 14:15:00,NSE:HINDPETRO,200.1,201.4,199.75,200.8,440112.0
2020-09-02 15:00:00,NSE:HINDPETRO,200.7,201.85,199.5,200.75,850536.0
2020-09-03 09:00:00,NSE:HINDPETRO,202.5,204.5,201.0,202.45,1094082.0
2020-09-03 09:45:00,NSE:HINDPETRO,202.3,202.45,200.3,201.1,571777.0
2020-09-03 10:30:00,NSE:HINDPETRO,201.25,201.85,200.35,201.25,276973.0
2020-09-03 11:15:00,NSE:HINDPETRO,201.35,201.4,200.0,200.4,331189.0
2020-09-03 12:00:00,NSE:HINDPETRO,200.4,200.45,199.3,200.1,364940.0
2020-09-03 12:45:00,NSE:HINDPETRO,200.0,201.1,199.45,200.2,434049.0
2020-09-03 13:30:00,NSE:HINDPETRO,200.2,200.25,199.5,199.7,248467.0
2020-09-03 14:15:00,NSE:HINDPETRO,199.7,200.65,199.45,199.45,452474.0
2020-09-03 15:00:00,NSE:HINDPETRO,199.5,200.7,198.65,199.8,1009314.0
2020-09-04 09:00:00,NSE:HINDPETRO,198.0,199.3,195.75,198.6,1138873.0
2020-09-04 09:45:00,NSE:HINDPETRO,198.7,199.95,198.0,198.75,393152.0
2020-09-04 10:30:00,NSE:HINDPETRO,198.7,201.25,198.3,200.6,614232.0
2020-09-04 11:15:00,NSE:HINDPETRO,200.7,202.2,200.2,200.4,649334.0
2020-09-04 12:00:00,NSE:HINDPETRO,200.3,203.75,199.5,200.05,1746800.0
2020-09-04 12:45:00,NSE:HINDPETRO,199.9,200.0,199.1,199.35,409892.0
2020-09-04 13:30:00,NSE:HINDPETRO,199.25,199.6,198.4,198.6,369851.0
2020-09-04 14:15:00,NSE:HINDPETRO,198.55,198.9,196.3,197.1,772704.0
2020-09-04 15:00:00,NSE:HINDPETRO,197.1,198.05,196.15,197.1,853620.0
2020-09-07 09:00:00,NSE:HINDPETRO,200.0,201.9,198.2,199.8,1170992.0
2020-09-07 09:45:00,NSE:HINDPETRO,199.9,200.25,197.2,197.45,997383.0
2020-09-07 10:30:00,NSE:HINDPETRO,197.55,198.15,196.8,197.4,411374.0
2020-09-07 11:15:00,NSE:HINDPETRO,197.45,197.8,195.8,195.95,357129.0
2020-09-07 12:00:00,NSE:HINDPETRO,195.95,196.9,195.8,196.6,218917.0
2020-09-07 12:45:00,NSE:HINDPETRO,196.5,196.95,196.15,196.45,166862.0
2020-09-07 13:30:00,NSE:HINDPETRO,196.4,197.6,196.2,197.2,244427.0
2020-09-07 14:15:00,NSE:HINDPETRO,197.25,197.4,195.9,196.35,255430.0
2020-09-07 15:00:00,NSE:HINDPETRO,196.55,198.05,196.55,197.45,611655.0
2020-09-08 09:00:00,NSE:HINDPETRO,198.6,200.5,196.95,200.1,947750.0
2020-09-08 09:45:00,NSE:HINDPETRO,200.25,200.25,198.6,199.4,602539.0
2020-09-08 10:30:00,NSE:HINDPETRO,199.45,200.1,198.25,198.45,522816.0
2020-09-08 11:15:00,NSE:HINDPETRO,198.45,200.75,197.9,200.25,770542.0
2020-09-08 12:00:00,NSE:HINDPETRO,200.35,200.35,199.0,200.3,493028.0
2020-09-08 12:45:00,NSE:HINDPETRO,200.3,200.3,199.3,199.75,357973.0
2020-09-08 13:30:00,NSE:HINDPETRO,199.85,201.85,199.4,201.1,989405.0
2020-09-08 14:15:00,NSE:HINDPETRO,201.1,202.6,198.4,198.9,1733718.0
2020-09-08 15:00:00,NSE:HINDPETRO,198.9,199.35,198.0,198.7,657818.0
2020-09-09 09:00:00,NSE:HINDPETRO,198.45,198.7,193.75,195.0,1572009.0
2020-09-09 09:45:00,NSE:HINDPETRO,195.0,195.0,193.35,193.85,773652.0
2020-09-09 10:30:00,NSE:HINDPETRO,193.85,194.2,192.0,193.45,612523.0
2020-09-09 11:15:00,NSE:HINDPETRO,193.45,193.55,191.4,191.7,530603.0
2020-09-09 12:00:00,NSE:HINDPETRO,191.75,192.6,190.8,191.85,835008.0
2020-09-09 12:45:00,NSE:HINDPETRO,191.9,192.95,191.75,192.45,420255.0
2020-09-09 13:30:00,NSE:HINDPETRO,192.4,194.3,192.4,192.8,554432.0
2020-09-09 14:15:00,NSE:HINDPETRO,192.85,194.2,192.5,193.15,628803.0
2020-09-09 15:00:00,NSE:HINDPETRO,193.1,194.6,192.8,193.75,1446403.0
2020-09-10 09:00:00,NSE:HINDPETRO,195.0,196.25,194.5,195.0,753600.0
2020-09-10 09:45:00,NSE:HINDPETRO,195.0,199.5,194.95,198.75,1458787.0
2020-09-10 10:30:00,NSE:HINDPETRO,198.95,202.2,198.6,200.8,1984325.0
2020-09-10 11:15:00,NSE:HINDPETRO,200.9,201.55,199.0,199.1,942787.0
2020-09-10 12:00:00,NSE:HINDPETRO,199.1,199.15,197.5,198.25,855555.0
2020-09-10 12:45:00,NSE:HINDPETRO,198.25,200.15,196.75,198.1,969391.0
2020-09-10 13:30:00,NSE:HINDPETRO,198.2,202.0,198.0,199.95,1465283.0
2020-09-10 14:15:00,NSE:HINDPETRO,199.85,201.45,199.05,201.25,903218.0
2020-09-10 15:00:00,NSE:HINDPETRO,201.3,201.65,200.55,201.2,1104619.0
2020-09-11 09:00:00,NSE:HINDPETRO,202.5,204.25,198.6,199.95,2613065.0
2020-09-11 09:45:00,NSE:HINDPETRO,200.1,200.6,198.0,199.2,888605.0
2020-09-11 10:30:00,NSE:HINDPETRO,199.1,199.1,197.75,198.2,828453.0
2020-09-11 11:15:00,NSE:HINDPETRO,198.2,199.0,197.3,197.7,438249.0
2020-09-11 12:00:00,NSE:HINDPETRO,197.65,198.5,197.2,198.35,361102.0
2020-09-11 12:45:00,NSE:HINDPETRO,198.35,198.75,197.5,198.3,372205.0
2020-09-11 13:30:00,NSE:HINDPETRO,198.4,198.9,198.0,198.85,320873.0
2020-09-11 14:15:00,NSE:HINDPETRO,198.85,199.45,198.15,198.55,385227.0
2020-09-11 15:00:00,NSE:HINDPETRO,198.5,199.85,198.5,199.15,1060537.0
2020-09-14 09:00:00,NSE:HINDPETRO,199.9,201.15,198.95,199.2,633537.0
2020-09-14 09:45:00,NSE:HINDPETRO,199.25,199.5,197.65,198.5,534665.0
2020-09-14 10:30:00,NSE:HINDPETRO,198.5,198.8,197.7,198.0,357708.0
2020-09-14 11:15:00,NSE:HINDPETRO,197.95,198.45,197.45,197.6,422472.0
2020-09-14 12:00:00,NSE:HINDPETRO,197.75,197.8,196.35,196.95,567698.0
2020-09-14 12:45:00,NSE:HINDPETRO,196.85,197.55,196.05,196.9,481794.0
2020-09-14 13:30:00,NSE:HINDPETRO,196.75,196.85,195.5,195.75,338162.0
2020-09-14 14:15:00,NSE:HINDPETRO,195.9,196.1,195.15,195.95,399023.0
2020-09-14 15:00:00,NSE:HINDPETRO,195.9,196.4,195.6,196.05,814036.0
2020-09-15 09:00:00,NSE:HINDPETRO,197.0,198.95,197.0,198.6,543330.0
2020-09-15 09:45:00,NSE:HINDPETRO,198.75,199.95,194.75,196.2,1216209.0
2020-09-15 10:30:00,NSE:HINDPETRO,196.2,196.9,196.0,196.15,397508.0
2020-09-15 11:15:00,NSE:HINDPETRO,195.95,196.5,195.8,196.25,297405.0
2020-09-15 12:00:00,NSE:HINDPETRO,196.3,196.75,196.15,196.35,235320.0
2020-09-15 12:45:00,NSE:HINDPETRO,196.35,197.45,196.2,197.35,252346.0
2020-09-15 13:30:00,NSE:HINDPETRO,197.4,197.8,197.05,197.65,223980.0
2020-09-15 14:15:00,NSE:HINDPETRO,197.7,197.9,197.25,197.55,319135.0
2020-09-15 15:00:00,NSE:HINDPETRO,197.3,198.8,197.25,198.25,854270.0
2020-09-16 09:00:00,NSE:HINDPETRO,197.85,199.2,197.2,198.7,504057.0
2020-09-16 09:45:00,NSE:HINDPETRO,198.75,199.15,196.5,197.0,470029.0
2020-09-16 10:30:00,NSE:HINDPETRO,197.05,197.15,195.35,195.7,575933.0
2020-09-16 11:15:00,NSE:HINDPETRO,195.7,195.75,193.85,194.45,711679.0
2020-09-16 12:00:00,NSE:HINDPETRO,194.45,194.9,193.85,194.25,412544.0
2020-09-16 12:45:00,NSE:HINDPETRO,194.1,195.0,194.0,194.6,353578.0
2020-09-16 13:30:00,NSE:HINDPETRO,194.6,195.35,194.5,194.75,326892.0
2020-09-16 14:15:00,NSE:HINDPETRO,194.65,195.2,194.55,194.7,319743.0
2020-09-16 15:00:00,NSE:HINDPETRO,194.55,195.85,194.55,195.4,980409.0
2020-09-17 09:00:00,NSE:HINDPETRO,195.0,197.4,194.5,196.45,689095.0
2020-09-17 09:45:00,NSE:HINDPETRO,196.45,197.3,195.35,195.75,519375.0
2020-09-17 10:30:00,NSE:HINDPETRO,195.7,196.35,194.8,195.2,348064.0
2020-09-17 11:15:00,NSE:HINDPETRO,195.2,195.9,193.55,193.8,785365.0
2020-09-17 12:00:00,NSE:HINDPETRO,193.8,194.75,193.15,194.45,966243.0
2020-09-17 12:45:00,NSE:HINDPETRO,194.45,195.6,194.3,194.4,433851.0
2020-09-17 13:30:00,NSE:HINDPETRO,194.4,196.15,194.35,196.05,593534.0
2020-09-17 14:15:00,NSE:HINDPETRO,196.0,197.25,195.85,196.8,709058.0
2020-09-17 15:00:00,NSE:HINDPETRO,196.8,197.4,196.35,196.85,617118.0
2020-09-18 09:00:00,NSE:HINDPETRO,198.9,199.0,197.0,197.5,938897.0
2020-09-18 09:45:00,NSE:HINDPETRO,197.5,198.3,196.6,196.6,918647.0
2020-09-18 10:30:00,NSE:HINDPETRO,196.6,197.65,196.2,196.85,366462.0
2020-09-18 11:15:00,NSE:HINDPETRO,196.85,197.15,196.05,196.5,249299.0
2020-09-18 12:00:00,NSE:HINDPETRO,196.5,196.8,195.75,196.05,237682.0
2020-09-18 12:45:00,NSE:HINDPETRO,196.0,196.8,196.0,196.4,170914.0
2020-09-18 13:30:00,NSE:HINDPETRO,196.3,197.2,196.25,197.0,198160.0
2020-09-18 14:15:00,NSE:HINDPETRO,197.05,197.7,194.45,195.5,911452.0
2020-09-18 15:00:00,NSE:HINDPETRO,195.6,195.6,193.4,194.05,2328401.0
2020-09-21 09:00:00,NSE:HINDPETRO,194.5,197.25,192.55,196.3,1333457.0
2020-09-21 09:45:00,NSE:HINDPETRO,196.4,198.0,196.1,197.7,1660132.0
2020-09-21 10:30:00,NSE:HINDPETRO,197.65,198.5,196.7,196.75,1166167.0
2020-09-21 11:15:00,NSE:HINDPETRO,196.9,197.15,195.8,196.1,838861.0
2020-09-21 12:00:00,NSE:HINDPETRO,196.1,196.45,194.75,195.05,1270041.0
2020-09-21 12:45:00,NSE:HINDPETRO,195.15,195.3,193.8,194.2,816355.0
2020-09-21 13:30:00,NSE:HINDPETRO,194.2,194.4,189.55,189.8,1046250.0
2020-09-21 14:15:00,NSE:HINDPETRO,189.8,190.6,188.45,189.9,889717.0
2020-09-21 15:00:00,NSE:HINDPETRO,189.8,190.0,188.25,189.2,911233.0
2020-09-22 09:00:00,NSE:HINDPETRO,190.0,190.85,184.25,186.0,1156811.0
2020-09-22 09:45:00,NSE:HINDPETRO,186.0,186.0,181.15,184.8,1039456.0
2020-09-22 10:30:00,NSE:HINDPETRO,184.7,185.05,183.0,183.85,601644.0
2020-09-22 11:15:00,NSE:HINDPETRO,183.9,184.8,183.05,184.0,494497.0
2020-09-22 12:00:00,NSE:HINDPETRO,183.85,184.15,181.4,183.1,756123.0
2020-09-22 12:45:00,NSE:HINDPETRO,183.1,183.1,181.3,181.5,1156998.0
2020-09-22 13:30:00,NSE:HINDPETRO,181.5,181.7,178.65,180.25,3675213.0
2020-09-22 14:15:00,NSE:HINDPETRO,180.25,181.4,179.6,180.8,949833.0
2020-09-22 15:00:00,NSE:HINDPETRO,180.6,181.05,179.7,180.4,944496.0
2020-09-23 09:00:00,NSE:HINDPETRO,182.9,183.1,180.4,182.25,998444.0
2020-09-23 09:45:00,NSE:HINDPETRO,182.25,182.3,179.6,180.4,563387.0
2020-09-23 10:30:00,NSE:HINDPETRO,180.35,180.5,178.3,178.6,1496863.0
2020-09-23 11:15:00,NSE:HINDPETRO,178.6,179.6,177.65,179.35,932482.0
2020-09-23 12:00:00,NSE:HINDPETRO,179.4,181.25,178.6,180.15,725537.0
2020-09-23 12:45:00,NSE:HINDPETRO,180.1,180.7,178.2,178.25,602292.0
2020-09-23 13:30:00,NSE:HINDPETRO,178.25,178.6,174.0,175.05,1586869.0
2020-09-23 14:15:00,NSE:HINDPETRO,175.0,176.65,174.65,176.35,962456.0
2020-09-23 15:00:00,NSE:HINDPETRO,176.4,178.9,176.05,177.35,844649.0
2020-09-24 09:00:00,NSE:HINDPETRO,175.25,175.75,172.7,174.2,766567.0
2020-09-24 09:45:00,NSE:HINDPETRO,174.3,174.7,172.65,172.95,570071.0
2020-09-24 10:30:00,NSE:HINDPETRO,173.1,175.35,172.25,174.75,806380.0
2020-09-24 11:15:00,NSE:HINDPETRO,174.75,176.45,174.75,176.0,714998.0
2020-09-24 12:00:00,NSE:HINDPETRO,175.85,176.1,175.1,175.55,439774.0
2020-09-24 12:45:00,NSE:HINDPETRO,175.55,176.9,175.45,175.95,504661.0
2020-09-24 13:30:00,NSE:HINDPETRO,175.95,176.65,174.1,176.0,905198.0
2020-09-24 14:15:00,NSE:HINDPETRO,176.05,176.5,173.85,173.95,827883.0
2020-09-24 15:00:00,NSE:HINDPETRO,173.85,174.15,170.85,172.3,1154975.0
2020-09-25 09:00:00,NSE:HINDPETRO,173.75,175.5,172.55,175.35,976994.0
2020-09-25 09:45:00,NSE:HINDPETRO,175.35,176.2,172.3,174.4,1089191.0
2020-09-25 10:30:00,NSE:HINDPETRO,174.4,176.6,174.15,176.4,718290.0
2020-09-25 11:15:00,NSE:HINDPETRO,176.4,177.15,175.85,176.8,615073.0
2020-09-25 12:00:00,NSE:HINDPETRO,176.8,177.8,176.0,177.65,727562.0
2020-09-25 12:45:00,NSE:HINDPETRO,177.65,178.75,176.35,177.55,703675.0
2020-09-25 13:30:00,NSE:HINDPETRO,177.7,178.6,176.25,177.7,722294.0
2020-09-25 14:15:00,NSE:HINDPETRO,177.6,179.4,177.1,179.15,520692.0
2020-09-25 15:00:00,NSE:HINDPETRO,179.1,179.7,177.9,178.6,861371.0
2020-09-28 09:00:00,NSE:HINDPETRO,180.3,182.0,179.6,180.7,670935.0
2020-09-28 09:45:00,NSE:HINDPETRO,180.55,183.7,180.3,183.4,668806.0
2020-09-28 10:30:00,NSE:HINDPETRO,183.5,184.0,182.55,183.2,521008.0
2020-09-28 11:15:00,NSE:HINDPETRO,183.2,184.2,182.75,183.05,266689.0
2020-09-28 12:00:00,NSE:HINDPETRO,183.1,184.1,182.95,183.95,297049.0
2020-09-28 12:45:00,NSE:HINDPETRO,183.8,184.6,183.55,183.8,445298.0
2020-09-28 13:30:00,NSE:HINDPETRO,183.8,184.5,183.05,183.7,341152.0
2020-09-28 14:15:00,NSE:HINDPETRO,183.7,184.95,183.55,183.8,256987.0
2020-09-28 15:00:00,NSE:HINDPETRO,183.85,185.0,183.55,184.0,783444.0
2020-09-29 09:00:00,NSE:HINDPETRO,184.95,186.0,183.05,184.65,688657.0
2020-09-29 09:45:00,NSE:HINDPETRO,184.65,185.5,182.25,184.5,751033.0
2020-09-29 10:30:00,NSE:HINDPETRO,184.55,185.5,182.8,183.2,871160.0
2020-09-29 11:15:00,NSE:HINDPETRO,183.2,184.6,182.5,184.05,391264.0
2020-09-29 12:00:00,NSE:HINDPETRO,184.0,184.15,182.05,182.7,174030.0
2020-09-29 12:45:00,NSE:HINDPETRO,182.55,182.75,181.75,182.25,342136.0
2020-09-29 13:30:00,NSE:HINDPETRO,182.25,183.85,181.9,183.85,317094.0
2020-09-29 14:15:00,NSE:HINDPETRO,183.7,186.5,183.45,184.6,1232894.0
2020-09-29 15:00:00,NSE:HINDPETRO,184.6,185.7,183.7,184.8,1186805.0
2020-09-30 09:00:00,NSE:HINDPETRO,184.7,185.85,183.4,183.65,1225633.0
2020-09-30 09:45:00,NSE:HINDPETRO,183.55,184.65,178.65,180.55,1683208.0
2020-09-30 10:30:00,NSE:HINDPETRO,180.55,180.7,175.7,177.3,1775468.0
2020-09-30 11:15:00,NSE:HINDPETRO,177.3,178.6,175.3,175.75,1544884.0
2020-09-30 12:00:00,NSE:HINDPETRO,175.7,178.35,175.4,177.05,999737.0
2020-09-30 12:45:00,NSE:HINDPETRO,177.15,178.1,176.8,177.5,655633.0
2020-09-30 13:30:00,NSE:HINDPETRO,177.5,178.0,176.5,177.0,724091.0
2020-09-30 14:15:00,NSE:HINDPETRO,177.15,178.7,176.5,178.35,1181653.0
2020-09-30 15:00:00,NSE:HINDPETRO,178.45,183.25,177.85,180.65,3966644.0
2020-10-01 09:00:00,NSE:HINDPETRO,181.4,182.75,180.25,181.4,841891.0
2020-10-01 09:45:00,NSE:HINDPETRO,181.4,181.5,177.45,178.4,1606755.0
2020-10-01 10:30:00,NSE:HINDPETRO,178.4,178.4,176.3,177.0,1439530.0
2020-10-01 11:15:00,NSE:HINDPETRO,177.0,178.3,176.7,177.75,1004582.0
2020-10-01 12:00:00,NSE:HINDPETRO,177.75,178.15,177.5,178.1,193974.0
2020-10-01 12:45:00,NSE:HINDPETRO,178.05,178.45,177.0,177.15,460437.0
2020-10-01 13:30:00,NSE:HINDPETRO,177.1,177.4,175.8,176.1,958849.0
2020-10-01 14:15:00,NSE:HINDPETRO,176.1,176.2,175.3,175.9,988408.0
2020-10-01 15:00:00,NSE:HINDPETRO,176.0,176.45,174.9,175.5,2392633.0
2020-10-05 09:00:00,NSE:HINDPETRO,176.9,177.1,174.2,174.5,783201.0
2020-10-05 09:45:00,NSE:HINDPETRO,174.5,176.2,173.4,173.4,2000296.0
2020-10-05 10:30:00,NSE:HINDPETRO,173.45,175.7,173.0,175.2,1911457.0
2020-10-05 11:15:00,NSE:HINDPETRO,175.25,176.2,174.6,174.85,1607426.0
2020-10-05 12:00:00,NSE:HINDPETRO,174.95,175.9,174.35,175.25,381985.0
2020-10-05 12:45:00,NSE:HINDPETRO,175.4,176.2,174.7,174.9,496546.0
2020-10-05 13:30:00,NSE:HINDPETRO,174.85,175.7,174.65,175.6,230999.0
2020-10-05 14:15:00,NSE:HINDPETRO,175.55,175.75,174.8,174.95,397515.0
2020-10-05 15:00:00,NSE:HINDPETRO,174.85,175.95,174.65,175.6,748299.0
2020-10-06 09:00:00,NSE:HINDPETRO,176.25,177.0,174.95,175.7,715345.0
2020-10-06 09:45:00,NSE:HINDPETRO,175.7,176.25,174.7,175.65,607635.0
2020-10-06 10:30:00,NSE:HINDPETRO,175.65,176.35,175.5,175.75,239178.0
2020-10-06 11:15:00,NSE:HINDPETRO,175.85,175.9,174.2,174.35,420827.0
2020-10-06 12:00:00,NSE:HINDPETRO,174.4,174.65,173.7,174.05,1395319.0
2020-10-06 12:45:00,NSE:HINDPETRO,174.0,174.15,173.8,173.85,225253.0
2020-10-06 13:30:00,NSE:HINDPETRO,173.8,174.05,173.6,173.7,290177.0
2020-10-06 14:15:00,NSE:HINDPETRO,173.65,174.25,173.6,173.8,425946.0
2020-10-06 15:00:00,NSE:HINDPETRO,173.85,173.9,173.5,173.7,857928.0
2020-10-07 09:00:00,NSE:HINDPETRO,174.3,174.7,172.2,172.65,754614.0
2020-10-07 09:45:00,NSE:HINDPETRO,172.75,174.25,172.7,174.2,618308.0
2020-10-07 10:30:00,NSE:HINDPETRO,174.2,174.25,172.6,172.6,298408.0
2020-10-07 11:15:00,NSE:HINDPETRO,172.7,172.95,172.25,172.4,325222.0
2020-10-07 12:00:00,NSE:HINDPETRO,172.35,172.8,172.35,172.6,180337.0
2020-10-07 12:45:00,NSE:HINDPETRO,172.75,173.5,171.8,172.0,464908.0
2020-10-07 13:30:00,NSE:HINDPETRO,171.95,172.7,171.75,172.1,335915.0
2020-10-07 14:15:00,NSE:HINDPETRO,172.05,172.15,171.1,171.35,678962.0
2020-10-07 15:00:00,NSE:HINDPETRO,171.45,171.5,170.6,171.05,1123769.0
2020-10-08 09:00:00,NSE:HINDPETRO,171.35,172.6,171.25,172.3,760250.0
2020-10-08 09:45:00,NSE:HINDPETRO,172.25,172.65,170.7,172.6,648215.0
2020-10-08 10:30:00,NSE:HINDPETRO,172.5,174.0,171.65,173.15,720935.0
2020-10-08 11:15:00,NSE:HINDPETRO,173.15,173.3,172.35,172.4,258776.0
2020-10-08 12:00:00,NSE:HINDPETRO,172.45,172.9,172.25,172.4,214534.0
2020-10-08 12:45:00,NSE:HINDPETRO,172.4,172.65,170.9,170.95,459627.0
2020-10-08 13:30:00,NSE:HINDPETRO,171.0,171.2,169.8,170.2,673468.0
2020-10-08 14:15:00,NSE:HINDPETRO,170.15,171.0,169.65,170.8,475341.0
2020-10-08 15:00:00,NSE:HINDPETRO,170.8,171.25,170.55,170.95,593219.0
2020-10-09 09:00:00,NSE:HINDPETRO,171.2,172.4,170.65,171.35,766356.0
2020-10-09 09:45:00,NSE:HINDPETRO,171.2,172.1,170.85,171.35,491361.0
2020-10-09 10:30:00,NSE:HINDPETRO,171.35,171.95,170.9,171.85,291809.0
2020-10-09 11:15:00,NSE:HINDPETRO,171.8,173.35,171.55,172.95,1034683.0
2020-10-09 12:00:00,NSE:HINDPETRO,173.0,175.3,173.0,174.9,1338688.0
2020-10-09 12:45:00,NSE:HINDPETRO,174.8,176.35,174.7,174.7,985238.0
2020-10-09 13:30:00,NSE:HINDPETRO,174.7,175.55,174.5,175.2,820393.0
2020-10-09 14:15:00,NSE:HINDPETRO,175.2,176.95,175.1,176.9,1095075.0
2020-10-09 15:00:00,NSE:HINDPETRO,176.9,177.25,175.2,176.0,1657524.0
2020-10-12 09:00:00,NSE:HINDPETRO,177.0,177.15,175.5,175.8,793553.0
2020-10-12 09:45:00,NSE:HINDPETRO,175.9,176.0,173.5,173.65,510260.0
2020-10-12 10:30:00,NSE:HINDPETRO,173.65,174.05,173.05,173.25,341624.0
2020-10-12 11:15:00,NSE:HINDPETRO,173.4,173.9,173.0,173.7,260384.0
2020-10-12 12:00:00,NSE:HINDPETRO,173.7,173.7,172.0,173.15,568120.0
2020-10-12 12:45:00,NSE:HINDPETRO,173.05,173.6,172.0,172.3,343012.0
2020-10-12 13:30:00,NSE:HINDPETRO,173.0,173.1,172.3,172.55,262150.0
2020-10-12 14:15:00,NSE:HINDPETRO,172.6,172.65,171.5,171.75,592992.0
2020-10-12 15:00:00,NSE:HINDPETRO,171.8,172.25,170.75,171.4,827227.0
2020-10-13 09:00:00,NSE:HINDPETRO,172.05,173.0,170.25,172.0,1610049.0
2020-10-13 09:45:00,NSE:HINDPETRO,171.9,172.5,170.7,170.85,388829.0
2020-10-13 10:30:00,NSE:HINDPETRO,170.85,170.85,169.8,170.4,1503717.0
2020-10-13 11:15:00,NSE:HINDPETRO,170.3,171.3,170.15,171.0,432809.0
2020-10-13 12:00:00,NSE:HINDPETRO,170.9,171.15,170.2,170.4,413219.0
2020-10-13 12:45:00,NSE:HINDPETRO,170.45,170.65,169.75,170.1,462425.0
2020-10-13 13:30:00,NSE:HINDPETRO,170.1,171.1,170.0,170.7,350771.0
2020-10-13 14:15:00,NSE:HINDPETRO,170.75,170.8,169.85,170.0,330737.0
2020-10-13 15:00:00,NSE:HINDPETRO,170.05,170.65,170.05,170.4,634671.0
2020-10-14 09:00:00,NSE:HINDPETRO,170.4,170.4,165.2,166.3,1714772.0
2020-10-14 09:45:00,NSE:HINDPETRO,166.25,168.7,165.7,168.3,1032732.0
2020-10-14 10:30:00,NSE:HINDPETRO,168.3,168.5,166.05,166.6,705864.0
2020-10-14 11:15:00,NSE:HINDPETRO,166.6,167.75,166.35,167.7,513944.0
2020-10-14 12:00:00,NSE:HINDPETRO,167.7,168.0,167.15,167.4,242881.0
2020-10-14 12:45:00,NSE:HINDPETRO,167.35,167.8,167.0,167.75,223718.0
2020-10-14 13:30:00,NSE:HINDPETRO,167.65,168.7,167.65,168.4,376055.0
2020-10-14 14:15:00,NSE:HINDPETRO,168.35,169.3,167.75,169.0,443033.0
2020-10-14 15:00:00,NSE:HINDPETRO,169.15,169.2,167.9,168.6,1277674.0
2020-10-15 09:00:00,NSE:HINDPETRO,168.4,172.2,167.35,171.5,1130013.0
2020-10-15 09:45:00,NSE:HINDPETRO,171.5,171.85,168.35,168.5,750025.0
2020-10-15 10:30:00,NSE:HINDPETRO,168.45,168.95,168.0,168.8,375359.0
2020-10-15 11:15:00,NSE:HINDPETRO,168.9,169.15,167.05,167.2,529612.0
2020-10-15 12:00:00,NSE:HINDPETRO,167.35,167.35,166.1,166.5,616294.0
2020-10-15 12:45:00,NSE:HINDPETRO,166.5,167.5,166.05,167.05,798073.0
2020-10-15 13:30:00,NSE:HINDPETRO,166.9,167.0,165.55,165.75,396065.0
2020-10-15 14:15:00,NSE:HINDPETRO,165.65,167.65,164.1,165.0,1218589.0
2020-10-15 15:00:00,NSE:HINDPETRO,165.0,165.15,162.9,164.05,1413040.0
2020-10-16 09:00:00,NSE:HINDPETRO,164.45,167.0,163.4,166.45,1420761.0
2020-10-16 09:45:00,NSE:HINDPETRO,166.45,167.2,164.75,166.4,949941.0
2020-10-16 10:30:00,NSE:HINDPETRO,166.55,166.75,165.4,165.95,442098.0
2020-10-16 11:15:00,NSE:HINDPETRO,165.95,166.0,164.8,165.45,489776.0
2020-10-16 12:00:00,NSE:HINDPETRO,165.5,166.65,165.2,166.15,397030.0
2020-10-16 12:45:00,NSE:HINDPETRO,166.25,166.95,165.65,166.4,410982.0
2020-10-16 13:30:00,NSE:HINDPETRO,166.4,168.3,166.3,168.3,723828.0
2020-10-16 14:15:00,NSE:HINDPETRO,168.3,169.2,167.4,168.85,684519.0
2020-10-16 15:00:00,NSE:HINDPETRO,168.85,169.85,168.6,169.3,1186385.0
2020-10-19 09:00:00,NSE:HINDPETRO,170.0,172.2,170.0,171.75,882799.0
2020-10-19 09:45:00,NSE:HINDPETRO,171.75,172.8,170.85,172.2,606605.0
2020-10-19 10:30:00,NSE:HINDPETRO,172.2,172.3,170.4,170.5,734386.0
2020-10-19 11:15:00,NSE:HINDPETRO,170.45,173.3,170.25,173.25,654229.0
2020-10-19 12:00:00,NSE:HINDPETRO,173.2,173.8,172.9,173.15,569299.0
2020-10-19 12:45:00,NSE:HINDPETRO,173.15,173.4,172.9,173.2,261018.0
2020-10-19 13:30:00,NSE:HINDPETRO,173.2,174.3,173.0,174.1,552713.0
2020-10-19 14:15:00,NSE:HINDPETRO,174.1,176.9,174.1,175.7,1458215.0
2020-10-19 15:00:00,NSE:HINDPETRO,175.85,176.9,175.2,175.85,716817.0
2020-10-20 09:00:00,NSE:HINDPETRO,174.75,176.65,173.4,175.25,751189.0
2020-10-20 09:45:00,NSE:HINDPETRO,175.3,175.6,173.85,174.8,483485.0
2020-10-20 10:30:00,NSE:HINDPETRO,174.8,174.9,173.6,174.0,422723.0
2020-10-20 11:15:00,NSE:HINDPETRO,174.0,174.45,173.3,174.05,467588.0
2020-10-20 12:00:00,NSE:HINDPETRO,174.05,174.35,173.4,173.8,357023.0
2020-10-20 12:45:00,NSE:HINDPETRO,173.8,174.0,172.6,173.05,521413.0
2020-10-20 13:30:00,NSE:HINDPETRO,173.1,173.4,172.0,172.1,381337.0
2020-10-20 14:15:00,NSE:HINDPETRO,172.15,172.9,171.6,172.35,475219.0
2020-10-20 15:00:00,NSE:HINDPETRO,172.35,172.9,171.8,172.35,576554.0
2020-10-21 09:00:00,NSE:HINDPETRO,174.05,178.3,174.05,176.6,1785350.0
2020-10-21 09:45:00,NSE:HINDPETRO,176.7,176.8,175.15,175.55,676166.0
2020-10-21 10:30:00,NSE:HINDPETRO,175.65,177.45,174.65,176.85,750839.0
2020-10-21 11:15:00,NSE:HINDPETRO,176.85,177.3,176.2,177.25,313240.0
2020-10-21 12:00:00,NSE:HINDPETRO,177.15,178.0,177.0,177.2,635034.0
2020-10-21 12:45:00,NSE:HINDPETRO,177.2,179.8,177.0,179.15,1508562.0
2020-10-21 13:30:00,NSE:HINDPETRO,179.25,179.3,176.0,176.0,1288267.0
2020-10-21 14:15:00,NSE:HINDPETRO,176.0,177.85,175.3,177.25,778805.0
2020-10-21 15:00:00,NSE:HINDPETRO,177.25,178.0,177.2,177.65,612889.0
2020-10-22 09:00:00,NSE:HINDPETRO,176.45,177.35,175.3,176.15,713460.0
2020-10-22 09:45:00,NSE:HINDPETRO,176.1,176.75,175.75,176.0,567167.0
2020-10-22 10:30:00,NSE:HINDPETRO,176.05,177.15,175.9,176.6,263294.0
2020-10-22 11:15:00,NSE:HINDPETRO,176.6,177.35,176.25,177.1,238294.0
2020-10-22 12:00:00,NSE:HINDPETRO,177.1,178.8,176.55,177.1,804811.0
2020-10-22 12:45:00,NSE:HINDPETRO,177.2,177.75,176.65,177.6,398466.0
2020-10-22 13:30:00,NSE:HINDPETRO,177.6,179.05,177.1,178.4,691368.0
2020-10-22 14:15:00,NSE:HINDPETRO,178.3,178.6,177.4,178.0,311279.0
2020-10-22 15:00:00,NSE:HINDPETRO,178.1,179.95,178.05,179.35,1018692.0
2020-10-23 09:00:00,NSE:HINDPETRO,179.8,182.25,179.6,180.75,919604.0
2020-10-23 09:45:00,NSE:HINDPETRO,180.75,181.9,180.7,181.55,354432.0
2020-10-23 10:30:00,NSE:HINDPETRO,181.55,182.35,181.3,182.2,624558.0
2020-10-23 11:15:00,NSE:HINDPETRO,182.2,182.35,180.75,181.3,416773.0
2020-10-23 12:00:00,NSE:HINDPETRO,181.3,183.05,181.2,181.9,927735.0
2020-10-23 12:45:00,NSE:HINDPETRO,181.8,182.7,181.7,182.65,222912.0
2020-10-23 13:30:00,NSE:HINDPETRO,182.65,183.85,182.0,183.4,753058.0
2020-10-23 14:15:00,NSE:HINDPETRO,183.35,184.0,183.1,183.45,445431.0
2020-10-23 15:00:00,NSE:HINDPETRO,183.4,183.55,181.7,182.55,691940.0
2020-10-26 09:00:00,NSE:HINDPETRO,182.0,183.35,180.9,182.45,455232.0
2020-10-26 09:45:00,NSE:HINDPETRO,182.5,183.65,181.8,183.5,518621.0
2020-10-26 10:30:00,NSE:HINDPETRO,183.6,183.75,182.75,182.9,305920.0
2020-10-26 11:15:00,NSE:HINDPETRO,182.8,183.0,180.2,181.0,778061.0
2020-10-26 12:00:00,NSE:HINDPETRO,181.1,181.6,178.1,178.95,797898.0
2020-10-26 12:45:00,NSE:HINDPETRO,179.1,179.45,176.25,176.5,592645.0
2020-10-26 13:30:00,NSE:HINDPETRO,176.4,176.55,173.7,174.2,1386126.0
2020-10-26 14:15:00,NSE:HINDPETRO,174.25,174.8,173.55,173.6,927374.0
2020-10-26 15:00:00,NSE:HINDPETRO,173.6,175.2,173.5,174.45,904636.0
2020-10-27 09:00:00,NSE:HINDPETRO,174.8,175.6,170.3,171.15,1086862.0
2020-10-27 09:45:00,NSE:HINDPETRO,171.1,172.35,170.7,172.3,581762.0
2020-10-27 10:30:00,NSE:HINDPETRO,172.4,172.8,171.5,172.05,401608.0
2020-10-27 11:15:00,NSE:HINDPETRO,172.05,173.2,171.65,173.1,365219.0
2020-10-27 12:00:00,NSE:HINDPETRO,173.05,174.15,171.8,172.15,771949.0
2020-10-27 12:45:00,NSE:HINDPETRO,172.05,172.45,171.25,172.05,622821.0
2020-10-27 13:30:00,NSE:HINDPETRO,172.05,173.35,171.85,172.5,388735.0
2020-10-27 14:15:00,NSE:HINDPETRO,172.55,173.75,172.2,173.5,703391.0
2020-10-27 15:00:00,NSE:HINDPETRO,173.5,173.95,173.1,173.55,1100417.0
2020-10-28 09:00:00,NSE:HINDPETRO,173.5,173.75,171.65,172.65,541705.0
2020-10-28 09:45:00,NSE:HINDPETRO,172.85,174.55,172.5,174.3,538349.0
2020-10-28 10:30:00,NSE:HINDPETRO,174.35,174.75,173.3,174.15,462696.0
2020-10-28 11:15:00,NSE:HINDPETRO,174.0,175.65,174.0,175.2,333145.0
2020-10-28 12:00:00,NSE:HINDPETRO,175.2,175.8,174.25,174.45,619110.0
2020-10-28 12:45:00,NSE:HINDPETRO,174.45,174.5,172.75,172.95,780517.0
2020-10-28 13:30:00,NSE:HINDPETRO,172.95,173.0,171.35,171.9,623932.0
2020-10-28 14:15:00,NSE:HINDPETRO,171.8,172.2,171.4,171.7,576316.0
2020-10-28 15:00:00,NSE:HINDPETRO,171.75,172.0,171.55,171.9,1165873.0
2020-10-29 09:00:00,NSE:HINDPETRO,170.9,173.5,170.65,172.55,796856.0
2020-10-29 09:45:00,NSE:HINDPETRO,172.55,173.65,170.55,170.95,859621.0
2020-10-29 10:30:00,NSE:HINDPETRO,170.95,171.15,170.5,171.0,382697.0
2020-10-29 11:15:00,NSE:HINDPETRO,171.0,173.45,170.85,173.15,638090.0
2020-10-29 12:00:00,NSE:HINDPETRO,173.15,176.5,173.1,176.35,1770147.0
2020-10-29 12:45:00,NSE:HINDPETRO,176.5,177.55,175.5,176.85,1668603.0
2020-10-29 13:30:00,NSE:HINDPETRO,176.85,177.25,175.5,175.75,905124.0
2020-10-29 14:15:00,NSE:HINDPETRO,175.75,178.75,175.6,178.6,1156581.0
2020-10-29 15:00:00,NSE:HINDPETRO,178.55,180.75,178.4,179.6,1870472.0
2020-10-30 09:00:00,NSE:HINDPETRO,184.5,187.35,182.65,187.0,7876882.0
2020-10-30 09:45:00,NSE:HINDPETRO,187.0,189.2,185.8,188.25,6241072.0
2020-10-30 10:30:00,NSE:HINDPETRO,188.25,189.6,187.0,187.65,2591883.0
2020-10-30 11:15:00,NSE:HINDPETRO,187.5,188.2,186.55,187.1,1323338.0
2020-10-30 12:00:00,NSE:HINDPETRO,187.0,187.2,184.9,186.05,2700739.0
2020-10-30 12:45:00,NSE:HINDPETRO,186.1,188.6,186.0,187.2,1609970.0
2020-10-30 13:30:00,NSE:HINDPETRO,187.2,188.2,187.0,187.65,703303.0
2020-10-30 14:15:00,NSE:HINDPETRO,187.65,187.9,187.0,187.3,864225.0
2020-10-30 15:00:00,NSE:HINDPETRO,187.25,188.35,187.0,187.65,2064508.0
2020-11-02 09:00:00,NSE:HINDPETRO,188.0,189.0,185.7,187.05,1779038.0
2020-11-02 09:45:00,NSE:HINDPETRO,187.1,187.3,186.1,186.95,725289.0
2020-11-02 10:30:00,NSE:HINDPETRO,186.95,187.95,186.6,187.95,537656.0
2020-11-02 11:15:00,NSE:HINDPETRO,187.95,188.2,186.25,186.4,403801.0
2020-11-02 12:00:00,NSE:HINDPETRO,186.5,187.5,186.4,187.15,360695.0
2020-11-02 12:45:00,NSE:HINDPETRO,187.1,188.3,187.1,187.8,366069.0
2020-11-02 13:30:00,NSE:HINDPETRO,187.8,188.3,187.65,187.8,399605.0
2020-11-02 14:15:00,NSE:HINDPETRO,187.8,188.0,187.0,187.55,436693.0
2020-11-02 15:00:00,NSE:HINDPETRO,187.35,188.0,187.0,187.3,958170.0
2020-11-03 09:00:00,NSE:HINDPETRO,189.0,191.45,187.75,188.75,1773262.0
2020-11-03 09:45:00,NSE:HINDPETRO,188.9,189.75,187.05,187.7,796952.0
2020-11-03 10:30:00,NSE:HINDPETRO,187.7,188.0,186.3,187.45,670089.0
2020-11-03 11:15:00,NSE:HINDPETRO,187.45,187.55,185.85,186.25,770918.0
2020-11-03 12:00:00,NSE:HINDPETRO,186.35,186.75,184.5,185.45,727866.0
2020-11-03 12:45:00,NSE:HINDPETRO,185.45,185.7,184.3,185.3,479518.0
2020-11-03 13:30:00,NSE:HINDPETRO,185.3,185.6,184.5,184.75,527664.0
2020-11-03 14:15:00,NSE:HINDPETRO,184.65,185.75,184.15,185.7,627464.0
2020-11-03 15:00:00,NSE:HINDPETRO,185.7,186.5,184.9,185.65,1211137.0
2020-11-04 09:00:00,NSE:HINDPETRO,186.4,188.1,184.3,185.9,1244554.0
2020-11-04 09:45:00,NSE:HINDPETRO,185.9,186.7,185.0,185.7,463572.0
2020-11-04 10:30:00,NSE:HINDPETRO,185.7,185.75,184.5,185.0,481889.0
2020-11-04 11:15:00,NSE:HINDPETRO,185.0,185.55,183.35,183.55,758708.0
2020-11-04 12:00:00,NSE:HINDPETRO,183.6,184.45,183.5,183.75,459666.0
2020-11-04 12:45:00,NSE:HINDPETRO,183.6,184.0,181.15,182.0,713667.0
2020-11-04 13:30:00,NSE:HINDPETRO,182.0,184.15,181.95,183.6,471102.0
2020-11-04 14:15:00,NSE:HINDPETRO,183.6,187.2,183.5,187.1,1140251.0
2020-11-04 15:00:00,NSE:HINDPETRO,187.0,187.35,186.0,186.75,884307.0
2020-11-05 09:00:00,NSE:HINDPETRO,199.0,201.5,194.3,199.6,13439067.0
2020-11-05 09:45:00,NSE:HINDPETRO,199.7,203.0,199.2,200.95,8151155.0
2020-11-05 10:30:00,NSE:HINDPETRO,201.1,201.9,200.3,200.8,2162119.0
2020-11-05 11:15:00,NSE:HINDPETRO,200.65,201.75,200.35,201.35,1482324.0
2020-11-05 12:00:00,NSE:HINDPETRO,201.35,205.0,200.85,204.1,5182421.0
2020-11-05 12:45:00,NSE:HINDPETRO,204.05,205.35,203.1,203.75,4101835.0
2020-11-05 13:30:00,NSE:HINDPETRO,203.8,205.0,203.45,204.75,2103847.0
2020-11-05 14:15:00,NSE:HINDPETRO,204.8,205.9,204.4,205.65,4843770.0
2020-11-05 15:00:00,NSE:HINDPETRO,205.65,206.2,204.1,205.25,6556456.0
2020-11-06 09:00:00,NSE:HINDPETRO,206.0,207.25,204.05,205.15,2016885.0
2020-11-06 09:45:00,NSE:HINDPETRO,205.2,206.6,204.6,206.1,1135864.0
2020-11-06 10:30:00,NSE:HINDPETRO,206.1,207.0,202.3,204.05,1972972.0
2020-11-06 11:15:00,NSE:HINDPETRO,204.15,206.0,203.7,205.9,1223019.0
2020-11-06 12:00:00,NSE:HINDPETRO,205.95,207.2,205.7,206.0,1141857.0
2020-11-06 12:45:00,NSE:HINDPETRO,206.0,206.3,205.2,205.3,463684.0
2020-11-06 13:30:00,NSE:HINDPETRO,205.25,206.2,205.25,206.05,512074.0
2020-11-06 14:15:00,NSE:HINDPETRO,206.05,206.15,205.3,205.9,635388.0
2020-11-06 15:00:00,NSE:HINDPETRO,205.9,206.0,204.05,205.35,1104548.0
2020-11-09 09:00:00,NSE:HINDPETRO,205.95,207.8,204.1,206.8,1602957.0
2020-11-09 09:45:00,NSE:HINDPETRO,206.75,207.0,204.8,205.1,934955.0
2020-11-09 10:30:00,NSE:HINDPETRO,205.0,206.5,204.85,206.25,592722.0
2020-11-09 11:15:00,NSE:HINDPETRO,206.2,208.4,205.9,208.25,1142713.0
2020-11-09 12:00:00,NSE:HINDPETRO,208.25,209.9,208.0,209.65,1270993.0
2020-11-09 12:45:00,NSE:HINDPETRO,209.65,209.8,208.1,209.05,593179.0
2020-11-09 13:30:00,NSE:HINDPETRO,209.0,209.0,207.85,208.4,370327.0
2020-11-09 14:15:00,NSE:HINDPETRO,208.35,208.4,207.6,207.9,425534.0
2020-11-09 15:00:00,NSE:HINDPETRO,208.0,208.5,207.5,208.05,746328.0
2020-11-10 09:00:00,NSE:HINDPETRO,208.0,212.45,207.5,211.5,2513006.0
2020-11-10 09:45:00,NSE:HINDPETRO,211.5,212.75,211.4,212.35,1191218.0
2020-11-10 10:30:00,NSE:HINDPETRO,212.3,213.8,212.25,212.7,869254.0
2020-11-10 11:15:00,NSE:HINDPETRO,212.75,213.15,211.8,212.2,632369.0
2020-11-10 12:00:00,NSE:HINDPETRO,212.15,213.15,212.1,213.05,441528.0
2020-11-10 12:45:00,NSE:HINDPETRO,213.0,213.2,211.25,211.4,632731.0
2020-11-10 13:30:00,NSE:HINDPETRO,211.4,212.5,210.25,210.6,817809.0
2020-11-10 14:15:00,NSE:HINDPETRO,210.6,213.0,210.05,212.55,820826.0
2020-11-10 15:00:00,NSE:HINDPETRO,212.55,212.95,212.0,212.5,985513.0
2020-11-11 09:00:00,NSE:HINDPETRO,213.0,217.4,212.7,216.85,1692138.0
2020-11-11 09:45:00,NSE:HINDPETRO,216.85,217.0,213.25,214.1,1466213.0
2020-11-11 10:30:00,NSE:HINDPETRO,214.05,214.55,210.5,210.6,1140784.0
2020-11-11 11:15:00,NSE:HINDPETRO,210.6,211.95,209.1,210.15,1127510.0
2020-11-11 12:00:00,NSE:HINDPETRO,210.15,213.4,210.1,213.3,770571.0
2020-11-11 12:45:00,NSE:HINDPETRO,213.4,214.2,211.35,212.25,618965.0
2020-11-11 13:30:00,NSE:HINDPETRO,212.55,215.0,212.5,214.6,779990.0
2020-11-11 14:15:00,NSE:HINDPETRO,214.6,215.0,214.0,214.8,511026.0
2020-11-11 15:00:00,NSE:HINDPETRO,214.8,215.0,214.1,214.7,958215.0
2020-11-12 09:00:00,NSE:HINDPETRO,214.9,216.2,212.8,214.5,869088.0
2020-11-12 09:45:00,NSE:HINDPETRO,214.4,214.7,212.6,213.25,495859.0
2020-11-12 10:30:00,NSE:HINDPETRO,213.15,215.05,212.9,214.05,338616.0
2020-11-12 11:15:00,NSE:HINDPETRO,214.1,215.35,213.85,215.0,256964.0
2020-11-12 12:00:00,NSE:HINDPETRO,215.0,215.0,214.2,214.3,262720.0
2020-11-12 12:45:00,NSE:HINDPETRO,214.4,215.2,213.35,213.6,351861.0
2020-11-12 13:30:00,NSE:HINDPETRO,213.55,214.0,213.1,213.75,223270.0
2020-11-12 14:15:00,NSE:HINDPETRO,213.75,213.75,213.0,213.35,256500.0
2020-11-12 15:00:00,NSE:HINDPETRO,213.35,214.25,213.05,213.6,696595.0
2020-11-13 09:00:00,NSE:HINDPETRO,212.55,213.0,210.7,210.75,684101.0
2020-11-13 09:45:00,NSE:HINDPETRO,210.7,211.95,209.75,211.85,733310.0
2020-11-13 10:30:00,NSE:HINDPETRO,211.85,215.65,211.85,213.85,1279130.0
2020-11-13 11:15:00,NSE:HINDPETRO,213.85,215.75,213.85,214.9,592865.0
2020-11-13 12:00:00,NSE:HINDPETRO,214.9,215.5,213.75,214.65,308456.0
2020-11-13 12:45:00,NSE:HINDPETRO,214.65,215.5,214.35,215.2,219691.0
2020-11-13 13:30:00,NSE:HINDPETRO,215.25,215.7,214.65,214.85,297232.0
2020-11-13 14:15:00,NSE:HINDPETRO,214.8,215.5,214.1,214.95,458865.0
2020-11-13 15:00:00,NSE:HINDPETRO,214.9,215.1,214.05,214.65,735256.0
2020-11-14 17:45:00,NSE:HINDPETRO,215.5,218.45,215.15,217.95,612241.0
2020-11-14 18:30:00,NSE:HINDPETRO,218.0,221.85,217.85,220.9,2796663.0
2020-11-14 19:15:00,NSE:HINDPETRO,220.3,220.3,219.5,219.5,334.0
2020-11-17 09:00:00,NSE:HINDPETRO,221.0,223.4,217.2,218.75,2913846.0
2020-11-17 09:45:00,NSE:HINDPETRO,218.75,219.8,217.6,217.9,1253265.0
2020-11-17 10:30:00,NSE:HINDPETRO,217.8,219.0,217.1,217.7,671526.0
2020-11-17 11:15:00,NSE:HINDPETRO,217.8,218.2,216.9,217.3,361781.0
2020-11-17 12:00:00,NSE:HINDPETRO,217.25,217.3,216.3,216.75,379645.0
2020-11-17 12:45:00,NSE:HINDPETRO,216.8,218.0,216.75,217.55,259965.0
2020-11-17 13:30:00,NSE:HINDPETRO,217.65,218.5,217.2,217.9,252967.0
2020-11-17 14:15:00,NSE:HINDPETRO,217.85,218.4,215.65,216.6,838058.0
2020-11-17 15:00:00,NSE:HINDPETRO,216.7,218.5,216.4,217.7,1207759.0
2020-11-18 09:00:00,NSE:HINDPETRO,216.7,216.75,213.45,215.65,1784999.0
2020-11-18 09:45:00,NSE:HINDPETRO,215.75,215.75,212.7,213.05,1038661.0
2020-11-18 10:30:00,NSE:HINDPETRO,213.0,214.45,212.5,213.65,1103123.0
2020-11-18 11:15:00,NSE:HINDPETRO,213.7,213.7,211.95,212.2,560423.0
2020-11-18 12:00:00,NSE:HINDPETRO,212.35,213.0,211.6,212.15,661034.0
2020-11-18 12:45:00,NSE:HINDPETRO,212.15,214.05,211.75,213.8,1018467.0
2020-11-18 13:30:00,NSE:HINDPETRO,213.85,214.25,212.2,212.95,787118.0
2020-11-18 14:15:00,NSE:HINDPETRO,213.0,213.95,212.5,212.75,786313.0
2020-11-18 15:00:00,NSE:HINDPETRO,212.75,214.5,212.65,213.75,1438534.0
2020-11-19 09:00:00,NSE:HINDPETRO,213.0,218.25,212.1,216.7,1555494.0
2020-11-19 09:45:00,NSE:HINDPETRO,216.65,216.7,215.05,215.45,878043.0
2020-11-19 10:30:00,NSE:HINDPETRO,215.45,215.45,214.05,214.25,545559.0
2020-11-19 11:15:00,NSE:HINDPETRO,214.25,214.9,213.6,214.55,562492.0
2020-11-19 12:00:00,NSE:HINDPETRO,214.55,215.0,213.9,214.2,528284.0
2020-11-19 12:45:00,NSE:HINDPETRO,214.2,215.0,212.8,214.75,798805.0
2020-11-19 13:30:00,NSE:HINDPETRO,214.65,216.3,213.0,213.2,944706.0
2020-11-19 14:15:00,NSE:HINDPETRO,213.2,213.8,212.1,213.3,762880.0
2020-11-19 15:00:00,NSE:HINDPETRO,213.45,214.45,212.0,213.35,1000140.0
2020-11-20 09:00:00,NSE:HINDPETRO,214.1,215.65,213.5,214.7,753479.0
2020-11-20 09:45:00,NSE:HINDPETRO,214.6,214.7,212.65,214.25,437907.0
2020-11-20 10:30:00,NSE:HINDPETRO,214.25,214.25,212.75,212.85,301125.0
2020-11-20 11:15:00,NSE:HINDPETRO,212.85,213.4,211.45,212.65,692103.0
2020-11-20 12:00:00,NSE:HINDPETRO,212.75,215.25,212.75,213.5,633302.0
2020-11-20 12:45:00,NSE:HINDPETRO,213.6,215.0,213.55,214.0,210220.0
2020-11-20 13:30:00,NSE:HINDPETRO,213.85,214.8,213.6,214.7,168374.0
2020-11-20 14:15:00,NSE:HINDPETRO,214.7,216.0,213.1,213.8,652998.0
2020-11-20 15:00:00,NSE:HINDPETRO,213.85,214.55,213.35,214.05,823201.0
2020-11-23 09:00:00,NSE:HINDPETRO,215.0,216.0,213.9,215.3,693407.0
2020-11-23 09:45:00,NSE:HINDPETRO,215.3,215.6,213.35,213.8,521992.0
2020-11-23 10:30:00,NSE:HINDPETRO,213.8,215.0,213.1,214.45,384051.0
2020-11-23 11:15:00,NSE:HINDPETRO,214.5,216.0,213.95,215.15,895712.0
2020-11-23 12:00:00,NSE:HINDPETRO,215.15,215.45,213.8,214.75,482290.0
2020-11-23 12:45:00,NSE:HINDPETRO,214.85,215.65,214.4,214.75,452259.0
2020-11-23 13:30:00,NSE:HINDPETRO,214.6,215.9,214.4,215.25,542867.0
2020-11-23 14:15:00,NSE:HINDPETRO,215.25,216.25,215.0,215.5,838157.0
2020-11-23 15:00:00,NSE:HINDPETRO,215.5,215.95,215.1,215.4,686247.0
2020-11-24 09:00:00,NSE:HINDPETRO,216.0,216.3,214.4,215.6,715523.0
2020-11-24 09:45:00,NSE:HINDPETRO,215.6,215.7,214.05,214.1,690055.0
2020-11-24 10:30:00,NSE:HINDPETRO,214.0,214.3,213.35,213.65,420279.0
2020-11-24 11:15:00,NSE:HINDPETRO,213.55,214.85,213.35,214.65,441874.0
2020-11-24 12:00:00,NSE:HINDPETRO,214.45,215.0,214.1,214.65,325542.0
2020-11-24 12:45:00,NSE:HINDPETRO,214.65,215.45,213.5,213.8,507821.0
2020-11-24 13:30:00,NSE:HINDPETRO,213.75,215.0,213.75,214.25,441655.0
2020-11-24 14:15:00,NSE:HINDPETRO,214.2,214.25,213.3,213.95,386016.0
2020-11-24 15:00:00,NSE:HINDPETRO,213.95,215.0,213.55,214.45,818084.0
2020-11-25 09:00:00,NSE:HINDPETRO,214.5,215.95,213.8,214.6,725566.0
2020-11-25 09:45:00,NSE:HINDPETRO,214.7,215.15,213.6,213.6,649036.0
2020-11-25 10:30:00,NSE:HINDPETRO,213.65,213.8,212.4,213.5,763340.0
2020-11-25 11:15:00,NSE:HINDPETRO,213.45,214.5,212.3,213.5,583418.0
2020-11-25 12:00:00,NSE:HINDPETRO,213.5,214.25,213.3,214.1,333650.0
2020-11-25 12:45:00,NSE:HINDPETRO,214.0,214.35,213.4,213.6,279335.0
2020-11-25 13:30:00,NSE:HINDPETRO,213.7,214.4,212.4,212.5,492892.0
2020-11-25 14:15:00,NSE:HINDPETRO,212.5,213.2,210.75,211.65,640498.0
2020-11-25 15:00:00,NSE:HINDPETRO,211.8,212.5,211.2,212.05,1105071.0
2020-11-26 09:00:00,NSE:HINDPETRO,212.45,212.85,208.1,208.3,1215390.0
2020-11-26 09:45:00,NSE:HINDPETRO,208.3,210.75,208.2,210.5,935180.0
2020-11-26 10:30:00,NSE:HINDPETRO,210.45,212.0,210.05,211.8,682279.0
2020-11-26 11:15:00,NSE:HINDPETRO,211.85,212.25,210.6,210.9,356788.0
2020-11-26 12:00:00,NSE:HINDPETRO,210.85,212.2,210.4,212.05,400649.0
2020-11-26 12:45:00,NSE:HINDPETRO,212.1,213.45,211.9,213.25,628656.0
2020-11-26 13:30:00,NSE:HINDPETRO,213.3,213.45,212.4,213.4,526993.0
2020-11-26 14:15:00,NSE:HINDPETRO,213.4,213.55,212.6,213.35,686390.0
2020-11-26 15:00:00,NSE:HINDPETRO,213.25,213.85,212.05,213.15,1092063.0
2020-11-27 09:00:00,NSE:HINDPETRO,213.5,215.8,212.0,214.3,988589.0
2020-11-27 09:45:00,NSE:HINDPETRO,214.3,215.5,213.2,214.55,1738494.0
2020-11-27 10:30:00,NSE:HINDPETRO,214.6,215.3,213.3,213.8,1636617.0
2020-11-27 11:15:00,NSE:HINDPETRO,213.95,214.3,212.0,212.45,1019642.0
2020-11-27 12:00:00,NSE:HINDPETRO,212.4,212.55,212.05,212.3,436866.0
2020-11-27 12:45:00,NSE:HINDPETRO,212.3,212.35,211.5,212.1,442475.0
2020-11-27 13:30:00,NSE:HINDPETRO,212.1,212.95,211.55,212.95,551450.0
2020-11-27 14:15:00,NSE:HINDPETRO,212.95,213.2,211.6,212.5,756563.0
2020-11-27 15:00:00,NSE:HINDPETRO,212.35,212.7,206.5,209.35,9186221.0
2020-12-01 09:00:00,NSE:HINDPETRO,210.0,211.9,208.8,211.75,730134.0
2020-12-01 09:45:00,NSE:HINDPETRO,211.75,212.4,211.0,211.5,427801.0
2020-12-01 10:30:00,NSE:HINDPETRO,211.5,211.75,210.5,210.95,229106.0
2020-12-01 11:15:00,NSE:HINDPETRO,210.95,211.15,210.4,210.95,189398.0
2020-12-01 12:00:00,NSE:HINDPETRO,210.95,212.2,210.5,211.85,425088.0
2020-12-01 12:45:00,NSE:HINDPETRO,211.85,212.5,211.5,211.75,486953.0
2020-12-01 13:30:00,NSE:HINDPETRO,211.75,212.25,210.7,210.7,475422.0
2020-12-01 14:15:00,NSE:HINDPETRO,210.7,211.85,210.5,211.4,407001.0
2020-12-01 15:00:00,NSE:HINDPETRO,211.35,212.15,210.8,211.6,646893.0
2020-12-02 09:00:00,NSE:HINDPETRO,212.9,219.4,212.2,218.05,2667697.0
2020-12-02 09:45:00,NSE:HINDPETRO,218.0,218.25,216.6,216.8,783648.0
2020-12-02 10:30:00,NSE:HINDPETRO,216.85,218.35,216.25,217.5,516133.0
2020-12-02 11:15:00,NSE:HINDPETRO,217.4,217.95,214.75,215.4,929851.0
2020-12-02 12:00:00,NSE:HINDPETRO,215.4,216.55,215.3,215.8,431321.0
2020-12-02 12:45:00,NSE:HINDPETRO,215.75,215.9,213.15,214.0,960737.0
2020-12-02 13:30:00,NSE:HINDPETRO,213.9,214.0,212.45,213.9,806825.0
2020-12-02 14:15:00,NSE:HINDPETRO,213.9,214.15,212.6,213.6,1070238.0
2020-12-02 15:00:00,NSE:HINDPETRO,213.5,215.3,213.5,214.7,1481478.0
2020-12-03 09:00:00,NSE:HINDPETRO,215.85,218.4,214.5,216.25,1120775.0
2020-12-03 09:45:00,NSE:HINDPETRO,216.2,216.8,215.65,216.6,322600.0
2020-12-03 10:30:00,NSE:HINDPETRO,216.6,218.3,216.5,218.3,1350746.0
2020-12-03 11:15:00,NSE:HINDPETRO,218.3,218.8,217.55,217.9,778108.0
2020-12-03 12:00:00,NSE:HINDPETRO,217.8,218.5,217.2,218.3,1029562.0
2020-12-03 12:45:00,NSE:HINDPETRO,218.3,220.0,217.8,219.5,1440438.0
2020-12-03 13:30:00,NSE:HINDPETRO,219.5,220.0,218.55,219.7,676819.0
2020-12-03 14:15:00,NSE:HINDPETRO,219.7,220.75,218.5,220.35,1427641.0
2020-12-03 15:00:00,NSE:HINDPETRO,220.25,220.9,219.7,220.25,1044646.0
2020-12-04 09:00:00,NSE:HINDPETRO,221.2,223.15,219.8,220.3,692708.0
2020-12-04 09:45:00,NSE:HINDPETRO,220.25,220.5,218.65,219.05,702010.0
2020-12-04 10:30:00,NSE:HINDPETRO,219.2,219.6,218.7,219.05,387259.0
2020-12-04 11:15:00,NSE:HINDPETRO,219.05,219.15,216.75,217.1,1163080.0
2020-12-04 12:00:00,NSE:HINDPETRO,217.05,219.0,215.7,216.5,783894.0
2020-12-04 12:45:00,NSE:HINDPETRO,216.4,217.7,216.0,216.55,977508.0
2020-12-04 13:30:00,NSE:HINDPETRO,216.45,217.3,216.1,216.35,418861.0
2020-12-04 14:15:00,NSE:HINDPETRO,216.35,216.75,215.0,215.55,1119950.0
2020-12-04 15:00:00,NSE:HINDPETRO,215.55,217.45,215.5,216.65,1514585.0
2020-12-07 09:00:00,NSE:HINDPETRO,218.0,219.8,215.15,219.0,2282958.0
2020-12-07 09:45:00,NSE:HINDPETRO,218.75,219.4,217.3,218.05,485087.0
2020-12-07 10:30:00,NSE:HINDPETRO,218.0,218.2,217.4,217.65,206134.0
2020-12-07 11:15:00,NSE:HINDPETRO,217.55,218.35,216.75,218.15,474014.0
2020-12-07 12:00:00,NSE:HINDPETRO,218.15,218.95,216.65,216.85,673332.0
2020-12-07 12:45:00,NSE:HINDPETRO,217.0,217.0,215.2,215.95,795986.0
2020-12-07 13:30:00,NSE:HINDPETRO,215.95,217.25,215.6,215.65,866797.0
2020-12-07 14:15:00,NSE:HINDPETRO,215.75,216.6,215.55,216.2,559316.0
2020-12-07 15:00:00,NSE:HINDPETRO,216.35,217.0,216.1,216.7,931998.0
2020-12-07 15:45:00,NSE:HINDPETRO,216.7,216.7,216.6,216.7,1255.0
2020-12-08 09:00:00,NSE:HINDPETRO,218.1,218.65,215.5,217.0,859611.0
2020-12-08 09:45:00,NSE:HINDPETRO,216.85,217.8,216.5,216.7,544035.0
2020-12-08 10:30:00,NSE:HINDPETRO,216.7,217.0,214.4,215.0,865219.0
2020-12-08 11:15:00,NSE:HINDPETRO,215.0,215.85,214.0,214.95,973557.0
2020-12-08 12:00:00,NSE:HINDPETRO,214.85,216.3,214.5,214.95,475148.0
2020-12-08 12:45:00,NSE:HINDPETRO,214.9,215.8,214.6,215.35,380328.0
2020-12-08 13:30:00,NSE:HINDPETRO,215.4,215.95,214.1,215.45,755886.0
2020-12-08 14:15:00,NSE:HINDPETRO,215.4,216.2,215.25,216.0,327379.0
2020-12-08 15:00:00,NSE:HINDPETRO,216.05,216.15,215.2,216.0,763273.0
2020-12-08 15:45:00,NSE:HINDPETRO,215.85,216.0,215.85,216.0,1060.0
2020-12-09 09:00:00,NSE:HINDPETRO,217.85,220.25,216.85,218.75,1698920.0
2020-12-09 09:45:00,NSE:HINDPETRO,218.65,218.85,217.45,217.65,719586.0
2020-12-09 10:30:00,NSE:HINDPETRO,217.65,217.9,216.7,217.85,606893.0
2020-12-09 11:15:00,NSE:HINDPETRO,217.85,218.25,216.8,216.95,843766.0
2020-12-09 12:00:00,NSE:HINDPETRO,216.85,217.55,216.0,216.1,564202.0
2020-12-09 12:45:00,NSE:HINDPETRO,216.15,216.85,215.65,216.0,580818.0
2020-12-09 13:30:00,NSE:HINDPETRO,216.0,217.5,215.85,217.35,599508.0
2020-12-09 14:15:00,NSE:HINDPETRO,217.2,218.45,217.0,217.25,903790.0
2020-12-09 15:00:00,NSE:HINDPETRO,217.25,218.85,217.15,218.3,1451768.0
2020-12-09 15:45:00,NSE:HINDPETRO,218.3,218.8,218.3,218.3,3485.0
2020-12-10 09:00:00,NSE:HINDPETRO,219.0,219.0,212.6,213.3,582191.0
2020-12-10 09:45:00,NSE:HINDPETRO,213.35,214.45,213.15,213.75,758352.0
2020-12-10 10:30:00,NSE:HINDPETRO,213.75,215.25,213.65,214.75,752387.0
2020-12-10 11:15:00,NSE:HINDPETRO,214.7,215.2,213.6,214.5,755118.0
2020-12-10 12:00:00,NSE:HINDPETRO,214.45,214.85,213.1,213.4,713547.0
2020-12-10 12:45:00,NSE:HINDPETRO,213.55,214.3,213.4,214.0,678700.0
2020-12-10 13:30:00,NSE:HINDPETRO,214.0,215.1,213.5,214.55,712416.0
2020-12-10 14:15:00,NSE:HINDPETRO,214.6,215.8,214.25,215.6,699119.0
2020-12-10 15:00:00,NSE:HINDPETRO,215.5,216.3,215.1,215.55,622266.0
2020-12-11 09:00:00,NSE:HINDPETRO,216.0,219.55,215.8,218.05,1204867.0
2020-12-11 09:45:00,NSE:HINDPETRO,218.05,219.4,217.4,219.05,758941.0
2020-12-11 10:30:00,NSE:HINDPETRO,219.15,223.0,218.8,220.8,2943994.0
2020-12-11 11:15:00,NSE:HINDPETRO,220.85,221.0,218.1,219.0,980258.0
2020-12-11 12:00:00,NSE:HINDPETRO,219.0,219.2,218.3,218.5,418575.0
2020-12-11 12:45:00,NSE:HINDPETRO,218.5,219.3,218.05,219.05,445916.0
2020-12-11 13:30:00,NSE:HINDPETRO,219.05,219.5,215.75,215.95,1428807.0
2020-12-11 14:15:00,NSE:HINDPETRO,216.0,216.9,214.8,216.5,1525870.0
2020-12-11 15:00:00,NSE:HINDPETRO,216.5,218.3,216.4,216.85,2114183.0
2020-12-11 15:45:00,NSE:HINDPETRO,217.35,218.05,216.85,216.85,1400.0
2020-12-14 09:00:00,NSE:HINDPETRO,219.4,221.0,218.05,220.9,2722922.0
2020-12-14 09:45:00,NSE:HINDPETRO,220.95,224.2,220.8,223.3,2666068.0
2020-12-14 10:30:00,NSE:HINDPETRO,223.45,226.85,223.25,225.65,3364263.0
2020-12-14 11:15:00,NSE:HINDPETRO,225.55,228.0,224.8,227.4,2438397.0
2020-12-14 12:00:00,NSE:HINDPETRO,227.4,228.25,226.8,227.95,1441187.0
2020-12-14 12:45:00,NSE:HINDPETRO,228.0,228.15,225.4,226.9,2042492.0
2020-12-14 13:30:00,NSE:HINDPETRO,226.8,228.5,225.8,228.05,1416614.0
2020-12-14 14:15:00,NSE:HINDPETRO,228.0,229.75,227.15,228.75,2132473.0
2020-12-14 15:00:00,NSE:HINDPETRO,228.75,229.6,227.5,228.7,2588861.0
2020-12-14 15:45:00,NSE:HINDPETRO,228.7,228.7,228.55,228.7,1988.0
2020-12-15 09:00:00,NSE:HINDPETRO,229.1,229.1,225.0,226.25,1636756.0
2020-12-15 09:45:00,NSE:HINDPETRO,226.3,227.75,224.25,227.6,1069113.0
2020-12-15 10:30:00,NSE:HINDPETRO,227.7,228.6,227.2,228.3,662229.0
2020-12-15 11:15:00,NSE:HINDPETRO,228.35,229.85,227.6,228.0,822378.0
2020-12-15 12:00:00,NSE:HINDPETRO,228.0,228.15,226.8,227.1,344555.0
2020-12-15 12:45:00,NSE:HINDPETRO,227.2,228.05,227.1,227.35,307333.0
2020-12-15 13:30:00,NSE:HINDPETRO,227.4,228.15,226.7,227.7,437004.0
2020-12-15 14:15:00,NSE:HINDPETRO,227.75,227.8,226.4,226.8,480491.0
2020-12-15 15:00:00,NSE:HINDPETRO,226.65,226.95,225.8,226.45,674372.0
2020-12-15 15:45:00,NSE:HINDPETRO,226.45,226.7,226.45,226.45,5049.0
2020-12-16 09:00:00,NSE:HINDPETRO,228.9,233.65,228.55,233.25,2258429.0
2020-12-16 09:45:00,NSE:HINDPETRO,233.4,234.4,231.4,232.4,1539089.0
2020-12-16 10:30:00,NSE:HINDPETRO,232.45,234.4,232.25,234.35,978055.0
2020-12-16 11:15:00,NSE:HINDPETRO,234.35,234.4,231.05,231.85,1033061.0
2020-12-16 12:00:00,NSE:HINDPETRO,231.8,232.1,231.05,231.15,544558.0
2020-12-16 12:45:00,NSE:HINDPETRO,231.25,231.9,230.25,231.35,683432.0
2020-12-16 13:30:00,NSE:HINDPETRO,231.4,232.6,231.05,231.95,532374.0
2020-12-16 14:15:00,NSE:HINDPETRO,232.0,232.0,230.5,230.75,967439.0
2020-12-16 15:00:00,NSE:HINDPETRO,230.75,231.35,230.0,230.6,875748.0
2020-12-16 15:45:00,NSE:HINDPETRO,230.6,230.6,230.3,230.6,268.0
2020-12-17 09:00:00,NSE:HINDPETRO,232.7,232.7,227.6,228.1,1198694.0
2020-12-17 09:45:00,NSE:HINDPETRO,228.1,229.3,225.45,226.0,1276266.0
2020-12-17 10:30:00,NSE:HINDPETRO,226.0,228.5,225.6,228.25,844022.0
2020-12-17 11:15:00,NSE:HINDPETRO,228.35,228.9,226.8,228.65,1136644.0
2020-12-17 12:00:00,NSE:HINDPETRO,228.65,228.8,226.4,226.8,479174.0
2020-12-17 12:45:00,NSE:HINDPETRO,226.85,227.35,226.3,226.45,726294.0
2020-12-17 13:30:00,NSE:HINDPETRO,226.4,226.8,226.1,226.1,402409.0
2020-12-17 14:15:00,NSE:HINDPETRO,226.1,227.0,224.8,226.25,995586.0
2020-12-17 15:00:00,NSE:HINDPETRO,226.25,226.6,224.65,225.95,1045910.0
2020-12-17 15:45:00,NSE:HINDPETRO,225.95,225.95,225.4,225.95,249.0
2020-12-18 09:00:00,NSE:HINDPETRO,226.0,227.0,222.65,224.65,759268.0
2020-12-18 09:45:00,NSE:HINDPETRO,224.45,225.4,223.0,225.1,790608.0
2020-12-18 10:30:00,NSE:HINDPETRO,225.1,225.35,224.3,224.8,230965.0
2020-12-18 11:15:00,NSE:HINDPETRO,224.85,225.6,222.5,222.9,580577.0
2020-12-18 12:00:00,NSE:HINDPETRO,222.9,223.85,222.3,223.75,685401.0
2020-12-18 12:45:00,NSE:HINDPETRO,223.75,224.9,223.75,224.65,298497.0
2020-12-18 13:30:00,NSE:HINDPETRO,224.65,225.15,224.45,225.0,308790.0
2020-12-18 14:15:00,NSE:HINDPETRO,225.0,225.2,224.0,224.5,360717.0
2020-12-18 15:00:00,NSE:HINDPETRO,224.55,225.1,223.15,224.4,1702212.0
2020-12-18 15:45:00,NSE:HINDPETRO,224.4,224.4,224.4,224.4,85.0
2020-12-21 09:00:00,NSE:HINDPETRO,222.5,223.25,221.05,222.05,561003.0
2020-12-21 09:45:00,NSE:HINDPETRO,222.2,223.45,221.75,222.6,396572.0
2020-12-21 10:30:00,NSE:HINDPETRO,222.65,222.75,220.3,220.3,594395.0
2020-12-21 11:15:00,NSE:HINDPETRO,220.45,221.3,219.1,221.0,423750.0
2020-12-21 12:00:00,NSE:HINDPETRO,221.0,221.1,220.2,220.3,253750.0
2020-12-21 12:45:00,NSE:HINDPETRO,220.3,220.8,217.1,217.75,797935.0
2020-12-21 13:30:00,NSE:HINDPETRO,217.75,217.75,212.75,214.3,1711560.0
2020-12-21 14:15:00,NSE:HINDPETRO,214.3,214.35,204.55,208.15,3312561.0
2020-12-21 15:00:00,NSE:HINDPETRO,208.15,211.4,207.1,208.0,2084048.0
2020-12-21 15:45:00,NSE:HINDPETRO,209.35,209.35,208.0,209.35,2294.0
2020-12-22 09:00:00,NSE:HINDPETRO,210.2,211.5,203.9,205.6,1631236.0
2020-12-22 09:45:00,NSE:HINDPETRO,205.4,210.3,205.0,208.0,1474474.0
2020-12-22 10:30:00,NSE:HINDPETRO,207.9,209.7,206.3,206.65,697549.0
2020-12-22 11:15:00,NSE:HINDPETRO,206.65,208.45,204.9,207.95,875594.0
2020-12-22 12:00:00,NSE:HINDPETRO,207.95,207.95,205.2,207.0,905003.0
2020-12-22 12:45:00,NSE:HINDPETRO,207.0,207.1,205.1,206.65,1112263.0
2020-12-22 13:30:00,NSE:HINDPETRO,206.65,209.4,206.0,209.3,860577.0
2020-12-22 14:15:00,NSE:HINDPETRO,209.3,210.55,208.5,210.3,906170.0
2020-12-22 15:00:00,NSE:HINDPETRO,210.3,211.45,210.2,211.2,914477.0
2020-12-22 15:45:00,NSE:HINDPETRO,210.85,211.2,210.85,210.85,619.0
2020-12-23 09:00:00,NSE:HINDPETRO,210.85,211.45,209.1,209.8,671645.0
2020-12-23 09:45:00,NSE:HINDPETRO,209.95,211.35,208.8,210.05,962430.0
2020-12-23 10:30:00,NSE:HINDPETRO,210.2,210.9,208.55,210.55,1134432.0
2020-12-23 11:15:00,NSE:HINDPETRO,210.6,210.85,208.35,208.9,1337821.0
2020-12-23 12:00:00,NSE:HINDPETRO,208.8,209.65,208.5,209.1,729228.0
2020-12-23 12:45:00,NSE:HINDPETRO,209.2,209.5,208.5,208.85,740346.0
2020-12-23 13:30:00,NSE:HINDPETRO,208.8,210.5,208.8,210.45,435169.0
2020-12-23 14:15:00,NSE:HINDPETRO,210.45,210.9,210.0,210.25,550111.0
2020-12-23 15:00:00,NSE:HINDPETRO,210.1,211.35,209.7,210.3,1780859.0
2020-12-23 15:45:00,NSE:HINDPETRO,210.3,210.85,210.3,210.3,881.0
2020-12-24 09:00:00,NSE:HINDPETRO,211.45,215.5,211.05,214.8,1227890.0
2020-12-24 09:45:00,NSE:HINDPETRO,214.75,215.5,213.55,214.05,664534.0
2020-12-24 10:30:00,NSE:HINDPETRO,214.15,214.5,211.75,212.85,517117.0
2020-12-24 11:15:00,NSE:HINDPETRO,212.95,214.65,212.6,214.0,526461.0
2020-12-24 12:00:00,NSE:HINDPETRO,213.85,215.25,213.1,215.1,461100.0
2020-12-24 12:45:00,NSE:HINDPETRO,215.0,215.25,213.9,214.25,317068.0
2020-12-24 13:30:00,NSE:HINDPETRO,214.1,215.0,213.6,214.7,281593.0
2020-12-24 14:15:00,NSE:HINDPETRO,214.7,215.0,213.3,213.85,728075.0
2020-12-24 15:00:00,NSE:HINDPETRO,213.85,214.5,212.7,213.65,890680.0
2020-12-24 15:45:00,NSE:HINDPETRO,213.65,213.65,213.65,213.65,824.0
2020-12-28 09:00:00,NSE:HINDPETRO,214.4,215.75,213.75,213.9,768283.0
2020-12-28 09:45:00,NSE:HINDPETRO,213.9,215.1,213.8,214.5,318789.0
2020-12-28 10:30:00,NSE:HINDPETRO,214.5,215.0,214.05,214.85,344156.0
2020-12-28 11:15:00,NSE:HINDPETRO,215.0,216.5,214.85,216.2,539089.0
2020-12-28 12:00:00,NSE:HINDPETRO,216.2,216.2,215.55,215.95,188644.0
2020-12-28 12:45:00,NSE:HINDPETRO,216.0,216.0,214.6,214.9,237330.0
2020-12-28 13:30:00,NSE:HINDPETRO,214.9,215.3,214.8,214.95,171623.0
2020-12-28 14:15:00,NSE:HINDPETRO,214.95,215.25,214.1,215.0,336703.0
2020-12-28 15:00:00,NSE:HINDPETRO,215.1,215.75,215.0,215.2,465344.0
2020-12-28 15:45:00,NSE:HINDPETRO,215.2,215.2,215.2,215.2,3621.0
2020-12-29 09:00:00,NSE:HINDPETRO,216.0,216.45,214.75,215.05,507323.0
2020-12-29 09:45:00,NSE:HINDPETRO,214.95,216.25,214.2,215.5,480829.0
2020-12-29 10:30:00,NSE:HINDPETRO,215.5,215.95,213.45,215.9,1028426.0
2020-12-29 11:15:00,NSE:HINDPETRO,215.9,216.25,214.85,215.4,468176.0
2020-12-29 12:00:00,NSE:HINDPETRO,215.35,215.8,214.65,214.9,162104.0
2020-12-29 12:45:00,NSE:HINDPETRO,214.9,215.6,214.5,214.7,155738.0
2020-12-29 13:30:00,NSE:HINDPETRO,214.75,215.0,214.5,214.95,135443.0
2020-12-29 14:15:00,NSE:HINDPETRO,214.95,215.5,214.45,215.0,363942.0
2020-12-29 15:00:00,NSE:HINDPETRO,214.95,216.05,214.6,215.4,1012764.0
2020-12-29 15:45:00,NSE:HINDPETRO,215.4,215.4,215.4,215.4,306.0
2020-12-30 09:00:00,NSE:HINDPETRO,215.2,215.65,214.05,214.2,461274.0
2020-12-30 09:45:00,NSE:HINDPETRO,214.25,215.0,214.2,214.55,370254.0
2020-12-30 10:30:00,NSE:HINDPETRO,214.6,216.3,214.4,214.9,535471.0
2020-12-30 11:15:00,NSE:HINDPETRO,214.85,215.4,214.4,214.85,193184.0
2020-12-30 12:00:00,NSE:HINDPETRO,214.85,216.0,214.4,214.85,494176.0
2020-12-30 12:45:00,NSE:HINDPETRO,214.85,216.3,214.85,215.55,536205.0
2020-12-30 13:30:00,NSE:HINDPETRO,215.4,215.65,214.7,215.55,258203.0
2020-12-30 14:15:00,NSE:HINDPETRO,215.55,216.6,214.85,216.45,433388.0
2020-12-30 15:00:00,NSE:HINDPETRO,216.45,216.9,215.65,216.45,661720.0
2020-12-30 15:45:00,NSE:HINDPETRO,216.45,216.5,216.45,216.5,1159.0
2020-12-31 09:00:00,NSE:HINDPETRO,216.45,217.1,215.55,215.8,383236.0
2020-12-31 09:45:00,NSE:HINDPETRO,215.9,216.0,214.9,215.1,590010.0
2020-12-31 10:30:00,NSE:HINDPETRO,215.1,215.85,214.85,215.65,606521.0
2020-12-31 11:15:00,NSE:HINDPETRO,215.5,216.0,215.5,215.65,426748.0
2020-12-31 12:00:00,NSE:HINDPETRO,215.65,216.0,215.5,215.55,479853.0
2020-12-31 12:45:00,NSE:HINDPETRO,215.55,217.0,215.55,216.25,514456.0
2020-12-31 13:30:00,NSE:HINDPETRO,216.2,216.35,215.7,215.9,465424.0
2020-12-31 14:15:00,NSE:HINDPETRO,215.8,216.0,215.0,215.85,706868.0
2020-12-31 15:00:00,NSE:HINDPETRO,215.95,220.2,215.7,217.9,3345915.0
2020-12-31 15:45:00,NSE:HINDPETRO,217.9,217.9,217.9,217.9,164.0
2021-01-01 09:00:00,NSE:HINDPETRO,219.25,220.5,217.75,220.25,823319.0
2021-01-01 09:45:00,NSE:HINDPETRO,220.5,221.45,219.65,220.0,671169.0
2021-01-01 10:30:00,NSE:HINDPETRO,220.1,220.3,219.25,219.8,381573.0
2021-01-01 11:15:00,NSE:HINDPETRO,219.8,220.35,219.5,219.8,323766.0
2021-01-01 12:00:00,NSE:HINDPETRO,219.8,220.65,219.6,220.3,325937.0
2021-01-01 12:45:00,NSE:HINDPETRO,220.3,221.0,220.1,220.5,284835.0
2021-01-01 13:30:00,NSE:HINDPETRO,220.5,222.0,220.3,221.8,468885.0
2021-01-01 14:15:00,NSE:HINDPETRO,221.65,222.5,221.4,222.0,612208.0
2021-01-01 15:00:00,NSE:HINDPETRO,222.0,222.05,220.55,220.55,889851.0
2021-01-01 15:45:00,NSE:HINDPETRO,221.25,221.25,220.55,221.25,133.0
2021-01-04 09:00:00,NSE:HINDPETRO,222.0,223.65,221.25,222.2,797666.0
2021-01-04 09:45:00,NSE:HINDPETRO,222.2,222.8,221.05,221.75,770665.0
2021-01-04 10:30:00,NSE:HINDPETRO,221.75,222.8,218.6,219.4,1416376.0
2021-01-04 11:15:00,NSE:HINDPETRO,219.45,221.8,219.2,221.8,558363.0
2021-01-04 12:00:00,NSE:HINDPETRO,221.85,222.35,219.6,220.25,698366.0
2021-01-04 12:45:00,NSE:HINDPETRO,220.25,221.95,220.25,221.9,510318.0
2021-01-04 13:30:00,NSE:HINDPETRO,221.8,222.4,221.4,222.15,310795.0
2021-01-04 14:15:00,NSE:HINDPETRO,222.15,222.4,221.5,221.65,326910.0
2021-01-04 15:00:00,NSE:HINDPETRO,221.6,223.4,221.55,222.75,1184419.0
2021-01-04 15:45:00,NSE:HINDPETRO,222.75,222.75,222.75,222.75,673.0
2021-01-05 09:00:00,NSE:HINDPETRO,222.0,222.3,220.4,220.9,630941.0
2021-01-05 09:45:00,NSE:HINDPETRO,220.95,223.15,220.55,220.95,1286019.0
2021-01-05 10:30:00,NSE:HINDPETRO,220.95,221.45,220.55,220.9,448533.0
2021-01-05 11:15:00,NSE:HINDPETRO,221.0,222.7,220.6,222.05,631870.0
2021-01-05 12:00:00,NSE:HINDPETRO,222.05,222.7,221.5,221.85,293584.0
2021-01-05 12:45:00,NSE:HINDPETRO,221.75,221.9,220.75,221.05,238221.0
2021-01-05 13:30:00,NSE:HINDPETRO,221.1,222.4,220.9,222.05,450162.0
2021-01-05 14:15:00,NSE:HINDPETRO,222.3,223.4,222.1,223.0,678709.0
2021-01-05 15:00:00,NSE:HINDPETRO,223.05,223.5,223.0,223.1,610537.0
2021-01-05 15:45:00,NSE:HINDPETRO,223.1,223.1,223.1,223.1,605.0
2021-01-06 09:00:00,NSE:HINDPETRO,224.0,226.0,223.1,224.1,1049285.0
2021-01-06 09:45:00,NSE:HINDPETRO,224.15,224.75,222.15,222.5,1146463.0
2021-01-06 10:30:00,NSE:HINDPETRO,222.5,222.95,221.7,221.95,365922.0
2021-01-06 11:15:00,NSE:HINDPETRO,221.95,222.7,221.5,221.55,425723.0
2021-01-06 12:00:00,NSE:HINDPETRO,221.7,221.8,220.1,220.1,811575.0
2021-01-06 12:45:00,NSE:HINDPETRO,220.1,220.75,220.0,220.5,306039.0
2021-01-06 13:30:00,NSE:HINDPETRO,220.5,220.65,217.25,218.35,1356003.0
2021-01-06 14:15:00,NSE:HINDPETRO,218.3,220.0,217.85,219.9,758786.0
2021-01-06 15:00:00,NSE:HINDPETRO,219.9,221.45,219.85,221.25,1278167.0
2021-01-06 15:45:00,NSE:HINDPETRO,220.95,221.25,220.95,221.25,2694.0
2021-01-07 09:00:00,NSE:HINDPETRO,222.0,222.95,221.5,222.35,553213.0
2021-01-07 09:45:00,NSE:HINDPETRO,222.4,222.7,220.8,221.0,746904.0
2021-01-07 10:30:00,NSE:HINDPETRO,220.95,222.3,220.5,221.3,399721.0
2021-01-07 11:15:00,NSE:HINDPETRO,221.4,222.35,221.3,221.6,262957.0
2021-01-07 12:00:00,NSE:HINDPETRO,221.5,223.0,220.9,222.85,537242.0
2021-01-07 12:45:00,NSE:HINDPETRO,222.85,224.0,222.75,222.85,799417.0
2021-01-07 13:30:00,NSE:HINDPETRO,222.9,223.05,221.35,222.8,507841.0
2021-01-07 14:15:00,NSE:HINDPETRO,222.9,223.75,222.6,223.25,396672.0
2021-01-07 15:00:00,NSE:HINDPETRO,223.2,223.35,221.8,222.8,708947.0
2021-01-07 15:45:00,NSE:HINDPETRO,222.8,222.8,222.8,222.8,368.0
2021-01-08 09:00:00,NSE:HINDPETRO,224.75,229.4,224.4,227.85,2287096.0
2021-01-08 09:45:00,NSE:HINDPETRO,227.85,228.7,226.6,228.5,838951.0
2021-01-08 10:30:00,NSE:HINDPETRO,228.45,230.0,227.9,229.65,965803.0
2021-01-08 11:15:00,NSE:HINDPETRO,229.75,230.15,227.5,227.6,783946.0
2021-01-08 12:00:00,NSE:HINDPETRO,227.55,228.55,226.2,226.3,501927.0
2021-01-08 12:45:00,NSE:HINDPETRO,226.4,226.65,225.2,225.9,630287.0
2021-01-08 13:30:00,NSE:HINDPETRO,225.9,226.15,224.8,225.5,703343.0
2021-01-08 14:15:00,NSE:HINDPETRO,225.4,226.75,224.25,225.3,933247.0
2021-01-08 15:00:00,NSE:HINDPETRO,225.3,226.2,224.5,225.5,1118489.0
2021-01-08 15:45:00,NSE:HINDPETRO,225.5,225.5,225.5,225.5,1080.0
2021-01-11 09:00:00,NSE:HINDPETRO,226.0,226.65,223.05,224.3,690300.0
2021-01-11 09:45:00,NSE:HINDPETRO,224.4,224.95,220.7,221.7,1009079.0
2021-01-11 10:30:00,NSE:HINDPETRO,221.65,223.75,221.05,223.35,521911.0
2021-01-11 11:15:00,NSE:HINDPETRO,223.3,223.45,222.25,222.55,369951.0
2021-01-11 12:00:00,NSE:HINDPETRO,222.55,223.8,222.25,223.7,246265.0
2021-01-11 12:45:00,NSE:HINDPETRO,223.7,224.3,222.5,223.95,288760.0
2021-01-11 13:30:00,NSE:HINDPETRO,223.9,224.8,223.05,223.45,325330.0
2021-01-11 14:15:00,NSE:HINDPETRO,223.35,224.9,222.8,223.95,1057292.0
2021-01-11 15:00:00,NSE:HINDPETRO,223.95,224.8,223.6,224.0,733455.0
2021-01-11 15:45:00,NSE:HINDPETRO,224.35,224.35,224.0,224.35,329.0
2021-01-12 09:00:00,NSE:HINDPETRO,224.05,224.7,222.2,223.85,436526.0
2021-01-12 09:45:00,NSE:HINDPETRO,223.75,228.0,223.35,226.35,1453767.0
2021-01-12 10:30:00,NSE:HINDPETRO,226.35,228.0,225.6,226.7,456615.0
2021-01-12 11:15:00,NSE:HINDPETRO,226.65,228.5,226.2,227.25,412053.0
2021-01-12 12:00:00,NSE:HINDPETRO,227.15,228.0,226.8,227.5,212313.0
2021-01-12 12:45:00,NSE:HINDPETRO,227.45,227.5,226.45,226.65,202133.0
2021-01-12 13:30:00,NSE:HINDPETRO,226.6,227.6,225.55,226.9,373217.0
2021-01-12 14:15:00,NSE:HINDPETRO,226.9,227.0,225.1,225.35,365203.0
2021-01-12 15:00:00,NSE:HINDPETRO,225.35,225.5,224.45,224.9,594494.0
2021-01-12 15:45:00,NSE:HINDPETRO,224.9,224.9,224.7,224.9,5332.0
2021-01-13 09:00:00,NSE:HINDPETRO,225.1,228.9,225.1,228.6,956130.0
2021-01-13 09:45:00,NSE:HINDPETRO,228.5,232.85,228.0,229.2,4137421.0
2021-01-13 10:30:00,NSE:HINDPETRO,229.2,229.35,226.3,228.4,1532637.0
2021-01-13 11:15:00,NSE:HINDPETRO,228.45,228.5,226.5,227.7,584722.0
2021-01-13 12:00:00,NSE:HINDPETRO,227.6,229.15,227.0,227.85,545850.0
2021-01-13 12:45:00,NSE:HINDPETRO,227.9,228.45,226.6,226.9,469388.0
2021-01-13 13:30:00,NSE:HINDPETRO,226.9,227.65,224.6,226.7,1482834.0
2021-01-13 14:15:00,NSE:HINDPETRO,226.95,228.1,226.0,227.6,986117.0
2021-01-13 15:00:00,NSE:HINDPETRO,227.7,227.95,226.35,227.15,857571.0
2021-01-13 15:45:00,NSE:HINDPETRO,227.15,227.15,227.15,227.15,2903.0
2021-01-14 09:00:00,NSE:HINDPETRO,229.5,231.5,227.7,228.65,1583594.0
2021-01-14 09:45:00,NSE:HINDPETRO,228.65,230.5,228.1,228.85,780130.0
2021-01-14 10:30:00,NSE:HINDPETRO,228.65,229.95,228.05,228.5,710883.0
2021-01-14 11:15:00,NSE:HINDPETRO,228.55,229.9,228.2,228.85,342481.0
2021-01-14 12:00:00,NSE:HINDPETRO,228.7,230.0,228.55,229.85,513628.0
2021-01-14 12:45:00,NSE:HINDPETRO,229.9,230.2,228.7,228.9,782518.0
2021-01-14 13:30:00,NSE:HINDPETRO,228.85,229.5,228.45,228.85,529662.0
2021-01-14 14:15:00,NSE:HINDPETRO,228.75,232.0,228.6,231.5,1453639.0
2021-01-14 15:00:00,NSE:HINDPETRO,231.5,235.4,231.5,233.6,3327506.0
2021-01-14 15:45:00,NSE:HINDPETRO,233.6,233.6,233.6,233.6,114.0
2021-01-15 09:00:00,NSE:HINDPETRO,236.95,237.6,233.3,234.0,2448669.0
2021-01-15 09:45:00,NSE:HINDPETRO,234.0,236.3,232.35,234.9,1306146.0
2021-01-15 10:30:00,NSE:HINDPETRO,234.95,235.0,232.1,233.4,955977.0
2021-01-15 11:15:00,NSE:HINDPETRO,233.45,234.0,232.1,233.6,1118169.0
2021-01-15 12:00:00,NSE:HINDPETRO,233.5,234.1,232.75,233.75,930588.0
2021-01-15 12:45:00,NSE:HINDPETRO,233.8,234.4,233.3,234.25,846836.0
2021-01-15 13:30:00,NSE:HINDPETRO,234.3,234.55,229.4,229.6,1812408.0
2021-01-15 14:15:00,NSE:HINDPETRO,229.65,230.85,228.15,228.35,1646479.0
2021-01-15 15:00:00,NSE:HINDPETRO,228.4,230.3,227.65,228.6,1953532.0
2021-01-15 15:45:00,NSE:HINDPETRO,228.6,228.6,228.6,228.6,161.0
2021-01-18 09:00:00,NSE:HINDPETRO,228.7,230.6,223.25,225.4,1619120.0
2021-01-18 09:45:00,NSE:HINDPETRO,225.25,226.35,224.1,225.3,789498.0
2021-01-18 10:30:00,NSE:HINDPETRO,225.2,226.6,223.0,226.5,794328.0
2021-01-18 11:15:00,NSE:HINDPETRO,226.5,227.55,226.15,226.6,564264.0
2021-01-18 12:00:00,NSE:HINDPETRO,226.6,228.5,225.15,226.1,588390.0
2021-01-18 12:45:00,NSE:HINDPETRO,226.1,226.45,224.7,225.4,357041.0
2021-01-18 13:30:00,NSE:HINDPETRO,225.15,232.5,224.8,232.4,1425731.0
2021-01-18 14:15:00,NSE:HINDPETRO,232.35,233.4,231.05,232.6,1077650.0
2021-01-18 15:00:00,NSE:HINDPETRO,232.65,232.7,229.45,231.25,1425246.0
2021-01-18 15:45:00,NSE:HINDPETRO,231.25,231.25,231.25,231.25,158.0
2021-01-19 09:00:00,NSE:HINDPETRO,233.9,235.55,232.1,232.7,1073111.0
2021-01-19 09:45:00,NSE:HINDPETRO,232.75,233.0,229.7,231.95,857655.0
2021-01-19 10:30:00,NSE:HINDPETRO,231.8,232.85,230.3,231.7,342898.0
2021-01-19 11:15:00,NSE:HINDPETRO,231.55,233.0,231.5,232.25,523890.0
2021-01-19 12:00:00,NSE:HINDPETRO,232.2,232.7,230.45,230.95,567795.0
2021-01-19 12:45:00,NSE:HINDPETRO,231.0,232.5,229.2,230.0,1111784.0
2021-01-19 13:30:00,NSE:HINDPETRO,230.0,230.5,229.35,230.0,449263.0
2021-01-19 14:15:00,NSE:HINDPETRO,230.0,232.15,229.0,231.95,1053991.0
2021-01-19 15:00:00,NSE:HINDPETRO,231.95,232.15,231.55,231.9,1132968.0
2021-01-19 15:45:00,NSE:HINDPETRO,231.9,231.9,231.9,231.9,1923.0
2021-01-20 09:00:00,NSE:HINDPETRO,232.0,233.25,228.55,229.3,680832.0
2021-01-20 09:45:00,NSE:HINDPETRO,229.45,229.75,228.35,229.35,441335.0
2021-01-20 10:30:00,NSE:HINDPETRO,229.3,230.5,229.0,230.3,263956.0
2021-01-20 11:15:00,NSE:HINDPETRO,230.3,232.6,230.3,231.3,648539.0
2021-01-20 12:00:00,NSE:HINDPETRO,231.3,231.6,229.5,230.35,430235.0
2021-01-20 12:45:00,NSE:HINDPETRO,230.35,231.5,230.0,231.35,240129.0
2021-01-20 13:30:00,NSE:HINDPETRO,231.35,232.0,230.6,231.9,224199.0
2021-01-20 14:15:00,NSE:HINDPETRO,231.95,232.5,230.1,230.5,468240.0
2021-01-20 15:00:00,NSE:HINDPETRO,230.5,231.9,230.4,231.05,1072786.0
2021-01-20 15:45:00,NSE:HINDPETRO,231.05,231.05,230.8,231.05,2272.0
2021-01-21 09:00:00,NSE:HINDPETRO,231.3,233.7,230.1,230.4,864736.0
2021-01-21 09:45:00,NSE:HINDPETRO,230.4,233.2,229.4,232.6,1038190.0
2021-01-21 10:30:00,NSE:HINDPETRO,232.7,234.0,230.35,233.4,1289322.0
2021-01-21 11:15:00,NSE:HINDPETRO,233.4,233.45,231.7,232.35,285034.0
2021-01-21 12:00:00,NSE:HINDPETRO,232.35,233.1,231.1,231.1,258834.0
2021-01-21 12:45:00,NSE:HINDPETRO,231.1,231.6,230.45,230.5,308891.0
2021-01-21 13:30:00,NSE:HINDPETRO,230.5,230.65,229.85,229.95,468895.0
2021-01-21 14:15:00,NSE:HINDPETRO,229.9,230.5,228.0,229.0,771501.0
2021-01-21 15:00:00,NSE:HINDPETRO,229.15,229.85,227.5,229.05,1395844.0
2021-01-21 15:45:00,NSE:HINDPETRO,228.8,228.8,228.8,228.8,750.0
2021-01-22 09:00:00,NSE:HINDPETRO,228.5,229.95,227.25,228.75,542897.0
2021-01-22 09:45:00,NSE:HINDPETRO,228.75,230.8,228.25,229.7,752524.0
2021-01-22 10:30:00,NSE:HINDPETRO,229.7,230.5,225.35,226.0,1082441.0
2021-01-22 11:15:00,NSE:HINDPETRO,225.95,228.2,225.5,228.05,778313.0
2021-01-22 12:00:00,NSE:HINDPETRO,228.1,228.1,225.9,225.95,320551.0
2021-01-22 12:45:00,NSE:HINDPETRO,225.95,226.35,223.55,224.85,739079.0
2021-01-22 13:30:00,NSE:HINDPETRO,224.9,225.65,223.1,224.7,1098913.0
2021-01-22 14:15:00,NSE:HINDPETRO,224.7,226.55,223.7,225.65,1231285.0
2021-01-22 15:00:00,NSE:HINDPETRO,225.6,226.15,224.25,225.65,1371057.0
2021-01-22 15:45:00,NSE:HINDPETRO,225.4,225.65,225.4,225.4,710.0
2021-01-25 09:00:00,NSE:HINDPETRO,227.0,227.0,223.25,223.25,1082022.0
2021-01-25 09:45:00,NSE:HINDPETRO,223.45,225.2,222.55,224.95,791928.0
2021-01-25 10:30:00,NSE:HINDPETRO,224.95,225.6,222.8,223.15,638386.0
2021-01-25 11:15:00,NSE:HINDPETRO,223.15,223.15,219.6,220.75,984372.0
2021-01-25 12:00:00,NSE:HINDPETRO,220.7,221.0,220.2,220.95,404470.0
2021-01-25 12:45:00,NSE:HINDPETRO,220.9,222.0,220.2,220.95,547883.0
2021-01-25 13:30:00,NSE:HINDPETRO,220.85,221.1,219.8,220.2,471328.0
2021-01-25 14:15:00,NSE:HINDPETRO,220.2,221.5,219.2,221.05,483125.0
2021-01-25 15:00:00,NSE:HINDPETRO,221.05,221.25,219.2,220.2,1526672.0
2021-01-25 15:45:00,NSE:HINDPETRO,220.2,221.0,220.2,220.2,715.0
2021-01-27 09:00:00,NSE:HINDPETRO,220.0,221.15,215.9,216.3,881822.0
2021-01-27 09:45:00,NSE:HINDPETRO,216.25,217.75,216.1,217.05,1168921.0
2021-01-27 10:30:00,NSE:HINDPETRO,217.15,218.7,216.05,218.35,708554.0
2021-01-27 11:15:00,NSE:HINDPETRO,218.35,218.7,215.9,217.05,746467.0
2021-01-27 12:00:00,NSE:HINDPETRO,217.0,217.7,216.0,216.85,871040.0
2021-01-27 12:45:00,NSE:HINDPETRO,216.85,217.0,215.5,215.8,506306.0
2021-01-27 13:30:00,NSE:HINDPETRO,215.8,217.65,215.55,215.6,637628.0
2021-01-27 14:15:00,NSE:HINDPETRO,215.55,217.15,214.5,217.05,923123.0
2021-01-27 15:00:00,NSE:HINDPETRO,217.1,217.9,215.25,216.65,1860109.0
2021-01-27 15:45:00,NSE:HINDPETRO,216.65,216.65,215.85,216.65,1299.0
2021-01-28 09:00:00,NSE:HINDPETRO,214.85,218.5,214.05,217.55,845821.0
2021-01-28 09:45:00,NSE:HINDPETRO,217.55,220.5,216.85,220.1,864646.0
2021-01-28 10:30:00,NSE:HINDPETRO,220.2,221.4,219.55,220.0,1061778.0
2021-01-28 11:15:00,NSE:HINDPETRO,220.0,220.75,219.55,220.6,431003.0
2021-01-28 12:00:00,NSE:HINDPETRO,220.6,221.35,219.8,220.2,471920.0
2021-01-28 12:45:00,NSE:HINDPETRO,220.2,221.3,219.5,221.2,468048.0
2021-01-28 13:30:00,NSE:HINDPETRO,221.2,222.45,220.55,220.75,646770.0
2021-01-28 14:15:00,NSE:HINDPETRO,220.8,221.0,219.2,219.75,372081.0
2021-01-28 15:00:00,NSE:HINDPETRO,219.8,223.85,219.4,221.5,1218230.0
2021-01-28 15:45:00,NSE:HINDPETRO,221.5,221.5,221.5,221.5,193.0
2021-01-29 09:00:00,NSE:HINDPETRO,223.0,223.75,220.15,220.55,691470.0
2021-01-29 09:45:00,NSE:HINDPETRO,220.55,223.0,220.45,222.5,498561.0
2021-01-29 10:30:00,NSE:HINDPETRO,222.6,223.75,219.8,221.45,750454.0
2021-01-29 11:15:00,NSE:HINDPETRO,221.45,222.85,219.8,219.85,604207.0
2021-01-29 12:00:00,NSE:HINDPETRO,219.9,221.95,219.45,219.85,639306.0
2021-01-29 12:45:00,NSE:HINDPETRO,219.85,222.5,218.7,222.0,793994.0
2021-01-29 13:30:00,NSE:HINDPETRO,222.05,222.6,219.9,221.25,476445.0
2021-01-29 14:15:00,NSE:HINDPETRO,221.2,222.75,220.2,220.45,894335.0
2021-01-29 15:00:00,NSE:HINDPETRO,220.65,220.65,217.7,218.7,2015381.0
2021-01-29 15:45:00,NSE:HINDPETRO,218.6,218.6,218.6,218.6,2383.0
2021-02-01 09:00:00,NSE:HINDPETRO,220.9,221.25,218.15,220.7,508775.0
2021-02-01 09:45:00,NSE:HINDPETRO,220.45,221.2,219.1,219.9,351220.0
2021-02-01 10:30:00,NSE:HINDPETRO,219.9,220.3,218.8,219.7,233113.0
2021-02-01 11:15:00,NSE:HINDPETRO,219.65,221.6,219.3,221.35,620136.0
2021-02-01 12:00:00,NSE:HINDPETRO,221.5,221.9,220.1,220.85,442719.0
2021-02-01 12:45:00,NSE:HINDPETRO,220.8,222.4,212.3,219.3,3245096.0
2021-02-01 13:30:00,NSE:HINDPETRO,219.15,220.35,215.8,216.95,1517886.0
2021-02-01 14:15:00,NSE:HINDPETRO,216.9,219.25,216.8,217.3,1980260.0
2021-02-01 15:00:00,NSE:HINDPETRO,217.4,218.9,216.75,217.95,1713874.0
2021-02-01 15:45:00,NSE:HINDPETRO,217.95,217.95,217.95,217.95,7618.0
2021-02-02 09:00:00,NSE:HINDPETRO,220.1,223.0,220.1,223.0,1021804.0
2021-02-02 09:45:00,NSE:HINDPETRO,223.0,225.9,222.0,222.6,1880119.0
2021-02-02 10:30:00,NSE:HINDPETRO,222.55,224.65,221.5,224.4,897707.0
2021-02-02 11:15:00,NSE:HINDPETRO,224.4,225.8,223.55,224.0,1093877.0
2021-02-02 12:00:00,NSE:HINDPETRO,223.9,224.0,221.95,222.0,579349.0
2021-02-02 12:45:00,NSE:HINDPETRO,222.0,222.05,220.35,221.15,989868.0
2021-02-02 13:30:00,NSE:HINDPETRO,221.1,222.6,220.0,222.55,1167390.0
2021-02-02 14:15:00,NSE:HINDPETRO,222.55,222.7,220.9,221.8,795236.0
2021-02-02 15:00:00,NSE:HINDPETRO,221.7,223.4,221.6,222.3,1676176.0
2021-02-02 15:45:00,NSE:HINDPETRO,222.3,222.75,222.3,222.3,3088.0
2021-02-03 09:00:00,NSE:HINDPETRO,223.95,224.45,221.1,223.7,1168647.0
2021-02-03 09:45:00,NSE:HINDPETRO,223.55,223.75,221.9,222.4,611958.0
2021-02-03 10:30:00,NSE:HINDPETRO,222.35,223.7,221.85,222.15,674759.0
2021-02-03 11:15:00,NSE:HINDPETRO,222.2,223.0,220.6,222.6,881363.0
2021-02-03 12:00:00,NSE:HINDPETRO,222.4,224.0,221.8,223.05,1658987.0
2021-02-03 12:45:00,NSE:HINDPETRO,223.05,225.0,222.85,224.5,1186615.0
2021-02-03 13:30:00,NSE:HINDPETRO,224.45,227.0,224.2,225.45,1508239.0
2021-02-03 14:15:00,NSE:HINDPETRO,225.45,228.45,224.9,225.75,2795882.0
2021-02-03 15:00:00,NSE:HINDPETRO,225.65,225.8,224.85,225.25,1497619.0
2021-02-03 15:45:00,NSE:HINDPETRO,225.25,225.6,225.25,225.25,2811.0
2021-02-04 09:00:00,NSE:HINDPETRO,225.85,231.0,225.6,229.35,2910238.0
2021-02-04 09:45:00,NSE:HINDPETRO,229.35,230.95,228.5,229.75,1029633.0
2021-02-04 10:30:00,NSE:HINDPETRO,229.75,230.85,229.3,230.0,511665.0
2021-02-04 11:15:00,NSE:HINDPETRO,230.1,230.95,229.8,229.95,401570.0
2021-02-04 12:00:00,NSE:HINDPETRO,229.95,230.9,229.05,230.85,485764.0
2021-02-04 12:45:00,NSE:HINDPETRO,230.7,231.75,227.7,228.5,2386089.0
2021-02-04 13:30:00,NSE:HINDPETRO,228.5,228.85,226.25,227.8,847084.0
2021-02-04 14:15:00,NSE:HINDPETRO,227.85,230.4,227.25,229.95,839383.0
2021-02-04 15:00:00,NSE:HINDPETRO,229.85,230.0,228.9,229.6,1135839.0
2021-02-04 15:45:00,NSE:HINDPETRO,229.6,229.75,229.6,229.6,1160.0
2021-02-05 09:00:00,NSE:HINDPETRO,232.7,233.0,229.8,230.7,1434355.0
2021-02-05 09:45:00,NSE:HINDPETRO,230.7,231.35,226.85,227.65,1059936.0
2021-02-05 10:30:00,NSE:HINDPETRO,227.8,229.45,227.15,228.65,398138.0
2021-02-05 11:15:00,NSE:HINDPETRO,228.75,229.65,228.15,228.25,327475.0
2021-02-05 12:00:00,NSE:HINDPETRO,228.2,228.5,227.5,228.1,299406.0
2021-02-05 12:45:00,NSE:HINDPETRO,228.1,228.2,227.05,227.7,241699.0
2021-02-05 13:30:00,NSE:HINDPETRO,227.7,227.8,226.25,226.45,370247.0
2021-02-05 14:15:00,NSE:HINDPETRO,226.5,226.75,224.8,225.75,997111.0
2021-02-05 15:00:00,NSE:HINDPETRO,225.9,225.9,224.3,225.05,827743.0
2021-02-05 15:45:00,NSE:HINDPETRO,225.05,225.05,225.05,225.05,582.0
2021-02-08 09:00:00,NSE:HINDPETRO,227.0,229.3,226.25,228.3,656402.0
2021-02-08 09:45:00,NSE:HINDPETRO,228.3,229.7,227.55,228.0,387373.0
2021-02-08 10:30:00,NSE:HINDPETRO,228.0,228.25,227.5,227.85,147242.0
2021-02-08 11:15:00,NSE:HINDPETRO,227.85,229.9,227.65,229.4,424157.0
2021-02-08 12:00:00,NSE:HINDPETRO,229.25,231.3,228.9,230.95,604412.0
2021-02-08 12:45:00,NSE:HINDPETRO,230.95,231.2,230.25,230.75,422726.0
2021-02-08 13:30:00,NSE:HINDPETRO,230.75,231.25,230.2,230.65,297418.0
2021-02-08 14:15:00,NSE:HINDPETRO,230.6,230.95,229.45,229.95,350802.0
2021-02-08 15:00:00,NSE:HINDPETRO,229.9,229.95,229.1,229.55,422229.0
2021-02-08 15:45:00,NSE:HINDPETRO,229.55,229.55,229.55,229.55,345.0
2021-02-09 09:00:00,NSE:HINDPETRO,229.0,232.75,229.0,232.0,940251.0
2021-02-09 09:45:00,NSE:HINDPETRO,231.95,232.5,230.15,230.55,507953.0
2021-02-09 10:30:00,NSE:HINDPETRO,230.4,231.4,230.25,230.95,330611.0
2021-02-09 11:15:00,NSE:HINDPETRO,230.95,231.1,229.75,229.75,584751.0
2021-02-09 12:00:00,NSE:HINDPETRO,229.8,229.8,227.4,227.7,891336.0
2021-02-09 12:45:00,NSE:HINDPETRO,227.65,228.7,226.8,228.1,786872.0
2021-02-09 13:30:00,NSE:HINDPETRO,228.05,228.4,227.4,227.95,437191.0
2021-02-09 14:15:00,NSE:HINDPETRO,227.95,228.1,225.65,226.3,1137188.0
2021-02-09 15:00:00,NSE:HINDPETRO,226.4,227.5,225.25,226.55,1231227.0
2021-02-09 15:45:00,NSE:HINDPETRO,226.55,226.85,226.55,226.55,1451.0
2021-02-10 09:00:00,NSE:HINDPETRO,227.45,228.35,225.95,226.85,625899.0
2021-02-10 09:45:00,NSE:HINDPETRO,226.85,229.25,225.75,227.2,1529245.0
2021-02-10 10:30:00,NSE:HINDPETRO,227.2,227.4,224.5,226.0,1516318.0
2021-02-10 11:15:00,NSE:HINDPETRO,226.0,226.8,224.85,225.45,661505.0
2021-02-10 12:00:00,NSE:HINDPETRO,225.45,225.55,224.1,225.0,724749.0
2021-02-10 12:45:00,NSE:HINDPETRO,224.95,225.0,222.85,223.15,1352462.0
2021-02-10 13:30:00,NSE:HINDPETRO,223.2,224.45,221.65,224.05,1948997.0
2021-02-10 14:15:00,NSE:HINDPETRO,224.0,225.2,222.8,223.6,1328012.0
2021-02-10 15:00:00,NSE:HINDPETRO,223.75,225.6,223.75,224.9,840579.0
2021-02-10 15:45:00,NSE:HINDPETRO,224.9,225.0,224.9,224.9,856.0
2021-02-11 09:00:00,NSE:HINDPETRO,224.3,226.0,224.15,225.35,543622.0
2021-02-11 09:45:00,NSE:HINDPETRO,225.35,227.6,224.8,227.1,700375.0
2021-02-11 10:30:00,NSE:HINDPETRO,227.0,228.4,226.3,226.85,819551.0
2021-02-11 11:15:00,NSE:HINDPETRO,227.0,227.35,225.8,226.0,439643.0
2021-02-11 12:00:00,NSE:HINDPETRO,225.95,226.8,224.1,225.35,803699.0
2021-02-11 12:45:00,NSE:HINDPETRO,225.3,225.5,224.7,225.35,361797.0
2021-02-11 13:30:00,NSE:HINDPETRO,225.35,227.25,225.25,226.25,833170.0
2021-02-11 14:15:00,NSE:HINDPETRO,226.4,228.15,225.85,227.2,928014.0
2021-02-11 15:00:00,NSE:HINDPETRO,227.05,227.95,226.5,227.15,1103030.0
2021-02-11 15:45:00,NSE:HINDPETRO,227.4,227.4,227.15,227.4,1416.0
2021-02-12 09:00:00,NSE:HINDPETRO,227.9,229.3,225.3,226.8,870706.0
2021-02-12 09:45:00,NSE:HINDPETRO,226.7,227.5,225.35,225.95,898440.0
2021-02-12 10:30:00,NSE:HINDPETRO,225.95,226.05,224.75,225.2,438369.0
2021-02-12 11:15:00,NSE:HINDPETRO,225.25,226.35,224.9,225.8,358847.0
2021-02-12 12:00:00,NSE:HINDPETRO,225.65,225.95,225.35,225.75,204090.0
2021-02-12 12:45:00,NSE:HINDPETRO,225.9,226.0,224.25,224.25,334861.0
2021-02-12 13:30:00,NSE:HINDPETRO,224.3,224.45,222.1,222.4,1009706.0
2021-02-12 14:15:00,NSE:HINDPETRO,222.4,224.4,222.1,223.4,1279882.0
2021-02-12 15:00:00,NSE:HINDPETRO,223.25,224.9,222.9,223.85,1232635.0
2021-02-12 15:45:00,NSE:HINDPETRO,223.85,224.5,223.85,223.85,262.0
2021-02-15 09:00:00,NSE:HINDPETRO,224.5,226.25,222.5,222.9,965037.0
2021-02-15 09:45:00,NSE:HINDPETRO,222.9,224.0,222.3,222.3,714019.0
2021-02-15 10:30:00,NSE:HINDPETRO,222.3,223.2,222.1,222.65,477036.0
2021-02-15 11:15:00,NSE:HINDPETRO,222.65,224.65,222.35,224.3,759142.0
2021-02-15 12:00:00,NSE:HINDPETRO,224.3,224.5,222.4,222.65,611578.0
2021-02-15 12:45:00,NSE:HINDPETRO,222.65,223.95,222.5,222.65,501277.0
2021-02-15 13:30:00,NSE:HINDPETRO,222.6,224.0,222.5,222.55,646738.0
2021-02-15 14:15:00,NSE:HINDPETRO,222.6,223.45,222.45,222.45,565714.0
2021-02-15 15:00:00,NSE:HINDPETRO,222.45,223.0,222.2,222.6,808897.0
2021-02-15 15:45:00,NSE:HINDPETRO,222.6,222.6,222.6,222.6,918.0
2021-02-16 09:00:00,NSE:HINDPETRO,221.6,225.2,221.4,225.15,929625.0
2021-02-16 09:45:00,NSE:HINDPETRO,225.15,225.5,223.05,225.15,812019.0
2021-02-16 10:30:00,NSE:HINDPETRO,225.1,225.7,224.15,225.0,447483.0
2021-02-16 11:15:00,NSE:HINDPETRO,224.85,224.95,224.0,224.4,387388.0
2021-02-16 12:00:00,NSE:HINDPETRO,224.3,226.25,224.2,225.5,855565.0
2021-02-16 12:45:00,NSE:HINDPETRO,225.5,227.0,224.1,224.4,1246394.0
2021-02-16 13:30:00,NSE:HINDPETRO,224.4,227.0,224.3,225.6,868952.0
2021-02-16 14:15:00,NSE:HINDPETRO,225.65,227.0,225.35,226.0,808417.0
2021-02-16 15:00:00,NSE:HINDPETRO,226.05,226.35,225.0,225.65,755400.0
2021-02-16 15:45:00,NSE:HINDPETRO,225.65,225.65,225.65,225.65,166.0
2021-02-17 09:00:00,NSE:HINDPETRO,225.65,227.45,224.95,226.55,577854.0
2021-02-17 09:45:00,NSE:HINDPETRO,226.6,229.5,226.5,228.75,1600775.0
2021-02-17 10:30:00,NSE:HINDPETRO,228.8,228.95,228.1,228.5,303515.0
2021-02-17 11:15:00,NSE:HINDPETRO,228.7,230.7,228.2,230.65,895894.0
2021-02-17 12:00:00,NSE:HINDPETRO,230.6,233.0,230.6,232.55,1875959.0
2021-02-17 12:45:00,NSE:HINDPETRO,232.55,232.85,231.6,231.8,923312.0
2021-02-17 13:30:00,NSE:HINDPETRO,231.75,232.5,230.75,232.3,1134310.0
2021-02-17 14:15:00,NSE:HINDPETRO,232.2,234.9,231.55,234.65,2143873.0
2021-02-17 15:00:00,NSE:HINDPETRO,234.75,235.0,233.8,234.7,2476025.0
2021-02-17 15:45:00,NSE:HINDPETRO,234.45,234.7,234.45,234.45,3161.0
2021-02-18 09:00:00,NSE:HINDPETRO,237.0,238.95,235.15,238.3,2491372.0
2021-02-18 09:45:00,NSE:HINDPETRO,238.2,243.95,238.0,243.35,4864001.0
2021-02-18 10:30:00,NSE:HINDPETRO,243.3,248.6,242.8,248.1,4995492.0
2021-02-18 11:15:00,NSE:HINDPETRO,248.05,250.0,245.55,249.85,3783038.0
2021-02-18 12:00:00,NSE:HINDPETRO,249.8,252.0,244.7,244.8,3598854.0
2021-02-18 12:45:00,NSE:HINDPETRO,244.8,247.0,243.8,245.2,1531897.0
2021-02-18 13:30:00,NSE:HINDPETRO,245.0,246.4,242.65,246.0,1002614.0
2021-02-18 14:15:00,NSE:HINDPETRO,246.1,247.25,244.25,244.45,1417311.0
2021-02-18 15:00:00,NSE:HINDPETRO,244.4,247.05,244.2,245.7,1561707.0
2021-02-18 15:45:00,NSE:HINDPETRO,245.7,246.25,245.7,245.7,928.0
2021-02-19 09:00:00,NSE:HINDPETRO,247.8,248.0,242.25,245.0,1544135.0
2021-02-19 09:45:00,NSE:HINDPETRO,245.05,249.15,244.1,248.05,981877.0
2021-02-19 10:30:00,NSE:HINDPETRO,248.0,248.05,244.25,245.2,620566.0
2021-02-19 11:15:00,NSE:HINDPETRO,245.2,247.25,244.9,246.8,422618.0
2021-02-19 12:00:00,NSE:HINDPETRO,246.75,251.8,246.75,251.1,1962375.0
2021-02-19 12:45:00,NSE:HINDPETRO,251.15,252.4,247.0,247.05,1540309.0
2021-02-19 13:30:00,NSE:HINDPETRO,247.15,247.85,238.5,239.95,2851514.0
2021-02-19 14:15:00,NSE:HINDPETRO,239.85,244.75,239.5,241.85,1525114.0
2021-02-19 15:00:00,NSE:HINDPETRO,241.95,246.0,241.5,244.0,1850526.0
2021-02-19 15:45:00,NSE:HINDPETRO,244.0,244.0,244.0,244.0,2920.0
2021-02-22 09:00:00,NSE:HINDPETRO,245.0,248.3,243.5,247.85,1080623.0
2021-02-22 09:45:00,NSE:HINDPETRO,247.75,247.75,244.4,244.9,1310737.0
2021-02-22 10:30:00,NSE:HINDPETRO,244.95,245.65,242.6,243.45,503360.0
2021-02-22 11:15:00,NSE:HINDPETRO,243.3,244.35,240.0,240.35,835685.0
2021-02-22 12:00:00,NSE:HINDPETRO,240.35,243.05,240.3,243.05,458505.0
2021-02-22 12:45:00,NSE:HINDPETRO,243.0,243.25,241.0,241.35,523906.0
2021-02-22 13:30:00,NSE:HINDPETRO,241.35,243.35,240.8,242.8,560373.0
2021-02-22 14:15:00,NSE:HINDPETRO,242.8,244.5,240.85,244.0,648766.0
2021-02-22 15:00:00,NSE:HINDPETRO,243.95,244.4,239.5,241.5,1589120.0
2021-02-22 15:45:00,NSE:HINDPETRO,241.5,241.5,241.5,241.5,5576.0
2021-02-23 09:00:00,NSE:HINDPETRO,242.0,246.5,241.7,243.95,1165246.0
2021-02-23 09:45:00,NSE:HINDPETRO,243.9,249.9,243.3,249.55,2320478.0
2021-02-23 10:30:00,NSE:HINDPETRO,249.55,249.75,244.1,244.7,1720890.0
2021-02-23 11:15:00,NSE:HINDPETRO,244.6,245.8,242.5,245.45,1156241.0
2021-02-23 12:00:00,NSE:HINDPETRO,245.4,246.5,244.5,246.05,617575.0
2021-02-23 12:45:00,NSE:HINDPETRO,246.1,247.75,245.8,246.45,546046.0
2021-02-23 13:30:00,NSE:HINDPETRO,246.45,247.6,245.0,246.9,506824.0
2021-02-23 14:15:00,NSE:HINDPETRO,247.0,247.25,244.9,245.7,834843.0
2021-02-23 15:00:00,NSE:HINDPETRO,245.4,246.0,243.6,244.9,979218.0
2021-02-23 15:45:00,NSE:HINDPETRO,244.9,244.9,244.9,244.9,719.0
2021-02-24 09:00:00,NSE:HINDPETRO,246.75,248.55,244.1,246.2,840977.0
2021-02-24 09:45:00,NSE:HINDPETRO,246.2,247.35,245.75,245.9,393899.0
2021-02-24 10:30:00,NSE:HINDPETRO,245.9,246.95,244.85,245.0,410259.0
2021-02-24 11:15:00,NSE:HINDPETRO,245.0,245.3,244.0,244.35,265005.0
2021-02-24 15:45:00,NSE:HINDPETRO,243.5,245.2,242.6,243.45,480717.0
2021-02-24 16:30:00,NSE:HINDPETRO,243.45,246.8,242.9,245.25,946390.0
2021-02-25 09:00:00,NSE:HINDPETRO,246.0,251.0,245.5,250.1,1663104.0
2021-02-25 09:45:00,NSE:HINDPETRO,250.0,251.9,248.6,251.8,1301532.0
2021-02-25 10:30:00,NSE:HINDPETRO,251.8,252.3,249.05,249.9,1605510.0
2021-02-25 11:15:00,NSE:HINDPETRO,249.8,251.95,249.15,251.9,797975.0
2021-02-25 12:00:00,NSE:HINDPETRO,251.85,257.2,251.55,256.6,2905726.0
2021-02-25 12:45:00,NSE:HINDPETRO,256.75,259.25,254.3,255.45,3001253.0
2021-02-25 13:30:00,NSE:HINDPETRO,255.5,255.75,253.7,254.5,1046248.0
2021-02-25 14:15:00,NSE:HINDPETRO,254.5,255.0,252.2,252.85,1266092.0
2021-02-25 15:00:00,NSE:HINDPETRO,252.8,253.3,251.65,252.75,997437.0
2021-02-25 15:45:00,NSE:HINDPETRO,252.45,252.75,252.45,252.45,686.0
2021-02-26 09:00:00,NSE:HINDPETRO,249.95,255.05,246.5,252.5,1104808.0
2021-02-26 09:45:00,NSE:HINDPETRO,252.55,253.65,250.0,250.5,1556957.0
2021-02-26 10:30:00,NSE:HINDPETRO,250.35,251.7,247.45,247.75,1173609.0
2021-02-26 11:15:00,NSE:HINDPETRO,247.75,248.55,245.25,245.6,2261473.0
2021-02-26 12:00:00,NSE:HINDPETRO,245.6,245.8,242.85,242.85,1132329.0
2021-02-26 12:45:00,NSE:HINDPETRO,242.8,247.0,242.65,245.2,1163501.0
2021-02-26 13:30:00,NSE:HINDPETRO,245.25,245.8,244.05,244.95,802310.0
2021-02-26 14:15:00,NSE:HINDPETRO,244.95,245.1,243.0,243.25,806010.0
2021-02-26 15:00:00,NSE:HINDPETRO,243.15,244.2,240.0,242.45,1915286.0
2021-02-26 15:45:00,NSE:HINDPETRO,242.45,242.45,242.45,242.45,2223.0
2021-03-01 09:00:00,NSE:HINDPETRO,246.4,250.5,243.55,250.05,1961439.0
2021-03-01 09:45:00,NSE:HINDPETRO,250.0,250.9,248.5,250.1,1218140.0
2021-03-01 10:30:00,NSE:HINDPETRO,250.0,252.4,249.6,252.0,771266.0
2021-03-01 11:15:00,NSE:HINDPETRO,252.0,252.2,247.2,247.25,702736.0
2021-03-01 12:00:00,NSE:HINDPETRO,247.2,248.3,246.25,246.75,431554.0
2021-03-01 12:45:00,NSE:HINDPETRO,246.75,249.0,246.6,247.65,365428.0
2021-03-01 13:30:00,NSE:HINDPETRO,247.65,248.45,246.55,247.6,457551.0
2021-03-01 14:15:00,NSE:HINDPETRO,247.6,248.45,245.6,246.35,534383.0
2021-03-01 15:00:00,NSE:HINDPETRO,246.4,248.45,246.35,247.5,661959.0
2021-03-01 15:45:00,NSE:HINDPETRO,247.5,247.5,247.5,247.5,760.0
2021-03-02 09:00:00,NSE:HINDPETRO,252.0,255.5,248.7,255.3,1713027.0
2021-03-02 09:45:00,NSE:HINDPETRO,255.1,256.85,253.5,254.85,1138531.0
2021-03-02 10:30:00,NSE:HINDPETRO,254.75,257.9,254.4,254.7,1517962.0
2021-03-02 11:15:00,NSE:HINDPETRO,254.55,254.55,252.05,252.3,727054.0
2021-03-02 12:00:00,NSE:HINDPETRO,252.15,252.8,250.55,250.6,492677.0
2021-03-02 12:45:00,NSE:HINDPETRO,250.6,250.9,248.35,249.05,767902.0
2021-03-02 13:30:00,NSE:HINDPETRO,249.05,249.65,248.1,249.6,506071.0
2021-03-02 14:15:00,NSE:HINDPETRO,249.45,249.8,248.5,249.5,491171.0
2021-03-02 15:00:00,NSE:HINDPETRO,249.45,251.45,248.7,250.1,889989.0
2021-03-02 15:45:00,NSE:HINDPETRO,250.1,251.15,250.1,251.15,1203.0
2021-03-03 09:00:00,NSE:HINDPETRO,255.75,255.9,251.5,252.1,816417.0
2021-03-03 09:45:00,NSE:HINDPETRO,252.05,252.2,249.1,249.4,685280.0
2021-03-03 10:30:00,NSE:HINDPETRO,249.4,251.2,249.0,250.25,386656.0
2021-03-03 11:15:00,NSE:HINDPETRO,250.25,251.6,249.8,251.3,355088.0
2021-03-03 12:00:00,NSE:HINDPETRO,251.2,251.5,250.0,250.1,253413.0
2021-03-03 12:45:00,NSE:HINDPETRO,250.1,250.3,249.1,249.25,284514.0
2021-03-03 13:30:00,NSE:HINDPETRO,249.25,249.3,246.0,246.2,840335.0
2021-03-03 14:15:00,NSE:HINDPETRO,246.15,248.2,245.5,247.75,1102781.0
2021-03-03 15:00:00,NSE:HINDPETRO,247.9,250.0,247.75,248.9,1198327.0
2021-03-03 15:45:00,NSE:HINDPETRO,248.9,248.9,248.9,248.9,3227.0
2021-03-04 09:00:00,NSE:HINDPETRO,248.0,251.8,246.2,249.9,818466.0
2021-03-04 09:45:00,NSE:HINDPETRO,250.15,250.15,247.5,247.75,628137.0
2021-03-04 10:30:00,NSE:HINDPETRO,247.75,248.5,247.1,247.35,409430.0
2021-03-04 11:15:00,NSE:HINDPETRO,247.35,248.4,247.1,248.25,308223.0
2021-03-04 12:00:00,NSE:HINDPETRO,248.25,248.95,247.5,248.0,361803.0
2021-03-04 12:45:00,NSE:HINDPETRO,247.9,248.65,247.35,248.05,497227.0
2021-03-04 13:30:00,NSE:HINDPETRO,248.05,248.3,246.5,246.85,334891.0
2021-03-04 14:15:00,NSE:HINDPETRO,246.75,247.35,246.3,246.7,308935.0
2021-03-04 15:00:00,NSE:HINDPETRO,246.75,246.9,245.35,245.85,1015996.0
2021-03-04 15:45:00,NSE:HINDPETRO,245.85,245.85,245.85,245.85,98.0
2021-03-05 09:00:00,NSE:HINDPETRO,244.8,248.55,244.15,247.3,648602.0
2021-03-05 09:45:00,NSE:HINDPETRO,247.55,251.6,246.85,249.3,1390508.0
2021-03-05 10:30:00,NSE:HINDPETRO,249.25,250.65,244.7,245.05,1657468.0
2021-03-05 11:15:00,NSE:HINDPETRO,245.0,246.75,244.1,245.3,1053332.0
2021-03-05 12:00:00,NSE:HINDPETRO,245.35,247.8,245.05,246.85,456606.0
2021-03-05 12:45:00,NSE:HINDPETRO,246.75,247.45,246.15,246.3,325252.0
2021-03-05 13:30:00,NSE:HINDPETRO,246.3,246.75,240.3,241.45,933331.0
2021-03-05 14:15:00,NSE:HINDPETRO,241.45,244.2,241.0,242.7,600830.0
2021-03-05 15:00:00,NSE:HINDPETRO,242.55,244.0,241.85,243.0,665434.0
2021-03-05 15:45:00,NSE:HINDPETRO,243.2,243.2,243.0,243.2,1666.0
2021-03-08 09:00:00,NSE:HINDPETRO,244.8,247.4,243.5,245.65,1457443.0
2021-03-08 09:45:00,NSE:HINDPETRO,245.95,249.7,245.15,249.15,888415.0
2021-03-08 10:30:00,NSE:HINDPETRO,249.15,249.35,246.6,247.75,874535.0
2021-03-08 11:15:00,NSE:HINDPETRO,247.7,250.25,247.5,248.5,607723.0
2021-03-08 12:00:00,NSE:HINDPETRO,248.55,248.55,246.25,246.35,360909.0
2021-03-08 12:45:00,NSE:HINDPETRO,246.4,246.9,244.8,245.05,420437.0
2021-03-08 13:30:00,NSE:HINDPETRO,245.05,245.55,244.25,244.45,383471.0
2021-03-08 14:15:00,NSE:HINDPETRO,244.55,245.4,242.8,243.3,809150.0
2021-03-08 15:00:00,NSE:HINDPETRO,243.2,244.0,242.25,243.15,736604.0
2021-03-08 15:45:00,NSE:HINDPETRO,243.15,243.15,243.15,243.15,59.0
2021-03-09 09:00:00,NSE:HINDPETRO,241.5,246.1,239.65,244.45,1355165.0
2021-03-09 09:45:00,NSE:HINDPETRO,244.3,245.35,242.65,242.7,672048.0
2021-03-09 10:30:00,NSE:HINDPETRO,242.65,242.65,238.1,239.5,1860773.0
2021-03-09 11:15:00,NSE:HINDPETRO,239.5,240.0,237.6,239.6,1453862.0
2021-03-09 12:00:00,NSE:HINDPETRO,239.6,239.7,237.45,238.25,714208.0
2021-03-09 12:45:00,NSE:HINDPETRO,238.2,238.45,234.45,236.4,1431342.0
2021-03-09 13:30:00,NSE:HINDPETRO,236.4,237.9,234.75,234.95,1762136.0
2021-03-09 14:15:00,NSE:HINDPETRO,234.95,237.45,233.4,237.35,2004050.0
2021-03-09 15:00:00,NSE:HINDPETRO,237.35,238.9,236.8,238.2,1504903.0
2021-03-09 15:45:00,NSE:HINDPETRO,238.2,238.2,238.2,238.2,1199.0
2021-03-10 09:00:00,NSE:HINDPETRO,246.1,249.5,242.7,244.85,3626957.0
2021-03-10 09:45:00,NSE:HINDPETRO,244.75,245.85,243.5,243.55,976154.0
2021-03-10 10:30:00,NSE:HINDPETRO,243.65,243.65,240.1,241.4,1449893.0
2021-03-10 11:15:00,NSE:HINDPETRO,241.25,241.6,239.65,239.95,591525.0
2021-03-10 12:00:00,NSE:HINDPETRO,240.0,240.55,238.85,239.4,698216.0
2021-03-10 12:45:00,NSE:HINDPETRO,239.4,241.0,239.0,239.65,908595.0
2021-03-10 13:30:00,NSE:HINDPETRO,239.65,241.35,238.7,240.95,1078185.0
2021-03-10 14:15:00,NSE:HINDPETRO,241.1,241.9,240.05,240.6,566846.0
2021-03-10 15:00:00,NSE:HINDPETRO,240.55,241.6,240.1,240.3,926664.0
2021-03-10 15:45:00,NSE:HINDPETRO,241.0,241.0,241.0,241.0,989.0
2021-03-12 09:00:00,NSE:HINDPETRO,243.0,243.9,240.2,243.5,977144.0
2021-03-12 09:45:00,NSE:HINDPETRO,243.5,245.4,243.0,244.0,1060427.0
2021-03-12 10:30:00,NSE:HINDPETRO,244.0,246.6,243.8,244.75,798780.0
2021-03-12 11:15:00,NSE:HINDPETRO,244.8,245.65,244.2,244.4,369444.0
2021-03-12 12:00:00,NSE:HINDPETRO,244.45,244.9,242.05,242.55,528886.0
2021-03-12 12:45:00,NSE:HINDPETRO,242.45,243.8,241.8,242.85,667435.0
2021-03-12 13:30:00,NSE:HINDPETRO,242.85,243.6,240.1,240.8,1007947.0
2021-03-12 14:15:00,NSE:HINDPETRO,240.7,241.8,239.65,240.4,519295.0
2021-03-12 15:00:00,NSE:HINDPETRO,240.35,242.0,240.35,241.35,609091.0
2021-03-12 15:45:00,NSE:HINDPETRO,241.35,241.35,241.35,241.35,75.0
2021-03-15 09:00:00,NSE:HINDPETRO,243.0,244.6,239.75,240.8,1199060.0
2021-03-15 09:45:00,NSE:HINDPETRO,240.65,242.55,240.65,241.5,426275.0
2021-03-15 10:30:00,NSE:HINDPETRO,241.4,241.8,240.1,240.7,256906.0
2021-03-15 11:15:00,NSE:HINDPETRO,240.7,240.95,239.3,240.75,301234.0
2021-03-15 12:00:00,NSE:HINDPETRO,240.8,241.8,239.95,240.7,303904.0
2021-03-15 12:45:00,NSE:HINDPETRO,240.75,241.4,239.75,241.05,1459973.0
2021-03-15 13:30:00,NSE:HINDPETRO,241.1,242.7,240.2,241.85,509951.0
2021-03-15 14:15:00,NSE:HINDPETRO,241.9,242.4,241.05,241.75,233130.0
2021-03-15 15:00:00,NSE:HINDPETRO,241.75,243.0,241.25,241.9,628835.0
2021-03-15 15:45:00,NSE:HINDPETRO,241.9,242.9,241.9,241.9,1960.0
2021-03-16 09:00:00,NSE:HINDPETRO,243.8,245.65,243.3,244.0,1086466.0
2021-03-16 09:45:00,NSE:HINDPETRO,244.0,244.6,242.0,242.9,702832.0
2021-03-16 10:30:00,NSE:HINDPETRO,243.0,244.45,242.4,243.85,1365539.0
2021-03-16 11:15:00,NSE:HINDPETRO,243.85,244.5,242.5,242.65,663751.0
2021-03-16 12:00:00,NSE:HINDPETRO,242.65,243.1,241.6,242.1,730979.0
2021-03-16 12:45:00,NSE:HINDPETRO,242.05,242.6,240.7,241.2,405404.0
2021-03-16 13:30:00,NSE:HINDPETRO,241.2,242.15,240.65,241.85,373465.0
2021-03-16 14:15:00,NSE:HINDPETRO,241.85,242.5,241.1,241.2,312918.0
2021-03-16 15:00:00,NSE:HINDPETRO,241.2,242.4,240.85,241.65,660517.0
2021-03-16 15:45:00,NSE:HINDPETRO,241.65,241.65,241.65,241.65,548.0
2021-03-17 09:00:00,NSE:HINDPETRO,242.0,242.0,237.4,238.7,1275111.0
2021-03-17 09:45:00,NSE:HINDPETRO,238.8,239.8,236.6,237.7,1316750.0
2021-03-17 10:30:00,NSE:HINDPETRO,237.65,238.4,236.75,237.4,672330.0
2021-03-17 11:15:00,NSE:HINDPETRO,237.4,239.65,237.25,238.8,1449376.0
2021-03-17 12:00:00,NSE:HINDPETRO,238.8,239.85,237.3,239.6,731524.0
2021-03-17 12:45:00,NSE:HINDPETRO,239.6,239.75,238.3,239.2,377799.0
2021-03-17 13:30:00,NSE:HINDPETRO,239.2,239.5,238.0,238.35,626130.0
2021-03-17 14:15:00,NSE:HINDPETRO,238.35,239.2,237.4,238.9,759598.0
2021-03-17 15:00:00,NSE:HINDPETRO,238.7,238.85,233.7,235.9,1888827.0
2021-03-17 15:45:00,NSE:HINDPETRO,235.9,235.9,235.9,235.9,46.0
2021-03-18 09:00:00,NSE:HINDPETRO,237.0,239.0,235.9,238.9,536279.0
2021-03-18 09:45:00,NSE:HINDPETRO,238.75,239.9,237.85,239.85,624452.0
2021-03-18 10:30:00,NSE:HINDPETRO,239.45,239.6,237.0,237.75,474164.0
2021-03-18 11:15:00,NSE:HINDPETRO,237.75,238.7,237.45,238.45,390790.0
2021-03-18 12:00:00,NSE:HINDPETRO,238.45,238.9,237.15,237.6,307289.0
2021-03-18 12:45:00,NSE:HINDPETRO,237.55,237.7,235.4,236.0,611259.0
2021-03-18 13:30:00,NSE:HINDPETRO,235.95,236.4,233.65,234.3,964264.0
2021-03-18 14:15:00,NSE:HINDPETRO,234.3,235.65,231.5,232.7,2379877.0
2021-03-18 15:00:00,NSE:HINDPETRO,232.4,235.0,232.15,234.55,1108843.0
2021-03-18 15:45:00,NSE:HINDPETRO,233.65,234.55,233.65,233.65,378.0
2021-03-19 09:00:00,NSE:HINDPETRO,234.6,235.0,230.35,233.35,1128250.0
2021-03-19 09:45:00,NSE:HINDPETRO,233.0,236.9,232.6,234.5,1074536.0
2021-03-19 10:30:00,NSE:HINDPETRO,234.55,236.65,233.75,235.3,563286.0
2021-03-19 11:15:00,NSE:HINDPETRO,235.25,236.2,234.2,236.1,681230.0
2021-03-19 12:00:00,NSE:HINDPETRO,236.05,236.3,234.75,235.1,440086.0
2021-03-19 12:45:00,NSE:HINDPETRO,235.1,235.8,233.4,234.5,432438.0
2021-03-19 13:30:00,NSE:HINDPETRO,234.35,236.25,234.15,235.95,483200.0
2021-03-19 14:15:00,NSE:HINDPETRO,235.85,237.45,235.85,236.5,445618.0
2021-03-19 15:00:00,NSE:HINDPETRO,236.35,236.35,233.55,234.75,1672955.0
2021-03-19 15:45:00,NSE:HINDPETRO,234.75,235.45,234.75,235.45,802.0
2021-03-22 09:00:00,NSE:HINDPETRO,236.95,236.95,234.45,236.45,520738.0
2021-03-22 09:45:00,NSE:HINDPETRO,236.35,237.5,234.8,235.2,724976.0
2021-03-22 10:30:00,NSE:HINDPETRO,235.3,235.75,234.65,235.65,202384.0
2021-03-22 11:15:00,NSE:HINDPETRO,235.55,236.5,235.25,235.6,153294.0
2021-03-22 12:00:00,NSE:HINDPETRO,235.5,236.35,234.65,235.6,256790.0
2021-03-22 12:45:00,NSE:HINDPETRO,235.6,236.1,234.75,235.45,247849.0
2021-03-22 13:30:00,NSE:HINDPETRO,235.45,236.0,235.15,235.5,119322.0
2021-03-22 14:15:00,NSE:HINDPETRO,235.5,236.45,234.6,235.75,420577.0
2021-03-22 15:00:00,NSE:HINDPETRO,235.6,237.2,235.3,236.55,690905.0
2021-03-22 15:45:00,NSE:HINDPETRO,236.55,236.8,236.55,236.55,393.0
2021-03-23 09:00:00,NSE:HINDPETRO,236.8,237.4,234.85,235.0,461415.0
2021-03-23 09:45:00,NSE:HINDPETRO,234.95,235.2,234.2,235.1,309901.0
2021-03-23 10:30:00,NSE:HINDPETRO,235.0,237.0,234.65,235.6,1482555.0
2021-03-23 11:15:00,NSE:HINDPETRO,235.55,237.7,235.25,237.0,618549.0
2021-03-23 12:00:00,NSE:HINDPETRO,237.0,237.2,235.1,236.8,360262.0
2021-03-23 12:45:00,NSE:HINDPETRO,236.75,236.95,235.7,236.3,248107.0
2021-03-23 13:30:00,NSE:HINDPETRO,236.45,239.0,236.1,239.0,626758.0
2021-03-23 14:15:00,NSE:HINDPETRO,238.95,239.65,238.15,238.65,700215.0
2021-03-23 15:00:00,NSE:HINDPETRO,238.65,239.45,238.3,239.0,1163731.0
2021-03-23 15:45:00,NSE:HINDPETRO,239.0,239.0,239.0,239.0,1055.0
2021-03-24 09:00:00,NSE:HINDPETRO,239.0,239.75,236.6,236.9,692085.0
2021-03-24 09:45:00,NSE:HINDPETRO,236.85,237.5,235.3,235.55,287116.0
2021-03-24 10:30:00,NSE:HINDPETRO,235.6,235.65,234.7,234.9,243990.0
2021-03-24 11:15:00,NSE:HINDPETRO,234.85,235.45,234.5,235.1,149078.0
2021-03-24 12:00:00,NSE:HINDPETRO,234.95,236.4,234.95,235.8,221562.0
2021-03-24 12:45:00,NSE:HINDPETRO,235.8,235.9,234.7,235.4,204918.0
2021-03-24 13:30:00,NSE:HINDPETRO,235.3,235.4,234.0,234.25,303827.0
2021-03-24 14:15:00,NSE:HINDPETRO,234.35,234.75,233.35,233.9,455358.0
2021-03-24 15:00:00,NSE:HINDPETRO,233.95,234.05,231.45,232.5,956287.0
2021-03-24 15:45:00,NSE:HINDPETRO,232.5,232.5,232.4,232.5,775.0
2021-03-25 09:00:00,NSE:HINDPETRO,233.0,234.3,231.6,233.6,557814.0
2021-03-25 09:45:00,NSE:HINDPETRO,233.45,234.75,232.65,233.75,521682.0
2021-03-25 10:30:00,NSE:HINDPETRO,233.65,234.35,231.1,231.3,508955.0
2021-03-25 11:15:00,NSE:HINDPETRO,231.3,232.95,229.05,229.2,1087679.0
2021-03-25 12:00:00,NSE:HINDPETRO,229.2,231.5,228.8,229.3,737410.0
2021-03-25 12:45:00,NSE:HINDPETRO,229.3,229.5,226.5,227.25,546993.0
2021-03-25 13:30:00,NSE:HINDPETRO,227.3,229.2,227.3,227.7,1232336.0
2021-03-25 14:15:00,NSE:HINDPETRO,227.55,229.9,226.6,229.0,1295308.0
2021-03-25 15:00:00,NSE:HINDPETRO,229.0,229.35,225.9,227.25,1722911.0
2021-03-25 15:45:00,NSE:HINDPETRO,227.25,227.25,227.25,227.25,1678.0
2021-03-26 09:00:00,NSE:HINDPETRO,229.5,232.0,228.35,231.2,594410.0
2021-03-26 09:45:00,NSE:HINDPETRO,231.25,231.85,229.1,230.85,579365.0
2021-03-26 10:30:00,NSE:HINDPETRO,230.8,231.5,229.75,231.25,272002.0
2021-03-26 11:15:00,NSE:HINDPETRO,231.25,231.4,230.2,230.2,210245.0
2021-03-26 12:00:00,NSE:HINDPETRO,230.1,230.2,228.7,229.5,189285.0
2021-03-26 12:45:00,NSE:HINDPETRO,229.45,230.5,229.0,229.0,179624.0
2021-03-26 13:30:00,NSE:HINDPETRO,229.05,230.15,228.75,229.5,177771.0
2021-03-26 14:15:00,NSE:HINDPETRO,229.5,230.05,229.05,229.8,169462.0
2021-03-26 15:00:00,NSE:HINDPETRO,229.85,230.45,229.1,229.5,433431.0
2021-03-26 15:45:00,NSE:HINDPETRO,229.8,229.8,229.5,229.8,1618.0
2021-03-30 09:00:00,NSE:HINDPETRO,230.8,231.9,229.2,230.25,588781.0
2021-03-30 09:45:00,NSE:HINDPETRO,230.2,231.45,229.75,230.95,365756.0
2021-03-30 10:30:00,NSE:HINDPETRO,230.9,231.0,230.45,230.6,157504.0
2021-03-30 11:15:00,NSE:HINDPETRO,230.55,231.9,230.3,231.45,194653.0
2021-03-30 12:00:00,NSE:HINDPETRO,231.3,231.5,230.75,230.75,177475.0
2021-03-30 12:45:00,NSE:HINDPETRO,230.75,230.8,230.05,230.3,188148.0
2021-03-30 13:30:00,NSE:HINDPETRO,230.3,230.5,229.8,230.3,398800.0
2021-03-30 14:15:00,NSE:HINDPETRO,230.3,230.5,228.75,230.2,512008.0
2021-03-30 15:00:00,NSE:HINDPETRO,230.2,230.5,229.1,230.0,986000.0
2021-03-30 15:45:00,NSE:HINDPETRO,230.0,230.0,230.0,230.0,3028.0
2021-03-31 09:00:00,NSE:HINDPETRO,230.7,231.25,228.55,230.6,1263699.0
2021-03-31 09:45:00,NSE:HINDPETRO,230.6,232.5,230.55,232.05,862994.0
2021-03-31 10:30:00,NSE:HINDPETRO,231.9,232.3,230.1,230.85,333467.0
2021-03-31 11:15:00,NSE:HINDPETRO,230.85,231.45,229.9,231.15,367021.0
2021-03-31 12:00:00,NSE:HINDPETRO,231.2,232.25,231.2,231.6,367696.0
2021-03-31 12:45:00,NSE:HINDPETRO,231.6,231.9,231.1,231.3,202412.0
2021-03-31 13:30:00,NSE:HINDPETRO,231.25,233.6,231.1,232.8,984982.0
2021-03-31 14:15:00,NSE:HINDPETRO,232.95,233.95,232.1,233.1,974732.0
2021-03-31 15:00:00,NSE:HINDPETRO,232.95,236.1,232.6,234.5,2919052.0
2021-03-31 15:45:00,NSE:HINDPETRO,234.5,236.0,234.5,236.0,3297.0
2021-04-01 09:00:00,NSE:HINDPETRO,236.0,236.4,232.5,232.6,455230.0
2021-04-01 09:45:00,NSE:HINDPETRO,232.65,235.6,232.6,235.5,475367.0
2021-04-01 10:30:00,NSE:HINDPETRO,235.5,235.6,232.8,233.35,262626.0
2021-04-01 11:15:00,NSE:HINDPETRO,233.35,235.65,233.1,235.4,316377.0
2021-04-01 12:00:00,NSE:HINDPETRO,235.2,236.0,235.15,235.95,282445.0
2021-04-01 12:45:00,NSE:HINDPETRO,235.8,236.15,235.5,235.55,170997.0
2021-04-01 13:30:00,NSE:HINDPETRO,235.55,238.05,235.5,237.15,492629.0
2021-04-01 14:15:00,NSE:HINDPETRO,236.9,238.65,236.5,237.35,610047.0
2021-04-01 15:00:00,NSE:HINDPETRO,237.2,238.1,236.9,237.6,553272.0
2021-04-01 15:45:00,NSE:HINDPETRO,237.6,237.8,237.6,237.6,1295.0
2021-04-05 09:00:00,NSE:HINDPETRO,239.15,239.15,233.0,233.05,571265.0
2021-04-05 09:45:00,NSE:HINDPETRO,233.05,233.4,230.15,230.35,961357.0
2021-04-05 10:30:00,NSE:HINDPETRO,230.25,231.65,229.5,230.05,494582.0
2021-04-05 11:15:00,NSE:HINDPETRO,230.1,231.4,229.8,231.3,239742.0
2021-04-05 12:00:00,NSE:HINDPETRO,231.25,232.1,229.9,232.1,341173.0
2021-04-05 12:45:00,NSE:HINDPETRO,232.1,232.65,231.8,232.3,158993.0
2021-04-05 13:30:00,NSE:HINDPETRO,232.3,234.3,232.2,234.1,395566.0
2021-04-05 14:15:00,NSE:HINDPETRO,234.2,235.25,232.7,234.4,466509.0
2021-04-05 15:00:00,NSE:HINDPETRO,234.45,235.8,234.3,235.25,1199504.0
2021-04-05 15:45:00,NSE:HINDPETRO,235.25,235.35,235.25,235.25,551.0
2021-04-06 09:00:00,NSE:HINDPETRO,235.5,236.25,233.35,234.35,310003.0
2021-04-06 09:45:00,NSE:HINDPETRO,234.25,237.25,233.9,235.75,503903.0
2021-04-06 10:30:00,NSE:HINDPETRO,235.75,236.35,233.7,235.95,746091.0
2021-04-06 11:15:00,NSE:HINDPETRO,235.95,236.55,235.4,235.65,296802.0
2021-04-06 12:00:00,NSE:HINDPETRO,235.65,235.95,233.85,234.25,341944.0
2021-04-06 12:45:00,NSE:HINDPETRO,234.25,235.4,234.05,234.7,276058.0
2021-04-06 13:30:00,NSE:HINDPETRO,234.5,234.9,233.5,234.25,366165.0
2021-04-06 14:15:00,NSE:HINDPETRO,234.25,234.55,233.2,234.0,273082.0
2021-04-06 15:00:00,NSE:HINDPETRO,234.0,236.2,233.85,235.5,672546.0
2021-04-07 09:00:00,NSE:HINDPETRO,234.45,238.0,234.4,236.65,381425.0
2021-04-07 09:45:00,NSE:HINDPETRO,236.65,237.25,235.85,236.9,274254.0
2021-04-07 10:30:00,NSE:HINDPETRO,236.9,238.65,236.2,238.5,776094.0
2021-04-07 11:15:00,NSE:HINDPETRO,238.5,238.9,236.05,236.35,445684.0
2021-04-07 12:00:00,NSE:HINDPETRO,236.35,237.55,236.05,237.2,294872.0
2021-04-07 12:45:00,NSE:HINDPETRO,237.2,237.55,236.3,237.45,474631.0
2021-04-07 13:30:00,NSE:HINDPETRO,237.3,237.5,235.95,236.5,646538.0
2021-04-07 14:15:00,NSE:HINDPETRO,236.5,236.75,235.3,235.35,648741.0
2021-04-07 15:00:00,NSE:HINDPETRO,235.25,236.7,235.1,236.4,987894.0
2021-04-07 15:45:00,NSE:HINDPETRO,236.05,236.4,236.05,236.4,3500.0
2021-04-08 09:00:00,NSE:HINDPETRO,236.05,237.6,235.9,236.85,379767.0
2021-04-08 09:45:00,NSE:HINDPETRO,236.85,238.15,236.65,238.15,345718.0
2021-04-08 10:30:00,NSE:HINDPETRO,238.05,239.8,237.5,238.65,1013290.0
2021-04-08 11:15:00,NSE:HINDPETRO,238.75,239.35,238.2,239.05,244893.0
2021-04-08 12:00:00,NSE:HINDPETRO,239.05,240.9,238.3,240.6,579760.0
2021-04-08 12:45:00,NSE:HINDPETRO,240.6,240.65,238.7,238.8,287926.0
2021-04-08 13:30:00,NSE:HINDPETRO,238.8,239.7,237.6,239.25,488364.0
2021-04-08 14:15:00,NSE:HINDPETRO,239.25,239.9,238.05,238.3,637100.0
2021-04-08 15:00:00,NSE:HINDPETRO,238.4,239.3,237.75,238.75,728775.0
2021-04-08 15:45:00,NSE:HINDPETRO,238.75,238.75,238.75,238.75,267.0
2021-04-09 09:00:00,NSE:HINDPETRO,238.65,238.65,234.8,236.2,876824.0
2021-04-09 09:45:00,NSE:HINDPETRO,236.1,237.2,234.8,236.8,844767.0
2021-04-09 10:30:00,NSE:HINDPETRO,236.75,237.15,233.5,233.9,840199.0
2021-04-09 11:15:00,NSE:HINDPETRO,233.85,234.65,233.55,233.8,487473.0
2021-04-09 12:00:00,NSE:HINDPETRO,233.8,235.3,233.1,234.4,465062.0
2021-04-09 12:45:00,NSE:HINDPETRO,234.4,234.95,233.5,234.15,345616.0
2021-04-09 13:30:00,NSE:HINDPETRO,234.0,234.2,232.8,233.2,697690.0
2021-04-09 14:15:00,NSE:HINDPETRO,233.35,234.0,231.85,232.7,1234194.0
2021-04-09 15:00:00,NSE:HINDPETRO,232.65,234.7,232.55,234.05,1106718.0
2021-04-09 15:45:00,NSE:HINDPETRO,234.05,234.05,234.05,234.05,274.0
2021-04-12 09:00:00,NSE:HINDPETRO,230.0,232.75,226.05,228.0,680456.0
2021-04-12 09:45:00,NSE:HINDPETRO,227.9,230.5,226.8,229.05,741197.0
2021-04-12 10:30:00,NSE:HINDPETRO,229.05,229.05,226.9,227.65,417371.0
2021-04-12 11:15:00,NSE:HINDPETRO,227.95,228.15,225.85,226.95,526639.0
2021-04-12 12:00:00,NSE:HINDPETRO,226.95,227.3,222.8,226.15,860100.0
2021-04-12 12:45:00,NSE:HINDPETRO,226.0,226.85,225.7,226.85,306657.0
2021-04-12 13:30:00,NSE:HINDPETRO,226.8,228.7,225.6,227.4,472506.0
2021-04-12 14:15:00,NSE:HINDPETRO,227.4,227.9,224.5,225.8,715571.0
2021-04-12 15:00:00,NSE:HINDPETRO,225.85,228.3,223.95,227.55,1992391.0
2021-04-12 15:45:00,NSE:HINDPETRO,226.4,226.4,226.4,226.4,3.0
2021-04-13 09:00:00,NSE:HINDPETRO,225.6,229.45,225.6,229.1,563386.0
2021-04-13 09:45:00,NSE:HINDPETRO,229.0,232.65,228.85,231.8,827585.0
2021-04-13 10:30:00,NSE:HINDPETRO,231.7,232.2,229.5,231.75,784192.0
2021-04-13 11:15:00,NSE:HINDPETRO,231.8,231.85,228.65,228.9,733764.0
2021-04-13 12:00:00,NSE:HINDPETRO,228.85,230.35,228.6,230.05,521324.0
2021-04-13 12:45:00,NSE:HINDPETRO,230.0,230.95,228.5,228.85,604258.0
2021-04-13 13:30:00,NSE:HINDPETRO,228.75,231.85,228.7,231.5,665167.0
2021-04-13 14:15:00,NSE:HINDPETRO,231.55,231.65,228.8,228.9,727546.0
2021-04-13 15:00:00,NSE:HINDPETRO,228.9,232.5,228.85,231.55,1922210.0
2021-04-13 15:45:00,NSE:HINDPETRO,231.55,231.55,231.55,231.55,575.0
2021-04-15 09:00:00,NSE:HINDPETRO,228.65,234.8,228.65,233.35,490567.0
2021-04-15 09:45:00,NSE:HINDPETRO,233.45,233.5,231.5,231.5,267231.0
2021-04-15 10:30:00,NSE:HINDPETRO,231.45,234.45,231.35,233.4,582022.0
2021-04-15 11:15:00,NSE:HINDPETRO,233.4,233.8,232.15,233.65,217254.0
2021-04-15 12:00:00,NSE:HINDPETRO,233.6,235.8,233.45,234.75,612518.0
2021-04-15 12:45:00,NSE:HINDPETRO,234.75,235.9,233.6,235.85,290558.0
2021-04-15 13:30:00,NSE:HINDPETRO,235.85,236.7,235.25,235.55,362869.0
2021-04-15 14:15:00,NSE:HINDPETRO,235.5,237.45,235.05,236.7,549731.0
2021-04-15 15:00:00,NSE:HINDPETRO,236.65,237.9,236.1,237.15,969910.0
2021-04-15 15:45:00,NSE:HINDPETRO,237.15,237.15,236.5,236.5,150.0
2021-04-16 09:00:00,NSE:HINDPETRO,237.0,237.6,235.5,237.2,404116.0
2021-04-16 09:45:00,NSE:HINDPETRO,237.2,239.0,237.0,238.75,485923.0
2021-04-16 10:30:00,NSE:HINDPETRO,238.7,239.75,237.95,239.4,383433.0
2021-04-16 11:15:00,NSE:HINDPETRO,239.4,240.0,236.55,237.2,1221479.0
2021-04-16 12:00:00,NSE:HINDPETRO,237.25,237.75,235.2,235.6,1487730.0
2021-04-16 12:45:00,NSE:HINDPETRO,235.65,236.75,234.75,236.75,428213.0
2021-04-16 13:30:00,NSE:HINDPETRO,236.7,236.95,235.65,236.05,308320.0
2021-04-16 14:15:00,NSE:HINDPETRO,236.05,237.45,235.45,236.5,468287.0
2021-04-16 15:00:00,NSE:HINDPETRO,236.75,237.4,235.3,236.55,1085374.0
2021-04-16 15:45:00,NSE:HINDPETRO,236.55,236.55,235.4,236.55,1109.0
2021-04-19 09:00:00,NSE:HINDPETRO,231.15,234.0,228.55,231.35,691760.0
2021-04-19 09:45:00,NSE:HINDPETRO,231.1,233.55,230.65,233.05,335292.0
2021-04-19 10:30:00,NSE:HINDPETRO,233.15,233.5,231.75,231.85,275435.0
2021-04-19 11:15:00,NSE:HINDPETRO,231.9,232.1,230.3,231.3,179519.0
2021-04-19 12:00:00,NSE:HINDPETRO,231.3,231.8,229.7,230.5,375054.0
2021-04-19 12:45:00,NSE:HINDPETRO,230.5,231.85,229.6,231.3,2226055.0
2021-04-19 13:30:00,NSE:HINDPETRO,231.2,232.7,230.75,230.95,1352533.0
2021-04-19 14:15:00,NSE:HINDPETRO,230.9,231.75,230.4,231.55,287044.0
2021-04-19 15:00:00,NSE:HINDPETRO,231.4,232.0,230.4,231.4,1006915.0
2021-04-19 15:45:00,NSE:HINDPETRO,231.4,231.4,230.9,231.4,65.0
2021-04-20 09:00:00,NSE:HINDPETRO,231.5,233.75,231.5,232.7,278284.0
2021-04-20 09:45:00,NSE:HINDPETRO,232.75,234.8,232.0,234.5,445680.0
2021-04-20 10:30:00,NSE:HINDPETRO,234.35,234.6,232.45,232.8,346264.0
2021-04-20 11:15:00,NSE:HINDPETRO,232.75,233.4,232.25,232.8,124435.0
2021-04-20 12:00:00,NSE:HINDPETRO,232.7,234.15,232.35,232.6,552882.0
2021-04-20 12:45:00,NSE:HINDPETRO,232.8,234.05,232.3,232.35,509420.0
2021-04-20 13:30:00,NSE:HINDPETRO,232.3,233.0,231.8,233.0,302328.0
2021-04-20 14:15:00,NSE:HINDPETRO,233.0,233.55,231.25,232.25,843777.0
2021-04-20 15:00:00,NSE:HINDPETRO,232.2,233.25,231.9,232.7,1004127.0
2021-04-20 15:45:00,NSE:HINDPETRO,232.7,232.7,232.2,232.2,480.0
2021-04-22 09:00:00,NSE:HINDPETRO,231.0,232.2,229.35,232.15,386567.0
2021-04-22 09:45:00,NSE:HINDPETRO,232.2,234.05,231.2,232.4,529226.0
2021-04-22 10:30:00,NSE:HINDPETRO,232.35,233.8,231.9,232.6,334958.0
2021-04-22 11:15:00,NSE:HINDPETRO,232.65,233.2,231.6,232.55,351726.0
2021-04-22 12:00:00,NSE:HINDPETRO,232.55,233.6,231.75,232.45,313408.0
2021-04-22 12:45:00,NSE:HINDPETRO,232.45,234.1,232.3,232.95,362630.0
2021-04-22 13:30:00,NSE:HINDPETRO,232.95,233.85,232.0,233.65,259191.0
2021-04-22 14:15:00,NSE:HINDPETRO,233.65,234.0,232.75,233.45,407515.0
2021-04-22 15:00:00,NSE:HINDPETRO,233.7,234.3,233.0,233.5,756577.0
2021-04-22 15:45:00,NSE:HINDPETRO,233.5,233.5,233.5,233.5,163.0
2021-04-23 09:00:00,NSE:HINDPETRO,233.0,233.0,231.75,231.8,247860.0
2021-04-23 09:45:00,NSE:HINDPETRO,231.65,233.2,231.5,233.1,255628.0
2021-04-23 10:30:00,NSE:HINDPETRO,233.1,233.9,232.6,233.2,265419.0
2021-04-23 11:15:00,NSE:HINDPETRO,233.1,235.25,232.75,234.8,567835.0
2021-04-23 12:00:00,NSE:HINDPETRO,234.8,235.45,233.55,233.75,475252.0
2021-04-23 12:45:00,NSE:HINDPETRO,233.75,233.75,233.1,233.25,244141.0
2021-04-23 13:30:00,NSE:HINDPETRO,233.2,234.3,232.7,233.75,379436.0
2021-04-23 14:15:00,NSE:HINDPETRO,233.7,234.5,232.2,233.25,908539.0
2021-04-23 15:00:00,NSE:HINDPETRO,233.15,234.3,233.1,234.0,884508.0
2021-04-23 15:45:00,NSE:HINDPETRO,233.7,233.7,233.7,233.7,3.0
2021-04-26 09:00:00,NSE:HINDPETRO,234.15,234.8,232.9,232.95,416409.0
2021-04-26 09:45:00,NSE:HINDPETRO,232.9,233.65,230.5,233.2,1777080.0
2021-04-26 10:30:00,NSE:HINDPETRO,233.3,234.75,232.95,234.5,400219.0
2021-04-26 11:15:00,NSE:HINDPETRO,234.55,234.55,233.1,233.55,262507.0
2021-04-26 12:00:00,NSE:HINDPETRO,233.55,233.75,232.0,232.5,503828.0
2021-04-26 12:45:00,NSE:HINDPETRO,232.5,232.6,231.25,232.0,684807.0
2021-04-26 13:30:00,NSE:HINDPETRO,232.0,233.0,231.6,232.25,494946.0
2021-04-26 14:15:00,NSE:HINDPETRO,232.25,232.5,231.25,232.0,936380.0
2021-04-26 15:00:00,NSE:HINDPETRO,232.0,233.0,231.75,232.5,770792.0
2021-04-26 15:45:00,NSE:HINDPETRO,232.5,232.5,232.5,232.5,210.0
2021-04-27 09:00:00,NSE:HINDPETRO,233.45,233.6,232.3,233.0,176057.0
2021-04-27 09:45:00,NSE:HINDPETRO,233.1,233.9,232.65,233.85,297978.0
2021-04-27 10:30:00,NSE:HINDPETRO,233.85,234.0,233.05,233.2,433806.0
2021-04-27 11:15:00,NSE:HINDPETRO,233.3,233.6,232.9,233.4,396827.0
2021-04-27 12:00:00,NSE:HINDPETRO,233.45,233.7,233.15,233.4,394690.0
2021-04-27 12:45:00,NSE:HINDPETRO,233.4,233.5,232.7,233.0,285480.0
2021-04-27 13:30:00,NSE:HINDPETRO,232.9,233.25,232.65,232.9,279836.0
2021-04-27 14:15:00,NSE:HINDPETRO,232.95,233.2,232.35,232.8,440943.0
2021-04-27 15:00:00,NSE:HINDPETRO,232.95,233.5,232.05,232.95,741107.0
2021-04-27 15:45:00,NSE:HINDPETRO,232.95,233.1,232.95,233.1,10.0
2021-04-28 09:00:00,NSE:HINDPETRO,233.8,233.9,231.9,232.25,645160.0
2021-04-28 09:45:00,NSE:HINDPETRO,232.15,232.45,231.6,231.8,199100.0
2021-04-28 10:30:00,NSE:HINDPETRO,231.8,232.2,231.6,232.05,126878.0
2021-04-28 11:15:00,NSE:HINDPETRO,232.0,233.35,231.65,233.05,321845.0
2021-04-28 12:00:00,NSE:HINDPETRO,233.1,233.4,232.3,232.85,262394.0
2021-04-28 12:45:00,NSE:HINDPETRO,232.85,232.9,231.3,231.85,802302.0
2021-04-28 13:30:00,NSE:HINDPETRO,231.75,232.0,231.2,231.4,802648.0
2021-04-28 14:15:00,NSE:HINDPETRO,231.35,232.0,231.2,231.25,801762.0
2021-04-28 15:00:00,NSE:HINDPETRO,231.35,231.95,230.85,231.35,1091710.0
2021-04-28 15:45:00,NSE:HINDPETRO,231.35,231.35,231.35,231.35,137.0
2021-04-29 09:00:00,NSE:HINDPETRO,233.0,233.2,231.5,231.55,421634.0
2021-04-29 09:45:00,NSE:HINDPETRO,231.55,231.7,229.45,230.1,1343861.0
2021-04-29 10:30:00,NSE:HINDPETRO,230.25,230.3,229.25,229.8,375362.0
2021-04-29 11:15:00,NSE:HINDPETRO,229.8,230.6,229.65,230.55,545326.0
2021-04-29 12:00:00,NSE:HINDPETRO,230.55,230.85,230.0,230.35,552387.0
2021-04-29 12:45:00,NSE:HINDPETRO,230.35,232.0,230.3,231.4,769840.0
2021-04-29 13:30:00,NSE:HINDPETRO,231.5,232.2,229.7,229.95,748427.0
2021-04-29 14:15:00,NSE:HINDPETRO,230.1,230.45,229.3,229.65,691474.0
2021-04-29 15:00:00,NSE:HINDPETRO,229.5,230.0,229.35,229.7,689726.0
2021-04-29 15:45:00,NSE:HINDPETRO,229.7,229.7,229.7,229.7,631.0
2021-04-30 09:00:00,NSE:HINDPETRO,228.25,231.95,228.2,231.75,885339.0
2021-04-30 09:45:00,NSE:HINDPETRO,231.65,240.0,231.4,239.5,2752789.0
2021-04-30 10:30:00,NSE:HINDPETRO,239.5,244.3,238.8,244.15,2878048.0
2021-04-30 11:15:00,NSE:HINDPETRO,244.1,245.25,241.15,242.05,2539896.0
2021-04-30 12:00:00,NSE:HINDPETRO,242.05,243.25,239.0,239.65,1452439.0
2021-04-30 12:45:00,NSE:HINDPETRO,239.7,239.7,237.7,239.2,809613.0
2021-04-30 13:30:00,NSE:HINDPETRO,239.45,240.6,235.25,237.15,1899006.0
2021-04-30 14:15:00,NSE:HINDPETRO,237.05,237.65,235.15,235.45,933483.0
2021-04-30 15:00:00,NSE:HINDPETRO,235.5,235.8,233.75,234.65,1412428.0
2021-04-30 15:45:00,NSE:HINDPETRO,234.65,234.75,234.65,234.65,392.0
2021-05-03 09:00:00,NSE:HINDPETRO,232.95,235.35,231.0,234.15,876258.0
2021-05-03 09:45:00,NSE:HINDPETRO,234.2,236.2,233.1,234.45,449294.0
2021-05-03 10:30:00,NSE:HINDPETRO,234.6,235.5,234.15,234.65,144165.0
2021-05-03 11:15:00,NSE:HINDPETRO,234.5,236.85,234.3,236.3,357256.0
2021-05-03 12:00:00,NSE:HINDPETRO,236.15,236.25,234.8,235.15,185415.0
2021-05-03 12:45:00,NSE:HINDPETRO,235.0,236.3,234.65,236.15,392101.0
2021-05-03 13:30:00,NSE:HINDPETRO,236.15,236.15,235.3,235.5,217744.0
2021-05-03 14:15:00,NSE:HINDPETRO,235.5,237.1,234.9,235.7,1042935.0
2021-05-03 15:00:00,NSE:HINDPETRO,235.8,236.35,235.35,236.0,364218.0
2021-05-03 15:45:00,NSE:HINDPETRO,235.85,236.0,235.85,235.85,686.0
2021-05-04 09:00:00,NSE:HINDPETRO,236.8,243.5,236.6,241.75,1036987.0
2021-05-04 09:45:00,NSE:HINDPETRO,241.55,244.5,241.05,242.55,1172176.0
2021-05-04 10:30:00,NSE:HINDPETRO,242.55,243.6,241.7,241.95,568195.0
2021-05-04 11:15:00,NSE:HINDPETRO,241.85,242.8,241.35,242.6,445438.0
2021-05-04 12:00:00,NSE:HINDPETRO,242.6,244.8,242.2,244.0,779917.0
2021-05-04 12:45:00,NSE:HINDPETRO,244.0,244.0,240.55,241.7,1128663.0
2021-05-04 13:30:00,NSE:HINDPETRO,241.75,242.5,240.8,242.25,365988.0
2021-05-04 14:15:00,NSE:HINDPETRO,242.1,243.95,240.7,241.25,1075835.0
2021-05-04 15:00:00,NSE:HINDPETRO,241.3,242.0,240.95,242.0,506361.0
2021-05-04 15:45:00,NSE:HINDPETRO,241.5,242.0,241.5,241.5,622.0
2021-05-05 09:00:00,NSE:HINDPETRO,242.8,246.5,239.0,245.0,1507603.0
2021-05-05 09:45:00,NSE:HINDPETRO,244.9,245.65,242.8,245.25,768665.0
2021-05-05 10:30:00,NSE:HINDPETRO,245.15,246.3,244.7,244.7,960114.0
2021-05-05 11:15:00,NSE:HINDPETRO,244.85,245.05,244.1,244.5,572958.0
2021-05-05 12:00:00,NSE:HINDPETRO,244.5,244.95,243.85,244.05,332473.0
2021-05-05 12:45:00,NSE:HINDPETRO,243.95,244.95,243.65,243.9,576305.0
2021-05-05 13:30:00,NSE:HINDPETRO,243.95,244.95,243.9,244.4,856431.0
2021-05-05 14:15:00,NSE:HINDPETRO,244.5,244.8,243.8,244.35,663712.0
2021-05-05 15:00:00,NSE:HINDPETRO,244.4,245.2,243.75,244.8,1138934.0
2021-05-05 15:45:00,NSE:HINDPETRO,244.8,244.8,243.85,244.8,146.0
2021-05-06 09:00:00,NSE:HINDPETRO,247.4,247.4,245.0,246.8,553958.0
2021-05-06 09:45:00,NSE:HINDPETRO,246.9,246.9,245.15,245.95,326921.0
2021-05-06 10:30:00,NSE:HINDPETRO,245.95,248.9,245.8,247.95,726916.0
2021-05-06 11:15:00,NSE:HINDPETRO,247.95,249.8,247.35,248.5,532641.0
2021-05-06 12:00:00,NSE:HINDPETRO,248.5,248.5,246.8,246.95,391500.0
2021-05-06 12:45:00,NSE:HINDPETRO,246.9,247.05,244.65,244.85,442822.0
2021-05-06 13:30:00,NSE:HINDPETRO,244.8,245.0,244.25,245.0,606500.0
2021-05-06 14:15:00,NSE:HINDPETRO,245.0,247.0,244.7,246.1,1102024.0
2021-05-06 15:00:00,NSE:HINDPETRO,246.1,246.85,244.6,245.4,1691851.0
2021-05-06 15:45:00,NSE:HINDPETRO,245.4,245.4,245.4,245.4,13.0
2021-05-07 09:00:00,NSE:HINDPETRO,246.45,247.6,244.1,244.8,352596.0
2021-05-07 09:45:00,NSE:HINDPETRO,244.65,245.4,241.75,242.5,591110.0
2021-05-07 10:30:00,NSE:HINDPETRO,242.5,243.05,242.0,242.4,284692.0
2021-05-07 11:15:00,NSE:HINDPETRO,242.35,243.55,241.0,242.0,614484.0
2021-05-07 12:00:00,NSE:HINDPETRO,241.95,242.55,241.45,242.4,321608.0
2021-05-07 12:45:00,NSE:HINDPETRO,242.45,242.95,241.5,242.4,395329.0
2021-05-07 13:30:00,NSE:HINDPETRO,242.4,243.3,241.55,243.0,1092669.0
2021-05-07 14:15:00,NSE:HINDPETRO,242.95,252.5,242.95,252.1,2962149.0
2021-05-07 15:00:00,NSE:HINDPETRO,252.15,252.65,249.0,251.45,2035049.0
2021-05-07 15:45:00,NSE:HINDPETRO,251.45,251.45,250.0,251.45,1506.0
2021-05-10 09:00:00,NSE:HINDPETRO,253.0,259.8,251.65,256.55,1931597.0
2021-05-10 09:45:00,NSE:HINDPETRO,256.5,256.5,253.5,255.2,753227.0
2021-05-10 10:30:00,NSE:HINDPETRO,255.2,256.0,254.5,255.45,278853.0
2021-05-10 11:15:00,NSE:HINDPETRO,255.2,255.4,253.2,254.05,530879.0
2021-05-10 12:00:00,NSE:HINDPETRO,254.15,255.1,254.0,254.85,291239.0
2021-05-10 12:45:00,NSE:HINDPETRO,254.9,255.75,253.4,254.85,501705.0
2021-05-10 13:30:00,NSE:HINDPETRO,254.85,255.2,254.5,254.7,251594.0
2021-05-10 14:15:00,NSE:HINDPETRO,254.8,255.7,253.7,255.0,555624.0
2021-05-10 15:00:00,NSE:HINDPETRO,255.0,256.0,254.45,255.0,1215086.0
2021-05-10 15:45:00,NSE:HINDPETRO,255.0,255.0,255.0,255.0,61.0
2021-05-11 09:00:00,NSE:HINDPETRO,254.0,263.4,252.2,261.8,1854479.0
2021-05-11 09:45:00,NSE:HINDPETRO,261.8,263.7,259.2,261.35,1306657.0
2021-05-11 10:30:00,NSE:HINDPETRO,261.2,261.7,259.2,261.7,710261.0
2021-05-11 11:15:00,NSE:HINDPETRO,262.2,263.1,260.5,262.45,750429.0
2021-05-11 12:00:00,NSE:HINDPETRO,262.45,266.35,262.35,265.05,2129164.0
2021-05-11 12:45:00,NSE:HINDPETRO,265.0,265.0,260.75,260.8,831833.0
2021-05-11 13:30:00,NSE:HINDPETRO,260.85,262.8,260.7,261.65,481520.0
2021-05-11 14:15:00,NSE:HINDPETRO,261.5,265.75,261.5,265.0,1043966.0
2021-05-11 15:00:00,NSE:HINDPETRO,264.95,267.0,264.0,265.6,1225295.0
2021-05-11 15:45:00,NSE:HINDPETRO,265.6,265.6,265.6,265.6,924.0
2021-05-12 09:00:00,NSE:HINDPETRO,267.0,269.5,260.3,264.1,1407387.0
2021-05-12 09:45:00,NSE:HINDPETRO,264.1,264.35,260.9,261.7,397198.0
2021-05-12 10:30:00,NSE:HINDPETRO,261.7,264.3,261.0,264.3,335332.0
2021-05-12 11:15:00,NSE:HINDPETRO,264.25,266.35,263.2,266.15,446216.0
2021-05-12 12:00:00,NSE:HINDPETRO,266.1,267.55,265.25,266.85,298062.0
2021-05-12 12:45:00,NSE:HINDPETRO,266.95,267.25,265.5,266.55,246312.0
2021-05-12 13:30:00,NSE:HINDPETRO,266.4,267.4,265.5,266.75,205921.0
2021-05-12 14:15:00,NSE:HINDPETRO,266.65,267.2,258.7,260.95,840686.0
2021-05-12 15:00:00,NSE:HINDPETRO,260.65,263.75,259.95,262.25,574226.0
2021-05-12 15:45:00,NSE:HINDPETRO,262.25,262.25,261.95,262.25,1609.0
2021-05-14 09:00:00,NSE:HINDPETRO,264.3,264.3,258.75,261.25,703066.0
2021-05-14 09:45:00,NSE:HINDPETRO,261.2,262.45,259.5,259.7,291640.0
2021-05-14 10:30:00,NSE:HINDPETRO,259.75,259.9,257.5,258.0,275852.0
2021-05-14 11:15:00,NSE:HINDPETRO,258.0,258.7,256.25,256.8,448326.0
2021-05-14 12:00:00,NSE:HINDPETRO,256.75,258.0,255.9,256.7,418264.0
2021-05-14 12:45:00,NSE:HINDPETRO,256.85,258.0,256.5,257.3,240138.0
2021-05-14 13:30:00,NSE:HINDPETRO,257.45,257.75,255.6,256.5,170884.0
2021-05-14 14:15:00,NSE:HINDPETRO,256.55,256.9,254.5,254.8,403255.0
2021-05-14 15:00:00,NSE:HINDPETRO,254.8,255.5,253.75,254.4,389131.0
2021-05-14 15:45:00,NSE:HINDPETRO,254.4,254.4,254.3,254.4,421.0
2021-05-17 09:00:00,NSE:HINDPETRO,255.4,257.8,253.0,254.4,504844.0
2021-05-17 09:45:00,NSE:HINDPETRO,254.4,255.2,252.35,253.2,319051.0
2021-05-17 10:30:00,NSE:HINDPETRO,253.3,253.45,250.8,251.9,354946.0
2021-05-17 11:15:00,NSE:HINDPETRO,252.05,252.25,251.25,251.95,171017.0
2021-05-17 12:00:00,NSE:HINDPETRO,251.9,252.1,251.3,251.6,131670.0
2021-05-17 12:45:00,NSE:HINDPETRO,251.6,252.1,251.25,251.4,108536.0
2021-05-17 13:30:00,NSE:HINDPETRO,251.35,252.15,251.35,251.95,193140.0
2021-05-17 14:15:00,NSE:HINDPETRO,251.95,252.5,251.65,251.85,792743.0
2021-05-17 15:00:00,NSE:HINDPETRO,251.85,252.3,251.3,251.85,450928.0
2021-05-17 15:45:00,NSE:HINDPETRO,251.85,251.85,251.75,251.85,1021.0
2021-05-18 09:00:00,NSE:HINDPETRO,254.0,258.0,252.85,257.35,943733.0
2021-05-18 09:45:00,NSE:HINDPETRO,257.3,257.55,255.0,255.0,395584.0
2021-05-18 10:30:00,NSE:HINDPETRO,255.0,257.35,254.95,256.0,264350.0
2021-05-18 11:15:00,NSE:HINDPETRO,255.9,259.3,255.75,257.2,726921.0
2021-05-18 12:00:00,NSE:HINDPETRO,257.3,258.15,256.3,257.3,451010.0
2021-05-18 12:45:00,NSE:HINDPETRO,257.3,263.15,256.95,262.6,818743.0
2021-05-18 13:30:00,NSE:HINDPETRO,262.65,265.85,261.85,265.7,1452023.0
2021-05-18 14:15:00,NSE:HINDPETRO,265.6,266.4,262.65,264.1,1590488.0
2021-05-18 15:00:00,NSE:HINDPETRO,264.0,266.1,263.8,265.0,1067621.0
2021-05-18 15:45:00,NSE:HINDPETRO,265.0,265.8,265.0,265.0,878.0
2021-05-19 09:00:00,NSE:HINDPETRO,265.0,265.0,261.3,262.8,495498.0
2021-05-19 09:45:00,NSE:HINDPETRO,262.8,266.2,262.65,264.8,723222.0
2021-05-19 10:30:00,NSE:HINDPETRO,264.9,265.65,263.6,263.8,182645.0
2021-05-19 11:15:00,NSE:HINDPETRO,263.85,264.15,263.05,263.95,197987.0
2021-05-19 12:00:00,NSE:HINDPETRO,263.85,264.8,262.25,264.5,366043.0
2021-05-19 12:45:00,NSE:HINDPETRO,264.5,264.85,262.45,263.0,342798.0
2021-05-19 13:30:00,NSE:HINDPETRO,262.95,268.8,262.5,268.55,1322932.0
2021-05-19 14:15:00,NSE:HINDPETRO,268.5,273.65,267.95,273.0,2760642.0
2021-05-19 15:00:00,NSE:HINDPETRO,272.85,273.55,271.2,272.75,1097930.0
2021-05-19 15:45:00,NSE:HINDPETRO,272.75,272.75,272.75,272.75,699.0
2021-05-20 09:00:00,NSE:HINDPETRO,274.8,274.8,268.1,271.2,1651207.0
2021-05-20 09:45:00,NSE:HINDPETRO,271.15,271.9,269.1,270.0,635048.0
2021-05-20 10:30:00,NSE:HINDPETRO,269.9,270.0,269.15,269.5,310411.0
2021-05-20 11:15:00,NSE:HINDPETRO,269.4,269.5,267.6,268.5,487943.0
2021-05-20 12:00:00,NSE:HINDPETRO,268.5,268.5,265.5,266.7,603325.0
2021-05-20 12:45:00,NSE:HINDPETRO,266.6,267.5,266.25,266.6,244872.0
2021-05-20 13:30:00,NSE:HINDPETRO,266.6,267.8,266.0,266.9,374620.0
2021-05-20 14:15:00,NSE:HINDPETRO,266.9,267.6,266.1,266.15,560256.0
2021-05-20 15:00:00,NSE:HINDPETRO,266.25,267.7,265.2,267.0,1163821.0
2021-05-20 15:45:00,NSE:HINDPETRO,266.4,267.0,266.4,267.0,625.0
2021-05-21 09:00:00,NSE:HINDPETRO,282.0,288.3,277.1,277.7,17389383.0
2021-05-21 09:45:00,NSE:HINDPETRO,277.7,280.2,276.5,278.25,4580918.0
2021-05-21 10:30:00,NSE:HINDPETRO,278.3,278.7,277.1,278.45,1726644.0
2021-05-21 11:15:00,NSE:HINDPETRO,278.3,279.1,277.65,278.1,1134260.0
2021-05-21 12:00:00,NSE:HINDPETRO,278.25,278.7,277.2,278.25,1194408.0
2021-05-21 12:45:00,NSE:HINDPETRO,278.3,278.55,277.6,278.2,848242.0
2021-05-21 13:30:00,NSE:HINDPETRO,278.2,278.85,277.8,278.45,1033633.0
2021-05-21 14:15:00,NSE:HINDPETRO,278.55,278.55,274.3,275.75,2309412.0
2021-05-21 15:00:00,NSE:HINDPETRO,275.8,277.25,274.8,276.3,2892873.0
2021-05-21 15:45:00,NSE:HINDPETRO,276.3,276.5,276.3,276.3,32583.0
2021-05-24 09:00:00,NSE:HINDPETRO,277.35,278.7,275.55,278.4,985914.0
2021-05-24 09:45:00,NSE:HINDPETRO,278.4,283.35,278.0,281.5,1295011.0
2021-05-24 10:30:00,NSE:HINDPETRO,281.5,282.95,280.75,281.8,533428.0
2021-05-24 11:15:00,NSE:HINDPETRO,281.75,283.0,281.35,281.75,440858.0
2021-05-24 12:00:00,NSE:HINDPETRO,281.8,282.1,281.05,281.2,336876.0
2021-05-24 12:45:00,NSE:HINDPETRO,281.15,282.95,280.8,282.45,621193.0
2021-05-24 13:30:00,NSE:HINDPETRO,282.5,285.0,282.25,284.4,1032397.0
2021-05-24 14:15:00,NSE:HINDPETRO,284.4,285.75,283.5,285.35,923446.0
2021-05-24 15:00:00,NSE:HINDPETRO,285.4,285.7,284.15,284.55,975376.0
2021-05-24 15:45:00,NSE:HINDPETRO,284.55,284.55,284.3,284.55,640.0
2021-05-25 09:00:00,NSE:HINDPETRO,285.9,287.0,282.6,284.05,880578.0
2021-05-25 09:45:00,NSE:HINDPETRO,283.95,288.0,283.95,286.05,921234.0
2021-05-25 10:30:00,NSE:HINDPETRO,286.05,287.65,285.4,286.3,1836552.0
2021-05-25 11:15:00,NSE:HINDPETRO,286.3,286.9,283.75,284.0,1903501.0
2021-05-25 12:00:00,NSE:HINDPETRO,284.05,286.35,283.85,286.3,1602503.0
2021-05-25 12:45:00,NSE:HINDPETRO,286.3,286.45,285.35,286.0,220289.0
2021-05-25 13:30:00,NSE:HINDPETRO,286.1,288.8,285.7,288.1,707463.0
2021-05-25 14:15:00,NSE:HINDPETRO,288.15,290.7,288.1,288.7,1184156.0
2021-05-25 15:00:00,NSE:HINDPETRO,288.7,288.8,287.45,288.15,683352.0
2021-05-25 15:45:00,NSE:HINDPETRO,288.15,288.15,287.6,288.15,1533.0
2021-05-26 09:00:00,NSE:HINDPETRO,287.7,291.8,286.15,287.85,1236570.0
2021-05-26 09:45:00,NSE:HINDPETRO,287.85,288.6,286.75,287.2,655257.0
2021-05-26 10:30:00,NSE:HINDPETRO,287.2,288.0,286.15,286.2,506977.0
2021-05-26 11:15:00,NSE:HINDPETRO,286.2,287.25,285.45,287.15,520439.0
2021-05-26 12:00:00,NSE:HINDPETRO,287.1,288.35,287.1,287.9,352427.0
2021-05-26 12:45:00,NSE:HINDPETRO,287.85,288.35,286.15,286.85,418666.0
2021-05-26 13:30:00,NSE:HINDPETRO,286.8,287.9,285.5,285.55,398125.0
2021-05-26 14:15:00,NSE:HINDPETRO,285.6,285.75,283.65,284.0,760934.0
2021-05-26 15:00:00,NSE:HINDPETRO,284.0,285.2,283.6,284.0,855607.0
2021-05-26 15:45:00,NSE:HINDPETRO,284.25,284.25,284.0,284.25,2033.0
2021-05-27 09:00:00,NSE:HINDPETRO,285.8,289.4,283.2,284.9,930804.0
2021-05-27 09:45:00,NSE:HINDPETRO,284.8,285.9,284.2,285.8,357174.0
2021-05-27 10:30:00,NSE:HINDPETRO,285.75,286.0,283.6,283.85,314203.0
2021-05-27 11:15:00,NSE:HINDPETRO,283.85,284.3,282.75,283.9,382256.0
2021-05-27 12:00:00,NSE:HINDPETRO,283.9,284.0,280.55,281.15,1591953.0
2021-05-27 12:45:00,NSE:HINDPETRO,281.2,283.1,281.0,282.85,404418.0
2021-05-27 13:30:00,NSE:HINDPETRO,282.85,283.8,281.5,281.65,525779.0
2021-05-27 14:15:00,NSE:HINDPETRO,281.75,281.85,280.3,281.3,459338.0
2021-05-27 15:00:00,NSE:HINDPETRO,281.15,282.5,279.5,280.4,4432177.0
2021-05-27 15:45:00,NSE:HINDPETRO,280.4,281.0,280.4,280.4,1948.0
2021-05-28 09:00:00,NSE:HINDPETRO,282.3,284.5,279.3,282.85,1191856.0
2021-05-28 09:45:00,NSE:HINDPETRO,283.0,283.7,280.5,281.1,364848.0
2021-05-28 10:30:00,NSE:HINDPETRO,281.1,281.35,280.5,280.85,172856.0
2021-05-28 11:15:00,NSE:HINDPETRO,280.85,281.4,280.8,281.05,232601.0
2021-05-28 12:00:00,NSE:HINDPETRO,281.0,281.15,280.05,280.2,155615.0
2021-05-28 12:45:00,NSE:HINDPETRO,280.05,281.35,279.7,281.05,173700.0
2021-05-28 13:30:00,NSE:HINDPETRO,281.0,281.55,279.7,280.05,241739.0
2021-05-28 14:15:00,NSE:HINDPETRO,279.9,281.35,279.75,280.45,209523.0
2021-05-28 15:00:00,NSE:HINDPETRO,280.3,281.3,280.05,280.65,421928.0
2021-05-28 15:45:00,NSE:HINDPETRO,280.65,280.8,280.65,280.8,1152.0
2021-05-31 09:00:00,NSE:HINDPETRO,281.95,281.95,278.1,280.2,363915.0
2021-05-31 09:45:00,NSE:HINDPETRO,280.4,280.75,278.9,279.2,255015.0
2021-05-31 10:30:00,NSE:HINDPETRO,279.35,281.25,278.65,280.6,305856.0
2021-05-31 11:15:00,NSE:HINDPETRO,280.6,281.4,280.25,280.9,322365.0
2021-05-31 12:00:00,NSE:HINDPETRO,280.85,281.65,280.75,280.95,146583.0
2021-05-31 12:45:00,NSE:HINDPETRO,281.0,281.3,279.6,279.9,178392.0
2021-05-31 13:30:00,NSE:HINDPETRO,279.9,280.0,278.9,279.0,290298.0
2021-05-31 14:15:00,NSE:HINDPETRO,279.0,279.8,278.6,278.8,204076.0
2021-05-31 15:00:00,NSE:HINDPETRO,278.75,280.65,278.7,279.7,602725.0
2021-05-31 15:45:00,NSE:HINDPETRO,279.7,279.7,279.0,279.0,1536.0
2021-06-01 09:00:00,NSE:HINDPETRO,280.1,285.65,280.0,284.4,679565.0
2021-06-01 09:45:00,NSE:HINDPETRO,284.4,286.2,281.15,282.95,719578.0
2021-06-01 10:30:00,NSE:HINDPETRO,282.95,284.0,281.6,281.9,280856.0
2021-06-01 11:15:00,NSE:HINDPETRO,281.95,282.6,281.25,281.7,227220.0
2021-06-01 12:00:00,NSE:HINDPETRO,281.85,281.95,281.1,281.5,168896.0
2021-06-01 12:45:00,NSE:HINDPETRO,281.5,282.35,281.25,282.25,142162.0
2021-06-01 13:30:00,NSE:HINDPETRO,282.2,282.3,280.7,281.05,223072.0
2021-06-01 14:15:00,NSE:HINDPETRO,281.1,281.25,280.5,280.75,191962.0
2021-06-01 15:00:00,NSE:HINDPETRO,280.85,282.35,280.8,281.55,678481.0
2021-06-01 15:45:00,NSE:HINDPETRO,281.55,281.55,281.55,281.55,20.0
2021-06-02 09:00:00,NSE:HINDPETRO,282.25,284.95,281.85,284.45,868276.0
2021-06-02 09:45:00,NSE:HINDPETRO,284.45,288.8,283.0,288.75,2066389.0
2021-06-02 10:30:00,NSE:HINDPETRO,288.6,289.5,288.0,289.0,3962748.0
2021-06-02 11:15:00,NSE:HINDPETRO,289.0,289.15,288.2,289.0,923651.0
2021-06-02 12:00:00,NSE:HINDPETRO,289.05,289.05,288.15,288.4,530489.0
2021-06-02 12:45:00,NSE:HINDPETRO,288.5,288.5,286.3,286.75,577533.0
2021-06-02 13:30:00,NSE:HINDPETRO,286.75,288.65,286.6,287.85,416053.0
2021-06-02 14:15:00,NSE:HINDPETRO,287.85,289.0,287.3,287.6,646033.0
2021-06-02 15:00:00,NSE:HINDPETRO,287.65,289.0,287.6,288.4,913721.0
2021-06-02 15:45:00,NSE:HINDPETRO,288.4,288.5,288.4,288.4,214.0
2021-06-03 09:00:00,NSE:HINDPETRO,289.0,290.65,287.2,287.5,453680.0
2021-06-03 09:45:00,NSE:HINDPETRO,287.6,289.3,286.5,289.0,431133.0
2021-06-03 10:30:00,NSE:HINDPETRO,289.0,289.15,287.2,288.45,247943.0
2021-06-03 11:15:00,NSE:HINDPETRO,288.5,288.85,288.0,288.8,143166.0
2021-06-03 12:00:00,NSE:HINDPETRO,288.65,289.5,288.25,288.75,158873.0
2021-06-03 12:45:00,NSE:HINDPETRO,288.6,289.75,288.25,288.95,348948.0
2021-06-03 13:30:00,NSE:HINDPETRO,288.95,289.1,288.3,288.7,241855.0
2021-06-03 14:15:00,NSE:HINDPETRO,288.55,288.7,286.55,287.1,255152.0
2021-06-03 15:00:00,NSE:HINDPETRO,287.15,288.45,286.9,287.5,356503.0
2021-06-04 09:00:00,NSE:HINDPETRO,287.65,290.4,286.35,288.4,573230.0
2021-06-04 09:45:00,NSE:HINDPETRO,287.7,293.5,287.05,293.5,846119.0
2021-06-04 10:30:00,NSE:HINDPETRO,293.5,295.4,291.7,295.15,1753726.0
2021-06-04 11:15:00,NSE:HINDPETRO,295.3,302.35,294.1,301.3,5799200.0
2021-06-04 12:00:00,NSE:HINDPETRO,301.4,301.8,297.8,298.8,1849389.0
2021-06-04 12:45:00,NSE:HINDPETRO,298.6,300.4,298.1,300.1,935536.0
2021-06-04 13:30:00,NSE:HINDPETRO,300.0,300.95,297.5,299.55,1044337.0
2021-06-04 14:15:00,NSE:HINDPETRO,299.55,299.85,298.0,298.95,845951.0
2021-06-04 15:00:00,NSE:HINDPETRO,298.95,299.7,298.1,298.8,1259257.0
2021-06-07 09:00:00,NSE:HINDPETRO,301.0,302.0,297.0,299.85,986867.0
2021-06-07 09:45:00,NSE:HINDPETRO,299.9,301.65,298.2,299.6,544427.0
2021-06-07 10:30:00,NSE:HINDPETRO,299.8,301.85,299.55,301.5,304568.0
2021-06-07 11:15:00,NSE:HINDPETRO,301.45,301.9,300.3,301.15,317466.0
2021-06-07 12:00:00,NSE:HINDPETRO,301.15,301.35,299.5,300.3,376234.0
2021-06-07 12:45:00,NSE:HINDPETRO,300.35,300.9,298.8,300.7,274714.0
2021-06-07 13:30:00,NSE:HINDPETRO,300.7,302.9,300.5,301.8,460449.0
2021-06-07 14:15:00,NSE:HINDPETRO,301.75,302.35,300.55,300.65,324181.0
2021-06-07 15:00:00,NSE:HINDPETRO,300.7,301.75,300.5,301.5,499850.0
2021-06-08 09:00:00,NSE:HINDPETRO,302.0,303.75,299.15,300.5,1109050.0
2021-06-08 09:45:00,NSE:HINDPETRO,300.45,300.45,297.5,298.0,522299.0
2021-06-08 10:30:00,NSE:HINDPETRO,297.95,298.9,296.5,298.8,489183.0
2021-06-08 11:15:00,NSE:HINDPETRO,298.8,300.5,298.8,299.4,609072.0
2021-06-08 12:00:00,NSE:HINDPETRO,299.35,300.45,298.55,300.0,296753.0
2021-06-08 12:45:00,NSE:HINDPETRO,300.0,300.8,299.65,300.0,325968.0
2021-06-08 13:30:00,NSE:HINDPETRO,299.95,300.8,299.75,300.75,232736.0
2021-06-08 14:15:00,NSE:HINDPETRO,300.8,302.55,299.9,301.55,551976.0
2021-06-08 15:00:00,NSE:HINDPETRO,301.6,304.15,301.0,302.25,1105215.0
2021-06-09 09:00:00,NSE:HINDPETRO,303.75,306.0,301.25,305.3,930131.0
2021-06-09 09:45:00,NSE:HINDPETRO,305.4,306.25,304.0,305.9,675095.0
2021-06-09 10:30:00,NSE:HINDPETRO,306.0,307.0,305.3,307.0,506778.0
2021-06-09 11:15:00,NSE:HINDPETRO,306.95,308.25,305.65,308.2,686627.0
2021-06-09 12:00:00,NSE:HINDPETRO,308.15,309.4,306.9,307.85,709359.0
2021-06-09 12:45:00,NSE:HINDPETRO,307.8,308.45,300.7,303.3,1128373.0
2021-06-09 13:30:00,NSE:HINDPETRO,303.15,305.65,301.1,304.85,567381.0
2021-06-09 14:15:00,NSE:HINDPETRO,304.95,305.6,298.05,301.0,920132.0
2021-06-09 15:00:00,NSE:HINDPETRO,301.0,301.2,298.65,300.35,745358.0
2021-06-10 09:00:00,NSE:HINDPETRO,300.0,302.2,298.7,302.1,1229113.0
2021-06-10 09:45:00,NSE:HINDPETRO,302.1,302.1,300.2,300.65,333383.0
2021-06-10 10:30:00,NSE:HINDPETRO,300.65,300.65,298.55,299.2,386057.0
2021-06-10 11:15:00,NSE:HINDPETRO,299.15,299.8,298.65,298.75,225675.0
2021-06-10 12:00:00,NSE:HINDPETRO,298.7,299.25,297.65,297.7,279571.0
2021-06-10 12:45:00,NSE:HINDPETRO,297.7,298.25,297.45,297.6,320214.0
2021-06-10 13:30:00,NSE:HINDPETRO,297.6,298.75,297.1,297.55,401292.0
2021-06-10 14:15:00,NSE:HINDPETRO,297.5,298.95,297.4,298.6,288783.0
2021-06-10 15:00:00,NSE:HINDPETRO,298.6,299.3,297.65,298.25,500595.0
2021-06-11 09:00:00,NSE:HINDPETRO,300.0,303.65,298.85,303.0,720125.0
2021-06-11 09:45:00,NSE:HINDPETRO,303.1,304.2,300.0,300.45,687489.0
2021-06-11 10:30:00,NSE:HINDPETRO,300.45,301.8,298.15,298.4,508940.0
2021-06-11 11:15:00,NSE:HINDPETRO,298.35,299.75,298.05,298.45,343282.0
2021-06-11 12:00:00,NSE:HINDPETRO,298.4,298.8,294.85,296.1,717613.0
2021-06-11 12:45:00,NSE:HINDPETRO,296.1,296.2,294.1,294.15,514225.0
2021-06-11 13:30:00,NSE:HINDPETRO,294.1,295.95,293.95,295.6,510454.0
2021-06-11 14:15:00,NSE:HINDPETRO,295.6,295.7,294.7,295.4,471073.0
2021-06-11 15:00:00,NSE:HINDPETRO,295.4,295.95,294.4,295.05,730583.0
2021-06-14 09:00:00,NSE:HINDPETRO,297.4,297.8,292.6,297.4,879106.0
2021-06-14 09:45:00,NSE:HINDPETRO,297.35,298.0,294.2,297.65,590419.0
2021-06-14 10:30:00,NSE:HINDPETRO,297.65,300.5,297.45,299.15,756142.0
2021-06-14 11:15:00,NSE:HINDPETRO,299.1,300.1,298.55,299.6,310223.0
2021-06-14 12:00:00,NSE:HINDPETRO,299.55,300.0,298.1,299.0,303772.0
2021-06-14 12:45:00,NSE:HINDPETRO,298.85,299.45,297.6,297.95,268463.0
2021-06-14 13:30:00,NSE:HINDPETRO,298.1,298.1,296.8,297.75,331298.0
2021-06-14 14:15:00,NSE:HINDPETRO,297.75,299.15,297.65,298.05,328057.0
2021-06-14 15:00:00,NSE:HINDPETRO,298.0,299.1,297.8,298.4,534931.0
2021-06-15 09:00:00,NSE:HINDPETRO,300.0,300.9,297.5,299.6,844485.0
2021-06-15 09:45:00,NSE:HINDPETRO,299.65,301.0,299.0,300.0,647119.0
2021-06-15 10:30:00,NSE:HINDPETRO,300.15,300.2,298.7,299.6,365226.0
2021-06-15 11:15:00,NSE:HINDPETRO,299.5,299.95,298.8,299.3,310975.0
2021-06-15 12:00:00,NSE:HINDPETRO,299.25,299.7,298.75,299.0,263683.0
2021-06-15 12:45:00,NSE:HINDPETRO,299.0,299.1,298.4,298.9,236804.0
2021-06-15 13:30:00,NSE:HINDPETRO,298.75,299.0,297.3,298.4,369632.0
2021-06-15 14:15:00,NSE:HINDPETRO,298.35,298.95,297.45,297.95,298469.0
2021-06-15 15:00:00,NSE:HINDPETRO,298.0,299.0,297.8,298.35,424151.0
2021-06-16 09:00:00,NSE:HINDPETRO,299.85,304.35,299.0,302.35,1601896.0
2021-06-16 09:45:00,NSE:HINDPETRO,302.4,304.8,301.35,304.0,1370822.0
2021-06-16 10:30:00,NSE:HINDPETRO,304.0,305.8,303.65,305.15,1123915.0
2021-06-16 11:15:00,NSE:HINDPETRO,305.1,308.0,305.05,306.5,1281593.0
2021-06-16 12:00:00,NSE:HINDPETRO,306.5,306.75,304.65,304.85,929041.0
2021-06-16 12:45:00,NSE:HINDPETRO,304.85,306.0,304.8,305.65,475359.0
2021-06-16 13:30:00,NSE:HINDPETRO,305.5,305.85,304.8,305.0,483424.0
2021-06-16 14:15:00,NSE:HINDPETRO,304.9,306.0,304.8,305.05,623932.0
2021-06-16 15:00:00,NSE:HINDPETRO,305.0,305.0,303.7,304.35,959953.0
2021-06-17 09:00:00,NSE:HINDPETRO,303.95,310.9,303.0,310.7,1510394.0
2021-06-17 09:45:00,NSE:HINDPETRO,310.6,312.0,309.15,310.5,1940617.0
2021-06-17 10:30:00,NSE:HINDPETRO,310.55,310.7,309.05,309.45,532206.0
2021-06-17 11:15:00,NSE:HINDPETRO,309.3,311.0,309.25,309.9,613695.0
2021-06-17 12:00:00,NSE:HINDPETRO,309.85,311.35,309.75,311.1,540030.0
2021-06-17 12:45:00,NSE:HINDPETRO,311.15,312.0,310.55,311.2,775992.0
2021-06-17 13:30:00,NSE:HINDPETRO,311.1,311.75,309.6,309.8,683589.0
2021-06-17 14:15:00,NSE:HINDPETRO,309.8,310.35,308.1,308.65,1110555.0
2021-06-17 15:00:00,NSE:HINDPETRO,308.65,309.9,308.0,308.45,941798.0
2021-06-18 09:00:00,NSE:HINDPETRO,310.0,310.55,304.55,304.9,673834.0
2021-06-18 09:45:00,NSE:HINDPETRO,304.75,304.85,300.0,300.25,675361.0
2021-06-18 10:30:00,NSE:HINDPETRO,300.15,300.85,294.0,296.1,1651510.0
2021-06-18 11:15:00,NSE:HINDPETRO,296.15,297.35,295.05,296.15,1306752.0
2021-06-18 12:00:00,NSE:HINDPETRO,296.15,297.55,295.65,297.1,385137.0
2021-06-18 12:45:00,NSE:HINDPETRO,297.05,297.3,294.6,294.9,352855.0
2021-06-18 13:30:00,NSE:HINDPETRO,294.9,295.65,292.75,295.0,612815.0
2021-06-18 14:15:00,NSE:HINDPETRO,295.0,296.85,294.6,294.9,536394.0
2021-06-18 15:00:00,NSE:HINDPETRO,294.9,296.8,294.8,296.5,1026663.0
2021-06-21 09:00:00,NSE:HINDPETRO,295.0,301.45,293.05,300.9,2631434.0
2021-06-21 09:45:00,NSE:HINDPETRO,300.9,302.45,298.3,300.9,2837775.0
2021-06-21 10:30:00,NSE:HINDPETRO,300.95,301.25,299.3,300.05,1415883.0
2021-06-21 11:15:00,NSE:HINDPETRO,299.9,301.0,299.65,300.35,256429.0
2021-06-21 12:00:00,NSE:HINDPETRO,300.2,300.5,297.35,298.3,621021.0
2021-06-21 12:45:00,NSE:HINDPETRO,298.2,299.9,297.75,299.75,313481.0
2021-06-21 13:30:00,NSE:HINDPETRO,299.8,300.3,297.6,299.9,275176.0
2021-06-21 14:15:00,NSE:HINDPETRO,299.85,302.7,299.2,302.55,527563.0
2021-06-21 15:00:00,NSE:HINDPETRO,302.6,303.3,301.55,302.4,890756.0
2021-06-22 09:00:00,NSE:HINDPETRO,303.85,305.2,303.05,304.55,395790.0
2021-06-22 09:45:00,NSE:HINDPETRO,304.5,305.0,304.2,304.65,228206.0
2021-06-22 10:30:00,NSE:HINDPETRO,304.65,304.9,304.35,304.7,182192.0
2021-06-22 11:15:00,NSE:HINDPETRO,304.75,306.7,304.0,306.15,395844.0
2021-06-22 12:00:00,NSE:HINDPETRO,306.15,306.5,305.45,305.95,153773.0
2021-06-22 12:45:00,NSE:HINDPETRO,306.0,306.0,304.4,304.45,156228.0
2021-06-22 13:30:00,NSE:HINDPETRO,304.4,305.65,304.4,304.85,155546.0
2021-06-22 14:15:00,NSE:HINDPETRO,304.85,305.7,304.4,305.25,202527.0
2021-06-22 15:00:00,NSE:HINDPETRO,305.35,305.35,304.25,304.55,405229.0
2021-06-23 09:00:00,NSE:HINDPETRO,304.8,305.15,302.25,303.4,375813.0
2021-06-23 09:45:00,NSE:HINDPETRO,303.4,303.5,299.7,301.15,440020.0
2021-06-23 10:30:00,NSE:HINDPETRO,301.15,302.7,301.15,301.6,181624.0
2021-06-23 11:15:00,NSE:HINDPETRO,301.6,302.3,301.35,301.75,125771.0
2021-06-23 12:00:00,NSE:HINDPETRO,301.7,303.3,301.7,302.35,128686.0
2021-06-23 12:45:00,NSE:HINDPETRO,302.35,302.85,302.0,302.75,123367.0
2021-06-23 13:30:00,NSE:HINDPETRO,302.7,303.25,301.85,302.25,192274.0
2021-06-23 14:15:00,NSE:HINDPETRO,302.3,302.35,300.0,300.65,314568.0
2021-06-23 15:00:00,NSE:HINDPETRO,300.45,301.0,298.85,300.0,488040.0
2021-06-24 09:00:00,NSE:HINDPETRO,302.35,302.35,299.65,300.4,231177.0
2021-06-24 09:45:00,NSE:HINDPETRO,300.35,300.65,298.05,298.15,329952.0
2021-06-24 10:30:00,NSE:HINDPETRO,298.1,298.55,297.5,297.6,315107.0
2021-06-24 11:15:00,NSE:HINDPETRO,297.7,297.9,297.15,297.3,195914.0
2021-06-24 12:00:00,NSE:HINDPETRO,297.15,298.35,296.25,296.75,402773.0
2021-06-24 12:45:00,NSE:HINDPETRO,296.7,296.95,295.5,295.55,331533.0
2021-06-24 13:30:00,NSE:HINDPETRO,295.5,296.3,295.05,295.05,492962.0
2021-06-24 14:15:00,NSE:HINDPETRO,295.2,295.5,294.1,295.3,719544.0
2021-06-24 15:00:00,NSE:HINDPETRO,295.25,295.9,295.0,295.4,707660.0
2021-06-25 09:00:00,NSE:HINDPETRO,297.7,299.0,296.35,298.15,385267.0
2021-06-25 09:45:00,NSE:HINDPETRO,298.25,299.85,297.6,298.5,517781.0
2021-06-25 10:30:00,NSE:HINDPETRO,298.4,298.85,297.05,298.8,217377.0
2021-06-25 11:15:00,NSE:HINDPETRO,298.65,298.8,297.7,298.45,155084.0
2021-06-25 12:00:00,NSE:HINDPETRO,298.4,298.7,297.6,297.7,150390.0
2021-06-25 12:45:00,NSE:HINDPETRO,297.65,298.0,297.3,297.6,138917.0
2021-06-25 13:30:00,NSE:HINDPETRO,297.6,298.0,297.55,297.95,97489.0
2021-06-25 14:15:00,NSE:HINDPETRO,297.95,298.65,297.8,297.8,358138.0
2021-06-25 15:00:00,NSE:HINDPETRO,297.8,298.6,297.65,298.0,470371.0
2021-06-28 09:00:00,NSE:HINDPETRO,300.5,300.7,297.05,297.95,416434.0
2021-06-28 09:45:00,NSE:HINDPETRO,297.8,298.3,297.7,298.0,221298.0
2021-06-28 10:30:00,NSE:HINDPETRO,298.0,298.15,297.6,297.95,229318.0
2021-06-28 11:15:00,NSE:HINDPETRO,297.95,298.0,297.7,298.0,169968.0
2021-06-28 12:00:00,NSE:HINDPETRO,297.95,298.0,297.7,297.95,93535.0
2021-06-28 12:45:00,NSE:HINDPETRO,297.9,298.0,297.85,297.9,61506.0
2021-06-28 13:30:00,NSE:HINDPETRO,297.95,297.95,296.65,297.35,224377.0
2021-06-28 14:15:00,NSE:HINDPETRO,297.3,297.5,296.85,297.0,195575.0
2021-06-28 15:00:00,NSE:HINDPETRO,297.0,298.0,296.65,297.95,667095.0
2021-06-29 09:00:00,NSE:HINDPETRO,298.0,299.4,295.75,296.25,474556.0
2021-06-29 09:45:00,NSE:HINDPETRO,296.15,296.35,294.2,294.7,601755.0
2021-06-29 10:30:00,NSE:HINDPETRO,294.65,295.2,293.5,295.1,517142.0
2021-06-29 11:15:00,NSE:HINDPETRO,295.05,295.2,294.5,294.7,287922.0
2021-06-29 12:00:00,NSE:HINDPETRO,294.7,294.95,293.8,294.2,289749.0
2021-06-29 12:45:00,NSE:HINDPETRO,294.2,294.45,293.9,294.45,259763.0
2021-06-29 13:30:00,NSE:HINDPETRO,294.45,295.1,293.5,294.0,346087.0
2021-06-29 14:15:00,NSE:HINDPETRO,293.95,294.25,293.25,293.5,355025.0
2021-06-29 15:00:00,NSE:HINDPETRO,293.5,293.7,290.75,293.1,1157323.0
2021-06-30 09:00:00,NSE:HINDPETRO,293.95,294.8,291.55,293.95,485350.0
2021-06-30 09:45:00,NSE:HINDPETRO,293.85,296.45,293.85,295.75,491389.0
2021-06-30 10:30:00,NSE:HINDPETRO,295.85,296.0,293.4,293.95,532464.0
2021-06-30 11:15:00,NSE:HINDPETRO,294.0,295.3,293.8,295.25,130341.0
2021-06-30 12:00:00,NSE:HINDPETRO,295.3,295.7,294.6,295.2,171921.0
2021-06-30 12:45:00,NSE:HINDPETRO,295.05,295.75,294.8,295.55,128023.0
2021-06-30 13:30:00,NSE:HINDPETRO,295.5,296.3,295.0,296.3,148727.0
2021-06-30 14:15:00,NSE:HINDPETRO,296.25,296.5,294.6,294.95,226744.0
2021-06-30 15:00:00,NSE:HINDPETRO,294.85,294.9,292.7,293.2,612860.0
2021-07-01 09:00:00,NSE:HINDPETRO,294.75,295.7,293.0,293.75,492065.0
2021-07-01 09:45:00,NSE:HINDPETRO,293.75,296.8,293.6,295.3,492365.0
2021-07-01 10:30:00,NSE:HINDPETRO,295.45,296.1,294.05,294.75,315848.0
2021-07-01 11:15:00,NSE:HINDPETRO,294.75,295.6,293.9,295.2,238032.0
2021-07-01 12:00:00,NSE:HINDPETRO,295.25,296.5,295.1,296.1,251344.0
2021-07-01 12:45:00,NSE:HINDPETRO,296.0,296.5,295.75,296.0,198550.0
2021-07-01 13:30:00,NSE:HINDPETRO,295.9,296.25,294.7,295.75,202121.0
2021-07-01 14:15:00,NSE:HINDPETRO,295.7,295.85,295.0,295.85,170401.0
2021-07-01 15:00:00,NSE:HINDPETRO,295.85,296.95,295.7,296.9,481063.0
2021-07-02 09:00:00,NSE:HINDPETRO,297.8,299.4,295.9,298.7,643935.0
2021-07-02 09:45:00,NSE:HINDPETRO,298.7,299.2,297.2,297.7,366964.0
2021-07-02 10:30:00,NSE:HINDPETRO,297.85,297.85,296.2,296.9,252436.0
2021-07-02 11:15:00,NSE:HINDPETRO,296.9,297.55,296.35,296.55,272782.0
2021-07-02 12:00:00,NSE:HINDPETRO,296.55,297.0,296.05,296.8,266118.0
2021-07-02 12:45:00,NSE:HINDPETRO,296.75,297.0,296.0,296.6,212474.0
2021-07-02 13:30:00,NSE:HINDPETRO,296.75,297.0,296.1,296.8,211843.0
2021-07-02 14:15:00,NSE:HINDPETRO,296.65,297.3,296.5,297.1,230676.0
2021-07-02 15:00:00,NSE:HINDPETRO,297.3,298.8,297.1,297.95,783260.0
2021-07-05 09:00:00,NSE:HINDPETRO,301.4,301.5,298.5,299.5,963019.0
2021-07-05 09:45:00,NSE:HINDPETRO,299.5,300.4,298.65,300.25,551556.0
2021-07-05 10:30:00,NSE:HINDPETRO,300.25,301.35,299.7,300.6,476492.0
2021-07-05 11:15:00,NSE:HINDPETRO,300.5,302.2,300.0,301.95,447732.0
2021-07-05 12:00:00,NSE:HINDPETRO,301.75,302.4,301.2,302.35,333230.0
2021-07-05 12:45:00,NSE:HINDPETRO,302.4,303.7,301.95,303.15,459692.0
2021-07-05 13:30:00,NSE:HINDPETRO,303.05,303.95,302.8,303.7,417650.0
2021-07-05 14:15:00,NSE:HINDPETRO,303.7,304.65,303.2,304.3,497654.0
2021-07-05 15:00:00,NSE:HINDPETRO,304.35,305.8,303.9,305.8,687482.0
2021-07-06 09:00:00,NSE:HINDPETRO,306.5,307.0,304.0,306.45,1379840.0
2021-07-06 09:45:00,NSE:HINDPETRO,306.45,307.5,306.0,307.15,565646.0
2021-07-06 10:30:00,NSE:HINDPETRO,307.15,309.1,306.75,308.6,800595.0
2021-07-06 11:15:00,NSE:HINDPETRO,308.65,309.45,307.6,307.75,503651.0
2021-07-06 12:00:00,NSE:HINDPETRO,307.7,308.45,306.4,306.75,760424.0
2021-07-06 12:45:00,NSE:HINDPETRO,306.75,307.35,305.8,306.15,479734.0
2021-07-06 13:30:00,NSE:HINDPETRO,306.25,307.05,305.7,305.7,360831.0
2021-07-06 14:15:00,NSE:HINDPETRO,305.7,306.15,303.2,304.5,976991.0
2021-07-06 15:00:00,NSE:HINDPETRO,304.65,306.25,303.5,304.55,672797.0
2021-07-07 09:00:00,NSE:HINDPETRO,306.25,306.8,301.25,301.5,1124655.0
2021-07-07 09:45:00,NSE:HINDPETRO,301.4,302.0,299.5,300.15,804629.0
2021-07-07 10:30:00,NSE:HINDPETRO,300.1,301.2,299.6,300.5,414431.0
2021-07-07 11:15:00,NSE:HINDPETRO,300.45,301.6,300.0,301.5,496425.0
2021-07-07 12:00:00,NSE:HINDPETRO,301.35,303.65,301.35,302.85,523700.0
2021-07-07 12:45:00,NSE:HINDPETRO,303.0,304.1,302.3,303.2,461371.0
2021-07-07 13:30:00,NSE:HINDPETRO,303.2,304.65,303.2,304.5,379441.0
2021-07-07 14:15:00,NSE:HINDPETRO,304.55,306.9,304.3,306.3,763414.0
2021-07-07 15:00:00,NSE:HINDPETRO,306.45,307.1,305.0,306.9,1575164.0
2021-07-08 09:00:00,NSE:HINDPETRO,285.0,289.4,284.5,288.4,2849001.0
2021-07-08 09:45:00,NSE:HINDPETRO,288.45,288.95,286.85,288.0,1113336.0
2021-07-08 10:30:00,NSE:HINDPETRO,288.0,288.8,286.6,287.15,755082.0
2021-07-08 11:15:00,NSE:HINDPETRO,287.1,288.3,286.75,287.4,270427.0
2021-07-08 12:00:00,NSE:HINDPETRO,287.5,287.65,284.05,285.05,1045493.0
2021-07-08 12:45:00,NSE:HINDPETRO,285.1,286.0,284.2,285.9,716873.0
2021-07-08 13:30:00,NSE:HINDPETRO,285.95,286.05,284.6,285.5,537553.0
2021-07-08 14:15:00,NSE:HINDPETRO,285.5,285.75,284.2,284.25,640436.0
2021-07-08 15:00:00,NSE:HINDPETRO,284.3,284.8,283.05,284.0,1303457.0
2021-07-09 09:00:00,NSE:HINDPETRO,284.1,285.0,281.05,281.8,688932.0
2021-07-09 09:45:00,NSE:HINDPETRO,281.7,281.7,280.5,281.1,436260.0
2021-07-09 10:30:00,NSE:HINDPETRO,281.0,281.7,280.4,280.55,205952.0
2021-07-09 11:15:00,NSE:HINDPETRO,280.5,280.95,280.2,280.65,98792.0
2021-07-09 12:00:00,NSE:HINDPETRO,280.65,280.9,280.4,280.5,92538.0
2021-07-09 12:45:00,NSE:HINDPETRO,280.5,280.7,279.1,279.15,345518.0
2021-07-09 13:30:00,NSE:HINDPETRO,279.2,279.5,278.05,278.7,307787.0
2021-07-09 14:15:00,NSE:HINDPETRO,278.6,279.45,278.5,278.9,195786.0
2021-07-09 15:00:00,NSE:HINDPETRO,279.0,279.45,278.45,279.25,554285.0
2021-07-12 09:00:00,NSE:HINDPETRO,280.1,280.95,275.65,275.8,890228.0
2021-07-12 09:45:00,NSE:HINDPETRO,276.0,276.4,275.0,276.3,588141.0
2021-07-12 10:30:00,NSE:HINDPETRO,276.3,276.45,275.7,275.85,251787.0
2021-07-12 11:15:00,NSE:HINDPETRO,275.85,275.95,274.55,274.8,354556.0
2021-07-12 12:00:00,NSE:HINDPETRO,274.7,275.25,273.8,274.95,431619.0
2021-07-12 12:45:00,NSE:HINDPETRO,274.95,275.0,271.95,273.05,866320.0
2021-07-12 13:30:00,NSE:HINDPETRO,272.95,273.45,272.75,272.85,216526.0
2021-07-12 14:15:00,NSE:HINDPETRO,272.9,273.25,271.0,271.5,572079.0
2021-07-12 15:00:00,NSE:HINDPETRO,271.65,272.8,271.45,271.9,776753.0
2021-07-13 09:00:00,NSE:HINDPETRO,273.4,274.75,272.55,272.9,716659.0
2021-07-13 09:45:00,NSE:HINDPETRO,272.85,273.0,270.8,271.25,749534.0
2021-07-13 10:30:00,NSE:HINDPETRO,271.25,272.2,270.1,271.2,726840.0
2021-07-13 11:15:00,NSE:HINDPETRO,271.2,272.0,270.6,271.65,355355.0
2021-07-13 12:00:00,NSE:HINDPETRO,271.55,271.9,271.05,271.7,220097.0
2021-07-13 12:45:00,NSE:HINDPETRO,271.6,272.45,271.55,272.2,340403.0
2021-07-13 13:30:00,NSE:HINDPETRO,272.2,272.4,271.6,271.8,248665.0
2021-07-13 14:15:00,NSE:HINDPETRO,271.75,272.25,271.7,272.0,334469.0
2021-07-13 15:00:00,NSE:HINDPETRO,272.05,272.7,271.75,272.0,827844.0
2021-07-14 09:00:00,NSE:HINDPETRO,270.75,274.5,270.75,272.1,740506.0
2021-07-14 09:45:00,NSE:HINDPETRO,272.05,272.2,270.6,270.8,307723.0
2021-07-14 10:30:00,NSE:HINDPETRO,270.8,271.65,270.7,271.05,206523.0
2021-07-14 11:15:00,NSE:HINDPETRO,271.15,271.2,270.15,270.3,219444.0
2021-07-14 12:00:00,NSE:HINDPETRO,270.3,270.45,268.75,268.95,356840.0
2021-07-14 12:45:00,NSE:HINDPETRO,269.0,269.0,268.25,268.65,366568.0
2021-07-14 13:30:00,NSE:HINDPETRO,268.6,268.95,268.3,268.75,213463.0
2021-07-14 14:15:00,NSE:HINDPETRO,268.75,270.3,268.6,270.0,491442.0
2021-07-14 15:00:00,NSE:HINDPETRO,269.85,270.75,269.75,270.7,626444.0
2021-07-15 09:00:00,NSE:HINDPETRO,270.8,271.6,268.95,269.25,382875.0
2021-07-15 09:45:00,NSE:HINDPETRO,269.25,269.65,268.35,269.3,208018.0
2021-07-15 10:30:00,NSE:HINDPETRO,269.2,269.25,268.6,269.2,136351.0
2021-07-15 11:15:00,NSE:HINDPETRO,269.25,269.5,268.1,268.5,151367.0
2021-07-15 12:00:00,NSE:HINDPETRO,268.55,268.8,266.75,266.9,406104.0
2021-07-15 12:45:00,NSE:HINDPETRO,267.0,267.3,266.35,266.65,274207.0
2021-07-15 13:30:00,NSE:HINDPETRO,266.65,267.65,266.15,267.5,435069.0
2021-07-15 14:15:00,NSE:HINDPETRO,267.5,268.5,267.25,267.5,482110.0
2021-07-15 15:00:00,NSE:HINDPETRO,267.5,268.0,266.8,267.1,465450.0
2021-07-16 09:00:00,NSE:HINDPETRO,267.95,268.4,266.3,267.8,361863.0
2021-07-16 09:45:00,NSE:HINDPETRO,267.85,270.35,267.85,269.2,444222.0
2021-07-16 10:30:00,NSE:HINDPETRO,269.2,271.0,268.3,268.75,797640.0
2021-07-16 11:15:00,NSE:HINDPETRO,268.75,268.85,267.8,268.15,227730.0
2021-07-16 12:00:00,NSE:HINDPETRO,268.2,269.0,268.1,268.85,111114.0
2021-07-16 12:45:00,NSE:HINDPETRO,268.85,269.0,268.5,268.65,108950.0
2021-07-16 13:30:00,NSE:HINDPETRO,268.7,268.7,268.0,268.55,118820.0
2021-07-16 14:15:00,NSE:HINDPETRO,268.55,269.0,267.8,268.05,509215.0
2021-07-16 15:00:00,NSE:HINDPETRO,267.8,268.45,267.75,268.35,508910.0
2021-07-19 09:00:00,NSE:HINDPETRO,269.75,273.25,268.35,272.35,1276691.0
2021-07-19 09:45:00,NSE:HINDPETRO,272.6,274.5,271.85,273.75,870516.0
2021-07-19 10:30:00,NSE:HINDPETRO,273.7,274.9,273.35,273.95,887075.0
2021-07-19 11:15:00,NSE:HINDPETRO,273.9,274.5,273.7,274.35,273559.0
2021-07-19 12:00:00,NSE:HINDPETRO,274.3,274.9,273.75,274.2,407313.0
2021-07-19 12:45:00,NSE:HINDPETRO,274.2,274.65,273.15,274.1,554108.0
2021-07-19 13:30:00,NSE:HINDPETRO,274.1,274.55,273.55,274.3,267935.0
2021-07-19 14:15:00,NSE:HINDPETRO,274.3,274.45,270.25,271.2,978867.0
2021-07-19 15:00:00,NSE:HINDPETRO,271.4,272.65,271.05,272.4,768756.0
2021-07-20 09:00:00,NSE:HINDPETRO,274.1,277.0,273.5,275.35,1454770.0
2021-07-20 09:45:00,NSE:HINDPETRO,275.4,276.45,274.45,275.0,758081.0
2021-07-20 10:30:00,NSE:HINDPETRO,275.0,275.2,272.15,272.9,627160.0
2021-07-20 11:15:00,NSE:HINDPETRO,272.85,274.35,272.5,273.45,516336.0
2021-07-20 12:00:00,NSE:HINDPETRO,273.65,273.65,272.2,272.55,268133.0
2021-07-20 12:45:00,NSE:HINDPETRO,272.55,273.5,272.5,273.5,200919.0
2021-07-20 13:30:00,NSE:HINDPETRO,273.45,274.85,273.15,274.55,345854.0
2021-07-20 14:15:00,NSE:HINDPETRO,274.55,276.95,273.7,276.65,699761.0
2021-07-20 15:00:00,NSE:HINDPETRO,276.7,277.0,275.1,275.75,659602.0
2021-07-22 09:00:00,NSE:HINDPETRO,276.05,276.7,274.2,274.3,446411.0
2021-07-22 09:45:00,NSE:HINDPETRO,274.35,277.75,274.1,277.1,326560.0
2021-07-22 10:30:00,NSE:HINDPETRO,277.15,277.95,277.0,277.15,264329.0
2021-07-22 11:15:00,NSE:HINDPETRO,277.2,277.8,276.75,277.35,147633.0
2021-07-22 12:00:00,NSE:HINDPETRO,277.35,277.9,277.05,277.65,196296.0
2021-07-22 12:45:00,NSE:HINDPETRO,277.65,278.5,277.5,277.9,282086.0
2021-07-22 13:30:00,NSE:HINDPETRO,277.9,278.2,277.0,277.75,188271.0
2021-07-22 14:15:00,NSE:HINDPETRO,277.75,278.0,277.5,277.6,224100.0
2021-07-22 15:00:00,NSE:HINDPETRO,277.65,277.95,275.7,276.4,810618.0
2021-07-23 09:00:00,NSE:HINDPETRO,275.45,279.0,275.05,278.0,338004.0
2021-07-23 09:45:00,NSE:HINDPETRO,278.0,278.45,277.3,277.4,215222.0
2021-07-23 10:30:00,NSE:HINDPETRO,277.4,277.4,276.0,276.65,239564.0
2021-07-23 11:15:00,NSE:HINDPETRO,276.65,276.75,275.7,276.0,102309.0
2021-07-23 12:00:00,NSE:HINDPETRO,275.95,276.25,275.3,276.2,104283.0
2021-07-23 12:45:00,NSE:HINDPETRO,276.15,276.35,275.9,276.15,98090.0
2021-07-23 13:30:00,NSE:HINDPETRO,276.15,277.0,276.1,276.85,61866.0
2021-07-23 14:15:00,NSE:HINDPETRO,276.85,277.85,276.25,277.7,174143.0
2021-07-23 15:00:00,NSE:HINDPETRO,277.5,277.85,276.5,277.0,414639.0
2021-07-26 09:00:00,NSE:HINDPETRO,276.1,276.7,271.35,275.15,384070.0
2021-07-26 09:45:00,NSE:HINDPETRO,275.15,277.3,275.15,276.5,267959.0
2021-07-26 10:30:00,NSE:HINDPETRO,276.5,278.2,275.65,275.9,1288458.0
2021-07-26 11:15:00,NSE:HINDPETRO,275.75,276.5,273.65,274.25,394308.0
2021-07-26 12:00:00,NSE:HINDPETRO,274.1,274.5,273.5,274.25,211582.0
2021-07-26 12:45:00,NSE:HINDPETRO,274.15,274.7,274.0,274.15,121126.0
2021-07-26 13:30:00,NSE:HINDPETRO,274.15,274.4,273.7,273.85,127011.0
2021-07-26 14:15:00,NSE:HINDPETRO,273.85,274.35,273.1,273.45,154582.0
2021-07-26 15:00:00,NSE:HINDPETRO,273.6,274.15,272.7,273.55,317349.0
2021-07-27 09:00:00,NSE:HINDPETRO,274.0,274.3,272.8,273.5,253369.0
2021-07-27 09:45:00,NSE:HINDPETRO,273.6,273.6,272.0,272.2,450360.0
2021-07-27 10:30:00,NSE:HINDPETRO,272.2,272.5,271.8,272.2,211706.0
2021-07-27 11:15:00,NSE:HINDPETRO,272.2,272.3,271.0,271.45,225008.0
2021-07-27 12:00:00,NSE:HINDPETRO,271.45,271.65,270.5,270.6,222050.0
2021-07-27 12:45:00,NSE:HINDPETRO,270.45,270.6,269.0,269.8,546044.0
2021-07-27 13:30:00,NSE:HINDPETRO,269.8,270.7,269.15,270.35,409809.0
2021-07-27 14:15:00,NSE:HINDPETRO,270.35,270.55,269.5,270.0,296957.0
2021-07-27 15:00:00,NSE:HINDPETRO,270.1,270.1,268.5,269.25,500964.0
2021-07-28 09:00:00,NSE:HINDPETRO,271.35,271.35,269.05,269.95,354542.0
2021-07-28 09:45:00,NSE:HINDPETRO,269.55,270.3,267.0,267.05,410576.0
2021-07-28 10:30:00,NSE:HINDPETRO,267.15,267.3,263.3,264.25,976761.0
2021-07-28 11:15:00,NSE:HINDPETRO,264.25,264.4,261.75,262.15,471229.0
2021-07-28 12:00:00,NSE:HINDPETRO,261.85,263.55,261.25,263.25,314634.0
2021-07-28 12:45:00,NSE:HINDPETRO,263.2,264.4,262.95,264.1,324941.0
2021-07-28 13:30:00,NSE:HINDPETRO,264.0,264.95,263.9,264.75,243002.0
2021-07-28 14:15:00,NSE:HINDPETRO,264.8,265.6,264.25,265.6,279795.0
2021-07-28 15:00:00,NSE:HINDPETRO,265.65,265.9,264.25,264.95,595178.0
2021-07-29 09:00:00,NSE:HINDPETRO,267.75,269.0,263.7,263.75,607666.0
2021-07-29 09:45:00,NSE:HINDPETRO,264.0,264.85,263.1,263.65,384898.0
2021-07-29 10:30:00,NSE:HINDPETRO,263.7,264.35,263.55,264.3,215663.0
2021-07-29 11:15:00,NSE:HINDPETRO,264.25,264.65,262.0,263.75,1768413.0
2021-07-29 12:00:00,NSE:HINDPETRO,263.9,264.5,261.25,264.0,1335121.0
2021-07-29 12:45:00,NSE:HINDPETRO,264.0,265.0,263.55,264.95,377725.0
2021-07-29 13:30:00,NSE:HINDPETRO,264.9,265.45,264.65,264.7,382029.0
2021-07-29 14:15:00,NSE:HINDPETRO,264.85,264.85,262.8,263.15,600878.0
2021-07-29 15:00:00,NSE:HINDPETRO,263.25,264.5,263.0,263.9,782184.0
2021-07-30 09:00:00,NSE:HINDPETRO,264.9,264.9,261.55,262.45,305635.0
2021-07-30 09:45:00,NSE:HINDPETRO,262.55,264.4,262.5,263.6,336770.0
2021-07-30 10:30:00,NSE:HINDPETRO,263.7,265.35,262.5,264.8,2264001.0
2021-07-30 11:15:00,NSE:HINDPETRO,264.8,264.9,262.5,262.65,303944.0
2021-07-30 12:00:00,NSE:HINDPETRO,262.65,264.55,262.5,264.15,298712.0
2021-07-30 12:45:00,NSE:HINDPETRO,264.15,264.75,262.25,263.5,776224.0
2021-07-30 13:30:00,NSE:HINDPETRO,263.55,264.85,263.0,264.45,649315.0
2021-07-30 14:15:00,NSE:HINDPETRO,264.45,265.25,262.5,262.9,343532.0
2021-07-30 15:00:00,NSE:HINDPETRO,262.95,262.95,260.5,261.55,965273.0
2021-08-02 09:00:00,NSE:HINDPETRO,262.3,265.0,261.95,265.0,379413.0
2021-08-02 09:45:00,NSE:HINDPETRO,264.85,265.9,264.3,265.45,286976.0
2021-08-02 10:30:00,NSE:HINDPETRO,265.45,268.2,265.3,267.75,413427.0
2021-08-02 11:15:00,NSE:HINDPETRO,267.75,269.8,267.35,269.25,575931.0
2021-08-02 12:00:00,NSE:HINDPETRO,269.25,272.2,268.8,270.95,840968.0
2021-08-02 12:45:00,NSE:HINDPETRO,271.0,271.75,270.3,271.65,412784.0
2021-08-02 13:30:00,NSE:HINDPETRO,271.65,271.95,271.2,271.55,286042.0
2021-08-02 14:15:00,NSE:HINDPETRO,271.55,272.8,271.4,272.6,615327.0
2021-08-02 15:00:00,NSE:HINDPETRO,272.55,274.3,272.15,272.8,765215.0
2021-08-03 09:00:00,NSE:HINDPETRO,275.3,275.3,271.8,274.8,917396.0
2021-08-03 09:45:00,NSE:HINDPETRO,274.85,276.2,273.35,274.0,621481.0
2021-08-03 10:30:00,NSE:HINDPETRO,274.0,274.65,273.1,273.8,226945.0
2021-08-03 11:15:00,NSE:HINDPETRO,273.95,274.2,273.3,273.75,108530.0
2021-08-03 12:00:00,NSE:HINDPETRO,273.75,274.0,272.95,273.35,181899.0
2021-08-03 12:45:00,NSE:HINDPETRO,273.35,273.4,272.1,272.75,224459.0
2021-08-03 13:30:00,NSE:HINDPETRO,272.75,273.5,272.4,273.4,121655.0
2021-08-03 14:15:00,NSE:HINDPETRO,273.2,273.45,272.7,273.0,175469.0
2021-08-03 15:00:00,NSE:HINDPETRO,273.0,275.25,273.0,274.8,559363.0
2021-08-04 09:00:00,NSE:HINDPETRO,275.5,277.35,274.6,276.15,569616.0
2021-08-04 09:45:00,NSE:HINDPETRO,276.1,276.2,275.2,275.6,275021.0
2021-08-04 10:30:00,NSE:HINDPETRO,275.45,275.75,273.25,273.5,298992.0
2021-08-04 11:15:00,NSE:HINDPETRO,273.3,273.5,271.75,272.55,175805.0
2021-08-04 12:00:00,NSE:HINDPETRO,272.55,273.6,272.3,272.6,182181.0
2021-08-04 12:45:00,NSE:HINDPETRO,272.6,272.8,271.35,272.6,188533.0
2021-08-04 13:30:00,NSE:HINDPETRO,272.6,272.85,271.05,271.9,179352.0
2021-08-04 14:15:00,NSE:HINDPETRO,271.9,272.3,270.05,270.5,182881.0
2021-08-04 15:00:00,NSE:HINDPETRO,270.85,273.25,270.5,272.25,384065.0
2021-08-05 09:00:00,NSE:HINDPETRO,270.0,271.0,264.65,265.25,1120003.0
2021-08-05 09:45:00,NSE:HINDPETRO,265.25,266.3,262.5,263.6,784012.0
2021-08-05 10:30:00,NSE:HINDPETRO,263.7,265.3,263.1,264.4,398484.0
2021-08-05 11:15:00,NSE:HINDPETRO,264.5,265.1,264.3,264.85,298303.0
2021-08-05 12:00:00,NSE:HINDPETRO,264.85,265.1,264.3,264.85,428738.0
2021-08-05 12:45:00,NSE:HINDPETRO,264.95,265.05,263.85,264.65,475493.0
2021-08-05 13:30:00,NSE:HINDPETRO,264.6,265.4,264.25,264.3,457669.0
2021-08-05 14:15:00,NSE:HINDPETRO,264.45,265.1,264.3,264.95,359481.0
2021-08-05 15:00:00,NSE:HINDPETRO,265.0,265.5,264.7,265.0,781335.0
2021-08-06 09:00:00,NSE:HINDPETRO,270.0,270.55,265.35,269.3,1037520.0
2021-08-06 09:45:00,NSE:HINDPETRO,269.35,269.65,267.45,268.6,331313.0
2021-08-06 10:30:00,NSE:HINDPETRO,268.5,268.5,266.6,266.85,276253.0
2021-08-06 11:15:00,NSE:HINDPETRO,266.75,267.75,266.55,266.85,307918.0
2021-08-06 12:00:00,NSE:HINDPETRO,266.9,267.1,266.05,266.1,218486.0
2021-08-06 12:45:00,NSE:HINDPETRO,266.2,266.25,264.4,264.4,435586.0
2021-08-06 13:30:00,NSE:HINDPETRO,264.55,265.6,264.4,265.4,152140.0
2021-08-06 14:15:00,NSE:HINDPETRO,265.45,265.8,264.75,264.95,268689.0
2021-08-06 15:00:00,NSE:HINDPETRO,264.9,265.5,264.7,264.95,551263.0
2021-08-09 09:00:00,NSE:HINDPETRO,266.35,267.2,264.6,265.6,194348.0
2021-08-09 09:45:00,NSE:HINDPETRO,265.65,266.2,263.95,264.8,218077.0
2021-08-09 10:30:00,NSE:HINDPETRO,264.8,265.95,264.3,264.5,188962.0
2021-08-09 11:15:00,NSE:HINDPETRO,264.5,264.65,262.75,263.3,202577.0
2021-08-09 12:00:00,NSE:HINDPETRO,263.4,263.8,262.05,262.65,204779.0
2021-08-09 12:45:00,NSE:HINDPETRO,262.55,263.4,262.05,262.1,110151.0
2021-08-09 13:30:00,NSE:HINDPETRO,262.15,263.25,260.05,261.8,299689.0
2021-08-09 14:15:00,NSE:HINDPETRO,261.8,262.25,261.2,261.5,105363.0
2021-08-09 15:00:00,NSE:HINDPETRO,261.9,262.3,261.5,262.0,266781.0
2021-08-10 09:00:00,NSE:HINDPETRO,262.5,263.8,261.7,262.85,315120.0
2021-08-10 09:45:00,NSE:HINDPETRO,262.9,263.5,261.25,262.5,362185.0
2021-08-10 10:30:00,NSE:HINDPETRO,262.5,263.0,261.85,262.05,265031.0
2021-08-10 11:15:00,NSE:HINDPETRO,262.05,263.0,261.85,262.85,160650.0
2021-08-10 12:00:00,NSE:HINDPETRO,262.95,263.3,262.0,262.1,143006.0
2021-08-10 12:45:00,NSE:HINDPETRO,262.1,262.15,260.55,260.6,379257.0
2021-08-10 13:30:00,NSE:HINDPETRO,260.6,260.85,256.8,257.1,551124.0
2021-08-10 14:15:00,NSE:HINDPETRO,257.15,258.95,256.8,258.55,321578.0
2021-08-10 15:00:00,NSE:HINDPETRO,258.75,259.35,256.15,257.95,549021.0
2021-08-11 09:00:00,NSE:HINDPETRO,257.85,261.0,255.4,256.2,449310.0
2021-08-11 09:45:00,NSE:HINDPETRO,256.6,259.6,256.55,257.3,425985.0
2021-08-11 10:30:00,NSE:HINDPETRO,257.4,259.8,257.25,257.75,500164.0
2021-08-11 11:15:00,NSE:HINDPETRO,257.75,258.3,256.6,257.35,445032.0
2021-08-11 12:00:00,NSE:HINDPETRO,257.3,261.1,257.25,259.1,1244464.0
2021-08-11 12:45:00,NSE:HINDPETRO,259.1,259.55,258.4,258.75,118020.0
2021-08-11 13:30:00,NSE:HINDPETRO,258.75,259.3,257.6,258.0,169233.0
2021-08-11 14:15:00,NSE:HINDPETRO,258.0,258.7,257.5,258.25,118932.0
2021-08-11 15:00:00,NSE:HINDPETRO,258.25,259.25,258.15,258.9,500530.0
2021-08-12 09:00:00,NSE:HINDPETRO,258.5,260.7,256.8,259.5,310480.0
2021-08-12 09:45:00,NSE:HINDPETRO,259.5,259.65,257.65,257.8,220546.0
2021-08-12 10:30:00,NSE:HINDPETRO,257.8,258.4,256.45,258.2,404335.0
2021-08-12 11:15:00,NSE:HINDPETRO,258.25,258.5,255.6,256.0,583194.0
2021-08-12 12:00:00,NSE:HINDPETRO,256.05,256.8,255.55,256.55,268653.0
2021-08-12 12:45:00,NSE:HINDPETRO,256.6,257.0,255.85,256.2,345603.0
2021-08-12 13:30:00,NSE:HINDPETRO,256.2,256.45,255.15,255.3,635868.0
2021-08-12 14:15:00,NSE:HINDPETRO,255.25,255.3,253.55,254.35,759273.0
2021-08-12 15:00:00,NSE:HINDPETRO,254.4,256.0,254.35,255.2,544798.0
2021-08-13 09:00:00,NSE:HINDPETRO,255.6,258.0,255.0,258.0,355331.0
2021-08-13 09:45:00,NSE:HINDPETRO,257.95,258.0,256.1,256.5,192443.0
2021-08-13 10:30:00,NSE:HINDPETRO,256.6,257.15,255.85,255.95,128356.0
2021-08-13 11:15:00,NSE:HINDPETRO,255.95,256.1,255.0,255.65,109130.0
2021-08-13 12:00:00,NSE:HINDPETRO,255.65,255.8,254.7,254.9,85606.0
2021-08-13 12:45:00,NSE:HINDPETRO,254.9,255.0,253.35,254.1,217510.0
2021-08-13 13:30:00,NSE:HINDPETRO,254.1,254.85,253.6,254.6,112441.0
2021-08-13 14:15:00,NSE:HINDPETRO,254.7,254.95,253.75,254.55,434848.0
2021-08-13 15:00:00,NSE:HINDPETRO,254.5,256.1,254.4,255.05,280517.0
