datetime,symbol,open,high,low,close,volume
2019-08-19 09:00:00,NSE:SPICEJET,151.95,152.85,147.5,147.7,584027.0
2019-08-19 09:45:00,NSE:SPICEJET,147.65,149.5,147.2,149.1,280948.0
2019-08-19 10:30:00,NSE:SPICEJET,149.0,149.05,147.5,147.75,139660.0
2019-08-19 11:15:00,NSE:SPICEJET,147.75,147.75,146.8,147.5,113293.0
2019-08-19 12:00:00,NSE:SPICEJET,147.5,147.9,147.3,147.75,50289.0
2019-08-19 12:45:00,NSE:SPICEJET,147.65,147.9,147.3,147.35,27462.0
2019-08-19 13:30:00,NSE:SPICEJET,147.45,147.5,147.1,147.25,37494.0
2019-08-19 14:15:00,NSE:SPICEJET,147.3,147.45,145.1,145.3,148513.0
2019-08-19 15:00:00,NSE:SPICEJET,145.35,147.25,145.3,146.4,214966.0
2019-08-20 09:00:00,NSE:SPICEJET,145.9,146.45,141.9,142.25,178926.0
2019-08-20 09:45:00,NSE:SPICEJET,142.45,142.45,139.35,139.9,231217.0
2019-08-20 10:30:00,NSE:SPICEJET,139.9,140.6,139.5,139.75,103055.0
2019-08-20 11:15:00,NSE:SPICEJET,139.75,141.5,139.55,140.25,73781.0
2019-08-20 12:00:00,NSE:SPICEJET,140.1,141.5,139.75,141.25,234199.0
2019-08-20 12:45:00,NSE:SPICEJET,141.25,141.6,140.5,141.3,257610.0
2019-08-20 13:30:00,NSE:SPICEJET,141.45,142.0,141.3,141.65,48141.0
2019-08-20 14:15:00,NSE:SPICEJET,141.65,141.7,140.3,140.6,48847.0
2019-08-20 15:00:00,NSE:SPICEJET,140.6,141.4,140.5,140.9,92599.0
2019-08-20 15:45:00,NSE:SPICEJET,141.0,141.0,141.0,141.0,250.0
2019-08-21 09:00:00,NSE:SPICEJET,141.15,143.5,141.0,141.8,154755.0
2019-08-21 09:45:00,NSE:SPICEJET,141.8,142.35,138.1,139.95,150314.0
2019-08-21 10:30:00,NSE:SPICEJET,139.95,140.0,139.15,139.5,42594.0
2019-08-21 11:15:00,NSE:SPICEJET,139.5,139.95,139.05,139.3,19996.0
2019-08-21 12:00:00,NSE:SPICEJET,139.3,140.2,138.8,139.7,260258.0
2019-08-21 12:45:00,NSE:SPICEJET,139.75,139.9,138.5,138.5,60757.0
2019-08-21 13:30:00,NSE:SPICEJET,138.55,139.5,137.5,137.5,85978.0
2019-08-21 14:15:00,NSE:SPICEJET,137.5,137.95,136.5,136.85,59583.0
2019-08-21 15:00:00,NSE:SPICEJET,136.8,137.05,136.4,136.8,90531.0
2019-08-22 09:00:00,NSE:SPICEJET,136.5,136.5,133.35,133.65,85022.0
2019-08-22 09:45:00,NSE:SPICEJET,133.65,135.6,130.5,133.65,181689.0
2019-08-22 10:30:00,NSE:SPICEJET,133.6,134.45,133.3,134.4,81662.0
2019-08-22 11:15:00,NSE:SPICEJET,134.3,135.0,133.1,133.85,43610.0
2019-08-22 12:00:00,NSE:SPICEJET,133.75,134.45,133.5,133.95,49940.0
2019-08-22 12:45:00,NSE:SPICEJET,133.7,134.5,133.55,133.9,28177.0
2019-08-22 13:30:00,NSE:SPICEJET,133.85,134.0,133.35,133.7,66830.0
2019-08-22 14:15:00,NSE:SPICEJET,133.7,134.4,131.0,131.05,75081.0
2019-08-22 15:00:00,NSE:SPICEJET,131.4,132.0,131.0,131.4,97614.0
2019-08-23 09:00:00,NSE:SPICEJET,131.0,132.4,125.4,127.8,178629.0
2019-08-23 09:45:00,NSE:SPICEJET,127.85,132.75,127.55,131.85,219899.0
2019-08-23 10:30:00,NSE:SPICEJET,131.85,132.8,130.1,130.4,81931.0
2019-08-23 11:15:00,NSE:SPICEJET,130.55,132.9,130.45,132.65,86865.0
2019-08-23 12:00:00,NSE:SPICEJET,132.5,133.9,132.2,133.2,99451.0
2019-08-23 12:45:00,NSE:SPICEJET,133.2,133.85,131.5,133.2,140684.0
2019-08-23 13:30:00,NSE:SPICEJET,133.35,134.5,132.45,132.45,107044.0
2019-08-23 14:15:00,NSE:SPICEJET,132.45,134.35,131.4,131.65,158450.0
2019-08-23 15:00:00,NSE:SPICEJET,131.65,133.8,131.65,132.1,181468.0
2019-08-26 09:00:00,NSE:SPICEJET,137.0,137.0,132.3,133.45,208907.0
2019-08-26 09:45:00,NSE:SPICEJET,133.35,133.6,131.0,132.4,113676.0
2019-08-26 10:30:00,NSE:SPICEJET,132.4,132.9,131.15,131.65,68280.0
2019-08-26 11:15:00,NSE:SPICEJET,131.6,134.55,131.55,134.05,92094.0
2019-08-26 12:00:00,NSE:SPICEJET,134.15,134.2,131.7,132.0,131140.0
2019-08-26 12:45:00,NSE:SPICEJET,132.0,133.45,131.4,131.65,121888.0
2019-08-26 13:30:00,NSE:SPICEJET,131.8,132.0,131.6,131.9,69304.0
2019-08-26 14:15:00,NSE:SPICEJET,131.85,132.8,129.65,130.0,216058.0
2019-08-26 15:00:00,NSE:SPICEJET,130.0,130.0,129.7,129.95,183303.0
2019-08-27 09:00:00,NSE:SPICEJET,131.4,132.9,130.65,131.4,119024.0
2019-08-27 09:45:00,NSE:SPICEJET,131.45,132.5,131.15,131.25,49047.0
2019-08-27 10:30:00,NSE:SPICEJET,131.25,131.95,130.05,130.6,307586.0
2019-08-27 11:15:00,NSE:SPICEJET,130.5,132.35,130.1,131.55,110776.0
2019-08-27 12:00:00,NSE:SPICEJET,131.5,132.3,131.0,131.85,49347.0
2019-08-27 12:45:00,NSE:SPICEJET,131.85,132.3,131.55,132.0,32816.0
2019-08-27 13:30:00,NSE:SPICEJET,132.0,132.0,130.25,130.6,41297.0
2019-08-27 14:15:00,NSE:SPICEJET,130.6,131.25,129.5,129.85,81945.0
2019-08-27 15:00:00,NSE:SPICEJET,129.85,130.0,129.2,129.7,189304.0
2019-08-28 09:00:00,NSE:SPICEJET,132.0,134.0,129.7,130.55,562835.0
2019-08-28 09:45:00,NSE:SPICEJET,130.7,130.7,128.55,129.25,227043.0
2019-08-28 10:30:00,NSE:SPICEJET,129.15,130.35,128.65,130.25,92838.0
2019-08-28 11:15:00,NSE:SPICEJET,130.25,130.35,129.3,129.7,47168.0
2019-08-28 12:00:00,NSE:SPICEJET,129.65,130.15,129.5,129.8,34035.0
2019-08-28 12:45:00,NSE:SPICEJET,129.8,129.8,128.75,129.25,56096.0
2019-08-28 13:30:00,NSE:SPICEJET,129.2,129.9,128.7,128.75,55718.0
2019-08-28 14:15:00,NSE:SPICEJET,128.85,129.35,128.55,129.3,54392.0
2019-08-28 15:00:00,NSE:SPICEJET,129.2,129.7,128.65,129.2,166066.0
2019-08-29 09:00:00,NSE:SPICEJET,128.7,128.95,127.1,128.4,112106.0
2019-08-29 09:45:00,NSE:SPICEJET,128.4,129.8,128.2,128.95,33594.0
2019-08-29 10:30:00,NSE:SPICEJET,128.7,129.0,126.55,127.9,43973.0
2019-08-29 11:15:00,NSE:SPICEJET,127.75,128.35,127.35,127.5,23532.0
2019-08-29 12:00:00,NSE:SPICEJET,127.65,128.5,127.15,128.05,262258.0
2019-08-29 12:45:00,NSE:SPICEJET,128.05,128.9,127.5,127.95,65333.0
2019-08-29 13:30:00,NSE:SPICEJET,127.7,128.2,127.5,127.95,49918.0
2019-08-29 14:15:00,NSE:SPICEJET,127.95,128.1,127.35,127.9,35918.0
2019-08-29 15:00:00,NSE:SPICEJET,127.85,128.25,127.5,127.95,110770.0
2019-08-30 09:00:00,NSE:SPICEJET,128.45,129.75,126.75,129.3,122375.0
2019-08-30 09:45:00,NSE:SPICEJET,129.15,129.65,128.55,129.15,180883.0
2019-08-30 10:30:00,NSE:SPICEJET,129.05,129.4,128.05,128.15,66822.0
2019-08-30 11:15:00,NSE:SPICEJET,128.35,128.75,128.0,128.35,42231.0
2019-08-30 12:00:00,NSE:SPICEJET,128.35,128.65,128.0,128.25,16913.0
2019-08-30 12:45:00,NSE:SPICEJET,128.45,129.1,128.2,128.95,38191.0
2019-08-30 13:30:00,NSE:SPICEJET,129.0,130.3,128.65,130.05,377360.0
2019-08-30 14:15:00,NSE:SPICEJET,130.1,134.0,129.9,132.15,499739.0
2019-08-30 15:00:00,NSE:SPICEJET,132.15,133.25,132.0,132.85,245388.0
2019-09-03 09:00:00,NSE:SPICEJET,130.9,131.0,129.85,131.0,137516.0
2019-09-03 09:45:00,NSE:SPICEJET,130.75,133.45,130.6,132.0,216732.0
2019-09-03 10:30:00,NSE:SPICEJET,131.95,132.8,131.65,132.05,227806.0
2019-09-03 11:15:00,NSE:SPICEJET,132.0,132.75,131.7,131.95,260747.0
2019-09-03 12:00:00,NSE:SPICEJET,132.0,132.25,131.4,131.85,42500.0
2019-09-03 12:45:00,NSE:SPICEJET,131.8,132.25,130.35,130.65,67759.0
2019-09-03 13:30:00,NSE:SPICEJET,130.65,131.3,129.0,129.5,122928.0
2019-09-03 14:15:00,NSE:SPICEJET,129.45,129.9,127.55,128.6,133269.0
2019-09-03 15:00:00,NSE:SPICEJET,128.6,128.6,127.2,128.05,190717.0
2019-09-04 09:00:00,NSE:SPICEJET,128.9,130.9,128.1,129.65,159437.0
2019-09-04 09:45:00,NSE:SPICEJET,129.55,130.5,129.5,130.1,147090.0
2019-09-04 10:30:00,NSE:SPICEJET,130.0,130.5,129.1,129.3,104195.0
2019-09-04 11:15:00,NSE:SPICEJET,129.3,129.75,128.7,128.95,66373.0
2019-09-04 12:00:00,NSE:SPICEJET,129.0,129.5,128.5,129.2,36587.0
2019-09-04 12:45:00,NSE:SPICEJET,129.1,129.35,129.1,129.35,22103.0
2019-09-04 13:30:00,NSE:SPICEJET,129.2,129.65,128.6,129.2,27040.0
2019-09-04 14:15:00,NSE:SPICEJET,129.3,129.5,128.7,129.3,22555.0
2019-09-04 15:00:00,NSE:SPICEJET,129.3,131.8,129.25,130.45,291104.0
2019-09-05 09:00:00,NSE:SPICEJET,130.1,131.25,128.7,130.2,141998.0
2019-09-05 09:45:00,NSE:SPICEJET,130.1,131.85,130.1,131.35,223889.0
2019-09-05 10:30:00,NSE:SPICEJET,131.4,131.85,130.75,130.95,27925.0
2019-09-05 11:15:00,NSE:SPICEJET,130.8,131.1,130.15,130.3,37689.0
2019-09-05 12:00:00,NSE:SPICEJET,130.15,130.95,129.9,130.95,20335.0
2019-09-05 12:45:00,NSE:SPICEJET,130.65,130.95,130.25,130.4,11078.0
2019-09-05 13:30:00,NSE:SPICEJET,130.7,130.95,130.25,130.3,39079.0
2019-09-05 14:15:00,NSE:SPICEJET,130.3,130.45,129.55,130.05,27680.0
2019-09-05 15:00:00,NSE:SPICEJET,130.05,130.65,129.75,130.25,85691.0
2019-09-06 09:00:00,NSE:SPICEJET,130.0,131.0,129.6,130.55,62704.0
2019-09-06 09:45:00,NSE:SPICEJET,130.8,130.9,129.6,130.0,37393.0
2019-09-06 10:30:00,NSE:SPICEJET,130.0,131.2,129.9,130.85,170036.0
2019-09-06 11:15:00,NSE:SPICEJET,130.8,131.7,130.35,131.4,352257.0
2019-09-06 12:00:00,NSE:SPICEJET,131.4,131.4,130.6,131.1,106393.0
2019-09-06 12:45:00,NSE:SPICEJET,131.15,131.4,130.5,130.8,184286.0
2019-09-06 13:30:00,NSE:SPICEJET,130.8,131.0,130.05,130.4,33233.0
2019-09-06 14:15:00,NSE:SPICEJET,130.65,130.65,129.15,129.9,54584.0
2019-09-06 15:00:00,NSE:SPICEJET,129.75,130.45,129.25,129.95,108376.0
2019-09-09 09:00:00,NSE:SPICEJET,129.05,130.4,129.05,130.25,88859.0
2019-09-09 09:45:00,NSE:SPICEJET,130.15,130.5,129.4,129.95,145506.0
2019-09-09 10:30:00,NSE:SPICEJET,130.0,130.0,129.2,129.45,56797.0
2019-09-09 11:15:00,NSE:SPICEJET,129.45,129.7,129.05,129.55,40865.0
2019-09-09 12:00:00,NSE:SPICEJET,129.7,129.75,129.1,129.55,24172.0
2019-09-09 12:45:00,NSE:SPICEJET,129.45,129.45,128.55,129.15,65709.0
2019-09-09 13:30:00,NSE:SPICEJET,129.1,129.1,128.35,128.85,48726.0
2019-09-09 14:15:00,NSE:SPICEJET,129.0,129.4,128.75,129.0,31024.0
2019-09-09 15:00:00,NSE:SPICEJET,129.05,129.3,128.9,129.05,134771.0
2019-09-11 09:00:00,NSE:SPICEJET,129.0,129.5,128.2,129.1,78808.0
2019-09-11 09:45:00,NSE:SPICEJET,129.25,129.95,129.05,129.3,376219.0
2019-09-11 10:30:00,NSE:SPICEJET,129.25,129.8,129.05,129.45,87982.0
2019-09-11 11:15:00,NSE:SPICEJET,129.25,129.65,129.0,129.15,135321.0
2019-09-11 12:00:00,NSE:SPICEJET,129.15,129.3,128.55,128.95,111686.0
2019-09-11 12:45:00,NSE:SPICEJET,128.95,129.6,128.75,129.0,22216.0
2019-09-11 13:30:00,NSE:SPICEJET,128.9,129.35,128.8,129.35,15247.0
2019-09-11 14:15:00,NSE:SPICEJET,129.3,129.5,128.95,129.2,42236.0
2019-09-11 15:00:00,NSE:SPICEJET,129.1,129.25,128.3,128.75,62879.0
2019-09-12 09:00:00,NSE:SPICEJET,129.65,131.9,129.65,131.15,198844.0
2019-09-12 09:45:00,NSE:SPICEJET,131.15,131.4,129.05,129.7,169338.0
2019-09-12 10:30:00,NSE:SPICEJET,129.7,134.3,129.45,133.5,587041.0
2019-09-12 11:15:00,NSE:SPICEJET,133.5,135.7,133.1,134.6,360729.0
2019-09-12 12:00:00,NSE:SPICEJET,134.7,135.85,134.05,134.6,342826.0
2019-09-12 12:45:00,NSE:SPICEJET,134.6,135.3,133.5,133.75,119233.0
2019-09-12 13:30:00,NSE:SPICEJET,133.7,134.15,132.85,133.75,113742.0
2019-09-12 14:15:00,NSE:SPICEJET,133.5,135.5,132.7,133.15,262435.0
2019-09-12 15:00:00,NSE:SPICEJET,133.1,133.7,131.8,132.9,239606.0
2019-09-13 09:00:00,NSE:SPICEJET,133.6,135.1,132.1,132.4,240546.0
2019-09-13 09:45:00,NSE:SPICEJET,132.35,134.3,132.3,133.3,142671.0
2019-09-13 10:30:00,NSE:SPICEJET,133.4,134.0,132.25,132.45,122698.0
2019-09-13 11:15:00,NSE:SPICEJET,132.6,133.65,132.6,133.2,34857.0
2019-09-13 12:00:00,NSE:SPICEJET,133.2,135.2,132.6,133.15,194358.0
2019-09-13 12:45:00,NSE:SPICEJET,133.15,133.3,130.65,130.65,164580.0
2019-09-13 13:30:00,NSE:SPICEJET,130.6,132.1,130.55,131.75,52548.0
2019-09-13 14:15:00,NSE:SPICEJET,131.85,132.15,131.55,131.95,44462.0
2019-09-13 15:00:00,NSE:SPICEJET,132.0,132.45,131.0,131.6,181864.0
2019-09-16 09:00:00,NSE:SPICEJET,125.0,128.0,121.1,125.85,589873.0
2019-09-16 09:45:00,NSE:SPICEJET,125.75,127.2,125.4,126.8,149963.0
2019-09-16 10:30:00,NSE:SPICEJET,126.8,126.8,125.6,126.55,112690.0
2019-09-16 11:15:00,NSE:SPICEJET,126.55,126.75,126.4,126.55,53452.0
2019-09-16 12:00:00,NSE:SPICEJET,126.55,126.75,126.0,126.55,52711.0
2019-09-16 12:45:00,NSE:SPICEJET,126.5,126.5,126.0,126.4,58254.0
2019-09-16 13:30:00,NSE:SPICEJET,126.35,126.9,126.3,126.5,73855.0
2019-09-16 14:15:00,NSE:SPICEJET,126.55,126.8,126.0,126.45,61110.0
2019-09-16 15:00:00,NSE:SPICEJET,126.45,126.75,126.0,126.4,126115.0
2019-09-17 09:00:00,NSE:SPICEJET,125.4,127.8,125.4,127.45,167328.0
2019-09-17 09:45:00,NSE:SPICEJET,127.45,127.45,126.15,126.4,110328.0
2019-09-17 10:30:00,NSE:SPICEJET,126.5,126.75,126.05,126.6,21688.0
2019-09-17 11:15:00,NSE:SPICEJET,126.65,127.1,126.0,126.6,29548.0
2019-09-17 12:00:00,NSE:SPICEJET,126.8,127.1,126.2,126.7,53372.0
2019-09-17 12:45:00,NSE:SPICEJET,126.75,126.75,125.5,125.6,28826.0
2019-09-17 13:30:00,NSE:SPICEJET,125.75,126.0,124.9,125.15,83326.0
2019-09-17 14:15:00,NSE:SPICEJET,125.15,125.5,123.65,124.95,117823.0
2019-09-17 15:00:00,NSE:SPICEJET,124.95,124.95,124.0,124.4,109197.0
2019-09-18 09:00:00,NSE:SPICEJET,128.0,129.1,126.2,126.7,202783.0
2019-09-18 09:45:00,NSE:SPICEJET,126.7,126.9,126.05,126.55,69281.0
2019-09-18 10:30:00,NSE:SPICEJET,126.55,126.75,126.0,126.5,32403.0
2019-09-18 11:15:00,NSE:SPICEJET,126.5,127.2,126.45,126.85,21932.0
2019-09-18 12:00:00,NSE:SPICEJET,126.85,127.7,126.65,127.3,33344.0
2019-09-18 12:45:00,NSE:SPICEJET,127.1,127.5,126.9,127.0,15728.0
2019-09-18 13:30:00,NSE:SPICEJET,127.0,127.3,126.6,127.1,27918.0
2019-09-18 14:15:00,NSE:SPICEJET,127.3,127.3,127.05,127.25,28251.0
2019-09-18 15:00:00,NSE:SPICEJET,127.3,127.5,126.55,126.95,78714.0
2019-09-19 09:00:00,NSE:SPICEJET,128.2,128.65,126.7,127.45,126020.0
2019-09-19 09:45:00,NSE:SPICEJET,127.25,127.35,125.7,126.05,66565.0
2019-09-19 10:30:00,NSE:SPICEJET,126.05,126.45,125.8,126.25,23058.0
2019-09-19 11:15:00,NSE:SPICEJET,126.1,126.55,126.1,126.4,20163.0
2019-09-19 12:00:00,NSE:SPICEJET,126.5,126.9,125.8,125.8,120521.0
2019-09-19 12:45:00,NSE:SPICEJET,125.8,126.3,125.6,126.0,44590.0
2019-09-19 13:30:00,NSE:SPICEJET,126.0,126.0,125.15,125.5,45803.0
2019-09-19 14:15:00,NSE:SPICEJET,125.25,125.65,124.65,125.25,73751.0
2019-09-19 15:00:00,NSE:SPICEJET,125.25,125.7,124.6,125.15,104304.0
2019-09-20 09:00:00,NSE:SPICEJET,125.55,126.0,123.6,125.8,79057.0
2019-09-20 09:45:00,NSE:SPICEJET,125.8,125.85,124.05,124.4,46132.0
2019-09-20 10:30:00,NSE:SPICEJET,124.45,126.4,124.0,126.15,297778.0
2019-09-20 11:15:00,NSE:SPICEJET,126.25,128.8,126.1,128.1,229334.0
2019-09-20 12:00:00,NSE:SPICEJET,128.1,130.0,127.55,129.95,301542.0
2019-09-20 12:45:00,NSE:SPICEJET,130.0,132.0,129.35,130.15,382891.0
2019-09-20 13:30:00,NSE:SPICEJET,130.1,130.3,127.75,128.8,181763.0
2019-09-20 14:15:00,NSE:SPICEJET,128.7,128.7,127.1,127.75,130259.0
2019-09-20 15:00:00,NSE:SPICEJET,127.7,127.8,123.75,124.75,830095.0
2019-09-23 09:00:00,NSE:SPICEJET,127.0,129.4,126.35,127.4,198206.0
2019-09-23 09:45:00,NSE:SPICEJET,127.6,127.9,126.85,127.15,98234.0
2019-09-23 10:30:00,NSE:SPICEJET,127.05,127.55,126.5,127.35,107711.0
2019-09-23 11:15:00,NSE:SPICEJET,127.35,127.6,126.4,126.9,76920.0
2019-09-23 12:00:00,NSE:SPICEJET,126.85,127.9,126.65,127.0,109668.0
2019-09-23 12:45:00,NSE:SPICEJET,127.0,127.5,126.6,126.8,44697.0
2019-09-23 13:30:00,NSE:SPICEJET,126.9,127.7,126.6,127.1,82188.0
2019-09-23 14:15:00,NSE:SPICEJET,127.15,127.25,126.2,126.9,67290.0
2019-09-23 15:00:00,NSE:SPICEJET,126.75,127.25,126.65,127.15,100605.0
2019-09-23 15:45:00,NSE:SPICEJET,127.0,127.0,127.0,127.0,1000.0
2019-09-24 09:00:00,NSE:SPICEJET,127.7,127.7,126.1,126.2,84011.0
2019-09-24 09:45:00,NSE:SPICEJET,126.25,132.15,126.2,128.6,658118.0
2019-09-24 10:30:00,NSE:SPICEJET,128.75,128.95,128.1,128.5,88760.0
2019-09-24 11:15:00,NSE:SPICEJET,128.5,128.85,128.2,128.4,48941.0
2019-09-24 12:00:00,NSE:SPICEJET,128.45,128.7,128.05,128.25,80305.0
2019-09-24 12:45:00,NSE:SPICEJET,128.2,128.3,127.1,127.3,78688.0
2019-09-24 13:30:00,NSE:SPICEJET,127.3,127.3,127.05,127.1,53551.0
2019-09-24 14:15:00,NSE:SPICEJET,127.15,131.05,127.1,130.0,849009.0
2019-09-24 15:00:00,NSE:SPICEJET,130.0,131.3,130.0,130.45,565272.0
2019-09-25 09:00:00,NSE:SPICEJET,133.0,134.3,131.5,131.85,1785856.0
2019-09-25 09:45:00,NSE:SPICEJET,131.95,132.8,131.6,132.4,409162.0
2019-09-25 10:30:00,NSE:SPICEJET,132.4,132.85,131.7,131.7,340744.0
2019-09-25 11:15:00,NSE:SPICEJET,131.7,131.95,131.55,131.6,124653.0
2019-09-25 12:00:00,NSE:SPICEJET,131.65,132.0,131.5,131.75,95665.0
2019-09-25 12:45:00,NSE:SPICEJET,131.75,131.75,130.0,130.25,215920.0
2019-09-25 13:30:00,NSE:SPICEJET,130.3,131.35,130.25,130.3,129598.0
2019-09-25 14:15:00,NSE:SPICEJET,130.25,130.4,129.2,129.5,217961.0
2019-09-25 15:00:00,NSE:SPICEJET,129.65,130.3,128.15,129.2,441602.0
2019-09-26 09:00:00,NSE:SPICEJET,130.8,132.0,130.35,130.9,597794.0
2019-09-26 09:45:00,NSE:SPICEJET,130.95,131.0,130.4,130.55,182298.0
2019-09-26 10:30:00,NSE:SPICEJET,130.55,130.95,130.2,130.9,103369.0
2019-09-26 11:15:00,NSE:SPICEJET,130.9,131.3,129.85,130.4,262245.0
2019-09-26 12:00:00,NSE:SPICEJET,130.4,130.6,129.15,130.3,255820.0
2019-09-26 12:45:00,NSE:SPICEJET,130.25,130.95,130.0,130.7,88187.0
2019-09-26 13:30:00,NSE:SPICEJET,130.7,131.0,129.75,130.0,115679.0
2019-09-26 14:15:00,NSE:SPICEJET,130.0,130.0,129.5,129.5,132373.0
2019-09-26 15:00:00,NSE:SPICEJET,129.5,133.0,129.25,131.95,850125.0
2019-09-27 09:00:00,NSE:SPICEJET,131.95,132.15,129.5,129.7,248260.0
2019-09-27 09:45:00,NSE:SPICEJET,129.6,130.9,129.6,130.4,106775.0
2019-09-27 10:30:00,NSE:SPICEJET,130.5,131.25,130.05,130.5,153997.0
2019-09-27 11:15:00,NSE:SPICEJET,130.45,130.85,130.0,130.4,302334.0
2019-09-27 12:00:00,NSE:SPICEJET,130.5,130.85,130.2,130.8,58406.0
2019-09-27 12:45:00,NSE:SPICEJET,130.65,131.7,130.6,131.35,97351.0
2019-09-27 13:30:00,NSE:SPICEJET,131.35,131.6,130.5,130.7,67846.0
2019-09-27 14:15:00,NSE:SPICEJET,130.6,130.75,128.6,128.6,225398.0
2019-09-27 15:00:00,NSE:SPICEJET,128.7,128.9,127.1,127.8,306711.0
2019-09-30 09:00:00,NSE:SPICEJET,128.25,128.95,125.15,125.8,200440.0
2019-09-30 09:45:00,NSE:SPICEJET,125.8,126.0,124.75,124.95,155916.0
2019-09-30 10:30:00,NSE:SPICEJET,124.95,125.0,124.5,124.75,109487.0
2019-09-30 11:15:00,NSE:SPICEJET,124.75,126.0,124.6,125.45,97676.0
2019-09-30 12:00:00,NSE:SPICEJET,125.5,125.75,125.05,125.05,76834.0
2019-09-30 12:45:00,NSE:SPICEJET,125.15,125.9,125.0,125.1,82277.0
2019-09-30 13:30:00,NSE:SPICEJET,125.2,125.85,125.1,125.15,52025.0
2019-09-30 14:15:00,NSE:SPICEJET,125.15,125.8,124.55,124.8,183528.0
2019-09-30 15:00:00,NSE:SPICEJET,125.0,125.8,124.35,125.1,220768.0
2019-10-01 09:00:00,NSE:SPICEJET,125.9,127.9,125.6,126.25,312018.0
2019-10-01 09:45:00,NSE:SPICEJET,126.2,126.35,123.0,124.4,285122.0
2019-10-01 10:30:00,NSE:SPICEJET,124.35,124.95,123.85,124.3,175781.0
2019-10-01 11:15:00,NSE:SPICEJET,124.3,124.5,124.0,124.25,74040.0
2019-10-01 12:00:00,NSE:SPICEJET,124.25,124.9,123.9,124.5,58535.0
2019-10-01 12:45:00,NSE:SPICEJET,124.5,124.85,123.5,123.8,84459.0
2019-10-01 13:30:00,NSE:SPICEJET,123.85,124.25,121.25,121.85,196523.0
2019-10-01 14:15:00,NSE:SPICEJET,121.8,123.8,120.7,123.6,226275.0
2019-10-01 15:00:00,NSE:SPICEJET,123.6,123.75,122.35,122.85,180036.0
2019-10-03 09:00:00,NSE:SPICEJET,125.0,125.05,123.0,124.2,272983.0
2019-10-03 09:45:00,NSE:SPICEJET,124.25,125.7,123.5,123.75,164050.0
2019-10-03 10:30:00,NSE:SPICEJET,123.65,124.15,123.4,124.0,84905.0
2019-10-03 11:15:00,NSE:SPICEJET,123.85,124.35,123.6,124.2,45917.0
2019-10-03 12:00:00,NSE:SPICEJET,124.25,125.5,124.2,124.6,87419.0
2019-10-03 12:45:00,NSE:SPICEJET,124.5,124.7,123.5,123.9,53899.0
2019-10-03 13:30:00,NSE:SPICEJET,123.85,124.45,123.6,124.05,39126.0
2019-10-03 14:15:00,NSE:SPICEJET,124.2,124.75,124.1,124.35,59565.0
2019-10-03 15:00:00,NSE:SPICEJET,124.2,124.4,123.5,124.0,153475.0
2019-10-04 09:00:00,NSE:SPICEJET,124.65,124.9,123.1,123.55,141441.0
2019-10-04 09:45:00,NSE:SPICEJET,123.65,124.25,123.45,123.95,58884.0
2019-10-04 10:30:00,NSE:SPICEJET,123.95,124.1,123.55,123.55,22296.0
2019-10-04 11:15:00,NSE:SPICEJET,123.75,123.85,123.15,123.25,34540.0
2019-10-04 12:00:00,NSE:SPICEJET,123.25,123.55,122.1,123.05,79672.0
2019-10-04 12:45:00,NSE:SPICEJET,123.1,123.2,122.4,123.0,22790.0
2019-10-04 13:30:00,NSE:SPICEJET,122.85,123.0,121.25,122.35,70098.0
2019-10-04 14:15:00,NSE:SPICEJET,122.4,123.05,122.05,123.05,62401.0
2019-10-04 15:00:00,NSE:SPICEJET,123.05,123.2,121.8,122.35,164741.0
2019-10-07 09:00:00,NSE:SPICEJET,122.7,123.4,118.0,120.1,187671.0
2019-10-07 09:45:00,NSE:SPICEJET,120.1,122.0,119.6,120.9,136827.0
2019-10-07 10:30:00,NSE:SPICEJET,120.9,121.2,120.0,120.2,63167.0
2019-10-07 11:15:00,NSE:SPICEJET,120.3,120.6,119.25,119.9,80696.0
2019-10-07 12:00:00,NSE:SPICEJET,119.9,120.4,119.4,120.1,21695.0
2019-10-07 12:45:00,NSE:SPICEJET,120.2,120.6,120.0,120.25,29154.0
2019-10-07 13:30:00,NSE:SPICEJET,120.25,120.25,119.2,119.3,52842.0
2019-10-07 14:15:00,NSE:SPICEJET,119.4,119.4,118.6,119.15,87957.0
2019-10-07 15:00:00,NSE:SPICEJET,119.15,119.5,119.0,119.25,71563.0
2019-10-09 09:00:00,NSE:SPICEJET,119.25,120.2,117.1,117.4,130937.0
2019-10-09 09:45:00,NSE:SPICEJET,117.5,117.8,115.15,116.45,229642.0
2019-10-09 10:30:00,NSE:SPICEJET,116.4,116.9,115.5,115.7,105222.0
2019-10-09 11:15:00,NSE:SPICEJET,115.7,117.4,115.7,117.2,74990.0
2019-10-09 12:00:00,NSE:SPICEJET,117.25,118.15,117.05,117.9,68631.0
2019-10-09 12:45:00,NSE:SPICEJET,117.9,118.0,117.65,117.9,35650.0
2019-10-09 13:30:00,NSE:SPICEJET,117.9,118.4,117.15,117.5,54847.0
2019-10-09 14:15:00,NSE:SPICEJET,117.35,117.85,117.2,117.4,57623.0
2019-10-09 15:00:00,NSE:SPICEJET,117.5,118.0,116.7,117.25,163733.0
2019-10-10 09:00:00,NSE:SPICEJET,117.0,117.6,115.35,116.5,103747.0
2019-10-10 09:45:00,NSE:SPICEJET,116.5,116.7,115.7,115.95,112205.0
2019-10-10 10:30:00,NSE:SPICEJET,116.0,116.7,115.5,115.9,56948.0
2019-10-10 11:15:00,NSE:SPICEJET,115.9,116.0,115.5,115.7,45478.0
2019-10-10 12:00:00,NSE:SPICEJET,115.8,116.2,115.6,116.0,28673.0
2019-10-10 12:45:00,NSE:SPICEJET,115.8,116.35,115.65,115.9,31150.0
2019-10-10 13:30:00,NSE:SPICEJET,115.85,121.9,115.8,120.0,432076.0
2019-10-10 14:15:00,NSE:SPICEJET,120.0,120.95,118.5,120.55,192710.0
2019-10-10 15:00:00,NSE:SPICEJET,120.55,125.4,120.45,123.9,926713.0
2019-10-11 09:00:00,NSE:SPICEJET,125.0,125.8,122.25,123.5,190652.0
2019-10-11 09:45:00,NSE:SPICEJET,123.45,123.6,121.35,121.7,151821.0
2019-10-11 10:30:00,NSE:SPICEJET,121.7,121.85,120.2,121.65,85849.0
2019-10-11 11:15:00,NSE:SPICEJET,121.5,121.5,120.1,120.9,69083.0
2019-10-11 12:00:00,NSE:SPICEJET,120.9,124.4,120.7,123.05,142182.0
2019-10-11 12:45:00,NSE:SPICEJET,123.1,123.3,122.4,122.6,18207.0
2019-10-11 13:30:00,NSE:SPICEJET,122.4,123.65,122.1,122.8,30520.0
2019-10-11 14:15:00,NSE:SPICEJET,122.8,122.8,121.25,121.3,39800.0
2019-10-11 15:00:00,NSE:SPICEJET,121.15,122.35,120.65,121.35,105097.0
2019-10-14 09:00:00,NSE:SPICEJET,121.4,123.0,120.0,122.55,130105.0
2019-10-14 09:45:00,NSE:SPICEJET,122.55,122.7,121.8,122.65,67551.0
2019-10-14 10:30:00,NSE:SPICEJET,122.35,123.0,121.8,122.05,67493.0
2019-10-14 11:15:00,NSE:SPICEJET,121.95,122.1,121.2,121.9,36756.0
2019-10-14 12:00:00,NSE:SPICEJET,121.65,122.25,121.55,121.85,29054.0
2019-10-14 12:45:00,NSE:SPICEJET,121.85,125.2,121.5,124.4,386004.0
2019-10-14 13:30:00,NSE:SPICEJET,124.25,124.85,123.1,123.45,126911.0
2019-10-14 14:15:00,NSE:SPICEJET,123.4,123.5,122.5,122.9,51700.0
2019-10-14 15:00:00,NSE:SPICEJET,122.9,123.6,121.5,122.4,138224.0
2019-10-15 09:00:00,NSE:SPICEJET,123.25,123.4,122.55,122.85,126077.0
2019-10-15 09:45:00,NSE:SPICEJET,122.85,123.0,122.2,122.5,71690.0
2019-10-15 10:30:00,NSE:SPICEJET,122.5,123.0,122.4,122.65,24274.0
2019-10-15 11:15:00,NSE:SPICEJET,122.45,123.0,122.25,122.95,30792.0
2019-10-15 12:00:00,NSE:SPICEJET,122.95,122.95,122.3,122.4,12828.0
2019-10-15 12:45:00,NSE:SPICEJET,122.4,122.6,121.8,122.5,32859.0
2019-10-15 13:30:00,NSE:SPICEJET,122.5,122.65,122.2,122.2,36430.0
2019-10-15 14:15:00,NSE:SPICEJET,122.2,122.6,121.55,122.3,66987.0
2019-10-15 15:00:00,NSE:SPICEJET,122.3,122.45,121.7,121.95,99854.0
2019-10-16 09:00:00,NSE:SPICEJET,122.4,123.0,121.05,122.55,72688.0
2019-10-16 09:45:00,NSE:SPICEJET,122.55,122.8,121.5,122.1,50696.0
2019-10-16 10:30:00,NSE:SPICEJET,122.05,122.15,121.85,121.85,15544.0
2019-10-16 11:15:00,NSE:SPICEJET,121.85,122.0,121.65,121.85,14457.0
2019-10-16 12:00:00,NSE:SPICEJET,121.8,121.9,121.2,121.45,38586.0
2019-10-16 12:45:00,NSE:SPICEJET,121.4,121.4,119.65,119.95,118534.0
2019-10-16 13:30:00,NSE:SPICEJET,119.95,120.3,119.5,120.1,56256.0
2019-10-16 14:15:00,NSE:SPICEJET,120.1,120.2,119.4,119.9,64632.0
2019-10-16 15:00:00,NSE:SPICEJET,120.0,120.5,119.4,119.8,112889.0
2019-10-17 09:00:00,NSE:SPICEJET,119.4,121.45,119.4,121.1,94237.0
2019-10-17 09:45:00,NSE:SPICEJET,120.9,121.15,120.45,120.5,33705.0
2019-10-17 10:30:00,NSE:SPICEJET,120.5,120.8,120.3,120.65,29150.0
2019-10-17 11:15:00,NSE:SPICEJET,120.65,120.7,119.8,120.0,29299.0
2019-10-17 12:00:00,NSE:SPICEJET,120.0,120.4,119.8,120.4,25369.0
2019-10-17 12:45:00,NSE:SPICEJET,120.4,121.2,120.0,121.0,44631.0
2019-10-17 13:30:00,NSE:SPICEJET,121.0,122.9,120.95,121.9,259569.0
2019-10-17 14:15:00,NSE:SPICEJET,121.9,123.5,121.55,122.75,246384.0
2019-10-17 15:00:00,NSE:SPICEJET,122.75,122.8,121.8,122.3,165934.0
2019-10-18 09:00:00,NSE:SPICEJET,121.45,121.5,120.0,120.4,210688.0
2019-10-18 09:45:00,NSE:SPICEJET,120.4,120.5,120.05,120.2,184956.0
2019-10-18 10:30:00,NSE:SPICEJET,120.25,120.4,119.5,119.8,120984.0
2019-10-18 11:15:00,NSE:SPICEJET,119.7,120.25,119.6,119.85,44203.0
2019-10-18 12:00:00,NSE:SPICEJET,119.95,120.1,119.5,119.9,56832.0
2019-10-18 12:45:00,NSE:SPICEJET,119.9,120.25,119.65,120.2,71491.0
2019-10-18 13:30:00,NSE:SPICEJET,120.2,120.4,120.0,120.35,67037.0
2019-10-18 14:15:00,NSE:SPICEJET,120.35,120.4,119.7,119.85,127042.0
2019-10-18 15:00:00,NSE:SPICEJET,119.95,120.15,119.1,119.6,166934.0
2019-10-22 09:00:00,NSE:SPICEJET,119.95,119.95,118.4,118.6,137649.0
2019-10-22 09:45:00,NSE:SPICEJET,118.6,119.05,117.5,117.65,169118.0
2019-10-22 10:30:00,NSE:SPICEJET,117.85,118.6,117.35,117.6,77700.0
2019-10-22 11:15:00,NSE:SPICEJET,117.6,118.55,117.25,118.4,67344.0
2019-10-22 12:00:00,NSE:SPICEJET,118.4,118.95,118.0,118.1,69632.0
2019-10-22 12:45:00,NSE:SPICEJET,118.05,118.5,117.7,117.95,58298.0
2019-10-22 13:30:00,NSE:SPICEJET,117.95,118.0,117.4,117.5,46359.0
2019-10-22 14:15:00,NSE:SPICEJET,117.4,117.5,117.0,117.25,81255.0
2019-10-22 15:00:00,NSE:SPICEJET,117.25,117.6,116.7,117.1,149543.0
2019-10-23 09:00:00,NSE:SPICEJET,116.0,116.75,115.25,115.6,170670.0
2019-10-23 09:45:00,NSE:SPICEJET,115.65,117.0,115.5,116.9,153556.0
2019-10-23 10:30:00,NSE:SPICEJET,116.9,119.0,116.35,117.45,187096.0
2019-10-23 11:15:00,NSE:SPICEJET,117.35,117.6,116.5,117.3,86994.0
2019-10-23 12:00:00,NSE:SPICEJET,117.55,117.75,116.9,117.0,73324.0
2019-10-23 12:45:00,NSE:SPICEJET,116.9,117.2,116.55,116.75,43240.0
2019-10-23 13:30:00,NSE:SPICEJET,116.75,117.0,116.05,116.35,56435.0
2019-10-23 14:15:00,NSE:SPICEJET,116.15,116.4,115.25,115.75,124695.0
2019-10-23 15:00:00,NSE:SPICEJET,115.8,116.3,115.35,115.65,142947.0
2019-10-24 09:00:00,NSE:SPICEJET,116.3,116.7,115.7,116.0,161929.0
2019-10-24 09:45:00,NSE:SPICEJET,115.95,116.45,115.6,115.9,106794.0
2019-10-24 10:30:00,NSE:SPICEJET,115.9,116.25,115.7,115.7,35621.0
2019-10-24 11:15:00,NSE:SPICEJET,115.7,116.4,115.65,116.2,38223.0
2019-10-24 12:00:00,NSE:SPICEJET,116.35,118.0,116.05,116.35,134567.0
2019-10-24 12:45:00,NSE:SPICEJET,116.45,116.95,115.5,115.85,83572.0
2019-10-24 13:30:00,NSE:SPICEJET,116.0,116.3,115.6,115.7,36315.0
2019-10-24 14:15:00,NSE:SPICEJET,115.8,117.5,115.3,115.5,259077.0
2019-10-24 15:00:00,NSE:SPICEJET,115.3,115.35,114.0,114.5,321607.0
2019-10-25 09:00:00,NSE:SPICEJET,112.9,112.9,107.25,108.2,499014.0
2019-10-25 09:45:00,NSE:SPICEJET,108.2,108.85,107.55,108.45,300006.0
2019-10-25 10:30:00,NSE:SPICEJET,108.4,109.45,108.0,108.45,139875.0
2019-10-25 11:15:00,NSE:SPICEJET,108.5,110.45,108.35,109.95,421524.0
2019-10-25 12:00:00,NSE:SPICEJET,109.95,110.05,102.2,102.4,777996.0
2019-10-25 12:45:00,NSE:SPICEJET,102.35,105.35,101.6,105.25,669208.0
2019-10-25 13:30:00,NSE:SPICEJET,105.35,105.5,103.55,104.45,278149.0
2019-10-25 14:15:00,NSE:SPICEJET,104.45,105.2,103.5,103.75,257664.0
2019-10-25 15:00:00,NSE:SPICEJET,103.9,105.0,103.75,104.45,219725.0
2019-10-27 17:45:00,NSE:SPICEJET,107.9,109.9,106.5,109.0,354447.0
2019-10-27 18:30:00,NSE:SPICEJET,109.0,111.25,108.95,111.05,574047.0
2019-10-27 19:15:00,NSE:SPICEJET,111.05,111.05,110.7,110.7,70.0
2019-10-29 09:00:00,NSE:SPICEJET,113.0,113.0,111.1,111.8,337882.0
2019-10-29 09:45:00,NSE:SPICEJET,111.85,112.5,111.0,112.35,197456.0
2019-10-29 10:30:00,NSE:SPICEJET,112.3,115.4,112.2,113.6,377816.0
2019-10-29 11:15:00,NSE:SPICEJET,113.55,114.3,113.1,113.4,104940.0
2019-10-29 12:00:00,NSE:SPICEJET,113.25,114.6,113.2,114.3,123656.0
2019-10-29 12:45:00,NSE:SPICEJET,114.35,117.8,113.5,117.0,591529.0
2019-10-29 13:30:00,NSE:SPICEJET,117.1,117.1,115.4,115.65,183401.0
2019-10-29 14:15:00,NSE:SPICEJET,115.65,115.95,114.55,114.7,183040.0
2019-10-29 15:00:00,NSE:SPICEJET,114.8,116.0,114.4,115.5,507600.0
2019-10-30 09:00:00,NSE:SPICEJET,116.6,116.6,115.0,115.3,149911.0
2019-10-30 09:45:00,NSE:SPICEJET,115.3,117.2,115.1,116.45,195116.0
2019-10-30 10:30:00,NSE:SPICEJET,116.4,116.8,116.0,116.25,86984.0
2019-10-30 11:15:00,NSE:SPICEJET,116.25,116.7,116.0,116.5,53044.0
2019-10-30 12:00:00,NSE:SPICEJET,116.5,116.65,116.2,116.35,71147.0
2019-10-30 12:45:00,NSE:SPICEJET,116.45,116.6,113.3,113.6,224044.0
2019-10-30 13:30:00,NSE:SPICEJET,113.6,114.25,113.05,113.35,150740.0
2019-10-30 14:15:00,NSE:SPICEJET,113.4,113.55,113.0,113.25,137173.0
2019-10-30 15:00:00,NSE:SPICEJET,113.25,114.1,113.25,113.95,303343.0
2019-10-31 09:00:00,NSE:SPICEJET,114.9,115.7,114.5,114.65,157199.0
2019-10-31 09:45:00,NSE:SPICEJET,114.8,115.65,114.5,115.2,88817.0
2019-10-31 10:30:00,NSE:SPICEJET,115.2,115.65,114.3,114.8,92262.0
2019-10-31 11:15:00,NSE:SPICEJET,114.8,114.9,114.0,114.3,39482.0
2019-10-31 12:00:00,NSE:SPICEJET,114.15,114.7,113.3,113.7,67481.0
2019-10-31 12:45:00,NSE:SPICEJET,113.8,114.0,113.4,113.7,43991.0
2019-10-31 13:30:00,NSE:SPICEJET,113.5,114.15,113.25,114.0,83412.0
2019-10-31 14:15:00,NSE:SPICEJET,114.0,115.0,113.6,114.9,191526.0
2019-10-31 15:00:00,NSE:SPICEJET,114.9,116.3,114.5,115.2,263677.0
2019-11-01 09:00:00,NSE:SPICEJET,117.8,119.4,117.5,118.0,431588.0
2019-11-01 09:45:00,NSE:SPICEJET,118.1,118.2,117.1,117.3,120174.0
2019-11-01 10:30:00,NSE:SPICEJET,117.3,117.35,116.7,117.05,125695.0
2019-11-01 11:15:00,NSE:SPICEJET,117.05,117.1,116.65,116.8,58722.0
2019-11-01 12:00:00,NSE:SPICEJET,116.75,118.0,116.3,117.05,93123.0
2019-11-01 12:45:00,NSE:SPICEJET,117.2,117.5,116.75,117.1,55169.0
2019-11-01 13:30:00,NSE:SPICEJET,117.1,117.65,117.1,117.25,80939.0
2019-11-01 14:15:00,NSE:SPICEJET,117.25,121.5,117.2,118.4,1081730.0
2019-11-01 15:00:00,NSE:SPICEJET,118.5,118.65,117.55,117.95,269661.0
2019-11-04 09:00:00,NSE:SPICEJET,117.95,118.15,114.75,116.6,150947.0
2019-11-04 09:45:00,NSE:SPICEJET,116.55,116.9,115.55,116.15,142498.0
2019-11-04 10:30:00,NSE:SPICEJET,116.15,116.3,115.85,116.0,48786.0
2019-11-04 11:15:00,NSE:SPICEJET,115.95,116.05,115.5,115.6,59306.0
2019-11-04 12:00:00,NSE:SPICEJET,115.65,115.95,115.2,115.25,54677.0
2019-11-04 12:45:00,NSE:SPICEJET,115.35,115.95,115.15,115.6,26129.0
2019-11-04 13:30:00,NSE:SPICEJET,115.6,115.8,115.5,115.55,25227.0
2019-11-04 14:15:00,NSE:SPICEJET,115.65,115.7,115.2,115.35,46557.0
2019-11-04 15:00:00,NSE:SPICEJET,115.25,115.4,114.05,114.65,192960.0
2019-11-05 09:00:00,NSE:SPICEJET,113.95,114.35,113.0,113.95,117501.0
2019-11-05 09:45:00,NSE:SPICEJET,113.95,114.1,113.5,113.6,53583.0
2019-11-05 10:30:00,NSE:SPICEJET,113.65,120.4,113.5,118.35,823171.0
2019-11-05 11:15:00,NSE:SPICEJET,118.25,119.45,117.3,117.3,357141.0
2019-11-05 12:00:00,NSE:SPICEJET,117.3,117.7,116.5,116.8,95395.0
2019-11-05 12:45:00,NSE:SPICEJET,116.8,117.45,116.3,116.8,50702.0
2019-11-05 13:30:00,NSE:SPICEJET,116.8,117.45,115.75,115.9,100912.0
2019-11-05 14:15:00,NSE:SPICEJET,115.9,117.8,115.6,117.0,192307.0
2019-11-05 15:00:00,NSE:SPICEJET,117.0,117.3,116.55,117.0,170762.0
2019-11-06 09:00:00,NSE:SPICEJET,116.9,116.9,115.55,115.75,85423.0
2019-11-06 09:45:00,NSE:SPICEJET,115.75,116.0,114.8,114.9,84706.0
2019-11-06 10:30:00,NSE:SPICEJET,114.95,115.0,114.3,114.85,59020.0
2019-11-06 11:15:00,NSE:SPICEJET,114.85,115.1,114.55,115.0,53415.0
2019-11-06 12:00:00,NSE:SPICEJET,115.0,115.15,114.85,115.0,61312.0
2019-11-06 12:45:00,NSE:SPICEJET,114.9,115.1,114.7,115.0,57097.0
2019-11-06 13:30:00,NSE:SPICEJET,115.0,115.5,114.8,115.45,48101.0
2019-11-06 14:15:00,NSE:SPICEJET,115.45,115.7,115.05,115.45,51255.0
2019-11-06 15:00:00,NSE:SPICEJET,115.35,115.45,114.7,115.0,97509.0
2019-11-07 09:00:00,NSE:SPICEJET,115.45,115.9,115.0,115.6,72790.0
2019-11-07 09:45:00,NSE:SPICEJET,115.6,115.65,114.35,115.0,104559.0
2019-11-07 10:30:00,NSE:SPICEJET,115.15,115.5,114.6,115.3,60874.0
2019-11-07 11:15:00,NSE:SPICEJET,115.4,115.4,114.5,114.5,31482.0
2019-11-07 12:00:00,NSE:SPICEJET,114.55,115.1,114.35,114.5,45776.0
2019-11-07 12:45:00,NSE:SPICEJET,114.55,114.7,114.3,114.5,46841.0
2019-11-07 13:30:00,NSE:SPICEJET,114.5,114.6,114.1,114.3,36531.0
2019-11-07 14:15:00,NSE:SPICEJET,114.3,114.6,114.1,114.35,38725.0
2019-11-07 15:00:00,NSE:SPICEJET,114.5,114.95,114.25,114.65,167201.0
2019-11-08 09:00:00,NSE:SPICEJET,114.0,115.8,113.2,115.05,115797.0
2019-11-08 09:45:00,NSE:SPICEJET,115.05,115.3,113.85,113.9,87998.0
2019-11-08 10:30:00,NSE:SPICEJET,113.9,114.25,113.6,113.85,34943.0
2019-11-08 11:15:00,NSE:SPICEJET,113.8,114.3,113.7,114.3,35928.0
2019-11-08 12:00:00,NSE:SPICEJET,114.1,114.6,113.75,114.1,53599.0
2019-11-08 12:45:00,NSE:SPICEJET,114.15,114.2,113.75,113.85,36092.0
2019-11-08 13:30:00,NSE:SPICEJET,114.0,115.85,113.6,114.7,148135.0
2019-11-08 14:15:00,NSE:SPICEJET,114.65,114.75,113.5,113.55,80886.0
2019-11-08 15:00:00,NSE:SPICEJET,113.55,114.0,113.0,113.2,130696.0
2019-11-11 09:00:00,NSE:SPICEJET,112.9,115.45,112.15,114.85,132730.0
2019-11-11 09:45:00,NSE:SPICEJET,115.0,115.0,113.8,114.35,77724.0
2019-11-11 10:30:00,NSE:SPICEJET,114.35,114.4,113.2,113.75,27594.0
2019-11-11 11:15:00,NSE:SPICEJET,113.7,113.85,113.2,113.65,20804.0
2019-11-11 12:00:00,NSE:SPICEJET,113.45,113.7,113.2,113.65,13185.0
2019-11-11 12:45:00,NSE:SPICEJET,113.65,113.75,113.0,113.25,14651.0
2019-11-11 13:30:00,NSE:SPICEJET,113.15,115.0,113.15,114.95,69325.0
2019-11-11 14:15:00,NSE:SPICEJET,114.85,116.25,114.35,114.45,123272.0
2019-11-11 15:00:00,NSE:SPICEJET,114.4,116.0,114.2,115.2,198798.0
2019-11-13 09:00:00,NSE:SPICEJET,115.45,116.0,114.3,115.05,100308.0
2019-11-13 09:45:00,NSE:SPICEJET,115.1,115.35,114.55,114.8,46026.0
2019-11-13 10:30:00,NSE:SPICEJET,114.75,115.25,114.6,114.8,22467.0
2019-11-13 11:15:00,NSE:SPICEJET,115.0,115.25,114.35,114.55,37360.0
2019-11-13 12:00:00,NSE:SPICEJET,114.3,115.75,114.2,115.5,69698.0
2019-11-13 12:45:00,NSE:SPICEJET,115.5,115.75,114.55,114.85,49852.0
2019-11-13 13:30:00,NSE:SPICEJET,114.8,115.2,114.05,114.35,42384.0
2019-11-13 14:15:00,NSE:SPICEJET,114.4,114.9,114.0,114.2,46979.0
2019-11-13 15:00:00,NSE:SPICEJET,114.15,114.4,113.2,113.6,123786.0
2019-11-13 15:45:00,NSE:SPICEJET,113.85,113.85,113.85,113.85,3.0
2019-11-14 09:00:00,NSE:SPICEJET,105.5,109.0,105.5,107.8,913168.0
2019-11-14 09:45:00,NSE:SPICEJET,108.0,110.7,107.45,109.1,561989.0
2019-11-14 10:30:00,NSE:SPICEJET,109.15,109.7,107.7,108.0,161897.0
2019-11-14 11:15:00,NSE:SPICEJET,108.0,108.15,107.5,107.95,138900.0
2019-11-14 12:00:00,NSE:SPICEJET,107.9,108.0,107.05,107.8,118509.0
2019-11-14 12:45:00,NSE:SPICEJET,107.9,107.9,106.8,107.5,270940.0
2019-11-14 13:30:00,NSE:SPICEJET,107.45,107.5,107.0,107.5,103966.0
2019-11-14 14:15:00,NSE:SPICEJET,107.5,107.6,107.0,107.25,116215.0
2019-11-14 15:00:00,NSE:SPICEJET,107.25,107.35,106.5,107.0,278075.0
2019-11-15 09:00:00,NSE:SPICEJET,107.0,108.4,106.6,106.75,129865.0
2019-11-15 09:45:00,NSE:SPICEJET,106.75,107.85,106.1,107.1,140423.0
2019-11-15 10:30:00,NSE:SPICEJET,107.1,107.4,106.6,107.15,72597.0
2019-11-15 11:15:00,NSE:SPICEJET,107.05,107.7,107.0,107.55,102556.0
2019-11-15 12:00:00,NSE:SPICEJET,107.5,107.55,107.0,107.1,46052.0
2019-11-15 12:45:00,NSE:SPICEJET,107.1,107.35,106.5,106.9,46255.0
2019-11-15 13:30:00,NSE:SPICEJET,106.9,107.0,106.35,106.6,48133.0
2019-11-15 14:15:00,NSE:SPICEJET,106.6,107.3,106.45,106.5,57399.0
2019-11-15 15:00:00,NSE:SPICEJET,106.5,106.8,106.15,106.45,84325.0
2019-11-18 09:00:00,NSE:SPICEJET,107.0,108.0,106.3,106.75,124187.0
2019-11-18 09:45:00,NSE:SPICEJET,106.8,107.1,106.05,106.5,95754.0
2019-11-18 10:30:00,NSE:SPICEJET,106.5,107.5,106.5,107.0,114077.0
2019-11-18 11:15:00,NSE:SPICEJET,107.1,107.5,106.7,106.8,46955.0
2019-11-18 12:00:00,NSE:SPICEJET,106.8,106.95,106.5,106.55,31877.0
2019-11-18 12:45:00,NSE:SPICEJET,106.55,106.75,106.4,106.65,37405.0
2019-11-18 13:30:00,NSE:SPICEJET,106.55,106.75,106.2,106.2,38745.0
2019-11-18 14:15:00,NSE:SPICEJET,106.25,106.5,106.0,106.1,76726.0
2019-11-18 15:00:00,NSE:SPICEJET,106.3,106.3,105.8,106.0,85544.0
2019-11-19 09:00:00,NSE:SPICEJET,110.05,111.05,108.0,108.5,434286.0
2019-11-19 09:45:00,NSE:SPICEJET,108.4,109.3,108.3,109.1,91440.0
2019-11-19 10:30:00,NSE:SPICEJET,109.1,109.1,108.55,108.65,50674.0
2019-11-19 11:15:00,NSE:SPICEJET,108.75,108.9,108.1,108.25,74968.0
2019-11-19 12:00:00,NSE:SPICEJET,108.4,108.8,108.2,108.6,33859.0
2019-11-19 12:45:00,NSE:SPICEJET,108.6,109.2,108.3,108.7,45330.0
2019-11-19 13:30:00,NSE:SPICEJET,108.65,109.15,108.3,108.6,80085.0
2019-11-19 14:15:00,NSE:SPICEJET,108.55,108.7,107.6,108.6,122847.0
2019-11-19 15:00:00,NSE:SPICEJET,108.55,110.4,108.0,109.35,425276.0
2019-11-20 09:00:00,NSE:SPICEJET,111.0,111.95,110.1,111.85,387738.0
2019-11-20 09:45:00,NSE:SPICEJET,111.85,113.0,111.5,112.15,305792.0
2019-11-20 10:30:00,NSE:SPICEJET,112.15,112.2,111.0,111.1,87213.0
2019-11-20 11:15:00,NSE:SPICEJET,111.1,111.25,110.6,110.85,86717.0
2019-11-20 12:00:00,NSE:SPICEJET,110.95,113.5,110.75,111.6,713611.0
2019-11-20 12:45:00,NSE:SPICEJET,111.6,111.9,110.7,110.85,96534.0
2019-11-20 13:30:00,NSE:SPICEJET,110.85,111.3,110.7,110.85,72624.0
2019-11-20 14:15:00,NSE:SPICEJET,110.8,111.6,110.65,111.45,101194.0
2019-11-20 15:00:00,NSE:SPICEJET,111.45,111.75,110.8,111.2,180158.0
2019-11-21 09:00:00,NSE:SPICEJET,111.55,111.55,109.4,109.75,111140.0
2019-11-21 09:45:00,NSE:SPICEJET,109.5,110.0,109.4,109.55,58675.0
2019-11-21 10:30:00,NSE:SPICEJET,109.55,109.55,109.0,109.2,44103.0
2019-11-21 11:15:00,NSE:SPICEJET,109.3,109.45,109.0,109.1,26404.0
2019-11-21 12:00:00,NSE:SPICEJET,109.05,109.2,109.0,109.15,19233.0
2019-11-21 12:45:00,NSE:SPICEJET,109.15,110.0,109.05,109.1,70748.0
2019-11-21 13:30:00,NSE:SPICEJET,109.1,109.4,109.1,109.2,13593.0
2019-11-21 14:15:00,NSE:SPICEJET,109.35,109.35,107.6,108.0,98995.0
2019-11-21 15:00:00,NSE:SPICEJET,108.0,108.05,107.25,107.7,112671.0
2019-11-22 09:00:00,NSE:SPICEJET,107.95,108.5,107.0,108.25,111747.0
2019-11-22 09:45:00,NSE:SPICEJET,108.1,108.25,107.05,107.25,73994.0
2019-11-22 10:30:00,NSE:SPICEJET,107.35,107.5,107.1,107.25,18711.0
2019-11-22 11:15:00,NSE:SPICEJET,107.25,107.5,106.7,107.35,35087.0
2019-11-22 12:00:00,NSE:SPICEJET,107.35,107.5,106.85,107.15,34433.0
2019-11-22 12:45:00,NSE:SPICEJET,107.2,107.5,107.0,107.35,33127.0
2019-11-22 13:30:00,NSE:SPICEJET,107.35,107.6,107.15,107.15,15274.0
2019-11-22 14:15:00,NSE:SPICEJET,107.15,107.6,106.8,107.1,51279.0
2019-11-22 15:00:00,NSE:SPICEJET,107.1,112.0,106.5,109.65,544754.0
2019-11-25 09:00:00,NSE:SPICEJET,108.9,108.9,106.05,108.3,208684.0
2019-11-25 09:45:00,NSE:SPICEJET,108.5,109.5,108.3,108.55,95267.0
2019-11-25 10:30:00,NSE:SPICEJET,108.55,108.95,108.5,108.55,40690.0
2019-11-25 11:15:00,NSE:SPICEJET,108.8,110.2,108.5,109.0,218805.0
2019-11-25 12:00:00,NSE:SPICEJET,109.0,113.25,109.0,113.0,394814.0
2019-11-25 12:45:00,NSE:SPICEJET,112.9,113.8,111.0,111.8,532855.0
2019-11-25 13:30:00,NSE:SPICEJET,111.75,112.05,110.25,110.5,112178.0
2019-11-25 14:15:00,NSE:SPICEJET,110.25,110.55,109.05,109.5,156047.0
2019-11-25 15:00:00,NSE:SPICEJET,109.45,110.3,109.05,109.7,227660.0
2019-11-26 09:00:00,NSE:SPICEJET,110.75,110.9,109.5,110.3,147118.0
2019-11-26 09:45:00,NSE:SPICEJET,110.3,110.45,108.55,108.75,134863.0
2019-11-26 10:30:00,NSE:SPICEJET,108.85,108.85,107.4,108.0,154670.0
2019-11-26 11:15:00,NSE:SPICEJET,108.0,108.0,107.2,107.3,152065.0
2019-11-26 12:00:00,NSE:SPICEJET,107.3,108.3,107.1,107.25,117335.0
2019-11-26 12:45:00,NSE:SPICEJET,107.25,107.4,106.6,106.65,149845.0
2019-11-26 13:30:00,NSE:SPICEJET,106.8,107.0,106.1,106.2,169040.0
2019-11-26 14:15:00,NSE:SPICEJET,106.2,106.7,105.6,106.15,188482.0
2019-11-26 15:00:00,NSE:SPICEJET,106.15,106.45,105.5,105.9,226557.0
2019-11-27 09:00:00,NSE:SPICEJET,105.0,107.3,104.85,106.7,193880.0
2019-11-27 09:45:00,NSE:SPICEJET,106.7,106.7,104.5,104.85,152966.0
2019-11-27 10:30:00,NSE:SPICEJET,104.75,105.75,104.65,104.85,101989.0
2019-11-27 11:15:00,NSE:SPICEJET,104.8,105.25,104.55,105.0,42737.0
2019-11-27 12:00:00,NSE:SPICEJET,105.0,105.0,104.1,104.2,83542.0
2019-11-27 12:45:00,NSE:SPICEJET,104.3,107.8,104.15,105.45,682273.0
2019-11-27 13:30:00,NSE:SPICEJET,105.45,105.6,103.85,104.4,328036.0
2019-11-27 14:15:00,NSE:SPICEJET,104.2,104.5,103.85,104.1,233868.0
2019-11-27 15:00:00,NSE:SPICEJET,104.1,104.2,103.8,104.0,273916.0
2019-11-28 09:00:00,NSE:SPICEJET,104.1,106.45,103.95,105.35,281857.0
2019-11-28 09:45:00,NSE:SPICEJET,105.2,105.45,104.5,105.0,135650.0
2019-11-28 10:30:00,NSE:SPICEJET,105.0,106.2,104.75,105.65,198154.0
2019-11-28 11:15:00,NSE:SPICEJET,105.5,105.65,104.65,104.95,64931.0
2019-11-28 12:00:00,NSE:SPICEJET,104.95,105.85,104.75,105.45,197973.0
2019-11-28 12:45:00,NSE:SPICEJET,105.5,105.9,105.2,105.65,50310.0
2019-11-28 13:30:00,NSE:SPICEJET,105.5,105.8,105.05,105.35,68165.0
2019-11-28 14:15:00,NSE:SPICEJET,105.3,105.45,105.0,105.15,78561.0
2019-11-28 15:00:00,NSE:SPICEJET,105.0,105.4,104.95,105.1,144199.0
2019-11-29 09:00:00,NSE:SPICEJET,105.0,106.75,103.8,106.5,266792.0
2019-11-29 09:45:00,NSE:SPICEJET,106.5,106.8,105.15,105.95,167681.0
2019-11-29 10:30:00,NSE:SPICEJET,105.85,106.0,105.2,105.3,203119.0
2019-11-29 11:15:00,NSE:SPICEJET,105.3,105.35,104.55,105.05,191942.0
2019-11-29 12:00:00,NSE:SPICEJET,105.05,106.2,104.8,105.0,165865.0
2019-11-29 12:45:00,NSE:SPICEJET,105.0,105.2,104.7,104.85,64152.0
2019-11-29 13:30:00,NSE:SPICEJET,104.85,104.9,104.45,104.55,82517.0
2019-11-29 14:15:00,NSE:SPICEJET,104.75,105.85,104.5,105.6,131897.0
2019-11-29 15:00:00,NSE:SPICEJET,105.7,105.9,104.85,105.4,148767.0
2019-12-02 09:00:00,NSE:SPICEJET,105.75,105.8,103.85,104.3,135559.0
2019-12-02 09:45:00,NSE:SPICEJET,104.4,104.4,103.8,103.9,65243.0
2019-12-02 10:30:00,NSE:SPICEJET,103.85,104.4,103.65,103.95,51639.0
2019-12-02 11:15:00,NSE:SPICEJET,103.95,104.3,103.5,103.95,93193.0
2019-12-02 12:00:00,NSE:SPICEJET,103.95,103.95,103.5,103.75,59596.0
2019-12-02 12:45:00,NSE:SPICEJET,103.75,103.9,103.6,103.8,13853.0
2019-12-02 13:30:00,NSE:SPICEJET,103.9,104.0,103.5,103.75,30027.0
2019-12-02 14:15:00,NSE:SPICEJET,103.7,104.6,103.55,104.25,69014.0
2019-12-02 15:00:00,NSE:SPICEJET,104.25,104.35,103.3,103.75,112302.0
2019-12-03 09:00:00,NSE:SPICEJET,103.8,103.95,102.9,103.15,79324.0
2019-12-03 09:45:00,NSE:SPICEJET,103.3,103.3,102.2,102.25,49545.0
2019-12-03 10:30:00,NSE:SPICEJET,102.25,102.6,101.9,102.6,66957.0
2019-12-03 11:15:00,NSE:SPICEJET,102.6,102.9,102.0,102.25,28044.0
2019-12-03 12:00:00,NSE:SPICEJET,102.25,102.25,101.2,101.45,95007.0
2019-12-03 12:45:00,NSE:SPICEJET,101.4,101.45,100.1,101.0,122202.0
2019-12-03 13:30:00,NSE:SPICEJET,101.0,101.05,100.35,100.75,60278.0
2019-12-03 14:15:00,NSE:SPICEJET,100.75,101.4,100.2,100.85,334341.0
2019-12-03 15:00:00,NSE:SPICEJET,101.0,104.25,101.0,102.7,1170564.0
2019-12-04 09:00:00,NSE:SPICEJET,102.75,110.2,101.5,107.3,799165.0
2019-12-04 09:45:00,NSE:SPICEJET,107.25,111.9,106.5,107.9,1018477.0
2019-12-04 10:30:00,NSE:SPICEJET,107.7,108.0,107.25,107.65,154999.0
2019-12-04 11:15:00,NSE:SPICEJET,107.75,108.0,106.05,106.8,205803.0
2019-12-04 12:00:00,NSE:SPICEJET,106.95,107.65,106.8,107.1,62472.0
2019-12-04 12:45:00,NSE:SPICEJET,107.1,107.2,106.5,106.55,37592.0
2019-12-04 13:30:00,NSE:SPICEJET,106.6,107.5,106.25,107.0,67544.0
2019-12-04 14:15:00,NSE:SPICEJET,106.65,107.7,106.6,107.55,69318.0
2019-12-04 15:00:00,NSE:SPICEJET,107.5,109.5,107.5,108.9,424896.0
2019-12-05 09:00:00,NSE:SPICEJET,109.2,109.5,106.1,106.7,149511.0
2019-12-05 09:45:00,NSE:SPICEJET,106.8,107.75,106.3,107.25,51675.0
2019-12-05 10:30:00,NSE:SPICEJET,107.25,108.75,107.25,108.5,81412.0
2019-12-05 11:15:00,NSE:SPICEJET,108.75,111.7,108.0,108.25,651062.0
2019-12-05 12:00:00,NSE:SPICEJET,108.25,108.4,107.65,108.0,52518.0
2019-12-05 12:45:00,NSE:SPICEJET,107.9,108.15,107.7,107.9,20326.0
2019-12-05 13:30:00,NSE:SPICEJET,107.95,108.2,107.5,107.8,38652.0
2019-12-05 14:15:00,NSE:SPICEJET,107.75,108.9,107.5,107.75,83722.0
2019-12-05 15:00:00,NSE:SPICEJET,107.75,108.5,107.0,107.6,117739.0
2019-12-06 09:00:00,NSE:SPICEJET,107.8,108.35,106.5,106.55,93826.0
2019-12-06 09:45:00,NSE:SPICEJET,106.8,107.35,106.25,107.05,56489.0
2019-12-06 10:30:00,NSE:SPICEJET,107.0,107.25,107.0,107.05,44792.0
2019-12-06 11:15:00,NSE:SPICEJET,107.0,107.25,106.5,106.75,44403.0
2019-12-06 12:00:00,NSE:SPICEJET,106.7,107.5,106.55,106.9,35129.0
2019-12-06 12:45:00,NSE:SPICEJET,106.8,107.0,106.6,106.95,15342.0
2019-12-06 13:30:00,NSE:SPICEJET,106.8,106.95,106.6,106.6,29793.0
2019-12-06 14:15:00,NSE:SPICEJET,106.6,106.85,106.1,106.4,71504.0
2019-12-06 15:00:00,NSE:SPICEJET,106.25,107.2,105.6,106.2,141482.0
2019-12-09 09:00:00,NSE:SPICEJET,107.0,108.0,105.15,106.9,98111.0
2019-12-09 09:45:00,NSE:SPICEJET,107.0,107.0,105.75,105.75,50619.0
2019-12-09 10:30:00,NSE:SPICEJET,105.75,106.8,105.7,106.1,34986.0
2019-12-09 11:15:00,NSE:SPICEJET,106.1,106.6,105.85,106.45,25518.0
2019-12-09 12:00:00,NSE:SPICEJET,106.1,106.8,106.1,106.45,16851.0
2019-12-09 12:45:00,NSE:SPICEJET,106.45,106.8,105.6,106.15,31984.0
2019-12-09 13:30:00,NSE:SPICEJET,106.35,106.4,105.5,105.6,20078.0
2019-12-09 14:15:00,NSE:SPICEJET,105.75,105.9,105.5,105.7,34613.0
2019-12-09 15:00:00,NSE:SPICEJET,105.75,106.15,105.5,105.65,87121.0
2019-12-10 09:00:00,NSE:SPICEJET,105.65,105.8,104.8,105.75,116376.0
2019-12-10 09:45:00,NSE:SPICEJET,105.7,106.25,105.2,105.25,47130.0
2019-12-10 10:30:00,NSE:SPICEJET,105.25,105.25,105.0,105.0,20737.0
2019-12-10 11:15:00,NSE:SPICEJET,105.0,105.1,104.9,104.9,14974.0
2019-12-10 12:00:00,NSE:SPICEJET,105.05,105.05,104.5,104.5,12216.0
2019-12-10 12:45:00,NSE:SPICEJET,104.6,105.0,104.35,104.75,12004.0
2019-12-10 13:30:00,NSE:SPICEJET,104.85,105.5,104.5,105.0,36304.0
2019-12-10 14:15:00,NSE:SPICEJET,105.0,105.1,104.1,104.4,68610.0
2019-12-10 15:00:00,NSE:SPICEJET,104.3,104.7,104.1,104.3,69227.0
2019-12-11 09:00:00,NSE:SPICEJET,104.8,105.65,104.5,104.7,37569.0
2019-12-11 09:45:00,NSE:SPICEJET,104.7,105.25,104.5,104.65,78847.0
2019-12-11 10:30:00,NSE:SPICEJET,104.5,104.7,104.5,104.55,33785.0
2019-12-11 11:15:00,NSE:SPICEJET,104.55,104.75,104.0,104.15,62876.0
2019-12-11 12:00:00,NSE:SPICEJET,104.15,104.45,104.0,104.1,29212.0
2019-12-11 12:45:00,NSE:SPICEJET,104.1,104.6,104.0,104.4,31464.0
2019-12-11 13:30:00,NSE:SPICEJET,104.4,104.6,103.8,103.95,98081.0
2019-12-11 14:15:00,NSE:SPICEJET,103.9,103.9,102.1,103.4,90367.0
2019-12-11 15:00:00,NSE:SPICEJET,103.4,104.0,103.15,103.65,74139.0
2019-12-12 09:00:00,NSE:SPICEJET,104.2,104.4,103.3,103.75,58675.0
2019-12-12 09:45:00,NSE:SPICEJET,103.4,103.5,102.8,103.0,60113.0
2019-12-12 10:30:00,NSE:SPICEJET,103.1,103.1,102.35,102.75,106232.0
2019-12-12 11:15:00,NSE:SPICEJET,102.65,103.15,102.5,103.0,55209.0
2019-12-12 12:00:00,NSE:SPICEJET,103.05,103.1,102.7,102.85,32288.0
2019-12-12 12:45:00,NSE:SPICEJET,103.0,103.1,102.7,102.8,23544.0
2019-12-12 13:30:00,NSE:SPICEJET,102.75,102.8,102.4,102.7,41726.0
2019-12-12 14:15:00,NSE:SPICEJET,102.75,102.8,102.45,102.5,73094.0
2019-12-12 15:00:00,NSE:SPICEJET,102.5,102.65,102.35,102.5,78175.0
2019-12-13 09:00:00,NSE:SPICEJET,105.0,105.0,103.5,103.65,209210.0
2019-12-13 09:45:00,NSE:SPICEJET,103.6,104.0,103.15,103.6,84724.0
2019-12-13 10:30:00,NSE:SPICEJET,103.65,104.3,102.7,103.7,167868.0
2019-12-13 11:15:00,NSE:SPICEJET,103.75,103.9,103.5,103.8,34057.0
2019-12-13 12:00:00,NSE:SPICEJET,103.75,103.9,103.55,103.85,27048.0
2019-12-13 12:45:00,NSE:SPICEJET,103.7,103.95,103.6,103.75,26394.0
2019-12-13 13:30:00,NSE:SPICEJET,103.75,104.45,103.6,104.1,104111.0
2019-12-13 14:15:00,NSE:SPICEJET,104.0,104.3,104.0,104.1,53761.0
2019-12-13 15:00:00,NSE:SPICEJET,104.2,104.4,103.6,104.1,185097.0
2019-12-16 09:00:00,NSE:SPICEJET,104.0,104.3,103.1,103.65,65009.0
2019-12-16 09:45:00,NSE:SPICEJET,103.8,104.0,103.65,103.75,27035.0
2019-12-16 10:30:00,NSE:SPICEJET,103.65,104.0,103.6,103.8,24892.0
2019-12-16 11:15:00,NSE:SPICEJET,103.85,103.85,103.6,103.75,17191.0
2019-12-16 12:00:00,NSE:SPICEJET,103.6,103.9,103.6,103.75,14123.0
2019-12-16 12:45:00,NSE:SPICEJET,103.65,103.85,103.6,103.65,14287.0
2019-12-16 13:30:00,NSE:SPICEJET,103.65,103.9,103.65,103.75,17448.0
2019-12-16 14:15:00,NSE:SPICEJET,103.75,103.9,103.5,103.7,28831.0
2019-12-16 15:00:00,NSE:SPICEJET,103.65,103.85,103.1,103.35,65993.0
2019-12-17 09:00:00,NSE:SPICEJET,102.75,104.1,102.15,103.2,88261.0
2019-12-17 09:45:00,NSE:SPICEJET,103.2,103.75,103.0,103.25,55963.0
2019-12-17 10:30:00,NSE:SPICEJET,103.3,103.6,103.1,103.1,14853.0
2019-12-17 11:15:00,NSE:SPICEJET,103.2,103.5,103.05,103.2,48470.0
2019-12-17 12:00:00,NSE:SPICEJET,103.05,103.5,103.05,103.45,20048.0
2019-12-17 12:45:00,NSE:SPICEJET,103.3,103.7,103.2,103.4,34869.0
2019-12-17 13:30:00,NSE:SPICEJET,103.35,103.45,102.5,102.5,55379.0
2019-12-17 14:15:00,NSE:SPICEJET,102.6,102.9,102.2,102.2,157689.0
2019-12-17 15:00:00,NSE:SPICEJET,102.25,102.65,101.5,102.05,210763.0
2019-12-18 09:00:00,NSE:SPICEJET,101.95,101.95,100.05,100.65,208223.0
2019-12-18 09:45:00,NSE:SPICEJET,100.65,101.0,100.0,100.4,151717.0
2019-12-18 10:30:00,NSE:SPICEJET,100.3,100.4,100.0,100.2,68899.0
2019-12-18 11:15:00,NSE:SPICEJET,100.2,100.25,99.5,99.9,141748.0
2019-12-18 12:00:00,NSE:SPICEJET,99.9,100.2,99.8,100.2,70195.0
2019-12-18 12:45:00,NSE:SPICEJET,100.2,100.2,100.0,100.2,724199.0
2019-12-18 13:30:00,NSE:SPICEJET,100.0,100.1,99.7,100.0,73839.0
2019-12-18 14:15:00,NSE:SPICEJET,100.0,100.15,99.9,100.0,56404.0
2019-12-18 15:00:00,NSE:SPICEJET,100.0,100.1,99.6,99.9,218924.0
2019-12-19 09:00:00,NSE:SPICEJET,100.0,100.9,99.5,100.4,112394.0
2019-12-19 09:45:00,NSE:SPICEJET,100.5,100.5,99.1,99.8,75133.0
2019-12-19 10:30:00,NSE:SPICEJET,99.8,99.8,99.1,99.6,54550.0
2019-12-19 11:15:00,NSE:SPICEJET,99.5,100.0,99.3,99.55,31865.0
2019-12-19 12:00:00,NSE:SPICEJET,99.75,100.0,99.5,99.55,22404.0
2019-12-19 12:45:00,NSE:SPICEJET,99.7,99.95,99.45,99.85,44992.0
2019-12-19 13:30:00,NSE:SPICEJET,99.85,99.95,99.6,99.6,23653.0
2019-12-19 14:15:00,NSE:SPICEJET,99.7,99.75,99.15,99.35,77519.0
2019-12-19 15:00:00,NSE:SPICEJET,99.45,99.65,99.2,99.4,93729.0
2019-12-20 09:00:00,NSE:SPICEJET,99.0,99.6,97.5,97.8,136477.0
2019-12-20 09:45:00,NSE:SPICEJET,97.8,97.85,97.1,97.3,162351.0
2019-12-20 10:30:00,NSE:SPICEJET,97.3,97.35,96.6,96.6,163940.0
2019-12-20 11:15:00,NSE:SPICEJET,96.6,96.7,96.15,96.35,200156.0
2019-12-20 12:00:00,NSE:SPICEJET,96.35,96.6,96.2,96.55,145731.0
2019-12-20 12:45:00,NSE:SPICEJET,96.55,96.6,96.1,96.1,147698.0
2019-12-20 13:30:00,NSE:SPICEJET,96.1,96.25,95.8,96.0,161208.0
2019-12-20 14:15:00,NSE:SPICEJET,95.85,96.35,95.7,96.25,169063.0
2019-12-20 15:00:00,NSE:SPICEJET,96.2,96.4,95.85,96.1,201482.0
2019-12-23 09:00:00,NSE:SPICEJET,94.9,95.85,92.25,93.0,557175.0
2019-12-23 09:45:00,NSE:SPICEJET,93.0,93.05,92.55,93.0,295157.0
2019-12-23 10:30:00,NSE:SPICEJET,93.05,93.7,92.8,93.0,162145.0
2019-12-23 11:15:00,NSE:SPICEJET,93.0,94.45,92.75,94.1,435386.0
2019-12-23 12:00:00,NSE:SPICEJET,94.15,96.4,94.0,95.3,484556.0
2019-12-23 12:45:00,NSE:SPICEJET,95.45,95.6,93.55,93.55,201443.0
2019-12-23 13:30:00,NSE:SPICEJET,93.6,93.9,93.0,93.1,165359.0
2019-12-23 14:15:00,NSE:SPICEJET,93.1,93.3,92.75,93.0,137060.0
2019-12-23 15:00:00,NSE:SPICEJET,92.95,93.5,92.4,92.85,221897.0
2019-12-24 09:00:00,NSE:SPICEJET,92.85,96.2,92.85,95.0,566393.0
2019-12-24 09:45:00,NSE:SPICEJET,95.0,95.45,94.75,95.15,156358.0
2019-12-24 10:30:00,NSE:SPICEJET,95.15,95.4,94.95,95.3,58711.0
2019-12-24 11:15:00,NSE:SPICEJET,95.25,95.55,95.05,95.25,54854.0
2019-12-24 12:00:00,NSE:SPICEJET,95.25,95.35,95.0,95.35,40607.0
2019-12-24 12:45:00,NSE:SPICEJET,95.2,95.35,95.0,95.15,38568.0
2019-12-24 13:30:00,NSE:SPICEJET,95.15,95.25,94.4,95.0,76185.0
2019-12-24 14:15:00,NSE:SPICEJET,94.95,95.15,94.7,94.8,45792.0
2019-12-24 15:00:00,NSE:SPICEJET,94.9,95.1,94.65,94.9,178915.0
2019-12-26 09:00:00,NSE:SPICEJET,95.85,98.45,94.85,97.4,585725.0
2019-12-26 09:45:00,NSE:SPICEJET,97.4,98.0,96.8,97.35,175822.0
2019-12-26 10:30:00,NSE:SPICEJET,97.35,97.45,97.0,97.15,46770.0
2019-12-26 11:15:00,NSE:SPICEJET,97.15,97.25,96.75,97.0,45182.0
2019-12-26 12:00:00,NSE:SPICEJET,97.0,97.2,96.65,97.15,36705.0
2019-12-26 12:45:00,NSE:SPICEJET,97.15,97.3,96.55,96.7,51159.0
2019-12-26 13:30:00,NSE:SPICEJET,96.7,96.9,96.1,96.65,53139.0
2019-12-26 14:15:00,NSE:SPICEJET,96.6,96.7,96.1,96.25,57103.0
2019-12-26 15:00:00,NSE:SPICEJET,96.35,96.9,96.0,96.25,207477.0
2019-12-27 09:00:00,NSE:SPICEJET,96.95,102.6,96.5,100.25,1179358.0
2019-12-27 09:45:00,NSE:SPICEJET,100.25,100.8,99.7,99.9,228364.0
2019-12-27 10:30:00,NSE:SPICEJET,99.9,99.9,99.3,99.35,105864.0
2019-12-27 11:15:00,NSE:SPICEJET,99.25,99.8,99.15,99.5,49218.0
2019-12-27 12:00:00,NSE:SPICEJET,99.6,99.6,99.2,99.5,37748.0
2019-12-27 12:45:00,NSE:SPICEJET,99.5,104.0,99.25,103.75,1148423.0
2019-12-27 13:30:00,NSE:SPICEJET,103.7,103.75,102.25,102.5,351083.0
2019-12-27 14:15:00,NSE:SPICEJET,102.5,104.8,102.5,103.0,522927.0
2019-12-27 15:00:00,NSE:SPICEJET,103.05,104.6,103.05,103.75,509052.0
2019-12-30 09:00:00,NSE:SPICEJET,104.8,114.7,104.5,113.5,2794963.0
2019-12-30 09:45:00,NSE:SPICEJET,113.5,119.1,112.25,113.45,4248843.0
2019-12-30 10:30:00,NSE:SPICEJET,113.5,113.5,111.3,111.7,614474.0
2019-12-30 11:15:00,NSE:SPICEJET,111.7,112.1,109.6,111.8,727667.0
2019-12-30 12:00:00,NSE:SPICEJET,111.8,111.8,109.6,110.0,373052.0
2019-12-30 12:45:00,NSE:SPICEJET,110.0,111.7,109.9,110.75,262999.0
2019-12-30 13:30:00,NSE:SPICEJET,110.75,110.8,109.85,110.5,198234.0
2019-12-30 14:15:00,NSE:SPICEJET,110.3,110.7,109.4,110.2,277527.0
2019-12-30 15:00:00,NSE:SPICEJET,110.1,111.45,109.9,110.4,677846.0
2019-12-31 09:00:00,NSE:SPICEJET,111.0,117.9,111.0,114.35,2871441.0
2019-12-31 09:45:00,NSE:SPICEJET,114.35,114.4,112.7,113.65,720963.0
2019-12-31 10:30:00,NSE:SPICEJET,113.6,113.7,112.7,113.0,294947.0
2019-12-31 11:15:00,NSE:SPICEJET,113.0,113.4,112.85,112.95,176072.0
2019-12-31 12:00:00,NSE:SPICEJET,113.0,113.0,112.15,112.2,142239.0
2019-12-31 12:45:00,NSE:SPICEJET,112.15,112.95,112.15,112.75,89514.0
2019-12-31 13:30:00,NSE:SPICEJET,112.75,113.25,112.75,112.95,83737.0
2019-12-31 14:15:00,NSE:SPICEJET,112.95,113.3,112.4,112.7,224090.0
2019-12-31 15:00:00,NSE:SPICEJET,112.7,113.4,111.7,112.65,772932.0
2020-01-01 09:00:00,NSE:SPICEJET,113.5,115.7,113.0,114.3,885787.0
2020-01-01 09:45:00,NSE:SPICEJET,114.3,118.9,114.3,116.65,1906474.0
2020-01-01 10:30:00,NSE:SPICEJET,116.85,117.95,115.25,115.25,1203108.0
2020-01-01 11:15:00,NSE:SPICEJET,115.3,115.75,115.0,115.2,214445.0
2020-01-01 12:00:00,NSE:SPICEJET,115.2,115.8,115.15,115.8,80575.0
2020-01-01 12:45:00,NSE:SPICEJET,115.8,115.8,115.1,115.35,71365.0
2020-01-01 13:30:00,NSE:SPICEJET,115.35,115.5,115.2,115.4,40207.0
2020-01-01 14:15:00,NSE:SPICEJET,115.4,116.3,115.0,116.0,248394.0
2020-01-01 15:00:00,NSE:SPICEJET,116.0,116.95,115.7,116.4,498121.0
2020-01-02 09:00:00,NSE:SPICEJET,117.1,117.25,111.5,112.75,506282.0
2020-01-02 09:45:00,NSE:SPICEJET,112.7,114.8,112.4,114.0,277655.0
2020-01-02 10:30:00,NSE:SPICEJET,114.0,114.0,113.5,113.55,47223.0
2020-01-02 11:15:00,NSE:SPICEJET,113.6,113.7,113.25,113.7,53753.0
2020-01-02 12:00:00,NSE:SPICEJET,113.7,113.7,113.25,113.7,54219.0
2020-01-02 12:45:00,NSE:SPICEJET,113.6,113.7,112.6,113.25,89607.0
2020-01-02 13:30:00,NSE:SPICEJET,113.25,114.5,112.8,114.25,122543.0
2020-01-02 14:15:00,NSE:SPICEJET,114.25,114.85,113.4,113.7,126843.0
2020-01-02 15:00:00,NSE:SPICEJET,113.7,114.25,113.5,113.9,191839.0
2020-01-03 09:00:00,NSE:SPICEJET,113.6,113.6,109.0,110.0,435844.0
2020-01-03 09:45:00,NSE:SPICEJET,110.05,110.05,106.15,106.9,760388.0
2020-01-03 10:30:00,NSE:SPICEJET,107.0,107.85,106.0,107.25,348984.0
2020-01-03 11:15:00,NSE:SPICEJET,107.4,107.95,107.0,107.15,131409.0
2020-01-03 12:00:00,NSE:SPICEJET,107.25,107.7,107.1,107.35,103728.0
2020-01-03 12:45:00,NSE:SPICEJET,107.35,108.3,106.65,107.35,459548.0
2020-01-03 13:30:00,NSE:SPICEJET,107.45,107.7,106.6,107.05,190937.0
2020-01-03 14:15:00,NSE:SPICEJET,107.0,107.35,106.4,106.85,212363.0
2020-01-03 15:00:00,NSE:SPICEJET,106.85,106.95,105.3,106.2,369945.0
2020-01-06 09:00:00,NSE:SPICEJET,105.8,110.7,101.5,106.2,1928116.0
2020-01-06 09:45:00,NSE:SPICEJET,106.35,107.7,106.1,106.6,271794.0
2020-01-06 10:30:00,NSE:SPICEJET,106.7,107.0,106.6,106.7,95843.0
2020-01-06 11:15:00,NSE:SPICEJET,106.85,106.85,105.3,105.9,182219.0
2020-01-06 12:00:00,NSE:SPICEJET,105.9,106.0,104.4,104.95,348852.0
2020-01-06 12:45:00,NSE:SPICEJET,104.9,105.0,103.5,103.9,238496.0
2020-01-06 13:30:00,NSE:SPICEJET,103.75,104.35,103.1,103.8,138181.0
2020-01-06 14:15:00,NSE:SPICEJET,103.75,104.9,103.0,104.65,144797.0
2020-01-06 15:00:00,NSE:SPICEJET,104.7,106.2,103.8,104.9,396651.0
2020-01-07 09:00:00,NSE:SPICEJET,107.0,107.95,106.5,106.6,246678.0
2020-01-07 09:45:00,NSE:SPICEJET,106.6,106.7,105.55,105.65,137701.0
2020-01-07 10:30:00,NSE:SPICEJET,105.65,105.8,102.8,102.9,269429.0
2020-01-07 11:15:00,NSE:SPICEJET,102.9,103.05,102.3,102.65,181380.0
2020-01-07 12:00:00,NSE:SPICEJET,102.65,103.1,102.45,103.0,135162.0
2020-01-07 12:45:00,NSE:SPICEJET,102.95,103.1,101.7,102.1,346735.0
2020-01-07 13:30:00,NSE:SPICEJET,102.1,102.35,101.1,101.25,301404.0
2020-01-07 14:15:00,NSE:SPICEJET,101.2,101.7,100.55,101.25,359776.0
2020-01-07 15:00:00,NSE:SPICEJET,101.25,101.95,101.05,101.5,231220.0
2020-01-08 09:00:00,NSE:SPICEJET,99.5,99.5,96.5,98.5,508031.0
2020-01-08 09:45:00,NSE:SPICEJET,98.5,99.5,98.05,98.6,247266.0
2020-01-08 10:30:00,NSE:SPICEJET,98.55,98.9,98.5,98.7,121416.0
2020-01-08 11:15:00,NSE:SPICEJET,98.75,99.9,97.55,97.85,578876.0
2020-01-08 12:00:00,NSE:SPICEJET,97.85,99.4,97.8,98.7,459713.0
2020-01-08 12:45:00,NSE:SPICEJET,98.85,100.15,98.7,98.8,228521.0
2020-01-08 13:30:00,NSE:SPICEJET,98.9,99.4,98.65,99.25,69660.0
2020-01-08 14:15:00,NSE:SPICEJET,99.25,99.5,98.7,99.2,98343.0
2020-01-08 15:00:00,NSE:SPICEJET,99.2,99.8,98.9,99.25,215006.0
2020-01-09 09:00:00,NSE:SPICEJET,103.1,105.9,103.1,104.3,906687.0
2020-01-09 09:45:00,NSE:SPICEJET,104.4,109.6,104.4,106.1,2226140.0
2020-01-09 10:30:00,NSE:SPICEJET,106.1,106.5,105.5,105.7,220038.0
2020-01-09 11:15:00,NSE:SPICEJET,105.7,106.7,105.5,105.95,109933.0
2020-01-09 12:00:00,NSE:SPICEJET,106.1,106.1,105.7,105.95,75099.0
2020-01-09 12:45:00,NSE:SPICEJET,105.8,106.45,105.8,106.4,196941.0
2020-01-09 13:30:00,NSE:SPICEJET,106.25,106.65,106.15,106.2,170068.0
2020-01-09 14:15:00,NSE:SPICEJET,106.25,106.5,106.15,106.15,155974.0
2020-01-09 15:00:00,NSE:SPICEJET,106.15,106.9,105.85,106.3,436347.0
2020-01-10 09:00:00,NSE:SPICEJET,108.9,109.1,106.5,107.0,485424.0
2020-01-10 09:45:00,NSE:SPICEJET,107.0,108.0,106.9,107.4,239175.0
2020-01-10 10:30:00,NSE:SPICEJET,107.4,107.5,107.05,107.45,55739.0
2020-01-10 11:15:00,NSE:SPICEJET,107.45,107.5,107.0,107.05,63810.0
2020-01-10 12:00:00,NSE:SPICEJET,107.05,107.2,106.55,106.6,79454.0
2020-01-10 12:45:00,NSE:SPICEJET,106.75,106.85,106.15,106.5,93648.0
2020-01-10 13:30:00,NSE:SPICEJET,106.6,106.65,106.0,106.05,79181.0
2020-01-10 14:15:00,NSE:SPICEJET,106.0,106.25,105.0,105.75,127821.0
2020-01-10 15:00:00,NSE:SPICEJET,105.9,107.1,105.05,106.1,296007.0
2020-01-13 09:00:00,NSE:SPICEJET,106.25,106.25,104.25,104.55,168548.0
2020-01-13 09:45:00,NSE:SPICEJET,104.55,105.0,104.5,104.95,82066.0
2020-01-13 10:30:00,NSE:SPICEJET,105.0,105.4,104.85,105.3,89164.0
2020-01-13 11:15:00,NSE:SPICEJET,105.2,105.45,103.6,104.15,338305.0
2020-01-13 12:00:00,NSE:SPICEJET,104.15,104.3,103.9,104.05,78335.0
2020-01-13 12:45:00,NSE:SPICEJET,104.15,104.3,103.85,104.1,92415.0
2020-01-13 13:30:00,NSE:SPICEJET,103.95,104.2,103.9,104.0,94947.0
2020-01-13 14:15:00,NSE:SPICEJET,103.95,104.5,103.95,104.2,99135.0
2020-01-13 15:00:00,NSE:SPICEJET,104.2,104.5,104.0,104.2,189373.0
2020-01-14 09:00:00,NSE:SPICEJET,104.5,105.2,103.15,104.0,234497.0
2020-01-14 09:45:00,NSE:SPICEJET,104.0,106.0,103.5,105.05,259719.0
2020-01-14 10:30:00,NSE:SPICEJET,105.2,105.2,104.55,104.65,75782.0
2020-01-14 11:15:00,NSE:SPICEJET,104.7,104.8,104.0,104.35,86068.0
2020-01-14 12:00:00,NSE:SPICEJET,104.35,104.6,104.0,104.0,38844.0
2020-01-14 12:45:00,NSE:SPICEJET,104.0,104.1,103.55,103.7,39282.0
2020-01-14 13:30:00,NSE:SPICEJET,103.65,104.65,103.55,104.2,101068.0
2020-01-14 14:15:00,NSE:SPICEJET,104.1,104.95,104.0,104.65,178676.0
2020-01-14 15:00:00,NSE:SPICEJET,104.6,105.3,104.4,104.7,384229.0
2020-01-14 15:45:00,NSE:SPICEJET,104.95,104.95,104.95,104.95,1.0
2020-01-15 09:00:00,NSE:SPICEJET,105.0,105.3,103.5,104.05,121564.0
2020-01-15 09:45:00,NSE:SPICEJET,104.1,104.5,103.8,103.95,58112.0
2020-01-15 10:30:00,NSE:SPICEJET,103.9,104.15,103.9,104.15,46551.0
2020-01-15 11:15:00,NSE:SPICEJET,104.1,104.85,104.0,104.7,51557.0
2020-01-15 12:00:00,NSE:SPICEJET,104.7,104.9,103.9,104.05,51537.0
2020-01-15 12:45:00,NSE:SPICEJET,104.05,104.5,103.95,104.15,40163.0
2020-01-15 13:30:00,NSE:SPICEJET,104.25,104.7,104.15,104.25,39727.0
2020-01-15 14:15:00,NSE:SPICEJET,104.25,104.45,104.2,104.4,47814.0
2020-01-15 15:00:00,NSE:SPICEJET,104.4,104.7,104.35,104.45,185577.0
2020-01-16 09:00:00,NSE:SPICEJET,105.3,105.95,104.55,105.15,248935.0
2020-01-16 09:45:00,NSE:SPICEJET,105.15,105.4,104.5,104.6,91165.0
2020-01-16 10:30:00,NSE:SPICEJET,104.6,105.5,104.55,104.6,87719.0
2020-01-16 11:15:00,NSE:SPICEJET,104.55,105.2,104.55,104.7,68714.0
2020-01-16 12:00:00,NSE:SPICEJET,104.65,104.95,104.5,104.85,41003.0
2020-01-16 12:45:00,NSE:SPICEJET,104.75,105.15,104.25,104.7,56460.0
2020-01-16 13:30:00,NSE:SPICEJET,104.75,105.05,104.5,104.6,44865.0
2020-01-16 14:15:00,NSE:SPICEJET,104.65,104.8,104.3,104.55,41660.0
2020-01-16 15:00:00,NSE:SPICEJET,104.6,104.65,103.6,104.1,157592.0
2020-01-17 09:00:00,NSE:SPICEJET,103.6,104.6,103.15,103.9,151537.0
2020-01-17 09:45:00,NSE:SPICEJET,103.85,104.7,103.6,104.1,187847.0
2020-01-17 10:30:00,NSE:SPICEJET,104.1,104.45,103.9,104.0,158422.0
2020-01-17 11:15:00,NSE:SPICEJET,104.0,104.35,103.9,104.0,66445.0
2020-01-17 12:00:00,NSE:SPICEJET,104.0,104.0,103.5,103.8,40520.0
2020-01-17 12:45:00,NSE:SPICEJET,103.8,103.9,103.15,103.8,76522.0
2020-01-17 13:30:00,NSE:SPICEJET,103.8,104.25,103.6,103.9,55815.0
2020-01-17 14:15:00,NSE:SPICEJET,103.9,103.9,103.45,103.6,76753.0
2020-01-17 15:00:00,NSE:SPICEJET,103.6,103.8,102.7,103.15,165138.0
2020-01-20 09:00:00,NSE:SPICEJET,104.45,105.1,103.6,103.85,338706.0
2020-01-20 09:45:00,NSE:SPICEJET,103.85,103.95,102.65,102.85,142185.0
2020-01-20 10:30:00,NSE:SPICEJET,102.65,103.0,102.3,102.5,79444.0
2020-01-20 11:15:00,NSE:SPICEJET,102.5,102.9,102.4,102.65,38369.0
2020-01-20 12:00:00,NSE:SPICEJET,102.6,104.45,102.6,103.8,165589.0
2020-01-20 12:45:00,NSE:SPICEJET,103.8,103.8,103.05,103.6,92326.0
2020-01-20 13:30:00,NSE:SPICEJET,103.45,104.0,103.4,103.65,94763.0
2020-01-20 14:15:00,NSE:SPICEJET,103.65,103.7,102.6,103.1,120795.0
2020-01-20 15:00:00,NSE:SPICEJET,102.9,103.35,102.1,102.75,211266.0
2020-01-20 15:45:00,NSE:SPICEJET,102.8,102.8,102.8,102.8,30.0
2020-01-21 09:00:00,NSE:SPICEJET,102.1,102.7,101.5,102.15,152143.0
2020-01-21 09:45:00,NSE:SPICEJET,102.05,102.35,101.8,101.85,76885.0
2020-01-21 10:30:00,NSE:SPICEJET,101.8,102.05,101.6,101.85,36190.0
2020-01-21 11:15:00,NSE:SPICEJET,101.8,102.15,101.6,102.15,45091.0
2020-01-21 12:00:00,NSE:SPICEJET,102.05,102.2,101.9,102.15,45866.0
2020-01-21 12:45:00,NSE:SPICEJET,102.0,102.2,102.0,102.2,43028.0
2020-01-21 13:30:00,NSE:SPICEJET,102.1,102.3,101.75,102.0,65187.0
2020-01-21 14:15:00,NSE:SPICEJET,102.0,102.0,101.7,102.0,70646.0
2020-01-21 15:00:00,NSE:SPICEJET,101.95,102.0,101.25,101.65,157644.0
2020-01-22 09:00:00,NSE:SPICEJET,102.0,102.0,99.2,99.4,453947.0
2020-01-22 09:45:00,NSE:SPICEJET,99.4,99.55,98.0,98.1,548676.0
2020-01-22 10:30:00,NSE:SPICEJET,98.1,98.25,97.65,97.9,355130.0
2020-01-22 11:15:00,NSE:SPICEJET,97.9,98.25,97.7,98.05,241058.0
2020-01-22 12:00:00,NSE:SPICEJET,98.0,98.25,97.95,98.0,341733.0
2020-01-22 12:45:00,NSE:SPICEJET,98.0,98.2,97.95,98.1,395579.0
2020-01-22 13:30:00,NSE:SPICEJET,98.05,98.25,97.8,97.95,376014.0
2020-01-22 14:15:00,NSE:SPICEJET,97.9,98.3,97.8,98.05,238154.0
2020-01-22 15:00:00,NSE:SPICEJET,98.0,98.15,97.5,97.85,305642.0
2020-01-23 09:00:00,NSE:SPICEJET,100.0,103.0,100.0,101.2,563448.0
2020-01-23 09:45:00,NSE:SPICEJET,101.2,101.45,100.7,100.9,160495.0
2020-01-23 10:30:00,NSE:SPICEJET,100.95,101.05,99.55,99.95,317608.0
2020-01-23 11:15:00,NSE:SPICEJET,99.95,100.0,99.75,99.9,131741.0
2020-01-23 12:00:00,NSE:SPICEJET,99.9,100.0,99.75,99.95,66163.0
2020-01-23 12:45:00,NSE:SPICEJET,100.0,100.0,99.9,100.0,33425.0
2020-01-23 13:30:00,NSE:SPICEJET,99.95,100.0,99.75,99.95,73260.0
2020-01-23 14:15:00,NSE:SPICEJET,99.95,100.0,98.8,99.0,231113.0
2020-01-23 15:00:00,NSE:SPICEJET,99.1,99.25,98.55,99.0,258428.0
2020-01-24 09:00:00,NSE:SPICEJET,101.1,101.4,100.05,100.3,369286.0
2020-01-24 09:45:00,NSE:SPICEJET,100.3,101.55,100.3,101.0,574810.0
2020-01-24 10:30:00,NSE:SPICEJET,100.95,101.0,100.55,100.6,96624.0
2020-01-24 11:15:00,NSE:SPICEJET,100.6,100.8,99.7,100.0,376864.0
2020-01-24 12:00:00,NSE:SPICEJET,100.05,100.25,99.9,99.95,93880.0
2020-01-24 12:45:00,NSE:SPICEJET,99.95,100.2,99.9,100.0,97760.0
2020-01-24 13:30:00,NSE:SPICEJET,99.95,100.0,99.7,99.95,96891.0
2020-01-24 14:15:00,NSE:SPICEJET,100.0,100.0,99.1,99.2,242588.0
2020-01-24 15:00:00,NSE:SPICEJET,99.2,99.5,98.4,98.8,388199.0
2020-01-27 09:00:00,NSE:SPICEJET,99.0,100.9,98.3,100.0,382807.0
2020-01-27 09:45:00,NSE:SPICEJET,100.0,100.3,99.55,99.65,99480.0
2020-01-27 10:30:00,NSE:SPICEJET,99.7,99.9,99.5,99.55,69098.0
2020-01-27 11:15:00,NSE:SPICEJET,99.55,99.85,99.3,99.85,49202.0
2020-01-27 12:00:00,NSE:SPICEJET,99.85,99.9,99.3,99.45,35096.0
2020-01-27 12:45:00,NSE:SPICEJET,99.5,99.55,98.9,99.05,95882.0
2020-01-27 13:30:00,NSE:SPICEJET,99.05,99.05,98.85,99.05,55929.0
2020-01-27 14:15:00,NSE:SPICEJET,99.05,99.05,98.7,98.75,84525.0
2020-01-27 15:00:00,NSE:SPICEJET,98.7,99.0,98.4,98.75,193318.0
2020-01-28 09:00:00,NSE:SPICEJET,101.8,102.4,100.75,101.25,814980.0
2020-01-28 09:45:00,NSE:SPICEJET,101.25,101.4,100.0,100.3,296317.0
2020-01-28 10:30:00,NSE:SPICEJET,100.3,100.95,100.0,100.2,156636.0
2020-01-28 11:15:00,NSE:SPICEJET,100.2,101.15,100.15,100.5,100031.0
2020-01-28 12:00:00,NSE:SPICEJET,100.5,100.5,100.25,100.3,46734.0
2020-01-28 12:45:00,NSE:SPICEJET,100.4,100.4,99.75,99.95,102316.0
2020-01-28 13:30:00,NSE:SPICEJET,99.9,99.95,99.4,99.4,81387.0
2020-01-28 14:15:00,NSE:SPICEJET,99.4,99.65,99.0,99.5,101574.0
2020-01-28 15:00:00,NSE:SPICEJET,99.4,100.25,99.3,99.8,264990.0
2020-01-29 09:00:00,NSE:SPICEJET,100.15,100.5,99.0,99.55,135783.0
2020-01-29 09:45:00,NSE:SPICEJET,99.65,99.85,99.5,99.75,58714.0
2020-01-29 10:30:00,NSE:SPICEJET,99.75,100.75,99.65,100.1,92938.0
2020-01-29 11:15:00,NSE:SPICEJET,99.95,100.1,98.85,99.0,158337.0
2020-01-29 12:00:00,NSE:SPICEJET,99.0,99.1,98.85,99.0,41052.0
2020-01-29 12:45:00,NSE:SPICEJET,99.0,99.4,99.0,99.15,32082.0
2020-01-29 13:30:00,NSE:SPICEJET,99.25,99.25,98.8,98.85,40903.0
2020-01-29 14:15:00,NSE:SPICEJET,98.95,99.25,98.85,99.1,45706.0
2020-01-29 15:00:00,NSE:SPICEJET,99.1,99.2,98.7,98.9,129579.0
2020-01-30 09:00:00,NSE:SPICEJET,99.4,99.45,97.1,97.7,183108.0
2020-01-30 09:45:00,NSE:SPICEJET,97.7,97.9,96.65,97.1,142579.0
2020-01-30 10:30:00,NSE:SPICEJET,97.1,97.3,96.65,96.8,231060.0
2020-01-30 11:15:00,NSE:SPICEJET,96.8,96.85,96.5,96.65,89131.0
2020-01-30 12:00:00,NSE:SPICEJET,96.65,97.3,96.4,97.05,105881.0
2020-01-30 12:45:00,NSE:SPICEJET,97.05,97.1,96.55,96.8,32206.0
2020-01-30 13:30:00,NSE:SPICEJET,97.0,97.05,96.3,96.5,80948.0
2020-01-30 14:15:00,NSE:SPICEJET,96.5,96.9,96.05,96.3,130852.0
2020-01-30 15:00:00,NSE:SPICEJET,96.35,96.9,96.35,96.65,122841.0
2020-01-31 09:00:00,NSE:SPICEJET,97.0,97.65,96.6,97.0,150493.0
2020-01-31 09:45:00,NSE:SPICEJET,97.0,97.2,96.1,96.3,63925.0
2020-01-31 10:30:00,NSE:SPICEJET,96.3,96.5,96.0,96.2,52179.0
2020-01-31 11:15:00,NSE:SPICEJET,96.1,96.4,96.0,96.25,51312.0
2020-01-31 12:00:00,NSE:SPICEJET,96.25,96.5,96.0,96.5,53437.0
2020-01-31 12:45:00,NSE:SPICEJET,96.5,96.7,96.2,96.55,23833.0
2020-01-31 13:30:00,NSE:SPICEJET,96.6,96.7,96.5,96.7,54507.0
2020-01-31 14:15:00,NSE:SPICEJET,96.7,96.8,96.5,96.5,41343.0
2020-01-31 15:00:00,NSE:SPICEJET,96.6,96.7,96.35,96.5,129584.0
2020-02-01 09:00:00,NSE:SPICEJET,96.2,97.1,95.65,97.1,110508.0
2020-02-01 09:45:00,NSE:SPICEJET,97.1,97.5,96.75,97.15,79381.0
2020-02-01 10:30:00,NSE:SPICEJET,97.0,97.25,96.85,97.0,28716.0
2020-02-01 11:15:00,NSE:SPICEJET,97.2,97.3,96.6,96.75,50027.0
2020-02-01 12:00:00,NSE:SPICEJET,96.75,97.15,96.0,96.2,128028.0
2020-02-01 12:45:00,NSE:SPICEJET,96.2,96.4,95.1,95.1,75813.0
2020-02-01 13:30:00,NSE:SPICEJET,95.1,96.0,95.0,95.9,131336.0
2020-02-01 14:15:00,NSE:SPICEJET,95.85,96.05,94.75,94.9,75860.0
2020-02-01 15:00:00,NSE:SPICEJET,94.85,94.9,92.5,93.6,237065.0
2020-02-03 09:00:00,NSE:SPICEJET,94.0,95.0,93.75,94.5,192305.0
2020-02-03 09:45:00,NSE:SPICEJET,94.45,94.8,94.05,94.25,158801.0
2020-02-03 10:30:00,NSE:SPICEJET,94.2,94.3,93.8,94.25,104315.0
2020-02-03 11:15:00,NSE:SPICEJET,94.2,94.2,93.4,93.75,106476.0
2020-02-03 12:00:00,NSE:SPICEJET,93.75,93.75,92.7,92.8,165257.0
2020-02-03 12:45:00,NSE:SPICEJET,92.8,93.0,92.65,92.7,228288.0
2020-02-03 13:30:00,NSE:SPICEJET,92.7,93.0,92.65,92.75,67599.0
2020-02-03 14:15:00,NSE:SPICEJET,92.85,93.3,92.05,92.3,117745.0
2020-02-03 15:00:00,NSE:SPICEJET,92.3,92.5,91.15,91.95,205195.0
2020-02-04 09:00:00,NSE:SPICEJET,93.3,94.9,92.15,92.8,497365.0
2020-02-04 09:45:00,NSE:SPICEJET,92.7,93.0,92.5,92.8,96969.0
2020-02-04 10:30:00,NSE:SPICEJET,92.7,93.0,92.65,92.95,194994.0
2020-02-04 11:15:00,NSE:SPICEJET,92.95,93.0,92.5,92.7,99764.0
2020-02-04 12:00:00,NSE:SPICEJET,92.85,92.95,92.05,92.55,132363.0
2020-02-04 12:45:00,NSE:SPICEJET,92.55,93.0,92.25,92.75,79100.0
2020-02-04 13:30:00,NSE:SPICEJET,92.7,92.8,92.5,92.75,73202.0
2020-02-04 14:15:00,NSE:SPICEJET,92.75,92.8,92.5,92.7,45005.0
2020-02-04 15:00:00,NSE:SPICEJET,92.7,92.8,91.2,91.95,377085.0
2020-02-05 09:00:00,NSE:SPICEJET,92.1,93.15,92.0,92.9,264664.0
2020-02-05 09:45:00,NSE:SPICEJET,92.9,93.0,92.5,92.8,99515.0
2020-02-05 10:30:00,NSE:SPICEJET,92.75,93.4,92.6,92.65,129993.0
2020-02-05 11:15:00,NSE:SPICEJET,92.75,92.9,92.1,92.25,102150.0
2020-02-05 12:00:00,NSE:SPICEJET,92.25,92.25,91.2,91.3,139213.0
2020-02-05 12:45:00,NSE:SPICEJET,91.3,92.5,91.0,92.5,111172.0
2020-02-05 13:30:00,NSE:SPICEJET,92.4,93.0,92.3,92.4,129400.0
2020-02-05 14:15:00,NSE:SPICEJET,92.3,93.5,92.0,92.8,280224.0
2020-02-05 15:00:00,NSE:SPICEJET,92.75,93.1,92.2,92.7,267354.0
2020-02-06 09:00:00,NSE:SPICEJET,93.0,93.6,91.75,92.6,242138.0
2020-02-06 09:45:00,NSE:SPICEJET,92.65,93.0,92.55,92.7,76594.0
2020-02-06 10:30:00,NSE:SPICEJET,92.7,92.85,91.55,91.7,156867.0
2020-02-06 11:15:00,NSE:SPICEJET,91.8,92.0,91.7,91.8,67702.0
2020-02-06 12:00:00,NSE:SPICEJET,91.9,92.0,91.65,92.0,92227.0
2020-02-06 12:45:00,NSE:SPICEJET,91.9,92.0,91.7,91.8,42276.0
2020-02-06 13:30:00,NSE:SPICEJET,91.8,92.0,91.7,91.85,39510.0
2020-02-06 14:15:00,NSE:SPICEJET,92.0,92.15,91.8,92.0,91317.0
2020-02-06 15:00:00,NSE:SPICEJET,92.0,92.0,91.4,91.75,234046.0
2020-02-07 09:00:00,NSE:SPICEJET,91.75,92.5,91.3,92.1,145736.0
2020-02-07 09:45:00,NSE:SPICEJET,92.2,92.5,91.95,92.0,78436.0
2020-02-07 10:30:00,NSE:SPICEJET,91.95,92.0,91.75,91.9,140781.0
2020-02-07 11:15:00,NSE:SPICEJET,91.9,92.0,91.75,91.75,105179.0
2020-02-07 12:00:00,NSE:SPICEJET,91.75,91.9,91.35,91.7,66430.0
2020-02-07 12:45:00,NSE:SPICEJET,91.55,91.75,91.45,91.7,47114.0
2020-02-07 13:30:00,NSE:SPICEJET,91.7,91.75,91.55,91.6,27453.0
2020-02-07 14:15:00,NSE:SPICEJET,91.6,92.1,91.55,91.9,51399.0
2020-02-07 15:00:00,NSE:SPICEJET,91.9,91.9,91.3,91.6,158131.0
2020-02-10 09:00:00,NSE:SPICEJET,91.75,91.9,91.4,91.6,86724.0
2020-02-10 09:45:00,NSE:SPICEJET,91.5,91.65,90.7,90.9,83059.0
2020-02-10 10:30:00,NSE:SPICEJET,90.95,91.0,90.55,90.75,47894.0
2020-02-10 11:15:00,NSE:SPICEJET,90.75,90.95,90.7,90.85,37646.0
2020-02-10 12:00:00,NSE:SPICEJET,90.75,90.9,90.55,90.7,36690.0
2020-02-10 12:45:00,NSE:SPICEJET,90.7,90.85,90.55,90.75,31139.0
2020-02-10 13:30:00,NSE:SPICEJET,90.85,90.95,90.65,90.95,17665.0
2020-02-10 14:15:00,NSE:SPICEJET,90.85,90.95,90.65,90.8,27031.0
2020-02-10 15:00:00,NSE:SPICEJET,90.85,90.95,90.7,90.8,94692.0
2020-02-11 09:00:00,NSE:SPICEJET,90.9,91.25,90.4,90.7,172512.0
2020-02-11 09:45:00,NSE:SPICEJET,90.7,90.75,90.25,90.55,73859.0
2020-02-11 10:30:00,NSE:SPICEJET,90.4,90.85,90.35,90.65,35275.0
2020-02-11 11:15:00,NSE:SPICEJET,90.6,90.85,90.55,90.8,21335.0
2020-02-11 12:00:00,NSE:SPICEJET,90.75,90.9,90.65,90.85,19909.0
2020-02-11 12:45:00,NSE:SPICEJET,91.0,91.0,90.75,90.9,36980.0
2020-02-11 13:30:00,NSE:SPICEJET,90.9,91.0,90.75,91.0,35382.0
2020-02-11 14:15:00,NSE:SPICEJET,90.95,91.0,90.5,90.6,56151.0
2020-02-11 15:00:00,NSE:SPICEJET,90.65,90.85,90.25,90.6,114476.0
2020-02-12 09:00:00,NSE:SPICEJET,90.6,90.9,88.2,88.2,209899.0
2020-02-12 09:45:00,NSE:SPICEJET,88.2,89.0,87.8,88.8,182478.0
2020-02-12 10:30:00,NSE:SPICEJET,88.7,89.8,87.95,88.0,187857.0
2020-02-12 11:15:00,NSE:SPICEJET,88.0,88.15,87.6,87.95,175397.0
2020-02-12 12:00:00,NSE:SPICEJET,87.95,88.05,87.85,88.0,84166.0
2020-02-12 12:45:00,NSE:SPICEJET,88.0,88.05,87.85,88.0,66325.0
2020-02-12 13:30:00,NSE:SPICEJET,87.95,88.25,87.85,88.0,165157.0
2020-02-12 14:15:00,NSE:SPICEJET,88.0,88.05,87.9,88.0,137451.0
2020-02-12 15:00:00,NSE:SPICEJET,88.0,88.05,87.6,87.95,185178.0
2020-02-13 09:00:00,NSE:SPICEJET,88.0,88.15,86.25,86.75,200287.0
2020-02-13 09:45:00,NSE:SPICEJET,86.8,86.85,86.05,86.3,158375.0
2020-02-13 10:30:00,NSE:SPICEJET,86.3,86.5,85.6,85.9,187056.0
2020-02-13 11:15:00,NSE:SPICEJET,86.05,86.05,85.05,85.3,183396.0
2020-02-13 12:00:00,NSE:SPICEJET,85.25,85.45,84.8,84.85,347056.0
2020-02-13 12:45:00,NSE:SPICEJET,84.8,85.0,84.2,84.35,357532.0
2020-02-13 13:30:00,NSE:SPICEJET,84.4,84.6,83.6,83.9,385163.0
2020-02-13 14:15:00,NSE:SPICEJET,83.95,84.65,83.75,84.6,255784.0
2020-02-13 15:00:00,NSE:SPICEJET,84.6,85.15,84.4,84.7,346010.0
2020-02-14 09:00:00,NSE:SPICEJET,85.0,86.8,85.0,86.0,345596.0
2020-02-14 09:45:00,NSE:SPICEJET,86.1,86.1,83.85,84.05,357313.0
2020-02-14 10:30:00,NSE:SPICEJET,84.1,84.15,83.0,83.05,243282.0
2020-02-14 11:15:00,NSE:SPICEJET,83.1,83.5,83.0,83.0,219006.0
2020-02-14 12:00:00,NSE:SPICEJET,83.0,83.4,83.0,83.0,240159.0
2020-02-14 12:45:00,NSE:SPICEJET,83.0,83.2,82.0,82.05,314217.0
2020-02-14 13:30:00,NSE:SPICEJET,82.05,83.3,81.6,82.2,286741.0
2020-02-14 14:15:00,NSE:SPICEJET,82.2,93.4,82.0,91.35,9382448.0
2020-02-14 15:00:00,NSE:SPICEJET,91.35,91.5,87.5,89.15,2954269.0
2020-02-17 09:00:00,NSE:SPICEJET,89.3,89.3,86.05,88.0,788577.0
2020-02-17 09:45:00,NSE:SPICEJET,87.9,88.0,86.9,87.5,236773.0
2020-02-17 10:30:00,NSE:SPICEJET,87.55,87.8,87.15,87.8,108903.0
2020-02-17 11:15:00,NSE:SPICEJET,87.8,87.95,87.1,87.2,116926.0
2020-02-17 12:00:00,NSE:SPICEJET,87.2,87.25,86.5,86.55,235429.0
2020-02-17 12:45:00,NSE:SPICEJET,86.55,87.0,85.1,86.45,339184.0
2020-02-17 13:30:00,NSE:SPICEJET,86.45,86.8,86.0,86.25,153917.0
2020-02-17 14:15:00,NSE:SPICEJET,86.25,86.7,85.9,86.5,231592.0
2020-02-17 15:00:00,NSE:SPICEJET,86.45,87.2,85.6,86.45,430651.0
2020-02-18 09:00:00,NSE:SPICEJET,86.5,86.7,84.2,84.25,261505.0
2020-02-18 09:45:00,NSE:SPICEJET,84.4,84.9,83.55,83.75,189573.0
2020-02-18 10:30:00,NSE:SPICEJET,83.8,83.8,82.6,83.15,234833.0
2020-02-18 11:15:00,NSE:SPICEJET,83.2,83.75,83.0,83.25,83608.0
2020-02-18 12:00:00,NSE:SPICEJET,83.25,83.4,82.75,83.2,98185.0
2020-02-18 12:45:00,NSE:SPICEJET,83.25,83.65,83.1,83.4,76951.0
2020-02-18 13:30:00,NSE:SPICEJET,83.3,83.65,83.15,83.55,53016.0
2020-02-18 14:15:00,NSE:SPICEJET,83.6,84.7,83.45,84.4,146379.0
2020-02-18 15:00:00,NSE:SPICEJET,84.4,84.55,83.4,84.05,190784.0
2020-02-19 09:00:00,NSE:SPICEJET,84.25,85.2,83.6,84.35,218068.0
2020-02-19 09:45:00,NSE:SPICEJET,84.35,89.7,84.05,87.4,1299623.0
2020-02-19 10:30:00,NSE:SPICEJET,87.4,88.2,86.6,87.25,375538.0
2020-02-19 11:15:00,NSE:SPICEJET,87.35,87.5,87.1,87.35,87055.0
2020-02-19 12:00:00,NSE:SPICEJET,87.3,88.35,87.3,87.6,237832.0
2020-02-19 12:45:00,NSE:SPICEJET,87.6,87.8,86.45,86.8,237353.0
2020-02-19 13:30:00,NSE:SPICEJET,86.7,86.85,86.5,86.65,43328.0
2020-02-19 14:15:00,NSE:SPICEJET,86.6,87.0,86.5,86.65,74512.0
2020-02-19 15:00:00,NSE:SPICEJET,86.7,88.4,86.65,87.7,543030.0
2020-02-20 09:00:00,NSE:SPICEJET,87.8,89.15,86.55,88.15,321975.0
2020-02-20 09:45:00,NSE:SPICEJET,88.1,88.9,87.95,88.6,186041.0
2020-02-20 10:30:00,NSE:SPICEJET,88.6,88.8,87.4,87.45,211836.0
2020-02-20 11:15:00,NSE:SPICEJET,87.5,88.35,86.8,88.0,446312.0
2020-02-20 12:00:00,NSE:SPICEJET,88.0,88.5,87.7,88.05,193330.0
2020-02-20 12:45:00,NSE:SPICEJET,88.05,88.45,87.75,88.0,477661.0
2020-02-20 13:30:00,NSE:SPICEJET,88.1,88.85,88.0,88.1,134893.0
2020-02-20 14:15:00,NSE:SPICEJET,88.25,94.2,88.05,92.6,3322750.0
2020-02-20 15:00:00,NSE:SPICEJET,92.55,93.9,92.2,92.85,1133445.0
2020-02-24 09:00:00,NSE:SPICEJET,90.0,91.0,88.8,90.3,482692.0
2020-02-24 09:45:00,NSE:SPICEJET,90.3,91.8,89.5,91.45,423052.0
2020-02-24 10:30:00,NSE:SPICEJET,91.3,92.2,90.85,91.0,249775.0
2020-02-24 11:15:00,NSE:SPICEJET,91.0,91.15,90.55,90.85,73486.0
2020-02-24 12:00:00,NSE:SPICEJET,90.9,90.95,90.4,90.6,65593.0
2020-02-24 12:45:00,NSE:SPICEJET,90.5,90.65,89.8,89.95,109549.0
2020-02-24 13:30:00,NSE:SPICEJET,90.05,90.2,89.25,89.5,189174.0
2020-02-24 14:15:00,NSE:SPICEJET,89.5,89.5,87.6,87.7,330066.0
2020-02-24 15:00:00,NSE:SPICEJET,87.7,87.8,85.95,86.6,458751.0
2020-02-25 09:00:00,NSE:SPICEJET,87.3,88.45,86.75,87.0,362019.0
2020-02-25 09:45:00,NSE:SPICEJET,87.0,87.8,86.95,87.2,130702.0
2020-02-25 10:30:00,NSE:SPICEJET,87.2,88.4,87.1,88.1,111809.0
2020-02-25 11:15:00,NSE:SPICEJET,88.05,88.2,87.4,87.95,65313.0
2020-02-25 12:00:00,NSE:SPICEJET,88.0,89.3,87.8,88.3,348322.0
2020-02-25 12:45:00,NSE:SPICEJET,88.15,88.3,87.25,87.8,305769.0
2020-02-25 13:30:00,NSE:SPICEJET,87.8,88.7,86.8,87.0,169054.0
2020-02-25 14:15:00,NSE:SPICEJET,87.0,88.2,86.8,88.0,142356.0
2020-02-25 15:00:00,NSE:SPICEJET,88.0,88.15,87.1,87.7,220060.0
2020-02-26 09:00:00,NSE:SPICEJET,86.85,87.5,86.2,87.4,201757.0
2020-02-26 09:45:00,NSE:SPICEJET,87.3,90.2,87.25,88.7,581310.0
2020-02-26 10:30:00,NSE:SPICEJET,88.65,89.2,88.3,88.65,226682.0
2020-02-26 11:15:00,NSE:SPICEJET,88.75,89.8,88.65,89.1,132315.0
2020-02-26 12:00:00,NSE:SPICEJET,89.1,89.95,88.85,89.2,131556.0
2020-02-26 12:45:00,NSE:SPICEJET,89.3,89.75,89.0,89.65,51262.0
2020-02-26 13:30:00,NSE:SPICEJET,89.65,89.65,88.65,88.65,72388.0
2020-02-26 14:15:00,NSE:SPICEJET,88.65,88.75,87.5,88.15,367525.0
2020-02-26 15:00:00,NSE:SPICEJET,88.15,90.0,87.75,89.05,363028.0
2020-02-27 09:00:00,NSE:SPICEJET,88.8,89.05,87.1,87.2,260811.0
2020-02-27 09:45:00,NSE:SPICEJET,87.2,88.25,87.0,87.1,173586.0
2020-02-27 10:30:00,NSE:SPICEJET,87.1,87.65,86.8,87.45,60318.0
2020-02-27 11:15:00,NSE:SPICEJET,87.4,87.7,87.0,87.1,55011.0
2020-02-27 12:00:00,NSE:SPICEJET,87.1,87.3,87.05,87.3,45905.0
2020-02-27 12:45:00,NSE:SPICEJET,87.2,87.9,86.9,87.65,370569.0
2020-02-27 13:30:00,NSE:SPICEJET,87.65,87.7,87.05,87.3,42851.0
2020-02-27 14:15:00,NSE:SPICEJET,87.3,87.85,87.1,87.6,77562.0
2020-02-27 15:00:00,NSE:SPICEJET,87.6,87.8,87.05,87.45,224425.0
2020-02-28 09:00:00,NSE:SPICEJET,85.9,85.9,82.1,82.7,377549.0
2020-02-28 09:45:00,NSE:SPICEJET,82.7,83.0,82.05,82.85,219678.0
2020-02-28 10:30:00,NSE:SPICEJET,82.85,83.65,82.65,83.2,168207.0
2020-02-28 11:15:00,NSE:SPICEJET,83.2,83.5,83.1,83.4,65550.0
2020-02-28 12:00:00,NSE:SPICEJET,83.4,83.4,82.85,83.2,108049.0
2020-02-28 12:45:00,NSE:SPICEJET,83.2,84.25,83.15,83.65,104404.0
2020-02-28 13:30:00,NSE:SPICEJET,83.65,84.05,82.75,83.1,151065.0
2020-02-28 14:15:00,NSE:SPICEJET,83.15,83.3,82.6,83.05,377211.0
2020-02-28 15:00:00,NSE:SPICEJET,83.1,84.2,82.75,83.35,312937.0
2020-03-02 09:00:00,NSE:SPICEJET,85.45,86.3,83.1,84.55,234410.0
2020-03-02 09:45:00,NSE:SPICEJET,84.5,84.55,83.0,83.7,194232.0
2020-03-02 10:30:00,NSE:SPICEJET,83.7,84.0,83.3,83.75,107651.0
2020-03-02 11:15:00,NSE:SPICEJET,83.75,84.15,83.5,84.0,86053.0
2020-03-02 12:00:00,NSE:SPICEJET,84.0,84.2,83.65,83.8,62173.0
2020-03-02 12:45:00,NSE:SPICEJET,83.75,84.2,83.5,83.75,69155.0
2020-03-02 13:30:00,NSE:SPICEJET,83.75,83.9,83.4,83.6,79221.0
2020-03-02 14:15:00,NSE:SPICEJET,83.6,84.4,79.0,79.15,544100.0
2020-03-02 15:00:00,NSE:SPICEJET,79.1,79.1,73.5,75.8,714156.0
2020-03-03 09:00:00,NSE:SPICEJET,77.0,78.65,73.0,74.3,653902.0
2020-03-03 09:45:00,NSE:SPICEJET,74.2,75.1,73.65,74.55,411217.0
2020-03-03 10:30:00,NSE:SPICEJET,74.5,75.45,74.25,74.7,281605.0
2020-03-03 11:15:00,NSE:SPICEJET,74.7,74.9,74.3,74.45,74763.0
2020-03-03 12:00:00,NSE:SPICEJET,74.55,76.65,74.55,76.15,220213.0
2020-03-03 12:45:00,NSE:SPICEJET,76.15,76.8,74.35,74.7,297094.0
2020-03-03 13:30:00,NSE:SPICEJET,74.7,74.85,74.25,74.4,145766.0
2020-03-03 14:15:00,NSE:SPICEJET,74.4,74.6,74.0,74.1,385068.0
2020-03-03 15:00:00,NSE:SPICEJET,74.15,74.75,74.05,74.35,425222.0
2020-03-04 09:00:00,NSE:SPICEJET,74.0,74.0,68.3,69.7,1244658.0
2020-03-04 09:45:00,NSE:SPICEJET,69.7,70.35,69.5,70.05,467026.0
2020-03-04 10:30:00,NSE:SPICEJET,70.15,70.75,69.95,70.3,446171.0
2020-03-04 11:15:00,NSE:SPICEJET,70.3,70.5,70.0,70.0,133210.0
2020-03-04 12:00:00,NSE:SPICEJET,70.05,70.3,69.0,69.35,488611.0
2020-03-04 12:45:00,NSE:SPICEJET,69.45,69.6,69.0,69.05,188057.0
2020-03-04 13:30:00,NSE:SPICEJET,69.05,69.15,68.5,68.9,299267.0
2020-03-04 14:15:00,NSE:SPICEJET,68.8,69.95,68.6,69.95,310355.0
2020-03-04 15:00:00,NSE:SPICEJET,70.0,71.8,70.0,70.9,743804.0
2020-03-05 09:00:00,NSE:SPICEJET,70.2,70.95,69.2,70.0,269366.0
2020-03-05 09:45:00,NSE:SPICEJET,70.0,71.4,69.5,70.8,2286033.0
2020-03-05 10:30:00,NSE:SPICEJET,70.75,70.9,70.25,70.45,129330.0
2020-03-05 11:15:00,NSE:SPICEJET,70.45,70.5,69.65,70.1,168046.0
2020-03-05 12:00:00,NSE:SPICEJET,70.2,72.1,70.1,70.75,306649.0
2020-03-05 12:45:00,NSE:SPICEJET,70.75,70.85,70.0,70.4,1224101.0
2020-03-05 13:30:00,NSE:SPICEJET,70.4,70.9,69.45,70.1,3027345.0
2020-03-05 14:15:00,NSE:SPICEJET,70.1,70.4,69.5,69.75,260859.0
2020-03-05 15:00:00,NSE:SPICEJET,69.75,70.4,69.0,69.5,313753.0
2020-03-06 09:00:00,NSE:SPICEJET,65.0,66.45,63.0,64.85,662959.0
2020-03-06 09:45:00,NSE:SPICEJET,64.85,65.0,61.6,61.7,797080.0
2020-03-06 10:30:00,NSE:SPICEJET,61.7,62.0,59.5,61.35,1065190.0
2020-03-06 11:15:00,NSE:SPICEJET,61.35,62.5,61.05,62.25,273892.0
2020-03-06 12:00:00,NSE:SPICEJET,62.4,62.7,60.9,61.45,355888.0
2020-03-06 12:45:00,NSE:SPICEJET,61.45,62.9,60.8,61.5,875972.0
2020-03-06 13:30:00,NSE:SPICEJET,61.5,62.0,60.9,61.75,901356.0
2020-03-06 14:15:00,NSE:SPICEJET,61.7,63.0,61.55,62.9,530068.0
2020-03-06 15:00:00,NSE:SPICEJET,62.9,64.25,62.5,63.2,489418.0
2020-03-09 09:00:00,NSE:SPICEJET,62.5,66.8,59.55,66.1,1392656.0
2020-03-09 09:45:00,NSE:SPICEJET,66.0,66.95,64.8,66.75,754899.0
2020-03-09 10:30:00,NSE:SPICEJET,66.65,66.8,65.6,65.75,322660.0
2020-03-09 11:15:00,NSE:SPICEJET,65.75,65.8,64.4,65.65,427979.0
2020-03-09 12:00:00,NSE:SPICEJET,65.6,65.7,64.3,64.7,348315.0
2020-03-09 12:45:00,NSE:SPICEJET,64.65,64.9,61.6,63.7,1499318.0
2020-03-09 13:30:00,NSE:SPICEJET,63.8,64.95,63.5,64.2,246874.0
2020-03-09 14:15:00,NSE:SPICEJET,64.35,65.65,63.0,63.95,3270328.0
2020-03-09 15:00:00,NSE:SPICEJET,63.95,64.0,62.85,63.7,713718.0
2020-03-11 09:00:00,NSE:SPICEJET,64.0,65.85,62.8,63.0,455381.0
2020-03-11 09:45:00,NSE:SPICEJET,63.0,64.0,62.1,62.7,346147.0
2020-03-11 10:30:00,NSE:SPICEJET,62.7,62.85,61.7,62.55,181538.0
2020-03-11 11:15:00,NSE:SPICEJET,62.7,62.75,62.1,62.3,127187.0
2020-03-11 12:00:00,NSE:SPICEJET,62.4,62.5,62.15,62.45,61152.0
2020-03-11 12:45:00,NSE:SPICEJET,62.35,62.5,61.9,62.15,137109.0
2020-03-11 13:30:00,NSE:SPICEJET,62.15,62.7,61.55,61.9,170071.0
2020-03-11 14:15:00,NSE:SPICEJET,61.9,62.35,60.4,60.6,297355.0
2020-03-11 15:00:00,NSE:SPICEJET,60.6,61.4,60.0,60.35,224429.0
2020-03-12 09:00:00,NSE:SPICEJET,53.0,54.8,49.15,51.3,1091152.0
2020-03-12 09:45:00,NSE:SPICEJET,51.3,51.3,49.65,50.0,792135.0
2020-03-12 10:30:00,NSE:SPICEJET,49.95,50.0,48.3,48.3,1239425.0
2020-03-12 11:15:00,NSE:SPICEJET,48.3,48.3,48.3,48.3,156133.0
2020-03-12 12:00:00,NSE:SPICEJET,48.3,51.7,48.3,51.3,1826460.0
2020-03-12 12:45:00,NSE:SPICEJET,51.25,51.95,50.4,51.0,462072.0
2020-03-12 13:30:00,NSE:SPICEJET,51.05,52.4,50.2,50.5,459081.0
2020-03-12 14:15:00,NSE:SPICEJET,50.4,50.5,48.3,48.3,518875.0
2020-03-12 15:00:00,NSE:SPICEJET,48.3,49.35,48.3,48.6,940039.0
2020-03-13 09:00:00,NSE:SPICEJET,43.75,43.75,43.75,43.75,98896.0
2020-03-13 09:45:00,NSE:SPICEJET,43.75,46.5,43.75,45.3,929445.0
2020-03-13 10:30:00,NSE:SPICEJET,45.35,48.0,43.85,44.85,1735609.0
2020-03-13 11:15:00,NSE:SPICEJET,44.85,45.5,44.25,45.45,610682.0
2020-03-13 12:00:00,NSE:SPICEJET,45.5,45.65,44.65,45.25,1553281.0
2020-03-13 12:45:00,NSE:SPICEJET,45.3,47.4,45.1,46.0,768597.0
2020-03-13 13:30:00,NSE:SPICEJET,46.0,47.4,45.25,46.15,576085.0
2020-03-13 14:15:00,NSE:SPICEJET,46.05,46.35,43.75,44.1,2089861.0
2020-03-13 15:00:00,NSE:SPICEJET,43.9,43.95,43.75,43.75,536460.0
2020-03-16 09:00:00,NSE:SPICEJET,41.7,41.7,39.4,40.4,896696.0
2020-03-16 09:45:00,NSE:SPICEJET,40.7,43.3,40.6,42.6,848040.0
2020-03-16 10:30:00,NSE:SPICEJET,42.6,43.4,41.5,42.9,582608.0
2020-03-16 11:15:00,NSE:SPICEJET,42.9,43.2,41.5,42.15,309204.0
2020-03-16 12:00:00,NSE:SPICEJET,42.2,42.25,40.2,41.05,312863.0
2020-03-16 12:45:00,NSE:SPICEJET,41.05,41.8,40.5,41.55,341263.0
2020-03-16 13:30:00,NSE:SPICEJET,41.55,42.6,41.3,42.1,328998.0
2020-03-16 14:15:00,NSE:SPICEJET,42.1,42.6,41.4,42.5,336416.0
2020-03-16 15:00:00,NSE:SPICEJET,42.5,43.0,42.5,42.6,346838.0
2020-03-17 09:00:00,NSE:SPICEJET,41.35,42.6,39.8,40.75,733081.0
2020-03-17 09:45:00,NSE:SPICEJET,40.7,41.85,40.65,41.85,450529.0
2020-03-17 10:30:00,NSE:SPICEJET,41.85,42.3,41.05,41.1,463510.0
2020-03-17 11:15:00,NSE:SPICEJET,41.05,41.6,41.0,41.35,843573.0
2020-03-17 12:00:00,NSE:SPICEJET,41.45,41.85,40.5,41.55,1296007.0
2020-03-17 12:45:00,NSE:SPICEJET,41.5,42.25,41.0,41.6,635057.0
2020-03-17 13:30:00,NSE:SPICEJET,41.6,42.5,40.8,41.1,561081.0
2020-03-17 14:15:00,NSE:SPICEJET,41.15,44.95,40.0,42.25,1742479.0
2020-03-17 15:00:00,NSE:SPICEJET,42.2,42.75,41.05,42.0,361250.0
2020-03-18 09:00:00,NSE:SPICEJET,42.5,42.5,39.6,40.45,433542.0
2020-03-18 09:45:00,NSE:SPICEJET,40.2,40.55,39.45,40.0,275543.0
2020-03-18 10:30:00,NSE:SPICEJET,40.0,40.75,39.45,39.5,340081.0
2020-03-18 11:15:00,NSE:SPICEJET,39.45,39.5,37.8,37.8,781361.0
2020-03-18 12:00:00,NSE:SPICEJET,37.8,37.8,37.8,37.8,144101.0
2020-03-18 12:45:00,NSE:SPICEJET,37.8,37.8,37.8,37.8,62485.0
2020-03-18 13:30:00,NSE:SPICEJET,37.8,37.8,37.8,37.8,39555.0
2020-03-18 14:15:00,NSE:SPICEJET,37.8,37.8,37.8,37.8,41982.0
2020-03-18 15:00:00,NSE:SPICEJET,37.8,37.8,37.8,37.8,57863.0
2020-03-19 09:00:00,NSE:SPICEJET,34.05,34.05,34.05,34.05,119740.0
2020-03-19 09:45:00,NSE:SPICEJET,34.05,34.05,34.05,34.05,90842.0
2020-03-19 10:30:00,NSE:SPICEJET,34.05,34.05,34.05,34.05,107526.0
2020-03-19 11:15:00,NSE:SPICEJET,34.05,36.3,34.05,34.95,2551738.0
2020-03-19 12:00:00,NSE:SPICEJET,34.95,37.0,34.6,36.2,990315.0
2020-03-19 12:45:00,NSE:SPICEJET,36.0,38.0,35.85,36.35,261727.0
2020-03-19 13:30:00,NSE:SPICEJET,36.25,36.5,34.05,35.9,1295737.0
2020-03-19 14:15:00,NSE:SPICEJET,35.9,36.25,34.05,34.05,1623902.0
2020-03-19 15:00:00,NSE:SPICEJET,34.05,34.15,34.05,34.05,215392.0
2020-03-20 09:00:00,NSE:SPICEJET,34.5,35.45,33.05,33.75,510607.0
2020-03-20 09:45:00,NSE:SPICEJET,33.7,34.95,32.65,34.35,553950.0
2020-03-20 10:30:00,NSE:SPICEJET,34.3,35.0,34.1,35.0,164391.0
2020-03-20 11:15:00,NSE:SPICEJET,35.0,35.5,34.8,35.15,265908.0
2020-03-20 12:00:00,NSE:SPICEJET,35.15,35.55,34.95,35.4,241697.0
2020-03-20 12:45:00,NSE:SPICEJET,35.5,35.65,35.0,35.4,360909.0
2020-03-20 13:30:00,NSE:SPICEJET,35.4,35.65,34.0,34.55,425322.0
2020-03-20 14:15:00,NSE:SPICEJET,34.4,35.6,34.35,35.25,415363.0
2020-03-20 15:00:00,NSE:SPICEJET,35.25,35.75,34.7,35.5,865746.0
2020-03-23 09:00:00,NSE:SPICEJET,33.75,33.75,33.75,33.75,143233.0
2020-03-23 09:45:00,NSE:SPICEJET,33.75,33.75,33.75,33.75,19603.0
2020-03-23 10:30:00,NSE:SPICEJET,33.75,33.75,33.75,33.75,310418.0
2020-03-23 11:15:00,NSE:SPICEJET,33.75,33.75,33.75,33.75,53680.0
2020-03-23 12:00:00,NSE:SPICEJET,33.75,33.75,33.75,33.75,58559.0
2020-03-23 12:45:00,NSE:SPICEJET,33.75,33.75,33.75,33.75,36887.0
2020-03-23 13:30:00,NSE:SPICEJET,33.75,33.75,33.75,33.75,26112.0
2020-03-23 14:15:00,NSE:SPICEJET,33.75,33.75,33.75,33.75,37724.0
2020-03-23 15:00:00,NSE:SPICEJET,33.75,33.75,33.75,33.75,27154.0
2020-03-24 09:00:00,NSE:SPICEJET,32.1,32.1,32.1,32.1,56895.0
2020-03-24 09:45:00,NSE:SPICEJET,32.1,32.1,32.1,32.1,33843.0
2020-03-24 10:30:00,NSE:SPICEJET,32.1,32.1,32.1,32.1,32625.0
2020-03-24 11:15:00,NSE:SPICEJET,32.1,32.1,32.1,32.1,31666.0
2020-03-24 12:00:00,NSE:SPICEJET,32.1,32.1,32.1,32.1,230283.0
2020-03-24 12:45:00,NSE:SPICEJET,32.1,35.4,32.1,35.4,3751464.0
2020-03-24 13:30:00,NSE:SPICEJET,35.4,35.4,33.5,34.2,3309639.0
2020-03-24 14:15:00,NSE:SPICEJET,34.2,34.95,33.2,33.3,988320.0
2020-03-24 15:00:00,NSE:SPICEJET,33.2,33.3,32.1,32.25,1451369.0
2020-03-25 09:00:00,NSE:SPICEJET,30.7,32.25,30.65,31.4,324764.0
2020-03-25 09:45:00,NSE:SPICEJET,31.2,32.25,31.0,32.15,338267.0
2020-03-25 10:30:00,NSE:SPICEJET,31.95,33.0,31.95,32.75,186157.0
2020-03-25 11:15:00,NSE:SPICEJET,32.75,33.5,32.3,33.4,185781.0
2020-03-25 12:00:00,NSE:SPICEJET,33.4,33.4,32.7,33.35,102397.0
2020-03-25 12:45:00,NSE:SPICEJET,33.4,33.85,32.95,33.85,373808.0
2020-03-25 13:30:00,NSE:SPICEJET,33.85,33.85,33.85,33.85,119649.0
2020-03-25 14:15:00,NSE:SPICEJET,33.85,33.85,33.5,33.85,717315.0
2020-03-25 15:00:00,NSE:SPICEJET,33.85,33.85,33.75,33.85,750118.0
2020-03-26 09:00:00,NSE:SPICEJET,35.0,35.0,33.4,34.65,475957.0
2020-03-26 09:45:00,NSE:SPICEJET,34.65,35.5,34.45,35.15,749515.0
2020-03-26 10:30:00,NSE:SPICEJET,35.15,35.5,35.0,35.05,486655.0
2020-03-26 11:15:00,NSE:SPICEJET,35.0,35.4,33.8,35.2,1242372.0
2020-03-26 12:00:00,NSE:SPICEJET,35.0,35.5,35.0,35.5,426306.0
2020-03-26 12:45:00,NSE:SPICEJET,35.5,35.5,35.5,35.5,181458.0
2020-03-26 13:30:00,NSE:SPICEJET,35.5,35.5,33.9,34.9,832284.0
2020-03-26 14:15:00,NSE:SPICEJET,34.95,35.5,34.8,35.5,267836.0
2020-03-26 15:00:00,NSE:SPICEJET,35.5,35.5,35.5,35.5,88434.0
2020-03-27 09:00:00,NSE:SPICEJET,37.25,37.25,37.25,37.25,200975.0
2020-03-27 09:45:00,NSE:SPICEJET,37.25,37.25,36.0,36.95,1224657.0
2020-03-27 10:30:00,NSE:SPICEJET,36.75,37.0,36.0,36.1,319314.0
2020-03-27 11:15:00,NSE:SPICEJET,36.0,36.8,35.5,36.8,329265.0
2020-03-27 12:00:00,NSE:SPICEJET,36.75,37.0,36.4,36.75,172056.0
2020-03-27 12:45:00,NSE:SPICEJET,36.7,37.0,36.5,36.7,216558.0
2020-03-27 13:30:00,NSE:SPICEJET,36.7,37.25,36.6,37.25,308103.0
2020-03-27 14:15:00,NSE:SPICEJET,37.25,37.25,36.6,36.9,436428.0
2020-03-27 15:00:00,NSE:SPICEJET,36.75,37.0,36.25,36.75,272092.0
2020-03-30 09:00:00,NSE:SPICEJET,36.7,36.7,34.95,35.95,394273.0
2020-03-30 09:45:00,NSE:SPICEJET,35.95,36.6,35.45,36.0,252893.0
2020-03-30 10:30:00,NSE:SPICEJET,36.0,36.3,35.5,35.75,187834.0
2020-03-30 11:15:00,NSE:SPICEJET,35.75,35.8,35.25,35.35,158325.0
2020-03-30 12:00:00,NSE:SPICEJET,35.35,35.6,35.2,35.5,148588.0
2020-03-30 12:45:00,NSE:SPICEJET,35.45,35.5,34.95,35.15,372940.0
2020-03-30 13:30:00,NSE:SPICEJET,35.15,35.35,34.95,35.0,326361.0
2020-03-30 14:15:00,NSE:SPICEJET,35.0,35.25,34.95,35.1,132819.0
2020-03-30 15:00:00,NSE:SPICEJET,35.1,35.25,34.95,35.0,162836.0
2020-03-31 09:00:00,NSE:SPICEJET,36.5,36.7,36.0,36.2,374351.0
2020-03-31 09:45:00,NSE:SPICEJET,36.15,36.5,36.15,36.5,219999.0
2020-03-31 10:30:00,NSE:SPICEJET,36.5,36.75,36.2,36.35,354793.0
2020-03-31 11:15:00,NSE:SPICEJET,36.35,36.75,36.3,36.7,706536.0
2020-03-31 12:00:00,NSE:SPICEJET,36.7,36.75,36.55,36.75,147069.0
2020-03-31 12:45:00,NSE:SPICEJET,36.75,36.75,36.75,36.75,38379.0
2020-03-31 13:30:00,NSE:SPICEJET,36.75,36.75,36.75,36.75,32234.0
2020-03-31 14:15:00,NSE:SPICEJET,36.75,36.75,36.05,36.75,529019.0
2020-03-31 15:00:00,NSE:SPICEJET,36.75,36.75,36.75,36.75,22888.0
2020-03-31 15:45:00,NSE:SPICEJET,36.75,36.75,36.75,36.75,1.0
2020-04-01 09:00:00,NSE:SPICEJET,38.5,38.55,37.5,38.55,370608.0
2020-04-01 09:45:00,NSE:SPICEJET,38.55,38.55,38.55,38.55,114288.0
2020-04-01 10:30:00,NSE:SPICEJET,38.55,38.55,38.15,38.55,426657.0
2020-04-01 11:15:00,NSE:SPICEJET,38.55,38.55,38.55,38.55,37971.0
2020-04-01 12:00:00,NSE:SPICEJET,38.55,38.55,38.55,38.55,47415.0
2020-04-01 12:45:00,NSE:SPICEJET,38.55,38.55,38.55,38.55,453701.0
2020-04-01 13:30:00,NSE:SPICEJET,38.55,38.55,37.85,38.55,349251.0
2020-04-01 14:15:00,NSE:SPICEJET,38.55,38.55,38.55,38.55,166014.0
2020-04-01 15:00:00,NSE:SPICEJET,38.55,38.55,38.55,38.55,31346.0
2020-04-03 09:00:00,NSE:SPICEJET,40.3,40.45,40.25,40.45,688130.0
2020-04-03 09:45:00,NSE:SPICEJET,40.45,40.45,40.45,40.45,62654.0
2020-04-03 10:30:00,NSE:SPICEJET,40.45,40.45,40.45,40.45,49112.0
2020-04-03 11:15:00,NSE:SPICEJET,40.45,40.45,40.45,40.45,23421.0
2020-04-03 12:00:00,NSE:SPICEJET,40.45,40.45,40.45,40.45,25220.0
2020-04-03 12:45:00,NSE:SPICEJET,40.45,40.45,40.45,40.45,17086.0
2020-04-03 13:30:00,NSE:SPICEJET,40.45,40.45,40.45,40.45,28249.0
2020-04-03 14:15:00,NSE:SPICEJET,40.45,40.45,40.45,40.45,115678.0
2020-04-03 15:00:00,NSE:SPICEJET,40.45,40.45,40.45,40.45,42903.0
2020-04-07 09:00:00,NSE:SPICEJET,42.45,42.45,42.0,42.45,339084.0
2020-04-07 09:45:00,NSE:SPICEJET,42.45,42.45,42.45,42.45,48076.0
2020-04-07 10:30:00,NSE:SPICEJET,42.45,42.45,42.45,42.45,45082.0
2020-04-07 11:15:00,NSE:SPICEJET,42.45,42.45,42.45,42.45,32108.0
2020-04-07 12:00:00,NSE:SPICEJET,42.45,42.45,42.45,42.45,23638.0
2020-04-07 12:45:00,NSE:SPICEJET,42.45,42.45,42.45,42.45,15145.0
2020-04-07 13:30:00,NSE:SPICEJET,42.45,42.45,42.45,42.45,26235.0
2020-04-07 14:15:00,NSE:SPICEJET,42.45,42.45,42.45,42.45,33621.0
2020-04-07 15:00:00,NSE:SPICEJET,42.45,42.45,42.45,42.45,25026.0
2020-04-08 09:00:00,NSE:SPICEJET,44.55,44.55,44.55,44.55,91784.0
2020-04-08 09:45:00,NSE:SPICEJET,44.55,44.55,44.55,44.55,54619.0
2020-04-08 10:30:00,NSE:SPICEJET,44.55,44.55,44.55,44.55,76343.0
2020-04-08 11:15:00,NSE:SPICEJET,44.55,44.55,44.55,44.55,25319.0
2020-04-08 12:00:00,NSE:SPICEJET,44.55,44.55,44.55,44.55,85974.0
2020-04-08 12:45:00,NSE:SPICEJET,44.55,44.55,44.55,44.55,24471.0
2020-04-08 13:30:00,NSE:SPICEJET,44.55,44.55,44.55,44.55,39541.0
2020-04-08 14:15:00,NSE:SPICEJET,44.55,44.55,44.55,44.55,12355.0
2020-04-08 15:00:00,NSE:SPICEJET,44.55,44.55,44.55,44.55,53465.0
2020-04-08 15:45:00,NSE:SPICEJET,44.55,44.55,44.55,44.55,5.0
2020-04-09 09:00:00,NSE:SPICEJET,46.75,46.75,46.75,46.75,179745.0
2020-04-09 09:45:00,NSE:SPICEJET,46.75,46.75,46.75,46.75,45220.0
2020-04-09 10:30:00,NSE:SPICEJET,46.75,46.75,46.75,46.75,24118.0
2020-04-09 11:15:00,NSE:SPICEJET,46.75,46.75,46.75,46.75,16043.0
2020-04-09 12:00:00,NSE:SPICEJET,46.75,46.75,46.75,46.75,31428.0
2020-04-09 12:45:00,NSE:SPICEJET,46.75,46.75,46.75,46.75,12776.0
2020-04-09 13:30:00,NSE:SPICEJET,46.75,46.75,46.75,46.75,28343.0
2020-04-09 14:15:00,NSE:SPICEJET,46.75,46.75,46.75,46.75,13047.0
2020-04-09 15:00:00,NSE:SPICEJET,46.75,46.75,46.75,46.75,24765.0
2020-04-13 09:00:00,NSE:SPICEJET,49.05,49.05,44.45,44.45,2758987.0
2020-04-13 09:45:00,NSE:SPICEJET,44.45,45.45,44.45,44.45,1325476.0
2020-04-13 10:30:00,NSE:SPICEJET,44.45,44.45,44.45,44.45,179625.0
2020-04-13 11:15:00,NSE:SPICEJET,44.45,45.3,44.45,44.45,1294726.0
2020-04-13 12:00:00,NSE:SPICEJET,44.45,45.9,44.45,45.3,623389.0
2020-04-13 12:45:00,NSE:SPICEJET,45.4,45.55,44.8,44.95,377462.0
2020-04-13 13:30:00,NSE:SPICEJET,44.9,45.0,44.8,44.9,187949.0
2020-04-13 14:15:00,NSE:SPICEJET,44.9,46.65,44.5,46.6,681625.0
2020-04-13 15:00:00,NSE:SPICEJET,46.65,49.05,46.6,48.6,2836105.0
2020-04-15 09:00:00,NSE:SPICEJET,46.3,48.4,46.2,47.4,1081229.0
2020-04-15 09:45:00,NSE:SPICEJET,47.3,47.4,46.8,46.9,537157.0
2020-04-15 10:30:00,NSE:SPICEJET,46.9,47.0,46.75,46.9,333524.0
2020-04-15 11:15:00,NSE:SPICEJET,46.9,47.5,46.85,47.3,443103.0
2020-04-15 12:00:00,NSE:SPICEJET,47.35,47.9,47.2,47.8,196441.0
2020-04-15 12:45:00,NSE:SPICEJET,47.65,47.9,46.85,46.85,278394.0
2020-04-15 13:30:00,NSE:SPICEJET,46.85,47.05,46.35,46.4,449300.0
2020-04-15 14:15:00,NSE:SPICEJET,46.35,46.5,46.2,46.4,437923.0
2020-04-15 15:00:00,NSE:SPICEJET,46.4,46.4,46.2,46.2,126300.0
2020-04-16 09:00:00,NSE:SPICEJET,44.5,45.9,44.1,45.7,489511.0
2020-04-16 09:45:00,NSE:SPICEJET,45.7,45.85,45.0,45.3,352778.0
2020-04-16 10:30:00,NSE:SPICEJET,45.3,47.9,45.3,46.6,698053.0
2020-04-16 11:15:00,NSE:SPICEJET,46.65,47.0,46.4,46.75,188756.0
2020-04-16 12:00:00,NSE:SPICEJET,46.75,46.9,46.6,46.75,148209.0
2020-04-16 12:45:00,NSE:SPICEJET,46.8,47.2,46.7,46.9,172225.0
2020-04-16 13:30:00,NSE:SPICEJET,46.9,46.95,46.35,46.35,174009.0
2020-04-16 14:15:00,NSE:SPICEJET,46.4,46.8,46.35,46.75,132453.0
2020-04-16 15:00:00,NSE:SPICEJET,46.65,47.15,46.4,46.75,306102.0
2020-04-17 09:00:00,NSE:SPICEJET,47.5,48.5,47.2,47.4,504812.0
2020-04-17 09:45:00,NSE:SPICEJET,47.4,47.8,47.3,47.4,271473.0
2020-04-17 10:30:00,NSE:SPICEJET,47.5,47.5,47.15,47.15,182318.0
2020-04-17 11:15:00,NSE:SPICEJET,47.2,47.45,47.0,47.05,149386.0
2020-04-17 12:00:00,NSE:SPICEJET,47.25,47.35,47.0,47.2,164076.0
2020-04-17 12:45:00,NSE:SPICEJET,47.25,47.35,47.1,47.1,209688.0
2020-04-17 13:30:00,NSE:SPICEJET,47.15,47.45,47.1,47.35,121333.0
2020-04-17 14:15:00,NSE:SPICEJET,47.35,48.8,47.3,48.7,1075606.0
2020-04-17 15:00:00,NSE:SPICEJET,48.75,48.75,48.3,48.55,617095.0
2020-04-20 09:00:00,NSE:SPICEJET,48.7,49.0,47.15,47.95,613222.0
2020-04-20 09:45:00,NSE:SPICEJET,47.8,48.0,47.6,47.8,273902.0
2020-04-20 10:30:00,NSE:SPICEJET,47.8,48.1,47.7,47.95,164966.0
2020-04-20 11:15:00,NSE:SPICEJET,47.95,47.95,47.65,47.8,132523.0
2020-04-20 12:00:00,NSE:SPICEJET,47.8,48.0,47.7,47.9,108323.0
2020-04-20 12:45:00,NSE:SPICEJET,47.9,48.0,47.7,47.95,100081.0
2020-04-20 13:30:00,NSE:SPICEJET,47.95,48.1,47.8,47.95,108329.0
2020-04-20 14:15:00,NSE:SPICEJET,47.95,48.1,47.75,47.8,156353.0
2020-04-20 15:00:00,NSE:SPICEJET,47.8,47.95,47.6,47.75,197514.0
2020-04-21 09:00:00,NSE:SPICEJET,45.8,47.0,45.4,45.4,367558.0
2020-04-21 09:45:00,NSE:SPICEJET,45.4,46.4,45.4,45.8,504533.0
2020-04-21 10:30:00,NSE:SPICEJET,45.9,46.15,45.7,46.0,133523.0
2020-04-21 11:15:00,NSE:SPICEJET,46.0,46.15,45.5,45.85,122046.0
2020-04-21 12:00:00,NSE:SPICEJET,45.85,45.85,45.4,45.4,173881.0
2020-04-21 12:45:00,NSE:SPICEJET,45.4,45.4,45.4,45.4,77838.0
2020-04-21 13:30:00,NSE:SPICEJET,45.4,45.4,45.4,45.4,44583.0
2020-04-21 14:15:00,NSE:SPICEJET,45.4,45.75,45.4,45.4,393316.0
2020-04-21 15:00:00,NSE:SPICEJET,45.4,46.2,45.4,45.85,468638.0
2020-04-22 09:00:00,NSE:SPICEJET,45.4,45.5,43.65,43.7,295808.0
2020-04-22 09:45:00,NSE:SPICEJET,43.7,43.95,43.6,43.75,243476.0
2020-04-22 10:30:00,NSE:SPICEJET,43.75,44.3,43.6,44.3,204498.0
2020-04-22 11:15:00,NSE:SPICEJET,44.3,44.4,43.85,44.2,108504.0
2020-04-22 12:00:00,NSE:SPICEJET,44.2,44.4,44.0,44.1,80692.0
2020-04-22 12:45:00,NSE:SPICEJET,44.15,44.2,43.9,44.15,73489.0
2020-04-22 13:30:00,NSE:SPICEJET,44.15,44.2,43.6,44.0,241396.0
2020-04-22 14:15:00,NSE:SPICEJET,44.0,44.2,43.8,44.15,172637.0
2020-04-22 15:00:00,NSE:SPICEJET,44.15,44.4,44.0,44.25,168913.0
2020-04-23 09:00:00,NSE:SPICEJET,44.5,45.95,44.25,44.8,188236.0
2020-04-23 09:45:00,NSE:SPICEJET,44.8,45.05,44.55,44.9,154802.0
2020-04-23 10:30:00,NSE:SPICEJET,44.9,45.0,44.6,44.75,105975.0
2020-04-23 11:15:00,NSE:SPICEJET,44.7,45.0,44.65,44.9,78878.0
2020-04-23 12:00:00,NSE:SPICEJET,44.9,45.0,44.8,44.95,69998.0
2020-04-23 12:45:00,NSE:SPICEJET,44.95,44.95,44.4,44.65,119114.0
2020-04-23 13:30:00,NSE:SPICEJET,44.65,44.85,44.45,44.75,88384.0
2020-04-23 14:15:00,NSE:SPICEJET,44.65,44.75,44.25,44.5,119255.0
2020-04-23 15:00:00,NSE:SPICEJET,44.5,44.55,44.25,44.4,86211.0
2020-04-24 09:00:00,NSE:SPICEJET,44.3,44.45,43.5,43.9,185997.0
2020-04-24 09:45:00,NSE:SPICEJET,43.9,44.1,43.0,43.4,207649.0
2020-04-24 10:30:00,NSE:SPICEJET,43.25,44.0,43.0,43.4,169980.0
2020-04-24 11:15:00,NSE:SPICEJET,43.5,43.65,42.65,42.65,242637.0
2020-04-24 12:00:00,NSE:SPICEJET,42.65,43.05,42.5,43.0,139825.0
2020-04-24 12:45:00,NSE:SPICEJET,43.0,43.1,42.6,42.7,150592.0
2020-04-24 13:30:00,NSE:SPICEJET,42.7,43.2,42.5,42.6,149603.0
2020-04-24 14:15:00,NSE:SPICEJET,42.55,42.9,42.25,42.7,196386.0
2020-04-24 15:00:00,NSE:SPICEJET,42.65,43.0,42.3,42.6,167617.0
2020-04-27 09:00:00,NSE:SPICEJET,44.0,44.0,43.0,43.4,355505.0
2020-04-27 09:45:00,NSE:SPICEJET,43.5,43.5,43.1,43.2,122841.0
2020-04-27 10:30:00,NSE:SPICEJET,43.1,43.2,42.65,42.95,182368.0
2020-04-27 11:15:00,NSE:SPICEJET,43.0,43.2,42.9,43.0,99099.0
2020-04-27 12:00:00,NSE:SPICEJET,43.0,43.15,42.95,43.0,90321.0
2020-04-27 12:45:00,NSE:SPICEJET,43.1,43.75,43.0,43.6,281086.0
2020-04-27 13:30:00,NSE:SPICEJET,43.6,43.75,43.2,43.5,132782.0
2020-04-27 14:15:00,NSE:SPICEJET,43.5,43.65,43.3,43.45,128864.0
2020-04-27 15:00:00,NSE:SPICEJET,43.5,43.6,43.1,43.35,147129.0
2020-04-28 09:00:00,NSE:SPICEJET,43.5,43.95,42.8,43.35,211555.0
2020-04-28 09:45:00,NSE:SPICEJET,43.3,43.5,43.0,43.35,147297.0
2020-04-28 10:30:00,NSE:SPICEJET,43.4,43.55,43.25,43.25,119435.0
2020-04-28 11:15:00,NSE:SPICEJET,43.25,43.3,43.0,43.1,88964.0
2020-04-28 12:00:00,NSE:SPICEJET,43.1,43.2,42.9,43.0,89567.0
2020-04-28 12:45:00,NSE:SPICEJET,42.95,43.25,42.85,43.0,122735.0
2020-04-28 13:30:00,NSE:SPICEJET,43.0,43.4,42.9,43.25,196280.0
2020-04-28 14:15:00,NSE:SPICEJET,43.2,43.3,42.8,43.0,210109.0
2020-04-28 15:00:00,NSE:SPICEJET,42.95,43.2,42.9,43.05,194837.0
2020-04-29 09:00:00,NSE:SPICEJET,43.6,43.6,42.7,42.95,237334.0
2020-04-29 09:45:00,NSE:SPICEJET,42.95,43.25,42.9,43.15,154493.0
2020-04-29 10:30:00,NSE:SPICEJET,43.15,43.6,43.1,43.1,322460.0
2020-04-29 11:15:00,NSE:SPICEJET,43.1,43.4,43.1,43.15,130686.0
2020-04-29 12:00:00,NSE:SPICEJET,43.2,43.35,43.1,43.15,134990.0
2020-04-29 12:45:00,NSE:SPICEJET,43.15,43.3,43.0,43.0,169114.0
2020-04-29 13:30:00,NSE:SPICEJET,43.05,43.2,43.0,43.0,106479.0
2020-04-29 14:15:00,NSE:SPICEJET,43.05,43.1,42.9,42.9,168508.0
2020-04-29 15:00:00,NSE:SPICEJET,42.9,43.1,42.9,43.0,164264.0
2020-04-30 09:00:00,NSE:SPICEJET,43.85,44.0,41.5,43.6,474122.0
2020-04-30 09:45:00,NSE:SPICEJET,43.6,44.8,43.3,44.4,1095253.0
2020-04-30 10:30:00,NSE:SPICEJET,44.3,44.45,44.0,44.35,263316.0
2020-04-30 11:15:00,NSE:SPICEJET,44.4,45.15,44.35,45.1,2511114.0
2020-04-30 12:00:00,NSE:SPICEJET,45.1,45.15,44.9,44.95,730635.0
2020-04-30 12:45:00,NSE:SPICEJET,44.9,45.15,44.45,44.95,525978.0
2020-04-30 13:30:00,NSE:SPICEJET,44.85,45.15,44.7,45.15,437000.0
2020-04-30 14:15:00,NSE:SPICEJET,45.15,45.15,44.7,44.9,497584.0
2020-04-30 15:00:00,NSE:SPICEJET,44.8,45.05,44.55,44.8,563991.0
2020-05-04 09:00:00,NSE:SPICEJET,42.6,43.2,42.6,42.6,422817.0
2020-05-04 09:45:00,NSE:SPICEJET,42.6,42.6,42.6,42.6,111558.0
2020-05-04 10:30:00,NSE:SPICEJET,42.6,42.6,42.6,42.6,112711.0
2020-05-04 11:15:00,NSE:SPICEJET,42.6,42.6,42.6,42.6,70639.0
2020-05-04 12:00:00,NSE:SPICEJET,42.6,42.6,42.6,42.6,47823.0
2020-05-04 12:45:00,NSE:SPICEJET,42.6,42.6,42.6,42.6,48114.0
2020-05-04 13:30:00,NSE:SPICEJET,42.6,42.6,42.6,42.6,34486.0
2020-05-04 14:15:00,NSE:SPICEJET,42.6,42.6,42.6,42.6,43957.0
2020-05-04 15:00:00,NSE:SPICEJET,42.6,42.6,42.6,42.6,47272.0
2020-05-05 09:00:00,NSE:SPICEJET,40.75,41.4,40.5,40.5,1082620.0
2020-05-05 09:45:00,NSE:SPICEJET,40.5,40.5,40.5,40.5,126342.0
2020-05-05 10:30:00,NSE:SPICEJET,40.5,42.3,40.5,41.55,1478839.0
2020-05-05 11:15:00,NSE:SPICEJET,41.55,41.6,40.5,40.6,545275.0
2020-05-05 12:00:00,NSE:SPICEJET,40.6,40.8,40.5,40.7,297957.0
2020-05-05 12:45:00,NSE:SPICEJET,40.7,42.5,40.55,41.1,544479.0
2020-05-05 13:30:00,NSE:SPICEJET,41.1,41.65,41.1,41.3,277377.0
2020-05-05 14:15:00,NSE:SPICEJET,41.3,41.4,40.5,40.5,437936.0
2020-05-05 15:00:00,NSE:SPICEJET,40.55,40.75,40.5,40.55,188671.0
2020-05-06 09:00:00,NSE:SPICEJET,41.4,41.4,38.7,39.25,421786.0
2020-05-06 09:45:00,NSE:SPICEJET,39.4,39.9,39.2,39.75,234584.0
2020-05-06 10:30:00,NSE:SPICEJET,39.75,39.9,39.25,39.55,217557.0
2020-05-06 11:15:00,NSE:SPICEJET,39.55,39.65,39.0,39.05,236124.0
2020-05-06 12:00:00,NSE:SPICEJET,39.05,39.2,39.05,39.05,144107.0
2020-05-06 12:45:00,NSE:SPICEJET,39.1,39.15,39.0,39.05,169947.0
2020-05-06 13:30:00,NSE:SPICEJET,39.1,39.2,39.0,39.2,172801.0
2020-05-06 14:15:00,NSE:SPICEJET,39.05,39.2,39.0,39.05,149419.0
2020-05-06 15:00:00,NSE:SPICEJET,39.1,40.5,39.0,39.65,478815.0
2020-05-07 09:00:00,NSE:SPICEJET,40.0,41.0,39.7,40.5,276854.0
2020-05-07 09:45:00,NSE:SPICEJET,40.5,40.7,40.25,40.35,168806.0
2020-05-07 10:30:00,NSE:SPICEJET,40.4,40.6,40.0,40.05,130945.0
2020-05-07 11:15:00,NSE:SPICEJET,40.05,40.15,40.0,40.05,119693.0
2020-05-07 12:00:00,NSE:SPICEJET,40.15,40.3,40.05,40.15,116036.0
2020-05-07 12:45:00,NSE:SPICEJET,40.15,40.25,40.0,40.05,89051.0
2020-05-07 13:30:00,NSE:SPICEJET,40.05,40.15,39.85,39.9,134899.0
2020-05-07 14:15:00,NSE:SPICEJET,39.9,40.05,39.85,39.95,71473.0
2020-05-07 15:00:00,NSE:SPICEJET,39.95,40.25,39.9,40.1,135924.0
2020-05-08 09:00:00,NSE:SPICEJET,40.8,41.0,39.75,39.85,196583.0
2020-05-08 09:45:00,NSE:SPICEJET,39.85,40.0,39.6,39.65,198915.0
2020-05-08 10:30:00,NSE:SPICEJET,39.65,39.85,39.55,39.6,132746.0
2020-05-08 11:15:00,NSE:SPICEJET,39.7,39.8,39.45,39.5,252080.0
2020-05-08 12:00:00,NSE:SPICEJET,39.5,39.7,39.35,39.35,149376.0
2020-05-08 12:45:00,NSE:SPICEJET,39.35,39.45,39.15,39.25,104224.0
2020-05-08 13:30:00,NSE:SPICEJET,39.25,39.45,38.6,38.85,398314.0
2020-05-08 14:15:00,NSE:SPICEJET,38.9,39.0,38.7,38.95,167747.0
2020-05-08 15:00:00,NSE:SPICEJET,38.85,39.05,38.8,38.9,195260.0
2020-05-11 09:00:00,NSE:SPICEJET,40.8,40.8,40.1,40.8,2119028.0
2020-05-11 09:45:00,NSE:SPICEJET,40.8,40.8,39.65,40.0,1030518.0
2020-05-11 10:30:00,NSE:SPICEJET,40.0,40.25,39.65,40.0,594337.0
2020-05-11 11:15:00,NSE:SPICEJET,40.05,40.5,39.85,40.4,339684.0
2020-05-11 12:00:00,NSE:SPICEJET,40.3,40.8,40.25,40.4,371510.0
2020-05-11 12:45:00,NSE:SPICEJET,40.35,40.8,40.3,40.8,495781.0
2020-05-11 13:30:00,NSE:SPICEJET,40.8,40.8,40.8,40.8,44484.0
2020-05-11 14:15:00,NSE:SPICEJET,40.8,40.8,40.8,40.8,55300.0
2020-05-11 15:00:00,NSE:SPICEJET,40.8,40.8,40.8,40.8,272982.0
2020-05-12 09:00:00,NSE:SPICEJET,42.4,42.8,41.0,42.5,2479279.0
2020-05-12 09:45:00,NSE:SPICEJET,42.6,42.8,42.15,42.8,1499201.0
2020-05-12 10:30:00,NSE:SPICEJET,42.8,42.8,42.8,42.8,58009.0
2020-05-12 11:15:00,NSE:SPICEJET,42.8,42.8,42.5,42.7,1722112.0
2020-05-12 12:00:00,NSE:SPICEJET,42.7,42.8,42.6,42.8,270255.0
2020-05-12 12:45:00,NSE:SPICEJET,42.8,42.8,42.8,42.8,52191.0
2020-05-12 13:30:00,NSE:SPICEJET,42.8,42.8,42.8,42.8,35687.0
2020-05-12 14:15:00,NSE:SPICEJET,42.8,42.8,42.8,42.8,26720.0
2020-05-12 15:00:00,NSE:SPICEJET,42.8,42.8,42.8,42.8,38509.0
2020-05-13 09:00:00,NSE:SPICEJET,44.9,44.9,44.9,44.9,246323.0
2020-05-13 09:45:00,NSE:SPICEJET,44.9,44.9,44.9,44.9,103820.0
2020-05-13 10:30:00,NSE:SPICEJET,44.9,44.9,44.9,44.9,43053.0
2020-05-13 11:15:00,NSE:SPICEJET,44.9,44.9,44.9,44.9,29514.0
2020-05-13 12:00:00,NSE:SPICEJET,44.9,44.9,44.9,44.9,19378.0
2020-05-13 12:45:00,NSE:SPICEJET,44.9,44.9,44.9,44.9,48302.0
2020-05-13 13:30:00,NSE:SPICEJET,44.9,44.9,44.9,44.9,21163.0
2020-05-13 14:15:00,NSE:SPICEJET,44.9,44.9,44.9,44.9,24200.0
2020-05-13 15:00:00,NSE:SPICEJET,44.9,44.9,44.9,44.9,14863.0
2020-05-14 09:00:00,NSE:SPICEJET,46.0,46.1,43.2,45.75,2460369.0
2020-05-14 09:45:00,NSE:SPICEJET,45.75,45.75,43.75,43.85,1053820.0
2020-05-14 10:30:00,NSE:SPICEJET,43.7,45.35,43.7,44.6,500862.0
2020-05-14 11:15:00,NSE:SPICEJET,44.6,44.75,44.05,44.5,242632.0
2020-05-14 12:00:00,NSE:SPICEJET,44.5,44.9,44.5,44.55,208645.0
2020-05-14 12:45:00,NSE:SPICEJET,44.55,44.7,44.3,44.3,181573.0
2020-05-14 13:30:00,NSE:SPICEJET,44.4,44.45,43.55,43.55,394844.0
2020-05-14 14:15:00,NSE:SPICEJET,43.55,44.0,43.5,43.7,309512.0
2020-05-14 15:00:00,NSE:SPICEJET,43.7,43.9,43.0,43.45,703357.0
2020-05-15 09:00:00,NSE:SPICEJET,43.55,44.2,41.5,42.55,531072.0
2020-05-15 09:45:00,NSE:SPICEJET,42.5,42.8,41.9,42.3,371481.0
2020-05-15 10:30:00,NSE:SPICEJET,42.3,42.45,41.8,42.2,289964.0
2020-05-15 11:15:00,NSE:SPICEJET,42.2,42.3,41.95,42.15,236930.0
2020-05-15 12:00:00,NSE:SPICEJET,42.15,42.3,42.0,42.15,183713.0
2020-05-15 12:45:00,NSE:SPICEJET,42.15,44.85,42.15,44.85,1344504.0
2020-05-15 13:30:00,NSE:SPICEJET,44.8,45.3,44.3,44.75,1316633.0
2020-05-15 14:15:00,NSE:SPICEJET,44.7,45.6,44.55,45.6,1561523.0
2020-05-15 15:00:00,NSE:SPICEJET,45.6,45.6,45.6,45.6,188597.0
2020-05-18 09:00:00,NSE:SPICEJET,43.55,43.85,43.35,43.35,720806.0
2020-05-18 09:45:00,NSE:SPICEJET,43.35,43.35,43.35,43.35,47222.0
2020-05-18 10:30:00,NSE:SPICEJET,43.35,43.35,43.35,43.35,43784.0
2020-05-18 11:15:00,NSE:SPICEJET,43.35,43.35,43.35,43.35,27514.0
2020-05-18 12:00:00,NSE:SPICEJET,43.35,43.35,43.35,43.35,25453.0
2020-05-18 12:45:00,NSE:SPICEJET,43.35,43.35,43.35,43.35,18043.0
2020-05-18 13:30:00,NSE:SPICEJET,43.35,43.35,43.35,43.35,25915.0
2020-05-18 14:15:00,NSE:SPICEJET,43.35,43.35,43.35,43.35,27109.0
2020-05-18 15:00:00,NSE:SPICEJET,43.35,43.35,43.35,43.35,17887.0
2020-05-19 09:00:00,NSE:SPICEJET,41.95,43.2,41.2,41.2,964381.0
2020-05-19 09:45:00,NSE:SPICEJET,41.2,42.0,41.2,41.2,1445490.0
2020-05-19 10:30:00,NSE:SPICEJET,41.2,41.2,41.2,41.2,1417290.0
2020-05-19 11:15:00,NSE:SPICEJET,41.2,41.2,41.2,41.2,116994.0
2020-05-19 12:00:00,NSE:SPICEJET,41.2,41.2,41.2,41.2,66164.0
2020-05-19 12:45:00,NSE:SPICEJET,41.2,41.2,41.2,41.2,76861.0
2020-05-19 13:30:00,NSE:SPICEJET,41.2,41.2,41.2,41.2,41768.0
2020-05-19 14:15:00,NSE:SPICEJET,41.2,41.2,41.2,41.2,33266.0
2020-05-19 15:00:00,NSE:SPICEJET,41.2,41.2,41.2,41.2,65111.0
2020-05-20 09:00:00,NSE:SPICEJET,40.2,41.55,39.6,40.7,1725543.0
2020-05-20 09:45:00,NSE:SPICEJET,40.75,41.45,40.7,40.9,642175.0
2020-05-20 10:30:00,NSE:SPICEJET,40.9,40.95,40.6,40.6,243849.0
2020-05-20 11:15:00,NSE:SPICEJET,40.6,42.65,40.6,42.1,572545.0
2020-05-20 12:00:00,NSE:SPICEJET,42.25,42.25,40.9,40.95,681682.0
2020-05-20 12:45:00,NSE:SPICEJET,40.95,41.45,40.6,40.75,480190.0
2020-05-20 13:30:00,NSE:SPICEJET,40.75,40.95,40.65,40.85,267982.0
2020-05-20 14:15:00,NSE:SPICEJET,40.85,41.2,40.7,40.85,544450.0
2020-05-20 15:00:00,NSE:SPICEJET,40.85,41.2,40.7,40.85,690994.0
2020-05-21 09:00:00,NSE:SPICEJET,42.85,42.85,42.85,42.85,183658.0
2020-05-21 09:45:00,NSE:SPICEJET,42.85,42.85,42.85,42.85,49173.0
2020-05-21 10:30:00,NSE:SPICEJET,42.85,42.85,42.85,42.85,17961.0
2020-05-21 11:15:00,NSE:SPICEJET,42.85,42.85,42.85,42.85,14683.0
2020-05-21 12:00:00,NSE:SPICEJET,42.85,42.85,42.85,42.85,15695.0
2020-05-21 12:45:00,NSE:SPICEJET,42.85,42.85,42.85,42.85,5467.0
2020-05-21 13:30:00,NSE:SPICEJET,42.85,42.85,42.85,42.85,6483.0
2020-05-21 14:15:00,NSE:SPICEJET,42.85,42.85,42.85,42.85,25150.0
2020-05-21 15:00:00,NSE:SPICEJET,42.85,42.85,42.85,42.85,20843.0
2020-05-22 09:00:00,NSE:SPICEJET,44.95,44.95,44.95,44.95,367282.0
2020-05-22 09:45:00,NSE:SPICEJET,44.95,44.95,44.95,44.95,81565.0
2020-05-22 10:30:00,NSE:SPICEJET,44.95,44.95,44.95,44.95,150924.0
2020-05-22 11:15:00,NSE:SPICEJET,44.95,44.95,44.95,44.95,41643.0
2020-05-22 12:00:00,NSE:SPICEJET,44.95,44.95,44.95,44.95,24670.0
2020-05-22 12:45:00,NSE:SPICEJET,44.95,44.95,44.95,44.95,64912.0
2020-05-22 13:30:00,NSE:SPICEJET,44.95,44.95,44.95,44.95,400563.0
2020-05-22 14:15:00,NSE:SPICEJET,44.95,44.95,44.95,44.95,32861.0
2020-05-22 15:00:00,NSE:SPICEJET,44.95,44.95,44.95,44.95,20759.0
2020-05-26 09:00:00,NSE:SPICEJET,45.85,45.85,43.3,44.15,3100053.0
2020-05-26 09:45:00,NSE:SPICEJET,44.1,44.25,43.5,44.0,999278.0
2020-05-26 10:30:00,NSE:SPICEJET,44.0,44.35,43.7,44.25,697450.0
2020-05-26 11:15:00,NSE:SPICEJET,44.35,44.65,44.0,44.5,378350.0
2020-05-26 12:00:00,NSE:SPICEJET,44.45,44.8,43.9,43.95,507838.0
2020-05-26 12:45:00,NSE:SPICEJET,43.95,44.0,43.4,43.7,423737.0
2020-05-26 13:30:00,NSE:SPICEJET,43.75,43.95,43.45,43.5,233952.0
2020-05-26 14:15:00,NSE:SPICEJET,43.5,43.95,43.4,43.9,224017.0
2020-05-26 15:00:00,NSE:SPICEJET,43.9,44.35,43.7,44.05,599501.0
2020-05-27 09:00:00,NSE:SPICEJET,43.9,43.95,42.5,42.9,591835.0
2020-05-27 09:45:00,NSE:SPICEJET,42.9,43.0,42.75,42.85,186034.0
2020-05-27 10:30:00,NSE:SPICEJET,42.85,42.95,42.75,42.95,133305.0
2020-05-27 11:15:00,NSE:SPICEJET,42.9,43.4,42.85,43.2,303347.0
2020-05-27 12:00:00,NSE:SPICEJET,43.25,43.3,42.9,43.15,176509.0
2020-05-27 12:45:00,NSE:SPICEJET,43.15,43.15,42.9,42.95,156857.0
2020-05-27 13:30:00,NSE:SPICEJET,42.95,43.25,42.9,43.05,354832.0
2020-05-27 14:15:00,NSE:SPICEJET,43.1,43.2,43.0,43.2,170654.0
2020-05-27 15:00:00,NSE:SPICEJET,43.2,43.2,42.85,43.0,541525.0
2020-05-28 09:00:00,NSE:SPICEJET,42.8,43.55,42.0,43.3,590884.0
2020-05-28 09:45:00,NSE:SPICEJET,43.3,43.6,43.0,43.55,727978.0
2020-05-28 10:30:00,NSE:SPICEJET,43.45,43.7,43.3,43.35,310457.0
2020-05-28 11:15:00,NSE:SPICEJET,43.4,44.15,43.35,43.65,500465.0
2020-05-28 12:00:00,NSE:SPICEJET,43.6,44.95,43.6,44.95,1119013.0
2020-05-28 12:45:00,NSE:SPICEJET,44.9,45.15,44.4,44.75,2142249.0
2020-05-28 13:30:00,NSE:SPICEJET,44.75,45.0,44.6,44.65,386002.0
2020-05-28 14:15:00,NSE:SPICEJET,44.65,45.15,44.6,45.15,1790478.0
2020-05-28 15:00:00,NSE:SPICEJET,45.15,45.15,44.8,45.05,810649.0
2020-05-29 09:00:00,NSE:SPICEJET,44.4,44.65,43.5,44.2,529894.0
2020-05-29 09:45:00,NSE:SPICEJET,44.2,44.2,44.0,44.05,282787.0
2020-05-29 10:30:00,NSE:SPICEJET,44.05,44.85,44.0,44.75,340594.0
2020-05-29 11:15:00,NSE:SPICEJET,44.75,46.45,44.4,44.8,1665277.0
2020-05-29 12:00:00,NSE:SPICEJET,44.8,45.1,44.7,44.9,297831.0
2020-05-29 12:45:00,NSE:SPICEJET,44.85,45.35,44.75,45.2,339740.0
2020-05-29 13:30:00,NSE:SPICEJET,45.2,45.5,45.0,45.4,447068.0
2020-05-29 14:15:00,NSE:SPICEJET,45.4,45.5,45.0,45.05,577179.0
2020-05-29 15:00:00,NSE:SPICEJET,45.0,45.05,43.5,43.9,1742680.0
2020-06-01 09:00:00,NSE:SPICEJET,45.0,45.4,44.6,44.9,684676.0
2020-06-01 09:45:00,NSE:SPICEJET,44.9,44.9,44.6,44.8,414733.0
2020-06-01 10:30:00,NSE:SPICEJET,44.75,44.9,44.65,44.85,309290.0
2020-06-01 11:15:00,NSE:SPICEJET,44.8,44.9,44.65,44.75,294992.0
2020-06-01 12:00:00,NSE:SPICEJET,44.75,44.8,44.5,44.65,399826.0
2020-06-01 12:45:00,NSE:SPICEJET,44.65,44.7,44.55,44.7,286748.0
2020-06-01 13:30:00,NSE:SPICEJET,44.65,44.8,44.4,44.45,384658.0
2020-06-01 14:15:00,NSE:SPICEJET,44.5,44.55,44.25,44.4,303481.0
2020-06-01 15:00:00,NSE:SPICEJET,44.4,44.5,44.2,44.3,443262.0
2020-06-02 09:00:00,NSE:SPICEJET,44.5,44.6,43.65,43.9,506803.0
2020-06-02 09:45:00,NSE:SPICEJET,43.9,44.3,43.9,43.95,395195.0
2020-06-02 10:30:00,NSE:SPICEJET,43.9,44.1,43.9,44.0,190444.0
2020-06-02 11:15:00,NSE:SPICEJET,44.0,44.1,43.9,43.95,191354.0
2020-06-02 12:00:00,NSE:SPICEJET,44.0,44.0,43.8,43.8,249891.0
2020-06-02 12:45:00,NSE:SPICEJET,43.8,43.9,43.75,43.75,224767.0
2020-06-02 13:30:00,NSE:SPICEJET,43.75,44.1,43.75,43.95,248983.0
2020-06-02 14:15:00,NSE:SPICEJET,43.95,44.0,43.8,43.8,257447.0
2020-06-02 15:00:00,NSE:SPICEJET,43.8,44.0,43.8,43.9,399398.0
2020-06-03 09:00:00,NSE:SPICEJET,44.0,44.85,44.0,44.6,1006347.0
2020-06-03 09:45:00,NSE:SPICEJET,44.6,45.9,44.55,45.5,2367806.0
2020-06-03 10:30:00,NSE:SPICEJET,45.5,45.5,44.75,45.0,745386.0
2020-06-03 11:15:00,NSE:SPICEJET,45.0,45.5,44.9,45.4,446348.0
2020-06-03 12:00:00,NSE:SPICEJET,45.4,45.7,45.2,45.35,381751.0
2020-06-03 12:45:00,NSE:SPICEJET,45.35,45.4,45.1,45.15,222340.0
2020-06-03 13:30:00,NSE:SPICEJET,45.15,45.3,45.1,45.3,197528.0
2020-06-03 14:15:00,NSE:SPICEJET,45.25,45.3,44.9,44.9,375310.0
2020-06-03 15:00:00,NSE:SPICEJET,44.9,44.95,44.4,44.65,652924.0
2020-06-04 09:00:00,NSE:SPICEJET,45.0,45.2,44.6,44.85,477207.0
2020-06-04 09:45:00,NSE:SPICEJET,44.9,45.95,44.85,45.25,879778.0
2020-06-04 10:30:00,NSE:SPICEJET,45.2,45.3,45.1,45.15,160312.0
2020-06-04 11:15:00,NSE:SPICEJET,45.1,45.15,44.8,45.1,472863.0
2020-06-04 12:00:00,NSE:SPICEJET,45.05,45.75,45.05,45.5,865507.0
2020-06-04 12:45:00,NSE:SPICEJET,45.5,45.8,45.4,45.7,425467.0
2020-06-04 13:30:00,NSE:SPICEJET,45.7,46.85,45.5,46.85,1687236.0
2020-06-04 14:15:00,NSE:SPICEJET,46.85,46.85,46.85,46.85,285364.0
2020-06-04 15:00:00,NSE:SPICEJET,46.85,46.85,46.85,46.85,119482.0
2020-06-05 09:00:00,NSE:SPICEJET,48.9,51.5,48.1,51.5,5140878.0
2020-06-05 09:45:00,NSE:SPICEJET,51.5,51.5,51.5,51.5,269675.0
2020-06-05 10:30:00,NSE:SPICEJET,51.5,51.5,51.5,51.5,136500.0
2020-06-05 11:15:00,NSE:SPICEJET,51.5,51.5,51.5,51.5,71341.0
2020-06-05 12:00:00,NSE:SPICEJET,51.5,51.5,51.5,51.5,68888.0
2020-06-05 12:45:00,NSE:SPICEJET,51.5,51.5,51.5,51.5,54007.0
2020-06-05 13:30:00,NSE:SPICEJET,51.5,51.5,51.5,51.5,84025.0
2020-06-05 14:15:00,NSE:SPICEJET,51.5,51.5,51.5,51.5,94984.0
2020-06-05 15:00:00,NSE:SPICEJET,51.5,51.5,51.5,51.5,44508.0
2020-06-08 09:00:00,NSE:SPICEJET,56.65,56.65,53.5,56.65,4086821.0
2020-06-08 09:45:00,NSE:SPICEJET,56.65,56.65,55.0,56.65,3960525.0
2020-06-08 10:30:00,NSE:SPICEJET,56.65,56.65,56.65,56.65,114492.0
2020-06-08 11:15:00,NSE:SPICEJET,56.65,56.65,56.65,56.65,77324.0
2020-06-08 12:00:00,NSE:SPICEJET,56.65,56.65,56.65,56.65,60848.0
2020-06-08 12:45:00,NSE:SPICEJET,56.65,56.65,56.65,56.65,196213.0
2020-06-08 13:30:00,NSE:SPICEJET,56.65,56.65,56.65,56.65,56076.0
2020-06-08 14:15:00,NSE:SPICEJET,56.65,56.65,56.65,56.65,251842.0
2020-06-08 15:00:00,NSE:SPICEJET,56.65,56.65,56.65,56.65,70353.0
2020-06-09 09:00:00,NSE:SPICEJET,61.0,61.0,54.5,54.75,4675366.0
2020-06-09 09:45:00,NSE:SPICEJET,54.6,56.25,54.6,55.6,1653893.0
2020-06-09 10:30:00,NSE:SPICEJET,55.6,56.75,55.4,55.85,1216246.0
2020-06-09 11:15:00,NSE:SPICEJET,55.9,56.1,55.6,56.1,448094.0
2020-06-09 12:00:00,NSE:SPICEJET,56.05,56.3,55.8,55.9,477461.0
2020-06-09 12:45:00,NSE:SPICEJET,55.95,56.05,55.3,55.65,414068.0
2020-06-09 13:30:00,NSE:SPICEJET,55.7,55.8,54.9,55.05,460362.0
2020-06-09 14:15:00,NSE:SPICEJET,55.0,55.2,54.5,55.0,711272.0
2020-06-09 15:00:00,NSE:SPICEJET,55.0,55.8,54.95,55.35,712418.0
2020-06-10 09:00:00,NSE:SPICEJET,55.0,55.0,51.15,53.3,1724435.0
2020-06-10 09:45:00,NSE:SPICEJET,53.3,53.4,52.0,52.75,531246.0
2020-06-10 10:30:00,NSE:SPICEJET,52.75,53.25,52.05,52.5,417266.0
2020-06-10 11:15:00,NSE:SPICEJET,52.45,52.7,52.2,52.3,174231.0
2020-06-10 12:00:00,NSE:SPICEJET,52.3,52.7,52.2,52.4,207425.0
2020-06-10 12:45:00,NSE:SPICEJET,52.5,52.65,52.2,52.35,232237.0
2020-06-10 13:30:00,NSE:SPICEJET,52.25,52.4,51.9,52.2,318339.0
2020-06-10 14:15:00,NSE:SPICEJET,52.15,52.5,51.95,52.15,364279.0
2020-06-10 15:00:00,NSE:SPICEJET,52.15,52.45,51.75,52.15,745876.0
2020-06-11 09:00:00,NSE:SPICEJET,52.15,55.6,50.1,53.95,1218277.0
2020-06-11 09:45:00,NSE:SPICEJET,53.95,54.55,53.75,53.75,470709.0
2020-06-11 10:30:00,NSE:SPICEJET,53.8,53.85,53.0,53.2,302307.0
2020-06-11 11:15:00,NSE:SPICEJET,53.15,53.35,52.6,53.3,276071.0
2020-06-11 12:00:00,NSE:SPICEJET,53.1,53.25,52.25,52.5,202275.0
2020-06-11 12:45:00,NSE:SPICEJET,52.55,53.0,52.3,52.55,162859.0
2020-06-11 13:30:00,NSE:SPICEJET,52.8,52.8,52.3,52.3,99425.0
2020-06-11 14:15:00,NSE:SPICEJET,52.25,52.3,51.1,52.3,411225.0
2020-06-11 15:00:00,NSE:SPICEJET,52.3,52.35,51.5,51.8,306660.0
2020-06-12 09:00:00,NSE:SPICEJET,47.55,49.5,47.5,49.5,769538.0
2020-06-12 09:45:00,NSE:SPICEJET,49.45,50.0,48.5,49.1,452812.0
2020-06-12 10:30:00,NSE:SPICEJET,49.1,49.8,49.0,49.25,245417.0
2020-06-12 11:15:00,NSE:SPICEJET,49.25,49.8,49.0,49.35,206597.0
2020-06-12 12:00:00,NSE:SPICEJET,49.3,50.7,49.1,50.7,291991.0
2020-06-12 12:45:00,NSE:SPICEJET,50.7,51.7,50.05,51.7,518804.0
2020-06-12 13:30:00,NSE:SPICEJET,51.6,51.8,50.5,50.55,324293.0
2020-06-12 14:15:00,NSE:SPICEJET,51.35,51.75,50.65,51.6,282604.0
2020-06-12 15:00:00,NSE:SPICEJET,51.6,52.0,51.4,51.75,355943.0
2020-06-15 09:00:00,NSE:SPICEJET,52.0,53.75,51.5,53.2,462926.0
2020-06-15 09:45:00,NSE:SPICEJET,53.2,53.5,52.35,52.6,349596.0
2020-06-15 10:30:00,NSE:SPICEJET,52.6,52.6,51.5,51.55,217819.0
2020-06-15 11:15:00,NSE:SPICEJET,51.55,51.8,50.8,50.8,210739.0
2020-06-15 12:00:00,NSE:SPICEJET,50.95,51.15,50.5,51.15,140817.0
2020-06-15 12:45:00,NSE:SPICEJET,51.05,51.55,51.0,51.45,101881.0
2020-06-15 13:30:00,NSE:SPICEJET,51.45,51.6,50.5,51.2,278477.0
2020-06-15 14:15:00,NSE:SPICEJET,51.4,51.65,50.65,51.4,158925.0
2020-06-15 15:00:00,NSE:SPICEJET,51.4,51.65,51.0,51.35,526498.0
2020-06-16 09:00:00,NSE:SPICEJET,53.95,53.95,52.1,52.5,630210.0
2020-06-16 09:45:00,NSE:SPICEJET,52.5,52.55,51.65,51.8,215097.0
2020-06-16 10:30:00,NSE:SPICEJET,51.8,52.2,51.7,52.2,125948.0
2020-06-16 11:15:00,NSE:SPICEJET,52.05,52.3,51.8,51.95,105179.0
2020-06-16 12:00:00,NSE:SPICEJET,51.95,52.1,51.5,51.65,92353.0
2020-06-16 12:45:00,NSE:SPICEJET,51.6,52.0,49.0,49.5,450213.0
2020-06-16 13:30:00,NSE:SPICEJET,49.5,50.2,48.55,50.0,390840.0
2020-06-16 14:15:00,NSE:SPICEJET,50.05,51.25,49.85,50.7,269321.0
2020-06-16 15:00:00,NSE:SPICEJET,50.75,51.1,50.7,51.0,252829.0
2020-06-17 09:00:00,NSE:SPICEJET,50.5,52.2,50.1,51.35,468246.0
2020-06-17 09:45:00,NSE:SPICEJET,51.3,51.5,50.55,51.0,199034.0
2020-06-17 10:30:00,NSE:SPICEJET,50.95,51.2,50.6,51.0,162449.0
2020-06-17 11:15:00,NSE:SPICEJET,51.05,51.35,50.65,51.05,110722.0
2020-06-17 12:00:00,NSE:SPICEJET,51.05,51.6,51.0,51.2,97853.0
2020-06-17 12:45:00,NSE:SPICEJET,51.15,51.9,51.0,51.45,161559.0
2020-06-17 13:30:00,NSE:SPICEJET,51.45,51.45,51.0,51.1,106785.0
2020-06-17 14:15:00,NSE:SPICEJET,51.15,51.15,50.75,50.8,124465.0
2020-06-17 15:00:00,NSE:SPICEJET,50.8,51.0,50.75,50.85,178548.0
2020-06-18 09:00:00,NSE:SPICEJET,50.85,51.0,49.0,50.5,221472.0
2020-06-18 09:45:00,NSE:SPICEJET,50.5,50.7,50.35,50.5,87508.0
2020-06-18 10:30:00,NSE:SPICEJET,50.45,50.7,50.3,50.4,80389.0
2020-06-18 11:15:00,NSE:SPICEJET,50.3,50.6,50.3,50.35,70521.0
2020-06-18 12:00:00,NSE:SPICEJET,50.35,50.75,50.35,50.5,95473.0
2020-06-18 12:45:00,NSE:SPICEJET,50.5,50.6,50.35,50.35,59131.0
2020-06-18 13:30:00,NSE:SPICEJET,50.45,51.95,50.4,51.1,571679.0
2020-06-18 14:15:00,NSE:SPICEJET,51.1,51.45,50.8,51.05,185604.0
2020-06-18 15:00:00,NSE:SPICEJET,51.05,51.35,51.0,51.2,270034.0
2020-06-19 09:00:00,NSE:SPICEJET,51.7,52.2,51.05,51.3,381944.0
2020-06-19 09:45:00,NSE:SPICEJET,51.4,52.2,51.25,51.65,539460.0
2020-06-19 10:30:00,NSE:SPICEJET,51.7,51.9,51.4,51.45,149305.0
2020-06-19 11:15:00,NSE:SPICEJET,51.45,51.75,51.35,51.45,265998.0
2020-06-19 12:00:00,NSE:SPICEJET,51.45,51.5,51.3,51.5,118731.0
2020-06-19 12:45:00,NSE:SPICEJET,51.5,51.75,51.3,51.4,191138.0
2020-06-19 13:30:00,NSE:SPICEJET,51.45,51.5,50.9,50.95,444945.0
2020-06-19 14:15:00,NSE:SPICEJET,51.0,51.1,50.9,51.0,271420.0
2020-06-19 15:00:00,NSE:SPICEJET,51.0,51.2,50.85,51.0,1216687.0
2020-06-22 09:00:00,NSE:SPICEJET,51.75,51.75,51.0,51.25,579345.0
2020-06-22 09:45:00,NSE:SPICEJET,51.15,52.25,51.0,51.65,899420.0
2020-06-22 10:30:00,NSE:SPICEJET,51.65,51.7,51.3,51.45,373170.0
2020-06-22 11:15:00,NSE:SPICEJET,51.45,51.5,51.0,51.1,284894.0
2020-06-22 12:00:00,NSE:SPICEJET,51.1,51.45,51.0,51.1,371782.0
2020-06-22 12:45:00,NSE:SPICEJET,51.15,51.4,51.0,51.35,516254.0
2020-06-22 13:30:00,NSE:SPICEJET,51.3,51.5,51.25,51.25,270420.0
2020-06-22 14:15:00,NSE:SPICEJET,51.25,51.35,51.15,51.2,329375.0
2020-06-22 15:00:00,NSE:SPICEJET,51.2,51.3,51.0,51.15,549568.0
2020-06-23 09:00:00,NSE:SPICEJET,51.5,51.7,51.2,51.25,350574.0
2020-06-23 09:45:00,NSE:SPICEJET,51.25,51.35,51.0,51.2,217711.0
2020-06-23 10:30:00,NSE:SPICEJET,51.15,51.9,51.15,51.5,519129.0
2020-06-23 11:15:00,NSE:SPICEJET,51.55,51.7,51.3,51.5,178065.0
2020-06-23 12:00:00,NSE:SPICEJET,51.5,53.9,51.4,53.55,1725013.0
2020-06-23 12:45:00,NSE:SPICEJET,53.55,53.6,51.75,52.0,1045694.0
2020-06-23 13:30:00,NSE:SPICEJET,52.0,52.45,51.8,52.35,286103.0
2020-06-23 14:15:00,NSE:SPICEJET,52.25,52.35,51.3,51.65,703247.0
2020-06-23 15:00:00,NSE:SPICEJET,51.6,51.75,50.45,51.25,1650616.0
2020-06-24 09:00:00,NSE:SPICEJET,51.6,51.9,51.1,51.75,503696.0
2020-06-24 09:45:00,NSE:SPICEJET,51.75,51.8,51.3,51.5,353517.0
2020-06-24 10:30:00,NSE:SPICEJET,51.5,51.5,51.0,51.0,470225.0
2020-06-24 11:15:00,NSE:SPICEJET,51.15,51.15,50.55,50.8,284427.0
2020-06-24 12:00:00,NSE:SPICEJET,50.8,51.6,50.7,51.35,333758.0
2020-06-24 12:45:00,NSE:SPICEJET,51.4,52.7,50.8,50.9,1507517.0
2020-06-24 13:30:00,NSE:SPICEJET,50.9,51.05,50.75,50.95,185694.0
2020-06-24 14:15:00,NSE:SPICEJET,51.0,51.05,50.55,50.8,249427.0
2020-06-24 15:00:00,NSE:SPICEJET,50.8,50.85,50.25,50.5,339819.0
2020-06-25 09:00:00,NSE:SPICEJET,50.0,50.2,49.45,50.05,469600.0
2020-06-25 09:45:00,NSE:SPICEJET,50.05,50.25,49.7,50.0,379413.0
2020-06-25 10:30:00,NSE:SPICEJET,50.0,50.3,49.9,50.2,256126.0
2020-06-25 11:15:00,NSE:SPICEJET,50.2,50.2,49.85,49.95,138968.0
2020-06-25 12:00:00,NSE:SPICEJET,49.95,50.1,49.7,49.9,116258.0
2020-06-25 12:45:00,NSE:SPICEJET,49.9,50.0,49.6,49.85,93001.0
2020-06-25 13:30:00,NSE:SPICEJET,49.85,50.2,49.85,49.95,124982.0
2020-06-25 14:15:00,NSE:SPICEJET,50.0,50.15,49.9,50.0,93169.0
2020-06-25 15:00:00,NSE:SPICEJET,50.0,50.3,49.9,50.05,233554.0
2020-06-26 09:00:00,NSE:SPICEJET,50.05,50.8,50.0,50.25,367165.0
2020-06-26 09:45:00,NSE:SPICEJET,50.3,50.35,49.75,49.85,183097.0
2020-06-26 10:30:00,NSE:SPICEJET,49.9,50.0,49.5,49.95,149687.0
2020-06-26 11:15:00,NSE:SPICEJET,49.95,50.3,49.85,50.1,124116.0
2020-06-26 12:00:00,NSE:SPICEJET,50.0,50.2,50.0,50.05,67660.0
2020-06-26 12:45:00,NSE:SPICEJET,50.0,50.1,50.0,50.05,140895.0
2020-06-26 13:30:00,NSE:SPICEJET,50.05,51.85,50.0,50.9,1362024.0
2020-06-26 14:15:00,NSE:SPICEJET,50.9,52.0,50.2,51.05,2110804.0
2020-06-26 15:00:00,NSE:SPICEJET,50.95,51.4,50.95,51.15,452178.0
2020-06-29 09:00:00,NSE:SPICEJET,50.95,50.95,50.0,50.05,445458.0
2020-06-29 09:45:00,NSE:SPICEJET,50.05,50.05,49.25,49.65,406272.0
2020-06-29 10:30:00,NSE:SPICEJET,49.7,49.95,49.4,49.55,155766.0
2020-06-29 11:15:00,NSE:SPICEJET,49.6,49.65,49.35,49.5,146098.0
2020-06-29 12:00:00,NSE:SPICEJET,49.5,50.0,49.45,49.85,133754.0
2020-06-29 12:45:00,NSE:SPICEJET,49.9,50.2,49.55,49.75,95711.0
2020-06-29 13:30:00,NSE:SPICEJET,49.75,49.8,49.5,49.65,75383.0
2020-06-29 14:15:00,NSE:SPICEJET,49.65,52.7,49.55,51.25,3617050.0
2020-06-29 15:00:00,NSE:SPICEJET,51.25,51.7,51.15,51.45,720821.0
2020-06-30 09:00:00,NSE:SPICEJET,51.9,52.5,51.45,51.55,818740.0
2020-06-30 09:45:00,NSE:SPICEJET,51.55,51.6,50.6,50.75,438922.0
2020-06-30 10:30:00,NSE:SPICEJET,50.7,51.15,50.7,51.0,184723.0
2020-06-30 11:15:00,NSE:SPICEJET,50.95,51.15,50.6,50.65,169692.0
2020-06-30 12:00:00,NSE:SPICEJET,50.7,50.7,50.5,50.65,202590.0
2020-06-30 12:45:00,NSE:SPICEJET,50.65,50.7,50.5,50.65,159126.0
2020-06-30 13:30:00,NSE:SPICEJET,50.6,50.85,50.5,50.6,163669.0
2020-06-30 14:15:00,NSE:SPICEJET,50.6,50.6,50.1,50.35,230389.0
2020-06-30 15:00:00,NSE:SPICEJET,50.35,50.5,50.1,50.25,322319.0
2020-07-01 09:00:00,NSE:SPICEJET,50.2,50.45,49.6,49.85,258405.0
2020-07-01 09:45:00,NSE:SPICEJET,49.85,49.95,49.75,49.85,100868.0
2020-07-01 10:30:00,NSE:SPICEJET,49.85,49.95,49.7,49.85,108905.0
2020-07-01 11:15:00,NSE:SPICEJET,49.9,50.5,49.9,50.15,174271.0
2020-07-01 12:00:00,NSE:SPICEJET,50.15,50.25,50.1,50.15,90255.0
2020-07-01 12:45:00,NSE:SPICEJET,50.15,50.25,49.95,49.95,90149.0
2020-07-01 13:30:00,NSE:SPICEJET,50.0,50.0,49.6,49.75,243156.0
2020-07-01 14:15:00,NSE:SPICEJET,49.75,49.75,49.65,49.7,105242.0
2020-07-01 15:00:00,NSE:SPICEJET,49.7,49.9,49.65,49.7,364211.0
2020-07-02 09:00:00,NSE:SPICEJET,50.0,50.4,49.75,50.35,226455.0
2020-07-02 09:45:00,NSE:SPICEJET,50.4,51.65,50.25,51.1,778084.0
2020-07-02 10:30:00,NSE:SPICEJET,51.0,51.25,50.5,50.65,257237.0
2020-07-02 11:15:00,NSE:SPICEJET,50.5,50.65,50.3,50.65,174198.0
2020-07-02 12:00:00,NSE:SPICEJET,50.65,50.85,50.5,50.6,81442.0
2020-07-02 12:45:00,NSE:SPICEJET,50.6,50.7,50.55,50.6,152720.0
2020-07-02 13:30:00,NSE:SPICEJET,50.55,50.6,50.3,50.45,150084.0
2020-07-02 14:15:00,NSE:SPICEJET,50.45,50.45,50.15,50.3,135922.0
2020-07-02 15:00:00,NSE:SPICEJET,50.25,50.45,50.2,50.25,217192.0
2020-07-03 09:00:00,NSE:SPICEJET,50.4,50.7,49.85,50.0,410055.0
2020-07-03 09:45:00,NSE:SPICEJET,50.05,50.2,49.4,49.8,284683.0
2020-07-03 10:30:00,NSE:SPICEJET,49.85,50.2,49.85,50.05,105964.0
2020-07-03 11:15:00,NSE:SPICEJET,50.05,50.2,49.9,50.0,141966.0
2020-07-03 12:00:00,NSE:SPICEJET,50.0,50.5,49.95,50.45,223456.0
2020-07-03 12:45:00,NSE:SPICEJET,50.45,51.2,50.3,50.9,622576.0
2020-07-03 13:30:00,NSE:SPICEJET,50.85,50.85,50.5,50.65,227072.0
2020-07-03 14:15:00,NSE:SPICEJET,50.6,50.6,50.0,50.4,411138.0
2020-07-03 15:00:00,NSE:SPICEJET,50.4,50.5,50.0,50.15,289122.0
2020-07-06 09:00:00,NSE:SPICEJET,50.15,50.35,50.0,50.1,248334.0
2020-07-06 09:45:00,NSE:SPICEJET,50.05,50.75,49.85,50.1,459667.0
2020-07-06 10:30:00,NSE:SPICEJET,50.1,50.1,49.9,50.05,153825.0
2020-07-06 11:15:00,NSE:SPICEJET,49.95,50.05,49.9,49.95,131259.0
2020-07-06 12:00:00,NSE:SPICEJET,50.0,50.3,49.9,50.3,375152.0
2020-07-06 12:45:00,NSE:SPICEJET,50.25,50.3,49.95,50.0,213725.0
2020-07-06 13:30:00,NSE:SPICEJET,49.95,50.1,49.9,50.05,166729.0
2020-07-06 14:15:00,NSE:SPICEJET,50.1,50.25,49.9,50.05,323473.0
2020-07-06 15:00:00,NSE:SPICEJET,50.0,50.0,49.85,49.9,304833.0
2020-07-07 09:00:00,NSE:SPICEJET,50.15,50.45,49.85,50.4,430176.0
2020-07-07 09:45:00,NSE:SPICEJET,50.45,51.15,50.35,50.65,1079093.0
2020-07-07 10:30:00,NSE:SPICEJET,50.6,50.75,50.1,50.25,329937.0
2020-07-07 11:15:00,NSE:SPICEJET,50.25,50.35,50.0,50.15,297573.0
2020-07-07 12:00:00,NSE:SPICEJET,50.15,50.4,50.05,50.1,134894.0
2020-07-07 12:45:00,NSE:SPICEJET,50.1,50.25,50.05,50.2,91862.0
2020-07-07 13:30:00,NSE:SPICEJET,50.2,50.7,50.1,50.25,375778.0
2020-07-07 14:15:00,NSE:SPICEJET,50.3,50.35,49.7,50.0,561667.0
2020-07-07 15:00:00,NSE:SPICEJET,50.05,50.25,50.0,50.1,386198.0
2020-07-08 09:00:00,NSE:SPICEJET,50.4,50.4,49.6,50.0,365130.0
2020-07-08 09:45:00,NSE:SPICEJET,50.1,50.25,49.9,49.9,228501.0
2020-07-08 10:30:00,NSE:SPICEJET,49.9,50.2,49.65,50.1,269798.0
2020-07-08 11:15:00,NSE:SPICEJET,50.1,50.25,50.0,50.1,159462.0
2020-07-08 12:00:00,NSE:SPICEJET,50.1,50.7,50.05,50.15,692660.0
2020-07-08 12:45:00,NSE:SPICEJET,50.15,50.25,50.05,50.2,140998.0
2020-07-08 13:30:00,NSE:SPICEJET,50.2,53.4,50.1,52.65,3295144.0
2020-07-08 14:15:00,NSE:SPICEJET,52.6,52.65,50.6,50.8,1381226.0
2020-07-08 15:00:00,NSE:SPICEJET,50.75,51.2,50.7,50.95,600922.0
2020-07-09 09:00:00,NSE:SPICEJET,51.4,51.5,50.7,51.0,695127.0
2020-07-09 09:45:00,NSE:SPICEJET,50.95,51.1,50.85,50.9,203272.0
2020-07-09 10:30:00,NSE:SPICEJET,50.9,51.05,50.35,50.6,338084.0
2020-07-09 11:15:00,NSE:SPICEJET,50.5,50.65,50.25,50.4,168570.0
2020-07-09 12:00:00,NSE:SPICEJET,50.4,50.45,50.3,50.4,119726.0
2020-07-09 12:45:00,NSE:SPICEJET,50.4,50.6,50.2,50.55,119534.0
2020-07-09 13:30:00,NSE:SPICEJET,50.6,50.6,50.2,50.45,124569.0
2020-07-09 14:15:00,NSE:SPICEJET,50.4,50.7,50.25,50.45,198927.0
2020-07-09 15:00:00,NSE:SPICEJET,50.45,51.2,50.3,50.55,478708.0
2020-07-10 09:00:00,NSE:SPICEJET,50.3,50.3,49.8,50.05,309345.0
2020-07-10 09:45:00,NSE:SPICEJET,50.05,50.6,50.05,50.3,207326.0
2020-07-10 10:30:00,NSE:SPICEJET,50.3,50.3,50.05,50.05,202249.0
2020-07-10 11:15:00,NSE:SPICEJET,50.05,50.25,50.0,50.0,79797.0
2020-07-10 12:00:00,NSE:SPICEJET,50.1,50.1,49.9,50.0,156574.0
2020-07-10 12:45:00,NSE:SPICEJET,50.0,50.1,49.9,50.05,67926.0
2020-07-10 13:30:00,NSE:SPICEJET,50.05,50.2,49.95,50.0,74924.0
2020-07-10 14:15:00,NSE:SPICEJET,50.0,50.1,49.85,49.95,126472.0
2020-07-10 15:00:00,NSE:SPICEJET,49.95,50.0,49.8,49.9,263179.0
2020-07-13 09:00:00,NSE:SPICEJET,50.45,50.5,50.05,50.1,210789.0
2020-07-13 09:45:00,NSE:SPICEJET,50.15,50.15,50.0,50.05,151973.0
2020-07-13 10:30:00,NSE:SPICEJET,50.05,50.2,49.95,49.95,162195.0
2020-07-13 11:15:00,NSE:SPICEJET,49.95,50.0,49.8,49.85,90075.0
2020-07-13 12:00:00,NSE:SPICEJET,49.9,50.0,49.75,49.95,136247.0
2020-07-13 12:45:00,NSE:SPICEJET,49.95,50.0,49.8,49.95,63514.0
2020-07-13 13:30:00,NSE:SPICEJET,49.9,49.9,49.6,49.85,110478.0
2020-07-13 14:15:00,NSE:SPICEJET,49.85,49.95,49.65,49.8,116914.0
2020-07-13 15:00:00,NSE:SPICEJET,49.8,49.85,49.6,49.7,181397.0
2020-07-14 09:00:00,NSE:SPICEJET,49.5,49.6,47.75,47.9,435129.0
2020-07-14 09:45:00,NSE:SPICEJET,47.9,48.6,47.25,48.15,678217.0
2020-07-14 10:30:00,NSE:SPICEJET,48.15,48.2,48.0,48.0,193110.0
2020-07-14 11:15:00,NSE:SPICEJET,48.05,48.3,48.0,48.25,147061.0
2020-07-14 12:00:00,NSE:SPICEJET,48.25,48.8,48.25,48.3,168820.0
2020-07-14 12:45:00,NSE:SPICEJET,48.3,48.55,48.05,48.4,175749.0
2020-07-14 13:30:00,NSE:SPICEJET,48.4,48.4,48.3,48.35,71563.0
2020-07-14 14:15:00,NSE:SPICEJET,48.3,48.55,48.3,48.55,117876.0
2020-07-14 15:00:00,NSE:SPICEJET,48.55,48.55,48.0,48.2,332204.0
2020-07-15 09:00:00,NSE:SPICEJET,48.2,48.85,48.2,48.7,177592.0
2020-07-15 09:45:00,NSE:SPICEJET,48.7,48.8,48.6,48.65,107449.0
2020-07-15 10:30:00,NSE:SPICEJET,48.65,48.75,48.45,48.55,108016.0
2020-07-15 11:15:00,NSE:SPICEJET,48.5,49.2,48.5,48.8,219857.0
2020-07-15 12:00:00,NSE:SPICEJET,48.75,48.85,48.5,48.55,75272.0
2020-07-15 12:45:00,NSE:SPICEJET,48.65,48.7,48.45,48.6,60712.0
2020-07-15 13:30:00,NSE:SPICEJET,48.6,48.65,48.1,48.2,105125.0
2020-07-15 14:15:00,NSE:SPICEJET,48.3,48.7,48.0,48.05,180372.0
2020-07-15 15:00:00,NSE:SPICEJET,48.05,48.3,47.5,47.9,242166.0
2020-07-16 09:00:00,NSE:SPICEJET,47.4,47.65,46.55,46.95,291743.0
2020-07-16 09:45:00,NSE:SPICEJET,46.9,48.35,46.75,48.1,421491.0
2020-07-16 10:30:00,NSE:SPICEJET,48.1,49.3,47.4,47.65,523634.0
2020-07-16 11:15:00,NSE:SPICEJET,47.6,48.3,47.45,47.95,141426.0
2020-07-16 12:00:00,NSE:SPICEJET,47.9,50.2,47.8,49.5,1237119.0
2020-07-16 12:45:00,NSE:SPICEJET,49.45,49.6,49.05,49.4,172924.0
2020-07-16 13:30:00,NSE:SPICEJET,49.35,50.0,49.25,49.3,320368.0
2020-07-16 14:15:00,NSE:SPICEJET,49.4,50.75,49.2,50.1,1437030.0
2020-07-16 15:00:00,NSE:SPICEJET,50.05,50.65,49.05,49.8,3663774.0
2020-07-17 09:00:00,NSE:SPICEJET,49.4,49.4,48.15,48.7,700834.0
2020-07-17 09:45:00,NSE:SPICEJET,48.65,49.9,48.55,49.05,874645.0
2020-07-17 10:30:00,NSE:SPICEJET,49.15,49.5,48.85,49.1,207562.0
2020-07-17 11:15:00,NSE:SPICEJET,49.05,49.15,49.0,49.05,86172.0
2020-07-17 12:00:00,NSE:SPICEJET,49.05,49.1,48.8,48.95,129729.0
2020-07-17 12:45:00,NSE:SPICEJET,49.0,49.1,48.8,48.9,75514.0
2020-07-17 13:30:00,NSE:SPICEJET,48.85,48.9,48.65,48.8,119487.0
2020-07-17 14:15:00,NSE:SPICEJET,48.8,49.1,48.7,48.95,234619.0
2020-07-17 15:00:00,NSE:SPICEJET,48.9,49.0,48.65,48.8,275890.0
2020-07-20 09:00:00,NSE:SPICEJET,49.1,49.3,48.7,48.9,220219.0
2020-07-20 09:45:00,NSE:SPICEJET,48.85,49.35,48.85,49.1,222411.0
2020-07-20 10:30:00,NSE:SPICEJET,49.1,49.15,48.8,48.9,103944.0
2020-07-20 11:15:00,NSE:SPICEJET,48.9,48.95,48.85,48.85,53856.0
2020-07-20 12:00:00,NSE:SPICEJET,48.85,49.0,48.8,48.95,55213.0
2020-07-20 12:45:00,NSE:SPICEJET,48.9,49.0,48.8,48.95,60855.0
2020-07-20 13:30:00,NSE:SPICEJET,48.85,49.3,48.75,49.0,225389.0
2020-07-20 14:15:00,NSE:SPICEJET,49.0,49.1,48.75,48.85,69585.0
2020-07-20 15:00:00,NSE:SPICEJET,48.8,48.85,48.65,48.75,169914.0
2020-07-21 09:00:00,NSE:SPICEJET,48.8,49.0,48.3,48.4,379316.0
2020-07-21 09:45:00,NSE:SPICEJET,48.3,48.4,48.0,48.05,256759.0
2020-07-21 10:30:00,NSE:SPICEJET,48.05,48.15,48.0,48.1,200712.0
2020-07-21 11:15:00,NSE:SPICEJET,48.1,48.35,48.05,48.3,119344.0
2020-07-21 12:00:00,NSE:SPICEJET,48.25,48.3,48.05,48.1,149878.0
2020-07-21 12:45:00,NSE:SPICEJET,48.05,48.25,48.0,48.05,135357.0
2020-07-21 13:30:00,NSE:SPICEJET,48.05,48.55,48.0,48.05,260168.0
2020-07-21 14:15:00,NSE:SPICEJET,48.1,48.15,47.8,47.95,281113.0
2020-07-21 15:00:00,NSE:SPICEJET,48.0,48.0,47.8,47.9,252221.0
2020-07-22 09:00:00,NSE:SPICEJET,47.9,48.0,47.5,47.55,153049.0
2020-07-22 09:45:00,NSE:SPICEJET,47.65,47.95,47.45,47.9,117441.0
2020-07-22 10:30:00,NSE:SPICEJET,47.85,48.35,47.8,47.95,211360.0
2020-07-22 11:15:00,NSE:SPICEJET,47.95,48.0,47.8,47.9,93226.0
2020-07-22 12:00:00,NSE:SPICEJET,47.85,47.95,47.8,47.9,44855.0
2020-07-22 12:45:00,NSE:SPICEJET,47.95,47.95,47.7,47.7,65038.0
2020-07-22 13:30:00,NSE:SPICEJET,47.7,47.75,47.45,47.6,186459.0
2020-07-22 14:15:00,NSE:SPICEJET,47.6,47.65,47.2,47.4,138578.0
2020-07-22 15:00:00,NSE:SPICEJET,47.4,47.6,47.35,47.45,150584.0
2020-07-23 09:00:00,NSE:SPICEJET,47.9,47.9,47.35,47.75,112076.0
2020-07-23 09:45:00,NSE:SPICEJET,47.75,49.15,47.7,48.35,1225352.0
2020-07-23 10:30:00,NSE:SPICEJET,48.3,48.6,48.05,48.45,178162.0
2020-07-23 11:15:00,NSE:SPICEJET,48.35,50.5,48.25,49.7,2410081.0
2020-07-23 12:00:00,NSE:SPICEJET,49.7,49.95,49.65,49.85,675478.0
2020-07-23 12:45:00,NSE:SPICEJET,49.85,49.85,49.5,49.5,301183.0
2020-07-23 13:30:00,NSE:SPICEJET,49.5,49.7,49.5,49.6,200661.0
2020-07-23 14:15:00,NSE:SPICEJET,49.6,49.65,49.2,49.3,328014.0
2020-07-23 15:00:00,NSE:SPICEJET,49.3,49.75,49.25,49.45,613381.0
2020-07-24 09:00:00,NSE:SPICEJET,49.9,50.1,49.55,49.65,565268.0
2020-07-24 09:45:00,NSE:SPICEJET,49.65,49.75,49.1,49.15,232531.0
2020-07-24 10:30:00,NSE:SPICEJET,49.1,49.1,48.4,48.55,307256.0
2020-07-24 11:15:00,NSE:SPICEJET,48.55,49.35,48.4,48.95,226310.0
2020-07-24 12:00:00,NSE:SPICEJET,48.95,49.15,48.75,48.85,124828.0
2020-07-24 12:45:00,NSE:SPICEJET,48.85,51.85,48.75,50.5,3230498.0
2020-07-24 13:30:00,NSE:SPICEJET,50.5,50.7,50.15,50.4,431096.0
2020-07-24 14:15:00,NSE:SPICEJET,50.4,50.45,50.15,50.2,401733.0
2020-07-24 15:00:00,NSE:SPICEJET,50.15,50.25,50.05,50.15,391673.0
2020-07-27 09:00:00,NSE:SPICEJET,50.15,50.3,48.5,48.7,451774.0
2020-07-27 09:45:00,NSE:SPICEJET,48.7,48.95,48.5,48.6,336110.0
2020-07-27 10:30:00,NSE:SPICEJET,48.6,48.8,48.5,48.65,121532.0
2020-07-27 11:15:00,NSE:SPICEJET,48.65,48.75,48.4,48.5,151911.0
2020-07-27 12:00:00,NSE:SPICEJET,48.6,48.65,48.25,48.3,143419.0
2020-07-27 12:45:00,NSE:SPICEJET,48.4,48.6,48.3,48.35,67055.0
2020-07-27 13:30:00,NSE:SPICEJET,48.35,48.5,48.2,48.4,102702.0
2020-07-27 14:15:00,NSE:SPICEJET,48.4,48.5,48.25,48.25,131504.0
2020-07-27 15:00:00,NSE:SPICEJET,48.3,48.35,48.0,48.15,269379.0
2020-07-28 09:00:00,NSE:SPICEJET,47.75,48.7,47.75,48.0,246101.0
2020-07-28 09:45:00,NSE:SPICEJET,48.0,48.1,47.75,47.8,149166.0
2020-07-28 10:30:00,NSE:SPICEJET,47.8,48.05,47.55,48.0,162545.0
2020-07-28 11:15:00,NSE:SPICEJET,47.85,48.55,47.8,48.1,174944.0
2020-07-28 12:00:00,NSE:SPICEJET,48.2,48.4,48.0,48.05,76604.0
2020-07-28 12:45:00,NSE:SPICEJET,48.05,48.3,47.85,48.15,99551.0
2020-07-28 13:30:00,NSE:SPICEJET,48.15,48.3,48.0,48.1,55476.0
2020-07-28 14:15:00,NSE:SPICEJET,48.1,48.25,48.0,48.05,72595.0
2020-07-28 15:00:00,NSE:SPICEJET,48.05,48.1,47.8,47.95,132758.0
2020-07-29 09:00:00,NSE:SPICEJET,48.4,48.75,46.0,48.25,323727.0
2020-07-29 09:45:00,NSE:SPICEJET,48.2,48.4,48.05,48.25,108101.0
2020-07-29 10:30:00,NSE:SPICEJET,48.15,48.5,48.15,48.4,75954.0
2020-07-29 11:15:00,NSE:SPICEJET,48.4,48.45,48.15,48.2,72868.0
2020-07-29 12:00:00,NSE:SPICEJET,48.15,48.7,48.15,48.3,111650.0
2020-07-29 12:45:00,NSE:SPICEJET,48.3,50.0,48.3,49.35,592674.0
2020-07-29 13:30:00,NSE:SPICEJET,49.35,49.45,48.7,48.75,141846.0
2020-07-29 14:15:00,NSE:SPICEJET,48.75,48.85,47.8,48.2,1001486.0
2020-07-29 15:00:00,NSE:SPICEJET,48.2,49.15,48.1,48.45,1140777.0
2020-07-30 09:00:00,NSE:SPICEJET,47.0,48.15,46.75,47.9,532782.0
2020-07-30 09:45:00,NSE:SPICEJET,47.85,48.1,47.55,47.65,339851.0
2020-07-30 10:30:00,NSE:SPICEJET,47.65,47.8,47.5,47.5,154086.0
2020-07-30 11:15:00,NSE:SPICEJET,47.55,47.65,47.1,47.6,231567.0
2020-07-30 12:00:00,NSE:SPICEJET,47.65,47.65,47.3,47.35,87257.0
2020-07-30 12:45:00,NSE:SPICEJET,47.4,47.45,47.2,47.3,101764.0
2020-07-30 13:30:00,NSE:SPICEJET,47.4,47.55,47.2,47.2,91159.0
2020-07-30 14:15:00,NSE:SPICEJET,47.2,47.5,47.15,47.15,100050.0
2020-07-30 15:00:00,NSE:SPICEJET,47.15,47.45,47.15,47.3,188747.0
2020-07-31 09:00:00,NSE:SPICEJET,47.05,47.45,46.75,47.4,227157.0
2020-07-31 09:45:00,NSE:SPICEJET,47.4,47.45,46.55,46.85,247742.0
2020-07-31 10:30:00,NSE:SPICEJET,46.75,47.0,46.75,46.8,89009.0
2020-07-31 11:15:00,NSE:SPICEJET,46.9,46.9,46.65,46.9,96965.0
2020-07-31 12:00:00,NSE:SPICEJET,46.85,46.9,46.75,46.9,52705.0
2020-07-31 12:45:00,NSE:SPICEJET,46.9,46.95,46.5,46.9,172712.0
2020-07-31 13:30:00,NSE:SPICEJET,46.9,47.45,46.7,47.15,276511.0
2020-07-31 14:15:00,NSE:SPICEJET,47.1,47.3,46.8,46.9,235654.0
2020-07-31 15:00:00,NSE:SPICEJET,46.85,47.0,46.7,46.85,217663.0
2020-08-03 09:00:00,NSE:SPICEJET,46.85,47.4,46.6,46.75,183787.0
2020-08-03 09:45:00,NSE:SPICEJET,46.8,46.8,46.4,46.6,184321.0
2020-08-03 10:30:00,NSE:SPICEJET,46.55,46.75,46.5,46.55,139660.0
2020-08-03 11:15:00,NSE:SPICEJET,46.5,46.7,46.3,46.5,100259.0
2020-08-03 12:00:00,NSE:SPICEJET,46.5,46.55,46.15,46.3,107115.0
2020-08-03 12:45:00,NSE:SPICEJET,46.3,46.4,46.05,46.35,89944.0
2020-08-03 13:30:00,NSE:SPICEJET,46.4,46.4,46.15,46.25,83001.0
2020-08-03 14:15:00,NSE:SPICEJET,46.2,46.2,46.0,46.05,161816.0
2020-08-03 15:00:00,NSE:SPICEJET,46.1,46.25,46.0,46.1,156723.0
2020-08-04 09:00:00,NSE:SPICEJET,45.9,46.45,45.7,45.85,266540.0
2020-08-04 09:45:00,NSE:SPICEJET,45.95,46.0,45.35,45.6,226564.0
2020-08-04 10:30:00,NSE:SPICEJET,45.6,45.85,45.55,45.75,124889.0
2020-08-04 11:15:00,NSE:SPICEJET,45.7,45.75,45.5,45.7,129704.0
2020-08-04 12:00:00,NSE:SPICEJET,45.7,45.7,45.4,45.65,141964.0
2020-08-04 12:45:00,NSE:SPICEJET,45.65,45.75,45.5,45.55,102664.0
2020-08-04 13:30:00,NSE:SPICEJET,45.65,45.7,45.45,45.55,115291.0
2020-08-04 14:15:00,NSE:SPICEJET,45.45,45.65,45.4,45.65,181532.0
2020-08-04 15:00:00,NSE:SPICEJET,45.6,45.65,45.45,45.55,204629.0
2020-08-05 09:00:00,NSE:SPICEJET,46.0,46.2,45.7,45.95,185146.0
2020-08-05 09:45:00,NSE:SPICEJET,45.95,46.0,45.8,45.9,86779.0
2020-08-05 10:30:00,NSE:SPICEJET,45.9,46.35,45.8,46.05,256267.0
2020-08-05 11:15:00,NSE:SPICEJET,46.1,46.1,45.7,45.75,95186.0
2020-08-05 12:00:00,NSE:SPICEJET,45.75,45.9,45.7,45.85,49971.0
2020-08-05 12:45:00,NSE:SPICEJET,45.9,46.2,45.85,45.95,101144.0
2020-08-05 13:30:00,NSE:SPICEJET,46.0,46.2,45.85,45.85,82318.0
2020-08-05 14:15:00,NSE:SPICEJET,45.9,46.15,45.85,45.9,97631.0
2020-08-05 15:00:00,NSE:SPICEJET,45.9,45.9,45.65,45.75,209465.0
2020-08-06 09:00:00,NSE:SPICEJET,46.0,47.45,45.55,46.55,373877.0
2020-08-06 09:45:00,NSE:SPICEJET,46.55,47.2,46.5,46.65,337061.0
2020-08-06 10:30:00,NSE:SPICEJET,46.7,46.7,46.5,46.6,120979.0
2020-08-06 11:15:00,NSE:SPICEJET,46.55,46.6,46.2,46.35,110588.0
2020-08-06 12:00:00,NSE:SPICEJET,46.35,46.6,46.15,46.25,120902.0
2020-08-06 12:45:00,NSE:SPICEJET,46.25,46.45,46.2,46.35,68615.0
2020-08-06 13:30:00,NSE:SPICEJET,46.35,46.4,46.25,46.3,47106.0
2020-08-06 14:15:00,NSE:SPICEJET,46.25,46.35,46.1,46.25,103500.0
2020-08-06 15:00:00,NSE:SPICEJET,46.2,46.25,46.0,46.1,180229.0
2020-08-07 09:00:00,NSE:SPICEJET,45.65,47.0,45.65,46.9,514599.0
2020-08-07 09:45:00,NSE:SPICEJET,46.95,47.0,46.25,46.3,256919.0
2020-08-07 10:30:00,NSE:SPICEJET,46.25,46.45,46.25,46.4,80149.0
2020-08-07 11:15:00,NSE:SPICEJET,46.4,46.45,46.2,46.4,82882.0
2020-08-07 12:00:00,NSE:SPICEJET,46.45,46.55,46.3,46.4,72159.0
2020-08-07 12:45:00,NSE:SPICEJET,46.4,46.4,46.3,46.4,44302.0
2020-08-07 13:30:00,NSE:SPICEJET,46.4,46.4,46.25,46.25,101873.0
2020-08-07 14:15:00,NSE:SPICEJET,46.3,46.4,46.15,46.2,109859.0
2020-08-07 15:00:00,NSE:SPICEJET,46.2,46.35,46.15,46.25,229151.0
2020-08-10 09:00:00,NSE:SPICEJET,46.3,46.9,46.2,46.25,289824.0
2020-08-10 09:45:00,NSE:SPICEJET,46.4,46.4,46.2,46.3,194566.0
2020-08-10 10:30:00,NSE:SPICEJET,46.25,46.7,46.25,46.6,162678.0
2020-08-10 11:15:00,NSE:SPICEJET,46.6,46.6,46.4,46.55,86648.0
2020-08-10 12:00:00,NSE:SPICEJET,46.5,46.55,46.3,46.35,118166.0
2020-08-10 12:45:00,NSE:SPICEJET,46.4,46.5,46.35,46.5,61766.0
2020-08-10 13:30:00,NSE:SPICEJET,46.4,46.5,46.35,46.4,50584.0
2020-08-10 14:15:00,NSE:SPICEJET,46.4,46.4,46.0,46.1,184071.0
2020-08-10 15:00:00,NSE:SPICEJET,46.15,46.35,46.0,46.15,215485.0
2020-08-11 09:00:00,NSE:SPICEJET,46.6,46.7,46.15,46.25,235050.0
2020-08-11 09:45:00,NSE:SPICEJET,46.25,46.3,45.9,46.05,259621.0
2020-08-11 10:30:00,NSE:SPICEJET,46.05,46.15,45.9,46.0,148914.0
2020-08-11 11:15:00,NSE:SPICEJET,46.0,46.1,45.85,46.0,113154.0
2020-08-11 12:00:00,NSE:SPICEJET,45.95,46.0,45.8,45.95,96105.0
2020-08-11 12:45:00,NSE:SPICEJET,45.95,46.0,45.65,45.95,199255.0
2020-08-11 13:30:00,NSE:SPICEJET,45.95,47.8,45.8,47.55,2205655.0
2020-08-11 14:15:00,NSE:SPICEJET,47.45,47.5,46.35,46.45,1033158.0
2020-08-11 15:00:00,NSE:SPICEJET,46.45,46.5,46.3,46.45,464776.0
2020-08-12 09:00:00,NSE:SPICEJET,46.4,46.7,46.05,46.45,291751.0
2020-08-12 09:45:00,NSE:SPICEJET,46.45,47.5,46.3,46.95,1399011.0
2020-08-12 10:30:00,NSE:SPICEJET,46.95,50.25,46.65,49.35,4429360.0
2020-08-12 11:15:00,NSE:SPICEJET,49.3,50.25,48.8,49.5,7063252.0
2020-08-12 12:00:00,NSE:SPICEJET,49.5,50.15,49.2,49.4,2203636.0
2020-08-12 12:45:00,NSE:SPICEJET,49.4,51.0,49.35,50.5,2414575.0
2020-08-12 13:30:00,NSE:SPICEJET,50.45,50.55,49.15,49.45,1380343.0
2020-08-12 14:15:00,NSE:SPICEJET,49.45,49.85,49.0,49.05,790402.0
2020-08-12 15:00:00,NSE:SPICEJET,49.05,49.55,49.05,49.25,1226618.0
2020-08-13 09:00:00,NSE:SPICEJET,49.65,51.3,49.3,50.55,2838539.0
2020-08-13 09:45:00,NSE:SPICEJET,50.5,50.8,49.7,50.45,1882303.0
2020-08-13 10:30:00,NSE:SPICEJET,50.4,51.05,50.0,50.7,1367698.0
2020-08-13 11:15:00,NSE:SPICEJET,50.7,52.2,50.25,51.1,3161783.0
2020-08-13 12:00:00,NSE:SPICEJET,51.0,51.7,51.0,51.55,1476299.0
2020-08-13 12:45:00,NSE:SPICEJET,51.55,51.6,50.65,50.7,1022109.0
2020-08-13 13:30:00,NSE:SPICEJET,50.8,51.1,50.65,50.8,751399.0
2020-08-13 14:15:00,NSE:SPICEJET,50.75,50.85,49.65,50.15,1688697.0
2020-08-13 15:00:00,NSE:SPICEJET,50.15,50.55,50.05,50.35,1178708.0
2020-08-14 09:00:00,NSE:SPICEJET,50.95,51.8,50.3,50.45,2190257.0
2020-08-14 09:45:00,NSE:SPICEJET,50.4,50.7,50.25,50.35,554731.0
2020-08-14 10:30:00,NSE:SPICEJET,50.35,50.35,49.6,49.85,848351.0
2020-08-14 11:15:00,NSE:SPICEJET,49.9,50.5,49.85,50.05,331684.0
2020-08-14 12:00:00,NSE:SPICEJET,50.1,50.45,50.05,50.4,202022.0
2020-08-14 12:45:00,NSE:SPICEJET,50.45,51.2,50.25,50.6,836268.0
2020-08-14 13:30:00,NSE:SPICEJET,50.65,50.65,49.35,49.55,900520.0
2020-08-14 14:15:00,NSE:SPICEJET,49.5,49.5,48.25,49.3,685717.0
2020-08-14 15:00:00,NSE:SPICEJET,49.3,49.6,48.95,49.3,578860.0
2020-08-17 09:00:00,NSE:SPICEJET,50.4,50.4,49.05,49.45,609030.0
2020-08-17 09:45:00,NSE:SPICEJET,49.4,49.8,49.3,49.45,281218.0
2020-08-17 10:30:00,NSE:SPICEJET,49.5,49.9,49.15,49.35,285819.0
2020-08-17 11:15:00,NSE:SPICEJET,49.3,50.0,49.2,49.6,369491.0
2020-08-17 12:00:00,NSE:SPICEJET,49.6,50.0,49.3,49.35,266129.0
2020-08-17 12:45:00,NSE:SPICEJET,49.35,49.65,49.35,49.55,83213.0
2020-08-17 13:30:00,NSE:SPICEJET,49.6,50.15,49.4,49.5,350831.0
2020-08-17 14:15:00,NSE:SPICEJET,49.6,49.75,49.0,49.45,265110.0
2020-08-17 15:00:00,NSE:SPICEJET,49.45,49.8,49.0,49.4,448189.0
2020-08-18 09:00:00,NSE:SPICEJET,49.85,50.3,49.3,49.65,463135.0
2020-08-18 09:45:00,NSE:SPICEJET,49.65,50.0,49.35,49.85,346231.0
2020-08-18 10:30:00,NSE:SPICEJET,49.8,50.5,49.65,50.2,1057621.0
2020-08-18 11:15:00,NSE:SPICEJET,50.25,50.8,49.9,50.35,718001.0
2020-08-18 12:00:00,NSE:SPICEJET,50.4,50.85,50.15,50.55,832773.0
2020-08-18 12:45:00,NSE:SPICEJET,50.45,50.9,50.3,50.55,444879.0
2020-08-18 13:30:00,NSE:SPICEJET,50.55,50.6,49.85,50.15,541517.0
2020-08-18 14:15:00,NSE:SPICEJET,50.05,50.45,50.0,50.25,258230.0
2020-08-18 15:00:00,NSE:SPICEJET,50.2,50.6,50.15,50.4,660111.0
2020-08-19 09:00:00,NSE:SPICEJET,51.3,51.45,50.7,50.7,785740.0
2020-08-19 09:45:00,NSE:SPICEJET,50.8,51.7,50.7,50.95,1052147.0
2020-08-19 10:30:00,NSE:SPICEJET,51.05,51.25,50.75,51.0,791940.0
2020-08-19 11:15:00,NSE:SPICEJET,51.0,51.05,50.65,50.85,584267.0
2020-08-19 12:00:00,NSE:SPICEJET,50.8,50.9,50.55,50.7,344270.0
2020-08-19 12:45:00,NSE:SPICEJET,50.7,50.8,50.65,50.8,266101.0
2020-08-19 13:30:00,NSE:SPICEJET,50.75,50.8,50.6,50.65,233010.0
2020-08-19 14:15:00,NSE:SPICEJET,50.65,50.8,50.6,50.75,306180.0
2020-08-19 15:00:00,NSE:SPICEJET,50.8,50.8,50.4,50.5,599189.0
2020-08-20 09:00:00,NSE:SPICEJET,49.95,50.5,49.5,50.35,480117.0
2020-08-20 09:45:00,NSE:SPICEJET,50.25,51.4,50.05,51.15,780876.0
2020-08-20 10:30:00,NSE:SPICEJET,51.15,52.3,50.75,52.25,1300138.0
2020-08-20 11:15:00,NSE:SPICEJET,52.25,54.5,52.25,52.9,4693698.0
2020-08-20 12:00:00,NSE:SPICEJET,52.9,53.2,52.5,52.55,758921.0
2020-08-20 12:45:00,NSE:SPICEJET,52.55,52.95,52.4,52.7,457321.0
2020-08-20 13:30:00,NSE:SPICEJET,52.7,52.8,50.85,51.4,1544418.0
2020-08-20 14:15:00,NSE:SPICEJET,51.4,52.15,51.1,51.4,866954.0
2020-08-20 15:00:00,NSE:SPICEJET,51.4,51.75,51.3,51.5,832430.0
2020-08-21 09:00:00,NSE:SPICEJET,52.45,53.7,52.05,53.5,2129215.0
2020-08-21 09:45:00,NSE:SPICEJET,53.5,53.95,53.05,53.8,2029909.0
2020-08-21 10:30:00,NSE:SPICEJET,53.75,53.8,53.4,53.55,792096.0
2020-08-21 11:15:00,NSE:SPICEJET,53.6,53.7,53.1,53.25,513446.0
2020-08-21 12:00:00,NSE:SPICEJET,53.3,54.35,53.0,53.7,1541036.0
2020-08-21 12:45:00,NSE:SPICEJET,53.7,53.85,53.2,53.65,586408.0
2020-08-21 13:30:00,NSE:SPICEJET,53.65,54.15,53.5,53.75,777829.0
2020-08-21 14:15:00,NSE:SPICEJET,53.8,53.9,53.2,53.6,1158462.0
2020-08-21 15:00:00,NSE:SPICEJET,53.65,54.65,53.5,54.15,3776639.0
2020-08-24 09:00:00,NSE:SPICEJET,54.15,54.2,52.05,52.9,1722431.0
2020-08-24 09:45:00,NSE:SPICEJET,52.8,52.9,52.3,52.4,739182.0
2020-08-24 10:30:00,NSE:SPICEJET,52.4,52.55,52.35,52.45,329399.0
2020-08-24 11:15:00,NSE:SPICEJET,52.45,52.5,52.35,52.4,167365.0
2020-08-24 12:00:00,NSE:SPICEJET,52.4,52.5,52.2,52.4,266398.0
2020-08-24 12:45:00,NSE:SPICEJET,52.4,52.4,52.15,52.2,217913.0
2020-08-24 13:30:00,NSE:SPICEJET,52.15,52.3,51.9,52.0,592371.0
2020-08-24 14:15:00,NSE:SPICEJET,51.95,52.1,51.9,51.95,385455.0
2020-08-24 15:00:00,NSE:SPICEJET,51.9,52.5,51.85,52.2,602811.0
2020-08-25 09:00:00,NSE:SPICEJET,52.7,53.15,52.1,52.9,904407.0
2020-08-25 09:45:00,NSE:SPICEJET,52.9,52.9,52.1,52.3,488773.0
2020-08-25 10:30:00,NSE:SPICEJET,52.3,52.55,51.55,52.0,425640.0
2020-08-25 11:15:00,NSE:SPICEJET,52.0,52.25,51.9,52.1,127287.0
2020-08-25 12:00:00,NSE:SPICEJET,52.05,52.45,52.05,52.3,130852.0
2020-08-25 12:45:00,NSE:SPICEJET,52.3,52.3,51.85,51.95,205858.0
2020-08-25 13:30:00,NSE:SPICEJET,51.95,52.0,51.5,51.85,309475.0
2020-08-25 14:15:00,NSE:SPICEJET,51.8,51.9,51.6,51.9,223696.0
2020-08-25 15:00:00,NSE:SPICEJET,51.85,52.05,51.7,51.85,601033.0
2020-08-26 09:00:00,NSE:SPICEJET,52.9,53.15,52.3,52.5,1036003.0
2020-08-26 09:45:00,NSE:SPICEJET,52.6,52.6,52.15,52.45,460973.0
2020-08-26 10:30:00,NSE:SPICEJET,52.4,52.7,52.3,52.55,255808.0
2020-08-26 11:15:00,NSE:SPICEJET,52.55,52.65,52.15,52.3,250986.0
2020-08-26 12:00:00,NSE:SPICEJET,52.35,52.5,52.15,52.35,267126.0
2020-08-26 12:45:00,NSE:SPICEJET,52.4,52.45,52.0,52.1,575768.0
2020-08-26 13:30:00,NSE:SPICEJET,52.1,52.75,52.1,52.45,468476.0
2020-08-26 14:15:00,NSE:SPICEJET,52.45,52.5,52.2,52.2,288736.0
2020-08-26 15:00:00,NSE:SPICEJET,52.2,52.45,52.2,52.3,406208.0
2020-08-27 09:00:00,NSE:SPICEJET,52.3,52.7,52.05,52.45,608051.0
2020-08-27 09:45:00,NSE:SPICEJET,52.45,52.5,52.15,52.35,293086.0
2020-08-27 10:30:00,NSE:SPICEJET,52.35,52.4,52.15,52.15,167922.0
2020-08-27 11:15:00,NSE:SPICEJET,52.15,52.45,52.15,52.3,199150.0
2020-08-27 12:00:00,NSE:SPICEJET,52.35,52.4,52.2,52.3,188771.0
2020-08-27 12:45:00,NSE:SPICEJET,52.4,52.4,51.9,51.9,393318.0
2020-08-27 13:30:00,NSE:SPICEJET,51.95,52.25,51.7,52.15,359833.0
2020-08-27 14:15:00,NSE:SPICEJET,52.1,52.2,52.0,52.0,180060.0
2020-08-27 15:00:00,NSE:SPICEJET,52.0,52.2,51.95,52.05,410814.0
2020-08-28 09:00:00,NSE:SPICEJET,52.4,52.75,52.3,52.7,646623.0
2020-08-28 09:45:00,NSE:SPICEJET,52.7,52.7,52.15,52.3,426509.0
2020-08-28 10:30:00,NSE:SPICEJET,52.35,52.55,52.3,52.4,329124.0
2020-08-28 11:15:00,NSE:SPICEJET,52.35,52.5,52.2,52.45,200888.0
2020-08-28 12:00:00,NSE:SPICEJET,52.4,52.5,52.25,52.3,181957.0
2020-08-28 12:45:00,NSE:SPICEJET,52.3,52.45,52.25,52.4,161455.0
2020-08-28 13:30:00,NSE:SPICEJET,52.3,52.45,52.3,52.35,243675.0
2020-08-28 14:15:00,NSE:SPICEJET,52.35,52.4,52.25,52.35,183880.0
2020-08-28 15:00:00,NSE:SPICEJET,52.3,52.45,52.3,52.35,410875.0
2020-08-31 09:00:00,NSE:SPICEJET,52.4,53.0,51.55,51.9,702924.0
2020-08-31 09:45:00,NSE:SPICEJET,51.9,52.2,51.6,51.8,424324.0
2020-08-31 10:30:00,NSE:SPICEJET,51.8,52.7,51.6,51.85,978312.0
2020-08-31 11:15:00,NSE:SPICEJET,51.8,51.95,50.3,50.85,771404.0
2020-08-31 12:00:00,NSE:SPICEJET,50.85,51.25,50.75,51.25,283319.0
2020-08-31 12:45:00,NSE:SPICEJET,51.2,51.35,50.5,50.7,253269.0
2020-08-31 13:30:00,NSE:SPICEJET,50.75,50.95,50.5,50.65,424926.0
2020-08-31 14:15:00,NSE:SPICEJET,50.65,50.65,49.6,50.5,765041.0
2020-08-31 15:00:00,NSE:SPICEJET,50.5,52.0,50.5,51.45,1130480.0
2020-09-01 09:00:00,NSE:SPICEJET,51.6,51.7,50.4,51.1,323246.0
2020-09-01 09:45:00,NSE:SPICEJET,51.05,51.25,50.5,50.6,197417.0
2020-09-01 10:30:00,NSE:SPICEJET,50.6,51.0,50.4,50.6,144967.0
2020-09-01 11:15:00,NSE:SPICEJET,50.55,50.75,50.15,50.7,122405.0
2020-09-01 12:00:00,NSE:SPICEJET,50.65,50.7,50.2,50.5,80502.0
2020-09-01 12:45:00,NSE:SPICEJET,50.55,51.35,50.5,50.7,293342.0
2020-09-01 13:30:00,NSE:SPICEJET,50.7,51.1,50.4,50.75,233311.0
2020-09-01 14:15:00,NSE:SPICEJET,50.7,50.8,50.5,50.7,109412.0
2020-09-01 15:00:00,NSE:SPICEJET,50.7,50.85,50.55,50.7,192067.0
2020-09-02 09:00:00,NSE:SPICEJET,51.0,51.0,50.25,50.85,212381.0
2020-09-02 09:45:00,NSE:SPICEJET,50.8,51.35,50.7,51.1,328315.0
2020-09-02 10:30:00,NSE:SPICEJET,51.1,51.4,50.75,51.4,220515.0
2020-09-02 11:15:00,NSE:SPICEJET,51.4,51.45,50.85,51.3,336742.0
2020-09-02 12:00:00,NSE:SPICEJET,51.3,51.3,50.8,51.0,162922.0
2020-09-02 12:45:00,NSE:SPICEJET,50.95,51.15,50.75,50.8,154499.0
2020-09-02 13:30:00,NSE:SPICEJET,50.8,51.0,50.65,51.0,89442.0
2020-09-02 14:15:00,NSE:SPICEJET,51.0,51.15,50.9,50.95,106296.0
2020-09-02 15:00:00,NSE:SPICEJET,50.95,51.05,50.7,50.85,199420.0
2020-09-03 09:00:00,NSE:SPICEJET,53.65,53.65,52.3,52.45,1887776.0
2020-09-03 09:45:00,NSE:SPICEJET,52.5,52.5,52.15,52.45,583948.0
2020-09-03 10:30:00,NSE:SPICEJET,52.4,52.5,52.25,52.45,293251.0
2020-09-03 11:15:00,NSE:SPICEJET,52.45,52.45,52.15,52.25,137898.0
2020-09-03 12:00:00,NSE:SPICEJET,52.25,52.4,52.2,52.35,151953.0
2020-09-03 12:45:00,NSE:SPICEJET,52.3,52.45,52.25,52.35,160075.0
2020-09-03 13:30:00,NSE:SPICEJET,52.35,52.5,52.25,52.35,209939.0
2020-09-03 14:15:00,NSE:SPICEJET,52.35,52.7,52.35,52.35,418480.0
2020-09-03 15:00:00,NSE:SPICEJET,52.4,52.7,52.3,52.5,566092.0
2020-09-04 09:00:00,NSE:SPICEJET,51.5,51.75,50.05,51.4,589307.0
2020-09-04 09:45:00,NSE:SPICEJET,51.4,56.55,51.4,54.75,6901794.0
2020-09-04 10:30:00,NSE:SPICEJET,54.75,55.75,54.15,55.6,2425277.0
2020-09-04 11:15:00,NSE:SPICEJET,55.65,55.75,54.55,54.75,675607.0
2020-09-04 12:00:00,NSE:SPICEJET,54.75,54.85,54.5,54.75,405110.0
2020-09-04 12:45:00,NSE:SPICEJET,54.75,54.9,54.55,54.7,278498.0
2020-09-04 13:30:00,NSE:SPICEJET,54.7,54.7,54.25,54.25,291169.0
2020-09-04 14:15:00,NSE:SPICEJET,54.3,54.45,53.3,53.8,837762.0
2020-09-04 15:00:00,NSE:SPICEJET,53.75,53.9,53.4,53.7,656023.0
2020-09-07 09:00:00,NSE:SPICEJET,53.85,54.0,52.55,52.55,666310.0
2020-09-07 09:45:00,NSE:SPICEJET,52.4,53.3,52.2,53.1,1002560.0
2020-09-07 10:30:00,NSE:SPICEJET,53.05,53.15,52.2,53.05,1128460.0
2020-09-07 11:15:00,NSE:SPICEJET,53.1,53.1,52.65,52.8,160531.0
2020-09-07 12:00:00,NSE:SPICEJET,52.85,52.9,52.5,52.65,186465.0
2020-09-07 12:45:00,NSE:SPICEJET,52.6,53.3,52.0,52.35,1328210.0
2020-09-07 13:30:00,NSE:SPICEJET,52.3,52.45,51.55,52.15,834781.0
2020-09-07 14:15:00,NSE:SPICEJET,52.15,52.3,51.6,52.05,290671.0
2020-09-07 15:00:00,NSE:SPICEJET,52.0,52.5,51.95,52.3,532190.0
2020-09-08 09:00:00,NSE:SPICEJET,52.35,52.4,51.5,52.0,1239567.0
2020-09-08 09:45:00,NSE:SPICEJET,52.05,52.35,51.8,52.2,670556.0
2020-09-08 10:30:00,NSE:SPICEJET,52.15,52.3,51.75,51.9,499397.0
2020-09-08 11:15:00,NSE:SPICEJET,51.8,52.0,51.7,51.95,151414.0
2020-09-08 12:00:00,NSE:SPICEJET,51.9,52.0,51.75,51.9,110160.0
2020-09-08 12:45:00,NSE:SPICEJET,51.85,51.95,51.7,51.85,93805.0
2020-09-08 13:30:00,NSE:SPICEJET,51.75,52.0,51.5,51.8,330472.0
2020-09-08 14:15:00,NSE:SPICEJET,51.85,51.85,51.5,51.6,258158.0
2020-09-08 15:00:00,NSE:SPICEJET,51.55,51.95,51.4,51.7,440807.0
2020-09-09 09:00:00,NSE:SPICEJET,50.7,51.25,50.5,50.9,812864.0
2020-09-09 09:45:00,NSE:SPICEJET,50.9,51.0,50.1,50.25,404570.0
2020-09-09 10:30:00,NSE:SPICEJET,50.25,50.5,50.1,50.4,195932.0
2020-09-09 11:15:00,NSE:SPICEJET,50.4,50.4,50.0,50.05,162808.0
2020-09-09 12:00:00,NSE:SPICEJET,50.05,50.15,49.75,50.05,235638.0
2020-09-09 12:45:00,NSE:SPICEJET,50.05,50.3,50.0,50.15,88846.0
2020-09-09 13:30:00,NSE:SPICEJET,50.15,50.35,50.1,50.25,89201.0
2020-09-09 14:15:00,NSE:SPICEJET,50.25,50.35,49.95,50.25,130564.0
2020-09-09 15:00:00,NSE:SPICEJET,50.3,50.7,50.25,50.5,283503.0
2020-09-10 09:00:00,NSE:SPICEJET,51.0,51.65,50.8,51.1,405981.0
2020-09-10 09:45:00,NSE:SPICEJET,51.1,51.3,50.85,51.3,255278.0
2020-09-10 10:30:00,NSE:SPICEJET,51.25,51.55,51.1,51.15,219307.0
2020-09-10 11:15:00,NSE:SPICEJET,51.1,51.15,50.8,51.1,180992.0
2020-09-10 12:00:00,NSE:SPICEJET,51.05,51.25,50.8,51.1,119510.0
2020-09-10 12:45:00,NSE:SPICEJET,51.05,51.3,50.6,50.65,126532.0
2020-09-10 13:30:00,NSE:SPICEJET,50.65,51.0,50.6,50.7,89806.0
2020-09-10 14:15:00,NSE:SPICEJET,50.7,50.9,50.65,50.8,87047.0
2020-09-10 15:00:00,NSE:SPICEJET,50.8,51.1,50.8,50.95,216847.0
2020-09-11 09:00:00,NSE:SPICEJET,51.0,51.35,50.6,50.75,240435.0
2020-09-11 09:45:00,NSE:SPICEJET,50.95,51.2,50.7,50.85,249862.0
2020-09-11 10:30:00,NSE:SPICEJET,50.9,51.15,50.85,51.1,214998.0
2020-09-11 11:15:00,NSE:SPICEJET,51.1,52.4,51.0,51.75,1665736.0
2020-09-11 12:00:00,NSE:SPICEJET,51.8,51.9,51.5,51.65,166849.0
2020-09-11 12:45:00,NSE:SPICEJET,51.65,51.65,51.15,51.35,141911.0
2020-09-11 13:30:00,NSE:SPICEJET,51.35,51.45,51.2,51.25,81797.0
2020-09-11 14:15:00,NSE:SPICEJET,51.25,51.35,51.0,51.15,181044.0
2020-09-11 15:00:00,NSE:SPICEJET,51.15,51.5,51.1,51.3,320217.0
2020-09-14 09:00:00,NSE:SPICEJET,51.7,52.0,51.6,51.7,314918.0
2020-09-14 09:45:00,NSE:SPICEJET,51.65,51.85,51.55,51.7,314319.0
2020-09-14 10:30:00,NSE:SPICEJET,51.7,51.75,51.05,51.4,517937.0
2020-09-14 11:15:00,NSE:SPICEJET,51.4,51.6,51.15,51.3,201333.0
2020-09-14 12:00:00,NSE:SPICEJET,51.3,51.55,51.2,51.25,118009.0
2020-09-14 12:45:00,NSE:SPICEJET,51.3,51.45,51.3,51.35,100283.0
2020-09-14 13:30:00,NSE:SPICEJET,51.3,51.35,51.0,51.1,172662.0
2020-09-14 14:15:00,NSE:SPICEJET,51.15,54.15,51.1,53.6,2498191.0
2020-09-14 15:00:00,NSE:SPICEJET,53.7,53.7,53.2,53.35,785384.0
2020-09-15 09:00:00,NSE:SPICEJET,54.15,54.25,52.8,53.3,883347.0
2020-09-15 09:45:00,NSE:SPICEJET,53.35,53.8,52.85,53.1,734797.0
2020-09-15 10:30:00,NSE:SPICEJET,53.05,53.3,52.65,53.2,308548.0
2020-09-15 11:15:00,NSE:SPICEJET,53.15,53.4,52.85,53.05,325080.0
2020-09-15 12:00:00,NSE:SPICEJET,53.05,53.2,52.95,53.1,78901.0
2020-09-15 12:45:00,NSE:SPICEJET,53.0,53.1,52.8,52.85,76177.0
2020-09-15 13:30:00,NSE:SPICEJET,52.85,53.05,52.85,52.9,80230.0
2020-09-15 14:15:00,NSE:SPICEJET,52.9,53.0,52.8,52.9,105730.0
2020-09-15 15:00:00,NSE:SPICEJET,53.0,53.95,52.85,53.1,624329.0
2020-09-15 15:45:00,NSE:SPICEJET,53.5,53.5,53.5,53.5,2.0
2020-09-16 09:00:00,NSE:SPICEJET,53.6,53.95,52.3,52.75,1281925.0
2020-09-16 09:45:00,NSE:SPICEJET,52.65,53.2,52.4,52.8,516328.0
2020-09-16 10:30:00,NSE:SPICEJET,52.7,55.0,52.7,53.7,2170973.0
2020-09-16 11:15:00,NSE:SPICEJET,53.7,54.25,53.15,53.5,1305925.0
2020-09-16 12:00:00,NSE:SPICEJET,53.45,53.5,53.1,53.3,166765.0
2020-09-16 12:45:00,NSE:SPICEJET,53.3,53.45,53.1,53.25,209938.0
2020-09-16 13:30:00,NSE:SPICEJET,53.3,54.0,53.1,53.6,395865.0
2020-09-16 14:15:00,NSE:SPICEJET,53.7,53.75,53.3,53.4,195549.0
2020-09-16 15:00:00,NSE:SPICEJET,53.45,53.45,52.8,53.1,490117.0
2020-09-17 09:00:00,NSE:SPICEJET,53.1,53.6,52.55,52.7,582914.0
2020-09-17 09:45:00,NSE:SPICEJET,52.75,52.8,52.1,52.3,358733.0
2020-09-17 10:30:00,NSE:SPICEJET,52.3,52.65,52.25,52.35,222153.0
2020-09-17 11:15:00,NSE:SPICEJET,52.4,52.45,52.1,52.2,172526.0
2020-09-17 12:00:00,NSE:SPICEJET,52.1,52.3,52.0,52.1,163275.0
2020-09-17 12:45:00,NSE:SPICEJET,52.05,52.25,52.0,52.1,57300.0
2020-09-17 13:30:00,NSE:SPICEJET,52.15,52.4,52.1,52.2,98344.0
2020-09-17 14:15:00,NSE:SPICEJET,52.25,52.25,52.0,52.05,237331.0
2020-09-17 15:00:00,NSE:SPICEJET,52.05,52.15,51.95,52.05,305091.0
2020-09-18 09:00:00,NSE:SPICEJET,52.3,52.75,52.05,52.1,253354.0
2020-09-18 09:45:00,NSE:SPICEJET,52.05,52.35,51.65,51.9,311036.0
2020-09-18 10:30:00,NSE:SPICEJET,51.85,51.95,51.7,51.85,101930.0
2020-09-18 11:15:00,NSE:SPICEJET,51.85,51.85,51.35,51.6,186246.0
2020-09-18 12:00:00,NSE:SPICEJET,51.5,51.95,51.5,51.7,82739.0
2020-09-18 12:45:00,NSE:SPICEJET,51.7,51.75,51.5,51.6,36618.0
2020-09-18 13:30:00,NSE:SPICEJET,51.6,51.8,51.5,51.65,75479.0
2020-09-18 14:15:00,NSE:SPICEJET,51.7,51.7,51.3,51.55,190244.0
2020-09-18 15:00:00,NSE:SPICEJET,51.5,51.65,51.35,51.5,200612.0
2020-09-21 09:00:00,NSE:SPICEJET,51.5,52.1,51.15,51.75,217054.0
2020-09-21 09:45:00,NSE:SPICEJET,51.8,51.85,51.25,51.45,175030.0
2020-09-21 10:30:00,NSE:SPICEJET,51.45,51.8,51.25,51.35,134472.0
2020-09-21 11:15:00,NSE:SPICEJET,51.4,51.65,51.25,51.5,238103.0
2020-09-21 12:00:00,NSE:SPICEJET,51.45,51.5,50.95,51.1,229212.0
2020-09-21 12:45:00,NSE:SPICEJET,51.05,51.45,50.5,50.65,331708.0
2020-09-21 13:30:00,NSE:SPICEJET,50.65,50.65,49.85,49.9,314543.0
2020-09-21 14:15:00,NSE:SPICEJET,49.9,50.25,49.6,49.95,323804.0
2020-09-21 15:00:00,NSE:SPICEJET,49.95,50.05,49.0,49.8,362046.0
2020-09-22 09:00:00,NSE:SPICEJET,49.3,49.7,47.05,47.85,581545.0
2020-09-22 09:45:00,NSE:SPICEJET,47.95,49.2,47.3,48.85,438863.0
2020-09-22 10:30:00,NSE:SPICEJET,48.85,49.0,48.15,48.15,183355.0
2020-09-22 11:15:00,NSE:SPICEJET,48.25,48.75,48.15,48.6,111962.0
2020-09-22 12:00:00,NSE:SPICEJET,48.6,48.95,48.5,48.85,81079.0
2020-09-22 12:45:00,NSE:SPICEJET,48.75,48.95,48.4,48.9,120531.0
2020-09-22 13:30:00,NSE:SPICEJET,48.9,48.95,48.5,48.6,96453.0
2020-09-22 14:15:00,NSE:SPICEJET,48.5,48.8,48.4,48.55,88779.0
2020-09-22 15:00:00,NSE:SPICEJET,48.65,49.3,48.55,48.85,199657.0
2020-09-23 09:00:00,NSE:SPICEJET,49.8,49.8,48.8,49.2,272038.0
2020-09-23 09:45:00,NSE:SPICEJET,49.25,49.3,48.85,49.2,109975.0
2020-09-23 10:30:00,NSE:SPICEJET,49.25,49.25,49.05,49.15,37081.0
2020-09-23 11:15:00,NSE:SPICEJET,49.15,49.25,48.8,48.8,60163.0
2020-09-23 12:00:00,NSE:SPICEJET,48.8,48.95,48.65,48.65,84461.0
2020-09-23 12:45:00,NSE:SPICEJET,48.7,48.85,48.6,48.75,98882.0
2020-09-23 13:30:00,NSE:SPICEJET,48.7,48.85,47.9,48.3,307697.0
2020-09-23 14:15:00,NSE:SPICEJET,48.3,48.5,48.15,48.45,199968.0
2020-09-23 15:00:00,NSE:SPICEJET,48.45,48.5,48.2,48.35,271720.0
2020-09-24 09:00:00,NSE:SPICEJET,47.8,48.0,47.25,47.75,188465.0
2020-09-24 09:45:00,NSE:SPICEJET,47.65,47.8,47.0,47.0,163240.0
2020-09-24 10:30:00,NSE:SPICEJET,47.05,47.3,46.85,46.95,127703.0
2020-09-24 11:15:00,NSE:SPICEJET,46.8,47.25,46.8,47.15,174997.0
2020-09-24 12:00:00,NSE:SPICEJET,47.15,47.25,46.7,46.7,150906.0
2020-09-24 12:45:00,NSE:SPICEJET,46.8,47.0,46.65,46.95,70570.0
2020-09-24 13:30:00,NSE:SPICEJET,46.9,46.95,46.7,46.9,90218.0
2020-09-24 14:15:00,NSE:SPICEJET,46.9,46.95,46.25,46.45,314486.0
2020-09-24 15:00:00,NSE:SPICEJET,46.45,46.45,46.0,46.3,296315.0
2020-09-25 09:00:00,NSE:SPICEJET,46.3,47.05,45.95,46.95,197969.0
2020-09-25 09:45:00,NSE:SPICEJET,46.95,47.0,46.25,46.35,142171.0
2020-09-25 10:30:00,NSE:SPICEJET,46.5,46.75,46.25,46.7,232983.0
2020-09-25 11:15:00,NSE:SPICEJET,46.65,46.9,46.55,46.9,80815.0
2020-09-25 12:00:00,NSE:SPICEJET,46.9,47.05,46.7,46.95,166606.0
2020-09-25 12:45:00,NSE:SPICEJET,46.95,47.25,46.5,46.65,165354.0
2020-09-25 13:30:00,NSE:SPICEJET,46.7,46.75,46.45,46.75,118685.0
2020-09-25 14:15:00,NSE:SPICEJET,46.75,46.9,46.4,46.85,325497.0
2020-09-25 15:00:00,NSE:SPICEJET,46.8,46.85,46.35,46.6,387474.0
2020-09-28 09:00:00,NSE:SPICEJET,47.3,48.1,47.05,48.1,405326.0
2020-09-28 09:45:00,NSE:SPICEJET,48.1,48.25,47.8,48.0,144026.0
2020-09-28 10:30:00,NSE:SPICEJET,48.0,48.25,47.95,48.2,84055.0
2020-09-28 11:15:00,NSE:SPICEJET,48.2,48.25,47.85,48.1,121283.0
2020-09-28 12:00:00,NSE:SPICEJET,48.05,48.35,48.0,48.1,101174.0
2020-09-28 12:45:00,NSE:SPICEJET,48.1,48.3,48.0,48.1,43745.0
2020-09-28 13:30:00,NSE:SPICEJET,48.1,48.15,48.0,48.05,41574.0
2020-09-28 14:15:00,NSE:SPICEJET,48.1,48.25,48.05,48.15,87754.0
2020-09-28 15:00:00,NSE:SPICEJET,48.15,48.15,47.85,48.0,199490.0
2020-09-29 09:00:00,NSE:SPICEJET,48.3,49.05,48.25,48.65,283292.0
2020-09-29 09:45:00,NSE:SPICEJET,48.65,48.95,48.45,48.9,142033.0
2020-09-29 10:30:00,NSE:SPICEJET,48.85,48.9,48.1,48.15,91769.0
2020-09-29 11:15:00,NSE:SPICEJET,48.25,48.65,48.15,48.35,46717.0
2020-09-29 12:00:00,NSE:SPICEJET,48.35,48.6,48.25,48.45,47290.0
2020-09-29 12:45:00,NSE:SPICEJET,48.45,48.55,48.25,48.35,30021.0
2020-09-29 13:30:00,NSE:SPICEJET,48.35,48.8,48.25,48.55,55674.0
2020-09-29 14:15:00,NSE:SPICEJET,48.5,48.9,48.5,48.55,96795.0
2020-09-29 15:00:00,NSE:SPICEJET,48.55,48.75,48.3,48.45,135163.0
2020-09-30 09:00:00,NSE:SPICEJET,48.75,49.0,48.4,48.55,85556.0
2020-09-30 09:45:00,NSE:SPICEJET,48.5,48.6,48.15,48.6,74588.0
2020-09-30 10:30:00,NSE:SPICEJET,48.55,48.8,48.3,48.35,77974.0
2020-09-30 11:15:00,NSE:SPICEJET,48.45,48.5,48.15,48.3,54180.0
2020-09-30 12:00:00,NSE:SPICEJET,48.3,48.65,48.2,48.6,31394.0
2020-09-30 12:45:00,NSE:SPICEJET,48.6,48.7,48.45,48.45,46579.0
2020-09-30 13:30:00,NSE:SPICEJET,48.5,48.55,48.3,48.35,36147.0
2020-09-30 14:15:00,NSE:SPICEJET,48.45,48.45,48.25,48.35,23216.0
2020-09-30 15:00:00,NSE:SPICEJET,48.35,48.4,48.15,48.25,97370.0
2020-10-01 09:00:00,NSE:SPICEJET,48.9,49.05,48.4,48.8,170001.0
2020-10-01 09:45:00,NSE:SPICEJET,48.7,48.85,48.5,48.5,91996.0
2020-10-01 10:30:00,NSE:SPICEJET,48.6,49.45,48.45,49.0,363459.0
2020-10-01 11:15:00,NSE:SPICEJET,49.0,49.1,48.5,48.65,161864.0
2020-10-01 12:00:00,NSE:SPICEJET,48.65,48.75,48.5,48.65,58460.0
2020-10-01 12:45:00,NSE:SPICEJET,48.6,51.2,48.6,50.4,1524067.0
2020-10-01 13:30:00,NSE:SPICEJET,50.4,50.4,49.8,50.0,301796.0
2020-10-01 14:15:00,NSE:SPICEJET,50.0,50.75,49.85,50.35,394485.0
2020-10-01 15:00:00,NSE:SPICEJET,50.3,50.45,50.1,50.3,376748.0
2020-10-05 09:00:00,NSE:SPICEJET,50.3,50.35,49.5,49.9,285309.0
2020-10-05 09:45:00,NSE:SPICEJET,49.9,50.5,49.8,50.15,208735.0
2020-10-05 10:30:00,NSE:SPICEJET,50.05,50.15,49.85,50.0,109929.0
2020-10-05 11:15:00,NSE:SPICEJET,50.05,50.15,49.9,50.0,69349.0
2020-10-05 12:00:00,NSE:SPICEJET,49.9,50.1,49.85,49.95,91994.0
2020-10-05 12:45:00,NSE:SPICEJET,49.95,50.1,49.55,49.65,89194.0
2020-10-05 13:30:00,NSE:SPICEJET,49.65,49.95,49.55,49.7,80371.0
2020-10-05 14:15:00,NSE:SPICEJET,49.8,52.0,49.7,51.1,2750447.0
2020-10-05 15:00:00,NSE:SPICEJET,51.05,51.8,51.0,51.5,626836.0
2020-10-06 09:00:00,NSE:SPICEJET,51.9,52.15,51.1,51.3,512891.0
2020-10-06 09:45:00,NSE:SPICEJET,51.25,51.4,51.1,51.2,134001.0
2020-10-06 10:30:00,NSE:SPICEJET,51.15,51.25,51.0,51.05,108297.0
2020-10-06 11:15:00,NSE:SPICEJET,51.1,51.3,50.9,51.2,138578.0
2020-10-06 12:00:00,NSE:SPICEJET,51.2,51.25,50.85,50.95,50182.0
2020-10-06 12:45:00,NSE:SPICEJET,50.9,51.2,50.85,51.2,92804.0
2020-10-06 13:30:00,NSE:SPICEJET,51.2,51.25,50.95,51.0,80405.0
2020-10-06 14:15:00,NSE:SPICEJET,51.0,51.4,51.0,51.25,109992.0
2020-10-06 15:00:00,NSE:SPICEJET,51.25,51.4,50.95,51.25,245189.0
2020-10-07 09:00:00,NSE:SPICEJET,51.3,51.9,50.4,50.75,369502.0
2020-10-07 09:45:00,NSE:SPICEJET,50.75,51.45,50.7,51.15,296362.0
2020-10-07 10:30:00,NSE:SPICEJET,51.2,51.2,50.75,50.85,94441.0
2020-10-07 11:15:00,NSE:SPICEJET,50.8,50.8,50.55,50.65,58150.0
2020-10-07 12:00:00,NSE:SPICEJET,50.65,50.9,50.55,50.75,62081.0
2020-10-07 12:45:00,NSE:SPICEJET,50.75,50.9,50.6,50.65,40371.0
2020-10-07 13:30:00,NSE:SPICEJET,50.65,50.85,50.1,50.3,145932.0
2020-10-07 14:15:00,NSE:SPICEJET,50.35,50.75,50.25,50.7,99445.0
2020-10-07 15:00:00,NSE:SPICEJET,50.65,50.7,50.05,50.35,231045.0
2020-10-08 09:00:00,NSE:SPICEJET,50.4,50.8,50.15,50.4,156224.0
2020-10-08 09:45:00,NSE:SPICEJET,50.35,50.55,50.2,50.4,108946.0
2020-10-08 10:30:00,NSE:SPICEJET,50.4,50.55,50.3,50.35,70413.0
2020-10-08 11:15:00,NSE:SPICEJET,50.4,50.4,50.05,50.05,92803.0
2020-10-08 12:00:00,NSE:SPICEJET,50.05,50.45,49.65,50.15,426640.0
2020-10-08 12:45:00,NSE:SPICEJET,50.15,50.3,49.8,49.9,168950.0
2020-10-08 13:30:00,NSE:SPICEJET,49.9,50.1,49.7,49.8,88572.0
2020-10-08 14:15:00,NSE:SPICEJET,49.8,50.0,49.6,49.6,97904.0
2020-10-08 15:00:00,NSE:SPICEJET,49.7,50.5,49.65,50.1,347719.0
2020-10-09 09:00:00,NSE:SPICEJET,50.35,50.35,49.8,49.8,196684.0
2020-10-09 09:45:00,NSE:SPICEJET,49.8,50.75,49.8,50.4,457797.0
2020-10-09 10:30:00,NSE:SPICEJET,50.35,50.4,50.15,50.3,86338.0
2020-10-09 11:15:00,NSE:SPICEJET,50.3,50.35,50.05,50.15,57203.0
2020-10-09 12:00:00,NSE:SPICEJET,50.1,50.15,50.0,50.0,51151.0
2020-10-09 12:45:00,NSE:SPICEJET,50.05,50.2,49.9,50.0,72750.0
2020-10-09 13:30:00,NSE:SPICEJET,49.95,50.15,49.95,50.0,59788.0
2020-10-09 14:15:00,NSE:SPICEJET,50.05,50.1,49.9,50.1,73178.0
2020-10-09 15:00:00,NSE:SPICEJET,50.05,50.1,49.9,50.0,136569.0
2020-10-12 09:00:00,NSE:SPICEJET,49.55,50.8,49.55,50.35,276308.0
2020-10-12 09:45:00,NSE:SPICEJET,50.3,50.5,49.7,49.75,212670.0
2020-10-12 10:30:00,NSE:SPICEJET,49.7,50.5,49.6,50.2,313068.0
2020-10-12 11:15:00,NSE:SPICEJET,50.1,50.25,49.8,49.8,258878.0
2020-10-12 12:00:00,NSE:SPICEJET,49.9,49.9,48.5,48.7,305477.0
2020-10-12 12:45:00,NSE:SPICEJET,48.7,50.0,48.25,48.85,788437.0
2020-10-12 13:30:00,NSE:SPICEJET,48.7,49.1,48.7,48.95,278880.0
2020-10-12 14:15:00,NSE:SPICEJET,48.85,48.9,47.9,48.35,334589.0
2020-10-12 15:00:00,NSE:SPICEJET,48.35,48.45,48.25,48.35,202305.0
2020-10-13 09:00:00,NSE:SPICEJET,48.35,48.9,47.7,48.1,300380.0
2020-10-13 09:45:00,NSE:SPICEJET,48.2,48.45,47.95,48.1,190823.0
2020-10-13 10:30:00,NSE:SPICEJET,48.2,48.4,47.9,47.95,113542.0
2020-10-13 11:15:00,NSE:SPICEJET,47.95,48.2,47.8,47.95,69012.0
2020-10-13 12:00:00,NSE:SPICEJET,47.9,48.1,47.85,48.1,83377.0
2020-10-13 12:45:00,NSE:SPICEJET,48.1,48.2,47.9,48.15,40117.0
2020-10-13 13:30:00,NSE:SPICEJET,48.05,48.2,48.05,48.1,33999.0
2020-10-13 14:15:00,NSE:SPICEJET,48.2,48.75,48.0,48.4,198246.0
2020-10-13 15:00:00,NSE:SPICEJET,48.4,48.45,48.0,48.1,165127.0
2020-10-13 15:45:00,NSE:SPICEJET,48.2,48.2,48.2,48.2,1.0
2020-10-14 09:00:00,NSE:SPICEJET,48.0,48.25,47.55,48.0,167475.0
2020-10-14 09:45:00,NSE:SPICEJET,48.0,48.9,48.0,48.35,200150.0
2020-10-14 10:30:00,NSE:SPICEJET,48.35,48.5,48.3,48.45,41241.0
2020-10-14 11:15:00,NSE:SPICEJET,48.4,48.55,48.3,48.5,49976.0
2020-10-14 12:00:00,NSE:SPICEJET,48.5,48.65,47.85,47.95,253297.0
2020-10-14 12:45:00,NSE:SPICEJET,48.0,48.0,47.75,47.85,98671.0
2020-10-14 13:30:00,NSE:SPICEJET,47.85,48.65,47.8,48.5,221553.0
2020-10-14 14:15:00,NSE:SPICEJET,48.5,49.3,48.5,49.05,313822.0
2020-10-14 15:00:00,NSE:SPICEJET,49.05,49.1,48.85,49.0,548197.0
2020-10-15 09:00:00,NSE:SPICEJET,49.3,49.5,48.6,48.9,68189.0
2020-10-15 09:45:00,NSE:SPICEJET,48.9,49.35,48.55,48.75,183272.0
2020-10-15 10:30:00,NSE:SPICEJET,48.85,49.15,48.75,48.95,103468.0
2020-10-15 11:15:00,NSE:SPICEJET,48.95,49.0,48.6,48.7,51294.0
2020-10-15 12:00:00,NSE:SPICEJET,48.8,48.8,47.8,48.45,147526.0
2020-10-15 12:45:00,NSE:SPICEJET,48.4,48.5,47.9,47.95,106132.0
2020-10-15 13:30:00,NSE:SPICEJET,48.0,48.3,48.0,48.05,60537.0
2020-10-15 14:15:00,NSE:SPICEJET,48.15,48.2,47.8,48.0,128455.0
2020-10-15 15:00:00,NSE:SPICEJET,47.9,48.05,47.75,47.85,161947.0
2020-10-16 09:00:00,NSE:SPICEJET,48.1,48.4,47.85,48.3,116581.0
2020-10-16 09:45:00,NSE:SPICEJET,48.3,48.35,47.8,48.05,79054.0
2020-10-16 10:30:00,NSE:SPICEJET,48.0,48.1,47.85,48.0,38063.0
2020-10-16 11:15:00,NSE:SPICEJET,48.0,48.0,47.6,47.8,49780.0
2020-10-16 12:00:00,NSE:SPICEJET,47.75,48.55,47.75,48.25,132244.0
2020-10-16 12:45:00,NSE:SPICEJET,48.15,48.25,47.65,48.0,81229.0
2020-10-16 13:30:00,NSE:SPICEJET,47.9,47.95,47.65,47.9,62711.0
2020-10-16 14:15:00,NSE:SPICEJET,47.9,47.95,47.7,47.9,52761.0
2020-10-16 15:00:00,NSE:SPICEJET,47.9,48.05,47.75,47.9,156436.0
2020-10-19 09:00:00,NSE:SPICEJET,48.5,48.7,48.15,48.6,102950.0
2020-10-19 09:45:00,NSE:SPICEJET,48.6,49.4,48.6,48.8,289289.0
2020-10-19 10:30:00,NSE:SPICEJET,48.8,48.85,48.4,48.45,51520.0
2020-10-19 11:15:00,NSE:SPICEJET,48.4,48.6,48.4,48.5,47734.0
2020-10-19 12:00:00,NSE:SPICEJET,48.5,48.6,48.4,48.5,21776.0
2020-10-19 12:45:00,NSE:SPICEJET,48.5,49.95,48.45,48.55,1141178.0
2020-10-19 13:30:00,NSE:SPICEJET,48.6,48.85,48.5,48.7,107963.0
2020-10-19 14:15:00,NSE:SPICEJET,48.65,48.9,48.4,48.5,151561.0
2020-10-19 15:00:00,NSE:SPICEJET,48.5,48.6,47.9,48.25,377245.0
2020-10-20 09:00:00,NSE:SPICEJET,48.1,48.35,47.75,48.15,162562.0
2020-10-20 09:45:00,NSE:SPICEJET,48.15,49.0,48.15,48.35,350476.0
2020-10-20 10:30:00,NSE:SPICEJET,48.35,48.75,48.2,48.5,194659.0
2020-10-20 11:15:00,NSE:SPICEJET,48.45,48.8,48.0,48.25,503403.0
2020-10-20 12:00:00,NSE:SPICEJET,48.3,48.3,47.85,48.0,168351.0
2020-10-20 12:45:00,NSE:SPICEJET,48.0,48.2,47.9,48.15,47376.0
2020-10-20 13:30:00,NSE:SPICEJET,48.15,48.35,47.85,48.0,145737.0
2020-10-20 14:15:00,NSE:SPICEJET,47.95,48.0,47.9,47.95,62747.0
2020-10-20 15:00:00,NSE:SPICEJET,47.95,48.0,47.9,47.95,232512.0
2020-10-21 09:00:00,NSE:SPICEJET,48.3,48.65,48.1,48.6,208904.0
2020-10-21 09:45:00,NSE:SPICEJET,48.55,49.15,48.5,48.7,397176.0
2020-10-21 10:30:00,NSE:SPICEJET,48.8,48.8,48.45,48.65,80276.0
2020-10-21 11:15:00,NSE:SPICEJET,48.55,48.85,48.55,48.85,56945.0
2020-10-21 12:00:00,NSE:SPICEJET,48.85,48.9,48.55,48.7,82054.0
2020-10-21 12:45:00,NSE:SPICEJET,48.7,48.7,48.25,48.35,78131.0
2020-10-21 13:30:00,NSE:SPICEJET,48.3,48.4,48.05,48.15,91037.0
2020-10-21 14:15:00,NSE:SPICEJET,48.1,48.5,48.0,48.3,85596.0
2020-10-21 15:00:00,NSE:SPICEJET,48.3,48.75,48.25,48.55,279251.0
2020-10-22 09:00:00,NSE:SPICEJET,48.85,48.85,48.0,48.35,165224.0
2020-10-22 09:45:00,NSE:SPICEJET,48.3,48.45,48.15,48.15,70064.0
2020-10-22 10:30:00,NSE:SPICEJET,48.2,48.6,47.85,47.95,322463.0
2020-10-22 11:15:00,NSE:SPICEJET,48.0,48.25,47.85,48.2,77882.0
2020-10-22 12:00:00,NSE:SPICEJET,48.15,48.3,47.95,47.95,72746.0
2020-10-22 12:45:00,NSE:SPICEJET,48.0,48.5,47.95,48.15,152983.0
2020-10-22 13:30:00,NSE:SPICEJET,48.15,48.25,47.95,47.95,141010.0
2020-10-22 14:15:00,NSE:SPICEJET,47.95,48.0,47.9,48.0,151203.0
2020-10-22 15:00:00,NSE:SPICEJET,48.0,48.15,47.5,47.8,430965.0
2020-10-23 09:00:00,NSE:SPICEJET,48.5,51.9,47.95,51.1,4082419.0
2020-10-23 09:45:00,NSE:SPICEJET,51.0,51.4,50.5,50.55,1880444.0
2020-10-23 10:30:00,NSE:SPICEJET,50.55,50.65,50.1,50.4,487511.0
2020-10-23 11:15:00,NSE:SPICEJET,50.35,50.6,50.1,50.4,929181.0
2020-10-23 12:00:00,NSE:SPICEJET,50.3,52.4,50.3,51.35,1815935.0
2020-10-23 12:45:00,NSE:SPICEJET,51.3,53.2,51.1,51.55,2328744.0
2020-10-23 13:30:00,NSE:SPICEJET,51.6,53.8,51.5,53.0,3206631.0
2020-10-23 14:15:00,NSE:SPICEJET,53.0,53.2,52.05,52.2,2550600.0
2020-10-23 15:00:00,NSE:SPICEJET,52.2,52.55,51.7,52.15,1639583.0
2020-10-26 09:00:00,NSE:SPICEJET,52.65,52.65,50.8,50.95,990644.0
2020-10-26 09:45:00,NSE:SPICEJET,51.0,51.85,50.7,51.5,588764.0
2020-10-26 10:30:00,NSE:SPICEJET,51.5,51.8,51.05,51.1,258928.0
2020-10-26 11:15:00,NSE:SPICEJET,51.1,51.65,50.55,51.5,494603.0
2020-10-26 12:00:00,NSE:SPICEJET,51.75,52.5,51.1,51.1,685079.0
2020-10-26 12:45:00,NSE:SPICEJET,51.1,51.45,51.05,51.3,112676.0
2020-10-26 13:30:00,NSE:SPICEJET,51.2,51.25,50.8,50.9,180735.0
2020-10-26 14:15:00,NSE:SPICEJET,50.9,51.35,50.9,51.0,300085.0
2020-10-26 15:00:00,NSE:SPICEJET,51.05,51.35,50.7,51.1,346021.0
2020-10-27 09:00:00,NSE:SPICEJET,50.95,51.1,50.2,50.55,376450.0
2020-10-27 09:45:00,NSE:SPICEJET,50.65,50.8,50.4,50.5,136666.0
2020-10-27 10:30:00,NSE:SPICEJET,50.5,50.7,50.4,50.5,73528.0
2020-10-27 11:15:00,NSE:SPICEJET,50.6,50.65,50.4,50.4,106129.0
2020-10-27 12:00:00,NSE:SPICEJET,50.35,50.5,50.25,50.35,193533.0
2020-10-27 12:45:00,NSE:SPICEJET,50.4,52.25,50.35,51.25,712877.0
2020-10-27 13:30:00,NSE:SPICEJET,51.25,51.85,50.9,51.5,330266.0
2020-10-27 14:15:00,NSE:SPICEJET,51.5,51.5,51.0,51.15,181435.0
2020-10-27 15:00:00,NSE:SPICEJET,51.15,52.5,51.05,52.05,1635600.0
2020-10-28 09:00:00,NSE:SPICEJET,51.4,52.45,51.15,51.75,471387.0
2020-10-28 09:45:00,NSE:SPICEJET,51.75,51.8,51.35,51.6,128680.0
2020-10-28 10:30:00,NSE:SPICEJET,51.6,51.7,51.4,51.45,84207.0
2020-10-28 11:15:00,NSE:SPICEJET,51.5,51.7,51.4,51.6,53221.0
2020-10-28 12:00:00,NSE:SPICEJET,51.5,51.6,51.25,51.4,77988.0
2020-10-28 12:45:00,NSE:SPICEJET,51.35,51.4,50.7,50.85,240807.0
2020-10-28 13:30:00,NSE:SPICEJET,50.9,50.95,50.4,50.7,139229.0
2020-10-28 14:15:00,NSE:SPICEJET,50.7,50.8,50.45,50.8,149845.0
2020-10-28 15:00:00,NSE:SPICEJET,50.75,50.9,50.3,50.65,231795.0
2020-10-29 09:00:00,NSE:SPICEJET,50.1,50.3,49.65,50.1,256492.0
2020-10-29 09:45:00,NSE:SPICEJET,50.0,50.65,50.0,50.2,140005.0
2020-10-29 10:30:00,NSE:SPICEJET,50.2,50.25,49.85,50.05,77425.0
2020-10-29 11:15:00,NSE:SPICEJET,50.1,50.15,49.75,49.9,66120.0
2020-10-29 12:00:00,NSE:SPICEJET,50.0,50.15,49.95,50.05,45811.0
2020-10-29 12:45:00,NSE:SPICEJET,50.05,50.1,49.8,49.9,35603.0
2020-10-29 13:30:00,NSE:SPICEJET,49.9,49.9,49.7,49.8,60086.0
2020-10-29 14:15:00,NSE:SPICEJET,49.8,50.0,49.7,49.8,79551.0
2020-10-29 15:00:00,NSE:SPICEJET,49.9,50.0,49.75,49.9,140317.0
2020-10-30 09:00:00,NSE:SPICEJET,49.95,51.45,49.95,50.85,309496.0
2020-10-30 09:45:00,NSE:SPICEJET,50.9,51.5,50.85,50.85,222404.0
2020-10-30 10:30:00,NSE:SPICEJET,50.9,51.1,50.25,50.45,127423.0
2020-10-30 11:15:00,NSE:SPICEJET,50.5,50.6,49.5,49.75,217404.0
2020-10-30 12:00:00,NSE:SPICEJET,49.8,49.95,49.1,49.35,170351.0
2020-10-30 12:45:00,NSE:SPICEJET,49.35,49.7,49.2,49.7,87191.0
2020-10-30 13:30:00,NSE:SPICEJET,49.75,49.85,49.4,49.7,64209.0
2020-10-30 14:15:00,NSE:SPICEJET,49.7,49.95,49.3,49.85,160680.0
2020-10-30 15:00:00,NSE:SPICEJET,49.8,49.9,49.35,49.6,212117.0
2020-11-02 09:00:00,NSE:SPICEJET,50.2,50.65,49.45,49.5,251772.0
2020-11-02 09:45:00,NSE:SPICEJET,49.5,49.75,49.3,49.7,76148.0
2020-11-02 10:30:00,NSE:SPICEJET,49.7,50.0,49.6,49.85,89414.0
2020-11-02 11:15:00,NSE:SPICEJET,49.85,49.95,49.6,49.6,55307.0
2020-11-02 12:00:00,NSE:SPICEJET,49.7,49.8,49.55,49.6,38503.0
2020-11-02 12:45:00,NSE:SPICEJET,49.7,49.8,49.5,49.5,80694.0
2020-11-02 13:30:00,NSE:SPICEJET,49.5,49.75,48.85,48.95,251237.0
2020-11-02 14:15:00,NSE:SPICEJET,48.95,49.35,48.7,49.1,579462.0
2020-11-02 15:00:00,NSE:SPICEJET,49.15,49.25,48.8,49.0,659604.0
2020-11-03 09:00:00,NSE:SPICEJET,49.5,49.6,49.05,49.45,152172.0
2020-11-03 09:45:00,NSE:SPICEJET,49.4,49.85,49.25,49.65,214850.0
2020-11-03 10:30:00,NSE:SPICEJET,49.55,49.75,49.5,49.6,91328.0
2020-11-03 11:15:00,NSE:SPICEJET,49.6,50.0,49.5,49.65,94413.0
2020-11-03 12:00:00,NSE:SPICEJET,49.65,49.7,49.4,49.6,42225.0
2020-11-03 12:45:00,NSE:SPICEJET,49.6,50.0,49.55,49.6,85460.0
2020-11-03 13:30:00,NSE:SPICEJET,49.7,49.9,49.3,49.4,289825.0
2020-11-03 14:15:00,NSE:SPICEJET,49.35,49.7,49.35,49.45,85925.0
2020-11-03 15:00:00,NSE:SPICEJET,49.45,49.5,48.85,49.15,278258.0
2020-11-04 09:00:00,NSE:SPICEJET,49.0,49.5,48.75,49.35,103287.0
2020-11-04 09:45:00,NSE:SPICEJET,49.35,49.35,49.0,49.1,72969.0
2020-11-04 10:30:00,NSE:SPICEJET,49.2,49.2,49.0,49.05,69393.0
2020-11-04 11:15:00,NSE:SPICEJET,49.0,49.35,49.0,49.3,39957.0
2020-11-04 12:00:00,NSE:SPICEJET,49.3,49.35,49.15,49.25,22782.0
2020-11-04 12:45:00,NSE:SPICEJET,49.3,49.3,48.7,48.95,152883.0
2020-11-04 13:30:00,NSE:SPICEJET,49.0,49.0,48.8,48.85,29048.0
2020-11-04 14:15:00,NSE:SPICEJET,48.95,49.0,48.75,48.85,77094.0
2020-11-04 15:00:00,NSE:SPICEJET,48.9,49.0,48.8,48.9,167916.0
2020-11-05 09:00:00,NSE:SPICEJET,49.0,49.4,48.9,49.0,230493.0
2020-11-05 09:45:00,NSE:SPICEJET,49.0,49.25,48.9,49.05,286976.0
2020-11-05 10:30:00,NSE:SPICEJET,49.0,49.1,48.75,49.0,201510.0
2020-11-05 11:15:00,NSE:SPICEJET,48.95,50.0,48.9,49.5,612106.0
2020-11-05 12:00:00,NSE:SPICEJET,49.25,49.55,49.1,49.2,296862.0
2020-11-05 12:45:00,NSE:SPICEJET,49.15,49.25,49.1,49.2,96103.0
2020-11-05 13:30:00,NSE:SPICEJET,49.2,49.25,48.75,48.9,415705.0
2020-11-05 14:15:00,NSE:SPICEJET,48.85,49.15,48.85,48.85,233429.0
2020-11-05 15:00:00,NSE:SPICEJET,48.85,49.4,48.85,49.1,582083.0
2020-11-06 09:00:00,NSE:SPICEJET,49.7,50.8,49.4,50.0,1036647.0
2020-11-06 09:45:00,NSE:SPICEJET,50.0,50.65,49.95,50.3,490431.0
2020-11-06 10:30:00,NSE:SPICEJET,50.3,50.45,49.75,50.15,518142.0
2020-11-06 11:15:00,NSE:SPICEJET,50.2,50.2,49.7,49.85,162249.0
2020-11-06 12:00:00,NSE:SPICEJET,49.9,50.0,49.85,49.9,37996.0
2020-11-06 12:45:00,NSE:SPICEJET,50.0,51.2,49.75,49.9,2936000.0
2020-11-06 13:30:00,NSE:SPICEJET,49.95,49.95,49.6,49.75,243780.0
2020-11-06 14:15:00,NSE:SPICEJET,49.75,50.0,49.6,49.85,214988.0
2020-11-06 15:00:00,NSE:SPICEJET,49.85,51.3,49.75,50.65,2115648.0
2020-11-09 09:00:00,NSE:SPICEJET,52.0,52.0,50.5,50.65,556339.0
2020-11-09 09:45:00,NSE:SPICEJET,50.65,51.0,50.6,50.8,342440.0
2020-11-09 10:30:00,NSE:SPICEJET,50.75,50.9,50.35,50.4,263347.0
2020-11-09 11:15:00,NSE:SPICEJET,50.45,50.45,50.35,50.45,72409.0
2020-11-09 12:00:00,NSE:SPICEJET,50.45,50.45,50.4,50.4,83479.0
2020-11-09 12:45:00,NSE:SPICEJET,50.45,50.65,49.9,50.0,339985.0
2020-11-09 13:30:00,NSE:SPICEJET,49.95,50.4,49.95,50.25,105351.0
2020-11-09 14:15:00,NSE:SPICEJET,50.25,50.75,50.15,50.3,383664.0
2020-11-09 15:00:00,NSE:SPICEJET,50.3,50.4,49.9,50.1,510009.0
2020-11-10 09:00:00,NSE:SPICEJET,52.4,53.35,50.8,51.35,3351379.0
2020-11-10 09:45:00,NSE:SPICEJET,51.35,51.6,50.95,50.95,966537.0
2020-11-10 10:30:00,NSE:SPICEJET,50.95,51.3,50.8,50.95,558089.0
2020-11-10 11:15:00,NSE:SPICEJET,50.95,51.0,50.85,50.95,183875.0
2020-11-10 12:00:00,NSE:SPICEJET,50.9,51.15,50.9,51.15,228378.0
2020-11-10 12:45:00,NSE:SPICEJET,51.1,51.5,50.8,50.9,713225.0
2020-11-10 13:30:00,NSE:SPICEJET,50.85,51.55,50.8,51.05,831601.0
2020-11-10 14:15:00,NSE:SPICEJET,51.05,51.95,51.0,51.95,1150219.0
2020-11-10 15:00:00,NSE:SPICEJET,52.05,52.05,51.1,51.45,1188388.0
2020-11-11 09:00:00,NSE:SPICEJET,51.4,51.7,50.9,51.55,464366.0
2020-11-11 09:45:00,NSE:SPICEJET,51.55,51.9,51.3,51.8,605001.0
2020-11-11 10:30:00,NSE:SPICEJET,51.8,51.8,51.1,51.15,235313.0
2020-11-11 11:15:00,NSE:SPICEJET,51.15,51.75,51.0,51.65,610554.0
2020-11-11 12:00:00,NSE:SPICEJET,51.65,52.55,51.45,52.35,998942.0
2020-11-11 12:45:00,NSE:SPICEJET,52.4,52.6,51.85,52.35,1517983.0
2020-11-11 13:30:00,NSE:SPICEJET,52.3,52.5,52.15,52.4,779040.0
2020-11-11 14:15:00,NSE:SPICEJET,52.35,52.4,51.7,51.8,579638.0
2020-11-11 15:00:00,NSE:SPICEJET,51.9,55.1,51.85,53.9,6126257.0
2020-11-12 09:00:00,NSE:SPICEJET,53.9,55.5,53.15,53.4,3039892.0
2020-11-12 09:45:00,NSE:SPICEJET,53.5,55.3,53.4,54.7,2171423.0
2020-11-12 10:30:00,NSE:SPICEJET,54.65,57.3,54.5,56.1,4682850.0
2020-11-12 11:15:00,NSE:SPICEJET,56.15,56.75,55.25,55.9,2070153.0
2020-11-12 12:00:00,NSE:SPICEJET,55.9,56.3,55.7,56.15,790738.0
2020-11-12 12:45:00,NSE:SPICEJET,56.25,57.0,55.5,56.0,1444803.0
2020-11-12 13:30:00,NSE:SPICEJET,56.0,56.25,55.25,55.7,925296.0
2020-11-12 14:15:00,NSE:SPICEJET,55.6,55.85,54.05,54.7,1343974.0
2020-11-12 15:00:00,NSE:SPICEJET,54.7,55.25,54.5,55.0,1534021.0
2020-11-13 09:00:00,NSE:SPICEJET,54.9,54.9,53.7,54.4,1031998.0
2020-11-13 09:45:00,NSE:SPICEJET,54.4,55.0,54.15,54.2,672884.0
2020-11-13 10:30:00,NSE:SPICEJET,54.2,54.25,53.85,53.95,528644.0
2020-11-13 11:15:00,NSE:SPICEJET,54.0,54.15,53.95,54.0,239451.0
2020-11-13 12:00:00,NSE:SPICEJET,54.05,54.2,54.0,54.1,120417.0
2020-11-13 12:45:00,NSE:SPICEJET,54.1,54.35,54.0,54.15,102310.0
2020-11-13 13:30:00,NSE:SPICEJET,54.1,54.15,53.9,54.05,219308.0
2020-11-13 14:15:00,NSE:SPICEJET,54.0,55.2,53.95,54.6,1273049.0
2020-11-13 15:00:00,NSE:SPICEJET,54.6,54.75,54.25,54.45,648298.0
2020-11-14 17:45:00,NSE:SPICEJET,55.25,56.25,54.85,55.2,994692.0
2020-11-14 18:30:00,NSE:SPICEJET,55.2,55.8,55.0,55.15,1223888.0
2020-11-14 19:15:00,NSE:SPICEJET,55.15,55.35,55.15,55.35,45.0
2020-11-17 09:00:00,NSE:SPICEJET,56.25,56.25,54.75,55.2,938675.0
2020-11-17 09:45:00,NSE:SPICEJET,55.05,55.95,55.05,55.55,777535.0
2020-11-17 10:30:00,NSE:SPICEJET,55.6,55.7,55.0,55.25,444237.0
2020-11-17 11:15:00,NSE:SPICEJET,55.25,55.75,55.2,55.7,271375.0
2020-11-17 12:00:00,NSE:SPICEJET,55.7,55.75,55.15,55.55,379505.0
2020-11-17 12:45:00,NSE:SPICEJET,55.55,57.5,55.5,56.8,3148524.0
2020-11-17 13:30:00,NSE:SPICEJET,56.9,58.5,56.85,58.05,4134992.0
2020-11-17 14:15:00,NSE:SPICEJET,58.1,58.35,57.75,58.2,1596435.0
2020-11-17 15:00:00,NSE:SPICEJET,58.2,59.9,58.0,59.15,5225240.0
2020-11-18 09:00:00,NSE:SPICEJET,60.3,62.7,60.25,61.75,6611077.0
2020-11-18 09:45:00,NSE:SPICEJET,61.7,63.7,61.7,62.45,5583098.0
2020-11-18 10:30:00,NSE:SPICEJET,62.45,63.25,62.3,62.5,2647431.0
2020-11-18 11:15:00,NSE:SPICEJET,62.4,63.45,62.1,62.4,2367867.0
2020-11-18 12:00:00,NSE:SPICEJET,62.4,63.4,62.35,63.35,1426738.0
2020-11-18 12:45:00,NSE:SPICEJET,63.35,64.95,63.25,64.7,3668914.0
2020-11-18 13:30:00,NSE:SPICEJET,64.65,67.2,64.4,66.45,6680323.0
2020-11-18 14:15:00,NSE:SPICEJET,66.45,66.55,64.65,66.0,3962477.0
2020-11-18 15:00:00,NSE:SPICEJET,65.95,67.0,65.6,66.25,3399586.0
2020-11-19 09:00:00,NSE:SPICEJET,68.8,75.4,68.0,73.25,17867929.0
2020-11-19 09:45:00,NSE:SPICEJET,73.2,73.65,72.15,72.6,4875104.0
2020-11-19 10:30:00,NSE:SPICEJET,72.55,75.5,72.35,74.2,7401738.0
2020-11-19 11:15:00,NSE:SPICEJET,74.2,75.2,74.0,74.75,2552495.0
2020-11-19 12:00:00,NSE:SPICEJET,74.8,76.8,74.1,76.1,5174051.0
2020-11-19 12:45:00,NSE:SPICEJET,75.95,76.15,74.6,75.25,2886794.0
2020-11-19 13:30:00,NSE:SPICEJET,75.3,75.35,73.25,73.25,4361950.0
2020-11-19 14:15:00,NSE:SPICEJET,73.25,75.35,71.5,74.85,8157426.0
2020-11-19 15:00:00,NSE:SPICEJET,74.9,75.1,73.8,74.3,3466119.0
2020-11-20 09:00:00,NSE:SPICEJET,74.9,79.7,74.3,76.75,10916759.0
2020-11-20 09:45:00,NSE:SPICEJET,76.8,77.4,75.8,77.0,3983569.0
2020-11-20 10:30:00,NSE:SPICEJET,77.1,77.2,76.05,76.3,1434299.0
2020-11-20 11:15:00,NSE:SPICEJET,76.35,77.0,76.05,76.4,1154510.0
2020-11-20 12:00:00,NSE:SPICEJET,76.4,77.25,76.4,76.75,1125364.0
2020-11-20 12:45:00,NSE:SPICEJET,76.75,77.25,76.6,77.0,848335.0
2020-11-20 13:30:00,NSE:SPICEJET,77.1,77.3,75.75,76.4,1690495.0
2020-11-20 14:15:00,NSE:SPICEJET,76.4,77.2,71.0,73.75,14051280.0
2020-11-20 15:00:00,NSE:SPICEJET,73.6,73.95,71.8,72.8,4004629.0
2020-11-23 09:00:00,NSE:SPICEJET,74.2,74.85,68.55,69.1,4454171.0
2020-11-23 09:45:00,NSE:SPICEJET,69.05,70.7,66.35,69.55,4690017.0
2020-11-23 10:30:00,NSE:SPICEJET,69.5,70.35,69.35,70.25,1109342.0
2020-11-23 11:15:00,NSE:SPICEJET,70.25,70.7,70.05,70.55,571059.0
2020-11-23 12:00:00,NSE:SPICEJET,70.5,70.85,70.15,70.25,526243.0
2020-11-23 12:45:00,NSE:SPICEJET,70.25,72.3,70.15,71.9,1774078.0
2020-11-23 13:30:00,NSE:SPICEJET,71.8,71.95,70.6,71.15,779879.0
2020-11-23 14:15:00,NSE:SPICEJET,71.15,71.8,71.05,71.75,675678.0
2020-11-23 15:00:00,NSE:SPICEJET,71.65,71.7,70.05,70.65,1285869.0
2020-11-24 09:00:00,NSE:SPICEJET,70.65,72.8,70.15,71.6,2214976.0
2020-11-24 09:45:00,NSE:SPICEJET,71.6,72.0,70.8,71.7,772592.0
2020-11-24 10:30:00,NSE:SPICEJET,71.75,71.85,71.15,71.3,270378.0
2020-11-24 11:15:00,NSE:SPICEJET,71.35,71.95,70.8,71.9,495494.0
2020-11-24 12:00:00,NSE:SPICEJET,71.85,71.9,71.2,71.5,358523.0
2020-11-24 12:45:00,NSE:SPICEJET,71.5,71.6,71.2,71.3,236775.0
2020-11-24 13:30:00,NSE:SPICEJET,71.3,71.4,70.9,71.05,302797.0
2020-11-24 14:15:00,NSE:SPICEJET,71.05,71.15,70.4,70.9,562963.0
2020-11-24 15:00:00,NSE:SPICEJET,70.9,71.0,70.35,70.7,891600.0
2020-11-25 09:00:00,NSE:SPICEJET,72.05,72.5,70.5,71.2,1270941.0
2020-11-25 09:45:00,NSE:SPICEJET,71.05,71.2,70.5,70.5,576514.0
2020-11-25 10:30:00,NSE:SPICEJET,70.5,70.65,68.7,69.2,1145374.0
2020-11-25 11:15:00,NSE:SPICEJET,69.2,69.95,68.8,69.65,373400.0
2020-11-25 12:00:00,NSE:SPICEJET,69.6,70.45,69.6,69.8,545951.0
2020-11-25 12:45:00,NSE:SPICEJET,69.75,70.2,69.7,70.1,270978.0
2020-11-25 13:30:00,NSE:SPICEJET,70.0,70.15,69.55,69.8,390075.0
2020-11-25 14:15:00,NSE:SPICEJET,69.8,69.95,69.1,69.65,527297.0
2020-11-25 15:00:00,NSE:SPICEJET,69.7,69.7,69.35,69.5,755895.0
2020-11-26 09:00:00,NSE:SPICEJET,70.0,71.2,69.1,69.35,1184379.0
2020-11-26 09:45:00,NSE:SPICEJET,69.35,70.3,68.75,69.75,922829.0
2020-11-26 10:30:00,NSE:SPICEJET,69.75,70.25,69.75,70.2,291446.0
2020-11-26 11:15:00,NSE:SPICEJET,70.15,70.85,69.7,69.85,588756.0
2020-11-26 12:00:00,NSE:SPICEJET,69.85,69.95,69.6,69.9,288946.0
2020-11-26 12:45:00,NSE:SPICEJET,69.9,70.65,69.9,70.15,453556.0
2020-11-26 13:30:00,NSE:SPICEJET,70.05,70.2,69.8,69.95,258304.0
2020-11-26 14:15:00,NSE:SPICEJET,69.95,70.0,69.8,69.9,308387.0
2020-11-26 15:00:00,NSE:SPICEJET,69.9,71.0,69.8,70.55,1184188.0
2020-11-27 09:00:00,NSE:SPICEJET,71.2,71.35,69.6,69.85,755874.0
2020-11-27 09:45:00,NSE:SPICEJET,69.85,70.2,69.45,69.95,520297.0
2020-11-27 10:30:00,NSE:SPICEJET,69.85,70.0,69.75,69.85,263061.0
2020-11-27 11:15:00,NSE:SPICEJET,69.9,70.0,69.8,70.0,183566.0
2020-11-27 12:00:00,NSE:SPICEJET,70.0,70.8,69.8,70.6,474153.0
2020-11-27 12:45:00,NSE:SPICEJET,70.6,71.45,70.2,70.5,1005062.0
2020-11-27 13:30:00,NSE:SPICEJET,70.5,70.7,70.3,70.7,166612.0
2020-11-27 14:15:00,NSE:SPICEJET,70.6,70.9,70.1,70.5,379294.0
2020-11-27 15:00:00,NSE:SPICEJET,70.6,72.0,70.55,71.5,1932815.0
2020-12-01 09:00:00,NSE:SPICEJET,71.65,71.9,70.15,71.35,887064.0
2020-12-01 09:45:00,NSE:SPICEJET,71.3,71.7,71.1,71.15,474459.0
2020-12-01 10:30:00,NSE:SPICEJET,71.25,71.8,71.2,71.6,372433.0
2020-12-01 11:15:00,NSE:SPICEJET,71.6,74.95,71.4,74.6,3024188.0
2020-12-01 12:00:00,NSE:SPICEJET,74.6,74.7,73.8,73.9,882810.0
2020-12-01 12:45:00,NSE:SPICEJET,73.9,74.3,73.8,74.2,381298.0
2020-12-01 13:30:00,NSE:SPICEJET,74.15,74.65,73.65,74.5,830436.0
2020-12-01 14:15:00,NSE:SPICEJET,74.55,74.6,73.95,74.3,797276.0
2020-12-01 15:00:00,NSE:SPICEJET,74.25,74.4,73.6,74.05,777510.0
2020-12-02 09:00:00,NSE:SPICEJET,75.7,75.7,74.2,74.95,1387378.0
2020-12-02 09:45:00,NSE:SPICEJET,74.95,77.75,74.75,77.05,4792735.0
2020-12-02 10:30:00,NSE:SPICEJET,77.0,77.3,76.4,76.5,1472902.0
2020-12-02 11:15:00,NSE:SPICEJET,76.5,76.75,76.4,76.65,454754.0
2020-12-02 12:00:00,NSE:SPICEJET,76.65,77.15,76.6,77.0,512470.0
2020-12-02 12:45:00,NSE:SPICEJET,77.0,77.15,76.0,76.55,921675.0
2020-12-02 13:30:00,NSE:SPICEJET,76.65,76.75,76.05,76.2,666103.0
2020-12-02 14:15:00,NSE:SPICEJET,76.25,77.1,76.25,76.65,733444.0
2020-12-02 15:00:00,NSE:SPICEJET,76.65,77.3,76.55,76.9,1331806.0
2020-12-03 09:00:00,NSE:SPICEJET,78.0,79.1,77.9,78.5,2011531.0
2020-12-03 09:45:00,NSE:SPICEJET,78.55,78.9,78.25,78.4,740904.0
2020-12-03 10:30:00,NSE:SPICEJET,78.4,78.5,78.0,78.3,492811.0
2020-12-03 11:15:00,NSE:SPICEJET,78.3,78.5,78.2,78.4,294414.0
2020-12-03 12:00:00,NSE:SPICEJET,78.35,79.8,78.1,79.0,1265559.0
2020-12-03 12:45:00,NSE:SPICEJET,79.0,79.1,78.2,78.3,599633.0
2020-12-03 13:30:00,NSE:SPICEJET,78.4,78.8,78.3,78.55,272185.0
2020-12-03 14:15:00,NSE:SPICEJET,78.55,79.75,78.3,79.15,1317894.0
2020-12-03 15:00:00,NSE:SPICEJET,79.25,83.4,79.05,81.1,6972003.0
2020-12-04 09:00:00,NSE:SPICEJET,85.85,91.9,85.65,91.0,13610586.0
2020-12-04 09:45:00,NSE:SPICEJET,90.85,91.35,88.8,89.1,5107620.0
2020-12-04 10:30:00,NSE:SPICEJET,89.1,89.2,88.25,88.5,1927942.0
2020-12-04 11:15:00,NSE:SPICEJET,88.55,89.0,88.25,88.7,1402091.0
2020-12-04 12:00:00,NSE:SPICEJET,88.7,88.9,87.3,87.9,1679376.0
2020-12-04 12:45:00,NSE:SPICEJET,87.9,89.2,86.7,87.5,4133230.0
2020-12-04 13:30:00,NSE:SPICEJET,87.45,88.65,86.45,88.55,2688078.0
2020-12-04 14:15:00,NSE:SPICEJET,88.6,88.8,88.1,88.4,1470852.0
2020-12-04 15:00:00,NSE:SPICEJET,88.4,90.3,88.35,89.35,3578537.0
2020-12-07 09:00:00,NSE:SPICEJET,90.7,94.3,90.35,93.25,6307263.0
2020-12-07 09:45:00,NSE:SPICEJET,93.1,93.4,92.45,92.5,2224796.0
2020-12-07 10:30:00,NSE:SPICEJET,92.45,93.45,92.2,92.55,1923075.0
2020-12-07 11:15:00,NSE:SPICEJET,92.55,92.9,92.4,92.6,605600.0
2020-12-07 12:00:00,NSE:SPICEJET,92.65,94.5,92.5,93.7,1886700.0
2020-12-07 12:45:00,NSE:SPICEJET,93.7,93.75,92.9,93.15,762533.0
2020-12-07 13:30:00,NSE:SPICEJET,93.2,93.3,92.35,92.65,878067.0
2020-12-07 14:15:00,NSE:SPICEJET,92.6,93.1,92.6,92.9,880444.0
2020-12-07 15:00:00,NSE:SPICEJET,92.9,95.8,92.85,94.5,4167613.0
2020-12-07 15:45:00,NSE:SPICEJET,94.5,94.5,94.5,94.5,754.0
2020-12-08 09:00:00,NSE:SPICEJET,97.4,99.4,96.3,97.15,7515213.0
2020-12-08 09:45:00,NSE:SPICEJET,97.1,97.15,96.2,96.8,1507550.0
2020-12-08 10:30:00,NSE:SPICEJET,96.7,96.8,94.55,95.5,2098607.0
2020-12-08 11:15:00,NSE:SPICEJET,95.4,96.25,93.6,95.55,2509421.0
2020-12-08 12:00:00,NSE:SPICEJET,95.55,96.2,95.1,95.95,860473.0
2020-12-08 12:45:00,NSE:SPICEJET,95.8,96.6,95.2,96.3,902040.0
2020-12-08 13:30:00,NSE:SPICEJET,96.2,96.85,96.0,96.2,781934.0
2020-12-08 14:15:00,NSE:SPICEJET,96.2,96.5,95.25,95.85,840268.0
2020-12-08 15:00:00,NSE:SPICEJET,95.85,97.5,95.8,96.6,2618991.0
2020-12-08 15:45:00,NSE:SPICEJET,96.6,96.6,96.6,96.6,4175.0
2020-12-09 09:00:00,NSE:SPICEJET,97.1,97.3,93.0,94.9,2740097.0
2020-12-09 09:45:00,NSE:SPICEJET,94.8,95.25,94.0,94.05,788899.0
2020-12-09 10:30:00,NSE:SPICEJET,94.05,94.4,93.7,94.15,625511.0
2020-12-09 11:15:00,NSE:SPICEJET,94.15,94.5,93.95,94.4,273505.0
2020-12-09 12:00:00,NSE:SPICEJET,94.3,94.4,93.45,93.85,649419.0
2020-12-09 12:45:00,NSE:SPICEJET,93.95,94.1,93.45,93.75,347610.0
2020-12-09 13:30:00,NSE:SPICEJET,93.75,94.8,93.6,94.05,469639.0
2020-12-09 14:15:00,NSE:SPICEJET,94.05,94.25,93.6,93.65,530802.0
2020-12-09 15:00:00,NSE:SPICEJET,93.65,94.1,93.5,93.75,871133.0
2020-12-09 15:45:00,NSE:SPICEJET,93.75,93.75,93.6,93.75,4646.0
2020-12-10 09:00:00,NSE:SPICEJET,93.5,93.5,88.05,89.3,1763034.0
2020-12-10 09:45:00,NSE:SPICEJET,89.25,90.65,89.0,90.05,2571622.0
2020-12-10 10:30:00,NSE:SPICEJET,90.0,90.9,89.7,90.7,2585356.0
2020-12-10 11:15:00,NSE:SPICEJET,90.65,91.0,90.3,91.0,2587046.0
2020-12-10 12:00:00,NSE:SPICEJET,91.0,92.65,90.9,91.55,2670664.0
2020-12-10 12:45:00,NSE:SPICEJET,91.45,92.2,91.45,92.05,2548638.0
2020-12-10 13:30:00,NSE:SPICEJET,91.95,92.0,91.25,91.45,2576251.0
2020-12-10 14:15:00,NSE:SPICEJET,91.4,99.0,91.2,97.8,2686234.0
2020-12-10 15:00:00,NSE:SPICEJET,97.75,101.25,97.45,99.7,2129716.0
2020-12-11 09:00:00,NSE:SPICEJET,103.5,106.0,102.05,102.9,6572674.0
2020-12-11 09:45:00,NSE:SPICEJET,102.75,103.9,102.5,103.35,2477200.0
2020-12-11 10:30:00,NSE:SPICEJET,103.2,104.0,102.9,103.0,1198350.0
2020-12-11 11:15:00,NSE:SPICEJET,102.95,103.5,102.7,103.15,872812.0
2020-12-11 12:00:00,NSE:SPICEJET,103.2,104.35,103.0,103.5,1501961.0
2020-12-11 12:45:00,NSE:SPICEJET,103.55,103.8,102.6,103.35,699900.0
2020-12-11 13:30:00,NSE:SPICEJET,103.4,103.75,102.0,102.1,2025127.0
2020-12-11 14:15:00,NSE:SPICEJET,102.1,105.5,100.6,104.5,5366177.0
2020-12-11 15:00:00,NSE:SPICEJET,104.4,108.0,104.0,107.6,12030187.0
2020-12-11 15:45:00,NSE:SPICEJET,106.15,108.0,106.15,108.0,6807.0
2020-12-14 09:00:00,NSE:SPICEJET,107.45,107.9,102.2,104.85,4621553.0
2020-12-14 09:45:00,NSE:SPICEJET,104.8,105.0,103.5,104.15,1522095.0
2020-12-14 10:30:00,NSE:SPICEJET,104.0,104.25,102.6,102.9,1681947.0
2020-12-14 11:15:00,NSE:SPICEJET,102.9,103.0,102.3,103.0,1210118.0
2020-12-14 12:00:00,NSE:SPICEJET,103.0,103.5,102.85,103.0,647648.0
2020-12-14 12:45:00,NSE:SPICEJET,103.0,103.5,102.55,103.25,654979.0
2020-12-14 13:30:00,NSE:SPICEJET,103.3,103.45,102.8,103.0,619083.0
2020-12-14 14:15:00,NSE:SPICEJET,103.0,103.5,102.95,103.35,594325.0
2020-12-14 15:00:00,NSE:SPICEJET,103.35,103.4,102.0,102.55,1844015.0
2020-12-14 15:45:00,NSE:SPICEJET,102.55,102.55,102.55,102.55,5731.0
2020-12-15 09:00:00,NSE:SPICEJET,103.65,104.3,102.2,102.35,2379050.0
2020-12-15 09:45:00,NSE:SPICEJET,102.35,105.25,102.35,104.4,3427136.0
2020-12-15 10:30:00,NSE:SPICEJET,104.45,104.45,103.35,103.9,704180.0
2020-12-15 11:15:00,NSE:SPICEJET,103.9,104.3,103.5,103.65,420710.0
2020-12-15 12:00:00,NSE:SPICEJET,103.7,103.95,103.25,103.3,361157.0
2020-12-15 12:45:00,NSE:SPICEJET,103.25,104.25,103.25,103.55,609094.0
2020-12-15 13:30:00,NSE:SPICEJET,103.5,104.2,103.5,104.2,417942.0
2020-12-15 14:15:00,NSE:SPICEJET,104.2,104.2,103.0,103.3,1307203.0
2020-12-15 15:00:00,NSE:SPICEJET,103.3,103.75,102.55,103.1,1493956.0
2020-12-15 15:45:00,NSE:SPICEJET,103.1,103.1,103.1,103.1,55.0
2020-12-16 09:00:00,NSE:SPICEJET,103.4,104.65,102.55,103.85,1738434.0
2020-12-16 09:45:00,NSE:SPICEJET,103.9,104.45,103.5,103.75,776630.0
2020-12-16 10:30:00,NSE:SPICEJET,103.65,103.75,103.5,103.55,526350.0
2020-12-16 11:15:00,NSE:SPICEJET,103.55,103.7,102.7,103.0,560846.0
2020-12-16 12:00:00,NSE:SPICEJET,103.0,103.0,102.3,102.6,607546.0
2020-12-16 12:45:00,NSE:SPICEJET,102.6,102.75,102.0,102.6,436296.0
2020-12-16 13:30:00,NSE:SPICEJET,102.7,103.35,102.3,102.65,1514930.0
2020-12-16 14:15:00,NSE:SPICEJET,102.65,107.3,102.3,106.6,5860936.0
2020-12-16 15:00:00,NSE:SPICEJET,106.55,107.2,103.8,105.3,2781126.0
2020-12-16 15:45:00,NSE:SPICEJET,105.3,105.3,105.3,105.3,907.0
2020-12-17 09:00:00,NSE:SPICEJET,103.9,106.25,103.05,103.8,1706274.0
2020-12-17 09:45:00,NSE:SPICEJET,103.85,104.25,103.6,103.9,617287.0
2020-12-17 10:30:00,NSE:SPICEJET,103.8,104.1,103.5,103.9,419401.0
2020-12-17 11:15:00,NSE:SPICEJET,103.9,104.75,103.75,103.85,616426.0
2020-12-17 12:00:00,NSE:SPICEJET,103.85,103.95,103.5,103.85,310184.0
2020-12-17 12:45:00,NSE:SPICEJET,103.8,103.85,103.35,103.7,338746.0
2020-12-17 13:30:00,NSE:SPICEJET,103.65,103.8,103.25,103.3,308183.0
2020-12-17 14:15:00,NSE:SPICEJET,103.35,103.4,102.75,103.1,1150643.0
2020-12-17 15:00:00,NSE:SPICEJET,103.05,103.15,100.0,101.6,1847591.0
2020-12-17 15:45:00,NSE:SPICEJET,101.6,101.6,101.6,101.6,822.0
2020-12-18 09:00:00,NSE:SPICEJET,103.3,105.0,102.0,102.9,3674151.0
2020-12-18 09:45:00,NSE:SPICEJET,102.95,102.95,102.25,102.8,911000.0
2020-12-18 10:30:00,NSE:SPICEJET,102.85,102.9,102.5,102.7,625101.0
2020-12-18 11:15:00,NSE:SPICEJET,102.7,102.9,102.55,102.7,373806.0
2020-12-18 12:00:00,NSE:SPICEJET,102.7,102.8,102.5,102.6,435713.0
2020-12-18 12:45:00,NSE:SPICEJET,102.7,103.35,102.5,103.0,703872.0
2020-12-18 13:30:00,NSE:SPICEJET,103.0,103.0,102.25,102.4,610036.0
2020-12-18 14:15:00,NSE:SPICEJET,102.45,103.5,101.7,102.0,1685839.0
2020-12-18 15:00:00,NSE:SPICEJET,102.0,102.0,101.1,101.7,1440998.0
2020-12-18 15:45:00,NSE:SPICEJET,101.65,101.7,101.65,101.65,4134.0
2020-12-21 09:00:00,NSE:SPICEJET,100.75,100.75,93.6,97.75,2613747.0
2020-12-21 09:45:00,NSE:SPICEJET,97.7,97.75,96.6,97.1,1244228.0
2020-12-21 10:30:00,NSE:SPICEJET,97.1,97.35,96.75,96.85,467160.0
2020-12-21 11:15:00,NSE:SPICEJET,96.8,97.0,96.5,96.9,548989.0
2020-12-21 12:00:00,NSE:SPICEJET,96.9,97.0,96.5,96.8,329196.0
2020-12-21 12:45:00,NSE:SPICEJET,96.8,96.85,95.05,95.05,886040.0
2020-12-21 13:30:00,NSE:SPICEJET,95.05,95.8,92.25,92.75,3242587.0
2020-12-21 14:15:00,NSE:SPICEJET,92.65,92.75,91.5,91.5,1685391.0
2020-12-21 15:00:00,NSE:SPICEJET,91.5,91.5,91.5,91.5,323456.0
2020-12-21 15:45:00,NSE:SPICEJET,91.5,91.5,91.5,91.5,1741.0
2020-12-22 09:00:00,NSE:SPICEJET,85.0,85.9,82.35,82.5,10789966.0
2020-12-22 09:45:00,NSE:SPICEJET,82.45,85.25,82.35,85.1,4233326.0
2020-12-22 10:30:00,NSE:SPICEJET,85.1,85.1,83.3,83.7,1218749.0
2020-12-22 11:15:00,NSE:SPICEJET,83.75,84.15,82.65,83.95,1187972.0
2020-12-22 12:00:00,NSE:SPICEJET,83.9,84.4,83.2,84.1,671820.0
2020-12-22 12:45:00,NSE:SPICEJET,84.1,88.3,83.7,87.3,3262603.0
2020-12-22 13:30:00,NSE:SPICEJET,87.25,89.7,86.55,89.1,3038584.0
2020-12-22 14:15:00,NSE:SPICEJET,89.0,89.3,87.25,87.5,1843672.0
2020-12-22 15:00:00,NSE:SPICEJET,87.55,90.2,87.55,88.9,2376405.0
2020-12-22 15:45:00,NSE:SPICEJET,88.9,88.9,88.0,88.9,6223.0
2020-12-23 09:00:00,NSE:SPICEJET,89.35,92.6,89.05,92.35,3094992.0
2020-12-23 09:45:00,NSE:SPICEJET,92.35,92.5,91.8,92.0,1144581.0
2020-12-23 10:30:00,NSE:SPICEJET,91.95,92.1,91.75,91.85,569930.0
2020-12-23 11:15:00,NSE:SPICEJET,91.95,93.0,91.8,92.8,749508.0
2020-12-23 12:00:00,NSE:SPICEJET,92.8,96.7,92.75,95.6,4137514.0
2020-12-23 12:45:00,NSE:SPICEJET,95.6,96.0,94.3,95.3,1426402.0
2020-12-23 13:30:00,NSE:SPICEJET,95.3,95.8,95.0,95.3,816549.0
2020-12-23 14:15:00,NSE:SPICEJET,95.35,97.75,95.15,97.75,4676220.0
2020-12-23 15:00:00,NSE:SPICEJET,97.75,97.75,97.75,97.75,859166.0
2020-12-23 15:45:00,NSE:SPICEJET,97.75,97.75,97.75,97.75,1410.0
2020-12-24 09:00:00,NSE:SPICEJET,99.0,99.45,95.0,98.5,4226447.0
2020-12-24 09:45:00,NSE:SPICEJET,98.45,99.0,96.65,98.15,4231289.0
2020-12-24 10:30:00,NSE:SPICEJET,98.25,98.25,96.25,96.7,1621222.0
2020-12-24 11:15:00,NSE:SPICEJET,96.7,97.3,96.25,96.6,972671.0
2020-12-24 12:00:00,NSE:SPICEJET,96.5,97.6,96.5,97.25,369023.0
2020-12-24 12:45:00,NSE:SPICEJET,97.2,97.65,96.7,96.9,528939.0
2020-12-24 13:30:00,NSE:SPICEJET,97.0,97.15,96.55,96.75,383031.0
2020-12-24 14:15:00,NSE:SPICEJET,96.75,96.95,95.8,96.25,827528.0
2020-12-24 15:00:00,NSE:SPICEJET,96.3,96.35,94.65,95.25,1620692.0
2020-12-24 15:45:00,NSE:SPICEJET,95.25,95.25,95.25,95.25,1469.0
2020-12-28 09:00:00,NSE:SPICEJET,96.25,97.5,96.0,96.6,1380161.0
2020-12-28 09:45:00,NSE:SPICEJET,96.6,96.8,95.1,96.1,734482.0
2020-12-28 10:30:00,NSE:SPICEJET,96.1,96.5,95.7,96.0,301098.0
2020-12-28 11:15:00,NSE:SPICEJET,95.95,96.0,94.0,95.75,674586.0
2020-12-28 12:00:00,NSE:SPICEJET,95.8,95.9,95.3,95.5,195615.0
2020-12-28 12:45:00,NSE:SPICEJET,95.5,95.6,95.1,95.2,239501.0
2020-12-28 13:30:00,NSE:SPICEJET,95.1,96.05,94.9,95.45,541117.0
2020-12-28 14:15:00,NSE:SPICEJET,95.45,96.2,95.35,95.7,312933.0
2020-12-28 15:00:00,NSE:SPICEJET,95.6,96.6,95.3,95.85,887376.0
2020-12-28 15:45:00,NSE:SPICEJET,95.85,95.85,95.85,95.85,500.0
2020-12-29 09:00:00,NSE:SPICEJET,96.5,97.4,95.6,96.95,1224655.0
2020-12-29 09:45:00,NSE:SPICEJET,97.0,97.0,95.5,95.9,701679.0
2020-12-29 10:30:00,NSE:SPICEJET,96.0,96.0,94.2,95.0,748742.0
2020-12-29 11:15:00,NSE:SPICEJET,95.05,95.3,94.5,95.05,373715.0
2020-12-29 12:00:00,NSE:SPICEJET,95.0,95.4,94.75,95.0,223598.0
2020-12-29 12:45:00,NSE:SPICEJET,95.1,95.65,95.0,95.55,201741.0
2020-12-29 13:30:00,NSE:SPICEJET,95.6,95.9,95.05,95.45,199899.0
2020-12-29 14:15:00,NSE:SPICEJET,95.5,96.15,95.05,95.3,667427.0
2020-12-29 15:00:00,NSE:SPICEJET,95.3,95.4,94.5,94.85,828897.0
2020-12-29 15:45:00,NSE:SPICEJET,94.85,94.85,94.85,94.85,2331.0
2020-12-30 09:00:00,NSE:SPICEJET,94.9,94.9,91.0,93.15,1012552.0
2020-12-30 09:45:00,NSE:SPICEJET,93.25,93.8,92.8,93.4,432552.0
2020-12-30 10:30:00,NSE:SPICEJET,93.4,93.95,93.25,93.7,339132.0
2020-12-30 11:15:00,NSE:SPICEJET,93.75,94.25,93.6,93.75,429683.0
2020-12-30 12:00:00,NSE:SPICEJET,93.75,97.45,93.65,95.1,2353054.0
2020-12-30 12:45:00,NSE:SPICEJET,95.0,96.15,95.0,95.75,302465.0
2020-12-30 13:30:00,NSE:SPICEJET,95.65,96.7,95.65,96.05,467272.0
2020-12-30 14:15:00,NSE:SPICEJET,96.0,96.15,95.0,95.75,358853.0
2020-12-30 15:00:00,NSE:SPICEJET,95.75,95.85,94.5,95.15,1091280.0
2020-12-30 15:45:00,NSE:SPICEJET,95.15,95.3,95.15,95.3,10830.0
2020-12-31 09:00:00,NSE:SPICEJET,94.5,95.9,93.25,95.05,782644.0
2020-12-31 09:45:00,NSE:SPICEJET,94.95,95.45,94.8,95.1,279110.0
2020-12-31 10:30:00,NSE:SPICEJET,95.1,95.4,94.7,94.75,198774.0
2020-12-31 11:15:00,NSE:SPICEJET,94.75,96.2,94.75,95.05,485015.0
2020-12-31 12:00:00,NSE:SPICEJET,95.15,95.5,95.0,95.2,114176.0
2020-12-31 12:45:00,NSE:SPICEJET,95.3,95.75,95.15,95.5,267553.0
2020-12-31 13:30:00,NSE:SPICEJET,95.6,95.8,95.1,95.25,172078.0
2020-12-31 14:15:00,NSE:SPICEJET,95.35,95.45,94.8,95.2,289593.0
2020-12-31 15:00:00,NSE:SPICEJET,95.15,95.45,94.4,94.95,810317.0
2020-12-31 15:45:00,NSE:SPICEJET,94.95,94.95,94.95,94.95,311.0
2021-01-01 09:00:00,NSE:SPICEJET,94.95,95.4,94.25,95.15,386126.0
2021-01-01 09:45:00,NSE:SPICEJET,95.15,95.7,95.0,95.3,283292.0
2021-01-01 10:30:00,NSE:SPICEJET,95.2,95.4,95.1,95.2,118271.0
2021-01-01 11:15:00,NSE:SPICEJET,95.2,95.3,95.05,95.15,98921.0
2021-01-01 12:00:00,NSE:SPICEJET,95.05,95.25,95.0,95.1,96702.0
2021-01-01 12:45:00,NSE:SPICEJET,95.1,95.25,94.8,95.0,223373.0
2021-01-01 13:30:00,NSE:SPICEJET,95.0,95.0,94.65,94.9,216814.0
2021-01-01 14:15:00,NSE:SPICEJET,94.95,95.0,94.8,94.9,157419.0
2021-01-01 15:00:00,NSE:SPICEJET,94.9,94.95,94.3,94.6,1346309.0
2021-01-01 15:45:00,NSE:SPICEJET,94.6,94.75,94.6,94.6,11186.0
2021-01-04 09:00:00,NSE:SPICEJET,97.0,97.2,95.8,96.4,1590424.0
2021-01-04 09:45:00,NSE:SPICEJET,96.4,96.6,95.65,96.0,523349.0
2021-01-04 10:30:00,NSE:SPICEJET,95.9,96.0,94.35,95.1,599782.0
2021-01-04 11:15:00,NSE:SPICEJET,95.1,96.15,95.05,95.55,510586.0
2021-01-04 12:00:00,NSE:SPICEJET,95.5,95.85,95.3,95.5,316934.0
2021-01-04 12:45:00,NSE:SPICEJET,95.5,96.45,95.45,95.55,559910.0
2021-01-04 13:30:00,NSE:SPICEJET,95.55,95.8,95.35,95.35,246596.0
2021-01-04 14:15:00,NSE:SPICEJET,95.4,95.45,95.15,95.25,303552.0
2021-01-04 15:00:00,NSE:SPICEJET,95.2,95.55,95.0,95.25,743150.0
2021-01-04 15:45:00,NSE:SPICEJET,95.25,95.25,95.25,95.25,2600.0
2021-01-05 09:00:00,NSE:SPICEJET,93.0,94.4,92.9,94.0,587690.0
2021-01-05 09:45:00,NSE:SPICEJET,94.05,94.15,93.6,93.65,322570.0
2021-01-05 10:30:00,NSE:SPICEJET,93.65,94.1,93.6,94.0,239026.0
2021-01-05 11:15:00,NSE:SPICEJET,94.0,95.35,93.9,94.5,557863.0
2021-01-05 12:00:00,NSE:SPICEJET,94.5,94.65,94.1,94.15,224680.0
2021-01-05 12:45:00,NSE:SPICEJET,94.1,94.2,93.55,93.85,342885.0
2021-01-05 13:30:00,NSE:SPICEJET,93.85,94.2,93.8,94.05,147041.0
2021-01-05 14:15:00,NSE:SPICEJET,94.05,94.1,93.75,93.95,256175.0
2021-01-05 15:00:00,NSE:SPICEJET,93.9,94.15,93.6,93.85,607939.0
2021-01-05 15:45:00,NSE:SPICEJET,93.85,94.1,93.85,94.1,7742.0
2021-01-06 09:00:00,NSE:SPICEJET,94.35,94.75,93.85,94.05,437511.0
2021-01-06 09:45:00,NSE:SPICEJET,94.05,95.0,94.05,94.9,666796.0
2021-01-06 10:30:00,NSE:SPICEJET,94.9,95.5,94.25,94.6,1120558.0
2021-01-06 11:15:00,NSE:SPICEJET,94.6,95.1,94.2,94.4,434111.0
2021-01-06 12:00:00,NSE:SPICEJET,94.4,94.65,94.2,94.5,335761.0
2021-01-06 12:45:00,NSE:SPICEJET,94.6,94.6,94.2,94.25,224473.0
2021-01-06 13:30:00,NSE:SPICEJET,94.3,94.3,92.5,92.75,702531.0
2021-01-06 14:15:00,NSE:SPICEJET,92.85,93.85,92.65,93.75,484384.0
2021-01-06 15:00:00,NSE:SPICEJET,93.8,94.0,93.05,93.6,543397.0
2021-01-06 15:45:00,NSE:SPICEJET,93.6,93.6,93.6,93.6,2453.0
2021-01-07 09:00:00,NSE:SPICEJET,94.45,95.1,94.1,94.75,697015.0
2021-01-07 09:45:00,NSE:SPICEJET,94.7,94.9,94.5,94.5,367409.0
2021-01-07 10:30:00,NSE:SPICEJET,94.55,94.75,94.5,94.75,180550.0
2021-01-07 11:15:00,NSE:SPICEJET,94.75,94.75,94.5,94.65,167083.0
2021-01-07 12:00:00,NSE:SPICEJET,94.65,94.75,94.5,94.6,389409.0
2021-01-07 12:45:00,NSE:SPICEJET,94.65,94.75,94.35,94.45,199204.0
2021-01-07 13:30:00,NSE:SPICEJET,94.35,95.0,92.05,93.8,1495362.0
2021-01-07 14:15:00,NSE:SPICEJET,93.7,94.4,93.45,93.6,632053.0
2021-01-07 15:00:00,NSE:SPICEJET,93.7,93.7,93.2,93.45,491149.0
2021-01-07 15:45:00,NSE:SPICEJET,93.45,93.65,93.45,93.45,2050.0
2021-01-08 09:00:00,NSE:SPICEJET,94.4,94.95,94.0,94.2,546669.0
2021-01-08 09:45:00,NSE:SPICEJET,94.2,94.4,94.2,94.25,192373.0
2021-01-08 10:30:00,NSE:SPICEJET,94.3,94.45,93.5,94.3,448820.0
2021-01-08 11:15:00,NSE:SPICEJET,94.35,94.55,94.1,94.25,190041.0
2021-01-08 12:00:00,NSE:SPICEJET,94.2,94.35,94.05,94.35,94722.0
2021-01-08 12:45:00,NSE:SPICEJET,94.35,94.35,93.7,93.85,198594.0
2021-01-08 13:30:00,NSE:SPICEJET,93.85,93.9,93.6,93.65,156147.0
2021-01-08 14:15:00,NSE:SPICEJET,93.65,93.85,93.5,93.55,283715.0
2021-01-08 15:00:00,NSE:SPICEJET,93.55,94.1,93.55,93.75,448320.0
2021-01-08 15:45:00,NSE:SPICEJET,93.85,93.85,93.75,93.85,4571.0
2021-01-11 09:00:00,NSE:SPICEJET,94.35,94.35,93.55,93.8,336381.0
2021-01-11 09:45:00,NSE:SPICEJET,93.8,93.95,92.9,92.9,339482.0
2021-01-11 10:30:00,NSE:SPICEJET,92.9,93.4,92.65,92.9,209967.0
2021-01-11 11:15:00,NSE:SPICEJET,92.95,93.0,92.55,92.65,138048.0
2021-01-11 12:00:00,NSE:SPICEJET,92.65,93.0,92.6,92.95,104703.0
2021-01-11 12:45:00,NSE:SPICEJET,93.0,93.0,92.7,92.85,103823.0
2021-01-11 13:30:00,NSE:SPICEJET,92.85,93.45,92.75,92.95,254402.0
2021-01-11 14:15:00,NSE:SPICEJET,92.95,94.0,92.6,93.0,689554.0
2021-01-11 15:00:00,NSE:SPICEJET,93.0,93.2,92.75,92.9,390377.0
2021-01-11 15:45:00,NSE:SPICEJET,92.9,93.2,92.9,92.9,594.0
2021-01-12 09:00:00,NSE:SPICEJET,93.5,95.65,93.5,94.7,1467878.0
2021-01-12 09:45:00,NSE:SPICEJET,94.7,94.85,93.4,94.25,901706.0
2021-01-12 10:30:00,NSE:SPICEJET,94.25,94.35,93.7,93.9,327304.0
2021-01-12 11:15:00,NSE:SPICEJET,93.75,94.0,93.7,93.8,183457.0
2021-01-12 12:00:00,NSE:SPICEJET,93.8,93.9,93.55,93.65,252779.0
2021-01-12 12:45:00,NSE:SPICEJET,93.7,94.9,93.65,94.25,913585.0
2021-01-12 13:30:00,NSE:SPICEJET,94.25,94.6,93.75,94.3,389159.0
2021-01-12 14:15:00,NSE:SPICEJET,94.3,94.6,93.8,94.05,413115.0
2021-01-12 15:00:00,NSE:SPICEJET,94.0,94.2,93.45,93.75,667253.0
2021-01-12 15:45:00,NSE:SPICEJET,93.75,93.75,93.7,93.7,3640.0
2021-01-13 09:00:00,NSE:SPICEJET,94.4,94.75,93.4,93.9,620420.0
2021-01-13 09:45:00,NSE:SPICEJET,93.9,94.0,93.3,93.35,338113.0
2021-01-13 10:30:00,NSE:SPICEJET,93.35,93.85,93.3,93.7,315642.0
2021-01-13 11:15:00,NSE:SPICEJET,93.7,93.7,93.3,93.5,149966.0
2021-01-13 12:00:00,NSE:SPICEJET,93.5,93.6,93.1,93.25,210879.0
2021-01-13 12:45:00,NSE:SPICEJET,93.2,93.3,92.85,93.0,286079.0
2021-01-13 13:30:00,NSE:SPICEJET,92.9,93.0,91.15,91.5,683183.0
2021-01-13 14:15:00,NSE:SPICEJET,91.35,92.75,91.35,92.6,412661.0
2021-01-13 15:00:00,NSE:SPICEJET,92.7,92.8,92.35,92.6,349977.0
2021-01-13 15:45:00,NSE:SPICEJET,92.6,92.6,92.5,92.6,1125.0
2021-01-14 09:00:00,NSE:SPICEJET,92.65,92.95,91.5,91.8,398748.0
2021-01-14 09:45:00,NSE:SPICEJET,91.8,92.35,91.65,92.35,312212.0
2021-01-14 10:30:00,NSE:SPICEJET,92.4,92.4,91.8,91.85,182103.0
2021-01-14 11:15:00,NSE:SPICEJET,91.95,92.0,91.55,91.7,150436.0
2021-01-14 12:00:00,NSE:SPICEJET,91.7,92.0,91.55,91.9,122978.0
2021-01-14 12:45:00,NSE:SPICEJET,91.9,92.0,91.5,91.9,309967.0
2021-01-14 13:30:00,NSE:SPICEJET,91.85,92.3,91.6,91.65,228853.0
2021-01-14 14:15:00,NSE:SPICEJET,91.75,91.85,91.45,91.5,288312.0
2021-01-14 15:00:00,NSE:SPICEJET,91.45,91.6,91.0,91.25,446337.0
2021-01-14 15:45:00,NSE:SPICEJET,91.25,91.25,91.25,91.25,81.0
2021-01-15 09:00:00,NSE:SPICEJET,91.85,91.9,90.55,91.3,613241.0
2021-01-15 09:45:00,NSE:SPICEJET,91.3,91.35,88.25,90.2,998812.0
2021-01-15 10:30:00,NSE:SPICEJET,90.25,90.35,89.65,90.0,285788.0
2021-01-15 11:15:00,NSE:SPICEJET,89.9,90.0,89.35,89.8,244518.0
2021-01-15 12:00:00,NSE:SPICEJET,89.8,91.6,89.6,90.8,1068207.0
2021-01-15 12:45:00,NSE:SPICEJET,90.75,91.0,90.0,90.2,302090.0
2021-01-15 13:30:00,NSE:SPICEJET,90.2,90.5,89.5,89.6,255764.0
2021-01-15 14:15:00,NSE:SPICEJET,89.6,90.2,89.0,89.9,351294.0
2021-01-15 15:00:00,NSE:SPICEJET,89.9,89.95,89.0,89.55,422051.0
2021-01-15 15:45:00,NSE:SPICEJET,89.55,89.65,89.55,89.55,3245.0
2021-01-18 09:00:00,NSE:SPICEJET,90.15,90.5,89.35,90.1,606787.0
2021-01-18 09:45:00,NSE:SPICEJET,90.1,90.3,87.5,87.65,511470.0
2021-01-18 10:30:00,NSE:SPICEJET,87.65,88.2,86.15,87.35,422597.0
2021-01-18 11:15:00,NSE:SPICEJET,87.4,87.9,87.0,87.7,294409.0
2021-01-18 12:00:00,NSE:SPICEJET,87.7,88.1,87.3,87.9,145517.0
2021-01-18 12:45:00,NSE:SPICEJET,87.9,88.15,87.55,87.85,155701.0
2021-01-18 13:30:00,NSE:SPICEJET,88.0,88.5,87.7,88.5,185841.0
2021-01-18 14:15:00,NSE:SPICEJET,88.3,88.6,87.25,87.5,260694.0
2021-01-18 15:00:00,NSE:SPICEJET,87.5,87.8,86.85,87.25,347087.0
2021-01-18 15:45:00,NSE:SPICEJET,87.25,87.4,87.25,87.25,769.0
2021-01-19 09:00:00,NSE:SPICEJET,88.35,90.1,88.15,89.4,733340.0
2021-01-19 09:45:00,NSE:SPICEJET,89.5,89.95,89.25,89.95,267284.0
2021-01-19 10:30:00,NSE:SPICEJET,89.95,91.2,89.65,89.95,719282.0
2021-01-19 11:15:00,NSE:SPICEJET,89.9,90.6,89.6,90.4,261833.0
2021-01-19 12:00:00,NSE:SPICEJET,90.35,90.65,90.2,90.25,205740.0
2021-01-19 12:45:00,NSE:SPICEJET,90.2,90.4,90.05,90.3,82006.0
2021-01-19 13:30:00,NSE:SPICEJET,90.3,90.8,90.0,90.45,315114.0
2021-01-19 14:15:00,NSE:SPICEJET,90.45,90.45,90.25,90.35,143615.0
2021-01-19 15:00:00,NSE:SPICEJET,90.35,90.5,89.85,90.2,549794.0
2021-01-19 15:45:00,NSE:SPICEJET,90.2,90.25,90.2,90.2,4501.0
2021-01-20 09:00:00,NSE:SPICEJET,90.25,90.45,89.05,89.4,350499.0
2021-01-20 09:45:00,NSE:SPICEJET,89.4,89.45,89.0,89.45,177900.0
2021-01-20 10:30:00,NSE:SPICEJET,89.45,90.05,89.2,90.0,282186.0
2021-01-20 11:15:00,NSE:SPICEJET,89.8,93.7,89.8,92.15,1478844.0
2021-01-20 12:00:00,NSE:SPICEJET,92.05,92.2,91.0,91.55,318182.0
2021-01-20 12:45:00,NSE:SPICEJET,91.6,92.0,91.3,91.75,292385.0
2021-01-20 13:30:00,NSE:SPICEJET,91.8,91.8,91.3,91.5,163386.0
2021-01-20 14:15:00,NSE:SPICEJET,91.45,91.5,90.35,90.45,347377.0
2021-01-20 15:00:00,NSE:SPICEJET,90.4,91.0,90.4,90.75,352175.0
2021-01-20 15:45:00,NSE:SPICEJET,90.75,90.8,90.75,90.75,5528.0
2021-01-21 09:00:00,NSE:SPICEJET,91.25,91.6,91.0,91.15,381122.0
2021-01-21 09:45:00,NSE:SPICEJET,91.15,91.8,90.55,91.45,620078.0
2021-01-21 10:30:00,NSE:SPICEJET,91.45,93.5,91.3,92.55,2388879.0
2021-01-21 11:15:00,NSE:SPICEJET,92.6,92.7,92.0,92.35,666607.0
2021-01-21 12:00:00,NSE:SPICEJET,92.35,92.35,91.0,91.2,323766.0
2021-01-21 12:45:00,NSE:SPICEJET,91.2,91.8,91.2,91.7,214999.0
2021-01-21 13:30:00,NSE:SPICEJET,91.7,91.8,90.6,90.65,291721.0
2021-01-21 14:15:00,NSE:SPICEJET,90.6,90.8,88.8,90.15,704175.0
2021-01-21 15:00:00,NSE:SPICEJET,90.0,90.1,88.5,89.25,726906.0
2021-01-21 15:45:00,NSE:SPICEJET,89.15,89.25,89.15,89.25,3282.0
2021-01-22 09:00:00,NSE:SPICEJET,89.15,90.0,88.35,89.95,439326.0
2021-01-22 09:45:00,NSE:SPICEJET,89.9,90.15,89.4,89.45,292049.0
2021-01-22 10:30:00,NSE:SPICEJET,89.45,89.7,89.0,89.1,173367.0
2021-01-22 11:15:00,NSE:SPICEJET,89.0,89.2,88.55,88.95,202810.0
2021-01-22 12:00:00,NSE:SPICEJET,88.95,89.0,88.5,88.6,157375.0
2021-01-22 12:45:00,NSE:SPICEJET,88.6,88.65,87.0,88.2,345191.0
2021-01-22 13:30:00,NSE:SPICEJET,88.2,88.2,87.5,88.0,234099.0
2021-01-22 14:15:00,NSE:SPICEJET,88.1,88.7,88.05,88.45,132430.0
2021-01-22 15:00:00,NSE:SPICEJET,88.45,88.45,87.65,87.95,414213.0
2021-01-22 15:45:00,NSE:SPICEJET,87.95,87.95,87.95,87.95,2467.0
2021-01-25 09:00:00,NSE:SPICEJET,88.1,88.85,86.3,86.45,337814.0
2021-01-25 09:45:00,NSE:SPICEJET,86.45,87.0,84.55,86.55,363101.0
2021-01-25 10:30:00,NSE:SPICEJET,86.55,87.0,85.5,86.1,151596.0
2021-01-25 11:15:00,NSE:SPICEJET,86.25,86.5,85.45,85.75,251828.0
2021-01-25 12:00:00,NSE:SPICEJET,85.75,86.2,85.7,85.95,97848.0
2021-01-25 12:45:00,NSE:SPICEJET,85.9,86.1,85.5,86.0,130509.0
2021-01-25 13:30:00,NSE:SPICEJET,85.95,86.1,85.3,85.65,135887.0
2021-01-25 14:15:00,NSE:SPICEJET,85.65,85.8,85.15,85.4,221262.0
2021-01-25 15:00:00,NSE:SPICEJET,85.4,86.0,85.05,86.0,315746.0
2021-01-25 15:45:00,NSE:SPICEJET,85.55,86.0,85.55,85.55,945.0
2021-01-27 09:00:00,NSE:SPICEJET,85.7,85.7,83.15,84.05,406201.0
2021-01-27 09:45:00,NSE:SPICEJET,84.05,84.35,83.6,84.2,288404.0
2021-01-27 10:30:00,NSE:SPICEJET,84.2,84.6,84.1,84.5,175784.0
2021-01-27 11:15:00,NSE:SPICEJET,84.5,84.6,84.25,84.55,169342.0
2021-01-27 12:00:00,NSE:SPICEJET,84.5,84.9,84.0,84.05,196710.0
2021-01-27 12:45:00,NSE:SPICEJET,84.1,84.3,84.0,84.05,150604.0
2021-01-27 13:30:00,NSE:SPICEJET,84.05,84.15,83.4,83.4,179773.0
2021-01-27 14:15:00,NSE:SPICEJET,83.5,84.1,83.25,83.9,165939.0
2021-01-27 15:00:00,NSE:SPICEJET,83.9,84.55,83.75,84.1,259074.0
2021-01-27 15:45:00,NSE:SPICEJET,84.1,84.1,84.1,84.1,2400.0
2021-01-28 09:00:00,NSE:SPICEJET,81.6,83.55,81.0,83.4,590600.0
2021-01-28 09:45:00,NSE:SPICEJET,83.4,83.8,82.8,82.9,225522.0
2021-01-28 10:30:00,NSE:SPICEJET,83.0,83.2,82.15,82.35,373421.0
2021-01-28 11:15:00,NSE:SPICEJET,82.45,82.5,81.7,82.05,275680.0
2021-01-28 12:00:00,NSE:SPICEJET,82.15,82.5,82.0,82.3,177969.0
2021-01-28 12:45:00,NSE:SPICEJET,82.35,82.45,81.95,82.35,129260.0
2021-01-28 13:30:00,NSE:SPICEJET,82.35,82.5,82.15,82.15,101932.0
2021-01-28 14:15:00,NSE:SPICEJET,82.15,82.45,82.1,82.3,103419.0
2021-01-28 15:00:00,NSE:SPICEJET,82.2,82.4,81.5,81.9,485530.0
2021-01-28 15:45:00,NSE:SPICEJET,81.9,81.9,81.75,81.75,777.0
2021-01-29 09:00:00,NSE:SPICEJET,82.65,83.9,82.65,82.75,402059.0
2021-01-29 09:45:00,NSE:SPICEJET,82.85,83.6,82.55,83.1,255320.0
2021-01-29 10:30:00,NSE:SPICEJET,83.15,83.5,83.1,83.25,117929.0
2021-01-29 11:15:00,NSE:SPICEJET,83.25,84.5,83.0,83.0,342189.0
2021-01-29 12:00:00,NSE:SPICEJET,83.05,83.3,82.7,82.9,149174.0
2021-01-29 12:45:00,NSE:SPICEJET,82.95,83.1,82.5,82.95,146519.0
2021-01-29 13:30:00,NSE:SPICEJET,83.0,83.3,82.5,83.15,185353.0
2021-01-29 14:15:00,NSE:SPICEJET,83.1,83.35,82.9,82.9,139135.0
2021-01-29 15:00:00,NSE:SPICEJET,82.8,83.05,82.25,82.8,325357.0
2021-01-29 15:45:00,NSE:SPICEJET,82.8,82.9,82.8,82.9,1136.0
2021-02-01 09:00:00,NSE:SPICEJET,83.3,84.15,83.0,83.5,363189.0
2021-02-01 09:45:00,NSE:SPICEJET,83.5,84.8,83.2,84.1,520795.0
2021-02-01 10:30:00,NSE:SPICEJET,84.1,84.6,83.7,84.15,352821.0
2021-02-01 11:15:00,NSE:SPICEJET,84.1,84.4,83.9,84.2,207264.0
2021-02-01 12:00:00,NSE:SPICEJET,84.2,85.7,83.5,83.95,876564.0
2021-02-01 12:45:00,NSE:SPICEJET,83.95,84.55,83.65,84.5,548721.0
2021-02-01 13:30:00,NSE:SPICEJET,84.5,84.9,84.0,84.45,382068.0
2021-02-01 14:15:00,NSE:SPICEJET,84.45,84.9,84.2,84.5,354430.0
2021-02-01 15:00:00,NSE:SPICEJET,84.45,85.3,84.35,84.7,374564.0
2021-02-02 09:00:00,NSE:SPICEJET,85.55,86.95,85.4,86.2,577994.0
2021-02-02 09:45:00,NSE:SPICEJET,86.1,87.1,86.0,86.15,596819.0
2021-02-02 10:30:00,NSE:SPICEJET,86.15,86.3,85.5,86.0,178117.0
2021-02-02 11:15:00,NSE:SPICEJET,86.1,86.15,85.35,85.55,126881.0
2021-02-02 12:00:00,NSE:SPICEJET,85.55,85.7,85.15,85.5,128291.0
2021-02-02 12:45:00,NSE:SPICEJET,85.35,85.6,85.25,85.45,90330.0
2021-02-02 13:30:00,NSE:SPICEJET,85.45,85.6,85.4,85.55,129746.0
2021-02-02 14:15:00,NSE:SPICEJET,85.55,85.55,85.4,85.4,137956.0
2021-02-02 15:00:00,NSE:SPICEJET,85.4,85.6,85.1,85.4,269119.0
2021-02-02 15:45:00,NSE:SPICEJET,85.4,85.4,85.4,85.4,1070.0
2021-02-03 09:00:00,NSE:SPICEJET,85.2,85.9,84.05,84.9,358588.0
2021-02-03 09:45:00,NSE:SPICEJET,84.8,85.65,84.75,85.6,191912.0
2021-02-03 10:30:00,NSE:SPICEJET,85.45,85.75,85.4,85.6,128104.0
2021-02-03 11:15:00,NSE:SPICEJET,85.5,86.7,85.45,86.0,289989.0
2021-02-03 12:00:00,NSE:SPICEJET,86.0,86.5,86.0,86.35,202837.0
2021-02-03 12:45:00,NSE:SPICEJET,86.4,86.4,85.4,85.55,235576.0
2021-02-03 13:30:00,NSE:SPICEJET,85.55,85.7,85.3,85.45,128879.0
2021-02-03 14:15:00,NSE:SPICEJET,85.4,85.65,85.25,85.5,165232.0
2021-02-03 15:00:00,NSE:SPICEJET,85.5,86.0,85.3,86.0,203623.0
2021-02-03 15:45:00,NSE:SPICEJET,85.5,86.0,85.5,85.5,4858.0
2021-02-04 09:00:00,NSE:SPICEJET,85.95,86.3,85.5,85.75,348685.0
2021-02-04 09:45:00,NSE:SPICEJET,85.8,86.5,85.75,86.25,216744.0
2021-02-04 10:30:00,NSE:SPICEJET,86.15,86.6,86.05,86.25,291382.0
2021-02-04 11:15:00,NSE:SPICEJET,86.2,86.8,86.2,86.35,339934.0
2021-02-04 12:00:00,NSE:SPICEJET,86.4,86.5,86.3,86.4,107903.0
2021-02-04 12:45:00,NSE:SPICEJET,86.45,86.5,86.2,86.2,127081.0
2021-02-04 13:30:00,NSE:SPICEJET,86.25,86.35,86.05,86.15,101596.0
2021-02-04 14:15:00,NSE:SPICEJET,86.2,86.25,85.75,85.95,269699.0
2021-02-04 15:00:00,NSE:SPICEJET,85.95,88.2,85.9,86.85,710208.0
2021-02-04 15:45:00,NSE:SPICEJET,86.85,86.85,86.85,86.85,486.0
2021-02-05 09:00:00,NSE:SPICEJET,89.0,90.7,88.5,89.1,1061068.0
2021-02-05 09:45:00,NSE:SPICEJET,89.35,92.0,89.25,90.5,2025543.0
2021-02-05 10:30:00,NSE:SPICEJET,90.5,90.85,88.75,89.55,880755.0
2021-02-05 11:15:00,NSE:SPICEJET,89.55,89.7,89.05,89.45,348956.0
2021-02-05 12:00:00,NSE:SPICEJET,89.4,89.55,88.8,89.0,326816.0
2021-02-05 12:45:00,NSE:SPICEJET,89.1,89.25,88.65,88.7,298545.0
2021-02-05 13:30:00,NSE:SPICEJET,88.7,88.85,88.15,88.45,294840.0
2021-02-05 14:15:00,NSE:SPICEJET,88.45,89.0,88.05,88.6,359767.0
2021-02-05 15:00:00,NSE:SPICEJET,88.6,88.8,88.0,88.35,562087.0
2021-02-05 15:45:00,NSE:SPICEJET,88.35,88.35,88.35,88.35,226.0
2021-02-08 09:00:00,NSE:SPICEJET,88.6,90.3,88.5,88.75,450712.0
2021-02-08 09:45:00,NSE:SPICEJET,88.85,89.35,88.55,88.8,280522.0
2021-02-08 10:30:00,NSE:SPICEJET,88.85,88.9,88.3,88.65,220035.0
2021-02-08 11:15:00,NSE:SPICEJET,88.65,88.9,88.4,88.55,154501.0
2021-02-08 12:00:00,NSE:SPICEJET,88.5,88.8,88.1,88.5,208433.0
2021-02-08 12:45:00,NSE:SPICEJET,88.5,88.65,88.25,88.5,87804.0
2021-02-08 13:30:00,NSE:SPICEJET,88.4,88.8,88.4,88.6,114278.0
2021-02-08 14:15:00,NSE:SPICEJET,88.6,88.65,88.35,88.4,120455.0
2021-02-08 15:00:00,NSE:SPICEJET,88.4,88.55,87.8,88.2,333064.0
2021-02-08 15:45:00,NSE:SPICEJET,88.2,88.2,88.2,88.2,285.0
2021-02-09 09:00:00,NSE:SPICEJET,88.8,88.8,86.5,86.75,474773.0
2021-02-09 09:45:00,NSE:SPICEJET,86.85,88.35,86.7,87.75,649491.0
2021-02-09 10:30:00,NSE:SPICEJET,87.8,88.3,87.6,87.7,238994.0
2021-02-09 11:15:00,NSE:SPICEJET,87.75,87.95,87.35,87.7,156637.0
2021-02-09 12:00:00,NSE:SPICEJET,87.75,88.2,87.65,87.8,113478.0
2021-02-09 12:45:00,NSE:SPICEJET,87.9,87.9,87.3,87.75,114295.0
2021-02-09 13:30:00,NSE:SPICEJET,87.65,87.85,87.6,87.7,98886.0
2021-02-09 14:15:00,NSE:SPICEJET,87.6,87.95,86.8,86.95,434359.0
2021-02-09 15:00:00,NSE:SPICEJET,86.9,87.1,86.55,86.8,320636.0
2021-02-09 15:45:00,NSE:SPICEJET,86.8,86.8,86.8,86.8,373.0
2021-02-10 09:00:00,NSE:SPICEJET,87.5,90.3,87.05,90.0,996088.0
2021-02-10 09:45:00,NSE:SPICEJET,89.75,90.4,88.3,88.4,1080755.0
2021-02-10 10:30:00,NSE:SPICEJET,88.35,88.7,88.2,88.45,299616.0
2021-02-10 11:15:00,NSE:SPICEJET,88.45,88.55,88.15,88.2,167312.0
2021-02-10 12:00:00,NSE:SPICEJET,88.3,89.05,88.15,88.15,473707.0
2021-02-10 12:45:00,NSE:SPICEJET,88.15,88.35,87.8,88.1,194936.0
2021-02-10 13:30:00,NSE:SPICEJET,88.15,88.15,87.6,87.9,118383.0
2021-02-10 14:15:00,NSE:SPICEJET,87.95,88.3,87.6,87.75,283190.0
2021-02-10 15:00:00,NSE:SPICEJET,87.8,88.3,87.5,87.9,996986.0
2021-02-10 15:45:00,NSE:SPICEJET,87.9,87.9,87.9,87.9,503.0
2021-02-11 09:00:00,NSE:SPICEJET,87.3,89.7,87.0,88.5,618074.0
2021-02-11 09:45:00,NSE:SPICEJET,88.45,88.75,88.05,88.15,221273.0
2021-02-11 10:30:00,NSE:SPICEJET,88.05,88.3,87.65,88.2,311185.0
2021-02-11 11:15:00,NSE:SPICEJET,88.1,88.3,87.95,88.1,154578.0
2021-02-11 12:00:00,NSE:SPICEJET,88.1,88.4,87.95,88.25,153960.0
2021-02-11 12:45:00,NSE:SPICEJET,88.3,88.35,87.9,88.0,115824.0
2021-02-11 13:30:00,NSE:SPICEJET,88.0,88.05,87.75,87.8,192019.0
2021-02-11 14:15:00,NSE:SPICEJET,87.8,87.95,87.2,87.55,417754.0
2021-02-11 15:00:00,NSE:SPICEJET,87.55,88.25,87.25,87.7,961454.0
2021-02-11 15:45:00,NSE:SPICEJET,87.75,87.75,87.7,87.7,1102.0
2021-02-12 09:00:00,NSE:SPICEJET,93.8,93.8,91.0,91.55,4877624.0
2021-02-12 09:45:00,NSE:SPICEJET,91.55,91.8,90.8,91.2,1331425.0
2021-02-12 10:30:00,NSE:SPICEJET,91.1,91.4,91.1,91.2,446749.0
2021-02-12 11:15:00,NSE:SPICEJET,91.1,91.75,90.85,91.4,1003726.0
2021-02-12 12:00:00,NSE:SPICEJET,91.4,91.6,91.15,91.15,333116.0
2021-02-12 12:45:00,NSE:SPICEJET,91.2,91.4,91.05,91.2,328015.0
2021-02-12 13:30:00,NSE:SPICEJET,91.25,91.35,90.1,90.5,867004.0
2021-02-12 14:15:00,NSE:SPICEJET,90.5,91.0,90.25,90.35,551061.0
2021-02-12 15:00:00,NSE:SPICEJET,90.35,91.3,89.85,90.7,1591137.0
2021-02-12 15:45:00,NSE:SPICEJET,90.7,90.7,90.7,90.7,1698.0
2021-02-15 09:00:00,NSE:SPICEJET,91.4,91.55,89.1,89.85,667407.0
2021-02-15 09:45:00,NSE:SPICEJET,89.7,90.25,89.55,89.8,316279.0
2021-02-15 10:30:00,NSE:SPICEJET,89.7,89.85,89.45,89.5,173177.0
2021-02-15 11:15:00,NSE:SPICEJET,89.5,89.7,89.45,89.6,124676.0
2021-02-15 12:00:00,NSE:SPICEJET,89.6,89.8,89.45,89.6,128123.0
2021-02-15 12:45:00,NSE:SPICEJET,89.7,89.85,89.2,89.5,160612.0
2021-02-15 13:30:00,NSE:SPICEJET,89.45,89.5,89.15,89.2,118635.0
2021-02-15 14:15:00,NSE:SPICEJET,89.15,89.6,89.0,89.25,232493.0
2021-02-15 15:00:00,NSE:SPICEJET,89.25,89.65,89.1,89.3,333106.0
2021-02-15 15:45:00,NSE:SPICEJET,89.3,89.3,89.3,89.3,2013.0
2021-02-16 09:00:00,NSE:SPICEJET,88.95,89.05,88.1,88.3,479442.0
2021-02-16 09:45:00,NSE:SPICEJET,88.3,88.4,87.65,87.85,434545.0
2021-02-16 10:30:00,NSE:SPICEJET,87.95,87.95,87.35,87.6,395641.0
2021-02-16 11:15:00,NSE:SPICEJET,87.65,87.85,87.1,87.3,251456.0
2021-02-16 12:00:00,NSE:SPICEJET,87.35,87.65,87.1,87.25,127716.0
2021-02-16 12:45:00,NSE:SPICEJET,87.25,87.5,87.0,87.3,203354.0
2021-02-16 13:30:00,NSE:SPICEJET,87.3,87.55,87.15,87.35,149313.0
2021-02-16 14:15:00,NSE:SPICEJET,87.35,87.4,87.2,87.3,177257.0
2021-02-16 15:00:00,NSE:SPICEJET,87.4,87.5,87.2,87.35,374081.0
2021-02-16 15:45:00,NSE:SPICEJET,87.35,87.4,87.35,87.35,5465.0
2021-02-17 09:00:00,NSE:SPICEJET,87.3,87.3,86.1,86.85,376125.0
2021-02-17 09:45:00,NSE:SPICEJET,86.8,90.25,86.6,88.5,2015496.0
2021-02-17 10:30:00,NSE:SPICEJET,88.5,89.2,88.25,88.7,288822.0
2021-02-17 11:15:00,NSE:SPICEJET,88.8,88.85,88.55,88.8,110576.0
2021-02-17 12:00:00,NSE:SPICEJET,88.85,88.9,88.2,88.35,212815.0
2021-02-17 12:45:00,NSE:SPICEJET,88.35,88.35,88.0,88.05,144622.0
2021-02-17 13:30:00,NSE:SPICEJET,88.05,89.5,87.4,88.95,1375191.0
2021-02-17 14:15:00,NSE:SPICEJET,88.95,90.65,88.3,88.7,2402762.0
2021-02-17 15:00:00,NSE:SPICEJET,88.65,88.75,88.0,88.35,434872.0
2021-02-17 15:45:00,NSE:SPICEJET,88.35,88.35,88.1,88.35,9127.0
2021-02-18 09:00:00,NSE:SPICEJET,88.55,89.3,87.55,88.7,786117.0
2021-02-18 09:45:00,NSE:SPICEJET,88.65,88.75,88.5,88.7,188615.0
2021-02-18 10:30:00,NSE:SPICEJET,88.7,88.75,88.5,88.55,137135.0
2021-02-18 11:15:00,NSE:SPICEJET,88.7,88.75,88.35,88.5,327521.0
2021-02-18 12:00:00,NSE:SPICEJET,88.5,88.6,88.4,88.5,161579.0
2021-02-18 12:45:00,NSE:SPICEJET,88.5,88.7,88.3,88.5,285697.0
2021-02-18 13:30:00,NSE:SPICEJET,88.55,88.6,88.45,88.55,318299.0
2021-02-18 14:15:00,NSE:SPICEJET,88.5,88.85,88.3,88.3,248174.0
2021-02-18 15:00:00,NSE:SPICEJET,88.3,88.45,88.0,88.05,308931.0
2021-02-18 15:45:00,NSE:SPICEJET,88.25,88.25,88.25,88.25,200.0
2021-02-19 09:00:00,NSE:SPICEJET,88.0,88.45,87.2,87.7,466206.0
2021-02-19 09:45:00,NSE:SPICEJET,87.75,88.5,87.35,88.25,437103.0
2021-02-19 10:30:00,NSE:SPICEJET,88.25,88.35,87.5,87.65,278304.0
2021-02-19 11:15:00,NSE:SPICEJET,87.55,87.8,87.35,87.45,158860.0
2021-02-19 12:00:00,NSE:SPICEJET,87.45,87.65,87.35,87.45,133941.0
2021-02-19 12:45:00,NSE:SPICEJET,87.45,87.6,86.3,86.5,401029.0
2021-02-19 13:30:00,NSE:SPICEJET,86.5,86.9,85.45,85.45,403723.0
2021-02-19 14:15:00,NSE:SPICEJET,85.45,86.9,85.45,86.0,794931.0
2021-02-19 15:00:00,NSE:SPICEJET,86.0,86.8,85.75,86.25,517191.0
2021-02-19 15:45:00,NSE:SPICEJET,86.25,86.25,86.25,86.25,405.0
2021-02-22 09:00:00,NSE:SPICEJET,86.25,86.25,84.7,85.4,512396.0
2021-02-22 09:45:00,NSE:SPICEJET,85.3,85.4,84.15,84.2,447893.0
2021-02-22 10:30:00,NSE:SPICEJET,84.25,84.45,84.1,84.25,282405.0
2021-02-22 11:15:00,NSE:SPICEJET,84.25,84.35,83.0,83.4,521621.0
2021-02-22 12:00:00,NSE:SPICEJET,83.4,83.85,83.0,83.6,478693.0
2021-02-22 12:45:00,NSE:SPICEJET,83.6,84.3,83.6,84.05,294567.0
2021-02-22 13:30:00,NSE:SPICEJET,84.05,84.05,83.25,83.7,264346.0
2021-02-22 14:15:00,NSE:SPICEJET,83.7,84.15,83.2,83.8,422561.0
2021-02-22 15:00:00,NSE:SPICEJET,83.8,84.05,83.5,83.8,315827.0
2021-02-22 15:45:00,NSE:SPICEJET,83.8,83.8,83.8,83.8,821.0
2021-02-23 09:00:00,NSE:SPICEJET,84.2,84.75,83.5,83.6,303109.0
2021-02-23 09:45:00,NSE:SPICEJET,83.6,83.65,82.8,83.6,400970.0
2021-02-23 10:30:00,NSE:SPICEJET,83.6,84.45,83.4,84.15,933361.0
2021-02-23 11:15:00,NSE:SPICEJET,84.15,84.3,83.25,83.3,1904398.0
2021-02-23 12:00:00,NSE:SPICEJET,83.4,83.45,82.6,82.65,642855.0
2021-02-23 12:45:00,NSE:SPICEJET,82.7,83.45,82.55,83.0,890153.0
2021-02-23 13:30:00,NSE:SPICEJET,83.0,83.2,82.9,83.0,136693.0
2021-02-23 14:15:00,NSE:SPICEJET,83.0,83.1,82.75,82.85,142830.0
2021-02-23 15:00:00,NSE:SPICEJET,82.85,83.2,82.7,82.95,289569.0
2021-02-23 15:45:00,NSE:SPICEJET,82.95,83.05,82.95,82.95,366.0
2021-02-24 09:00:00,NSE:SPICEJET,83.5,84.45,83.05,84.2,435557.0
2021-02-24 09:45:00,NSE:SPICEJET,84.25,84.35,83.55,84.05,1391223.0
2021-02-24 10:30:00,NSE:SPICEJET,84.1,84.6,83.9,84.6,569718.0
2021-02-24 11:15:00,NSE:SPICEJET,84.6,85.15,84.25,84.4,1254237.0
2021-02-24 15:45:00,NSE:SPICEJET,83.1,84.65,83.1,83.95,220751.0
2021-02-24 16:30:00,NSE:SPICEJET,83.75,84.15,83.5,83.95,174978.0
2021-02-25 09:00:00,NSE:SPICEJET,84.0,84.9,84.0,84.3,334788.0
2021-02-25 09:45:00,NSE:SPICEJET,84.2,86.15,84.2,85.2,803006.0
2021-02-25 10:30:00,NSE:SPICEJET,85.25,86.7,85.15,85.7,978625.0
2021-02-25 11:15:00,NSE:SPICEJET,85.7,85.75,84.8,85.1,826932.0
2021-02-25 12:00:00,NSE:SPICEJET,85.1,85.65,84.85,85.55,230996.0
2021-02-25 12:45:00,NSE:SPICEJET,85.55,85.7,85.2,85.35,106602.0
2021-02-25 13:30:00,NSE:SPICEJET,85.35,85.5,85.15,85.35,118093.0
2021-02-25 14:15:00,NSE:SPICEJET,85.3,85.55,84.7,85.1,313028.0
2021-02-25 15:00:00,NSE:SPICEJET,85.1,85.2,84.75,84.95,348404.0
2021-02-25 15:45:00,NSE:SPICEJET,84.95,84.95,84.9,84.9,335.0
2021-02-26 09:00:00,NSE:SPICEJET,83.7,84.2,82.7,83.9,347447.0
2021-02-26 09:45:00,NSE:SPICEJET,83.95,84.75,83.6,83.8,371195.0
2021-02-26 10:30:00,NSE:SPICEJET,83.7,83.8,82.9,83.35,394461.0
2021-02-26 11:15:00,NSE:SPICEJET,83.3,83.6,82.8,83.1,258653.0
2021-02-26 12:00:00,NSE:SPICEJET,82.85,83.2,82.6,82.9,252281.0
2021-02-26 12:45:00,NSE:SPICEJET,82.85,83.2,82.65,82.75,191093.0
2021-02-26 13:30:00,NSE:SPICEJET,82.8,83.1,82.7,83.0,239120.0
2021-02-26 14:15:00,NSE:SPICEJET,83.0,83.15,82.7,82.85,217947.0
2021-02-26 15:00:00,NSE:SPICEJET,82.9,82.95,82.5,82.65,343295.0
2021-02-26 15:45:00,NSE:SPICEJET,82.65,82.95,82.65,82.95,6520.0
2021-03-01 09:00:00,NSE:SPICEJET,83.7,83.95,82.8,83.1,246581.0
2021-03-01 09:45:00,NSE:SPICEJET,83.25,84.95,83.25,83.8,563535.0
2021-03-01 10:30:00,NSE:SPICEJET,83.85,84.1,83.25,83.4,704672.0
2021-03-01 11:15:00,NSE:SPICEJET,83.45,83.8,83.0,83.3,449760.0
2021-03-01 12:00:00,NSE:SPICEJET,83.35,83.75,83.05,83.15,241971.0
2021-03-01 12:45:00,NSE:SPICEJET,83.25,83.45,83.05,83.25,144873.0
2021-03-01 13:30:00,NSE:SPICEJET,83.3,83.85,82.9,83.1,407812.0
2021-03-01 14:15:00,NSE:SPICEJET,83.2,83.5,83.0,83.15,225874.0
2021-03-01 15:00:00,NSE:SPICEJET,83.1,83.6,82.9,83.25,351006.0
2021-03-01 15:45:00,NSE:SPICEJET,83.25,83.25,82.9,83.25,561.0
2021-03-02 09:00:00,NSE:SPICEJET,83.5,84.0,83.5,83.75,240945.0
2021-03-02 09:45:00,NSE:SPICEJET,83.8,84.9,83.55,84.1,726988.0
2021-03-02 10:30:00,NSE:SPICEJET,84.0,84.4,83.4,83.6,506908.0
2021-03-02 11:15:00,NSE:SPICEJET,83.6,84.0,83.2,83.9,160896.0
2021-03-02 12:00:00,NSE:SPICEJET,83.9,84.25,83.65,83.65,135006.0
2021-03-02 12:45:00,NSE:SPICEJET,83.7,83.85,83.35,83.75,108429.0
2021-03-02 13:30:00,NSE:SPICEJET,83.75,83.9,83.45,83.75,121766.0
2021-03-02 14:15:00,NSE:SPICEJET,83.6,83.85,83.5,83.65,123369.0
2021-03-02 15:00:00,NSE:SPICEJET,83.6,84.2,83.6,83.85,419758.0
2021-03-02 15:45:00,NSE:SPICEJET,83.85,84.2,83.85,83.85,5151.0
2021-03-03 09:00:00,NSE:SPICEJET,84.9,84.9,83.7,84.05,375833.0
2021-03-03 09:45:00,NSE:SPICEJET,84.05,85.75,83.6,85.1,1634578.0
2021-03-03 10:30:00,NSE:SPICEJET,85.1,85.3,84.65,84.95,373636.0
2021-03-03 11:15:00,NSE:SPICEJET,84.9,85.15,84.7,84.8,296415.0
2021-03-03 12:00:00,NSE:SPICEJET,84.75,85.0,84.55,84.65,454865.0
2021-03-03 12:45:00,NSE:SPICEJET,84.75,84.8,84.55,84.65,125130.0
2021-03-03 13:30:00,NSE:SPICEJET,84.55,84.7,84.4,84.6,206057.0
2021-03-03 14:15:00,NSE:SPICEJET,84.6,89.8,84.45,88.7,7653085.0
2021-03-03 15:00:00,NSE:SPICEJET,88.7,89.5,88.15,88.85,2170872.0
2021-03-03 15:45:00,NSE:SPICEJET,88.85,89.1,88.85,88.85,7823.0
2021-03-04 09:00:00,NSE:SPICEJET,86.5,88.4,86.0,88.3,967492.0
2021-03-04 09:45:00,NSE:SPICEJET,88.3,90.6,87.2,89.8,1915219.0
2021-03-04 10:30:00,NSE:SPICEJET,89.8,90.5,89.15,89.75,1066839.0
2021-03-04 11:15:00,NSE:SPICEJET,89.75,89.75,88.75,89.15,393259.0
2021-03-04 12:00:00,NSE:SPICEJET,89.2,89.2,88.5,88.75,281106.0
2021-03-04 12:45:00,NSE:SPICEJET,88.75,88.95,87.8,87.8,342632.0
2021-03-04 13:30:00,NSE:SPICEJET,87.85,88.4,87.5,88.2,466545.0
2021-03-04 14:15:00,NSE:SPICEJET,88.2,88.5,87.85,88.0,409884.0
2021-03-04 15:00:00,NSE:SPICEJET,87.95,88.0,87.25,87.7,583016.0
2021-03-04 15:45:00,NSE:SPICEJET,87.55,87.7,87.55,87.7,1294.0
2021-03-05 09:00:00,NSE:SPICEJET,87.5,87.95,86.25,87.3,564609.0
2021-03-05 09:45:00,NSE:SPICEJET,87.35,87.6,86.7,86.7,424195.0
2021-03-05 10:30:00,NSE:SPICEJET,86.55,87.05,85.25,85.95,839319.0
2021-03-05 11:15:00,NSE:SPICEJET,85.9,86.3,85.5,85.8,584539.0
2021-03-05 12:00:00,NSE:SPICEJET,85.85,86.4,85.6,86.15,496873.0
2021-03-05 12:45:00,NSE:SPICEJET,86.2,86.35,85.65,85.85,398852.0
2021-03-05 13:30:00,NSE:SPICEJET,85.9,86.0,84.65,84.9,702485.0
2021-03-05 14:15:00,NSE:SPICEJET,84.95,85.0,84.3,84.7,765485.0
2021-03-05 15:00:00,NSE:SPICEJET,84.8,85.3,84.3,84.95,390882.0
2021-03-05 15:45:00,NSE:SPICEJET,84.95,84.95,84.95,84.95,27.0
2021-03-08 09:00:00,NSE:SPICEJET,84.85,86.35,83.6,85.45,1029635.0
2021-03-08 09:45:00,NSE:SPICEJET,85.4,85.55,84.8,85.05,212531.0
2021-03-08 10:30:00,NSE:SPICEJET,85.0,85.4,84.5,84.8,526606.0
2021-03-08 11:15:00,NSE:SPICEJET,84.8,85.25,84.55,84.95,1019050.0
2021-03-08 12:00:00,NSE:SPICEJET,85.1,85.25,84.85,84.9,110418.0
2021-03-08 12:45:00,NSE:SPICEJET,84.9,85.25,84.55,85.0,986473.0
2021-03-08 13:30:00,NSE:SPICEJET,85.0,85.15,84.25,84.8,827687.0
2021-03-08 14:15:00,NSE:SPICEJET,84.8,85.15,84.3,84.55,231390.0
2021-03-08 15:00:00,NSE:SPICEJET,84.65,84.9,84.3,84.6,245381.0
2021-03-08 15:45:00,NSE:SPICEJET,84.6,84.6,84.4,84.4,407.0
2021-03-09 09:00:00,NSE:SPICEJET,84.6,85.4,84.4,84.6,338446.0
2021-03-09 09:45:00,NSE:SPICEJET,84.6,84.85,84.45,84.75,188283.0
2021-03-09 10:30:00,NSE:SPICEJET,84.75,84.8,84.15,84.35,140077.0
2021-03-09 11:15:00,NSE:SPICEJET,84.25,84.6,84.2,84.45,101844.0
2021-03-09 12:00:00,NSE:SPICEJET,84.45,84.65,83.75,83.95,237812.0
2021-03-09 12:45:00,NSE:SPICEJET,83.95,84.05,83.05,83.3,273650.0
2021-03-09 13:30:00,NSE:SPICEJET,83.35,83.75,82.8,82.8,342137.0
2021-03-09 14:15:00,NSE:SPICEJET,82.85,83.35,82.85,83.1,149970.0
2021-03-09 15:00:00,NSE:SPICEJET,83.15,83.75,83.1,83.5,219838.0
2021-03-09 15:45:00,NSE:SPICEJET,83.5,83.5,83.5,83.5,312.0
2021-03-10 09:00:00,NSE:SPICEJET,85.25,85.9,84.6,85.0,626162.0
2021-03-10 09:45:00,NSE:SPICEJET,84.95,85.15,84.55,84.8,231808.0
2021-03-10 10:30:00,NSE:SPICEJET,84.8,84.8,84.15,84.35,232956.0
2021-03-10 11:15:00,NSE:SPICEJET,84.45,84.9,84.2,84.9,491299.0
2021-03-10 12:00:00,NSE:SPICEJET,84.9,84.9,84.1,84.4,425109.0
2021-03-10 12:45:00,NSE:SPICEJET,84.45,84.55,83.8,84.0,99801.0
2021-03-10 13:30:00,NSE:SPICEJET,84.0,84.25,83.55,84.05,156431.0
2021-03-10 14:15:00,NSE:SPICEJET,84.05,84.25,83.1,83.3,363527.0
2021-03-10 15:00:00,NSE:SPICEJET,83.2,83.4,82.7,83.1,517972.0
2021-03-10 15:45:00,NSE:SPICEJET,83.1,83.1,83.1,83.1,444.0
2021-03-12 09:00:00,NSE:SPICEJET,83.95,84.2,83.15,83.65,331267.0
2021-03-12 09:45:00,NSE:SPICEJET,83.65,83.75,83.35,83.55,299169.0
2021-03-12 10:30:00,NSE:SPICEJET,83.5,83.65,83.1,83.35,264175.0
2021-03-12 11:15:00,NSE:SPICEJET,83.35,83.5,83.2,83.3,152858.0
2021-03-12 12:00:00,NSE:SPICEJET,83.3,83.5,83.1,83.25,133175.0
2021-03-12 12:45:00,NSE:SPICEJET,83.2,83.35,83.0,83.05,130934.0
2021-03-12 13:30:00,NSE:SPICEJET,83.05,83.2,82.0,82.2,585900.0
2021-03-12 14:15:00,NSE:SPICEJET,82.15,82.9,82.0,82.65,324531.0
2021-03-12 15:00:00,NSE:SPICEJET,82.6,82.9,82.1,82.55,361238.0
2021-03-12 15:45:00,NSE:SPICEJET,82.55,82.7,82.55,82.7,177.0
2021-03-15 09:00:00,NSE:SPICEJET,83.25,83.25,80.45,80.9,568758.0
2021-03-15 09:45:00,NSE:SPICEJET,80.8,82.2,80.75,81.6,1003912.0
2021-03-15 10:30:00,NSE:SPICEJET,81.7,81.9,80.75,81.1,1494606.0
2021-03-15 11:15:00,NSE:SPICEJET,81.1,81.1,80.2,80.55,332562.0
2021-03-15 12:00:00,NSE:SPICEJET,80.55,80.7,79.65,79.9,991641.0
2021-03-15 12:45:00,NSE:SPICEJET,79.9,80.2,79.8,80.0,246906.0
2021-03-15 13:30:00,NSE:SPICEJET,80.0,80.5,79.85,80.5,365694.0
2021-03-15 14:15:00,NSE:SPICEJET,80.45,81.15,80.35,81.0,266991.0
2021-03-15 15:00:00,NSE:SPICEJET,81.05,81.25,80.0,80.75,389307.0
2021-03-15 15:45:00,NSE:SPICEJET,80.75,80.75,80.65,80.65,1100.0
2021-03-16 09:00:00,NSE:SPICEJET,80.6,80.6,79.2,80.0,462880.0
2021-03-16 09:45:00,NSE:SPICEJET,80.0,80.4,79.8,80.05,744285.0
2021-03-16 10:30:00,NSE:SPICEJET,80.05,80.2,79.8,79.95,197185.0
2021-03-16 11:15:00,NSE:SPICEJET,79.9,80.0,79.35,79.75,249249.0
2021-03-16 12:00:00,NSE:SPICEJET,79.65,79.9,79.65,79.85,104416.0
2021-03-16 12:45:00,NSE:SPICEJET,79.85,79.95,79.1,79.4,309073.0
2021-03-16 13:30:00,NSE:SPICEJET,79.4,79.6,78.7,78.95,1111988.0
2021-03-16 14:15:00,NSE:SPICEJET,78.9,79.3,78.9,79.15,175898.0
2021-03-16 15:00:00,NSE:SPICEJET,79.15,79.3,78.9,79.15,372956.0
2021-03-16 15:45:00,NSE:SPICEJET,79.15,79.15,79.0,79.15,862.0
2021-03-17 09:00:00,NSE:SPICEJET,78.3,79.55,78.3,78.7,424819.0
2021-03-17 09:45:00,NSE:SPICEJET,78.75,81.8,78.65,80.05,1054419.0
2021-03-17 10:30:00,NSE:SPICEJET,80.05,80.65,79.75,80.65,270033.0
2021-03-17 11:15:00,NSE:SPICEJET,80.7,80.7,79.6,80.1,552337.0
2021-03-17 12:00:00,NSE:SPICEJET,80.1,80.5,79.0,79.25,679045.0
2021-03-17 12:45:00,NSE:SPICEJET,79.25,79.3,78.85,79.15,197166.0
2021-03-17 13:30:00,NSE:SPICEJET,79.15,79.3,78.6,78.8,144797.0
2021-03-17 14:15:00,NSE:SPICEJET,78.9,78.95,78.05,78.6,323043.0
2021-03-17 15:00:00,NSE:SPICEJET,78.5,78.65,77.05,77.9,546421.0
2021-03-17 15:45:00,NSE:SPICEJET,77.9,77.9,77.9,77.9,1196.0
2021-03-18 09:00:00,NSE:SPICEJET,77.8,79.0,77.6,78.2,437225.0
2021-03-18 09:45:00,NSE:SPICEJET,78.2,78.4,77.5,78.05,486950.0
2021-03-18 10:30:00,NSE:SPICEJET,78.05,78.05,77.3,77.8,433326.0
2021-03-18 11:15:00,NSE:SPICEJET,77.85,77.95,77.1,77.7,426398.0
2021-03-18 12:00:00,NSE:SPICEJET,77.7,77.75,77.2,77.25,189414.0
2021-03-18 12:45:00,NSE:SPICEJET,77.3,77.35,75.65,75.8,617898.0
2021-03-18 13:30:00,NSE:SPICEJET,75.8,76.15,75.25,75.25,377756.0
2021-03-18 14:15:00,NSE:SPICEJET,75.15,75.6,74.6,75.1,882713.0
2021-03-18 15:00:00,NSE:SPICEJET,75.15,75.8,74.9,75.4,367664.0
2021-03-18 15:45:00,NSE:SPICEJET,75.35,75.4,75.35,75.35,2555.0
2021-03-19 09:00:00,NSE:SPICEJET,73.0,74.3,69.25,70.15,1711168.0
2021-03-19 09:45:00,NSE:SPICEJET,70.1,71.25,69.9,70.8,1502923.0
2021-03-19 10:30:00,NSE:SPICEJET,70.75,71.25,70.25,70.8,1277046.0
2021-03-19 11:15:00,NSE:SPICEJET,70.8,70.9,70.25,70.5,867635.0
2021-03-19 12:00:00,NSE:SPICEJET,70.6,70.95,70.45,70.85,200274.0
2021-03-19 12:45:00,NSE:SPICEJET,70.85,71.75,70.75,71.4,582803.0
2021-03-19 13:30:00,NSE:SPICEJET,71.4,72.4,71.15,72.1,490565.0
2021-03-19 14:15:00,NSE:SPICEJET,72.1,72.45,71.3,71.8,616834.0
2021-03-19 15:00:00,NSE:SPICEJET,71.8,71.95,71.55,71.8,501672.0
2021-03-19 15:45:00,NSE:SPICEJET,71.8,71.85,71.8,71.85,2873.0
2021-03-22 09:00:00,NSE:SPICEJET,72.95,73.4,71.85,73.2,925469.0
2021-03-22 09:45:00,NSE:SPICEJET,73.2,73.8,73.05,73.15,552939.0
2021-03-22 10:30:00,NSE:SPICEJET,73.25,73.45,73.0,73.3,195512.0
2021-03-22 11:15:00,NSE:SPICEJET,73.35,73.95,73.15,73.75,248746.0
2021-03-22 12:00:00,NSE:SPICEJET,73.8,73.8,72.85,72.85,219669.0
2021-03-22 12:45:00,NSE:SPICEJET,72.9,73.4,72.8,73.35,151070.0
2021-03-22 13:30:00,NSE:SPICEJET,73.35,73.5,72.9,73.35,372782.0
2021-03-22 14:15:00,NSE:SPICEJET,73.35,77.0,73.35,76.5,6608700.0
2021-03-22 15:00:00,NSE:SPICEJET,76.5,76.75,76.1,76.4,1168890.0
2021-03-22 15:45:00,NSE:SPICEJET,76.4,76.45,76.4,76.4,6932.0
2021-03-23 09:00:00,NSE:SPICEJET,77.0,77.9,75.85,76.5,1079784.0
2021-03-23 09:45:00,NSE:SPICEJET,76.45,76.8,74.7,75.4,617918.0
2021-03-23 10:30:00,NSE:SPICEJET,75.35,75.65,74.8,75.0,340340.0
2021-03-23 11:15:00,NSE:SPICEJET,74.9,75.05,74.55,74.95,287857.0
2021-03-23 12:00:00,NSE:SPICEJET,75.0,75.25,74.65,75.2,265910.0
2021-03-23 12:45:00,NSE:SPICEJET,75.2,75.4,74.8,74.95,173963.0
2021-03-23 13:30:00,NSE:SPICEJET,75.05,75.3,74.65,75.2,604732.0
2021-03-23 14:15:00,NSE:SPICEJET,75.2,75.2,74.8,74.95,225041.0
2021-03-23 15:00:00,NSE:SPICEJET,74.9,75.05,74.55,74.6,515938.0
2021-03-23 15:45:00,NSE:SPICEJET,74.75,74.75,74.6,74.75,527.0
2021-03-24 09:00:00,NSE:SPICEJET,72.35,73.95,72.35,73.5,1130618.0
2021-03-24 09:45:00,NSE:SPICEJET,73.4,73.75,72.75,73.05,798391.0
2021-03-24 10:30:00,NSE:SPICEJET,73.0,73.4,72.3,72.45,398489.0
2021-03-24 11:15:00,NSE:SPICEJET,72.45,72.5,71.85,72.2,380197.0
2021-03-24 12:00:00,NSE:SPICEJET,72.2,72.5,72.1,72.45,127925.0
2021-03-24 12:45:00,NSE:SPICEJET,72.45,72.75,72.2,72.55,155561.0
2021-03-24 13:30:00,NSE:SPICEJET,72.5,72.6,72.0,72.4,173822.0
2021-03-24 14:15:00,NSE:SPICEJET,72.3,72.55,71.7,71.95,230615.0
2021-03-24 15:00:00,NSE:SPICEJET,71.95,72.2,71.6,71.85,402013.0
2021-03-24 15:45:00,NSE:SPICEJET,71.85,71.9,71.85,71.85,701.0
2021-03-25 09:00:00,NSE:SPICEJET,72.1,72.55,69.5,70.35,701280.0
2021-03-25 09:45:00,NSE:SPICEJET,70.25,70.35,69.65,70.0,462447.0
2021-03-25 10:30:00,NSE:SPICEJET,70.0,70.2,69.2,69.25,244854.0
2021-03-25 11:15:00,NSE:SPICEJET,69.35,70.15,69.15,69.35,615175.0
2021-03-25 12:00:00,NSE:SPICEJET,69.35,69.8,68.8,69.2,451008.0
2021-03-25 12:45:00,NSE:SPICEJET,69.3,69.65,69.0,69.35,580605.0
2021-03-25 13:30:00,NSE:SPICEJET,69.35,69.95,69.1,69.45,287620.0
2021-03-25 14:15:00,NSE:SPICEJET,69.45,69.95,69.1,69.6,382489.0
2021-03-25 15:00:00,NSE:SPICEJET,69.65,69.65,68.35,68.75,577659.0
2021-03-25 15:45:00,NSE:SPICEJET,68.75,68.75,68.5,68.75,1102.0
2021-03-26 09:00:00,NSE:SPICEJET,69.0,70.75,69.0,69.9,810553.0
2021-03-26 09:45:00,NSE:SPICEJET,69.9,70.1,69.25,69.85,628737.0
2021-03-26 10:30:00,NSE:SPICEJET,69.85,70.05,69.55,69.8,352790.0
2021-03-26 11:15:00,NSE:SPICEJET,69.75,69.95,69.25,69.65,264452.0
2021-03-26 12:00:00,NSE:SPICEJET,69.7,69.8,69.1,69.3,159455.0
2021-03-26 12:45:00,NSE:SPICEJET,69.35,69.65,69.1,69.45,227604.0
2021-03-26 13:30:00,NSE:SPICEJET,69.55,70.0,69.3,69.55,330621.0
2021-03-26 14:15:00,NSE:SPICEJET,69.5,69.6,69.15,69.15,338604.0
2021-03-26 15:00:00,NSE:SPICEJET,69.25,69.7,68.9,69.3,801015.0
2021-03-26 15:45:00,NSE:SPICEJET,69.25,69.25,69.25,69.25,37.0
2021-03-30 09:00:00,NSE:SPICEJET,69.6,70.1,69.15,69.8,368596.0
2021-03-30 09:45:00,NSE:SPICEJET,69.7,69.85,69.5,69.55,257302.0
2021-03-30 10:30:00,NSE:SPICEJET,69.6,69.65,69.2,69.3,183189.0
2021-03-30 11:15:00,NSE:SPICEJET,69.35,69.35,68.5,68.75,298026.0
2021-03-30 12:00:00,NSE:SPICEJET,68.65,68.65,68.0,68.3,198179.0
2021-03-30 12:45:00,NSE:SPICEJET,68.3,68.7,68.05,68.4,457457.0
2021-03-30 13:30:00,NSE:SPICEJET,68.45,68.7,68.2,68.6,120973.0
2021-03-30 14:15:00,NSE:SPICEJET,68.65,68.75,68.1,68.15,216016.0
2021-03-30 15:00:00,NSE:SPICEJET,68.25,68.65,68.15,68.35,326867.0
2021-03-30 15:45:00,NSE:SPICEJET,68.35,68.4,68.35,68.35,651.0
2021-03-31 09:00:00,NSE:SPICEJET,68.8,70.8,68.6,70.15,763445.0
2021-03-31 09:45:00,NSE:SPICEJET,70.3,70.35,69.55,69.8,355249.0
2021-03-31 10:30:00,NSE:SPICEJET,69.75,69.9,69.55,69.8,226525.0
2021-03-31 11:15:00,NSE:SPICEJET,69.7,70.2,69.65,70.1,263107.0
2021-03-31 12:00:00,NSE:SPICEJET,70.1,70.25,69.9,70.2,274070.0
2021-03-31 12:45:00,NSE:SPICEJET,70.3,71.2,70.1,70.55,707399.0
2021-03-31 13:30:00,NSE:SPICEJET,70.5,70.9,70.1,70.4,265333.0
2021-03-31 14:15:00,NSE:SPICEJET,70.4,70.5,69.65,69.75,346082.0
2021-03-31 15:00:00,NSE:SPICEJET,69.65,69.85,68.75,69.3,866742.0
2021-03-31 15:45:00,NSE:SPICEJET,69.3,69.3,69.05,69.3,773.0
2021-04-01 09:00:00,NSE:SPICEJET,70.2,70.95,69.7,70.6,694540.0
2021-04-01 09:45:00,NSE:SPICEJET,70.5,71.2,70.5,70.7,298194.0
2021-04-01 10:30:00,NSE:SPICEJET,70.75,70.9,70.5,70.7,117919.0
2021-04-01 11:15:00,NSE:SPICEJET,70.7,70.9,70.65,70.75,90963.0
2021-04-01 12:00:00,NSE:SPICEJET,70.8,71.0,70.65,70.85,83427.0
2021-04-01 12:45:00,NSE:SPICEJET,70.9,71.0,70.65,70.85,101363.0
2021-04-01 13:30:00,NSE:SPICEJET,70.9,71.7,70.75,71.5,279621.0
2021-04-01 14:15:00,NSE:SPICEJET,71.5,71.8,71.3,71.75,219884.0
2021-04-01 15:00:00,NSE:SPICEJET,71.8,72.6,71.65,72.15,637320.0
2021-04-01 15:45:00,NSE:SPICEJET,72.15,72.25,72.15,72.15,693.0
2021-04-05 09:00:00,NSE:SPICEJET,71.0,71.2,69.7,70.35,512831.0
2021-04-05 09:45:00,NSE:SPICEJET,70.25,70.4,68.7,68.95,645422.0
2021-04-05 10:30:00,NSE:SPICEJET,68.95,69.2,68.5,68.55,289913.0
2021-04-05 11:15:00,NSE:SPICEJET,68.65,68.85,68.05,68.5,759172.0
2021-04-05 12:00:00,NSE:SPICEJET,68.5,68.65,68.2,68.4,273405.0
2021-04-05 12:45:00,NSE:SPICEJET,68.5,68.55,68.0,68.3,383254.0
2021-04-05 13:30:00,NSE:SPICEJET,68.4,68.8,68.2,68.55,267895.0
2021-04-05 14:15:00,NSE:SPICEJET,68.55,68.95,68.55,68.9,200111.0
2021-04-05 15:00:00,NSE:SPICEJET,68.9,68.95,68.6,68.75,388660.0
2021-04-05 15:45:00,NSE:SPICEJET,68.75,68.75,68.6,68.75,4062.0
2021-04-06 09:00:00,NSE:SPICEJET,68.75,69.75,68.1,69.55,510903.0
2021-04-06 09:45:00,NSE:SPICEJET,69.55,69.65,69.1,69.35,177525.0
2021-04-06 10:30:00,NSE:SPICEJET,69.35,69.8,69.3,69.65,89376.0
2021-04-06 11:15:00,NSE:SPICEJET,69.65,69.75,69.35,69.45,118315.0
2021-04-06 12:00:00,NSE:SPICEJET,69.5,69.55,68.85,68.85,160388.0
2021-04-06 12:45:00,NSE:SPICEJET,68.95,69.35,68.85,69.15,99828.0
2021-04-06 13:30:00,NSE:SPICEJET,69.15,69.3,68.9,69.15,506291.0
2021-04-06 14:15:00,NSE:SPICEJET,69.25,69.5,69.1,69.25,214229.0
2021-04-06 15:00:00,NSE:SPICEJET,69.2,69.55,69.2,69.4,224385.0
2021-04-06 15:45:00,NSE:SPICEJET,69.4,69.5,69.4,69.4,137.0
2021-04-07 09:00:00,NSE:SPICEJET,69.0,70.9,68.75,70.35,681946.0
2021-04-07 09:45:00,NSE:SPICEJET,70.3,71.2,69.85,70.5,572879.0
2021-04-07 10:30:00,NSE:SPICEJET,70.55,71.1,70.3,71.1,289874.0
2021-04-07 11:15:00,NSE:SPICEJET,71.05,72.0,71.05,71.25,589590.0
2021-04-07 12:00:00,NSE:SPICEJET,71.25,71.95,71.05,71.95,304742.0
2021-04-07 12:45:00,NSE:SPICEJET,72.2,72.4,70.75,70.85,715525.0
2021-04-07 13:30:00,NSE:SPICEJET,70.8,71.55,70.55,71.3,248777.0
2021-04-07 14:15:00,NSE:SPICEJET,71.3,71.85,71.15,71.55,375246.0
2021-04-07 15:00:00,NSE:SPICEJET,71.55,72.25,71.45,71.85,610230.0
2021-04-07 15:45:00,NSE:SPICEJET,71.85,71.85,71.8,71.85,1726.0
2021-04-08 09:00:00,NSE:SPICEJET,71.85,72.2,71.25,71.65,469321.0
2021-04-08 09:45:00,NSE:SPICEJET,71.6,71.65,71.2,71.35,183012.0
2021-04-08 10:30:00,NSE:SPICEJET,71.4,71.4,71.1,71.25,117380.0
2021-04-08 11:15:00,NSE:SPICEJET,71.2,71.7,71.2,71.4,106015.0
2021-04-08 12:00:00,NSE:SPICEJET,71.4,71.45,71.2,71.3,79405.0
2021-04-08 12:45:00,NSE:SPICEJET,71.3,71.45,71.15,71.3,82497.0
2021-04-08 13:30:00,NSE:SPICEJET,71.25,71.85,71.25,71.4,218368.0
2021-04-08 14:15:00,NSE:SPICEJET,71.4,71.55,71.0,71.1,136368.0
2021-04-08 15:00:00,NSE:SPICEJET,71.1,72.0,70.5,70.9,678272.0
2021-04-08 15:45:00,NSE:SPICEJET,71.45,71.45,71.45,71.45,38.0
2021-04-09 09:00:00,NSE:SPICEJET,70.65,71.0,70.15,70.8,258523.0
2021-04-09 09:45:00,NSE:SPICEJET,70.75,71.4,70.5,71.0,262287.0
2021-04-09 10:30:00,NSE:SPICEJET,70.95,71.1,70.55,70.55,160602.0
2021-04-09 11:15:00,NSE:SPICEJET,70.6,70.75,70.35,70.65,134300.0
2021-04-09 12:00:00,NSE:SPICEJET,70.65,70.8,70.35,70.5,147252.0
2021-04-09 12:45:00,NSE:SPICEJET,70.6,70.75,70.5,70.7,58350.0
2021-04-09 13:30:00,NSE:SPICEJET,70.7,70.75,70.35,70.55,126573.0
2021-04-09 14:15:00,NSE:SPICEJET,70.5,70.7,70.45,70.65,56007.0
2021-04-09 15:00:00,NSE:SPICEJET,70.7,71.45,70.55,71.05,461709.0
2021-04-09 15:45:00,NSE:SPICEJET,71.05,71.2,71.05,71.05,82.0
2021-04-12 09:00:00,NSE:SPICEJET,68.0,69.0,66.1,67.2,743036.0
2021-04-12 09:45:00,NSE:SPICEJET,67.2,68.2,67.0,67.3,1167076.0
2021-04-12 10:30:00,NSE:SPICEJET,67.25,67.35,66.5,66.8,330084.0
2021-04-12 11:15:00,NSE:SPICEJET,66.65,67.35,66.2,66.2,488709.0
2021-04-12 12:00:00,NSE:SPICEJET,66.25,66.25,65.2,65.9,412501.0
2021-04-12 12:45:00,NSE:SPICEJET,66.0,66.2,65.45,65.85,267106.0
2021-04-12 13:30:00,NSE:SPICEJET,65.9,66.4,65.8,66.35,197299.0
2021-04-12 14:15:00,NSE:SPICEJET,66.35,67.15,65.85,65.95,311532.0
2021-04-12 15:00:00,NSE:SPICEJET,65.85,66.7,65.85,66.35,211786.0
2021-04-12 15:45:00,NSE:SPICEJET,66.35,66.35,66.35,66.35,425.0
2021-04-13 09:00:00,NSE:SPICEJET,65.2,70.45,65.2,67.6,1241770.0
2021-04-13 09:45:00,NSE:SPICEJET,67.65,68.6,67.65,68.0,342408.0
2021-04-13 10:30:00,NSE:SPICEJET,67.95,68.45,67.15,67.15,403360.0
2021-04-13 11:15:00,NSE:SPICEJET,67.15,67.45,66.75,67.1,293505.0
2021-04-13 12:00:00,NSE:SPICEJET,67.15,67.9,66.9,67.8,129494.0
2021-04-13 12:45:00,NSE:SPICEJET,67.8,67.9,67.05,67.25,102950.0
2021-04-13 13:30:00,NSE:SPICEJET,67.25,68.3,67.2,68.1,231945.0
2021-04-13 14:15:00,NSE:SPICEJET,68.1,68.4,67.85,68.15,166912.0
2021-04-13 15:00:00,NSE:SPICEJET,68.1,68.5,67.2,68.2,323316.0
2021-04-13 15:45:00,NSE:SPICEJET,68.2,68.2,67.95,68.2,5011.0
2021-04-15 09:00:00,NSE:SPICEJET,68.0,68.25,66.35,66.85,628044.0
2021-04-15 09:45:00,NSE:SPICEJET,66.8,66.95,66.45,66.5,257104.0
2021-04-15 10:30:00,NSE:SPICEJET,66.4,66.65,65.5,65.8,240773.0
2021-04-15 11:15:00,NSE:SPICEJET,65.8,66.45,65.6,66.1,153834.0
2021-04-15 12:00:00,NSE:SPICEJET,66.15,66.55,66.1,66.35,100775.0
2021-04-15 12:45:00,NSE:SPICEJET,66.35,66.6,66.2,66.35,81490.0
2021-04-15 13:30:00,NSE:SPICEJET,66.25,66.85,66.2,66.55,153442.0
2021-04-15 14:15:00,NSE:SPICEJET,66.55,66.7,66.2,66.65,145945.0
2021-04-15 15:00:00,NSE:SPICEJET,66.65,66.9,66.55,66.75,181645.0
2021-04-15 15:45:00,NSE:SPICEJET,66.75,66.75,66.75,66.75,464.0
2021-04-16 09:00:00,NSE:SPICEJET,67.4,67.7,66.25,66.65,351959.0
2021-04-16 09:45:00,NSE:SPICEJET,66.75,68.2,66.6,66.9,1225199.0
2021-04-16 10:30:00,NSE:SPICEJET,66.9,67.1,66.5,66.7,158833.0
2021-04-16 11:15:00,NSE:SPICEJET,66.7,66.85,66.5,66.65,134555.0
2021-04-16 12:00:00,NSE:SPICEJET,66.65,66.85,66.0,66.2,251354.0
2021-04-16 12:45:00,NSE:SPICEJET,66.25,66.55,65.9,65.95,403749.0
2021-04-16 13:30:00,NSE:SPICEJET,66.0,66.25,65.9,66.15,149621.0
2021-04-16 14:15:00,NSE:SPICEJET,66.1,66.25,65.9,65.9,194858.0
2021-04-16 15:00:00,NSE:SPICEJET,65.95,66.1,65.7,65.9,361104.0
2021-04-16 15:45:00,NSE:SPICEJET,65.9,65.9,65.7,65.7,708.0
2021-04-19 09:00:00,NSE:SPICEJET,63.0,63.0,61.5,62.0,853744.0
2021-04-19 09:45:00,NSE:SPICEJET,61.85,62.45,61.65,61.75,665413.0
2021-04-19 10:30:00,NSE:SPICEJET,61.8,62.25,61.7,61.9,844990.0
2021-04-19 11:15:00,NSE:SPICEJET,61.85,62.05,61.7,61.9,495188.0
2021-04-19 12:00:00,NSE:SPICEJET,61.9,61.95,61.15,61.2,441626.0
2021-04-19 12:45:00,NSE:SPICEJET,61.3,61.7,61.15,61.5,304614.0
2021-04-19 13:30:00,NSE:SPICEJET,61.6,61.65,61.2,61.4,339859.0
2021-04-19 14:15:00,NSE:SPICEJET,61.35,61.5,61.1,61.35,260586.0
2021-04-19 15:00:00,NSE:SPICEJET,61.35,61.6,61.05,61.3,479326.0
2021-04-19 15:45:00,NSE:SPICEJET,61.3,61.3,61.3,61.3,22.0
2021-04-20 09:00:00,NSE:SPICEJET,62.25,63.4,62.1,62.5,637176.0
2021-04-20 09:45:00,NSE:SPICEJET,62.5,62.6,62.3,62.5,283299.0
2021-04-20 10:30:00,NSE:SPICEJET,62.4,62.6,62.35,62.5,238256.0
2021-04-20 11:15:00,NSE:SPICEJET,62.45,62.45,61.3,61.65,283889.0
2021-04-20 12:00:00,NSE:SPICEJET,61.75,61.9,60.85,61.1,322711.0
2021-04-20 12:45:00,NSE:SPICEJET,61.0,61.6,60.95,61.2,651557.0
2021-04-20 13:30:00,NSE:SPICEJET,61.2,62.7,60.85,62.25,3045551.0
2021-04-20 14:15:00,NSE:SPICEJET,62.25,62.4,60.55,60.8,879935.0
2021-04-20 15:00:00,NSE:SPICEJET,60.7,61.75,60.7,61.45,911852.0
2021-04-20 15:45:00,NSE:SPICEJET,61.45,61.45,61.25,61.45,3134.0
2021-04-22 09:00:00,NSE:SPICEJET,60.55,60.9,59.7,60.2,747943.0
2021-04-22 09:45:00,NSE:SPICEJET,60.2,60.6,59.95,60.35,632945.0
2021-04-22 10:30:00,NSE:SPICEJET,60.35,60.4,59.4,59.7,590669.0
2021-04-22 11:15:00,NSE:SPICEJET,59.7,60.15,59.6,60.15,312824.0
2021-04-22 12:00:00,NSE:SPICEJET,60.15,60.15,59.8,60.05,199936.0
2021-04-22 12:45:00,NSE:SPICEJET,60.05,60.1,59.75,59.9,413065.0
2021-04-22 13:30:00,NSE:SPICEJET,59.9,60.15,59.65,59.95,251309.0
2021-04-22 14:15:00,NSE:SPICEJET,59.95,60.1,59.8,60.05,292144.0
2021-04-22 15:00:00,NSE:SPICEJET,60.05,60.25,59.9,60.05,460459.0
2021-04-22 15:45:00,NSE:SPICEJET,60.05,60.1,60.05,60.1,475.0
2021-04-23 09:00:00,NSE:SPICEJET,60.0,61.0,59.55,60.45,387427.0
2021-04-23 09:45:00,NSE:SPICEJET,60.5,61.3,60.45,61.05,454439.0
2021-04-23 10:30:00,NSE:SPICEJET,61.1,61.25,60.75,61.1,273581.0
2021-04-23 11:15:00,NSE:SPICEJET,61.05,61.2,60.65,60.8,294347.0
2021-04-23 12:00:00,NSE:SPICEJET,60.85,61.0,60.65,60.85,128140.0
2021-04-23 12:45:00,NSE:SPICEJET,60.9,61.15,60.75,60.9,377826.0
2021-04-23 13:30:00,NSE:SPICEJET,60.9,61.0,60.55,60.75,197061.0
2021-04-23 14:15:00,NSE:SPICEJET,60.8,60.85,60.55,60.6,206936.0
2021-04-23 15:00:00,NSE:SPICEJET,60.65,61.0,60.6,60.85,389689.0
2021-04-23 15:45:00,NSE:SPICEJET,60.8,60.85,60.8,60.8,2080.0
2021-04-26 09:00:00,NSE:SPICEJET,61.95,63.65,61.4,62.85,967908.0
2021-04-26 09:45:00,NSE:SPICEJET,62.8,62.95,62.2,62.2,411071.0
2021-04-26 10:30:00,NSE:SPICEJET,62.2,62.4,61.8,62.25,416409.0
2021-04-26 11:15:00,NSE:SPICEJET,62.25,62.3,61.85,62.15,201945.0
2021-04-26 12:00:00,NSE:SPICEJET,62.2,62.2,61.75,61.95,154908.0
2021-04-26 12:45:00,NSE:SPICEJET,61.95,62.05,61.75,62.0,132355.0
2021-04-26 13:30:00,NSE:SPICEJET,62.0,62.0,61.5,61.6,176880.0
2021-04-26 14:15:00,NSE:SPICEJET,61.6,61.75,61.2,61.5,260613.0
2021-04-26 15:00:00,NSE:SPICEJET,61.55,62.45,61.5,62.0,469329.0
2021-04-26 15:45:00,NSE:SPICEJET,62.0,62.0,62.0,62.0,168.0
2021-04-27 09:00:00,NSE:SPICEJET,63.0,63.75,62.6,63.2,846585.0
2021-04-27 09:45:00,NSE:SPICEJET,63.3,63.55,63.05,63.55,436269.0
2021-04-27 10:30:00,NSE:SPICEJET,63.55,64.75,63.4,64.3,723778.0
2021-04-27 11:15:00,NSE:SPICEJET,64.25,64.45,63.9,64.3,361002.0
2021-04-27 12:00:00,NSE:SPICEJET,64.3,64.4,63.8,63.95,311537.0
2021-04-27 12:45:00,NSE:SPICEJET,63.95,64.25,63.9,63.95,247498.0
2021-04-27 13:30:00,NSE:SPICEJET,63.9,64.5,63.9,64.45,272225.0
2021-04-27 14:15:00,NSE:SPICEJET,64.45,64.55,64.0,64.3,467757.0
2021-04-27 15:00:00,NSE:SPICEJET,64.3,65.0,64.3,64.75,594954.0
2021-04-27 15:45:00,NSE:SPICEJET,64.75,64.95,64.75,64.95,1695.0
2021-04-28 09:00:00,NSE:SPICEJET,65.5,65.95,64.55,64.95,612044.0
2021-04-28 09:45:00,NSE:SPICEJET,64.95,65.0,64.8,64.9,251275.0
2021-04-28 10:30:00,NSE:SPICEJET,64.85,64.9,63.8,63.9,363112.0
2021-04-28 11:15:00,NSE:SPICEJET,63.95,64.4,63.7,64.4,155001.0
2021-04-28 12:00:00,NSE:SPICEJET,64.3,64.6,64.05,64.6,114681.0
2021-04-28 12:45:00,NSE:SPICEJET,64.55,64.8,64.5,64.6,106321.0
2021-04-28 13:30:00,NSE:SPICEJET,64.6,64.7,64.4,64.55,124338.0
2021-04-28 14:15:00,NSE:SPICEJET,64.6,64.7,64.4,64.7,133748.0
2021-04-28 15:00:00,NSE:SPICEJET,64.7,65.1,64.45,64.8,285688.0
2021-04-28 15:45:00,NSE:SPICEJET,64.8,64.8,64.65,64.8,379.0
2021-04-29 09:00:00,NSE:SPICEJET,65.65,66.1,64.7,64.7,348284.0
2021-04-29 09:45:00,NSE:SPICEJET,64.75,65.15,64.0,64.2,423123.0
2021-04-29 10:30:00,NSE:SPICEJET,64.2,64.3,63.55,63.8,248589.0
2021-04-29 11:15:00,NSE:SPICEJET,63.8,64.1,63.75,63.95,97948.0
2021-04-29 12:00:00,NSE:SPICEJET,64.0,64.25,63.8,64.05,160850.0
2021-04-29 12:45:00,NSE:SPICEJET,64.1,64.25,63.8,64.0,113894.0
2021-04-29 13:30:00,NSE:SPICEJET,64.1,64.1,63.7,64.0,111782.0
2021-04-29 14:15:00,NSE:SPICEJET,63.9,64.15,63.8,64.0,95835.0
2021-04-29 15:00:00,NSE:SPICEJET,64.1,64.1,63.85,63.95,223670.0
2021-04-29 15:45:00,NSE:SPICEJET,63.95,63.95,63.95,63.95,1346.0
2021-04-30 09:00:00,NSE:SPICEJET,63.0,63.6,62.75,63.25,467943.0
2021-04-30 09:45:00,NSE:SPICEJET,63.35,63.45,62.7,63.3,518164.0
2021-04-30 10:30:00,NSE:SPICEJET,63.35,64.0,63.25,63.45,243215.0
2021-04-30 11:15:00,NSE:SPICEJET,63.45,63.55,63.1,63.25,212023.0
2021-04-30 12:00:00,NSE:SPICEJET,63.2,63.55,62.75,63.35,307992.0
2021-04-30 12:45:00,NSE:SPICEJET,63.45,63.45,63.05,63.2,193442.0
2021-04-30 13:30:00,NSE:SPICEJET,63.15,63.25,62.8,63.05,162013.0
2021-04-30 14:15:00,NSE:SPICEJET,63.1,63.35,62.95,63.1,144404.0
2021-04-30 15:00:00,NSE:SPICEJET,63.1,63.1,62.5,62.7,368970.0
2021-04-30 15:45:00,NSE:SPICEJET,62.8,62.8,62.7,62.7,1441.0
2021-05-03 09:00:00,NSE:SPICEJET,62.8,62.8,60.7,61.65,469539.0
2021-05-03 09:45:00,NSE:SPICEJET,61.6,61.95,61.55,61.75,163318.0
2021-05-03 10:30:00,NSE:SPICEJET,61.7,61.95,61.45,61.55,174774.0
2021-05-03 11:15:00,NSE:SPICEJET,61.55,61.7,61.5,61.6,90662.0
2021-05-03 12:00:00,NSE:SPICEJET,61.65,61.8,61.2,61.4,214128.0
2021-05-03 12:45:00,NSE:SPICEJET,61.35,61.6,61.25,61.4,132503.0
2021-05-03 13:30:00,NSE:SPICEJET,61.4,61.5,61.1,61.35,178862.0
2021-05-03 14:15:00,NSE:SPICEJET,61.3,62.0,61.25,61.55,252903.0
2021-05-03 15:00:00,NSE:SPICEJET,61.55,61.65,61.25,61.4,314446.0
2021-05-03 15:45:00,NSE:SPICEJET,61.4,61.4,61.4,61.4,100.0
2021-05-04 09:00:00,NSE:SPICEJET,62.0,63.3,61.9,62.9,473406.0
2021-05-04 09:45:00,NSE:SPICEJET,62.85,63.2,62.65,62.95,283909.0
2021-05-04 10:30:00,NSE:SPICEJET,62.95,63.1,62.9,63.05,247893.0
2021-05-04 11:15:00,NSE:SPICEJET,63.0,63.05,62.7,62.8,150798.0
2021-05-04 12:00:00,NSE:SPICEJET,62.8,62.8,62.55,62.6,115788.0
2021-05-04 12:45:00,NSE:SPICEJET,62.55,62.6,62.0,62.1,200038.0
2021-05-04 13:30:00,NSE:SPICEJET,62.15,62.4,62.1,62.35,122758.0
2021-05-04 14:15:00,NSE:SPICEJET,62.3,62.4,61.45,61.45,256499.0
2021-05-04 15:00:00,NSE:SPICEJET,61.3,62.15,61.0,61.8,342826.0
2021-05-04 15:45:00,NSE:SPICEJET,61.65,61.8,61.65,61.65,2000.0
2021-05-05 09:00:00,NSE:SPICEJET,61.9,62.55,61.25,61.7,324539.0
2021-05-05 09:45:00,NSE:SPICEJET,61.7,62.0,61.35,61.9,529316.0
2021-05-05 10:30:00,NSE:SPICEJET,61.9,62.1,61.65,61.75,185918.0
2021-05-05 11:15:00,NSE:SPICEJET,61.7,61.9,61.6,61.75,60083.0
2021-05-05 12:00:00,NSE:SPICEJET,61.7,61.9,61.65,61.7,70978.0
2021-05-05 12:45:00,NSE:SPICEJET,61.7,63.6,61.7,62.9,608715.0
2021-05-05 13:30:00,NSE:SPICEJET,62.9,63.25,62.5,62.7,202575.0
2021-05-05 14:15:00,NSE:SPICEJET,62.7,62.9,62.6,62.85,123391.0
2021-05-05 15:00:00,NSE:SPICEJET,62.85,63.1,62.75,62.9,242340.0
2021-05-05 15:45:00,NSE:SPICEJET,62.9,62.9,62.9,62.9,25.0
2021-05-06 09:00:00,NSE:SPICEJET,63.15,63.5,62.5,62.95,211667.0
2021-05-06 09:45:00,NSE:SPICEJET,62.85,63.2,62.5,62.9,147808.0
2021-05-06 10:30:00,NSE:SPICEJET,62.85,62.95,62.55,62.7,88947.0
2021-05-06 11:15:00,NSE:SPICEJET,62.65,62.95,62.6,62.85,92589.0
2021-05-06 12:00:00,NSE:SPICEJET,62.85,62.9,62.7,62.8,67275.0
2021-05-06 12:45:00,NSE:SPICEJET,62.75,62.9,62.55,62.65,88484.0
2021-05-06 13:30:00,NSE:SPICEJET,62.6,62.9,62.6,62.85,64170.0
2021-05-06 14:15:00,NSE:SPICEJET,62.85,62.95,62.25,62.65,286509.0
2021-05-06 15:00:00,NSE:SPICEJET,62.65,63.0,62.6,62.75,158148.0
2021-05-07 09:00:00,NSE:SPICEJET,62.75,63.25,62.65,62.85,136786.0
2021-05-07 09:45:00,NSE:SPICEJET,62.85,63.25,62.7,62.95,317283.0
2021-05-07 10:30:00,NSE:SPICEJET,63.0,63.15,62.75,62.9,100612.0
2021-05-07 11:15:00,NSE:SPICEJET,62.95,63.4,62.8,63.1,145998.0
2021-05-07 12:00:00,NSE:SPICEJET,63.05,63.1,62.8,62.95,87821.0
2021-05-07 12:45:00,NSE:SPICEJET,62.95,62.95,62.65,62.8,96870.0
2021-05-07 13:30:00,NSE:SPICEJET,62.7,63.0,62.7,62.85,92341.0
2021-05-07 14:15:00,NSE:SPICEJET,62.9,62.95,62.5,62.65,139167.0
2021-05-07 15:00:00,NSE:SPICEJET,62.65,62.75,62.5,62.6,180137.0
2021-05-07 15:45:00,NSE:SPICEJET,62.6,62.65,62.6,62.65,904.0
2021-05-10 09:00:00,NSE:SPICEJET,62.85,63.8,62.25,63.0,361179.0
2021-05-10 09:45:00,NSE:SPICEJET,63.05,63.1,62.7,62.8,141494.0
2021-05-10 10:30:00,NSE:SPICEJET,62.8,62.9,62.7,62.8,149248.0
2021-05-10 11:15:00,NSE:SPICEJET,62.85,63.2,62.8,63.05,419224.0
2021-05-10 12:00:00,NSE:SPICEJET,63.05,63.25,62.95,63.1,124087.0
2021-05-10 12:45:00,NSE:SPICEJET,63.1,63.45,63.05,63.35,134848.0
2021-05-10 13:30:00,NSE:SPICEJET,63.35,63.4,63.2,63.3,65544.0
2021-05-10 14:15:00,NSE:SPICEJET,63.3,63.75,63.2,63.6,218108.0
2021-05-10 15:00:00,NSE:SPICEJET,63.6,63.85,63.4,63.6,264596.0
2021-05-10 15:45:00,NSE:SPICEJET,63.6,63.6,63.6,63.6,703.0
2021-05-11 09:00:00,NSE:SPICEJET,63.0,65.8,62.9,65.4,816488.0
2021-05-11 09:45:00,NSE:SPICEJET,65.4,68.9,65.15,67.1,2091622.0
2021-05-11 10:30:00,NSE:SPICEJET,67.1,68.1,67.1,67.8,774695.0
2021-05-11 11:15:00,NSE:SPICEJET,67.85,69.75,67.55,69.5,1746108.0
2021-05-11 12:00:00,NSE:SPICEJET,69.6,69.65,68.7,68.85,1288868.0
2021-05-11 12:45:00,NSE:SPICEJET,68.9,68.95,68.1,68.45,680683.0
2021-05-11 13:30:00,NSE:SPICEJET,68.4,68.75,68.15,68.55,485122.0
2021-05-11 14:15:00,NSE:SPICEJET,68.55,69.3,68.25,69.25,640038.0
2021-05-11 15:00:00,NSE:SPICEJET,69.25,70.2,69.1,69.65,1684047.0
2021-05-11 15:45:00,NSE:SPICEJET,69.65,69.95,69.65,69.65,17481.0
2021-05-12 09:00:00,NSE:SPICEJET,70.85,72.8,70.2,71.55,1979115.0
2021-05-12 09:45:00,NSE:SPICEJET,71.65,73.4,70.85,72.7,1538580.0
2021-05-12 10:30:00,NSE:SPICEJET,72.7,72.8,71.75,71.8,962233.0
2021-05-12 11:15:00,NSE:SPICEJET,71.9,72.25,71.35,72.0,411695.0
2021-05-12 12:00:00,NSE:SPICEJET,72.0,72.35,71.85,71.95,274643.0
2021-05-12 12:45:00,NSE:SPICEJET,71.95,72.35,71.85,72.0,250719.0
2021-05-12 13:30:00,NSE:SPICEJET,72.05,72.4,71.7,72.0,324883.0
2021-05-12 14:15:00,NSE:SPICEJET,72.05,72.15,71.0,71.05,456078.0
2021-05-12 15:00:00,NSE:SPICEJET,71.1,72.25,71.0,71.85,570830.0
2021-05-12 15:45:00,NSE:SPICEJET,71.85,71.85,71.85,71.85,281.0
2021-05-14 09:00:00,NSE:SPICEJET,73.1,73.25,68.5,69.95,1131275.0
2021-05-14 09:45:00,NSE:SPICEJET,69.95,71.5,69.85,70.6,607734.0
2021-05-14 10:30:00,NSE:SPICEJET,70.65,70.7,69.35,69.85,329267.0
2021-05-14 11:15:00,NSE:SPICEJET,69.8,70.1,68.7,68.7,416295.0
2021-05-14 12:00:00,NSE:SPICEJET,68.7,69.4,68.3,69.35,380198.0
2021-05-14 12:45:00,NSE:SPICEJET,69.35,69.65,69.2,69.4,137595.0
2021-05-14 13:30:00,NSE:SPICEJET,69.5,69.85,69.1,69.6,187813.0
2021-05-14 14:15:00,NSE:SPICEJET,69.6,70.5,69.55,70.1,515400.0
2021-05-14 15:00:00,NSE:SPICEJET,70.2,70.2,69.6,69.85,376455.0
2021-05-14 15:45:00,NSE:SPICEJET,69.85,69.85,69.8,69.85,1404.0
2021-05-17 09:00:00,NSE:SPICEJET,70.85,71.4,69.85,70.15,405167.0
2021-05-17 09:45:00,NSE:SPICEJET,70.1,71.4,69.9,70.75,393215.0
2021-05-17 10:30:00,NSE:SPICEJET,70.8,70.8,70.2,70.5,147771.0
2021-05-17 11:15:00,NSE:SPICEJET,70.4,70.65,70.3,70.5,105209.0
2021-05-17 12:00:00,NSE:SPICEJET,70.45,70.5,69.7,70.0,325283.0
2021-05-17 12:45:00,NSE:SPICEJET,69.85,70.15,69.8,70.05,114424.0
2021-05-17 13:30:00,NSE:SPICEJET,70.05,70.5,70.0,70.25,89667.0
2021-05-17 14:15:00,NSE:SPICEJET,70.2,70.5,70.05,70.5,125137.0
2021-05-17 15:00:00,NSE:SPICEJET,70.6,70.6,70.0,70.3,257690.0
2021-05-17 15:45:00,NSE:SPICEJET,70.3,70.3,70.3,70.3,512.0
2021-05-18 09:00:00,NSE:SPICEJET,71.85,72.35,71.25,71.75,647302.0
2021-05-18 09:45:00,NSE:SPICEJET,71.75,72.1,71.55,71.95,393502.0
2021-05-18 10:30:00,NSE:SPICEJET,72.0,72.5,71.6,71.85,425545.0
2021-05-18 11:15:00,NSE:SPICEJET,71.85,71.9,71.6,71.75,152802.0
2021-05-18 12:00:00,NSE:SPICEJET,71.75,71.85,71.6,71.65,224255.0
2021-05-18 12:45:00,NSE:SPICEJET,71.75,71.9,71.55,71.75,114192.0
2021-05-18 13:30:00,NSE:SPICEJET,71.75,71.95,71.65,71.9,112650.0
2021-05-18 14:15:00,NSE:SPICEJET,71.95,77.35,71.85,77.15,5604490.0
2021-05-18 15:00:00,NSE:SPICEJET,77.2,77.25,75.8,76.45,3118162.0
2021-05-18 15:45:00,NSE:SPICEJET,76.45,76.5,76.45,76.5,4565.0
2021-05-19 09:00:00,NSE:SPICEJET,75.7,76.2,74.3,74.9,1465921.0
2021-05-19 09:45:00,NSE:SPICEJET,74.8,76.6,74.7,75.8,1117392.0
2021-05-19 10:30:00,NSE:SPICEJET,75.7,78.45,75.35,77.6,2992186.0
2021-05-19 11:15:00,NSE:SPICEJET,77.65,77.8,77.05,77.65,684145.0
2021-05-19 12:00:00,NSE:SPICEJET,77.7,77.8,76.8,76.85,500926.0
2021-05-19 12:45:00,NSE:SPICEJET,76.9,77.75,76.55,76.9,532422.0
2021-05-19 13:30:00,NSE:SPICEJET,76.9,77.0,75.05,75.1,949507.0
2021-05-19 14:15:00,NSE:SPICEJET,75.0,75.6,74.7,74.8,885367.0
2021-05-19 15:00:00,NSE:SPICEJET,74.75,75.6,74.55,75.0,849573.0
2021-05-19 15:45:00,NSE:SPICEJET,75.0,75.0,75.0,75.0,3803.0
2021-05-20 09:00:00,NSE:SPICEJET,75.2,76.55,74.3,75.2,831094.0
2021-05-20 09:45:00,NSE:SPICEJET,75.2,75.65,75.2,75.4,337099.0
2021-05-20 10:30:00,NSE:SPICEJET,75.4,75.55,74.9,75.45,247157.0
2021-05-20 11:15:00,NSE:SPICEJET,75.5,75.5,75.1,75.15,164927.0
2021-05-20 12:00:00,NSE:SPICEJET,75.2,75.45,74.85,75.0,197258.0
2021-05-20 12:45:00,NSE:SPICEJET,75.0,75.05,74.75,74.9,181914.0
2021-05-20 13:30:00,NSE:SPICEJET,74.9,75.15,74.8,74.85,134701.0
2021-05-20 14:15:00,NSE:SPICEJET,74.85,75.4,74.5,74.75,480930.0
2021-05-20 15:00:00,NSE:SPICEJET,74.75,75.1,74.6,74.85,558862.0
2021-05-20 15:45:00,NSE:SPICEJET,74.85,74.85,74.7,74.85,1824.0
2021-05-21 09:00:00,NSE:SPICEJET,75.7,76.4,75.2,76.05,547598.0
2021-05-21 09:45:00,NSE:SPICEJET,76.1,76.7,75.65,75.85,514962.0
2021-05-21 10:30:00,NSE:SPICEJET,75.9,75.95,75.45,75.55,255948.0
2021-05-21 11:15:00,NSE:SPICEJET,75.55,75.85,75.45,75.7,189026.0
2021-05-21 12:00:00,NSE:SPICEJET,75.7,77.2,75.5,76.8,1107761.0
2021-05-21 12:45:00,NSE:SPICEJET,76.8,76.95,76.1,76.75,926173.0
2021-05-21 13:30:00,NSE:SPICEJET,76.75,76.8,76.25,76.4,289591.0
2021-05-21 14:15:00,NSE:SPICEJET,76.4,76.65,76.15,76.3,320973.0
2021-05-21 15:00:00,NSE:SPICEJET,76.3,76.6,76.0,76.25,759393.0
2021-05-21 15:45:00,NSE:SPICEJET,76.25,76.55,76.25,76.25,1158.0
2021-05-24 09:00:00,NSE:SPICEJET,78.8,78.8,77.0,78.0,1449074.0
2021-05-24 09:45:00,NSE:SPICEJET,78.0,78.1,77.55,77.75,681864.0
2021-05-24 10:30:00,NSE:SPICEJET,77.8,78.5,77.75,78.2,666457.0
2021-05-24 11:15:00,NSE:SPICEJET,78.2,78.35,77.75,77.9,354938.0
2021-05-24 12:00:00,NSE:SPICEJET,77.8,78.3,77.8,78.1,272299.0
2021-05-24 12:45:00,NSE:SPICEJET,78.2,78.25,77.9,78.0,245051.0
2021-05-24 13:30:00,NSE:SPICEJET,78.0,79.6,77.75,79.45,1357874.0
2021-05-24 14:15:00,NSE:SPICEJET,79.4,82.15,79.2,80.95,8507772.0
2021-05-24 15:00:00,NSE:SPICEJET,80.95,81.5,80.7,81.25,1683886.0
2021-05-24 15:45:00,NSE:SPICEJET,81.25,81.45,81.25,81.25,2566.0
2021-05-25 09:00:00,NSE:SPICEJET,82.4,82.45,80.1,81.05,2113979.0
2021-05-25 09:45:00,NSE:SPICEJET,81.05,82.5,80.65,82.25,1419839.0
2021-05-25 10:30:00,NSE:SPICEJET,82.25,82.8,81.25,81.5,1159907.0
2021-05-25 11:15:00,NSE:SPICEJET,81.45,83.9,80.85,83.0,3006533.0
2021-05-25 12:00:00,NSE:SPICEJET,83.0,83.6,82.55,82.8,1252762.0
2021-05-25 12:45:00,NSE:SPICEJET,82.75,83.25,82.6,82.75,564755.0
2021-05-25 13:30:00,NSE:SPICEJET,82.8,83.1,81.7,81.85,929282.0
2021-05-25 14:15:00,NSE:SPICEJET,81.75,82.8,81.6,82.15,710592.0
2021-05-25 15:00:00,NSE:SPICEJET,82.25,82.5,82.05,82.25,1034422.0
2021-05-25 15:45:00,NSE:SPICEJET,82.25,82.5,82.25,82.5,7376.0
2021-05-26 09:00:00,NSE:SPICEJET,83.1,83.3,82.0,82.55,1167225.0
2021-05-26 09:45:00,NSE:SPICEJET,82.65,82.9,82.4,82.8,516646.0
2021-05-26 10:30:00,NSE:SPICEJET,82.85,82.9,82.5,82.7,308772.0
2021-05-26 11:15:00,NSE:SPICEJET,82.7,82.75,81.35,81.95,1108955.0
2021-05-26 12:00:00,NSE:SPICEJET,82.0,82.6,81.8,82.2,409835.0
2021-05-26 12:45:00,NSE:SPICEJET,82.2,82.3,81.3,81.55,460396.0
2021-05-26 13:30:00,NSE:SPICEJET,81.6,81.7,81.0,81.4,427081.0
2021-05-26 14:15:00,NSE:SPICEJET,81.35,81.5,81.0,81.0,329883.0
2021-05-26 15:00:00,NSE:SPICEJET,80.85,81.3,80.75,81.0,684398.0
2021-05-26 15:45:00,NSE:SPICEJET,81.0,81.1,81.0,81.0,2316.0
2021-05-27 09:00:00,NSE:SPICEJET,81.25,81.7,80.15,80.65,753115.0
2021-05-27 09:45:00,NSE:SPICEJET,80.6,81.4,80.45,81.15,438758.0
2021-05-27 10:30:00,NSE:SPICEJET,81.15,81.9,80.55,81.4,495197.0
2021-05-27 11:15:00,NSE:SPICEJET,81.4,81.65,81.1,81.25,414034.0
2021-05-27 12:00:00,NSE:SPICEJET,81.25,81.35,80.85,80.95,234430.0
2021-05-27 12:45:00,NSE:SPICEJET,81.05,81.1,80.6,80.85,321183.0
2021-05-27 13:30:00,NSE:SPICEJET,80.9,81.25,80.55,80.55,444149.0
2021-05-27 14:15:00,NSE:SPICEJET,80.6,80.75,80.3,80.5,385921.0
2021-05-27 15:00:00,NSE:SPICEJET,80.55,80.55,77.5,78.65,2726440.0
2021-05-27 15:45:00,NSE:SPICEJET,78.65,78.65,78.1,78.65,5262.0
2021-05-28 09:00:00,NSE:SPICEJET,78.7,79.95,78.5,79.75,934163.0
2021-05-28 09:45:00,NSE:SPICEJET,79.8,79.85,78.8,79.2,576752.0
2021-05-28 10:30:00,NSE:SPICEJET,79.2,79.35,78.75,78.9,289484.0
2021-05-28 11:15:00,NSE:SPICEJET,78.9,79.45,78.7,79.2,314443.0
2021-05-28 12:00:00,NSE:SPICEJET,79.2,79.35,79.0,79.05,133164.0
2021-05-28 12:45:00,NSE:SPICEJET,79.05,80.75,79.05,79.85,869730.0
2021-05-28 13:30:00,NSE:SPICEJET,79.85,80.2,79.6,79.85,423146.0
2021-05-28 14:15:00,NSE:SPICEJET,79.7,79.95,78.8,79.0,840584.0
2021-05-28 15:00:00,NSE:SPICEJET,78.95,79.55,78.85,79.2,629592.0
2021-05-28 15:45:00,NSE:SPICEJET,79.2,79.35,79.2,79.35,437.0
2021-05-31 09:00:00,NSE:SPICEJET,81.45,81.85,78.85,79.55,2234630.0
2021-05-31 09:45:00,NSE:SPICEJET,79.55,79.8,78.65,79.55,660581.0
2021-05-31 10:30:00,NSE:SPICEJET,79.65,79.7,79.3,79.55,265419.0
2021-05-31 11:15:00,NSE:SPICEJET,79.45,79.65,79.35,79.5,178127.0
2021-05-31 12:00:00,NSE:SPICEJET,79.5,79.9,79.4,79.85,226445.0
2021-05-31 12:45:00,NSE:SPICEJET,79.85,79.95,79.55,79.6,184310.0
2021-05-31 13:30:00,NSE:SPICEJET,79.6,79.65,79.35,79.45,225486.0
2021-05-31 14:15:00,NSE:SPICEJET,79.45,80.35,79.4,79.7,532818.0
2021-05-31 15:00:00,NSE:SPICEJET,79.65,79.9,79.4,79.6,668143.0
2021-05-31 15:45:00,NSE:SPICEJET,79.6,79.6,79.6,79.6,1254.0
2021-06-01 09:00:00,NSE:SPICEJET,79.6,80.0,78.8,79.1,700715.0
2021-06-01 09:45:00,NSE:SPICEJET,79.1,79.15,78.25,78.7,578392.0
2021-06-01 10:30:00,NSE:SPICEJET,78.7,78.75,78.2,78.2,282508.0
2021-06-01 11:15:00,NSE:SPICEJET,78.15,78.45,77.8,78.25,371259.0
2021-06-01 12:00:00,NSE:SPICEJET,78.25,78.25,77.0,77.6,510032.0
2021-06-01 12:45:00,NSE:SPICEJET,77.6,77.8,77.15,77.8,292805.0
2021-06-01 13:30:00,NSE:SPICEJET,77.8,77.85,76.55,76.9,620153.0
2021-06-01 14:15:00,NSE:SPICEJET,76.8,77.0,76.3,76.65,705167.0
2021-06-01 15:00:00,NSE:SPICEJET,76.6,76.7,75.8,76.55,1142828.0
2021-06-01 15:45:00,NSE:SPICEJET,76.2,76.55,76.2,76.2,3694.0
2021-06-02 09:00:00,NSE:SPICEJET,76.0,76.25,74.55,76.2,911624.0
2021-06-02 09:45:00,NSE:SPICEJET,76.2,77.4,76.1,77.15,870693.0
2021-06-02 10:30:00,NSE:SPICEJET,77.2,77.2,76.6,76.95,271749.0
2021-06-02 11:15:00,NSE:SPICEJET,76.95,77.0,76.4,76.8,311815.0
2021-06-02 12:00:00,NSE:SPICEJET,76.85,76.95,76.3,76.75,196446.0
2021-06-02 12:45:00,NSE:SPICEJET,76.8,76.8,76.35,76.5,264865.0
2021-06-02 13:30:00,NSE:SPICEJET,76.5,76.8,76.35,76.5,178558.0
2021-06-02 14:15:00,NSE:SPICEJET,76.5,76.5,76.25,76.45,303314.0
2021-06-02 15:00:00,NSE:SPICEJET,76.5,76.5,75.85,75.95,911291.0
2021-06-02 15:45:00,NSE:SPICEJET,76.0,76.0,75.95,76.0,601.0
2021-06-03 09:00:00,NSE:SPICEJET,76.45,77.75,76.3,76.85,867516.0
2021-06-03 09:45:00,NSE:SPICEJET,76.85,77.75,76.55,77.55,902969.0
2021-06-03 10:30:00,NSE:SPICEJET,77.45,77.7,77.25,77.45,295504.0
2021-06-03 11:15:00,NSE:SPICEJET,77.45,77.65,76.95,77.2,609217.0
2021-06-03 12:00:00,NSE:SPICEJET,77.15,77.4,77.15,77.3,192654.0
2021-06-03 12:45:00,NSE:SPICEJET,77.25,77.6,77.2,77.4,231884.0
2021-06-03 13:30:00,NSE:SPICEJET,77.35,77.55,77.3,77.4,187607.0
2021-06-03 14:15:00,NSE:SPICEJET,77.45,77.65,77.25,77.4,319268.0
2021-06-03 15:00:00,NSE:SPICEJET,77.45,78.6,77.4,78.1,842050.0
2021-06-04 09:00:00,NSE:SPICEJET,78.25,78.95,77.6,78.7,810583.0
2021-06-04 09:45:00,NSE:SPICEJET,78.6,79.9,78.25,79.15,860464.0
2021-06-04 10:30:00,NSE:SPICEJET,79.1,81.0,78.7,79.8,2085868.0
2021-06-04 11:15:00,NSE:SPICEJET,79.8,80.4,79.4,79.95,631040.0
2021-06-04 12:00:00,NSE:SPICEJET,79.95,80.2,79.7,79.85,319484.0
2021-06-04 12:45:00,NSE:SPICEJET,79.85,80.0,79.15,79.4,819935.0
2021-06-04 13:30:00,NSE:SPICEJET,79.4,79.65,79.15,79.6,398295.0
2021-06-04 14:15:00,NSE:SPICEJET,79.5,79.65,79.3,79.5,470843.0
2021-06-04 15:00:00,NSE:SPICEJET,79.55,79.9,79.5,79.7,841656.0
2021-06-07 09:00:00,NSE:SPICEJET,80.2,81.35,80.05,80.4,1488871.0
2021-06-07 09:45:00,NSE:SPICEJET,80.3,80.8,80.25,80.8,594968.0
2021-06-07 10:30:00,NSE:SPICEJET,80.8,80.9,80.45,80.65,540041.0
2021-06-07 11:15:00,NSE:SPICEJET,80.7,80.7,80.35,80.5,464470.0
2021-06-07 12:00:00,NSE:SPICEJET,80.45,81.0,79.75,80.75,1149993.0
2021-06-07 12:45:00,NSE:SPICEJET,80.7,81.7,80.0,80.75,5186834.0
2021-06-07 13:30:00,NSE:SPICEJET,80.8,81.25,80.75,81.0,691579.0
2021-06-07 14:15:00,NSE:SPICEJET,81.1,81.1,80.75,80.75,602802.0
2021-06-07 15:00:00,NSE:SPICEJET,80.8,80.9,80.5,80.6,930485.0
2021-06-08 09:00:00,NSE:SPICEJET,81.15,81.45,80.55,80.6,866454.0
2021-06-08 09:45:00,NSE:SPICEJET,80.55,80.6,79.35,79.8,764285.0
2021-06-08 10:30:00,NSE:SPICEJET,79.75,80.3,79.7,80.2,305387.0
2021-06-08 11:15:00,NSE:SPICEJET,80.15,80.8,80.15,80.25,249471.0
2021-06-08 12:00:00,NSE:SPICEJET,80.3,80.4,80.15,80.25,101618.0
2021-06-08 12:45:00,NSE:SPICEJET,80.3,80.35,80.1,80.25,116131.0
2021-06-08 13:30:00,NSE:SPICEJET,80.3,80.4,79.8,79.9,235613.0
2021-06-08 14:15:00,NSE:SPICEJET,79.95,79.95,79.4,79.65,460523.0
2021-06-08 15:00:00,NSE:SPICEJET,79.7,79.8,79.1,79.5,684765.0
2021-06-09 09:00:00,NSE:SPICEJET,80.0,80.15,79.5,80.15,687761.0
2021-06-09 09:45:00,NSE:SPICEJET,80.1,83.0,79.9,82.05,6541329.0
2021-06-09 10:30:00,NSE:SPICEJET,82.15,82.2,81.25,81.8,1379331.0
2021-06-09 11:15:00,NSE:SPICEJET,81.7,81.85,81.5,81.85,524095.0
2021-06-09 12:00:00,NSE:SPICEJET,81.75,81.75,80.7,80.9,801000.0
2021-06-09 12:45:00,NSE:SPICEJET,80.85,81.2,78.55,80.2,1696156.0
2021-06-09 13:30:00,NSE:SPICEJET,80.2,80.6,79.6,80.25,620890.0
2021-06-09 14:15:00,NSE:SPICEJET,80.25,80.5,79.05,79.4,850948.0
2021-06-09 15:00:00,NSE:SPICEJET,79.35,79.95,79.3,79.65,737232.0
2021-06-10 09:00:00,NSE:SPICEJET,80.65,80.65,79.35,80.4,824116.0
2021-06-10 09:45:00,NSE:SPICEJET,80.35,80.45,80.0,80.3,356546.0
2021-06-10 10:30:00,NSE:SPICEJET,80.3,80.4,79.75,79.8,275384.0
2021-06-10 11:15:00,NSE:SPICEJET,79.8,80.1,79.8,79.95,209636.0
2021-06-10 12:00:00,NSE:SPICEJET,79.95,80.05,79.7,79.75,136887.0
2021-06-10 12:45:00,NSE:SPICEJET,79.8,80.25,79.7,80.0,152761.0
2021-06-10 13:30:00,NSE:SPICEJET,80.0,80.1,79.75,79.85,172361.0
2021-06-10 14:15:00,NSE:SPICEJET,79.85,80.25,79.8,80.1,277743.0
2021-06-10 15:00:00,NSE:SPICEJET,80.1,80.2,79.95,80.15,490787.0
2021-06-11 09:00:00,NSE:SPICEJET,80.1,80.6,80.05,80.2,489619.0
2021-06-11 09:45:00,NSE:SPICEJET,80.2,81.2,80.2,80.5,715187.0
2021-06-11 10:30:00,NSE:SPICEJET,80.5,80.5,79.7,79.9,346280.0
2021-06-11 11:15:00,NSE:SPICEJET,79.8,80.1,79.7,79.85,266447.0
2021-06-11 12:00:00,NSE:SPICEJET,79.85,79.95,79.55,79.75,196581.0
2021-06-11 12:45:00,NSE:SPICEJET,79.7,80.1,79.7,79.8,177382.0
2021-06-11 13:30:00,NSE:SPICEJET,79.85,80.05,79.75,79.9,157375.0
2021-06-11 14:15:00,NSE:SPICEJET,79.9,79.95,79.6,79.8,250553.0
2021-06-11 15:00:00,NSE:SPICEJET,79.75,79.95,79.35,79.7,581772.0
2021-06-14 09:00:00,NSE:SPICEJET,80.4,80.4,77.05,78.5,990766.0
2021-06-14 09:45:00,NSE:SPICEJET,78.5,78.9,78.05,78.65,532685.0
2021-06-14 10:30:00,NSE:SPICEJET,78.6,78.8,78.0,78.25,353961.0
2021-06-14 11:15:00,NSE:SPICEJET,78.25,78.65,78.25,78.45,164856.0
2021-06-14 12:00:00,NSE:SPICEJET,78.55,78.7,78.4,78.6,128530.0
2021-06-14 12:45:00,NSE:SPICEJET,78.6,78.8,78.35,78.65,187592.0
2021-06-14 13:30:00,NSE:SPICEJET,78.65,79.1,78.55,78.7,314289.0
2021-06-14 14:15:00,NSE:SPICEJET,78.7,78.95,78.5,78.75,221990.0
2021-06-14 15:00:00,NSE:SPICEJET,78.7,78.8,78.45,78.55,405239.0
2021-06-15 09:00:00,NSE:SPICEJET,79.05,79.75,78.6,79.55,433243.0
2021-06-15 09:45:00,NSE:SPICEJET,79.5,79.55,79.2,79.5,217755.0
2021-06-15 10:30:00,NSE:SPICEJET,79.5,79.5,78.95,79.2,411317.0
2021-06-15 11:15:00,NSE:SPICEJET,79.2,79.3,78.8,79.05,185791.0
2021-06-15 12:00:00,NSE:SPICEJET,79.05,79.25,78.8,78.9,154341.0
2021-06-15 12:45:00,NSE:SPICEJET,78.9,79.0,78.8,78.95,96190.0
2021-06-15 13:30:00,NSE:SPICEJET,78.95,79.0,78.55,78.8,229768.0
2021-06-15 14:15:00,NSE:SPICEJET,78.75,78.85,78.65,78.7,125869.0
2021-06-15 15:00:00,NSE:SPICEJET,78.75,78.85,78.35,78.65,492460.0
2021-06-16 09:00:00,NSE:SPICEJET,78.85,79.15,78.0,78.7,509486.0
2021-06-16 09:45:00,NSE:SPICEJET,78.7,78.8,78.1,78.2,301388.0
2021-06-16 10:30:00,NSE:SPICEJET,78.15,78.45,77.75,77.9,275054.0
2021-06-16 11:15:00,NSE:SPICEJET,77.9,78.0,77.85,77.95,154473.0
2021-06-16 12:00:00,NSE:SPICEJET,78.0,78.0,77.6,77.75,229428.0
2021-06-16 12:45:00,NSE:SPICEJET,77.8,78.0,77.7,77.85,101692.0
2021-06-16 13:30:00,NSE:SPICEJET,77.9,78.2,77.85,77.9,124960.0
2021-06-16 14:15:00,NSE:SPICEJET,77.9,78.0,77.8,77.9,167295.0
2021-06-16 15:00:00,NSE:SPICEJET,77.85,77.9,77.5,77.8,463056.0
2021-06-17 09:00:00,NSE:SPICEJET,76.95,78.1,76.55,77.9,453828.0
2021-06-17 09:45:00,NSE:SPICEJET,77.85,78.3,77.75,78.0,260349.0
2021-06-17 10:30:00,NSE:SPICEJET,78.05,78.2,77.3,77.55,559650.0
2021-06-17 11:15:00,NSE:SPICEJET,77.55,77.6,76.8,77.0,256545.0
2021-06-17 12:00:00,NSE:SPICEJET,77.0,77.2,76.85,77.0,203583.0
2021-06-17 12:45:00,NSE:SPICEJET,76.95,77.15,76.9,77.0,104918.0
2021-06-17 13:30:00,NSE:SPICEJET,77.0,77.1,76.8,76.85,114386.0
2021-06-17 14:15:00,NSE:SPICEJET,76.85,77.0,76.65,76.9,211991.0
2021-06-17 15:00:00,NSE:SPICEJET,76.95,77.1,76.8,76.95,292836.0
2021-06-18 09:00:00,NSE:SPICEJET,77.0,77.9,76.75,76.8,372091.0
2021-06-18 09:45:00,NSE:SPICEJET,76.9,76.9,75.15,75.35,567484.0
2021-06-18 10:30:00,NSE:SPICEJET,75.3,75.5,73.6,75.3,769232.0
2021-06-18 11:15:00,NSE:SPICEJET,75.35,75.9,75.25,75.8,248128.0
2021-06-18 12:00:00,NSE:SPICEJET,75.8,76.15,75.6,76.05,179689.0
2021-06-18 12:45:00,NSE:SPICEJET,76.0,76.2,75.7,75.75,190040.0
2021-06-18 13:30:00,NSE:SPICEJET,75.65,76.2,75.55,76.05,135485.0
2021-06-18 14:15:00,NSE:SPICEJET,76.05,76.15,75.4,75.65,257906.0
2021-06-18 15:00:00,NSE:SPICEJET,75.6,76.6,75.6,76.5,303970.0
2021-06-21 09:00:00,NSE:SPICEJET,75.9,75.9,65.0,75.2,704326.0
2021-06-21 09:45:00,NSE:SPICEJET,75.15,75.85,74.85,75.85,288802.0
2021-06-21 10:30:00,NSE:SPICEJET,75.85,76.5,75.55,75.9,262894.0
2021-06-21 11:15:00,NSE:SPICEJET,75.85,76.15,75.6,76.0,86380.0
2021-06-21 12:00:00,NSE:SPICEJET,76.1,76.35,75.65,76.1,116727.0
2021-06-21 12:45:00,NSE:SPICEJET,76.0,77.4,75.95,77.2,480825.0
2021-06-21 13:30:00,NSE:SPICEJET,77.2,77.55,76.6,77.0,336457.0
2021-06-21 14:15:00,NSE:SPICEJET,76.95,77.25,76.7,76.7,163118.0
2021-06-21 15:00:00,NSE:SPICEJET,76.8,77.0,76.65,76.85,288935.0
2021-06-22 09:00:00,NSE:SPICEJET,77.0,78.4,76.95,78.1,518183.0
2021-06-22 09:45:00,NSE:SPICEJET,78.1,78.2,77.7,78.0,267691.0
2021-06-22 10:30:00,NSE:SPICEJET,77.95,78.0,77.45,77.55,211890.0
2021-06-22 11:15:00,NSE:SPICEJET,77.5,78.1,77.3,77.85,245015.0
2021-06-22 12:00:00,NSE:SPICEJET,77.85,78.1,77.7,77.9,138270.0
2021-06-22 12:45:00,NSE:SPICEJET,77.85,78.1,77.6,77.6,153811.0
2021-06-22 13:30:00,NSE:SPICEJET,77.7,77.85,77.55,77.55,96789.0
2021-06-22 14:15:00,NSE:SPICEJET,77.65,81.9,77.45,80.3,4010643.0
2021-06-22 15:00:00,NSE:SPICEJET,80.4,81.2,80.05,80.5,1872113.0
2021-06-23 09:00:00,NSE:SPICEJET,81.25,81.25,79.15,80.1,1227329.0
2021-06-23 09:45:00,NSE:SPICEJET,80.1,80.15,79.15,79.5,410490.0
2021-06-23 10:30:00,NSE:SPICEJET,79.6,79.9,79.5,79.7,192736.0
2021-06-23 11:15:00,NSE:SPICEJET,79.7,80.5,79.5,79.75,667797.0
2021-06-23 12:00:00,NSE:SPICEJET,79.75,79.95,79.45,79.45,201709.0
2021-06-23 12:45:00,NSE:SPICEJET,79.55,79.8,79.25,79.6,155116.0
2021-06-23 13:30:00,NSE:SPICEJET,79.6,79.85,79.35,79.5,164699.0
2021-06-23 14:15:00,NSE:SPICEJET,79.4,79.5,78.6,78.65,409405.0
2021-06-23 15:00:00,NSE:SPICEJET,78.65,79.0,78.1,78.6,540032.0
2021-06-24 09:00:00,NSE:SPICEJET,79.0,79.15,77.75,78.0,509767.0
2021-06-24 09:45:00,NSE:SPICEJET,78.1,78.2,77.55,77.9,275827.0
2021-06-24 10:30:00,NSE:SPICEJET,77.9,77.95,77.4,77.6,233813.0
2021-06-24 11:15:00,NSE:SPICEJET,77.6,77.75,77.45,77.6,106990.0
2021-06-24 12:00:00,NSE:SPICEJET,77.6,77.85,77.55,77.65,188748.0
2021-06-24 12:45:00,NSE:SPICEJET,77.75,77.75,77.2,77.65,189243.0
2021-06-24 13:30:00,NSE:SPICEJET,77.7,77.75,77.45,77.7,78026.0
2021-06-24 14:15:00,NSE:SPICEJET,77.7,77.75,77.5,77.5,130015.0
2021-06-24 15:00:00,NSE:SPICEJET,77.55,77.75,77.25,77.5,369256.0
2021-06-25 09:00:00,NSE:SPICEJET,77.95,77.95,77.05,77.3,370519.0
2021-06-25 09:45:00,NSE:SPICEJET,77.25,79.2,77.25,78.25,976589.0
2021-06-25 10:30:00,NSE:SPICEJET,78.3,78.5,77.8,78.05,256300.0
2021-06-25 11:15:00,NSE:SPICEJET,78.05,78.15,77.55,78.0,563703.0
2021-06-25 12:00:00,NSE:SPICEJET,78.0,78.25,77.8,78.05,265225.0
2021-06-25 12:45:00,NSE:SPICEJET,78.05,78.15,77.9,78.05,128405.0
2021-06-25 13:30:00,NSE:SPICEJET,78.05,78.15,77.8,77.9,121400.0
2021-06-25 14:15:00,NSE:SPICEJET,77.95,78.15,77.65,77.9,510216.0
2021-06-25 15:00:00,NSE:SPICEJET,77.9,78.45,77.8,77.95,516213.0
2021-06-28 09:00:00,NSE:SPICEJET,78.4,78.95,77.75,78.2,528657.0
2021-06-28 09:45:00,NSE:SPICEJET,78.25,78.45,78.05,78.3,224530.0
2021-06-28 10:30:00,NSE:SPICEJET,78.3,78.45,78.0,78.35,238834.0
2021-06-28 11:15:00,NSE:SPICEJET,78.35,78.5,78.0,78.1,155017.0
2021-06-28 12:00:00,NSE:SPICEJET,78.1,78.45,77.85,78.4,273102.0
2021-06-28 12:45:00,NSE:SPICEJET,78.3,78.35,77.8,78.05,321324.0
2021-06-28 13:30:00,NSE:SPICEJET,78.0,78.3,78.0,78.05,120520.0
2021-06-28 14:15:00,NSE:SPICEJET,78.05,79.8,77.8,79.1,826135.0
2021-06-28 15:00:00,NSE:SPICEJET,79.15,80.4,78.8,79.8,1900295.0
2021-06-29 09:00:00,NSE:SPICEJET,82.0,82.5,81.3,81.85,5882339.0
2021-06-29 09:45:00,NSE:SPICEJET,81.85,82.2,81.0,81.35,2702802.0
2021-06-29 10:30:00,NSE:SPICEJET,81.35,81.7,81.2,81.45,776712.0
2021-06-29 11:15:00,NSE:SPICEJET,81.45,81.55,81.1,81.5,703434.0
2021-06-29 12:00:00,NSE:SPICEJET,81.5,81.9,81.35,81.8,1433522.0
2021-06-29 12:45:00,NSE:SPICEJET,81.8,82.35,81.5,82.0,2940482.0
2021-06-29 13:30:00,NSE:SPICEJET,82.0,82.35,81.7,81.85,2344768.0
2021-06-29 14:15:00,NSE:SPICEJET,81.8,81.85,81.25,81.4,1153632.0
2021-06-29 15:00:00,NSE:SPICEJET,81.45,82.7,81.4,82.45,3780158.0
2021-06-30 09:00:00,NSE:SPICEJET,83.0,83.7,82.6,83.05,4186832.0
2021-06-30 09:45:00,NSE:SPICEJET,83.05,83.3,82.7,82.8,1387842.0
2021-06-30 10:30:00,NSE:SPICEJET,82.8,83.05,82.7,82.75,626421.0
2021-06-30 11:15:00,NSE:SPICEJET,82.75,82.8,81.4,81.65,1623932.0
2021-06-30 12:00:00,NSE:SPICEJET,81.65,82.35,81.6,81.75,957085.0
2021-06-30 12:45:00,NSE:SPICEJET,81.8,82.0,81.7,81.8,283094.0
2021-06-30 13:30:00,NSE:SPICEJET,81.8,81.9,81.25,81.3,609703.0
2021-06-30 14:15:00,NSE:SPICEJET,81.3,81.85,81.05,81.65,1513059.0
2021-06-30 15:00:00,NSE:SPICEJET,81.6,81.7,80.1,80.55,1977743.0
2021-07-01 09:00:00,NSE:SPICEJET,81.0,81.8,79.35,80.65,2644362.0
2021-07-01 09:45:00,NSE:SPICEJET,80.7,80.75,79.9,80.1,1370943.0
2021-07-01 10:30:00,NSE:SPICEJET,80.15,80.25,79.8,79.85,547047.0
2021-07-01 11:15:00,NSE:SPICEJET,79.8,79.85,79.55,79.7,449775.0
2021-07-01 12:00:00,NSE:SPICEJET,79.65,79.8,79.45,79.6,297539.0
2021-07-01 12:45:00,NSE:SPICEJET,79.55,79.8,79.5,79.7,161124.0
2021-07-01 13:30:00,NSE:SPICEJET,79.7,79.85,79.5,79.7,305749.0
2021-07-01 14:15:00,NSE:SPICEJET,79.65,80.0,79.5,80.0,753649.0
2021-07-01 15:00:00,NSE:SPICEJET,80.0,80.35,79.2,79.8,2257218.0
2021-07-02 09:00:00,NSE:SPICEJET,80.05,80.3,78.6,79.05,756098.0
2021-07-02 09:45:00,NSE:SPICEJET,79.1,79.35,78.75,79.0,437787.0
2021-07-02 10:30:00,NSE:SPICEJET,79.0,79.1,78.2,78.4,495944.0
2021-07-02 11:15:00,NSE:SPICEJET,78.45,78.75,78.3,78.55,309927.0
2021-07-02 12:00:00,NSE:SPICEJET,78.6,78.7,78.4,78.6,255464.0
2021-07-02 12:45:00,NSE:SPICEJET,78.6,78.9,78.4,78.4,272800.0
2021-07-02 13:30:00,NSE:SPICEJET,78.4,78.6,78.2,78.25,334184.0
2021-07-02 14:15:00,NSE:SPICEJET,78.35,78.55,78.05,78.2,334281.0
2021-07-02 15:00:00,NSE:SPICEJET,78.25,78.4,77.75,78.25,751876.0
2021-07-05 09:00:00,NSE:SPICEJET,78.25,79.45,78.0,79.1,662347.0
2021-07-05 09:45:00,NSE:SPICEJET,79.1,79.15,78.7,78.75,395814.0
2021-07-05 10:30:00,NSE:SPICEJET,78.75,79.05,78.75,78.95,292334.0
2021-07-05 11:15:00,NSE:SPICEJET,79.0,80.2,78.95,79.45,857802.0
2021-07-05 12:00:00,NSE:SPICEJET,79.55,79.55,79.0,79.2,210695.0
2021-07-05 12:45:00,NSE:SPICEJET,79.2,79.35,79.1,79.15,78071.0
2021-07-05 13:30:00,NSE:SPICEJET,79.2,79.4,79.1,79.15,168066.0
2021-07-05 14:15:00,NSE:SPICEJET,79.15,79.25,78.8,79.05,285207.0
2021-07-05 15:00:00,NSE:SPICEJET,79.05,79.25,78.85,79.1,433764.0
2021-07-06 09:00:00,NSE:SPICEJET,81.5,81.95,80.35,80.7,2472584.0
2021-07-06 09:45:00,NSE:SPICEJET,80.65,81.15,80.45,80.5,752824.0
2021-07-06 10:30:00,NSE:SPICEJET,80.5,80.65,80.2,80.3,448024.0
2021-07-06 11:15:00,NSE:SPICEJET,80.3,80.6,79.65,79.7,942157.0
2021-07-06 12:00:00,NSE:SPICEJET,79.7,80.55,79.65,80.1,642406.0
2021-07-06 12:45:00,NSE:SPICEJET,80.1,80.15,79.65,79.7,351412.0
2021-07-06 13:30:00,NSE:SPICEJET,79.75,79.85,79.4,79.5,454544.0
2021-07-06 14:15:00,NSE:SPICEJET,79.5,79.55,79.1,79.45,467152.0
2021-07-06 15:00:00,NSE:SPICEJET,79.45,79.55,79.0,79.25,695696.0
2021-07-07 09:00:00,NSE:SPICEJET,79.0,79.6,78.3,79.25,516586.0
2021-07-07 09:45:00,NSE:SPICEJET,79.2,79.25,78.65,78.8,355658.0
2021-07-07 10:30:00,NSE:SPICEJET,78.75,78.9,78.6,78.7,143989.0
2021-07-07 11:15:00,NSE:SPICEJET,78.7,78.85,78.3,78.45,181932.0
2021-07-07 12:00:00,NSE:SPICEJET,78.45,78.7,78.15,78.6,238756.0
2021-07-07 12:45:00,NSE:SPICEJET,78.6,78.65,78.3,78.4,85373.0
2021-07-07 13:30:00,NSE:SPICEJET,78.4,78.7,78.25,78.45,239429.0
2021-07-07 14:15:00,NSE:SPICEJET,78.35,78.65,78.3,78.35,264928.0
2021-07-07 15:00:00,NSE:SPICEJET,78.4,78.6,78.2,78.3,438074.0
2021-07-08 09:00:00,NSE:SPICEJET,78.35,79.4,78.3,78.95,549132.0
2021-07-08 09:45:00,NSE:SPICEJET,78.95,81.9,78.65,80.55,2362674.0
2021-07-08 10:30:00,NSE:SPICEJET,80.5,81.15,80.25,80.45,722454.0
2021-07-08 11:15:00,NSE:SPICEJET,80.45,80.85,80.3,80.45,347918.0
2021-07-08 12:00:00,NSE:SPICEJET,80.5,81.7,79.85,80.9,1938046.0
2021-07-08 12:45:00,NSE:SPICEJET,80.9,80.95,80.0,80.5,767864.0
2021-07-08 13:30:00,NSE:SPICEJET,80.5,80.8,79.55,79.9,638296.0
2021-07-08 14:15:00,NSE:SPICEJET,79.9,81.45,79.9,81.1,2729998.0
2021-07-08 15:00:00,NSE:SPICEJET,81.05,82.5,80.9,82.0,5511474.0
2021-07-09 09:00:00,NSE:SPICEJET,82.0,82.6,80.6,80.75,1914423.0
2021-07-09 09:45:00,NSE:SPICEJET,80.75,81.75,80.55,81.4,1042462.0
2021-07-09 10:30:00,NSE:SPICEJET,81.4,81.55,80.85,81.2,411261.0
2021-07-09 11:15:00,NSE:SPICEJET,81.2,81.25,80.95,81.15,204071.0
2021-07-09 12:00:00,NSE:SPICEJET,81.15,81.2,80.85,80.9,326974.0
2021-07-09 12:45:00,NSE:SPICEJET,80.9,81.0,80.7,80.85,184875.0
2021-07-09 13:30:00,NSE:SPICEJET,80.85,81.0,80.75,80.95,156511.0
2021-07-09 14:15:00,NSE:SPICEJET,80.95,81.0,80.7,80.9,320470.0
2021-07-09 15:00:00,NSE:SPICEJET,80.9,81.0,80.1,80.55,805596.0
2021-07-12 09:00:00,NSE:SPICEJET,81.35,81.5,80.6,80.9,864587.0
2021-07-12 09:45:00,NSE:SPICEJET,80.8,81.8,80.5,81.3,1752206.0
2021-07-12 10:30:00,NSE:SPICEJET,81.3,81.3,80.7,80.8,447679.0
2021-07-12 11:15:00,NSE:SPICEJET,80.8,80.95,80.6,80.7,197213.0
2021-07-12 12:00:00,NSE:SPICEJET,80.65,80.9,80.55,80.8,226359.0
2021-07-12 12:45:00,NSE:SPICEJET,80.7,80.85,78.8,79.6,964268.0
2021-07-12 13:30:00,NSE:SPICEJET,79.55,79.95,79.4,79.5,379283.0
2021-07-12 14:15:00,NSE:SPICEJET,79.5,79.65,79.1,79.55,410651.0
2021-07-12 15:00:00,NSE:SPICEJET,79.6,79.7,79.2,79.45,858106.0
2021-07-13 09:00:00,NSE:SPICEJET,79.95,80.2,79.1,79.6,549349.0
2021-07-13 09:45:00,NSE:SPICEJET,79.55,79.65,79.1,79.25,379851.0
2021-07-13 10:30:00,NSE:SPICEJET,79.25,79.4,78.6,78.95,483690.0
2021-07-13 11:15:00,NSE:SPICEJET,79.0,79.25,78.85,79.0,356338.0
2021-07-13 12:00:00,NSE:SPICEJET,79.0,79.6,78.9,79.25,455369.0
2021-07-13 12:45:00,NSE:SPICEJET,79.25,79.4,78.9,79.1,233731.0
2021-07-13 13:30:00,NSE:SPICEJET,79.1,79.3,79.0,79.1,116523.0
2021-07-13 14:15:00,NSE:SPICEJET,79.15,79.2,78.9,79.05,132846.0
2021-07-13 15:00:00,NSE:SPICEJET,79.05,79.1,78.8,79.0,348680.0
2021-07-14 09:00:00,NSE:SPICEJET,79.1,79.4,78.7,79.3,432872.0
2021-07-14 09:45:00,NSE:SPICEJET,79.3,79.35,78.65,78.95,340434.0
2021-07-14 10:30:00,NSE:SPICEJET,78.9,79.0,78.65,78.75,237633.0
2021-07-14 11:15:00,NSE:SPICEJET,78.8,78.85,78.55,78.65,176925.0
2021-07-14 12:00:00,NSE:SPICEJET,78.65,78.95,78.65,78.9,92741.0
2021-07-14 12:45:00,NSE:SPICEJET,78.85,79.0,78.7,78.8,124968.0
2021-07-14 13:30:00,NSE:SPICEJET,78.75,78.85,78.65,78.7,96579.0
2021-07-14 14:15:00,NSE:SPICEJET,78.75,78.8,78.55,78.65,159016.0
2021-07-14 15:00:00,NSE:SPICEJET,78.7,78.85,78.6,78.8,280395.0
2021-07-15 09:00:00,NSE:SPICEJET,78.75,80.3,78.25,79.9,866962.0
2021-07-15 09:45:00,NSE:SPICEJET,79.95,80.7,79.45,79.95,1464622.0
2021-07-15 10:30:00,NSE:SPICEJET,79.9,80.0,79.6,79.8,322295.0
2021-07-15 11:15:00,NSE:SPICEJET,79.8,79.85,79.55,79.6,113000.0
2021-07-15 12:00:00,NSE:SPICEJET,79.7,79.75,79.35,79.5,120343.0
2021-07-15 12:45:00,NSE:SPICEJET,79.5,79.5,79.05,79.15,182749.0
2021-07-15 13:30:00,NSE:SPICEJET,79.2,79.4,78.85,79.25,262836.0
2021-07-15 14:15:00,NSE:SPICEJET,79.3,79.35,79.1,79.15,288133.0
2021-07-15 15:00:00,NSE:SPICEJET,79.15,79.2,78.8,78.95,403339.0
2021-07-16 09:00:00,NSE:SPICEJET,79.0,79.5,78.95,79.15,365779.0
2021-07-16 09:45:00,NSE:SPICEJET,79.15,79.3,78.55,78.75,406837.0
2021-07-16 10:30:00,NSE:SPICEJET,78.75,78.8,78.6,78.65,232281.0
2021-07-16 11:15:00,NSE:SPICEJET,78.65,78.75,78.5,78.6,132672.0
2021-07-16 12:00:00,NSE:SPICEJET,78.65,78.7,78.4,78.7,179846.0
2021-07-16 12:45:00,NSE:SPICEJET,78.6,78.7,78.5,78.65,87257.0
2021-07-16 13:30:00,NSE:SPICEJET,78.65,78.75,78.5,78.55,99792.0
2021-07-16 14:15:00,NSE:SPICEJET,78.6,78.8,78.45,78.65,233704.0
2021-07-16 15:00:00,NSE:SPICEJET,78.65,78.8,78.55,78.7,310487.0
2021-07-19 09:00:00,NSE:SPICEJET,78.45,78.65,77.7,78.55,545548.0
2021-07-19 09:45:00,NSE:SPICEJET,78.6,78.7,78.15,78.35,285041.0
2021-07-19 10:30:00,NSE:SPICEJET,78.35,78.35,78.05,78.1,176111.0
2021-07-19 11:15:00,NSE:SPICEJET,78.1,78.25,77.8,78.0,332250.0
2021-07-19 12:00:00,NSE:SPICEJET,77.95,78.2,77.55,77.7,479826.0
2021-07-19 12:45:00,NSE:SPICEJET,77.6,77.75,77.35,77.6,323760.0
2021-07-19 13:30:00,NSE:SPICEJET,77.55,77.65,77.4,77.5,168836.0
2021-07-19 14:15:00,NSE:SPICEJET,77.4,77.55,77.1,77.5,261977.0
2021-07-19 15:00:00,NSE:SPICEJET,77.5,77.85,77.25,77.55,381144.0
2021-07-20 09:00:00,NSE:SPICEJET,77.5,78.45,77.25,77.3,773846.0
2021-07-20 09:45:00,NSE:SPICEJET,77.3,77.85,76.35,76.6,1262428.0
2021-07-20 10:30:00,NSE:SPICEJET,76.55,76.6,74.7,74.8,856993.0
2021-07-20 11:15:00,NSE:SPICEJET,74.65,75.3,74.35,75.15,608544.0
2021-07-20 12:00:00,NSE:SPICEJET,75.15,75.85,74.95,75.8,341798.0
2021-07-20 12:45:00,NSE:SPICEJET,75.85,76.1,75.65,76.05,213471.0
2021-07-20 13:30:00,NSE:SPICEJET,76.05,76.2,75.85,76.0,209643.0
2021-07-20 14:15:00,NSE:SPICEJET,76.05,76.05,75.55,75.75,175914.0
2021-07-20 15:00:00,NSE:SPICEJET,75.75,75.95,75.55,75.7,349197.0
2021-07-22 09:00:00,NSE:SPICEJET,76.0,77.2,76.0,76.55,452891.0
2021-07-22 09:45:00,NSE:SPICEJET,76.55,76.6,76.05,76.2,376941.0
2021-07-22 10:30:00,NSE:SPICEJET,76.2,76.35,75.85,76.3,172817.0
2021-07-22 11:15:00,NSE:SPICEJET,76.3,76.4,76.15,76.3,103173.0
2021-07-22 12:00:00,NSE:SPICEJET,76.25,76.4,76.1,76.25,111427.0
2021-07-22 12:45:00,NSE:SPICEJET,76.3,76.3,75.9,75.95,95058.0
2021-07-22 13:30:00,NSE:SPICEJET,76.0,76.2,75.75,76.1,114325.0
2021-07-22 14:15:00,NSE:SPICEJET,76.1,79.15,75.6,79.05,1132650.0
2021-07-22 15:00:00,NSE:SPICEJET,79.1,80.1,77.5,78.35,3619317.0
2021-07-23 09:00:00,NSE:SPICEJET,78.4,78.8,77.3,77.65,517091.0
2021-07-23 09:45:00,NSE:SPICEJET,77.65,78.15,77.35,77.85,329360.0
2021-07-23 10:30:00,NSE:SPICEJET,77.8,77.85,77.05,77.4,258080.0
2021-07-23 11:15:00,NSE:SPICEJET,77.3,77.4,77.2,77.4,92179.0
2021-07-23 12:00:00,NSE:SPICEJET,77.4,78.7,77.3,78.4,779718.0
2021-07-23 12:45:00,NSE:SPICEJET,78.4,78.45,77.8,77.85,256793.0
2021-07-23 13:30:00,NSE:SPICEJET,77.9,77.95,77.45,77.5,126670.0
2021-07-23 14:15:00,NSE:SPICEJET,77.55,77.8,77.45,77.7,173894.0
2021-07-23 15:00:00,NSE:SPICEJET,77.75,78.0,77.45,77.65,360793.0
2021-07-26 09:00:00,NSE:SPICEJET,77.5,77.5,76.8,77.15,346171.0
2021-07-26 09:45:00,NSE:SPICEJET,77.25,77.35,76.9,77.1,199512.0
2021-07-26 10:30:00,NSE:SPICEJET,77.1,77.25,76.9,77.2,133412.0
2021-07-26 11:15:00,NSE:SPICEJET,77.15,78.2,77.1,77.5,370282.0
2021-07-26 12:00:00,NSE:SPICEJET,77.45,77.6,77.25,77.45,225547.0
2021-07-26 12:45:00,NSE:SPICEJET,77.35,77.5,77.1,77.25,74654.0
2021-07-26 13:30:00,NSE:SPICEJET,77.25,77.4,77.05,77.1,74836.0
2021-07-26 14:15:00,NSE:SPICEJET,77.1,77.2,76.7,76.95,172403.0
2021-07-26 15:00:00,NSE:SPICEJET,76.9,77.1,76.6,76.85,270123.0
2021-07-27 09:00:00,NSE:SPICEJET,77.0,77.35,76.65,76.85,266686.0
2021-07-27 09:45:00,NSE:SPICEJET,76.95,77.35,76.9,77.15,160396.0
2021-07-27 10:30:00,NSE:SPICEJET,77.15,77.45,76.9,76.9,140072.0
2021-07-27 11:15:00,NSE:SPICEJET,77.0,77.0,76.75,76.75,94846.0
2021-07-27 12:00:00,NSE:SPICEJET,76.75,76.8,76.2,76.35,155307.0
2021-07-27 12:45:00,NSE:SPICEJET,76.35,76.45,75.7,76.25,242698.0
2021-07-27 13:30:00,NSE:SPICEJET,76.2,76.95,75.95,76.5,514015.0
2021-07-27 14:15:00,NSE:SPICEJET,76.4,76.5,76.0,76.35,128816.0
2021-07-27 15:00:00,NSE:SPICEJET,76.35,76.5,75.5,76.1,325340.0
2021-07-28 09:00:00,NSE:SPICEJET,76.0,76.3,74.8,75.25,444080.0
2021-07-28 09:45:00,NSE:SPICEJET,75.2,75.4,74.8,75.0,441755.0
2021-07-28 10:30:00,NSE:SPICEJET,75.0,75.1,74.2,74.75,331664.0
2021-07-28 11:15:00,NSE:SPICEJET,74.7,75.2,74.65,75.1,157741.0
2021-07-28 12:00:00,NSE:SPICEJET,75.1,75.2,75.0,75.1,80852.0
2021-07-28 12:45:00,NSE:SPICEJET,75.1,75.3,75.05,75.15,68554.0
2021-07-28 13:30:00,NSE:SPICEJET,75.15,75.3,75.05,75.15,85490.0
2021-07-28 14:15:00,NSE:SPICEJET,75.15,75.25,74.85,74.95,192273.0
2021-07-28 15:00:00,NSE:SPICEJET,75.0,75.5,74.9,75.2,258620.0
2021-07-29 09:00:00,NSE:SPICEJET,75.25,75.95,75.2,75.55,247711.0
2021-07-29 09:45:00,NSE:SPICEJET,75.55,75.8,74.8,74.95,263029.0
2021-07-29 10:30:00,NSE:SPICEJET,75.0,75.35,74.9,75.1,121278.0
2021-07-29 11:15:00,NSE:SPICEJET,75.15,75.2,73.85,74.6,347535.0
2021-07-29 12:00:00,NSE:SPICEJET,74.55,74.6,73.85,73.95,225137.0
2021-07-29 12:45:00,NSE:SPICEJET,73.95,74.15,73.45,74.0,440101.0
2021-07-29 13:30:00,NSE:SPICEJET,74.0,74.45,73.95,74.45,157217.0
2021-07-29 14:15:00,NSE:SPICEJET,74.45,74.55,74.15,74.3,139804.0
2021-07-29 15:00:00,NSE:SPICEJET,74.35,74.5,74.0,74.2,282283.0
2021-07-30 09:00:00,NSE:SPICEJET,74.2,74.8,73.65,74.75,351776.0
2021-07-30 09:45:00,NSE:SPICEJET,74.75,76.2,74.55,75.3,975682.0
2021-07-30 10:30:00,NSE:SPICEJET,75.25,75.4,74.9,75.2,140535.0
2021-07-30 11:15:00,NSE:SPICEJET,75.1,75.25,74.85,75.15,140626.0
2021-07-30 12:00:00,NSE:SPICEJET,75.1,75.15,74.85,75.05,104535.0
2021-07-30 12:45:00,NSE:SPICEJET,75.05,75.2,74.9,75.05,76605.0
2021-07-30 13:30:00,NSE:SPICEJET,75.05,75.1,74.8,75.0,139755.0
2021-07-30 14:15:00,NSE:SPICEJET,75.0,75.05,74.85,74.95,103099.0
2021-07-30 15:00:00,NSE:SPICEJET,74.95,75.4,74.8,75.4,281757.0
2021-08-02 09:00:00,NSE:SPICEJET,75.1,75.65,75.0,75.2,235602.0
2021-08-02 09:45:00,NSE:SPICEJET,75.15,75.35,74.9,75.25,159209.0
2021-08-02 10:30:00,NSE:SPICEJET,75.25,75.75,75.15,75.55,212737.0
2021-08-02 11:15:00,NSE:SPICEJET,75.5,75.6,75.3,75.35,102800.0
2021-08-02 12:00:00,NSE:SPICEJET,75.4,75.5,75.15,75.3,59431.0
2021-08-02 12:45:00,NSE:SPICEJET,75.3,75.3,75.05,75.1,46705.0
2021-08-02 13:30:00,NSE:SPICEJET,75.1,75.25,75.05,75.15,59755.0
2021-08-02 14:15:00,NSE:SPICEJET,75.1,75.2,74.75,75.05,153891.0
2021-08-02 15:00:00,NSE:SPICEJET,75.15,75.3,74.8,75.0,211172.0
2021-08-03 09:00:00,NSE:SPICEJET,75.0,75.25,74.5,74.65,302849.0
2021-08-03 09:45:00,NSE:SPICEJET,74.7,74.75,74.15,74.35,241120.0
2021-08-03 10:30:00,NSE:SPICEJET,74.35,74.4,74.15,74.3,104971.0
2021-08-03 11:15:00,NSE:SPICEJET,74.3,74.7,74.1,74.35,222700.0
2021-08-03 12:00:00,NSE:SPICEJET,74.35,76.45,74.3,74.85,834753.0
2021-08-03 12:45:00,NSE:SPICEJET,74.9,74.9,74.3,74.4,211330.0
2021-08-03 13:30:00,NSE:SPICEJET,74.45,74.6,74.35,74.45,146709.0
2021-08-03 14:15:00,NSE:SPICEJET,74.5,74.75,74.35,74.65,149959.0
2021-08-03 15:00:00,NSE:SPICEJET,74.7,74.75,74.25,74.4,316604.0
2021-08-04 09:00:00,NSE:SPICEJET,75.05,75.05,74.5,74.75,203333.0
2021-08-04 09:45:00,NSE:SPICEJET,74.75,74.95,74.6,74.9,245202.0
2021-08-04 10:30:00,NSE:SPICEJET,74.8,74.9,74.7,74.75,101109.0
2021-08-04 11:15:00,NSE:SPICEJET,74.7,74.7,74.0,74.15,264056.0
2021-08-04 12:00:00,NSE:SPICEJET,74.15,74.35,73.85,73.95,199491.0
2021-08-04 12:45:00,NSE:SPICEJET,73.95,74.1,73.4,73.55,327176.0
2021-08-04 13:30:00,NSE:SPICEJET,73.55,73.65,73.45,73.6,89169.0
2021-08-04 14:15:00,NSE:SPICEJET,73.55,73.65,73.45,73.5,121776.0
2021-08-04 15:00:00,NSE:SPICEJET,73.5,73.75,73.05,73.5,272012.0
2021-08-05 09:00:00,NSE:SPICEJET,73.05,73.6,71.2,71.8,569928.0
2021-08-05 09:45:00,NSE:SPICEJET,71.85,72.4,71.5,71.65,399457.0
2021-08-05 10:30:00,NSE:SPICEJET,71.65,72.6,70.85,71.6,1125257.0
2021-08-05 11:15:00,NSE:SPICEJET,71.65,71.8,71.1,71.25,438625.0
2021-08-05 12:00:00,NSE:SPICEJET,71.3,71.7,71.1,71.55,278776.0
2021-08-05 12:45:00,NSE:SPICEJET,71.5,71.9,71.2,71.3,238166.0
2021-08-05 13:30:00,NSE:SPICEJET,71.3,71.3,71.1,71.15,162677.0
2021-08-05 14:15:00,NSE:SPICEJET,71.2,71.2,70.3,70.9,738070.0
2021-08-05 15:00:00,NSE:SPICEJET,70.9,70.95,70.65,70.8,495705.0
2021-08-06 09:00:00,NSE:SPICEJET,70.85,71.1,70.25,71.0,693650.0
2021-08-06 09:45:00,NSE:SPICEJET,70.9,71.05,70.7,70.85,315697.0
2021-08-06 10:30:00,NSE:SPICEJET,70.8,70.85,70.45,70.7,226172.0
2021-08-06 11:15:00,NSE:SPICEJET,70.7,70.85,70.55,70.85,78130.0
2021-08-06 12:00:00,NSE:SPICEJET,70.85,71.1,70.7,70.75,274551.0
2021-08-06 12:45:00,NSE:SPICEJET,70.75,70.8,70.6,70.7,93214.0
2021-08-06 13:30:00,NSE:SPICEJET,70.7,70.85,70.5,70.55,120505.0
2021-08-06 14:15:00,NSE:SPICEJET,70.55,70.75,70.35,70.35,244632.0
2021-08-06 15:00:00,NSE:SPICEJET,70.45,70.6,70.25,70.35,368875.0
2021-08-09 09:00:00,NSE:SPICEJET,70.7,70.9,70.25,70.25,291910.0
2021-08-09 09:45:00,NSE:SPICEJET,70.3,70.5,70.2,70.4,251084.0
2021-08-09 10:30:00,NSE:SPICEJET,70.4,70.45,70.25,70.3,133979.0
2021-08-09 11:15:00,NSE:SPICEJET,70.3,70.3,69.75,69.85,355470.0
2021-08-09 12:00:00,NSE:SPICEJET,69.9,69.9,69.2,69.4,286413.0
2021-08-09 12:45:00,NSE:SPICEJET,69.4,69.4,68.5,68.65,365616.0
2021-08-09 13:30:00,NSE:SPICEJET,68.6,68.8,67.3,68.0,935704.0
2021-08-09 14:15:00,NSE:SPICEJET,68.0,68.35,67.85,68.1,555019.0
2021-08-09 15:00:00,NSE:SPICEJET,68.1,68.75,68.05,68.35,531183.0
2021-08-10 09:00:00,NSE:SPICEJET,68.3,69.0,68.0,68.9,356166.0
2021-08-10 09:45:00,NSE:SPICEJET,68.85,70.2,68.8,70.1,444590.0
2021-08-10 10:30:00,NSE:SPICEJET,70.1,70.4,68.55,68.65,485466.0
2021-08-10 11:15:00,NSE:SPICEJET,68.65,69.0,68.6,68.7,178730.0
2021-08-10 12:00:00,NSE:SPICEJET,68.8,69.0,68.65,68.75,260784.0
2021-08-10 12:45:00,NSE:SPICEJET,68.8,68.95,68.55,68.7,92302.0
2021-08-10 13:30:00,NSE:SPICEJET,68.65,68.8,67.4,67.65,359936.0
2021-08-10 14:15:00,NSE:SPICEJET,67.75,68.25,67.65,68.05,301774.0
2021-08-10 15:00:00,NSE:SPICEJET,68.05,68.65,68.05,68.4,336592.0
2021-08-11 09:00:00,NSE:SPICEJET,68.75,69.0,66.6,67.05,398537.0
2021-08-11 09:45:00,NSE:SPICEJET,67.1,67.25,66.15,66.45,414737.0
2021-08-11 10:30:00,NSE:SPICEJET,66.4,66.6,66.1,66.25,219717.0
2021-08-11 11:15:00,NSE:SPICEJET,66.3,66.8,65.85,66.65,288626.0
2021-08-11 12:00:00,NSE:SPICEJET,66.65,67.4,66.6,67.1,295137.0
2021-08-11 12:45:00,NSE:SPICEJET,67.05,67.65,67.05,67.4,146376.0
2021-08-11 13:30:00,NSE:SPICEJET,67.35,67.7,67.0,67.1,154280.0
2021-08-11 14:15:00,NSE:SPICEJET,67.15,67.5,67.0,67.5,137361.0
2021-08-11 15:00:00,NSE:SPICEJET,67.4,68.25,67.4,67.85,317430.0
2021-08-12 09:00:00,NSE:SPICEJET,68.45,69.15,68.05,68.4,340902.0
2021-08-12 09:45:00,NSE:SPICEJET,68.4,68.65,68.3,68.65,197749.0
2021-08-12 10:30:00,NSE:SPICEJET,68.65,70.8,68.6,69.9,966949.0
2021-08-12 11:15:00,NSE:SPICEJET,69.9,70.15,69.8,70.0,200933.0
2021-08-12 12:00:00,NSE:SPICEJET,70.05,70.05,69.55,69.8,256822.0
2021-08-12 12:45:00,NSE:SPICEJET,69.8,70.5,69.55,70.1,426009.0
2021-08-12 13:30:00,NSE:SPICEJET,70.05,72.5,69.85,70.8,2939804.0
2021-08-12 14:15:00,NSE:SPICEJET,70.85,71.0,70.5,70.75,604854.0
2021-08-12 15:00:00,NSE:SPICEJET,70.75,71.8,70.65,71.3,1202680.0
2021-08-13 09:00:00,NSE:SPICEJET,72.3,73.25,72.0,72.3,1322132.0
2021-08-13 09:45:00,NSE:SPICEJET,72.3,72.75,72.1,72.55,495376.0
2021-08-13 10:30:00,NSE:SPICEJET,72.6,72.9,72.1,72.1,623119.0
2021-08-13 11:15:00,NSE:SPICEJET,72.1,72.6,72.05,72.25,266683.0
2021-08-13 12:00:00,NSE:SPICEJET,72.3,72.4,72.15,72.15,108288.0
2021-08-13 12:45:00,NSE:SPICEJET,72.2,72.25,71.75,71.8,188364.0
2021-08-13 13:30:00,NSE:SPICEJET,71.85,71.95,71.7,71.9,126054.0
2021-08-13 14:15:00,NSE:SPICEJET,71.9,72.6,71.75,72.15,400140.0
2021-08-13 15:00:00,NSE:SPICEJET,72.2,72.35,71.65,72.05,557839.0
