datetime,symbol,open,high,low,close,volume
2020-12-08 09:54:00,NSE:DELTAMAGNT,26.1,26.1,26.1,26.1,424.0
2020-12-08 09:57:00,NSE:DELTAMAGNT,26.1,26.1,26.1,26.1,250.0
2020-12-08 10:00:00,NSE:DELTAMAGNT,26.1,26.1,26.1,26.1,2.0
2020-12-08 10:06:00,NSE:DELTAMAGNT,26.3,26.3,26.3,26.3,1.0
2020-12-08 10:15:00,NSE:DELTAMAGNT,26.3,26.3,26.1,26.1,226.0
2020-12-08 10:30:00,NSE:DELTAMAGNT,26.3,26.3,26.3,26.3,286.0
2020-12-08 10:33:00,NSE:DELTAMAGNT,26.1,26.1,26.1,26.1,573.0
2020-12-08 10:39:00,NSE:DELTAMAGNT,26.1,26.1,26.1,26.1,500.0
2020-12-08 11:33:00,NSE:DELTAMAGNT,26.1,26.1,26.1,26.1,4.0
2020-12-08 11:57:00,NSE:DELTAMAGNT,26.1,26.1,26.1,26.1,10.0
2020-12-08 12:09:00,NSE:DELTAMAGNT,26.1,26.1,26.1,26.1,300.0
2020-12-08 13:33:00,NSE:DELTAMAGNT,26.1,26.1,26.1,26.1,1.0
2020-12-08 13:39:00,NSE:DELTAMAGNT,26.1,26.1,26.1,26.1,80.0
2020-12-08 14:00:00,NSE:DELTAMAGNT,26.1,26.1,26.1,26.1,5.0
2020-12-08 14:33:00,NSE:DELTAMAGNT,26.1,26.1,26.1,26.1,1.0
2020-12-08 15:00:00,NSE:DELTAMAGNT,26.1,26.1,26.1,26.1,160.0
2020-12-08 15:09:00,NSE:DELTAMAGNT,26.1,26.1,26.1,26.1,100.0
2020-12-08 15:21:00,NSE:DELTAMAGNT,26.1,26.1,26.1,26.1,500.0
2020-12-08 15:27:00,NSE:DELTAMAGNT,26.1,26.1,26.1,26.1,100.0
2020-12-09 09:06:00,NSE:DELTAMAGNT,26.95,26.95,26.95,26.95,500.0
2020-12-09 09:15:00,NSE:DELTAMAGNT,26.8,26.8,25.0,25.0,1378.0
2020-12-09 09:18:00,NSE:DELTAMAGNT,25.05,25.05,25.05,25.05,34.0
2020-12-09 09:24:00,NSE:DELTAMAGNT,25.05,26.3,24.8,26.3,2165.0
2020-12-09 09:27:00,NSE:DELTAMAGNT,26.3,26.3,26.3,26.3,50.0
2020-12-09 09:33:00,NSE:DELTAMAGNT,24.8,24.8,24.8,24.8,10.0
2020-12-09 09:36:00,NSE:DELTAMAGNT,24.8,24.8,24.8,24.8,100.0
2020-12-09 09:42:00,NSE:DELTAMAGNT,24.85,25.0,24.8,25.0,207.0
2020-12-09 09:48:00,NSE:DELTAMAGNT,25.75,25.75,25.75,25.75,24.0
2020-12-09 10:00:00,NSE:DELTAMAGNT,25.5,25.5,25.5,25.5,50.0
2020-12-09 10:09:00,NSE:DELTAMAGNT,25.5,25.5,25.5,25.5,50.0
2020-12-09 10:12:00,NSE:DELTAMAGNT,25.5,25.5,25.5,25.5,200.0
2020-12-09 10:24:00,NSE:DELTAMAGNT,25.1,25.1,25.0,25.0,100.0
2020-12-09 10:27:00,NSE:DELTAMAGNT,25.0,25.7,25.0,25.7,560.0
2020-12-09 10:39:00,NSE:DELTAMAGNT,25.0,25.7,25.0,25.7,269.0
2020-12-09 11:03:00,NSE:DELTAMAGNT,25.6,26.5,25.6,26.4,1005.0
2020-12-09 11:15:00,NSE:DELTAMAGNT,26.0,26.0,26.0,26.0,2.0
2020-12-09 11:27:00,NSE:DELTAMAGNT,25.8,26.95,25.8,26.8,3000.0
2020-12-09 11:45:00,NSE:DELTAMAGNT,26.75,26.75,26.75,26.75,48.0
2020-12-09 11:48:00,NSE:DELTAMAGNT,26.75,26.8,26.75,26.8,952.0
2020-12-09 12:03:00,NSE:DELTAMAGNT,26.1,26.1,26.1,26.1,50.0
2020-12-09 12:09:00,NSE:DELTAMAGNT,26.8,27.0,26.8,27.0,1023.0
2020-12-09 12:12:00,NSE:DELTAMAGNT,27.25,27.4,27.25,27.4,977.0
2020-12-09 12:15:00,NSE:DELTAMAGNT,27.4,27.4,27.4,27.4,438.0
2020-12-09 12:21:00,NSE:DELTAMAGNT,27.4,27.4,27.4,27.4,225.0
2020-12-09 12:24:00,NSE:DELTAMAGNT,27.4,27.4,27.4,27.4,136.0
2020-12-09 12:27:00,NSE:DELTAMAGNT,27.4,27.4,27.4,27.4,1000.0
2020-12-09 12:30:00,NSE:DELTAMAGNT,27.4,27.4,27.4,27.4,181.0
2020-12-09 12:39:00,NSE:DELTAMAGNT,27.4,27.4,27.4,27.4,20.0
2020-12-09 12:48:00,NSE:DELTAMAGNT,27.4,27.4,27.4,27.4,30.0
2020-12-09 13:00:00,NSE:DELTAMAGNT,27.4,27.4,27.4,27.4,100.0
2020-12-09 13:54:00,NSE:DELTAMAGNT,27.4,27.4,27.4,27.4,46.0
2020-12-09 14:36:00,NSE:DELTAMAGNT,27.4,27.4,27.4,27.4,3.0
2020-12-09 15:09:00,NSE:DELTAMAGNT,27.4,27.4,27.4,27.4,11.0
2020-12-10 09:06:00,NSE:DELTAMAGNT,27.35,27.35,27.35,27.35,113.0
2020-12-10 09:15:00,NSE:DELTAMAGNT,27.35,28.25,27.35,28.25,226.0
2020-12-10 09:21:00,NSE:DELTAMAGNT,28.15,28.15,28.15,28.15,94.0
2020-12-10 09:24:00,NSE:DELTAMAGNT,27.5,28.15,27.5,28.15,326.0
2020-12-10 09:27:00,NSE:DELTAMAGNT,27.5,27.5,27.5,27.5,636.0
2020-12-10 09:30:00,NSE:DELTAMAGNT,27.5,27.5,27.5,27.5,67.0
2020-12-10 09:33:00,NSE:DELTAMAGNT,27.5,27.5,27.5,27.5,163.0
2020-12-10 09:39:00,NSE:DELTAMAGNT,27.5,27.5,27.5,27.5,101.0
2020-12-10 09:45:00,NSE:DELTAMAGNT,27.5,27.5,27.5,27.5,203.0
2020-12-10 09:48:00,NSE:DELTAMAGNT,27.5,27.5,27.5,27.5,308.0
2020-12-10 09:57:00,NSE:DELTAMAGNT,27.5,27.5,27.5,27.5,157.0
2020-12-10 10:21:00,NSE:DELTAMAGNT,28.0,28.1,28.0,28.1,351.0
2020-12-10 10:27:00,NSE:DELTAMAGNT,28.0,28.0,28.0,28.0,165.0
2020-12-10 10:36:00,NSE:DELTAMAGNT,28.25,28.25,28.25,28.25,298.0
2020-12-10 10:48:00,NSE:DELTAMAGNT,27.55,27.55,27.55,27.55,67.0
2020-12-10 10:54:00,NSE:DELTAMAGNT,27.5,27.5,27.5,27.5,327.0
2020-12-10 11:00:00,NSE:DELTAMAGNT,27.5,28.2,27.5,28.2,177.0
2020-12-10 11:51:00,NSE:DELTAMAGNT,28.15,28.15,28.15,28.15,64.0
2020-12-10 11:57:00,NSE:DELTAMAGNT,28.15,28.15,28.15,28.15,479.0
2020-12-10 12:33:00,NSE:DELTAMAGNT,28.5,28.5,28.5,28.5,453.0
2020-12-10 12:36:00,NSE:DELTAMAGNT,28.75,28.75,28.75,28.75,213.0
2020-12-10 13:09:00,NSE:DELTAMAGNT,28.75,28.75,28.75,28.75,81.0
2020-12-10 13:15:00,NSE:DELTAMAGNT,28.0,28.0,28.0,28.0,113.0
2020-12-10 13:42:00,NSE:DELTAMAGNT,28.75,28.75,28.75,28.75,213.0
2020-12-10 13:48:00,NSE:DELTAMAGNT,28.05,28.05,28.05,28.05,64.0
2020-12-10 14:57:00,NSE:DELTAMAGNT,28.75,28.75,28.75,28.75,65.0
2020-12-10 15:03:00,NSE:DELTAMAGNT,28.75,28.75,28.75,28.75,113.0
2020-12-10 15:06:00,NSE:DELTAMAGNT,28.2,28.2,28.1,28.1,323.0
2020-12-10 15:15:00,NSE:DELTAMAGNT,28.1,28.1,28.1,28.1,81.0
2020-12-10 15:21:00,NSE:DELTAMAGNT,28.1,28.7,28.1,28.7,613.0
2020-12-10 15:27:00,NSE:DELTAMAGNT,28.1,28.1,28.1,28.1,113.0
2020-12-11 09:18:00,NSE:DELTAMAGNT,28.0,28.0,27.05,27.05,250.0
2020-12-11 09:21:00,NSE:DELTAMAGNT,28.85,28.85,28.85,28.85,1.0
2020-12-11 09:27:00,NSE:DELTAMAGNT,27.2,27.2,27.2,27.2,5.0
2020-12-11 09:48:00,NSE:DELTAMAGNT,28.8,28.8,28.8,28.8,100.0
2020-12-11 10:12:00,NSE:DELTAMAGNT,28.0,28.0,28.0,28.0,25.0
2020-12-11 10:15:00,NSE:DELTAMAGNT,28.0,28.0,28.0,28.0,20.0
2020-12-11 10:33:00,NSE:DELTAMAGNT,28.0,28.0,28.0,28.0,137.0
2020-12-11 10:42:00,NSE:DELTAMAGNT,28.7,28.7,28.7,28.7,350.0
2020-12-11 10:51:00,NSE:DELTAMAGNT,28.7,28.7,28.7,28.7,180.0
2020-12-11 11:00:00,NSE:DELTAMAGNT,28.7,28.7,28.7,28.7,78.0
2020-12-11 11:06:00,NSE:DELTAMAGNT,28.7,28.7,28.7,28.7,300.0
2020-12-11 11:09:00,NSE:DELTAMAGNT,28.7,28.7,28.7,28.7,300.0
2020-12-11 11:21:00,NSE:DELTAMAGNT,28.7,28.7,28.7,28.7,147.0
2020-12-11 11:33:00,NSE:DELTAMAGNT,28.0,28.0,28.0,28.0,92.0
2020-12-11 11:36:00,NSE:DELTAMAGNT,28.0,28.0,28.0,28.0,258.0
2020-12-11 13:12:00,NSE:DELTAMAGNT,28.0,28.0,28.0,28.0,20.0
2020-12-11 13:42:00,NSE:DELTAMAGNT,28.0,28.0,28.0,28.0,200.0
2020-12-11 14:24:00,NSE:DELTAMAGNT,28.0,28.0,28.0,28.0,100.0
2020-12-11 14:36:00,NSE:DELTAMAGNT,28.0,28.0,28.0,28.0,10.0
2020-12-11 14:42:00,NSE:DELTAMAGNT,28.4,28.4,28.4,28.4,500.0
2020-12-11 14:57:00,NSE:DELTAMAGNT,28.05,28.05,28.05,28.05,23.0
2020-12-11 15:03:00,NSE:DELTAMAGNT,28.05,28.05,28.05,28.05,31.0
2020-12-11 15:06:00,NSE:DELTAMAGNT,28.05,28.05,28.0,28.0,550.0
2020-12-11 15:15:00,NSE:DELTAMAGNT,28.0,28.0,27.8,27.8,200.0
2020-12-14 09:06:00,NSE:DELTAMAGNT,27.1,27.1,27.1,27.1,100.0
2020-12-14 09:33:00,NSE:DELTAMAGNT,28.4,28.4,28.4,28.4,1000.0
2020-12-14 09:39:00,NSE:DELTAMAGNT,28.4,28.4,28.4,28.4,100.0
2020-12-14 09:51:00,NSE:DELTAMAGNT,27.1,27.1,27.1,27.1,110.0
2020-12-14 09:54:00,NSE:DELTAMAGNT,27.1,27.1,27.1,27.1,66.0
2020-12-14 10:06:00,NSE:DELTAMAGNT,27.15,27.15,27.15,27.15,48.0
2020-12-14 10:15:00,NSE:DELTAMAGNT,27.15,27.15,27.15,27.15,51.0
2020-12-14 10:48:00,NSE:DELTAMAGNT,27.15,27.15,27.15,27.15,1.0
2020-12-14 10:54:00,NSE:DELTAMAGNT,27.2,27.2,27.2,27.2,150.0
2020-12-14 11:12:00,NSE:DELTAMAGNT,27.8,27.8,27.8,27.8,368.0
2020-12-14 11:39:00,NSE:DELTAMAGNT,27.8,27.8,27.8,27.8,20.0
2020-12-14 11:42:00,NSE:DELTAMAGNT,28.3,28.3,28.3,28.3,200.0
2020-12-14 11:45:00,NSE:DELTAMAGNT,27.8,27.8,27.8,27.8,612.0
2020-12-14 12:09:00,NSE:DELTAMAGNT,27.8,27.8,27.8,27.8,10.0
2020-12-14 12:54:00,NSE:DELTAMAGNT,27.8,27.8,27.8,27.8,75.0
2020-12-14 13:39:00,NSE:DELTAMAGNT,27.8,27.8,27.8,27.8,10.0
2020-12-14 13:42:00,NSE:DELTAMAGNT,27.0,27.0,27.0,27.0,934.0
2020-12-14 14:00:00,NSE:DELTAMAGNT,27.75,27.75,27.75,27.75,150.0
2020-12-14 14:33:00,NSE:DELTAMAGNT,27.0,27.0,27.0,27.0,3.0
2020-12-14 14:54:00,NSE:DELTAMAGNT,27.75,27.75,27.75,27.75,15.0
2020-12-14 14:57:00,NSE:DELTAMAGNT,27.75,27.75,27.75,27.75,5.0
2020-12-14 15:06:00,NSE:DELTAMAGNT,27.75,27.75,27.75,27.75,5.0
2020-12-14 15:24:00,NSE:DELTAMAGNT,27.65,27.65,27.0,27.0,242.0
2020-12-14 15:27:00,NSE:DELTAMAGNT,27.05,27.05,27.05,27.05,101.0
2020-12-15 09:21:00,NSE:DELTAMAGNT,27.35,27.35,27.35,27.35,15.0
2020-12-15 09:30:00,NSE:DELTAMAGNT,27.3,27.3,27.3,27.3,5.0
2020-12-15 09:36:00,NSE:DELTAMAGNT,26.6,26.6,26.6,26.6,26.0
2020-12-15 09:39:00,NSE:DELTAMAGNT,26.6,26.6,26.6,26.6,90.0
2020-12-15 09:54:00,NSE:DELTAMAGNT,26.6,26.6,26.6,26.6,484.0
2020-12-15 10:00:00,NSE:DELTAMAGNT,26.1,26.1,25.75,25.75,2539.0
2020-12-15 10:06:00,NSE:DELTAMAGNT,26.95,26.95,26.95,26.95,10.0
2020-12-15 10:09:00,NSE:DELTAMAGNT,25.85,25.85,25.85,25.85,2.0
2020-12-15 10:12:00,NSE:DELTAMAGNT,25.85,25.85,25.85,25.85,43.0
2020-12-15 10:33:00,NSE:DELTAMAGNT,26.95,26.95,26.95,26.95,30.0
2020-12-15 11:03:00,NSE:DELTAMAGNT,26.0,26.0,26.0,26.0,189.0
2020-12-15 11:27:00,NSE:DELTAMAGNT,26.0,26.0,26.0,26.0,20.0
2020-12-15 11:33:00,NSE:DELTAMAGNT,27.3,27.4,27.3,27.4,1546.0
2020-12-15 11:36:00,NSE:DELTAMAGNT,27.4,27.4,27.4,27.4,11.0
2020-12-15 11:42:00,NSE:DELTAMAGNT,27.45,27.45,27.4,27.4,1393.0
2020-12-15 11:45:00,NSE:DELTAMAGNT,27.45,27.7,27.45,27.7,895.0
2020-12-15 11:48:00,NSE:DELTAMAGNT,27.7,27.7,27.7,27.7,1.0
2020-12-15 11:51:00,NSE:DELTAMAGNT,27.7,27.7,27.7,27.7,11.0
2020-12-15 11:54:00,NSE:DELTAMAGNT,28.4,28.4,28.4,28.4,291.0
2020-12-15 12:06:00,NSE:DELTAMAGNT,28.4,28.4,28.4,28.4,1325.0
2020-12-15 12:12:00,NSE:DELTAMAGNT,28.35,28.35,28.35,28.35,300.0
2020-12-15 12:24:00,NSE:DELTAMAGNT,28.35,28.4,27.0,27.0,510.0
2020-12-15 12:36:00,NSE:DELTAMAGNT,28.4,28.4,28.4,28.4,1.0
2020-12-15 12:48:00,NSE:DELTAMAGNT,28.4,28.4,28.4,28.4,857.0
2020-12-15 12:54:00,NSE:DELTAMAGNT,28.4,28.4,28.4,28.4,145.0
2020-12-15 12:57:00,NSE:DELTAMAGNT,28.4,28.4,28.4,28.4,274.0
2020-12-15 13:03:00,NSE:DELTAMAGNT,27.25,28.3,27.25,28.3,1890.0
2020-12-15 13:24:00,NSE:DELTAMAGNT,28.25,28.25,28.25,28.25,5.0
2020-12-15 13:30:00,NSE:DELTAMAGNT,28.25,28.25,28.25,28.25,2.0
2020-12-15 13:51:00,NSE:DELTAMAGNT,27.0,27.0,27.0,27.0,2139.0
2020-12-15 13:54:00,NSE:DELTAMAGNT,27.0,27.0,26.9,26.9,1861.0
2020-12-15 14:33:00,NSE:DELTAMAGNT,27.3,27.3,27.3,27.3,100.0
2020-12-15 14:36:00,NSE:DELTAMAGNT,27.4,27.4,27.4,27.4,10.0
2020-12-15 14:39:00,NSE:DELTAMAGNT,27.4,27.4,27.4,27.4,232.0
2020-12-15 14:48:00,NSE:DELTAMAGNT,27.95,27.95,27.95,27.95,164.0
2020-12-15 15:03:00,NSE:DELTAMAGNT,27.9,27.9,27.9,27.9,100.0
2020-12-15 15:06:00,NSE:DELTAMAGNT,27.9,27.9,27.9,27.9,10.0
2020-12-15 15:09:00,NSE:DELTAMAGNT,27.9,27.9,27.9,27.9,21.0
2020-12-15 15:24:00,NSE:DELTAMAGNT,27.9,27.9,27.9,27.9,772.0
2020-12-16 09:06:00,NSE:DELTAMAGNT,28.65,28.65,28.65,28.65,250.0
2020-12-16 09:21:00,NSE:DELTAMAGNT,28.45,28.45,28.45,28.45,20.0
2020-12-16 09:24:00,NSE:DELTAMAGNT,28.0,28.0,28.0,28.0,1.0
2020-12-16 09:27:00,NSE:DELTAMAGNT,28.0,28.0,28.0,28.0,19.0
2020-12-16 09:30:00,NSE:DELTAMAGNT,28.0,28.0,27.95,28.0,500.0
2020-12-16 09:36:00,NSE:DELTAMAGNT,28.0,28.0,27.0,27.0,39.0
2020-12-16 10:06:00,NSE:DELTAMAGNT,28.0,28.0,28.0,28.0,1.0
2020-12-16 10:09:00,NSE:DELTAMAGNT,27.2,27.2,27.2,27.2,10.0
2020-12-16 10:36:00,NSE:DELTAMAGNT,27.4,27.4,27.4,27.4,23.0
2020-12-16 10:54:00,NSE:DELTAMAGNT,27.4,27.4,27.4,27.4,200.0
2020-12-16 11:03:00,NSE:DELTAMAGNT,28.0,28.0,28.0,28.0,962.0
2020-12-16 11:15:00,NSE:DELTAMAGNT,27.4,27.4,27.4,27.4,111.0
2020-12-16 11:24:00,NSE:DELTAMAGNT,27.5,27.5,27.5,27.5,300.0
2020-12-16 11:33:00,NSE:DELTAMAGNT,28.25,28.25,28.25,28.25,200.0
2020-12-16 11:45:00,NSE:DELTAMAGNT,28.25,28.25,28.25,28.25,480.0
2020-12-16 12:15:00,NSE:DELTAMAGNT,27.55,27.55,27.55,27.55,9.0
2020-12-16 12:48:00,NSE:DELTAMAGNT,27.55,27.55,27.55,27.55,50.0
2020-12-16 13:30:00,NSE:DELTAMAGNT,27.6,27.6,27.6,27.6,23.0
2020-12-16 13:33:00,NSE:DELTAMAGNT,27.6,27.6,27.6,27.6,100.0
2020-12-16 14:03:00,NSE:DELTAMAGNT,28.25,28.25,28.25,28.25,200.0
2020-12-16 14:06:00,NSE:DELTAMAGNT,28.25,28.25,28.25,28.25,10.0
2020-12-16 14:12:00,NSE:DELTAMAGNT,27.6,27.6,27.6,27.6,100.0
2020-12-16 14:24:00,NSE:DELTAMAGNT,27.6,27.6,27.6,27.6,27.0
2020-12-16 14:30:00,NSE:DELTAMAGNT,27.6,27.6,27.6,27.6,73.0
2020-12-17 10:06:00,NSE:DELTAMAGNT,27.65,27.65,27.65,27.65,28.0
2020-12-17 10:15:00,NSE:DELTAMAGNT,27.65,27.65,27.65,27.65,92.0
2020-12-17 10:48:00,NSE:DELTAMAGNT,27.65,27.65,27.65,27.65,10.0
2020-12-17 11:12:00,NSE:DELTAMAGNT,28.0,28.0,28.0,28.0,179.0
2020-12-17 11:39:00,NSE:DELTAMAGNT,28.1,28.1,28.1,28.1,100.0
2020-12-17 12:27:00,NSE:DELTAMAGNT,28.1,28.1,28.1,28.1,100.0
2020-12-17 12:33:00,NSE:DELTAMAGNT,28.45,28.45,28.45,28.45,1850.0
2020-12-17 12:36:00,NSE:DELTAMAGNT,28.45,28.45,28.45,28.45,150.0
2020-12-17 13:12:00,NSE:DELTAMAGNT,28.45,28.45,28.45,28.45,15.0
2020-12-17 13:15:00,NSE:DELTAMAGNT,28.45,28.45,28.45,28.45,40.0
2020-12-17 13:24:00,NSE:DELTAMAGNT,28.1,28.1,28.1,28.1,13.0
2020-12-17 13:27:00,NSE:DELTAMAGNT,28.1,28.1,28.1,28.1,87.0
2020-12-17 13:36:00,NSE:DELTAMAGNT,27.75,27.75,27.75,27.75,28.0
2020-12-17 13:39:00,NSE:DELTAMAGNT,27.75,28.4,27.75,28.4,120.0
2020-12-17 13:45:00,NSE:DELTAMAGNT,28.35,28.35,28.35,28.35,100.0
2020-12-17 13:48:00,NSE:DELTAMAGNT,28.35,28.35,28.35,28.35,100.0
2020-12-17 14:09:00,NSE:DELTAMAGNT,28.35,28.35,28.35,28.35,169.0
2020-12-17 14:18:00,NSE:DELTAMAGNT,28.35,28.35,28.35,28.35,831.0
2020-12-17 14:21:00,NSE:DELTAMAGNT,28.3,28.3,28.3,28.3,169.0
2020-12-17 14:30:00,NSE:DELTAMAGNT,28.35,28.35,28.35,28.35,35.0
2020-12-17 14:39:00,NSE:DELTAMAGNT,28.35,28.35,28.35,28.35,10.0
2020-12-17 14:51:00,NSE:DELTAMAGNT,28.35,28.5,28.35,28.5,1679.0
2020-12-17 14:57:00,NSE:DELTAMAGNT,28.5,28.5,28.5,28.5,3.0
2020-12-17 15:03:00,NSE:DELTAMAGNT,28.5,28.5,27.75,27.75,1151.0
2020-12-17 15:15:00,NSE:DELTAMAGNT,27.8,27.8,27.8,27.8,120.0
2020-12-17 15:27:00,NSE:DELTAMAGNT,28.0,28.0,28.0,28.0,80.0
2020-12-18 09:06:00,NSE:DELTAMAGNT,28.75,28.75,28.75,28.75,2.0
2020-12-18 09:24:00,NSE:DELTAMAGNT,27.05,27.05,27.05,27.05,1250.0
2020-12-18 09:27:00,NSE:DELTAMAGNT,27.05,27.05,27.05,27.05,87.0
2020-12-18 09:51:00,NSE:DELTAMAGNT,27.05,27.05,27.05,27.05,6.0
2020-12-18 09:54:00,NSE:DELTAMAGNT,26.95,26.95,26.95,26.95,50.0
2020-12-18 10:24:00,NSE:DELTAMAGNT,28.0,28.0,26.85,26.85,125.0
2020-12-18 10:30:00,NSE:DELTAMAGNT,26.85,26.85,26.85,26.85,25.0
2020-12-18 10:36:00,NSE:DELTAMAGNT,26.85,26.85,26.85,26.85,376.0
2020-12-18 10:57:00,NSE:DELTAMAGNT,26.85,26.85,26.85,26.85,1067.0
2020-12-18 11:18:00,NSE:DELTAMAGNT,26.85,26.85,26.85,26.85,50.0
2020-12-18 11:21:00,NSE:DELTAMAGNT,26.85,28.0,26.85,28.0,1580.0
2020-12-18 11:39:00,NSE:DELTAMAGNT,27.85,27.85,27.85,27.85,1000.0
2020-12-18 11:42:00,NSE:DELTAMAGNT,27.85,27.85,27.85,27.85,1000.0
2020-12-18 11:45:00,NSE:DELTAMAGNT,27.0,27.85,27.0,27.85,152.0
2020-12-18 12:03:00,NSE:DELTAMAGNT,27.85,27.85,27.85,27.85,150.0
2020-12-18 12:12:00,NSE:DELTAMAGNT,27.05,27.05,27.05,27.05,64.0
2020-12-18 12:18:00,NSE:DELTAMAGNT,27.05,27.05,27.05,27.05,436.0
2020-12-18 12:21:00,NSE:DELTAMAGNT,27.0,27.0,26.85,26.85,2064.0
2020-12-18 12:27:00,NSE:DELTAMAGNT,27.85,27.85,27.85,27.85,99.0
2020-12-18 13:12:00,NSE:DELTAMAGNT,26.85,26.85,26.85,26.85,251.0
2020-12-18 13:21:00,NSE:DELTAMAGNT,27.85,27.85,27.85,27.85,100.0
2020-12-18 14:45:00,NSE:DELTAMAGNT,26.9,26.9,26.9,26.9,62.0
2020-12-18 15:03:00,NSE:DELTAMAGNT,27.9,27.9,27.9,27.9,500.0
2020-12-18 15:09:00,NSE:DELTAMAGNT,27.75,27.75,27.75,27.75,15.0
2020-12-18 15:18:00,NSE:DELTAMAGNT,26.9,26.9,26.85,26.85,500.0
2020-12-18 15:27:00,NSE:DELTAMAGNT,26.85,26.85,26.85,26.85,300.0
2020-12-21 09:18:00,NSE:DELTAMAGNT,26.85,26.85,26.85,26.85,200.0
2020-12-21 09:36:00,NSE:DELTAMAGNT,26.4,26.4,26.4,26.4,3.0
2020-12-21 10:00:00,NSE:DELTAMAGNT,26.85,26.85,26.85,26.85,2.0
2020-12-21 10:15:00,NSE:DELTAMAGNT,26.85,26.85,26.85,26.85,25.0
2020-12-21 10:18:00,NSE:DELTAMAGNT,26.85,26.85,26.85,26.85,25.0
2020-12-21 10:21:00,NSE:DELTAMAGNT,26.85,26.85,26.85,26.85,83.0
2020-12-21 10:24:00,NSE:DELTAMAGNT,26.9,26.9,26.9,26.9,97.0
2020-12-21 10:30:00,NSE:DELTAMAGNT,26.4,26.4,26.4,26.4,180.0
2020-12-21 10:36:00,NSE:DELTAMAGNT,26.4,26.4,26.4,26.4,200.0
2020-12-21 10:39:00,NSE:DELTAMAGNT,26.4,26.4,26.4,26.4,195.0
2020-12-21 10:51:00,NSE:DELTAMAGNT,26.4,26.4,26.4,26.4,1.0
2020-12-21 11:00:00,NSE:DELTAMAGNT,26.4,26.4,26.4,26.4,920.0
2020-12-21 11:09:00,NSE:DELTAMAGNT,26.4,26.4,26.4,26.4,242.0
2020-12-21 12:03:00,NSE:DELTAMAGNT,26.85,26.85,26.85,26.85,50.0
2020-12-21 12:30:00,NSE:DELTAMAGNT,26.85,26.85,26.85,26.85,50.0
2020-12-21 12:51:00,NSE:DELTAMAGNT,26.5,26.5,26.5,26.5,200.0
2020-12-21 13:00:00,NSE:DELTAMAGNT,26.5,26.5,26.5,26.5,50.0
2020-12-21 13:45:00,NSE:DELTAMAGNT,26.85,26.85,26.85,26.85,200.0
2020-12-21 13:48:00,NSE:DELTAMAGNT,26.5,26.5,26.5,26.5,253.0
2020-12-21 13:57:00,NSE:DELTAMAGNT,26.5,26.5,26.5,26.5,400.0
2020-12-21 14:15:00,NSE:DELTAMAGNT,26.5,26.5,26.5,26.5,97.0
2020-12-21 14:24:00,NSE:DELTAMAGNT,26.4,26.4,26.4,26.4,461.0
2020-12-21 14:30:00,NSE:DELTAMAGNT,26.4,26.4,26.4,26.4,953.0
2020-12-21 14:33:00,NSE:DELTAMAGNT,26.05,26.05,26.05,26.05,1700.0
2020-12-21 14:36:00,NSE:DELTAMAGNT,26.05,26.05,26.05,26.05,49.0
2020-12-21 14:45:00,NSE:DELTAMAGNT,26.5,26.5,26.5,26.5,50.0
2020-12-21 14:48:00,NSE:DELTAMAGNT,26.4,26.4,25.95,25.95,2409.0
2020-12-21 14:51:00,NSE:DELTAMAGNT,25.95,25.95,25.95,25.95,23.0
2020-12-21 15:06:00,NSE:DELTAMAGNT,25.95,25.95,25.95,25.95,3.0
2020-12-21 15:12:00,NSE:DELTAMAGNT,26.2,26.2,26.2,26.2,150.0
2020-12-21 15:18:00,NSE:DELTAMAGNT,25.95,25.95,25.9,25.9,735.0
2020-12-21 15:21:00,NSE:DELTAMAGNT,25.9,25.9,25.9,25.9,11.0
2020-12-22 09:18:00,NSE:DELTAMAGNT,25.9,25.9,25.9,25.9,10.0
2020-12-22 09:24:00,NSE:DELTAMAGNT,24.75,24.75,24.75,24.75,200.0
2020-12-22 09:27:00,NSE:DELTAMAGNT,24.75,24.75,24.75,24.75,50.0
2020-12-22 09:30:00,NSE:DELTAMAGNT,24.75,24.75,24.75,24.75,150.0
2020-12-22 09:36:00,NSE:DELTAMAGNT,24.7,24.7,24.7,24.7,213.0
2020-12-22 09:42:00,NSE:DELTAMAGNT,24.75,24.75,24.75,24.75,1000.0
2020-12-22 09:48:00,NSE:DELTAMAGNT,27.0,27.3,27.0,27.3,2200.0
2020-12-22 10:03:00,NSE:DELTAMAGNT,24.7,24.7,24.7,24.7,111.0
2020-12-22 10:12:00,NSE:DELTAMAGNT,24.7,24.7,24.7,24.7,231.0
2020-12-22 10:18:00,NSE:DELTAMAGNT,24.7,24.7,24.7,24.7,12.0
2020-12-22 10:24:00,NSE:DELTAMAGNT,24.7,24.7,24.7,24.7,10.0
2020-12-22 10:27:00,NSE:DELTAMAGNT,24.7,24.7,24.7,24.7,119.0
2020-12-22 10:48:00,NSE:DELTAMAGNT,24.7,24.7,24.7,24.7,523.0
2020-12-22 10:51:00,NSE:DELTAMAGNT,26.0,26.0,26.0,26.0,5.0
2020-12-22 11:24:00,NSE:DELTAMAGNT,26.0,26.0,26.0,26.0,50.0
2020-12-22 11:42:00,NSE:DELTAMAGNT,24.9,24.9,24.9,24.9,115.0
2020-12-22 11:45:00,NSE:DELTAMAGNT,24.9,24.9,24.9,24.9,200.0
2020-12-22 12:42:00,NSE:DELTAMAGNT,25.0,25.0,25.0,25.0,50.0
2020-12-22 13:15:00,NSE:DELTAMAGNT,26.0,26.0,26.0,26.0,20.0
2020-12-22 13:24:00,NSE:DELTAMAGNT,25.0,25.0,25.0,25.0,25.0
2020-12-22 13:39:00,NSE:DELTAMAGNT,26.0,26.0,26.0,26.0,100.0
2020-12-22 13:51:00,NSE:DELTAMAGNT,24.8,24.8,24.8,24.8,100.0
2020-12-22 14:12:00,NSE:DELTAMAGNT,26.0,26.0,26.0,26.0,200.0
2020-12-22 14:15:00,NSE:DELTAMAGNT,26.0,26.0,26.0,26.0,100.0
2020-12-22 14:27:00,NSE:DELTAMAGNT,26.0,26.0,26.0,26.0,47.0
2020-12-22 14:51:00,NSE:DELTAMAGNT,26.0,26.0,26.0,26.0,50.0
2020-12-23 09:18:00,NSE:DELTAMAGNT,24.7,24.75,24.7,24.75,200.0
2020-12-23 09:24:00,NSE:DELTAMAGNT,26.5,26.5,26.5,26.5,251.0
2020-12-23 10:30:00,NSE:DELTAMAGNT,26.25,26.25,26.25,26.25,29.0
2020-12-23 10:48:00,NSE:DELTAMAGNT,26.0,26.0,26.0,26.0,5.0
2020-12-23 10:54:00,NSE:DELTAMAGNT,26.25,26.25,26.25,26.25,800.0
2020-12-23 11:06:00,NSE:DELTAMAGNT,26.2,26.2,26.2,26.2,25.0
2020-12-23 11:12:00,NSE:DELTAMAGNT,26.2,26.2,26.2,26.2,34.0
2020-12-23 12:30:00,NSE:DELTAMAGNT,26.0,26.0,26.0,26.0,100.0
2020-12-23 12:54:00,NSE:DELTAMAGNT,25.3,25.3,25.3,25.3,1000.0
2020-12-23 13:06:00,NSE:DELTAMAGNT,25.3,25.3,25.3,25.3,124.0
2020-12-23 13:42:00,NSE:DELTAMAGNT,25.5,25.5,25.3,25.3,460.0
2020-12-23 14:33:00,NSE:DELTAMAGNT,26.0,26.0,26.0,26.0,500.0
2020-12-23 14:42:00,NSE:DELTAMAGNT,26.0,26.0,26.0,26.0,200.0
2020-12-23 14:54:00,NSE:DELTAMAGNT,25.3,25.3,25.3,25.3,115.0
2020-12-24 09:06:00,NSE:DELTAMAGNT,25.0,25.0,25.0,25.0,1.0
2020-12-24 09:18:00,NSE:DELTAMAGNT,25.05,25.05,25.05,25.05,500.0
2020-12-24 09:24:00,NSE:DELTAMAGNT,25.05,25.05,25.05,25.05,50.0
2020-12-24 09:27:00,NSE:DELTAMAGNT,26.5,26.5,26.5,26.5,300.0
2020-12-24 09:30:00,NSE:DELTAMAGNT,26.5,26.5,26.5,26.5,30.0
2020-12-24 09:33:00,NSE:DELTAMAGNT,26.5,26.5,26.5,26.5,420.0
2020-12-24 09:36:00,NSE:DELTAMAGNT,26.5,26.5,26.5,26.5,155.0
2020-12-24 09:45:00,NSE:DELTAMAGNT,26.5,26.5,26.5,26.5,541.0
2020-12-24 09:48:00,NSE:DELTAMAGNT,26.5,26.5,26.5,26.5,65.0
2020-12-24 09:51:00,NSE:DELTAMAGNT,26.5,26.5,26.5,26.5,115.0
2020-12-24 10:00:00,NSE:DELTAMAGNT,26.5,26.5,26.5,26.5,275.0
2020-12-24 10:06:00,NSE:DELTAMAGNT,26.5,26.5,26.5,26.5,2.0
2020-12-24 10:42:00,NSE:DELTAMAGNT,26.5,26.5,26.5,26.5,1.0
2020-12-24 10:51:00,NSE:DELTAMAGNT,26.5,26.5,26.5,26.5,1340.0
2020-12-24 11:15:00,NSE:DELTAMAGNT,26.5,26.5,26.5,26.5,81.0
2020-12-24 11:24:00,NSE:DELTAMAGNT,26.5,26.5,26.5,26.5,10.0
2020-12-24 11:54:00,NSE:DELTAMAGNT,25.4,25.4,25.4,25.4,69.0
2020-12-24 12:33:00,NSE:DELTAMAGNT,26.5,26.5,26.5,26.5,40.0
2020-12-24 12:42:00,NSE:DELTAMAGNT,26.5,26.5,26.5,26.5,10.0
2020-12-24 12:45:00,NSE:DELTAMAGNT,26.5,26.5,26.5,26.5,25.0
2020-12-24 12:48:00,NSE:DELTAMAGNT,26.5,26.5,26.5,26.5,10.0
2020-12-24 13:00:00,NSE:DELTAMAGNT,25.65,25.65,25.65,25.65,100.0
2020-12-24 13:21:00,NSE:DELTAMAGNT,25.65,25.65,25.65,25.65,2.0
2020-12-24 13:36:00,NSE:DELTAMAGNT,26.5,26.5,26.5,26.5,786.0
2020-12-24 13:42:00,NSE:DELTAMAGNT,26.5,26.5,26.5,26.5,50.0
2020-12-24 14:03:00,NSE:DELTAMAGNT,26.0,26.0,26.0,26.0,365.0
2020-12-24 14:18:00,NSE:DELTAMAGNT,26.0,26.0,26.0,26.0,50.0
2020-12-24 14:30:00,NSE:DELTAMAGNT,26.0,26.0,26.0,26.0,11.0
2020-12-24 15:21:00,NSE:DELTAMAGNT,26.55,26.55,26.55,26.55,25.0
2020-12-24 15:24:00,NSE:DELTAMAGNT,26.55,26.55,26.55,26.55,79.0
2020-12-28 09:06:00,NSE:DELTAMAGNT,26.55,26.55,26.55,26.55,10.0
2020-12-28 09:18:00,NSE:DELTAMAGNT,26.1,26.1,26.1,26.1,229.0
2020-12-28 09:48:00,NSE:DELTAMAGNT,26.2,26.2,26.2,26.2,19.0
2020-12-28 09:54:00,NSE:DELTAMAGNT,26.2,26.2,26.2,26.2,6.0
2020-12-28 10:21:00,NSE:DELTAMAGNT,26.2,26.2,26.2,26.2,94.0
2020-12-28 10:24:00,NSE:DELTAMAGNT,26.55,26.55,26.55,26.55,75.0
2020-12-28 10:27:00,NSE:DELTAMAGNT,26.2,26.2,26.1,26.1,800.0
2020-12-28 10:54:00,NSE:DELTAMAGNT,26.0,26.0,26.0,26.0,77.0
2020-12-28 10:57:00,NSE:DELTAMAGNT,25.6,25.6,25.6,25.6,73.0
2020-12-28 11:48:00,NSE:DELTAMAGNT,25.8,25.8,25.8,25.8,37.0
2020-12-28 11:51:00,NSE:DELTAMAGNT,26.55,26.55,26.55,26.55,6.0
2020-12-28 12:09:00,NSE:DELTAMAGNT,26.0,26.0,26.0,26.0,1.0
2020-12-28 12:12:00,NSE:DELTAMAGNT,26.0,26.0,26.0,26.0,50.0
2020-12-28 12:27:00,NSE:DELTAMAGNT,26.55,26.55,26.55,26.55,220.0
2020-12-28 13:51:00,NSE:DELTAMAGNT,26.05,26.05,26.05,26.05,50.0
2020-12-28 13:54:00,NSE:DELTAMAGNT,27.75,27.75,27.75,27.75,50.0
2020-12-28 14:57:00,NSE:DELTAMAGNT,26.1,26.1,26.1,26.1,23.0
2020-12-28 15:15:00,NSE:DELTAMAGNT,26.1,26.1,26.1,26.1,13.0
2020-12-29 09:18:00,NSE:DELTAMAGNT,25.5,25.5,25.5,25.5,2.0
2020-12-29 09:27:00,NSE:DELTAMAGNT,27.4,27.4,27.4,27.4,25.0
2020-12-29 09:30:00,NSE:DELTAMAGNT,25.5,25.5,25.5,25.5,138.0
2020-12-29 13:09:00,NSE:DELTAMAGNT,26.05,26.05,26.05,26.05,92.0
2020-12-29 13:57:00,NSE:DELTAMAGNT,27.2,27.25,27.2,27.2,1501.0
2020-12-29 14:03:00,NSE:DELTAMAGNT,27.25,27.25,27.25,27.25,500.0
2020-12-29 14:21:00,NSE:DELTAMAGNT,27.25,27.25,27.25,27.25,200.0
2020-12-29 14:24:00,NSE:DELTAMAGNT,27.25,27.25,27.25,27.25,100.0
2020-12-29 14:27:00,NSE:DELTAMAGNT,27.25,27.25,27.25,27.25,200.0
2020-12-29 14:36:00,NSE:DELTAMAGNT,27.25,27.25,27.25,27.25,100.0
2020-12-29 15:00:00,NSE:DELTAMAGNT,27.2,27.2,27.2,27.2,500.0
2020-12-29 15:27:00,NSE:DELTAMAGNT,26.15,26.15,26.15,26.15,100.0
2020-12-30 09:27:00,NSE:DELTAMAGNT,25.85,25.85,25.85,25.85,23.0
2020-12-30 09:45:00,NSE:DELTAMAGNT,27.0,27.0,27.0,27.0,10.0
2020-12-30 10:00:00,NSE:DELTAMAGNT,27.0,27.0,27.0,27.0,290.0
2020-12-30 10:06:00,NSE:DELTAMAGNT,27.0,27.0,27.0,27.0,477.0
2020-12-30 10:09:00,NSE:DELTAMAGNT,27.0,27.0,27.0,27.0,223.0
2020-12-30 10:21:00,NSE:DELTAMAGNT,26.1,26.1,26.1,26.1,23.0
2020-12-30 10:24:00,NSE:DELTAMAGNT,27.0,27.0,27.0,27.0,187.0
2020-12-30 10:33:00,NSE:DELTAMAGNT,26.05,26.05,26.05,26.05,23.0
2020-12-30 11:12:00,NSE:DELTAMAGNT,26.9,26.9,26.9,26.9,100.0
2020-12-30 11:15:00,NSE:DELTAMAGNT,26.9,26.9,26.9,26.9,1.0
2020-12-30 11:45:00,NSE:DELTAMAGNT,26.05,26.05,26.05,26.05,50.0
2020-12-30 13:27:00,NSE:DELTAMAGNT,26.9,26.95,26.9,26.95,1000.0
2020-12-30 13:30:00,NSE:DELTAMAGNT,27.2,27.2,27.2,27.2,1500.0
2020-12-30 13:39:00,NSE:DELTAMAGNT,27.25,27.5,27.25,27.5,1000.0
2020-12-30 13:45:00,NSE:DELTAMAGNT,27.5,27.5,27.5,27.5,5.0
2020-12-30 13:51:00,NSE:DELTAMAGNT,26.55,26.55,26.5,26.5,1809.0
2020-12-30 13:54:00,NSE:DELTAMAGNT,26.5,26.5,26.5,26.5,31.0
2020-12-30 14:00:00,NSE:DELTAMAGNT,26.5,26.5,26.2,26.2,55.0
2020-12-30 14:09:00,NSE:DELTAMAGNT,26.5,26.5,26.5,26.5,110.0
2020-12-30 14:27:00,NSE:DELTAMAGNT,26.5,26.5,26.5,26.5,200.0
2020-12-30 14:30:00,NSE:DELTAMAGNT,26.5,26.5,26.5,26.5,110.0
2020-12-30 14:51:00,NSE:DELTAMAGNT,26.0,26.0,26.0,26.0,2000.0
2020-12-30 14:54:00,NSE:DELTAMAGNT,26.0,26.0,26.0,26.0,400.0
2020-12-30 15:12:00,NSE:DELTAMAGNT,26.05,26.05,26.05,26.05,1150.0
2020-12-31 09:18:00,NSE:DELTAMAGNT,25.2,25.2,25.2,25.2,5.0
2020-12-31 09:24:00,NSE:DELTAMAGNT,26.25,26.25,26.25,26.25,1.0
2020-12-31 09:30:00,NSE:DELTAMAGNT,25.2,25.2,25.2,25.2,680.0
2020-12-31 09:36:00,NSE:DELTAMAGNT,25.25,26.25,25.25,26.25,51.0
2020-12-31 09:42:00,NSE:DELTAMAGNT,27.0,27.0,27.0,27.0,200.0
2020-12-31 10:06:00,NSE:DELTAMAGNT,26.85,26.85,26.85,26.85,5.0
2020-12-31 10:12:00,NSE:DELTAMAGNT,26.25,26.25,26.25,26.25,40.0
2020-12-31 10:39:00,NSE:DELTAMAGNT,26.45,26.45,26.45,26.45,1000.0
2020-12-31 10:42:00,NSE:DELTAMAGNT,27.0,27.35,27.0,27.35,2500.0
2020-12-31 11:00:00,NSE:DELTAMAGNT,27.3,27.35,27.3,27.35,2100.0
2020-12-31 11:39:00,NSE:DELTAMAGNT,26.55,26.55,26.55,26.55,200.0
2020-12-31 12:24:00,NSE:DELTAMAGNT,27.0,27.0,27.0,27.0,37.0
2020-12-31 12:30:00,NSE:DELTAMAGNT,27.0,27.0,27.0,27.0,20.0
2020-12-31 12:36:00,NSE:DELTAMAGNT,27.0,27.0,27.0,27.0,43.0
2020-12-31 12:57:00,NSE:DELTAMAGNT,26.7,26.7,26.7,26.7,26.0
2020-12-31 13:06:00,NSE:DELTAMAGNT,27.3,27.3,27.3,27.3,700.0
2020-12-31 14:03:00,NSE:DELTAMAGNT,26.7,26.7,26.7,26.7,100.0
2020-12-31 14:12:00,NSE:DELTAMAGNT,26.75,26.75,26.75,26.75,10.0
2020-12-31 14:36:00,NSE:DELTAMAGNT,26.8,26.8,26.8,26.8,14.0
2020-12-31 14:42:00,NSE:DELTAMAGNT,26.8,26.8,26.8,26.8,16.0
2020-12-31 14:54:00,NSE:DELTAMAGNT,26.8,26.8,26.7,26.7,200.0
2020-12-31 15:21:00,NSE:DELTAMAGNT,26.7,26.7,26.7,26.7,10.0
2020-12-31 15:24:00,NSE:DELTAMAGNT,26.7,26.7,26.7,26.7,48.0
2020-12-31 15:27:00,NSE:DELTAMAGNT,26.7,26.7,26.7,26.7,84.0
2021-01-01 09:33:00,NSE:DELTAMAGNT,27.6,27.6,27.6,27.6,25.0
2021-01-01 10:15:00,NSE:DELTAMAGNT,27.55,27.55,27.55,27.55,100.0
2021-01-01 10:24:00,NSE:DELTAMAGNT,27.55,27.55,27.55,27.55,200.0
2021-01-01 11:06:00,NSE:DELTAMAGNT,27.1,27.1,27.1,27.1,25.0
2021-01-01 11:36:00,NSE:DELTAMAGNT,27.1,27.1,27.1,27.1,200.0
2021-01-01 11:39:00,NSE:DELTAMAGNT,27.1,27.1,27.1,27.1,5.0
2021-01-01 12:03:00,NSE:DELTAMAGNT,27.1,27.1,27.1,27.1,115.0
2021-01-01 12:30:00,NSE:DELTAMAGNT,27.4,27.4,27.4,27.4,100.0
2021-01-01 12:33:00,NSE:DELTAMAGNT,27.4,27.4,27.4,27.4,5.0
2021-01-01 12:42:00,NSE:DELTAMAGNT,27.4,27.55,27.4,27.55,245.0
2021-01-01 12:51:00,NSE:DELTAMAGNT,27.55,27.55,27.55,27.55,6.0
2021-01-01 12:54:00,NSE:DELTAMAGNT,27.4,27.4,27.4,27.4,2.0
2021-01-01 13:33:00,NSE:DELTAMAGNT,27.4,27.4,27.4,27.4,154.0
2021-01-01 13:36:00,NSE:DELTAMAGNT,27.4,27.4,27.4,27.4,70.0
2021-01-01 13:57:00,NSE:DELTAMAGNT,28.0,28.0,28.0,28.0,413.0
2021-01-01 14:06:00,NSE:DELTAMAGNT,28.0,28.0,28.0,28.0,300.0
2021-01-01 14:09:00,NSE:DELTAMAGNT,28.0,28.0,28.0,28.0,100.0
2021-01-01 14:33:00,NSE:DELTAMAGNT,28.0,28.0,28.0,28.0,11.0
2021-01-01 14:54:00,NSE:DELTAMAGNT,28.0,28.0,28.0,28.0,581.0
2021-01-04 09:06:00,NSE:DELTAMAGNT,27.25,27.25,27.25,27.25,90.0
2021-01-04 09:21:00,NSE:DELTAMAGNT,28.75,28.75,28.75,28.75,1.0
2021-01-04 09:33:00,NSE:DELTAMAGNT,28.2,28.2,28.2,28.2,200.0
2021-01-04 09:36:00,NSE:DELTAMAGNT,28.0,28.0,28.0,28.0,300.0
2021-01-04 09:39:00,NSE:DELTAMAGNT,28.75,28.75,28.0,28.0,151.0
2021-01-04 09:42:00,NSE:DELTAMAGNT,28.0,28.0,28.0,28.0,15.0
2021-01-04 09:57:00,NSE:DELTAMAGNT,28.05,28.05,28.05,28.05,50.0
2021-01-04 10:24:00,NSE:DELTAMAGNT,28.05,28.05,28.05,28.05,500.0
2021-01-04 10:39:00,NSE:DELTAMAGNT,28.05,28.05,28.05,28.05,50.0
2021-01-04 10:42:00,NSE:DELTAMAGNT,28.8,29.0,28.8,29.0,1100.0
2021-01-04 10:45:00,NSE:DELTAMAGNT,29.0,29.0,29.0,29.0,250.0
2021-01-04 11:12:00,NSE:DELTAMAGNT,28.0,28.0,28.0,28.0,1010.0
2021-01-04 11:15:00,NSE:DELTAMAGNT,27.5,27.5,27.5,27.5,100.0
2021-01-04 11:51:00,NSE:DELTAMAGNT,29.0,29.0,29.0,29.0,510.0
2021-01-04 12:12:00,NSE:DELTAMAGNT,28.9,28.9,28.9,28.9,50.0
2021-01-04 12:18:00,NSE:DELTAMAGNT,28.9,28.9,28.9,28.9,20.0
2021-01-04 12:24:00,NSE:DELTAMAGNT,28.9,28.9,28.9,28.9,10.0
2021-01-04 12:36:00,NSE:DELTAMAGNT,29.0,29.0,29.0,29.0,300.0
2021-01-04 12:45:00,NSE:DELTAMAGNT,29.0,29.0,29.0,29.0,100.0
2021-01-04 12:54:00,NSE:DELTAMAGNT,28.05,28.05,28.05,28.05,100.0
2021-01-04 13:33:00,NSE:DELTAMAGNT,28.95,28.95,28.95,28.95,17.0
2021-01-04 13:36:00,NSE:DELTAMAGNT,29.0,29.0,29.0,29.0,983.0
2021-01-04 13:39:00,NSE:DELTAMAGNT,28.1,28.1,28.1,28.1,50.0
2021-01-04 14:12:00,NSE:DELTAMAGNT,28.25,28.25,28.25,28.25,345.0
2021-01-04 14:42:00,NSE:DELTAMAGNT,28.9,28.9,28.9,28.9,50.0
2021-01-04 15:06:00,NSE:DELTAMAGNT,28.8,28.8,28.8,28.8,10.0
2021-01-04 15:09:00,NSE:DELTAMAGNT,28.8,28.8,28.8,28.8,90.0
2021-01-04 15:27:00,NSE:DELTAMAGNT,29.0,29.0,29.0,29.0,1000.0
2021-01-05 09:15:00,NSE:DELTAMAGNT,27.6,28.95,27.6,27.6,200.0
2021-01-05 09:21:00,NSE:DELTAMAGNT,30.0,30.0,30.0,30.0,1.0
2021-01-05 09:30:00,NSE:DELTAMAGNT,27.75,29.9,27.75,29.9,109.0
2021-01-05 09:33:00,NSE:DELTAMAGNT,27.75,27.75,27.75,27.75,500.0
2021-01-05 09:45:00,NSE:DELTAMAGNT,27.8,27.8,27.8,27.8,30.0
2021-01-05 10:09:00,NSE:DELTAMAGNT,29.45,29.45,29.45,29.45,20.0
2021-01-05 10:18:00,NSE:DELTAMAGNT,29.35,29.35,29.35,29.35,67.0
2021-01-05 10:24:00,NSE:DELTAMAGNT,28.1,28.1,28.1,28.1,100.0
2021-01-05 11:00:00,NSE:DELTAMAGNT,29.2,29.2,29.2,29.2,110.0
2021-01-05 11:03:00,NSE:DELTAMAGNT,29.0,29.0,29.0,29.0,30.0
2021-01-05 11:12:00,NSE:DELTAMAGNT,27.8,27.8,27.8,27.8,200.0
2021-01-05 11:21:00,NSE:DELTAMAGNT,29.2,29.2,29.2,29.2,500.0
2021-01-05 11:27:00,NSE:DELTAMAGNT,29.2,29.2,29.2,29.2,50.0
2021-01-05 11:30:00,NSE:DELTAMAGNT,27.8,27.8,27.8,27.8,8.0
2021-01-05 11:54:00,NSE:DELTAMAGNT,29.0,29.0,29.0,29.0,336.0
2021-01-05 12:33:00,NSE:DELTAMAGNT,29.0,29.0,29.0,29.0,10.0
2021-01-05 12:45:00,NSE:DELTAMAGNT,29.0,29.0,29.0,29.0,3.0
2021-01-05 13:24:00,NSE:DELTAMAGNT,29.0,29.0,29.0,29.0,100.0
2021-01-05 13:30:00,NSE:DELTAMAGNT,29.0,29.0,29.0,29.0,5.0
2021-01-05 13:33:00,NSE:DELTAMAGNT,29.0,29.0,29.0,29.0,22.0
2021-01-05 13:36:00,NSE:DELTAMAGNT,29.0,29.0,29.0,29.0,25.0
2021-01-05 13:48:00,NSE:DELTAMAGNT,28.5,28.5,28.5,28.5,2.0
2021-01-05 13:51:00,NSE:DELTAMAGNT,28.1,28.1,28.1,28.1,100.0
2021-01-05 14:06:00,NSE:DELTAMAGNT,28.1,28.1,28.1,28.1,3.0
2021-01-05 14:48:00,NSE:DELTAMAGNT,28.1,28.1,28.1,28.1,100.0
2021-01-06 09:42:00,NSE:DELTAMAGNT,28.2,28.2,28.2,28.2,115.0
2021-01-06 09:45:00,NSE:DELTAMAGNT,28.2,28.2,28.2,28.2,30.0
2021-01-06 09:54:00,NSE:DELTAMAGNT,28.2,28.2,28.2,28.2,55.0
2021-01-06 10:06:00,NSE:DELTAMAGNT,28.1,28.1,28.1,28.1,25.0
2021-01-06 10:12:00,NSE:DELTAMAGNT,28.2,28.2,28.2,28.2,664.0
2021-01-06 10:18:00,NSE:DELTAMAGNT,28.2,28.2,28.2,28.2,35.0
2021-01-06 10:21:00,NSE:DELTAMAGNT,28.2,28.2,27.5,27.5,1044.0
2021-01-06 10:42:00,NSE:DELTAMAGNT,27.5,27.5,27.5,27.5,2.0
2021-01-06 10:48:00,NSE:DELTAMAGNT,29.4,29.4,29.4,29.4,5.0
2021-01-06 11:36:00,NSE:DELTAMAGNT,29.2,29.2,29.2,29.2,100.0
2021-01-06 11:51:00,NSE:DELTAMAGNT,27.65,27.65,27.65,27.65,46.0
2021-01-06 11:54:00,NSE:DELTAMAGNT,29.15,29.15,29.15,29.15,150.0
2021-01-06 12:00:00,NSE:DELTAMAGNT,27.65,27.65,27.65,27.65,149.0
2021-01-06 12:06:00,NSE:DELTAMAGNT,29.15,29.15,29.15,29.15,10.0
2021-01-06 12:09:00,NSE:DELTAMAGNT,27.65,27.65,27.65,27.65,470.0
2021-01-06 12:12:00,NSE:DELTAMAGNT,27.65,27.65,27.65,27.65,46.0
2021-01-06 12:54:00,NSE:DELTAMAGNT,29.15,29.15,29.15,29.15,1.0
2021-01-06 13:03:00,NSE:DELTAMAGNT,27.65,27.65,27.65,27.65,2.0
2021-01-06 13:09:00,NSE:DELTAMAGNT,28.95,28.95,28.95,28.95,68.0
2021-01-06 13:12:00,NSE:DELTAMAGNT,28.95,28.95,28.95,28.95,230.0
2021-01-06 13:18:00,NSE:DELTAMAGNT,27.75,27.75,27.75,27.75,40.0
2021-01-06 13:27:00,NSE:DELTAMAGNT,28.95,28.95,28.95,28.95,1.0
2021-01-06 13:30:00,NSE:DELTAMAGNT,27.8,29.15,27.8,29.15,815.0
2021-01-06 13:36:00,NSE:DELTAMAGNT,29.0,29.0,29.0,29.0,50.0
2021-01-06 13:45:00,NSE:DELTAMAGNT,27.8,27.8,27.8,27.8,200.0
2021-01-06 14:09:00,NSE:DELTAMAGNT,29.0,29.0,29.0,29.0,50.0
2021-01-06 14:21:00,NSE:DELTAMAGNT,27.8,27.8,27.8,27.8,10.0
2021-01-06 14:33:00,NSE:DELTAMAGNT,29.0,29.0,29.0,29.0,1.0
2021-01-06 14:51:00,NSE:DELTAMAGNT,29.0,29.0,29.0,29.0,40.0
2021-01-06 15:00:00,NSE:DELTAMAGNT,29.0,29.0,29.0,29.0,172.0
2021-01-06 15:06:00,NSE:DELTAMAGNT,28.95,28.95,28.95,28.95,400.0
2021-01-07 09:18:00,NSE:DELTAMAGNT,29.5,29.5,29.4,29.5,70.0
2021-01-07 09:21:00,NSE:DELTAMAGNT,29.0,29.0,27.55,27.55,953.0
2021-01-07 09:54:00,NSE:DELTAMAGNT,29.0,29.0,29.0,29.0,1.0
2021-01-07 10:18:00,NSE:DELTAMAGNT,27.65,28.95,27.65,28.95,400.0
2021-01-07 10:24:00,NSE:DELTAMAGNT,28.95,28.95,28.95,28.95,50.0
2021-01-07 10:39:00,NSE:DELTAMAGNT,27.6,27.6,27.6,27.6,1500.0
2021-01-07 10:45:00,NSE:DELTAMAGNT,27.8,27.8,27.8,27.8,200.0
2021-01-07 10:48:00,NSE:DELTAMAGNT,27.65,27.65,27.65,27.65,46.0
2021-01-07 10:51:00,NSE:DELTAMAGNT,27.85,29.0,27.65,27.65,1030.0
2021-01-07 11:00:00,NSE:DELTAMAGNT,28.8,28.8,28.8,28.8,1.0
2021-01-07 11:06:00,NSE:DELTAMAGNT,27.65,27.65,27.65,27.65,18.0
2021-01-07 11:09:00,NSE:DELTAMAGNT,27.8,27.8,27.8,27.8,50.0
2021-01-07 11:12:00,NSE:DELTAMAGNT,28.8,28.8,28.8,28.8,1.0
2021-01-07 11:15:00,NSE:DELTAMAGNT,28.8,28.8,28.8,28.8,200.0
2021-01-07 11:48:00,NSE:DELTAMAGNT,27.55,27.55,27.55,27.55,5000.0
2021-01-07 12:06:00,NSE:DELTAMAGNT,27.6,27.6,27.6,27.6,100.0
2021-01-07 12:12:00,NSE:DELTAMAGNT,27.6,27.6,27.6,27.6,500.0
2021-01-07 12:27:00,NSE:DELTAMAGNT,28.75,28.75,28.75,28.75,10.0
2021-01-07 12:48:00,NSE:DELTAMAGNT,28.0,28.0,28.0,28.0,200.0
2021-01-07 13:45:00,NSE:DELTAMAGNT,27.6,27.6,27.6,27.6,17.0
2021-01-07 13:51:00,NSE:DELTAMAGNT,27.6,27.6,27.6,27.6,35.0
2021-01-07 13:57:00,NSE:DELTAMAGNT,28.5,28.5,28.5,28.5,80.0
2021-01-07 14:03:00,NSE:DELTAMAGNT,28.5,28.5,28.5,28.5,1.0
2021-01-07 14:21:00,NSE:DELTAMAGNT,28.5,28.5,27.65,27.65,2150.0
2021-01-07 14:27:00,NSE:DELTAMAGNT,28.5,28.5,28.5,28.5,10.0
2021-01-07 15:06:00,NSE:DELTAMAGNT,27.7,27.7,27.7,27.7,200.0
2021-01-07 15:18:00,NSE:DELTAMAGNT,27.65,27.65,27.65,27.65,500.0
2021-01-08 09:27:00,NSE:DELTAMAGNT,28.45,28.45,28.45,28.45,1.0
2021-01-08 09:36:00,NSE:DELTAMAGNT,28.5,28.5,27.75,27.75,1200.0
2021-01-08 09:51:00,NSE:DELTAMAGNT,27.75,27.75,27.75,27.75,3.0
2021-01-08 09:54:00,NSE:DELTAMAGNT,28.5,28.5,28.5,28.5,1000.0
2021-01-08 10:18:00,NSE:DELTAMAGNT,27.8,27.8,27.8,27.8,100.0
2021-01-08 10:30:00,NSE:DELTAMAGNT,28.35,28.35,28.35,28.35,3.0
2021-01-08 10:42:00,NSE:DELTAMAGNT,27.8,27.8,27.8,27.8,13.0
2021-01-08 10:51:00,NSE:DELTAMAGNT,28.2,28.2,28.2,28.2,1.0
2021-01-08 11:27:00,NSE:DELTAMAGNT,27.8,27.8,27.8,27.8,118.0
2021-01-08 11:39:00,NSE:DELTAMAGNT,27.75,27.75,27.75,27.75,100.0
2021-01-08 12:12:00,NSE:DELTAMAGNT,27.75,27.75,27.75,27.75,80.0
2021-01-08 12:21:00,NSE:DELTAMAGNT,27.75,27.75,27.75,27.75,1.0
2021-01-08 12:42:00,NSE:DELTAMAGNT,27.8,27.8,27.8,27.8,196.0
2021-01-08 13:00:00,NSE:DELTAMAGNT,27.75,27.75,27.75,27.75,1565.0
2021-01-08 13:06:00,NSE:DELTAMAGNT,27.75,27.75,27.75,27.75,232.0
2021-01-08 13:51:00,NSE:DELTAMAGNT,27.75,27.75,27.75,27.75,700.0
2021-01-08 14:06:00,NSE:DELTAMAGNT,27.75,27.75,27.75,27.75,1.0
2021-01-08 14:09:00,NSE:DELTAMAGNT,27.75,27.75,27.75,27.75,347.0
2021-01-08 14:48:00,NSE:DELTAMAGNT,27.8,27.8,27.8,27.8,100.0
2021-01-08 15:21:00,NSE:DELTAMAGNT,27.8,27.8,27.8,27.8,76.0
2021-01-08 15:24:00,NSE:DELTAMAGNT,27.75,27.75,27.75,27.75,1639.0
2021-01-08 15:27:00,NSE:DELTAMAGNT,27.75,27.75,27.75,27.75,399.0
2021-01-11 09:33:00,NSE:DELTAMAGNT,27.75,27.75,27.75,27.75,300.0
2021-01-11 09:42:00,NSE:DELTAMAGNT,27.0,27.0,27.0,27.0,100.0
2021-01-11 10:12:00,NSE:DELTAMAGNT,27.85,27.85,27.85,27.85,7.0
2021-01-11 10:30:00,NSE:DELTAMAGNT,27.25,27.25,27.25,27.25,57.0
2021-01-11 10:39:00,NSE:DELTAMAGNT,27.25,27.25,27.25,27.25,100.0
2021-01-11 11:30:00,NSE:DELTAMAGNT,27.25,27.25,27.25,27.25,40.0
2021-01-11 11:39:00,NSE:DELTAMAGNT,27.25,27.25,27.25,27.25,667.0
2021-01-11 11:48:00,NSE:DELTAMAGNT,27.25,27.25,27.25,27.25,230.0
2021-01-11 12:15:00,NSE:DELTAMAGNT,27.25,27.25,27.25,27.25,80.0
2021-01-11 12:18:00,NSE:DELTAMAGNT,27.2,27.2,27.1,27.1,230.0
2021-01-11 13:57:00,NSE:DELTAMAGNT,27.6,27.6,27.6,27.6,50.0
2021-01-11 14:15:00,NSE:DELTAMAGNT,27.15,27.15,27.15,27.15,2.0
2021-01-11 14:21:00,NSE:DELTAMAGNT,27.6,27.6,27.6,27.6,5.0
2021-01-11 14:54:00,NSE:DELTAMAGNT,27.75,27.75,27.75,27.75,1000.0
2021-01-11 15:18:00,NSE:DELTAMAGNT,27.15,27.15,27.15,27.15,16.0
2021-01-11 15:24:00,NSE:DELTAMAGNT,27.15,27.15,27.15,27.15,150.0
2021-01-12 09:18:00,NSE:DELTAMAGNT,27.5,27.5,27.5,27.5,233.0
2021-01-12 09:42:00,NSE:DELTAMAGNT,28.45,28.45,28.45,28.45,770.0
2021-01-12 09:48:00,NSE:DELTAMAGNT,28.5,28.5,28.5,28.5,240.0
2021-01-12 09:51:00,NSE:DELTAMAGNT,28.45,28.45,28.45,28.45,1.0
2021-01-12 10:12:00,NSE:DELTAMAGNT,27.55,27.55,27.55,27.55,7.0
2021-01-12 10:18:00,NSE:DELTAMAGNT,27.6,27.6,27.6,27.6,60.0
2021-01-12 11:03:00,NSE:DELTAMAGNT,28.2,28.2,28.2,28.2,100.0
2021-01-12 11:39:00,NSE:DELTAMAGNT,27.7,27.7,27.7,27.7,23.0
2021-01-12 11:42:00,NSE:DELTAMAGNT,27.7,27.7,27.7,27.7,177.0
2021-01-12 11:48:00,NSE:DELTAMAGNT,27.5,27.5,27.5,27.5,50.0
2021-01-12 12:00:00,NSE:DELTAMAGNT,27.7,27.7,27.7,27.7,100.0
2021-01-12 12:06:00,NSE:DELTAMAGNT,27.7,27.7,27.7,27.7,183.0
2021-01-12 12:09:00,NSE:DELTAMAGNT,27.7,27.7,27.7,27.7,40.0
2021-01-12 12:15:00,NSE:DELTAMAGNT,27.7,27.7,27.7,27.7,26.0
2021-01-12 12:36:00,NSE:DELTAMAGNT,28.3,28.3,28.3,28.3,250.0
2021-01-12 12:48:00,NSE:DELTAMAGNT,27.7,27.7,27.7,27.7,23.0
2021-01-12 13:09:00,NSE:DELTAMAGNT,27.7,27.7,27.7,27.7,1.0
2021-01-12 13:33:00,NSE:DELTAMAGNT,28.0,28.0,28.0,28.0,527.0
2021-01-12 14:06:00,NSE:DELTAMAGNT,28.0,28.0,28.0,28.0,50.0
2021-01-12 14:18:00,NSE:DELTAMAGNT,27.65,27.65,27.65,27.65,69.0
2021-01-12 14:36:00,NSE:DELTAMAGNT,28.0,28.0,28.0,28.0,60.0
2021-01-12 15:24:00,NSE:DELTAMAGNT,28.0,28.0,28.0,28.0,275.0
2021-01-13 09:18:00,NSE:DELTAMAGNT,28.8,28.8,28.0,28.8,357.0
2021-01-13 09:24:00,NSE:DELTAMAGNT,28.75,28.75,28.75,28.75,100.0
2021-01-13 09:27:00,NSE:DELTAMAGNT,26.7,26.7,26.7,26.7,800.0
2021-01-13 09:39:00,NSE:DELTAMAGNT,27.0,27.0,27.0,27.0,46.0
2021-01-13 10:12:00,NSE:DELTAMAGNT,28.65,28.65,28.65,28.65,1.0
2021-01-13 10:15:00,NSE:DELTAMAGNT,28.65,28.65,28.65,28.65,5.0
2021-01-13 10:21:00,NSE:DELTAMAGNT,27.05,27.05,27.05,27.05,13.0
2021-01-13 11:54:00,NSE:DELTAMAGNT,27.05,27.05,27.05,27.05,92.0
2021-01-13 13:12:00,NSE:DELTAMAGNT,27.2,27.2,27.2,27.2,250.0
2021-01-13 13:18:00,NSE:DELTAMAGNT,27.2,27.2,27.2,27.2,80.0
2021-01-13 13:39:00,NSE:DELTAMAGNT,27.25,27.25,27.25,27.25,226.0
2021-01-13 14:03:00,NSE:DELTAMAGNT,27.95,27.95,27.95,27.95,6.0
2021-01-13 14:21:00,NSE:DELTAMAGNT,27.3,27.3,27.3,27.3,170.0
2021-01-13 14:24:00,NSE:DELTAMAGNT,27.3,27.3,27.3,27.3,1.0
2021-01-13 14:51:00,NSE:DELTAMAGNT,27.3,27.3,27.3,27.3,10.0
2021-01-13 15:12:00,NSE:DELTAMAGNT,27.3,27.3,27.3,27.3,300.0
2021-01-13 15:15:00,NSE:DELTAMAGNT,27.3,27.3,27.1,27.1,35.0
2021-01-14 09:27:00,NSE:DELTAMAGNT,27.95,27.95,27.5,27.95,240.0
2021-01-14 09:30:00,NSE:DELTAMAGNT,27.95,27.95,27.95,27.95,4.0
2021-01-14 09:36:00,NSE:DELTAMAGNT,27.3,27.3,27.3,27.3,20.0
2021-01-14 09:39:00,NSE:DELTAMAGNT,27.3,27.3,27.3,27.3,30.0
2021-01-14 10:45:00,NSE:DELTAMAGNT,27.3,27.3,27.3,27.3,195.0
2021-01-14 11:21:00,NSE:DELTAMAGNT,27.3,27.3,27.3,27.3,556.0
2021-01-14 12:15:00,NSE:DELTAMAGNT,27.3,27.3,27.3,27.3,100.0
2021-01-14 12:27:00,NSE:DELTAMAGNT,27.25,27.25,27.25,27.25,237.0
2021-01-14 12:57:00,NSE:DELTAMAGNT,27.4,27.4,27.4,27.4,90.0
2021-01-14 13:12:00,NSE:DELTAMAGNT,27.35,27.35,27.35,27.35,15.0
2021-01-14 13:36:00,NSE:DELTAMAGNT,27.25,27.25,27.25,27.25,763.0
2021-01-14 14:03:00,NSE:DELTAMAGNT,26.3,26.3,26.3,26.3,140.0
2021-01-14 14:51:00,NSE:DELTAMAGNT,26.65,26.65,26.65,26.65,20.0
2021-01-14 15:00:00,NSE:DELTAMAGNT,27.2,27.2,27.2,27.2,1.0
2021-01-14 15:06:00,NSE:DELTAMAGNT,27.2,27.2,27.2,27.2,50.0
2021-01-14 15:09:00,NSE:DELTAMAGNT,27.2,27.2,27.2,27.2,49.0
2021-01-14 15:27:00,NSE:DELTAMAGNT,27.25,27.25,27.25,27.25,100.0
2021-01-15 09:06:00,NSE:DELTAMAGNT,28.0,28.0,28.0,28.0,150.0
2021-01-15 09:15:00,NSE:DELTAMAGNT,26.55,26.55,26.55,26.55,4.0
2021-01-15 09:33:00,NSE:DELTAMAGNT,26.55,26.55,26.55,26.55,400.0
2021-01-15 09:36:00,NSE:DELTAMAGNT,26.55,26.55,26.55,26.55,1.0
2021-01-15 09:45:00,NSE:DELTAMAGNT,26.55,26.55,26.55,26.55,1.0
2021-01-15 09:48:00,NSE:DELTAMAGNT,26.55,26.55,26.55,26.55,10.0
2021-01-15 10:39:00,NSE:DELTAMAGNT,26.55,26.55,26.55,26.55,345.0
2021-01-15 11:12:00,NSE:DELTAMAGNT,26.55,26.55,26.55,26.55,115.0
2021-01-15 11:15:00,NSE:DELTAMAGNT,26.55,26.55,26.55,26.55,15.0
2021-01-15 11:39:00,NSE:DELTAMAGNT,26.55,26.55,26.55,26.55,50.0
2021-01-15 12:00:00,NSE:DELTAMAGNT,26.6,26.6,26.6,26.6,30.0
2021-01-15 12:30:00,NSE:DELTAMAGNT,26.6,26.6,26.6,26.6,200.0
2021-01-15 12:45:00,NSE:DELTAMAGNT,27.5,27.5,27.5,27.5,100.0
2021-01-15 12:48:00,NSE:DELTAMAGNT,26.6,26.6,26.6,26.6,201.0
2021-01-15 13:06:00,NSE:DELTAMAGNT,27.5,27.5,27.5,27.5,55.0
2021-01-15 13:18:00,NSE:DELTAMAGNT,26.6,26.6,26.6,26.6,5.0
2021-01-15 13:39:00,NSE:DELTAMAGNT,26.55,26.55,26.55,26.55,793.0
2021-01-15 13:42:00,NSE:DELTAMAGNT,26.55,26.55,26.5,26.5,989.0
2021-01-15 14:24:00,NSE:DELTAMAGNT,27.4,27.4,27.4,27.4,100.0
2021-01-15 15:06:00,NSE:DELTAMAGNT,26.6,26.6,26.6,26.6,50.0
2021-01-15 15:09:00,NSE:DELTAMAGNT,26.6,26.6,26.6,26.6,50.0
2021-01-15 15:12:00,NSE:DELTAMAGNT,26.5,26.5,26.15,26.15,800.0
2021-01-15 15:18:00,NSE:DELTAMAGNT,27.35,27.35,27.35,27.35,300.0
2021-01-15 15:21:00,NSE:DELTAMAGNT,26.15,26.15,26.15,26.15,494.0
2021-01-18 09:33:00,NSE:DELTAMAGNT,25.55,25.55,25.55,25.55,3.0
2021-01-18 09:36:00,NSE:DELTAMAGNT,25.55,25.55,25.55,25.55,100.0
2021-01-18 09:48:00,NSE:DELTAMAGNT,25.55,25.55,25.55,25.55,5.0
2021-01-18 10:03:00,NSE:DELTAMAGNT,25.55,25.55,25.55,25.55,150.0
2021-01-18 10:09:00,NSE:DELTAMAGNT,26.25,26.25,26.25,26.25,30.0
2021-01-18 10:24:00,NSE:DELTAMAGNT,25.75,25.75,25.75,25.75,130.0
2021-01-18 12:45:00,NSE:DELTAMAGNT,26.95,26.95,26.95,26.95,500.0
2021-01-18 12:54:00,NSE:DELTAMAGNT,26.95,27.0,26.95,27.0,400.0
2021-01-18 13:15:00,NSE:DELTAMAGNT,26.05,26.05,26.05,26.05,40.0
2021-01-18 13:42:00,NSE:DELTAMAGNT,26.05,26.05,26.05,26.05,7.0
2021-01-18 13:51:00,NSE:DELTAMAGNT,26.05,26.05,26.05,26.05,93.0
2021-01-18 14:21:00,NSE:DELTAMAGNT,26.05,26.05,26.05,26.05,5.0
2021-01-18 15:00:00,NSE:DELTAMAGNT,26.15,26.15,26.15,26.15,185.0
2021-01-19 10:21:00,NSE:DELTAMAGNT,26.15,26.2,26.15,26.15,1250.0
2021-01-19 12:12:00,NSE:DELTAMAGNT,26.25,26.25,26.25,26.25,100.0
2021-01-19 12:18:00,NSE:DELTAMAGNT,26.85,26.85,26.85,26.85,51.0
2021-01-19 13:30:00,NSE:DELTAMAGNT,26.15,26.15,26.15,26.15,2500.0
2021-01-19 14:06:00,NSE:DELTAMAGNT,26.25,26.25,26.25,26.25,10.0
2021-01-19 14:57:00,NSE:DELTAMAGNT,26.9,26.9,26.9,26.9,990.0
2021-01-19 15:00:00,NSE:DELTAMAGNT,26.9,27.35,26.9,27.35,200.0
2021-01-19 15:09:00,NSE:DELTAMAGNT,27.0,27.0,27.0,27.0,10.0
2021-01-19 15:27:00,NSE:DELTAMAGNT,26.55,26.55,26.55,26.55,350.0
2021-01-20 09:30:00,NSE:DELTAMAGNT,26.25,26.25,26.25,26.25,46.0
2021-01-20 09:33:00,NSE:DELTAMAGNT,25.65,25.65,25.65,25.65,230.0
2021-01-20 10:54:00,NSE:DELTAMAGNT,25.75,27.35,25.75,27.35,27.0
2021-01-20 10:57:00,NSE:DELTAMAGNT,25.75,25.75,25.75,25.75,115.0
2021-01-20 11:03:00,NSE:DELTAMAGNT,25.75,25.75,25.75,25.75,23.0
2021-01-20 12:00:00,NSE:DELTAMAGNT,26.0,26.0,26.0,26.0,100.0
2021-01-20 12:18:00,NSE:DELTAMAGNT,27.35,27.35,27.35,27.35,8.0
2021-01-20 12:24:00,NSE:DELTAMAGNT,26.0,26.0,26.0,26.0,782.0
2021-01-20 14:51:00,NSE:DELTAMAGNT,26.0,26.0,26.0,26.0,1.0
2021-01-20 14:57:00,NSE:DELTAMAGNT,26.0,26.0,26.0,26.0,4.0
2021-01-21 09:42:00,NSE:DELTAMAGNT,25.15,25.15,25.15,25.15,22.0
2021-01-21 09:48:00,NSE:DELTAMAGNT,25.15,25.15,25.15,25.15,25.0
2021-01-21 09:54:00,NSE:DELTAMAGNT,26.95,26.95,26.95,26.95,650.0
2021-01-21 10:21:00,NSE:DELTAMAGNT,26.85,26.85,26.85,26.85,2.0
2021-01-21 10:24:00,NSE:DELTAMAGNT,25.25,25.25,25.25,25.25,230.0
2021-01-21 10:33:00,NSE:DELTAMAGNT,26.85,26.85,26.85,26.85,1.0
2021-01-21 11:36:00,NSE:DELTAMAGNT,26.8,26.8,26.8,26.8,2.0
2021-01-21 11:54:00,NSE:DELTAMAGNT,25.35,25.35,25.35,25.35,20.0
2021-01-21 12:54:00,NSE:DELTAMAGNT,25.35,25.35,25.35,25.35,11.0
2021-01-21 14:54:00,NSE:DELTAMAGNT,25.4,25.4,25.4,25.4,999.0
2021-01-21 15:12:00,NSE:DELTAMAGNT,25.55,25.55,25.55,25.55,200.0
2021-01-21 15:15:00,NSE:DELTAMAGNT,25.5,25.5,25.3,25.3,1926.0
2021-01-21 15:18:00,NSE:DELTAMAGNT,25.25,25.25,25.25,25.25,296.0
2021-01-22 09:39:00,NSE:DELTAMAGNT,24.3,25.35,24.3,24.3,23.0
2021-01-22 09:48:00,NSE:DELTAMAGNT,24.35,24.35,24.35,24.35,172.0
2021-01-22 10:54:00,NSE:DELTAMAGNT,26.45,26.45,26.45,26.45,1000.0
2021-01-22 11:15:00,NSE:DELTAMAGNT,24.6,24.6,24.6,24.6,17.0
2021-01-22 12:15:00,NSE:DELTAMAGNT,26.45,26.45,26.45,26.45,14.0
2021-01-22 12:21:00,NSE:DELTAMAGNT,26.45,26.45,24.65,24.7,355.0
2021-01-22 12:33:00,NSE:DELTAMAGNT,24.7,24.7,24.7,24.7,230.0
2021-01-22 13:18:00,NSE:DELTAMAGNT,24.7,24.7,24.7,24.7,100.0
2021-01-22 14:48:00,NSE:DELTAMAGNT,24.7,24.7,24.7,24.7,115.0
2021-01-22 15:00:00,NSE:DELTAMAGNT,24.7,24.7,24.7,24.7,6.0
2021-01-22 15:15:00,NSE:DELTAMAGNT,26.2,26.2,26.2,26.2,285.0
2021-01-22 15:18:00,NSE:DELTAMAGNT,26.2,26.2,26.2,26.2,300.0
2021-01-25 09:06:00,NSE:DELTAMAGNT,24.9,24.9,24.9,24.9,2.0
2021-01-25 09:36:00,NSE:DELTAMAGNT,25.0,25.0,25.0,25.0,19.0
2021-01-25 09:39:00,NSE:DELTAMAGNT,26.9,26.9,26.9,26.9,150.0
2021-01-25 09:48:00,NSE:DELTAMAGNT,26.85,26.85,26.85,26.85,1001.0
2021-01-25 10:15:00,NSE:DELTAMAGNT,24.9,24.9,24.9,24.9,1000.0
2021-01-25 10:21:00,NSE:DELTAMAGNT,25.2,25.2,25.2,25.2,40.0
2021-01-25 10:27:00,NSE:DELTAMAGNT,25.2,25.2,25.2,25.2,160.0
2021-01-25 10:36:00,NSE:DELTAMAGNT,24.9,24.9,24.9,24.9,915.0
2021-01-25 10:51:00,NSE:DELTAMAGNT,24.9,24.9,24.9,24.9,5.0
2021-01-25 10:57:00,NSE:DELTAMAGNT,24.9,24.9,24.9,24.9,5.0
2021-01-25 11:06:00,NSE:DELTAMAGNT,24.9,25.2,24.9,24.9,125.0
2021-01-25 12:45:00,NSE:DELTAMAGNT,24.9,24.9,24.9,24.9,50.0
2021-01-25 13:42:00,NSE:DELTAMAGNT,24.9,24.9,24.9,24.9,1240.0
2021-01-25 14:30:00,NSE:DELTAMAGNT,25.15,25.15,25.15,25.15,75.0
2021-01-25 15:21:00,NSE:DELTAMAGNT,24.9,24.9,24.9,24.9,25.0
2021-01-25 15:24:00,NSE:DELTAMAGNT,24.9,24.9,24.9,24.9,1200.0
2021-01-27 09:15:00,NSE:DELTAMAGNT,26.0,26.0,26.0,26.0,2000.0
2021-01-27 09:21:00,NSE:DELTAMAGNT,26.0,26.0,23.7,23.7,809.0
2021-01-27 09:27:00,NSE:DELTAMAGNT,23.7,23.7,23.7,23.7,5.0
2021-01-27 09:30:00,NSE:DELTAMAGNT,23.7,23.7,23.7,23.7,100.0
2021-01-27 09:39:00,NSE:DELTAMAGNT,23.7,23.7,23.7,23.7,300.0
2021-01-27 09:45:00,NSE:DELTAMAGNT,23.7,23.7,23.7,23.7,76.0
2021-01-27 09:48:00,NSE:DELTAMAGNT,23.7,23.7,23.7,23.7,50.0
2021-01-27 09:54:00,NSE:DELTAMAGNT,23.7,23.7,23.7,23.7,2.0
2021-01-27 10:00:00,NSE:DELTAMAGNT,23.7,23.7,23.7,23.7,240.0
2021-01-27 10:06:00,NSE:DELTAMAGNT,23.7,23.7,23.7,23.7,100.0
2021-01-27 10:09:00,NSE:DELTAMAGNT,23.7,23.7,23.7,23.7,1569.0
2021-01-27 11:15:00,NSE:DELTAMAGNT,23.8,23.8,23.8,23.8,41.0
2021-01-27 11:27:00,NSE:DELTAMAGNT,23.8,23.8,23.8,23.8,419.0
2021-01-27 13:39:00,NSE:DELTAMAGNT,24.95,24.95,24.95,24.95,35.0
2021-01-27 14:09:00,NSE:DELTAMAGNT,23.85,23.85,23.85,23.85,25.0
2021-01-27 14:18:00,NSE:DELTAMAGNT,24.85,24.85,24.85,24.85,100.0
2021-01-27 14:21:00,NSE:DELTAMAGNT,24.85,24.85,24.85,24.85,50.0
2021-01-27 15:12:00,NSE:DELTAMAGNT,23.85,23.85,23.85,23.85,41.0
2021-01-27 15:15:00,NSE:DELTAMAGNT,23.8,23.8,23.8,23.8,9.0
2021-01-27 15:21:00,NSE:DELTAMAGNT,24.45,24.45,24.45,24.45,2.0
2021-01-27 15:27:00,NSE:DELTAMAGNT,24.8,24.8,24.8,24.8,1241.0
2021-01-28 09:54:00,NSE:DELTAMAGNT,23.55,23.55,23.55,23.55,3.0
2021-01-28 09:57:00,NSE:DELTAMAGNT,23.75,23.75,23.75,23.75,426.0
2021-01-28 12:00:00,NSE:DELTAMAGNT,24.95,24.95,24.95,24.95,100.0
2021-01-28 13:57:00,NSE:DELTAMAGNT,24.75,24.75,24.75,24.75,100.0
2021-01-28 14:30:00,NSE:DELTAMAGNT,23.75,23.75,23.75,23.75,363.0
2021-01-28 14:39:00,NSE:DELTAMAGNT,23.55,23.55,23.55,23.55,9.0
2021-01-28 15:03:00,NSE:DELTAMAGNT,23.55,23.55,23.55,23.55,10.0
2021-01-28 15:12:00,NSE:DELTAMAGNT,23.6,23.6,23.6,23.6,2.0
2021-01-29 09:15:00,NSE:DELTAMAGNT,23.1,23.1,23.1,23.1,2785.0
2021-01-29 09:24:00,NSE:DELTAMAGNT,23.2,23.2,23.2,23.2,19.0
2021-01-29 09:27:00,NSE:DELTAMAGNT,24.7,24.7,24.7,24.7,25.0
2021-01-29 10:24:00,NSE:DELTAMAGNT,24.55,24.55,24.55,24.55,50.0
2021-01-29 10:27:00,NSE:DELTAMAGNT,23.2,23.2,23.2,23.2,14.0
2021-01-29 10:30:00,NSE:DELTAMAGNT,24.55,24.55,24.55,24.55,10.0
2021-01-29 10:42:00,NSE:DELTAMAGNT,24.6,24.6,24.6,24.6,1000.0
2021-01-29 10:45:00,NSE:DELTAMAGNT,24.7,24.7,24.7,24.7,1000.0
2021-01-29 10:54:00,NSE:DELTAMAGNT,24.7,24.7,24.7,24.7,370.0
2021-01-29 11:03:00,NSE:DELTAMAGNT,24.7,24.7,24.7,24.7,472.0
2021-01-29 11:21:00,NSE:DELTAMAGNT,24.7,24.7,24.7,24.7,7.0
2021-01-29 11:30:00,NSE:DELTAMAGNT,24.7,24.7,24.7,24.7,80.0
2021-01-29 11:42:00,NSE:DELTAMAGNT,24.7,24.7,24.7,24.7,913.0
2021-01-29 12:54:00,NSE:DELTAMAGNT,24.7,24.7,24.7,24.7,100.0
2021-01-29 13:42:00,NSE:DELTAMAGNT,24.7,24.7,24.7,24.7,60.0
2021-02-01 09:06:00,NSE:DELTAMAGNT,25.75,25.75,25.75,25.75,1000.0
2021-02-01 09:30:00,NSE:DELTAMAGNT,25.55,25.55,25.55,25.55,1000.0
2021-02-01 09:33:00,NSE:DELTAMAGNT,25.45,25.45,25.45,25.45,10.0
2021-02-01 09:39:00,NSE:DELTAMAGNT,25.0,25.0,25.0,25.0,41.0
2021-02-01 10:06:00,NSE:DELTAMAGNT,25.35,25.35,25.35,25.35,329.0
2021-02-01 10:15:00,NSE:DELTAMAGNT,25.45,25.45,25.45,25.45,500.0
2021-02-01 10:39:00,NSE:DELTAMAGNT,25.35,25.35,25.35,25.35,4.0
2021-02-01 10:57:00,NSE:DELTAMAGNT,25.35,25.35,25.35,25.35,2.0
2021-02-01 11:00:00,NSE:DELTAMAGNT,25.35,25.35,25.35,25.35,66.0
2021-02-01 11:06:00,NSE:DELTAMAGNT,25.35,25.35,25.35,25.35,499.0
2021-02-01 11:30:00,NSE:DELTAMAGNT,25.35,25.35,25.35,25.35,400.0
2021-02-01 13:30:00,NSE:DELTAMAGNT,25.5,25.8,25.5,25.8,500.0
2021-02-01 13:33:00,NSE:DELTAMAGNT,25.8,25.9,25.8,25.9,500.0
2021-02-01 13:36:00,NSE:DELTAMAGNT,25.9,25.9,25.9,25.9,500.0
2021-02-01 14:06:00,NSE:DELTAMAGNT,25.85,25.85,25.85,25.85,10.0
2021-02-01 14:09:00,NSE:DELTAMAGNT,25.85,25.85,25.85,25.85,10.0
2021-02-01 14:12:00,NSE:DELTAMAGNT,25.85,25.85,25.85,25.85,30.0
2021-02-01 14:18:00,NSE:DELTAMAGNT,25.85,25.85,25.85,25.85,91.0
2021-02-01 14:24:00,NSE:DELTAMAGNT,25.9,25.9,25.9,25.9,100.0
2021-02-01 14:42:00,NSE:DELTAMAGNT,25.4,25.4,25.4,25.4,23.0
2021-02-01 14:48:00,NSE:DELTAMAGNT,25.9,25.9,25.9,25.9,200.0
2021-02-01 15:12:00,NSE:DELTAMAGNT,25.4,25.4,25.4,25.4,50.0
2021-02-02 09:18:00,NSE:DELTAMAGNT,24.3,25.85,24.3,25.85,4000.0
2021-02-02 09:21:00,NSE:DELTAMAGNT,25.85,25.85,25.85,25.85,420.0
2021-02-02 09:24:00,NSE:DELTAMAGNT,25.85,25.85,25.85,25.85,15.0
2021-02-02 09:27:00,NSE:DELTAMAGNT,25.0,25.0,25.0,25.0,141.0
2021-02-02 09:36:00,NSE:DELTAMAGNT,25.8,25.8,25.8,25.8,1.0
2021-02-02 09:48:00,NSE:DELTAMAGNT,25.0,25.75,25.0,25.75,41.0
2021-02-02 09:51:00,NSE:DELTAMAGNT,25.75,25.75,25.75,25.75,100.0
2021-02-02 09:54:00,NSE:DELTAMAGNT,25.5,25.5,25.5,25.5,8.0
2021-02-02 10:18:00,NSE:DELTAMAGNT,25.0,25.0,25.0,25.0,331.0
2021-02-02 10:24:00,NSE:DELTAMAGNT,25.0,25.0,25.0,25.0,100.0
2021-02-02 10:27:00,NSE:DELTAMAGNT,24.7,24.7,24.7,24.7,230.0
2021-02-02 10:30:00,NSE:DELTAMAGNT,24.7,24.7,24.7,24.7,4000.0
2021-02-02 10:36:00,NSE:DELTAMAGNT,25.0,25.0,25.0,25.0,630.0
2021-02-02 10:39:00,NSE:DELTAMAGNT,25.1,25.1,25.1,25.1,20.0
2021-02-02 11:06:00,NSE:DELTAMAGNT,25.1,25.1,25.1,25.1,3.0
2021-02-02 11:27:00,NSE:DELTAMAGNT,25.7,25.7,25.7,25.7,4.0
2021-02-02 12:18:00,NSE:DELTAMAGNT,25.7,25.7,25.2,25.2,2.0
2021-02-02 12:48:00,NSE:DELTAMAGNT,25.65,25.7,25.65,25.7,564.0
2021-02-02 12:51:00,NSE:DELTAMAGNT,25.65,25.65,25.65,25.65,1.0
2021-02-02 12:54:00,NSE:DELTAMAGNT,25.7,25.8,25.7,25.8,501.0
2021-02-02 13:00:00,NSE:DELTAMAGNT,25.9,25.9,25.9,25.9,1352.0
2021-02-02 13:03:00,NSE:DELTAMAGNT,26.65,26.65,26.65,26.65,2334.0
2021-02-02 13:09:00,NSE:DELTAMAGNT,26.65,26.65,26.65,26.65,100.0
2021-02-02 13:15:00,NSE:DELTAMAGNT,26.65,26.65,26.65,26.65,57.0
2021-02-02 13:27:00,NSE:DELTAMAGNT,26.65,26.65,26.65,26.65,29.0
2021-02-02 13:30:00,NSE:DELTAMAGNT,26.65,26.65,26.65,26.65,2.0
2021-02-02 13:51:00,NSE:DELTAMAGNT,26.65,26.65,26.65,26.65,115.0
2021-02-02 14:27:00,NSE:DELTAMAGNT,26.65,26.65,26.65,26.65,1.0
2021-02-02 14:42:00,NSE:DELTAMAGNT,26.65,26.65,26.65,26.65,500.0
2021-02-02 14:51:00,NSE:DELTAMAGNT,26.65,26.65,26.65,26.65,1000.0
2021-02-02 14:54:00,NSE:DELTAMAGNT,26.65,26.65,26.65,26.65,460.0
2021-02-02 15:03:00,NSE:DELTAMAGNT,26.65,26.65,26.65,26.65,80.0
2021-02-02 15:21:00,NSE:DELTAMAGNT,26.65,26.65,26.65,26.65,2000.0
2021-02-03 09:15:00,NSE:DELTAMAGNT,27.9,27.9,26.5,26.5,4000.0
2021-02-03 09:18:00,NSE:DELTAMAGNT,27.9,27.95,27.9,27.95,2871.0
2021-02-03 09:27:00,NSE:DELTAMAGNT,27.3,27.3,27.25,27.25,1390.0
2021-02-03 09:30:00,NSE:DELTAMAGNT,26.3,26.3,26.3,26.3,210.0
2021-02-03 09:39:00,NSE:DELTAMAGNT,26.8,26.8,26.8,26.8,100.0
2021-02-03 09:42:00,NSE:DELTAMAGNT,27.7,27.7,27.7,27.7,100.0
2021-02-03 09:51:00,NSE:DELTAMAGNT,27.05,27.1,27.05,27.1,1005.0
2021-02-03 10:00:00,NSE:DELTAMAGNT,27.65,27.65,27.65,27.65,5.0
2021-02-03 10:03:00,NSE:DELTAMAGNT,27.65,27.65,27.5,27.5,305.0
2021-02-03 10:06:00,NSE:DELTAMAGNT,27.65,27.65,27.65,27.65,500.0
2021-02-03 10:09:00,NSE:DELTAMAGNT,27.5,27.5,27.5,27.5,25.0
2021-02-03 10:27:00,NSE:DELTAMAGNT,27.15,27.15,27.15,27.15,800.0
2021-02-03 10:30:00,NSE:DELTAMAGNT,27.15,27.15,27.15,27.15,410.0
2021-02-03 10:33:00,NSE:DELTAMAGNT,27.05,27.05,27.05,27.05,100.0
2021-02-03 10:36:00,NSE:DELTAMAGNT,27.0,27.0,27.0,27.0,20.0
2021-02-03 10:39:00,NSE:DELTAMAGNT,27.0,27.0,27.0,27.0,180.0
2021-02-03 10:54:00,NSE:DELTAMAGNT,27.0,27.0,27.0,27.0,100.0
2021-02-03 11:21:00,NSE:DELTAMAGNT,26.65,26.65,26.65,26.65,97.0
2021-02-03 11:39:00,NSE:DELTAMAGNT,26.7,26.7,26.7,26.7,230.0
2021-02-03 11:42:00,NSE:DELTAMAGNT,27.0,27.0,27.0,27.0,15.0
2021-02-03 11:51:00,NSE:DELTAMAGNT,27.15,27.15,27.15,27.15,1110.0
2021-02-03 12:12:00,NSE:DELTAMAGNT,27.15,27.15,27.15,27.15,3.0
2021-02-03 12:30:00,NSE:DELTAMAGNT,27.05,27.05,27.05,27.05,150.0
2021-02-03 13:24:00,NSE:DELTAMAGNT,27.25,27.25,27.25,27.25,15.0
2021-02-03 13:30:00,NSE:DELTAMAGNT,27.15,27.15,27.15,27.15,71.0
2021-02-03 13:51:00,NSE:DELTAMAGNT,27.15,27.15,27.15,27.15,15.0
2021-02-03 14:00:00,NSE:DELTAMAGNT,27.15,27.15,27.15,27.15,100.0
2021-02-03 14:27:00,NSE:DELTAMAGNT,27.15,27.15,27.15,27.15,184.0
2021-02-03 14:36:00,NSE:DELTAMAGNT,27.15,27.15,27.15,27.15,500.0
2021-02-03 14:48:00,NSE:DELTAMAGNT,27.15,27.15,27.15,27.15,100.0
2021-02-03 15:03:00,NSE:DELTAMAGNT,27.3,27.3,27.3,27.3,215.0
2021-02-03 15:18:00,NSE:DELTAMAGNT,27.35,27.35,27.35,27.35,329.0
2021-02-04 09:45:00,NSE:DELTAMAGNT,26.1,26.65,26.1,26.1,1000.0
2021-02-04 09:57:00,NSE:DELTAMAGNT,27.1,27.1,27.1,27.1,10.0
2021-02-04 10:09:00,NSE:DELTAMAGNT,26.3,26.3,26.3,26.3,482.0
2021-02-04 10:12:00,NSE:DELTAMAGNT,26.3,26.3,26.3,26.3,500.0
2021-02-04 10:57:00,NSE:DELTAMAGNT,26.85,26.85,26.85,26.85,500.0
2021-02-04 11:51:00,NSE:DELTAMAGNT,27.5,27.5,27.5,27.5,4512.0
2021-02-04 11:57:00,NSE:DELTAMAGNT,27.0,27.0,27.0,27.0,1.0
2021-02-04 12:03:00,NSE:DELTAMAGNT,27.0,27.0,27.0,27.0,487.0
2021-02-04 12:06:00,NSE:DELTAMAGNT,26.85,26.85,26.85,26.85,10.0
2021-02-04 12:36:00,NSE:DELTAMAGNT,26.9,26.9,26.9,26.9,5.0
2021-02-04 13:06:00,NSE:DELTAMAGNT,27.5,27.5,27.5,27.5,61.0
2021-02-04 13:09:00,NSE:DELTAMAGNT,27.25,27.25,26.9,26.9,8.0
2021-02-04 13:15:00,NSE:DELTAMAGNT,26.9,26.9,26.9,26.9,19.0
2021-02-04 13:18:00,NSE:DELTAMAGNT,26.6,26.6,26.6,26.6,96.0
2021-02-04 13:21:00,NSE:DELTAMAGNT,26.0,26.0,26.0,26.0,4255.0
2021-02-04 13:51:00,NSE:DELTAMAGNT,26.3,26.3,26.3,26.3,5.0
2021-02-04 14:03:00,NSE:DELTAMAGNT,27.0,27.0,27.0,27.0,195.0
2021-02-04 14:15:00,NSE:DELTAMAGNT,26.55,26.55,26.55,26.55,2.0
2021-02-04 14:24:00,NSE:DELTAMAGNT,27.2,27.45,27.2,27.45,1085.0
2021-02-04 14:42:00,NSE:DELTAMAGNT,27.0,27.0,27.0,27.0,20.0
2021-02-04 15:09:00,NSE:DELTAMAGNT,27.0,27.0,27.0,27.0,50.0
2021-02-04 15:21:00,NSE:DELTAMAGNT,27.45,27.45,27.45,27.45,75.0
2021-02-04 15:24:00,NSE:DELTAMAGNT,27.0,27.0,27.0,27.0,46.0
2021-02-04 15:27:00,NSE:DELTAMAGNT,27.0,27.0,27.0,27.0,274.0
2021-02-05 09:21:00,NSE:DELTAMAGNT,27.1,27.1,27.1,27.1,231.0
2021-02-05 09:33:00,NSE:DELTAMAGNT,27.15,27.15,27.15,27.15,43.0
2021-02-05 09:39:00,NSE:DELTAMAGNT,27.2,27.2,27.1,27.1,120.0
2021-02-05 09:42:00,NSE:DELTAMAGNT,27.05,27.05,27.05,27.05,202.0
2021-02-05 09:45:00,NSE:DELTAMAGNT,27.05,27.05,27.05,27.05,455.0
2021-02-05 09:57:00,NSE:DELTAMAGNT,27.05,27.05,27.05,27.05,384.0
2021-02-05 10:00:00,NSE:DELTAMAGNT,27.0,27.0,27.0,27.0,3.0
2021-02-05 10:15:00,NSE:DELTAMAGNT,26.55,26.55,26.55,26.55,2.0
2021-02-05 10:36:00,NSE:DELTAMAGNT,27.05,27.05,27.05,27.05,200.0
2021-02-05 10:48:00,NSE:DELTAMAGNT,27.0,27.0,27.0,27.0,5.0
2021-02-05 11:15:00,NSE:DELTAMAGNT,26.5,26.5,26.5,26.5,80.0
2021-02-05 11:30:00,NSE:DELTAMAGNT,26.5,26.5,26.5,26.5,70.0
2021-02-05 11:33:00,NSE:DELTAMAGNT,26.2,26.2,26.2,26.2,390.0
2021-02-05 11:36:00,NSE:DELTAMAGNT,26.25,26.25,26.25,26.25,416.0
2021-02-05 11:42:00,NSE:DELTAMAGNT,26.25,26.25,26.25,26.25,50.0
2021-02-05 11:57:00,NSE:DELTAMAGNT,26.75,26.75,26.75,26.75,50.0
2021-02-05 12:27:00,NSE:DELTAMAGNT,26.2,26.2,26.2,26.2,180.0
2021-02-05 12:36:00,NSE:DELTAMAGNT,26.2,26.2,26.2,26.2,25.0
2021-02-05 13:00:00,NSE:DELTAMAGNT,26.2,26.2,26.2,26.2,33.0
2021-02-05 13:30:00,NSE:DELTAMAGNT,26.45,26.45,26.45,26.45,2.0
2021-02-05 13:36:00,NSE:DELTAMAGNT,26.5,26.5,26.5,26.5,50.0
2021-02-05 13:39:00,NSE:DELTAMAGNT,26.45,26.45,26.45,26.45,100.0
2021-02-05 13:42:00,NSE:DELTAMAGNT,26.4,26.4,26.4,26.4,10.0
2021-02-05 13:57:00,NSE:DELTAMAGNT,26.05,26.05,26.05,26.05,490.0
2021-02-05 15:09:00,NSE:DELTAMAGNT,26.5,26.5,26.5,26.5,2500.0
2021-02-05 15:18:00,NSE:DELTAMAGNT,26.45,26.45,26.45,26.45,30.0
2021-02-05 15:27:00,NSE:DELTAMAGNT,26.45,26.5,25.8,26.5,120.0
2021-02-08 09:21:00,NSE:DELTAMAGNT,25.55,26.2,25.55,25.55,400.0
2021-02-08 09:27:00,NSE:DELTAMAGNT,26.4,26.4,26.4,26.4,200.0
2021-02-08 09:57:00,NSE:DELTAMAGNT,26.25,26.25,26.25,26.25,21.0
2021-02-08 10:00:00,NSE:DELTAMAGNT,25.9,25.9,25.9,25.9,2.0
2021-02-08 10:06:00,NSE:DELTAMAGNT,26.3,26.3,26.3,26.3,8.0
2021-02-08 10:09:00,NSE:DELTAMAGNT,26.3,26.55,25.7,26.55,513.0
2021-02-08 10:18:00,NSE:DELTAMAGNT,26.9,26.9,26.9,26.9,50.0
2021-02-08 10:30:00,NSE:DELTAMAGNT,26.25,26.25,26.25,26.25,653.0
2021-02-08 10:42:00,NSE:DELTAMAGNT,25.85,25.85,25.85,25.85,135.0
2021-02-08 10:51:00,NSE:DELTAMAGNT,25.8,25.8,25.8,25.8,242.0
2021-02-08 11:03:00,NSE:DELTAMAGNT,25.75,25.75,25.5,25.5,1005.0
2021-02-08 11:39:00,NSE:DELTAMAGNT,25.65,25.65,25.65,25.65,2.0
2021-02-08 11:57:00,NSE:DELTAMAGNT,26.35,26.35,26.35,26.35,135.0
2021-02-08 12:00:00,NSE:DELTAMAGNT,26.3,26.3,25.65,25.7,173.0
2021-02-08 12:03:00,NSE:DELTAMAGNT,25.55,26.0,25.55,26.0,343.0
2021-02-08 12:36:00,NSE:DELTAMAGNT,25.85,25.85,25.85,25.85,294.0
2021-02-08 12:42:00,NSE:DELTAMAGNT,26.0,26.0,26.0,26.0,1.0
2021-02-08 12:57:00,NSE:DELTAMAGNT,26.4,26.4,26.4,26.4,12.0
2021-02-08 13:03:00,NSE:DELTAMAGNT,26.0,26.0,26.0,26.0,23.0
2021-02-08 13:15:00,NSE:DELTAMAGNT,26.0,26.0,26.0,26.0,25.0
2021-02-08 13:18:00,NSE:DELTAMAGNT,26.0,26.0,26.0,26.0,300.0
2021-02-08 13:48:00,NSE:DELTAMAGNT,26.0,26.0,26.0,26.0,1.0
2021-02-08 13:57:00,NSE:DELTAMAGNT,26.0,26.0,26.0,26.0,1.0
2021-02-08 14:00:00,NSE:DELTAMAGNT,26.05,26.05,26.05,26.05,22.0
2021-02-08 14:18:00,NSE:DELTAMAGNT,26.45,26.45,26.45,26.45,284.0
2021-02-08 14:57:00,NSE:DELTAMAGNT,26.0,26.0,25.65,25.65,100.0
2021-02-08 15:03:00,NSE:DELTAMAGNT,25.65,25.65,25.65,25.65,11.0
2021-02-08 15:09:00,NSE:DELTAMAGNT,26.45,26.45,26.45,26.45,1.0
2021-02-08 15:15:00,NSE:DELTAMAGNT,26.2,26.2,26.2,26.2,50.0
2021-02-08 15:27:00,NSE:DELTAMAGNT,25.55,25.55,25.55,25.55,303.0
2021-02-09 09:24:00,NSE:DELTAMAGNT,25.55,25.55,25.55,25.55,50.0
2021-02-09 09:48:00,NSE:DELTAMAGNT,25.55,25.85,25.55,25.85,200.0
2021-02-09 09:54:00,NSE:DELTAMAGNT,25.9,25.9,25.9,25.9,600.0
2021-02-09 09:57:00,NSE:DELTAMAGNT,26.0,26.0,26.0,26.0,235.0
2021-02-09 10:09:00,NSE:DELTAMAGNT,26.0,26.0,26.0,26.0,3.0
2021-02-09 10:12:00,NSE:DELTAMAGNT,25.55,25.55,25.55,25.55,44.0
2021-02-09 10:18:00,NSE:DELTAMAGNT,25.55,25.55,25.55,25.55,6.0
2021-02-09 10:21:00,NSE:DELTAMAGNT,26.0,26.7,26.0,26.7,119.0
2021-02-09 11:27:00,NSE:DELTAMAGNT,26.65,26.65,26.65,26.65,250.0
2021-02-09 11:57:00,NSE:DELTAMAGNT,26.6,26.6,26.6,26.6,8.0
2021-02-09 12:09:00,NSE:DELTAMAGNT,26.15,26.15,26.15,26.15,230.0
2021-02-09 12:12:00,NSE:DELTAMAGNT,26.15,26.15,26.15,26.15,1.0
2021-02-09 12:24:00,NSE:DELTAMAGNT,26.6,26.6,25.7,25.7,28.0
2021-02-09 12:27:00,NSE:DELTAMAGNT,25.75,25.75,25.75,25.75,706.0
2021-02-09 12:30:00,NSE:DELTAMAGNT,25.75,25.75,25.75,25.75,294.0
2021-02-09 12:39:00,NSE:DELTAMAGNT,26.3,26.3,26.3,26.3,30.0
2021-02-09 12:48:00,NSE:DELTAMAGNT,25.7,25.7,25.7,25.7,45.0
2021-02-09 13:33:00,NSE:DELTAMAGNT,25.75,25.75,25.75,25.75,1.0
2021-02-09 13:36:00,NSE:DELTAMAGNT,26.25,26.25,25.75,25.75,4.0
2021-02-09 13:39:00,NSE:DELTAMAGNT,26.25,26.25,25.75,25.75,2.0
2021-02-09 15:06:00,NSE:DELTAMAGNT,25.8,25.8,25.8,25.8,42.0
2021-02-09 15:12:00,NSE:DELTAMAGNT,26.3,26.3,26.3,26.3,7.0
2021-02-09 15:18:00,NSE:DELTAMAGNT,26.3,26.3,26.3,26.3,20.0
2021-02-09 15:27:00,NSE:DELTAMAGNT,26.5,26.5,26.5,26.5,220.0
2021-02-10 09:06:00,NSE:DELTAMAGNT,26.75,26.75,26.75,26.75,1.0
2021-02-10 09:24:00,NSE:DELTAMAGNT,26.75,26.75,26.75,26.75,300.0
2021-02-10 10:09:00,NSE:DELTAMAGNT,25.45,25.45,25.45,25.45,1.0
2021-02-10 10:21:00,NSE:DELTAMAGNT,26.25,26.25,26.25,26.25,200.0
2021-02-10 10:42:00,NSE:DELTAMAGNT,26.0,26.0,26.0,26.0,10.0
2021-02-10 10:45:00,NSE:DELTAMAGNT,26.1,26.2,26.1,26.2,290.0
2021-02-10 11:00:00,NSE:DELTAMAGNT,26.2,26.2,26.2,26.2,100.0
2021-02-10 12:09:00,NSE:DELTAMAGNT,26.0,26.0,26.0,26.0,100.0
2021-02-10 12:24:00,NSE:DELTAMAGNT,26.2,26.75,26.2,26.75,1000.0
2021-02-10 13:24:00,NSE:DELTAMAGNT,26.45,26.45,26.45,26.45,20.0
2021-02-10 13:33:00,NSE:DELTAMAGNT,25.8,25.8,25.8,25.8,1.0
2021-02-10 13:39:00,NSE:DELTAMAGNT,25.65,25.65,25.65,25.65,1.0
2021-02-10 13:42:00,NSE:DELTAMAGNT,25.65,25.65,25.65,25.65,20.0
2021-02-10 13:48:00,NSE:DELTAMAGNT,25.65,25.65,25.65,25.65,25.0
2021-02-10 13:54:00,NSE:DELTAMAGNT,25.65,25.65,25.65,25.65,17.0
2021-02-10 14:27:00,NSE:DELTAMAGNT,25.65,25.65,25.65,25.65,300.0
2021-02-10 14:51:00,NSE:DELTAMAGNT,25.75,25.75,25.75,25.75,20.0
2021-02-10 15:09:00,NSE:DELTAMAGNT,25.8,25.8,25.8,25.8,38.0
2021-02-10 15:21:00,NSE:DELTAMAGNT,26.75,26.75,26.75,26.75,114.0
2021-02-10 15:27:00,NSE:DELTAMAGNT,26.7,26.7,26.7,26.7,270.0
2021-02-11 09:06:00,NSE:DELTAMAGNT,25.95,25.95,25.95,25.95,100.0
2021-02-11 09:30:00,NSE:DELTAMAGNT,24.8,24.8,24.8,24.8,50.0
2021-02-11 09:33:00,NSE:DELTAMAGNT,26.0,26.0,26.0,26.0,100.0
2021-02-11 09:39:00,NSE:DELTAMAGNT,26.0,26.0,26.0,26.0,381.0
2021-02-11 09:54:00,NSE:DELTAMAGNT,25.2,25.2,25.2,25.2,26.0
2021-02-11 10:00:00,NSE:DELTAMAGNT,25.05,26.0,25.05,26.0,29.0
2021-02-11 10:24:00,NSE:DELTAMAGNT,25.5,25.5,25.5,25.5,4.0
2021-02-11 10:39:00,NSE:DELTAMAGNT,26.0,26.0,26.0,26.0,14.0
2021-02-11 10:42:00,NSE:DELTAMAGNT,26.8,26.8,26.8,26.8,1.0
2021-02-11 11:03:00,NSE:DELTAMAGNT,26.0,26.0,26.0,26.0,1.0
2021-02-11 11:36:00,NSE:DELTAMAGNT,26.65,26.65,26.65,26.65,600.0
2021-02-11 11:45:00,NSE:DELTAMAGNT,26.0,26.0,25.15,25.15,500.0
2021-02-11 11:51:00,NSE:DELTAMAGNT,26.5,26.5,26.5,26.5,300.0
2021-02-11 12:27:00,NSE:DELTAMAGNT,25.55,25.55,25.55,25.55,20.0
2021-02-11 12:48:00,NSE:DELTAMAGNT,25.6,25.6,25.6,25.6,25.0
2021-02-11 13:15:00,NSE:DELTAMAGNT,25.6,25.6,25.6,25.6,23.0
2021-02-11 13:18:00,NSE:DELTAMAGNT,25.95,25.95,25.95,25.95,2.0
2021-02-11 13:36:00,NSE:DELTAMAGNT,25.95,25.95,25.95,25.95,2.0
2021-02-11 14:09:00,NSE:DELTAMAGNT,25.4,25.4,25.4,25.4,92.0
2021-02-11 14:54:00,NSE:DELTAMAGNT,26.0,26.0,26.0,26.0,148.0
2021-02-11 15:15:00,NSE:DELTAMAGNT,26.45,26.45,26.45,26.45,625.0
2021-02-11 15:27:00,NSE:DELTAMAGNT,26.4,26.4,26.4,26.4,200.0
2021-02-12 09:27:00,NSE:DELTAMAGNT,27.0,27.0,27.0,27.0,50.0
2021-02-12 10:00:00,NSE:DELTAMAGNT,26.55,26.55,26.5,26.55,1000.0
2021-02-12 10:03:00,NSE:DELTAMAGNT,25.65,25.65,25.65,25.65,1.0
2021-02-12 10:09:00,NSE:DELTAMAGNT,25.6,25.6,25.6,25.6,275.0
2021-02-12 10:18:00,NSE:DELTAMAGNT,26.0,26.55,26.0,26.55,212.0
2021-02-12 10:33:00,NSE:DELTAMAGNT,26.2,26.2,26.2,26.2,62.0
2021-02-12 10:36:00,NSE:DELTAMAGNT,26.2,26.2,26.2,26.2,186.0
2021-02-12 11:06:00,NSE:DELTAMAGNT,25.8,25.8,25.75,25.75,50.0
2021-02-12 11:45:00,NSE:DELTAMAGNT,25.85,25.85,25.85,25.85,2.0
2021-02-12 11:48:00,NSE:DELTAMAGNT,25.95,25.95,25.85,25.85,8.0
2021-02-12 12:24:00,NSE:DELTAMAGNT,26.0,26.0,26.0,26.0,5.0
2021-02-12 12:30:00,NSE:DELTAMAGNT,25.8,25.8,25.8,25.8,70.0
2021-02-12 12:57:00,NSE:DELTAMAGNT,25.85,25.85,25.85,25.85,2.0
2021-02-12 13:48:00,NSE:DELTAMAGNT,25.85,25.85,25.85,25.85,37.0
2021-02-12 14:09:00,NSE:DELTAMAGNT,25.85,25.85,25.85,25.85,69.0
2021-02-12 14:27:00,NSE:DELTAMAGNT,25.95,25.95,25.95,25.95,5.0
2021-02-12 15:18:00,NSE:DELTAMAGNT,26.8,26.8,26.8,26.8,938.0
2021-02-12 15:27:00,NSE:DELTAMAGNT,26.0,26.75,25.95,26.75,215.0
2021-02-12 15:39:00,NSE:DELTAMAGNT,26.6,26.6,26.6,26.6,40.0
2021-02-15 09:24:00,NSE:DELTAMAGNT,24.55,24.55,24.55,24.55,2.0
2021-02-15 09:30:00,NSE:DELTAMAGNT,25.05,25.05,25.05,25.05,21.0
2021-02-15 10:12:00,NSE:DELTAMAGNT,26.35,26.35,26.35,26.35,700.0
2021-02-15 10:24:00,NSE:DELTAMAGNT,25.9,25.9,25.9,25.9,41.0
2021-02-15 10:33:00,NSE:DELTAMAGNT,25.9,25.9,25.9,25.9,170.0
2021-02-15 10:42:00,NSE:DELTAMAGNT,25.95,25.95,25.95,25.95,23.0
2021-02-15 11:18:00,NSE:DELTAMAGNT,25.9,25.9,25.9,25.9,70.0
2021-02-15 11:21:00,NSE:DELTAMAGNT,25.8,25.8,25.8,25.8,10.0
2021-02-15 11:36:00,NSE:DELTAMAGNT,25.9,25.9,25.9,25.9,230.0
2021-02-15 11:45:00,NSE:DELTAMAGNT,26.85,27.1,26.85,27.1,2901.0
2021-02-15 11:48:00,NSE:DELTAMAGNT,27.5,27.5,27.5,27.5,2043.0
2021-02-15 11:54:00,NSE:DELTAMAGNT,27.5,27.55,27.5,27.5,451.0
2021-02-15 11:57:00,NSE:DELTAMAGNT,29.25,29.25,29.25,29.25,6266.0
2021-02-15 12:00:00,NSE:DELTAMAGNT,27.0,27.0,27.0,27.0,329.0
2021-02-15 12:06:00,NSE:DELTAMAGNT,27.0,27.65,27.0,27.65,736.0
2021-02-15 12:09:00,NSE:DELTAMAGNT,28.0,28.5,28.0,28.5,548.0
2021-02-15 12:12:00,NSE:DELTAMAGNT,28.65,28.65,28.65,28.65,1005.0
2021-02-15 12:15:00,NSE:DELTAMAGNT,28.75,29.25,28.35,29.25,2990.0
2021-02-15 12:18:00,NSE:DELTAMAGNT,27.65,29.25,27.65,28.2,5779.0
2021-02-15 12:21:00,NSE:DELTAMAGNT,28.45,28.55,28.45,28.55,900.0
2021-02-15 12:24:00,NSE:DELTAMAGNT,28.25,29.0,28.2,28.9,3777.0
2021-02-15 12:27:00,NSE:DELTAMAGNT,29.0,29.2,29.0,29.2,2550.0
2021-02-15 12:30:00,NSE:DELTAMAGNT,28.5,28.95,28.3,28.9,5331.0
2021-02-15 12:33:00,NSE:DELTAMAGNT,28.9,29.0,28.4,28.4,2149.0
2021-02-15 12:36:00,NSE:DELTAMAGNT,28.4,29.05,28.35,28.55,1582.0
2021-02-15 12:39:00,NSE:DELTAMAGNT,28.55,28.55,28.55,28.55,500.0
2021-02-15 12:48:00,NSE:DELTAMAGNT,29.0,29.0,28.95,28.95,1305.0
2021-02-15 12:51:00,NSE:DELTAMAGNT,28.95,28.95,28.6,28.6,121.0
2021-02-15 12:54:00,NSE:DELTAMAGNT,29.0,29.0,29.0,29.0,900.0
2021-02-15 12:57:00,NSE:DELTAMAGNT,29.0,29.25,29.0,29.25,4695.0
2021-02-15 13:00:00,NSE:DELTAMAGNT,29.25,29.25,29.25,29.25,200.0
2021-02-15 13:03:00,NSE:DELTAMAGNT,29.25,29.25,29.25,29.25,211.0
2021-02-15 13:06:00,NSE:DELTAMAGNT,29.25,29.25,29.25,29.25,100.0
2021-02-15 13:12:00,NSE:DELTAMAGNT,29.25,29.25,29.25,29.25,36.0
2021-02-15 13:15:00,NSE:DELTAMAGNT,29.25,29.25,29.25,29.25,200.0
2021-02-15 13:21:00,NSE:DELTAMAGNT,29.25,29.25,29.25,29.25,933.0
2021-02-15 13:33:00,NSE:DELTAMAGNT,29.25,29.25,29.25,29.25,200.0
2021-02-15 13:36:00,NSE:DELTAMAGNT,29.25,29.25,29.25,29.25,1721.0
2021-02-15 13:39:00,NSE:DELTAMAGNT,29.25,29.25,29.25,29.25,1743.0
2021-02-15 13:42:00,NSE:DELTAMAGNT,29.25,29.25,28.7,29.25,5049.0
2021-02-15 13:45:00,NSE:DELTAMAGNT,29.25,29.25,29.25,29.25,146.0
2021-02-15 13:51:00,NSE:DELTAMAGNT,29.25,29.25,29.25,29.25,1003.0
2021-02-15 14:00:00,NSE:DELTAMAGNT,29.25,29.25,29.25,29.25,360.0
2021-02-15 14:03:00,NSE:DELTAMAGNT,29.25,29.25,29.25,29.25,245.0
2021-02-15 14:12:00,NSE:DELTAMAGNT,29.25,29.25,29.25,29.25,36.0
2021-02-15 14:15:00,NSE:DELTAMAGNT,29.25,29.25,29.25,29.25,1000.0
2021-02-15 14:18:00,NSE:DELTAMAGNT,29.25,29.25,29.25,29.25,39.0
2021-02-15 14:45:00,NSE:DELTAMAGNT,29.25,29.25,29.25,29.25,4.0
2021-02-15 14:54:00,NSE:DELTAMAGNT,29.25,29.25,29.25,29.25,126.0
2021-02-15 14:57:00,NSE:DELTAMAGNT,29.25,29.25,29.25,29.25,761.0
2021-02-15 15:00:00,NSE:DELTAMAGNT,29.25,29.25,29.25,29.25,60.0
2021-02-15 15:09:00,NSE:DELTAMAGNT,29.25,29.25,29.25,29.25,100.0
2021-02-15 15:15:00,NSE:DELTAMAGNT,29.25,29.25,29.25,29.25,142.0
2021-02-16 09:06:00,NSE:DELTAMAGNT,31.0,31.0,31.0,31.0,254.0
2021-02-16 09:15:00,NSE:DELTAMAGNT,30.25,31.5,30.25,30.65,2452.0
2021-02-16 09:18:00,NSE:DELTAMAGNT,30.4,30.95,30.4,30.95,1210.0
2021-02-16 09:21:00,NSE:DELTAMAGNT,30.6,30.6,30.6,30.6,365.0
2021-02-16 09:24:00,NSE:DELTAMAGNT,31.0,31.0,30.5,30.9,942.0
2021-02-16 09:27:00,NSE:DELTAMAGNT,30.5,30.85,30.5,30.85,215.0
2021-02-16 09:30:00,NSE:DELTAMAGNT,30.6,31.1,30.6,30.85,2870.0
2021-02-16 09:33:00,NSE:DELTAMAGNT,30.85,30.9,30.85,30.9,1760.0
2021-02-16 09:36:00,NSE:DELTAMAGNT,31.0,31.15,31.0,31.15,392.0
2021-02-16 09:39:00,NSE:DELTAMAGNT,31.0,31.0,31.0,31.0,500.0
2021-02-16 09:42:00,NSE:DELTAMAGNT,31.2,31.5,31.2,31.5,1484.0
2021-02-16 09:45:00,NSE:DELTAMAGNT,31.5,31.55,31.05,31.55,632.0
2021-02-16 09:48:00,NSE:DELTAMAGNT,31.15,31.15,31.15,31.15,50.0
2021-02-16 09:51:00,NSE:DELTAMAGNT,31.45,32.15,31.45,32.15,7516.0
2021-02-16 09:54:00,NSE:DELTAMAGNT,32.15,32.15,31.8,32.15,1300.0
2021-02-16 09:57:00,NSE:DELTAMAGNT,32.15,32.15,32.15,32.15,485.0
2021-02-16 10:00:00,NSE:DELTAMAGNT,32.15,32.15,32.15,32.15,1615.0
2021-02-16 10:06:00,NSE:DELTAMAGNT,32.15,32.15,32.15,32.15,781.0
2021-02-16 10:09:00,NSE:DELTAMAGNT,32.15,32.15,32.15,32.15,45.0
2021-02-16 10:12:00,NSE:DELTAMAGNT,32.15,32.15,32.15,32.15,1430.0
2021-02-16 10:15:00,NSE:DELTAMAGNT,32.15,32.15,32.15,32.15,255.0
2021-02-16 10:18:00,NSE:DELTAMAGNT,32.15,32.15,32.15,32.15,484.0
2021-02-16 10:21:00,NSE:DELTAMAGNT,32.15,32.15,31.8,32.15,502.0
2021-02-16 10:24:00,NSE:DELTAMAGNT,32.15,32.15,32.15,32.15,251.0
2021-02-16 10:30:00,NSE:DELTAMAGNT,32.15,32.15,32.15,32.15,50.0
2021-02-16 10:33:00,NSE:DELTAMAGNT,32.15,32.15,32.15,32.15,8.0
2021-02-16 10:36:00,NSE:DELTAMAGNT,32.15,32.15,32.15,32.15,282.0
2021-02-16 10:42:00,NSE:DELTAMAGNT,32.15,32.15,32.15,32.15,101.0
2021-02-16 10:45:00,NSE:DELTAMAGNT,32.15,32.15,32.15,32.15,200.0
2021-02-16 10:48:00,NSE:DELTAMAGNT,32.15,32.15,32.15,32.15,25.0
2021-02-16 10:51:00,NSE:DELTAMAGNT,32.15,32.15,32.15,32.15,100.0
2021-02-16 11:06:00,NSE:DELTAMAGNT,32.15,32.15,32.15,32.15,100.0
2021-02-16 11:09:00,NSE:DELTAMAGNT,32.15,32.15,32.15,32.15,3.0
2021-02-16 11:12:00,NSE:DELTAMAGNT,32.15,32.15,32.15,32.15,2.0
2021-02-16 11:15:00,NSE:DELTAMAGNT,32.15,32.15,32.15,32.15,4.0
2021-02-16 11:18:00,NSE:DELTAMAGNT,32.15,32.15,32.15,32.15,13.0
2021-02-16 11:24:00,NSE:DELTAMAGNT,32.15,32.15,32.15,32.15,4600.0
2021-02-16 11:27:00,NSE:DELTAMAGNT,32.15,32.15,32.0,32.0,2925.0
2021-02-16 11:30:00,NSE:DELTAMAGNT,32.0,32.0,31.35,32.0,602.0
2021-02-16 11:33:00,NSE:DELTAMAGNT,32.0,32.0,32.0,32.0,1.0
2021-02-16 11:36:00,NSE:DELTAMAGNT,31.5,32.15,31.5,32.15,3067.0
2021-02-16 11:42:00,NSE:DELTAMAGNT,32.15,32.15,32.15,32.15,500.0
2021-02-16 11:45:00,NSE:DELTAMAGNT,32.15,32.15,32.15,32.15,100.0
2021-02-16 11:51:00,NSE:DELTAMAGNT,32.15,32.15,32.15,32.15,96.0
2021-02-16 11:54:00,NSE:DELTAMAGNT,32.15,32.15,32.15,32.15,180.0
2021-02-16 12:03:00,NSE:DELTAMAGNT,32.15,32.15,32.15,32.15,350.0
2021-02-16 12:06:00,NSE:DELTAMAGNT,32.15,32.15,32.15,32.15,73.0
2021-02-16 12:09:00,NSE:DELTAMAGNT,32.15,32.15,32.15,32.15,250.0
2021-02-16 12:12:00,NSE:DELTAMAGNT,32.15,32.15,32.15,32.15,112.0
2021-02-16 12:15:00,NSE:DELTAMAGNT,32.15,32.15,32.15,32.15,333.0
2021-02-16 12:27:00,NSE:DELTAMAGNT,32.15,32.15,32.15,32.15,100.0
2021-02-16 12:30:00,NSE:DELTAMAGNT,32.15,32.15,32.15,32.15,75.0
2021-02-16 12:36:00,NSE:DELTAMAGNT,32.15,32.15,32.15,32.15,25.0
2021-02-16 12:42:00,NSE:DELTAMAGNT,32.15,32.15,32.15,32.15,15.0
2021-02-16 12:51:00,NSE:DELTAMAGNT,32.15,32.15,32.15,32.15,100.0
2021-02-16 12:57:00,NSE:DELTAMAGNT,32.15,32.15,32.15,32.15,1000.0
2021-02-16 13:06:00,NSE:DELTAMAGNT,32.15,32.15,32.15,32.15,23.0
2021-02-16 13:12:00,NSE:DELTAMAGNT,32.15,32.15,32.15,32.15,3128.0
2021-02-16 13:15:00,NSE:DELTAMAGNT,32.15,32.15,32.15,32.15,215.0
2021-02-16 13:18:00,NSE:DELTAMAGNT,32.1,32.15,32.1,32.15,392.0
2021-02-16 13:24:00,NSE:DELTAMAGNT,32.15,32.15,32.15,32.15,20.0
2021-02-16 13:27:00,NSE:DELTAMAGNT,32.15,32.15,32.15,32.15,170.0
2021-02-16 13:36:00,NSE:DELTAMAGNT,32.15,32.15,32.15,32.15,111.0
2021-02-16 13:42:00,NSE:DELTAMAGNT,32.15,32.15,32.15,32.15,1000.0
2021-02-16 13:48:00,NSE:DELTAMAGNT,32.15,32.15,32.15,32.15,500.0
2021-02-16 13:51:00,NSE:DELTAMAGNT,32.15,32.15,32.15,32.15,1317.0
2021-02-16 13:57:00,NSE:DELTAMAGNT,32.15,32.15,32.15,32.15,279.0
2021-02-16 14:00:00,NSE:DELTAMAGNT,32.15,32.15,32.15,32.15,221.0
2021-02-16 14:06:00,NSE:DELTAMAGNT,32.15,32.15,32.15,32.15,3.0
2021-02-16 14:09:00,NSE:DELTAMAGNT,32.15,32.15,32.15,32.15,26.0
2021-02-16 14:21:00,NSE:DELTAMAGNT,32.15,32.15,32.15,32.15,27.0
2021-02-16 14:27:00,NSE:DELTAMAGNT,32.15,32.15,32.15,32.15,1563.0
2021-02-16 14:30:00,NSE:DELTAMAGNT,32.0,32.0,32.0,32.0,1037.0
2021-02-16 14:33:00,NSE:DELTAMAGNT,32.15,32.15,31.45,32.1,2028.0
2021-02-16 14:36:00,NSE:DELTAMAGNT,32.0,32.0,31.95,31.95,316.0
2021-02-16 14:39:00,NSE:DELTAMAGNT,32.1,32.15,32.1,32.15,1760.0
2021-02-16 14:54:00,NSE:DELTAMAGNT,32.15,32.15,32.15,32.15,200.0
2021-02-16 15:24:00,NSE:DELTAMAGNT,32.15,32.15,32.15,32.15,233.0
2021-02-17 09:06:00,NSE:DELTAMAGNT,32.15,32.15,32.15,32.15,4649.0
2021-02-17 09:15:00,NSE:DELTAMAGNT,32.15,34.0,32.05,33.55,1926.0
2021-02-17 09:18:00,NSE:DELTAMAGNT,33.5,33.85,33.5,33.5,1829.0
2021-02-17 09:21:00,NSE:DELTAMAGNT,32.7,33.45,32.7,33.4,1056.0
2021-02-17 09:24:00,NSE:DELTAMAGNT,33.4,33.4,32.15,33.35,1176.0
2021-02-17 09:27:00,NSE:DELTAMAGNT,33.0,33.35,33.0,33.35,270.0
2021-02-17 09:30:00,NSE:DELTAMAGNT,33.4,33.5,32.45,33.5,818.0
2021-02-17 09:33:00,NSE:DELTAMAGNT,33.45,33.5,32.5,33.45,1213.0
2021-02-17 09:36:00,NSE:DELTAMAGNT,32.6,32.6,32.6,32.6,74.0
2021-02-17 09:39:00,NSE:DELTAMAGNT,33.45,33.45,33.45,33.45,501.0
2021-02-17 09:42:00,NSE:DELTAMAGNT,33.5,33.85,32.85,32.85,1472.0
2021-02-17 09:45:00,NSE:DELTAMAGNT,32.85,33.8,32.85,33.8,1372.0
2021-02-17 09:54:00,NSE:DELTAMAGNT,33.7,33.7,33.65,33.7,485.0
2021-02-17 09:57:00,NSE:DELTAMAGNT,33.05,33.7,33.05,33.7,107.0
2021-02-17 10:00:00,NSE:DELTAMAGNT,33.5,33.5,33.5,33.5,230.0
2021-02-17 10:03:00,NSE:DELTAMAGNT,33.05,33.4,33.05,33.4,250.0
2021-02-17 10:12:00,NSE:DELTAMAGNT,33.4,33.4,33.1,33.1,577.0
2021-02-17 10:15:00,NSE:DELTAMAGNT,33.45,33.45,33.05,33.05,1001.0
2021-02-17 10:18:00,NSE:DELTAMAGNT,33.4,33.4,33.1,33.1,80.0
2021-02-17 10:21:00,NSE:DELTAMAGNT,33.1,33.1,33.1,33.1,90.0
2021-02-17 10:24:00,NSE:DELTAMAGNT,33.1,33.4,33.0,33.4,1385.0
2021-02-17 10:27:00,NSE:DELTAMAGNT,33.5,33.5,33.35,33.35,1780.0
2021-02-17 10:30:00,NSE:DELTAMAGNT,32.7,32.7,32.7,32.7,5.0
2021-02-17 10:33:00,NSE:DELTAMAGNT,32.85,33.5,32.85,33.1,1355.0
2021-02-17 10:39:00,NSE:DELTAMAGNT,33.5,33.5,33.5,33.5,1500.0
2021-02-17 10:42:00,NSE:DELTAMAGNT,33.05,33.05,33.05,33.05,115.0
2021-02-17 10:48:00,NSE:DELTAMAGNT,33.45,33.45,33.05,33.05,1000.0
2021-02-17 10:54:00,NSE:DELTAMAGNT,33.0,33.0,33.0,33.0,100.0
2021-02-17 10:57:00,NSE:DELTAMAGNT,33.35,33.35,33.35,33.35,20.0
2021-02-17 11:00:00,NSE:DELTAMAGNT,33.35,33.35,33.35,33.35,1.0
2021-02-17 11:06:00,NSE:DELTAMAGNT,33.35,33.35,33.35,33.35,201.0
2021-02-17 11:09:00,NSE:DELTAMAGNT,33.4,33.4,33.0,33.0,460.0
2021-02-17 11:12:00,NSE:DELTAMAGNT,33.05,33.4,33.05,33.4,140.0
2021-02-17 11:21:00,NSE:DELTAMAGNT,33.05,33.05,33.05,33.05,2.0
2021-02-17 11:24:00,NSE:DELTAMAGNT,33.4,33.4,33.4,33.4,200.0
2021-02-17 11:27:00,NSE:DELTAMAGNT,33.1,33.1,33.1,33.1,60.0
2021-02-17 11:36:00,NSE:DELTAMAGNT,33.15,33.15,33.15,33.15,4.0
2021-02-17 11:42:00,NSE:DELTAMAGNT,33.35,33.35,33.35,33.35,6.0
2021-02-17 11:51:00,NSE:DELTAMAGNT,33.3,33.3,33.3,33.3,11.0
2021-02-17 11:54:00,NSE:DELTAMAGNT,33.15,33.35,33.15,33.35,543.0
2021-02-17 12:00:00,NSE:DELTAMAGNT,33.45,33.45,33.45,33.45,18.0
2021-02-17 12:03:00,NSE:DELTAMAGNT,33.1,33.1,33.1,33.1,608.0
2021-02-17 12:06:00,NSE:DELTAMAGNT,33.0,33.4,33.0,33.0,1469.0
2021-02-17 12:09:00,NSE:DELTAMAGNT,33.0,33.0,33.0,33.0,1435.0
2021-02-17 12:12:00,NSE:DELTAMAGNT,32.45,32.55,32.45,32.55,600.0
2021-02-17 12:15:00,NSE:DELTAMAGNT,32.5,33.35,32.5,33.35,455.0
2021-02-17 12:21:00,NSE:DELTAMAGNT,32.5,32.5,32.5,32.5,69.0
2021-02-17 12:27:00,NSE:DELTAMAGNT,32.65,33.25,32.65,33.25,5.0
2021-02-17 12:33:00,NSE:DELTAMAGNT,33.2,33.2,33.2,33.2,10.0
2021-02-17 12:39:00,NSE:DELTAMAGNT,33.2,33.2,33.2,33.2,100.0
2021-02-17 12:42:00,NSE:DELTAMAGNT,33.0,33.05,33.0,33.0,100.0
2021-02-17 12:45:00,NSE:DELTAMAGNT,32.6,32.6,32.6,32.6,500.0
2021-02-17 12:48:00,NSE:DELTAMAGNT,32.6,32.6,32.6,32.6,9.0
2021-02-17 12:51:00,NSE:DELTAMAGNT,33.1,33.1,32.6,32.6,10.0
2021-02-17 13:03:00,NSE:DELTAMAGNT,33.1,33.1,33.1,33.1,50.0
2021-02-17 13:06:00,NSE:DELTAMAGNT,33.25,33.25,32.15,33.0,850.0
2021-02-17 13:18:00,NSE:DELTAMAGNT,32.5,32.5,32.5,32.5,46.0
2021-02-17 13:21:00,NSE:DELTAMAGNT,32.5,32.5,32.25,32.25,606.0
2021-02-17 13:39:00,NSE:DELTAMAGNT,32.5,32.7,32.5,32.7,400.0
2021-02-17 13:42:00,NSE:DELTAMAGNT,32.1,32.1,32.1,32.1,100.0
2021-02-17 13:48:00,NSE:DELTAMAGNT,32.25,32.95,32.2,32.95,503.0
2021-02-17 14:00:00,NSE:DELTAMAGNT,32.25,32.25,32.25,32.25,30.0
2021-02-17 14:03:00,NSE:DELTAMAGNT,32.75,32.75,32.75,32.75,60.0
2021-02-17 14:09:00,NSE:DELTAMAGNT,32.75,32.75,32.75,32.75,100.0
2021-02-17 14:24:00,NSE:DELTAMAGNT,32.2,32.2,32.2,32.2,345.0
2021-02-17 14:27:00,NSE:DELTAMAGNT,32.2,32.6,32.2,32.6,1255.0
2021-02-17 14:33:00,NSE:DELTAMAGNT,32.6,32.6,32.6,32.6,1.0
2021-02-17 14:36:00,NSE:DELTAMAGNT,32.6,32.6,32.6,32.6,1.0
2021-02-17 14:45:00,NSE:DELTAMAGNT,32.65,32.65,31.95,32.65,1247.0
2021-02-17 14:51:00,NSE:DELTAMAGNT,31.25,31.25,31.25,31.25,4.0
2021-02-17 14:54:00,NSE:DELTAMAGNT,31.25,31.25,31.25,31.25,251.0
2021-02-17 14:57:00,NSE:DELTAMAGNT,31.2,31.2,31.2,31.2,355.0
2021-02-17 15:03:00,NSE:DELTAMAGNT,31.2,31.45,30.25,31.45,1546.0
2021-02-17 15:12:00,NSE:DELTAMAGNT,30.1,30.1,30.1,30.1,100.0
2021-02-17 15:15:00,NSE:DELTAMAGNT,30.9,31.4,30.25,31.4,750.0
2021-02-17 15:21:00,NSE:DELTAMAGNT,31.35,31.4,31.35,31.4,721.0
2021-02-17 15:24:00,NSE:DELTAMAGNT,30.35,30.35,30.35,30.35,38.0
2021-02-17 15:27:00,NSE:DELTAMAGNT,30.35,31.5,30.35,30.5,387.0
2021-02-18 09:06:00,NSE:DELTAMAGNT,31.2,31.2,31.2,31.2,110.0
2021-02-18 09:15:00,NSE:DELTAMAGNT,31.2,31.2,31.2,31.2,399.0
2021-02-18 09:21:00,NSE:DELTAMAGNT,30.65,30.65,30.65,30.65,200.0
2021-02-18 09:24:00,NSE:DELTAMAGNT,30.45,31.5,30.45,31.5,3987.0
2021-02-18 09:27:00,NSE:DELTAMAGNT,31.5,32.35,31.5,32.35,1216.0
2021-02-18 09:30:00,NSE:DELTAMAGNT,31.6,31.6,31.6,31.6,100.0
2021-02-18 09:39:00,NSE:DELTAMAGNT,31.7,31.7,31.65,31.65,15.0
2021-02-18 09:45:00,NSE:DELTAMAGNT,31.75,31.75,31.75,31.75,110.0
2021-02-18 09:51:00,NSE:DELTAMAGNT,31.6,31.75,31.6,31.75,165.0
2021-02-18 10:00:00,NSE:DELTAMAGNT,31.75,31.75,31.75,31.75,40.0
2021-02-18 10:06:00,NSE:DELTAMAGNT,31.5,31.5,31.5,31.5,2133.0
2021-02-18 10:09:00,NSE:DELTAMAGNT,31.6,31.75,31.5,31.5,1060.0
2021-02-18 10:15:00,NSE:DELTAMAGNT,31.55,31.55,31.55,31.55,5.0
2021-02-18 10:30:00,NSE:DELTAMAGNT,31.6,31.6,31.6,31.6,10.0
2021-02-18 10:33:00,NSE:DELTAMAGNT,31.55,31.55,31.55,31.55,200.0
2021-02-18 10:51:00,NSE:DELTAMAGNT,31.55,31.55,31.55,31.55,100.0
2021-02-18 11:06:00,NSE:DELTAMAGNT,31.95,31.95,31.95,31.95,5.0
2021-02-18 11:09:00,NSE:DELTAMAGNT,31.55,31.55,31.55,31.55,300.0
2021-02-18 11:27:00,NSE:DELTAMAGNT,31.55,31.55,31.5,31.5,115.0
2021-02-18 11:42:00,NSE:DELTAMAGNT,31.55,31.55,31.55,31.55,12.0
2021-02-18 11:48:00,NSE:DELTAMAGNT,31.8,31.8,31.5,31.5,301.0
2021-02-18 11:51:00,NSE:DELTAMAGNT,31.5,31.5,31.5,31.5,550.0
2021-02-18 11:57:00,NSE:DELTAMAGNT,31.5,31.5,31.5,31.5,75.0
2021-02-18 12:21:00,NSE:DELTAMAGNT,31.8,31.8,31.8,31.8,100.0
2021-02-18 12:33:00,NSE:DELTAMAGNT,31.8,31.8,31.8,31.8,250.0
2021-02-18 12:48:00,NSE:DELTAMAGNT,31.55,31.55,31.55,31.55,150.0
2021-02-18 12:54:00,NSE:DELTAMAGNT,31.55,31.55,31.55,31.55,6.0
2021-02-18 13:00:00,NSE:DELTAMAGNT,31.55,31.55,31.55,31.55,50.0
2021-02-18 13:33:00,NSE:DELTAMAGNT,31.55,31.55,31.55,31.55,394.0
2021-02-18 13:36:00,NSE:DELTAMAGNT,31.55,31.55,31.55,31.55,50.0
2021-02-18 13:42:00,NSE:DELTAMAGNT,31.5,31.5,31.5,31.5,100.0
2021-02-18 14:06:00,NSE:DELTAMAGNT,31.5,31.5,31.5,31.5,2.0
2021-02-18 14:30:00,NSE:DELTAMAGNT,31.5,31.5,31.5,31.5,250.0
2021-02-18 14:33:00,NSE:DELTAMAGNT,31.5,31.5,31.5,31.5,100.0
2021-02-18 14:39:00,NSE:DELTAMAGNT,31.5,31.5,31.5,31.5,4.0
2021-02-18 14:48:00,NSE:DELTAMAGNT,31.8,31.8,31.8,31.8,250.0
2021-02-18 14:57:00,NSE:DELTAMAGNT,31.8,31.8,31.8,31.8,250.0
2021-02-18 15:12:00,NSE:DELTAMAGNT,31.5,31.75,31.5,31.75,71.0
2021-02-18 15:18:00,NSE:DELTAMAGNT,31.8,32.15,31.8,32.15,2300.0
2021-02-18 15:27:00,NSE:DELTAMAGNT,31.55,32.05,31.55,32.05,173.0
2021-02-19 09:18:00,NSE:DELTAMAGNT,31.05,31.05,31.05,31.05,35.0
2021-02-19 09:27:00,NSE:DELTAMAGNT,31.0,31.5,31.0,31.0,254.0
2021-02-19 09:39:00,NSE:DELTAMAGNT,31.4,31.4,31.4,31.4,20.0
2021-02-19 09:45:00,NSE:DELTAMAGNT,31.55,31.55,31.55,31.55,147.0
2021-02-19 09:48:00,NSE:DELTAMAGNT,32.1,32.1,32.1,32.1,100.0
2021-02-19 09:57:00,NSE:DELTAMAGNT,31.5,31.6,31.5,31.6,100.0
2021-02-19 10:00:00,NSE:DELTAMAGNT,31.5,31.5,31.5,31.5,100.0
2021-02-19 10:03:00,NSE:DELTAMAGNT,31.5,31.5,31.5,31.5,76.0
2021-02-19 10:06:00,NSE:DELTAMAGNT,31.5,31.5,31.5,31.5,6.0
2021-02-19 10:42:00,NSE:DELTAMAGNT,31.35,31.35,31.35,31.35,327.0
2021-02-19 11:00:00,NSE:DELTAMAGNT,31.35,31.35,31.35,31.35,8.0
2021-02-19 11:18:00,NSE:DELTAMAGNT,31.0,31.0,31.0,31.0,6.0
2021-02-19 11:21:00,NSE:DELTAMAGNT,31.1,31.1,31.1,31.1,20.0
2021-02-19 11:33:00,NSE:DELTAMAGNT,31.1,31.1,31.1,31.1,53.0
2021-02-19 11:45:00,NSE:DELTAMAGNT,31.15,31.15,31.15,31.15,106.0
2021-02-19 11:51:00,NSE:DELTAMAGNT,31.1,31.1,31.1,31.1,20.0
2021-02-19 12:36:00,NSE:DELTAMAGNT,31.2,31.2,31.2,31.2,189.0
2021-02-19 12:48:00,NSE:DELTAMAGNT,31.15,31.2,31.15,31.2,23.0
2021-02-19 12:57:00,NSE:DELTAMAGNT,31.2,31.2,31.2,31.2,12.0
2021-02-19 13:24:00,NSE:DELTAMAGNT,31.15,31.15,31.15,31.15,1264.0
2021-02-19 13:45:00,NSE:DELTAMAGNT,31.15,31.15,31.15,31.15,100.0
2021-02-19 14:03:00,NSE:DELTAMAGNT,31.2,31.2,31.2,31.2,22.0
2021-02-19 14:06:00,NSE:DELTAMAGNT,31.15,31.15,31.15,31.15,42.0
2021-02-19 14:09:00,NSE:DELTAMAGNT,31.2,31.2,31.2,31.2,116.0
2021-02-19 14:15:00,NSE:DELTAMAGNT,31.15,31.15,31.15,31.15,121.0
2021-02-19 14:24:00,NSE:DELTAMAGNT,31.5,31.5,31.5,31.5,5.0
2021-02-19 14:42:00,NSE:DELTAMAGNT,32.0,32.0,32.0,32.0,2567.0
2021-02-19 14:48:00,NSE:DELTAMAGNT,32.15,32.15,32.15,32.15,2.0
2021-02-19 14:51:00,NSE:DELTAMAGNT,32.0,32.0,31.5,32.0,3586.0
2021-02-19 14:54:00,NSE:DELTAMAGNT,32.0,32.0,32.0,32.0,100.0
2021-02-19 15:00:00,NSE:DELTAMAGNT,31.35,31.35,31.35,31.35,90.0
2021-02-19 15:03:00,NSE:DELTAMAGNT,32.0,32.0,32.0,32.0,1000.0
2021-02-19 15:15:00,NSE:DELTAMAGNT,32.0,32.0,32.0,32.0,1108.0
2021-02-19 15:18:00,NSE:DELTAMAGNT,32.2,32.2,32.2,32.2,250.0
2021-02-19 15:21:00,NSE:DELTAMAGNT,32.3,32.3,32.3,32.3,26.0
2021-02-19 15:24:00,NSE:DELTAMAGNT,32.9,32.9,32.05,32.05,1010.0
2021-02-19 15:27:00,NSE:DELTAMAGNT,32.85,32.85,32.05,32.8,550.0
2021-02-22 09:06:00,NSE:DELTAMAGNT,33.75,33.75,33.75,33.75,270.0
2021-02-22 09:15:00,NSE:DELTAMAGNT,32.2,33.7,32.2,32.6,740.0
2021-02-22 09:18:00,NSE:DELTAMAGNT,32.6,33.75,32.6,32.75,1198.0
2021-02-22 09:21:00,NSE:DELTAMAGNT,32.9,32.9,32.9,32.9,1.0
2021-02-22 09:24:00,NSE:DELTAMAGNT,32.95,32.95,32.95,32.95,100.0
2021-02-22 09:27:00,NSE:DELTAMAGNT,32.55,33.5,32.55,33.5,1100.0
2021-02-22 09:30:00,NSE:DELTAMAGNT,32.6,32.6,32.6,32.6,1.0
2021-02-22 09:45:00,NSE:DELTAMAGNT,33.5,33.5,32.75,32.75,340.0
2021-02-22 09:51:00,NSE:DELTAMAGNT,33.45,33.45,33.45,33.45,199.0
2021-02-22 09:54:00,NSE:DELTAMAGNT,33.45,33.45,32.75,32.75,313.0
2021-02-22 10:00:00,NSE:DELTAMAGNT,32.75,33.45,32.75,32.8,1081.0
2021-02-22 10:03:00,NSE:DELTAMAGNT,32.85,33.0,32.85,33.0,240.0
2021-02-22 10:15:00,NSE:DELTAMAGNT,32.9,32.9,32.8,32.8,860.0
2021-02-22 10:18:00,NSE:DELTAMAGNT,33.0,33.0,33.0,33.0,100.0
2021-02-22 10:21:00,NSE:DELTAMAGNT,32.8,32.8,32.8,32.8,25.0
2021-02-22 10:24:00,NSE:DELTAMAGNT,33.0,33.0,33.0,33.0,50.0
2021-02-22 10:27:00,NSE:DELTAMAGNT,32.75,32.75,32.75,32.75,75.0
2021-02-22 10:30:00,NSE:DELTAMAGNT,33.45,33.45,33.45,33.45,500.0
2021-02-22 10:33:00,NSE:DELTAMAGNT,33.45,33.45,32.75,32.75,96.0
2021-02-22 10:42:00,NSE:DELTAMAGNT,32.75,33.7,32.35,33.65,2365.0
2021-02-22 10:45:00,NSE:DELTAMAGNT,33.6,33.6,32.05,32.05,2526.0
2021-02-22 10:48:00,NSE:DELTAMAGNT,32.15,32.15,32.15,32.15,11.0
2021-02-22 10:54:00,NSE:DELTAMAGNT,32.15,32.15,32.15,32.15,23.0
2021-02-22 10:57:00,NSE:DELTAMAGNT,33.25,33.25,33.05,33.05,144.0
2021-02-22 11:00:00,NSE:DELTAMAGNT,33.05,33.05,33.05,33.05,166.0
2021-02-22 11:06:00,NSE:DELTAMAGNT,33.0,33.0,33.0,33.0,5.0
2021-02-22 11:12:00,NSE:DELTAMAGNT,33.0,33.0,33.0,33.0,37.0
2021-02-22 11:24:00,NSE:DELTAMAGNT,33.0,33.0,33.0,33.0,50.0
2021-02-22 11:36:00,NSE:DELTAMAGNT,32.9,32.9,32.9,32.9,200.0
2021-02-22 11:39:00,NSE:DELTAMAGNT,32.9,32.9,32.9,32.9,216.0
2021-02-22 11:45:00,NSE:DELTAMAGNT,32.9,32.9,32.9,32.9,25.0
2021-02-22 11:51:00,NSE:DELTAMAGNT,32.15,32.15,32.15,32.15,108.0
2021-02-22 11:54:00,NSE:DELTAMAGNT,32.1,32.1,32.1,32.1,300.0
2021-02-22 12:00:00,NSE:DELTAMAGNT,32.1,32.1,32.1,32.1,1260.0
2021-02-22 12:03:00,NSE:DELTAMAGNT,32.1,32.1,32.1,32.1,58.0
2021-02-22 12:15:00,NSE:DELTAMAGNT,32.15,32.15,32.15,32.15,1.0
2021-02-22 12:27:00,NSE:DELTAMAGNT,32.95,32.95,32.95,32.95,25.0
2021-02-22 12:30:00,NSE:DELTAMAGNT,32.95,32.95,32.95,32.95,1.0
2021-02-22 12:39:00,NSE:DELTAMAGNT,32.55,32.55,32.55,32.55,1.0
2021-02-22 12:42:00,NSE:DELTAMAGNT,32.55,32.55,32.55,32.55,203.0
2021-02-22 12:51:00,NSE:DELTAMAGNT,32.2,32.2,32.2,32.2,180.0
2021-02-22 12:54:00,NSE:DELTAMAGNT,32.15,32.95,32.15,32.95,924.0
2021-02-22 13:00:00,NSE:DELTAMAGNT,32.15,32.15,32.15,32.15,250.0
2021-02-22 13:06:00,NSE:DELTAMAGNT,32.1,33.45,32.1,33.45,3721.0
2021-02-22 13:09:00,NSE:DELTAMAGNT,32.3,33.3,32.3,33.3,800.0
2021-02-22 13:12:00,NSE:DELTAMAGNT,33.3,33.3,33.3,33.3,200.0
2021-02-22 13:18:00,NSE:DELTAMAGNT,33.45,33.45,33.45,33.45,152.0
2021-02-22 13:33:00,NSE:DELTAMAGNT,33.4,33.4,33.4,33.4,120.0
2021-02-22 13:36:00,NSE:DELTAMAGNT,33.4,33.4,33.4,33.4,12.0
2021-02-22 13:42:00,NSE:DELTAMAGNT,32.4,32.4,32.4,32.4,5.0
2021-02-22 13:51:00,NSE:DELTAMAGNT,32.55,32.55,32.55,32.55,250.0
2021-02-22 13:54:00,NSE:DELTAMAGNT,32.5,33.4,32.5,33.4,346.0
2021-02-22 14:03:00,NSE:DELTAMAGNT,33.4,33.4,33.4,33.4,60.0
2021-02-22 14:12:00,NSE:DELTAMAGNT,32.6,32.6,32.6,32.6,21.0
2021-02-22 14:15:00,NSE:DELTAMAGNT,32.5,33.35,32.5,33.35,745.0
2021-02-22 14:18:00,NSE:DELTAMAGNT,32.5,33.1,32.5,33.1,499.0
2021-02-22 14:30:00,NSE:DELTAMAGNT,32.5,32.5,32.5,32.5,355.0
2021-02-22 14:36:00,NSE:DELTAMAGNT,33.3,33.3,32.55,32.55,1004.0
2021-02-22 14:39:00,NSE:DELTAMAGNT,32.5,33.3,32.5,33.3,281.0
2021-02-22 14:45:00,NSE:DELTAMAGNT,32.35,32.35,32.35,32.35,48.0
2021-02-22 14:54:00,NSE:DELTAMAGNT,32.35,32.35,32.35,32.35,1.0
2021-02-22 15:06:00,NSE:DELTAMAGNT,33.25,33.25,33.25,33.25,352.0
2021-02-22 15:21:00,NSE:DELTAMAGNT,32.35,32.35,32.35,32.35,300.0
2021-02-22 15:24:00,NSE:DELTAMAGNT,33.2,33.2,32.4,32.4,2.0
2021-02-22 15:27:00,NSE:DELTAMAGNT,32.35,33.45,32.35,33.45,99.0
2021-02-23 09:06:00,NSE:DELTAMAGNT,33.75,33.75,33.75,33.75,1.0
2021-02-23 09:15:00,NSE:DELTAMAGNT,32.25,32.25,32.25,32.25,500.0
2021-02-23 09:18:00,NSE:DELTAMAGNT,32.35,32.35,32.3,32.3,200.0
2021-02-23 09:21:00,NSE:DELTAMAGNT,32.95,32.95,32.95,32.95,1.0
2021-02-23 09:24:00,NSE:DELTAMAGNT,32.95,32.95,32.95,32.95,25.0
2021-02-23 09:27:00,NSE:DELTAMAGNT,32.35,32.35,32.35,32.35,160.0
2021-02-23 09:45:00,NSE:DELTAMAGNT,32.9,32.9,32.9,32.9,2.0
2021-02-23 09:57:00,NSE:DELTAMAGNT,32.7,32.7,32.7,32.7,30.0
2021-02-23 10:36:00,NSE:DELTAMAGNT,32.6,32.6,32.6,32.6,250.0
2021-02-23 10:39:00,NSE:DELTAMAGNT,32.6,32.6,32.6,32.6,5.0
2021-02-23 10:57:00,NSE:DELTAMAGNT,32.55,32.55,32.55,32.55,76.0
2021-02-23 11:00:00,NSE:DELTAMAGNT,32.6,32.6,32.6,32.6,100.0
2021-02-23 11:06:00,NSE:DELTAMAGNT,32.55,32.55,32.55,32.55,23.0
2021-02-23 11:12:00,NSE:DELTAMAGNT,32.55,32.55,32.55,32.55,35.0
2021-02-23 11:18:00,NSE:DELTAMAGNT,32.6,32.6,32.6,32.6,4.0
2021-02-23 11:21:00,NSE:DELTAMAGNT,32.6,32.6,32.6,32.6,234.0
2021-02-23 11:27:00,NSE:DELTAMAGNT,32.7,32.7,32.7,32.7,300.0
2021-02-23 11:57:00,NSE:DELTAMAGNT,32.7,32.7,32.7,32.7,120.0
2021-02-23 12:06:00,NSE:DELTAMAGNT,32.7,32.7,32.7,32.7,500.0
2021-02-23 12:12:00,NSE:DELTAMAGNT,32.7,32.7,32.7,32.7,100.0
2021-02-23 12:24:00,NSE:DELTAMAGNT,32.55,32.55,32.55,32.55,116.0
2021-02-23 12:33:00,NSE:DELTAMAGNT,32.5,32.5,32.5,32.5,100.0
2021-02-23 12:48:00,NSE:DELTAMAGNT,32.65,32.65,32.65,32.65,2.0
2021-02-23 12:57:00,NSE:DELTAMAGNT,32.7,32.7,32.7,32.7,100.0
2021-02-23 13:24:00,NSE:DELTAMAGNT,32.1,32.1,32.1,32.1,500.0
2021-02-23 13:33:00,NSE:DELTAMAGNT,32.55,32.55,32.55,32.55,60.0
2021-02-23 14:03:00,NSE:DELTAMAGNT,32.1,32.1,32.1,32.1,1000.0
2021-02-23 14:06:00,NSE:DELTAMAGNT,32.1,32.1,32.1,32.1,500.0
2021-02-23 14:09:00,NSE:DELTAMAGNT,32.1,32.1,32.1,32.1,754.0
2021-02-23 14:12:00,NSE:DELTAMAGNT,32.1,32.1,32.1,32.1,246.0
2021-02-23 14:15:00,NSE:DELTAMAGNT,31.8,31.8,31.8,31.8,50.0
2021-02-23 14:18:00,NSE:DELTAMAGNT,32.1,32.1,32.1,32.1,23.0
2021-02-23 14:33:00,NSE:DELTAMAGNT,32.2,32.2,32.2,32.2,100.0
2021-02-23 14:48:00,NSE:DELTAMAGNT,32.2,32.2,32.2,32.2,84.0
2021-02-23 15:00:00,NSE:DELTAMAGNT,32.1,32.1,32.1,32.1,30.0
2021-02-23 15:06:00,NSE:DELTAMAGNT,32.1,32.1,32.0,32.0,988.0
2021-02-23 15:09:00,NSE:DELTAMAGNT,31.2,31.2,31.2,31.2,2784.0
2021-02-23 15:12:00,NSE:DELTAMAGNT,31.2,31.2,31.2,31.2,50.0
2021-02-23 15:15:00,NSE:DELTAMAGNT,31.2,31.2,31.2,31.2,335.0
2021-02-23 15:18:00,NSE:DELTAMAGNT,31.2,31.2,31.2,31.2,1862.0
2021-02-23 15:27:00,NSE:DELTAMAGNT,31.9,31.9,31.2,31.25,206.0
2021-02-23 15:57:00,NSE:DELTAMAGNT,31.4,31.4,31.4,31.4,94.0
2021-02-24 09:06:00,NSE:DELTAMAGNT,32.55,32.55,32.55,32.55,140.0
2021-02-24 09:15:00,NSE:DELTAMAGNT,32.05,32.05,32.05,32.05,35.0
2021-02-24 09:30:00,NSE:DELTAMAGNT,30.65,30.65,30.65,30.65,46.0
2021-02-24 09:57:00,NSE:DELTAMAGNT,31.6,31.6,31.6,31.6,46.0
2021-02-24 10:06:00,NSE:DELTAMAGNT,31.25,31.25,31.25,31.25,230.0
2021-02-24 10:48:00,NSE:DELTAMAGNT,31.2,31.2,31.2,31.2,74.0
2021-02-24 10:54:00,NSE:DELTAMAGNT,30.85,30.85,30.85,30.85,110.0
2021-02-24 10:57:00,NSE:DELTAMAGNT,30.85,30.85,30.85,30.85,140.0
2021-02-24 11:00:00,NSE:DELTAMAGNT,30.85,30.85,30.85,30.85,45.0
2021-02-24 11:15:00,NSE:DELTAMAGNT,31.25,31.25,31.25,31.25,80.0
2021-02-24 11:21:00,NSE:DELTAMAGNT,31.25,31.25,31.25,31.25,5.0
2021-02-24 11:24:00,NSE:DELTAMAGNT,31.25,31.25,31.25,31.25,1.0
2021-02-24 11:30:00,NSE:DELTAMAGNT,30.85,31.55,30.85,31.55,303.0
2021-02-24 15:54:00,NSE:DELTAMAGNT,31.45,31.45,31.45,31.45,1000.0
2021-02-24 15:57:00,NSE:DELTAMAGNT,31.45,31.45,31.45,31.45,100.0
2021-02-24 16:18:00,NSE:DELTAMAGNT,31.45,31.45,31.45,31.45,31.0
2021-02-24 16:27:00,NSE:DELTAMAGNT,31.45,31.45,30.35,30.35,81.0
2021-02-24 16:39:00,NSE:DELTAMAGNT,30.35,30.35,30.35,30.35,46.0
2021-02-24 16:57:00,NSE:DELTAMAGNT,30.45,30.45,30.45,30.45,149.0
2021-02-25 09:18:00,NSE:DELTAMAGNT,30.1,30.15,30.1,30.1,200.0
2021-02-25 09:27:00,NSE:DELTAMAGNT,30.2,30.2,30.2,30.2,5.0
2021-02-25 09:30:00,NSE:DELTAMAGNT,30.2,30.2,30.2,30.2,4.0
2021-02-25 09:36:00,NSE:DELTAMAGNT,30.25,30.25,30.25,30.25,23.0
2021-02-25 09:39:00,NSE:DELTAMAGNT,30.2,30.2,30.2,30.2,39.0
2021-02-25 09:54:00,NSE:DELTAMAGNT,30.3,31.45,30.3,31.45,260.0
2021-02-25 10:03:00,NSE:DELTAMAGNT,30.9,30.9,30.9,30.9,1.0
2021-02-25 10:09:00,NSE:DELTAMAGNT,30.9,30.9,30.9,30.9,748.0
2021-02-25 10:18:00,NSE:DELTAMAGNT,30.9,30.9,30.9,30.9,1400.0
2021-02-25 10:33:00,NSE:DELTAMAGNT,30.7,31.9,30.7,30.9,4298.0
2021-02-25 10:39:00,NSE:DELTAMAGNT,30.9,30.9,30.9,30.9,121.0
2021-02-25 10:51:00,NSE:DELTAMAGNT,31.05,31.05,31.05,31.05,200.0
2021-02-25 10:54:00,NSE:DELTAMAGNT,31.7,31.7,31.7,31.7,1.0
2021-02-25 11:09:00,NSE:DELTAMAGNT,31.05,31.5,31.05,31.5,1360.0
2021-02-25 11:24:00,NSE:DELTAMAGNT,31.0,31.0,31.0,31.0,20.0
2021-02-25 11:42:00,NSE:DELTAMAGNT,31.0,31.0,31.0,31.0,100.0
2021-02-25 11:48:00,NSE:DELTAMAGNT,31.0,31.0,31.0,31.0,100.0
2021-02-25 11:51:00,NSE:DELTAMAGNT,31.5,31.5,31.5,31.5,1.0
2021-02-25 11:57:00,NSE:DELTAMAGNT,31.0,31.0,31.0,31.0,1.0
2021-02-25 12:03:00,NSE:DELTAMAGNT,31.0,31.0,31.0,31.0,46.0
2021-02-25 12:15:00,NSE:DELTAMAGNT,31.3,31.3,31.3,31.3,1.0
2021-02-25 12:18:00,NSE:DELTAMAGNT,31.0,31.0,31.0,31.0,202.0
2021-02-25 14:06:00,NSE:DELTAMAGNT,31.0,31.0,31.0,31.0,10.0
2021-02-25 14:21:00,NSE:DELTAMAGNT,31.0,31.0,31.0,31.0,149.0
2021-02-25 14:33:00,NSE:DELTAMAGNT,31.0,31.0,31.0,31.0,301.0
2021-02-25 15:00:00,NSE:DELTAMAGNT,30.7,30.7,30.7,30.7,1.0
2021-02-25 15:24:00,NSE:DELTAMAGNT,30.8,30.8,30.8,30.8,65.0
2021-02-25 15:27:00,NSE:DELTAMAGNT,30.2,30.2,30.2,30.2,235.0
2021-02-26 09:15:00,NSE:DELTAMAGNT,30.3,30.3,30.3,30.3,10.0
2021-02-26 09:24:00,NSE:DELTAMAGNT,30.2,30.2,30.2,30.2,70.0
2021-02-26 09:30:00,NSE:DELTAMAGNT,30.9,30.9,30.9,30.9,684.0
2021-02-26 09:33:00,NSE:DELTAMAGNT,31.85,31.85,31.85,31.85,464.0
2021-02-26 09:36:00,NSE:DELTAMAGNT,31.8,31.8,31.8,31.8,297.0
2021-02-26 09:45:00,NSE:DELTAMAGNT,31.0,31.0,31.0,31.0,520.0
2021-02-26 09:48:00,NSE:DELTAMAGNT,31.0,31.0,31.0,31.0,444.0
2021-02-26 09:54:00,NSE:DELTAMAGNT,31.0,31.0,31.0,31.0,250.0
2021-02-26 10:09:00,NSE:DELTAMAGNT,30.8,30.8,30.8,30.8,25.0
2021-02-26 10:24:00,NSE:DELTAMAGNT,30.8,30.8,30.8,30.8,2.0
2021-02-26 10:33:00,NSE:DELTAMAGNT,30.05,30.05,30.05,30.05,10.0
2021-02-26 10:39:00,NSE:DELTAMAGNT,30.0,30.0,30.0,30.0,1700.0
2021-02-26 10:42:00,NSE:DELTAMAGNT,30.75,30.75,30.75,30.75,1.0
2021-02-26 10:45:00,NSE:DELTAMAGNT,30.0,30.0,30.0,30.0,130.0
2021-02-26 10:48:00,NSE:DELTAMAGNT,30.0,30.0,30.0,30.0,23.0
2021-02-26 10:57:00,NSE:DELTAMAGNT,30.0,30.0,30.0,30.0,40.0
2021-02-26 11:03:00,NSE:DELTAMAGNT,30.0,30.0,30.0,30.0,100.0
2021-02-26 11:21:00,NSE:DELTAMAGNT,30.0,30.0,30.0,30.0,500.0
2021-02-26 11:36:00,NSE:DELTAMAGNT,31.0,31.0,31.0,31.0,1581.0
2021-02-26 12:54:00,NSE:DELTAMAGNT,30.2,31.2,30.2,31.2,10.0
2021-02-26 12:57:00,NSE:DELTAMAGNT,30.0,30.0,30.0,30.0,6160.0
2021-02-26 13:00:00,NSE:DELTAMAGNT,31.0,31.0,31.0,31.0,201.0
2021-02-26 13:24:00,NSE:DELTAMAGNT,31.75,31.75,31.75,31.75,17.0
2021-02-26 13:27:00,NSE:DELTAMAGNT,31.05,31.05,31.05,31.05,20.0
2021-02-26 13:30:00,NSE:DELTAMAGNT,31.1,31.1,31.1,31.1,300.0
2021-02-26 13:33:00,NSE:DELTAMAGNT,31.1,31.1,31.1,31.1,250.0
2021-02-26 13:51:00,NSE:DELTAMAGNT,31.1,31.1,31.0,31.0,131.0
2021-02-26 14:06:00,NSE:DELTAMAGNT,31.0,31.0,31.0,31.0,120.0
2021-02-26 14:33:00,NSE:DELTAMAGNT,31.1,31.1,31.1,31.1,149.0
2021-02-26 14:51:00,NSE:DELTAMAGNT,31.1,31.1,31.1,31.1,15.0
2021-02-26 15:03:00,NSE:DELTAMAGNT,31.1,31.1,31.1,31.1,30.0
2021-02-26 15:15:00,NSE:DELTAMAGNT,31.1,31.1,31.1,31.1,6.0
2021-02-26 15:24:00,NSE:DELTAMAGNT,30.05,30.05,30.05,30.05,110.0
2021-02-26 15:27:00,NSE:DELTAMAGNT,30.05,30.05,30.05,30.05,100.0
2021-02-26 15:51:00,NSE:DELTAMAGNT,30.2,30.2,30.2,30.2,27.0
2021-03-01 09:06:00,NSE:DELTAMAGNT,30.1,30.1,30.1,30.1,4.0
2021-03-01 09:21:00,NSE:DELTAMAGNT,31.0,31.0,31.0,31.0,5.0
2021-03-01 09:30:00,NSE:DELTAMAGNT,31.0,31.0,31.0,31.0,3.0
2021-03-01 10:33:00,NSE:DELTAMAGNT,31.0,31.0,31.0,31.0,100.0
2021-03-01 11:00:00,NSE:DELTAMAGNT,31.05,31.05,31.05,31.05,24.0
2021-03-01 11:09:00,NSE:DELTAMAGNT,31.0,31.0,31.0,31.0,700.0
2021-03-01 11:21:00,NSE:DELTAMAGNT,30.9,30.9,30.9,30.9,354.0
2021-03-01 11:24:00,NSE:DELTAMAGNT,30.25,30.25,30.25,30.25,5.0
2021-03-01 11:27:00,NSE:DELTAMAGNT,29.05,29.05,29.05,29.05,2376.0
2021-03-01 11:51:00,NSE:DELTAMAGNT,29.6,29.6,29.6,29.6,500.0
2021-03-01 12:57:00,NSE:DELTAMAGNT,29.5,29.5,29.5,29.5,1011.0
2021-03-01 13:09:00,NSE:DELTAMAGNT,30.6,30.8,30.6,30.8,1101.0
2021-03-01 13:15:00,NSE:DELTAMAGNT,30.8,30.8,30.8,30.8,25.0
2021-03-01 13:18:00,NSE:DELTAMAGNT,30.8,30.8,30.8,30.8,50.0
2021-03-01 13:24:00,NSE:DELTAMAGNT,30.85,30.85,30.8,30.8,1150.0
2021-03-01 13:30:00,NSE:DELTAMAGNT,30.8,31.0,30.8,31.0,382.0
2021-03-01 13:36:00,NSE:DELTAMAGNT,30.8,30.8,30.8,30.8,8.0
2021-03-01 14:03:00,NSE:DELTAMAGNT,31.35,31.35,31.35,31.35,350.0
2021-03-01 14:09:00,NSE:DELTAMAGNT,31.3,31.3,31.3,31.3,1.0
2021-03-01 14:21:00,NSE:DELTAMAGNT,31.3,31.3,31.3,31.3,700.0
2021-03-01 14:27:00,NSE:DELTAMAGNT,30.8,30.8,30.8,30.8,350.0
2021-03-01 14:42:00,NSE:DELTAMAGNT,30.8,30.8,30.8,30.8,65.0
2021-03-01 15:12:00,NSE:DELTAMAGNT,30.8,30.8,30.8,30.8,524.0
2021-03-01 15:27:00,NSE:DELTAMAGNT,30.8,30.8,30.8,30.8,245.0
2021-03-02 09:27:00,NSE:DELTAMAGNT,30.8,30.95,30.8,30.8,1000.0
2021-03-02 09:45:00,NSE:DELTAMAGNT,30.85,30.85,30.85,30.85,1.0
2021-03-02 10:03:00,NSE:DELTAMAGNT,30.85,30.85,30.85,30.85,71.0
2021-03-02 10:21:00,NSE:DELTAMAGNT,30.8,30.8,30.8,30.8,10.0
2021-03-02 10:24:00,NSE:DELTAMAGNT,30.8,30.85,30.8,30.85,10.0
2021-03-02 10:27:00,NSE:DELTAMAGNT,30.8,30.85,30.8,30.85,115.0
2021-03-02 10:30:00,NSE:DELTAMAGNT,30.8,30.8,30.8,30.8,50.0
2021-03-02 10:51:00,NSE:DELTAMAGNT,30.8,30.8,30.8,30.8,230.0
2021-03-02 11:09:00,NSE:DELTAMAGNT,31.1,31.1,31.1,31.1,9.0
2021-03-02 11:12:00,NSE:DELTAMAGNT,30.8,30.8,30.8,30.8,50.0
2021-03-02 11:24:00,NSE:DELTAMAGNT,30.8,30.8,30.8,30.8,10.0
2021-03-02 12:06:00,NSE:DELTAMAGNT,30.8,30.8,30.8,30.8,84.0
2021-03-02 12:57:00,NSE:DELTAMAGNT,31.25,31.25,31.25,31.25,1104.0
2021-03-02 13:00:00,NSE:DELTAMAGNT,31.4,31.45,31.4,31.45,1000.0
2021-03-02 13:03:00,NSE:DELTAMAGNT,31.45,31.45,31.45,31.45,100.0
2021-03-02 13:06:00,NSE:DELTAMAGNT,31.45,31.85,31.45,31.45,203.0
2021-03-02 13:09:00,NSE:DELTAMAGNT,31.9,31.9,31.9,31.9,221.0
2021-03-02 13:12:00,NSE:DELTAMAGNT,31.9,31.9,31.9,31.9,20.0
2021-03-02 13:15:00,NSE:DELTAMAGNT,31.9,32.0,31.9,32.0,550.0
2021-03-02 13:18:00,NSE:DELTAMAGNT,32.25,32.25,32.25,32.25,2647.0
2021-03-02 13:27:00,NSE:DELTAMAGNT,32.25,32.25,32.25,32.25,2196.0
2021-03-02 13:30:00,NSE:DELTAMAGNT,32.3,32.3,32.3,32.3,1403.0
2021-03-02 13:39:00,NSE:DELTAMAGNT,32.3,32.3,32.3,32.3,30.0
2021-03-02 13:54:00,NSE:DELTAMAGNT,32.3,32.3,32.3,32.3,500.0
2021-03-02 13:57:00,NSE:DELTAMAGNT,32.3,32.3,32.3,32.3,52.0
2021-03-02 14:03:00,NSE:DELTAMAGNT,32.3,32.3,32.3,32.3,200.0
2021-03-02 14:18:00,NSE:DELTAMAGNT,32.3,32.3,32.3,32.3,5.0
2021-03-02 14:39:00,NSE:DELTAMAGNT,32.3,32.3,32.3,32.3,150.0
2021-03-02 14:42:00,NSE:DELTAMAGNT,32.3,32.3,32.3,32.3,20.0
2021-03-02 15:27:00,NSE:DELTAMAGNT,32.3,32.3,32.3,32.3,2287.0
2021-03-02 15:57:00,NSE:DELTAMAGNT,32.3,32.3,32.3,32.3,11.0
2021-03-03 09:27:00,NSE:DELTAMAGNT,31.55,31.65,31.55,31.55,110.0
2021-03-03 09:33:00,NSE:DELTAMAGNT,32.0,32.0,32.0,32.0,20.0
2021-03-03 09:36:00,NSE:DELTAMAGNT,32.0,32.0,32.0,32.0,1500.0
2021-03-03 09:45:00,NSE:DELTAMAGNT,31.9,31.9,31.9,31.9,20.0
2021-03-03 09:48:00,NSE:DELTAMAGNT,31.65,31.65,31.65,31.65,20.0
2021-03-03 09:51:00,NSE:DELTAMAGNT,31.8,31.8,31.8,31.8,72.0
2021-03-03 09:54:00,NSE:DELTAMAGNT,31.85,31.85,31.85,31.85,428.0
2021-03-03 09:57:00,NSE:DELTAMAGNT,31.8,31.8,31.45,31.45,901.0
2021-03-03 10:00:00,NSE:DELTAMAGNT,31.45,31.45,31.45,31.45,37.0
2021-03-03 10:09:00,NSE:DELTAMAGNT,31.85,31.85,31.85,31.85,20.0
2021-03-03 10:27:00,NSE:DELTAMAGNT,31.85,31.85,31.85,31.85,67.0
2021-03-03 10:30:00,NSE:DELTAMAGNT,31.9,31.9,31.9,31.9,200.0
2021-03-03 10:51:00,NSE:DELTAMAGNT,32.35,32.35,32.35,32.35,50.0
2021-03-03 10:57:00,NSE:DELTAMAGNT,32.55,32.55,32.55,32.55,20.0
2021-03-03 11:03:00,NSE:DELTAMAGNT,32.55,32.55,32.55,32.55,200.0
2021-03-03 11:21:00,NSE:DELTAMAGNT,32.5,32.5,32.5,32.5,600.0
2021-03-03 11:42:00,NSE:DELTAMAGNT,31.9,31.9,31.9,31.9,6.0
2021-03-03 11:45:00,NSE:DELTAMAGNT,32.0,32.0,32.0,32.0,100.0
2021-03-03 12:12:00,NSE:DELTAMAGNT,32.0,32.0,31.5,31.5,500.0
2021-03-03 12:18:00,NSE:DELTAMAGNT,32.45,32.45,32.45,32.45,20.0
2021-03-03 12:27:00,NSE:DELTAMAGNT,32.45,32.45,32.45,32.45,150.0
2021-03-03 12:30:00,NSE:DELTAMAGNT,32.5,32.5,32.5,32.5,140.0
2021-03-03 12:51:00,NSE:DELTAMAGNT,32.5,32.5,32.5,32.5,236.0
2021-03-03 13:03:00,NSE:DELTAMAGNT,32.5,32.5,32.5,32.5,73.0
2021-03-03 13:09:00,NSE:DELTAMAGNT,32.5,32.5,32.5,32.5,27.0
2021-03-03 13:48:00,NSE:DELTAMAGNT,31.65,31.65,31.65,31.65,250.0
2021-03-03 14:00:00,NSE:DELTAMAGNT,32.45,32.45,32.45,32.45,500.0
2021-03-03 14:03:00,NSE:DELTAMAGNT,32.5,32.6,32.5,32.6,2003.0
2021-03-03 14:12:00,NSE:DELTAMAGNT,31.9,31.9,31.9,31.9,4.0
2021-03-03 14:39:00,NSE:DELTAMAGNT,33.9,33.9,32.0,32.0,3847.0
2021-03-03 14:54:00,NSE:DELTAMAGNT,32.7,33.9,32.7,33.9,4020.0
2021-03-03 14:57:00,NSE:DELTAMAGNT,33.9,33.9,33.9,33.9,124.0
2021-03-03 15:00:00,NSE:DELTAMAGNT,33.9,33.9,33.9,33.9,30.0
2021-03-03 15:15:00,NSE:DELTAMAGNT,33.05,33.05,33.05,33.05,98.0
2021-03-03 15:21:00,NSE:DELTAMAGNT,33.1,33.1,33.1,33.1,200.0
2021-03-03 15:24:00,NSE:DELTAMAGNT,33.9,33.9,33.9,33.9,69.0
2021-03-03 15:27:00,NSE:DELTAMAGNT,33.9,33.9,33.9,33.9,50.0
2021-03-03 15:39:00,NSE:DELTAMAGNT,33.35,33.35,33.35,33.35,1.0
2021-03-04 09:15:00,NSE:DELTAMAGNT,33.0,34.4,33.0,34.4,55.0
2021-03-04 09:18:00,NSE:DELTAMAGNT,33.5,33.5,33.5,33.5,20.0
2021-03-04 09:27:00,NSE:DELTAMAGNT,33.5,34.5,33.5,33.5,1079.0
2021-03-04 09:30:00,NSE:DELTAMAGNT,33.55,33.55,33.55,33.55,5.0
2021-03-04 09:39:00,NSE:DELTAMAGNT,34.0,34.0,34.0,34.0,19.0
2021-03-04 09:42:00,NSE:DELTAMAGNT,34.0,34.0,34.0,34.0,3.0
2021-03-04 09:54:00,NSE:DELTAMAGNT,34.0,34.0,34.0,34.0,78.0
2021-03-04 10:03:00,NSE:DELTAMAGNT,33.7,33.7,33.7,33.7,1.0
2021-03-04 10:09:00,NSE:DELTAMAGNT,33.7,33.7,33.7,33.7,50.0
2021-03-04 10:12:00,NSE:DELTAMAGNT,34.0,34.5,34.0,34.05,831.0
2021-03-04 10:15:00,NSE:DELTAMAGNT,34.45,34.45,34.45,34.45,15.0
2021-03-04 10:18:00,NSE:DELTAMAGNT,35.0,35.0,35.0,35.0,4124.0
2021-03-04 10:24:00,NSE:DELTAMAGNT,35.0,35.0,35.0,35.0,803.0
2021-03-04 10:27:00,NSE:DELTAMAGNT,35.0,35.0,35.0,35.0,140.0
2021-03-04 10:36:00,NSE:DELTAMAGNT,35.0,35.0,35.0,35.0,57.0
2021-03-04 10:39:00,NSE:DELTAMAGNT,35.0,35.0,35.0,35.0,1.0
2021-03-04 10:48:00,NSE:DELTAMAGNT,35.0,35.0,35.0,35.0,100.0
2021-03-04 11:06:00,NSE:DELTAMAGNT,35.0,35.0,35.0,35.0,2.0
2021-03-04 11:09:00,NSE:DELTAMAGNT,35.0,35.0,35.0,35.0,1.0
2021-03-04 11:45:00,NSE:DELTAMAGNT,35.0,35.0,35.0,35.0,69.0
2021-03-04 12:00:00,NSE:DELTAMAGNT,35.0,35.0,35.0,35.0,22.0
2021-03-04 12:12:00,NSE:DELTAMAGNT,35.0,35.0,35.0,35.0,101.0
2021-03-04 12:42:00,NSE:DELTAMAGNT,35.0,35.0,35.0,35.0,10.0
2021-03-04 13:18:00,NSE:DELTAMAGNT,35.0,35.0,35.0,35.0,100.0
2021-03-04 13:36:00,NSE:DELTAMAGNT,35.0,35.0,35.0,35.0,75.0
2021-03-04 13:45:00,NSE:DELTAMAGNT,35.0,35.0,35.0,35.0,2.0
2021-03-04 14:00:00,NSE:DELTAMAGNT,35.0,35.0,35.0,35.0,279.0
2021-03-04 14:27:00,NSE:DELTAMAGNT,35.0,35.0,35.0,35.0,99.0
2021-03-04 15:03:00,NSE:DELTAMAGNT,35.0,35.0,35.0,35.0,130.0
2021-03-04 15:06:00,NSE:DELTAMAGNT,35.0,35.0,35.0,35.0,10.0
2021-03-04 15:09:00,NSE:DELTAMAGNT,35.0,35.0,35.0,35.0,4.0
2021-03-04 15:48:00,NSE:DELTAMAGNT,35.0,35.0,35.0,35.0,30.0
2021-03-05 09:06:00,NSE:DELTAMAGNT,36.75,36.75,36.75,36.75,49.0
2021-03-05 09:15:00,NSE:DELTAMAGNT,36.75,36.75,36.2,36.75,10320.0
2021-03-05 09:21:00,NSE:DELTAMAGNT,36.75,36.75,36.75,36.75,856.0
2021-03-05 09:24:00,NSE:DELTAMAGNT,36.75,36.75,36.75,36.75,149.0
2021-03-05 09:27:00,NSE:DELTAMAGNT,36.75,36.75,36.75,36.75,45.0
2021-03-05 09:30:00,NSE:DELTAMAGNT,36.75,36.75,36.75,36.75,48.0
2021-03-05 09:33:00,NSE:DELTAMAGNT,36.75,36.75,36.75,36.75,100.0
2021-03-05 09:36:00,NSE:DELTAMAGNT,36.75,36.75,36.75,36.75,696.0
2021-03-05 09:39:00,NSE:DELTAMAGNT,36.75,36.75,36.75,36.75,400.0
2021-03-05 09:42:00,NSE:DELTAMAGNT,36.5,36.5,36.5,36.5,80.0
2021-03-05 09:45:00,NSE:DELTAMAGNT,36.5,36.5,36.5,36.5,365.0
2021-03-05 09:48:00,NSE:DELTAMAGNT,36.75,36.75,36.75,36.75,156.0
2021-03-05 09:57:00,NSE:DELTAMAGNT,36.75,36.75,36.75,36.75,100.0
2021-03-05 10:12:00,NSE:DELTAMAGNT,36.75,36.75,36.75,36.75,20.0
2021-03-05 10:42:00,NSE:DELTAMAGNT,36.75,36.75,36.75,36.75,39.0
2021-03-05 10:45:00,NSE:DELTAMAGNT,36.75,36.75,36.75,36.75,51.0
2021-03-05 10:51:00,NSE:DELTAMAGNT,36.75,36.75,36.75,36.75,515.0
2021-03-05 10:57:00,NSE:DELTAMAGNT,36.75,36.75,36.75,36.75,30.0
2021-03-05 11:00:00,NSE:DELTAMAGNT,36.75,36.75,36.75,36.75,40.0
2021-03-05 11:09:00,NSE:DELTAMAGNT,36.75,36.75,36.75,36.75,8.0
2021-03-05 11:27:00,NSE:DELTAMAGNT,36.75,36.75,36.75,36.75,5.0
2021-03-05 11:51:00,NSE:DELTAMAGNT,36.75,36.75,36.75,36.75,20.0
2021-03-05 11:54:00,NSE:DELTAMAGNT,36.75,36.75,36.75,36.75,6.0
2021-03-05 12:06:00,NSE:DELTAMAGNT,36.75,36.75,36.75,36.75,50.0
2021-03-05 12:54:00,NSE:DELTAMAGNT,36.75,36.75,36.75,36.75,5.0
2021-03-05 12:57:00,NSE:DELTAMAGNT,36.75,36.75,36.75,36.75,83.0
2021-03-05 13:12:00,NSE:DELTAMAGNT,36.75,36.75,36.75,36.75,15.0
2021-03-05 13:15:00,NSE:DELTAMAGNT,36.75,36.75,36.75,36.75,100.0
2021-03-05 13:30:00,NSE:DELTAMAGNT,36.75,36.75,36.75,36.75,222.0
2021-03-05 13:33:00,NSE:DELTAMAGNT,36.75,36.75,36.75,36.75,5000.0
2021-03-05 13:51:00,NSE:DELTAMAGNT,36.75,36.75,36.75,36.75,100.0
2021-03-05 14:06:00,NSE:DELTAMAGNT,36.75,36.75,36.75,36.75,132.0
2021-03-05 14:09:00,NSE:DELTAMAGNT,36.75,36.75,36.75,36.75,50.0
2021-03-05 14:12:00,NSE:DELTAMAGNT,36.75,36.75,36.75,36.75,200.0
2021-03-05 14:15:00,NSE:DELTAMAGNT,36.75,36.75,36.75,36.75,1000.0
2021-03-05 14:18:00,NSE:DELTAMAGNT,36.75,36.75,36.75,36.75,1000.0
2021-03-05 14:27:00,NSE:DELTAMAGNT,36.75,36.75,36.75,36.75,15.0
2021-03-05 14:42:00,NSE:DELTAMAGNT,36.75,36.75,36.75,36.75,5.0
2021-03-05 14:48:00,NSE:DELTAMAGNT,36.75,36.75,36.75,36.75,500.0
2021-03-05 14:51:00,NSE:DELTAMAGNT,36.75,36.75,36.75,36.75,1000.0
2021-03-05 15:00:00,NSE:DELTAMAGNT,36.0,36.0,36.0,36.0,1121.0
2021-03-05 15:03:00,NSE:DELTAMAGNT,36.75,36.75,36.75,36.75,5.0
2021-03-05 15:06:00,NSE:DELTAMAGNT,36.1,36.1,36.1,36.1,100.0
2021-03-05 15:09:00,NSE:DELTAMAGNT,36.75,36.75,36.75,36.75,50.0
2021-03-05 15:15:00,NSE:DELTAMAGNT,36.5,36.5,36.5,36.5,1095.0
2021-03-05 15:18:00,NSE:DELTAMAGNT,36.5,36.5,36.5,36.5,425.0
2021-03-05 15:21:00,NSE:DELTAMAGNT,36.5,36.5,36.5,36.5,300.0
2021-03-05 15:24:00,NSE:DELTAMAGNT,36.0,36.0,36.0,36.0,680.0
2021-03-05 15:27:00,NSE:DELTAMAGNT,36.75,36.75,36.75,36.75,50.0
2021-03-08 09:06:00,NSE:DELTAMAGNT,37.9,37.9,37.9,37.9,12.0
2021-03-08 09:15:00,NSE:DELTAMAGNT,36.55,36.55,36.45,36.45,160.0
2021-03-08 09:18:00,NSE:DELTAMAGNT,36.45,36.45,34.7,35.5,1337.0
2021-03-08 09:21:00,NSE:DELTAMAGNT,35.45,35.45,34.7,34.7,233.0
2021-03-08 09:24:00,NSE:DELTAMAGNT,34.7,34.7,34.7,34.7,75.0
2021-03-08 09:30:00,NSE:DELTAMAGNT,34.65,34.65,34.65,34.65,200.0
2021-03-08 09:33:00,NSE:DELTAMAGNT,34.65,34.65,34.65,34.65,170.0
2021-03-08 09:36:00,NSE:DELTAMAGNT,34.65,34.65,34.65,34.65,5.0
2021-03-08 09:39:00,NSE:DELTAMAGNT,34.65,34.65,34.65,34.65,11.0
2021-03-08 09:42:00,NSE:DELTAMAGNT,34.65,34.65,34.65,34.65,900.0
2021-03-08 09:45:00,NSE:DELTAMAGNT,34.65,34.65,34.65,34.65,1750.0
2021-03-08 09:48:00,NSE:DELTAMAGNT,34.65,34.65,34.65,34.65,1750.0
2021-03-08 09:51:00,NSE:DELTAMAGNT,34.65,34.65,34.65,34.65,100.0
2021-03-08 09:54:00,NSE:DELTAMAGNT,34.65,34.65,34.65,34.65,50.0
2021-03-08 10:06:00,NSE:DELTAMAGNT,34.65,34.65,34.65,34.65,100.0
2021-03-08 10:21:00,NSE:DELTAMAGNT,34.65,34.65,34.65,34.65,300.0
2021-03-08 10:24:00,NSE:DELTAMAGNT,34.65,34.65,34.65,34.65,200.0
2021-03-08 10:27:00,NSE:DELTAMAGNT,34.65,34.65,34.65,34.65,100.0
2021-03-08 10:30:00,NSE:DELTAMAGNT,34.65,34.65,34.65,34.65,1.0
2021-03-08 10:33:00,NSE:DELTAMAGNT,34.65,34.65,34.65,34.65,180.0
2021-03-08 11:00:00,NSE:DELTAMAGNT,34.65,34.65,34.65,34.65,20.0
2021-03-08 11:03:00,NSE:DELTAMAGNT,34.65,34.65,34.65,34.65,1.0
2021-03-08 12:18:00,NSE:DELTAMAGNT,34.65,34.65,34.65,34.65,63.0
2021-03-08 12:36:00,NSE:DELTAMAGNT,34.65,34.65,34.65,34.65,10.0
2021-03-08 12:48:00,NSE:DELTAMAGNT,34.65,34.75,34.65,34.75,1349.0
2021-03-08 12:51:00,NSE:DELTAMAGNT,34.75,34.75,34.75,34.75,75.0
2021-03-08 12:54:00,NSE:DELTAMAGNT,34.75,34.75,34.75,34.75,20.0
2021-03-08 13:00:00,NSE:DELTAMAGNT,35.3,35.3,35.3,35.3,620.0
2021-03-08 13:03:00,NSE:DELTAMAGNT,35.3,35.3,35.3,35.3,10.0
2021-03-08 13:12:00,NSE:DELTAMAGNT,35.45,35.45,35.45,35.45,2.0
2021-03-08 13:15:00,NSE:DELTAMAGNT,35.3,35.3,35.3,35.3,52.0
2021-03-08 13:21:00,NSE:DELTAMAGNT,35.3,35.3,35.3,35.3,500.0
2021-03-08 13:24:00,NSE:DELTAMAGNT,35.45,35.45,35.45,35.45,98.0
2021-03-08 13:48:00,NSE:DELTAMAGNT,35.45,35.45,35.45,35.45,50.0
2021-03-08 14:06:00,NSE:DELTAMAGNT,35.6,35.6,35.6,35.6,20.0
2021-03-08 14:09:00,NSE:DELTAMAGNT,35.5,35.5,35.5,35.5,250.0
2021-03-08 14:15:00,NSE:DELTAMAGNT,35.5,35.5,35.5,35.5,1.0
2021-03-08 14:18:00,NSE:DELTAMAGNT,35.45,35.45,35.45,35.45,1.0
2021-03-08 14:24:00,NSE:DELTAMAGNT,36.0,36.0,36.0,36.0,800.0
2021-03-08 14:27:00,NSE:DELTAMAGNT,36.0,36.0,36.0,36.0,32.0
2021-03-08 14:30:00,NSE:DELTAMAGNT,36.05,36.05,36.05,36.05,70.0
2021-03-08 14:33:00,NSE:DELTAMAGNT,36.0,36.0,36.0,36.0,187.0
2021-03-08 14:51:00,NSE:DELTAMAGNT,35.55,35.55,35.55,35.55,200.0
2021-03-08 14:57:00,NSE:DELTAMAGNT,35.55,35.55,35.55,35.55,140.0
2021-03-08 15:09:00,NSE:DELTAMAGNT,35.4,35.4,35.3,35.3,116.0
2021-03-08 15:12:00,NSE:DELTAMAGNT,35.3,35.3,35.3,35.3,911.0
2021-03-08 15:15:00,NSE:DELTAMAGNT,35.3,35.3,35.3,35.3,74.0
2021-03-08 15:18:00,NSE:DELTAMAGNT,35.4,35.4,35.3,35.3,51.0
2021-03-08 15:27:00,NSE:DELTAMAGNT,35.3,35.3,35.3,35.3,101.0
2021-03-09 09:18:00,NSE:DELTAMAGNT,34.15,34.15,34.15,34.15,6.0
2021-03-09 09:21:00,NSE:DELTAMAGNT,36.95,36.95,36.95,36.95,1.0
2021-03-09 09:36:00,NSE:DELTAMAGNT,34.25,34.25,34.25,34.25,4.0
2021-03-09 09:39:00,NSE:DELTAMAGNT,36.9,36.9,36.9,36.9,1.0
2021-03-09 10:09:00,NSE:DELTAMAGNT,36.85,36.85,36.85,36.85,48.0
2021-03-09 10:12:00,NSE:DELTAMAGNT,36.05,36.05,36.05,36.05,250.0
2021-03-09 10:15:00,NSE:DELTAMAGNT,35.55,36.45,35.55,36.45,130.0
2021-03-09 10:18:00,NSE:DELTAMAGNT,36.45,36.45,36.45,36.45,73.0
2021-03-09 10:30:00,NSE:DELTAMAGNT,36.4,36.4,36.4,36.4,7.0
2021-03-09 10:33:00,NSE:DELTAMAGNT,34.3,34.3,34.3,34.3,1000.0
2021-03-09 10:42:00,NSE:DELTAMAGNT,34.5,34.5,34.5,34.5,50.0
2021-03-09 11:06:00,NSE:DELTAMAGNT,34.65,34.65,34.65,34.65,67.0
2021-03-09 11:12:00,NSE:DELTAMAGNT,35.7,35.7,35.7,35.7,20.0
2021-03-09 11:18:00,NSE:DELTAMAGNT,35.8,35.8,35.8,35.8,10.0
2021-03-09 11:27:00,NSE:DELTAMAGNT,35.5,35.55,34.8,34.8,186.0
2021-03-09 11:30:00,NSE:DELTAMAGNT,35.8,35.8,35.8,35.8,33.0
2021-03-09 11:33:00,NSE:DELTAMAGNT,35.8,35.8,35.8,35.8,6.0
2021-03-09 11:36:00,NSE:DELTAMAGNT,35.8,35.8,35.8,35.8,61.0
2021-03-09 12:00:00,NSE:DELTAMAGNT,35.05,35.05,35.05,35.05,50.0
2021-03-09 12:03:00,NSE:DELTAMAGNT,35.95,35.95,35.95,35.95,1.0
2021-03-09 12:12:00,NSE:DELTAMAGNT,35.75,35.75,35.75,35.75,100.0
2021-03-09 12:42:00,NSE:DELTAMAGNT,34.7,34.7,34.7,34.7,115.0
2021-03-09 12:45:00,NSE:DELTAMAGNT,34.5,34.5,34.5,34.5,300.0
2021-03-09 12:51:00,NSE:DELTAMAGNT,35.65,35.65,35.65,35.65,20.0
2021-03-09 12:57:00,NSE:DELTAMAGNT,34.3,34.3,34.3,34.3,990.0
2021-03-09 13:15:00,NSE:DELTAMAGNT,34.35,34.35,34.35,34.35,21.0
2021-03-09 13:27:00,NSE:DELTAMAGNT,34.35,34.35,34.3,34.3,145.0
2021-03-09 13:30:00,NSE:DELTAMAGNT,34.1,34.1,34.1,34.1,105.0
2021-03-09 13:48:00,NSE:DELTAMAGNT,35.2,35.2,35.2,35.2,1.0
2021-03-09 14:48:00,NSE:DELTAMAGNT,34.15,34.15,34.1,34.1,250.0
2021-03-09 14:54:00,NSE:DELTAMAGNT,34.1,34.1,34.1,34.1,195.0
2021-03-09 14:57:00,NSE:DELTAMAGNT,34.0,34.05,34.0,34.05,23.0
2021-03-09 15:00:00,NSE:DELTAMAGNT,33.65,33.65,33.65,33.65,1.0
2021-03-09 15:03:00,NSE:DELTAMAGNT,34.1,34.1,34.1,34.1,120.0
2021-03-09 15:06:00,NSE:DELTAMAGNT,34.1,34.1,34.1,34.1,50.0
2021-03-09 15:09:00,NSE:DELTAMAGNT,34.0,34.0,34.0,34.0,450.0
2021-03-09 15:12:00,NSE:DELTAMAGNT,34.0,34.0,33.65,33.65,139.0
2021-03-09 15:18:00,NSE:DELTAMAGNT,34.0,34.0,34.0,34.0,102.0
2021-03-09 15:24:00,NSE:DELTAMAGNT,34.0,34.0,34.0,34.0,14.0
2021-03-09 15:27:00,NSE:DELTAMAGNT,34.0,34.0,33.55,33.55,1345.0
2021-03-09 15:57:00,NSE:DELTAMAGNT,33.9,33.9,33.9,33.9,4.0
2021-03-10 09:06:00,NSE:DELTAMAGNT,35.2,35.2,35.2,35.2,25.0
2021-03-10 09:21:00,NSE:DELTAMAGNT,35.2,35.2,35.2,35.2,1.0
2021-03-10 09:33:00,NSE:DELTAMAGNT,34.75,34.75,34.75,34.75,4.0
2021-03-10 09:36:00,NSE:DELTAMAGNT,33.05,33.05,33.05,33.05,100.0
2021-03-10 10:03:00,NSE:DELTAMAGNT,34.45,34.45,33.35,33.35,300.0
2021-03-10 10:15:00,NSE:DELTAMAGNT,33.4,33.4,33.4,33.4,15.0
2021-03-10 11:03:00,NSE:DELTAMAGNT,33.25,33.25,33.25,33.25,351.0
2021-03-10 11:06:00,NSE:DELTAMAGNT,33.0,33.05,33.0,33.05,448.0
2021-03-10 11:09:00,NSE:DELTAMAGNT,33.0,33.0,33.0,33.0,242.0
2021-03-10 11:15:00,NSE:DELTAMAGNT,33.0,33.0,33.0,33.0,77.0
2021-03-10 11:48:00,NSE:DELTAMAGNT,33.8,33.8,33.8,33.8,1.0
2021-03-10 12:18:00,NSE:DELTAMAGNT,33.15,33.15,33.15,33.15,11.0
2021-03-10 13:00:00,NSE:DELTAMAGNT,33.15,33.15,33.15,33.15,29.0
2021-03-10 13:12:00,NSE:DELTAMAGNT,33.05,33.05,33.0,33.0,100.0
2021-03-10 13:30:00,NSE:DELTAMAGNT,33.0,33.0,33.0,33.0,188.0
2021-03-10 13:42:00,NSE:DELTAMAGNT,33.0,33.0,33.0,33.0,24.0
2021-03-10 14:33:00,NSE:DELTAMAGNT,32.25,32.25,32.25,32.25,2663.0
2021-03-10 14:36:00,NSE:DELTAMAGNT,32.25,32.25,32.25,32.25,2.0
2021-03-10 14:39:00,NSE:DELTAMAGNT,32.25,32.25,32.25,32.25,13.0
2021-03-10 14:57:00,NSE:DELTAMAGNT,32.25,32.25,32.25,32.25,1050.0
2021-03-10 15:03:00,NSE:DELTAMAGNT,32.25,32.25,32.25,32.25,50.0
2021-03-10 15:09:00,NSE:DELTAMAGNT,32.25,32.25,32.25,32.25,4.0
2021-03-10 15:12:00,NSE:DELTAMAGNT,32.25,32.25,32.25,32.25,1500.0
2021-03-10 15:24:00,NSE:DELTAMAGNT,32.25,32.25,32.25,32.25,100.0
2021-03-10 15:27:00,NSE:DELTAMAGNT,32.25,32.25,32.25,32.25,20.0
2021-03-12 09:15:00,NSE:DELTAMAGNT,30.7,32.25,30.7,30.7,150.0
2021-03-12 09:18:00,NSE:DELTAMAGNT,30.7,32.9,30.7,32.9,265.0
2021-03-12 09:21:00,NSE:DELTAMAGNT,32.0,32.0,32.0,32.0,50.0
2021-03-12 09:30:00,NSE:DELTAMAGNT,32.05,32.05,32.05,32.05,20.0
2021-03-12 09:33:00,NSE:DELTAMAGNT,32.0,32.0,32.0,32.0,2992.0
2021-03-12 09:39:00,NSE:DELTAMAGNT,32.0,32.0,32.0,32.0,200.0
2021-03-12 09:45:00,NSE:DELTAMAGNT,32.0,32.0,32.0,32.0,101.0
2021-03-12 09:48:00,NSE:DELTAMAGNT,32.0,32.0,32.0,32.0,100.0
2021-03-12 09:51:00,NSE:DELTAMAGNT,32.85,32.85,32.85,32.85,400.0
2021-03-12 09:54:00,NSE:DELTAMAGNT,32.25,32.25,32.25,32.25,1.0
2021-03-12 10:21:00,NSE:DELTAMAGNT,32.45,32.45,32.45,32.45,30.0
2021-03-12 10:24:00,NSE:DELTAMAGNT,32.45,32.45,32.45,32.45,2.0
2021-03-12 11:09:00,NSE:DELTAMAGNT,32.45,32.45,32.45,32.45,100.0
2021-03-12 11:24:00,NSE:DELTAMAGNT,32.0,32.0,32.0,32.0,230.0
2021-03-12 12:06:00,NSE:DELTAMAGNT,32.4,32.4,32.4,32.4,50.0
2021-03-12 12:30:00,NSE:DELTAMAGNT,32.4,32.4,32.4,32.4,1.0
2021-03-12 12:54:00,NSE:DELTAMAGNT,32.0,32.0,32.0,32.0,5.0
2021-03-12 12:57:00,NSE:DELTAMAGNT,32.4,32.4,32.4,32.4,19.0
2021-03-12 13:36:00,NSE:DELTAMAGNT,32.35,32.35,32.35,32.35,25.0
2021-03-12 13:39:00,NSE:DELTAMAGNT,32.0,32.0,32.0,32.0,275.0
2021-03-12 13:57:00,NSE:DELTAMAGNT,32.35,32.35,32.35,32.35,20.0
2021-03-12 14:57:00,NSE:DELTAMAGNT,32.3,32.3,32.3,32.3,30.0
2021-03-12 15:06:00,NSE:DELTAMAGNT,32.35,32.35,32.35,32.35,100.0
2021-03-12 15:09:00,NSE:DELTAMAGNT,32.3,32.3,32.3,32.3,3.0
2021-03-12 15:27:00,NSE:DELTAMAGNT,30.75,30.8,30.75,30.8,66.0
2021-03-15 09:21:00,NSE:DELTAMAGNT,30.65,32.5,30.65,32.5,133.0
2021-03-15 09:30:00,NSE:DELTAMAGNT,30.8,30.8,30.8,30.8,49.0
2021-03-15 09:33:00,NSE:DELTAMAGNT,32.5,32.5,32.5,32.5,223.0
2021-03-15 09:48:00,NSE:DELTAMAGNT,31.95,31.95,31.95,31.95,35.0
2021-03-15 09:54:00,NSE:DELTAMAGNT,31.95,32.05,31.95,32.05,140.0
2021-03-15 10:00:00,NSE:DELTAMAGNT,32.1,32.1,32.1,32.1,35.0
2021-03-15 10:06:00,NSE:DELTAMAGNT,32.0,32.0,32.0,32.0,99.0
2021-03-15 10:09:00,NSE:DELTAMAGNT,32.05,32.05,32.05,32.05,35.0
2021-03-15 10:21:00,NSE:DELTAMAGNT,32.5,32.5,32.5,32.5,104.0
2021-03-15 10:27:00,NSE:DELTAMAGNT,32.5,32.5,32.5,32.5,1.0
2021-03-15 10:39:00,NSE:DELTAMAGNT,32.5,32.5,32.1,32.1,3.0
2021-03-15 10:54:00,NSE:DELTAMAGNT,32.5,32.5,32.5,32.5,11.0
2021-03-15 11:06:00,NSE:DELTAMAGNT,32.45,32.45,32.45,32.45,10.0
2021-03-15 11:09:00,NSE:DELTAMAGNT,32.45,32.45,32.45,32.45,5.0
2021-03-15 11:24:00,NSE:DELTAMAGNT,32.0,32.0,32.0,32.0,300.0
2021-03-15 11:27:00,NSE:DELTAMAGNT,32.0,32.0,32.0,32.0,500.0
2021-03-15 11:30:00,NSE:DELTAMAGNT,32.0,32.0,32.0,32.0,34.0
2021-03-15 11:54:00,NSE:DELTAMAGNT,32.0,32.0,32.0,32.0,20.0
2021-03-15 12:12:00,NSE:DELTAMAGNT,32.0,32.0,32.0,32.0,205.0
2021-03-15 12:27:00,NSE:DELTAMAGNT,32.0,32.0,32.0,32.0,100.0
2021-03-15 12:30:00,NSE:DELTAMAGNT,32.0,32.0,32.0,32.0,23.0
2021-03-15 12:48:00,NSE:DELTAMAGNT,32.0,32.0,32.0,32.0,2499.0
2021-03-15 12:57:00,NSE:DELTAMAGNT,32.0,32.0,32.0,32.0,3000.0
2021-03-15 13:15:00,NSE:DELTAMAGNT,32.0,32.0,32.0,32.0,10.0
2021-03-15 13:54:00,NSE:DELTAMAGNT,32.0,32.0,32.0,32.0,25.0
2021-03-15 13:57:00,NSE:DELTAMAGNT,32.0,32.0,32.0,32.0,10.0
2021-03-15 14:27:00,NSE:DELTAMAGNT,32.0,32.0,32.0,32.0,859.0
2021-03-15 14:39:00,NSE:DELTAMAGNT,32.1,32.1,32.1,32.1,70.0
2021-03-15 14:45:00,NSE:DELTAMAGNT,32.25,32.25,32.25,32.25,5.0
2021-03-15 15:03:00,NSE:DELTAMAGNT,32.25,32.5,32.25,32.5,395.0
2021-03-15 15:06:00,NSE:DELTAMAGNT,32.5,32.5,32.5,32.5,2.0
2021-03-15 15:09:00,NSE:DELTAMAGNT,33.15,33.15,33.15,33.15,300.0
2021-03-15 15:18:00,NSE:DELTAMAGNT,33.15,33.15,33.15,33.15,45.0
2021-03-15 15:24:00,NSE:DELTAMAGNT,33.15,33.15,33.15,33.15,20.0
2021-03-15 15:27:00,NSE:DELTAMAGNT,32.45,33.0,32.45,33.0,53.0
2021-03-16 09:33:00,NSE:DELTAMAGNT,32.3,32.3,32.3,32.3,23.0
2021-03-16 09:57:00,NSE:DELTAMAGNT,31.65,31.65,31.65,31.65,500.0
2021-03-16 10:03:00,NSE:DELTAMAGNT,31.65,31.65,31.65,31.65,600.0
2021-03-16 10:06:00,NSE:DELTAMAGNT,31.5,31.5,31.5,31.5,2.0
2021-03-16 10:15:00,NSE:DELTAMAGNT,31.5,31.5,31.5,31.5,498.0
2021-03-16 10:18:00,NSE:DELTAMAGNT,31.5,31.5,31.25,31.5,2704.0
2021-03-16 10:27:00,NSE:DELTAMAGNT,31.45,31.45,31.45,31.45,1.0
2021-03-16 10:30:00,NSE:DELTAMAGNT,31.45,31.5,31.45,31.5,400.0
2021-03-16 10:42:00,NSE:DELTAMAGNT,31.5,31.5,31.3,31.3,21.0
2021-03-16 10:48:00,NSE:DELTAMAGNT,31.45,31.45,31.45,31.45,10.0
2021-03-16 11:00:00,NSE:DELTAMAGNT,31.3,31.45,31.3,31.45,65.0
2021-03-16 11:09:00,NSE:DELTAMAGNT,31.25,31.25,31.25,31.25,430.0
2021-03-16 11:18:00,NSE:DELTAMAGNT,31.45,31.45,31.45,31.45,50.0
2021-03-16 11:24:00,NSE:DELTAMAGNT,31.45,31.45,31.45,31.45,300.0
2021-03-16 11:27:00,NSE:DELTAMAGNT,31.2,31.2,31.2,31.2,324.0
2021-03-16 11:30:00,NSE:DELTAMAGNT,31.15,31.15,31.15,31.15,500.0
2021-03-16 11:33:00,NSE:DELTAMAGNT,31.15,31.15,31.15,31.15,30.0
2021-03-16 11:36:00,NSE:DELTAMAGNT,31.15,31.15,31.15,31.15,35.0
2021-03-16 11:39:00,NSE:DELTAMAGNT,31.15,31.15,31.15,31.15,20.0
2021-03-16 12:00:00,NSE:DELTAMAGNT,31.15,31.15,31.15,31.15,274.0
2021-03-16 12:03:00,NSE:DELTAMAGNT,31.45,31.5,31.45,31.5,732.0
2021-03-16 12:06:00,NSE:DELTAMAGNT,31.5,31.5,31.5,31.5,1868.0
2021-03-16 12:12:00,NSE:DELTAMAGNT,31.5,31.5,31.5,31.5,150.0
2021-03-16 12:33:00,NSE:DELTAMAGNT,31.5,31.5,31.5,31.5,300.0
2021-03-16 12:39:00,NSE:DELTAMAGNT,31.5,31.5,31.5,31.5,500.0
2021-03-16 12:48:00,NSE:DELTAMAGNT,31.5,31.5,31.5,31.5,1500.0
2021-03-16 12:51:00,NSE:DELTAMAGNT,31.5,31.5,31.5,31.5,634.0
2021-03-16 13:00:00,NSE:DELTAMAGNT,31.5,31.5,31.5,31.5,241.0
2021-03-16 13:36:00,NSE:DELTAMAGNT,31.65,31.65,31.65,31.65,253.0
2021-03-16 13:42:00,NSE:DELTAMAGNT,31.7,31.7,31.7,31.7,100.0
2021-03-16 13:54:00,NSE:DELTAMAGNT,31.65,31.65,31.65,31.65,1973.0
2021-03-16 14:06:00,NSE:DELTAMAGNT,31.7,31.7,31.7,31.7,100.0
2021-03-16 14:33:00,NSE:DELTAMAGNT,31.8,32.0,31.8,32.0,1000.0
2021-03-16 14:36:00,NSE:DELTAMAGNT,32.0,32.0,32.0,32.0,300.0
2021-03-16 14:48:00,NSE:DELTAMAGNT,32.0,32.0,32.0,32.0,50.0
2021-03-16 14:51:00,NSE:DELTAMAGNT,32.0,32.0,32.0,32.0,100.0
2021-03-16 14:54:00,NSE:DELTAMAGNT,32.0,32.0,32.0,32.0,250.0
2021-03-16 15:12:00,NSE:DELTAMAGNT,32.0,32.0,32.0,32.0,10.0
2021-03-16 15:15:00,NSE:DELTAMAGNT,32.0,32.0,32.0,32.0,227.0
2021-03-16 15:27:00,NSE:DELTAMAGNT,32.5,33.5,32.0,32.5,1215.0
2021-03-17 09:06:00,NSE:DELTAMAGNT,33.9,33.9,33.9,33.9,200.0
2021-03-17 09:24:00,NSE:DELTAMAGNT,33.95,33.95,33.7,33.95,500.0
2021-03-17 09:30:00,NSE:DELTAMAGNT,33.85,33.85,33.85,33.85,20.0
2021-03-17 09:33:00,NSE:DELTAMAGNT,32.95,32.95,32.95,32.95,2.0
2021-03-17 09:36:00,NSE:DELTAMAGNT,32.95,32.95,32.9,32.9,80.0
2021-03-17 09:48:00,NSE:DELTAMAGNT,33.95,34.05,33.95,34.0,2470.0
2021-03-17 09:51:00,NSE:DELTAMAGNT,34.05,34.05,34.05,34.05,700.0
2021-03-17 09:54:00,NSE:DELTAMAGNT,34.0,34.0,34.0,34.0,1.0
2021-03-17 09:57:00,NSE:DELTAMAGNT,33.05,33.05,33.05,33.05,140.0
2021-03-17 10:00:00,NSE:DELTAMAGNT,34.0,34.0,34.0,34.0,10.0
2021-03-17 10:03:00,NSE:DELTAMAGNT,34.0,34.0,34.0,34.0,134.0
2021-03-17 10:06:00,NSE:DELTAMAGNT,34.05,34.05,34.05,34.05,66.0
2021-03-17 10:21:00,NSE:DELTAMAGNT,33.5,33.5,33.5,33.5,30.0
2021-03-17 10:33:00,NSE:DELTAMAGNT,33.95,33.95,33.95,33.95,20.0
2021-03-17 11:09:00,NSE:DELTAMAGNT,34.0,34.0,34.0,34.0,65.0
2021-03-17 11:12:00,NSE:DELTAMAGNT,34.0,34.0,34.0,34.0,242.0
2021-03-17 11:21:00,NSE:DELTAMAGNT,34.05,34.05,34.05,34.05,584.0
2021-03-17 11:24:00,NSE:DELTAMAGNT,34.05,34.05,34.05,34.05,100.0
2021-03-17 11:30:00,NSE:DELTAMAGNT,34.05,34.05,34.05,34.05,144.0
2021-03-17 12:09:00,NSE:DELTAMAGNT,33.25,34.0,33.25,34.0,560.0
2021-03-17 12:42:00,NSE:DELTAMAGNT,34.05,34.05,34.0,34.0,89.0
2021-03-17 12:45:00,NSE:DELTAMAGNT,34.0,34.0,34.0,34.0,1.0
2021-03-17 12:51:00,NSE:DELTAMAGNT,34.0,34.0,34.0,34.0,100.0
2021-03-17 12:57:00,NSE:DELTAMAGNT,34.05,34.05,34.05,34.05,663.0
2021-03-17 13:03:00,NSE:DELTAMAGNT,34.0,34.0,34.0,34.0,156.0
2021-03-17 13:12:00,NSE:DELTAMAGNT,34.0,34.0,34.0,34.0,29.0
2021-03-17 13:15:00,NSE:DELTAMAGNT,34.0,34.0,34.0,34.0,30.0
2021-03-17 13:21:00,NSE:DELTAMAGNT,34.0,34.0,32.0,32.0,3102.0
2021-03-17 14:09:00,NSE:DELTAMAGNT,33.55,33.55,33.55,33.55,500.0
2021-03-17 14:18:00,NSE:DELTAMAGNT,32.35,32.35,32.35,32.35,39.0
2021-03-17 14:36:00,NSE:DELTAMAGNT,32.25,32.25,32.25,32.25,450.0
2021-03-17 14:45:00,NSE:DELTAMAGNT,33.3,33.3,33.3,33.3,6.0
2021-03-17 14:57:00,NSE:DELTAMAGNT,32.25,32.25,32.25,32.25,2.0
2021-03-17 15:09:00,NSE:DELTAMAGNT,33.3,33.3,33.3,33.3,265.0
2021-03-17 15:12:00,NSE:DELTAMAGNT,32.3,32.3,32.3,32.3,18.0
2021-03-17 15:15:00,NSE:DELTAMAGNT,33.35,33.35,33.35,33.35,1.0
2021-03-17 15:18:00,NSE:DELTAMAGNT,32.65,32.65,32.65,32.65,25.0
2021-03-17 15:21:00,NSE:DELTAMAGNT,32.65,32.65,32.65,32.65,87.0
2021-03-17 15:24:00,NSE:DELTAMAGNT,32.1,32.1,32.1,32.1,564.0
2021-03-17 15:27:00,NSE:DELTAMAGNT,32.0,32.0,31.0,31.0,511.0
2021-03-18 09:06:00,NSE:DELTAMAGNT,32.15,32.15,32.15,32.15,125.0
2021-03-18 09:15:00,NSE:DELTAMAGNT,32.15,32.15,32.15,32.15,275.0
2021-03-18 09:21:00,NSE:DELTAMAGNT,33.15,33.15,33.15,33.15,50.0
2021-03-18 09:36:00,NSE:DELTAMAGNT,33.0,33.0,33.0,33.0,251.0
2021-03-18 09:39:00,NSE:DELTAMAGNT,33.0,33.0,33.0,33.0,200.0
2021-03-18 09:48:00,NSE:DELTAMAGNT,33.0,33.0,33.0,33.0,100.0
2021-03-18 10:12:00,NSE:DELTAMAGNT,33.0,33.0,33.0,33.0,200.0
2021-03-18 10:24:00,NSE:DELTAMAGNT,33.15,33.15,33.15,33.15,40.0
2021-03-18 10:42:00,NSE:DELTAMAGNT,33.15,33.15,33.15,33.15,21.0
2021-03-18 10:45:00,NSE:DELTAMAGNT,33.15,33.15,33.15,33.15,4.0
2021-03-18 10:54:00,NSE:DELTAMAGNT,33.15,33.15,33.15,33.15,2.0
2021-03-18 11:09:00,NSE:DELTAMAGNT,33.15,33.15,33.15,33.15,6.0
2021-03-18 12:30:00,NSE:DELTAMAGNT,33.0,33.0,33.0,33.0,2.0
2021-03-18 13:12:00,NSE:DELTAMAGNT,33.0,33.0,33.0,33.0,100.0
2021-03-18 13:15:00,NSE:DELTAMAGNT,33.0,33.0,33.0,33.0,500.0
2021-03-18 13:18:00,NSE:DELTAMAGNT,33.15,33.3,33.15,33.3,247.0
2021-03-18 13:21:00,NSE:DELTAMAGNT,32.05,32.05,32.05,32.05,50.0
2021-03-18 13:51:00,NSE:DELTAMAGNT,32.1,32.1,31.15,31.15,700.0
2021-03-18 14:15:00,NSE:DELTAMAGNT,31.3,31.3,31.3,31.3,300.0
2021-03-18 14:24:00,NSE:DELTAMAGNT,32.1,32.7,32.1,32.7,155.0
2021-03-18 14:39:00,NSE:DELTAMAGNT,31.1,31.1,31.1,31.1,1000.0
2021-03-18 14:48:00,NSE:DELTAMAGNT,31.15,31.15,31.15,31.15,6.0
2021-03-18 14:51:00,NSE:DELTAMAGNT,31.15,31.15,31.15,31.15,44.0
2021-03-18 15:15:00,NSE:DELTAMAGNT,31.85,31.85,31.85,31.85,1.0
2021-03-18 15:24:00,NSE:DELTAMAGNT,31.15,31.15,31.15,31.15,100.0
2021-03-18 15:27:00,NSE:DELTAMAGNT,31.15,31.15,31.1,31.1,492.0
2021-03-19 09:27:00,NSE:DELTAMAGNT,31.1,31.1,30.45,30.45,161.0
2021-03-19 09:30:00,NSE:DELTAMAGNT,30.05,30.05,29.65,29.65,1950.0
2021-03-19 09:33:00,NSE:DELTAMAGNT,29.6,29.6,29.6,29.6,1765.0
2021-03-19 09:48:00,NSE:DELTAMAGNT,30.4,30.4,30.4,30.4,500.0
2021-03-19 09:54:00,NSE:DELTAMAGNT,30.45,30.45,30.45,30.45,360.0
2021-03-19 10:00:00,NSE:DELTAMAGNT,30.4,30.4,30.4,30.4,350.0
2021-03-19 10:03:00,NSE:DELTAMAGNT,30.4,30.45,30.4,30.45,180.0
2021-03-19 10:09:00,NSE:DELTAMAGNT,31.0,31.35,31.0,31.35,1105.0
2021-03-19 10:12:00,NSE:DELTAMAGNT,30.55,30.55,30.55,30.55,45.0
2021-03-19 10:15:00,NSE:DELTAMAGNT,31.0,31.4,31.0,31.4,360.0
2021-03-19 10:30:00,NSE:DELTAMAGNT,31.4,31.4,31.4,31.4,3.0
2021-03-19 10:39:00,NSE:DELTAMAGNT,30.6,30.6,30.6,30.6,1.0
2021-03-19 10:51:00,NSE:DELTAMAGNT,31.4,31.4,31.4,31.4,100.0
2021-03-19 10:57:00,NSE:DELTAMAGNT,31.4,31.4,31.4,31.4,290.0
2021-03-19 11:06:00,NSE:DELTAMAGNT,31.45,31.5,31.45,31.5,86.0
2021-03-19 11:12:00,NSE:DELTAMAGNT,31.7,31.7,31.7,31.7,25.0
2021-03-19 11:15:00,NSE:DELTAMAGNT,31.75,31.8,31.75,31.75,1089.0
2021-03-19 11:18:00,NSE:DELTAMAGNT,31.75,31.75,31.75,31.75,500.0
2021-03-19 11:21:00,NSE:DELTAMAGNT,31.45,31.45,31.45,31.45,59.0
2021-03-19 11:36:00,NSE:DELTAMAGNT,31.4,31.4,31.4,31.4,62.0
2021-03-19 11:45:00,NSE:DELTAMAGNT,31.4,31.4,31.4,31.4,1.0
2021-03-19 12:15:00,NSE:DELTAMAGNT,31.4,31.4,31.4,31.4,11.0
2021-03-19 12:24:00,NSE:DELTAMAGNT,31.75,31.85,31.75,31.85,179.0
2021-03-19 12:30:00,NSE:DELTAMAGNT,31.4,31.4,31.4,31.4,100.0
2021-03-19 12:45:00,NSE:DELTAMAGNT,31.85,31.85,31.85,31.85,3.0
2021-03-19 12:51:00,NSE:DELTAMAGNT,31.6,31.6,31.6,31.6,88.0
2021-03-19 13:24:00,NSE:DELTAMAGNT,31.5,31.5,31.35,31.35,500.0
2021-03-19 13:42:00,NSE:DELTAMAGNT,31.75,31.75,31.3,31.3,60.0
2021-03-19 14:03:00,NSE:DELTAMAGNT,31.4,31.4,31.4,31.4,54.0
2021-03-19 14:09:00,NSE:DELTAMAGNT,31.0,31.0,31.0,31.0,2000.0
2021-03-19 15:06:00,NSE:DELTAMAGNT,31.75,31.75,31.6,31.65,420.0
2021-03-19 15:18:00,NSE:DELTAMAGNT,31.15,31.15,31.15,31.15,208.0
2021-03-19 15:21:00,NSE:DELTAMAGNT,31.2,31.2,31.2,31.2,12.0
2021-03-19 15:24:00,NSE:DELTAMAGNT,31.2,31.65,31.2,31.65,44.0
2021-03-19 15:27:00,NSE:DELTAMAGNT,31.65,31.75,31.65,31.75,864.0
2021-03-22 09:06:00,NSE:DELTAMAGNT,32.25,32.25,32.25,32.25,32.0
2021-03-22 09:39:00,NSE:DELTAMAGNT,33.15,33.15,32.2,33.15,1362.0
2021-03-22 10:00:00,NSE:DELTAMAGNT,31.7,31.7,31.7,31.7,12.0
2021-03-22 10:03:00,NSE:DELTAMAGNT,31.7,31.7,31.0,31.0,1200.0
2021-03-22 10:09:00,NSE:DELTAMAGNT,32.5,32.5,32.5,32.5,40.0
2021-03-22 10:12:00,NSE:DELTAMAGNT,30.6,30.6,30.6,30.6,104.0
2021-03-22 10:15:00,NSE:DELTAMAGNT,32.9,32.9,32.9,32.9,500.0
2021-03-22 10:24:00,NSE:DELTAMAGNT,31.35,31.35,31.35,31.35,100.0
2021-03-22 10:33:00,NSE:DELTAMAGNT,33.05,33.05,33.05,33.05,100.0
2021-03-22 10:42:00,NSE:DELTAMAGNT,30.55,30.55,30.55,30.55,1000.0
2021-03-22 10:51:00,NSE:DELTAMAGNT,30.65,30.65,30.65,30.65,1000.0
2021-03-22 10:54:00,NSE:DELTAMAGNT,32.5,32.5,32.5,32.5,20.0
2021-03-22 11:30:00,NSE:DELTAMAGNT,32.1,32.1,32.1,32.1,10.0
2021-03-22 11:36:00,NSE:DELTAMAGNT,31.0,31.0,31.0,31.0,301.0
2021-03-22 11:54:00,NSE:DELTAMAGNT,32.0,32.0,32.0,32.0,39.0
2021-03-22 12:03:00,NSE:DELTAMAGNT,31.15,31.15,31.15,31.15,100.0
2021-03-22 12:15:00,NSE:DELTAMAGNT,31.5,31.5,31.5,31.5,500.0
2021-03-22 12:24:00,NSE:DELTAMAGNT,31.15,31.15,31.1,31.1,184.0
2021-03-22 12:27:00,NSE:DELTAMAGNT,31.1,31.1,31.1,31.1,6.0
2021-03-22 12:45:00,NSE:DELTAMAGNT,32.85,32.85,32.85,32.85,1200.0
2021-03-22 12:54:00,NSE:DELTAMAGNT,31.25,31.25,31.25,31.25,80.0
2021-03-22 12:57:00,NSE:DELTAMAGNT,31.25,31.25,31.25,31.25,200.0
2021-03-22 13:33:00,NSE:DELTAMAGNT,31.25,31.25,31.25,31.25,75.0
2021-03-22 13:57:00,NSE:DELTAMAGNT,32.0,32.0,32.0,32.0,1000.0
2021-03-22 14:00:00,NSE:DELTAMAGNT,32.0,32.0,32.0,32.0,50.0
2021-03-22 14:06:00,NSE:DELTAMAGNT,32.0,32.0,32.0,32.0,45.0
2021-03-22 14:18:00,NSE:DELTAMAGNT,32.05,32.05,32.05,32.05,52.0
2021-03-22 14:24:00,NSE:DELTAMAGNT,32.05,32.05,32.05,32.05,8.0
2021-03-22 14:27:00,NSE:DELTAMAGNT,32.05,32.05,32.05,32.05,47.0
2021-03-22 14:51:00,NSE:DELTAMAGNT,32.0,32.0,32.0,32.0,70.0
2021-03-22 14:57:00,NSE:DELTAMAGNT,32.0,32.5,32.0,32.5,135.0
2021-03-22 15:03:00,NSE:DELTAMAGNT,32.0,32.0,32.0,32.0,1000.0
2021-03-22 15:24:00,NSE:DELTAMAGNT,32.0,32.0,32.0,32.0,27.0
2021-03-23 09:39:00,NSE:DELTAMAGNT,33.0,33.15,32.95,33.15,571.0
2021-03-23 09:42:00,NSE:DELTAMAGNT,33.15,33.15,33.15,33.15,21.0
2021-03-23 10:12:00,NSE:DELTAMAGNT,32.15,32.15,32.15,32.15,20.0
2021-03-23 10:39:00,NSE:DELTAMAGNT,32.15,32.15,32.15,32.15,52.0
2021-03-23 10:42:00,NSE:DELTAMAGNT,32.1,32.1,32.1,32.1,85.0
2021-03-23 11:03:00,NSE:DELTAMAGNT,32.15,32.15,32.15,32.15,41.0
2021-03-23 11:21:00,NSE:DELTAMAGNT,32.1,32.1,32.1,32.1,51.0
2021-03-23 11:36:00,NSE:DELTAMAGNT,32.1,32.1,32.1,32.1,70.0
2021-03-23 13:03:00,NSE:DELTAMAGNT,32.1,32.1,32.1,32.1,9.0
2021-03-23 14:12:00,NSE:DELTAMAGNT,32.1,32.1,32.1,32.1,10.0
2021-03-23 14:48:00,NSE:DELTAMAGNT,31.7,31.7,31.7,31.7,270.0
2021-03-23 14:51:00,NSE:DELTAMAGNT,31.75,31.75,31.75,31.75,20.0
2021-03-23 15:12:00,NSE:DELTAMAGNT,32.0,32.0,30.7,30.7,2200.0
2021-03-23 15:24:00,NSE:DELTAMAGNT,30.75,30.75,30.75,30.75,184.0
2021-03-23 15:27:00,NSE:DELTAMAGNT,30.75,30.75,30.75,30.75,595.0
2021-03-24 09:30:00,NSE:DELTAMAGNT,31.0,31.0,30.7,30.7,1150.0
2021-03-24 09:57:00,NSE:DELTAMAGNT,31.35,31.35,31.35,31.35,3.0
2021-03-24 10:09:00,NSE:DELTAMAGNT,31.0,31.0,31.0,31.0,50.0
2021-03-24 10:18:00,NSE:DELTAMAGNT,31.0,31.0,31.0,31.0,425.0
2021-03-24 10:27:00,NSE:DELTAMAGNT,31.0,31.0,31.0,31.0,37.0
2021-03-24 10:57:00,NSE:DELTAMAGNT,31.0,31.0,31.0,31.0,500.0
2021-03-24 11:27:00,NSE:DELTAMAGNT,31.0,31.0,31.0,31.0,6.0
2021-03-24 12:15:00,NSE:DELTAMAGNT,31.5,31.5,31.5,31.5,10.0
2021-03-24 12:21:00,NSE:DELTAMAGNT,31.5,31.5,31.5,31.5,70.0
2021-03-24 12:24:00,NSE:DELTAMAGNT,31.5,31.5,31.5,31.5,224.0
2021-03-24 13:00:00,NSE:DELTAMAGNT,31.5,31.5,31.5,31.5,3.0
2021-03-24 13:18:00,NSE:DELTAMAGNT,31.5,31.5,31.5,31.5,68.0
2021-03-24 13:48:00,NSE:DELTAMAGNT,31.0,31.0,31.0,31.0,5.0
2021-03-24 14:09:00,NSE:DELTAMAGNT,31.5,31.5,31.5,31.5,10.0
2021-03-24 15:27:00,NSE:DELTAMAGNT,31.0,31.0,30.9,30.9,248.0
2021-03-25 09:18:00,NSE:DELTAMAGNT,30.05,30.4,30.0,30.0,2070.0
2021-03-25 09:27:00,NSE:DELTAMAGNT,30.0,30.0,30.0,30.0,320.0
2021-03-25 09:30:00,NSE:DELTAMAGNT,30.0,30.0,30.0,30.0,40.0
2021-03-25 09:36:00,NSE:DELTAMAGNT,30.0,30.0,30.0,30.0,34.0
2021-03-25 10:12:00,NSE:DELTAMAGNT,30.05,30.05,30.05,30.05,1.0
2021-03-25 10:15:00,NSE:DELTAMAGNT,30.0,30.0,30.0,30.0,100.0
2021-03-25 10:21:00,NSE:DELTAMAGNT,30.05,30.05,30.0,30.0,62.0
2021-03-25 10:27:00,NSE:DELTAMAGNT,30.0,30.0,30.0,30.0,60.0
2021-03-25 10:39:00,NSE:DELTAMAGNT,30.65,30.65,30.65,30.65,606.0
2021-03-25 11:15:00,NSE:DELTAMAGNT,29.85,30.45,29.85,30.45,94.0
2021-03-25 11:24:00,NSE:DELTAMAGNT,30.3,30.3,30.3,30.3,200.0
2021-03-25 11:27:00,NSE:DELTAMAGNT,30.0,30.0,30.0,30.0,150.0
2021-03-25 11:30:00,NSE:DELTAMAGNT,30.0,30.0,30.0,30.0,46.0
2021-03-25 11:45:00,NSE:DELTAMAGNT,30.55,30.55,30.55,30.55,150.0
2021-03-25 12:00:00,NSE:DELTAMAGNT,30.0,30.0,30.0,30.0,50.0
2021-03-25 12:36:00,NSE:DELTAMAGNT,30.0,30.0,30.0,30.0,30.0
2021-03-25 13:03:00,NSE:DELTAMAGNT,30.35,30.35,30.35,30.35,144.0
2021-03-25 14:57:00,NSE:DELTAMAGNT,30.0,30.0,30.0,30.0,100.0
2021-03-25 15:03:00,NSE:DELTAMAGNT,29.95,29.95,29.95,29.95,39.0
2021-03-25 15:06:00,NSE:DELTAMAGNT,29.95,29.95,29.95,29.95,15.0
2021-03-25 15:12:00,NSE:DELTAMAGNT,29.5,29.5,29.5,29.5,350.0
2021-03-25 15:18:00,NSE:DELTAMAGNT,30.0,30.0,30.0,30.0,260.0
2021-03-25 15:21:00,NSE:DELTAMAGNT,30.0,30.15,30.0,30.15,128.0
2021-03-25 15:24:00,NSE:DELTAMAGNT,29.5,29.5,29.5,29.5,100.0
2021-03-26 09:15:00,NSE:DELTAMAGNT,30.0,30.0,30.0,30.0,1.0
2021-03-26 09:42:00,NSE:DELTAMAGNT,30.0,30.05,30.0,30.0,67.0
2021-03-26 09:48:00,NSE:DELTAMAGNT,30.0,30.0,30.0,30.0,506.0
2021-03-26 10:27:00,NSE:DELTAMAGNT,29.75,29.75,29.75,29.75,103.0
2021-03-26 10:51:00,NSE:DELTAMAGNT,30.0,30.0,30.0,30.0,535.0
2021-03-26 11:00:00,NSE:DELTAMAGNT,30.0,30.0,30.0,30.0,139.0
2021-03-26 11:03:00,NSE:DELTAMAGNT,30.55,30.6,30.55,30.6,339.0
2021-03-26 11:06:00,NSE:DELTAMAGNT,30.6,30.6,30.6,30.6,50.0
2021-03-26 11:18:00,NSE:DELTAMAGNT,31.2,31.2,31.2,31.2,293.0
2021-03-26 11:21:00,NSE:DELTAMAGNT,30.65,31.2,30.6,30.6,1131.0
2021-03-26 11:48:00,NSE:DELTAMAGNT,30.6,30.6,30.55,30.6,279.0
2021-03-26 12:12:00,NSE:DELTAMAGNT,30.1,30.1,30.1,30.1,4.0
2021-03-26 13:18:00,NSE:DELTAMAGNT,30.6,30.6,30.6,30.6,10.0
2021-03-26 13:24:00,NSE:DELTAMAGNT,30.1,30.1,30.1,30.1,20.0
2021-03-26 13:36:00,NSE:DELTAMAGNT,31.2,31.2,31.2,31.2,803.0
2021-03-26 13:39:00,NSE:DELTAMAGNT,31.2,31.2,31.2,31.2,68.0
2021-03-26 13:57:00,NSE:DELTAMAGNT,30.25,31.15,30.25,31.15,4000.0
2021-03-26 14:00:00,NSE:DELTAMAGNT,30.2,30.2,30.2,30.2,20.0
2021-03-26 14:18:00,NSE:DELTAMAGNT,31.15,31.15,31.15,31.15,25.0
2021-03-26 14:24:00,NSE:DELTAMAGNT,31.2,31.2,31.2,31.2,205.0
2021-03-26 14:27:00,NSE:DELTAMAGNT,31.2,31.2,31.1,31.1,315.0
2021-03-26 14:33:00,NSE:DELTAMAGNT,31.1,31.1,31.1,31.1,480.0
2021-03-26 15:09:00,NSE:DELTAMAGNT,31.0,31.2,31.0,31.2,203.0
2021-03-26 15:27:00,NSE:DELTAMAGNT,30.5,30.5,30.45,30.45,110.0
2021-03-30 09:06:00,NSE:DELTAMAGNT,32.0,32.0,32.0,32.0,16.0
2021-03-30 09:18:00,NSE:DELTAMAGNT,31.5,31.5,31.5,31.5,250.0
2021-03-30 09:42:00,NSE:DELTAMAGNT,31.5,31.5,31.5,31.5,32.0
2021-03-30 09:54:00,NSE:DELTAMAGNT,31.2,31.2,31.2,31.2,60.0
2021-03-30 10:33:00,NSE:DELTAMAGNT,31.5,31.5,31.5,31.5,122.0
2021-03-30 10:39:00,NSE:DELTAMAGNT,31.5,31.5,31.5,31.5,2.0
2021-03-30 10:45:00,NSE:DELTAMAGNT,31.5,31.5,31.5,31.5,28.0
2021-03-30 11:06:00,NSE:DELTAMAGNT,31.5,31.5,31.5,31.5,50.0
2021-03-30 11:15:00,NSE:DELTAMAGNT,31.5,31.5,31.5,31.5,1.0
2021-03-30 11:24:00,NSE:DELTAMAGNT,32.3,32.3,32.3,32.3,150.0
2021-03-30 11:33:00,NSE:DELTAMAGNT,31.0,31.0,31.0,31.0,230.0
2021-03-30 12:48:00,NSE:DELTAMAGNT,31.7,32.35,31.7,32.35,202.0
2021-03-30 12:54:00,NSE:DELTAMAGNT,32.4,32.4,31.0,31.0,971.0
2021-03-30 13:00:00,NSE:DELTAMAGNT,32.4,32.4,30.5,30.5,600.0
2021-03-30 13:03:00,NSE:DELTAMAGNT,32.4,32.4,32.4,32.4,7.0
2021-03-30 13:09:00,NSE:DELTAMAGNT,32.2,32.2,32.2,32.2,100.0
2021-03-30 13:12:00,NSE:DELTAMAGNT,31.5,31.5,31.5,31.5,44.0
2021-03-30 13:42:00,NSE:DELTAMAGNT,31.95,31.95,31.95,31.95,58.0
2021-03-30 13:48:00,NSE:DELTAMAGNT,30.7,30.7,30.7,30.7,20.0
2021-03-30 13:54:00,NSE:DELTAMAGNT,31.9,31.9,31.9,31.9,34.0
2021-03-30 14:06:00,NSE:DELTAMAGNT,30.75,30.75,30.75,30.75,92.0
2021-03-30 14:21:00,NSE:DELTAMAGNT,31.9,31.9,31.9,31.9,100.0
2021-03-30 14:27:00,NSE:DELTAMAGNT,31.9,31.9,31.9,31.9,50.0
2021-03-30 14:45:00,NSE:DELTAMAGNT,31.85,31.9,31.85,31.9,143.0
2021-03-30 14:48:00,NSE:DELTAMAGNT,31.9,32.0,31.9,31.95,58.0
2021-03-30 15:12:00,NSE:DELTAMAGNT,31.05,31.05,31.05,31.05,205.0
2021-03-30 15:27:00,NSE:DELTAMAGNT,31.05,31.85,31.05,31.85,201.0
2021-03-31 09:18:00,NSE:DELTAMAGNT,31.7,31.7,31.7,31.7,6.0
2021-03-31 09:21:00,NSE:DELTAMAGNT,32.0,32.6,32.0,32.6,424.0
2021-03-31 09:27:00,NSE:DELTAMAGNT,32.6,32.6,31.75,31.75,32.0
2021-03-31 09:30:00,NSE:DELTAMAGNT,31.7,31.7,31.7,31.7,512.0
2021-03-31 09:45:00,NSE:DELTAMAGNT,30.25,30.25,30.25,30.25,376.0
2021-03-31 09:57:00,NSE:DELTAMAGNT,31.65,31.65,31.65,31.65,200.0
2021-03-31 10:00:00,NSE:DELTAMAGNT,30.8,30.8,30.8,30.8,200.0
2021-03-31 10:03:00,NSE:DELTAMAGNT,30.75,30.75,30.75,30.75,150.0
2021-03-31 10:12:00,NSE:DELTAMAGNT,30.75,30.75,30.75,30.75,23.0
2021-03-31 10:24:00,NSE:DELTAMAGNT,30.75,30.75,30.75,30.75,3.0
2021-03-31 10:42:00,NSE:DELTAMAGNT,30.75,30.75,30.75,30.75,810.0
2021-03-31 11:12:00,NSE:DELTAMAGNT,30.75,30.75,30.75,30.75,124.0
2021-03-31 11:15:00,NSE:DELTAMAGNT,31.65,31.65,30.4,30.4,510.0
2021-03-31 11:24:00,NSE:DELTAMAGNT,31.6,31.65,31.6,31.65,470.0
2021-03-31 12:03:00,NSE:DELTAMAGNT,30.6,31.65,30.6,31.65,85.0
2021-03-31 12:06:00,NSE:DELTAMAGNT,30.65,30.65,30.65,30.65,20.0
2021-03-31 12:12:00,NSE:DELTAMAGNT,31.65,31.65,31.65,31.65,10.0
2021-03-31 12:45:00,NSE:DELTAMAGNT,31.65,31.65,31.65,31.65,3.0
2021-03-31 12:57:00,NSE:DELTAMAGNT,30.65,30.65,30.65,30.65,6.0
2021-03-31 13:21:00,NSE:DELTAMAGNT,30.65,30.65,30.65,30.65,100.0
2021-03-31 14:03:00,NSE:DELTAMAGNT,30.65,31.65,30.65,31.65,657.0
2021-03-31 14:24:00,NSE:DELTAMAGNT,31.0,31.0,31.0,31.0,50.0
2021-03-31 14:30:00,NSE:DELTAMAGNT,31.45,31.65,31.45,31.65,1000.0
2021-03-31 15:12:00,NSE:DELTAMAGNT,31.05,31.05,31.05,31.05,10.0
2021-03-31 15:15:00,NSE:DELTAMAGNT,31.05,31.05,31.05,31.05,44.0
2021-03-31 15:27:00,NSE:DELTAMAGNT,31.65,31.65,31.65,31.65,222.0
2021-04-01 10:30:00,NSE:DELTAMAGNT,30.6,30.65,30.6,30.6,230.0
2021-04-01 10:36:00,NSE:DELTAMAGNT,30.6,30.6,30.6,30.6,10.0
2021-04-01 10:51:00,NSE:DELTAMAGNT,30.85,30.85,30.85,30.85,50.0
2021-04-01 11:06:00,NSE:DELTAMAGNT,30.6,30.6,30.6,30.6,100.0
2021-04-01 11:33:00,NSE:DELTAMAGNT,30.9,30.9,30.9,30.9,350.0
2021-04-01 12:12:00,NSE:DELTAMAGNT,30.85,31.85,30.85,31.85,294.0
2021-04-01 12:18:00,NSE:DELTAMAGNT,30.9,30.9,30.9,30.9,1.0
2021-04-01 12:27:00,NSE:DELTAMAGNT,31.9,31.9,31.9,31.9,10.0
2021-04-01 14:00:00,NSE:DELTAMAGNT,31.9,31.9,31.9,31.9,10.0
2021-04-01 14:33:00,NSE:DELTAMAGNT,31.9,31.9,31.9,31.9,30.0
2021-04-01 15:12:00,NSE:DELTAMAGNT,31.9,31.9,31.9,31.9,200.0
2021-04-01 15:15:00,NSE:DELTAMAGNT,30.7,30.7,30.7,30.7,46.0
2021-04-01 15:27:00,NSE:DELTAMAGNT,30.75,30.75,30.75,30.75,76.0
2021-04-05 09:06:00,NSE:DELTAMAGNT,32.85,32.85,32.85,32.85,1.0
2021-04-05 09:33:00,NSE:DELTAMAGNT,30.75,30.75,30.75,30.75,10.0
2021-04-05 09:39:00,NSE:DELTAMAGNT,32.0,32.0,32.0,32.0,20.0
2021-04-05 09:42:00,NSE:DELTAMAGNT,30.75,32.0,30.75,32.0,40.0
2021-04-05 09:54:00,NSE:DELTAMAGNT,31.05,32.0,31.0,31.0,90.0
2021-04-05 09:57:00,NSE:DELTAMAGNT,31.0,31.0,31.0,31.0,100.0
2021-04-05 10:00:00,NSE:DELTAMAGNT,31.0,31.0,31.0,31.0,35.0
2021-04-05 10:15:00,NSE:DELTAMAGNT,30.7,31.0,30.7,31.0,165.0
2021-04-05 10:18:00,NSE:DELTAMAGNT,31.0,31.0,30.7,30.7,101.0
2021-04-05 10:21:00,NSE:DELTAMAGNT,30.7,31.0,30.7,31.0,190.0
2021-04-05 10:24:00,NSE:DELTAMAGNT,30.7,30.7,30.7,30.7,30.0
2021-04-05 10:33:00,NSE:DELTAMAGNT,31.0,31.0,31.0,31.0,150.0
2021-04-05 10:36:00,NSE:DELTAMAGNT,30.65,30.65,30.65,30.65,283.0
2021-04-05 10:48:00,NSE:DELTAMAGNT,30.45,30.45,30.45,30.45,135.0
2021-04-05 10:51:00,NSE:DELTAMAGNT,31.3,31.3,30.45,30.45,25.0
2021-04-05 10:54:00,NSE:DELTAMAGNT,30.6,30.7,30.6,30.7,527.0
2021-04-05 10:57:00,NSE:DELTAMAGNT,30.0,30.0,29.95,29.95,1556.0
2021-04-05 11:03:00,NSE:DELTAMAGNT,29.95,29.95,29.95,29.95,50.0
2021-04-05 11:09:00,NSE:DELTAMAGNT,29.95,29.95,29.95,29.95,1000.0
2021-04-05 11:39:00,NSE:DELTAMAGNT,29.95,29.95,29.95,29.95,1.0
2021-04-05 11:54:00,NSE:DELTAMAGNT,29.95,29.95,29.95,29.95,3.0
2021-04-05 12:06:00,NSE:DELTAMAGNT,29.95,29.95,29.95,29.95,61.0
2021-04-05 12:39:00,NSE:DELTAMAGNT,29.95,29.95,29.95,29.95,80.0
2021-04-05 12:42:00,NSE:DELTAMAGNT,29.95,29.95,29.95,29.95,10.0
2021-04-05 13:30:00,NSE:DELTAMAGNT,29.95,29.95,29.95,29.95,202.0
2021-04-05 13:39:00,NSE:DELTAMAGNT,29.95,29.95,29.9,29.95,500.0
2021-04-05 13:48:00,NSE:DELTAMAGNT,29.95,29.95,29.95,29.95,15.0
2021-04-05 14:12:00,NSE:DELTAMAGNT,29.95,29.95,29.95,29.95,108.0
2021-04-05 14:18:00,NSE:DELTAMAGNT,29.95,29.95,29.95,29.95,39.0
2021-04-05 14:21:00,NSE:DELTAMAGNT,29.95,29.95,29.95,29.95,45.0
2021-04-05 14:42:00,NSE:DELTAMAGNT,29.95,29.95,29.95,29.95,192.0
2021-04-05 14:48:00,NSE:DELTAMAGNT,30.8,30.8,30.8,30.8,3.0
2021-04-05 14:54:00,NSE:DELTAMAGNT,29.95,29.95,29.9,29.9,1260.0
2021-04-05 15:18:00,NSE:DELTAMAGNT,29.9,29.9,29.9,29.9,225.0
2021-04-05 15:21:00,NSE:DELTAMAGNT,29.9,29.9,29.9,29.9,350.0
2021-04-06 09:15:00,NSE:DELTAMAGNT,29.9,29.95,29.9,29.9,554.0
2021-04-06 10:36:00,NSE:DELTAMAGNT,29.8,29.8,29.8,29.8,1.0
2021-04-06 11:21:00,NSE:DELTAMAGNT,29.1,29.1,29.1,29.1,4.0
2021-04-06 11:45:00,NSE:DELTAMAGNT,29.85,29.85,29.85,29.85,100.0
2021-04-06 11:48:00,NSE:DELTAMAGNT,29.1,29.1,29.1,29.1,105.0
2021-04-06 12:24:00,NSE:DELTAMAGNT,29.1,29.1,29.1,29.1,46.0
2021-04-06 13:33:00,NSE:DELTAMAGNT,29.2,29.2,29.2,29.2,1.0
2021-04-06 14:06:00,NSE:DELTAMAGNT,29.8,29.8,29.8,29.8,1.0
2021-04-06 14:09:00,NSE:DELTAMAGNT,29.8,29.8,29.8,29.8,1.0
2021-04-06 15:03:00,NSE:DELTAMAGNT,29.3,29.3,29.3,29.3,10.0
2021-04-06 15:12:00,NSE:DELTAMAGNT,29.75,29.75,29.75,29.75,5.0
2021-04-06 15:18:00,NSE:DELTAMAGNT,29.3,29.3,29.3,29.3,1.0
2021-04-06 15:24:00,NSE:DELTAMAGNT,29.3,29.3,29.3,29.3,103.0
2021-04-06 15:27:00,NSE:DELTAMAGNT,29.1,29.1,29.05,29.05,85.0
2021-04-07 09:15:00,NSE:DELTAMAGNT,30.6,30.6,30.6,30.6,20.0
2021-04-07 09:18:00,NSE:DELTAMAGNT,30.55,30.55,29.2,29.2,51.0
2021-04-07 09:24:00,NSE:DELTAMAGNT,29.3,29.3,29.3,29.3,16.0
2021-04-07 09:33:00,NSE:DELTAMAGNT,30.45,30.45,30.45,30.45,1.0
2021-04-07 09:36:00,NSE:DELTAMAGNT,30.45,30.45,30.45,30.45,10.0
2021-04-07 09:42:00,NSE:DELTAMAGNT,29.3,29.3,29.3,29.3,300.0
2021-04-07 10:48:00,NSE:DELTAMAGNT,29.4,29.4,29.4,29.4,1.0
2021-04-07 10:54:00,NSE:DELTAMAGNT,30.4,30.4,30.4,30.4,1.0
2021-04-07 10:57:00,NSE:DELTAMAGNT,30.4,30.4,30.4,30.4,1.0
2021-04-07 11:03:00,NSE:DELTAMAGNT,30.4,30.4,30.4,30.4,20.0
2021-04-07 11:18:00,NSE:DELTAMAGNT,30.25,30.25,30.25,30.25,27.0
2021-04-07 11:24:00,NSE:DELTAMAGNT,30.25,30.25,30.25,30.25,83.0
2021-04-07 11:45:00,NSE:DELTAMAGNT,29.35,29.35,29.35,29.35,277.0
2021-04-07 12:06:00,NSE:DELTAMAGNT,30.15,30.15,30.15,30.15,19.0
2021-04-07 12:09:00,NSE:DELTAMAGNT,29.5,29.5,29.5,29.5,89.0
2021-04-07 12:12:00,NSE:DELTAMAGNT,29.4,29.95,29.35,29.95,463.0
2021-04-07 13:03:00,NSE:DELTAMAGNT,29.1,29.1,29.05,29.1,1494.0
2021-04-07 13:06:00,NSE:DELTAMAGNT,29.0,29.0,29.0,29.0,26.0
2021-04-07 13:21:00,NSE:DELTAMAGNT,29.1,29.1,29.0,29.0,55.0
2021-04-07 13:24:00,NSE:DELTAMAGNT,29.1,29.1,29.1,29.1,420.0
2021-04-07 13:39:00,NSE:DELTAMAGNT,29.1,29.1,29.1,29.1,10.0
2021-04-07 14:15:00,NSE:DELTAMAGNT,29.9,29.9,29.9,29.9,100.0
2021-04-07 14:30:00,NSE:DELTAMAGNT,29.0,29.0,29.0,29.0,222.0
2021-04-07 14:51:00,NSE:DELTAMAGNT,29.6,29.6,29.6,29.6,8.0
2021-04-07 14:57:00,NSE:DELTAMAGNT,29.55,29.55,29.55,29.55,10.0
2021-04-07 15:27:00,NSE:DELTAMAGNT,28.6,28.6,28.35,28.35,137.0
2021-04-07 15:45:00,NSE:DELTAMAGNT,28.6,28.6,28.6,28.6,10.0
2021-04-07 15:54:00,NSE:DELTAMAGNT,28.6,28.6,28.6,28.6,164.0
2021-04-08 09:27:00,NSE:DELTAMAGNT,30.0,30.0,29.95,29.95,92.0
2021-04-08 09:51:00,NSE:DELTAMAGNT,29.3,29.3,29.3,29.3,115.0
2021-04-08 10:00:00,NSE:DELTAMAGNT,29.3,29.3,29.3,29.3,85.0
2021-04-08 10:03:00,NSE:DELTAMAGNT,29.0,29.0,29.0,29.0,130.0
2021-04-08 10:21:00,NSE:DELTAMAGNT,28.6,28.6,28.6,28.6,8.0
2021-04-08 11:48:00,NSE:DELTAMAGNT,28.85,28.85,28.85,28.85,1.0
2021-04-08 12:30:00,NSE:DELTAMAGNT,29.3,29.3,29.3,29.3,1.0
2021-04-08 12:33:00,NSE:DELTAMAGNT,29.3,29.3,29.3,29.3,64.0
2021-04-08 12:39:00,NSE:DELTAMAGNT,29.3,29.3,29.3,29.3,2.0
2021-04-08 12:54:00,NSE:DELTAMAGNT,29.3,29.3,29.3,29.3,4.0
2021-04-08 13:54:00,NSE:DELTAMAGNT,28.9,28.9,28.9,28.9,9.0
2021-04-08 14:09:00,NSE:DELTAMAGNT,28.9,28.9,28.9,28.9,10.0
2021-04-08 14:54:00,NSE:DELTAMAGNT,28.9,28.9,28.9,28.9,1.0
2021-04-08 15:24:00,NSE:DELTAMAGNT,29.0,29.0,29.0,29.0,10.0
2021-04-09 09:39:00,NSE:DELTAMAGNT,30.0,30.0,30.0,30.0,57.0
2021-04-09 09:42:00,NSE:DELTAMAGNT,29.95,29.95,29.9,29.95,210.0
2021-04-09 09:51:00,NSE:DELTAMAGNT,29.9,29.9,29.9,29.9,5.0
2021-04-09 09:57:00,NSE:DELTAMAGNT,29.25,29.25,29.2,29.2,135.0
2021-04-09 10:30:00,NSE:DELTAMAGNT,29.25,29.25,29.25,29.25,50.0
2021-04-09 10:51:00,NSE:DELTAMAGNT,29.9,29.95,29.9,29.95,125.0
2021-04-09 10:57:00,NSE:DELTAMAGNT,29.95,29.95,29.95,29.95,26.0
2021-04-09 11:00:00,NSE:DELTAMAGNT,29.95,29.95,29.95,29.95,20.0
2021-04-09 11:03:00,NSE:DELTAMAGNT,29.9,29.9,29.9,29.9,4.0
2021-04-09 11:39:00,NSE:DELTAMAGNT,29.9,29.9,29.9,29.9,10.0
2021-04-09 11:42:00,NSE:DELTAMAGNT,29.25,29.25,29.25,29.25,20.0
2021-04-09 11:48:00,NSE:DELTAMAGNT,29.25,29.25,29.25,29.25,10.0
2021-04-09 11:54:00,NSE:DELTAMAGNT,29.05,29.05,29.05,29.05,460.0
2021-04-09 12:09:00,NSE:DELTAMAGNT,29.9,29.9,29.9,29.9,10.0
2021-04-09 12:15:00,NSE:DELTAMAGNT,29.8,29.9,29.8,29.9,248.0
2021-04-09 12:18:00,NSE:DELTAMAGNT,29.95,29.95,29.95,29.95,14.0
2021-04-09 12:24:00,NSE:DELTAMAGNT,29.95,29.95,29.95,29.95,173.0
2021-04-09 12:30:00,NSE:DELTAMAGNT,29.95,29.95,29.8,29.8,129.0
2021-04-09 13:39:00,NSE:DELTAMAGNT,29.95,29.95,29.8,29.8,14.0
2021-04-09 13:48:00,NSE:DELTAMAGNT,29.95,29.95,29.95,29.95,1.0
2021-04-09 14:54:00,NSE:DELTAMAGNT,29.2,29.2,29.2,29.2,75.0
2021-04-09 15:27:00,NSE:DELTAMAGNT,29.2,29.95,29.2,29.95,397.0
2021-04-12 09:21:00,NSE:DELTAMAGNT,28.75,28.75,28.75,28.75,10.0
2021-04-12 09:24:00,NSE:DELTAMAGNT,28.65,28.7,28.65,28.65,164.0
2021-04-12 09:33:00,NSE:DELTAMAGNT,28.65,28.65,28.65,28.65,100.0
2021-04-12 09:45:00,NSE:DELTAMAGNT,28.55,28.55,28.55,28.55,10.0
2021-04-12 10:18:00,NSE:DELTAMAGNT,28.55,28.55,28.55,28.55,23.0
2021-04-12 10:24:00,NSE:DELTAMAGNT,28.7,28.7,28.7,28.7,60.0
2021-04-12 10:39:00,NSE:DELTAMAGNT,28.55,28.9,28.55,28.55,201.0
2021-04-12 11:36:00,NSE:DELTAMAGNT,28.65,28.65,28.65,28.65,9.0
2021-04-12 11:39:00,NSE:DELTAMAGNT,28.65,28.65,28.65,28.65,4.0
2021-04-12 11:51:00,NSE:DELTAMAGNT,28.55,28.55,28.55,28.55,23.0
2021-04-12 12:24:00,NSE:DELTAMAGNT,28.55,28.55,28.55,28.55,137.0
2021-04-12 12:39:00,NSE:DELTAMAGNT,28.45,28.45,28.45,28.45,100.0
2021-04-12 12:45:00,NSE:DELTAMAGNT,28.75,28.75,28.75,28.75,87.0
2021-04-12 13:57:00,NSE:DELTAMAGNT,28.75,28.75,28.75,28.75,50.0
2021-04-12 14:39:00,NSE:DELTAMAGNT,28.75,28.75,28.75,28.75,100.0
2021-04-12 15:06:00,NSE:DELTAMAGNT,28.45,28.45,28.45,28.45,100.0
2021-04-12 15:24:00,NSE:DELTAMAGNT,28.45,28.75,28.45,28.75,435.0
2021-04-13 09:27:00,NSE:DELTAMAGNT,27.65,27.7,27.65,27.65,500.0
2021-04-13 10:21:00,NSE:DELTAMAGNT,28.9,28.9,28.9,28.9,10.0
2021-04-13 10:33:00,NSE:DELTAMAGNT,27.85,28.55,27.85,28.55,70.0
2021-04-13 10:39:00,NSE:DELTAMAGNT,27.85,27.85,27.85,27.85,230.0
2021-04-13 10:48:00,NSE:DELTAMAGNT,28.5,28.55,28.5,28.55,135.0
2021-04-13 10:51:00,NSE:DELTAMAGNT,28.85,28.85,27.55,27.55,1037.0
2021-04-13 11:00:00,NSE:DELTAMAGNT,28.5,28.5,27.6,27.6,60.0
2021-04-13 11:27:00,NSE:DELTAMAGNT,28.45,28.45,28.45,28.45,1.0
2021-04-13 12:30:00,NSE:DELTAMAGNT,27.6,27.6,27.6,27.6,100.0
2021-04-13 12:39:00,NSE:DELTAMAGNT,27.6,27.6,27.6,27.6,38.0
2021-04-13 12:42:00,NSE:DELTAMAGNT,27.95,27.95,27.95,27.95,25.0
2021-04-13 12:51:00,NSE:DELTAMAGNT,27.95,27.95,27.95,27.95,25.0
2021-04-13 13:39:00,NSE:DELTAMAGNT,27.95,27.95,27.95,27.95,80.0
2021-04-13 13:42:00,NSE:DELTAMAGNT,27.95,27.95,27.95,27.95,90.0
2021-04-13 14:42:00,NSE:DELTAMAGNT,27.95,27.95,27.95,27.95,90.0
2021-04-13 14:48:00,NSE:DELTAMAGNT,27.55,27.55,27.55,27.55,100.0
2021-04-13 15:15:00,NSE:DELTAMAGNT,28.0,28.0,28.0,28.0,100.0
2021-04-13 15:18:00,NSE:DELTAMAGNT,28.0,28.0,28.0,28.0,100.0
2021-04-13 15:27:00,NSE:DELTAMAGNT,27.5,27.5,27.5,27.5,100.0
2021-04-15 09:18:00,NSE:DELTAMAGNT,27.85,27.85,27.85,27.85,2.0
2021-04-15 09:33:00,NSE:DELTAMAGNT,27.85,29.0,27.85,29.0,196.0
2021-04-15 09:36:00,NSE:DELTAMAGNT,29.0,29.0,29.0,29.0,4.0
2021-04-15 09:39:00,NSE:DELTAMAGNT,28.5,28.5,28.5,28.5,10.0
2021-04-15 09:42:00,NSE:DELTAMAGNT,28.05,28.05,28.05,28.05,10.0
2021-04-15 10:06:00,NSE:DELTAMAGNT,28.05,28.05,28.0,28.0,37.0
2021-04-15 11:09:00,NSE:DELTAMAGNT,27.85,27.85,27.85,27.85,33.0
2021-04-15 12:06:00,NSE:DELTAMAGNT,27.85,27.85,27.85,27.85,23.0
2021-04-15 12:09:00,NSE:DELTAMAGNT,28.0,28.0,28.0,28.0,2.0
2021-04-15 12:45:00,NSE:DELTAMAGNT,28.0,28.0,28.0,28.0,9.0
2021-04-15 12:48:00,NSE:DELTAMAGNT,28.0,28.0,28.0,28.0,50.0
2021-04-15 13:03:00,NSE:DELTAMAGNT,28.0,28.0,28.0,28.0,46.0
2021-04-15 13:30:00,NSE:DELTAMAGNT,27.85,27.85,27.85,27.85,54.0
2021-04-15 13:39:00,NSE:DELTAMAGNT,27.25,27.25,27.25,27.25,97.0
2021-04-15 14:06:00,NSE:DELTAMAGNT,27.75,27.8,27.75,27.8,25.0
2021-04-15 14:27:00,NSE:DELTAMAGNT,27.75,27.75,27.75,27.75,25.0
2021-04-15 15:06:00,NSE:DELTAMAGNT,27.75,27.75,27.75,27.75,17.0
2021-04-15 15:18:00,NSE:DELTAMAGNT,27.4,27.4,27.4,27.4,19.0
2021-04-15 15:21:00,NSE:DELTAMAGNT,27.4,27.4,27.4,27.4,500.0
2021-04-15 15:27:00,NSE:DELTAMAGNT,27.95,27.95,27.95,27.95,52.0
2021-04-15 15:48:00,NSE:DELTAMAGNT,27.45,27.45,27.45,27.45,42.0
2021-04-16 09:33:00,NSE:DELTAMAGNT,28.75,28.75,28.75,28.75,100.0
2021-04-16 10:03:00,NSE:DELTAMAGNT,28.8,28.8,28.8,28.8,254.0
2021-04-16 10:57:00,NSE:DELTAMAGNT,28.8,28.8,28.8,28.8,10.0
2021-04-16 11:42:00,NSE:DELTAMAGNT,28.45,28.45,28.45,28.45,24.0
2021-04-16 11:54:00,NSE:DELTAMAGNT,28.8,28.8,28.8,28.8,54.0
2021-04-16 12:09:00,NSE:DELTAMAGNT,28.05,28.05,28.05,28.05,115.0
2021-04-16 12:36:00,NSE:DELTAMAGNT,28.05,28.05,28.05,28.05,150.0
2021-04-16 13:18:00,NSE:DELTAMAGNT,28.05,28.05,28.05,28.05,20.0
2021-04-16 13:57:00,NSE:DELTAMAGNT,28.65,28.65,28.65,28.65,15.0
2021-04-16 14:06:00,NSE:DELTAMAGNT,28.65,28.65,28.65,28.65,50.0
2021-04-16 14:15:00,NSE:DELTAMAGNT,28.7,28.7,28.7,28.7,100.0
2021-04-16 14:18:00,NSE:DELTAMAGNT,28.8,28.8,28.8,28.8,37.0
2021-04-16 14:21:00,NSE:DELTAMAGNT,28.8,28.8,28.8,28.8,50.0
2021-04-16 14:24:00,NSE:DELTAMAGNT,28.8,28.8,28.8,28.8,229.0
2021-04-16 14:27:00,NSE:DELTAMAGNT,28.8,28.8,28.8,28.8,74.0
2021-04-16 15:12:00,NSE:DELTAMAGNT,28.25,28.25,28.25,28.25,2.0
2021-04-16 15:21:00,NSE:DELTAMAGNT,28.7,28.7,28.7,28.7,3.0
2021-04-16 15:27:00,NSE:DELTAMAGNT,28.75,28.75,28.75,28.75,108.0
2021-04-16 15:48:00,NSE:DELTAMAGNT,28.75,28.75,28.75,28.75,117.0
2021-04-19 09:06:00,NSE:DELTAMAGNT,28.75,28.75,28.75,28.75,3.0
2021-04-19 09:15:00,NSE:DELTAMAGNT,27.45,27.45,27.45,27.45,144.0
2021-04-19 09:24:00,NSE:DELTAMAGNT,27.5,27.5,27.5,27.5,50.0
2021-04-19 09:36:00,NSE:DELTAMAGNT,27.5,27.5,27.5,27.5,100.0
2021-04-19 10:09:00,NSE:DELTAMAGNT,27.6,27.6,27.6,27.6,4.0
2021-04-19 10:18:00,NSE:DELTAMAGNT,27.6,27.6,27.6,27.6,40.0
2021-04-19 10:24:00,NSE:DELTAMAGNT,27.65,27.65,27.65,27.65,2.0
2021-04-19 11:06:00,NSE:DELTAMAGNT,27.75,28.75,27.75,28.75,1371.0
2021-04-19 11:42:00,NSE:DELTAMAGNT,27.5,27.5,27.5,27.5,230.0
2021-04-19 11:45:00,NSE:DELTAMAGNT,27.4,27.4,27.4,27.4,49.0
2021-04-19 12:33:00,NSE:DELTAMAGNT,27.5,27.5,27.5,27.5,200.0
2021-04-19 12:45:00,NSE:DELTAMAGNT,27.5,27.5,27.5,27.5,38.0
2021-04-19 12:54:00,NSE:DELTAMAGNT,27.4,27.4,27.4,27.4,278.0
2021-04-19 13:57:00,NSE:DELTAMAGNT,28.0,28.0,28.0,28.0,200.0
2021-04-19 14:36:00,NSE:DELTAMAGNT,28.0,28.0,28.0,28.0,20.0
2021-04-19 15:27:00,NSE:DELTAMAGNT,27.4,28.0,27.4,28.0,27.0
2021-04-20 09:21:00,NSE:DELTAMAGNT,28.9,28.9,28.9,28.9,4.0
2021-04-20 09:30:00,NSE:DELTAMAGNT,28.8,28.8,28.45,28.45,120.0
2021-04-20 09:39:00,NSE:DELTAMAGNT,28.7,28.7,28.7,28.7,5.0
2021-04-20 09:48:00,NSE:DELTAMAGNT,26.25,26.25,26.25,26.25,4508.0
2021-04-20 10:00:00,NSE:DELTAMAGNT,26.35,26.35,26.35,26.35,871.0
2021-04-20 10:09:00,NSE:DELTAMAGNT,26.4,26.4,26.4,26.4,75.0
2021-04-20 10:18:00,NSE:DELTAMAGNT,26.4,26.4,26.4,26.4,1500.0
2021-04-20 10:24:00,NSE:DELTAMAGNT,26.85,26.85,26.85,26.85,100.0
2021-04-20 10:27:00,NSE:DELTAMAGNT,26.85,26.85,26.85,26.85,10.0
2021-04-20 10:30:00,NSE:DELTAMAGNT,27.2,27.2,27.2,27.2,50.0
2021-04-20 11:15:00,NSE:DELTAMAGNT,26.45,26.45,26.45,26.45,10.0
2021-04-20 11:36:00,NSE:DELTAMAGNT,27.15,27.15,27.15,27.15,100.0
2021-04-20 11:39:00,NSE:DELTAMAGNT,27.15,27.15,27.15,27.15,30.0
2021-04-20 12:03:00,NSE:DELTAMAGNT,26.55,26.55,26.55,26.55,23.0
2021-04-20 12:36:00,NSE:DELTAMAGNT,27.15,27.15,27.15,27.15,50.0
2021-04-20 12:39:00,NSE:DELTAMAGNT,26.55,26.55,26.55,26.55,23.0
2021-04-20 13:21:00,NSE:DELTAMAGNT,27.15,27.15,27.15,27.15,2.0
2021-04-20 13:54:00,NSE:DELTAMAGNT,27.9,27.9,27.9,27.9,500.0
2021-04-20 14:00:00,NSE:DELTAMAGNT,27.7,27.7,27.7,27.7,3.0
2021-04-20 14:18:00,NSE:DELTAMAGNT,26.65,26.65,26.65,26.65,3.0
2021-04-20 14:33:00,NSE:DELTAMAGNT,27.5,27.5,27.5,27.5,300.0
2021-04-20 14:54:00,NSE:DELTAMAGNT,26.35,26.35,26.35,26.35,500.0
2021-04-20 14:57:00,NSE:DELTAMAGNT,26.35,26.35,26.35,26.35,140.0
2021-04-20 15:00:00,NSE:DELTAMAGNT,26.35,26.35,26.35,26.35,20.0
2021-04-20 15:09:00,NSE:DELTAMAGNT,26.85,26.85,26.85,26.85,70.0
2021-04-20 15:18:00,NSE:DELTAMAGNT,26.5,26.5,26.5,26.5,78.0
2021-04-20 15:21:00,NSE:DELTAMAGNT,26.8,26.8,26.5,26.5,330.0
2021-04-20 15:24:00,NSE:DELTAMAGNT,26.75,26.75,26.75,26.75,1.0
2021-04-20 15:27:00,NSE:DELTAMAGNT,26.35,26.35,26.35,26.35,71.0
2021-04-22 09:06:00,NSE:DELTAMAGNT,27.7,27.7,27.7,27.7,36.0
2021-04-22 09:21:00,NSE:DELTAMAGNT,27.35,27.35,27.35,27.35,1.0
2021-04-22 09:24:00,NSE:DELTAMAGNT,26.15,26.15,26.15,26.15,90.0
2021-04-22 09:27:00,NSE:DELTAMAGNT,27.2,27.2,27.2,27.2,100.0
2021-04-22 09:48:00,NSE:DELTAMAGNT,25.85,25.85,25.85,25.85,218.0
2021-04-22 09:51:00,NSE:DELTAMAGNT,25.85,25.85,25.85,25.85,32.0
2021-04-22 10:24:00,NSE:DELTAMAGNT,26.5,26.5,26.5,26.5,307.0
2021-04-22 10:27:00,NSE:DELTAMAGNT,26.95,26.95,26.95,26.95,5.0
2021-04-22 10:42:00,NSE:DELTAMAGNT,26.5,26.5,26.5,26.5,13.0
2021-04-22 10:45:00,NSE:DELTAMAGNT,26.5,26.5,26.5,26.5,50.0
2021-04-22 10:54:00,NSE:DELTAMAGNT,27.25,27.25,27.25,27.25,25.0
2021-04-22 11:15:00,NSE:DELTAMAGNT,26.5,26.5,26.5,26.5,20.0
2021-04-22 11:27:00,NSE:DELTAMAGNT,27.2,27.2,27.2,27.2,8.0
2021-04-22 11:39:00,NSE:DELTAMAGNT,27.2,27.2,27.2,27.2,100.0
2021-04-22 11:48:00,NSE:DELTAMAGNT,27.3,27.3,27.3,27.3,1.0
2021-04-22 11:51:00,NSE:DELTAMAGNT,26.55,26.55,26.55,26.55,1.0
2021-04-22 12:09:00,NSE:DELTAMAGNT,26.55,27.35,26.55,27.35,510.0
2021-04-22 12:21:00,NSE:DELTAMAGNT,27.3,27.3,27.3,27.3,2.0
2021-04-22 13:12:00,NSE:DELTAMAGNT,26.7,26.7,26.7,26.7,10.0
2021-04-22 14:00:00,NSE:DELTAMAGNT,26.7,26.7,26.7,26.7,4.0
2021-04-22 14:03:00,NSE:DELTAMAGNT,26.65,26.65,26.65,26.65,92.0
2021-04-22 14:15:00,NSE:DELTAMAGNT,27.35,27.35,27.35,27.35,5.0
2021-04-22 14:24:00,NSE:DELTAMAGNT,26.65,26.65,26.65,26.65,2.0
2021-04-22 14:57:00,NSE:DELTAMAGNT,27.35,27.35,27.35,27.35,10.0
2021-04-22 15:03:00,NSE:DELTAMAGNT,27.3,27.35,27.3,27.35,100.0
2021-04-22 15:12:00,NSE:DELTAMAGNT,27.35,27.35,27.35,27.35,15.0
2021-04-22 15:15:00,NSE:DELTAMAGNT,27.05,27.05,27.05,27.05,20.0
2021-04-22 15:21:00,NSE:DELTAMAGNT,27.0,27.45,27.0,27.0,71.0
2021-04-22 15:27:00,NSE:DELTAMAGNT,27.0,27.45,27.0,27.45,46.0
2021-04-22 15:42:00,NSE:DELTAMAGNT,27.15,27.15,27.15,27.15,81.0
2021-04-22 15:45:00,NSE:DELTAMAGNT,27.15,27.15,27.15,27.15,12.0
2021-04-22 15:48:00,NSE:DELTAMAGNT,27.15,27.15,27.15,27.15,8.0
2021-04-23 09:21:00,NSE:DELTAMAGNT,28.1,28.1,28.1,28.1,10.0
2021-04-23 09:24:00,NSE:DELTAMAGNT,26.35,26.35,26.35,26.35,149.0
2021-04-23 09:33:00,NSE:DELTAMAGNT,26.55,26.55,26.55,26.55,210.0
2021-04-23 09:57:00,NSE:DELTAMAGNT,26.6,26.6,26.6,26.6,1.0
2021-04-23 11:15:00,NSE:DELTAMAGNT,27.75,27.75,27.75,27.75,136.0
2021-04-23 11:18:00,NSE:DELTAMAGNT,27.8,27.8,27.75,27.75,917.0
2021-04-23 11:39:00,NSE:DELTAMAGNT,27.5,27.5,27.5,27.5,4.0
2021-04-23 11:42:00,NSE:DELTAMAGNT,27.85,27.85,27.85,27.85,13.0
2021-04-23 12:30:00,NSE:DELTAMAGNT,27.5,27.5,27.5,27.5,1.0
2021-04-23 12:42:00,NSE:DELTAMAGNT,27.75,27.85,27.75,27.85,208.0
2021-04-23 12:45:00,NSE:DELTAMAGNT,27.9,27.9,27.9,27.9,300.0
2021-04-23 13:18:00,NSE:DELTAMAGNT,27.95,27.95,27.95,27.95,7.0
2021-04-23 13:42:00,NSE:DELTAMAGNT,27.75,27.75,27.75,27.75,18.0
2021-04-23 14:39:00,NSE:DELTAMAGNT,27.5,27.5,27.0,27.0,837.0
2021-04-23 14:45:00,NSE:DELTAMAGNT,27.0,27.0,27.0,27.0,500.0
2021-04-23 14:48:00,NSE:DELTAMAGNT,27.0,27.0,27.0,27.0,45.0
2021-04-23 15:09:00,NSE:DELTAMAGNT,27.0,27.0,27.0,27.0,153.0
2021-04-23 15:27:00,NSE:DELTAMAGNT,26.7,26.7,26.7,26.7,6.0
2021-04-26 09:27:00,NSE:DELTAMAGNT,27.0,27.0,27.0,27.0,69.0
2021-04-26 09:30:00,NSE:DELTAMAGNT,28.15,28.15,28.15,28.15,25.0
2021-04-26 09:39:00,NSE:DELTAMAGNT,28.1,28.1,28.1,28.1,2.0
2021-04-26 09:57:00,NSE:DELTAMAGNT,28.1,28.1,28.1,28.1,8.0
2021-04-26 10:15:00,NSE:DELTAMAGNT,27.15,27.15,27.15,27.15,20.0
2021-04-26 11:30:00,NSE:DELTAMAGNT,27.95,27.95,27.95,27.95,2.0
2021-04-26 11:33:00,NSE:DELTAMAGNT,28.0,28.0,28.0,28.0,75.0
2021-04-26 11:39:00,NSE:DELTAMAGNT,28.0,28.0,28.0,28.0,17.0
2021-04-26 12:12:00,NSE:DELTAMAGNT,27.15,27.15,27.15,27.15,60.0
2021-04-26 12:45:00,NSE:DELTAMAGNT,27.95,28.0,27.95,27.95,40.0
2021-04-26 12:48:00,NSE:DELTAMAGNT,27.95,28.0,27.2,27.2,60.0
2021-04-26 13:15:00,NSE:DELTAMAGNT,27.2,27.2,27.15,27.15,230.0
2021-04-26 13:21:00,NSE:DELTAMAGNT,27.95,27.95,27.95,27.95,125.0
2021-04-26 13:36:00,NSE:DELTAMAGNT,27.3,27.3,27.3,27.3,10.0
2021-04-26 14:21:00,NSE:DELTAMAGNT,27.0,27.0,27.0,27.0,300.0
2021-04-26 14:27:00,NSE:DELTAMAGNT,27.85,27.85,27.0,27.1,138.0
2021-04-26 14:57:00,NSE:DELTAMAGNT,27.8,27.8,27.8,27.8,100.0
2021-04-26 15:03:00,NSE:DELTAMAGNT,27.8,27.8,27.8,27.8,10.0
2021-04-26 15:24:00,NSE:DELTAMAGNT,27.2,27.2,27.15,27.15,143.0
2021-04-26 15:27:00,NSE:DELTAMAGNT,27.15,28.0,27.15,28.0,493.0
2021-04-27 09:18:00,NSE:DELTAMAGNT,27.05,27.05,27.05,27.05,1.0
2021-04-27 09:48:00,NSE:DELTAMAGNT,28.65,28.65,28.65,28.65,3.0
2021-04-27 09:54:00,NSE:DELTAMAGNT,26.95,28.65,26.95,28.65,102.0
2021-04-27 10:00:00,NSE:DELTAMAGNT,27.05,27.05,27.05,27.05,1.0
2021-04-27 10:09:00,NSE:DELTAMAGNT,28.75,28.75,28.75,28.75,100.0
2021-04-27 10:42:00,NSE:DELTAMAGNT,28.65,28.65,28.65,28.65,10.0
2021-04-27 10:54:00,NSE:DELTAMAGNT,28.55,28.55,28.55,28.55,25.0
2021-04-27 11:00:00,NSE:DELTAMAGNT,28.5,28.5,28.5,28.5,11.0
2021-04-27 11:09:00,NSE:DELTAMAGNT,28.5,28.5,28.5,28.5,1.0
2021-04-27 11:15:00,NSE:DELTAMAGNT,27.7,27.7,27.7,27.7,10.0
2021-04-27 11:30:00,NSE:DELTAMAGNT,28.45,28.45,28.45,28.45,10.0
2021-04-27 11:45:00,NSE:DELTAMAGNT,27.65,27.65,27.65,27.65,50.0
2021-04-27 12:03:00,NSE:DELTAMAGNT,28.55,28.55,28.55,28.55,100.0
2021-04-27 12:06:00,NSE:DELTAMAGNT,28.75,28.75,28.75,28.75,1000.0
2021-04-27 12:24:00,NSE:DELTAMAGNT,28.6,28.65,28.6,28.65,14.0
2021-04-27 12:27:00,NSE:DELTAMAGNT,28.95,28.95,28.95,28.95,76.0
2021-04-27 12:51:00,NSE:DELTAMAGNT,28.9,28.9,28.9,28.9,7.0
2021-04-27 12:54:00,NSE:DELTAMAGNT,28.9,28.9,28.9,28.9,2.0
2021-04-27 12:57:00,NSE:DELTAMAGNT,28.8,28.8,28.8,28.8,11.0
2021-04-27 13:00:00,NSE:DELTAMAGNT,28.95,28.95,28.95,28.95,141.0
2021-04-27 13:15:00,NSE:DELTAMAGNT,28.8,28.8,28.8,28.8,6.0
2021-04-27 13:33:00,NSE:DELTAMAGNT,28.8,28.8,28.2,28.2,303.0
2021-04-27 13:39:00,NSE:DELTAMAGNT,28.8,28.8,28.8,28.8,150.0
2021-04-27 13:42:00,NSE:DELTAMAGNT,28.8,28.8,28.8,28.8,209.0
2021-04-27 13:45:00,NSE:DELTAMAGNT,28.3,28.3,28.3,28.3,5.0
2021-04-27 13:51:00,NSE:DELTAMAGNT,28.25,28.25,28.25,28.25,100.0
2021-04-27 13:54:00,NSE:DELTAMAGNT,28.95,28.95,28.95,28.95,615.0
2021-04-27 14:09:00,NSE:DELTAMAGNT,28.95,28.95,28.95,28.95,2.0
2021-04-27 14:27:00,NSE:DELTAMAGNT,28.95,28.95,28.95,28.95,100.0
2021-04-27 14:33:00,NSE:DELTAMAGNT,28.95,28.95,28.95,28.95,14.0
2021-04-27 14:42:00,NSE:DELTAMAGNT,28.95,28.95,28.95,28.95,1.0
2021-04-27 15:27:00,NSE:DELTAMAGNT,28.95,28.95,28.95,28.95,1.0
2021-04-28 09:18:00,NSE:DELTAMAGNT,30.35,30.35,30.3,30.35,373.0
2021-04-28 09:21:00,NSE:DELTAMAGNT,30.35,30.35,30.35,30.35,56.0
2021-04-28 09:27:00,NSE:DELTAMAGNT,30.35,30.35,30.35,30.35,183.0
2021-04-28 09:33:00,NSE:DELTAMAGNT,30.35,30.35,30.35,30.35,200.0
2021-04-28 09:51:00,NSE:DELTAMAGNT,30.35,30.35,30.35,30.35,25.0
2021-04-28 10:27:00,NSE:DELTAMAGNT,30.35,30.35,30.35,30.35,700.0
2021-04-28 10:57:00,NSE:DELTAMAGNT,30.35,30.35,30.35,30.35,2.0
2021-04-28 11:00:00,NSE:DELTAMAGNT,30.35,30.35,30.35,30.35,4.0
2021-04-28 11:03:00,NSE:DELTAMAGNT,30.35,30.35,30.35,30.35,25.0
2021-04-28 11:24:00,NSE:DELTAMAGNT,30.35,30.35,30.35,30.35,30.0
2021-04-28 12:18:00,NSE:DELTAMAGNT,30.35,30.35,30.35,30.35,212.0
2021-04-28 12:27:00,NSE:DELTAMAGNT,30.35,30.35,30.35,30.35,2.0
2021-04-28 12:42:00,NSE:DELTAMAGNT,30.35,30.35,30.35,30.35,300.0
2021-04-28 13:03:00,NSE:DELTAMAGNT,30.35,30.35,30.35,30.35,920.0
2021-04-29 09:15:00,NSE:DELTAMAGNT,30.4,30.4,30.4,30.4,5.0
2021-04-29 09:18:00,NSE:DELTAMAGNT,31.45,31.45,31.45,31.45,5.0
2021-04-29 09:21:00,NSE:DELTAMAGNT,31.5,31.5,31.5,31.5,5.0
2021-04-29 09:27:00,NSE:DELTAMAGNT,31.5,31.5,31.5,31.5,1.0
2021-04-29 09:39:00,NSE:DELTAMAGNT,30.45,30.45,30.45,30.45,10.0
2021-04-29 09:42:00,NSE:DELTAMAGNT,31.5,31.5,29.5,29.5,260.0
2021-04-29 09:48:00,NSE:DELTAMAGNT,30.95,30.95,30.95,30.95,2.0
2021-04-29 10:03:00,NSE:DELTAMAGNT,30.9,31.0,30.9,31.0,269.0
2021-04-29 10:18:00,NSE:DELTAMAGNT,30.2,30.2,30.2,30.2,4.0
2021-04-29 10:21:00,NSE:DELTAMAGNT,31.15,31.15,31.15,31.15,31.0
2021-04-29 11:00:00,NSE:DELTAMAGNT,30.3,30.3,30.3,30.3,147.0
2021-04-29 11:03:00,NSE:DELTAMAGNT,30.3,30.3,30.3,30.3,53.0
2021-04-29 11:06:00,NSE:DELTAMAGNT,31.05,31.05,31.05,31.05,177.0
2021-04-29 11:21:00,NSE:DELTAMAGNT,29.7,29.7,29.3,29.3,236.0
2021-04-29 11:45:00,NSE:DELTAMAGNT,30.35,30.35,30.35,30.35,72.0
2021-04-29 11:48:00,NSE:DELTAMAGNT,29.5,29.5,29.5,29.5,2.0
2021-04-29 12:09:00,NSE:DELTAMAGNT,29.65,29.65,29.5,29.5,272.0
2021-04-29 14:06:00,NSE:DELTAMAGNT,30.35,30.35,30.35,30.35,58.0
2021-04-29 14:09:00,NSE:DELTAMAGNT,30.35,30.35,30.35,30.35,145.0
2021-04-29 14:12:00,NSE:DELTAMAGNT,30.35,30.35,30.35,30.35,1.0
2021-04-29 14:33:00,NSE:DELTAMAGNT,30.35,30.35,30.35,30.35,1.0
2021-04-29 15:18:00,NSE:DELTAMAGNT,30.3,30.3,30.3,30.3,1.0
2021-04-29 15:24:00,NSE:DELTAMAGNT,30.3,30.3,30.3,30.3,10.0
2021-04-29 15:27:00,NSE:DELTAMAGNT,29.55,29.55,29.55,29.55,46.0
2021-04-30 09:51:00,NSE:DELTAMAGNT,30.85,30.85,30.85,30.85,10.0
2021-04-30 09:54:00,NSE:DELTAMAGNT,29.75,29.75,29.75,29.75,1.0
2021-04-30 10:00:00,NSE:DELTAMAGNT,29.8,29.8,29.8,29.8,32.0
2021-04-30 10:03:00,NSE:DELTAMAGNT,30.95,30.95,30.95,30.95,500.0
2021-04-30 10:12:00,NSE:DELTAMAGNT,30.85,30.85,30.85,30.85,100.0
2021-04-30 10:27:00,NSE:DELTAMAGNT,29.7,29.7,29.7,29.7,500.0
2021-04-30 10:45:00,NSE:DELTAMAGNT,29.8,29.8,29.8,29.8,20.0
2021-04-30 10:57:00,NSE:DELTAMAGNT,30.0,30.0,30.0,30.0,41.0
2021-04-30 11:00:00,NSE:DELTAMAGNT,30.0,30.0,30.0,30.0,50.0
2021-04-30 11:30:00,NSE:DELTAMAGNT,29.75,29.75,29.75,29.75,40.0
2021-04-30 11:39:00,NSE:DELTAMAGNT,29.75,29.75,29.7,29.7,156.0
2021-04-30 11:42:00,NSE:DELTAMAGNT,29.15,29.15,29.15,29.15,1009.0
2021-04-30 11:45:00,NSE:DELTAMAGNT,30.2,30.2,30.2,30.2,1.0
2021-04-30 11:48:00,NSE:DELTAMAGNT,30.2,30.2,30.2,30.2,25.0
2021-04-30 11:57:00,NSE:DELTAMAGNT,29.05,29.05,28.55,28.55,4600.0
2021-04-30 12:00:00,NSE:DELTAMAGNT,29.95,29.95,29.95,29.95,9.0
2021-04-30 12:21:00,NSE:DELTAMAGNT,29.45,29.45,29.45,29.45,3.0
2021-04-30 12:36:00,NSE:DELTAMAGNT,28.8,28.8,28.8,28.8,38.0
2021-04-30 12:57:00,NSE:DELTAMAGNT,29.35,29.5,29.35,29.35,468.0
2021-04-30 13:00:00,NSE:DELTAMAGNT,29.35,29.35,29.35,29.35,55.0
2021-04-30 13:03:00,NSE:DELTAMAGNT,29.1,29.1,29.1,29.1,100.0
2021-04-30 13:12:00,NSE:DELTAMAGNT,29.4,29.4,29.4,29.4,116.0
2021-04-30 13:21:00,NSE:DELTAMAGNT,29.4,29.4,29.4,29.4,250.0
2021-04-30 13:24:00,NSE:DELTAMAGNT,29.4,29.4,29.4,29.4,120.0
2021-04-30 13:30:00,NSE:DELTAMAGNT,29.1,29.1,29.1,29.1,180.0
2021-04-30 13:33:00,NSE:DELTAMAGNT,29.45,29.45,29.45,29.45,1.0
2021-04-30 14:03:00,NSE:DELTAMAGNT,29.4,29.4,29.4,29.4,50.0
2021-04-30 14:06:00,NSE:DELTAMAGNT,29.3,29.3,29.3,29.3,10.0
2021-04-30 14:15:00,NSE:DELTAMAGNT,29.25,29.25,29.25,29.25,10.0
2021-04-30 14:24:00,NSE:DELTAMAGNT,29.25,29.25,29.25,29.25,5.0
2021-04-30 14:42:00,NSE:DELTAMAGNT,29.0,29.0,29.0,29.0,250.0
2021-04-30 14:48:00,NSE:DELTAMAGNT,29.25,29.25,29.25,29.25,17.0
2021-04-30 15:06:00,NSE:DELTAMAGNT,28.8,28.8,28.8,28.8,500.0
2021-04-30 15:12:00,NSE:DELTAMAGNT,28.85,28.85,28.85,28.85,6.0
2021-04-30 15:27:00,NSE:DELTAMAGNT,28.85,28.85,28.55,28.55,758.0
2021-05-03 09:24:00,NSE:DELTAMAGNT,29.9,29.9,29.0,29.0,25.0
2021-05-03 09:33:00,NSE:DELTAMAGNT,29.05,29.8,27.45,29.8,1947.0
2021-05-03 09:36:00,NSE:DELTAMAGNT,28.1,28.1,28.1,28.1,46.0
2021-05-03 09:42:00,NSE:DELTAMAGNT,28.2,28.2,28.2,28.2,54.0
2021-05-03 09:45:00,NSE:DELTAMAGNT,28.2,28.2,28.2,28.2,100.0
2021-05-03 09:57:00,NSE:DELTAMAGNT,28.2,29.1,28.2,29.1,57.0
2021-05-03 10:03:00,NSE:DELTAMAGNT,29.1,29.1,29.1,29.1,9.0
2021-05-03 10:21:00,NSE:DELTAMAGNT,28.4,28.4,28.25,28.25,163.0
2021-05-03 10:24:00,NSE:DELTAMAGNT,28.25,28.25,28.25,28.25,93.0
2021-05-03 11:12:00,NSE:DELTAMAGNT,28.6,28.6,28.6,28.6,2.0
2021-05-03 11:15:00,NSE:DELTAMAGNT,28.65,28.65,28.65,28.65,5.0
2021-05-03 11:27:00,NSE:DELTAMAGNT,28.5,28.5,28.5,28.5,250.0
2021-05-03 11:30:00,NSE:DELTAMAGNT,28.5,28.5,28.5,28.5,52.0
2021-05-03 11:33:00,NSE:DELTAMAGNT,28.5,28.5,28.5,28.5,500.0
2021-05-03 11:36:00,NSE:DELTAMAGNT,28.0,28.0,28.0,28.0,10.0
2021-05-03 11:42:00,NSE:DELTAMAGNT,28.95,28.95,28.95,28.95,2.0
2021-05-03 11:45:00,NSE:DELTAMAGNT,28.5,28.65,28.5,28.65,125.0
2021-05-03 12:00:00,NSE:DELTAMAGNT,28.15,28.15,28.15,28.15,125.0
2021-05-03 12:18:00,NSE:DELTAMAGNT,28.15,28.15,28.15,28.15,16.0
2021-05-03 12:27:00,NSE:DELTAMAGNT,28.15,28.15,28.15,28.15,58.0
2021-05-03 12:33:00,NSE:DELTAMAGNT,28.45,28.45,28.45,28.45,20.0
2021-05-03 12:36:00,NSE:DELTAMAGNT,28.9,28.9,28.9,28.9,75.0
2021-05-03 12:39:00,NSE:DELTAMAGNT,28.2,28.2,28.2,28.2,10.0
2021-05-03 12:45:00,NSE:DELTAMAGNT,28.85,28.85,28.85,28.85,50.0
2021-05-03 12:48:00,NSE:DELTAMAGNT,28.85,28.85,28.85,28.85,195.0
2021-05-03 13:03:00,NSE:DELTAMAGNT,28.95,28.95,28.95,28.95,2.0
2021-05-03 13:18:00,NSE:DELTAMAGNT,28.85,28.85,28.85,28.85,50.0
2021-05-03 13:21:00,NSE:DELTAMAGNT,28.85,28.85,28.85,28.85,55.0
2021-05-03 13:24:00,NSE:DELTAMAGNT,28.5,28.5,28.5,28.5,400.0
2021-05-03 13:48:00,NSE:DELTAMAGNT,28.55,28.55,28.55,28.55,16.0
2021-05-03 13:51:00,NSE:DELTAMAGNT,29.65,29.65,29.6,29.6,30.0
2021-05-03 13:54:00,NSE:DELTAMAGNT,29.65,29.65,29.65,29.65,17.0
2021-05-03 14:27:00,NSE:DELTAMAGNT,28.75,28.75,28.75,28.75,50.0
2021-05-03 15:00:00,NSE:DELTAMAGNT,28.75,28.75,28.75,28.75,10.0
2021-05-03 15:21:00,NSE:DELTAMAGNT,29.5,29.5,29.5,29.5,50.0
2021-05-03 15:24:00,NSE:DELTAMAGNT,28.75,28.8,28.75,28.8,480.0
2021-05-03 15:27:00,NSE:DELTAMAGNT,28.8,29.1,28.75,29.1,169.0
2021-05-04 09:15:00,NSE:DELTAMAGNT,30.0,30.0,30.0,30.0,90.0
2021-05-04 09:21:00,NSE:DELTAMAGNT,29.8,29.8,29.8,29.8,16.0
2021-05-04 09:24:00,NSE:DELTAMAGNT,29.8,29.8,29.05,29.05,128.0
2021-05-04 09:27:00,NSE:DELTAMAGNT,29.75,29.75,29.75,29.75,4.0
2021-05-04 09:33:00,NSE:DELTAMAGNT,29.8,29.8,29.8,29.8,500.0
2021-05-04 09:39:00,NSE:DELTAMAGNT,29.15,29.15,29.15,29.15,1.0
2021-05-04 09:42:00,NSE:DELTAMAGNT,30.0,30.0,30.0,30.0,500.0
2021-05-04 09:48:00,NSE:DELTAMAGNT,30.0,30.0,29.1,29.1,900.0
2021-05-04 10:00:00,NSE:DELTAMAGNT,29.15,29.15,29.15,29.15,10.0
2021-05-04 10:06:00,NSE:DELTAMAGNT,29.75,29.75,29.75,29.75,99.0
2021-05-04 10:12:00,NSE:DELTAMAGNT,29.15,29.15,29.15,29.15,14.0
2021-05-04 10:27:00,NSE:DELTAMAGNT,30.0,30.0,30.0,30.0,20.0
2021-05-04 10:45:00,NSE:DELTAMAGNT,29.2,29.2,29.2,29.2,310.0
2021-05-04 10:57:00,NSE:DELTAMAGNT,29.2,29.2,29.2,29.2,579.0
2021-05-04 11:09:00,NSE:DELTAMAGNT,29.5,29.5,29.5,29.5,40.0
2021-05-04 11:12:00,NSE:DELTAMAGNT,29.25,29.25,29.25,29.25,500.0
2021-05-04 11:15:00,NSE:DELTAMAGNT,29.65,29.65,29.65,29.65,10.0
2021-05-04 11:36:00,NSE:DELTAMAGNT,29.3,29.3,29.3,29.3,96.0
2021-05-04 11:42:00,NSE:DELTAMAGNT,29.35,29.35,29.35,29.35,10.0
2021-05-04 11:45:00,NSE:DELTAMAGNT,29.3,29.3,29.3,29.3,71.0
2021-05-04 11:48:00,NSE:DELTAMAGNT,29.15,29.15,29.15,29.15,653.0
2021-05-04 11:51:00,NSE:DELTAMAGNT,29.1,29.1,29.1,29.1,179.0
2021-05-04 11:54:00,NSE:DELTAMAGNT,29.0,29.0,28.9,28.9,57.0
2021-05-04 11:57:00,NSE:DELTAMAGNT,28.9,28.9,28.9,28.9,427.0
2021-05-04 12:12:00,NSE:DELTAMAGNT,29.4,29.4,29.4,29.4,1.0
2021-05-04 12:33:00,NSE:DELTAMAGNT,28.75,28.75,28.75,28.75,1.0
2021-05-04 12:54:00,NSE:DELTAMAGNT,28.75,28.75,28.75,28.75,200.0
2021-05-04 13:12:00,NSE:DELTAMAGNT,28.75,28.75,28.75,28.75,23.0
2021-05-04 13:45:00,NSE:DELTAMAGNT,29.4,29.4,29.4,29.4,10.0
2021-05-04 14:12:00,NSE:DELTAMAGNT,29.4,29.4,29.4,29.4,1.0
2021-05-04 14:18:00,NSE:DELTAMAGNT,28.8,28.8,28.8,28.8,2.0
2021-05-04 14:33:00,NSE:DELTAMAGNT,29.0,29.05,29.0,29.05,40.0
2021-05-04 15:12:00,NSE:DELTAMAGNT,29.0,29.0,29.0,29.0,20.0
2021-05-04 15:15:00,NSE:DELTAMAGNT,29.5,29.5,29.5,29.5,12.0
2021-05-04 15:18:00,NSE:DELTAMAGNT,29.0,29.0,29.0,29.0,168.0
2021-05-04 15:21:00,NSE:DELTAMAGNT,28.8,28.8,28.8,28.8,651.0
2021-05-04 15:24:00,NSE:DELTAMAGNT,28.8,28.8,28.8,28.8,1396.0
2021-05-04 15:27:00,NSE:DELTAMAGNT,28.6,28.6,28.6,28.6,260.0
2021-05-05 09:33:00,NSE:DELTAMAGNT,28.25,28.25,28.25,28.25,14.0
2021-05-05 09:36:00,NSE:DELTAMAGNT,28.9,28.9,28.9,28.9,4.0
2021-05-05 09:39:00,NSE:DELTAMAGNT,28.95,28.95,28.95,28.95,155.0
2021-05-05 09:45:00,NSE:DELTAMAGNT,28.95,29.0,28.95,28.95,210.0
2021-05-05 09:54:00,NSE:DELTAMAGNT,28.95,28.95,28.95,28.95,2.0
2021-05-05 10:15:00,NSE:DELTAMAGNT,28.95,28.95,28.95,28.95,144.0
2021-05-05 10:33:00,NSE:DELTAMAGNT,29.5,29.5,29.5,29.5,50.0
2021-05-05 10:36:00,NSE:DELTAMAGNT,29.5,29.5,29.5,29.5,446.0
2021-05-05 11:18:00,NSE:DELTAMAGNT,28.8,28.8,28.8,28.8,10.0
2021-05-05 11:21:00,NSE:DELTAMAGNT,28.8,30.0,28.8,30.0,907.0
2021-05-05 11:24:00,NSE:DELTAMAGNT,29.95,29.95,29.95,29.95,30.0
2021-05-05 11:27:00,NSE:DELTAMAGNT,29.95,29.95,29.95,29.95,1.0
2021-05-05 12:09:00,NSE:DELTAMAGNT,28.8,28.8,28.8,28.8,45.0
2021-05-05 12:12:00,NSE:DELTAMAGNT,28.8,29.0,28.8,29.0,650.0
2021-05-05 12:15:00,NSE:DELTAMAGNT,29.0,29.0,29.0,29.0,180.0
2021-05-05 12:21:00,NSE:DELTAMAGNT,28.8,28.8,28.8,28.8,305.0
2021-05-05 12:27:00,NSE:DELTAMAGNT,28.6,28.6,28.6,28.6,223.0
2021-05-05 13:03:00,NSE:DELTAMAGNT,29.5,29.5,29.5,29.5,1.0
2021-05-05 13:06:00,NSE:DELTAMAGNT,29.5,29.5,29.5,29.5,14.0
2021-05-05 13:33:00,NSE:DELTAMAGNT,28.75,28.75,28.75,28.75,100.0
2021-05-05 13:39:00,NSE:DELTAMAGNT,28.75,28.75,28.75,28.75,2.0
2021-05-05 13:51:00,NSE:DELTAMAGNT,29.4,29.4,29.4,29.4,2.0
2021-05-05 14:09:00,NSE:DELTAMAGNT,29.35,29.4,29.35,29.4,11.0
2021-05-05 14:12:00,NSE:DELTAMAGNT,29.4,29.45,29.4,29.45,117.0
2021-05-05 14:33:00,NSE:DELTAMAGNT,29.5,29.5,29.5,29.5,201.0
2021-05-05 14:36:00,NSE:DELTAMAGNT,29.5,29.5,29.3,29.3,58.0
2021-05-05 14:45:00,NSE:DELTAMAGNT,29.85,29.85,29.85,29.85,20.0
2021-05-05 14:48:00,NSE:DELTAMAGNT,29.8,29.8,29.8,29.8,1.0
2021-05-05 15:03:00,NSE:DELTAMAGNT,29.5,29.5,29.5,29.5,200.0
2021-05-05 15:06:00,NSE:DELTAMAGNT,29.55,29.55,29.55,29.55,10.0
2021-05-05 15:12:00,NSE:DELTAMAGNT,29.5,29.5,29.5,29.5,60.0
2021-05-05 15:18:00,NSE:DELTAMAGNT,29.8,29.85,29.8,29.85,156.0
2021-05-05 15:24:00,NSE:DELTAMAGNT,29.5,29.5,29.5,29.5,1.0
2021-05-05 15:27:00,NSE:DELTAMAGNT,29.8,29.8,29.8,29.8,567.0
2021-05-05 15:54:00,NSE:DELTAMAGNT,29.7,29.8,29.7,29.7,107.0
2021-05-06 09:18:00,NSE:DELTAMAGNT,31.0,31.0,30.9,31.0,350.0
2021-05-06 09:30:00,NSE:DELTAMAGNT,28.5,28.5,28.5,28.5,2004.0
2021-05-06 09:51:00,NSE:DELTAMAGNT,30.0,30.0,30.0,30.0,50.0
2021-05-06 09:57:00,NSE:DELTAMAGNT,29.75,29.75,29.75,29.75,80.0
2021-05-06 10:00:00,NSE:DELTAMAGNT,29.75,29.75,29.75,29.75,100.0
2021-05-06 10:09:00,NSE:DELTAMAGNT,29.1,29.1,29.1,29.1,3.0
2021-05-06 10:24:00,NSE:DELTAMAGNT,29.0,29.0,29.0,29.0,500.0
2021-05-06 10:30:00,NSE:DELTAMAGNT,29.0,29.0,29.0,29.0,17.0
2021-05-06 10:36:00,NSE:DELTAMAGNT,29.5,29.5,29.5,29.5,100.0
2021-05-06 10:39:00,NSE:DELTAMAGNT,29.5,29.5,29.5,29.5,80.0
2021-05-06 10:48:00,NSE:DELTAMAGNT,29.5,29.5,29.5,29.5,4.0
2021-05-06 11:00:00,NSE:DELTAMAGNT,29.5,29.5,29.5,29.5,1.0
2021-05-06 11:12:00,NSE:DELTAMAGNT,29.5,29.5,29.5,29.5,1.0
2021-05-06 11:30:00,NSE:DELTAMAGNT,29.05,29.05,29.05,29.05,2.0
2021-05-06 11:57:00,NSE:DELTAMAGNT,29.05,29.05,29.05,29.05,25.0
2021-05-06 12:00:00,NSE:DELTAMAGNT,29.1,29.1,29.1,29.1,100.0
2021-05-06 12:06:00,NSE:DELTAMAGNT,29.15,29.15,29.15,29.15,1.0
2021-05-06 12:15:00,NSE:DELTAMAGNT,29.65,29.65,29.65,29.65,380.0
2021-05-06 12:36:00,NSE:DELTAMAGNT,28.45,28.45,28.45,28.45,2000.0
2021-05-06 12:48:00,NSE:DELTAMAGNT,29.0,29.0,28.6,28.6,112.0
2021-05-06 13:00:00,NSE:DELTAMAGNT,28.5,28.5,28.5,28.5,121.0
2021-05-06 13:27:00,NSE:DELTAMAGNT,29.2,29.2,29.2,29.2,10.0
2021-05-06 13:36:00,NSE:DELTAMAGNT,29.2,29.2,29.2,29.2,380.0
2021-05-06 14:18:00,NSE:DELTAMAGNT,28.65,28.65,28.65,28.65,70.0
2021-05-06 14:42:00,NSE:DELTAMAGNT,29.5,29.5,29.5,29.5,1000.0
2021-05-06 14:57:00,NSE:DELTAMAGNT,28.7,28.7,28.7,28.7,380.0
2021-05-06 15:12:00,NSE:DELTAMAGNT,29.3,29.3,29.3,29.3,7.0
2021-05-06 15:27:00,NSE:DELTAMAGNT,28.7,28.75,28.55,28.55,600.0
2021-05-07 09:21:00,NSE:DELTAMAGNT,28.65,28.65,28.65,28.65,9.0
2021-05-07 09:27:00,NSE:DELTAMAGNT,28.65,28.7,28.4,28.4,102.0
2021-05-07 09:30:00,NSE:DELTAMAGNT,28.4,28.4,28.4,28.4,50.0
2021-05-07 09:36:00,NSE:DELTAMAGNT,28.4,28.4,28.4,28.4,181.0
2021-05-07 10:03:00,NSE:DELTAMAGNT,29.0,29.0,29.0,29.0,99.0
2021-05-07 10:27:00,NSE:DELTAMAGNT,29.0,29.0,29.0,29.0,99.0
2021-05-07 10:45:00,NSE:DELTAMAGNT,29.0,29.0,28.4,28.4,375.0
2021-05-07 10:54:00,NSE:DELTAMAGNT,29.6,29.6,29.6,29.6,150.0
2021-05-07 10:57:00,NSE:DELTAMAGNT,29.5,29.5,29.5,29.5,2.0
2021-05-07 11:24:00,NSE:DELTAMAGNT,29.35,29.35,29.35,29.35,20.0
2021-05-07 11:30:00,NSE:DELTAMAGNT,29.3,29.3,29.3,29.3,1.0
2021-05-07 11:33:00,NSE:DELTAMAGNT,28.75,28.75,28.75,28.75,20.0
2021-05-07 11:36:00,NSE:DELTAMAGNT,29.2,29.2,29.2,29.2,3.0
2021-05-07 11:45:00,NSE:DELTAMAGNT,28.0,28.0,28.0,28.0,1000.0
2021-05-07 11:48:00,NSE:DELTAMAGNT,28.3,28.3,28.3,28.3,1.0
2021-05-07 12:48:00,NSE:DELTAMAGNT,28.4,28.4,28.4,28.4,76.0
2021-05-07 13:09:00,NSE:DELTAMAGNT,28.9,28.9,28.9,28.9,3.0
2021-05-07 13:18:00,NSE:DELTAMAGNT,28.95,28.95,28.95,28.95,16.0
2021-05-07 14:42:00,NSE:DELTAMAGNT,28.55,28.55,28.5,28.5,101.0
2021-05-07 15:12:00,NSE:DELTAMAGNT,28.5,28.5,28.5,28.5,200.0
2021-05-07 15:27:00,NSE:DELTAMAGNT,28.5,28.9,28.3,28.3,339.0
2021-05-10 10:39:00,NSE:DELTAMAGNT,28.3,28.35,28.3,28.3,25.0
2021-05-10 10:42:00,NSE:DELTAMAGNT,28.3,28.3,28.3,28.3,45.0
2021-05-10 11:03:00,NSE:DELTAMAGNT,28.95,28.95,28.95,28.95,1.0
2021-05-10 11:18:00,NSE:DELTAMAGNT,27.8,27.8,27.8,27.8,1000.0
2021-05-10 11:21:00,NSE:DELTAMAGNT,28.9,28.9,28.9,28.9,30.0
2021-05-10 11:42:00,NSE:DELTAMAGNT,28.85,28.85,28.85,28.85,100.0
2021-05-10 12:12:00,NSE:DELTAMAGNT,28.0,28.0,28.0,28.0,742.0
2021-05-10 12:15:00,NSE:DELTAMAGNT,28.0,28.0,28.0,28.0,258.0
2021-05-10 12:18:00,NSE:DELTAMAGNT,28.65,28.65,28.65,28.65,1.0
2021-05-10 12:24:00,NSE:DELTAMAGNT,28.6,28.75,28.55,28.75,196.0
2021-05-10 12:33:00,NSE:DELTAMAGNT,28.75,28.75,28.75,28.75,100.0
2021-05-10 12:45:00,NSE:DELTAMAGNT,28.75,28.75,28.75,28.75,15.0
2021-05-10 13:00:00,NSE:DELTAMAGNT,28.8,28.8,28.8,28.8,55.0
2021-05-10 13:03:00,NSE:DELTAMAGNT,28.8,28.8,28.75,28.8,318.0
2021-05-10 13:12:00,NSE:DELTAMAGNT,28.75,28.75,28.75,28.75,99.0
2021-05-10 13:15:00,NSE:DELTAMAGNT,28.75,28.75,28.75,28.75,33.0
2021-05-10 13:18:00,NSE:DELTAMAGNT,28.85,28.85,28.85,28.85,99.0
2021-05-10 13:21:00,NSE:DELTAMAGNT,28.85,28.85,28.85,28.85,99.0
2021-05-10 13:30:00,NSE:DELTAMAGNT,28.5,28.85,28.5,28.85,506.0
2021-05-10 13:33:00,NSE:DELTAMAGNT,29.0,29.0,29.0,29.0,66.0
2021-05-10 13:39:00,NSE:DELTAMAGNT,29.0,29.0,29.0,29.0,10.0
2021-05-10 13:42:00,NSE:DELTAMAGNT,28.85,29.45,28.85,29.45,126.0
2021-05-10 13:48:00,NSE:DELTAMAGNT,29.4,29.4,29.4,29.4,19.0
2021-05-10 14:03:00,NSE:DELTAMAGNT,29.1,29.1,29.1,29.1,17.0
2021-05-10 14:18:00,NSE:DELTAMAGNT,29.05,29.05,28.05,28.1,1151.0
2021-05-10 14:24:00,NSE:DELTAMAGNT,29.0,29.0,29.0,29.0,2.0
2021-05-10 14:45:00,NSE:DELTAMAGNT,29.1,29.1,29.1,29.1,10.0
2021-05-10 15:00:00,NSE:DELTAMAGNT,29.1,29.1,29.1,29.1,86.0
2021-05-10 15:09:00,NSE:DELTAMAGNT,28.5,28.5,28.3,28.3,210.0
2021-05-10 15:15:00,NSE:DELTAMAGNT,28.25,28.25,28.25,28.25,1.0
2021-05-10 15:24:00,NSE:DELTAMAGNT,28.7,28.7,28.7,28.7,23.0
2021-05-10 15:27:00,NSE:DELTAMAGNT,28.5,29.85,28.5,29.85,841.0
2021-05-10 15:51:00,NSE:DELTAMAGNT,29.3,29.3,29.3,29.3,100.0
2021-05-11 09:06:00,NSE:DELTAMAGNT,28.8,28.8,28.8,28.8,50.0
2021-05-11 09:21:00,NSE:DELTAMAGNT,29.8,29.8,29.8,29.8,684.0
2021-05-11 09:30:00,NSE:DELTAMAGNT,28.55,28.55,28.55,28.55,1.0
2021-05-11 09:36:00,NSE:DELTAMAGNT,29.75,29.75,29.75,29.75,10.0
2021-05-11 09:51:00,NSE:DELTAMAGNT,29.7,29.7,29.7,29.7,51.0
2021-05-11 10:00:00,NSE:DELTAMAGNT,29.7,29.7,29.7,29.7,150.0
2021-05-11 10:03:00,NSE:DELTAMAGNT,29.7,29.7,29.7,29.7,101.0
2021-05-11 10:09:00,NSE:DELTAMAGNT,29.65,29.65,29.65,29.65,2.0
2021-05-11 10:15:00,NSE:DELTAMAGNT,29.65,29.65,29.65,29.65,1.0
2021-05-11 10:30:00,NSE:DELTAMAGNT,28.8,28.8,28.8,28.8,50.0
2021-05-11 10:33:00,NSE:DELTAMAGNT,29.7,29.7,29.7,29.7,100.0
2021-05-11 10:45:00,NSE:DELTAMAGNT,29.65,29.65,29.65,29.65,50.0
2021-05-11 10:54:00,NSE:DELTAMAGNT,28.9,28.9,28.9,28.9,23.0
2021-05-11 11:03:00,NSE:DELTAMAGNT,29.7,29.7,29.7,29.7,500.0
2021-05-11 11:12:00,NSE:DELTAMAGNT,28.9,28.9,28.9,28.9,10.0
2021-05-11 11:36:00,NSE:DELTAMAGNT,28.9,28.9,28.9,28.9,322.0
2021-05-11 11:39:00,NSE:DELTAMAGNT,29.45,29.45,29.45,29.45,1.0
2021-05-11 12:15:00,NSE:DELTAMAGNT,29.35,29.35,29.35,29.35,2.0
2021-05-11 12:18:00,NSE:DELTAMAGNT,29.35,29.35,29.35,29.35,10.0
2021-05-11 12:51:00,NSE:DELTAMAGNT,29.35,29.35,29.35,29.35,10.0
2021-05-11 13:15:00,NSE:DELTAMAGNT,29.3,29.3,29.3,29.3,5.0
2021-05-11 14:03:00,NSE:DELTAMAGNT,29.35,29.35,29.35,29.35,10.0
2021-05-11 15:00:00,NSE:DELTAMAGNT,28.9,28.9,28.9,28.9,46.0
2021-05-11 15:12:00,NSE:DELTAMAGNT,29.4,29.5,29.4,29.5,623.0
2021-05-11 15:21:00,NSE:DELTAMAGNT,29.05,29.05,29.05,29.05,40.0
2021-05-11 15:27:00,NSE:DELTAMAGNT,29.5,29.5,29.5,29.5,287.0
2021-05-11 15:45:00,NSE:DELTAMAGNT,29.4,29.4,29.4,29.4,80.0
2021-05-12 09:51:00,NSE:DELTAMAGNT,29.5,29.5,29.5,29.5,1.0
2021-05-12 10:00:00,NSE:DELTAMAGNT,29.55,30.0,29.55,30.0,78.0
2021-05-12 10:15:00,NSE:DELTAMAGNT,29.55,29.9,29.0,29.9,653.0
2021-05-12 10:18:00,NSE:DELTAMAGNT,29.85,30.0,29.0,29.05,1426.0
2021-05-12 10:21:00,NSE:DELTAMAGNT,29.4,29.55,29.05,29.05,2313.0
2021-05-12 10:24:00,NSE:DELTAMAGNT,29.3,29.95,28.95,29.6,1888.0
2021-05-12 10:27:00,NSE:DELTAMAGNT,29.4,30.1,29.1,29.95,1976.0
2021-05-12 10:30:00,NSE:DELTAMAGNT,30.1,30.45,29.05,29.05,326.0
2021-05-12 11:06:00,NSE:DELTAMAGNT,29.3,29.3,29.3,29.3,50.0
2021-05-12 11:21:00,NSE:DELTAMAGNT,29.35,30.3,29.35,30.3,72.0
2021-05-12 11:30:00,NSE:DELTAMAGNT,29.35,29.35,29.35,29.35,100.0
2021-05-12 12:00:00,NSE:DELTAMAGNT,30.45,30.45,30.45,30.45,200.0
2021-05-12 12:06:00,NSE:DELTAMAGNT,30.35,30.35,30.35,30.35,41.0
2021-05-12 12:24:00,NSE:DELTAMAGNT,30.3,30.3,30.3,30.3,2.0
2021-05-12 12:33:00,NSE:DELTAMAGNT,30.3,30.3,30.3,30.3,100.0
2021-05-12 13:06:00,NSE:DELTAMAGNT,29.4,29.4,29.4,29.4,40.0
2021-05-12 13:12:00,NSE:DELTAMAGNT,30.15,30.15,30.15,30.15,5.0
2021-05-12 13:18:00,NSE:DELTAMAGNT,29.45,29.45,29.45,29.45,5.0
2021-05-12 13:27:00,NSE:DELTAMAGNT,29.35,29.35,29.35,29.35,232.0
2021-05-12 13:30:00,NSE:DELTAMAGNT,29.1,29.1,29.1,29.1,170.0
2021-05-12 13:48:00,NSE:DELTAMAGNT,29.5,29.5,29.5,29.5,83.0
2021-05-12 13:51:00,NSE:DELTAMAGNT,29.5,29.5,29.5,29.5,16.0
2021-05-12 13:57:00,NSE:DELTAMAGNT,29.3,29.3,29.1,29.1,1008.0
2021-05-12 14:00:00,NSE:DELTAMAGNT,29.95,29.95,29.95,29.95,1008.0
2021-05-12 14:03:00,NSE:DELTAMAGNT,29.9,29.9,29.9,29.9,66.0
2021-05-12 14:12:00,NSE:DELTAMAGNT,29.85,29.85,29.2,29.2,79.0
2021-05-12 14:27:00,NSE:DELTAMAGNT,30.0,30.0,30.0,30.0,10.0
2021-05-12 14:42:00,NSE:DELTAMAGNT,30.0,30.0,30.0,30.0,13.0
2021-05-12 15:00:00,NSE:DELTAMAGNT,29.15,29.15,29.15,29.15,50.0
2021-05-12 15:18:00,NSE:DELTAMAGNT,29.1,29.1,29.1,29.1,10.0
2021-05-12 15:21:00,NSE:DELTAMAGNT,29.9,29.9,29.9,29.9,150.0
2021-05-12 15:24:00,NSE:DELTAMAGNT,29.1,29.1,29.1,29.1,25.0
2021-05-12 15:27:00,NSE:DELTAMAGNT,29.9,29.9,29.9,29.9,41.0
2021-05-14 09:06:00,NSE:DELTAMAGNT,28.45,28.45,28.45,28.45,2.0
2021-05-14 09:27:00,NSE:DELTAMAGNT,30.6,30.6,30.6,30.6,100.0
2021-05-14 09:30:00,NSE:DELTAMAGNT,30.55,30.55,30.55,30.55,41.0
2021-05-14 09:39:00,NSE:DELTAMAGNT,30.45,30.45,30.45,30.45,500.0
2021-05-14 09:42:00,NSE:DELTAMAGNT,28.85,28.85,28.85,28.85,230.0
2021-05-14 09:45:00,NSE:DELTAMAGNT,30.4,30.4,30.3,30.3,105.0
2021-05-14 09:48:00,NSE:DELTAMAGNT,29.2,29.2,29.2,29.2,500.0
2021-05-14 09:57:00,NSE:DELTAMAGNT,28.55,28.55,28.55,28.55,1000.0
2021-05-14 10:00:00,NSE:DELTAMAGNT,30.3,30.3,30.3,30.3,100.0
2021-05-14 10:03:00,NSE:DELTAMAGNT,30.55,30.55,30.55,30.55,1577.0
2021-05-14 10:18:00,NSE:DELTAMAGNT,29.25,29.25,29.25,29.25,10.0
2021-05-14 10:21:00,NSE:DELTAMAGNT,30.8,30.8,30.8,30.8,4000.0
2021-05-14 10:30:00,NSE:DELTAMAGNT,30.8,30.8,30.8,30.8,1000.0
2021-05-14 10:33:00,NSE:DELTAMAGNT,30.5,30.75,30.5,30.75,500.0
2021-05-14 10:36:00,NSE:DELTAMAGNT,30.75,30.75,30.75,30.75,119.0
2021-05-14 10:48:00,NSE:DELTAMAGNT,30.65,30.65,30.65,30.65,500.0
2021-05-14 10:57:00,NSE:DELTAMAGNT,30.6,30.6,30.6,30.6,6.0
2021-05-14 11:00:00,NSE:DELTAMAGNT,30.6,30.6,30.25,30.25,20.0
2021-05-14 11:15:00,NSE:DELTAMAGNT,30.25,30.25,30.25,30.25,309.0
2021-05-14 11:24:00,NSE:DELTAMAGNT,30.25,30.25,30.25,30.25,50.0
2021-05-14 11:30:00,NSE:DELTAMAGNT,30.25,30.25,30.25,30.25,57.0
2021-05-14 11:36:00,NSE:DELTAMAGNT,30.25,30.25,30.25,30.25,33.0
2021-05-14 11:45:00,NSE:DELTAMAGNT,30.25,30.25,30.25,30.25,1.0
2021-05-14 11:54:00,NSE:DELTAMAGNT,30.25,30.25,30.25,30.25,30.0
2021-05-14 12:18:00,NSE:DELTAMAGNT,30.5,30.5,30.5,30.5,1.0
2021-05-14 12:30:00,NSE:DELTAMAGNT,30.2,30.2,30.2,30.2,100.0
2021-05-14 12:33:00,NSE:DELTAMAGNT,30.05,30.05,30.05,30.05,59.0
2021-05-14 12:48:00,NSE:DELTAMAGNT,30.05,30.05,30.05,30.05,611.0
2021-05-14 12:57:00,NSE:DELTAMAGNT,30.5,30.5,30.5,30.5,5.0
2021-05-14 13:06:00,NSE:DELTAMAGNT,30.5,30.5,30.5,30.5,6.0
2021-05-14 13:12:00,NSE:DELTAMAGNT,30.05,30.05,30.05,30.05,1.0
2021-05-14 13:21:00,NSE:DELTAMAGNT,30.05,30.05,30.05,30.05,33.0
2021-05-14 14:00:00,NSE:DELTAMAGNT,30.1,30.1,30.1,30.1,300.0
2021-05-14 14:03:00,NSE:DELTAMAGNT,30.05,30.05,30.05,30.05,50.0
2021-05-14 14:06:00,NSE:DELTAMAGNT,30.05,30.05,30.05,30.05,150.0
2021-05-14 14:21:00,NSE:DELTAMAGNT,30.5,30.5,30.5,30.5,210.0
2021-05-14 14:33:00,NSE:DELTAMAGNT,30.5,30.5,30.5,30.5,1000.0
2021-05-14 14:57:00,NSE:DELTAMAGNT,30.2,30.2,30.2,30.2,100.0
2021-05-14 15:15:00,NSE:DELTAMAGNT,30.5,30.5,30.5,30.5,15.0
2021-05-14 15:27:00,NSE:DELTAMAGNT,30.5,30.5,30.5,30.5,768.0
2021-05-17 09:57:00,NSE:DELTAMAGNT,30.35,30.35,30.35,30.35,20.0
2021-05-17 10:03:00,NSE:DELTAMAGNT,30.3,30.5,29.85,30.4,1516.0
2021-05-17 10:06:00,NSE:DELTAMAGNT,30.25,30.3,29.75,29.75,580.0
2021-05-17 10:09:00,NSE:DELTAMAGNT,29.75,29.75,29.75,29.75,1.0
2021-05-17 10:24:00,NSE:DELTAMAGNT,30.4,30.4,30.4,30.4,39.0
2021-05-17 10:30:00,NSE:DELTAMAGNT,30.35,30.35,30.35,30.35,39.0
2021-05-17 10:51:00,NSE:DELTAMAGNT,29.75,29.75,29.75,29.75,50.0
2021-05-17 10:54:00,NSE:DELTAMAGNT,29.75,29.75,29.75,29.75,92.0
2021-05-17 10:57:00,NSE:DELTAMAGNT,29.75,29.75,29.75,29.75,250.0
2021-05-17 11:03:00,NSE:DELTAMAGNT,29.7,29.7,29.7,29.7,114.0
2021-05-17 11:12:00,NSE:DELTAMAGNT,30.2,30.2,30.2,30.2,7.0
2021-05-17 11:15:00,NSE:DELTAMAGNT,29.7,29.7,29.7,29.7,7.0
2021-05-17 11:42:00,NSE:DELTAMAGNT,29.75,29.75,29.75,29.75,10.0
2021-05-17 12:03:00,NSE:DELTAMAGNT,29.8,29.8,29.8,29.8,230.0
2021-05-17 12:06:00,NSE:DELTAMAGNT,29.8,29.8,29.8,29.8,46.0
2021-05-17 12:09:00,NSE:DELTAMAGNT,30.3,30.3,30.3,30.3,1.0
2021-05-17 12:27:00,NSE:DELTAMAGNT,29.8,30.2,29.8,30.2,805.0
2021-05-17 12:30:00,NSE:DELTAMAGNT,30.1,30.1,30.1,30.1,5.0
2021-05-17 12:33:00,NSE:DELTAMAGNT,30.1,30.1,30.1,30.1,100.0
2021-05-17 12:39:00,NSE:DELTAMAGNT,30.15,30.15,30.15,30.15,18.0
2021-05-17 12:42:00,NSE:DELTAMAGNT,30.15,30.15,30.15,30.15,7.0
2021-05-17 13:12:00,NSE:DELTAMAGNT,29.75,29.75,29.7,29.7,615.0
2021-05-17 13:18:00,NSE:DELTAMAGNT,30.1,30.1,30.1,30.1,30.0
2021-05-17 13:33:00,NSE:DELTAMAGNT,30.0,30.0,30.0,30.0,62.0
2021-05-17 13:39:00,NSE:DELTAMAGNT,29.95,29.95,29.95,29.95,73.0
2021-05-17 13:54:00,NSE:DELTAMAGNT,29.95,29.95,29.95,29.95,65.0
2021-05-17 14:06:00,NSE:DELTAMAGNT,29.6,29.6,29.6,29.6,273.0
2021-05-17 14:15:00,NSE:DELTAMAGNT,29.95,30.25,29.95,30.25,200.0
2021-05-17 14:30:00,NSE:DELTAMAGNT,30.25,30.25,30.25,30.25,198.0
2021-05-17 14:33:00,NSE:DELTAMAGNT,29.65,30.25,29.65,30.25,6.0
2021-05-17 15:03:00,NSE:DELTAMAGNT,29.65,29.65,29.65,29.65,46.0
2021-05-17 15:15:00,NSE:DELTAMAGNT,30.1,30.1,30.1,30.1,25.0
2021-05-17 15:27:00,NSE:DELTAMAGNT,30.0,30.0,29.6,29.6,191.0
2021-05-17 15:45:00,NSE:DELTAMAGNT,29.7,29.7,29.6,29.6,81.0
2021-05-18 09:15:00,NSE:DELTAMAGNT,29.7,29.7,29.7,29.7,100.0
2021-05-18 09:18:00,NSE:DELTAMAGNT,29.8,29.8,29.8,29.8,900.0
2021-05-18 09:21:00,NSE:DELTAMAGNT,29.9,29.9,29.9,29.9,1000.0
2021-05-18 09:30:00,NSE:DELTAMAGNT,29.7,29.7,29.7,29.7,492.0
2021-05-18 09:57:00,NSE:DELTAMAGNT,30.4,30.4,30.4,30.4,1000.0
2021-05-18 10:00:00,NSE:DELTAMAGNT,30.0,30.0,30.0,30.0,5.0
2021-05-18 10:03:00,NSE:DELTAMAGNT,30.25,30.25,29.4,29.4,6.0
2021-05-18 10:09:00,NSE:DELTAMAGNT,30.3,30.3,30.3,30.3,657.0
2021-05-18 10:15:00,NSE:DELTAMAGNT,30.3,30.3,29.15,29.15,201.0
2021-05-18 10:24:00,NSE:DELTAMAGNT,29.35,29.35,29.35,29.35,126.0
2021-05-18 10:54:00,NSE:DELTAMAGNT,29.45,29.45,29.45,29.45,19.0
2021-05-18 10:57:00,NSE:DELTAMAGNT,29.25,29.25,29.25,29.25,96.0
2021-05-18 11:09:00,NSE:DELTAMAGNT,29.85,29.95,29.25,29.25,160.0
2021-05-18 11:18:00,NSE:DELTAMAGNT,28.7,28.7,28.7,28.7,300.0
2021-05-18 12:03:00,NSE:DELTAMAGNT,29.1,29.1,29.1,29.1,3.0
2021-05-18 12:09:00,NSE:DELTAMAGNT,29.95,29.95,29.95,29.95,1.0
2021-05-18 12:33:00,NSE:DELTAMAGNT,29.5,29.5,29.5,29.5,570.0
2021-05-18 12:42:00,NSE:DELTAMAGNT,29.15,29.55,29.15,29.5,1573.0
2021-05-18 13:00:00,NSE:DELTAMAGNT,29.95,29.95,29.95,29.95,29.0
2021-05-18 13:06:00,NSE:DELTAMAGNT,29.5,29.5,29.5,29.5,115.0
2021-05-18 13:21:00,NSE:DELTAMAGNT,30.0,30.0,30.0,30.0,185.0
2021-05-18 13:45:00,NSE:DELTAMAGNT,29.5,29.5,29.5,29.5,100.0
2021-05-18 13:51:00,NSE:DELTAMAGNT,29.5,29.5,29.5,29.5,20.0
2021-05-18 13:57:00,NSE:DELTAMAGNT,29.95,29.95,29.95,29.95,18.0
2021-05-18 14:18:00,NSE:DELTAMAGNT,29.85,29.85,29.85,29.85,19.0
2021-05-18 14:21:00,NSE:DELTAMAGNT,29.85,29.85,29.85,29.85,6.0
2021-05-18 14:36:00,NSE:DELTAMAGNT,29.8,29.85,29.8,29.85,7.0
2021-05-18 15:00:00,NSE:DELTAMAGNT,29.85,29.85,29.85,29.85,99.0
2021-05-18 15:15:00,NSE:DELTAMAGNT,29.5,29.5,29.5,29.5,500.0
2021-05-18 15:27:00,NSE:DELTAMAGNT,29.5,29.85,29.5,29.85,35.0
2021-05-19 09:06:00,NSE:DELTAMAGNT,30.95,30.95,30.95,30.95,1000.0
2021-05-19 09:15:00,NSE:DELTAMAGNT,30.95,30.95,29.9,30.85,207.0
2021-05-19 09:18:00,NSE:DELTAMAGNT,30.75,30.9,29.9,30.05,1688.0
2021-05-19 09:24:00,NSE:DELTAMAGNT,30.1,30.25,30.1,30.25,64.0
2021-05-19 09:33:00,NSE:DELTAMAGNT,30.0,30.05,30.0,30.05,524.0
2021-05-19 09:36:00,NSE:DELTAMAGNT,30.0,30.7,30.0,30.7,44.0
2021-05-19 09:42:00,NSE:DELTAMAGNT,29.95,30.0,29.95,30.0,120.0
2021-05-19 09:48:00,NSE:DELTAMAGNT,30.0,30.0,30.0,30.0,60.0
2021-05-19 09:51:00,NSE:DELTAMAGNT,29.5,29.5,29.5,29.5,1000.0
2021-05-19 10:00:00,NSE:DELTAMAGNT,29.6,30.4,29.6,30.4,15.0
2021-05-19 10:15:00,NSE:DELTAMAGNT,29.65,29.65,29.65,29.65,10.0
2021-05-19 10:18:00,NSE:DELTAMAGNT,30.25,30.25,30.25,30.25,17.0
2021-05-19 10:24:00,NSE:DELTAMAGNT,29.7,30.35,29.65,30.35,90.0
2021-05-19 10:27:00,NSE:DELTAMAGNT,29.65,29.65,29.65,29.65,7.0
2021-05-19 10:48:00,NSE:DELTAMAGNT,29.7,29.7,29.7,29.7,700.0
2021-05-19 11:00:00,NSE:DELTAMAGNT,30.05,30.05,30.05,30.05,1.0
2021-05-19 11:03:00,NSE:DELTAMAGNT,29.65,29.65,29.65,29.65,40.0
2021-05-19 11:51:00,NSE:DELTAMAGNT,30.0,30.0,30.0,30.0,15.0
2021-05-19 12:00:00,NSE:DELTAMAGNT,30.0,30.0,30.0,30.0,100.0
2021-05-19 12:03:00,NSE:DELTAMAGNT,30.0,30.0,30.0,30.0,15.0
2021-05-19 12:06:00,NSE:DELTAMAGNT,30.0,30.0,30.0,30.0,80.0
2021-05-19 12:30:00,NSE:DELTAMAGNT,29.8,29.8,29.8,29.8,20.0
2021-05-19 12:51:00,NSE:DELTAMAGNT,29.7,29.7,29.7,29.7,10.0
2021-05-19 13:21:00,NSE:DELTAMAGNT,30.65,30.65,30.65,30.65,1000.0
2021-05-19 13:48:00,NSE:DELTAMAGNT,30.0,30.0,30.0,30.0,60.0
2021-05-19 13:57:00,NSE:DELTAMAGNT,30.05,30.05,30.05,30.05,80.0
2021-05-19 14:06:00,NSE:DELTAMAGNT,30.05,30.05,30.05,30.05,230.0
2021-05-19 14:12:00,NSE:DELTAMAGNT,30.0,30.0,29.7,29.7,63.0
2021-05-19 14:27:00,NSE:DELTAMAGNT,30.0,30.0,30.0,30.0,26.0
2021-05-19 14:36:00,NSE:DELTAMAGNT,30.0,30.0,30.0,30.0,2.0
2021-05-19 14:54:00,NSE:DELTAMAGNT,29.35,29.35,29.35,29.35,2.0
2021-05-19 15:09:00,NSE:DELTAMAGNT,30.0,30.0,30.0,30.0,47.0
2021-05-19 15:12:00,NSE:DELTAMAGNT,29.35,29.35,29.35,29.35,949.0
2021-05-19 15:21:00,NSE:DELTAMAGNT,29.95,29.95,29.95,29.95,50.0
2021-05-19 15:24:00,NSE:DELTAMAGNT,30.0,30.0,30.0,30.0,15.0
2021-05-19 15:27:00,NSE:DELTAMAGNT,29.25,29.25,29.25,29.25,124.0
2021-05-20 09:15:00,NSE:DELTAMAGNT,28.5,28.5,28.5,28.5,20.0
2021-05-20 09:30:00,NSE:DELTAMAGNT,28.95,29.0,28.95,28.95,100.0
2021-05-20 09:33:00,NSE:DELTAMAGNT,29.95,29.95,29.95,29.95,201.0
2021-05-20 10:42:00,NSE:DELTAMAGNT,29.1,29.1,29.1,29.1,1500.0
2021-05-20 10:45:00,NSE:DELTAMAGNT,29.15,29.15,29.15,29.15,46.0
2021-05-20 11:06:00,NSE:DELTAMAGNT,29.2,30.05,29.2,30.05,45.0
2021-05-20 11:12:00,NSE:DELTAMAGNT,30.05,30.05,30.05,30.05,3.0
2021-05-20 11:30:00,NSE:DELTAMAGNT,29.25,29.25,29.25,29.25,110.0
2021-05-20 11:48:00,NSE:DELTAMAGNT,29.25,29.25,29.25,29.25,46.0
2021-05-20 12:09:00,NSE:DELTAMAGNT,29.85,29.95,29.85,29.95,198.0
2021-05-20 12:12:00,NSE:DELTAMAGNT,29.8,29.85,29.8,29.85,49.0
2021-05-20 12:24:00,NSE:DELTAMAGNT,29.25,29.25,29.25,29.25,1203.0
2021-05-20 12:42:00,NSE:DELTAMAGNT,29.8,29.8,29.8,29.8,3.0
2021-05-20 12:45:00,NSE:DELTAMAGNT,29.85,29.85,29.85,29.85,90.0
2021-05-20 12:48:00,NSE:DELTAMAGNT,29.85,29.85,29.85,29.85,700.0
2021-05-20 13:03:00,NSE:DELTAMAGNT,29.4,29.4,29.4,29.4,2.0
2021-05-20 13:30:00,NSE:DELTAMAGNT,29.8,29.8,29.8,29.8,41.0
2021-05-20 13:42:00,NSE:DELTAMAGNT,29.4,29.4,29.4,29.4,34.0
2021-05-20 13:45:00,NSE:DELTAMAGNT,29.75,29.75,29.75,29.75,1.0
2021-05-20 14:33:00,NSE:DELTAMAGNT,29.4,29.4,29.4,29.4,39.0
2021-05-20 14:45:00,NSE:DELTAMAGNT,29.6,29.65,29.6,29.65,60.0
2021-05-20 15:00:00,NSE:DELTAMAGNT,29.8,29.8,29.8,29.8,15.0
2021-05-20 15:15:00,NSE:DELTAMAGNT,29.8,29.8,29.8,29.8,89.0
2021-05-20 15:18:00,NSE:DELTAMAGNT,29.5,29.5,29.5,29.5,1.0
2021-05-20 15:27:00,NSE:DELTAMAGNT,29.25,29.95,29.25,29.95,130.0
2021-05-21 09:30:00,NSE:DELTAMAGNT,29.4,29.45,29.3,29.3,900.0
2021-05-21 09:45:00,NSE:DELTAMAGNT,29.5,29.5,29.5,29.5,3.0
2021-05-21 09:57:00,NSE:DELTAMAGNT,30.35,30.35,30.35,30.35,1000.0
2021-05-21 10:18:00,NSE:DELTAMAGNT,29.5,29.5,29.5,29.5,170.0
2021-05-21 10:39:00,NSE:DELTAMAGNT,29.95,29.95,29.5,29.5,2.0
2021-05-21 10:48:00,NSE:DELTAMAGNT,29.95,29.95,29.95,29.95,15.0
2021-05-21 11:18:00,NSE:DELTAMAGNT,29.6,29.6,29.6,29.6,46.0
2021-05-21 11:24:00,NSE:DELTAMAGNT,29.6,29.6,29.6,29.6,100.0
2021-05-21 11:39:00,NSE:DELTAMAGNT,29.6,29.6,29.6,29.6,20.0
2021-05-21 11:42:00,NSE:DELTAMAGNT,29.65,29.65,29.65,29.65,30.0
2021-05-21 11:48:00,NSE:DELTAMAGNT,29.6,29.6,29.55,29.55,170.0
2021-05-21 12:00:00,NSE:DELTAMAGNT,29.9,29.9,29.9,29.9,5.0
2021-05-21 12:06:00,NSE:DELTAMAGNT,29.95,29.95,29.95,29.95,100.0
2021-05-21 12:33:00,NSE:DELTAMAGNT,29.9,29.9,29.9,29.9,2.0
2021-05-21 13:12:00,NSE:DELTAMAGNT,29.9,29.9,29.9,29.9,120.0
2021-05-21 13:15:00,NSE:DELTAMAGNT,29.6,29.6,29.6,29.6,2.0
2021-05-21 13:24:00,NSE:DELTAMAGNT,29.85,29.9,29.85,29.9,50.0
2021-05-21 13:30:00,NSE:DELTAMAGNT,29.9,29.9,29.9,29.9,1000.0
2021-05-21 13:33:00,NSE:DELTAMAGNT,30.0,30.0,30.0,30.0,200.0
2021-05-21 13:45:00,NSE:DELTAMAGNT,30.0,30.0,30.0,30.0,500.0
2021-05-21 14:27:00,NSE:DELTAMAGNT,29.45,29.5,29.45,29.5,110.0
2021-05-21 14:42:00,NSE:DELTAMAGNT,29.55,29.55,29.55,29.55,20.0
2021-05-21 15:00:00,NSE:DELTAMAGNT,29.55,29.55,29.55,29.55,66.0
2021-05-21 15:06:00,NSE:DELTAMAGNT,29.55,29.55,29.55,29.55,460.0
2021-05-21 15:18:00,NSE:DELTAMAGNT,29.65,29.65,29.65,29.65,19.0
2021-05-21 15:27:00,NSE:DELTAMAGNT,29.9,29.9,29.25,29.25,567.0
2021-05-24 09:15:00,NSE:DELTAMAGNT,30.25,30.25,30.25,30.25,10.0
2021-05-24 09:33:00,NSE:DELTAMAGNT,30.0,30.0,30.0,30.0,40.0
2021-05-24 09:39:00,NSE:DELTAMAGNT,29.4,29.4,29.4,29.4,20.0
2021-05-24 09:42:00,NSE:DELTAMAGNT,29.4,29.4,29.4,29.4,2760.0
2021-05-24 09:45:00,NSE:DELTAMAGNT,29.95,29.95,29.95,29.95,55.0
2021-05-24 09:48:00,NSE:DELTAMAGNT,30.0,30.0,29.5,29.95,101.0
2021-05-24 09:51:00,NSE:DELTAMAGNT,29.35,29.35,29.35,29.35,30.0
2021-05-24 10:27:00,NSE:DELTAMAGNT,29.45,29.45,29.4,29.4,100.0
2021-05-24 10:57:00,NSE:DELTAMAGNT,29.45,29.45,29.45,29.45,10.0
2021-05-24 11:15:00,NSE:DELTAMAGNT,29.45,29.45,29.45,29.45,43.0
2021-05-24 11:24:00,NSE:DELTAMAGNT,29.55,29.55,29.55,29.55,10.0
2021-05-24 11:42:00,NSE:DELTAMAGNT,29.35,29.7,29.35,29.7,47.0
2021-05-24 11:45:00,NSE:DELTAMAGNT,29.7,29.7,29.7,29.7,500.0
2021-05-24 11:51:00,NSE:DELTAMAGNT,29.35,29.4,29.35,29.4,200.0
2021-05-24 12:03:00,NSE:DELTAMAGNT,29.7,29.9,29.7,29.9,279.0
2021-05-24 12:12:00,NSE:DELTAMAGNT,29.9,29.9,29.9,29.9,45.0
2021-05-24 12:18:00,NSE:DELTAMAGNT,29.5,29.5,29.5,29.5,10.0
2021-05-24 12:54:00,NSE:DELTAMAGNT,29.9,29.9,29.9,29.9,99.0
2021-05-24 13:03:00,NSE:DELTAMAGNT,29.9,29.9,29.9,29.9,100.0
2021-05-24 13:06:00,NSE:DELTAMAGNT,29.9,29.9,29.9,29.9,5.0
2021-05-24 13:12:00,NSE:DELTAMAGNT,29.5,29.5,29.5,29.5,138.0
2021-05-24 13:39:00,NSE:DELTAMAGNT,29.5,29.5,29.5,29.5,500.0
2021-05-24 13:51:00,NSE:DELTAMAGNT,29.5,29.5,29.5,29.5,500.0
2021-05-24 13:54:00,NSE:DELTAMAGNT,29.5,29.5,29.5,29.5,150.0
2021-05-24 14:39:00,NSE:DELTAMAGNT,29.9,29.9,29.9,29.9,99.0
2021-05-24 15:09:00,NSE:DELTAMAGNT,29.8,29.8,29.8,29.8,10.0
2021-05-24 15:12:00,NSE:DELTAMAGNT,29.8,29.8,29.8,29.8,32.0
2021-05-24 15:24:00,NSE:DELTAMAGNT,29.75,29.75,29.7,29.7,130.0
2021-05-24 15:27:00,NSE:DELTAMAGNT,29.75,29.75,29.3,29.3,1990.0
2021-05-25 09:18:00,NSE:DELTAMAGNT,29.9,29.9,29.9,29.9,16.0
2021-05-25 09:30:00,NSE:DELTAMAGNT,29.9,29.9,29.85,29.9,100.0
2021-05-25 09:39:00,NSE:DELTAMAGNT,29.05,29.05,29.05,29.05,230.0
2021-05-25 09:45:00,NSE:DELTAMAGNT,29.3,29.3,29.3,29.3,125.0
2021-05-25 10:03:00,NSE:DELTAMAGNT,29.65,29.75,29.65,29.75,198.0
2021-05-25 10:06:00,NSE:DELTAMAGNT,29.75,29.75,29.75,29.75,23.0
2021-05-25 10:33:00,NSE:DELTAMAGNT,29.3,29.3,29.3,29.3,1.0
2021-05-25 10:36:00,NSE:DELTAMAGNT,29.7,29.7,29.7,29.7,27.0
2021-05-25 10:57:00,NSE:DELTAMAGNT,29.7,29.7,29.7,29.7,32.0
2021-05-25 11:24:00,NSE:DELTAMAGNT,29.2,29.2,29.1,29.1,97.0
2021-05-25 11:42:00,NSE:DELTAMAGNT,29.7,29.7,29.7,29.7,729.0
2021-05-25 11:45:00,NSE:DELTAMAGNT,29.65,29.65,29.65,29.65,2.0
2021-05-25 11:57:00,NSE:DELTAMAGNT,29.1,29.1,29.1,29.1,173.0
2021-05-25 12:03:00,NSE:DELTAMAGNT,29.2,29.2,29.2,29.2,32.0
2021-05-25 12:09:00,NSE:DELTAMAGNT,29.1,29.1,29.1,29.1,200.0
2021-05-25 12:12:00,NSE:DELTAMAGNT,29.1,29.1,29.1,29.1,21.0
2021-05-25 12:15:00,NSE:DELTAMAGNT,29.35,29.35,29.35,29.35,2.0
2021-05-25 12:21:00,NSE:DELTAMAGNT,29.6,29.6,29.6,29.6,100.0
2021-05-25 12:39:00,NSE:DELTAMAGNT,29.5,29.5,29.5,29.5,27.0
2021-05-25 12:42:00,NSE:DELTAMAGNT,29.5,29.5,29.5,29.5,1323.0
2021-05-25 13:09:00,NSE:DELTAMAGNT,29.2,29.2,29.15,29.15,148.0
2021-05-25 13:12:00,NSE:DELTAMAGNT,29.2,29.2,29.15,29.15,703.0
2021-05-25 13:18:00,NSE:DELTAMAGNT,29.2,29.2,29.2,29.2,10.0
2021-05-25 13:39:00,NSE:DELTAMAGNT,29.25,29.25,29.25,29.25,40.0
2021-05-25 13:51:00,NSE:DELTAMAGNT,29.55,29.55,29.55,29.55,1.0
2021-05-25 14:15:00,NSE:DELTAMAGNT,29.2,29.2,29.2,29.2,230.0
2021-05-25 14:51:00,NSE:DELTAMAGNT,29.15,29.15,29.15,29.15,288.0
2021-05-25 15:00:00,NSE:DELTAMAGNT,29.5,29.6,29.5,29.6,30.0
2021-05-25 15:27:00,NSE:DELTAMAGNT,29.7,29.7,29.7,29.7,47.0
2021-05-26 09:18:00,NSE:DELTAMAGNT,29.1,29.6,29.1,29.1,500.0
2021-05-26 09:30:00,NSE:DELTAMAGNT,29.3,29.3,29.3,29.3,46.0
2021-05-26 09:36:00,NSE:DELTAMAGNT,29.3,29.3,29.3,29.3,2.0
2021-05-26 09:42:00,NSE:DELTAMAGNT,30.15,30.15,30.15,30.15,10.0
2021-05-26 09:54:00,NSE:DELTAMAGNT,29.35,29.35,29.35,29.35,1.0
2021-05-26 10:24:00,NSE:DELTAMAGNT,30.0,30.0,30.0,30.0,77.0
2021-05-26 10:30:00,NSE:DELTAMAGNT,30.0,30.0,30.0,30.0,5.0
2021-05-26 10:39:00,NSE:DELTAMAGNT,29.95,29.95,29.95,29.95,100.0
2021-05-26 10:48:00,NSE:DELTAMAGNT,29.9,29.9,29.9,29.9,1.0
2021-05-26 11:09:00,NSE:DELTAMAGNT,29.9,29.9,29.9,29.9,5.0
2021-05-26 11:12:00,NSE:DELTAMAGNT,29.9,29.9,29.9,29.9,1.0
2021-05-26 11:33:00,NSE:DELTAMAGNT,29.9,29.9,29.9,29.9,17.0
2021-05-26 11:51:00,NSE:DELTAMAGNT,29.55,29.55,29.55,29.55,46.0
2021-05-26 11:54:00,NSE:DELTAMAGNT,29.55,29.55,29.55,29.55,1.0
2021-05-26 12:30:00,NSE:DELTAMAGNT,29.55,29.55,29.55,29.55,350.0
2021-05-26 12:36:00,NSE:DELTAMAGNT,30.0,30.0,30.0,30.0,1000.0
2021-05-26 12:42:00,NSE:DELTAMAGNT,29.6,29.6,29.6,29.6,63.0
2021-05-26 12:48:00,NSE:DELTAMAGNT,29.55,29.55,29.55,29.55,4.0
2021-05-26 13:06:00,NSE:DELTAMAGNT,29.55,29.55,29.55,29.55,46.0
2021-05-26 13:12:00,NSE:DELTAMAGNT,30.0,30.0,29.95,30.0,1132.0
2021-05-26 13:15:00,NSE:DELTAMAGNT,30.65,30.75,30.65,30.7,664.0
2021-05-26 13:18:00,NSE:DELTAMAGNT,31.0,31.0,31.0,31.0,2583.0
2021-05-26 13:24:00,NSE:DELTAMAGNT,30.95,31.0,30.95,31.0,20.0
2021-05-26 13:27:00,NSE:DELTAMAGNT,30.25,30.25,30.25,30.25,100.0
2021-05-26 13:36:00,NSE:DELTAMAGNT,30.5,30.5,30.5,30.5,240.0
2021-05-26 13:51:00,NSE:DELTAMAGNT,30.7,30.7,30.7,30.7,35.0
2021-05-26 14:00:00,NSE:DELTAMAGNT,30.5,30.6,30.5,30.6,520.0
2021-05-26 14:06:00,NSE:DELTAMAGNT,30.7,30.75,30.7,30.75,100.0
2021-05-26 14:09:00,NSE:DELTAMAGNT,30.75,31.0,30.75,31.0,1552.0
2021-05-26 14:12:00,NSE:DELTAMAGNT,31.0,31.0,31.0,31.0,1685.0
2021-05-26 14:18:00,NSE:DELTAMAGNT,31.05,31.05,31.05,31.05,364.0
2021-05-26 14:24:00,NSE:DELTAMAGNT,30.75,30.75,30.75,30.75,500.0
2021-05-26 14:27:00,NSE:DELTAMAGNT,31.0,31.0,31.0,31.0,10.0
2021-05-26 14:30:00,NSE:DELTAMAGNT,31.0,31.0,31.0,31.0,15.0
2021-05-26 14:33:00,NSE:DELTAMAGNT,31.05,31.05,31.05,31.05,191.0
2021-05-26 14:39:00,NSE:DELTAMAGNT,31.05,31.05,31.05,31.05,15.0
2021-05-26 14:48:00,NSE:DELTAMAGNT,31.05,31.05,31.0,31.0,500.0
2021-05-26 14:54:00,NSE:DELTAMAGNT,31.0,31.0,31.0,31.0,84.0
2021-05-26 14:57:00,NSE:DELTAMAGNT,31.0,31.0,31.0,31.0,6.0
2021-05-26 15:00:00,NSE:DELTAMAGNT,31.0,31.05,30.6,31.05,168.0
2021-05-26 15:09:00,NSE:DELTAMAGNT,30.6,30.6,30.6,30.6,40.0
2021-05-26 15:12:00,NSE:DELTAMAGNT,31.0,31.0,31.0,31.0,60.0
2021-05-26 15:15:00,NSE:DELTAMAGNT,31.0,31.0,31.0,31.0,5.0
2021-05-26 15:18:00,NSE:DELTAMAGNT,31.05,31.05,31.05,31.05,1000.0
2021-05-26 15:21:00,NSE:DELTAMAGNT,31.05,31.05,30.6,30.6,270.0
2021-05-26 15:27:00,NSE:DELTAMAGNT,31.0,31.0,30.65,30.65,100.0
2021-05-27 09:21:00,NSE:DELTAMAGNT,31.6,31.85,30.95,30.95,481.0
2021-05-27 09:27:00,NSE:DELTAMAGNT,31.0,31.0,31.0,31.0,300.0
2021-05-27 09:30:00,NSE:DELTAMAGNT,31.4,31.4,31.4,31.4,28.0
2021-05-27 09:33:00,NSE:DELTAMAGNT,30.7,30.7,30.7,30.7,150.0
2021-05-27 09:36:00,NSE:DELTAMAGNT,30.45,31.9,30.35,31.75,2164.0
2021-05-27 09:45:00,NSE:DELTAMAGNT,31.7,31.7,31.7,31.7,250.0
2021-05-27 09:48:00,NSE:DELTAMAGNT,32.0,32.0,32.0,32.0,1000.0
2021-05-27 09:57:00,NSE:DELTAMAGNT,31.95,31.95,31.95,31.95,200.0
2021-05-27 10:00:00,NSE:DELTAMAGNT,31.7,31.7,31.7,31.7,20.0
2021-05-27 10:06:00,NSE:DELTAMAGNT,31.75,31.9,31.75,31.9,100.0
2021-05-27 10:09:00,NSE:DELTAMAGNT,31.65,31.65,31.65,31.65,21.0
2021-05-27 10:18:00,NSE:DELTAMAGNT,31.6,31.6,31.3,31.3,13.0
2021-05-27 10:21:00,NSE:DELTAMAGNT,31.75,31.75,31.75,31.75,40.0
2021-05-27 10:24:00,NSE:DELTAMAGNT,31.9,31.95,31.9,31.95,500.0
2021-05-27 10:27:00,NSE:DELTAMAGNT,31.25,31.25,31.2,31.2,200.0
2021-05-27 10:30:00,NSE:DELTAMAGNT,31.75,31.75,31.75,31.75,1.0
2021-05-27 10:39:00,NSE:DELTAMAGNT,31.25,31.25,31.25,31.25,15.0
2021-05-27 10:48:00,NSE:DELTAMAGNT,31.25,31.25,31.25,31.25,41.0
2021-05-27 10:54:00,NSE:DELTAMAGNT,31.75,31.85,31.75,31.85,200.0
2021-05-27 11:00:00,NSE:DELTAMAGNT,32.0,32.0,32.0,32.0,1000.0
2021-05-27 11:12:00,NSE:DELTAMAGNT,31.9,32.35,31.9,32.35,321.0
2021-05-27 11:15:00,NSE:DELTAMAGNT,32.3,32.3,32.3,32.3,25.0
2021-05-27 11:18:00,NSE:DELTAMAGNT,32.0,32.0,32.0,32.0,13.0
2021-05-27 11:21:00,NSE:DELTAMAGNT,31.95,31.95,31.95,31.95,5.0
2021-05-27 11:30:00,NSE:DELTAMAGNT,31.5,31.5,31.5,31.5,11.0
2021-05-27 11:36:00,NSE:DELTAMAGNT,31.5,31.5,31.5,31.5,2.0
2021-05-27 11:39:00,NSE:DELTAMAGNT,31.85,31.85,31.85,31.85,35.0
2021-05-27 11:42:00,NSE:DELTAMAGNT,31.85,31.85,31.85,31.85,1.0
2021-05-27 11:54:00,NSE:DELTAMAGNT,31.6,31.6,31.6,31.6,1.0
2021-05-27 11:57:00,NSE:DELTAMAGNT,31.6,31.6,31.6,31.6,125.0
2021-05-27 12:03:00,NSE:DELTAMAGNT,31.85,31.85,31.65,31.65,84.0
2021-05-27 12:06:00,NSE:DELTAMAGNT,31.85,31.85,31.65,31.65,504.0
2021-05-27 12:18:00,NSE:DELTAMAGNT,31.85,31.85,31.85,31.85,72.0
2021-05-27 12:24:00,NSE:DELTAMAGNT,31.9,31.9,31.7,31.7,103.0
2021-05-27 12:27:00,NSE:DELTAMAGNT,31.7,31.7,31.7,31.7,1253.0
2021-05-27 12:45:00,NSE:DELTAMAGNT,31.7,31.7,31.7,31.7,8.0
2021-05-27 12:48:00,NSE:DELTAMAGNT,31.7,31.7,31.7,31.7,26.0
2021-05-27 12:51:00,NSE:DELTAMAGNT,32.0,32.0,31.7,32.0,270.0
2021-05-27 12:54:00,NSE:DELTAMAGNT,32.0,32.0,32.0,32.0,300.0
2021-05-27 12:57:00,NSE:DELTAMAGNT,32.0,32.3,32.0,32.3,1034.0
2021-05-27 13:00:00,NSE:DELTAMAGNT,32.4,32.4,31.85,31.9,2177.0
2021-05-27 13:03:00,NSE:DELTAMAGNT,32.3,32.3,32.3,32.3,40.0
2021-05-27 13:09:00,NSE:DELTAMAGNT,32.4,32.45,32.4,32.4,1316.0
2021-05-27 13:15:00,NSE:DELTAMAGNT,32.45,32.45,32.45,32.45,44.0
2021-05-27 13:18:00,NSE:DELTAMAGNT,32.4,32.4,32.4,32.4,249.0
2021-05-27 13:21:00,NSE:DELTAMAGNT,32.05,32.05,32.05,32.05,23.0
2021-05-27 13:24:00,NSE:DELTAMAGNT,32.4,32.4,32.4,32.4,189.0
2021-05-27 13:27:00,NSE:DELTAMAGNT,32.4,32.4,32.4,32.4,1001.0
2021-05-27 13:30:00,NSE:DELTAMAGNT,32.4,32.4,32.4,32.4,5.0
2021-05-27 13:42:00,NSE:DELTAMAGNT,32.4,32.4,32.4,32.4,8.0
2021-05-27 13:57:00,NSE:DELTAMAGNT,32.1,32.1,32.1,32.1,30.0
2021-05-27 14:00:00,NSE:DELTAMAGNT,32.4,32.4,32.1,32.1,10.0
2021-05-27 14:03:00,NSE:DELTAMAGNT,32.4,32.4,32.4,32.4,122.0
2021-05-27 14:06:00,NSE:DELTAMAGNT,32.1,32.1,32.1,32.1,350.0
2021-05-27 14:09:00,NSE:DELTAMAGNT,32.35,32.35,32.35,32.35,15.0
2021-05-27 14:15:00,NSE:DELTAMAGNT,32.1,32.1,32.05,32.05,920.0
2021-05-27 14:21:00,NSE:DELTAMAGNT,32.05,32.05,32.05,32.05,46.0
2021-05-27 14:27:00,NSE:DELTAMAGNT,32.05,32.05,32.05,32.05,1.0
2021-05-27 14:30:00,NSE:DELTAMAGNT,32.2,32.35,32.2,32.35,1090.0
2021-05-27 14:36:00,NSE:DELTAMAGNT,32.35,32.35,32.35,32.35,1.0
2021-05-27 14:42:00,NSE:DELTAMAGNT,32.1,32.1,32.1,32.1,113.0
2021-05-27 14:48:00,NSE:DELTAMAGNT,32.3,32.3,32.3,32.3,25.0
2021-05-27 14:57:00,NSE:DELTAMAGNT,32.1,32.1,32.1,32.1,75.0
2021-05-27 15:00:00,NSE:DELTAMAGNT,32.05,32.05,31.85,31.85,1283.0
2021-05-27 15:03:00,NSE:DELTAMAGNT,32.45,32.45,32.45,32.45,1275.0
2021-05-27 15:06:00,NSE:DELTAMAGNT,32.05,32.05,32.05,32.05,12.0
2021-05-27 15:15:00,NSE:DELTAMAGNT,32.0,32.0,32.0,32.0,600.0
2021-05-27 15:18:00,NSE:DELTAMAGNT,32.0,32.0,31.85,31.85,505.0
2021-05-27 15:24:00,NSE:DELTAMAGNT,32.35,32.35,32.35,32.35,14.0
2021-05-27 15:27:00,NSE:DELTAMAGNT,32.35,32.35,32.0,32.0,272.0
2021-05-28 09:15:00,NSE:DELTAMAGNT,32.45,32.45,32.45,32.45,50.0
2021-05-28 09:18:00,NSE:DELTAMAGNT,32.9,32.9,32.9,32.9,250.0
2021-05-28 09:21:00,NSE:DELTAMAGNT,32.9,32.9,32.9,32.9,905.0
2021-05-28 09:24:00,NSE:DELTAMAGNT,33.25,33.25,33.25,33.25,1150.0
2021-05-28 09:27:00,NSE:DELTAMAGNT,33.3,33.3,33.25,33.25,1613.0
2021-05-28 09:30:00,NSE:DELTAMAGNT,33.25,33.25,32.9,32.9,1028.0
2021-05-28 09:33:00,NSE:DELTAMAGNT,32.9,32.9,32.9,32.9,6.0
2021-05-28 09:39:00,NSE:DELTAMAGNT,32.9,32.9,32.9,32.9,6.0
2021-05-28 09:42:00,NSE:DELTAMAGNT,32.9,32.9,32.9,32.9,2.0
2021-05-28 09:45:00,NSE:DELTAMAGNT,33.35,33.35,33.35,33.35,1000.0
2021-05-28 09:54:00,NSE:DELTAMAGNT,33.35,33.35,33.35,33.35,500.0
2021-05-28 09:57:00,NSE:DELTAMAGNT,33.55,33.55,33.55,33.55,1000.0
2021-05-28 10:15:00,NSE:DELTAMAGNT,33.2,33.2,33.2,33.2,7.0
2021-05-28 10:24:00,NSE:DELTAMAGNT,32.75,32.75,32.75,32.75,200.0
2021-05-28 10:27:00,NSE:DELTAMAGNT,32.5,32.5,32.5,32.5,10.0
2021-05-28 10:42:00,NSE:DELTAMAGNT,32.55,32.85,32.55,32.85,145.0
2021-05-28 10:51:00,NSE:DELTAMAGNT,33.0,33.2,33.0,33.2,725.0
2021-05-28 11:00:00,NSE:DELTAMAGNT,32.55,32.55,32.55,32.55,199.0
2021-05-28 11:03:00,NSE:DELTAMAGNT,32.5,32.5,32.1,32.25,914.0
2021-05-28 11:06:00,NSE:DELTAMAGNT,33.0,33.15,33.0,33.15,55.0
2021-05-28 11:15:00,NSE:DELTAMAGNT,33.0,33.0,33.0,33.0,100.0
2021-05-28 11:24:00,NSE:DELTAMAGNT,32.4,32.4,32.1,32.1,264.0
2021-05-28 11:30:00,NSE:DELTAMAGNT,32.85,32.85,32.85,32.85,31.0
2021-05-28 11:51:00,NSE:DELTAMAGNT,32.85,32.85,32.85,32.85,1.0
2021-05-28 12:12:00,NSE:DELTAMAGNT,32.85,32.85,32.85,32.85,100.0
2021-05-28 12:33:00,NSE:DELTAMAGNT,32.8,32.8,32.8,32.8,300.0
2021-05-28 13:00:00,NSE:DELTAMAGNT,32.8,32.8,32.75,32.75,443.0
2021-05-28 13:12:00,NSE:DELTAMAGNT,32.75,32.75,32.75,32.75,20.0
2021-05-28 13:15:00,NSE:DELTAMAGNT,32.5,32.5,32.5,32.5,50.0
2021-05-28 13:33:00,NSE:DELTAMAGNT,32.35,32.35,32.35,32.35,46.0
2021-05-28 13:42:00,NSE:DELTAMAGNT,32.35,32.35,32.35,32.35,3.0
2021-05-28 13:45:00,NSE:DELTAMAGNT,32.4,32.4,32.4,32.4,150.0
2021-05-28 13:57:00,NSE:DELTAMAGNT,32.35,32.35,32.35,32.35,205.0
2021-05-28 14:06:00,NSE:DELTAMAGNT,32.5,32.5,32.5,32.5,11.0
2021-05-28 14:21:00,NSE:DELTAMAGNT,32.5,32.5,32.5,32.5,50.0
2021-05-28 14:24:00,NSE:DELTAMAGNT,32.5,32.5,32.5,32.5,45.0
2021-05-28 14:30:00,NSE:DELTAMAGNT,32.5,32.5,32.5,32.5,37.0
2021-05-28 14:45:00,NSE:DELTAMAGNT,32.5,32.5,32.5,32.5,39.0
2021-05-28 14:48:00,NSE:DELTAMAGNT,32.15,32.15,32.15,32.15,50.0
2021-05-28 14:51:00,NSE:DELTAMAGNT,32.15,32.15,32.15,32.15,250.0
2021-05-28 14:57:00,NSE:DELTAMAGNT,32.4,32.4,32.4,32.4,161.0
2021-05-28 15:00:00,NSE:DELTAMAGNT,32.2,32.75,32.2,32.75,1270.0
2021-05-28 15:03:00,NSE:DELTAMAGNT,32.1,32.1,32.1,32.1,120.0
2021-05-28 15:15:00,NSE:DELTAMAGNT,32.2,32.2,32.2,32.2,45.0
2021-05-28 15:18:00,NSE:DELTAMAGNT,32.0,32.0,32.0,32.0,844.0
2021-05-28 15:21:00,NSE:DELTAMAGNT,32.0,32.0,32.0,32.0,1091.0
2021-05-28 15:24:00,NSE:DELTAMAGNT,32.0,32.0,31.55,31.55,179.0
2021-05-28 15:27:00,NSE:DELTAMAGNT,31.7,31.7,31.7,31.7,199.0
2021-05-28 15:54:00,NSE:DELTAMAGNT,32.2,32.2,32.2,32.2,7.0
2021-05-31 09:06:00,NSE:DELTAMAGNT,33.8,33.8,33.8,33.8,5000.0
2021-05-31 09:15:00,NSE:DELTAMAGNT,33.8,33.8,33.8,33.8,4110.0
2021-05-31 09:18:00,NSE:DELTAMAGNT,33.8,33.8,33.8,33.8,5.0
2021-05-31 09:21:00,NSE:DELTAMAGNT,33.8,33.8,33.8,33.8,2000.0
2021-05-31 09:30:00,NSE:DELTAMAGNT,33.8,33.8,33.8,33.8,349.0
2021-05-31 09:33:00,NSE:DELTAMAGNT,33.8,33.8,33.8,33.8,100.0
2021-05-31 09:54:00,NSE:DELTAMAGNT,33.8,33.8,33.8,33.8,45.0
2021-05-31 09:57:00,NSE:DELTAMAGNT,33.8,33.8,33.8,33.8,790.0
2021-05-31 10:09:00,NSE:DELTAMAGNT,33.8,33.8,33.8,33.8,904.0
2021-05-31 10:18:00,NSE:DELTAMAGNT,33.8,33.8,33.8,33.8,1.0
2021-05-31 10:21:00,NSE:DELTAMAGNT,33.8,33.8,33.8,33.8,2.0
2021-05-31 10:42:00,NSE:DELTAMAGNT,33.8,33.8,33.8,33.8,1.0
2021-05-31 10:45:00,NSE:DELTAMAGNT,33.8,33.8,33.8,33.8,200.0
2021-05-31 10:48:00,NSE:DELTAMAGNT,33.8,33.8,33.8,33.8,80.0
2021-05-31 10:51:00,NSE:DELTAMAGNT,33.8,33.8,33.8,33.8,1002.0
2021-05-31 10:57:00,NSE:DELTAMAGNT,33.8,33.8,33.8,33.8,74.0
2021-05-31 11:00:00,NSE:DELTAMAGNT,33.8,33.8,33.8,33.8,6.0
2021-05-31 11:21:00,NSE:DELTAMAGNT,33.8,33.8,33.8,33.8,25.0
2021-05-31 11:45:00,NSE:DELTAMAGNT,33.8,33.8,33.8,33.8,10.0
2021-05-31 11:57:00,NSE:DELTAMAGNT,33.8,33.8,33.8,33.8,5.0
2021-05-31 12:00:00,NSE:DELTAMAGNT,33.8,33.8,33.8,33.8,718.0
2021-05-31 12:45:00,NSE:DELTAMAGNT,33.8,33.8,33.8,33.8,50.0
2021-05-31 12:51:00,NSE:DELTAMAGNT,33.8,33.8,33.8,33.8,3.0
2021-05-31 13:09:00,NSE:DELTAMAGNT,33.8,33.8,33.8,33.8,53.0
2021-05-31 13:15:00,NSE:DELTAMAGNT,33.8,33.8,33.8,33.8,115.0
2021-05-31 13:24:00,NSE:DELTAMAGNT,33.8,33.8,33.8,33.8,50.0
2021-05-31 14:30:00,NSE:DELTAMAGNT,33.8,33.8,33.8,33.8,200.0
2021-05-31 14:42:00,NSE:DELTAMAGNT,33.8,33.8,33.8,33.8,1.0
2021-05-31 14:57:00,NSE:DELTAMAGNT,33.8,33.8,33.8,33.8,40.0
2021-05-31 15:27:00,NSE:DELTAMAGNT,33.8,33.8,33.8,33.8,113.0
2021-06-01 09:06:00,NSE:DELTAMAGNT,35.45,35.45,35.45,35.45,1887.0
2021-06-01 09:15:00,NSE:DELTAMAGNT,35.45,35.45,35.45,35.45,154.0
2021-06-01 09:18:00,NSE:DELTAMAGNT,35.45,35.45,34.85,34.9,22511.0
2021-06-01 09:21:00,NSE:DELTAMAGNT,34.9,34.9,34.35,34.8,773.0
2021-06-01 09:24:00,NSE:DELTAMAGNT,34.8,34.8,34.0,34.35,1108.0
2021-06-01 09:27:00,NSE:DELTAMAGNT,34.0,34.0,33.6,33.65,1665.0
2021-06-01 09:30:00,NSE:DELTAMAGNT,34.0,34.0,33.65,34.0,181.0
2021-06-01 09:33:00,NSE:DELTAMAGNT,33.95,33.95,33.95,33.95,180.0
2021-06-01 09:36:00,NSE:DELTAMAGNT,33.65,33.65,33.65,33.65,46.0
2021-06-01 09:39:00,NSE:DELTAMAGNT,34.0,34.0,33.65,33.65,1110.0
2021-06-01 09:42:00,NSE:DELTAMAGNT,33.95,33.95,33.95,33.95,53.0
2021-06-01 10:06:00,NSE:DELTAMAGNT,33.8,33.8,33.8,33.8,9.0
2021-06-01 10:09:00,NSE:DELTAMAGNT,33.75,33.75,33.65,33.65,117.0
2021-06-01 10:15:00,NSE:DELTAMAGNT,33.0,33.0,32.65,32.65,951.0
2021-06-01 10:21:00,NSE:DELTAMAGNT,33.6,33.6,32.7,32.7,51.0
2021-06-01 10:36:00,NSE:DELTAMAGNT,33.05,33.05,33.05,33.05,9.0
2021-06-01 10:42:00,NSE:DELTAMAGNT,33.3,33.3,33.0,33.3,173.0
2021-06-01 10:45:00,NSE:DELTAMAGNT,33.3,33.3,33.3,33.3,259.0
2021-06-01 10:48:00,NSE:DELTAMAGNT,33.25,33.25,33.25,33.25,21.0
2021-06-01 10:51:00,NSE:DELTAMAGNT,33.05,33.6,33.05,33.6,1280.0
2021-06-01 10:54:00,NSE:DELTAMAGNT,33.5,33.65,33.5,33.65,487.0
2021-06-01 10:57:00,NSE:DELTAMAGNT,34.15,34.15,34.15,34.15,1.0
2021-06-01 11:06:00,NSE:DELTAMAGNT,34.15,34.15,34.15,34.15,100.0
2021-06-01 11:12:00,NSE:DELTAMAGNT,34.5,34.5,34.5,34.5,656.0
2021-06-01 11:27:00,NSE:DELTAMAGNT,34.5,34.5,34.5,34.5,10.0
2021-06-01 11:30:00,NSE:DELTAMAGNT,34.6,34.6,34.6,34.6,200.0
2021-06-01 11:36:00,NSE:DELTAMAGNT,34.5,34.5,34.5,34.5,9.0
2021-06-01 11:51:00,NSE:DELTAMAGNT,34.45,34.45,34.45,34.45,150.0
2021-06-01 11:57:00,NSE:DELTAMAGNT,33.55,33.55,33.55,33.55,400.0
2021-06-01 12:06:00,NSE:DELTAMAGNT,33.35,33.35,33.35,33.35,950.0
2021-06-01 12:09:00,NSE:DELTAMAGNT,33.7,33.7,33.7,33.7,114.0
2021-06-01 12:12:00,NSE:DELTAMAGNT,33.2,34.9,33.2,34.9,4076.0
2021-06-01 12:15:00,NSE:DELTAMAGNT,34.9,34.9,33.65,33.65,601.0
2021-06-01 12:18:00,NSE:DELTAMAGNT,33.7,33.7,33.7,33.7,50.0
2021-06-01 12:24:00,NSE:DELTAMAGNT,34.35,34.85,34.35,34.85,803.0
2021-06-01 12:27:00,NSE:DELTAMAGNT,34.55,34.95,34.55,34.95,1550.0
2021-06-01 12:30:00,NSE:DELTAMAGNT,34.95,35.2,34.95,35.2,2294.0
2021-06-01 12:33:00,NSE:DELTAMAGNT,34.75,35.3,34.75,35.3,1723.0
2021-06-01 12:36:00,NSE:DELTAMAGNT,35.3,35.35,35.2,35.2,375.0
2021-06-01 12:42:00,NSE:DELTAMAGNT,34.55,35.15,34.55,35.15,82.0
2021-06-01 12:45:00,NSE:DELTAMAGNT,35.15,35.15,35.15,35.15,1.0
2021-06-01 12:57:00,NSE:DELTAMAGNT,34.95,34.95,34.95,34.95,1.0
2021-06-01 13:03:00,NSE:DELTAMAGNT,34.4,34.4,34.4,34.4,132.0
2021-06-01 13:06:00,NSE:DELTAMAGNT,34.5,34.5,34.5,34.5,84.0
2021-06-01 13:09:00,NSE:DELTAMAGNT,34.55,34.55,34.55,34.55,80.0
2021-06-01 13:12:00,NSE:DELTAMAGNT,34.6,34.6,34.6,34.6,100.0
2021-06-01 13:15:00,NSE:DELTAMAGNT,34.6,34.6,34.6,34.6,25.0
2021-06-01 13:18:00,NSE:DELTAMAGNT,34.9,34.95,34.9,34.95,56.0
2021-06-01 13:21:00,NSE:DELTAMAGNT,34.9,34.9,34.9,34.9,1536.0
2021-06-01 13:24:00,NSE:DELTAMAGNT,34.9,34.9,34.9,34.9,169.0
2021-06-01 13:27:00,NSE:DELTAMAGNT,34.7,34.85,34.7,34.85,64.0
2021-06-01 13:30:00,NSE:DELTAMAGNT,34.85,34.85,34.85,34.85,26.0
2021-06-01 13:48:00,NSE:DELTAMAGNT,34.85,34.85,34.7,34.7,500.0
2021-06-01 14:03:00,NSE:DELTAMAGNT,34.6,34.6,34.6,34.6,61.0
2021-06-01 14:06:00,NSE:DELTAMAGNT,34.9,34.9,34.9,34.9,1.0
2021-06-01 14:12:00,NSE:DELTAMAGNT,34.9,34.9,34.9,34.9,100.0
2021-06-01 14:15:00,NSE:DELTAMAGNT,34.9,34.9,34.9,34.9,1.0
2021-06-01 14:18:00,NSE:DELTAMAGNT,34.55,34.55,34.55,34.55,200.0
2021-06-01 14:21:00,NSE:DELTAMAGNT,34.9,34.9,34.9,34.9,10.0
2021-06-01 14:27:00,NSE:DELTAMAGNT,34.55,34.9,34.55,34.9,905.0
2021-06-01 14:36:00,NSE:DELTAMAGNT,34.9,34.9,34.9,34.9,1998.0
2021-06-01 14:39:00,NSE:DELTAMAGNT,34.9,34.9,34.55,34.55,1300.0
2021-06-01 14:42:00,NSE:DELTAMAGNT,34.55,34.55,34.5,34.5,78.0
2021-06-01 14:45:00,NSE:DELTAMAGNT,34.9,34.9,34.9,34.9,67.0
2021-06-01 14:48:00,NSE:DELTAMAGNT,34.55,34.55,34.5,34.5,641.0
2021-06-01 14:57:00,NSE:DELTAMAGNT,34.5,34.5,34.5,34.5,1.0
2021-06-01 15:12:00,NSE:DELTAMAGNT,34.5,34.5,34.5,34.5,50.0
2021-06-01 15:15:00,NSE:DELTAMAGNT,34.5,34.5,34.5,34.5,225.0
2021-06-01 15:18:00,NSE:DELTAMAGNT,34.4,34.5,34.4,34.5,1345.0
2021-06-01 15:21:00,NSE:DELTAMAGNT,34.65,34.95,34.5,34.5,656.0
2021-06-01 15:24:00,NSE:DELTAMAGNT,34.55,34.55,34.55,34.55,200.0
2021-06-01 15:27:00,NSE:DELTAMAGNT,34.95,35.15,34.95,35.15,2594.0
2021-06-02 09:06:00,NSE:DELTAMAGNT,36.3,36.3,36.3,36.3,1451.0
2021-06-02 09:15:00,NSE:DELTAMAGNT,36.3,36.4,35.2,36.35,3469.0
2021-06-02 09:18:00,NSE:DELTAMAGNT,36.3,36.45,36.3,36.45,2700.0
2021-06-02 09:21:00,NSE:DELTAMAGNT,36.45,36.45,36.45,36.45,2608.0
2021-06-02 09:24:00,NSE:DELTAMAGNT,36.45,36.45,36.45,36.45,2500.0
2021-06-02 09:30:00,NSE:DELTAMAGNT,36.45,36.45,36.45,36.45,1700.0
2021-06-02 09:36:00,NSE:DELTAMAGNT,36.45,36.45,36.45,36.45,5.0
2021-06-02 09:45:00,NSE:DELTAMAGNT,36.45,36.45,36.45,36.45,75.0
2021-06-02 09:48:00,NSE:DELTAMAGNT,36.45,36.45,36.45,36.45,546.0
2021-06-02 10:00:00,NSE:DELTAMAGNT,36.45,36.45,36.45,36.45,600.0
2021-06-02 10:15:00,NSE:DELTAMAGNT,36.45,36.45,36.45,36.45,207.0
2021-06-02 10:33:00,NSE:DELTAMAGNT,36.45,36.45,36.45,36.45,30.0
2021-06-02 10:36:00,NSE:DELTAMAGNT,36.45,36.45,36.45,36.45,120.0
2021-06-02 10:39:00,NSE:DELTAMAGNT,36.45,36.45,36.45,36.45,20.0
2021-06-02 11:27:00,NSE:DELTAMAGNT,36.45,36.45,36.45,36.45,30.0
2021-06-02 12:12:00,NSE:DELTAMAGNT,36.45,36.45,36.45,36.45,912.0
2021-06-02 12:15:00,NSE:DELTAMAGNT,36.45,36.45,36.45,36.45,13.0
2021-06-02 13:15:00,NSE:DELTAMAGNT,36.45,36.45,36.45,36.45,311.0
2021-06-02 13:33:00,NSE:DELTAMAGNT,36.45,36.45,36.45,36.45,92.0
2021-06-02 14:00:00,NSE:DELTAMAGNT,36.45,36.45,36.45,36.45,150.0
2021-06-02 14:21:00,NSE:DELTAMAGNT,36.45,36.45,36.45,36.45,100.0
2021-06-02 14:24:00,NSE:DELTAMAGNT,36.45,36.45,36.45,36.45,305.0
2021-06-02 14:27:00,NSE:DELTAMAGNT,36.45,36.45,36.45,36.45,92.0
2021-06-02 15:06:00,NSE:DELTAMAGNT,36.45,36.45,36.45,36.45,5.0
2021-06-02 15:12:00,NSE:DELTAMAGNT,36.45,36.45,36.45,36.45,100.0
2021-06-02 15:27:00,NSE:DELTAMAGNT,36.45,36.45,36.45,36.45,99.0
2021-06-03 09:06:00,NSE:DELTAMAGNT,38.25,38.25,38.25,38.25,1714.0
2021-06-03 09:15:00,NSE:DELTAMAGNT,38.0,38.25,38.0,38.25,11880.0
2021-06-03 09:18:00,NSE:DELTAMAGNT,38.25,38.25,38.1,38.25,1685.0
2021-06-03 09:21:00,NSE:DELTAMAGNT,38.25,38.25,38.25,38.25,892.0
2021-06-03 09:24:00,NSE:DELTAMAGNT,38.25,38.25,38.25,38.25,553.0
2021-06-03 09:27:00,NSE:DELTAMAGNT,38.0,38.0,38.0,38.0,3647.0
2021-06-03 09:30:00,NSE:DELTAMAGNT,38.25,38.25,38.25,38.25,894.0
2021-06-03 09:36:00,NSE:DELTAMAGNT,38.25,38.25,38.25,38.25,1500.0
2021-06-03 09:39:00,NSE:DELTAMAGNT,38.25,38.25,38.25,38.25,31.0
2021-06-03 09:45:00,NSE:DELTAMAGNT,38.25,38.25,38.0,38.25,1794.0
2021-06-03 09:48:00,NSE:DELTAMAGNT,38.0,38.25,38.0,38.25,2445.0
2021-06-03 09:54:00,NSE:DELTAMAGNT,38.25,38.25,38.25,38.25,1953.0
2021-06-03 09:57:00,NSE:DELTAMAGNT,38.25,38.25,38.25,38.25,47.0
2021-06-03 10:06:00,NSE:DELTAMAGNT,38.25,38.25,38.25,38.25,100.0
2021-06-03 10:12:00,NSE:DELTAMAGNT,38.25,38.25,38.25,38.25,2.0
2021-06-03 10:18:00,NSE:DELTAMAGNT,38.25,38.25,38.25,38.25,1.0
2021-06-03 10:27:00,NSE:DELTAMAGNT,38.25,38.25,38.25,38.25,407.0
2021-06-03 10:30:00,NSE:DELTAMAGNT,38.25,38.25,38.25,38.25,1000.0
2021-06-03 10:36:00,NSE:DELTAMAGNT,38.25,38.25,38.25,38.25,300.0
2021-06-03 10:45:00,NSE:DELTAMAGNT,38.25,38.25,38.25,38.25,25.0
2021-06-03 10:51:00,NSE:DELTAMAGNT,38.25,38.25,38.25,38.25,200.0
2021-06-03 10:57:00,NSE:DELTAMAGNT,38.25,38.25,38.25,38.25,120.0
2021-06-03 11:21:00,NSE:DELTAMAGNT,38.25,38.25,38.25,38.25,100.0
2021-06-03 11:33:00,NSE:DELTAMAGNT,38.25,38.25,38.25,38.25,5.0
2021-06-03 11:54:00,NSE:DELTAMAGNT,38.25,38.25,38.25,38.25,23.0
2021-06-03 12:06:00,NSE:DELTAMAGNT,38.25,38.25,38.25,38.25,2.0
2021-06-03 12:09:00,NSE:DELTAMAGNT,38.25,38.25,38.25,38.25,20.0
2021-06-03 12:12:00,NSE:DELTAMAGNT,38.25,38.25,38.25,38.25,250.0
2021-06-03 12:51:00,NSE:DELTAMAGNT,38.25,38.25,38.25,38.25,1.0
2021-06-03 13:12:00,NSE:DELTAMAGNT,38.25,38.25,38.25,38.25,25.0
2021-06-03 13:21:00,NSE:DELTAMAGNT,38.25,38.25,38.25,38.25,20.0
2021-06-03 15:00:00,NSE:DELTAMAGNT,38.25,38.25,38.25,38.25,298.0
2021-06-03 15:15:00,NSE:DELTAMAGNT,38.25,38.25,38.25,38.25,1.0
2021-06-03 15:18:00,NSE:DELTAMAGNT,38.25,38.25,38.25,38.25,11.0
2021-06-03 15:24:00,NSE:DELTAMAGNT,38.25,38.25,38.25,38.25,20.0
2021-06-04 09:06:00,NSE:DELTAMAGNT,40.15,40.15,40.15,40.15,755.0
2021-06-04 09:15:00,NSE:DELTAMAGNT,40.15,40.15,40.0,40.0,2060.0
2021-06-04 09:18:00,NSE:DELTAMAGNT,40.15,40.15,40.15,40.15,87.0
2021-06-04 09:21:00,NSE:DELTAMAGNT,40.15,40.15,40.0,40.0,688.0
2021-06-04 09:24:00,NSE:DELTAMAGNT,40.15,40.15,40.05,40.05,759.0
2021-06-04 09:27:00,NSE:DELTAMAGNT,40.05,40.05,40.05,40.05,50.0
2021-06-04 09:30:00,NSE:DELTAMAGNT,40.05,40.15,40.05,40.15,168.0
2021-06-04 09:33:00,NSE:DELTAMAGNT,40.15,40.15,40.15,40.15,83.0
2021-06-04 09:36:00,NSE:DELTAMAGNT,40.15,40.15,40.05,40.05,1153.0
2021-06-04 09:39:00,NSE:DELTAMAGNT,40.15,40.15,40.15,40.15,800.0
2021-06-04 09:42:00,NSE:DELTAMAGNT,38.9,40.15,38.6,38.7,2500.0
2021-06-04 09:45:00,NSE:DELTAMAGNT,38.75,39.8,38.75,39.8,1160.0
2021-06-04 09:48:00,NSE:DELTAMAGNT,39.8,40.1,39.8,40.1,850.0
2021-06-04 09:51:00,NSE:DELTAMAGNT,39.05,40.0,39.05,39.95,61.0
2021-06-04 09:54:00,NSE:DELTAMAGNT,39.95,39.95,39.3,39.5,311.0
2021-06-04 09:57:00,NSE:DELTAMAGNT,40.0,40.0,40.0,40.0,1400.0
2021-06-04 10:00:00,NSE:DELTAMAGNT,39.5,39.85,39.5,39.85,171.0
2021-06-04 10:03:00,NSE:DELTAMAGNT,40.1,40.15,38.8,38.8,3736.0
2021-06-04 10:06:00,NSE:DELTAMAGNT,39.85,40.15,39.45,40.15,1937.0
2021-06-04 10:12:00,NSE:DELTAMAGNT,40.15,40.15,40.15,40.15,582.0
2021-06-04 10:15:00,NSE:DELTAMAGNT,40.15,40.15,40.15,40.15,1.0
2021-06-04 10:48:00,NSE:DELTAMAGNT,40.15,40.15,40.15,40.15,115.0
2021-06-04 10:57:00,NSE:DELTAMAGNT,40.15,40.15,40.15,40.15,700.0
2021-06-04 11:06:00,NSE:DELTAMAGNT,40.15,40.15,40.15,40.15,200.0
2021-06-04 11:33:00,NSE:DELTAMAGNT,40.15,40.15,40.15,40.15,39.0
2021-06-04 11:54:00,NSE:DELTAMAGNT,40.15,40.15,40.15,40.15,130.0
2021-06-04 12:00:00,NSE:DELTAMAGNT,40.15,40.15,40.15,40.15,499.0
2021-06-04 12:09:00,NSE:DELTAMAGNT,40.15,40.15,40.15,40.15,100.0
2021-06-04 12:21:00,NSE:DELTAMAGNT,40.15,40.15,40.15,40.15,20.0
2021-06-04 12:24:00,NSE:DELTAMAGNT,40.15,40.15,40.15,40.15,20.0
2021-06-04 12:51:00,NSE:DELTAMAGNT,40.15,40.15,40.15,40.15,105.0
2021-06-04 13:15:00,NSE:DELTAMAGNT,40.15,40.15,40.15,40.15,70.0
2021-06-04 13:21:00,NSE:DELTAMAGNT,40.15,40.15,40.15,40.15,352.0
2021-06-04 14:27:00,NSE:DELTAMAGNT,40.15,40.15,40.15,40.15,151.0
2021-06-04 14:36:00,NSE:DELTAMAGNT,40.15,40.15,40.15,40.15,10.0
2021-06-04 14:45:00,NSE:DELTAMAGNT,40.15,40.15,40.15,40.15,150.0
2021-06-04 15:00:00,NSE:DELTAMAGNT,40.15,40.15,40.15,40.15,50.0
2021-06-04 15:06:00,NSE:DELTAMAGNT,40.15,40.15,40.15,40.15,49.0
2021-06-07 09:06:00,NSE:DELTAMAGNT,42.15,42.15,42.15,42.15,1300.0
2021-06-07 09:15:00,NSE:DELTAMAGNT,42.15,42.15,42.15,42.15,3000.0
2021-06-07 09:18:00,NSE:DELTAMAGNT,42.15,42.15,42.15,42.15,1618.0
2021-06-07 09:21:00,NSE:DELTAMAGNT,42.1,42.15,41.05,42.15,209.0
2021-06-07 09:24:00,NSE:DELTAMAGNT,42.15,42.15,42.15,42.15,1015.0
2021-06-07 09:30:00,NSE:DELTAMAGNT,42.15,42.15,42.15,42.15,550.0
2021-06-07 09:42:00,NSE:DELTAMAGNT,42.15,42.15,42.15,42.15,10.0
2021-06-07 09:57:00,NSE:DELTAMAGNT,42.15,42.15,42.15,42.15,30.0
2021-06-07 10:00:00,NSE:DELTAMAGNT,42.15,42.15,42.15,42.15,2.0
2021-06-07 10:06:00,NSE:DELTAMAGNT,42.15,42.15,42.15,42.15,7.0
2021-06-07 10:09:00,NSE:DELTAMAGNT,42.15,42.15,42.15,42.15,880.0
2021-06-07 10:15:00,NSE:DELTAMAGNT,42.15,42.15,42.15,42.15,186.0
2021-06-07 10:18:00,NSE:DELTAMAGNT,42.15,42.15,42.15,42.15,60.0
2021-06-07 10:30:00,NSE:DELTAMAGNT,42.15,42.15,42.15,42.15,300.0
2021-06-07 10:45:00,NSE:DELTAMAGNT,42.15,42.15,42.15,42.15,300.0
2021-06-07 10:54:00,NSE:DELTAMAGNT,42.15,42.15,42.15,42.15,2.0
2021-06-07 11:12:00,NSE:DELTAMAGNT,42.15,42.15,42.15,42.15,230.0
2021-06-07 11:24:00,NSE:DELTAMAGNT,42.15,42.15,42.15,42.15,84.0
2021-06-07 11:33:00,NSE:DELTAMAGNT,42.15,42.15,42.15,42.15,50.0
2021-06-07 11:36:00,NSE:DELTAMAGNT,42.15,42.15,42.15,42.15,150.0
2021-06-07 12:00:00,NSE:DELTAMAGNT,42.15,42.15,42.15,42.15,70.0
2021-06-07 12:03:00,NSE:DELTAMAGNT,42.15,42.15,42.15,42.15,20.0
2021-06-07 12:45:00,NSE:DELTAMAGNT,42.15,42.15,42.15,42.15,460.0
2021-06-07 13:03:00,NSE:DELTAMAGNT,42.15,42.15,42.15,42.15,69.0
2021-06-07 13:15:00,NSE:DELTAMAGNT,42.15,42.15,42.15,42.15,5.0
2021-06-07 13:27:00,NSE:DELTAMAGNT,42.15,42.15,42.15,42.15,45.0
2021-06-07 14:00:00,NSE:DELTAMAGNT,42.15,42.15,42.15,42.15,20.0
2021-06-07 14:45:00,NSE:DELTAMAGNT,42.15,42.15,42.15,42.15,23.0
2021-06-07 15:03:00,NSE:DELTAMAGNT,42.15,42.15,42.15,42.15,4.0
2021-06-07 15:15:00,NSE:DELTAMAGNT,42.15,42.15,42.15,42.15,338.0
2021-06-07 15:24:00,NSE:DELTAMAGNT,42.15,42.15,42.15,42.15,25.0
2021-06-07 15:27:00,NSE:DELTAMAGNT,42.15,42.15,42.15,42.15,5.0
2021-06-08 09:06:00,NSE:DELTAMAGNT,44.25,44.25,44.25,44.25,992.0
2021-06-08 09:15:00,NSE:DELTAMAGNT,44.25,44.25,44.25,44.25,266.0
2021-06-08 09:21:00,NSE:DELTAMAGNT,44.25,44.25,44.25,44.25,27.0
2021-06-08 09:24:00,NSE:DELTAMAGNT,44.25,44.25,44.25,44.25,293.0
2021-06-08 09:33:00,NSE:DELTAMAGNT,44.25,44.25,44.25,44.25,100.0
2021-06-08 10:00:00,NSE:DELTAMAGNT,44.25,44.25,44.25,44.25,326.0
2021-06-08 10:03:00,NSE:DELTAMAGNT,44.25,44.25,44.25,44.25,3.0
2021-06-08 10:12:00,NSE:DELTAMAGNT,44.25,44.25,44.25,44.25,100.0
2021-06-08 10:18:00,NSE:DELTAMAGNT,44.25,44.25,44.25,44.25,2.0
2021-06-08 10:30:00,NSE:DELTAMAGNT,44.25,44.25,44.25,44.25,20.0
2021-06-08 10:51:00,NSE:DELTAMAGNT,44.25,44.25,44.25,44.25,201.0
2021-06-08 10:57:00,NSE:DELTAMAGNT,44.25,44.25,44.25,44.25,29.0
2021-06-08 11:03:00,NSE:DELTAMAGNT,44.25,44.25,44.25,44.25,22.0
2021-06-08 11:06:00,NSE:DELTAMAGNT,44.25,44.25,44.25,44.25,128.0
2021-06-08 11:18:00,NSE:DELTAMAGNT,44.25,44.25,44.25,44.25,600.0
2021-06-08 11:24:00,NSE:DELTAMAGNT,44.25,44.25,44.25,44.25,1.0
2021-06-08 11:36:00,NSE:DELTAMAGNT,44.25,44.25,44.25,44.25,46.0
2021-06-08 12:15:00,NSE:DELTAMAGNT,44.25,44.25,44.25,44.25,5.0
2021-06-08 12:24:00,NSE:DELTAMAGNT,44.25,44.25,44.25,44.25,500.0
2021-06-08 12:27:00,NSE:DELTAMAGNT,44.25,44.25,44.25,44.25,250.0
2021-06-08 12:51:00,NSE:DELTAMAGNT,44.25,44.25,44.25,44.25,69.0
2021-06-08 13:03:00,NSE:DELTAMAGNT,44.25,44.25,44.25,44.25,75.0
2021-06-08 13:39:00,NSE:DELTAMAGNT,44.25,44.25,44.25,44.25,118.0
2021-06-08 13:45:00,NSE:DELTAMAGNT,44.25,44.25,44.25,44.25,9.0
2021-06-08 14:45:00,NSE:DELTAMAGNT,44.25,44.25,44.25,44.25,1.0
2021-06-09 09:06:00,NSE:DELTAMAGNT,46.45,46.45,46.45,46.45,1392.0
2021-06-09 09:15:00,NSE:DELTAMAGNT,46.45,46.45,46.45,46.45,135.0
2021-06-09 09:18:00,NSE:DELTAMAGNT,46.45,46.45,46.45,46.45,8.0
2021-06-09 09:21:00,NSE:DELTAMAGNT,46.45,46.45,46.45,46.45,2.0
2021-06-09 09:39:00,NSE:DELTAMAGNT,46.45,46.45,46.45,46.45,1.0
2021-06-09 09:45:00,NSE:DELTAMAGNT,46.45,46.45,46.45,46.45,115.0
2021-06-09 09:57:00,NSE:DELTAMAGNT,46.45,46.45,46.45,46.45,245.0
2021-06-09 10:39:00,NSE:DELTAMAGNT,46.45,46.45,46.45,46.45,57.0
2021-06-09 10:42:00,NSE:DELTAMAGNT,46.45,46.45,46.45,46.45,151.0
2021-06-09 10:45:00,NSE:DELTAMAGNT,46.45,46.45,46.45,46.45,4445.0
2021-06-09 10:51:00,NSE:DELTAMAGNT,46.45,46.45,46.45,46.45,80.0
2021-06-09 10:54:00,NSE:DELTAMAGNT,46.45,46.45,46.45,46.45,74.0
2021-06-09 11:06:00,NSE:DELTAMAGNT,46.45,46.45,46.45,46.45,251.0
2021-06-09 11:09:00,NSE:DELTAMAGNT,46.45,46.45,46.45,46.45,50.0
2021-06-09 11:27:00,NSE:DELTAMAGNT,46.45,46.45,46.45,46.45,100.0
2021-06-09 11:33:00,NSE:DELTAMAGNT,46.45,46.45,46.45,46.45,1030.0
2021-06-09 11:36:00,NSE:DELTAMAGNT,46.45,46.45,46.45,46.45,565.0
2021-06-09 11:42:00,NSE:DELTAMAGNT,46.45,46.45,46.45,46.45,1251.0
2021-06-09 11:45:00,NSE:DELTAMAGNT,46.45,46.45,46.45,46.45,150.0
2021-06-09 11:51:00,NSE:DELTAMAGNT,46.45,46.45,46.45,46.45,1035.0
2021-06-09 12:15:00,NSE:DELTAMAGNT,46.45,46.45,46.45,46.45,123.0
2021-06-09 12:21:00,NSE:DELTAMAGNT,46.45,46.45,46.45,46.45,10.0
2021-06-09 12:39:00,NSE:DELTAMAGNT,46.45,46.45,46.45,46.45,5.0
2021-06-09 12:48:00,NSE:DELTAMAGNT,46.45,46.45,46.45,46.45,40.0
2021-06-09 13:03:00,NSE:DELTAMAGNT,46.45,46.45,46.45,46.45,30.0
2021-06-09 13:09:00,NSE:DELTAMAGNT,46.45,46.45,46.45,46.45,2201.0
2021-06-09 13:24:00,NSE:DELTAMAGNT,46.45,46.45,46.45,46.45,3862.0
2021-06-09 13:45:00,NSE:DELTAMAGNT,46.45,46.45,46.45,46.45,100.0
2021-06-09 13:48:00,NSE:DELTAMAGNT,46.45,46.45,46.45,46.45,373.0
2021-06-09 14:21:00,NSE:DELTAMAGNT,46.45,46.45,46.45,46.45,10.0
2021-06-09 14:30:00,NSE:DELTAMAGNT,46.45,46.45,46.45,46.45,34.0
2021-06-09 14:33:00,NSE:DELTAMAGNT,46.45,46.45,46.45,46.45,50.0
2021-06-09 14:42:00,NSE:DELTAMAGNT,46.45,46.45,46.45,46.45,251.0
2021-06-09 14:48:00,NSE:DELTAMAGNT,46.45,46.45,46.45,46.45,1.0
2021-06-09 14:54:00,NSE:DELTAMAGNT,46.45,46.45,46.45,46.45,1.0
2021-06-09 15:06:00,NSE:DELTAMAGNT,46.45,46.45,46.45,46.45,5508.0
2021-06-09 15:09:00,NSE:DELTAMAGNT,46.45,46.45,46.45,46.45,154.0
2021-06-09 15:12:00,NSE:DELTAMAGNT,46.45,46.45,46.45,46.45,400.0
2021-06-09 15:24:00,NSE:DELTAMAGNT,46.45,46.45,46.45,46.45,99.0
2021-06-09 15:42:00,NSE:DELTAMAGNT,46.45,46.45,46.45,46.45,121.0
2021-06-10 09:06:00,NSE:DELTAMAGNT,48.75,48.75,48.75,48.75,3459.0
2021-06-10 09:15:00,NSE:DELTAMAGNT,48.75,48.75,48.65,48.65,8209.0
2021-06-10 09:18:00,NSE:DELTAMAGNT,48.0,48.0,44.15,45.95,2107.0
2021-06-10 09:21:00,NSE:DELTAMAGNT,45.95,45.95,44.25,44.3,2502.0
2021-06-10 09:24:00,NSE:DELTAMAGNT,44.35,46.9,44.35,46.6,2050.0
2021-06-10 09:27:00,NSE:DELTAMAGNT,45.7,45.7,44.75,45.7,514.0
2021-06-10 09:30:00,NSE:DELTAMAGNT,44.8,46.3,44.8,46.3,2295.0
2021-06-10 09:33:00,NSE:DELTAMAGNT,45.1,46.25,45.1,46.25,320.0
2021-06-10 09:36:00,NSE:DELTAMAGNT,46.2,46.25,45.95,46.0,2242.0
2021-06-10 09:39:00,NSE:DELTAMAGNT,45.4,45.4,45.25,45.25,59.0
2021-06-10 09:42:00,NSE:DELTAMAGNT,45.6,46.5,45.6,46.5,2332.0
2021-06-10 09:45:00,NSE:DELTAMAGNT,46.4,46.4,45.3,45.3,604.0
2021-06-10 09:48:00,NSE:DELTAMAGNT,46.4,46.5,45.25,46.5,850.0
2021-06-10 09:51:00,NSE:DELTAMAGNT,46.45,46.45,45.25,46.1,1270.0
2021-06-10 09:54:00,NSE:DELTAMAGNT,45.35,46.4,45.35,46.0,1935.0
2021-06-10 09:57:00,NSE:DELTAMAGNT,46.0,46.85,46.0,46.85,6034.0
2021-06-10 10:00:00,NSE:DELTAMAGNT,47.25,47.9,46.5,47.85,996.0
2021-06-10 10:03:00,NSE:DELTAMAGNT,47.85,47.85,47.55,47.8,736.0
2021-06-10 10:06:00,NSE:DELTAMAGNT,47.8,48.75,45.55,46.05,11991.0
2021-06-10 10:09:00,NSE:DELTAMAGNT,47.7,47.7,47.7,47.7,69.0
2021-06-10 10:12:00,NSE:DELTAMAGNT,47.6,47.6,47.45,47.45,104.0
2021-06-10 10:15:00,NSE:DELTAMAGNT,47.45,47.45,47.45,47.45,100.0
2021-06-10 10:18:00,NSE:DELTAMAGNT,47.4,47.45,47.4,47.45,508.0
2021-06-10 10:21:00,NSE:DELTAMAGNT,46.7,47.45,46.7,47.45,500.0
2021-06-10 10:24:00,NSE:DELTAMAGNT,47.45,47.45,47.45,47.45,71.0
2021-06-10 10:27:00,NSE:DELTAMAGNT,47.45,47.5,47.05,47.05,642.0
2021-06-10 10:30:00,NSE:DELTAMAGNT,47.45,47.5,47.05,47.5,779.0
2021-06-10 10:33:00,NSE:DELTAMAGNT,47.5,48.7,47.15,48.65,2562.0
2021-06-10 10:36:00,NSE:DELTAMAGNT,48.55,48.65,48.5,48.65,850.0
2021-06-10 10:39:00,NSE:DELTAMAGNT,47.25,48.3,47.25,48.3,1002.0
2021-06-10 10:42:00,NSE:DELTAMAGNT,48.5,48.5,47.9,48.35,470.0
2021-06-10 10:45:00,NSE:DELTAMAGNT,48.4,48.7,48.4,48.7,900.0
2021-06-10 10:48:00,NSE:DELTAMAGNT,48.6,48.75,48.6,48.75,6021.0
2021-06-10 10:51:00,NSE:DELTAMAGNT,48.05,48.35,48.05,48.35,605.0
2021-06-10 10:54:00,NSE:DELTAMAGNT,48.75,48.75,48.75,48.75,602.0
2021-06-10 10:57:00,NSE:DELTAMAGNT,48.5,48.75,48.5,48.75,306.0
2021-06-10 11:00:00,NSE:DELTAMAGNT,48.75,48.75,48.75,48.75,230.0
2021-06-10 11:03:00,NSE:DELTAMAGNT,48.45,48.7,48.45,48.7,101.0
2021-06-10 11:06:00,NSE:DELTAMAGNT,48.7,48.7,48.7,48.7,100.0
2021-06-10 11:09:00,NSE:DELTAMAGNT,48.7,48.75,48.7,48.75,440.0
2021-06-10 11:12:00,NSE:DELTAMAGNT,48.75,48.75,48.75,48.75,4.0
2021-06-10 11:15:00,NSE:DELTAMAGNT,48.75,48.75,48.75,48.75,25.0
2021-06-10 11:18:00,NSE:DELTAMAGNT,48.75,48.75,48.3,48.3,4476.0
2021-06-10 11:27:00,NSE:DELTAMAGNT,48.75,48.75,48.25,48.25,5009.0
2021-06-10 11:30:00,NSE:DELTAMAGNT,48.4,48.45,48.4,48.4,18.0
2021-06-10 11:33:00,NSE:DELTAMAGNT,48.65,48.65,48.65,48.65,350.0
2021-06-10 11:36:00,NSE:DELTAMAGNT,48.65,48.7,48.2,48.7,800.0
2021-06-10 11:39:00,NSE:DELTAMAGNT,48.65,48.65,48.65,48.65,125.0
2021-06-10 11:48:00,NSE:DELTAMAGNT,48.65,48.7,48.65,48.7,100.0
2021-06-10 11:51:00,NSE:DELTAMAGNT,48.65,48.65,48.65,48.65,200.0
2021-06-10 11:54:00,NSE:DELTAMAGNT,48.7,48.7,48.7,48.7,10.0
2021-06-10 12:03:00,NSE:DELTAMAGNT,48.7,48.75,48.7,48.75,1108.0
2021-06-10 12:09:00,NSE:DELTAMAGNT,48.75,48.75,48.75,48.75,200.0
2021-06-10 12:15:00,NSE:DELTAMAGNT,48.75,48.75,48.75,48.75,215.0
2021-06-10 12:27:00,NSE:DELTAMAGNT,48.75,48.75,48.7,48.7,1996.0
2021-06-10 12:30:00,NSE:DELTAMAGNT,48.4,48.7,48.4,48.7,11.0
2021-06-10 12:36:00,NSE:DELTAMAGNT,48.7,48.7,48.7,48.7,437.0
2021-06-10 12:39:00,NSE:DELTAMAGNT,48.75,48.75,48.75,48.75,300.0
2021-06-10 12:42:00,NSE:DELTAMAGNT,48.75,48.75,48.3,48.3,565.0
2021-06-10 12:48:00,NSE:DELTAMAGNT,48.75,48.75,48.75,48.75,18.0
2021-06-10 12:51:00,NSE:DELTAMAGNT,48.75,48.75,48.3,48.75,3268.0
2021-06-10 13:00:00,NSE:DELTAMAGNT,48.7,48.7,48.7,48.7,100.0
2021-06-10 13:03:00,NSE:DELTAMAGNT,48.7,48.7,48.7,48.7,50.0
2021-06-10 13:06:00,NSE:DELTAMAGNT,48.75,48.75,48.75,48.75,199.0
2021-06-10 13:18:00,NSE:DELTAMAGNT,48.75,48.75,48.75,48.75,96.0
2021-06-10 13:27:00,NSE:DELTAMAGNT,48.75,48.75,48.75,48.75,39.0
2021-06-10 13:30:00,NSE:DELTAMAGNT,48.75,48.75,48.75,48.75,16.0
2021-06-10 13:33:00,NSE:DELTAMAGNT,48.75,48.75,48.75,48.75,155.0
2021-06-10 13:36:00,NSE:DELTAMAGNT,48.75,48.75,48.75,48.75,250.0
2021-06-10 13:39:00,NSE:DELTAMAGNT,48.75,48.75,48.75,48.75,48.0
2021-06-10 13:45:00,NSE:DELTAMAGNT,48.35,48.35,48.35,48.35,252.0
2021-06-10 13:51:00,NSE:DELTAMAGNT,48.75,48.75,48.6,48.6,507.0
2021-06-10 13:54:00,NSE:DELTAMAGNT,48.15,48.6,48.15,48.6,639.0
2021-06-10 13:57:00,NSE:DELTAMAGNT,48.75,48.75,48.75,48.75,221.0
2021-06-10 14:00:00,NSE:DELTAMAGNT,48.75,48.75,48.75,48.75,89.0
2021-06-10 14:06:00,NSE:DELTAMAGNT,48.6,48.65,48.6,48.65,450.0
2021-06-10 14:09:00,NSE:DELTAMAGNT,48.65,48.65,48.65,48.65,6.0
2021-06-10 14:12:00,NSE:DELTAMAGNT,48.6,48.6,48.6,48.6,10.0
2021-06-10 14:15:00,NSE:DELTAMAGNT,48.6,48.6,48.6,48.6,5.0
2021-06-10 14:18:00,NSE:DELTAMAGNT,48.6,48.6,48.6,48.6,92.0
2021-06-10 14:21:00,NSE:DELTAMAGNT,48.5,48.5,48.15,48.15,870.0
2021-06-10 14:24:00,NSE:DELTAMAGNT,48.55,48.6,48.55,48.6,75.0
2021-06-10 14:27:00,NSE:DELTAMAGNT,48.6,48.6,48.6,48.6,100.0
2021-06-10 14:30:00,NSE:DELTAMAGNT,48.55,48.6,48.55,48.6,10.0
2021-06-10 14:33:00,NSE:DELTAMAGNT,48.4,48.6,48.4,48.6,29.0
2021-06-10 14:42:00,NSE:DELTAMAGNT,48.5,48.6,48.5,48.6,110.0
2021-06-10 14:45:00,NSE:DELTAMAGNT,48.4,48.4,48.4,48.4,50.0
2021-06-10 14:48:00,NSE:DELTAMAGNT,48.75,48.75,48.75,48.75,1000.0
2021-06-10 14:54:00,NSE:DELTAMAGNT,48.75,48.75,48.75,48.75,211.0
2021-06-10 14:57:00,NSE:DELTAMAGNT,48.75,48.75,48.75,48.75,374.0
2021-06-10 15:00:00,NSE:DELTAMAGNT,48.75,48.75,48.75,48.75,7.0
2021-06-10 15:12:00,NSE:DELTAMAGNT,48.75,48.75,48.75,48.75,304.0
2021-06-10 15:15:00,NSE:DELTAMAGNT,48.75,48.75,48.75,48.75,350.0
2021-06-10 15:24:00,NSE:DELTAMAGNT,48.75,48.75,48.75,48.75,160.0
2021-06-11 09:06:00,NSE:DELTAMAGNT,50.7,50.7,50.7,50.7,245.0
2021-06-11 09:15:00,NSE:DELTAMAGNT,50.7,50.9,46.6,50.9,1817.0
2021-06-11 09:18:00,NSE:DELTAMAGNT,51.1,51.15,51.1,51.15,6512.0
2021-06-11 09:21:00,NSE:DELTAMAGNT,51.15,51.15,51.15,51.15,915.0
2021-06-11 09:24:00,NSE:DELTAMAGNT,51.15,51.15,51.15,51.15,111.0
2021-06-11 09:27:00,NSE:DELTAMAGNT,51.15,51.15,51.15,51.15,23.0
2021-06-11 09:30:00,NSE:DELTAMAGNT,51.15,51.15,51.15,51.15,330.0
2021-06-11 09:36:00,NSE:DELTAMAGNT,51.15,51.15,51.15,51.15,241.0
2021-06-11 09:39:00,NSE:DELTAMAGNT,51.15,51.15,51.15,51.15,4.0
2021-06-11 09:42:00,NSE:DELTAMAGNT,51.15,51.15,51.15,51.15,245.0
2021-06-11 09:45:00,NSE:DELTAMAGNT,51.15,51.15,51.15,51.15,100.0
2021-06-11 09:51:00,NSE:DELTAMAGNT,51.15,51.15,51.15,51.15,500.0
2021-06-11 09:57:00,NSE:DELTAMAGNT,51.15,51.15,51.15,51.15,50.0
2021-06-11 10:15:00,NSE:DELTAMAGNT,51.15,51.15,51.15,51.15,50.0
2021-06-11 10:21:00,NSE:DELTAMAGNT,51.15,51.15,51.15,51.15,100.0
2021-06-11 10:24:00,NSE:DELTAMAGNT,51.15,51.15,51.15,51.15,801.0
2021-06-11 10:27:00,NSE:DELTAMAGNT,51.15,51.15,51.15,51.15,100.0
2021-06-11 10:39:00,NSE:DELTAMAGNT,51.15,51.15,51.15,51.15,243.0
2021-06-11 10:48:00,NSE:DELTAMAGNT,51.15,51.15,51.15,51.15,551.0
2021-06-11 11:00:00,NSE:DELTAMAGNT,51.15,51.15,51.15,51.15,200.0
2021-06-11 11:03:00,NSE:DELTAMAGNT,51.15,51.15,51.15,51.15,414.0
2021-06-11 11:06:00,NSE:DELTAMAGNT,51.15,51.15,51.15,51.15,35.0
2021-06-11 11:12:00,NSE:DELTAMAGNT,51.15,51.15,51.15,51.15,1.0
2021-06-11 11:15:00,NSE:DELTAMAGNT,51.15,51.15,51.15,51.15,25.0
2021-06-11 11:18:00,NSE:DELTAMAGNT,51.15,51.15,51.15,51.15,7.0
2021-06-11 11:27:00,NSE:DELTAMAGNT,51.15,51.15,51.15,51.15,10.0
2021-06-11 11:36:00,NSE:DELTAMAGNT,51.15,51.15,51.15,51.15,24.0
2021-06-11 11:39:00,NSE:DELTAMAGNT,51.15,51.15,51.15,51.15,4.0
2021-06-11 11:45:00,NSE:DELTAMAGNT,51.15,51.15,51.15,51.15,2070.0
2021-06-11 11:51:00,NSE:DELTAMAGNT,51.15,51.15,51.15,51.15,1501.0
2021-06-11 12:00:00,NSE:DELTAMAGNT,51.15,51.15,51.1,51.1,1366.0
2021-06-11 12:03:00,NSE:DELTAMAGNT,51.15,51.15,51.1,51.1,44.0
2021-06-11 12:09:00,NSE:DELTAMAGNT,51.15,51.15,51.15,51.15,20.0
2021-06-11 12:15:00,NSE:DELTAMAGNT,50.25,50.25,50.25,50.25,35.0
2021-06-11 12:18:00,NSE:DELTAMAGNT,50.65,51.15,50.65,51.15,1145.0
2021-06-11 12:36:00,NSE:DELTAMAGNT,51.15,51.15,51.15,51.15,120.0
2021-06-11 12:39:00,NSE:DELTAMAGNT,51.15,51.15,51.15,51.15,20.0
2021-06-11 13:15:00,NSE:DELTAMAGNT,51.15,51.15,51.15,51.15,502.0
2021-06-11 13:18:00,NSE:DELTAMAGNT,51.15,51.15,51.15,51.15,50.0
2021-06-11 13:24:00,NSE:DELTAMAGNT,51.15,51.15,51.15,51.15,3.0
2021-06-11 13:30:00,NSE:DELTAMAGNT,51.15,51.15,51.15,51.15,5.0
2021-06-11 13:39:00,NSE:DELTAMAGNT,51.15,51.15,51.15,51.15,650.0
2021-06-11 13:42:00,NSE:DELTAMAGNT,51.15,51.15,51.15,51.15,4200.0
2021-06-11 13:45:00,NSE:DELTAMAGNT,51.15,51.15,51.15,51.15,1425.0
2021-06-11 13:51:00,NSE:DELTAMAGNT,51.15,51.15,51.15,51.15,40.0
2021-06-11 14:09:00,NSE:DELTAMAGNT,51.15,51.15,51.15,51.15,50.0
2021-06-11 14:21:00,NSE:DELTAMAGNT,51.15,51.15,51.15,51.15,23.0
2021-06-11 14:39:00,NSE:DELTAMAGNT,51.15,51.15,51.15,51.15,274.0
2021-06-11 14:45:00,NSE:DELTAMAGNT,51.15,51.15,51.15,51.15,20.0
2021-06-11 15:12:00,NSE:DELTAMAGNT,51.15,51.15,51.15,51.15,200.0
2021-06-11 15:15:00,NSE:DELTAMAGNT,51.15,51.15,51.15,51.15,8.0
2021-06-11 15:21:00,NSE:DELTAMAGNT,51.15,51.15,51.15,51.15,100.0
2021-06-11 15:24:00,NSE:DELTAMAGNT,51.15,51.15,51.15,51.15,25.0
2021-06-11 15:57:00,NSE:DELTAMAGNT,51.15,51.15,51.15,51.15,100.0
2021-06-14 09:06:00,NSE:DELTAMAGNT,53.6,53.6,53.6,53.6,1899.0
2021-06-14 09:15:00,NSE:DELTAMAGNT,53.6,53.6,52.2,52.2,524.0
2021-06-14 09:18:00,NSE:DELTAMAGNT,51.65,52.5,51.65,52.5,422.0
2021-06-14 09:21:00,NSE:DELTAMAGNT,52.25,52.45,49.05,50.0,2363.0
2021-06-14 09:24:00,NSE:DELTAMAGNT,50.05,50.8,50.0,50.0,1771.0
2021-06-14 09:27:00,NSE:DELTAMAGNT,49.8,51.4,49.1,49.1,3223.0
2021-06-14 09:30:00,NSE:DELTAMAGNT,49.1,49.1,48.6,48.6,2595.0
2021-06-14 09:33:00,NSE:DELTAMAGNT,48.6,48.6,48.6,48.6,500.0
2021-06-14 09:36:00,NSE:DELTAMAGNT,48.6,48.6,48.6,48.6,250.0
2021-06-14 09:39:00,NSE:DELTAMAGNT,48.6,48.6,48.6,48.6,110.0
2021-06-14 09:42:00,NSE:DELTAMAGNT,48.6,48.6,48.6,48.6,1111.0
2021-06-14 09:57:00,NSE:DELTAMAGNT,48.6,48.7,48.6,48.7,1970.0
2021-06-14 10:00:00,NSE:DELTAMAGNT,48.6,48.7,48.6,48.7,221.0
2021-06-14 10:03:00,NSE:DELTAMAGNT,48.7,49.45,48.6,48.6,841.0
2021-06-14 10:06:00,NSE:DELTAMAGNT,48.6,49.0,48.6,49.0,116.0
2021-06-14 10:09:00,NSE:DELTAMAGNT,48.6,48.6,48.6,48.6,600.0
2021-06-14 10:12:00,NSE:DELTAMAGNT,48.6,48.6,48.6,48.6,62.0
2021-06-14 10:15:00,NSE:DELTAMAGNT,48.6,48.6,48.6,48.6,806.0
2021-06-14 10:18:00,NSE:DELTAMAGNT,48.6,48.95,48.6,48.95,51.0
2021-06-14 10:21:00,NSE:DELTAMAGNT,48.95,48.95,48.95,48.95,20.0
2021-06-14 10:24:00,NSE:DELTAMAGNT,48.9,48.9,48.9,48.9,25.0
2021-06-14 10:27:00,NSE:DELTAMAGNT,48.8,48.8,48.8,48.8,200.0
2021-06-14 10:33:00,NSE:DELTAMAGNT,48.6,48.6,48.6,48.6,855.0
2021-06-14 10:36:00,NSE:DELTAMAGNT,48.6,49.0,48.6,49.0,459.0
2021-06-14 10:39:00,NSE:DELTAMAGNT,49.5,50.0,49.5,50.0,3050.0
2021-06-14 10:42:00,NSE:DELTAMAGNT,50.2,51.4,50.2,51.0,468.0
2021-06-14 10:45:00,NSE:DELTAMAGNT,51.45,51.5,50.2,50.2,2180.0
2021-06-14 10:48:00,NSE:DELTAMAGNT,50.95,50.95,49.85,49.85,210.0
2021-06-14 10:51:00,NSE:DELTAMAGNT,50.15,50.15,49.55,49.55,301.0
2021-06-14 10:54:00,NSE:DELTAMAGNT,50.0,50.15,50.0,50.15,472.0
2021-06-14 11:00:00,NSE:DELTAMAGNT,50.0,50.0,49.6,49.6,927.0
2021-06-14 11:03:00,NSE:DELTAMAGNT,50.0,50.35,50.0,50.35,100.0
2021-06-14 11:06:00,NSE:DELTAMAGNT,49.6,49.6,49.6,49.6,17.0
2021-06-14 11:09:00,NSE:DELTAMAGNT,50.55,50.55,50.55,50.55,408.0
2021-06-14 11:15:00,NSE:DELTAMAGNT,50.55,50.55,50.55,50.55,5.0
2021-06-14 11:21:00,NSE:DELTAMAGNT,50.45,50.45,49.85,49.85,63.0
2021-06-14 11:24:00,NSE:DELTAMAGNT,50.55,50.55,50.55,50.55,200.0
2021-06-14 11:30:00,NSE:DELTAMAGNT,49.85,49.85,49.85,49.85,70.0
2021-06-14 11:39:00,NSE:DELTAMAGNT,50.6,50.6,50.6,50.6,101.0
2021-06-14 11:51:00,NSE:DELTAMAGNT,50.0,50.0,49.9,49.9,16.0
2021-06-14 11:57:00,NSE:DELTAMAGNT,50.0,50.0,50.0,50.0,656.0
2021-06-14 12:03:00,NSE:DELTAMAGNT,50.0,50.0,50.0,50.0,1000.0
2021-06-14 12:12:00,NSE:DELTAMAGNT,50.95,50.95,49.5,50.8,1607.0
2021-06-14 12:15:00,NSE:DELTAMAGNT,50.8,50.8,49.6,49.6,1003.0
2021-06-14 12:21:00,NSE:DELTAMAGNT,49.85,49.85,49.8,49.8,34.0
2021-06-14 12:36:00,NSE:DELTAMAGNT,50.0,50.0,50.0,50.0,65.0
2021-06-14 12:42:00,NSE:DELTAMAGNT,50.9,50.9,50.8,50.8,425.0
2021-06-14 12:48:00,NSE:DELTAMAGNT,49.9,49.9,49.9,49.9,100.0
2021-06-14 12:51:00,NSE:DELTAMAGNT,49.9,50.05,49.9,50.05,200.0
2021-06-14 13:00:00,NSE:DELTAMAGNT,50.25,50.8,50.25,50.8,190.0
2021-06-14 13:03:00,NSE:DELTAMAGNT,50.8,50.8,50.8,50.8,20.0
2021-06-14 13:09:00,NSE:DELTAMAGNT,50.25,50.25,50.25,50.25,199.0
2021-06-14 13:12:00,NSE:DELTAMAGNT,50.0,50.9,50.0,50.9,1700.0
2021-06-14 13:15:00,NSE:DELTAMAGNT,50.35,50.9,50.35,50.9,9.0
2021-06-14 13:18:00,NSE:DELTAMAGNT,50.05,50.05,50.05,50.05,1000.0
2021-06-14 13:27:00,NSE:DELTAMAGNT,50.55,50.55,50.05,50.05,730.0
2021-06-14 13:30:00,NSE:DELTAMAGNT,50.05,50.05,50.05,50.05,250.0
2021-06-14 13:33:00,NSE:DELTAMAGNT,50.55,50.55,50.55,50.55,70.0
2021-06-14 13:39:00,NSE:DELTAMAGNT,50.0,50.0,50.0,50.0,20.0
2021-06-14 13:48:00,NSE:DELTAMAGNT,50.0,50.0,50.0,50.0,1.0
2021-06-14 13:51:00,NSE:DELTAMAGNT,50.35,50.35,50.35,50.35,10.0
2021-06-14 13:57:00,NSE:DELTAMAGNT,50.05,50.05,50.05,50.05,2.0
2021-06-14 14:00:00,NSE:DELTAMAGNT,50.05,50.05,50.05,50.05,50.0
2021-06-14 14:09:00,NSE:DELTAMAGNT,50.35,50.35,50.35,50.35,1.0
2021-06-14 14:12:00,NSE:DELTAMAGNT,50.35,50.35,50.35,50.35,25.0
2021-06-14 14:15:00,NSE:DELTAMAGNT,50.1,50.1,50.1,50.1,16.0
2021-06-14 14:18:00,NSE:DELTAMAGNT,52.0,52.0,52.0,52.0,7070.0
2021-06-14 14:21:00,NSE:DELTAMAGNT,50.45,50.45,50.45,50.45,6.0
2021-06-14 14:27:00,NSE:DELTAMAGNT,50.45,51.5,50.45,51.5,8.0
2021-06-14 14:39:00,NSE:DELTAMAGNT,51.45,51.45,51.45,51.45,30.0
2021-06-14 14:42:00,NSE:DELTAMAGNT,51.45,51.45,50.45,51.35,102.0
2021-06-14 14:45:00,NSE:DELTAMAGNT,51.25,51.25,50.3,50.4,7.0
2021-06-14 14:48:00,NSE:DELTAMAGNT,50.15,50.15,50.15,50.15,50.0
2021-06-14 14:54:00,NSE:DELTAMAGNT,50.3,50.3,50.3,50.3,1.0
2021-06-14 15:00:00,NSE:DELTAMAGNT,50.3,50.3,50.3,50.3,1.0
2021-06-14 15:06:00,NSE:DELTAMAGNT,50.35,50.35,50.35,50.35,2.0
2021-06-14 15:09:00,NSE:DELTAMAGNT,50.3,50.3,50.3,50.3,19.0
2021-06-14 15:12:00,NSE:DELTAMAGNT,50.9,50.9,50.2,50.2,174.0
2021-06-14 15:15:00,NSE:DELTAMAGNT,50.9,50.9,50.9,50.9,10.0
2021-06-14 15:18:00,NSE:DELTAMAGNT,50.9,50.9,50.9,50.9,5.0
2021-06-14 15:21:00,NSE:DELTAMAGNT,50.2,50.5,49.6,50.5,2611.0
2021-06-14 15:24:00,NSE:DELTAMAGNT,49.5,50.0,49.5,50.0,86.0
2021-06-14 15:27:00,NSE:DELTAMAGNT,49.5,50.45,49.5,49.5,318.0
2021-06-14 15:30:00,NSE:DELTAMAGNT,49.05,49.05,49.05,49.05,1.0
2021-06-15 09:15:00,NSE:DELTAMAGNT,50.5,50.5,50.5,50.5,650.0
2021-06-15 09:18:00,NSE:DELTAMAGNT,50.5,51.1,50.5,51.1,252.0
2021-06-15 09:21:00,NSE:DELTAMAGNT,50.6,50.6,50.0,50.0,2144.0
2021-06-15 09:24:00,NSE:DELTAMAGNT,49.25,49.25,49.25,49.25,300.0
2021-06-15 09:30:00,NSE:DELTAMAGNT,49.3,49.45,49.3,49.4,1112.0
2021-06-15 09:33:00,NSE:DELTAMAGNT,49.45,49.45,49.45,49.45,219.0
2021-06-15 09:39:00,NSE:DELTAMAGNT,49.5,49.5,49.5,49.5,6.0
2021-06-15 09:42:00,NSE:DELTAMAGNT,49.5,49.5,49.5,49.5,194.0
2021-06-15 09:45:00,NSE:DELTAMAGNT,49.5,49.5,49.5,49.5,27.0
2021-06-15 09:48:00,NSE:DELTAMAGNT,49.45,49.45,48.3,48.55,1553.0
2021-06-15 09:51:00,NSE:DELTAMAGNT,49.45,49.45,48.35,48.35,153.0
2021-06-15 09:54:00,NSE:DELTAMAGNT,48.35,49.45,48.35,48.4,625.0
2021-06-15 09:57:00,NSE:DELTAMAGNT,49.1,49.1,48.65,48.65,11.0
2021-06-15 10:00:00,NSE:DELTAMAGNT,48.65,48.65,48.55,48.55,119.0
2021-06-15 10:06:00,NSE:DELTAMAGNT,49.0,49.0,49.0,49.0,100.0
2021-06-15 10:12:00,NSE:DELTAMAGNT,48.75,49.0,48.75,49.0,1078.0
2021-06-15 10:15:00,NSE:DELTAMAGNT,49.1,49.1,48.65,48.65,23.0
2021-06-15 10:18:00,NSE:DELTAMAGNT,48.75,48.75,48.75,48.75,661.0
2021-06-15 10:24:00,NSE:DELTAMAGNT,48.55,48.75,48.55,48.75,140.0
2021-06-15 10:27:00,NSE:DELTAMAGNT,48.75,48.75,48.75,48.75,155.0
2021-06-15 10:30:00,NSE:DELTAMAGNT,48.75,48.75,48.75,48.75,189.0
2021-06-15 10:33:00,NSE:DELTAMAGNT,48.75,48.9,48.55,48.9,1121.0
2021-06-15 10:36:00,NSE:DELTAMAGNT,48.55,48.75,48.5,48.5,119.0
2021-06-15 10:39:00,NSE:DELTAMAGNT,48.75,48.75,48.5,48.5,193.0
2021-06-15 10:42:00,NSE:DELTAMAGNT,50.0,50.0,50.0,50.0,5000.0
2021-06-15 10:45:00,NSE:DELTAMAGNT,48.95,49.4,48.8,49.4,1006.0
2021-06-15 10:48:00,NSE:DELTAMAGNT,49.45,49.45,49.45,49.45,24.0
2021-06-15 10:54:00,NSE:DELTAMAGNT,48.9,48.9,48.5,48.5,150.0
2021-06-15 11:06:00,NSE:DELTAMAGNT,48.5,48.5,48.5,48.5,60.0
2021-06-15 11:09:00,NSE:DELTAMAGNT,48.35,48.9,48.35,48.9,578.0
2021-06-15 11:12:00,NSE:DELTAMAGNT,48.9,48.9,48.9,48.9,50.0
2021-06-15 11:39:00,NSE:DELTAMAGNT,48.55,48.55,48.55,48.55,50.0
2021-06-15 11:42:00,NSE:DELTAMAGNT,48.9,48.9,48.9,48.9,100.0
2021-06-15 11:54:00,NSE:DELTAMAGNT,48.9,48.9,48.9,48.9,12.0
2021-06-15 11:57:00,NSE:DELTAMAGNT,48.9,48.9,48.5,48.5,125.0
2021-06-15 12:00:00,NSE:DELTAMAGNT,48.9,48.9,48.9,48.9,24.0
2021-06-15 12:09:00,NSE:DELTAMAGNT,48.5,48.5,48.5,48.5,500.0
2021-06-15 12:21:00,NSE:DELTAMAGNT,48.85,48.85,48.85,48.85,20.0
2021-06-15 12:27:00,NSE:DELTAMAGNT,48.5,48.5,48.5,48.5,107.0
2021-06-15 12:36:00,NSE:DELTAMAGNT,48.5,48.5,48.5,48.5,10.0
2021-06-15 12:39:00,NSE:DELTAMAGNT,48.85,48.85,48.85,48.85,20.0
2021-06-15 12:54:00,NSE:DELTAMAGNT,48.6,48.6,48.6,48.6,1.0
2021-06-15 13:00:00,NSE:DELTAMAGNT,48.6,48.6,48.3,48.3,305.0
2021-06-15 13:03:00,NSE:DELTAMAGNT,48.7,48.7,48.6,48.65,5.0
2021-06-15 13:06:00,NSE:DELTAMAGNT,48.85,48.85,48.8,48.8,65.0
2021-06-15 13:09:00,NSE:DELTAMAGNT,48.75,48.75,48.55,48.55,17.0
2021-06-15 13:12:00,NSE:DELTAMAGNT,48.55,48.8,48.55,48.8,651.0
2021-06-15 13:18:00,NSE:DELTAMAGNT,48.25,48.25,48.25,48.25,267.0
2021-06-15 13:21:00,NSE:DELTAMAGNT,48.85,48.85,48.85,48.85,3.0
2021-06-15 13:39:00,NSE:DELTAMAGNT,48.75,48.75,48.75,48.75,1040.0
2021-06-15 13:45:00,NSE:DELTAMAGNT,48.3,48.3,48.3,48.3,42.0
2021-06-15 13:48:00,NSE:DELTAMAGNT,48.25,48.25,48.2,48.2,315.0
2021-06-15 13:51:00,NSE:DELTAMAGNT,48.2,48.2,48.2,48.2,71.0
2021-06-15 13:54:00,NSE:DELTAMAGNT,48.2,48.2,48.2,48.2,4.0
2021-06-15 13:57:00,NSE:DELTAMAGNT,48.65,48.65,48.65,48.65,14.0
2021-06-15 14:00:00,NSE:DELTAMAGNT,48.3,48.3,48.3,48.3,14.0
2021-06-15 14:03:00,NSE:DELTAMAGNT,48.3,48.3,48.3,48.3,10.0
2021-06-15 14:06:00,NSE:DELTAMAGNT,48.7,48.7,48.35,48.65,217.0
2021-06-15 14:09:00,NSE:DELTAMAGNT,47.55,47.55,47.55,47.55,600.0
2021-06-15 14:12:00,NSE:DELTAMAGNT,47.65,47.65,47.65,47.65,50.0
2021-06-15 14:15:00,NSE:DELTAMAGNT,48.1,48.1,48.1,48.1,112.0
2021-06-15 14:18:00,NSE:DELTAMAGNT,47.3,48.0,47.3,48.0,1420.0
2021-06-15 14:30:00,NSE:DELTAMAGNT,48.35,48.35,48.35,48.35,250.0
2021-06-15 14:33:00,NSE:DELTAMAGNT,48.0,48.0,48.0,48.0,36.0
2021-06-15 14:42:00,NSE:DELTAMAGNT,48.15,48.15,48.15,48.15,70.0
2021-06-15 14:45:00,NSE:DELTAMAGNT,47.4,48.05,47.4,48.05,1136.0
2021-06-15 14:48:00,NSE:DELTAMAGNT,48.0,48.0,48.0,48.0,62.0
2021-06-15 14:51:00,NSE:DELTAMAGNT,48.0,48.0,48.0,48.0,40.0
2021-06-15 14:54:00,NSE:DELTAMAGNT,48.0,48.0,48.0,48.0,1.0
2021-06-15 15:03:00,NSE:DELTAMAGNT,47.65,47.65,47.3,47.3,1311.0
2021-06-15 15:06:00,NSE:DELTAMAGNT,47.8,47.8,47.8,47.8,225.0
2021-06-15 15:09:00,NSE:DELTAMAGNT,47.8,47.8,47.8,47.8,20.0
2021-06-15 15:12:00,NSE:DELTAMAGNT,47.75,47.75,47.75,47.75,20.0
2021-06-15 15:15:00,NSE:DELTAMAGNT,47.8,47.8,47.35,47.35,280.0
2021-06-15 15:21:00,NSE:DELTAMAGNT,47.5,47.5,47.35,47.35,186.0
2021-06-15 15:24:00,NSE:DELTAMAGNT,47.35,47.35,47.3,47.3,274.0
2021-06-16 09:06:00,NSE:DELTAMAGNT,49.3,49.3,49.3,49.3,100.0
2021-06-16 09:15:00,NSE:DELTAMAGNT,47.2,47.2,46.1,46.1,311.0
2021-06-16 09:18:00,NSE:DELTAMAGNT,46.1,46.1,45.15,45.15,765.0
2021-06-16 09:21:00,NSE:DELTAMAGNT,45.25,47.95,45.25,47.95,1482.0
2021-06-16 09:24:00,NSE:DELTAMAGNT,47.0,49.8,47.0,49.8,7533.0
2021-06-16 09:27:00,NSE:DELTAMAGNT,45.35,48.0,45.35,46.25,8188.0
2021-06-16 09:30:00,NSE:DELTAMAGNT,46.35,47.35,46.25,47.35,112.0
2021-06-16 09:39:00,NSE:DELTAMAGNT,47.15,47.15,46.55,46.55,203.0
2021-06-16 09:42:00,NSE:DELTAMAGNT,46.5,46.95,46.5,46.95,535.0
2021-06-16 09:45:00,NSE:DELTAMAGNT,46.0,46.0,46.0,46.0,434.0
2021-06-16 09:48:00,NSE:DELTAMAGNT,46.05,46.05,46.0,46.0,178.0
2021-06-16 09:51:00,NSE:DELTAMAGNT,46.0,46.0,45.65,45.65,7.0
2021-06-16 09:54:00,NSE:DELTAMAGNT,46.0,46.0,46.0,46.0,160.0
2021-06-16 09:57:00,NSE:DELTAMAGNT,46.0,46.0,46.0,46.0,72.0
2021-06-16 10:00:00,NSE:DELTAMAGNT,46.0,46.0,46.0,46.0,134.0
2021-06-16 10:03:00,NSE:DELTAMAGNT,46.4,46.5,46.4,46.5,1272.0
2021-06-16 10:06:00,NSE:DELTAMAGNT,46.5,46.5,46.45,46.45,1012.0
2021-06-16 10:09:00,NSE:DELTAMAGNT,46.1,46.1,46.1,46.1,36.0
2021-06-16 10:12:00,NSE:DELTAMAGNT,46.1,46.25,45.1,45.2,6338.0
2021-06-16 10:15:00,NSE:DELTAMAGNT,46.0,46.0,46.0,46.0,298.0
2021-06-16 10:27:00,NSE:DELTAMAGNT,45.65,45.65,45.55,45.55,384.0
2021-06-16 10:30:00,NSE:DELTAMAGNT,45.4,45.4,45.35,45.35,72.0
2021-06-16 10:33:00,NSE:DELTAMAGNT,45.35,45.5,45.2,45.2,1553.0
2021-06-16 10:36:00,NSE:DELTAMAGNT,45.1,45.1,45.1,45.1,300.0
2021-06-16 10:39:00,NSE:DELTAMAGNT,45.15,45.35,45.1,45.1,568.0
2021-06-16 10:42:00,NSE:DELTAMAGNT,45.1,45.1,45.1,45.1,189.0
2021-06-16 10:45:00,NSE:DELTAMAGNT,45.1,45.1,45.1,45.1,603.0
2021-06-16 10:48:00,NSE:DELTAMAGNT,45.1,45.1,45.1,45.1,539.0
2021-06-16 10:54:00,NSE:DELTAMAGNT,45.1,45.1,45.1,45.1,100.0
2021-06-16 11:12:00,NSE:DELTAMAGNT,45.1,45.1,45.1,45.1,30.0
2021-06-16 11:18:00,NSE:DELTAMAGNT,45.1,45.1,45.1,45.1,70.0
2021-06-16 11:21:00,NSE:DELTAMAGNT,45.1,45.1,45.1,45.1,50.0
2021-06-16 11:33:00,NSE:DELTAMAGNT,45.1,45.1,45.1,45.1,5000.0
2021-06-16 11:36:00,NSE:DELTAMAGNT,45.1,45.1,45.1,45.1,153.0
2021-06-16 11:39:00,NSE:DELTAMAGNT,45.15,45.15,45.15,45.15,10.0
2021-06-16 11:42:00,NSE:DELTAMAGNT,45.4,45.4,45.4,45.4,270.0
2021-06-16 11:45:00,NSE:DELTAMAGNT,45.15,45.15,45.15,45.15,20.0
2021-06-16 11:51:00,NSE:DELTAMAGNT,45.2,45.2,45.2,45.2,909.0
2021-06-16 12:00:00,NSE:DELTAMAGNT,45.2,45.2,45.2,45.2,151.0
2021-06-16 12:03:00,NSE:DELTAMAGNT,45.5,45.5,45.5,45.5,99.0
2021-06-16 12:06:00,NSE:DELTAMAGNT,45.55,45.55,45.55,45.55,4.0
2021-06-16 12:09:00,NSE:DELTAMAGNT,45.55,45.55,45.55,45.55,47.0
2021-06-16 12:15:00,NSE:DELTAMAGNT,46.3,46.3,46.3,46.3,10.0
2021-06-16 12:21:00,NSE:DELTAMAGNT,46.3,46.3,46.3,46.3,100.0
2021-06-16 12:27:00,NSE:DELTAMAGNT,46.25,46.25,46.25,46.25,6.0
2021-06-16 12:33:00,NSE:DELTAMAGNT,46.25,46.25,46.25,46.25,40.0
2021-06-16 12:42:00,NSE:DELTAMAGNT,46.0,46.0,46.0,46.0,65.0
2021-06-16 12:48:00,NSE:DELTAMAGNT,45.55,45.55,45.55,45.55,200.0
2021-06-16 13:03:00,NSE:DELTAMAGNT,45.3,45.3,45.3,45.3,500.0
2021-06-16 14:21:00,NSE:DELTAMAGNT,46.15,46.15,46.15,46.15,64.0
2021-06-16 14:33:00,NSE:DELTAMAGNT,46.1,46.1,46.1,46.1,10.0
2021-06-16 14:39:00,NSE:DELTAMAGNT,46.0,46.0,46.0,46.0,25.0
2021-06-16 14:45:00,NSE:DELTAMAGNT,45.4,45.4,45.4,45.4,5.0
2021-06-16 14:48:00,NSE:DELTAMAGNT,45.95,46.0,45.95,46.0,300.0
2021-06-16 14:51:00,NSE:DELTAMAGNT,46.0,46.0,46.0,46.0,420.0
2021-06-16 15:00:00,NSE:DELTAMAGNT,45.9,45.9,45.9,45.9,4.0
2021-06-16 15:03:00,NSE:DELTAMAGNT,45.3,45.3,45.3,45.3,5.0
2021-06-16 15:09:00,NSE:DELTAMAGNT,45.95,45.95,45.95,45.95,150.0
2021-06-16 15:12:00,NSE:DELTAMAGNT,45.35,45.35,45.35,45.35,500.0
2021-06-16 15:15:00,NSE:DELTAMAGNT,45.95,45.95,45.95,45.95,202.0
2021-06-16 15:27:00,NSE:DELTAMAGNT,45.3,45.3,45.3,45.3,364.0
2021-06-17 09:21:00,NSE:DELTAMAGNT,46.9,46.9,43.5,43.5,488.0
2021-06-17 09:24:00,NSE:DELTAMAGNT,43.5,43.5,43.5,43.5,180.0
2021-06-17 09:30:00,NSE:DELTAMAGNT,43.25,43.25,43.25,43.25,279.0
2021-06-17 09:33:00,NSE:DELTAMAGNT,43.25,43.25,43.25,43.25,9.0
2021-06-17 09:48:00,NSE:DELTAMAGNT,43.25,43.25,43.25,43.25,1881.0
2021-06-17 09:57:00,NSE:DELTAMAGNT,43.25,43.25,43.25,43.25,279.0
2021-06-17 10:00:00,NSE:DELTAMAGNT,43.25,43.25,43.25,43.25,1348.0
2021-06-17 10:03:00,NSE:DELTAMAGNT,43.25,43.25,43.25,43.25,99.0
2021-06-17 10:06:00,NSE:DELTAMAGNT,43.25,43.25,43.25,43.25,350.0
2021-06-17 10:09:00,NSE:DELTAMAGNT,43.25,43.25,43.25,43.25,349.0
2021-06-17 10:15:00,NSE:DELTAMAGNT,43.25,43.25,43.25,43.25,151.0
2021-06-17 10:30:00,NSE:DELTAMAGNT,43.25,43.25,43.25,43.25,100.0
2021-06-17 10:36:00,NSE:DELTAMAGNT,43.25,43.25,43.25,43.25,1.0
2021-06-17 10:48:00,NSE:DELTAMAGNT,43.25,43.25,43.25,43.25,190.0
2021-06-17 10:54:00,NSE:DELTAMAGNT,43.25,43.25,43.25,43.25,100.0
2021-06-17 10:57:00,NSE:DELTAMAGNT,43.25,43.25,43.25,43.25,99.0
2021-06-17 11:03:00,NSE:DELTAMAGNT,43.25,43.25,43.25,43.25,5.0
2021-06-17 11:06:00,NSE:DELTAMAGNT,43.25,45.0,43.25,45.0,211.0
2021-06-17 11:12:00,NSE:DELTAMAGNT,43.25,43.25,43.25,43.25,20.0
2021-06-17 11:21:00,NSE:DELTAMAGNT,43.3,43.3,43.3,43.3,44.0
2021-06-17 11:45:00,NSE:DELTAMAGNT,43.35,43.35,43.35,43.35,250.0
2021-06-17 11:54:00,NSE:DELTAMAGNT,43.35,43.35,43.35,43.35,258.0
2021-06-17 12:00:00,NSE:DELTAMAGNT,43.35,43.35,43.35,43.35,5.0
2021-06-17 12:03:00,NSE:DELTAMAGNT,44.95,44.95,43.3,43.3,262.0
2021-06-17 12:09:00,NSE:DELTAMAGNT,43.35,43.35,43.35,43.35,100.0
2021-06-17 12:21:00,NSE:DELTAMAGNT,43.35,43.35,43.35,43.35,100.0
2021-06-17 12:36:00,NSE:DELTAMAGNT,43.35,43.35,43.3,43.3,371.0
2021-06-17 12:42:00,NSE:DELTAMAGNT,43.3,43.3,43.3,43.3,400.0
2021-06-17 12:57:00,NSE:DELTAMAGNT,43.25,43.25,43.25,43.25,10.0
2021-06-17 13:06:00,NSE:DELTAMAGNT,43.25,43.25,43.25,43.25,199.0
2021-06-17 13:09:00,NSE:DELTAMAGNT,43.25,43.25,43.25,43.25,1.0
2021-06-17 13:12:00,NSE:DELTAMAGNT,43.25,43.25,43.25,43.25,1.0
2021-06-17 13:18:00,NSE:DELTAMAGNT,43.25,43.25,43.25,43.25,1994.0
2021-06-17 13:21:00,NSE:DELTAMAGNT,43.25,43.25,43.25,43.25,10.0
2021-06-17 13:33:00,NSE:DELTAMAGNT,43.25,43.25,43.25,43.25,100.0
2021-06-17 13:39:00,NSE:DELTAMAGNT,43.25,43.25,43.25,43.25,6.0
2021-06-17 13:48:00,NSE:DELTAMAGNT,43.25,43.25,43.25,43.25,10.0
2021-06-17 13:57:00,NSE:DELTAMAGNT,43.25,43.25,43.25,43.25,449.0
2021-06-17 14:06:00,NSE:DELTAMAGNT,44.45,44.45,44.45,44.45,1000.0
2021-06-17 14:21:00,NSE:DELTAMAGNT,43.3,43.3,43.25,43.25,481.0
2021-06-17 14:33:00,NSE:DELTAMAGNT,43.25,43.25,43.25,43.25,117.0
2021-06-17 14:57:00,NSE:DELTAMAGNT,43.25,44.25,43.25,44.25,103.0
2021-06-17 15:06:00,NSE:DELTAMAGNT,43.25,43.25,43.25,43.25,250.0
2021-06-17 15:18:00,NSE:DELTAMAGNT,43.25,43.25,43.25,43.25,5.0
2021-06-17 15:24:00,NSE:DELTAMAGNT,43.25,43.25,43.25,43.25,200.0
2021-06-18 09:06:00,NSE:DELTAMAGNT,44.7,44.7,44.7,44.7,1.0
2021-06-18 09:15:00,NSE:DELTAMAGNT,43.3,44.0,43.3,43.5,1500.0
2021-06-18 09:18:00,NSE:DELTAMAGNT,43.5,43.5,43.3,43.3,1000.0
2021-06-18 09:24:00,NSE:DELTAMAGNT,42.0,42.0,42.0,42.0,1.0
2021-06-18 09:27:00,NSE:DELTAMAGNT,43.3,44.0,43.3,44.0,1125.0
2021-06-18 09:36:00,NSE:DELTAMAGNT,43.9,43.9,43.9,43.9,500.0
2021-06-18 09:39:00,NSE:DELTAMAGNT,43.0,43.0,43.0,43.0,500.0
2021-06-18 09:48:00,NSE:DELTAMAGNT,42.0,42.0,42.0,42.0,99.0
2021-06-18 09:54:00,NSE:DELTAMAGNT,41.55,41.55,41.55,41.55,225.0
2021-06-18 09:57:00,NSE:DELTAMAGNT,42.0,42.0,42.0,42.0,201.0
2021-06-18 10:09:00,NSE:DELTAMAGNT,41.55,41.55,41.55,41.55,70.0
2021-06-18 10:15:00,NSE:DELTAMAGNT,42.0,42.0,41.55,41.55,157.0
2021-06-18 10:18:00,NSE:DELTAMAGNT,41.55,41.55,41.55,41.55,722.0
2021-06-18 10:21:00,NSE:DELTAMAGNT,41.25,41.25,41.25,41.25,500.0
2021-06-18 10:24:00,NSE:DELTAMAGNT,41.25,41.25,41.1,41.1,3100.0
2021-06-18 10:27:00,NSE:DELTAMAGNT,41.1,41.25,41.1,41.25,411.0
2021-06-18 10:30:00,NSE:DELTAMAGNT,41.25,41.25,41.1,41.1,82.0
2021-06-18 10:33:00,NSE:DELTAMAGNT,41.1,41.1,41.1,41.1,316.0
2021-06-18 10:54:00,NSE:DELTAMAGNT,41.1,43.0,41.1,43.0,1254.0
2021-06-18 10:57:00,NSE:DELTAMAGNT,41.25,41.25,41.25,41.25,420.0
2021-06-18 11:00:00,NSE:DELTAMAGNT,41.25,41.25,41.25,41.25,50.0
2021-06-18 11:03:00,NSE:DELTAMAGNT,41.25,41.25,41.25,41.25,277.0
2021-06-18 11:09:00,NSE:DELTAMAGNT,41.25,41.25,41.25,41.25,100.0
2021-06-18 11:18:00,NSE:DELTAMAGNT,41.25,41.25,41.25,41.25,20.0
2021-06-18 11:39:00,NSE:DELTAMAGNT,41.1,41.1,41.1,41.1,3.0
2021-06-18 11:45:00,NSE:DELTAMAGNT,41.1,41.1,41.1,41.1,1997.0
2021-06-18 12:00:00,NSE:DELTAMAGNT,41.25,41.25,41.25,41.25,200.0
2021-06-18 12:15:00,NSE:DELTAMAGNT,41.25,41.25,41.25,41.25,100.0
2021-06-18 12:45:00,NSE:DELTAMAGNT,41.25,41.25,41.25,41.25,20.0
2021-06-18 12:54:00,NSE:DELTAMAGNT,41.25,41.25,41.25,41.25,1592.0
2021-06-18 13:06:00,NSE:DELTAMAGNT,42.7,42.7,42.7,42.7,10.0
2021-06-18 13:18:00,NSE:DELTAMAGNT,42.7,42.7,42.7,42.7,5.0
2021-06-18 13:24:00,NSE:DELTAMAGNT,41.3,41.3,41.3,41.3,3.0
2021-06-18 13:39:00,NSE:DELTAMAGNT,41.3,41.3,41.3,41.3,4.0
2021-06-18 13:48:00,NSE:DELTAMAGNT,41.3,41.3,41.3,41.3,30.0
2021-06-18 14:09:00,NSE:DELTAMAGNT,41.3,42.7,41.3,42.7,107.0
2021-06-18 14:33:00,NSE:DELTAMAGNT,42.7,42.7,42.7,42.7,25.0
2021-06-18 14:36:00,NSE:DELTAMAGNT,42.7,42.7,42.7,42.7,30.0
2021-06-18 14:51:00,NSE:DELTAMAGNT,41.6,41.6,41.6,41.6,3.0
2021-06-18 14:54:00,NSE:DELTAMAGNT,41.65,41.65,41.65,41.65,692.0
2021-06-18 15:03:00,NSE:DELTAMAGNT,41.7,41.7,41.7,41.7,22.0
2021-06-18 15:06:00,NSE:DELTAMAGNT,42.7,42.7,42.7,42.7,500.0
2021-06-18 15:12:00,NSE:DELTAMAGNT,42.7,42.7,42.7,42.7,20.0
2021-06-18 15:24:00,NSE:DELTAMAGNT,42.7,42.7,42.7,42.7,50.0
2021-06-21 09:06:00,NSE:DELTAMAGNT,44.45,44.45,44.45,44.45,1.0
2021-06-21 09:15:00,NSE:DELTAMAGNT,44.45,44.45,42.65,42.65,20.0
2021-06-21 09:18:00,NSE:DELTAMAGNT,44.35,44.35,44.2,44.2,46.0
2021-06-21 09:24:00,NSE:DELTAMAGNT,42.65,42.65,41.2,41.2,31.0
2021-06-21 09:27:00,NSE:DELTAMAGNT,41.2,42.7,41.2,42.7,60.0
2021-06-21 09:33:00,NSE:DELTAMAGNT,42.7,42.7,42.7,42.7,300.0
2021-06-21 09:39:00,NSE:DELTAMAGNT,40.8,40.8,40.8,40.8,3.0
2021-06-21 09:42:00,NSE:DELTAMAGNT,42.45,42.45,42.45,42.45,16.0
2021-06-21 09:45:00,NSE:DELTAMAGNT,40.7,40.7,40.7,40.7,500.0
2021-06-21 09:57:00,NSE:DELTAMAGNT,42.7,42.7,42.7,42.7,999.0
2021-06-21 10:09:00,NSE:DELTAMAGNT,42.7,42.7,42.7,42.7,100.0
2021-06-21 10:24:00,NSE:DELTAMAGNT,42.7,42.7,42.7,42.7,30.0
2021-06-21 10:36:00,NSE:DELTAMAGNT,42.7,42.7,42.7,42.7,100.0
2021-06-21 10:39:00,NSE:DELTAMAGNT,42.7,43.8,42.7,43.8,543.0
2021-06-21 10:42:00,NSE:DELTAMAGNT,43.8,43.8,43.8,43.8,4.0
2021-06-21 10:51:00,NSE:DELTAMAGNT,43.8,43.8,43.8,43.8,250.0
2021-06-21 10:54:00,NSE:DELTAMAGNT,43.85,43.85,43.85,43.85,10.0
2021-06-21 10:57:00,NSE:DELTAMAGNT,43.85,43.85,43.85,43.85,90.0
2021-06-21 11:03:00,NSE:DELTAMAGNT,44.4,44.4,44.4,44.4,500.0
2021-06-21 11:06:00,NSE:DELTAMAGNT,44.4,44.75,44.4,44.75,2109.0
2021-06-21 11:12:00,NSE:DELTAMAGNT,44.7,44.7,44.7,44.7,50.0
2021-06-21 11:15:00,NSE:DELTAMAGNT,44.7,44.7,44.7,44.7,433.0
2021-06-21 11:21:00,NSE:DELTAMAGNT,44.7,44.7,44.7,44.7,7.0
2021-06-21 11:27:00,NSE:DELTAMAGNT,44.7,44.75,44.7,44.75,1005.0
2021-06-21 11:30:00,NSE:DELTAMAGNT,44.75,44.75,44.75,44.75,183.0
2021-06-21 11:33:00,NSE:DELTAMAGNT,44.75,44.75,44.75,44.75,1164.0
2021-06-21 11:39:00,NSE:DELTAMAGNT,44.75,44.75,44.75,44.75,20.0
2021-06-21 11:42:00,NSE:DELTAMAGNT,44.75,44.75,44.75,44.75,20.0
2021-06-21 11:45:00,NSE:DELTAMAGNT,44.75,44.75,44.75,44.75,322.0
2021-06-21 11:51:00,NSE:DELTAMAGNT,44.75,44.75,44.75,44.75,296.0
2021-06-21 12:57:00,NSE:DELTAMAGNT,44.75,44.75,44.75,44.75,20.0
2021-06-21 14:27:00,NSE:DELTAMAGNT,44.75,44.75,44.75,44.75,1.0
2021-06-21 14:39:00,NSE:DELTAMAGNT,44.75,44.75,44.75,44.75,77.0
2021-06-22 09:30:00,NSE:DELTAMAGNT,46.75,46.75,46.75,46.75,723.0
2021-06-22 09:33:00,NSE:DELTAMAGNT,46.75,46.75,46.75,46.75,1100.0
2021-06-22 09:36:00,NSE:DELTAMAGNT,46.65,46.65,46.65,46.65,571.0
2021-06-22 09:45:00,NSE:DELTAMAGNT,45.3,45.3,45.3,45.3,57.0
2021-06-22 09:57:00,NSE:DELTAMAGNT,46.6,46.6,46.6,46.6,2.0
2021-06-22 10:03:00,NSE:DELTAMAGNT,46.5,46.5,46.5,46.5,103.0
2021-06-22 10:15:00,NSE:DELTAMAGNT,46.6,46.6,46.6,46.6,150.0
2021-06-22 10:24:00,NSE:DELTAMAGNT,46.6,46.6,46.6,46.6,100.0
2021-06-22 10:27:00,NSE:DELTAMAGNT,46.6,46.95,46.1,46.95,1578.0
2021-06-22 10:42:00,NSE:DELTAMAGNT,46.95,46.95,46.95,46.95,10.0
2021-06-22 10:54:00,NSE:DELTAMAGNT,46.95,46.95,46.95,46.95,27.0
2021-06-22 10:57:00,NSE:DELTAMAGNT,46.95,46.95,46.95,46.95,5.0
2021-06-22 11:09:00,NSE:DELTAMAGNT,46.95,46.95,46.95,46.95,477.0
2021-06-22 11:48:00,NSE:DELTAMAGNT,46.95,46.95,46.95,46.95,49.0
2021-06-22 12:00:00,NSE:DELTAMAGNT,46.95,46.95,46.95,46.95,30.0
2021-06-22 13:00:00,NSE:DELTAMAGNT,46.95,46.95,46.95,46.95,28.0
2021-06-22 14:27:00,NSE:DELTAMAGNT,46.95,46.95,46.95,46.95,50.0
2021-06-22 15:15:00,NSE:DELTAMAGNT,46.95,46.95,46.95,46.95,400.0
2021-06-22 15:21:00,NSE:DELTAMAGNT,46.95,46.95,46.95,46.95,8.0
2021-06-23 09:06:00,NSE:DELTAMAGNT,49.25,49.25,49.25,49.25,1257.0
2021-06-23 09:15:00,NSE:DELTAMAGNT,49.25,49.25,49.25,49.25,230.0
2021-06-23 09:18:00,NSE:DELTAMAGNT,49.25,49.25,49.25,49.25,900.0
2021-06-23 09:21:00,NSE:DELTAMAGNT,49.25,49.25,49.25,49.25,30.0
2021-06-23 09:24:00,NSE:DELTAMAGNT,49.25,49.25,49.25,49.25,150.0
2021-06-23 09:33:00,NSE:DELTAMAGNT,49.25,49.25,49.25,49.25,345.0
2021-06-23 09:39:00,NSE:DELTAMAGNT,49.25,49.25,49.25,49.25,1740.0
2021-06-23 09:51:00,NSE:DELTAMAGNT,49.25,49.25,49.25,49.25,1000.0
2021-06-23 10:21:00,NSE:DELTAMAGNT,49.25,49.25,49.25,49.25,50.0
2021-06-23 10:30:00,NSE:DELTAMAGNT,49.25,49.25,49.25,49.25,205.0
2021-06-23 10:42:00,NSE:DELTAMAGNT,49.25,49.25,49.25,49.25,100.0
2021-06-23 11:06:00,NSE:DELTAMAGNT,49.25,49.25,49.25,49.25,30.0
2021-06-23 11:12:00,NSE:DELTAMAGNT,49.25,49.25,49.25,49.25,200.0
2021-06-23 11:42:00,NSE:DELTAMAGNT,49.25,49.25,49.25,49.25,100.0
2021-06-23 12:36:00,NSE:DELTAMAGNT,49.25,49.25,49.25,49.25,75.0
2021-06-23 12:48:00,NSE:DELTAMAGNT,49.25,49.25,49.25,49.25,43.0
2021-06-23 12:51:00,NSE:DELTAMAGNT,49.25,49.25,49.25,49.25,3.0
2021-06-23 13:09:00,NSE:DELTAMAGNT,49.25,49.25,49.25,49.25,1.0
2021-06-23 13:33:00,NSE:DELTAMAGNT,49.25,49.25,49.25,49.25,34.0
2021-06-23 13:36:00,NSE:DELTAMAGNT,49.25,49.25,49.25,49.25,100.0
2021-06-23 14:06:00,NSE:DELTAMAGNT,49.25,49.25,49.25,49.25,150.0
2021-06-23 14:12:00,NSE:DELTAMAGNT,49.25,49.25,49.25,49.25,7.0
2021-06-23 15:06:00,NSE:DELTAMAGNT,49.25,49.25,49.25,49.25,343.0
2021-06-23 15:09:00,NSE:DELTAMAGNT,49.25,49.25,49.25,49.25,300.0
2021-06-23 15:12:00,NSE:DELTAMAGNT,49.25,49.25,49.25,49.25,100.0
2021-06-24 09:06:00,NSE:DELTAMAGNT,51.7,51.7,51.7,51.7,4225.0
2021-06-24 09:15:00,NSE:DELTAMAGNT,51.7,51.7,50.25,50.25,1691.0
2021-06-24 09:18:00,NSE:DELTAMAGNT,51.7,51.7,51.7,51.7,1185.0
2021-06-24 09:21:00,NSE:DELTAMAGNT,51.7,51.7,51.7,51.7,150.0
2021-06-24 09:24:00,NSE:DELTAMAGNT,51.7,51.7,51.7,51.7,255.0
2021-06-24 09:30:00,NSE:DELTAMAGNT,51.7,51.7,51.7,51.7,130.0
2021-06-24 09:33:00,NSE:DELTAMAGNT,51.7,51.7,51.7,51.7,150.0
2021-06-24 09:39:00,NSE:DELTAMAGNT,51.7,51.7,51.7,51.7,1838.0
2021-06-24 09:42:00,NSE:DELTAMAGNT,51.7,51.7,51.7,51.7,100.0
2021-06-24 09:45:00,NSE:DELTAMAGNT,51.7,51.7,51.7,51.7,100.0
2021-06-24 09:48:00,NSE:DELTAMAGNT,51.7,51.7,51.7,51.7,50.0
2021-06-24 09:51:00,NSE:DELTAMAGNT,51.7,51.7,51.7,51.7,200.0
2021-06-24 09:54:00,NSE:DELTAMAGNT,51.7,51.7,51.7,51.7,1601.0
2021-06-24 10:03:00,NSE:DELTAMAGNT,51.7,51.7,51.7,51.7,12.0
2021-06-24 10:06:00,NSE:DELTAMAGNT,51.7,51.7,51.7,51.7,100.0
2021-06-24 10:18:00,NSE:DELTAMAGNT,51.7,51.7,51.7,51.7,100.0
2021-06-24 10:27:00,NSE:DELTAMAGNT,51.7,51.7,51.7,51.7,500.0
2021-06-24 10:36:00,NSE:DELTAMAGNT,51.7,51.7,51.7,51.7,200.0
2021-06-24 10:39:00,NSE:DELTAMAGNT,51.7,51.7,51.7,51.7,100.0
2021-06-24 10:48:00,NSE:DELTAMAGNT,51.7,51.7,51.7,51.7,500.0
2021-06-24 10:57:00,NSE:DELTAMAGNT,51.7,51.7,51.7,51.7,10.0
2021-06-24 11:21:00,NSE:DELTAMAGNT,51.7,51.7,51.7,51.7,5.0
2021-06-24 11:36:00,NSE:DELTAMAGNT,51.7,51.7,51.7,51.7,100.0
2021-06-24 11:45:00,NSE:DELTAMAGNT,51.7,51.7,51.7,51.7,3.0
2021-06-24 11:57:00,NSE:DELTAMAGNT,51.7,51.7,51.7,51.7,100.0
2021-06-24 12:15:00,NSE:DELTAMAGNT,51.7,51.7,51.7,51.7,11.0
2021-06-24 12:21:00,NSE:DELTAMAGNT,51.7,51.7,51.7,51.7,87.0
2021-06-24 12:24:00,NSE:DELTAMAGNT,51.7,51.7,51.7,51.7,50.0
2021-06-24 12:33:00,NSE:DELTAMAGNT,51.7,51.7,51.7,51.7,174.0
2021-06-24 12:39:00,NSE:DELTAMAGNT,51.7,51.7,51.7,51.7,50.0
2021-06-24 12:48:00,NSE:DELTAMAGNT,51.7,51.7,51.7,51.7,25.0
2021-06-24 12:51:00,NSE:DELTAMAGNT,51.7,51.7,51.7,51.7,10.0
2021-06-24 12:57:00,NSE:DELTAMAGNT,51.7,51.7,51.7,51.7,77.0
2021-06-24 13:18:00,NSE:DELTAMAGNT,51.7,51.7,51.7,51.7,10.0
2021-06-24 13:21:00,NSE:DELTAMAGNT,51.7,51.7,51.7,51.7,100.0
2021-06-24 13:24:00,NSE:DELTAMAGNT,51.7,51.7,51.7,51.7,20.0
2021-06-24 13:51:00,NSE:DELTAMAGNT,51.7,51.7,51.7,51.7,650.0
2021-06-24 13:57:00,NSE:DELTAMAGNT,51.7,51.7,51.7,51.7,1.0
2021-06-24 14:06:00,NSE:DELTAMAGNT,51.7,51.7,51.7,51.7,45.0
2021-06-24 14:12:00,NSE:DELTAMAGNT,51.7,51.7,51.7,51.7,46.0
2021-06-24 14:15:00,NSE:DELTAMAGNT,51.7,51.7,51.7,51.7,18.0
2021-06-24 14:21:00,NSE:DELTAMAGNT,51.7,51.7,51.7,51.7,200.0
2021-06-24 14:39:00,NSE:DELTAMAGNT,51.7,51.7,51.7,51.7,200.0
2021-06-24 15:06:00,NSE:DELTAMAGNT,51.7,51.7,51.7,51.7,1.0
2021-06-24 15:12:00,NSE:DELTAMAGNT,51.7,51.7,51.7,51.7,46.0
2021-06-24 15:18:00,NSE:DELTAMAGNT,51.7,51.7,51.7,51.7,12.0
2021-06-25 09:06:00,NSE:DELTAMAGNT,54.25,54.25,54.25,54.25,3700.0
2021-06-25 09:15:00,NSE:DELTAMAGNT,54.25,54.25,53.5,54.0,2256.0
2021-06-25 09:18:00,NSE:DELTAMAGNT,54.25,54.25,54.25,54.25,514.0
2021-06-25 09:21:00,NSE:DELTAMAGNT,54.25,54.25,54.0,54.0,1020.0
2021-06-25 09:24:00,NSE:DELTAMAGNT,54.0,54.25,54.0,54.25,420.0
2021-06-25 09:27:00,NSE:DELTAMAGNT,53.5,53.5,53.5,53.5,25.0
2021-06-25 09:30:00,NSE:DELTAMAGNT,53.5,53.5,53.5,53.5,275.0
2021-06-25 09:33:00,NSE:DELTAMAGNT,53.5,54.0,53.5,54.0,125.0
2021-06-25 09:36:00,NSE:DELTAMAGNT,52.4,54.0,52.4,54.0,170.0
2021-06-25 09:39:00,NSE:DELTAMAGNT,52.4,54.15,51.2,54.15,1707.0
2021-06-25 09:42:00,NSE:DELTAMAGNT,51.25,51.25,51.25,51.25,200.0
2021-06-25 09:45:00,NSE:DELTAMAGNT,54.1,54.15,51.25,51.25,581.0
2021-06-25 09:48:00,NSE:DELTAMAGNT,51.25,54.15,51.25,54.15,27.0
2021-06-25 09:54:00,NSE:DELTAMAGNT,51.5,51.5,51.5,51.5,1000.0
2021-06-25 09:57:00,NSE:DELTAMAGNT,53.9,53.9,51.5,53.85,219.0
2021-06-25 10:03:00,NSE:DELTAMAGNT,51.4,51.4,51.4,51.4,46.0
2021-06-25 10:06:00,NSE:DELTAMAGNT,53.7,53.7,53.7,53.7,10.0
2021-06-25 10:09:00,NSE:DELTAMAGNT,53.7,53.7,53.7,53.7,200.0
2021-06-25 10:15:00,NSE:DELTAMAGNT,53.25,53.25,53.25,53.25,80.0
2021-06-25 10:18:00,NSE:DELTAMAGNT,51.55,53.15,51.55,53.15,45.0
2021-06-25 10:21:00,NSE:DELTAMAGNT,53.15,53.15,53.15,53.15,1.0
2021-06-25 10:30:00,NSE:DELTAMAGNT,51.6,51.6,51.6,51.6,122.0
2021-06-25 10:33:00,NSE:DELTAMAGNT,52.95,52.95,52.95,52.95,112.0
2021-06-25 10:36:00,NSE:DELTAMAGNT,53.0,53.0,53.0,53.0,130.0
2021-06-25 10:39:00,NSE:DELTAMAGNT,53.1,53.1,53.0,53.0,1040.0
2021-06-25 10:45:00,NSE:DELTAMAGNT,52.9,52.9,52.9,52.9,20.0
2021-06-25 10:48:00,NSE:DELTAMAGNT,52.9,52.9,52.9,52.9,91.0
2021-06-25 10:51:00,NSE:DELTAMAGNT,52.9,52.9,52.9,52.9,4.0
2021-06-25 11:00:00,NSE:DELTAMAGNT,52.85,52.85,52.85,52.85,2.0
2021-06-25 11:03:00,NSE:DELTAMAGNT,51.4,51.4,51.4,51.4,10.0
2021-06-25 11:12:00,NSE:DELTAMAGNT,51.4,51.4,51.4,51.4,150.0
2021-06-25 11:15:00,NSE:DELTAMAGNT,51.9,51.9,51.9,51.9,50.0
2021-06-25 11:18:00,NSE:DELTAMAGNT,51.9,52.75,51.9,52.75,260.0
2021-06-25 11:57:00,NSE:DELTAMAGNT,52.0,52.0,52.0,52.0,20.0
2021-06-25 12:00:00,NSE:DELTAMAGNT,52.0,52.0,51.4,51.4,50.0
2021-06-25 12:03:00,NSE:DELTAMAGNT,51.4,51.4,51.4,51.4,491.0
2021-06-25 12:18:00,NSE:DELTAMAGNT,51.4,51.4,51.25,51.25,101.0
2021-06-25 12:21:00,NSE:DELTAMAGNT,52.0,52.0,52.0,52.0,50.0
2021-06-25 12:24:00,NSE:DELTAMAGNT,51.4,51.4,51.4,51.4,163.0
2021-06-25 12:33:00,NSE:DELTAMAGNT,51.4,51.4,51.4,51.4,4.0
2021-06-25 12:36:00,NSE:DELTAMAGNT,51.4,51.4,51.4,51.4,25.0
2021-06-25 12:48:00,NSE:DELTAMAGNT,52.0,52.0,51.4,51.4,135.0
2021-06-25 12:51:00,NSE:DELTAMAGNT,51.4,51.4,51.4,51.4,4.0
2021-06-25 13:09:00,NSE:DELTAMAGNT,51.55,51.55,51.55,51.55,30.0
2021-06-25 13:15:00,NSE:DELTAMAGNT,51.55,51.55,51.55,51.55,239.0
2021-06-25 13:18:00,NSE:DELTAMAGNT,52.4,52.4,52.4,52.4,2.0
2021-06-25 13:21:00,NSE:DELTAMAGNT,52.4,52.4,52.4,52.4,30.0
2021-06-25 13:27:00,NSE:DELTAMAGNT,51.55,51.55,51.55,51.55,231.0
2021-06-25 13:30:00,NSE:DELTAMAGNT,51.5,51.5,51.5,51.5,200.0
2021-06-25 13:33:00,NSE:DELTAMAGNT,51.4,51.4,50.7,50.7,1153.0
2021-06-25 13:51:00,NSE:DELTAMAGNT,52.25,52.25,52.25,52.25,100.0
2021-06-25 13:54:00,NSE:DELTAMAGNT,51.25,51.25,51.25,51.25,166.0
2021-06-25 14:06:00,NSE:DELTAMAGNT,52.25,52.25,52.25,52.25,1.0
2021-06-25 14:15:00,NSE:DELTAMAGNT,52.0,52.0,52.0,52.0,2.0
2021-06-25 14:24:00,NSE:DELTAMAGNT,51.0,51.0,51.0,51.0,46.0
2021-06-25 14:45:00,NSE:DELTAMAGNT,51.0,51.0,51.0,51.0,6.0
2021-06-25 14:54:00,NSE:DELTAMAGNT,51.5,51.5,51.5,51.5,50.0
2021-06-25 15:03:00,NSE:DELTAMAGNT,51.0,51.0,50.75,50.75,2700.0
2021-06-25 15:06:00,NSE:DELTAMAGNT,51.0,51.0,51.0,51.0,99.0
2021-06-25 15:09:00,NSE:DELTAMAGNT,51.95,51.95,51.95,51.95,5.0
2021-06-25 15:18:00,NSE:DELTAMAGNT,51.2,51.2,51.2,51.2,500.0
2021-06-25 15:21:00,NSE:DELTAMAGNT,51.3,51.3,51.3,51.3,70.0
2021-06-25 15:24:00,NSE:DELTAMAGNT,51.95,52.4,51.7,52.4,3143.0
2021-06-25 15:27:00,NSE:DELTAMAGNT,52.5,52.5,52.5,52.5,587.0
2021-06-28 09:15:00,NSE:DELTAMAGNT,53.5,54.1,52.0,54.0,1123.0
2021-06-28 09:18:00,NSE:DELTAMAGNT,54.1,54.1,54.1,54.1,291.0
2021-06-28 09:21:00,NSE:DELTAMAGNT,54.1,54.1,52.2,52.2,1354.0
2021-06-28 09:24:00,NSE:DELTAMAGNT,53.0,53.0,53.0,53.0,1000.0
2021-06-28 09:27:00,NSE:DELTAMAGNT,54.0,54.0,53.0,54.0,765.0
2021-06-28 09:30:00,NSE:DELTAMAGNT,54.0,54.0,54.0,54.0,22.0
2021-06-28 09:36:00,NSE:DELTAMAGNT,54.0,54.0,54.0,54.0,201.0
2021-06-28 09:42:00,NSE:DELTAMAGNT,54.0,54.0,54.0,54.0,2.0
2021-06-28 09:48:00,NSE:DELTAMAGNT,53.0,53.0,53.0,53.0,300.0
2021-06-28 09:51:00,NSE:DELTAMAGNT,53.0,53.0,53.0,53.0,1150.0
2021-06-28 09:57:00,NSE:DELTAMAGNT,53.0,53.0,53.0,53.0,2.0
2021-06-28 10:00:00,NSE:DELTAMAGNT,54.0,54.0,53.0,53.0,2599.0
2021-06-28 10:03:00,NSE:DELTAMAGNT,53.0,53.0,53.0,53.0,1463.0
2021-06-28 10:06:00,NSE:DELTAMAGNT,53.0,53.0,53.0,53.0,137.0
2021-06-28 10:09:00,NSE:DELTAMAGNT,52.5,52.5,52.5,52.5,200.0
2021-06-28 10:18:00,NSE:DELTAMAGNT,52.5,52.5,52.5,52.5,1.0
2021-06-28 10:30:00,NSE:DELTAMAGNT,53.0,53.0,53.0,53.0,4.0
2021-06-28 10:33:00,NSE:DELTAMAGNT,53.0,53.0,53.0,53.0,20.0
2021-06-28 10:39:00,NSE:DELTAMAGNT,52.5,52.5,52.5,52.5,30.0
2021-06-28 10:42:00,NSE:DELTAMAGNT,53.5,53.5,53.5,53.5,500.0
2021-06-28 10:45:00,NSE:DELTAMAGNT,53.9,54.0,53.9,54.0,1000.0
2021-06-28 10:48:00,NSE:DELTAMAGNT,54.0,54.0,54.0,54.0,100.0
2021-06-28 11:03:00,NSE:DELTAMAGNT,53.95,53.95,53.95,53.95,50.0
2021-06-28 11:06:00,NSE:DELTAMAGNT,53.9,53.9,53.9,53.9,154.0
2021-06-28 11:09:00,NSE:DELTAMAGNT,53.95,53.95,53.95,53.95,250.0
2021-06-28 11:12:00,NSE:DELTAMAGNT,53.0,53.0,52.55,52.55,100.0
2021-06-28 11:30:00,NSE:DELTAMAGNT,52.65,52.65,52.65,52.65,16.0
2021-06-28 11:36:00,NSE:DELTAMAGNT,52.7,52.7,52.7,52.7,3.0
2021-06-28 11:39:00,NSE:DELTAMAGNT,52.7,52.7,52.7,52.7,10.0
2021-06-28 11:45:00,NSE:DELTAMAGNT,53.95,53.95,53.95,53.95,2.0
2021-06-28 11:51:00,NSE:DELTAMAGNT,53.95,53.95,53.95,53.95,494.0
2021-06-28 12:12:00,NSE:DELTAMAGNT,52.7,52.7,52.5,52.5,1200.0
2021-06-28 12:18:00,NSE:DELTAMAGNT,52.5,52.5,52.5,52.5,195.0
2021-06-28 12:21:00,NSE:DELTAMAGNT,52.5,52.5,52.5,52.5,300.0
2021-06-28 12:24:00,NSE:DELTAMAGNT,53.25,53.25,53.25,53.25,12.0
2021-06-28 12:36:00,NSE:DELTAMAGNT,53.25,53.25,53.25,53.25,20.0
2021-06-28 12:54:00,NSE:DELTAMAGNT,53.25,53.25,53.25,53.25,25.0
2021-06-28 12:57:00,NSE:DELTAMAGNT,53.3,53.3,53.25,53.25,120.0
2021-06-28 13:03:00,NSE:DELTAMAGNT,52.5,52.5,52.5,52.5,25.0
2021-06-28 13:06:00,NSE:DELTAMAGNT,52.4,52.4,52.4,52.4,568.0
2021-06-28 13:12:00,NSE:DELTAMAGNT,53.95,53.95,53.95,53.95,500.0
2021-06-28 13:18:00,NSE:DELTAMAGNT,52.4,52.4,52.4,52.4,100.0
2021-06-28 13:27:00,NSE:DELTAMAGNT,53.9,53.9,53.9,53.9,100.0
2021-06-28 13:30:00,NSE:DELTAMAGNT,53.9,53.9,53.9,53.9,50.0
2021-06-28 13:33:00,NSE:DELTAMAGNT,53.9,53.9,53.9,53.9,103.0
2021-06-28 14:00:00,NSE:DELTAMAGNT,53.9,53.9,53.9,53.9,50.0
2021-06-28 14:09:00,NSE:DELTAMAGNT,53.9,53.9,53.9,53.9,20.0
2021-06-28 14:12:00,NSE:DELTAMAGNT,53.0,53.0,52.5,52.5,100.0
2021-06-28 14:21:00,NSE:DELTAMAGNT,52.25,52.25,52.25,52.25,800.0
2021-06-28 14:33:00,NSE:DELTAMAGNT,53.9,53.9,53.9,53.9,100.0
2021-06-28 14:36:00,NSE:DELTAMAGNT,53.9,53.9,53.9,53.9,10.0
2021-06-28 15:12:00,NSE:DELTAMAGNT,53.9,53.9,53.9,53.9,50.0
2021-06-28 15:15:00,NSE:DELTAMAGNT,53.9,53.9,53.9,53.9,2.0
2021-06-28 15:21:00,NSE:DELTAMAGNT,53.9,53.9,53.9,53.9,300.0
2021-06-28 15:27:00,NSE:DELTAMAGNT,53.8,53.8,53.8,53.8,20.0
2021-06-29 09:15:00,NSE:DELTAMAGNT,53.9,54.0,52.0,53.0,235.0
2021-06-29 09:18:00,NSE:DELTAMAGNT,52.0,52.0,51.25,51.25,21.0
2021-06-29 09:21:00,NSE:DELTAMAGNT,51.25,53.0,51.25,53.0,140.0
2021-06-29 09:24:00,NSE:DELTAMAGNT,53.0,53.0,53.0,53.0,275.0
2021-06-29 09:30:00,NSE:DELTAMAGNT,53.0,53.0,53.0,53.0,125.0
2021-06-29 09:36:00,NSE:DELTAMAGNT,52.0,52.0,52.0,52.0,690.0
2021-06-29 09:45:00,NSE:DELTAMAGNT,52.0,53.0,52.0,53.0,200.0
2021-06-29 09:48:00,NSE:DELTAMAGNT,53.0,53.0,53.0,53.0,50.0
2021-06-29 09:54:00,NSE:DELTAMAGNT,53.0,53.0,53.0,53.0,50.0
2021-06-29 10:27:00,NSE:DELTAMAGNT,52.0,52.0,52.0,52.0,95.0
2021-06-29 10:42:00,NSE:DELTAMAGNT,52.5,52.5,52.5,52.5,20.0
2021-06-29 11:24:00,NSE:DELTAMAGNT,52.5,52.5,52.5,52.5,400.0
2021-06-29 11:27:00,NSE:DELTAMAGNT,52.1,52.1,52.1,52.1,14.0
2021-06-29 11:30:00,NSE:DELTAMAGNT,54.0,54.0,54.0,54.0,3.0
2021-06-29 11:33:00,NSE:DELTAMAGNT,54.0,54.0,54.0,54.0,1.0
2021-06-29 11:39:00,NSE:DELTAMAGNT,54.0,54.0,54.0,54.0,21.0
2021-06-29 11:42:00,NSE:DELTAMAGNT,54.0,54.0,54.0,54.0,130.0
2021-06-29 11:48:00,NSE:DELTAMAGNT,54.0,54.0,54.0,54.0,70.0
2021-06-29 11:54:00,NSE:DELTAMAGNT,54.0,55.0,54.0,55.0,220.0
2021-06-29 12:00:00,NSE:DELTAMAGNT,54.95,54.95,52.2,52.2,340.0
2021-06-29 12:09:00,NSE:DELTAMAGNT,52.2,52.2,52.2,52.2,50.0
2021-06-29 12:18:00,NSE:DELTAMAGNT,56.45,56.45,52.2,52.2,450.0
2021-06-29 12:33:00,NSE:DELTAMAGNT,55.9,55.9,52.6,52.6,62.0
2021-06-29 12:42:00,NSE:DELTAMAGNT,55.85,55.85,55.85,55.85,1.0
2021-06-29 12:54:00,NSE:DELTAMAGNT,52.85,52.85,52.85,52.85,1.0
2021-06-29 13:45:00,NSE:DELTAMAGNT,52.9,52.9,52.9,52.9,11.0
2021-06-29 14:09:00,NSE:DELTAMAGNT,52.9,52.9,52.9,52.9,69.0
2021-06-29 14:51:00,NSE:DELTAMAGNT,53.05,53.05,53.05,53.05,1.0
2021-06-29 14:54:00,NSE:DELTAMAGNT,54.8,54.8,54.8,54.8,6.0
2021-06-29 14:57:00,NSE:DELTAMAGNT,54.8,54.8,54.8,54.8,4.0
2021-06-29 15:00:00,NSE:DELTAMAGNT,54.8,54.8,54.8,54.8,2.0
2021-06-29 15:06:00,NSE:DELTAMAGNT,53.05,53.05,53.05,53.05,90.0
2021-06-29 15:09:00,NSE:DELTAMAGNT,54.75,54.75,54.75,54.75,1.0
2021-06-29 15:15:00,NSE:DELTAMAGNT,53.05,53.05,53.05,53.05,30.0
2021-06-29 15:21:00,NSE:DELTAMAGNT,53.05,53.05,53.05,53.05,179.0
2021-06-29 15:24:00,NSE:DELTAMAGNT,53.05,53.05,53.05,53.05,61.0
2021-06-29 15:27:00,NSE:DELTAMAGNT,53.05,53.05,53.05,53.05,941.0
2021-06-30 09:15:00,NSE:DELTAMAGNT,53.05,53.05,53.05,53.05,6.0
2021-06-30 09:18:00,NSE:DELTAMAGNT,53.05,53.05,53.05,53.05,90.0
2021-06-30 09:21:00,NSE:DELTAMAGNT,53.05,53.05,53.05,53.05,50.0
2021-06-30 09:36:00,NSE:DELTAMAGNT,53.05,53.05,52.6,52.6,619.0
2021-06-30 09:39:00,NSE:DELTAMAGNT,52.6,52.65,52.6,52.65,2034.0
2021-06-30 09:51:00,NSE:DELTAMAGNT,50.4,50.4,50.4,50.4,2200.0
2021-06-30 10:00:00,NSE:DELTAMAGNT,54.7,54.7,54.7,54.7,77.0
2021-06-30 10:06:00,NSE:DELTAMAGNT,51.5,54.5,51.5,51.5,169.0
2021-06-30 10:21:00,NSE:DELTAMAGNT,54.45,54.45,52.2,52.2,124.0
2021-06-30 10:24:00,NSE:DELTAMAGNT,54.45,54.45,54.45,54.45,1.0
2021-06-30 10:36:00,NSE:DELTAMAGNT,54.3,54.3,54.3,54.3,10.0
2021-06-30 10:54:00,NSE:DELTAMAGNT,52.25,52.25,52.25,52.25,2.0
2021-06-30 11:03:00,NSE:DELTAMAGNT,54.15,54.15,54.15,54.15,90.0
2021-06-30 11:06:00,NSE:DELTAMAGNT,54.3,54.3,54.15,54.3,686.0
2021-06-30 11:09:00,NSE:DELTAMAGNT,54.4,54.4,54.4,54.4,30.0
2021-06-30 11:18:00,NSE:DELTAMAGNT,54.45,54.45,54.45,54.45,34.0
2021-06-30 11:30:00,NSE:DELTAMAGNT,54.3,54.3,53.0,53.0,300.0
2021-06-30 11:33:00,NSE:DELTAMAGNT,54.45,54.45,54.45,54.45,41.0
2021-06-30 11:45:00,NSE:DELTAMAGNT,54.45,54.45,54.45,54.45,10.0
2021-06-30 12:00:00,NSE:DELTAMAGNT,54.4,54.4,54.4,54.4,50.0
2021-06-30 12:15:00,NSE:DELTAMAGNT,54.35,54.35,54.35,54.35,10.0
2021-06-30 12:21:00,NSE:DELTAMAGNT,53.0,53.0,53.0,53.0,200.0
2021-06-30 13:09:00,NSE:DELTAMAGNT,53.0,53.0,53.0,53.0,110.0
2021-06-30 13:18:00,NSE:DELTAMAGNT,54.35,54.35,54.35,54.35,5.0
2021-06-30 13:24:00,NSE:DELTAMAGNT,54.35,54.35,54.35,54.35,100.0
2021-06-30 13:33:00,NSE:DELTAMAGNT,54.3,54.3,54.3,54.3,500.0
2021-06-30 13:45:00,NSE:DELTAMAGNT,54.2,54.2,54.2,54.2,100.0
2021-06-30 14:30:00,NSE:DELTAMAGNT,54.15,54.15,54.15,54.15,50.0
2021-06-30 14:48:00,NSE:DELTAMAGNT,53.05,53.05,53.05,53.05,200.0
2021-06-30 15:00:00,NSE:DELTAMAGNT,52.6,52.6,52.6,52.6,20.0
2021-06-30 15:12:00,NSE:DELTAMAGNT,52.6,52.6,52.6,52.6,2.0
2021-06-30 15:18:00,NSE:DELTAMAGNT,52.6,52.6,52.6,52.6,50.0
2021-06-30 15:21:00,NSE:DELTAMAGNT,52.6,52.6,52.6,52.6,50.0
2021-07-01 09:24:00,NSE:DELTAMAGNT,52.6,52.6,52.6,52.6,9.0
2021-07-01 09:27:00,NSE:DELTAMAGNT,53.95,53.95,53.95,53.95,50.0
2021-07-01 09:30:00,NSE:DELTAMAGNT,51.05,51.05,51.05,51.05,60.0
2021-07-01 09:36:00,NSE:DELTAMAGNT,51.05,51.1,51.05,51.1,200.0
2021-07-01 09:42:00,NSE:DELTAMAGNT,51.15,51.15,51.15,51.15,4.0
2021-07-01 09:45:00,NSE:DELTAMAGNT,53.95,53.95,51.15,51.15,523.0
2021-07-01 09:48:00,NSE:DELTAMAGNT,51.15,51.15,51.15,51.15,100.0
2021-07-01 09:51:00,NSE:DELTAMAGNT,51.15,51.15,51.15,51.15,300.0
2021-07-01 10:00:00,NSE:DELTAMAGNT,54.2,54.2,54.2,54.2,500.0
2021-07-01 10:03:00,NSE:DELTAMAGNT,51.25,51.25,51.25,51.25,50.0
2021-07-01 10:09:00,NSE:DELTAMAGNT,51.25,51.25,51.25,51.25,11.0
2021-07-01 10:30:00,NSE:DELTAMAGNT,54.2,54.2,54.2,54.2,1156.0
2021-07-01 10:39:00,NSE:DELTAMAGNT,51.35,51.35,51.35,51.35,125.0
2021-07-01 10:42:00,NSE:DELTAMAGNT,51.35,51.35,51.35,51.35,1.0
2021-07-01 10:45:00,NSE:DELTAMAGNT,51.35,51.35,51.35,51.35,500.0
2021-07-01 10:51:00,NSE:DELTAMAGNT,53.9,53.9,53.9,53.9,66.0
2021-07-01 10:57:00,NSE:DELTAMAGNT,52.0,52.0,52.0,52.0,13.0
2021-07-01 11:12:00,NSE:DELTAMAGNT,52.05,52.05,52.05,52.05,2.0
2021-07-01 11:36:00,NSE:DELTAMAGNT,52.05,52.05,52.05,52.05,34.0
2021-07-01 11:42:00,NSE:DELTAMAGNT,52.05,52.05,52.05,52.05,5.0
2021-07-01 12:12:00,NSE:DELTAMAGNT,53.8,53.8,53.8,53.8,500.0
2021-07-01 12:15:00,NSE:DELTAMAGNT,52.05,53.8,52.05,53.8,22.0
2021-07-01 12:18:00,NSE:DELTAMAGNT,53.8,53.8,53.8,53.8,12.0
2021-07-01 12:45:00,NSE:DELTAMAGNT,52.05,52.05,52.05,52.05,20.0
2021-07-01 13:33:00,NSE:DELTAMAGNT,52.5,52.5,52.5,52.5,987.0
2021-07-01 13:45:00,NSE:DELTAMAGNT,52.5,52.5,52.5,52.5,100.0
2021-07-01 13:54:00,NSE:DELTAMAGNT,52.5,52.5,52.05,52.05,31.0
2021-07-01 13:57:00,NSE:DELTAMAGNT,52.05,52.05,52.05,52.05,66.0
2021-07-01 14:09:00,NSE:DELTAMAGNT,52.05,52.05,52.05,52.05,105.0
2021-07-01 14:18:00,NSE:DELTAMAGNT,52.05,52.05,52.05,52.05,39.0
2021-07-01 14:27:00,NSE:DELTAMAGNT,52.05,52.05,52.05,52.05,80.0
2021-07-01 14:42:00,NSE:DELTAMAGNT,52.05,52.05,52.05,52.05,99.0
2021-07-01 14:51:00,NSE:DELTAMAGNT,51.5,51.5,51.5,51.5,103.0
2021-07-01 14:54:00,NSE:DELTAMAGNT,51.2,51.2,51.2,51.2,224.0
2021-07-01 15:09:00,NSE:DELTAMAGNT,53.15,53.15,53.15,53.15,100.0
2021-07-01 15:15:00,NSE:DELTAMAGNT,51.35,53.15,51.35,53.15,45.0
2021-07-01 15:27:00,NSE:DELTAMAGNT,51.35,51.35,51.35,51.35,85.0
2021-07-02 09:06:00,NSE:DELTAMAGNT,52.2,52.2,52.2,52.2,1.0
2021-07-02 09:15:00,NSE:DELTAMAGNT,52.2,52.2,52.2,52.2,1.0
2021-07-02 09:30:00,NSE:DELTAMAGNT,52.2,52.2,52.2,52.2,12.0
2021-07-02 09:33:00,NSE:DELTAMAGNT,52.2,52.2,52.2,52.2,5.0
2021-07-02 09:39:00,NSE:DELTAMAGNT,52.1,52.1,52.1,52.1,250.0
2021-07-02 09:45:00,NSE:DELTAMAGNT,52.2,52.2,52.2,52.2,45.0
2021-07-02 10:12:00,NSE:DELTAMAGNT,52.2,52.2,52.2,52.2,50.0
2021-07-02 10:15:00,NSE:DELTAMAGNT,52.2,52.2,52.2,52.2,2.0
2021-07-02 10:27:00,NSE:DELTAMAGNT,52.2,52.2,52.2,52.2,100.0
2021-07-02 10:42:00,NSE:DELTAMAGNT,52.2,52.2,52.2,52.2,103.0
2021-07-02 10:51:00,NSE:DELTAMAGNT,52.1,52.1,52.1,52.1,2.0
2021-07-02 10:57:00,NSE:DELTAMAGNT,52.0,52.0,52.0,52.0,50.0
2021-07-02 11:51:00,NSE:DELTAMAGNT,52.0,52.0,52.0,52.0,450.0
2021-07-02 12:24:00,NSE:DELTAMAGNT,52.0,52.0,52.0,52.0,22.0
2021-07-02 12:27:00,NSE:DELTAMAGNT,52.2,52.2,52.2,52.2,30.0
2021-07-02 13:24:00,NSE:DELTAMAGNT,51.25,51.25,51.25,51.25,145.0
2021-07-02 13:36:00,NSE:DELTAMAGNT,51.25,51.25,51.25,51.25,9.0
2021-07-02 13:39:00,NSE:DELTAMAGNT,50.5,50.5,50.5,50.5,800.0
2021-07-02 13:51:00,NSE:DELTAMAGNT,52.05,52.05,52.05,52.05,30.0
2021-07-02 14:00:00,NSE:DELTAMAGNT,52.05,52.05,52.05,52.05,5.0
2021-07-02 14:03:00,NSE:DELTAMAGNT,51.0,51.0,51.0,51.0,156.0
2021-07-02 14:06:00,NSE:DELTAMAGNT,52.2,52.2,52.2,52.2,15.0
2021-07-02 14:39:00,NSE:DELTAMAGNT,51.0,51.0,50.55,50.55,100.0
2021-07-02 15:09:00,NSE:DELTAMAGNT,50.25,50.25,50.25,50.25,1000.0
2021-07-02 15:21:00,NSE:DELTAMAGNT,52.2,52.2,52.2,52.2,10.0
2021-07-02 15:30:00,NSE:DELTAMAGNT,50.6,50.6,50.6,50.6,1.0
2021-07-05 09:06:00,NSE:DELTAMAGNT,52.75,52.75,52.75,52.75,22.0
2021-07-05 09:15:00,NSE:DELTAMAGNT,52.75,52.75,52.7,52.7,124.0
2021-07-05 09:18:00,NSE:DELTAMAGNT,51.1,51.1,51.1,51.1,700.0
2021-07-05 09:30:00,NSE:DELTAMAGNT,51.0,51.0,51.0,51.0,24.0
2021-07-05 09:33:00,NSE:DELTAMAGNT,50.5,50.5,50.5,50.5,176.0
2021-07-05 09:36:00,NSE:DELTAMAGNT,50.6,50.6,50.6,50.6,2.0
2021-07-05 09:45:00,NSE:DELTAMAGNT,52.45,52.45,52.45,52.45,100.0
2021-07-05 09:54:00,NSE:DELTAMAGNT,50.6,50.6,50.6,50.6,200.0
2021-07-05 10:09:00,NSE:DELTAMAGNT,52.7,52.7,52.7,52.7,500.0
2021-07-05 10:15:00,NSE:DELTAMAGNT,51.05,51.05,51.05,51.05,50.0
2021-07-05 10:42:00,NSE:DELTAMAGNT,52.0,52.0,52.0,52.0,50.0
2021-07-05 10:45:00,NSE:DELTAMAGNT,52.0,52.0,52.0,52.0,3.0
2021-07-05 10:51:00,NSE:DELTAMAGNT,52.3,52.3,52.3,52.3,25.0
2021-07-05 11:03:00,NSE:DELTAMAGNT,52.7,52.7,52.3,52.3,83.0
2021-07-05 11:06:00,NSE:DELTAMAGNT,52.7,52.7,52.7,52.7,1.0
2021-07-05 11:09:00,NSE:DELTAMAGNT,52.3,52.3,52.3,52.3,41.0
2021-07-05 11:18:00,NSE:DELTAMAGNT,52.3,52.3,51.5,51.5,76.0
2021-07-05 11:39:00,NSE:DELTAMAGNT,51.55,51.55,51.55,51.55,200.0
2021-07-05 11:42:00,NSE:DELTAMAGNT,52.7,52.7,52.7,52.7,50.0
2021-07-05 11:45:00,NSE:DELTAMAGNT,52.3,52.3,52.3,52.3,50.0
2021-07-05 12:03:00,NSE:DELTAMAGNT,52.0,52.0,52.0,52.0,10.0
2021-07-05 12:12:00,NSE:DELTAMAGNT,52.0,52.0,52.0,52.0,40.0
2021-07-05 12:24:00,NSE:DELTAMAGNT,52.0,52.0,52.0,52.0,12.0
2021-07-05 12:36:00,NSE:DELTAMAGNT,52.0,52.0,52.0,52.0,19.0
2021-07-05 13:51:00,NSE:DELTAMAGNT,51.55,51.55,51.55,51.55,100.0
2021-07-05 14:00:00,NSE:DELTAMAGNT,51.55,52.0,51.55,52.0,399.0
2021-07-05 14:15:00,NSE:DELTAMAGNT,52.7,52.7,52.7,52.7,100.0
2021-07-05 14:18:00,NSE:DELTAMAGNT,52.7,52.7,52.7,52.7,15.0
2021-07-05 14:21:00,NSE:DELTAMAGNT,52.75,52.75,52.75,52.75,400.0
2021-07-05 15:00:00,NSE:DELTAMAGNT,52.65,52.65,52.65,52.65,2.0
2021-07-05 15:06:00,NSE:DELTAMAGNT,52.75,52.75,52.75,52.75,90.0
2021-07-05 15:21:00,NSE:DELTAMAGNT,52.75,52.75,52.75,52.75,801.0
2021-07-06 09:15:00,NSE:DELTAMAGNT,52.2,52.5,52.2,52.5,29.0
2021-07-06 09:21:00,NSE:DELTAMAGNT,52.5,52.5,51.9,51.9,210.0
2021-07-06 09:33:00,NSE:DELTAMAGNT,51.9,51.9,51.9,51.9,50.0
2021-07-06 09:36:00,NSE:DELTAMAGNT,51.9,51.9,51.9,51.9,100.0
2021-07-06 09:42:00,NSE:DELTAMAGNT,52.2,52.2,52.2,52.2,20.0
2021-07-06 09:45:00,NSE:DELTAMAGNT,52.2,52.5,52.0,52.0,224.0
2021-07-06 09:48:00,NSE:DELTAMAGNT,52.5,52.5,52.5,52.5,80.0
2021-07-06 09:51:00,NSE:DELTAMAGNT,52.9,53.0,52.9,53.0,920.0
2021-07-06 09:54:00,NSE:DELTAMAGNT,53.0,54.6,53.0,54.6,100.0
2021-07-06 10:03:00,NSE:DELTAMAGNT,54.4,54.4,52.0,52.0,26.0
2021-07-06 10:06:00,NSE:DELTAMAGNT,52.0,52.0,52.0,52.0,199.0
2021-07-06 10:09:00,NSE:DELTAMAGNT,52.0,52.0,52.0,52.0,1.0
2021-07-06 10:21:00,NSE:DELTAMAGNT,51.5,51.5,51.5,51.5,500.0
2021-07-06 10:30:00,NSE:DELTAMAGNT,54.35,54.35,54.35,54.35,100.0
2021-07-06 10:39:00,NSE:DELTAMAGNT,52.0,52.0,52.0,52.0,12.0
2021-07-06 10:48:00,NSE:DELTAMAGNT,52.0,52.0,51.9,51.9,118.0
2021-07-06 10:51:00,NSE:DELTAMAGNT,51.9,51.9,51.9,51.9,44.0
2021-07-06 10:54:00,NSE:DELTAMAGNT,54.45,54.5,54.45,54.5,7106.0
2021-07-06 11:00:00,NSE:DELTAMAGNT,54.0,54.0,54.0,54.0,32.0
2021-07-06 11:09:00,NSE:DELTAMAGNT,54.0,54.0,54.0,54.0,32.0
2021-07-06 11:24:00,NSE:DELTAMAGNT,54.0,54.0,54.0,54.0,172.0
2021-07-06 11:36:00,NSE:DELTAMAGNT,53.6,53.6,53.6,53.6,250.0
2021-07-06 11:57:00,NSE:DELTAMAGNT,52.55,52.55,52.55,52.55,1000.0
2021-07-06 12:03:00,NSE:DELTAMAGNT,53.05,53.05,53.05,53.05,100.0
2021-07-06 12:15:00,NSE:DELTAMAGNT,53.05,53.05,53.05,53.05,50.0
2021-07-06 12:48:00,NSE:DELTAMAGNT,53.05,53.05,53.05,53.05,350.0
2021-07-06 12:51:00,NSE:DELTAMAGNT,52.6,52.6,52.6,52.6,1.0
2021-07-06 13:03:00,NSE:DELTAMAGNT,54.0,54.0,54.0,54.0,1803.0
2021-07-06 13:06:00,NSE:DELTAMAGNT,54.4,54.4,54.4,54.4,100.0
2021-07-06 13:09:00,NSE:DELTAMAGNT,54.0,54.0,54.0,54.0,500.0
2021-07-06 13:21:00,NSE:DELTAMAGNT,54.45,55.3,54.45,55.3,1000.0
2021-07-06 13:24:00,NSE:DELTAMAGNT,53.1,53.1,53.1,53.1,34.0
2021-07-06 13:36:00,NSE:DELTAMAGNT,55.3,55.3,55.3,55.3,1091.0
2021-07-06 13:39:00,NSE:DELTAMAGNT,55.35,55.35,55.35,55.35,1727.0
2021-07-06 13:42:00,NSE:DELTAMAGNT,53.5,53.5,53.5,53.5,15.0
2021-07-06 13:45:00,NSE:DELTAMAGNT,55.35,55.35,55.35,55.35,2500.0
2021-07-06 13:48:00,NSE:DELTAMAGNT,55.35,55.35,55.35,55.35,1000.0
2021-07-06 13:51:00,NSE:DELTAMAGNT,55.35,55.35,55.35,55.35,106.0
2021-07-06 13:54:00,NSE:DELTAMAGNT,55.35,55.35,55.35,55.35,100.0
2021-07-06 13:57:00,NSE:DELTAMAGNT,55.35,55.35,55.35,55.35,117.0
2021-07-06 14:03:00,NSE:DELTAMAGNT,55.35,55.35,55.35,55.35,25.0
2021-07-06 14:21:00,NSE:DELTAMAGNT,55.35,55.35,55.35,55.35,259.0
2021-07-06 14:36:00,NSE:DELTAMAGNT,55.35,55.35,55.35,55.35,140.0
2021-07-06 14:39:00,NSE:DELTAMAGNT,55.35,55.35,54.0,55.35,510.0
2021-07-06 14:45:00,NSE:DELTAMAGNT,55.35,55.35,55.35,55.35,1.0
2021-07-06 14:54:00,NSE:DELTAMAGNT,55.0,55.0,55.0,55.0,50.0
2021-07-06 15:00:00,NSE:DELTAMAGNT,55.0,55.0,55.0,55.0,9.0
2021-07-06 15:06:00,NSE:DELTAMAGNT,55.35,55.35,55.35,55.35,640.0
2021-07-06 15:15:00,NSE:DELTAMAGNT,55.35,55.35,55.35,55.35,65.0
2021-07-06 15:18:00,NSE:DELTAMAGNT,55.35,55.35,55.35,55.35,5.0
2021-07-06 15:21:00,NSE:DELTAMAGNT,55.35,55.35,55.35,55.35,180.0
2021-07-06 15:27:00,NSE:DELTAMAGNT,55.35,55.35,55.0,55.0,690.0
2021-07-07 09:15:00,NSE:DELTAMAGNT,55.35,55.35,55.35,55.35,10.0
2021-07-07 09:18:00,NSE:DELTAMAGNT,53.7,53.7,53.7,53.7,100.0
2021-07-07 09:21:00,NSE:DELTAMAGNT,55.35,55.35,55.35,55.35,292.0
2021-07-07 09:30:00,NSE:DELTAMAGNT,53.75,53.75,53.75,53.75,600.0
2021-07-07 09:36:00,NSE:DELTAMAGNT,53.75,53.75,53.75,53.75,1.0
2021-07-07 09:39:00,NSE:DELTAMAGNT,58.05,58.05,58.05,58.05,1785.0
2021-07-07 09:42:00,NSE:DELTAMAGNT,53.75,53.75,53.75,53.75,3194.0
2021-07-07 09:45:00,NSE:DELTAMAGNT,54.0,54.0,54.0,54.0,65.0
2021-07-07 09:51:00,NSE:DELTAMAGNT,57.65,57.65,57.65,57.65,88.0
2021-07-07 10:00:00,NSE:DELTAMAGNT,57.45,57.45,54.5,54.5,650.0
2021-07-07 10:24:00,NSE:DELTAMAGNT,55.9,55.9,55.9,55.9,100.0
2021-07-07 10:36:00,NSE:DELTAMAGNT,55.9,55.9,55.9,55.9,18.0
2021-07-07 10:51:00,NSE:DELTAMAGNT,55.9,55.9,55.1,55.1,123.0
2021-07-07 11:00:00,NSE:DELTAMAGNT,55.9,55.9,55.9,55.9,20.0
2021-07-07 11:03:00,NSE:DELTAMAGNT,55.2,55.2,55.2,55.2,324.0
2021-07-07 11:06:00,NSE:DELTAMAGNT,55.2,55.2,55.2,55.2,2.0
2021-07-07 11:09:00,NSE:DELTAMAGNT,56.0,56.0,56.0,56.0,100.0
2021-07-07 11:15:00,NSE:DELTAMAGNT,55.2,55.2,55.2,55.2,100.0
2021-07-07 11:18:00,NSE:DELTAMAGNT,57.45,57.45,57.45,57.45,3004.0
2021-07-07 11:36:00,NSE:DELTAMAGNT,57.35,57.35,57.35,57.35,88.0
2021-07-07 11:45:00,NSE:DELTAMAGNT,56.95,57.5,56.95,57.5,1800.0
2021-07-07 11:48:00,NSE:DELTAMAGNT,57.5,57.5,57.5,57.5,50.0
2021-07-07 11:57:00,NSE:DELTAMAGNT,57.45,57.45,57.45,57.45,2.0
2021-07-07 12:03:00,NSE:DELTAMAGNT,56.25,57.45,56.25,57.45,202.0
2021-07-07 12:06:00,NSE:DELTAMAGNT,57.45,57.45,57.45,57.45,3.0
2021-07-07 12:15:00,NSE:DELTAMAGNT,55.25,55.25,55.25,55.25,400.0
2021-07-07 12:21:00,NSE:DELTAMAGNT,57.0,57.0,57.0,57.0,20.0
2021-07-07 12:24:00,NSE:DELTAMAGNT,57.0,57.0,57.0,57.0,12.0
2021-07-07 12:30:00,NSE:DELTAMAGNT,57.0,57.0,57.0,57.0,20.0
2021-07-07 12:33:00,NSE:DELTAMAGNT,55.5,55.5,55.5,55.5,34.0
2021-07-07 12:48:00,NSE:DELTAMAGNT,57.0,57.0,57.0,57.0,76.0
2021-07-07 13:03:00,NSE:DELTAMAGNT,57.0,57.0,57.0,57.0,3.0
2021-07-07 13:06:00,NSE:DELTAMAGNT,55.6,57.0,55.6,57.0,206.0
2021-07-07 13:15:00,NSE:DELTAMAGNT,56.0,56.0,56.0,56.0,37.0
2021-07-07 13:18:00,NSE:DELTAMAGNT,57.0,57.0,57.0,57.0,163.0
2021-07-07 13:21:00,NSE:DELTAMAGNT,55.6,55.6,55.6,55.6,5.0
2021-07-07 13:24:00,NSE:DELTAMAGNT,58.0,58.0,58.0,58.0,5000.0
2021-07-07 13:33:00,NSE:DELTAMAGNT,58.0,58.0,58.0,58.0,153.0
2021-07-07 13:36:00,NSE:DELTAMAGNT,58.0,58.0,58.0,58.0,47.0
2021-07-07 13:48:00,NSE:DELTAMAGNT,58.0,58.0,56.3,56.3,800.0
2021-07-07 13:57:00,NSE:DELTAMAGNT,58.0,58.05,58.0,58.0,75.0
2021-07-07 14:00:00,NSE:DELTAMAGNT,58.0,58.0,58.0,58.0,73.0
2021-07-07 14:06:00,NSE:DELTAMAGNT,58.0,58.0,58.0,58.0,25.0
2021-07-07 14:09:00,NSE:DELTAMAGNT,58.0,58.0,58.0,58.0,5.0
2021-07-07 14:15:00,NSE:DELTAMAGNT,58.0,58.0,58.0,58.0,10.0
2021-07-07 14:18:00,NSE:DELTAMAGNT,56.6,56.6,56.6,56.6,64.0
2021-07-07 14:24:00,NSE:DELTAMAGNT,56.65,56.65,56.65,56.65,35.0
2021-07-07 14:42:00,NSE:DELTAMAGNT,58.05,58.05,58.05,58.05,1000.0
2021-07-07 14:48:00,NSE:DELTAMAGNT,58.05,58.05,58.05,58.05,102.0
2021-07-07 14:51:00,NSE:DELTAMAGNT,56.75,56.75,56.75,56.75,45.0
2021-07-07 14:57:00,NSE:DELTAMAGNT,56.75,56.75,56.75,56.75,200.0
2021-07-07 15:00:00,NSE:DELTAMAGNT,57.9,57.9,57.9,57.9,15.0
2021-07-07 15:03:00,NSE:DELTAMAGNT,57.95,57.95,57.95,57.95,100.0
2021-07-07 15:09:00,NSE:DELTAMAGNT,57.0,57.05,56.75,57.05,1000.0
2021-07-07 15:12:00,NSE:DELTAMAGNT,58.0,58.0,58.0,58.0,178.0
2021-07-07 15:15:00,NSE:DELTAMAGNT,58.0,58.05,58.0,58.05,119.0
2021-07-07 15:18:00,NSE:DELTAMAGNT,58.05,58.05,58.05,58.05,100.0
2021-07-07 15:21:00,NSE:DELTAMAGNT,58.05,58.05,58.05,58.05,200.0
2021-07-08 09:21:00,NSE:DELTAMAGNT,57.35,57.35,57.35,57.35,1.0
2021-07-08 09:24:00,NSE:DELTAMAGNT,56.5,56.5,56.5,56.5,2000.0
2021-07-08 09:27:00,NSE:DELTAMAGNT,56.0,56.0,56.0,56.0,619.0
2021-07-08 09:30:00,NSE:DELTAMAGNT,56.0,56.0,56.0,56.0,381.0
2021-07-08 09:33:00,NSE:DELTAMAGNT,55.8,55.8,55.8,55.8,135.0
2021-07-08 09:36:00,NSE:DELTAMAGNT,55.8,55.8,55.8,55.8,162.0
2021-07-08 09:42:00,NSE:DELTAMAGNT,56.0,56.0,56.0,56.0,100.0
2021-07-08 09:45:00,NSE:DELTAMAGNT,59.75,59.75,59.75,59.75,605.0
2021-07-08 09:48:00,NSE:DELTAMAGNT,59.75,59.75,56.15,56.15,51.0
2021-07-08 09:54:00,NSE:DELTAMAGNT,57.5,57.5,57.5,57.5,100.0
2021-07-08 09:57:00,NSE:DELTAMAGNT,59.0,59.0,59.0,59.0,1000.0
2021-07-08 10:03:00,NSE:DELTAMAGNT,56.6,56.6,56.6,56.6,55.0
2021-07-08 10:12:00,NSE:DELTAMAGNT,57.0,57.0,57.0,57.0,120.0
2021-07-08 10:18:00,NSE:DELTAMAGNT,58.9,58.9,58.9,58.9,300.0
2021-07-08 10:27:00,NSE:DELTAMAGNT,56.6,56.6,56.6,56.6,1.0
2021-07-08 10:33:00,NSE:DELTAMAGNT,57.0,57.0,57.0,57.0,300.0
2021-07-08 10:36:00,NSE:DELTAMAGNT,58.9,58.9,58.9,58.9,250.0
2021-07-08 10:42:00,NSE:DELTAMAGNT,58.9,58.9,58.9,58.9,1000.0
2021-07-08 10:57:00,NSE:DELTAMAGNT,57.0,57.0,57.0,57.0,200.0
2021-07-08 11:30:00,NSE:DELTAMAGNT,58.9,58.9,58.9,58.9,427.0
2021-07-08 11:42:00,NSE:DELTAMAGNT,58.9,58.9,58.9,58.9,50.0
2021-07-08 11:51:00,NSE:DELTAMAGNT,58.9,58.9,58.9,58.9,223.0
2021-07-08 11:54:00,NSE:DELTAMAGNT,58.9,58.9,58.9,58.9,10.0
2021-07-08 12:03:00,NSE:DELTAMAGNT,57.3,57.3,57.3,57.3,1.0
2021-07-08 12:18:00,NSE:DELTAMAGNT,56.0,59.45,56.0,59.45,1002.0
2021-07-08 12:24:00,NSE:DELTAMAGNT,59.45,59.45,59.45,59.45,1.0
2021-07-08 12:30:00,NSE:DELTAMAGNT,59.25,59.25,59.25,59.25,100.0
2021-07-08 12:36:00,NSE:DELTAMAGNT,59.25,59.25,59.25,59.25,32.0
2021-07-08 12:51:00,NSE:DELTAMAGNT,59.25,59.25,56.05,56.05,3.0
2021-07-08 12:54:00,NSE:DELTAMAGNT,59.25,59.25,59.25,59.25,200.0
2021-07-08 13:06:00,NSE:DELTAMAGNT,59.25,59.25,59.25,59.25,3.0
2021-07-08 13:27:00,NSE:DELTAMAGNT,56.05,59.2,56.05,59.2,33.0
2021-07-08 13:30:00,NSE:DELTAMAGNT,59.2,59.2,59.2,59.2,80.0
2021-07-08 13:36:00,NSE:DELTAMAGNT,59.0,59.0,59.0,59.0,1.0
2021-07-08 13:39:00,NSE:DELTAMAGNT,59.0,59.0,59.0,59.0,20.0
2021-07-08 13:54:00,NSE:DELTAMAGNT,59.0,59.0,59.0,59.0,500.0
2021-07-08 14:06:00,NSE:DELTAMAGNT,59.0,59.0,59.0,59.0,900.0
2021-07-08 14:30:00,NSE:DELTAMAGNT,56.55,56.55,56.55,56.55,250.0
2021-07-08 14:48:00,NSE:DELTAMAGNT,58.5,58.5,58.5,58.5,20.0
2021-07-08 14:57:00,NSE:DELTAMAGNT,56.6,58.95,56.6,58.95,30.0
2021-07-08 15:06:00,NSE:DELTAMAGNT,57.5,57.5,57.5,57.5,500.0
2021-07-08 15:15:00,NSE:DELTAMAGNT,59.4,59.4,59.4,59.4,21.0
2021-07-08 15:21:00,NSE:DELTAMAGNT,59.45,59.45,59.4,59.4,1180.0
2021-07-09 09:06:00,NSE:DELTAMAGNT,59.5,59.5,59.5,59.5,2.0
2021-07-09 09:15:00,NSE:DELTAMAGNT,59.5,59.5,59.5,59.5,2.0
2021-07-09 09:27:00,NSE:DELTAMAGNT,59.5,59.5,58.85,58.85,1100.0
2021-07-09 09:30:00,NSE:DELTAMAGNT,58.0,58.0,58.0,58.0,100.0
2021-07-09 09:36:00,NSE:DELTAMAGNT,57.2,57.2,57.2,57.2,176.0
2021-07-09 09:39:00,NSE:DELTAMAGNT,59.95,59.95,59.95,59.95,19.0
2021-07-09 09:51:00,NSE:DELTAMAGNT,57.5,57.5,57.5,57.5,25.0
2021-07-09 10:00:00,NSE:DELTAMAGNT,59.95,59.95,59.95,59.95,5.0
2021-07-09 10:09:00,NSE:DELTAMAGNT,57.55,57.55,57.55,57.55,60.0
2021-07-09 10:39:00,NSE:DELTAMAGNT,59.9,59.9,59.9,59.9,5.0
2021-07-09 11:12:00,NSE:DELTAMAGNT,57.9,57.9,57.9,57.9,100.0
2021-07-09 11:33:00,NSE:DELTAMAGNT,57.8,57.8,57.8,57.8,1.0
2021-07-09 11:48:00,NSE:DELTAMAGNT,57.8,57.8,57.8,57.8,1.0
2021-07-09 11:51:00,NSE:DELTAMAGNT,57.8,57.8,57.8,57.8,1184.0
2021-07-09 12:09:00,NSE:DELTAMAGNT,57.85,57.85,57.85,57.85,57.0
2021-07-09 12:57:00,NSE:DELTAMAGNT,59.7,59.7,59.7,59.7,1.0
2021-07-09 13:21:00,NSE:DELTAMAGNT,57.9,57.9,57.9,57.9,22.0
2021-07-09 13:39:00,NSE:DELTAMAGNT,59.65,59.65,59.65,59.65,10.0
2021-07-09 13:51:00,NSE:DELTAMAGNT,58.35,58.35,58.35,58.35,8.0
2021-07-09 14:09:00,NSE:DELTAMAGNT,58.35,59.65,58.35,59.65,117.0
2021-07-09 14:18:00,NSE:DELTAMAGNT,58.25,58.25,58.25,58.25,25.0
2021-07-09 14:42:00,NSE:DELTAMAGNT,58.25,58.25,58.25,58.25,8.0
2021-07-09 14:57:00,NSE:DELTAMAGNT,58.0,58.0,58.0,58.0,200.0
2021-07-09 15:00:00,NSE:DELTAMAGNT,57.9,57.9,57.9,57.9,300.0
2021-07-09 15:06:00,NSE:DELTAMAGNT,57.9,57.9,57.9,57.9,500.0
2021-07-09 15:09:00,NSE:DELTAMAGNT,59.4,59.4,59.4,59.4,10.0
2021-07-09 15:12:00,NSE:DELTAMAGNT,58.5,58.5,58.5,58.5,20.0
2021-07-09 15:15:00,NSE:DELTAMAGNT,57.9,59.4,57.9,59.4,1176.0
2021-07-12 09:15:00,NSE:DELTAMAGNT,60.9,60.9,60.9,60.9,100.0
2021-07-12 09:24:00,NSE:DELTAMAGNT,60.7,60.7,60.7,60.7,100.0
2021-07-12 09:27:00,NSE:DELTAMAGNT,60.75,60.75,60.75,60.75,250.0
2021-07-12 09:45:00,NSE:DELTAMAGNT,58.0,58.0,58.0,58.0,150.0
2021-07-12 09:48:00,NSE:DELTAMAGNT,58.0,58.0,58.0,58.0,50.0
2021-07-12 09:51:00,NSE:DELTAMAGNT,58.0,58.0,57.5,57.5,268.0
2021-07-12 09:54:00,NSE:DELTAMAGNT,58.0,58.0,58.0,58.0,1000.0
2021-07-12 10:09:00,NSE:DELTAMAGNT,57.5,59.7,57.5,59.7,401.0
2021-07-12 10:24:00,NSE:DELTAMAGNT,59.7,59.7,59.7,59.7,20.0
2021-07-12 10:36:00,NSE:DELTAMAGNT,59.7,59.7,59.7,59.7,20.0
2021-07-12 10:48:00,NSE:DELTAMAGNT,58.0,58.0,58.0,58.0,300.0
2021-07-12 11:06:00,NSE:DELTAMAGNT,58.0,58.0,58.0,58.0,30.0
2021-07-12 12:03:00,NSE:DELTAMAGNT,58.1,58.1,58.1,58.1,70.0
2021-07-12 12:12:00,NSE:DELTAMAGNT,58.0,58.0,58.0,58.0,10.0
2021-07-12 12:15:00,NSE:DELTAMAGNT,57.0,57.0,57.0,57.0,201.0
2021-07-12 12:18:00,NSE:DELTAMAGNT,56.0,56.0,56.0,56.0,274.0
2021-07-12 12:21:00,NSE:DELTAMAGNT,56.0,57.95,56.0,57.95,8.0
2021-07-12 12:24:00,NSE:DELTAMAGNT,56.0,56.0,56.0,56.0,5.0
2021-07-12 12:27:00,NSE:DELTAMAGNT,57.95,57.95,57.95,57.95,100.0
2021-07-12 13:00:00,NSE:DELTAMAGNT,57.95,57.95,57.95,57.95,100.0
2021-07-12 13:03:00,NSE:DELTAMAGNT,57.95,57.95,57.95,57.95,5.0
2021-07-12 13:15:00,NSE:DELTAMAGNT,56.05,56.05,56.05,56.05,50.0
2021-07-12 13:24:00,NSE:DELTAMAGNT,57.95,57.95,57.95,57.95,2.0
2021-07-12 13:27:00,NSE:DELTAMAGNT,57.95,57.95,57.95,57.95,3.0
2021-07-12 13:54:00,NSE:DELTAMAGNT,57.95,57.95,57.95,57.95,148.0
2021-07-12 14:15:00,NSE:DELTAMAGNT,57.0,57.0,57.0,57.0,73.0
2021-07-12 14:24:00,NSE:DELTAMAGNT,57.95,57.95,57.0,57.0,52.0
2021-07-12 14:27:00,NSE:DELTAMAGNT,56.5,56.5,56.5,56.5,75.0
2021-07-12 14:33:00,NSE:DELTAMAGNT,56.05,56.05,56.05,56.05,200.0
2021-07-12 14:45:00,NSE:DELTAMAGNT,56.0,56.0,56.0,56.0,500.0
2021-07-12 15:00:00,NSE:DELTAMAGNT,57.95,57.95,57.95,57.95,5.0
2021-07-12 15:12:00,NSE:DELTAMAGNT,57.95,57.95,57.95,57.95,30.0
2021-07-12 15:15:00,NSE:DELTAMAGNT,56.5,56.5,56.5,56.5,500.0
2021-07-12 15:24:00,NSE:DELTAMAGNT,57.95,57.95,57.95,57.95,5.0
2021-07-13 09:30:00,NSE:DELTAMAGNT,57.5,57.5,57.5,57.5,1.0
2021-07-13 09:36:00,NSE:DELTAMAGNT,56.1,56.1,56.1,56.1,220.0
2021-07-13 09:39:00,NSE:DELTAMAGNT,56.1,56.1,56.1,56.1,100.0
2021-07-13 09:51:00,NSE:DELTAMAGNT,56.25,56.25,56.25,56.25,111.0
2021-07-13 09:57:00,NSE:DELTAMAGNT,56.25,56.25,56.25,56.25,21.0
2021-07-13 10:00:00,NSE:DELTAMAGNT,56.2,56.5,56.2,56.5,360.0
2021-07-13 10:21:00,NSE:DELTAMAGNT,57.5,57.5,56.2,56.2,21.0
2021-07-13 10:33:00,NSE:DELTAMAGNT,56.2,56.2,56.2,56.2,2.0
2021-07-13 10:36:00,NSE:DELTAMAGNT,56.2,56.2,56.2,56.2,115.0
2021-07-13 10:54:00,NSE:DELTAMAGNT,56.2,56.2,56.2,56.2,77.0
2021-07-13 11:09:00,NSE:DELTAMAGNT,57.85,57.85,57.85,57.85,100.0
2021-07-13 11:18:00,NSE:DELTAMAGNT,56.25,56.25,56.25,56.25,80.0
2021-07-13 12:06:00,NSE:DELTAMAGNT,56.25,56.25,56.25,56.25,10.0
2021-07-13 13:12:00,NSE:DELTAMAGNT,57.75,57.75,57.75,57.75,1.0
2021-07-13 13:54:00,NSE:DELTAMAGNT,57.75,57.75,57.75,57.75,10.0
2021-07-13 14:09:00,NSE:DELTAMAGNT,56.25,56.25,56.25,56.25,4.0
2021-07-13 14:21:00,NSE:DELTAMAGNT,56.25,56.25,56.25,56.25,150.0
2021-07-13 14:57:00,NSE:DELTAMAGNT,56.25,56.25,56.2,56.2,461.0
2021-07-13 15:00:00,NSE:DELTAMAGNT,56.2,56.2,56.2,56.2,99.0
2021-07-13 15:15:00,NSE:DELTAMAGNT,57.7,57.7,57.7,57.7,10.0
2021-07-13 15:27:00,NSE:DELTAMAGNT,56.25,56.25,56.25,56.25,290.0
2021-07-14 09:06:00,NSE:DELTAMAGNT,56.25,56.25,56.25,56.25,293.0
2021-07-14 09:15:00,NSE:DELTAMAGNT,56.25,59.0,54.0,54.0,470.0
2021-07-14 09:21:00,NSE:DELTAMAGNT,54.3,54.3,54.3,54.3,13.0
2021-07-14 09:24:00,NSE:DELTAMAGNT,54.3,54.3,54.3,54.3,44.0
2021-07-14 09:27:00,NSE:DELTAMAGNT,58.7,58.7,58.65,58.65,11.0
2021-07-14 09:36:00,NSE:DELTAMAGNT,58.45,58.45,58.45,58.45,1.0
2021-07-14 09:45:00,NSE:DELTAMAGNT,58.0,58.0,58.0,58.0,59.0
2021-07-14 10:21:00,NSE:DELTAMAGNT,57.8,57.8,57.8,57.8,170.0
2021-07-14 10:24:00,NSE:DELTAMAGNT,54.55,54.55,54.55,54.55,707.0
2021-07-14 10:30:00,NSE:DELTAMAGNT,55.3,55.3,55.3,55.3,200.0
2021-07-14 10:36:00,NSE:DELTAMAGNT,57.8,57.8,57.8,57.8,55.0
2021-07-14 10:45:00,NSE:DELTAMAGNT,55.55,55.55,55.55,55.55,25.0
2021-07-14 11:03:00,NSE:DELTAMAGNT,57.8,57.8,57.8,57.8,5.0
2021-07-14 11:21:00,NSE:DELTAMAGNT,57.8,57.8,57.8,57.8,20.0
2021-07-14 11:24:00,NSE:DELTAMAGNT,57.8,57.8,57.8,57.8,20.0
2021-07-14 12:27:00,NSE:DELTAMAGNT,55.1,55.1,55.1,55.1,23.0
2021-07-14 12:36:00,NSE:DELTAMAGNT,57.6,57.6,57.6,57.6,112.0
2021-07-14 12:42:00,NSE:DELTAMAGNT,57.6,57.6,57.6,57.6,25.0
2021-07-14 12:57:00,NSE:DELTAMAGNT,57.5,57.5,57.5,57.5,5.0
2021-07-14 13:09:00,NSE:DELTAMAGNT,55.15,55.15,55.15,55.15,1.0
2021-07-14 13:15:00,NSE:DELTAMAGNT,57.4,57.4,57.4,57.4,100.0
2021-07-14 13:18:00,NSE:DELTAMAGNT,57.4,57.4,57.4,57.4,100.0
2021-07-14 13:30:00,NSE:DELTAMAGNT,57.5,57.5,57.5,57.5,1476.0
2021-07-14 13:48:00,NSE:DELTAMAGNT,57.6,57.6,57.6,57.6,10.0
2021-07-14 14:24:00,NSE:DELTAMAGNT,55.65,55.65,55.65,55.65,300.0
2021-07-14 14:27:00,NSE:DELTAMAGNT,55.65,55.65,55.65,55.65,1.0
2021-07-14 14:54:00,NSE:DELTAMAGNT,57.8,57.8,57.8,57.8,100.0
2021-07-14 15:15:00,NSE:DELTAMAGNT,57.75,57.75,57.75,57.75,1.0
2021-07-14 15:18:00,NSE:DELTAMAGNT,57.75,57.75,57.75,57.75,7.0
2021-07-14 15:24:00,NSE:DELTAMAGNT,57.75,57.75,57.75,57.75,9.0
2021-07-15 09:06:00,NSE:DELTAMAGNT,59.0,59.0,59.0,59.0,200.0
2021-07-15 09:15:00,NSE:DELTAMAGNT,59.0,59.0,59.0,59.0,200.0
2021-07-15 09:18:00,NSE:DELTAMAGNT,58.0,58.0,58.0,58.0,100.0
2021-07-15 09:30:00,NSE:DELTAMAGNT,57.8,57.8,57.8,57.8,2.0
2021-07-15 09:45:00,NSE:DELTAMAGNT,55.05,55.05,55.05,55.05,101.0
2021-07-15 09:48:00,NSE:DELTAMAGNT,57.75,57.75,57.75,57.75,1.0
2021-07-15 10:15:00,NSE:DELTAMAGNT,57.7,57.7,57.7,57.7,93.0
2021-07-15 10:27:00,NSE:DELTAMAGNT,55.3,55.3,55.3,55.3,46.0
2021-07-15 10:33:00,NSE:DELTAMAGNT,55.3,55.3,55.3,55.3,125.0
2021-07-15 10:48:00,NSE:DELTAMAGNT,56.95,56.95,56.95,56.95,20.0
2021-07-15 11:18:00,NSE:DELTAMAGNT,56.0,56.0,56.0,56.0,43.0
2021-07-15 11:21:00,NSE:DELTAMAGNT,55.5,55.5,55.5,55.5,7.0
2021-07-15 11:24:00,NSE:DELTAMAGNT,56.9,56.9,56.9,56.9,9.0
2021-07-15 11:45:00,NSE:DELTAMAGNT,55.5,55.5,55.5,55.5,230.0
2021-07-15 11:57:00,NSE:DELTAMAGNT,55.5,55.5,55.5,55.5,301.0
2021-07-15 12:27:00,NSE:DELTAMAGNT,56.9,56.9,56.9,56.9,12.0
2021-07-15 12:30:00,NSE:DELTAMAGNT,56.9,56.9,56.9,56.9,43.0
2021-07-15 13:24:00,NSE:DELTAMAGNT,55.5,55.5,55.5,55.5,427.0
2021-07-15 13:27:00,NSE:DELTAMAGNT,56.95,56.95,56.95,56.95,2.0
2021-07-15 13:36:00,NSE:DELTAMAGNT,56.5,56.5,56.5,56.5,40.0
2021-07-15 13:54:00,NSE:DELTAMAGNT,55.5,55.5,55.5,55.5,20.0
2021-07-15 14:00:00,NSE:DELTAMAGNT,55.5,55.5,55.5,55.5,23.0
2021-07-15 14:03:00,NSE:DELTAMAGNT,55.3,55.3,55.25,55.25,230.0
2021-07-15 14:09:00,NSE:DELTAMAGNT,57.0,57.0,57.0,57.0,286.0
2021-07-15 14:33:00,NSE:DELTAMAGNT,56.0,56.0,56.0,56.0,10.0
2021-07-15 14:45:00,NSE:DELTAMAGNT,55.95,56.0,55.95,56.0,549.0
2021-07-15 14:48:00,NSE:DELTAMAGNT,56.0,56.0,56.0,56.0,451.0
2021-07-15 15:06:00,NSE:DELTAMAGNT,56.0,56.0,56.0,56.0,52.0
2021-07-16 09:27:00,NSE:DELTAMAGNT,56.0,56.0,56.0,56.0,300.0
2021-07-16 09:33:00,NSE:DELTAMAGNT,56.0,56.0,56.0,56.0,4.0
2021-07-16 09:36:00,NSE:DELTAMAGNT,53.4,53.4,53.4,53.4,20.0
2021-07-16 09:39:00,NSE:DELTAMAGNT,56.0,56.0,53.5,53.5,1600.0
2021-07-16 10:03:00,NSE:DELTAMAGNT,53.75,53.75,53.75,53.75,50.0
2021-07-16 10:06:00,NSE:DELTAMAGNT,53.75,53.75,53.75,53.75,1.0
2021-07-16 10:36:00,NSE:DELTAMAGNT,55.25,55.25,55.25,55.25,74.0
2021-07-16 10:48:00,NSE:DELTAMAGNT,55.0,55.0,55.0,55.0,125.0
2021-07-16 10:51:00,NSE:DELTAMAGNT,55.0,55.0,55.0,55.0,1.0
2021-07-16 11:06:00,NSE:DELTAMAGNT,54.2,54.2,54.2,54.2,1.0
2021-07-16 11:09:00,NSE:DELTAMAGNT,54.25,55.25,54.25,55.25,1294.0
2021-07-16 12:09:00,NSE:DELTAMAGNT,55.0,55.0,55.0,55.0,116.0
2021-07-16 12:18:00,NSE:DELTAMAGNT,55.25,55.25,55.25,55.25,12.0
2021-07-16 12:21:00,NSE:DELTAMAGNT,55.0,55.0,54.35,54.35,115.0
2021-07-16 12:51:00,NSE:DELTAMAGNT,54.35,54.35,54.35,54.35,15.0
2021-07-16 13:27:00,NSE:DELTAMAGNT,54.35,54.35,54.35,54.35,10.0
2021-07-16 13:30:00,NSE:DELTAMAGNT,55.0,55.0,55.0,55.0,1.0
2021-07-16 13:39:00,NSE:DELTAMAGNT,55.0,56.0,55.0,56.0,25.0
2021-07-16 14:03:00,NSE:DELTAMAGNT,55.8,55.8,55.8,55.8,1.0
2021-07-16 15:12:00,NSE:DELTAMAGNT,55.4,55.4,55.4,55.4,84.0
2021-07-16 15:15:00,NSE:DELTAMAGNT,55.8,55.8,55.8,55.8,416.0
2021-07-16 15:21:00,NSE:DELTAMAGNT,54.35,54.35,54.35,54.35,100.0
2021-07-19 09:15:00,NSE:DELTAMAGNT,54.55,54.55,54.55,54.55,300.0
2021-07-19 09:18:00,NSE:DELTAMAGNT,52.7,53.05,52.7,53.05,18.0
2021-07-19 09:42:00,NSE:DELTAMAGNT,53.3,53.3,53.3,53.3,30.0
2021-07-19 09:45:00,NSE:DELTAMAGNT,57.3,57.3,53.3,53.3,11.0
2021-07-19 09:51:00,NSE:DELTAMAGNT,57.3,57.3,57.3,57.3,10.0
2021-07-19 10:15:00,NSE:DELTAMAGNT,53.35,53.35,53.35,53.35,8.0
2021-07-19 10:24:00,NSE:DELTAMAGNT,57.0,57.0,57.0,57.0,52.0
2021-07-19 10:27:00,NSE:DELTAMAGNT,57.0,57.0,53.5,53.5,28.0
2021-07-19 10:30:00,NSE:DELTAMAGNT,53.5,53.5,53.5,53.5,46.0
2021-07-19 10:33:00,NSE:DELTAMAGNT,57.0,57.0,57.0,57.0,5.0
2021-07-19 11:00:00,NSE:DELTAMAGNT,57.0,57.0,57.0,57.0,1.0
2021-07-19 12:24:00,NSE:DELTAMAGNT,55.25,55.25,55.25,55.25,10.0
2021-07-19 12:57:00,NSE:DELTAMAGNT,55.0,55.0,55.0,55.0,100.0
2021-07-19 13:36:00,NSE:DELTAMAGNT,54.5,54.5,54.5,54.5,46.0
2021-07-19 13:42:00,NSE:DELTAMAGNT,55.0,55.0,55.0,55.0,155.0
2021-07-19 14:30:00,NSE:DELTAMAGNT,54.6,54.6,54.6,54.6,345.0
2021-07-19 14:33:00,NSE:DELTAMAGNT,54.5,54.5,54.05,54.05,544.0
2021-07-19 14:39:00,NSE:DELTAMAGNT,54.1,55.0,54.1,55.0,525.0
2021-07-19 14:45:00,NSE:DELTAMAGNT,55.0,55.0,55.0,55.0,75.0
2021-07-19 14:48:00,NSE:DELTAMAGNT,55.0,55.0,55.0,55.0,372.0
2021-07-20 09:06:00,NSE:DELTAMAGNT,52.6,52.6,52.6,52.6,31.0
2021-07-20 09:15:00,NSE:DELTAMAGNT,52.6,52.6,52.6,52.6,31.0
2021-07-20 09:27:00,NSE:DELTAMAGNT,53.0,53.0,53.0,53.0,369.0
2021-07-20 09:39:00,NSE:DELTAMAGNT,55.55,55.55,55.55,55.55,2.0
2021-07-20 09:45:00,NSE:DELTAMAGNT,55.6,55.6,55.6,55.6,5.0
2021-07-20 09:54:00,NSE:DELTAMAGNT,55.6,55.6,55.6,55.6,2.0
2021-07-20 10:03:00,NSE:DELTAMAGNT,53.1,53.1,53.1,53.1,44.0
2021-07-20 10:24:00,NSE:DELTAMAGNT,55.0,55.0,55.0,55.0,100.0
2021-07-20 10:36:00,NSE:DELTAMAGNT,53.25,53.25,53.25,53.25,25.0
2021-07-20 10:45:00,NSE:DELTAMAGNT,53.25,53.25,53.25,53.25,294.0
2021-07-20 10:57:00,NSE:DELTAMAGNT,54.0,54.0,54.0,54.0,25.0
2021-07-20 11:09:00,NSE:DELTAMAGNT,54.0,54.0,54.0,54.0,40.0
2021-07-20 11:12:00,NSE:DELTAMAGNT,54.0,54.0,54.0,54.0,835.0
2021-07-20 11:15:00,NSE:DELTAMAGNT,53.1,53.1,53.1,53.1,20.0
2021-07-20 11:27:00,NSE:DELTAMAGNT,53.45,53.45,53.45,53.45,20.0
2021-07-20 11:45:00,NSE:DELTAMAGNT,54.0,54.0,54.0,54.0,1.0
2021-07-20 11:51:00,NSE:DELTAMAGNT,54.0,54.0,54.0,54.0,10.0
2021-07-20 12:33:00,NSE:DELTAMAGNT,53.95,53.95,53.95,53.95,10.0
2021-07-20 12:42:00,NSE:DELTAMAGNT,54.0,54.0,54.0,54.0,50.0
2021-07-20 13:00:00,NSE:DELTAMAGNT,54.0,54.0,54.0,54.0,43.0
2021-07-20 13:06:00,NSE:DELTAMAGNT,53.1,53.1,53.1,53.1,2.0
2021-07-20 13:18:00,NSE:DELTAMAGNT,54.0,54.0,54.0,54.0,3000.0
2021-07-20 13:21:00,NSE:DELTAMAGNT,54.0,54.0,54.0,54.0,151.0
2021-07-20 13:36:00,NSE:DELTAMAGNT,55.6,55.6,55.6,55.6,200.0
2021-07-20 13:45:00,NSE:DELTAMAGNT,54.0,54.0,54.0,54.0,100.0
2021-07-20 13:51:00,NSE:DELTAMAGNT,53.4,53.4,53.4,53.4,200.0
2021-07-20 13:54:00,NSE:DELTAMAGNT,53.45,53.45,53.45,53.45,2.0
2021-07-20 14:00:00,NSE:DELTAMAGNT,53.4,53.4,53.4,53.4,69.0
2021-07-20 14:30:00,NSE:DELTAMAGNT,53.5,53.5,53.5,53.5,80.0
2021-07-20 15:03:00,NSE:DELTAMAGNT,55.5,55.5,55.5,55.5,200.0
2021-07-20 15:06:00,NSE:DELTAMAGNT,53.5,53.5,53.5,53.5,105.0
2021-07-20 15:09:00,NSE:DELTAMAGNT,53.5,53.5,53.5,53.5,11.0
2021-07-20 15:24:00,NSE:DELTAMAGNT,55.0,55.0,55.0,55.0,10.0
2021-07-20 15:27:00,NSE:DELTAMAGNT,53.65,53.65,53.65,53.65,15.0
2021-07-22 09:06:00,NSE:DELTAMAGNT,55.7,55.7,55.7,55.7,1.0
2021-07-22 09:15:00,NSE:DELTAMAGNT,55.7,55.7,55.7,55.7,2.0
2021-07-22 09:24:00,NSE:DELTAMAGNT,55.7,55.7,55.7,55.7,1.0
2021-07-22 09:27:00,NSE:DELTAMAGNT,55.6,55.6,55.6,55.6,1.0
2021-07-22 09:33:00,NSE:DELTAMAGNT,54.6,54.6,54.6,54.6,5.0
2021-07-22 09:39:00,NSE:DELTAMAGNT,55.6,55.6,55.6,55.6,119.0
2021-07-22 09:54:00,NSE:DELTAMAGNT,52.05,52.05,52.05,52.05,1078.0
2021-07-22 09:57:00,NSE:DELTAMAGNT,53.65,53.65,53.65,53.65,75.0
2021-07-22 10:00:00,NSE:DELTAMAGNT,55.0,55.0,55.0,55.0,10.0
2021-07-22 10:09:00,NSE:DELTAMAGNT,53.35,53.35,53.35,53.35,100.0
2021-07-22 10:18:00,NSE:DELTAMAGNT,54.9,54.9,54.9,54.9,35.0
2021-07-22 10:21:00,NSE:DELTAMAGNT,53.35,53.35,53.35,53.35,115.0
2021-07-22 10:27:00,NSE:DELTAMAGNT,53.35,53.35,53.35,53.35,280.0
2021-07-22 10:48:00,NSE:DELTAMAGNT,53.35,54.9,53.35,54.9,317.0
2021-07-22 10:54:00,NSE:DELTAMAGNT,53.35,53.35,53.35,53.35,29.0
2021-07-22 11:03:00,NSE:DELTAMAGNT,53.35,53.35,53.3,53.3,124.0
2021-07-22 11:15:00,NSE:DELTAMAGNT,52.25,52.25,52.25,52.25,1.0
2021-07-22 11:42:00,NSE:DELTAMAGNT,53.25,53.25,53.25,53.25,51.0
2021-07-22 11:45:00,NSE:DELTAMAGNT,52.2,54.7,52.2,54.7,886.0
2021-07-22 12:03:00,NSE:DELTAMAGNT,53.7,53.7,53.7,53.7,500.0
2021-07-22 12:57:00,NSE:DELTAMAGNT,53.7,53.7,53.7,53.7,20.0
2021-07-22 13:15:00,NSE:DELTAMAGNT,53.7,53.7,53.7,53.7,250.0
2021-07-22 13:18:00,NSE:DELTAMAGNT,53.0,53.0,53.0,53.0,115.0
2021-07-22 13:27:00,NSE:DELTAMAGNT,53.0,53.0,53.0,53.0,25.0
2021-07-22 13:30:00,NSE:DELTAMAGNT,54.4,54.4,54.4,54.4,110.0
2021-07-22 13:57:00,NSE:DELTAMAGNT,54.4,54.4,54.4,54.4,40.0
2021-07-22 14:12:00,NSE:DELTAMAGNT,54.4,54.4,54.4,54.4,27.0
2021-07-22 14:18:00,NSE:DELTAMAGNT,54.4,54.4,54.4,54.4,10.0
2021-07-22 14:21:00,NSE:DELTAMAGNT,54.4,54.4,54.4,54.4,10.0
2021-07-22 14:39:00,NSE:DELTAMAGNT,53.1,53.1,53.1,53.1,10.0
2021-07-22 14:51:00,NSE:DELTAMAGNT,53.1,53.1,53.1,53.1,10.0
2021-07-22 15:18:00,NSE:DELTAMAGNT,54.35,54.35,54.35,54.35,1.0
2021-07-22 15:24:00,NSE:DELTAMAGNT,53.15,53.15,53.15,53.15,1.0
2021-07-22 15:27:00,NSE:DELTAMAGNT,53.05,53.05,53.05,53.05,200.0
2021-07-23 09:15:00,NSE:DELTAMAGNT,54.6,55.75,53.2,55.75,200.0
2021-07-23 09:18:00,NSE:DELTAMAGNT,55.7,55.7,52.3,52.3,542.0
2021-07-23 09:27:00,NSE:DELTAMAGNT,52.3,52.3,52.3,52.3,58.0
2021-07-23 09:30:00,NSE:DELTAMAGNT,55.45,55.45,55.45,55.45,20.0
2021-07-23 09:36:00,NSE:DELTAMAGNT,55.4,55.4,52.3,52.3,8.0
2021-07-23 09:51:00,NSE:DELTAMAGNT,52.35,52.35,52.35,52.35,1.0
2021-07-23 10:24:00,NSE:DELTAMAGNT,54.75,54.75,52.45,54.6,105.0
2021-07-23 10:27:00,NSE:DELTAMAGNT,52.55,54.6,52.55,54.6,30.0
2021-07-23 10:30:00,NSE:DELTAMAGNT,52.75,52.75,52.6,52.6,130.0
2021-07-23 10:33:00,NSE:DELTAMAGNT,54.2,54.2,52.6,52.6,15.0
2021-07-23 10:48:00,NSE:DELTAMAGNT,52.65,52.65,52.65,52.65,441.0
2021-07-23 10:54:00,NSE:DELTAMAGNT,53.0,53.0,53.0,53.0,23.0
2021-07-23 10:57:00,NSE:DELTAMAGNT,54.7,54.7,54.7,54.7,50.0
2021-07-23 11:09:00,NSE:DELTAMAGNT,53.0,53.0,53.0,53.0,1.0
2021-07-23 11:15:00,NSE:DELTAMAGNT,53.0,54.6,53.0,54.6,121.0
2021-07-23 11:24:00,NSE:DELTAMAGNT,54.4,54.4,54.4,54.4,2.0
2021-07-23 11:33:00,NSE:DELTAMAGNT,53.0,53.0,53.0,53.0,40.0
2021-07-23 11:39:00,NSE:DELTAMAGNT,53.0,53.0,53.0,53.0,1000.0
2021-07-23 12:03:00,NSE:DELTAMAGNT,54.0,54.0,54.0,54.0,26.0
2021-07-23 12:09:00,NSE:DELTAMAGNT,53.95,53.95,53.95,53.95,6.0
2021-07-23 12:15:00,NSE:DELTAMAGNT,53.0,53.0,53.0,53.0,820.0
2021-07-23 12:27:00,NSE:DELTAMAGNT,52.95,52.95,52.95,52.95,100.0
2021-07-23 12:30:00,NSE:DELTAMAGNT,53.95,53.95,53.95,53.95,21.0
2021-07-23 12:42:00,NSE:DELTAMAGNT,54.05,54.05,54.05,54.05,348.0
2021-07-23 13:27:00,NSE:DELTAMAGNT,54.9,54.9,54.9,54.9,1412.0
2021-07-23 14:48:00,NSE:DELTAMAGNT,54.9,54.9,54.9,54.9,2.0
2021-07-23 15:12:00,NSE:DELTAMAGNT,53.1,53.1,53.1,53.1,250.0
2021-07-23 15:15:00,NSE:DELTAMAGNT,54.75,54.75,54.75,54.75,1.0
2021-07-26 09:27:00,NSE:DELTAMAGNT,53.2,53.2,53.15,53.15,1007.0
2021-07-26 09:33:00,NSE:DELTAMAGNT,54.95,54.95,54.95,54.95,5.0
2021-07-26 09:39:00,NSE:DELTAMAGNT,54.8,54.8,53.15,53.15,59.0
2021-07-26 09:51:00,NSE:DELTAMAGNT,54.7,54.7,54.7,54.7,2.0
2021-07-26 09:54:00,NSE:DELTAMAGNT,54.7,54.7,54.7,54.7,1.0
2021-07-26 10:00:00,NSE:DELTAMAGNT,54.75,54.75,54.75,54.75,50.0
2021-07-26 10:21:00,NSE:DELTAMAGNT,54.75,54.75,54.75,54.75,500.0
2021-07-26 10:24:00,NSE:DELTAMAGNT,54.75,54.75,54.75,54.75,500.0
2021-07-26 10:30:00,NSE:DELTAMAGNT,54.8,54.8,54.8,54.8,300.0
2021-07-26 10:39:00,NSE:DELTAMAGNT,53.4,54.75,53.4,54.75,272.0
2021-07-26 10:48:00,NSE:DELTAMAGNT,54.8,54.8,54.8,54.8,20.0
2021-07-26 11:15:00,NSE:DELTAMAGNT,54.8,54.8,54.8,54.8,10.0
2021-07-26 11:48:00,NSE:DELTAMAGNT,55.0,55.0,55.0,55.0,12.0
2021-07-26 12:03:00,NSE:DELTAMAGNT,53.75,53.75,53.75,53.75,40.0
2021-07-26 12:09:00,NSE:DELTAMAGNT,53.9,53.9,53.9,53.9,2.0
2021-07-26 12:12:00,NSE:DELTAMAGNT,55.0,55.0,55.0,55.0,140.0
2021-07-26 12:15:00,NSE:DELTAMAGNT,55.0,55.0,55.0,55.0,200.0
2021-07-26 12:39:00,NSE:DELTAMAGNT,53.85,53.85,53.55,53.55,313.0
2021-07-26 13:09:00,NSE:DELTAMAGNT,54.9,54.9,54.9,54.9,128.0
2021-07-26 13:30:00,NSE:DELTAMAGNT,54.8,54.8,54.8,54.8,20.0
2021-07-26 13:42:00,NSE:DELTAMAGNT,54.8,54.8,54.8,54.8,10.0
2021-07-26 13:48:00,NSE:DELTAMAGNT,53.8,53.8,53.8,53.8,9.0
2021-07-26 13:51:00,NSE:DELTAMAGNT,53.8,53.8,53.8,53.8,200.0
2021-07-26 13:57:00,NSE:DELTAMAGNT,53.8,53.8,53.8,53.8,10.0
2021-07-26 14:06:00,NSE:DELTAMAGNT,54.0,54.0,54.0,54.0,200.0
2021-07-26 14:09:00,NSE:DELTAMAGNT,53.3,53.3,53.3,53.3,272.0
2021-07-26 14:27:00,NSE:DELTAMAGNT,54.1,54.1,54.1,54.1,73.0
2021-07-26 14:30:00,NSE:DELTAMAGNT,54.85,54.85,54.85,54.85,1.0
2021-07-26 15:12:00,NSE:DELTAMAGNT,54.6,54.6,53.3,53.3,80.0
2021-07-26 15:15:00,NSE:DELTAMAGNT,54.45,54.45,54.45,54.45,5.0
2021-07-26 15:21:00,NSE:DELTAMAGNT,53.45,53.45,53.45,53.45,28.0
2021-07-26 15:27:00,NSE:DELTAMAGNT,54.45,54.45,54.45,54.45,111.0
2021-07-27 09:15:00,NSE:DELTAMAGNT,55.2,55.25,51.4,51.4,62.0
2021-07-27 09:21:00,NSE:DELTAMAGNT,52.35,54.75,52.35,54.75,11.0
2021-07-27 09:24:00,NSE:DELTAMAGNT,54.75,54.75,52.5,52.5,32.0
2021-07-27 09:33:00,NSE:DELTAMAGNT,54.0,54.0,54.0,54.0,200.0
2021-07-27 09:36:00,NSE:DELTAMAGNT,54.85,54.85,54.85,54.85,50.0
2021-07-27 09:42:00,NSE:DELTAMAGNT,55.0,55.0,55.0,55.0,1570.0
2021-07-27 09:45:00,NSE:DELTAMAGNT,55.0,55.0,53.55,53.55,473.0
2021-07-27 09:48:00,NSE:DELTAMAGNT,55.0,55.0,54.25,54.25,128.0
2021-07-27 10:33:00,NSE:DELTAMAGNT,55.5,55.5,55.5,55.5,200.0
2021-07-27 11:00:00,NSE:DELTAMAGNT,53.4,53.4,53.4,53.4,20.0
2021-07-27 11:03:00,NSE:DELTAMAGNT,54.9,54.9,54.9,54.9,10.0
2021-07-27 12:33:00,NSE:DELTAMAGNT,53.55,53.55,53.55,53.55,1.0
2021-07-27 12:36:00,NSE:DELTAMAGNT,53.55,53.55,53.55,53.55,55.0
2021-07-27 12:42:00,NSE:DELTAMAGNT,53.55,53.55,53.55,53.55,100.0
2021-07-27 13:00:00,NSE:DELTAMAGNT,53.55,53.55,53.55,53.55,150.0
2021-07-27 13:24:00,NSE:DELTAMAGNT,54.65,54.65,54.65,54.65,200.0
2021-07-27 13:33:00,NSE:DELTAMAGNT,53.5,54.6,53.5,54.6,364.0
2021-07-27 13:36:00,NSE:DELTAMAGNT,52.95,52.95,52.95,52.95,3.0
2021-07-27 13:54:00,NSE:DELTAMAGNT,54.45,54.45,54.45,54.45,62.0
2021-07-27 14:09:00,NSE:DELTAMAGNT,53.0,53.0,53.0,53.0,16.0
2021-07-27 14:12:00,NSE:DELTAMAGNT,54.0,54.0,54.0,54.0,10.0
2021-07-27 14:45:00,NSE:DELTAMAGNT,52.5,54.0,52.5,54.0,510.0
2021-07-27 15:21:00,NSE:DELTAMAGNT,52.55,52.55,52.55,52.55,8.0
2021-07-27 15:27:00,NSE:DELTAMAGNT,53.95,53.95,53.95,53.95,90.0
2021-07-28 09:18:00,NSE:DELTAMAGNT,52.05,52.05,52.05,52.05,5.0
2021-07-28 09:27:00,NSE:DELTAMAGNT,52.05,52.05,52.0,52.0,300.0
2021-07-28 09:39:00,NSE:DELTAMAGNT,54.0,54.35,54.0,54.35,80.0
2021-07-28 09:57:00,NSE:DELTAMAGNT,54.25,54.25,54.25,54.25,185.0
2021-07-28 10:30:00,NSE:DELTAMAGNT,54.2,54.2,54.2,54.2,10.0
2021-07-28 10:39:00,NSE:DELTAMAGNT,52.5,52.5,52.5,52.5,30.0
2021-07-28 10:57:00,NSE:DELTAMAGNT,53.9,53.9,53.9,53.9,40.0
2021-07-28 11:48:00,NSE:DELTAMAGNT,53.4,53.4,52.25,52.25,308.0
2021-07-28 11:54:00,NSE:DELTAMAGNT,52.25,52.25,52.25,52.25,1.0
2021-07-28 12:09:00,NSE:DELTAMAGNT,52.25,52.25,52.25,52.25,50.0
2021-07-28 12:42:00,NSE:DELTAMAGNT,53.25,53.25,53.25,53.25,10.0
2021-07-28 12:48:00,NSE:DELTAMAGNT,52.25,52.25,52.25,52.25,166.0
2021-07-28 13:06:00,NSE:DELTAMAGNT,53.4,53.4,53.4,53.4,160.0
2021-07-28 13:18:00,NSE:DELTAMAGNT,52.25,52.25,52.25,52.25,390.0
2021-07-28 13:48:00,NSE:DELTAMAGNT,53.45,53.45,53.45,53.45,29.0
2021-07-28 13:57:00,NSE:DELTAMAGNT,53.35,53.35,53.35,53.35,6.0
2021-07-28 14:03:00,NSE:DELTAMAGNT,53.35,53.35,53.35,53.35,6.0
2021-07-28 14:06:00,NSE:DELTAMAGNT,53.35,53.35,53.35,53.35,38.0
2021-07-28 14:21:00,NSE:DELTAMAGNT,52.75,52.75,52.75,52.75,150.0
2021-07-28 14:27:00,NSE:DELTAMAGNT,52.8,52.8,52.8,52.8,60.0
2021-07-28 14:36:00,NSE:DELTAMAGNT,52.75,52.75,52.75,52.75,2.0
2021-07-28 14:54:00,NSE:DELTAMAGNT,53.5,53.5,53.5,53.5,1.0
2021-07-28 15:00:00,NSE:DELTAMAGNT,53.95,53.95,53.95,53.95,77.0
2021-07-28 15:03:00,NSE:DELTAMAGNT,53.95,53.95,52.75,52.75,36.0
2021-07-28 15:09:00,NSE:DELTAMAGNT,53.95,53.95,53.95,53.95,162.0
2021-07-28 15:12:00,NSE:DELTAMAGNT,52.8,53.9,52.8,53.9,6.0
2021-07-28 15:15:00,NSE:DELTAMAGNT,52.85,53.9,52.85,53.9,15.0
2021-07-28 15:18:00,NSE:DELTAMAGNT,54.0,54.0,54.0,54.0,600.0
2021-07-28 15:21:00,NSE:DELTAMAGNT,54.0,54.0,54.0,54.0,337.0
2021-07-28 15:27:00,NSE:DELTAMAGNT,54.4,54.4,54.4,54.4,50.0
2021-07-29 09:21:00,NSE:DELTAMAGNT,52.5,52.5,52.5,52.5,20.0
2021-07-29 09:36:00,NSE:DELTAMAGNT,55.25,55.25,55.25,55.25,300.0
2021-07-29 09:39:00,NSE:DELTAMAGNT,55.2,55.2,55.2,55.2,10.0
2021-07-29 10:03:00,NSE:DELTAMAGNT,55.0,55.0,55.0,55.0,100.0
2021-07-29 10:06:00,NSE:DELTAMAGNT,53.65,54.95,53.65,54.95,6.0
2021-07-29 10:33:00,NSE:DELTAMAGNT,54.6,54.6,54.6,54.6,1.0
2021-07-29 10:39:00,NSE:DELTAMAGNT,52.8,52.8,52.8,52.8,9.0
2021-07-29 10:51:00,NSE:DELTAMAGNT,54.6,54.6,54.6,54.6,162.0
2021-07-29 10:57:00,NSE:DELTAMAGNT,53.95,53.95,53.1,53.1,70.0
2021-07-29 11:03:00,NSE:DELTAMAGNT,54.0,54.0,54.0,54.0,50.0
2021-07-29 11:21:00,NSE:DELTAMAGNT,53.15,53.15,53.15,53.15,200.0
2021-07-29 11:24:00,NSE:DELTAMAGNT,54.35,54.35,54.35,54.35,20.0
2021-07-29 11:33:00,NSE:DELTAMAGNT,54.35,54.35,54.35,54.35,5.0
2021-07-29 11:57:00,NSE:DELTAMAGNT,53.3,53.3,53.3,53.3,200.0
2021-07-29 12:21:00,NSE:DELTAMAGNT,54.55,54.55,54.55,54.55,23.0
2021-07-29 13:15:00,NSE:DELTAMAGNT,53.5,53.5,53.5,53.5,1.0
2021-07-29 13:48:00,NSE:DELTAMAGNT,54.4,54.4,54.4,54.4,1.0
2021-07-29 14:24:00,NSE:DELTAMAGNT,53.2,53.2,53.2,53.2,594.0
2021-07-29 14:51:00,NSE:DELTAMAGNT,54.3,54.3,54.3,54.3,4.0
2021-07-29 15:18:00,NSE:DELTAMAGNT,54.45,54.45,54.45,54.45,440.0
2021-07-29 15:24:00,NSE:DELTAMAGNT,54.45,54.45,54.45,54.45,1.0
2021-07-29 15:27:00,NSE:DELTAMAGNT,54.45,54.45,54.45,54.45,254.0
2021-07-30 09:21:00,NSE:DELTAMAGNT,55.45,55.45,53.4,55.45,200.0
2021-07-30 09:24:00,NSE:DELTAMAGNT,55.2,55.2,55.2,55.2,50.0
2021-07-30 09:36:00,NSE:DELTAMAGNT,52.35,52.35,52.35,52.35,92.0
2021-07-30 09:39:00,NSE:DELTAMAGNT,54.9,54.9,54.9,54.9,1000.0
2021-07-30 09:45:00,NSE:DELTAMAGNT,54.85,54.85,54.85,54.85,8.0
2021-07-30 09:51:00,NSE:DELTAMAGNT,52.75,52.75,52.75,52.75,8.0
2021-07-30 09:54:00,NSE:DELTAMAGNT,54.85,54.9,54.85,54.9,207.0
2021-07-30 09:57:00,NSE:DELTAMAGNT,54.85,54.85,54.85,54.85,2.0
2021-07-30 10:09:00,NSE:DELTAMAGNT,54.85,54.85,54.85,54.85,14.0
2021-07-30 10:18:00,NSE:DELTAMAGNT,54.85,54.9,54.85,54.9,1000.0
2021-07-30 10:21:00,NSE:DELTAMAGNT,54.9,54.9,54.9,54.9,1000.0
2021-07-30 10:24:00,NSE:DELTAMAGNT,54.9,54.9,54.85,54.85,526.0
2021-07-30 10:27:00,NSE:DELTAMAGNT,54.85,54.9,54.85,54.85,224.0
2021-07-30 10:33:00,NSE:DELTAMAGNT,52.8,52.8,52.8,52.8,201.0
2021-07-30 11:48:00,NSE:DELTAMAGNT,53.0,53.0,53.0,53.0,14.0
2021-07-30 11:51:00,NSE:DELTAMAGNT,53.0,53.0,53.0,53.0,15.0
2021-07-30 12:00:00,NSE:DELTAMAGNT,54.9,54.9,54.9,54.9,5.0
2021-07-30 12:57:00,NSE:DELTAMAGNT,53.35,53.35,53.35,53.35,18.0
2021-07-30 13:00:00,NSE:DELTAMAGNT,53.35,53.35,53.35,53.35,28.0
2021-07-30 13:03:00,NSE:DELTAMAGNT,53.35,53.35,53.35,53.35,222.0
2021-07-30 13:12:00,NSE:DELTAMAGNT,53.35,53.35,53.35,53.35,115.0
2021-07-30 13:24:00,NSE:DELTAMAGNT,53.3,53.3,53.3,53.3,34.0
2021-07-30 13:27:00,NSE:DELTAMAGNT,54.35,54.35,54.35,54.35,10.0
2021-07-30 13:39:00,NSE:DELTAMAGNT,53.3,53.3,53.3,53.3,200.0
2021-07-30 13:54:00,NSE:DELTAMAGNT,54.35,54.35,54.35,54.35,1.0
2021-07-30 14:06:00,NSE:DELTAMAGNT,54.0,54.0,54.0,54.0,10.0
2021-07-30 14:39:00,NSE:DELTAMAGNT,53.25,53.25,53.25,53.25,600.0
2021-07-30 14:42:00,NSE:DELTAMAGNT,53.25,54.0,53.25,54.0,150.0
2021-07-30 15:06:00,NSE:DELTAMAGNT,53.35,53.35,53.35,53.35,40.0
2021-07-30 15:15:00,NSE:DELTAMAGNT,54.35,54.35,54.35,54.35,200.0
2021-07-30 15:18:00,NSE:DELTAMAGNT,53.3,53.3,53.3,53.3,120.0
2021-07-30 15:21:00,NSE:DELTAMAGNT,54.35,54.35,54.35,54.35,1.0
2021-07-30 15:24:00,NSE:DELTAMAGNT,54.35,54.35,54.35,54.35,350.0
2021-07-30 15:27:00,NSE:DELTAMAGNT,54.4,54.85,54.4,54.85,358.0
2021-08-02 09:06:00,NSE:DELTAMAGNT,53.6,53.6,53.6,53.6,54.0
