datetime,symbol,open,high,low,close,volume
2021-05-20 09:48:00,NSE:SHREERAMA,13.15,13.15,13.1,13.1,1049.0
2021-05-20 09:51:00,NSE:SHREERAMA,13.2,13.2,13.1,13.1,310.0
2021-05-20 09:54:00,NSE:SHREERAMA,13.1,13.2,13.1,13.2,1386.0
2021-05-20 09:57:00,NSE:SHREERAMA,13.1,13.2,13.1,13.2,132.0
2021-05-20 10:00:00,NSE:SHREERAMA,13.2,13.2,13.2,13.2,8.0
2021-05-20 10:03:00,NSE:SHREERAMA,13.1,13.1,13.05,13.05,6028.0
2021-05-20 10:06:00,NSE:SHREERAMA,13.15,13.15,13.15,13.15,1.0
2021-05-20 10:09:00,NSE:SHREERAMA,13.15,13.15,13.05,13.05,36.0
2021-05-20 10:12:00,NSE:SHREERAMA,13.05,13.2,13.05,13.2,3880.0
2021-05-20 10:15:00,NSE:SHREERAMA,13.1,13.1,13.1,13.1,2.0
2021-05-20 10:18:00,NSE:SHREERAMA,13.2,13.2,13.2,13.2,510.0
2021-05-20 10:21:00,NSE:SHREERAMA,13.2,13.2,13.2,13.2,500.0
2021-05-20 10:24:00,NSE:SHREERAMA,13.2,13.2,13.2,13.2,6.0
2021-05-20 10:27:00,NSE:SHREERAMA,13.15,13.15,13.15,13.15,500.0
2021-05-20 10:30:00,NSE:SHREERAMA,13.15,13.15,13.15,13.15,550.0
2021-05-20 10:33:00,NSE:SHREERAMA,13.1,13.1,13.1,13.1,500.0
2021-05-20 10:36:00,NSE:SHREERAMA,13.15,13.15,13.15,13.15,2.0
2021-05-20 10:42:00,NSE:SHREERAMA,13.1,13.15,13.1,13.15,451.0
2021-05-20 10:45:00,NSE:SHREERAMA,13.1,13.15,13.1,13.15,501.0
2021-05-20 10:48:00,NSE:SHREERAMA,13.15,13.25,13.15,13.2,1068.0
2021-05-20 10:51:00,NSE:SHREERAMA,13.25,13.25,13.25,13.25,1000.0
2021-05-20 10:54:00,NSE:SHREERAMA,13.25,13.25,13.25,13.25,1550.0
2021-05-20 10:57:00,NSE:SHREERAMA,13.25,13.25,13.15,13.15,1010.0
2021-05-20 11:21:00,NSE:SHREERAMA,13.25,13.25,13.25,13.25,37.0
2021-05-20 11:24:00,NSE:SHREERAMA,13.25,13.25,13.25,13.25,1.0
2021-05-20 11:42:00,NSE:SHREERAMA,13.25,13.25,13.25,13.25,60.0
2021-05-20 11:45:00,NSE:SHREERAMA,13.2,13.2,13.2,13.2,4809.0
2021-05-20 11:57:00,NSE:SHREERAMA,13.25,13.25,13.25,13.25,1000.0
2021-05-20 12:00:00,NSE:SHREERAMA,13.2,13.2,13.2,13.2,381.0
2021-05-20 12:03:00,NSE:SHREERAMA,13.15,13.25,13.15,13.25,579.0
2021-05-20 12:09:00,NSE:SHREERAMA,13.05,13.1,13.05,13.1,4804.0
2021-05-20 12:18:00,NSE:SHREERAMA,13.1,13.1,13.1,13.1,508.0
2021-05-20 12:21:00,NSE:SHREERAMA,13.1,13.1,13.05,13.05,83.0
2021-05-20 12:33:00,NSE:SHREERAMA,13.1,13.1,13.1,13.1,100.0
2021-05-20 12:36:00,NSE:SHREERAMA,13.1,13.1,13.1,13.1,2510.0
2021-05-20 12:42:00,NSE:SHREERAMA,13.05,13.05,13.05,13.05,200.0
2021-05-20 12:48:00,NSE:SHREERAMA,13.1,13.1,13.1,13.1,9.0
2021-05-20 12:51:00,NSE:SHREERAMA,13.05,13.05,13.05,13.05,1504.0
2021-05-20 12:57:00,NSE:SHREERAMA,13.05,13.05,13.05,13.05,500.0
2021-05-20 13:03:00,NSE:SHREERAMA,13.05,13.05,13.05,13.05,1.0
2021-05-20 13:06:00,NSE:SHREERAMA,13.1,13.1,13.05,13.05,1200.0
2021-05-20 13:09:00,NSE:SHREERAMA,13.1,13.1,13.1,13.1,10.0
2021-05-20 13:12:00,NSE:SHREERAMA,13.05,13.05,13.05,13.05,50.0
2021-05-20 13:15:00,NSE:SHREERAMA,12.95,12.95,12.95,12.95,3490.0
2021-05-20 13:18:00,NSE:SHREERAMA,13.05,13.05,13.05,13.05,500.0
2021-05-20 13:21:00,NSE:SHREERAMA,13.1,13.1,13.1,13.1,500.0
2021-05-20 13:24:00,NSE:SHREERAMA,12.95,12.95,12.9,12.9,500.0
2021-05-20 13:27:00,NSE:SHREERAMA,13.05,13.05,12.95,12.95,1500.0
2021-05-20 13:30:00,NSE:SHREERAMA,12.9,13.05,12.9,13.05,1229.0
2021-05-20 13:36:00,NSE:SHREERAMA,13.05,13.05,13.05,13.05,100.0
2021-05-20 13:54:00,NSE:SHREERAMA,13.05,13.05,13.05,13.05,10.0
2021-05-20 14:18:00,NSE:SHREERAMA,13.0,13.0,12.9,12.9,6850.0
2021-05-20 14:21:00,NSE:SHREERAMA,12.95,12.95,12.95,12.95,56.0
2021-05-20 14:24:00,NSE:SHREERAMA,13.05,13.1,13.05,13.1,5164.0
2021-05-20 14:27:00,NSE:SHREERAMA,13.1,13.1,13.1,13.1,2000.0
2021-05-20 14:30:00,NSE:SHREERAMA,13.1,13.1,13.1,13.1,1.0
2021-05-20 14:33:00,NSE:SHREERAMA,13.1,13.1,13.1,13.1,1000.0
2021-05-20 14:36:00,NSE:SHREERAMA,13.2,13.2,13.2,13.2,1161.0
2021-05-20 14:39:00,NSE:SHREERAMA,13.25,13.3,13.25,13.3,5001.0
2021-05-20 14:45:00,NSE:SHREERAMA,13.25,13.25,13.25,13.25,500.0
2021-05-20 14:51:00,NSE:SHREERAMA,13.25,13.25,13.25,13.25,8000.0
2021-05-20 14:54:00,NSE:SHREERAMA,13.15,13.35,13.15,13.35,10582.0
2021-05-20 14:57:00,NSE:SHREERAMA,13.5,14.25,13.4,13.8,79342.0
2021-05-20 15:00:00,NSE:SHREERAMA,14.25,14.35,14.0,14.1,9611.0
2021-05-20 15:03:00,NSE:SHREERAMA,14.1,14.1,13.7,14.0,23079.0
2021-05-20 15:06:00,NSE:SHREERAMA,13.95,14.2,13.85,14.15,24818.0
2021-05-20 15:09:00,NSE:SHREERAMA,14.2,14.55,14.05,14.55,31148.0
2021-05-20 15:12:00,NSE:SHREERAMA,14.5,14.65,14.25,14.55,60395.0
2021-05-20 15:15:00,NSE:SHREERAMA,14.6,14.9,14.45,14.75,92860.0
2021-05-20 15:18:00,NSE:SHREERAMA,14.8,14.9,14.65,14.8,36993.0
2021-05-20 15:21:00,NSE:SHREERAMA,14.85,14.95,14.8,14.85,59058.0
2021-05-20 15:24:00,NSE:SHREERAMA,14.85,14.9,14.75,14.75,84040.0
2021-05-20 15:27:00,NSE:SHREERAMA,14.75,14.9,14.75,14.8,21373.0
2021-05-20 15:30:00,NSE:SHREERAMA,14.75,14.75,14.75,14.75,4228.0
2021-05-20 15:39:00,NSE:SHREERAMA,14.65,14.65,14.65,14.65,5000.0
2021-05-20 15:51:00,NSE:SHREERAMA,14.65,14.65,14.65,14.65,20.0
2021-05-21 09:06:00,NSE:SHREERAMA,15.0,15.0,15.0,15.0,3714.0
2021-05-21 09:15:00,NSE:SHREERAMA,15.15,15.85,15.15,15.6,115189.0
2021-05-21 09:18:00,NSE:SHREERAMA,15.6,15.65,14.65,15.1,57615.0
2021-05-21 09:21:00,NSE:SHREERAMA,15.15,15.15,14.8,15.05,17944.0
2021-05-21 09:24:00,NSE:SHREERAMA,15.0,15.25,15.0,15.1,7255.0
2021-05-21 09:27:00,NSE:SHREERAMA,15.1,15.2,15.05,15.05,10598.0
2021-05-21 09:30:00,NSE:SHREERAMA,15.05,15.1,15.05,15.05,5643.0
2021-05-21 09:33:00,NSE:SHREERAMA,15.1,15.1,15.05,15.05,5210.0
2021-05-21 09:36:00,NSE:SHREERAMA,15.05,15.1,15.05,15.1,7533.0
2021-05-21 09:39:00,NSE:SHREERAMA,15.05,15.05,15.05,15.05,6350.0
2021-05-21 09:42:00,NSE:SHREERAMA,15.0,15.1,15.0,15.0,2548.0
2021-05-21 09:45:00,NSE:SHREERAMA,15.1,15.1,15.0,15.0,2419.0
2021-05-21 09:48:00,NSE:SHREERAMA,15.1,15.2,15.1,15.2,2078.0
2021-05-21 09:51:00,NSE:SHREERAMA,15.1,15.3,15.05,15.05,15996.0
2021-05-21 09:54:00,NSE:SHREERAMA,15.2,15.2,15.2,15.2,75.0
2021-05-21 09:57:00,NSE:SHREERAMA,15.2,15.4,15.1,15.1,44364.0
2021-05-21 10:00:00,NSE:SHREERAMA,15.25,15.25,15.05,15.05,18520.0
2021-05-21 10:03:00,NSE:SHREERAMA,15.0,15.0,14.95,14.95,25750.0
2021-05-21 10:09:00,NSE:SHREERAMA,14.9,14.9,14.7,14.85,12337.0
2021-05-21 10:12:00,NSE:SHREERAMA,14.85,14.85,14.85,14.85,950.0
2021-05-21 10:15:00,NSE:SHREERAMA,14.9,14.9,14.85,14.85,3625.0
2021-05-21 10:18:00,NSE:SHREERAMA,14.8,14.9,14.8,14.9,1269.0
2021-05-21 10:21:00,NSE:SHREERAMA,14.8,14.8,14.7,14.7,5320.0
2021-05-21 10:24:00,NSE:SHREERAMA,14.7,14.7,14.65,14.7,4730.0
2021-05-21 10:27:00,NSE:SHREERAMA,14.7,14.75,14.7,14.75,1677.0
2021-05-21 10:30:00,NSE:SHREERAMA,14.75,14.75,14.75,14.75,1290.0
2021-05-21 10:33:00,NSE:SHREERAMA,14.75,14.75,14.75,14.75,2500.0
2021-05-21 10:36:00,NSE:SHREERAMA,14.9,14.95,14.8,14.95,8410.0
2021-05-21 10:39:00,NSE:SHREERAMA,14.95,14.95,14.75,14.8,5191.0
2021-05-21 10:42:00,NSE:SHREERAMA,14.8,14.8,14.8,14.8,6800.0
2021-05-21 10:45:00,NSE:SHREERAMA,14.75,14.8,14.75,14.8,180.0
2021-05-21 10:48:00,NSE:SHREERAMA,14.8,14.8,14.8,14.8,102.0
2021-05-21 10:51:00,NSE:SHREERAMA,14.9,14.9,14.8,14.9,851.0
2021-05-21 10:54:00,NSE:SHREERAMA,14.9,14.9,14.8,14.8,1250.0
2021-05-21 10:57:00,NSE:SHREERAMA,14.95,14.95,14.75,14.8,30786.0
2021-05-21 11:00:00,NSE:SHREERAMA,14.8,14.8,14.75,14.75,383.0
2021-05-21 11:03:00,NSE:SHREERAMA,14.8,14.8,14.75,14.8,265.0
2021-05-21 11:06:00,NSE:SHREERAMA,14.8,14.8,14.8,14.8,102.0
2021-05-21 11:09:00,NSE:SHREERAMA,14.75,14.75,14.75,14.75,1001.0
2021-05-21 11:12:00,NSE:SHREERAMA,14.75,14.75,14.75,14.75,500.0
2021-05-21 11:15:00,NSE:SHREERAMA,14.75,14.8,14.7,14.8,3096.0
2021-05-21 11:18:00,NSE:SHREERAMA,14.7,14.75,14.7,14.75,1166.0
2021-05-21 11:21:00,NSE:SHREERAMA,14.75,14.95,14.75,14.95,4004.0
2021-05-21 11:24:00,NSE:SHREERAMA,14.8,15.0,14.8,15.0,6542.0
2021-05-21 11:27:00,NSE:SHREERAMA,14.9,14.9,14.9,14.9,1172.0
2021-05-21 11:33:00,NSE:SHREERAMA,14.85,14.85,14.85,14.85,580.0
2021-05-21 11:36:00,NSE:SHREERAMA,14.9,14.9,14.9,14.9,500.0
2021-05-21 11:39:00,NSE:SHREERAMA,14.8,14.95,14.8,14.95,1168.0
2021-05-21 11:42:00,NSE:SHREERAMA,14.95,14.95,14.85,14.85,170.0
2021-05-21 11:45:00,NSE:SHREERAMA,14.9,14.9,14.85,14.9,3730.0
2021-05-21 11:48:00,NSE:SHREERAMA,14.85,14.9,14.85,14.9,1062.0
2021-05-21 11:51:00,NSE:SHREERAMA,14.95,15.15,14.95,15.15,12305.0
2021-05-21 11:54:00,NSE:SHREERAMA,15.15,15.2,15.0,15.2,7263.0
2021-05-21 11:57:00,NSE:SHREERAMA,15.15,15.2,15.0,15.0,5070.0
2021-05-21 12:00:00,NSE:SHREERAMA,15.0,15.0,15.0,15.0,600.0
2021-05-21 12:03:00,NSE:SHREERAMA,15.0,15.1,14.85,15.0,6904.0
2021-05-21 12:06:00,NSE:SHREERAMA,15.0,15.0,14.95,15.0,2400.0
2021-05-21 12:09:00,NSE:SHREERAMA,14.95,15.0,14.95,14.95,619.0
2021-05-21 12:12:00,NSE:SHREERAMA,15.0,15.0,15.0,15.0,16.0
2021-05-21 12:15:00,NSE:SHREERAMA,14.95,14.95,14.95,14.95,977.0
2021-05-21 12:18:00,NSE:SHREERAMA,14.85,15.0,14.85,15.0,2175.0
2021-05-21 12:21:00,NSE:SHREERAMA,15.0,15.0,14.9,14.9,2390.0
2021-05-21 12:24:00,NSE:SHREERAMA,14.9,15.0,14.9,15.0,1250.0
2021-05-21 12:27:00,NSE:SHREERAMA,15.0,15.2,15.0,15.15,7120.0
2021-05-21 12:30:00,NSE:SHREERAMA,15.15,15.15,14.95,14.95,424.0
2021-05-21 12:33:00,NSE:SHREERAMA,15.0,15.1,15.0,15.1,1950.0
2021-05-21 12:36:00,NSE:SHREERAMA,15.05,15.1,15.0,15.0,2506.0
2021-05-21 12:39:00,NSE:SHREERAMA,15.0,15.0,14.95,14.95,803.0
2021-05-21 12:45:00,NSE:SHREERAMA,14.95,15.0,14.95,15.0,1297.0
2021-05-21 12:48:00,NSE:SHREERAMA,15.05,15.05,15.05,15.05,70.0
2021-05-21 12:51:00,NSE:SHREERAMA,15.05,15.05,15.05,15.05,40.0
2021-05-21 12:54:00,NSE:SHREERAMA,15.05,15.05,15.0,15.0,619.0
2021-05-21 12:57:00,NSE:SHREERAMA,15.05,15.1,15.05,15.1,5.0
2021-05-21 13:00:00,NSE:SHREERAMA,15.1,15.1,15.05,15.1,105.0
2021-05-21 13:03:00,NSE:SHREERAMA,15.0,15.0,15.0,15.0,587.0
2021-05-21 13:06:00,NSE:SHREERAMA,15.0,15.05,15.0,15.05,54.0
2021-05-21 13:09:00,NSE:SHREERAMA,15.15,15.15,15.1,15.1,1500.0
2021-05-21 13:12:00,NSE:SHREERAMA,15.1,15.1,15.1,15.1,190.0
2021-05-21 13:15:00,NSE:SHREERAMA,15.1,15.1,15.05,15.05,250.0
2021-05-21 13:18:00,NSE:SHREERAMA,15.2,15.2,14.8,14.8,21300.0
2021-05-21 13:21:00,NSE:SHREERAMA,15.1,15.1,15.1,15.1,14.0
2021-05-21 13:24:00,NSE:SHREERAMA,14.95,14.95,14.9,14.9,1910.0
2021-05-21 13:27:00,NSE:SHREERAMA,14.8,14.95,14.8,14.95,794.0
2021-05-21 13:30:00,NSE:SHREERAMA,14.9,14.95,14.9,14.95,6.0
2021-05-21 13:36:00,NSE:SHREERAMA,14.9,14.9,14.9,14.9,3.0
2021-05-21 13:39:00,NSE:SHREERAMA,14.9,14.9,14.7,14.7,6431.0
2021-05-21 13:42:00,NSE:SHREERAMA,14.7,14.8,14.65,14.8,5294.0
2021-05-21 13:45:00,NSE:SHREERAMA,14.8,14.8,14.75,14.8,30.0
2021-05-21 13:48:00,NSE:SHREERAMA,14.8,14.8,14.8,14.8,15.0
2021-05-21 13:51:00,NSE:SHREERAMA,14.7,14.75,14.7,14.75,2502.0
2021-05-21 13:54:00,NSE:SHREERAMA,14.75,14.75,14.55,14.75,3664.0
2021-05-21 13:57:00,NSE:SHREERAMA,14.75,14.8,14.6,14.6,569.0
2021-05-21 14:00:00,NSE:SHREERAMA,14.7,14.8,14.4,14.75,14749.0
2021-05-21 14:03:00,NSE:SHREERAMA,14.75,14.75,14.75,14.75,130.0
2021-05-21 14:06:00,NSE:SHREERAMA,14.65,14.9,14.65,14.85,3768.0
2021-05-21 14:09:00,NSE:SHREERAMA,14.85,14.85,14.8,14.8,188.0
2021-05-21 14:12:00,NSE:SHREERAMA,14.8,14.85,14.8,14.85,351.0
2021-05-21 14:15:00,NSE:SHREERAMA,14.85,14.85,14.85,14.85,28.0
2021-05-21 14:18:00,NSE:SHREERAMA,14.85,14.85,14.85,14.85,34.0
2021-05-21 14:21:00,NSE:SHREERAMA,14.85,15.0,14.85,15.0,2502.0
2021-05-21 14:24:00,NSE:SHREERAMA,14.75,15.0,14.75,15.0,19082.0
2021-05-21 14:27:00,NSE:SHREERAMA,15.0,15.0,14.9,14.9,8467.0
2021-05-21 14:30:00,NSE:SHREERAMA,14.85,14.95,14.85,14.95,50.0
2021-05-21 14:33:00,NSE:SHREERAMA,15.0,15.0,14.75,14.95,5936.0
2021-05-21 14:36:00,NSE:SHREERAMA,14.85,14.85,14.8,14.8,510.0
2021-05-21 14:39:00,NSE:SHREERAMA,14.95,14.95,14.95,14.95,65.0
2021-05-21 14:42:00,NSE:SHREERAMA,14.9,14.9,14.9,14.9,352.0
2021-05-21 14:45:00,NSE:SHREERAMA,14.95,14.95,14.8,14.8,160.0
2021-05-21 14:51:00,NSE:SHREERAMA,14.9,14.9,14.9,14.9,11.0
2021-05-21 14:54:00,NSE:SHREERAMA,14.8,14.8,14.8,14.8,900.0
2021-05-21 14:57:00,NSE:SHREERAMA,14.8,14.8,14.75,14.75,1450.0
2021-05-21 15:00:00,NSE:SHREERAMA,14.85,14.9,14.75,14.9,3837.0
2021-05-21 15:03:00,NSE:SHREERAMA,14.9,14.9,14.9,14.9,1607.0
2021-05-21 15:06:00,NSE:SHREERAMA,14.9,14.95,14.9,14.9,1415.0
2021-05-21 15:09:00,NSE:SHREERAMA,14.9,14.9,14.9,14.9,501.0
2021-05-21 15:12:00,NSE:SHREERAMA,14.9,14.9,14.9,14.9,41.0
2021-05-21 15:15:00,NSE:SHREERAMA,14.8,14.85,14.8,14.85,631.0
2021-05-21 15:18:00,NSE:SHREERAMA,14.8,14.8,14.8,14.8,4792.0
2021-05-21 15:21:00,NSE:SHREERAMA,14.8,14.85,14.8,14.8,1800.0
2021-05-21 15:24:00,NSE:SHREERAMA,14.8,15.1,14.8,15.1,18925.0
2021-05-21 15:27:00,NSE:SHREERAMA,15.1,15.1,14.9,15.0,23014.0
2021-05-21 15:51:00,NSE:SHREERAMA,14.95,14.95,14.95,14.95,6.0
2021-05-24 09:06:00,NSE:SHREERAMA,15.15,15.15,15.15,15.15,3.0
2021-05-24 09:15:00,NSE:SHREERAMA,15.15,15.5,15.0,15.25,17387.0
2021-05-24 09:18:00,NSE:SHREERAMA,15.25,15.5,15.0,15.3,84450.0
2021-05-24 09:21:00,NSE:SHREERAMA,15.3,15.4,15.1,15.35,12487.0
2021-05-24 09:24:00,NSE:SHREERAMA,15.2,15.35,15.2,15.2,7850.0
2021-05-24 09:27:00,NSE:SHREERAMA,15.3,15.35,15.3,15.35,522.0
2021-05-24 09:30:00,NSE:SHREERAMA,15.35,15.5,15.2,15.5,45846.0
2021-05-24 09:33:00,NSE:SHREERAMA,15.5,15.5,15.25,15.5,2202.0
2021-05-24 09:36:00,NSE:SHREERAMA,15.45,15.5,15.45,15.5,2002.0
2021-05-24 09:39:00,NSE:SHREERAMA,15.45,15.55,15.4,15.55,1586.0
2021-05-24 09:42:00,NSE:SHREERAMA,15.55,15.55,15.5,15.5,2100.0
2021-05-24 09:45:00,NSE:SHREERAMA,15.55,15.55,15.45,15.55,1711.0
2021-05-24 09:48:00,NSE:SHREERAMA,15.55,15.6,15.4,15.5,6221.0
2021-05-24 09:51:00,NSE:SHREERAMA,15.5,15.5,15.3,15.3,5673.0
2021-05-24 09:54:00,NSE:SHREERAMA,15.35,15.35,15.35,15.35,2101.0
2021-05-24 09:57:00,NSE:SHREERAMA,15.3,15.45,15.3,15.4,2837.0
2021-05-24 10:00:00,NSE:SHREERAMA,15.4,15.4,15.35,15.35,539.0
2021-05-24 10:03:00,NSE:SHREERAMA,15.3,15.3,15.3,15.3,151.0
2021-05-24 10:06:00,NSE:SHREERAMA,15.3,15.35,15.25,15.25,2500.0
2021-05-24 10:09:00,NSE:SHREERAMA,15.25,15.25,15.25,15.25,2336.0
2021-05-24 10:12:00,NSE:SHREERAMA,15.25,15.25,15.25,15.25,2000.0
2021-05-24 10:15:00,NSE:SHREERAMA,15.3,15.35,15.2,15.2,2945.0
2021-05-24 10:18:00,NSE:SHREERAMA,15.25,15.3,15.25,15.3,9.0
2021-05-24 10:21:00,NSE:SHREERAMA,15.25,15.3,15.25,15.3,1000.0
2021-05-24 10:24:00,NSE:SHREERAMA,15.3,15.3,15.3,15.3,28.0
2021-05-24 10:27:00,NSE:SHREERAMA,15.3,15.3,15.2,15.3,2342.0
2021-05-24 10:30:00,NSE:SHREERAMA,15.3,15.35,15.3,15.35,534.0
2021-05-24 10:33:00,NSE:SHREERAMA,15.35,15.35,15.35,15.35,3.0
2021-05-24 10:36:00,NSE:SHREERAMA,15.35,15.35,15.35,15.35,847.0
2021-05-24 10:42:00,NSE:SHREERAMA,15.25,15.35,15.2,15.2,1102.0
2021-05-24 10:45:00,NSE:SHREERAMA,15.35,15.35,15.2,15.2,657.0
2021-05-24 10:48:00,NSE:SHREERAMA,15.2,15.3,15.2,15.3,330.0
2021-05-24 10:51:00,NSE:SHREERAMA,15.25,15.25,15.15,15.2,3397.0
2021-05-24 10:54:00,NSE:SHREERAMA,15.15,15.35,15.15,15.35,3587.0
2021-05-24 10:57:00,NSE:SHREERAMA,15.3,15.4,15.3,15.4,14100.0
2021-05-24 11:03:00,NSE:SHREERAMA,15.3,15.4,15.3,15.4,159.0
2021-05-24 11:06:00,NSE:SHREERAMA,15.2,15.3,15.2,15.3,3904.0
2021-05-24 11:09:00,NSE:SHREERAMA,15.35,15.4,15.3,15.3,4496.0
2021-05-24 11:12:00,NSE:SHREERAMA,15.45,15.8,15.45,15.8,65091.0
2021-05-24 11:15:00,NSE:SHREERAMA,15.75,16.0,15.75,16.0,40636.0
2021-05-24 11:18:00,NSE:SHREERAMA,16.0,16.25,15.95,16.25,33086.0
2021-05-24 11:21:00,NSE:SHREERAMA,16.25,16.4,15.85,16.2,105043.0
2021-05-24 11:24:00,NSE:SHREERAMA,16.2,16.2,16.1,16.1,6981.0
2021-05-24 11:27:00,NSE:SHREERAMA,16.15,16.15,16.1,16.15,11628.0
2021-05-24 11:30:00,NSE:SHREERAMA,16.1,16.3,16.1,16.25,10825.0
2021-05-24 11:33:00,NSE:SHREERAMA,16.25,16.5,16.25,16.45,38454.0
2021-05-24 11:36:00,NSE:SHREERAMA,16.5,16.8,16.3,16.8,46627.0
2021-05-24 11:39:00,NSE:SHREERAMA,16.8,16.8,16.55,16.7,38789.0
2021-05-24 11:42:00,NSE:SHREERAMA,16.6,16.6,16.25,16.4,7944.0
2021-05-24 11:45:00,NSE:SHREERAMA,16.55,16.6,16.4,16.4,40695.0
2021-05-24 11:48:00,NSE:SHREERAMA,16.3,16.45,16.2,16.2,5630.0
2021-05-24 11:51:00,NSE:SHREERAMA,16.15,16.3,16.15,16.2,18526.0
2021-05-24 11:54:00,NSE:SHREERAMA,16.2,16.2,15.95,15.95,15669.0
2021-05-24 11:57:00,NSE:SHREERAMA,15.9,15.9,15.5,15.55,10382.0
2021-05-24 12:00:00,NSE:SHREERAMA,15.55,15.6,15.55,15.6,5046.0
2021-05-24 12:03:00,NSE:SHREERAMA,15.6,15.6,15.6,15.6,6813.0
2021-05-24 12:06:00,NSE:SHREERAMA,15.55,15.6,15.5,15.5,4338.0
2021-05-24 12:09:00,NSE:SHREERAMA,15.6,15.7,15.55,15.7,8568.0
2021-05-24 12:12:00,NSE:SHREERAMA,15.7,15.7,15.6,15.6,12493.0
2021-05-24 12:15:00,NSE:SHREERAMA,15.7,15.7,15.55,15.7,7170.0
2021-05-24 12:18:00,NSE:SHREERAMA,15.7,15.7,15.6,15.7,606.0
2021-05-24 12:21:00,NSE:SHREERAMA,15.7,15.7,15.6,15.7,10613.0
2021-05-24 12:24:00,NSE:SHREERAMA,15.7,15.7,15.6,15.7,7004.0
2021-05-24 12:27:00,NSE:SHREERAMA,15.7,15.7,15.6,15.6,9781.0
2021-05-24 12:30:00,NSE:SHREERAMA,15.55,15.65,15.55,15.55,4003.0
2021-05-24 12:33:00,NSE:SHREERAMA,15.6,15.6,15.6,15.6,300.0
2021-05-24 12:36:00,NSE:SHREERAMA,15.6,15.75,15.6,15.75,1292.0
2021-05-24 12:39:00,NSE:SHREERAMA,15.75,15.8,15.75,15.8,2074.0
2021-05-24 12:42:00,NSE:SHREERAMA,15.8,16.1,15.8,16.0,7418.0
2021-05-24 12:45:00,NSE:SHREERAMA,16.0,16.0,16.0,16.0,1467.0
2021-05-24 12:48:00,NSE:SHREERAMA,15.95,15.95,15.95,15.95,802.0
2021-05-24 12:51:00,NSE:SHREERAMA,15.95,15.95,15.95,15.95,507.0
2021-05-24 12:54:00,NSE:SHREERAMA,15.95,16.0,15.9,16.0,1647.0
2021-05-24 12:57:00,NSE:SHREERAMA,16.0,16.1,15.9,16.1,6623.0
2021-05-24 13:00:00,NSE:SHREERAMA,16.15,16.15,15.9,15.95,2841.0
2021-05-24 13:03:00,NSE:SHREERAMA,16.0,16.0,16.0,16.0,709.0
2021-05-24 13:06:00,NSE:SHREERAMA,16.0,16.1,15.95,15.95,2000.0
2021-05-24 13:09:00,NSE:SHREERAMA,16.0,16.1,15.95,16.1,1879.0
2021-05-24 13:12:00,NSE:SHREERAMA,16.0,16.15,16.0,16.1,6477.0
2021-05-24 13:15:00,NSE:SHREERAMA,16.15,16.15,16.0,16.0,5070.0
2021-05-24 13:18:00,NSE:SHREERAMA,16.0,16.0,15.9,15.9,6061.0
2021-05-24 13:21:00,NSE:SHREERAMA,15.9,15.9,15.9,15.9,1.0
2021-05-24 13:24:00,NSE:SHREERAMA,15.9,15.9,15.9,15.9,1001.0
2021-05-24 13:27:00,NSE:SHREERAMA,15.9,15.95,15.9,15.95,283.0
2021-05-24 13:30:00,NSE:SHREERAMA,15.9,16.0,15.9,16.0,1100.0
2021-05-24 13:33:00,NSE:SHREERAMA,15.95,16.0,15.9,15.9,8183.0
2021-05-24 13:36:00,NSE:SHREERAMA,15.9,15.9,15.9,15.9,1625.0
2021-05-24 13:39:00,NSE:SHREERAMA,15.9,15.9,15.85,15.9,2086.0
2021-05-24 13:42:00,NSE:SHREERAMA,15.9,15.9,15.9,15.9,2000.0
2021-05-24 13:45:00,NSE:SHREERAMA,15.95,15.95,15.9,15.95,12020.0
2021-05-24 13:48:00,NSE:SHREERAMA,15.8,15.95,15.8,15.95,4600.0
2021-05-24 13:54:00,NSE:SHREERAMA,16.0,16.1,16.0,16.1,11327.0
2021-05-24 13:57:00,NSE:SHREERAMA,16.2,16.25,16.1,16.1,4923.0
2021-05-24 14:00:00,NSE:SHREERAMA,16.1,16.35,16.1,16.2,12670.0
2021-05-24 14:03:00,NSE:SHREERAMA,16.3,16.6,16.1,16.3,20004.0
2021-05-24 14:06:00,NSE:SHREERAMA,16.3,16.4,16.3,16.3,1693.0
2021-05-24 14:09:00,NSE:SHREERAMA,16.4,16.4,16.3,16.3,2202.0
2021-05-24 14:12:00,NSE:SHREERAMA,16.3,16.35,16.3,16.35,1502.0
2021-05-24 14:15:00,NSE:SHREERAMA,16.35,16.4,16.35,16.4,2525.0
2021-05-24 14:18:00,NSE:SHREERAMA,16.25,16.5,16.25,16.5,6223.0
2021-05-24 14:21:00,NSE:SHREERAMA,16.5,16.7,16.5,16.7,17810.0
2021-05-24 14:24:00,NSE:SHREERAMA,16.65,16.8,16.65,16.8,16771.0
2021-05-24 14:27:00,NSE:SHREERAMA,16.8,16.8,16.3,16.65,11619.0
2021-05-24 14:30:00,NSE:SHREERAMA,16.5,16.65,16.5,16.65,7721.0
2021-05-24 14:33:00,NSE:SHREERAMA,16.65,16.65,16.6,16.6,4272.0
2021-05-24 14:36:00,NSE:SHREERAMA,16.55,16.6,16.55,16.6,4710.0
2021-05-24 14:39:00,NSE:SHREERAMA,16.55,16.6,16.5,16.5,5310.0
2021-05-24 14:42:00,NSE:SHREERAMA,16.5,16.5,16.5,16.5,501.0
2021-05-24 14:45:00,NSE:SHREERAMA,16.5,16.5,16.5,16.5,5297.0
2021-05-24 14:48:00,NSE:SHREERAMA,16.45,16.45,16.4,16.4,2156.0
2021-05-24 14:51:00,NSE:SHREERAMA,16.45,16.45,16.35,16.4,2320.0
2021-05-24 14:54:00,NSE:SHREERAMA,16.3,16.3,16.2,16.25,15700.0
2021-05-24 14:57:00,NSE:SHREERAMA,16.2,16.2,16.15,16.2,2500.0
2021-05-24 15:00:00,NSE:SHREERAMA,16.1,16.15,16.05,16.05,3100.0
2021-05-24 15:03:00,NSE:SHREERAMA,16.0,16.1,15.9,15.9,17506.0
2021-05-24 15:06:00,NSE:SHREERAMA,16.0,16.3,16.0,16.2,8471.0
2021-05-24 15:09:00,NSE:SHREERAMA,16.2,16.55,16.2,16.55,23649.0
2021-05-24 15:12:00,NSE:SHREERAMA,16.5,16.5,16.3,16.3,3660.0
2021-05-24 15:15:00,NSE:SHREERAMA,16.45,16.45,16.3,16.3,1355.0
2021-05-24 15:18:00,NSE:SHREERAMA,16.35,16.35,16.3,16.3,2553.0
2021-05-24 15:21:00,NSE:SHREERAMA,16.3,16.3,16.2,16.25,10565.0
2021-05-24 15:24:00,NSE:SHREERAMA,16.3,16.3,16.2,16.2,11203.0
2021-05-24 15:27:00,NSE:SHREERAMA,16.25,16.25,16.2,16.2,10282.0
2021-05-24 15:39:00,NSE:SHREERAMA,16.25,16.25,16.25,16.25,101.0
2021-05-24 15:42:00,NSE:SHREERAMA,16.25,16.25,16.2,16.25,1199.0
2021-05-25 09:06:00,NSE:SHREERAMA,16.75,16.75,16.75,16.75,10721.0
2021-05-25 09:15:00,NSE:SHREERAMA,16.75,17.3,16.65,17.2,14093.0
2021-05-25 09:18:00,NSE:SHREERAMA,16.95,17.0,16.7,16.7,4564.0
2021-05-25 09:21:00,NSE:SHREERAMA,16.7,16.8,16.55,16.7,7635.0
2021-05-25 09:24:00,NSE:SHREERAMA,16.6,16.8,16.6,16.7,3400.0
2021-05-25 09:27:00,NSE:SHREERAMA,16.7,16.8,16.7,16.7,7056.0
2021-05-25 09:30:00,NSE:SHREERAMA,16.65,16.85,16.65,16.85,3714.0
2021-05-25 09:33:00,NSE:SHREERAMA,16.85,16.85,16.75,16.85,2293.0
2021-05-25 09:36:00,NSE:SHREERAMA,16.85,16.85,16.75,16.85,6505.0
2021-05-25 09:39:00,NSE:SHREERAMA,16.85,16.85,16.7,16.7,19243.0
2021-05-25 09:42:00,NSE:SHREERAMA,16.75,16.75,16.75,16.75,5903.0
2021-05-25 09:45:00,NSE:SHREERAMA,16.75,16.75,16.65,16.65,4263.0
2021-05-25 09:48:00,NSE:SHREERAMA,16.65,16.75,16.6,16.75,9314.0
2021-05-25 09:51:00,NSE:SHREERAMA,16.75,16.75,16.75,16.75,4089.0
2021-05-25 09:54:00,NSE:SHREERAMA,16.75,16.75,16.7,16.75,385.0
2021-05-25 09:57:00,NSE:SHREERAMA,16.7,16.75,16.7,16.75,271.0
2021-05-25 10:00:00,NSE:SHREERAMA,16.65,16.65,16.65,16.65,1000.0
2021-05-25 10:03:00,NSE:SHREERAMA,16.7,16.7,16.65,16.7,777.0
2021-05-25 10:06:00,NSE:SHREERAMA,16.65,16.65,16.65,16.65,200.0
2021-05-25 10:09:00,NSE:SHREERAMA,16.6,16.6,16.6,16.6,1430.0
2021-05-25 10:12:00,NSE:SHREERAMA,16.7,16.7,16.7,16.7,325.0
2021-05-25 10:15:00,NSE:SHREERAMA,16.6,16.85,16.6,16.75,26214.0
2021-05-25 10:18:00,NSE:SHREERAMA,16.65,16.75,16.5,16.5,16009.0
2021-05-25 10:21:00,NSE:SHREERAMA,16.75,16.75,16.75,16.75,100.0
2021-05-25 10:24:00,NSE:SHREERAMA,16.75,16.75,16.6,16.6,405.0
2021-05-25 10:27:00,NSE:SHREERAMA,16.55,16.75,16.55,16.6,870.0
2021-05-25 10:30:00,NSE:SHREERAMA,16.6,16.6,16.55,16.55,4167.0
2021-05-25 10:33:00,NSE:SHREERAMA,16.6,16.6,16.6,16.6,1750.0
2021-05-25 10:36:00,NSE:SHREERAMA,16.6,16.6,16.6,16.6,804.0
2021-05-25 10:39:00,NSE:SHREERAMA,16.65,16.65,16.65,16.65,502.0
2021-05-25 10:42:00,NSE:SHREERAMA,16.7,16.7,16.7,16.7,360.0
2021-05-25 10:45:00,NSE:SHREERAMA,16.6,16.75,16.6,16.75,1167.0
2021-05-25 10:48:00,NSE:SHREERAMA,16.7,16.7,16.6,16.6,1363.0
2021-05-25 10:51:00,NSE:SHREERAMA,16.6,16.75,16.6,16.7,1215.0
2021-05-25 10:57:00,NSE:SHREERAMA,16.6,16.7,16.6,16.7,5050.0
2021-05-25 11:00:00,NSE:SHREERAMA,16.7,16.75,16.7,16.75,510.0
2021-05-25 11:03:00,NSE:SHREERAMA,16.65,16.75,16.55,16.55,1852.0
2021-05-25 11:06:00,NSE:SHREERAMA,16.65,16.75,16.65,16.75,3653.0
2021-05-25 11:09:00,NSE:SHREERAMA,16.65,16.7,16.6,16.7,1175.0
2021-05-25 11:12:00,NSE:SHREERAMA,16.7,16.7,16.6,16.6,2582.0
2021-05-25 11:15:00,NSE:SHREERAMA,16.7,16.7,16.55,16.55,3202.0
2021-05-25 11:18:00,NSE:SHREERAMA,16.55,16.6,16.55,16.6,4172.0
2021-05-25 11:21:00,NSE:SHREERAMA,16.6,16.6,16.6,16.6,255.0
2021-05-25 11:24:00,NSE:SHREERAMA,16.6,16.6,16.55,16.55,1745.0
2021-05-25 11:27:00,NSE:SHREERAMA,16.65,16.65,16.5,16.5,1972.0
2021-05-25 11:30:00,NSE:SHREERAMA,16.5,16.55,16.5,16.55,1875.0
2021-05-25 11:33:00,NSE:SHREERAMA,16.55,16.55,16.5,16.5,1025.0
2021-05-25 11:36:00,NSE:SHREERAMA,16.5,16.55,16.5,16.5,7460.0
2021-05-25 11:39:00,NSE:SHREERAMA,16.55,16.6,16.55,16.6,3300.0
2021-05-25 11:42:00,NSE:SHREERAMA,16.55,16.55,16.55,16.55,1992.0
2021-05-25 11:45:00,NSE:SHREERAMA,16.5,16.5,16.5,16.5,518.0
2021-05-25 11:48:00,NSE:SHREERAMA,16.5,16.5,16.5,16.5,568.0
2021-05-25 11:54:00,NSE:SHREERAMA,16.55,16.55,16.55,16.55,953.0
2021-05-25 11:57:00,NSE:SHREERAMA,16.6,16.6,16.55,16.55,147.0
2021-05-25 12:00:00,NSE:SHREERAMA,16.55,16.55,16.5,16.5,3256.0
2021-05-25 12:03:00,NSE:SHREERAMA,16.55,16.55,16.55,16.55,101.0
2021-05-25 12:06:00,NSE:SHREERAMA,16.55,16.55,16.55,16.55,1700.0
2021-05-25 12:09:00,NSE:SHREERAMA,16.55,16.55,16.5,16.5,1696.0
2021-05-25 12:15:00,NSE:SHREERAMA,16.5,16.5,16.5,16.5,3.0
2021-05-25 12:18:00,NSE:SHREERAMA,16.5,16.6,16.5,16.6,5002.0
2021-05-25 12:21:00,NSE:SHREERAMA,16.6,16.6,16.6,16.6,5.0
2021-05-25 12:24:00,NSE:SHREERAMA,16.5,16.6,16.5,16.5,1277.0
2021-05-25 12:27:00,NSE:SHREERAMA,16.55,16.55,16.55,16.55,1.0
2021-05-25 12:30:00,NSE:SHREERAMA,16.55,16.55,16.55,16.55,218.0
2021-05-25 12:33:00,NSE:SHREERAMA,16.5,16.5,16.5,16.5,210.0
2021-05-25 12:36:00,NSE:SHREERAMA,16.65,16.65,16.5,16.55,5401.0
2021-05-25 12:39:00,NSE:SHREERAMA,16.5,16.5,16.45,16.45,2385.0
2021-05-25 12:42:00,NSE:SHREERAMA,16.45,16.45,16.45,16.45,200.0
2021-05-25 12:48:00,NSE:SHREERAMA,16.4,16.45,16.4,16.4,2450.0
2021-05-25 12:51:00,NSE:SHREERAMA,16.45,16.45,16.4,16.4,165.0
2021-05-25 12:54:00,NSE:SHREERAMA,16.35,16.35,16.35,16.35,1145.0
2021-05-25 12:57:00,NSE:SHREERAMA,16.3,16.4,16.3,16.4,1520.0
2021-05-25 13:00:00,NSE:SHREERAMA,16.4,16.5,16.4,16.5,3026.0
2021-05-25 13:03:00,NSE:SHREERAMA,16.55,16.55,16.35,16.35,1120.0
2021-05-25 13:06:00,NSE:SHREERAMA,16.5,16.5,16.5,16.5,50.0
2021-05-25 13:09:00,NSE:SHREERAMA,16.55,16.6,16.55,16.6,1406.0
2021-05-25 13:12:00,NSE:SHREERAMA,16.55,16.55,16.55,16.55,444.0
2021-05-25 13:18:00,NSE:SHREERAMA,16.5,16.55,16.5,16.55,310.0
2021-05-25 13:21:00,NSE:SHREERAMA,16.55,16.55,16.55,16.55,509.0
2021-05-25 13:24:00,NSE:SHREERAMA,16.55,16.55,16.55,16.55,1000.0
2021-05-25 13:27:00,NSE:SHREERAMA,16.55,16.55,16.55,16.55,10.0
2021-05-25 13:30:00,NSE:SHREERAMA,16.55,16.6,16.55,16.55,2158.0
2021-05-25 13:33:00,NSE:SHREERAMA,16.55,16.55,16.55,16.55,100.0
2021-05-25 13:36:00,NSE:SHREERAMA,16.55,16.6,16.55,16.6,115.0
2021-05-25 13:39:00,NSE:SHREERAMA,16.55,16.55,16.55,16.55,100.0
2021-05-25 13:42:00,NSE:SHREERAMA,16.6,16.6,16.6,16.6,13.0
2021-05-25 13:45:00,NSE:SHREERAMA,16.55,16.6,16.55,16.6,1637.0
2021-05-25 13:48:00,NSE:SHREERAMA,16.55,16.55,16.55,16.55,98.0
2021-05-25 13:51:00,NSE:SHREERAMA,16.55,16.55,16.55,16.55,250.0
2021-05-25 13:54:00,NSE:SHREERAMA,16.55,16.55,16.55,16.55,400.0
2021-05-25 14:00:00,NSE:SHREERAMA,16.55,16.55,16.55,16.55,255.0
2021-05-25 14:03:00,NSE:SHREERAMA,16.55,16.55,16.55,16.55,1602.0
2021-05-25 14:06:00,NSE:SHREERAMA,16.6,16.6,16.6,16.6,101.0
2021-05-25 14:09:00,NSE:SHREERAMA,16.6,16.6,16.55,16.6,3450.0
2021-05-25 14:12:00,NSE:SHREERAMA,16.6,16.6,16.55,16.55,6.0
2021-05-25 14:15:00,NSE:SHREERAMA,16.6,16.65,16.6,16.65,510.0
2021-05-25 14:18:00,NSE:SHREERAMA,16.55,16.85,16.55,16.85,32749.0
2021-05-25 14:21:00,NSE:SHREERAMA,16.85,17.0,16.85,16.95,66600.0
2021-05-25 14:24:00,NSE:SHREERAMA,16.9,17.15,16.9,17.05,28194.0
2021-05-25 14:27:00,NSE:SHREERAMA,17.1,17.3,17.1,17.3,22272.0
2021-05-25 14:30:00,NSE:SHREERAMA,17.25,17.45,17.2,17.25,90776.0
2021-05-25 14:33:00,NSE:SHREERAMA,17.4,17.4,16.95,17.0,58013.0
2021-05-25 14:36:00,NSE:SHREERAMA,17.0,17.15,16.95,16.95,9380.0
2021-05-25 14:39:00,NSE:SHREERAMA,16.8,17.0,16.8,17.0,16374.0
2021-05-25 14:42:00,NSE:SHREERAMA,17.1,17.35,16.7,16.8,18280.0
2021-05-25 14:45:00,NSE:SHREERAMA,16.8,17.0,16.8,17.0,16935.0
2021-05-25 14:48:00,NSE:SHREERAMA,16.95,17.05,16.75,16.9,23804.0
2021-05-25 14:51:00,NSE:SHREERAMA,16.85,16.85,16.6,16.6,18222.0
2021-05-25 14:54:00,NSE:SHREERAMA,16.65,16.75,16.65,16.75,5455.0
2021-05-25 14:57:00,NSE:SHREERAMA,16.75,16.8,16.75,16.8,1033.0
2021-05-25 15:00:00,NSE:SHREERAMA,16.75,16.95,16.75,16.95,11848.0
2021-05-25 15:03:00,NSE:SHREERAMA,16.95,17.15,16.95,17.0,16005.0
2021-05-25 15:06:00,NSE:SHREERAMA,17.05,17.2,17.0,17.2,7308.0
2021-05-25 15:09:00,NSE:SHREERAMA,17.2,17.2,17.0,17.15,6670.0
2021-05-25 15:12:00,NSE:SHREERAMA,17.15,17.2,17.0,17.2,3677.0
2021-05-25 15:15:00,NSE:SHREERAMA,17.2,17.2,17.2,17.2,4530.0
2021-05-25 15:18:00,NSE:SHREERAMA,17.2,17.2,17.1,17.1,6260.0
2021-05-25 15:21:00,NSE:SHREERAMA,17.05,17.2,17.05,17.2,23869.0
2021-05-25 15:24:00,NSE:SHREERAMA,17.2,17.5,17.1,17.2,26770.0
2021-05-25 15:27:00,NSE:SHREERAMA,17.2,17.3,17.15,17.3,10052.0
2021-05-26 09:06:00,NSE:SHREERAMA,17.65,17.65,17.65,17.65,2002.0
2021-05-26 09:15:00,NSE:SHREERAMA,17.65,17.65,17.4,17.4,10985.0
2021-05-26 09:18:00,NSE:SHREERAMA,17.45,17.6,17.45,17.5,2722.0
2021-05-26 09:21:00,NSE:SHREERAMA,17.55,17.55,17.3,17.3,13070.0
2021-05-26 09:24:00,NSE:SHREERAMA,17.35,18.0,17.35,17.95,43193.0
2021-05-26 09:27:00,NSE:SHREERAMA,18.0,18.0,17.35,17.45,28142.0
2021-05-26 09:30:00,NSE:SHREERAMA,17.3,17.3,17.25,17.25,22171.0
2021-05-26 09:33:00,NSE:SHREERAMA,17.3,17.45,17.3,17.45,9476.0
2021-05-26 09:36:00,NSE:SHREERAMA,17.4,17.45,17.4,17.45,7298.0
2021-05-26 09:39:00,NSE:SHREERAMA,17.4,17.45,17.4,17.45,884.0
2021-05-26 09:42:00,NSE:SHREERAMA,17.4,17.4,17.3,17.3,5205.0
2021-05-26 09:45:00,NSE:SHREERAMA,17.3,17.3,17.25,17.3,15458.0
2021-05-26 09:48:00,NSE:SHREERAMA,17.25,17.3,17.25,17.3,5531.0
2021-05-26 09:51:00,NSE:SHREERAMA,17.25,17.3,17.25,17.3,4018.0
2021-05-26 09:54:00,NSE:SHREERAMA,17.3,17.3,17.25,17.25,10677.0
2021-05-26 09:57:00,NSE:SHREERAMA,17.25,17.25,17.15,17.25,5762.0
2021-05-26 10:00:00,NSE:SHREERAMA,17.25,17.25,17.25,17.25,770.0
2021-05-26 10:03:00,NSE:SHREERAMA,17.25,17.25,17.25,17.25,300.0
2021-05-26 10:06:00,NSE:SHREERAMA,17.25,17.25,17.25,17.25,5200.0
2021-05-26 10:09:00,NSE:SHREERAMA,17.2,17.25,17.2,17.25,2228.0
2021-05-26 10:12:00,NSE:SHREERAMA,17.3,17.3,17.3,17.3,37.0
2021-05-26 10:15:00,NSE:SHREERAMA,17.2,17.2,17.2,17.2,1357.0
2021-05-26 10:18:00,NSE:SHREERAMA,17.2,17.3,15.65,16.65,84377.0
2021-05-26 10:21:00,NSE:SHREERAMA,16.5,16.75,16.45,16.55,5513.0
2021-05-26 10:24:00,NSE:SHREERAMA,16.55,16.7,16.55,16.7,6995.0
2021-05-26 10:27:00,NSE:SHREERAMA,16.65,16.75,16.6,16.7,6396.0
2021-05-26 10:30:00,NSE:SHREERAMA,16.7,16.85,16.7,16.75,2027.0
2021-05-26 10:33:00,NSE:SHREERAMA,16.8,16.85,16.75,16.75,700.0
2021-05-26 10:39:00,NSE:SHREERAMA,16.75,16.85,16.75,16.75,213.0
2021-05-26 10:42:00,NSE:SHREERAMA,16.75,16.85,16.7,16.85,2894.0
2021-05-26 10:45:00,NSE:SHREERAMA,16.75,16.85,16.75,16.8,1556.0
2021-05-26 10:48:00,NSE:SHREERAMA,16.8,16.85,16.8,16.85,1778.0
2021-05-26 10:51:00,NSE:SHREERAMA,16.8,16.8,16.8,16.8,1830.0
2021-05-26 10:54:00,NSE:SHREERAMA,16.8,16.85,16.75,16.85,1881.0
2021-05-26 10:57:00,NSE:SHREERAMA,16.95,16.95,16.8,16.9,2729.0
2021-05-26 11:00:00,NSE:SHREERAMA,16.9,16.9,16.9,16.9,250.0
2021-05-26 11:03:00,NSE:SHREERAMA,16.9,16.9,16.8,16.8,2916.0
2021-05-26 11:06:00,NSE:SHREERAMA,16.8,16.9,16.8,16.9,1881.0
2021-05-26 11:09:00,NSE:SHREERAMA,16.8,16.9,16.8,16.9,476.0
2021-05-26 11:12:00,NSE:SHREERAMA,16.9,17.0,16.9,17.0,3083.0
2021-05-26 11:15:00,NSE:SHREERAMA,17.05,17.05,17.05,17.05,227.0
2021-05-26 11:18:00,NSE:SHREERAMA,17.05,17.1,17.0,17.1,8017.0
2021-05-26 11:21:00,NSE:SHREERAMA,17.05,17.05,16.95,16.95,1918.0
2021-05-26 11:24:00,NSE:SHREERAMA,17.0,17.0,17.0,17.0,406.0
2021-05-26 11:27:00,NSE:SHREERAMA,17.0,17.1,17.0,17.05,4399.0
2021-05-26 11:30:00,NSE:SHREERAMA,17.05,17.05,17.05,17.05,24.0
2021-05-26 11:33:00,NSE:SHREERAMA,17.05,17.1,17.0,17.1,1062.0
2021-05-26 11:36:00,NSE:SHREERAMA,17.1,17.1,17.1,17.1,18.0
2021-05-26 11:39:00,NSE:SHREERAMA,17.1,17.1,17.1,17.1,15.0
2021-05-26 11:42:00,NSE:SHREERAMA,17.0,17.1,17.0,17.0,1850.0
2021-05-26 11:45:00,NSE:SHREERAMA,17.0,17.0,17.0,17.0,2762.0
2021-05-26 11:48:00,NSE:SHREERAMA,16.95,16.95,16.95,16.95,1.0
2021-05-26 11:51:00,NSE:SHREERAMA,17.1,17.1,16.85,16.85,1808.0
2021-05-26 11:54:00,NSE:SHREERAMA,16.85,17.05,16.85,17.05,625.0
2021-05-26 11:57:00,NSE:SHREERAMA,17.0,17.0,17.0,17.0,1.0
2021-05-26 12:00:00,NSE:SHREERAMA,16.9,16.9,16.8,16.8,4148.0
2021-05-26 12:03:00,NSE:SHREERAMA,16.8,17.05,16.8,17.0,3198.0
2021-05-26 12:06:00,NSE:SHREERAMA,16.8,17.05,16.8,17.0,3150.0
2021-05-26 12:09:00,NSE:SHREERAMA,17.0,17.1,16.9,17.1,4329.0
2021-05-26 12:12:00,NSE:SHREERAMA,16.9,17.3,16.9,17.2,17011.0
2021-05-26 12:15:00,NSE:SHREERAMA,17.3,17.3,17.1,17.15,3046.0
2021-05-26 12:18:00,NSE:SHREERAMA,17.15,17.45,17.15,17.2,15207.0
2021-05-26 12:21:00,NSE:SHREERAMA,17.4,17.4,17.2,17.3,451.0
2021-05-26 12:24:00,NSE:SHREERAMA,17.3,17.4,17.2,17.3,7288.0
2021-05-26 12:27:00,NSE:SHREERAMA,17.25,17.25,17.25,17.25,300.0
2021-05-26 12:30:00,NSE:SHREERAMA,17.15,17.3,17.15,17.2,1532.0
2021-05-26 12:33:00,NSE:SHREERAMA,17.2,17.35,17.2,17.25,505.0
2021-05-26 12:36:00,NSE:SHREERAMA,17.2,17.2,17.05,17.05,1080.0
2021-05-26 12:39:00,NSE:SHREERAMA,17.1,17.1,17.1,17.1,60.0
2021-05-26 12:42:00,NSE:SHREERAMA,17.05,17.05,17.0,17.0,500.0
2021-05-26 12:45:00,NSE:SHREERAMA,17.0,17.15,17.0,17.15,26.0
2021-05-26 12:48:00,NSE:SHREERAMA,17.2,17.2,17.2,17.2,1202.0
2021-05-26 12:51:00,NSE:SHREERAMA,17.25,17.25,17.2,17.2,144.0
2021-05-26 12:54:00,NSE:SHREERAMA,17.15,17.15,17.05,17.05,500.0
2021-05-26 12:57:00,NSE:SHREERAMA,17.05,17.2,17.05,17.2,217.0
2021-05-26 13:00:00,NSE:SHREERAMA,17.15,17.15,17.05,17.05,1000.0
2021-05-26 13:03:00,NSE:SHREERAMA,17.0,17.2,17.0,17.05,457.0
2021-05-26 13:12:00,NSE:SHREERAMA,17.1,17.1,17.05,17.05,1150.0
2021-05-26 13:15:00,NSE:SHREERAMA,17.1,17.1,17.05,17.05,330.0
2021-05-26 13:21:00,NSE:SHREERAMA,17.05,17.1,17.0,17.1,2002.0
2021-05-26 13:27:00,NSE:SHREERAMA,17.1,17.1,17.1,17.1,1002.0
2021-05-26 13:30:00,NSE:SHREERAMA,17.0,17.05,16.95,17.05,5200.0
2021-05-26 13:33:00,NSE:SHREERAMA,17.1,17.1,17.1,17.1,10501.0
2021-05-26 13:36:00,NSE:SHREERAMA,17.1,17.1,17.1,17.1,1.0
2021-05-26 13:39:00,NSE:SHREERAMA,17.1,17.1,17.1,17.1,901.0
2021-05-26 13:45:00,NSE:SHREERAMA,17.1,17.1,16.9,17.0,3555.0
2021-05-26 13:48:00,NSE:SHREERAMA,17.05,17.05,16.95,16.95,4.0
2021-05-26 13:51:00,NSE:SHREERAMA,17.05,17.05,17.05,17.05,101.0
2021-05-26 13:54:00,NSE:SHREERAMA,17.05,17.05,16.85,16.85,552.0
2021-05-26 13:57:00,NSE:SHREERAMA,16.9,17.05,16.9,17.05,301.0
2021-05-26 14:00:00,NSE:SHREERAMA,17.0,17.05,16.9,16.9,1000.0
2021-05-26 14:03:00,NSE:SHREERAMA,17.0,17.0,16.9,16.9,639.0
2021-05-26 14:06:00,NSE:SHREERAMA,16.9,16.9,16.9,16.9,5.0
2021-05-26 14:09:00,NSE:SHREERAMA,16.9,16.9,16.9,16.9,4.0
2021-05-26 14:12:00,NSE:SHREERAMA,16.8,16.9,16.8,16.9,1801.0
2021-05-26 14:15:00,NSE:SHREERAMA,16.9,16.9,16.9,16.9,1500.0
2021-05-26 14:18:00,NSE:SHREERAMA,16.85,16.9,16.85,16.9,1600.0
2021-05-26 14:21:00,NSE:SHREERAMA,16.9,16.95,16.85,16.95,656.0
2021-05-26 14:24:00,NSE:SHREERAMA,16.95,16.95,16.95,16.95,155.0
2021-05-26 14:30:00,NSE:SHREERAMA,16.9,17.0,16.9,17.0,3979.0
2021-05-26 14:33:00,NSE:SHREERAMA,17.1,17.1,17.0,17.0,4520.0
2021-05-26 14:39:00,NSE:SHREERAMA,17.0,17.0,16.95,16.95,1763.0
2021-05-26 14:42:00,NSE:SHREERAMA,16.9,16.95,16.9,16.9,203.0
2021-05-26 14:45:00,NSE:SHREERAMA,16.95,16.95,16.95,16.95,950.0
2021-05-26 14:48:00,NSE:SHREERAMA,16.95,16.95,16.95,16.95,3050.0
2021-05-26 14:51:00,NSE:SHREERAMA,17.0,17.0,16.9,16.9,1811.0
2021-05-26 14:54:00,NSE:SHREERAMA,16.85,16.85,16.85,16.85,1951.0
2021-05-26 14:57:00,NSE:SHREERAMA,16.8,16.95,16.8,16.95,860.0
2021-05-26 15:00:00,NSE:SHREERAMA,16.9,16.9,16.9,16.9,1000.0
2021-05-26 15:03:00,NSE:SHREERAMA,16.8,17.35,16.8,17.0,9401.0
2021-05-26 15:06:00,NSE:SHREERAMA,17.05,17.05,16.75,16.75,4782.0
2021-05-26 15:09:00,NSE:SHREERAMA,17.0,17.2,16.85,17.15,5667.0
2021-05-26 15:12:00,NSE:SHREERAMA,17.1,17.1,17.1,17.1,290.0
2021-05-26 15:15:00,NSE:SHREERAMA,17.0,17.0,16.75,16.9,12583.0
2021-05-26 15:18:00,NSE:SHREERAMA,16.75,17.15,16.75,17.05,6031.0
2021-05-26 15:21:00,NSE:SHREERAMA,16.9,17.05,16.9,17.0,2715.0
2021-05-26 15:24:00,NSE:SHREERAMA,17.0,17.0,16.9,16.9,5170.0
2021-05-26 15:27:00,NSE:SHREERAMA,16.9,16.9,16.8,16.85,12907.0
2021-05-26 15:30:00,NSE:SHREERAMA,16.85,16.85,16.85,16.85,4980.0
2021-05-26 15:42:00,NSE:SHREERAMA,16.95,16.95,16.85,16.95,3485.0
2021-05-26 15:48:00,NSE:SHREERAMA,16.95,16.95,16.95,16.95,500.0
2021-05-27 09:06:00,NSE:SHREERAMA,17.3,17.3,17.3,17.3,556.0
2021-05-27 09:15:00,NSE:SHREERAMA,17.05,17.3,17.05,17.2,1583.0
2021-05-27 09:18:00,NSE:SHREERAMA,17.15,17.2,17.0,17.2,3929.0
2021-05-27 09:21:00,NSE:SHREERAMA,17.2,17.2,17.05,17.05,521.0
2021-05-27 09:24:00,NSE:SHREERAMA,16.95,16.95,16.9,16.9,32332.0
2021-05-27 09:27:00,NSE:SHREERAMA,16.9,16.9,16.55,16.55,3307.0
2021-05-27 09:30:00,NSE:SHREERAMA,16.55,16.7,16.5,16.5,2633.0
2021-05-27 09:33:00,NSE:SHREERAMA,16.55,16.8,16.5,16.75,10084.0
2021-05-27 09:36:00,NSE:SHREERAMA,16.75,16.75,16.7,16.75,1209.0
2021-05-27 09:39:00,NSE:SHREERAMA,16.7,16.8,16.55,16.7,3284.0
2021-05-27 09:42:00,NSE:SHREERAMA,16.65,16.7,16.65,16.7,402.0
2021-05-27 09:45:00,NSE:SHREERAMA,16.65,16.75,16.55,16.55,3043.0
2021-05-27 09:48:00,NSE:SHREERAMA,16.6,16.6,16.55,16.6,1640.0
2021-05-27 09:54:00,NSE:SHREERAMA,16.65,16.65,16.65,16.65,5.0
2021-05-27 09:57:00,NSE:SHREERAMA,16.7,16.75,16.7,16.7,800.0
2021-05-27 10:00:00,NSE:SHREERAMA,16.7,16.7,16.7,16.7,358.0
2021-05-27 10:03:00,NSE:SHREERAMA,16.7,16.7,16.5,16.6,13012.0
2021-05-27 10:06:00,NSE:SHREERAMA,16.55,16.65,16.55,16.55,1222.0
2021-05-27 10:09:00,NSE:SHREERAMA,16.6,16.6,16.55,16.6,1646.0
2021-05-27 10:12:00,NSE:SHREERAMA,16.65,16.65,16.65,16.65,10161.0
2021-05-27 10:15:00,NSE:SHREERAMA,16.65,16.7,16.65,16.7,1750.0
2021-05-27 10:18:00,NSE:SHREERAMA,16.65,16.65,16.55,16.55,1136.0
2021-05-27 10:21:00,NSE:SHREERAMA,16.55,16.55,16.5,16.55,929.0
2021-05-27 10:24:00,NSE:SHREERAMA,16.5,16.55,16.5,16.55,4936.0
2021-05-27 10:27:00,NSE:SHREERAMA,16.5,16.7,16.45,16.7,5067.0
2021-05-27 10:33:00,NSE:SHREERAMA,16.45,16.7,16.45,16.7,6534.0
2021-05-27 10:36:00,NSE:SHREERAMA,16.55,16.55,16.45,16.45,774.0
2021-05-27 10:39:00,NSE:SHREERAMA,16.45,16.45,16.3,16.3,3917.0
2021-05-27 10:42:00,NSE:SHREERAMA,16.35,16.6,16.3,16.6,2206.0
2021-05-27 10:45:00,NSE:SHREERAMA,16.4,16.55,16.4,16.55,56.0
2021-05-27 10:48:00,NSE:SHREERAMA,16.6,16.6,16.55,16.6,546.0
2021-05-27 10:51:00,NSE:SHREERAMA,16.6,16.7,16.6,16.7,4996.0
2021-05-27 10:54:00,NSE:SHREERAMA,16.7,16.7,16.7,16.7,54.0
2021-05-27 10:57:00,NSE:SHREERAMA,16.7,16.8,16.7,16.8,6001.0
2021-05-27 11:00:00,NSE:SHREERAMA,16.75,16.75,16.7,16.7,2092.0
2021-05-27 11:03:00,NSE:SHREERAMA,16.65,17.15,16.65,17.15,24885.0
2021-05-27 11:06:00,NSE:SHREERAMA,17.15,17.25,16.95,17.0,8111.0
2021-05-27 11:09:00,NSE:SHREERAMA,17.0,17.0,16.75,16.8,1447.0
2021-05-27 11:12:00,NSE:SHREERAMA,16.8,17.2,16.8,17.05,33764.0
2021-05-27 11:15:00,NSE:SHREERAMA,17.1,17.1,16.85,17.0,13619.0
2021-05-27 11:18:00,NSE:SHREERAMA,17.1,17.5,17.1,17.25,42035.0
2021-05-27 11:21:00,NSE:SHREERAMA,17.25,17.25,17.2,17.25,1110.0
2021-05-27 11:24:00,NSE:SHREERAMA,17.2,17.5,17.1,17.15,19103.0
2021-05-27 11:27:00,NSE:SHREERAMA,17.2,17.55,17.2,17.35,33042.0
2021-05-27 11:30:00,NSE:SHREERAMA,17.4,17.4,17.3,17.3,642.0
2021-05-27 11:33:00,NSE:SHREERAMA,17.3,17.4,17.3,17.4,1699.0
2021-05-27 11:36:00,NSE:SHREERAMA,17.35,17.35,17.35,17.35,345.0
2021-05-27 11:39:00,NSE:SHREERAMA,17.4,17.4,17.3,17.3,1125.0
2021-05-27 11:42:00,NSE:SHREERAMA,17.3,17.45,17.05,17.05,12307.0
2021-05-27 11:45:00,NSE:SHREERAMA,17.35,17.55,17.3,17.3,40556.0
2021-05-27 11:48:00,NSE:SHREERAMA,17.3,17.8,17.3,17.8,40372.0
2021-05-27 11:51:00,NSE:SHREERAMA,17.75,17.75,17.5,17.5,7010.0
2021-05-27 11:54:00,NSE:SHREERAMA,17.5,17.5,17.5,17.5,1300.0
2021-05-27 11:57:00,NSE:SHREERAMA,17.4,17.4,17.35,17.4,3971.0
2021-05-27 12:00:00,NSE:SHREERAMA,17.4,17.4,17.4,17.4,800.0
2021-05-27 12:03:00,NSE:SHREERAMA,17.45,17.45,17.4,17.4,584.0
2021-05-27 12:06:00,NSE:SHREERAMA,17.35,17.4,17.2,17.2,2563.0
2021-05-27 12:09:00,NSE:SHREERAMA,17.2,17.4,17.2,17.4,1156.0
2021-05-27 12:12:00,NSE:SHREERAMA,17.3,17.3,17.15,17.15,2843.0
2021-05-27 12:18:00,NSE:SHREERAMA,17.25,17.3,17.15,17.3,877.0
2021-05-27 12:21:00,NSE:SHREERAMA,17.15,17.3,17.15,17.15,1850.0
2021-05-27 12:24:00,NSE:SHREERAMA,17.25,17.35,17.25,17.35,2000.0
2021-05-27 12:27:00,NSE:SHREERAMA,17.4,17.4,17.0,17.0,7779.0
2021-05-27 12:30:00,NSE:SHREERAMA,17.1,17.25,17.0,17.2,5519.0
2021-05-27 12:33:00,NSE:SHREERAMA,17.15,17.15,17.05,17.15,250.0
2021-05-27 12:36:00,NSE:SHREERAMA,17.15,17.15,17.15,17.15,1.0
2021-05-27 12:39:00,NSE:SHREERAMA,17.05,17.1,17.05,17.1,437.0
2021-05-27 12:42:00,NSE:SHREERAMA,17.1,17.15,17.05,17.05,1506.0
2021-05-27 12:45:00,NSE:SHREERAMA,17.1,17.1,17.1,17.1,10.0
2021-05-27 12:48:00,NSE:SHREERAMA,17.05,17.1,17.05,17.1,626.0
2021-05-27 12:54:00,NSE:SHREERAMA,17.1,17.2,17.1,17.2,1001.0
2021-05-27 12:57:00,NSE:SHREERAMA,17.2,17.25,17.2,17.25,1015.0
2021-05-27 13:00:00,NSE:SHREERAMA,17.25,17.25,17.2,17.2,1520.0
2021-05-27 13:03:00,NSE:SHREERAMA,17.25,17.25,17.25,17.25,1788.0
2021-05-27 13:06:00,NSE:SHREERAMA,17.2,17.2,17.2,17.2,409.0
2021-05-27 13:12:00,NSE:SHREERAMA,17.25,17.25,17.25,17.25,11.0
2021-05-27 13:15:00,NSE:SHREERAMA,17.2,17.2,17.2,17.2,91.0
2021-05-27 13:18:00,NSE:SHREERAMA,17.15,17.2,17.1,17.2,3101.0
2021-05-27 13:21:00,NSE:SHREERAMA,17.1,17.2,17.1,17.2,278.0
2021-05-27 13:24:00,NSE:SHREERAMA,17.2,17.2,17.2,17.2,104.0
2021-05-27 13:27:00,NSE:SHREERAMA,17.2,17.25,17.2,17.2,122.0
2021-05-27 13:33:00,NSE:SHREERAMA,17.2,17.25,17.2,17.25,630.0
2021-05-27 13:36:00,NSE:SHREERAMA,17.25,17.25,17.1,17.1,3900.0
2021-05-27 13:39:00,NSE:SHREERAMA,17.1,17.2,17.1,17.2,1502.0
2021-05-27 13:42:00,NSE:SHREERAMA,17.1,17.1,17.05,17.05,2798.0
2021-05-27 13:51:00,NSE:SHREERAMA,17.05,17.05,17.05,17.05,1000.0
2021-05-27 13:54:00,NSE:SHREERAMA,17.1,17.1,17.1,17.1,900.0
2021-05-27 13:57:00,NSE:SHREERAMA,17.1,17.1,17.1,17.1,51.0
2021-05-27 14:00:00,NSE:SHREERAMA,17.05,17.05,17.05,17.05,5216.0
2021-05-27 14:06:00,NSE:SHREERAMA,17.05,17.05,17.05,17.05,90.0
2021-05-27 14:09:00,NSE:SHREERAMA,17.05,17.1,17.0,17.1,6336.0
2021-05-27 14:12:00,NSE:SHREERAMA,17.0,17.0,16.9,17.0,7000.0
2021-05-27 14:15:00,NSE:SHREERAMA,17.0,17.0,17.0,17.0,4000.0
2021-05-27 14:18:00,NSE:SHREERAMA,17.0,17.0,16.95,16.95,573.0
2021-05-27 14:21:00,NSE:SHREERAMA,16.9,16.9,16.85,16.85,2096.0
2021-05-27 14:24:00,NSE:SHREERAMA,16.85,17.0,16.8,17.0,4020.0
2021-05-27 14:27:00,NSE:SHREERAMA,16.85,17.1,16.85,17.05,5012.0
2021-05-27 14:33:00,NSE:SHREERAMA,17.0,17.05,17.0,17.0,1141.0
2021-05-27 14:39:00,NSE:SHREERAMA,16.95,16.95,16.8,16.9,3566.0
2021-05-27 14:42:00,NSE:SHREERAMA,16.85,17.1,16.8,17.1,5048.0
2021-05-27 14:45:00,NSE:SHREERAMA,17.05,17.05,16.8,16.8,2421.0
2021-05-27 14:48:00,NSE:SHREERAMA,17.1,17.1,17.1,17.1,2400.0
2021-05-27 14:54:00,NSE:SHREERAMA,17.0,17.0,17.0,17.0,500.0
2021-05-27 15:03:00,NSE:SHREERAMA,16.85,16.85,16.85,16.85,1.0
2021-05-27 15:06:00,NSE:SHREERAMA,16.95,16.95,16.8,16.8,2018.0
2021-05-27 15:12:00,NSE:SHREERAMA,16.85,16.95,16.85,16.95,850.0
2021-05-27 15:15:00,NSE:SHREERAMA,16.95,16.95,16.9,16.9,1230.0
2021-05-27 15:18:00,NSE:SHREERAMA,16.9,16.9,16.85,16.9,35.0
2021-05-27 15:21:00,NSE:SHREERAMA,16.9,16.9,16.9,16.9,1050.0
2021-05-27 15:24:00,NSE:SHREERAMA,16.85,16.85,16.85,16.85,1.0
2021-05-27 15:27:00,NSE:SHREERAMA,17.0,17.25,16.9,17.0,17263.0
2021-05-28 09:06:00,NSE:SHREERAMA,17.5,17.5,17.5,17.5,254.0
2021-05-28 09:15:00,NSE:SHREERAMA,17.75,18.7,17.5,17.8,63999.0
2021-05-28 09:18:00,NSE:SHREERAMA,17.9,17.95,17.6,17.95,34796.0
2021-05-28 09:21:00,NSE:SHREERAMA,17.85,17.85,17.8,17.8,15235.0
2021-05-28 09:24:00,NSE:SHREERAMA,17.8,17.8,17.5,17.55,8959.0
2021-05-28 09:27:00,NSE:SHREERAMA,17.6,17.7,17.5,17.5,5419.0
2021-05-28 09:30:00,NSE:SHREERAMA,17.55,17.55,17.55,17.55,588.0
2021-05-28 09:33:00,NSE:SHREERAMA,17.55,17.65,17.55,17.65,1853.0
2021-05-28 09:36:00,NSE:SHREERAMA,17.55,17.65,17.55,17.65,6039.0
2021-05-28 09:39:00,NSE:SHREERAMA,17.55,17.55,17.55,17.55,578.0
2021-05-28 09:42:00,NSE:SHREERAMA,17.65,17.65,17.55,17.55,238.0
2021-05-28 09:45:00,NSE:SHREERAMA,17.55,17.6,17.55,17.6,3500.0
2021-05-28 09:48:00,NSE:SHREERAMA,17.55,17.55,17.5,17.5,4799.0
2021-05-28 09:51:00,NSE:SHREERAMA,17.5,17.5,17.45,17.45,4095.0
2021-05-28 09:54:00,NSE:SHREERAMA,17.45,17.45,17.4,17.4,2194.0
2021-05-28 09:57:00,NSE:SHREERAMA,17.45,17.6,17.3,17.5,8628.0
2021-05-28 10:00:00,NSE:SHREERAMA,17.45,17.45,17.35,17.35,798.0
2021-05-28 10:03:00,NSE:SHREERAMA,17.3,17.3,17.1,17.1,2177.0
2021-05-28 10:06:00,NSE:SHREERAMA,17.1,17.4,17.1,17.2,1992.0
2021-05-28 10:09:00,NSE:SHREERAMA,17.4,17.4,17.25,17.25,3030.0
2021-05-28 10:12:00,NSE:SHREERAMA,17.25,17.3,17.25,17.25,1957.0
2021-05-28 10:15:00,NSE:SHREERAMA,17.2,17.2,17.2,17.2,250.0
2021-05-28 10:18:00,NSE:SHREERAMA,17.25,17.3,17.25,17.25,196.0
2021-05-28 10:21:00,NSE:SHREERAMA,17.3,17.4,17.3,17.3,2945.0
2021-05-28 10:24:00,NSE:SHREERAMA,17.45,17.45,17.4,17.4,6003.0
2021-05-28 10:27:00,NSE:SHREERAMA,17.4,17.45,17.3,17.3,5316.0
2021-05-28 10:30:00,NSE:SHREERAMA,17.4,17.4,17.4,17.4,100.0
2021-05-28 10:33:00,NSE:SHREERAMA,17.25,17.35,17.25,17.35,2424.0
2021-05-28 10:36:00,NSE:SHREERAMA,17.3,17.3,17.3,17.3,80.0
2021-05-28 10:39:00,NSE:SHREERAMA,17.35,17.4,17.35,17.4,675.0
2021-05-28 10:42:00,NSE:SHREERAMA,17.4,17.4,17.4,17.4,50.0
2021-05-28 10:45:00,NSE:SHREERAMA,17.35,17.5,17.0,17.3,33480.0
2021-05-28 10:48:00,NSE:SHREERAMA,17.3,17.4,17.3,17.4,831.0
2021-05-28 10:51:00,NSE:SHREERAMA,17.3,17.4,17.3,17.4,736.0
2021-05-28 10:54:00,NSE:SHREERAMA,17.3,17.3,17.3,17.3,185.0
2021-05-28 11:00:00,NSE:SHREERAMA,17.4,17.4,17.4,17.4,240.0
2021-05-28 11:03:00,NSE:SHREERAMA,17.3,17.3,17.3,17.3,417.0
2021-05-28 11:06:00,NSE:SHREERAMA,17.3,17.3,17.0,17.1,9609.0
2021-05-28 11:09:00,NSE:SHREERAMA,17.1,17.15,17.05,17.1,4001.0
2021-05-28 11:12:00,NSE:SHREERAMA,17.15,17.35,17.1,17.35,1027.0
2021-05-28 11:15:00,NSE:SHREERAMA,17.25,17.25,17.05,17.05,10531.0
2021-05-28 11:18:00,NSE:SHREERAMA,17.15,17.15,17.05,17.05,1426.0
2021-05-28 11:21:00,NSE:SHREERAMA,17.1,17.1,16.7,17.0,9977.0
2021-05-28 11:24:00,NSE:SHREERAMA,17.05,17.05,16.95,16.95,523.0
2021-05-28 11:27:00,NSE:SHREERAMA,16.95,16.95,16.95,16.95,792.0
2021-05-28 11:30:00,NSE:SHREERAMA,16.95,16.95,16.75,16.75,2559.0
2021-05-28 11:33:00,NSE:SHREERAMA,16.75,16.8,16.75,16.8,148.0
2021-05-28 11:36:00,NSE:SHREERAMA,16.8,17.1,16.8,17.1,7459.0
2021-05-28 11:39:00,NSE:SHREERAMA,17.05,17.05,17.0,17.0,516.0
2021-05-28 11:42:00,NSE:SHREERAMA,17.0,17.15,17.0,17.0,1191.0
2021-05-28 11:45:00,NSE:SHREERAMA,16.9,17.0,16.9,17.0,621.0
2021-05-28 11:48:00,NSE:SHREERAMA,16.95,16.95,16.85,16.85,1280.0
2021-05-28 11:51:00,NSE:SHREERAMA,17.1,17.1,17.05,17.05,41.0
2021-05-28 11:54:00,NSE:SHREERAMA,17.05,17.1,16.65,16.7,10416.0
2021-05-28 11:57:00,NSE:SHREERAMA,16.7,17.1,16.7,16.85,6462.0
2021-05-28 12:00:00,NSE:SHREERAMA,16.85,16.95,16.85,16.95,1443.0
2021-05-28 12:03:00,NSE:SHREERAMA,16.85,16.95,16.7,16.7,3708.0
2021-05-28 12:06:00,NSE:SHREERAMA,16.7,16.75,16.65,16.65,339.0
2021-05-28 12:09:00,NSE:SHREERAMA,16.65,16.8,16.65,16.8,1385.0
2021-05-28 12:12:00,NSE:SHREERAMA,16.7,16.75,16.7,16.75,1132.0
2021-05-28 12:15:00,NSE:SHREERAMA,16.65,16.8,16.65,16.8,1486.0
2021-05-28 12:18:00,NSE:SHREERAMA,16.8,16.85,16.8,16.8,3808.0
2021-05-28 12:21:00,NSE:SHREERAMA,16.85,16.85,16.85,16.85,24.0
2021-05-28 12:24:00,NSE:SHREERAMA,16.85,16.85,16.8,16.8,1970.0
2021-05-28 12:27:00,NSE:SHREERAMA,16.8,16.8,16.8,16.8,130.0
2021-05-28 12:30:00,NSE:SHREERAMA,16.85,16.85,16.85,16.85,1.0
2021-05-28 12:36:00,NSE:SHREERAMA,16.7,16.75,16.7,16.75,2144.0
2021-05-28 12:39:00,NSE:SHREERAMA,16.85,16.85,16.85,16.85,1190.0
2021-05-28 12:45:00,NSE:SHREERAMA,16.75,16.75,16.75,16.75,2.0
2021-05-28 12:48:00,NSE:SHREERAMA,16.85,16.85,16.85,16.85,500.0
2021-05-28 12:51:00,NSE:SHREERAMA,16.85,16.85,16.75,16.85,801.0
2021-05-28 12:54:00,NSE:SHREERAMA,16.85,16.85,16.75,16.85,809.0
2021-05-28 12:57:00,NSE:SHREERAMA,16.75,16.75,16.7,16.75,1103.0
2021-05-28 13:03:00,NSE:SHREERAMA,16.6,16.6,16.6,16.6,1956.0
2021-05-28 13:06:00,NSE:SHREERAMA,16.6,16.85,16.6,16.85,5100.0
2021-05-28 13:09:00,NSE:SHREERAMA,16.75,16.75,16.75,16.75,4.0
2021-05-28 13:18:00,NSE:SHREERAMA,16.85,16.85,16.85,16.85,1165.0
2021-05-28 13:21:00,NSE:SHREERAMA,16.9,16.9,16.8,16.8,4138.0
2021-05-28 13:24:00,NSE:SHREERAMA,16.75,16.75,16.75,16.75,323.0
2021-05-28 13:27:00,NSE:SHREERAMA,16.9,17.15,16.9,17.0,8076.0
2021-05-28 13:30:00,NSE:SHREERAMA,17.2,17.2,17.0,17.0,7304.0
2021-05-28 13:33:00,NSE:SHREERAMA,17.0,17.0,17.0,17.0,2.0
2021-05-28 13:36:00,NSE:SHREERAMA,16.9,17.0,16.9,17.0,11627.0
2021-05-28 13:39:00,NSE:SHREERAMA,17.0,17.0,17.0,17.0,18.0
2021-05-28 13:42:00,NSE:SHREERAMA,16.85,17.0,16.85,17.0,6601.0
2021-05-28 13:45:00,NSE:SHREERAMA,17.0,17.0,17.0,17.0,50.0
2021-05-28 13:51:00,NSE:SHREERAMA,17.0,17.0,17.0,17.0,412.0
2021-05-28 14:00:00,NSE:SHREERAMA,17.0,17.0,17.0,17.0,282.0
2021-05-28 14:03:00,NSE:SHREERAMA,17.05,17.05,17.05,17.05,500.0
2021-05-28 14:06:00,NSE:SHREERAMA,17.05,17.1,17.05,17.1,201.0
2021-05-28 14:09:00,NSE:SHREERAMA,17.15,17.15,17.1,17.1,316.0
2021-05-28 14:12:00,NSE:SHREERAMA,17.15,17.2,17.15,17.2,1093.0
2021-05-28 14:15:00,NSE:SHREERAMA,17.15,17.15,17.15,17.15,23701.0
2021-05-28 14:18:00,NSE:SHREERAMA,17.1,17.15,17.1,17.15,3209.0
2021-05-28 14:21:00,NSE:SHREERAMA,17.1,17.1,17.1,17.1,324.0
2021-05-28 14:24:00,NSE:SHREERAMA,17.1,17.1,16.95,16.95,6054.0
2021-05-28 14:27:00,NSE:SHREERAMA,17.05,17.05,16.95,16.95,443.0
2021-05-28 14:30:00,NSE:SHREERAMA,17.05,17.05,16.8,16.8,4174.0
2021-05-28 14:33:00,NSE:SHREERAMA,16.8,16.9,16.8,16.9,1101.0
2021-05-28 14:36:00,NSE:SHREERAMA,17.0,17.05,16.8,16.8,5878.0
2021-05-28 14:48:00,NSE:SHREERAMA,16.85,16.85,16.8,16.8,2010.0
2021-05-28 14:51:00,NSE:SHREERAMA,16.85,16.85,16.85,16.85,1350.0
2021-05-28 14:54:00,NSE:SHREERAMA,16.9,16.9,16.8,16.8,1489.0
2021-05-28 14:57:00,NSE:SHREERAMA,16.95,16.95,16.95,16.95,26.0
2021-05-28 15:00:00,NSE:SHREERAMA,16.5,16.55,16.45,16.55,22363.0
2021-05-28 15:03:00,NSE:SHREERAMA,16.55,16.7,16.45,16.45,2019.0
2021-05-28 15:06:00,NSE:SHREERAMA,16.45,16.45,16.3,16.3,1033.0
2021-05-28 15:09:00,NSE:SHREERAMA,16.35,16.35,16.35,16.35,842.0
2021-05-28 15:12:00,NSE:SHREERAMA,16.45,16.45,16.25,16.25,5460.0
2021-05-28 15:15:00,NSE:SHREERAMA,16.25,16.3,16.25,16.3,12842.0
2021-05-28 15:18:00,NSE:SHREERAMA,16.3,16.45,16.3,16.45,3428.0
2021-05-28 15:21:00,NSE:SHREERAMA,16.45,16.45,16.4,16.4,5094.0
2021-05-28 15:24:00,NSE:SHREERAMA,16.5,16.7,16.5,16.65,8795.0
2021-05-28 15:27:00,NSE:SHREERAMA,16.7,16.75,16.5,16.75,3223.0
2021-05-28 15:39:00,NSE:SHREERAMA,16.5,16.5,16.5,16.5,114.0
2021-05-28 15:42:00,NSE:SHREERAMA,16.5,16.5,16.5,16.5,478.0
2021-05-31 09:06:00,NSE:SHREERAMA,16.9,16.9,16.9,16.9,5018.0
2021-05-31 09:15:00,NSE:SHREERAMA,16.9,17.4,16.9,17.2,53097.0
2021-05-31 09:18:00,NSE:SHREERAMA,17.3,17.4,17.2,17.35,21750.0
2021-05-31 09:21:00,NSE:SHREERAMA,17.25,17.35,17.1,17.2,14290.0
2021-05-31 09:24:00,NSE:SHREERAMA,17.25,17.25,17.05,17.05,11103.0
2021-05-31 09:27:00,NSE:SHREERAMA,17.0,17.2,17.0,17.2,5097.0
2021-05-31 09:30:00,NSE:SHREERAMA,17.2,17.25,16.7,17.25,41156.0
2021-05-31 09:33:00,NSE:SHREERAMA,17.15,17.25,17.0,17.2,5788.0
2021-05-31 09:36:00,NSE:SHREERAMA,17.05,17.2,17.05,17.2,3372.0
2021-05-31 09:39:00,NSE:SHREERAMA,17.25,17.35,17.15,17.35,9469.0
2021-05-31 09:42:00,NSE:SHREERAMA,17.35,17.35,17.25,17.3,7201.0
2021-05-31 09:45:00,NSE:SHREERAMA,17.25,17.3,17.15,17.15,5267.0
2021-05-31 09:48:00,NSE:SHREERAMA,17.2,17.3,17.2,17.3,5042.0
2021-05-31 09:51:00,NSE:SHREERAMA,17.3,17.3,17.1,17.3,5875.0
2021-05-31 09:54:00,NSE:SHREERAMA,17.35,17.4,17.3,17.3,6361.0
2021-05-31 09:57:00,NSE:SHREERAMA,17.25,17.5,17.2,17.25,23755.0
2021-05-31 10:00:00,NSE:SHREERAMA,17.25,17.3,17.15,17.25,24032.0
2021-05-31 10:03:00,NSE:SHREERAMA,17.3,17.3,17.15,17.15,6063.0
2021-05-31 10:06:00,NSE:SHREERAMA,17.25,17.5,17.1,17.25,19462.0
2021-05-31 10:09:00,NSE:SHREERAMA,17.3,17.35,17.25,17.3,5399.0
2021-05-31 10:12:00,NSE:SHREERAMA,17.3,17.3,17.2,17.25,1409.0
2021-05-31 10:15:00,NSE:SHREERAMA,17.25,17.3,17.2,17.3,8335.0
2021-05-31 10:18:00,NSE:SHREERAMA,17.3,17.3,17.2,17.3,2490.0
2021-05-31 10:21:00,NSE:SHREERAMA,17.2,17.35,16.9,17.0,31346.0
2021-05-31 10:24:00,NSE:SHREERAMA,17.0,17.0,17.0,17.0,16337.0
2021-05-31 10:27:00,NSE:SHREERAMA,17.0,17.0,16.95,16.95,9437.0
2021-05-31 10:30:00,NSE:SHREERAMA,16.95,17.1,16.85,17.0,12879.0
2021-05-31 10:33:00,NSE:SHREERAMA,17.05,17.05,16.95,17.0,5185.0
2021-05-31 10:36:00,NSE:SHREERAMA,17.0,17.25,16.95,17.1,7788.0
2021-05-31 10:39:00,NSE:SHREERAMA,17.1,17.15,17.0,17.0,8293.0
2021-05-31 10:42:00,NSE:SHREERAMA,17.0,17.15,16.9,17.0,5775.0
2021-05-31 10:45:00,NSE:SHREERAMA,17.0,17.0,16.9,17.0,3300.0
2021-05-31 10:48:00,NSE:SHREERAMA,17.0,17.0,17.0,17.0,275.0
2021-05-31 10:51:00,NSE:SHREERAMA,17.0,17.0,17.0,17.0,1951.0
2021-05-31 10:54:00,NSE:SHREERAMA,17.0,17.05,17.0,17.0,1121.0
2021-05-31 10:57:00,NSE:SHREERAMA,17.0,17.0,17.0,17.0,1350.0
2021-05-31 11:00:00,NSE:SHREERAMA,17.0,17.0,17.0,17.0,575.0
2021-05-31 11:03:00,NSE:SHREERAMA,16.9,17.05,16.9,17.05,5671.0
2021-05-31 11:06:00,NSE:SHREERAMA,17.05,17.05,17.05,17.05,1412.0
2021-05-31 11:09:00,NSE:SHREERAMA,17.05,17.05,17.05,17.05,1696.0
2021-05-31 11:12:00,NSE:SHREERAMA,17.0,17.0,16.9,16.9,3462.0
2021-05-31 11:15:00,NSE:SHREERAMA,17.0,17.0,17.0,17.0,2254.0
2021-05-31 11:18:00,NSE:SHREERAMA,17.0,17.0,17.0,17.0,721.0
2021-05-31 11:21:00,NSE:SHREERAMA,17.0,17.0,16.9,16.9,1555.0
2021-05-31 11:24:00,NSE:SHREERAMA,16.9,16.9,16.9,16.9,1000.0
2021-05-31 11:27:00,NSE:SHREERAMA,17.0,17.0,16.9,16.95,1143.0
2021-05-31 11:30:00,NSE:SHREERAMA,16.9,16.95,16.9,16.95,1525.0
2021-05-31 11:33:00,NSE:SHREERAMA,16.95,16.95,16.9,16.95,1131.0
2021-05-31 11:36:00,NSE:SHREERAMA,16.9,17.0,16.9,17.0,3259.0
2021-05-31 11:39:00,NSE:SHREERAMA,17.0,17.0,16.9,16.9,300.0
2021-05-31 11:42:00,NSE:SHREERAMA,17.0,17.0,16.9,16.9,1908.0
2021-05-31 11:45:00,NSE:SHREERAMA,17.0,17.0,16.9,17.0,1761.0
2021-05-31 11:48:00,NSE:SHREERAMA,16.9,17.0,16.9,17.0,4400.0
2021-05-31 11:51:00,NSE:SHREERAMA,17.0,17.0,16.9,17.0,1103.0
2021-05-31 11:54:00,NSE:SHREERAMA,16.9,17.0,16.9,17.0,52.0
2021-05-31 11:57:00,NSE:SHREERAMA,17.0,17.0,17.0,17.0,1100.0
2021-05-31 12:00:00,NSE:SHREERAMA,16.95,16.95,16.9,16.95,1187.0
2021-05-31 12:03:00,NSE:SHREERAMA,16.95,17.0,16.9,17.0,500.0
2021-05-31 12:06:00,NSE:SHREERAMA,16.9,17.0,16.9,17.0,803.0
2021-05-31 12:12:00,NSE:SHREERAMA,17.0,17.0,17.0,17.0,200.0
2021-05-31 12:15:00,NSE:SHREERAMA,17.0,17.0,17.0,17.0,50.0
2021-05-31 12:18:00,NSE:SHREERAMA,17.0,17.0,16.9,16.9,5900.0
2021-05-31 12:21:00,NSE:SHREERAMA,17.0,17.0,17.0,17.0,801.0
2021-05-31 12:24:00,NSE:SHREERAMA,17.0,17.0,17.0,17.0,3787.0
2021-05-31 12:27:00,NSE:SHREERAMA,17.0,17.0,17.0,17.0,3203.0
2021-05-31 12:30:00,NSE:SHREERAMA,17.0,17.0,16.9,16.9,3300.0
2021-05-31 12:33:00,NSE:SHREERAMA,17.0,17.0,17.0,17.0,1520.0
2021-05-31 12:36:00,NSE:SHREERAMA,17.0,17.0,16.9,17.0,10530.0
2021-05-31 12:39:00,NSE:SHREERAMA,17.0,17.05,16.95,16.95,2944.0
2021-05-31 12:42:00,NSE:SHREERAMA,17.0,17.0,16.95,16.95,822.0
2021-05-31 12:45:00,NSE:SHREERAMA,16.95,17.0,16.95,16.95,2608.0
2021-05-31 12:48:00,NSE:SHREERAMA,16.95,16.95,16.85,16.9,22794.0
2021-05-31 12:51:00,NSE:SHREERAMA,16.85,16.85,16.85,16.85,1547.0
2021-05-31 12:54:00,NSE:SHREERAMA,16.85,16.85,16.85,16.85,51.0
2021-05-31 12:57:00,NSE:SHREERAMA,16.85,16.85,16.85,16.85,758.0
2021-05-31 13:00:00,NSE:SHREERAMA,16.85,16.85,16.8,16.85,6822.0
2021-05-31 13:03:00,NSE:SHREERAMA,16.85,16.9,16.85,16.9,15639.0
2021-05-31 13:06:00,NSE:SHREERAMA,16.8,16.8,16.8,16.8,2845.0
2021-05-31 13:09:00,NSE:SHREERAMA,16.8,17.35,16.8,16.95,48891.0
2021-05-31 13:12:00,NSE:SHREERAMA,16.95,16.95,16.9,16.9,9603.0
2021-05-31 13:15:00,NSE:SHREERAMA,16.85,16.85,16.8,16.8,4961.0
2021-05-31 13:18:00,NSE:SHREERAMA,16.75,16.85,16.7,16.85,14108.0
2021-05-31 13:21:00,NSE:SHREERAMA,16.85,16.85,16.7,16.75,6393.0
2021-05-31 13:24:00,NSE:SHREERAMA,16.75,16.75,16.65,16.65,282.0
2021-05-31 13:27:00,NSE:SHREERAMA,16.65,16.75,16.65,16.75,405.0
2021-05-31 13:30:00,NSE:SHREERAMA,16.7,16.7,16.65,16.65,2000.0
2021-05-31 13:33:00,NSE:SHREERAMA,16.75,16.75,16.7,16.7,1285.0
2021-05-31 13:36:00,NSE:SHREERAMA,16.7,17.0,16.65,17.0,11786.0
2021-05-31 13:39:00,NSE:SHREERAMA,16.65,17.0,16.65,16.8,11983.0
2021-05-31 13:42:00,NSE:SHREERAMA,16.7,16.7,16.6,16.7,9624.0
2021-05-31 13:45:00,NSE:SHREERAMA,16.7,16.7,16.6,16.7,4100.0
2021-05-31 13:48:00,NSE:SHREERAMA,16.7,16.8,16.7,16.7,449.0
2021-05-31 13:51:00,NSE:SHREERAMA,16.8,16.8,16.65,16.65,5100.0
2021-05-31 13:54:00,NSE:SHREERAMA,16.65,16.65,16.65,16.65,100.0
2021-05-31 13:57:00,NSE:SHREERAMA,16.65,16.7,16.65,16.65,31803.0
2021-05-31 14:03:00,NSE:SHREERAMA,16.7,16.7,16.7,16.7,2089.0
2021-05-31 14:09:00,NSE:SHREERAMA,16.65,16.7,16.65,16.65,1381.0
2021-05-31 14:12:00,NSE:SHREERAMA,16.65,16.65,16.6,16.6,8062.0
2021-05-31 14:15:00,NSE:SHREERAMA,16.55,16.7,16.55,16.6,3992.0
2021-05-31 14:18:00,NSE:SHREERAMA,16.6,16.6,16.55,16.6,3583.0
2021-05-31 14:21:00,NSE:SHREERAMA,16.55,16.55,16.55,16.55,2341.0
2021-05-31 14:24:00,NSE:SHREERAMA,16.55,16.55,16.55,16.55,2500.0
2021-05-31 14:27:00,NSE:SHREERAMA,16.55,16.55,16.5,16.5,19973.0
2021-05-31 14:30:00,NSE:SHREERAMA,16.5,16.5,16.5,16.5,853.0
2021-05-31 14:33:00,NSE:SHREERAMA,16.6,16.6,16.6,16.6,1325.0
2021-05-31 14:36:00,NSE:SHREERAMA,16.6,16.6,16.6,16.6,1114.0
2021-05-31 14:39:00,NSE:SHREERAMA,16.55,16.55,16.5,16.55,1848.0
2021-05-31 14:42:00,NSE:SHREERAMA,16.5,16.55,16.5,16.55,1513.0
2021-05-31 14:45:00,NSE:SHREERAMA,16.6,16.6,16.45,16.45,9104.0
2021-05-31 14:48:00,NSE:SHREERAMA,16.45,16.6,16.45,16.6,12768.0
2021-05-31 14:51:00,NSE:SHREERAMA,16.6,16.65,16.6,16.65,510.0
2021-05-31 14:54:00,NSE:SHREERAMA,16.65,16.65,16.65,16.65,308.0
2021-05-31 14:57:00,NSE:SHREERAMA,16.65,16.65,16.55,16.6,1645.0
2021-05-31 15:00:00,NSE:SHREERAMA,16.55,16.55,16.5,16.55,4607.0
2021-05-31 15:03:00,NSE:SHREERAMA,16.55,16.55,16.55,16.55,250.0
2021-05-31 15:06:00,NSE:SHREERAMA,16.55,16.55,16.5,16.5,4650.0
2021-05-31 15:09:00,NSE:SHREERAMA,16.5,16.55,16.5,16.55,1215.0
2021-05-31 15:12:00,NSE:SHREERAMA,16.55,16.55,16.5,16.55,2345.0
2021-05-31 15:15:00,NSE:SHREERAMA,16.55,16.55,16.5,16.5,6613.0
2021-05-31 15:18:00,NSE:SHREERAMA,16.55,16.55,16.45,16.55,6159.0
2021-05-31 15:21:00,NSE:SHREERAMA,16.55,16.55,16.5,16.55,2069.0
2021-05-31 15:24:00,NSE:SHREERAMA,16.5,16.6,16.5,16.55,10858.0
2021-05-31 15:27:00,NSE:SHREERAMA,16.6,16.6,16.55,16.6,18568.0
2021-05-31 15:39:00,NSE:SHREERAMA,16.55,16.55,16.55,16.55,1000.0
2021-05-31 15:42:00,NSE:SHREERAMA,16.55,16.6,16.55,16.6,2229.0
2021-06-01 09:06:00,NSE:SHREERAMA,16.95,16.95,16.95,16.95,16018.0
2021-06-01 09:15:00,NSE:SHREERAMA,16.85,16.9,16.65,16.9,231.0
2021-06-01 09:18:00,NSE:SHREERAMA,16.85,16.9,16.65,16.65,1398.0
2021-06-01 09:21:00,NSE:SHREERAMA,16.9,16.95,16.85,16.95,3800.0
2021-06-01 09:24:00,NSE:SHREERAMA,16.95,17.0,16.25,16.35,20694.0
2021-06-01 09:27:00,NSE:SHREERAMA,16.9,16.9,16.65,16.9,523.0
2021-06-01 09:30:00,NSE:SHREERAMA,17.0,17.0,16.75,16.75,4787.0
2021-06-01 09:33:00,NSE:SHREERAMA,16.6,16.75,16.6,16.65,303.0
2021-06-01 09:36:00,NSE:SHREERAMA,16.9,16.9,16.6,16.9,3198.0
2021-06-01 09:42:00,NSE:SHREERAMA,16.9,16.9,16.9,16.9,1000.0
2021-06-01 09:45:00,NSE:SHREERAMA,16.8,16.8,16.8,16.8,3000.0
2021-06-01 09:48:00,NSE:SHREERAMA,16.7,16.8,16.7,16.7,236.0
2021-06-01 09:51:00,NSE:SHREERAMA,16.7,16.7,16.7,16.7,2355.0
2021-06-01 09:54:00,NSE:SHREERAMA,16.7,16.7,16.65,16.65,11189.0
2021-06-01 09:57:00,NSE:SHREERAMA,16.6,16.6,16.55,16.55,520.0
2021-06-01 10:00:00,NSE:SHREERAMA,16.5,16.5,16.45,16.5,15706.0
2021-06-01 10:06:00,NSE:SHREERAMA,16.4,16.4,16.3,16.3,5602.0
2021-06-01 10:09:00,NSE:SHREERAMA,16.4,16.5,16.4,16.5,2029.0
2021-06-01 10:12:00,NSE:SHREERAMA,16.5,16.5,16.5,16.5,4647.0
2021-06-01 10:15:00,NSE:SHREERAMA,16.5,16.5,16.3,16.3,2068.0
2021-06-01 10:18:00,NSE:SHREERAMA,16.45,16.45,16.45,16.45,81.0
2021-06-01 10:21:00,NSE:SHREERAMA,16.4,16.4,16.4,16.4,150.0
2021-06-01 10:24:00,NSE:SHREERAMA,16.35,16.35,16.35,16.35,2.0
2021-06-01 10:27:00,NSE:SHREERAMA,16.3,16.3,16.3,16.3,1652.0
2021-06-01 10:30:00,NSE:SHREERAMA,16.3,16.3,16.3,16.3,348.0
2021-06-01 10:33:00,NSE:SHREERAMA,16.25,16.25,16.25,16.25,1500.0
2021-06-01 10:36:00,NSE:SHREERAMA,16.35,16.35,16.35,16.35,341.0
2021-06-01 10:39:00,NSE:SHREERAMA,16.15,16.2,16.05,16.05,3210.0
2021-06-01 10:42:00,NSE:SHREERAMA,16.1,16.1,16.0,16.0,10007.0
2021-06-01 10:45:00,NSE:SHREERAMA,15.85,16.0,15.8,15.9,11909.0
2021-06-01 10:48:00,NSE:SHREERAMA,15.9,15.95,15.85,15.95,280.0
2021-06-01 10:51:00,NSE:SHREERAMA,15.85,16.1,15.85,16.0,3001.0
2021-06-01 10:54:00,NSE:SHREERAMA,15.95,16.0,15.55,15.65,6739.0
2021-06-01 10:57:00,NSE:SHREERAMA,15.8,15.95,15.8,15.85,951.0
2021-06-01 11:00:00,NSE:SHREERAMA,15.85,15.85,15.85,15.85,1.0
2021-06-01 11:06:00,NSE:SHREERAMA,16.0,16.0,16.0,16.0,110.0
2021-06-01 11:12:00,NSE:SHREERAMA,16.0,16.0,15.85,15.85,486.0
2021-06-01 11:15:00,NSE:SHREERAMA,15.85,16.0,15.8,15.8,1997.0
2021-06-01 11:18:00,NSE:SHREERAMA,15.8,15.8,15.8,15.8,305.0
2021-06-01 11:21:00,NSE:SHREERAMA,15.8,15.9,15.8,15.9,1165.0
2021-06-01 11:27:00,NSE:SHREERAMA,15.75,15.95,15.75,15.95,1700.0
2021-06-01 11:30:00,NSE:SHREERAMA,15.95,15.95,15.95,15.95,1000.0
2021-06-01 11:33:00,NSE:SHREERAMA,15.95,15.95,15.95,15.95,255.0
2021-06-01 11:36:00,NSE:SHREERAMA,15.95,15.95,15.95,15.95,108.0
2021-06-01 11:39:00,NSE:SHREERAMA,15.95,15.95,15.95,15.95,200.0
2021-06-01 11:42:00,NSE:SHREERAMA,15.75,15.85,15.75,15.85,1047.0
2021-06-01 11:45:00,NSE:SHREERAMA,15.85,15.9,15.7,15.7,1922.0
2021-06-01 11:48:00,NSE:SHREERAMA,15.85,15.85,15.7,15.7,102.0
2021-06-01 11:51:00,NSE:SHREERAMA,15.7,15.7,15.5,15.55,10672.0
2021-06-01 11:54:00,NSE:SHREERAMA,15.6,15.6,15.5,15.55,3205.0
2021-06-01 11:57:00,NSE:SHREERAMA,15.7,15.7,15.6,15.6,1818.0
2021-06-01 12:00:00,NSE:SHREERAMA,15.7,15.7,15.7,15.7,249.0
2021-06-01 12:03:00,NSE:SHREERAMA,15.7,15.75,15.7,15.75,694.0
2021-06-01 12:06:00,NSE:SHREERAMA,15.8,15.85,15.75,15.85,2460.0
2021-06-01 12:09:00,NSE:SHREERAMA,15.85,15.9,15.85,15.9,1025.0
2021-06-01 12:12:00,NSE:SHREERAMA,15.9,15.9,15.9,15.9,200.0
2021-06-01 12:15:00,NSE:SHREERAMA,15.9,15.9,15.8,15.8,251.0
2021-06-01 12:18:00,NSE:SHREERAMA,15.9,15.9,15.9,15.9,30.0
2021-06-01 12:21:00,NSE:SHREERAMA,15.8,15.8,15.8,15.8,100.0
2021-06-01 12:24:00,NSE:SHREERAMA,15.8,15.8,15.8,15.8,100.0
2021-06-01 12:30:00,NSE:SHREERAMA,15.75,15.75,15.75,15.75,88.0
2021-06-01 12:33:00,NSE:SHREERAMA,15.75,15.85,15.75,15.85,60.0
2021-06-01 12:39:00,NSE:SHREERAMA,15.75,15.75,15.75,15.75,257.0
2021-06-01 12:42:00,NSE:SHREERAMA,15.85,15.85,15.85,15.85,2.0
2021-06-01 12:45:00,NSE:SHREERAMA,15.85,15.85,15.85,15.85,975.0
2021-06-01 12:48:00,NSE:SHREERAMA,15.8,15.8,15.8,15.8,27.0
2021-06-01 12:51:00,NSE:SHREERAMA,15.75,16.0,15.75,16.0,29956.0
2021-06-01 12:54:00,NSE:SHREERAMA,16.0,16.45,16.0,16.4,26442.0
2021-06-01 12:57:00,NSE:SHREERAMA,16.45,16.75,16.45,16.75,15874.0
2021-06-01 13:00:00,NSE:SHREERAMA,16.75,16.75,15.8,16.45,21163.0
2021-06-01 13:03:00,NSE:SHREERAMA,16.45,16.65,16.1,16.1,5968.0
2021-06-01 13:06:00,NSE:SHREERAMA,16.45,16.45,16.2,16.2,7011.0
2021-06-01 13:09:00,NSE:SHREERAMA,16.1,16.2,16.1,16.2,3650.0
2021-06-01 13:18:00,NSE:SHREERAMA,16.2,16.2,16.2,16.2,1177.0
2021-06-01 13:21:00,NSE:SHREERAMA,16.2,16.3,16.15,16.3,10148.0
2021-06-01 13:24:00,NSE:SHREERAMA,16.35,16.7,16.3,16.65,8408.0
2021-06-01 13:27:00,NSE:SHREERAMA,16.7,16.7,16.25,16.3,17123.0
2021-06-01 13:30:00,NSE:SHREERAMA,16.3,16.35,16.3,16.35,11253.0
2021-06-01 13:33:00,NSE:SHREERAMA,16.4,16.4,16.35,16.35,13923.0
2021-06-01 13:36:00,NSE:SHREERAMA,16.35,16.35,16.25,16.25,2566.0
2021-06-01 13:48:00,NSE:SHREERAMA,16.25,16.3,16.25,16.3,700.0
2021-06-01 13:51:00,NSE:SHREERAMA,16.3,16.3,16.3,16.3,406.0
2021-06-01 13:54:00,NSE:SHREERAMA,16.3,16.4,16.25,16.25,599.0
2021-06-01 13:57:00,NSE:SHREERAMA,16.3,16.3,16.3,16.3,250.0
2021-06-01 14:03:00,NSE:SHREERAMA,16.25,16.25,16.25,16.25,500.0
2021-06-01 14:06:00,NSE:SHREERAMA,16.4,16.4,16.4,16.4,1000.0
2021-06-01 14:09:00,NSE:SHREERAMA,16.25,16.25,16.2,16.2,3001.0
2021-06-01 14:12:00,NSE:SHREERAMA,16.2,16.3,16.2,16.3,690.0
2021-06-01 14:15:00,NSE:SHREERAMA,16.2,16.2,16.2,16.2,1.0
2021-06-01 14:18:00,NSE:SHREERAMA,16.2,16.25,16.2,16.25,1279.0
2021-06-01 14:21:00,NSE:SHREERAMA,16.2,16.25,16.2,16.25,718.0
2021-06-01 14:24:00,NSE:SHREERAMA,16.2,16.25,16.2,16.25,3034.0
2021-06-01 14:27:00,NSE:SHREERAMA,16.2,16.2,16.2,16.2,664.0
2021-06-01 14:30:00,NSE:SHREERAMA,16.2,16.2,16.2,16.2,1500.0
2021-06-01 14:33:00,NSE:SHREERAMA,16.2,16.25,16.2,16.25,1306.0
2021-06-01 14:36:00,NSE:SHREERAMA,16.2,16.2,16.2,16.2,447.0
2021-06-01 14:39:00,NSE:SHREERAMA,16.2,16.2,16.2,16.2,800.0
2021-06-01 14:45:00,NSE:SHREERAMA,16.2,16.2,16.05,16.05,5777.0
2021-06-01 14:48:00,NSE:SHREERAMA,16.0,16.0,16.0,16.0,6253.0
2021-06-01 14:51:00,NSE:SHREERAMA,16.0,16.0,16.0,16.0,6.0
2021-06-01 14:54:00,NSE:SHREERAMA,16.0,16.0,15.9,15.95,12345.0
2021-06-01 14:57:00,NSE:SHREERAMA,16.0,16.0,15.9,15.9,3588.0
2021-06-01 15:00:00,NSE:SHREERAMA,15.95,15.95,15.9,15.95,3041.0
2021-06-01 15:03:00,NSE:SHREERAMA,15.9,15.9,15.75,15.75,13125.0
2021-06-01 15:06:00,NSE:SHREERAMA,15.85,15.85,15.75,15.75,197.0
2021-06-01 15:09:00,NSE:SHREERAMA,15.8,15.8,15.8,15.8,150.0
2021-06-01 15:12:00,NSE:SHREERAMA,15.8,15.8,15.8,15.8,10.0
2021-06-01 15:15:00,NSE:SHREERAMA,15.8,15.85,15.8,15.8,2497.0
2021-06-01 15:18:00,NSE:SHREERAMA,15.75,15.85,15.75,15.85,638.0
2021-06-01 15:21:00,NSE:SHREERAMA,15.8,15.95,15.8,15.8,8100.0
2021-06-01 15:24:00,NSE:SHREERAMA,15.95,16.0,15.95,16.0,1945.0
2021-06-01 15:27:00,NSE:SHREERAMA,15.8,15.95,15.8,15.8,7662.0
2021-06-02 09:06:00,NSE:SHREERAMA,15.3,15.3,15.3,15.3,1200.0
2021-06-02 09:15:00,NSE:SHREERAMA,15.35,16.0,15.35,15.8,5942.0
2021-06-02 09:18:00,NSE:SHREERAMA,16.0,16.0,15.7,15.95,2580.0
2021-06-02 09:21:00,NSE:SHREERAMA,15.95,15.95,15.8,15.95,1802.0
2021-06-02 09:24:00,NSE:SHREERAMA,15.8,15.8,15.8,15.8,501.0
2021-06-02 09:27:00,NSE:SHREERAMA,15.75,15.9,15.65,15.9,1852.0
2021-06-02 09:33:00,NSE:SHREERAMA,15.85,15.85,15.85,15.85,18.0
2021-06-02 09:36:00,NSE:SHREERAMA,15.85,15.95,15.85,15.95,1138.0
2021-06-02 09:39:00,NSE:SHREERAMA,15.95,15.95,15.95,15.95,1000.0
2021-06-02 09:42:00,NSE:SHREERAMA,15.9,15.9,15.9,15.9,1001.0
2021-06-02 09:45:00,NSE:SHREERAMA,15.8,15.8,15.8,15.8,1009.0
2021-06-02 09:48:00,NSE:SHREERAMA,15.95,16.0,15.9,16.0,3049.0
2021-06-02 09:51:00,NSE:SHREERAMA,16.0,16.0,15.9,15.9,321.0
2021-06-02 09:57:00,NSE:SHREERAMA,15.9,15.9,15.9,15.9,851.0
2021-06-02 10:00:00,NSE:SHREERAMA,15.95,15.95,15.95,15.95,53.0
2021-06-02 10:03:00,NSE:SHREERAMA,15.95,15.95,15.95,15.95,32.0
2021-06-02 10:06:00,NSE:SHREERAMA,15.85,15.9,15.85,15.9,423.0
2021-06-02 10:09:00,NSE:SHREERAMA,15.9,15.9,15.85,15.85,215.0
2021-06-02 10:12:00,NSE:SHREERAMA,15.8,15.9,15.7,15.7,6755.0
2021-06-02 10:15:00,NSE:SHREERAMA,15.85,15.85,15.85,15.85,222.0
2021-06-02 10:18:00,NSE:SHREERAMA,15.8,15.8,15.8,15.8,400.0
2021-06-02 10:21:00,NSE:SHREERAMA,15.9,15.9,15.9,15.9,34.0
2021-06-02 10:27:00,NSE:SHREERAMA,15.9,15.9,15.9,15.9,1000.0
2021-06-02 10:30:00,NSE:SHREERAMA,15.9,15.95,15.85,15.95,3012.0
2021-06-02 10:33:00,NSE:SHREERAMA,15.95,15.95,15.95,15.95,1000.0
2021-06-02 10:39:00,NSE:SHREERAMA,15.9,15.9,15.9,15.9,2555.0
2021-06-02 10:42:00,NSE:SHREERAMA,15.9,15.9,15.85,15.85,1800.0
2021-06-02 10:45:00,NSE:SHREERAMA,15.85,15.85,15.85,15.85,50.0
2021-06-02 10:51:00,NSE:SHREERAMA,15.95,15.95,15.95,15.95,100.0
2021-06-02 10:54:00,NSE:SHREERAMA,15.85,15.85,15.85,15.85,500.0
2021-06-02 10:57:00,NSE:SHREERAMA,15.95,15.95,15.95,15.95,3.0
2021-06-02 11:00:00,NSE:SHREERAMA,15.95,15.95,15.95,15.95,281.0
2021-06-02 11:03:00,NSE:SHREERAMA,15.95,15.95,15.95,15.95,13.0
2021-06-02 11:06:00,NSE:SHREERAMA,16.0,16.0,16.0,16.0,1656.0
2021-06-02 11:09:00,NSE:SHREERAMA,15.95,15.95,15.95,15.95,1151.0
2021-06-02 11:12:00,NSE:SHREERAMA,15.95,16.0,15.95,16.0,1148.0
2021-06-02 11:15:00,NSE:SHREERAMA,16.0,16.0,16.0,16.0,312.0
2021-06-02 11:18:00,NSE:SHREERAMA,16.0,16.2,15.95,16.2,13050.0
2021-06-02 11:21:00,NSE:SHREERAMA,16.25,16.25,16.25,16.25,6500.0
2021-06-02 11:24:00,NSE:SHREERAMA,16.2,16.25,16.2,16.25,2260.0
2021-06-02 11:27:00,NSE:SHREERAMA,16.25,16.25,16.15,16.15,2700.0
2021-06-02 11:30:00,NSE:SHREERAMA,16.25,16.25,16.25,16.25,20.0
2021-06-02 11:33:00,NSE:SHREERAMA,16.25,16.25,16.25,16.25,3.0
2021-06-02 11:36:00,NSE:SHREERAMA,16.2,16.2,16.2,16.2,500.0
2021-06-02 11:39:00,NSE:SHREERAMA,16.25,16.25,16.2,16.25,349.0
2021-06-02 11:42:00,NSE:SHREERAMA,16.25,16.35,16.25,16.3,5762.0
2021-06-02 11:45:00,NSE:SHREERAMA,16.25,16.3,16.25,16.25,520.0
2021-06-02 11:48:00,NSE:SHREERAMA,16.25,16.25,16.25,16.25,18.0
2021-06-02 11:51:00,NSE:SHREERAMA,16.25,16.25,16.25,16.25,100.0
2021-06-02 11:54:00,NSE:SHREERAMA,16.25,16.25,16.25,16.25,200.0
2021-06-02 11:57:00,NSE:SHREERAMA,16.25,16.25,16.25,16.25,621.0
2021-06-02 12:03:00,NSE:SHREERAMA,16.35,16.35,16.2,16.35,6208.0
2021-06-02 12:06:00,NSE:SHREERAMA,16.35,16.35,16.35,16.35,250.0
2021-06-02 12:12:00,NSE:SHREERAMA,16.35,16.35,16.25,16.25,700.0
2021-06-02 12:15:00,NSE:SHREERAMA,16.25,16.25,16.25,16.25,1.0
2021-06-02 12:18:00,NSE:SHREERAMA,16.3,16.3,16.2,16.2,2905.0
2021-06-02 12:24:00,NSE:SHREERAMA,16.3,16.3,16.3,16.3,8040.0
2021-06-02 12:27:00,NSE:SHREERAMA,16.3,16.5,16.3,16.5,3702.0
2021-06-02 12:33:00,NSE:SHREERAMA,16.5,16.5,16.5,16.5,500.0
2021-06-02 12:36:00,NSE:SHREERAMA,16.5,16.5,16.4,16.4,2503.0
2021-06-02 12:39:00,NSE:SHREERAMA,16.5,16.5,16.5,16.5,790.0
2021-06-02 12:42:00,NSE:SHREERAMA,16.5,16.5,16.3,16.35,230.0
2021-06-02 12:45:00,NSE:SHREERAMA,16.1,16.1,16.1,16.1,5000.0
2021-06-02 12:48:00,NSE:SHREERAMA,16.15,16.4,16.15,16.4,200.0
2021-06-02 13:00:00,NSE:SHREERAMA,16.25,16.25,16.25,16.25,1230.0
2021-06-02 13:03:00,NSE:SHREERAMA,16.25,16.25,16.25,16.25,816.0
2021-06-02 13:09:00,NSE:SHREERAMA,16.3,16.3,16.3,16.3,100.0
2021-06-02 13:12:00,NSE:SHREERAMA,16.3,16.35,16.25,16.3,5130.0
2021-06-02 13:15:00,NSE:SHREERAMA,16.3,16.3,16.3,16.3,71.0
2021-06-02 13:18:00,NSE:SHREERAMA,16.35,16.35,16.35,16.35,80.0
2021-06-02 13:21:00,NSE:SHREERAMA,16.4,16.4,16.4,16.4,21.0
2021-06-02 13:27:00,NSE:SHREERAMA,16.35,16.35,16.3,16.3,2103.0
2021-06-02 13:30:00,NSE:SHREERAMA,16.25,16.25,16.15,16.25,3672.0
2021-06-02 13:33:00,NSE:SHREERAMA,16.1,16.5,16.1,16.5,7449.0
2021-06-02 13:36:00,NSE:SHREERAMA,16.45,16.45,16.1,16.1,11770.0
2021-06-02 13:39:00,NSE:SHREERAMA,16.2,16.2,16.2,16.2,10.0
2021-06-02 13:48:00,NSE:SHREERAMA,16.45,16.45,16.45,16.45,5000.0
2021-06-02 13:51:00,NSE:SHREERAMA,16.15,16.35,16.15,16.35,510.0
2021-06-02 14:00:00,NSE:SHREERAMA,16.25,16.35,16.25,16.25,1260.0
2021-06-02 14:03:00,NSE:SHREERAMA,16.25,16.25,16.25,16.25,3.0
2021-06-02 14:06:00,NSE:SHREERAMA,16.35,16.35,16.25,16.25,510.0
2021-06-02 14:09:00,NSE:SHREERAMA,16.25,16.35,16.2,16.35,209.0
2021-06-02 14:12:00,NSE:SHREERAMA,16.4,16.4,16.4,16.4,2000.0
2021-06-02 14:15:00,NSE:SHREERAMA,16.3,16.3,16.3,16.3,312.0
2021-06-02 14:18:00,NSE:SHREERAMA,16.4,16.4,16.4,16.4,10.0
2021-06-02 14:21:00,NSE:SHREERAMA,16.45,16.45,16.4,16.4,1300.0
2021-06-02 14:24:00,NSE:SHREERAMA,16.4,16.4,16.4,16.4,158.0
2021-06-02 14:27:00,NSE:SHREERAMA,16.45,16.5,16.45,16.5,19.0
2021-06-02 14:30:00,NSE:SHREERAMA,16.5,16.5,16.5,16.5,251.0
2021-06-02 14:33:00,NSE:SHREERAMA,16.45,16.45,16.3,16.3,2255.0
2021-06-02 14:36:00,NSE:SHREERAMA,16.3,16.4,16.3,16.4,1263.0
2021-06-02 14:39:00,NSE:SHREERAMA,16.4,16.4,16.4,16.4,15.0
2021-06-02 14:42:00,NSE:SHREERAMA,16.4,16.4,16.35,16.4,2034.0
2021-06-02 14:45:00,NSE:SHREERAMA,16.35,16.4,16.35,16.4,35.0
2021-06-02 14:48:00,NSE:SHREERAMA,16.4,16.4,16.4,16.4,215.0
2021-06-02 14:51:00,NSE:SHREERAMA,16.45,16.45,16.45,16.45,2041.0
2021-06-02 14:54:00,NSE:SHREERAMA,16.35,16.45,16.35,16.45,70.0
2021-06-02 14:57:00,NSE:SHREERAMA,16.4,16.4,16.4,16.4,1257.0
2021-06-02 15:00:00,NSE:SHREERAMA,16.4,16.4,16.35,16.35,8053.0
2021-06-02 15:06:00,NSE:SHREERAMA,16.4,16.4,16.4,16.4,29.0
2021-06-02 15:09:00,NSE:SHREERAMA,16.25,16.3,16.25,16.3,1600.0
2021-06-02 15:12:00,NSE:SHREERAMA,16.4,16.4,16.4,16.4,690.0
2021-06-02 15:15:00,NSE:SHREERAMA,16.4,16.4,16.4,16.4,30.0
2021-06-02 15:18:00,NSE:SHREERAMA,16.4,16.6,16.4,16.5,18210.0
2021-06-02 15:21:00,NSE:SHREERAMA,16.45,16.55,16.35,16.55,3724.0
2021-06-02 15:24:00,NSE:SHREERAMA,16.5,16.7,16.4,16.7,3463.0
2021-06-02 15:27:00,NSE:SHREERAMA,16.75,16.75,16.45,16.45,6777.0
2021-06-02 15:30:00,NSE:SHREERAMA,16.45,16.45,16.45,16.45,100.0
2021-06-02 15:39:00,NSE:SHREERAMA,16.5,16.5,16.5,16.5,25.0
2021-06-02 15:42:00,NSE:SHREERAMA,16.5,16.5,16.5,16.5,100.0
2021-06-02 15:45:00,NSE:SHREERAMA,16.5,16.5,16.5,16.5,950.0
2021-06-02 15:54:00,NSE:SHREERAMA,16.5,16.5,16.5,16.5,6.0
2021-06-03 09:06:00,NSE:SHREERAMA,16.75,16.75,16.75,16.75,3050.0
2021-06-03 09:15:00,NSE:SHREERAMA,16.7,16.75,16.25,16.65,4637.0
2021-06-03 09:18:00,NSE:SHREERAMA,16.6,16.7,16.4,16.7,2371.0
2021-06-03 09:21:00,NSE:SHREERAMA,16.7,16.7,16.2,16.6,9550.0
2021-06-03 09:24:00,NSE:SHREERAMA,16.5,16.5,16.4,16.4,1502.0
2021-06-03 09:27:00,NSE:SHREERAMA,16.5,16.5,16.4,16.4,1004.0
2021-06-03 09:30:00,NSE:SHREERAMA,16.5,16.55,16.4,16.5,750.0
2021-06-03 09:33:00,NSE:SHREERAMA,16.5,16.5,16.5,16.5,96.0
2021-06-03 09:36:00,NSE:SHREERAMA,16.5,16.55,16.5,16.55,100.0
2021-06-03 09:39:00,NSE:SHREERAMA,16.55,16.55,16.55,16.55,100.0
2021-06-03 09:42:00,NSE:SHREERAMA,16.55,16.8,16.5,16.8,5932.0
2021-06-03 09:45:00,NSE:SHREERAMA,16.9,16.9,16.55,16.75,6614.0
2021-06-03 09:48:00,NSE:SHREERAMA,16.85,16.85,16.75,16.75,17.0
2021-06-03 09:51:00,NSE:SHREERAMA,16.7,16.9,16.65,16.65,9228.0
2021-06-03 09:54:00,NSE:SHREERAMA,16.6,16.75,16.6,16.75,1202.0
2021-06-03 09:57:00,NSE:SHREERAMA,16.65,16.8,16.65,16.8,1660.0
2021-06-03 10:00:00,NSE:SHREERAMA,16.8,16.8,16.8,16.8,258.0
2021-06-03 10:03:00,NSE:SHREERAMA,16.8,16.8,16.7,16.7,930.0
2021-06-03 10:06:00,NSE:SHREERAMA,16.65,16.9,16.65,16.9,4593.0
2021-06-03 10:09:00,NSE:SHREERAMA,16.7,16.75,16.65,16.75,1880.0
2021-06-03 10:15:00,NSE:SHREERAMA,16.75,16.75,16.75,16.75,418.0
2021-06-03 10:18:00,NSE:SHREERAMA,16.8,16.8,16.7,16.8,1451.0
2021-06-03 10:21:00,NSE:SHREERAMA,16.75,16.75,16.65,16.65,2302.0
2021-06-03 10:24:00,NSE:SHREERAMA,16.65,16.75,16.65,16.75,3138.0
2021-06-03 10:27:00,NSE:SHREERAMA,16.65,16.8,16.65,16.8,3001.0
2021-06-03 10:30:00,NSE:SHREERAMA,16.8,16.8,16.7,16.7,1994.0
2021-06-03 10:33:00,NSE:SHREERAMA,16.7,16.7,16.6,16.7,5009.0
2021-06-03 10:36:00,NSE:SHREERAMA,16.65,16.65,16.65,16.65,100.0
2021-06-03 10:39:00,NSE:SHREERAMA,16.65,16.65,16.65,16.65,177.0
2021-06-03 10:42:00,NSE:SHREERAMA,16.65,16.65,16.65,16.65,134.0
2021-06-03 10:45:00,NSE:SHREERAMA,16.65,16.65,16.65,16.65,300.0
2021-06-03 10:48:00,NSE:SHREERAMA,16.6,16.6,16.55,16.55,401.0
2021-06-03 10:51:00,NSE:SHREERAMA,16.55,16.55,16.55,16.55,149.0
2021-06-03 10:54:00,NSE:SHREERAMA,16.55,16.55,16.5,16.5,622.0
2021-06-03 10:57:00,NSE:SHREERAMA,16.5,16.65,16.5,16.65,800.0
2021-06-03 11:00:00,NSE:SHREERAMA,16.55,16.55,16.5,16.5,1414.0
2021-06-03 11:03:00,NSE:SHREERAMA,16.5,16.5,16.5,16.5,1.0
2021-06-03 11:06:00,NSE:SHREERAMA,16.6,16.6,16.55,16.55,220.0
2021-06-03 11:12:00,NSE:SHREERAMA,16.6,16.6,16.4,16.4,1428.0
2021-06-03 11:18:00,NSE:SHREERAMA,16.5,16.95,16.5,16.5,27409.0
2021-06-03 11:21:00,NSE:SHREERAMA,16.6,16.9,16.6,16.65,3446.0
2021-06-03 11:24:00,NSE:SHREERAMA,16.65,16.9,16.65,16.85,366.0
2021-06-03 11:27:00,NSE:SHREERAMA,16.8,16.9,16.7,16.75,3356.0
2021-06-03 11:30:00,NSE:SHREERAMA,16.85,16.95,16.85,16.95,1316.0
2021-06-03 11:33:00,NSE:SHREERAMA,16.95,16.95,16.95,16.95,2800.0
2021-06-03 11:36:00,NSE:SHREERAMA,16.9,16.95,16.85,16.85,1452.0
2021-06-03 11:39:00,NSE:SHREERAMA,16.85,16.95,16.85,16.9,2860.0
2021-06-03 11:42:00,NSE:SHREERAMA,16.9,16.9,16.8,16.8,7787.0
2021-06-03 11:45:00,NSE:SHREERAMA,16.7,16.8,16.65,16.7,688.0
2021-06-03 11:48:00,NSE:SHREERAMA,16.75,16.75,16.75,16.75,3.0
2021-06-03 11:54:00,NSE:SHREERAMA,16.8,16.8,16.65,16.65,5326.0
2021-06-03 11:57:00,NSE:SHREERAMA,16.75,16.75,16.75,16.75,75.0
2021-06-03 12:00:00,NSE:SHREERAMA,16.8,16.8,16.65,16.75,493.0
2021-06-03 12:03:00,NSE:SHREERAMA,16.8,16.8,16.65,16.8,211.0
2021-06-03 12:06:00,NSE:SHREERAMA,16.7,16.7,16.7,16.7,100.0
2021-06-03 12:09:00,NSE:SHREERAMA,16.75,16.75,16.65,16.75,39.0
2021-06-03 12:12:00,NSE:SHREERAMA,16.65,16.75,16.65,16.75,502.0
2021-06-03 12:18:00,NSE:SHREERAMA,16.65,16.9,16.65,16.9,11352.0
2021-06-03 12:21:00,NSE:SHREERAMA,16.7,16.85,16.65,16.8,2472.0
2021-06-03 12:27:00,NSE:SHREERAMA,16.8,16.8,16.7,16.7,1200.0
2021-06-03 12:30:00,NSE:SHREERAMA,16.7,16.7,16.65,16.7,572.0
2021-06-03 12:33:00,NSE:SHREERAMA,16.7,16.7,16.65,16.7,574.0
2021-06-03 12:36:00,NSE:SHREERAMA,16.6,16.6,16.6,16.6,500.0
2021-06-03 12:39:00,NSE:SHREERAMA,16.7,16.7,16.5,16.65,5174.0
2021-06-03 12:42:00,NSE:SHREERAMA,16.4,16.6,16.4,16.6,5203.0
2021-06-03 12:48:00,NSE:SHREERAMA,16.5,16.65,16.5,16.65,1052.0
2021-06-03 12:51:00,NSE:SHREERAMA,16.65,16.65,16.6,16.65,1041.0
2021-06-03 12:54:00,NSE:SHREERAMA,16.6,16.65,16.6,16.65,1141.0
2021-06-03 12:57:00,NSE:SHREERAMA,16.55,16.7,16.55,16.7,581.0
2021-06-03 13:00:00,NSE:SHREERAMA,16.6,16.6,16.6,16.6,100.0
2021-06-03 13:03:00,NSE:SHREERAMA,16.65,16.65,16.45,16.45,5751.0
2021-06-03 13:06:00,NSE:SHREERAMA,16.5,16.5,16.45,16.45,103.0
2021-06-03 13:09:00,NSE:SHREERAMA,16.4,16.5,16.4,16.45,2239.0
2021-06-03 13:12:00,NSE:SHREERAMA,16.6,16.6,16.6,16.6,1000.0
2021-06-03 13:21:00,NSE:SHREERAMA,16.6,16.6,16.6,16.6,21.0
2021-06-03 13:30:00,NSE:SHREERAMA,16.5,16.6,16.5,16.6,201.0
2021-06-03 13:33:00,NSE:SHREERAMA,16.45,16.45,16.45,16.45,1236.0
2021-06-03 13:36:00,NSE:SHREERAMA,16.45,16.55,16.45,16.55,7.0
2021-06-03 13:39:00,NSE:SHREERAMA,16.55,16.55,16.55,16.55,1000.0
2021-06-03 13:45:00,NSE:SHREERAMA,16.5,16.55,16.5,16.55,471.0
2021-06-03 13:48:00,NSE:SHREERAMA,16.5,16.55,16.5,16.55,102.0
2021-06-03 13:51:00,NSE:SHREERAMA,16.55,16.55,16.35,16.35,6601.0
2021-06-03 13:54:00,NSE:SHREERAMA,15.65,15.85,15.35,15.55,59332.0
2021-06-03 13:57:00,NSE:SHREERAMA,15.5,16.15,15.5,16.05,23680.0
2021-06-03 14:00:00,NSE:SHREERAMA,16.05,16.25,15.8,15.85,10874.0
2021-06-03 14:03:00,NSE:SHREERAMA,15.8,15.95,15.7,15.9,15104.0
2021-06-03 14:06:00,NSE:SHREERAMA,15.9,15.95,15.7,15.85,11927.0
2021-06-03 14:09:00,NSE:SHREERAMA,15.9,15.95,15.7,15.8,12445.0
2021-06-03 14:12:00,NSE:SHREERAMA,15.7,15.8,15.7,15.7,13371.0
2021-06-03 14:15:00,NSE:SHREERAMA,15.7,15.9,15.7,15.9,8775.0
2021-06-03 14:18:00,NSE:SHREERAMA,15.9,15.9,15.9,15.9,1280.0
2021-06-03 14:21:00,NSE:SHREERAMA,15.9,15.95,15.7,15.85,4152.0
2021-06-03 14:24:00,NSE:SHREERAMA,15.85,15.9,15.85,15.9,1553.0
2021-06-03 14:27:00,NSE:SHREERAMA,15.85,15.9,15.85,15.9,353.0
2021-06-03 14:30:00,NSE:SHREERAMA,15.9,15.9,15.9,15.9,3040.0
2021-06-03 14:33:00,NSE:SHREERAMA,15.9,16.0,15.9,16.0,10631.0
2021-06-03 14:36:00,NSE:SHREERAMA,15.95,16.0,15.95,16.0,161.0
2021-06-03 14:39:00,NSE:SHREERAMA,15.95,16.0,15.95,15.95,653.0
2021-06-03 14:42:00,NSE:SHREERAMA,15.95,16.0,15.95,16.0,326.0
2021-06-03 14:45:00,NSE:SHREERAMA,15.95,16.0,15.95,15.95,652.0
2021-06-03 14:48:00,NSE:SHREERAMA,15.95,16.0,15.9,15.9,1312.0
2021-06-03 14:51:00,NSE:SHREERAMA,15.95,15.95,15.95,15.95,1.0
2021-06-03 14:54:00,NSE:SHREERAMA,15.9,15.95,15.9,15.9,1505.0
2021-06-03 14:57:00,NSE:SHREERAMA,16.0,16.0,16.0,16.0,3.0
2021-06-03 15:00:00,NSE:SHREERAMA,16.0,16.0,16.0,16.0,55.0
2021-06-03 15:03:00,NSE:SHREERAMA,16.0,16.0,15.95,15.95,751.0
2021-06-03 15:06:00,NSE:SHREERAMA,15.95,15.95,15.95,15.95,1225.0
2021-06-03 15:09:00,NSE:SHREERAMA,15.95,15.95,15.95,15.95,275.0
2021-06-03 15:12:00,NSE:SHREERAMA,15.95,15.95,15.85,15.85,2164.0
2021-06-03 15:15:00,NSE:SHREERAMA,15.9,15.9,15.75,15.75,1507.0
2021-06-03 15:18:00,NSE:SHREERAMA,15.9,15.9,15.8,15.9,213.0
2021-06-03 15:21:00,NSE:SHREERAMA,15.9,15.9,15.8,15.85,1800.0
2021-06-03 15:24:00,NSE:SHREERAMA,15.85,15.9,15.8,15.9,2444.0
2021-06-03 15:27:00,NSE:SHREERAMA,15.8,16.0,15.8,16.0,6918.0
2021-06-03 15:39:00,NSE:SHREERAMA,15.85,15.85,15.85,15.85,70.0
2021-06-04 09:06:00,NSE:SHREERAMA,15.95,15.95,15.95,15.95,1657.0
2021-06-04 09:15:00,NSE:SHREERAMA,15.75,16.0,15.75,16.0,1275.0
2021-06-04 09:18:00,NSE:SHREERAMA,15.8,15.8,15.8,15.8,126.0
2021-06-04 09:21:00,NSE:SHREERAMA,15.75,15.95,15.75,15.95,1020.0
2021-06-04 09:24:00,NSE:SHREERAMA,15.95,15.95,15.95,15.95,103.0
2021-06-04 09:27:00,NSE:SHREERAMA,16.05,16.05,15.9,15.9,1128.0
2021-06-04 09:30:00,NSE:SHREERAMA,15.9,16.1,15.9,16.1,2950.0
2021-06-04 09:33:00,NSE:SHREERAMA,16.1,16.1,15.95,16.1,141.0
2021-06-04 09:36:00,NSE:SHREERAMA,16.0,16.05,16.0,16.05,375.0
2021-06-04 09:39:00,NSE:SHREERAMA,16.1,16.1,16.1,16.1,304.0
2021-06-04 09:42:00,NSE:SHREERAMA,16.1,16.1,16.1,16.1,25.0
2021-06-04 09:45:00,NSE:SHREERAMA,16.1,16.1,16.1,16.1,30.0
2021-06-04 09:48:00,NSE:SHREERAMA,16.1,16.1,16.05,16.05,1741.0
2021-06-04 09:51:00,NSE:SHREERAMA,16.1,16.2,16.1,16.2,10246.0
2021-06-04 09:54:00,NSE:SHREERAMA,16.25,16.5,16.05,16.5,28998.0
2021-06-04 09:57:00,NSE:SHREERAMA,16.5,16.5,16.15,16.5,18930.0
2021-06-04 10:00:00,NSE:SHREERAMA,16.5,16.5,16.5,16.5,4848.0
2021-06-04 10:03:00,NSE:SHREERAMA,16.6,16.6,16.4,16.5,6575.0
2021-06-04 10:06:00,NSE:SHREERAMA,16.6,16.6,16.4,16.5,3314.0
2021-06-04 10:09:00,NSE:SHREERAMA,16.5,16.5,16.35,16.35,12811.0
2021-06-04 10:12:00,NSE:SHREERAMA,16.45,16.45,16.35,16.35,405.0
2021-06-04 10:15:00,NSE:SHREERAMA,16.45,16.45,16.3,16.35,2745.0
2021-06-04 10:18:00,NSE:SHREERAMA,16.25,16.25,16.25,16.25,10.0
2021-06-04 10:21:00,NSE:SHREERAMA,16.25,16.25,16.25,16.25,279.0
2021-06-04 10:24:00,NSE:SHREERAMA,16.25,16.35,16.1,16.3,2530.0
2021-06-04 10:27:00,NSE:SHREERAMA,16.4,16.45,16.4,16.4,121.0
2021-06-04 10:30:00,NSE:SHREERAMA,16.4,16.4,16.4,16.4,1330.0
2021-06-04 10:33:00,NSE:SHREERAMA,16.4,16.4,16.4,16.4,261.0
2021-06-04 10:36:00,NSE:SHREERAMA,16.4,16.6,16.1,16.1,23815.0
2021-06-04 10:39:00,NSE:SHREERAMA,16.2,16.2,16.2,16.2,500.0
2021-06-04 10:42:00,NSE:SHREERAMA,16.45,16.5,16.3,16.5,24627.0
2021-06-04 10:45:00,NSE:SHREERAMA,16.5,16.55,16.5,16.5,10618.0
2021-06-04 10:48:00,NSE:SHREERAMA,16.5,16.6,16.1,16.1,20789.0
2021-06-04 10:51:00,NSE:SHREERAMA,16.4,16.4,16.25,16.35,570.0
2021-06-04 10:54:00,NSE:SHREERAMA,16.35,16.35,16.35,16.35,100.0
2021-06-04 10:57:00,NSE:SHREERAMA,16.3,16.4,16.3,16.4,2.0
2021-06-04 11:00:00,NSE:SHREERAMA,16.3,16.3,16.3,16.3,1000.0
2021-06-04 11:03:00,NSE:SHREERAMA,16.35,16.35,16.3,16.3,1001.0
2021-06-04 11:06:00,NSE:SHREERAMA,16.35,16.35,16.35,16.35,29.0
2021-06-04 11:09:00,NSE:SHREERAMA,16.35,16.35,16.3,16.3,201.0
2021-06-04 11:12:00,NSE:SHREERAMA,16.35,16.35,16.25,16.35,2049.0
2021-06-04 11:15:00,NSE:SHREERAMA,16.35,16.4,16.3,16.4,505.0
2021-06-04 11:18:00,NSE:SHREERAMA,16.3,16.3,16.3,16.3,69.0
2021-06-04 11:24:00,NSE:SHREERAMA,16.4,16.4,16.3,16.35,1260.0
2021-06-04 11:27:00,NSE:SHREERAMA,16.35,16.35,16.3,16.3,840.0
2021-06-04 11:30:00,NSE:SHREERAMA,16.3,16.3,16.3,16.3,12.0
2021-06-04 11:36:00,NSE:SHREERAMA,16.5,16.55,16.5,16.5,5294.0
2021-06-04 11:39:00,NSE:SHREERAMA,16.55,16.55,16.4,16.4,981.0
2021-06-04 11:42:00,NSE:SHREERAMA,16.5,16.55,16.5,16.55,1579.0
2021-06-04 11:45:00,NSE:SHREERAMA,16.5,16.5,16.5,16.5,171.0
2021-06-04 11:48:00,NSE:SHREERAMA,16.5,16.5,16.5,16.5,100.0
2021-06-04 11:51:00,NSE:SHREERAMA,16.5,16.5,16.5,16.5,1500.0
2021-06-04 11:54:00,NSE:SHREERAMA,16.55,16.55,16.5,16.5,601.0
2021-06-04 11:57:00,NSE:SHREERAMA,16.5,16.55,16.5,16.55,487.0
2021-06-04 12:00:00,NSE:SHREERAMA,16.5,16.55,16.5,16.55,894.0
2021-06-04 12:03:00,NSE:SHREERAMA,16.5,16.55,16.5,16.55,1580.0
2021-06-04 12:06:00,NSE:SHREERAMA,16.55,16.6,16.55,16.6,1786.0
2021-06-04 12:09:00,NSE:SHREERAMA,16.6,16.6,16.6,16.6,100.0
2021-06-04 12:12:00,NSE:SHREERAMA,16.5,16.5,16.5,16.5,10116.0
2021-06-04 12:18:00,NSE:SHREERAMA,16.55,16.55,16.5,16.5,101.0
2021-06-04 12:21:00,NSE:SHREERAMA,16.55,16.55,16.5,16.55,27.0
2021-06-04 12:24:00,NSE:SHREERAMA,16.5,16.5,16.5,16.5,1000.0
2021-06-04 12:27:00,NSE:SHREERAMA,16.55,16.55,16.5,16.55,1451.0
2021-06-04 12:30:00,NSE:SHREERAMA,16.5,16.55,16.5,16.55,448.0
2021-06-04 12:33:00,NSE:SHREERAMA,16.5,16.5,16.5,16.5,1550.0
2021-06-04 12:36:00,NSE:SHREERAMA,16.55,16.55,16.55,16.55,565.0
2021-06-04 12:39:00,NSE:SHREERAMA,16.55,16.55,16.55,16.55,199.0
2021-06-04 12:42:00,NSE:SHREERAMA,16.5,16.65,16.5,16.65,5226.0
2021-06-04 12:45:00,NSE:SHREERAMA,16.5,16.65,16.5,16.65,5827.0
2021-06-04 12:48:00,NSE:SHREERAMA,16.65,16.7,16.5,16.6,3061.0
2021-06-04 12:51:00,NSE:SHREERAMA,16.6,16.6,16.6,16.6,764.0
2021-06-04 12:57:00,NSE:SHREERAMA,16.5,16.55,16.4,16.55,5634.0
2021-06-04 13:00:00,NSE:SHREERAMA,16.5,16.6,16.5,16.6,5943.0
2021-06-04 13:03:00,NSE:SHREERAMA,16.6,16.6,16.5,16.5,5108.0
2021-06-04 13:06:00,NSE:SHREERAMA,16.5,16.5,16.5,16.5,500.0
2021-06-04 13:09:00,NSE:SHREERAMA,16.5,16.5,16.5,16.5,13505.0
2021-06-04 13:12:00,NSE:SHREERAMA,16.5,16.5,16.5,16.5,588.0
2021-06-04 13:15:00,NSE:SHREERAMA,16.5,16.5,16.5,16.5,100.0
2021-06-04 13:21:00,NSE:SHREERAMA,16.5,16.5,16.45,16.45,525.0
2021-06-04 13:39:00,NSE:SHREERAMA,16.45,16.55,16.45,16.55,1003.0
2021-06-04 13:42:00,NSE:SHREERAMA,16.55,16.55,16.55,16.55,81.0
2021-06-04 13:48:00,NSE:SHREERAMA,16.45,16.55,16.35,16.45,4246.0
2021-06-04 13:51:00,NSE:SHREERAMA,16.4,16.45,16.4,16.4,1915.0
2021-06-04 13:54:00,NSE:SHREERAMA,16.4,16.4,16.4,16.4,1139.0
2021-06-04 13:57:00,NSE:SHREERAMA,16.4,16.4,16.35,16.35,1114.0
2021-06-04 14:00:00,NSE:SHREERAMA,16.35,16.35,16.35,16.35,1014.0
2021-06-04 14:03:00,NSE:SHREERAMA,16.4,16.4,16.4,16.4,1000.0
2021-06-04 14:06:00,NSE:SHREERAMA,16.4,16.45,16.4,16.45,1000.0
2021-06-04 14:09:00,NSE:SHREERAMA,16.5,16.5,16.5,16.5,1051.0
2021-06-04 14:12:00,NSE:SHREERAMA,16.6,16.6,16.6,16.6,3470.0
2021-06-04 14:15:00,NSE:SHREERAMA,16.65,16.7,16.6,16.65,5074.0
2021-06-04 14:18:00,NSE:SHREERAMA,16.6,16.6,16.5,16.5,15.0
2021-06-04 14:21:00,NSE:SHREERAMA,16.5,16.5,16.5,16.5,641.0
2021-06-04 14:27:00,NSE:SHREERAMA,16.45,16.85,16.45,16.85,20080.0
2021-06-04 14:30:00,NSE:SHREERAMA,16.55,16.55,16.0,16.5,23654.0
2021-06-04 14:33:00,NSE:SHREERAMA,16.55,16.55,16.55,16.55,126.0
2021-06-04 14:36:00,NSE:SHREERAMA,16.4,16.5,16.4,16.5,506.0
2021-06-04 14:39:00,NSE:SHREERAMA,16.4,16.55,16.4,16.55,286.0
2021-06-04 14:45:00,NSE:SHREERAMA,16.55,16.55,16.5,16.5,801.0
2021-06-04 14:48:00,NSE:SHREERAMA,16.5,16.5,16.5,16.5,30.0
2021-06-04 14:54:00,NSE:SHREERAMA,16.5,16.5,16.5,16.5,500.0
2021-06-04 14:57:00,NSE:SHREERAMA,16.45,16.45,16.3,16.3,1966.0
2021-06-04 15:00:00,NSE:SHREERAMA,16.3,16.35,16.3,16.3,2205.0
2021-06-04 15:03:00,NSE:SHREERAMA,16.5,16.5,16.5,16.5,7813.0
2021-06-04 15:06:00,NSE:SHREERAMA,16.5,16.5,16.5,16.5,6050.0
2021-06-04 15:09:00,NSE:SHREERAMA,16.6,16.6,16.6,16.6,55.0
2021-06-04 15:12:00,NSE:SHREERAMA,16.7,16.7,16.6,16.6,161.0
2021-06-04 15:15:00,NSE:SHREERAMA,16.6,16.6,16.6,16.6,290.0
2021-06-04 15:18:00,NSE:SHREERAMA,16.55,16.55,16.5,16.5,5020.0
2021-06-04 15:21:00,NSE:SHREERAMA,16.5,16.55,16.5,16.55,6045.0
2021-06-04 15:24:00,NSE:SHREERAMA,16.55,16.65,16.55,16.65,1061.0
2021-06-04 15:27:00,NSE:SHREERAMA,16.55,16.55,16.5,16.55,6680.0
2021-06-07 09:06:00,NSE:SHREERAMA,17.05,17.05,17.05,17.05,6788.0
2021-06-07 09:15:00,NSE:SHREERAMA,17.05,17.05,16.6,17.0,4891.0
2021-06-07 09:18:00,NSE:SHREERAMA,16.95,16.95,16.65,16.65,1817.0
2021-06-07 09:21:00,NSE:SHREERAMA,16.6,16.85,16.6,16.65,3017.0
2021-06-07 09:24:00,NSE:SHREERAMA,16.65,16.65,16.6,16.6,2079.0
2021-06-07 09:27:00,NSE:SHREERAMA,16.7,16.7,16.6,16.6,5206.0
2021-06-07 09:30:00,NSE:SHREERAMA,16.7,16.7,16.6,16.6,1223.0
2021-06-07 09:33:00,NSE:SHREERAMA,16.6,16.7,16.4,16.4,10658.0
2021-06-07 09:36:00,NSE:SHREERAMA,16.4,16.5,16.4,16.5,460.0
2021-06-07 09:39:00,NSE:SHREERAMA,16.5,16.6,16.5,16.5,5437.0
2021-06-07 09:42:00,NSE:SHREERAMA,16.45,16.45,16.4,16.4,1900.0
2021-06-07 09:45:00,NSE:SHREERAMA,16.5,16.65,16.4,16.55,2450.0
2021-06-07 09:48:00,NSE:SHREERAMA,16.55,16.55,16.45,16.45,93.0
2021-06-07 09:51:00,NSE:SHREERAMA,16.45,16.55,16.4,16.4,125.0
2021-06-07 09:54:00,NSE:SHREERAMA,16.4,16.4,16.4,16.4,5209.0
2021-06-07 09:57:00,NSE:SHREERAMA,16.55,16.55,16.4,16.45,2201.0
2021-06-07 10:00:00,NSE:SHREERAMA,16.55,16.55,16.55,16.55,160.0
2021-06-07 10:06:00,NSE:SHREERAMA,16.65,16.65,16.65,16.65,3000.0
2021-06-07 10:09:00,NSE:SHREERAMA,16.35,16.4,16.35,16.35,14200.0
2021-06-07 10:12:00,NSE:SHREERAMA,16.35,16.35,16.35,16.35,201.0
2021-06-07 10:15:00,NSE:SHREERAMA,16.3,16.4,16.3,16.4,9764.0
2021-06-07 10:18:00,NSE:SHREERAMA,16.4,16.45,16.4,16.45,1179.0
2021-06-07 10:21:00,NSE:SHREERAMA,16.45,16.45,16.45,16.45,230.0
2021-06-07 10:24:00,NSE:SHREERAMA,16.4,16.5,16.4,16.4,3360.0
2021-06-07 10:27:00,NSE:SHREERAMA,16.4,16.4,16.4,16.4,313.0
2021-06-07 10:30:00,NSE:SHREERAMA,16.4,16.65,16.4,16.55,3999.0
2021-06-07 10:33:00,NSE:SHREERAMA,16.6,16.6,16.6,16.6,504.0
2021-06-07 10:36:00,NSE:SHREERAMA,16.65,16.65,16.6,16.6,603.0
2021-06-07 10:39:00,NSE:SHREERAMA,16.55,16.55,16.55,16.55,200.0
2021-06-07 10:42:00,NSE:SHREERAMA,16.55,16.55,16.55,16.55,250.0
2021-06-07 10:48:00,NSE:SHREERAMA,16.5,16.6,16.5,16.5,2700.0
2021-06-07 10:51:00,NSE:SHREERAMA,16.5,16.65,16.5,16.65,386.0
2021-06-07 10:54:00,NSE:SHREERAMA,16.65,16.65,16.4,16.4,3315.0
2021-06-07 10:57:00,NSE:SHREERAMA,16.4,16.4,16.4,16.4,165.0
2021-06-07 11:00:00,NSE:SHREERAMA,16.4,16.4,16.4,16.4,35.0
2021-06-07 11:03:00,NSE:SHREERAMA,16.4,16.4,16.4,16.4,2.0
2021-06-07 11:06:00,NSE:SHREERAMA,16.4,16.5,16.4,16.5,1200.0
2021-06-07 11:09:00,NSE:SHREERAMA,16.4,16.5,16.4,16.5,279.0
2021-06-07 11:18:00,NSE:SHREERAMA,16.45,16.45,16.45,16.45,100.0
2021-06-07 11:21:00,NSE:SHREERAMA,16.45,16.45,16.4,16.4,2000.0
2021-06-07 11:24:00,NSE:SHREERAMA,16.5,16.5,16.5,16.5,5.0
2021-06-07 11:27:00,NSE:SHREERAMA,16.5,16.5,16.5,16.5,22.0
2021-06-07 11:30:00,NSE:SHREERAMA,16.4,16.4,16.05,16.05,47118.0
2021-06-07 11:33:00,NSE:SHREERAMA,16.05,16.25,16.05,16.05,1851.0
2021-06-07 11:36:00,NSE:SHREERAMA,16.2,16.45,16.2,16.4,7244.0
2021-06-07 11:42:00,NSE:SHREERAMA,16.4,16.4,16.4,16.4,20.0
2021-06-07 11:45:00,NSE:SHREERAMA,16.4,16.4,16.4,16.4,3032.0
2021-06-07 11:48:00,NSE:SHREERAMA,16.4,16.45,16.4,16.45,675.0
2021-06-07 11:51:00,NSE:SHREERAMA,16.45,16.45,16.4,16.4,1878.0
2021-06-07 11:54:00,NSE:SHREERAMA,16.3,16.4,16.3,16.4,127.0
2021-06-07 11:57:00,NSE:SHREERAMA,16.4,16.4,16.4,16.4,1.0
2021-06-07 12:00:00,NSE:SHREERAMA,16.3,16.3,16.25,16.25,425.0
2021-06-07 12:03:00,NSE:SHREERAMA,16.25,16.35,16.25,16.35,2061.0
2021-06-07 12:06:00,NSE:SHREERAMA,16.25,16.3,16.2,16.3,1777.0
2021-06-07 12:09:00,NSE:SHREERAMA,16.3,16.35,16.3,16.35,1975.0
2021-06-07 12:12:00,NSE:SHREERAMA,16.3,16.3,16.3,16.3,356.0
2021-06-07 12:15:00,NSE:SHREERAMA,16.3,16.3,16.3,16.3,1265.0
2021-06-07 12:24:00,NSE:SHREERAMA,16.45,16.5,16.45,16.45,30259.0
2021-06-07 12:27:00,NSE:SHREERAMA,16.6,16.6,16.45,16.5,1954.0
2021-06-07 12:30:00,NSE:SHREERAMA,16.5,16.5,16.45,16.45,1576.0
2021-06-07 12:33:00,NSE:SHREERAMA,16.5,16.5,16.5,16.5,1107.0
2021-06-07 12:36:00,NSE:SHREERAMA,16.6,16.6,16.6,16.6,1000.0
2021-06-07 12:39:00,NSE:SHREERAMA,16.7,16.8,16.7,16.8,17957.0
2021-06-07 12:42:00,NSE:SHREERAMA,16.6,16.6,16.55,16.6,1353.0
2021-06-07 12:45:00,NSE:SHREERAMA,16.55,16.55,16.25,16.25,33269.0
2021-06-07 12:48:00,NSE:SHREERAMA,16.2,16.2,16.15,16.2,2767.0
2021-06-07 12:51:00,NSE:SHREERAMA,16.05,16.25,16.05,16.25,12205.0
2021-06-07 12:54:00,NSE:SHREERAMA,16.2,16.2,16.2,16.2,206.0
2021-06-07 12:57:00,NSE:SHREERAMA,16.2,16.2,16.2,16.2,1660.0
2021-06-07 13:00:00,NSE:SHREERAMA,16.2,16.2,16.2,16.2,500.0
2021-06-07 13:03:00,NSE:SHREERAMA,16.2,16.2,16.2,16.2,339.0
2021-06-07 13:06:00,NSE:SHREERAMA,16.2,16.2,16.2,16.2,50.0
2021-06-07 13:09:00,NSE:SHREERAMA,16.25,16.25,16.15,16.15,112.0
2021-06-07 13:12:00,NSE:SHREERAMA,16.2,16.2,16.2,16.2,3.0
2021-06-07 13:15:00,NSE:SHREERAMA,16.2,16.2,16.2,16.2,5.0
2021-06-07 13:18:00,NSE:SHREERAMA,16.2,16.2,16.2,16.2,20.0
2021-06-07 13:21:00,NSE:SHREERAMA,16.2,16.25,16.2,16.25,1465.0
2021-06-07 13:24:00,NSE:SHREERAMA,16.25,16.25,16.2,16.2,70.0
2021-06-07 13:27:00,NSE:SHREERAMA,16.25,16.25,16.2,16.2,2500.0
2021-06-07 13:30:00,NSE:SHREERAMA,16.2,16.2,16.2,16.2,100.0
2021-06-07 13:33:00,NSE:SHREERAMA,16.2,16.2,16.2,16.2,100.0
2021-06-07 13:36:00,NSE:SHREERAMA,16.25,16.25,16.15,16.15,3000.0
2021-06-07 13:39:00,NSE:SHREERAMA,16.15,16.25,16.15,16.25,75.0
2021-06-07 13:42:00,NSE:SHREERAMA,16.25,16.25,16.25,16.25,720.0
2021-06-07 13:45:00,NSE:SHREERAMA,16.25,16.25,16.25,16.25,50.0
2021-06-07 13:48:00,NSE:SHREERAMA,16.1,16.2,16.1,16.2,3100.0
2021-06-07 13:54:00,NSE:SHREERAMA,16.25,16.25,16.25,16.25,935.0
2021-06-07 13:57:00,NSE:SHREERAMA,16.15,16.25,16.1,16.1,3105.0
2021-06-07 14:00:00,NSE:SHREERAMA,16.2,16.2,16.2,16.2,1672.0
2021-06-07 14:03:00,NSE:SHREERAMA,16.1,16.1,16.1,16.1,600.0
2021-06-07 14:12:00,NSE:SHREERAMA,16.2,16.2,16.2,16.2,602.0
2021-06-07 14:15:00,NSE:SHREERAMA,16.15,16.15,16.15,16.15,150.0
2021-06-07 14:21:00,NSE:SHREERAMA,16.15,16.15,16.1,16.1,1215.0
2021-06-07 14:24:00,NSE:SHREERAMA,16.1,16.15,16.1,16.15,1861.0
2021-06-07 14:27:00,NSE:SHREERAMA,16.15,16.2,16.15,16.2,1396.0
2021-06-07 14:30:00,NSE:SHREERAMA,16.2,16.2,16.2,16.2,500.0
2021-06-07 14:36:00,NSE:SHREERAMA,16.15,16.15,16.1,16.1,2482.0
2021-06-07 14:39:00,NSE:SHREERAMA,16.1,16.25,16.1,16.25,11834.0
2021-06-07 14:45:00,NSE:SHREERAMA,16.15,16.15,16.15,16.15,500.0
2021-06-07 14:54:00,NSE:SHREERAMA,16.2,16.2,16.2,16.2,2303.0
2021-06-07 14:57:00,NSE:SHREERAMA,16.15,16.2,16.15,16.2,202.0
2021-06-07 15:00:00,NSE:SHREERAMA,16.2,16.25,16.2,16.25,1284.0
2021-06-07 15:03:00,NSE:SHREERAMA,16.2,16.25,16.2,16.25,109.0
2021-06-07 15:06:00,NSE:SHREERAMA,16.2,16.2,16.2,16.2,2382.0
2021-06-07 15:09:00,NSE:SHREERAMA,16.2,16.2,16.2,16.2,2368.0
2021-06-07 15:15:00,NSE:SHREERAMA,16.2,16.25,16.2,16.25,1075.0
2021-06-07 15:18:00,NSE:SHREERAMA,16.25,16.25,16.2,16.25,10939.0
2021-06-07 15:24:00,NSE:SHREERAMA,16.2,16.25,16.15,16.15,3034.0
2021-06-07 15:27:00,NSE:SHREERAMA,16.15,16.2,16.1,16.2,9972.0
2021-06-07 15:30:00,NSE:SHREERAMA,16.1,16.1,16.1,16.1,2000.0
2021-06-07 15:45:00,NSE:SHREERAMA,16.2,16.2,16.2,16.2,200.0
2021-06-08 09:18:00,NSE:SHREERAMA,16.05,16.4,16.05,16.05,585.0
2021-06-08 09:21:00,NSE:SHREERAMA,16.05,16.4,16.05,16.4,1083.0
2021-06-08 09:24:00,NSE:SHREERAMA,16.45,16.45,16.1,16.25,4856.0
2021-06-08 09:27:00,NSE:SHREERAMA,16.25,16.25,16.1,16.1,917.0
2021-06-08 09:30:00,NSE:SHREERAMA,16.1,16.2,16.05,16.2,508.0
2021-06-08 09:33:00,NSE:SHREERAMA,16.1,16.9,16.1,16.45,23037.0
2021-06-08 09:36:00,NSE:SHREERAMA,16.45,16.45,16.25,16.35,2080.0
2021-06-08 09:39:00,NSE:SHREERAMA,16.4,16.5,16.4,16.5,14677.0
2021-06-08 09:42:00,NSE:SHREERAMA,16.55,16.55,16.45,16.5,8434.0
2021-06-08 09:45:00,NSE:SHREERAMA,16.45,16.55,16.45,16.45,5353.0
2021-06-08 09:48:00,NSE:SHREERAMA,16.5,16.5,16.4,16.4,4393.0
2021-06-08 09:51:00,NSE:SHREERAMA,16.4,16.4,16.2,16.2,5006.0
2021-06-08 09:54:00,NSE:SHREERAMA,16.2,16.25,16.2,16.2,2840.0
2021-06-08 09:57:00,NSE:SHREERAMA,16.35,16.35,16.2,16.35,258.0
2021-06-08 10:00:00,NSE:SHREERAMA,16.2,16.2,16.2,16.2,263.0
2021-06-08 10:03:00,NSE:SHREERAMA,16.2,16.3,16.15,16.15,1540.0
2021-06-08 10:06:00,NSE:SHREERAMA,16.15,16.15,16.1,16.1,3207.0
2021-06-08 10:09:00,NSE:SHREERAMA,16.1,16.15,16.1,16.1,3339.0
2021-06-08 10:12:00,NSE:SHREERAMA,16.1,16.15,16.1,16.15,1009.0
2021-06-08 10:15:00,NSE:SHREERAMA,16.2,16.2,16.2,16.2,25.0
2021-06-08 10:18:00,NSE:SHREERAMA,16.15,16.15,16.15,16.15,215.0
2021-06-08 10:21:00,NSE:SHREERAMA,16.1,16.1,16.1,16.1,488.0
2021-06-08 10:24:00,NSE:SHREERAMA,16.1,16.1,16.05,16.05,2230.0
2021-06-08 10:30:00,NSE:SHREERAMA,16.15,16.2,16.15,16.2,257.0
2021-06-08 10:33:00,NSE:SHREERAMA,16.05,16.2,16.05,16.2,12.0
2021-06-08 10:36:00,NSE:SHREERAMA,16.2,16.2,16.1,16.1,136.0
2021-06-08 10:45:00,NSE:SHREERAMA,16.1,16.1,16.1,16.1,1000.0
2021-06-08 10:48:00,NSE:SHREERAMA,16.1,16.1,16.1,16.1,1300.0
2021-06-08 10:51:00,NSE:SHREERAMA,16.1,16.1,16.1,16.1,450.0
2021-06-08 10:54:00,NSE:SHREERAMA,16.15,16.15,16.15,16.15,5.0
2021-06-08 11:00:00,NSE:SHREERAMA,16.15,16.15,16.15,16.15,200.0
2021-06-08 11:03:00,NSE:SHREERAMA,16.2,16.2,16.2,16.2,3522.0
2021-06-08 11:09:00,NSE:SHREERAMA,16.25,16.25,16.25,16.25,500.0
2021-06-08 11:15:00,NSE:SHREERAMA,16.2,16.2,16.2,16.2,250.0
2021-06-08 11:18:00,NSE:SHREERAMA,16.25,16.3,16.25,16.25,1290.0
2021-06-08 11:21:00,NSE:SHREERAMA,16.25,16.25,16.25,16.25,1.0
2021-06-08 11:24:00,NSE:SHREERAMA,16.3,16.3,16.3,16.3,795.0
2021-06-08 11:27:00,NSE:SHREERAMA,16.25,16.25,15.9,16.0,25981.0
2021-06-08 11:30:00,NSE:SHREERAMA,16.0,16.15,15.95,16.0,26650.0
2021-06-08 11:33:00,NSE:SHREERAMA,16.0,16.0,15.95,15.95,549.0
2021-06-08 11:36:00,NSE:SHREERAMA,15.95,16.0,15.95,16.0,1629.0
2021-06-08 11:39:00,NSE:SHREERAMA,16.0,16.0,16.0,16.0,4957.0
2021-06-08 11:42:00,NSE:SHREERAMA,15.95,15.95,15.95,15.95,500.0
2021-06-08 11:48:00,NSE:SHREERAMA,16.0,16.0,16.0,16.0,10.0
2021-06-08 11:51:00,NSE:SHREERAMA,15.95,16.0,15.95,16.0,751.0
2021-06-08 11:54:00,NSE:SHREERAMA,16.0,16.0,16.0,16.0,1650.0
2021-06-08 11:57:00,NSE:SHREERAMA,15.95,15.95,15.95,15.95,200.0
2021-06-08 12:00:00,NSE:SHREERAMA,15.95,15.95,15.95,15.95,101.0
2021-06-08 12:06:00,NSE:SHREERAMA,16.0,16.0,16.0,16.0,99.0
2021-06-08 12:12:00,NSE:SHREERAMA,15.95,15.95,15.95,15.95,1000.0
2021-06-08 12:15:00,NSE:SHREERAMA,15.95,15.95,15.95,15.95,100.0
2021-06-08 12:21:00,NSE:SHREERAMA,15.95,16.0,15.95,16.0,6013.0
2021-06-08 12:36:00,NSE:SHREERAMA,16.0,16.0,16.0,16.0,6527.0
2021-06-08 12:39:00,NSE:SHREERAMA,16.0,16.0,16.0,16.0,1410.0
2021-06-08 12:42:00,NSE:SHREERAMA,16.0,16.0,16.0,16.0,6000.0
2021-06-08 12:45:00,NSE:SHREERAMA,15.95,15.95,15.95,15.95,700.0
2021-06-08 12:54:00,NSE:SHREERAMA,16.0,16.0,16.0,16.0,1249.0
2021-06-08 13:00:00,NSE:SHREERAMA,16.0,16.0,16.0,16.0,25.0
2021-06-08 13:06:00,NSE:SHREERAMA,16.0,16.0,16.0,16.0,150.0
2021-06-08 13:09:00,NSE:SHREERAMA,16.0,16.0,16.0,16.0,151.0
2021-06-08 13:12:00,NSE:SHREERAMA,16.0,16.0,16.0,16.0,500.0
2021-06-08 13:15:00,NSE:SHREERAMA,16.0,16.0,16.0,16.0,100.0
2021-06-08 13:21:00,NSE:SHREERAMA,15.95,15.95,15.95,15.95,50.0
2021-06-08 13:24:00,NSE:SHREERAMA,16.0,16.0,16.0,16.0,100.0
2021-06-08 13:30:00,NSE:SHREERAMA,15.95,16.0,15.95,16.0,5000.0
2021-06-08 13:33:00,NSE:SHREERAMA,16.0,16.0,16.0,16.0,3000.0
2021-06-08 13:36:00,NSE:SHREERAMA,16.0,16.0,16.0,16.0,500.0
2021-06-08 13:39:00,NSE:SHREERAMA,16.0,16.0,16.0,16.0,2020.0
2021-06-08 13:42:00,NSE:SHREERAMA,15.95,16.0,15.95,16.0,1983.0
2021-06-08 13:45:00,NSE:SHREERAMA,16.0,16.0,16.0,16.0,500.0
2021-06-08 13:51:00,NSE:SHREERAMA,15.95,15.95,15.95,15.95,4.0
2021-06-08 13:57:00,NSE:SHREERAMA,15.95,15.95,15.95,15.95,1450.0
2021-06-08 14:00:00,NSE:SHREERAMA,16.0,16.0,16.0,16.0,100.0
2021-06-08 14:06:00,NSE:SHREERAMA,16.0,16.0,16.0,16.0,14.0
2021-06-08 14:09:00,NSE:SHREERAMA,15.95,16.0,15.95,16.0,1600.0
2021-06-08 14:15:00,NSE:SHREERAMA,16.0,16.0,15.95,15.95,6902.0
2021-06-08 14:18:00,NSE:SHREERAMA,16.0,16.0,15.95,15.95,2814.0
2021-06-08 14:21:00,NSE:SHREERAMA,16.0,16.0,16.0,16.0,1000.0
2021-06-08 14:27:00,NSE:SHREERAMA,16.0,16.0,15.95,15.95,400.0
2021-06-08 14:33:00,NSE:SHREERAMA,15.95,16.0,15.95,16.0,400.0
2021-06-08 14:36:00,NSE:SHREERAMA,16.0,16.0,16.0,16.0,15.0
2021-06-08 14:42:00,NSE:SHREERAMA,15.95,15.95,15.95,15.95,4000.0
2021-06-08 14:45:00,NSE:SHREERAMA,16.0,16.0,15.95,15.95,2551.0
2021-06-08 14:48:00,NSE:SHREERAMA,16.0,16.0,15.95,16.0,259.0
2021-06-08 14:51:00,NSE:SHREERAMA,16.0,16.0,16.0,16.0,466.0
2021-06-08 14:57:00,NSE:SHREERAMA,15.95,15.95,15.95,15.95,463.0
2021-06-08 15:00:00,NSE:SHREERAMA,15.9,15.9,15.9,15.9,1000.0
2021-06-08 15:03:00,NSE:SHREERAMA,15.9,15.9,15.9,15.9,6030.0
2021-06-08 15:06:00,NSE:SHREERAMA,15.95,15.95,15.9,15.9,1437.0
2021-06-08 15:09:00,NSE:SHREERAMA,16.0,16.0,15.9,15.9,1800.0
2021-06-08 15:12:00,NSE:SHREERAMA,15.9,16.0,15.8,15.8,4335.0
2021-06-08 15:15:00,NSE:SHREERAMA,15.85,15.85,15.85,15.85,1.0
2021-06-08 15:18:00,NSE:SHREERAMA,15.95,16.0,15.95,16.0,1300.0
2021-06-08 15:21:00,NSE:SHREERAMA,15.95,15.95,15.85,15.85,4004.0
2021-06-08 15:24:00,NSE:SHREERAMA,15.9,15.9,15.85,15.85,1879.0
2021-06-08 15:27:00,NSE:SHREERAMA,15.85,16.0,15.8,16.0,2922.0
2021-06-08 15:48:00,NSE:SHREERAMA,15.9,15.9,15.9,15.9,2.0
2021-06-09 09:15:00,NSE:SHREERAMA,16.0,16.35,15.55,16.0,2706.0
2021-06-09 09:18:00,NSE:SHREERAMA,16.0,16.0,15.6,15.65,1716.0
2021-06-09 09:21:00,NSE:SHREERAMA,15.9,15.9,15.9,15.9,952.0
2021-06-09 09:24:00,NSE:SHREERAMA,15.85,15.85,15.75,15.75,130.0
2021-06-09 09:27:00,NSE:SHREERAMA,15.75,15.75,15.75,15.75,280.0
2021-06-09 09:30:00,NSE:SHREERAMA,15.75,15.8,15.7,15.75,6347.0
2021-06-09 09:33:00,NSE:SHREERAMA,15.7,15.9,15.7,15.9,11884.0
2021-06-09 09:36:00,NSE:SHREERAMA,16.0,16.3,16.0,16.3,20805.0
2021-06-09 09:39:00,NSE:SHREERAMA,16.3,16.3,16.25,16.25,236.0
2021-06-09 09:42:00,NSE:SHREERAMA,16.2,16.4,16.1,16.35,12719.0
2021-06-09 09:45:00,NSE:SHREERAMA,16.4,16.4,16.35,16.35,3403.0
2021-06-09 09:48:00,NSE:SHREERAMA,16.4,16.4,16.35,16.35,4660.0
2021-06-09 09:51:00,NSE:SHREERAMA,16.4,16.4,16.4,16.4,90.0
2021-06-09 09:54:00,NSE:SHREERAMA,16.4,16.4,15.7,16.0,18372.0
2021-06-09 09:57:00,NSE:SHREERAMA,15.95,16.25,15.9,16.25,2294.0
2021-06-09 10:00:00,NSE:SHREERAMA,16.2,16.2,16.2,16.2,34.0
2021-06-09 10:03:00,NSE:SHREERAMA,16.2,16.2,16.2,16.2,11.0
2021-06-09 10:09:00,NSE:SHREERAMA,16.1,16.1,16.1,16.1,350.0
2021-06-09 10:15:00,NSE:SHREERAMA,16.15,16.2,16.15,16.2,2523.0
2021-06-09 10:18:00,NSE:SHREERAMA,16.2,16.25,16.2,16.25,1030.0
2021-06-09 10:21:00,NSE:SHREERAMA,16.25,16.25,16.2,16.2,266.0
2021-06-09 10:24:00,NSE:SHREERAMA,16.2,16.2,16.2,16.2,1862.0
2021-06-09 10:27:00,NSE:SHREERAMA,16.1,16.1,16.1,16.1,510.0
2021-06-09 10:30:00,NSE:SHREERAMA,16.2,16.2,16.1,16.1,60.0
2021-06-09 10:36:00,NSE:SHREERAMA,16.1,16.1,16.1,16.1,1647.0
2021-06-09 10:42:00,NSE:SHREERAMA,16.15,16.15,16.05,16.05,1448.0
2021-06-09 10:48:00,NSE:SHREERAMA,16.2,16.25,16.1,16.25,2426.0
2021-06-09 10:51:00,NSE:SHREERAMA,16.1,16.1,16.05,16.05,1786.0
2021-06-09 10:54:00,NSE:SHREERAMA,16.05,16.05,16.05,16.05,1000.0
2021-06-09 10:57:00,NSE:SHREERAMA,16.15,16.15,16.05,16.05,2500.0
2021-06-09 11:00:00,NSE:SHREERAMA,16.15,16.15,16.15,16.15,51.0
2021-06-09 11:03:00,NSE:SHREERAMA,16.15,16.15,16.05,16.05,430.0
2021-06-09 11:06:00,NSE:SHREERAMA,16.05,16.05,16.0,16.0,3275.0
2021-06-09 11:09:00,NSE:SHREERAMA,16.1,16.1,16.1,16.1,130.0
2021-06-09 11:12:00,NSE:SHREERAMA,16.05,16.1,16.05,16.1,400.0
2021-06-09 11:15:00,NSE:SHREERAMA,16.0,16.1,16.0,16.1,311.0
2021-06-09 11:18:00,NSE:SHREERAMA,16.1,16.1,15.75,15.75,21972.0
2021-06-09 11:21:00,NSE:SHREERAMA,15.9,15.95,15.7,15.9,27302.0
2021-06-09 11:24:00,NSE:SHREERAMA,15.95,15.95,15.95,15.95,125.0
2021-06-09 11:27:00,NSE:SHREERAMA,16.0,16.15,16.0,16.15,9667.0
2021-06-09 11:30:00,NSE:SHREERAMA,16.1,16.1,16.1,16.1,1411.0
2021-06-09 11:36:00,NSE:SHREERAMA,16.1,16.1,16.1,16.1,91.0
2021-06-09 11:39:00,NSE:SHREERAMA,15.7,16.05,15.7,15.75,19442.0
2021-06-09 11:45:00,NSE:SHREERAMA,16.1,16.1,15.9,15.9,1244.0
2021-06-09 11:48:00,NSE:SHREERAMA,15.95,15.95,15.95,15.95,200.0
2021-06-09 11:51:00,NSE:SHREERAMA,16.1,16.1,16.1,16.1,90.0
2021-06-09 11:54:00,NSE:SHREERAMA,15.8,15.85,15.8,15.85,2090.0
2021-06-09 11:57:00,NSE:SHREERAMA,16.1,16.3,15.95,16.3,12195.0
2021-06-09 12:00:00,NSE:SHREERAMA,16.3,16.3,16.05,16.3,11147.0
2021-06-09 12:03:00,NSE:SHREERAMA,16.3,16.5,16.3,16.5,18707.0
2021-06-09 12:06:00,NSE:SHREERAMA,16.5,16.5,16.35,16.35,6011.0
2021-06-09 12:09:00,NSE:SHREERAMA,16.45,16.45,16.4,16.4,26.0
2021-06-09 12:12:00,NSE:SHREERAMA,16.4,16.5,16.35,16.5,11360.0
2021-06-09 12:15:00,NSE:SHREERAMA,16.5,16.55,16.5,16.5,27526.0
2021-06-09 12:18:00,NSE:SHREERAMA,16.5,16.55,16.5,16.55,9504.0
2021-06-09 12:21:00,NSE:SHREERAMA,16.5,16.55,16.5,16.55,5087.0
2021-06-09 12:24:00,NSE:SHREERAMA,16.55,16.55,16.35,16.5,6146.0
2021-06-09 12:27:00,NSE:SHREERAMA,16.4,16.4,16.4,16.4,1000.0
2021-06-09 12:30:00,NSE:SHREERAMA,16.55,16.6,16.3,16.3,27794.0
2021-06-09 12:33:00,NSE:SHREERAMA,16.1,16.1,16.1,16.1,13000.0
2021-06-09 12:36:00,NSE:SHREERAMA,16.2,16.25,16.2,16.25,306.0
2021-06-09 12:39:00,NSE:SHREERAMA,16.2,16.25,16.2,16.25,2003.0
2021-06-09 12:42:00,NSE:SHREERAMA,16.25,16.25,16.15,16.15,930.0
2021-06-09 12:45:00,NSE:SHREERAMA,16.2,16.2,16.2,16.2,75.0
2021-06-09 12:51:00,NSE:SHREERAMA,16.1,16.1,16.1,16.1,2126.0
2021-06-09 12:54:00,NSE:SHREERAMA,16.15,16.2,16.15,16.2,1728.0
2021-06-09 12:57:00,NSE:SHREERAMA,16.15,16.15,16.1,16.15,1022.0
2021-06-09 13:00:00,NSE:SHREERAMA,16.15,16.15,16.15,16.15,100.0
2021-06-09 13:03:00,NSE:SHREERAMA,16.15,16.15,16.15,16.15,600.0
2021-06-09 13:09:00,NSE:SHREERAMA,16.15,16.15,16.15,16.15,250.0
2021-06-09 13:12:00,NSE:SHREERAMA,16.2,16.2,15.9,15.9,21173.0
2021-06-09 13:15:00,NSE:SHREERAMA,16.0,16.0,15.9,15.9,7300.0
2021-06-09 13:18:00,NSE:SHREERAMA,15.9,16.0,15.9,16.0,1955.0
2021-06-09 13:21:00,NSE:SHREERAMA,15.9,16.0,15.9,16.0,2008.0
2021-06-09 13:30:00,NSE:SHREERAMA,16.0,16.0,15.95,15.95,6566.0
2021-06-09 13:33:00,NSE:SHREERAMA,16.0,16.0,16.0,16.0,430.0
2021-06-09 13:39:00,NSE:SHREERAMA,15.95,16.0,15.9,16.0,212.0
2021-06-09 13:42:00,NSE:SHREERAMA,15.9,16.0,15.9,16.0,1000.0
2021-06-09 13:45:00,NSE:SHREERAMA,16.0,16.0,16.0,16.0,10.0
2021-06-09 13:48:00,NSE:SHREERAMA,15.9,15.9,15.9,15.9,205.0
2021-06-09 13:51:00,NSE:SHREERAMA,15.9,16.0,15.9,16.0,505.0
2021-06-09 14:00:00,NSE:SHREERAMA,16.0,16.0,15.95,15.95,3000.0
2021-06-09 14:03:00,NSE:SHREERAMA,15.95,15.95,15.95,15.95,375.0
2021-06-09 14:09:00,NSE:SHREERAMA,15.95,15.95,15.95,15.95,241.0
2021-06-09 14:12:00,NSE:SHREERAMA,15.9,15.95,15.9,15.95,1101.0
2021-06-09 14:15:00,NSE:SHREERAMA,15.95,15.95,15.95,15.95,101.0
2021-06-09 14:18:00,NSE:SHREERAMA,15.95,15.95,15.9,15.95,1241.0
2021-06-09 14:24:00,NSE:SHREERAMA,16.0,16.0,16.0,16.0,1.0
2021-06-09 14:27:00,NSE:SHREERAMA,15.95,15.95,15.95,15.95,319.0
2021-06-09 14:30:00,NSE:SHREERAMA,15.95,15.95,15.9,15.9,2010.0
2021-06-09 14:33:00,NSE:SHREERAMA,15.9,15.9,15.85,15.85,2221.0
2021-06-09 14:36:00,NSE:SHREERAMA,15.85,15.85,15.85,15.85,500.0
2021-06-09 14:42:00,NSE:SHREERAMA,15.85,15.95,15.85,15.95,2515.0
2021-06-09 14:45:00,NSE:SHREERAMA,16.0,16.0,15.8,15.8,5150.0
2021-06-09 14:48:00,NSE:SHREERAMA,15.75,15.8,15.6,15.8,11972.0
2021-06-09 14:51:00,NSE:SHREERAMA,15.8,15.8,15.8,15.8,234.0
2021-06-09 14:54:00,NSE:SHREERAMA,15.8,15.85,15.65,15.7,4707.0
2021-06-09 14:57:00,NSE:SHREERAMA,15.7,15.75,15.7,15.75,501.0
2021-06-09 15:00:00,NSE:SHREERAMA,15.8,15.85,15.75,15.75,921.0
2021-06-09 15:03:00,NSE:SHREERAMA,15.7,15.8,15.7,15.8,1995.0
2021-06-09 15:06:00,NSE:SHREERAMA,15.65,15.65,15.6,15.6,2882.0
2021-06-09 15:09:00,NSE:SHREERAMA,15.7,15.7,15.6,15.6,305.0
2021-06-09 15:12:00,NSE:SHREERAMA,15.6,15.7,15.6,15.7,1636.0
2021-06-09 15:15:00,NSE:SHREERAMA,15.7,15.8,15.7,15.8,67.0
2021-06-09 15:18:00,NSE:SHREERAMA,15.85,15.85,15.85,15.85,101.0
2021-06-09 15:21:00,NSE:SHREERAMA,15.9,15.9,15.9,15.9,935.0
2021-06-09 15:24:00,NSE:SHREERAMA,15.85,15.85,15.85,15.85,1560.0
2021-06-09 15:27:00,NSE:SHREERAMA,15.9,15.9,15.65,15.7,10550.0
2021-06-10 09:06:00,NSE:SHREERAMA,15.75,15.75,15.75,15.75,500.0
2021-06-10 09:15:00,NSE:SHREERAMA,15.75,16.4,15.75,16.3,3178.0
2021-06-10 09:18:00,NSE:SHREERAMA,16.25,16.25,16.2,16.2,743.0
2021-06-10 09:21:00,NSE:SHREERAMA,16.2,16.2,15.85,15.85,5020.0
2021-06-10 09:24:00,NSE:SHREERAMA,16.2,16.2,15.8,15.95,6810.0
2021-06-10 09:27:00,NSE:SHREERAMA,15.9,15.9,15.9,15.9,25.0
2021-06-10 09:33:00,NSE:SHREERAMA,15.9,15.9,15.9,15.9,64.0
2021-06-10 09:36:00,NSE:SHREERAMA,16.0,16.05,16.0,16.0,5057.0
2021-06-10 09:39:00,NSE:SHREERAMA,15.9,16.0,15.9,16.0,151.0
2021-06-10 09:42:00,NSE:SHREERAMA,15.9,15.9,15.9,15.9,1050.0
2021-06-10 09:45:00,NSE:SHREERAMA,16.0,16.0,16.0,16.0,30000.0
2021-06-10 09:48:00,NSE:SHREERAMA,15.95,16.0,15.95,16.0,1184.0
2021-06-10 09:51:00,NSE:SHREERAMA,16.0,16.0,16.0,16.0,100.0
2021-06-10 09:54:00,NSE:SHREERAMA,15.95,15.95,15.95,15.95,1.0
2021-06-10 09:57:00,NSE:SHREERAMA,16.0,16.0,16.0,16.0,1000.0
2021-06-10 10:00:00,NSE:SHREERAMA,16.0,16.0,16.0,16.0,8.0
2021-06-10 10:03:00,NSE:SHREERAMA,15.95,15.95,15.95,15.95,30.0
2021-06-10 10:06:00,NSE:SHREERAMA,15.95,15.95,15.85,15.95,4284.0
2021-06-10 10:12:00,NSE:SHREERAMA,15.85,15.85,15.85,15.85,1.0
2021-06-10 10:15:00,NSE:SHREERAMA,15.95,15.95,15.9,15.9,1510.0
2021-06-10 10:18:00,NSE:SHREERAMA,15.9,16.0,15.9,16.0,400.0
2021-06-10 10:21:00,NSE:SHREERAMA,16.0,16.0,16.0,16.0,1.0
2021-06-10 10:24:00,NSE:SHREERAMA,16.0,16.0,15.9,15.9,1200.0
2021-06-10 10:30:00,NSE:SHREERAMA,15.9,15.9,15.9,15.9,1500.0
2021-06-10 10:42:00,NSE:SHREERAMA,16.0,16.0,16.0,16.0,5000.0
2021-06-10 10:45:00,NSE:SHREERAMA,16.0,16.0,16.0,16.0,520.0
2021-06-10 10:48:00,NSE:SHREERAMA,16.0,16.0,16.0,16.0,15.0
2021-06-10 10:51:00,NSE:SHREERAMA,16.0,16.0,15.95,15.95,310.0
2021-06-10 10:54:00,NSE:SHREERAMA,15.95,15.95,15.85,15.85,8369.0
2021-06-10 10:57:00,NSE:SHREERAMA,15.85,15.85,15.85,15.85,1.0
2021-06-10 11:00:00,NSE:SHREERAMA,15.85,15.9,15.85,15.85,770.0
2021-06-10 11:06:00,NSE:SHREERAMA,15.8,15.8,15.8,15.8,15435.0
2021-06-10 11:09:00,NSE:SHREERAMA,15.7,15.8,15.7,15.8,6923.0
2021-06-10 11:15:00,NSE:SHREERAMA,15.75,15.75,15.7,15.75,260.0
2021-06-10 11:18:00,NSE:SHREERAMA,15.8,15.85,15.8,15.85,1600.0
2021-06-10 11:21:00,NSE:SHREERAMA,15.7,15.7,15.4,15.65,17209.0
2021-06-10 11:24:00,NSE:SHREERAMA,15.75,15.75,15.75,15.75,500.0
2021-06-10 11:27:00,NSE:SHREERAMA,15.75,15.75,15.75,15.75,290.0
2021-06-10 11:30:00,NSE:SHREERAMA,15.75,15.75,15.75,15.75,1000.0
2021-06-10 11:33:00,NSE:SHREERAMA,15.75,15.75,15.75,15.75,100.0
2021-06-10 11:36:00,NSE:SHREERAMA,15.75,15.75,15.75,15.75,110.0
2021-06-10 11:45:00,NSE:SHREERAMA,15.75,15.8,15.75,15.8,7660.0
2021-06-10 11:48:00,NSE:SHREERAMA,15.8,15.8,15.8,15.8,995.0
2021-06-10 11:54:00,NSE:SHREERAMA,15.85,15.85,15.85,15.85,156.0
2021-06-10 11:57:00,NSE:SHREERAMA,15.75,15.75,15.75,15.75,1.0
2021-06-10 12:03:00,NSE:SHREERAMA,15.75,15.75,15.75,15.75,100.0
2021-06-10 12:06:00,NSE:SHREERAMA,15.85,15.85,15.75,15.75,548.0
2021-06-10 12:09:00,NSE:SHREERAMA,15.75,15.75,15.75,15.75,470.0
2021-06-10 12:12:00,NSE:SHREERAMA,15.75,15.75,15.75,15.75,1088.0
2021-06-10 12:18:00,NSE:SHREERAMA,15.85,15.85,15.85,15.85,320.0
2021-06-10 12:27:00,NSE:SHREERAMA,15.95,15.95,15.95,15.95,180.0
2021-06-10 12:30:00,NSE:SHREERAMA,15.95,15.95,15.95,15.95,10.0
2021-06-10 12:33:00,NSE:SHREERAMA,15.9,15.9,15.8,15.8,263.0
2021-06-10 12:36:00,NSE:SHREERAMA,15.9,15.9,15.9,15.9,126.0
2021-06-10 12:45:00,NSE:SHREERAMA,15.75,15.75,15.75,15.75,200.0
2021-06-10 12:48:00,NSE:SHREERAMA,15.9,15.9,15.9,15.9,1030.0
2021-06-10 12:51:00,NSE:SHREERAMA,15.8,15.8,15.8,15.8,20.0
2021-06-10 12:54:00,NSE:SHREERAMA,15.8,15.8,15.8,15.8,10.0
2021-06-10 12:57:00,NSE:SHREERAMA,15.75,15.75,15.75,15.75,519.0
2021-06-10 13:00:00,NSE:SHREERAMA,15.75,15.75,15.75,15.75,10.0
2021-06-10 13:06:00,NSE:SHREERAMA,15.75,15.75,15.75,15.75,1000.0
2021-06-10 13:09:00,NSE:SHREERAMA,15.75,15.85,15.75,15.85,2102.0
2021-06-10 13:12:00,NSE:SHREERAMA,15.85,15.85,15.85,15.85,5.0
2021-06-10 13:15:00,NSE:SHREERAMA,15.85,15.85,15.85,15.85,250.0
2021-06-10 13:18:00,NSE:SHREERAMA,15.8,15.9,15.8,15.9,102.0
2021-06-10 13:33:00,NSE:SHREERAMA,15.8,15.8,15.8,15.8,1000.0
2021-06-10 13:36:00,NSE:SHREERAMA,15.85,15.9,15.85,15.9,175.0
2021-06-10 13:42:00,NSE:SHREERAMA,15.85,15.85,15.85,15.85,32.0
2021-06-10 13:48:00,NSE:SHREERAMA,15.85,15.85,15.85,15.85,70.0
2021-06-10 13:51:00,NSE:SHREERAMA,15.85,15.85,15.85,15.85,200.0
2021-06-10 13:57:00,NSE:SHREERAMA,15.8,15.8,15.8,15.8,300.0
2021-06-10 14:00:00,NSE:SHREERAMA,15.9,15.9,15.9,15.9,3153.0
2021-06-10 14:06:00,NSE:SHREERAMA,15.95,16.0,15.95,16.0,12351.0
2021-06-10 14:12:00,NSE:SHREERAMA,15.9,15.9,15.9,15.9,2.0
2021-06-10 14:18:00,NSE:SHREERAMA,15.9,15.9,15.9,15.9,900.0
2021-06-10 14:24:00,NSE:SHREERAMA,15.9,15.9,15.9,15.9,225.0
2021-06-10 14:30:00,NSE:SHREERAMA,15.95,15.95,15.95,15.95,160.0
2021-06-10 14:33:00,NSE:SHREERAMA,15.95,16.1,15.95,16.1,12479.0
2021-06-10 14:39:00,NSE:SHREERAMA,16.2,16.2,16.2,16.2,3000.0
2021-06-10 14:51:00,NSE:SHREERAMA,15.95,16.05,15.95,16.05,510.0
2021-06-10 14:54:00,NSE:SHREERAMA,16.05,16.05,16.05,16.05,30.0
2021-06-10 14:57:00,NSE:SHREERAMA,16.0,16.0,15.95,15.95,5063.0
2021-06-10 15:03:00,NSE:SHREERAMA,16.0,16.0,16.0,16.0,1.0
2021-06-10 15:06:00,NSE:SHREERAMA,16.0,16.0,16.0,16.0,1402.0
2021-06-10 15:09:00,NSE:SHREERAMA,16.0,16.0,16.0,16.0,60.0
2021-06-10 15:12:00,NSE:SHREERAMA,16.0,16.0,15.85,15.9,1203.0
2021-06-10 15:15:00,NSE:SHREERAMA,15.9,16.0,15.9,16.0,316.0
2021-06-10 15:18:00,NSE:SHREERAMA,16.0,16.0,15.9,15.9,603.0
2021-06-10 15:21:00,NSE:SHREERAMA,15.9,16.0,15.9,16.0,2250.0
2021-06-10 15:24:00,NSE:SHREERAMA,15.9,15.9,15.9,15.9,1768.0
2021-06-10 15:27:00,NSE:SHREERAMA,15.85,15.9,15.85,15.9,2737.0
2021-06-10 15:42:00,NSE:SHREERAMA,15.9,15.9,15.9,15.9,100.0
2021-06-11 09:15:00,NSE:SHREERAMA,16.25,16.25,16.0,16.1,432.0
2021-06-11 09:18:00,NSE:SHREERAMA,16.05,16.1,16.05,16.1,371.0
2021-06-11 09:21:00,NSE:SHREERAMA,16.25,16.25,16.15,16.15,3600.0
2021-06-11 09:24:00,NSE:SHREERAMA,16.2,16.2,16.0,16.0,3784.0
2021-06-11 09:27:00,NSE:SHREERAMA,16.0,16.0,15.95,16.0,3.0
2021-06-11 09:30:00,NSE:SHREERAMA,16.0,16.0,15.8,16.0,1123.0
2021-06-11 09:33:00,NSE:SHREERAMA,15.75,15.95,15.75,15.95,11937.0
2021-06-11 09:42:00,NSE:SHREERAMA,15.95,15.95,15.95,15.95,202.0
2021-06-11 09:45:00,NSE:SHREERAMA,15.95,15.95,15.95,15.95,6.0
2021-06-11 09:48:00,NSE:SHREERAMA,15.95,15.95,15.95,15.95,1.0
2021-06-11 09:51:00,NSE:SHREERAMA,15.95,15.95,15.95,15.95,61.0
2021-06-11 09:54:00,NSE:SHREERAMA,15.9,15.9,15.8,15.9,1117.0
2021-06-11 10:00:00,NSE:SHREERAMA,15.8,15.8,15.8,15.8,331.0
2021-06-11 10:03:00,NSE:SHREERAMA,15.95,15.95,15.95,15.95,10.0
2021-06-11 10:06:00,NSE:SHREERAMA,15.85,15.85,15.85,15.85,2.0
2021-06-11 10:09:00,NSE:SHREERAMA,15.95,16.0,15.95,16.0,2100.0
2021-06-11 10:12:00,NSE:SHREERAMA,16.0,16.0,15.9,15.9,417.0
2021-06-11 10:15:00,NSE:SHREERAMA,15.9,16.0,15.9,16.0,500.0
2021-06-11 10:18:00,NSE:SHREERAMA,15.9,15.9,15.9,15.9,2635.0
2021-06-11 10:27:00,NSE:SHREERAMA,15.9,15.9,15.9,15.9,1320.0
2021-06-11 10:30:00,NSE:SHREERAMA,15.85,15.9,15.85,15.9,650.0
2021-06-11 10:33:00,NSE:SHREERAMA,15.9,15.9,15.8,15.8,1927.0
2021-06-11 10:39:00,NSE:SHREERAMA,15.85,15.85,15.8,15.8,502.0
2021-06-11 10:42:00,NSE:SHREERAMA,15.8,15.9,15.8,15.9,442.0
2021-06-11 10:45:00,NSE:SHREERAMA,15.9,15.9,15.9,15.9,1.0
2021-06-11 10:48:00,NSE:SHREERAMA,15.85,15.9,15.85,15.9,16.0
2021-06-11 10:51:00,NSE:SHREERAMA,15.9,15.9,15.9,15.9,109.0
2021-06-11 10:54:00,NSE:SHREERAMA,15.8,15.9,15.8,15.8,3315.0
2021-06-11 10:57:00,NSE:SHREERAMA,15.95,15.95,15.95,15.95,2770.0
2021-06-11 11:03:00,NSE:SHREERAMA,15.85,15.85,15.75,15.75,3300.0
2021-06-11 11:06:00,NSE:SHREERAMA,15.85,15.85,15.75,15.8,3608.0
2021-06-11 11:09:00,NSE:SHREERAMA,15.95,16.0,15.95,16.0,5718.0
2021-06-11 11:12:00,NSE:SHREERAMA,16.0,16.0,16.0,16.0,398.0
2021-06-11 11:15:00,NSE:SHREERAMA,15.95,15.95,15.95,15.95,2701.0
2021-06-11 11:18:00,NSE:SHREERAMA,16.0,16.05,16.0,16.05,1000.0
2021-06-11 11:24:00,NSE:SHREERAMA,15.95,16.05,15.95,16.05,499.0
2021-06-11 11:27:00,NSE:SHREERAMA,15.95,15.95,15.95,15.95,500.0
2021-06-11 11:33:00,NSE:SHREERAMA,16.05,16.05,16.05,16.05,3720.0
2021-06-11 11:42:00,NSE:SHREERAMA,16.05,16.05,16.05,16.05,250.0
2021-06-11 11:45:00,NSE:SHREERAMA,16.0,16.0,15.95,15.95,1541.0
2021-06-11 11:48:00,NSE:SHREERAMA,15.95,15.95,15.85,15.85,578.0
2021-06-11 11:54:00,NSE:SHREERAMA,15.85,15.85,15.85,15.85,2043.0
2021-06-11 12:00:00,NSE:SHREERAMA,15.8,15.8,15.8,15.8,299.0
2021-06-11 12:06:00,NSE:SHREERAMA,15.9,15.9,15.9,15.9,1068.0
2021-06-11 12:09:00,NSE:SHREERAMA,15.9,15.9,15.9,15.9,300.0
2021-06-11 12:12:00,NSE:SHREERAMA,15.75,15.8,15.75,15.8,1931.0
2021-06-11 12:15:00,NSE:SHREERAMA,15.8,15.8,15.8,15.8,34.0
2021-06-11 12:18:00,NSE:SHREERAMA,15.8,15.8,15.8,15.8,36.0
2021-06-11 12:24:00,NSE:SHREERAMA,15.85,15.85,15.85,15.85,5.0
2021-06-11 12:30:00,NSE:SHREERAMA,15.85,15.85,15.8,15.85,1730.0
2021-06-11 12:36:00,NSE:SHREERAMA,15.85,15.85,15.85,15.85,100.0
2021-06-11 12:42:00,NSE:SHREERAMA,15.85,15.9,15.85,15.9,355.0
2021-06-11 12:57:00,NSE:SHREERAMA,15.95,15.95,15.95,15.95,500.0
2021-06-11 13:09:00,NSE:SHREERAMA,15.95,15.95,15.95,15.95,10.0
2021-06-11 13:21:00,NSE:SHREERAMA,15.9,15.9,15.9,15.9,100.0
2021-06-11 13:24:00,NSE:SHREERAMA,15.95,15.95,15.95,15.95,1000.0
2021-06-11 13:27:00,NSE:SHREERAMA,15.85,15.95,15.85,15.85,956.0
2021-06-11 13:30:00,NSE:SHREERAMA,15.85,15.85,15.85,15.85,2500.0
2021-06-11 13:33:00,NSE:SHREERAMA,15.85,15.85,15.85,15.85,2000.0
2021-06-11 13:39:00,NSE:SHREERAMA,15.8,15.8,15.8,15.8,50.0
2021-06-11 13:45:00,NSE:SHREERAMA,15.9,15.9,15.9,15.9,1.0
2021-06-11 13:48:00,NSE:SHREERAMA,15.85,15.85,15.85,15.85,250.0
2021-06-11 13:51:00,NSE:SHREERAMA,15.85,15.85,15.85,15.85,700.0
2021-06-11 13:54:00,NSE:SHREERAMA,15.85,15.9,15.85,15.9,1039.0
2021-06-11 13:57:00,NSE:SHREERAMA,15.8,15.8,15.8,15.8,66.0
2021-06-11 14:00:00,NSE:SHREERAMA,15.85,15.85,15.85,15.85,136.0
2021-06-11 14:03:00,NSE:SHREERAMA,15.85,15.85,15.85,15.85,400.0
2021-06-11 14:15:00,NSE:SHREERAMA,15.95,15.95,15.95,15.95,31.0
2021-06-11 14:18:00,NSE:SHREERAMA,15.95,15.95,15.85,15.85,2000.0
2021-06-11 14:21:00,NSE:SHREERAMA,15.85,15.85,15.85,15.85,100.0
2021-06-11 14:27:00,NSE:SHREERAMA,15.85,15.85,15.85,15.85,100.0
2021-06-11 14:33:00,NSE:SHREERAMA,15.85,15.85,15.85,15.85,250.0
2021-06-11 14:45:00,NSE:SHREERAMA,15.95,15.95,15.85,15.85,1046.0
2021-06-11 14:48:00,NSE:SHREERAMA,15.85,15.95,15.85,15.95,501.0
2021-06-11 14:51:00,NSE:SHREERAMA,15.95,15.95,15.8,15.8,2211.0
2021-06-11 14:54:00,NSE:SHREERAMA,15.8,15.8,15.8,15.8,4200.0
2021-06-11 14:57:00,NSE:SHREERAMA,15.75,15.75,15.75,15.75,1285.0
2021-06-11 15:00:00,NSE:SHREERAMA,15.8,15.8,15.8,15.8,100.0
2021-06-11 15:03:00,NSE:SHREERAMA,15.8,15.8,15.75,15.75,9976.0
2021-06-11 15:06:00,NSE:SHREERAMA,15.7,15.75,15.7,15.7,1172.0
2021-06-11 15:12:00,NSE:SHREERAMA,15.8,15.8,15.65,15.65,910.0
2021-06-11 15:15:00,NSE:SHREERAMA,15.7,15.7,15.7,15.7,250.0
2021-06-11 15:18:00,NSE:SHREERAMA,15.75,15.9,15.7,15.9,2338.0
2021-06-11 15:24:00,NSE:SHREERAMA,15.8,15.8,15.8,15.8,100.0
2021-06-11 15:27:00,NSE:SHREERAMA,15.8,15.9,15.8,15.9,10778.0
2021-06-14 09:06:00,NSE:SHREERAMA,16.15,16.15,16.15,16.15,5.0
2021-06-14 09:15:00,NSE:SHREERAMA,16.15,16.15,15.7,15.7,1141.0
2021-06-14 09:18:00,NSE:SHREERAMA,15.65,15.7,15.6,15.6,4246.0
2021-06-14 09:21:00,NSE:SHREERAMA,15.6,15.6,15.55,15.55,450.0
2021-06-14 09:24:00,NSE:SHREERAMA,15.55,15.55,15.55,15.55,4098.0
2021-06-14 09:27:00,NSE:SHREERAMA,15.55,15.55,15.55,15.55,516.0
2021-06-14 09:30:00,NSE:SHREERAMA,15.55,15.6,15.5,15.5,2077.0
2021-06-14 09:33:00,NSE:SHREERAMA,15.35,15.55,14.95,14.95,12772.0
2021-06-14 09:36:00,NSE:SHREERAMA,15.0,15.0,14.55,14.8,12126.0
2021-06-14 09:39:00,NSE:SHREERAMA,14.8,14.9,14.8,14.8,5258.0
2021-06-14 09:42:00,NSE:SHREERAMA,14.8,14.8,14.8,14.8,2675.0
2021-06-14 09:45:00,NSE:SHREERAMA,14.9,14.9,14.9,14.9,570.0
2021-06-14 09:48:00,NSE:SHREERAMA,14.9,15.15,14.7,14.7,8880.0
2021-06-14 09:51:00,NSE:SHREERAMA,14.8,14.9,14.7,14.9,5425.0
2021-06-14 09:54:00,NSE:SHREERAMA,14.8,15.0,14.8,15.0,640.0
2021-06-14 09:57:00,NSE:SHREERAMA,15.0,15.0,15.0,15.0,700.0
2021-06-14 10:00:00,NSE:SHREERAMA,15.05,15.4,15.05,15.2,3568.0
2021-06-14 10:03:00,NSE:SHREERAMA,15.2,15.2,15.2,15.2,500.0
2021-06-14 10:06:00,NSE:SHREERAMA,15.05,15.3,15.0,15.0,2402.0
2021-06-14 10:09:00,NSE:SHREERAMA,14.85,15.0,14.85,14.85,365.0
2021-06-14 10:12:00,NSE:SHREERAMA,15.0,15.0,14.9,15.0,2127.0
2021-06-14 10:15:00,NSE:SHREERAMA,15.05,15.05,15.0,15.0,471.0
2021-06-14 10:18:00,NSE:SHREERAMA,15.0,15.0,15.0,15.0,1000.0
2021-06-14 10:21:00,NSE:SHREERAMA,15.0,15.0,15.0,15.0,600.0
2021-06-14 10:24:00,NSE:SHREERAMA,15.0,15.0,15.0,15.0,200.0
2021-06-14 10:27:00,NSE:SHREERAMA,15.0,15.1,15.0,15.1,151.0
2021-06-14 10:30:00,NSE:SHREERAMA,15.1,15.1,15.1,15.1,662.0
2021-06-14 10:33:00,NSE:SHREERAMA,15.1,15.3,15.1,15.3,300.0
2021-06-14 10:42:00,NSE:SHREERAMA,15.2,15.2,15.1,15.1,848.0
2021-06-14 10:48:00,NSE:SHREERAMA,15.0,15.0,15.0,15.0,11007.0
2021-06-14 10:51:00,NSE:SHREERAMA,15.3,15.6,15.3,15.55,32990.0
2021-06-14 10:54:00,NSE:SHREERAMA,15.4,15.7,15.4,15.45,3564.0
2021-06-14 10:57:00,NSE:SHREERAMA,15.5,15.5,15.4,15.4,31.0
2021-06-14 11:06:00,NSE:SHREERAMA,15.5,15.5,15.5,15.5,600.0
2021-06-14 11:09:00,NSE:SHREERAMA,15.4,15.4,15.25,15.25,550.0
2021-06-14 11:15:00,NSE:SHREERAMA,15.25,15.25,15.25,15.25,100.0
2021-06-14 11:21:00,NSE:SHREERAMA,15.2,15.2,15.2,15.2,1050.0
2021-06-14 11:24:00,NSE:SHREERAMA,15.2,15.2,15.2,15.2,2637.0
2021-06-14 11:27:00,NSE:SHREERAMA,15.2,15.2,15.2,15.2,1000.0
2021-06-14 11:30:00,NSE:SHREERAMA,15.1,15.25,15.1,15.25,3403.0
2021-06-14 11:33:00,NSE:SHREERAMA,15.05,15.05,15.0,15.0,13113.0
2021-06-14 11:36:00,NSE:SHREERAMA,15.05,15.05,15.05,15.05,401.0
2021-06-14 11:39:00,NSE:SHREERAMA,15.05,15.05,15.05,15.05,2.0
2021-06-14 11:48:00,NSE:SHREERAMA,15.2,15.2,15.2,15.2,10.0
2021-06-14 11:51:00,NSE:SHREERAMA,15.2,15.2,15.2,15.2,8.0
2021-06-14 11:54:00,NSE:SHREERAMA,15.2,15.2,15.2,15.2,15.0
2021-06-14 11:57:00,NSE:SHREERAMA,15.2,15.2,15.2,15.2,35.0
2021-06-14 12:03:00,NSE:SHREERAMA,15.2,15.2,15.0,15.0,2999.0
2021-06-14 12:06:00,NSE:SHREERAMA,15.0,15.0,15.0,15.0,1150.0
2021-06-14 12:09:00,NSE:SHREERAMA,15.0,15.0,15.0,15.0,3605.0
2021-06-14 12:12:00,NSE:SHREERAMA,15.0,15.0,15.0,15.0,4605.0
2021-06-14 12:15:00,NSE:SHREERAMA,14.95,15.0,14.95,15.0,3140.0
2021-06-14 12:18:00,NSE:SHREERAMA,15.0,15.0,14.95,15.0,72.0
2021-06-14 12:21:00,NSE:SHREERAMA,15.0,15.25,15.0,15.2,1153.0
2021-06-14 12:24:00,NSE:SHREERAMA,15.0,15.1,15.0,15.0,257.0
2021-06-14 12:27:00,NSE:SHREERAMA,15.1,15.1,15.1,15.1,1.0
2021-06-14 12:30:00,NSE:SHREERAMA,15.0,15.0,15.0,15.0,1001.0
2021-06-14 12:33:00,NSE:SHREERAMA,15.0,15.1,15.0,15.1,1531.0
2021-06-14 12:36:00,NSE:SHREERAMA,15.05,15.1,15.0,15.0,601.0
2021-06-14 12:45:00,NSE:SHREERAMA,15.1,15.1,15.1,15.1,1000.0
2021-06-14 12:48:00,NSE:SHREERAMA,15.1,15.1,15.1,15.1,198.0
2021-06-14 13:12:00,NSE:SHREERAMA,15.2,15.2,15.1,15.1,104.0
2021-06-14 13:15:00,NSE:SHREERAMA,15.1,15.1,15.0,15.0,2500.0
2021-06-14 13:18:00,NSE:SHREERAMA,15.2,15.25,15.2,15.25,1510.0
2021-06-14 13:21:00,NSE:SHREERAMA,15.2,15.2,15.2,15.2,1000.0
2021-06-14 13:24:00,NSE:SHREERAMA,15.05,15.05,15.05,15.05,758.0
2021-06-14 13:30:00,NSE:SHREERAMA,15.1,15.1,15.1,15.1,50.0
2021-06-14 13:33:00,NSE:SHREERAMA,15.1,15.1,15.1,15.1,26.0
2021-06-14 13:36:00,NSE:SHREERAMA,15.0,15.15,15.0,15.15,1495.0
2021-06-14 13:45:00,NSE:SHREERAMA,15.45,15.45,15.25,15.25,2023.0
2021-06-14 13:54:00,NSE:SHREERAMA,15.25,15.25,15.25,15.25,233.0
2021-06-14 13:57:00,NSE:SHREERAMA,15.25,15.4,15.25,15.4,300.0
2021-06-14 14:00:00,NSE:SHREERAMA,15.4,15.4,15.4,15.4,800.0
2021-06-14 14:03:00,NSE:SHREERAMA,15.3,15.3,15.3,15.3,100.0
2021-06-14 14:06:00,NSE:SHREERAMA,15.25,15.25,15.25,15.25,200.0
2021-06-14 14:12:00,NSE:SHREERAMA,15.25,15.25,15.25,15.25,100.0
2021-06-14 14:18:00,NSE:SHREERAMA,15.25,15.4,15.25,15.4,3103.0
2021-06-14 14:24:00,NSE:SHREERAMA,15.35,15.35,15.35,15.35,50.0
2021-06-14 14:27:00,NSE:SHREERAMA,15.25,15.35,15.2,15.2,943.0
2021-06-14 14:30:00,NSE:SHREERAMA,15.25,15.25,15.25,15.25,296.0
2021-06-14 14:33:00,NSE:SHREERAMA,15.25,15.25,15.25,15.25,100.0
2021-06-14 14:36:00,NSE:SHREERAMA,15.2,15.2,15.2,15.2,109.0
2021-06-14 14:39:00,NSE:SHREERAMA,15.2,15.2,15.2,15.2,327.0
2021-06-14 14:42:00,NSE:SHREERAMA,15.25,15.25,15.25,15.25,250.0
2021-06-14 14:45:00,NSE:SHREERAMA,15.15,15.15,15.15,15.15,210.0
2021-06-14 14:48:00,NSE:SHREERAMA,15.25,15.25,15.25,15.25,60.0
2021-06-14 14:51:00,NSE:SHREERAMA,15.45,15.45,15.45,15.45,2452.0
2021-06-14 14:54:00,NSE:SHREERAMA,15.45,15.45,15.45,15.45,500.0
2021-06-14 14:57:00,NSE:SHREERAMA,15.35,15.35,15.35,15.35,73.0
2021-06-14 15:00:00,NSE:SHREERAMA,15.3,15.35,15.3,15.3,257.0
2021-06-14 15:03:00,NSE:SHREERAMA,15.3,15.3,15.3,15.3,337.0
2021-06-14 15:06:00,NSE:SHREERAMA,15.3,15.3,15.2,15.3,2507.0
2021-06-14 15:09:00,NSE:SHREERAMA,15.3,15.3,15.15,15.3,10879.0
2021-06-14 15:12:00,NSE:SHREERAMA,15.3,15.3,15.25,15.25,2950.0
2021-06-14 15:15:00,NSE:SHREERAMA,15.2,15.3,15.2,15.3,4257.0
2021-06-14 15:18:00,NSE:SHREERAMA,15.25,15.25,15.25,15.25,1500.0
2021-06-14 15:21:00,NSE:SHREERAMA,15.25,15.35,15.2,15.2,1965.0
2021-06-14 15:24:00,NSE:SHREERAMA,15.25,15.35,15.25,15.35,705.0
2021-06-14 15:27:00,NSE:SHREERAMA,15.2,15.35,15.15,15.35,1811.0
2021-06-14 15:42:00,NSE:SHREERAMA,15.25,15.25,15.25,15.25,100.0
2021-06-15 09:06:00,NSE:SHREERAMA,15.8,15.8,15.8,15.8,60.0
2021-06-15 09:15:00,NSE:SHREERAMA,15.6,15.6,15.2,15.55,197.0
2021-06-15 09:18:00,NSE:SHREERAMA,15.55,15.6,15.55,15.6,1510.0
2021-06-15 09:24:00,NSE:SHREERAMA,15.25,15.65,15.25,15.55,4321.0
2021-06-15 09:27:00,NSE:SHREERAMA,15.6,15.6,15.6,15.6,6.0
2021-06-15 09:30:00,NSE:SHREERAMA,15.65,15.65,15.65,15.65,15.0
2021-06-15 09:33:00,NSE:SHREERAMA,15.4,15.45,15.4,15.45,442.0
2021-06-15 09:42:00,NSE:SHREERAMA,15.4,15.5,15.4,15.5,1037.0
2021-06-15 09:45:00,NSE:SHREERAMA,15.4,15.4,15.35,15.35,1451.0
2021-06-15 09:48:00,NSE:SHREERAMA,15.4,15.4,15.4,15.4,340.0
2021-06-15 09:51:00,NSE:SHREERAMA,15.3,15.4,15.3,15.4,202.0
2021-06-15 09:54:00,NSE:SHREERAMA,15.4,15.4,15.4,15.4,153.0
2021-06-15 09:57:00,NSE:SHREERAMA,15.4,15.4,15.4,15.4,100.0
2021-06-15 10:00:00,NSE:SHREERAMA,15.5,15.5,15.5,15.5,1000.0
2021-06-15 10:03:00,NSE:SHREERAMA,15.5,15.5,15.35,15.35,1197.0
2021-06-15 10:06:00,NSE:SHREERAMA,15.25,15.25,15.0,15.1,4445.0
2021-06-15 10:09:00,NSE:SHREERAMA,15.15,15.15,15.15,15.15,65.0
2021-06-15 10:12:00,NSE:SHREERAMA,15.4,15.4,15.35,15.35,1214.0
2021-06-15 10:18:00,NSE:SHREERAMA,15.35,15.35,15.35,15.35,200.0
2021-06-15 10:21:00,NSE:SHREERAMA,15.4,15.4,15.4,15.4,1500.0
2021-06-15 10:24:00,NSE:SHREERAMA,15.35,15.45,15.35,15.45,154.0
2021-06-15 10:30:00,NSE:SHREERAMA,15.4,15.4,15.4,15.4,50.0
2021-06-15 10:33:00,NSE:SHREERAMA,15.4,15.4,15.35,15.35,121.0
2021-06-15 10:36:00,NSE:SHREERAMA,15.45,15.5,15.35,15.35,2311.0
2021-06-15 10:39:00,NSE:SHREERAMA,15.3,15.3,15.25,15.25,420.0
2021-06-15 10:42:00,NSE:SHREERAMA,15.3,15.3,15.3,15.3,207.0
2021-06-15 10:45:00,NSE:SHREERAMA,15.3,15.45,15.3,15.35,946.0
2021-06-15 10:51:00,NSE:SHREERAMA,15.3,15.3,15.3,15.3,1000.0
2021-06-15 10:57:00,NSE:SHREERAMA,15.4,15.4,15.4,15.4,88.0
2021-06-15 11:00:00,NSE:SHREERAMA,15.3,15.3,15.3,15.3,771.0
2021-06-15 11:03:00,NSE:SHREERAMA,15.3,15.3,15.3,15.3,229.0
2021-06-15 11:09:00,NSE:SHREERAMA,15.35,15.4,15.35,15.4,2500.0
2021-06-15 11:18:00,NSE:SHREERAMA,15.35,15.35,15.35,15.35,30.0
2021-06-15 11:24:00,NSE:SHREERAMA,15.35,15.35,15.35,15.35,1.0
2021-06-15 11:27:00,NSE:SHREERAMA,15.35,15.35,15.35,15.35,1.0
2021-06-15 11:30:00,NSE:SHREERAMA,15.4,15.4,15.4,15.4,25.0
2021-06-15 11:33:00,NSE:SHREERAMA,15.4,15.4,15.4,15.4,127.0
2021-06-15 11:36:00,NSE:SHREERAMA,15.35,15.4,15.35,15.4,90.0
2021-06-15 11:42:00,NSE:SHREERAMA,15.35,15.4,15.35,15.4,1403.0
2021-06-15 11:45:00,NSE:SHREERAMA,15.4,15.4,15.4,15.4,1.0
2021-06-15 11:57:00,NSE:SHREERAMA,15.4,15.4,15.35,15.35,177.0
2021-06-15 12:00:00,NSE:SHREERAMA,15.35,15.35,15.35,15.35,100.0
2021-06-15 12:06:00,NSE:SHREERAMA,15.35,15.35,15.3,15.3,1005.0
2021-06-15 12:12:00,NSE:SHREERAMA,15.4,15.4,15.3,15.3,400.0
2021-06-15 12:15:00,NSE:SHREERAMA,15.4,15.4,15.4,15.4,1450.0
2021-06-15 12:21:00,NSE:SHREERAMA,15.3,15.3,15.3,15.3,200.0
2021-06-15 12:24:00,NSE:SHREERAMA,15.3,15.3,15.3,15.3,83.0
2021-06-15 12:27:00,NSE:SHREERAMA,15.3,15.3,15.3,15.3,25.0
2021-06-15 12:30:00,NSE:SHREERAMA,15.05,15.05,15.05,15.05,11689.0
2021-06-15 12:33:00,NSE:SHREERAMA,15.3,15.3,15.3,15.3,38.0
2021-06-15 12:42:00,NSE:SHREERAMA,15.2,15.2,15.2,15.2,999.0
2021-06-15 12:45:00,NSE:SHREERAMA,15.25,15.25,15.25,15.25,50.0
2021-06-15 12:54:00,NSE:SHREERAMA,15.25,15.25,15.25,15.25,600.0
2021-06-15 12:57:00,NSE:SHREERAMA,15.2,15.2,15.2,15.2,1.0
2021-06-15 13:00:00,NSE:SHREERAMA,15.2,15.2,15.2,15.2,100.0
2021-06-15 13:15:00,NSE:SHREERAMA,15.3,15.3,15.3,15.3,30.0
2021-06-15 13:18:00,NSE:SHREERAMA,15.2,15.2,15.15,15.15,500.0
2021-06-15 13:21:00,NSE:SHREERAMA,15.15,15.15,15.15,15.15,60.0
2021-06-15 13:24:00,NSE:SHREERAMA,15.2,15.2,15.2,15.2,100.0
2021-06-15 13:27:00,NSE:SHREERAMA,15.2,15.2,15.2,15.2,200.0
2021-06-15 13:30:00,NSE:SHREERAMA,15.25,15.25,15.25,15.25,160.0
2021-06-15 13:33:00,NSE:SHREERAMA,15.25,15.25,15.25,15.25,200.0
2021-06-15 13:36:00,NSE:SHREERAMA,15.25,15.3,15.25,15.3,700.0
2021-06-15 13:39:00,NSE:SHREERAMA,15.2,15.2,15.2,15.2,210.0
2021-06-15 13:48:00,NSE:SHREERAMA,15.15,15.15,15.15,15.15,200.0
2021-06-15 13:54:00,NSE:SHREERAMA,15.1,15.25,15.1,15.25,1030.0
2021-06-15 14:03:00,NSE:SHREERAMA,15.1,15.1,15.1,15.1,30.0
2021-06-15 14:06:00,NSE:SHREERAMA,15.15,15.15,15.15,15.15,10.0
2021-06-15 14:09:00,NSE:SHREERAMA,15.2,15.2,15.05,15.2,15185.0
2021-06-15 14:24:00,NSE:SHREERAMA,15.2,15.2,15.2,15.2,150.0
2021-06-15 14:27:00,NSE:SHREERAMA,15.2,15.2,15.2,15.2,822.0
2021-06-15 14:33:00,NSE:SHREERAMA,15.2,15.2,15.15,15.15,4329.0
2021-06-15 14:39:00,NSE:SHREERAMA,15.15,15.15,15.05,15.05,5742.0
2021-06-15 14:42:00,NSE:SHREERAMA,15.05,15.1,15.0,15.0,4102.0
2021-06-15 14:45:00,NSE:SHREERAMA,15.0,15.1,15.0,15.0,152.0
2021-06-15 14:48:00,NSE:SHREERAMA,15.0,15.0,15.0,15.0,300.0
2021-06-15 14:51:00,NSE:SHREERAMA,15.1,15.1,15.0,15.0,4292.0
2021-06-15 14:54:00,NSE:SHREERAMA,15.0,15.05,15.0,15.05,1505.0
2021-06-15 14:57:00,NSE:SHREERAMA,15.0,15.05,15.0,15.05,413.0
2021-06-15 15:03:00,NSE:SHREERAMA,15.1,15.1,15.0,15.0,8000.0
2021-06-15 15:06:00,NSE:SHREERAMA,15.05,15.05,15.05,15.05,1.0
2021-06-15 15:09:00,NSE:SHREERAMA,15.05,15.15,15.05,15.15,107.0
2021-06-15 15:12:00,NSE:SHREERAMA,15.1,15.1,15.1,15.1,100.0
2021-06-15 15:21:00,NSE:SHREERAMA,15.1,15.1,15.1,15.1,501.0
2021-06-15 15:24:00,NSE:SHREERAMA,15.1,15.1,15.05,15.05,231.0
2021-06-15 15:27:00,NSE:SHREERAMA,15.0,15.25,15.0,15.25,9323.0
2021-06-16 09:06:00,NSE:SHREERAMA,15.7,15.7,15.7,15.7,60.0
2021-06-16 09:15:00,NSE:SHREERAMA,15.35,15.65,15.0,15.65,3723.0
2021-06-16 09:18:00,NSE:SHREERAMA,15.6,15.6,15.15,15.15,1513.0
2021-06-16 09:21:00,NSE:SHREERAMA,15.4,15.5,15.4,15.5,1510.0
2021-06-16 09:24:00,NSE:SHREERAMA,15.55,15.55,15.25,15.25,161.0
2021-06-16 09:27:00,NSE:SHREERAMA,15.2,15.2,15.2,15.2,500.0
2021-06-16 09:30:00,NSE:SHREERAMA,15.1,15.25,15.1,15.25,1153.0
2021-06-16 09:33:00,NSE:SHREERAMA,15.3,15.3,15.3,15.3,120.0
2021-06-16 09:36:00,NSE:SHREERAMA,15.3,15.3,15.3,15.3,15.0
2021-06-16 09:39:00,NSE:SHREERAMA,15.3,15.3,15.0,15.0,4956.0
2021-06-16 09:42:00,NSE:SHREERAMA,15.3,15.3,15.25,15.25,13.0
2021-06-16 09:45:00,NSE:SHREERAMA,15.1,15.25,15.1,15.15,325.0
2021-06-16 09:51:00,NSE:SHREERAMA,15.2,15.25,15.2,15.25,27.0
2021-06-16 09:57:00,NSE:SHREERAMA,15.15,15.15,15.15,15.15,250.0
2021-06-16 10:00:00,NSE:SHREERAMA,15.25,15.3,15.25,15.3,571.0
2021-06-16 10:03:00,NSE:SHREERAMA,15.25,15.25,15.25,15.25,400.0
2021-06-16 10:06:00,NSE:SHREERAMA,15.3,15.35,15.2,15.2,580.0
2021-06-16 10:12:00,NSE:SHREERAMA,15.3,15.35,15.3,15.35,1041.0
2021-06-16 10:15:00,NSE:SHREERAMA,15.35,15.35,15.35,15.35,10.0
2021-06-16 10:18:00,NSE:SHREERAMA,15.2,15.2,15.2,15.2,1200.0
2021-06-16 10:21:00,NSE:SHREERAMA,15.2,15.3,15.2,15.3,260.0
2021-06-16 10:24:00,NSE:SHREERAMA,15.1,15.1,15.1,15.1,500.0
2021-06-16 10:27:00,NSE:SHREERAMA,15.1,15.1,15.1,15.1,1000.0
2021-06-16 10:30:00,NSE:SHREERAMA,15.1,15.2,15.1,15.2,1202.0
2021-06-16 10:33:00,NSE:SHREERAMA,15.2,15.25,15.2,15.25,10.0
2021-06-16 10:36:00,NSE:SHREERAMA,15.35,15.35,15.35,15.35,1000.0
2021-06-16 10:39:00,NSE:SHREERAMA,15.35,15.35,15.35,15.35,290.0
2021-06-16 10:42:00,NSE:SHREERAMA,15.4,15.5,15.3,15.35,1109.0
2021-06-16 10:45:00,NSE:SHREERAMA,15.3,15.3,15.25,15.25,253.0
2021-06-16 10:51:00,NSE:SHREERAMA,15.25,15.25,15.15,15.15,188.0
2021-06-16 10:54:00,NSE:SHREERAMA,15.1,15.1,15.1,15.1,933.0
2021-06-16 10:57:00,NSE:SHREERAMA,15.25,15.25,15.0,15.0,2154.0
2021-06-16 11:00:00,NSE:SHREERAMA,15.0,15.1,15.0,15.1,193.0
2021-06-16 11:03:00,NSE:SHREERAMA,15.05,15.05,15.05,15.05,204.0
2021-06-16 11:06:00,NSE:SHREERAMA,15.05,15.05,15.0,15.0,840.0
2021-06-16 11:09:00,NSE:SHREERAMA,15.0,15.0,15.0,15.0,300.0
2021-06-16 11:15:00,NSE:SHREERAMA,15.1,15.1,15.1,15.1,20.0
2021-06-16 11:18:00,NSE:SHREERAMA,15.1,15.25,15.1,15.25,2813.0
2021-06-16 11:30:00,NSE:SHREERAMA,15.25,15.25,15.25,15.25,1570.0
2021-06-16 11:33:00,NSE:SHREERAMA,15.25,15.25,15.25,15.25,717.0
2021-06-16 11:36:00,NSE:SHREERAMA,15.2,15.2,15.2,15.2,75.0
2021-06-16 11:39:00,NSE:SHREERAMA,15.25,15.3,15.25,15.3,987.0
2021-06-16 11:45:00,NSE:SHREERAMA,15.2,15.2,15.2,15.2,200.0
2021-06-16 11:48:00,NSE:SHREERAMA,15.2,15.2,15.2,15.2,101.0
2021-06-16 11:51:00,NSE:SHREERAMA,15.3,15.3,15.3,15.3,100.0
2021-06-16 11:54:00,NSE:SHREERAMA,15.2,15.2,15.15,15.15,350.0
2021-06-16 11:57:00,NSE:SHREERAMA,15.15,15.15,15.15,15.15,1.0
2021-06-16 12:09:00,NSE:SHREERAMA,15.25,15.25,15.25,15.25,6.0
2021-06-16 12:12:00,NSE:SHREERAMA,15.25,15.25,15.25,15.25,87.0
2021-06-16 12:15:00,NSE:SHREERAMA,15.15,15.15,15.15,15.15,468.0
2021-06-16 12:18:00,NSE:SHREERAMA,15.2,15.2,15.2,15.2,10.0
2021-06-16 12:24:00,NSE:SHREERAMA,15.15,15.15,15.1,15.1,1485.0
2021-06-16 12:27:00,NSE:SHREERAMA,15.1,15.1,15.1,15.1,10.0
2021-06-16 12:30:00,NSE:SHREERAMA,15.1,15.1,14.95,14.95,4077.0
2021-06-16 12:33:00,NSE:SHREERAMA,13.7,14.65,13.7,14.6,34707.0
2021-06-16 12:36:00,NSE:SHREERAMA,14.65,14.65,14.5,14.5,2365.0
2021-06-16 12:42:00,NSE:SHREERAMA,14.5,14.5,14.45,14.5,1380.0
2021-06-16 12:45:00,NSE:SHREERAMA,14.45,14.45,14.1,14.4,4236.0
2021-06-16 12:48:00,NSE:SHREERAMA,14.3,14.45,14.3,14.45,1269.0
2021-06-16 12:51:00,NSE:SHREERAMA,14.3,14.35,14.3,14.35,2.0
2021-06-16 12:54:00,NSE:SHREERAMA,14.45,14.5,14.35,14.5,592.0
2021-06-16 12:57:00,NSE:SHREERAMA,14.5,14.5,14.35,14.35,3102.0
2021-06-16 13:00:00,NSE:SHREERAMA,14.4,14.4,14.4,14.4,38.0
2021-06-16 13:03:00,NSE:SHREERAMA,14.4,14.7,14.4,14.7,2326.0
2021-06-16 13:06:00,NSE:SHREERAMA,14.6,14.6,14.5,14.6,577.0
2021-06-16 13:09:00,NSE:SHREERAMA,14.6,14.75,14.6,14.75,1986.0
2021-06-16 13:12:00,NSE:SHREERAMA,14.7,14.8,14.6,14.8,4006.0
2021-06-16 13:18:00,NSE:SHREERAMA,14.85,15.1,14.85,15.1,3846.0
2021-06-16 13:21:00,NSE:SHREERAMA,14.9,14.95,14.85,14.95,1598.0
2021-06-16 13:24:00,NSE:SHREERAMA,14.8,14.8,14.8,14.8,250.0
2021-06-16 13:27:00,NSE:SHREERAMA,14.6,14.6,14.6,14.6,1000.0
2021-06-16 13:33:00,NSE:SHREERAMA,14.8,14.85,14.8,14.85,501.0
2021-06-16 13:36:00,NSE:SHREERAMA,14.8,14.85,14.75,14.75,580.0
2021-06-16 13:45:00,NSE:SHREERAMA,14.75,14.75,14.75,14.75,17.0
2021-06-16 13:48:00,NSE:SHREERAMA,14.75,14.75,14.7,14.7,1000.0
2021-06-16 13:51:00,NSE:SHREERAMA,14.75,14.75,14.75,14.75,500.0
2021-06-16 13:54:00,NSE:SHREERAMA,14.7,14.7,14.7,14.7,350.0
2021-06-16 13:57:00,NSE:SHREERAMA,14.8,14.8,14.8,14.8,90.0
2021-06-16 14:00:00,NSE:SHREERAMA,14.8,14.8,14.8,14.8,50.0
2021-06-16 14:03:00,NSE:SHREERAMA,14.7,14.7,14.7,14.7,101.0
2021-06-16 14:06:00,NSE:SHREERAMA,14.8,14.8,14.8,14.8,5.0
2021-06-16 14:09:00,NSE:SHREERAMA,14.8,14.8,14.8,14.8,225.0
2021-06-16 14:15:00,NSE:SHREERAMA,14.8,14.8,14.7,14.7,824.0
2021-06-16 14:18:00,NSE:SHREERAMA,14.7,14.7,14.65,14.65,195.0
2021-06-16 14:27:00,NSE:SHREERAMA,14.8,14.8,14.8,14.8,20.0
2021-06-16 14:33:00,NSE:SHREERAMA,14.75,14.75,14.6,14.6,1405.0
2021-06-16 14:36:00,NSE:SHREERAMA,14.6,14.6,14.6,14.6,400.0
2021-06-16 14:39:00,NSE:SHREERAMA,14.8,14.8,14.8,14.8,100.0
2021-06-16 14:45:00,NSE:SHREERAMA,14.65,14.75,14.65,14.75,118.0
2021-06-16 14:48:00,NSE:SHREERAMA,14.65,14.65,14.65,14.65,99.0
2021-06-16 14:54:00,NSE:SHREERAMA,14.8,14.8,14.8,14.8,5.0
2021-06-16 14:57:00,NSE:SHREERAMA,14.8,14.8,14.8,14.8,20.0
2021-06-16 15:00:00,NSE:SHREERAMA,14.8,14.8,14.8,14.8,100.0
2021-06-16 15:03:00,NSE:SHREERAMA,14.8,14.8,14.8,14.8,1000.0
2021-06-16 15:06:00,NSE:SHREERAMA,14.8,14.8,14.8,14.8,381.0
2021-06-16 15:09:00,NSE:SHREERAMA,14.8,14.8,14.8,14.8,119.0
2021-06-16 15:12:00,NSE:SHREERAMA,14.8,14.8,14.8,14.8,20.0
2021-06-16 15:15:00,NSE:SHREERAMA,14.75,14.75,14.75,14.75,160.0
2021-06-16 15:18:00,NSE:SHREERAMA,14.7,14.7,14.6,14.6,1421.0
2021-06-16 15:21:00,NSE:SHREERAMA,14.6,14.6,14.6,14.6,401.0
2021-06-16 15:24:00,NSE:SHREERAMA,14.65,14.75,14.65,14.75,537.0
2021-06-16 15:27:00,NSE:SHREERAMA,14.55,14.6,14.55,14.6,4049.0
2021-06-17 09:06:00,NSE:SHREERAMA,15.0,15.0,15.0,15.0,20.0
2021-06-17 09:15:00,NSE:SHREERAMA,15.0,15.0,14.6,14.6,1030.0
2021-06-17 09:18:00,NSE:SHREERAMA,14.85,14.85,14.85,14.85,100.0
2021-06-17 09:21:00,NSE:SHREERAMA,14.7,14.85,14.7,14.8,131.0
2021-06-17 09:24:00,NSE:SHREERAMA,14.7,14.85,14.65,14.65,537.0
2021-06-17 09:27:00,NSE:SHREERAMA,14.6,14.6,14.5,14.55,3606.0
2021-06-17 09:30:00,NSE:SHREERAMA,14.55,14.55,14.4,14.5,3479.0
2021-06-17 09:33:00,NSE:SHREERAMA,14.4,14.5,14.4,14.5,2072.0
2021-06-17 09:36:00,NSE:SHREERAMA,14.5,14.5,14.35,14.35,3357.0
2021-06-17 09:39:00,NSE:SHREERAMA,14.35,14.35,14.2,14.3,2824.0
2021-06-17 09:42:00,NSE:SHREERAMA,14.3,14.4,14.3,14.35,5246.0
2021-06-17 09:45:00,NSE:SHREERAMA,14.35,14.45,14.35,14.45,412.0
2021-06-17 09:48:00,NSE:SHREERAMA,14.35,14.4,14.35,14.4,600.0
2021-06-17 09:51:00,NSE:SHREERAMA,14.4,14.55,14.4,14.55,2276.0
2021-06-17 09:54:00,NSE:SHREERAMA,14.55,14.55,14.55,14.55,430.0
2021-06-17 09:57:00,NSE:SHREERAMA,14.6,14.65,14.55,14.55,3044.0
2021-06-17 10:00:00,NSE:SHREERAMA,14.55,14.6,14.55,14.55,1012.0
2021-06-17 10:03:00,NSE:SHREERAMA,14.6,14.9,14.6,14.65,9181.0
2021-06-17 10:06:00,NSE:SHREERAMA,14.7,14.8,14.6,14.6,5046.0
2021-06-17 10:09:00,NSE:SHREERAMA,14.6,14.65,14.6,14.65,253.0
2021-06-17 10:15:00,NSE:SHREERAMA,14.65,14.8,14.65,14.65,561.0
2021-06-17 10:18:00,NSE:SHREERAMA,14.7,14.85,14.7,14.8,2085.0
2021-06-17 10:21:00,NSE:SHREERAMA,14.8,14.8,14.8,14.8,1.0
2021-06-17 10:24:00,NSE:SHREERAMA,14.8,14.8,14.8,14.8,910.0
2021-06-17 10:27:00,NSE:SHREERAMA,14.75,14.75,14.75,14.75,1156.0
2021-06-17 10:30:00,NSE:SHREERAMA,14.7,14.7,14.7,14.7,437.0
2021-06-17 10:33:00,NSE:SHREERAMA,14.8,14.8,14.8,14.8,20.0
2021-06-17 10:39:00,NSE:SHREERAMA,14.7,14.75,14.7,14.75,100.0
2021-06-17 10:42:00,NSE:SHREERAMA,14.75,14.75,14.75,14.75,500.0
2021-06-17 10:45:00,NSE:SHREERAMA,14.75,14.75,14.75,14.75,450.0
2021-06-17 10:51:00,NSE:SHREERAMA,14.7,14.8,14.7,14.8,11.0
2021-06-17 10:54:00,NSE:SHREERAMA,14.8,14.8,14.8,14.8,58.0
2021-06-17 11:00:00,NSE:SHREERAMA,14.8,14.8,14.8,14.8,100.0
2021-06-17 11:18:00,NSE:SHREERAMA,14.7,14.7,14.7,14.7,724.0
2021-06-17 11:21:00,NSE:SHREERAMA,14.75,14.75,14.75,14.75,550.0
2021-06-17 11:24:00,NSE:SHREERAMA,14.7,14.7,14.65,14.65,2567.0
2021-06-17 11:27:00,NSE:SHREERAMA,14.6,14.6,14.6,14.6,1752.0
2021-06-17 11:30:00,NSE:SHREERAMA,14.6,14.6,14.6,14.6,50.0
2021-06-17 11:33:00,NSE:SHREERAMA,14.7,14.7,14.7,14.7,1.0
2021-06-17 11:36:00,NSE:SHREERAMA,14.6,14.6,14.6,14.6,400.0
2021-06-17 11:42:00,NSE:SHREERAMA,14.65,14.65,14.6,14.6,5300.0
2021-06-17 11:45:00,NSE:SHREERAMA,14.7,14.7,14.7,14.7,2000.0
2021-06-17 11:48:00,NSE:SHREERAMA,14.7,14.7,14.65,14.65,3794.0
2021-06-17 11:57:00,NSE:SHREERAMA,14.7,14.7,14.7,14.7,28.0
2021-06-17 12:00:00,NSE:SHREERAMA,14.65,14.65,14.65,14.65,947.0
2021-06-17 12:15:00,NSE:SHREERAMA,14.65,14.65,14.6,14.6,141.0
2021-06-17 12:21:00,NSE:SHREERAMA,14.6,14.65,14.55,14.65,2050.0
2021-06-17 12:24:00,NSE:SHREERAMA,14.6,14.6,14.55,14.55,1050.0
2021-06-17 12:27:00,NSE:SHREERAMA,14.55,14.55,14.55,14.55,555.0
2021-06-17 12:30:00,NSE:SHREERAMA,14.5,14.6,14.5,14.6,1001.0
2021-06-17 12:36:00,NSE:SHREERAMA,14.6,14.6,14.6,14.6,800.0
2021-06-17 12:39:00,NSE:SHREERAMA,14.6,14.6,14.6,14.6,570.0
2021-06-17 12:51:00,NSE:SHREERAMA,14.5,14.5,14.5,14.5,1000.0
2021-06-17 12:57:00,NSE:SHREERAMA,14.6,14.6,14.6,14.6,99.0
2021-06-17 13:06:00,NSE:SHREERAMA,14.5,14.5,14.5,14.5,6900.0
2021-06-17 13:15:00,NSE:SHREERAMA,14.4,14.4,14.4,14.4,192.0
2021-06-17 13:24:00,NSE:SHREERAMA,14.4,14.5,14.4,14.5,310.0
2021-06-17 13:27:00,NSE:SHREERAMA,14.5,14.5,14.4,14.4,2900.0
2021-06-17 13:30:00,NSE:SHREERAMA,14.5,14.5,14.5,14.5,109.0
2021-06-17 13:33:00,NSE:SHREERAMA,14.5,14.5,14.5,14.5,4.0
2021-06-17 13:45:00,NSE:SHREERAMA,14.4,14.4,14.4,14.4,334.0
2021-06-17 13:48:00,NSE:SHREERAMA,14.45,14.5,14.45,14.5,30.0
2021-06-17 13:57:00,NSE:SHREERAMA,14.4,14.4,14.4,14.4,283.0
2021-06-17 14:03:00,NSE:SHREERAMA,14.5,14.5,14.4,14.4,840.0
2021-06-17 14:06:00,NSE:SHREERAMA,14.35,14.35,14.35,14.35,280.0
2021-06-17 14:09:00,NSE:SHREERAMA,14.35,14.35,14.35,14.35,9.0
2021-06-17 14:12:00,NSE:SHREERAMA,14.4,14.4,14.4,14.4,361.0
2021-06-17 14:15:00,NSE:SHREERAMA,14.4,14.4,14.35,14.4,1600.0
2021-06-17 14:21:00,NSE:SHREERAMA,14.35,14.35,14.3,14.3,2002.0
2021-06-17 14:24:00,NSE:SHREERAMA,14.15,14.35,14.15,14.2,6411.0
2021-06-17 14:27:00,NSE:SHREERAMA,14.2,14.35,14.2,14.35,710.0
2021-06-17 14:30:00,NSE:SHREERAMA,14.35,14.35,14.25,14.25,411.0
2021-06-17 14:33:00,NSE:SHREERAMA,14.25,14.35,14.25,14.35,40.0
2021-06-17 14:36:00,NSE:SHREERAMA,14.35,14.35,14.35,14.35,63.0
2021-06-17 14:42:00,NSE:SHREERAMA,14.3,14.3,14.1,14.1,6578.0
2021-06-17 14:45:00,NSE:SHREERAMA,14.25,14.25,14.2,14.2,2933.0
2021-06-17 14:48:00,NSE:SHREERAMA,14.3,14.3,14.25,14.25,1492.0
2021-06-17 14:54:00,NSE:SHREERAMA,14.35,14.35,14.35,14.35,1.0
2021-06-17 14:57:00,NSE:SHREERAMA,14.35,14.35,14.35,14.35,1000.0
2021-06-17 15:00:00,NSE:SHREERAMA,14.35,14.35,14.35,14.35,1119.0
2021-06-17 15:03:00,NSE:SHREERAMA,14.2,14.2,14.2,14.2,6575.0
2021-06-17 15:06:00,NSE:SHREERAMA,14.35,14.35,14.35,14.35,1.0
2021-06-17 15:09:00,NSE:SHREERAMA,14.2,14.35,14.2,14.35,1031.0
2021-06-17 15:12:00,NSE:SHREERAMA,14.45,14.45,14.45,14.45,5179.0
2021-06-17 15:15:00,NSE:SHREERAMA,14.3,14.3,14.3,14.3,211.0
2021-06-17 15:18:00,NSE:SHREERAMA,14.4,14.4,14.4,14.4,2101.0
2021-06-17 15:21:00,NSE:SHREERAMA,14.4,14.5,14.4,14.5,5300.0
2021-06-17 15:24:00,NSE:SHREERAMA,14.5,14.5,14.5,14.5,149.0
2021-06-17 15:27:00,NSE:SHREERAMA,14.5,14.5,14.5,14.5,516.0
2021-06-17 15:48:00,NSE:SHREERAMA,14.35,14.35,14.35,14.35,2000.0
2021-06-18 09:06:00,NSE:SHREERAMA,14.15,14.15,14.15,14.15,225.0
2021-06-18 09:15:00,NSE:SHREERAMA,14.15,14.3,14.1,14.2,1882.0
2021-06-18 09:18:00,NSE:SHREERAMA,14.2,14.2,14.1,14.2,29.0
2021-06-18 09:21:00,NSE:SHREERAMA,14.2,14.3,14.2,14.3,1139.0
2021-06-18 09:24:00,NSE:SHREERAMA,14.2,14.2,14.15,14.2,430.0
2021-06-18 09:27:00,NSE:SHREERAMA,14.2,14.2,14.15,14.15,2.0
2021-06-18 09:30:00,NSE:SHREERAMA,14.2,14.25,14.2,14.25,174.0
2021-06-18 09:33:00,NSE:SHREERAMA,14.25,14.25,14.2,14.2,1059.0
2021-06-18 09:36:00,NSE:SHREERAMA,14.2,14.2,14.1,14.1,2914.0
2021-06-18 09:39:00,NSE:SHREERAMA,14.1,14.1,14.1,14.1,355.0
2021-06-18 09:42:00,NSE:SHREERAMA,14.1,14.15,14.1,14.1,860.0
2021-06-18 09:45:00,NSE:SHREERAMA,14.1,14.1,14.1,14.1,500.0
2021-06-18 09:48:00,NSE:SHREERAMA,14.1,14.15,14.0,14.1,6106.0
2021-06-18 09:51:00,NSE:SHREERAMA,14.0,14.0,13.75,13.85,2952.0
2021-06-18 09:54:00,NSE:SHREERAMA,13.95,13.95,13.85,13.9,1109.0
2021-06-18 09:57:00,NSE:SHREERAMA,13.9,13.9,13.9,13.9,147.0
2021-06-18 10:00:00,NSE:SHREERAMA,13.9,13.9,13.8,13.9,5294.0
2021-06-18 10:03:00,NSE:SHREERAMA,13.9,13.9,13.8,13.8,595.0
2021-06-18 10:06:00,NSE:SHREERAMA,13.9,13.9,13.9,13.9,2.0
2021-06-18 10:12:00,NSE:SHREERAMA,13.85,13.85,13.85,13.85,60.0
2021-06-18 10:15:00,NSE:SHREERAMA,13.85,13.85,13.85,13.85,1172.0
2021-06-18 10:18:00,NSE:SHREERAMA,13.85,13.85,13.85,13.85,1000.0
2021-06-18 10:21:00,NSE:SHREERAMA,13.95,13.95,13.95,13.95,500.0
2021-06-18 10:24:00,NSE:SHREERAMA,13.95,13.95,13.95,13.95,355.0
2021-06-18 10:27:00,NSE:SHREERAMA,14.0,14.0,14.0,14.0,1796.0
2021-06-18 10:33:00,NSE:SHREERAMA,13.9,13.9,13.85,13.85,3138.0
2021-06-18 10:36:00,NSE:SHREERAMA,13.8,13.8,13.8,13.8,50.0
2021-06-18 10:39:00,NSE:SHREERAMA,13.85,13.85,13.75,13.75,3700.0
2021-06-18 10:42:00,NSE:SHREERAMA,13.75,13.8,13.75,13.8,1278.0
2021-06-18 10:48:00,NSE:SHREERAMA,13.85,13.85,13.75,13.75,542.0
2021-06-18 10:51:00,NSE:SHREERAMA,13.85,13.85,13.75,13.75,700.0
2021-06-18 10:54:00,NSE:SHREERAMA,13.75,13.75,13.7,13.7,615.0
2021-06-18 10:57:00,NSE:SHREERAMA,13.65,13.65,13.65,13.65,106.0
2021-06-18 11:00:00,NSE:SHREERAMA,13.75,13.75,13.65,13.65,108.0
2021-06-18 11:03:00,NSE:SHREERAMA,13.65,13.65,13.65,13.65,1328.0
2021-06-18 11:06:00,NSE:SHREERAMA,13.65,13.65,13.65,13.65,11.0
2021-06-18 11:09:00,NSE:SHREERAMA,13.65,13.65,13.5,13.55,1079.0
2021-06-18 11:12:00,NSE:SHREERAMA,13.65,13.65,13.55,13.55,100.0
2021-06-18 11:15:00,NSE:SHREERAMA,13.7,13.7,13.7,13.7,875.0
2021-06-18 11:18:00,NSE:SHREERAMA,13.75,13.75,13.75,13.75,1100.0
2021-06-18 11:24:00,NSE:SHREERAMA,13.85,13.85,13.85,13.85,12.0
2021-06-18 11:27:00,NSE:SHREERAMA,13.8,13.85,13.8,13.85,1511.0
2021-06-18 11:33:00,NSE:SHREERAMA,13.85,13.95,13.8,13.95,2134.0
2021-06-18 11:36:00,NSE:SHREERAMA,13.85,13.85,13.8,13.8,705.0
2021-06-18 11:42:00,NSE:SHREERAMA,13.8,13.8,13.8,13.8,1.0
2021-06-18 11:45:00,NSE:SHREERAMA,13.8,13.8,13.8,13.8,1078.0
2021-06-18 11:54:00,NSE:SHREERAMA,13.8,13.8,13.8,13.8,100.0
2021-06-18 11:57:00,NSE:SHREERAMA,13.8,13.8,13.8,13.8,25.0
2021-06-18 12:00:00,NSE:SHREERAMA,13.8,13.8,13.8,13.8,10.0
2021-06-18 12:06:00,NSE:SHREERAMA,13.8,13.8,13.75,13.75,335.0
2021-06-18 12:09:00,NSE:SHREERAMA,13.8,13.85,13.8,13.85,1744.0
2021-06-18 12:12:00,NSE:SHREERAMA,13.9,13.9,13.9,13.9,1546.0
2021-06-18 12:15:00,NSE:SHREERAMA,13.9,14.05,13.9,14.05,9592.0
2021-06-18 12:18:00,NSE:SHREERAMA,14.05,14.05,13.75,13.75,3797.0
2021-06-18 12:21:00,NSE:SHREERAMA,13.95,13.95,13.9,13.9,1465.0
2021-06-18 12:24:00,NSE:SHREERAMA,13.8,13.8,13.8,13.8,2078.0
2021-06-18 12:27:00,NSE:SHREERAMA,13.75,13.75,13.75,13.75,15.0
2021-06-18 12:42:00,NSE:SHREERAMA,13.8,13.8,13.8,13.8,22.0
2021-06-18 12:45:00,NSE:SHREERAMA,13.85,13.85,13.85,13.85,239.0
2021-06-18 12:51:00,NSE:SHREERAMA,13.85,13.85,13.8,13.85,220.0
2021-06-18 12:54:00,NSE:SHREERAMA,13.85,13.85,13.8,13.8,564.0
2021-06-18 12:57:00,NSE:SHREERAMA,13.85,13.9,13.75,13.85,3144.0
2021-06-18 13:03:00,NSE:SHREERAMA,13.85,13.85,13.8,13.8,88.0
2021-06-18 13:09:00,NSE:SHREERAMA,13.85,13.85,13.85,13.85,10.0
2021-06-18 13:12:00,NSE:SHREERAMA,13.85,13.85,13.85,13.85,1.0
2021-06-18 13:15:00,NSE:SHREERAMA,13.85,13.85,13.85,13.85,305.0
2021-06-18 13:18:00,NSE:SHREERAMA,13.85,13.85,13.8,13.8,1316.0
2021-06-18 13:33:00,NSE:SHREERAMA,13.75,13.75,13.75,13.75,300.0
2021-06-18 13:36:00,NSE:SHREERAMA,13.75,13.75,13.75,13.75,10.0
2021-06-18 13:39:00,NSE:SHREERAMA,13.75,13.75,13.75,13.75,834.0
2021-06-18 13:42:00,NSE:SHREERAMA,13.85,13.85,13.85,13.85,10.0
2021-06-18 13:51:00,NSE:SHREERAMA,13.85,13.85,13.85,13.85,3.0
2021-06-18 13:54:00,NSE:SHREERAMA,13.85,13.85,13.85,13.85,50.0
2021-06-18 13:57:00,NSE:SHREERAMA,13.9,13.9,13.9,13.9,582.0
2021-06-18 14:06:00,NSE:SHREERAMA,13.8,13.8,13.8,13.8,450.0
2021-06-18 14:09:00,NSE:SHREERAMA,13.9,14.6,13.9,14.4,18839.0
2021-06-18 14:12:00,NSE:SHREERAMA,14.5,14.5,14.5,14.5,1404.0
2021-06-18 14:15:00,NSE:SHREERAMA,14.4,14.45,14.3,14.45,7092.0
2021-06-18 14:18:00,NSE:SHREERAMA,14.35,14.45,14.35,14.45,1001.0
2021-06-18 14:21:00,NSE:SHREERAMA,14.35,14.45,14.3,14.45,474.0
2021-06-18 14:24:00,NSE:SHREERAMA,14.3,14.3,14.3,14.3,575.0
2021-06-18 14:27:00,NSE:SHREERAMA,14.3,14.3,14.3,14.3,895.0
2021-06-18 14:30:00,NSE:SHREERAMA,14.35,14.35,14.35,14.35,2.0
2021-06-18 14:33:00,NSE:SHREERAMA,14.3,14.3,13.95,14.05,4423.0
2021-06-18 14:45:00,NSE:SHREERAMA,14.3,14.35,14.3,14.35,3004.0
2021-06-18 14:48:00,NSE:SHREERAMA,14.4,14.4,14.4,14.4,530.0
2021-06-18 14:51:00,NSE:SHREERAMA,14.35,14.45,14.35,14.4,1505.0
2021-06-18 14:54:00,NSE:SHREERAMA,14.35,14.35,14.35,14.35,500.0
2021-06-18 14:57:00,NSE:SHREERAMA,14.35,14.35,14.35,14.35,200.0
2021-06-18 15:00:00,NSE:SHREERAMA,14.45,14.45,14.45,14.45,192.0
2021-06-18 15:03:00,NSE:SHREERAMA,14.45,14.6,14.45,14.55,2204.0
2021-06-18 15:06:00,NSE:SHREERAMA,14.6,14.6,14.4,14.5,1561.0
2021-06-18 15:09:00,NSE:SHREERAMA,14.55,14.55,14.45,14.45,200.0
2021-06-18 15:12:00,NSE:SHREERAMA,14.55,14.55,14.55,14.55,200.0
2021-06-18 15:15:00,NSE:SHREERAMA,14.5,14.5,14.5,14.5,58.0
2021-06-18 15:18:00,NSE:SHREERAMA,14.5,14.55,14.4,14.55,642.0
2021-06-18 15:24:00,NSE:SHREERAMA,14.55,14.55,14.55,14.55,2.0
2021-06-18 15:27:00,NSE:SHREERAMA,14.7,14.7,14.5,14.7,5160.0
2021-06-18 15:30:00,NSE:SHREERAMA,14.7,14.7,14.7,14.7,300.0
2021-06-21 09:06:00,NSE:SHREERAMA,15.25,15.25,15.25,15.25,1100.0
2021-06-21 09:15:00,NSE:SHREERAMA,15.25,15.25,14.5,14.5,1858.0
2021-06-21 09:18:00,NSE:SHREERAMA,14.7,14.7,14.3,14.4,2120.0
2021-06-21 09:21:00,NSE:SHREERAMA,14.55,14.55,14.35,14.35,622.0
2021-06-21 09:24:00,NSE:SHREERAMA,14.55,15.0,14.55,15.0,6457.0
2021-06-21 09:27:00,NSE:SHREERAMA,15.0,15.2,14.55,15.15,7500.0
2021-06-21 09:30:00,NSE:SHREERAMA,15.15,15.15,14.6,15.05,5940.0
2021-06-21 09:33:00,NSE:SHREERAMA,14.75,15.05,14.75,15.05,2132.0
2021-06-21 09:36:00,NSE:SHREERAMA,14.8,15.1,14.8,15.1,2379.0
2021-06-21 09:39:00,NSE:SHREERAMA,15.1,15.1,14.9,15.05,1953.0
2021-06-21 09:42:00,NSE:SHREERAMA,15.05,15.1,15.05,15.1,1598.0
2021-06-21 09:45:00,NSE:SHREERAMA,15.1,15.1,14.85,14.85,1002.0
2021-06-21 09:51:00,NSE:SHREERAMA,15.05,15.05,15.05,15.05,1.0
2021-06-21 09:54:00,NSE:SHREERAMA,15.0,15.0,15.0,15.0,10.0
2021-06-21 09:57:00,NSE:SHREERAMA,15.0,15.0,15.0,15.0,279.0
2021-06-21 10:00:00,NSE:SHREERAMA,15.1,15.1,15.1,15.1,519.0
2021-06-21 10:03:00,NSE:SHREERAMA,15.0,15.0,15.0,15.0,50.0
2021-06-21 10:09:00,NSE:SHREERAMA,15.0,15.0,15.0,15.0,119.0
2021-06-21 10:12:00,NSE:SHREERAMA,15.1,15.1,15.1,15.1,254.0
2021-06-21 10:15:00,NSE:SHREERAMA,15.1,15.1,15.0,15.0,8.0
2021-06-21 10:18:00,NSE:SHREERAMA,15.0,15.05,15.0,15.05,135.0
2021-06-21 10:21:00,NSE:SHREERAMA,15.1,15.1,15.1,15.1,781.0
2021-06-21 10:24:00,NSE:SHREERAMA,15.1,15.25,15.1,15.25,12163.0
2021-06-21 10:27:00,NSE:SHREERAMA,15.2,15.4,15.2,15.3,5415.0
2021-06-21 10:30:00,NSE:SHREERAMA,15.45,15.45,15.3,15.3,1032.0
2021-06-21 10:33:00,NSE:SHREERAMA,15.3,15.3,15.3,15.3,50.0
2021-06-21 10:36:00,NSE:SHREERAMA,15.25,15.25,15.25,15.25,225.0
2021-06-21 10:39:00,NSE:SHREERAMA,15.25,15.3,15.25,15.3,3094.0
2021-06-21 10:42:00,NSE:SHREERAMA,15.35,15.5,15.35,15.5,8972.0
2021-06-21 10:45:00,NSE:SHREERAMA,15.5,15.5,15.5,15.5,5572.0
2021-06-21 10:48:00,NSE:SHREERAMA,15.45,15.45,15.4,15.4,2141.0
2021-06-21 10:51:00,NSE:SHREERAMA,15.4,15.5,15.4,15.5,816.0
2021-06-21 10:54:00,NSE:SHREERAMA,15.45,15.45,15.25,15.25,9268.0
2021-06-21 10:57:00,NSE:SHREERAMA,15.4,15.5,15.25,15.25,7965.0
2021-06-21 11:00:00,NSE:SHREERAMA,15.35,15.5,15.35,15.5,2299.0
2021-06-21 11:06:00,NSE:SHREERAMA,15.45,15.45,15.35,15.45,1975.0
2021-06-21 11:12:00,NSE:SHREERAMA,15.3,15.3,15.3,15.3,100.0
2021-06-21 11:15:00,NSE:SHREERAMA,15.35,15.35,15.35,15.35,100.0
2021-06-21 11:18:00,NSE:SHREERAMA,15.35,15.35,15.35,15.35,1000.0
2021-06-21 11:21:00,NSE:SHREERAMA,15.4,15.4,15.3,15.3,997.0
2021-06-21 11:24:00,NSE:SHREERAMA,15.25,15.25,15.25,15.25,500.0
2021-06-21 11:27:00,NSE:SHREERAMA,15.25,15.25,15.25,15.25,3500.0
2021-06-21 11:36:00,NSE:SHREERAMA,15.4,15.4,15.4,15.4,1700.0
2021-06-21 11:39:00,NSE:SHREERAMA,15.25,15.3,15.25,15.3,332.0
2021-06-21 11:42:00,NSE:SHREERAMA,15.3,15.3,15.3,15.3,51.0
2021-06-21 11:45:00,NSE:SHREERAMA,15.3,15.3,15.3,15.3,500.0
2021-06-21 11:48:00,NSE:SHREERAMA,15.3,15.4,15.3,15.4,1500.0
2021-06-21 11:54:00,NSE:SHREERAMA,15.4,15.4,15.4,15.4,10.0
2021-06-21 12:03:00,NSE:SHREERAMA,15.3,15.3,15.3,15.3,836.0
2021-06-21 12:06:00,NSE:SHREERAMA,15.45,15.5,15.35,15.35,460.0
2021-06-21 12:12:00,NSE:SHREERAMA,15.35,15.35,15.3,15.3,366.0
2021-06-21 12:15:00,NSE:SHREERAMA,15.25,15.3,15.25,15.3,237.0
2021-06-21 12:18:00,NSE:SHREERAMA,15.3,15.55,15.25,15.55,3616.0
2021-06-21 12:21:00,NSE:SHREERAMA,15.55,15.55,15.55,15.55,250.0
2021-06-21 12:24:00,NSE:SHREERAMA,15.5,15.5,15.5,15.5,600.0
2021-06-21 12:27:00,NSE:SHREERAMA,15.4,15.6,15.4,15.6,1721.0
2021-06-21 12:30:00,NSE:SHREERAMA,15.55,15.55,15.55,15.55,70.0
2021-06-21 12:33:00,NSE:SHREERAMA,15.55,15.65,15.55,15.65,5424.0
2021-06-21 12:36:00,NSE:SHREERAMA,15.7,15.7,15.6,15.6,7000.0
2021-06-21 12:39:00,NSE:SHREERAMA,15.65,15.75,15.65,15.7,1061.0
2021-06-21 12:42:00,NSE:SHREERAMA,15.6,15.65,15.6,15.65,5463.0
2021-06-21 12:45:00,NSE:SHREERAMA,15.65,15.65,15.6,15.65,6259.0
2021-06-21 12:48:00,NSE:SHREERAMA,15.6,15.6,15.6,15.6,3375.0
2021-06-21 12:51:00,NSE:SHREERAMA,15.6,15.6,15.6,15.6,250.0
2021-06-21 12:57:00,NSE:SHREERAMA,15.75,15.75,15.7,15.7,3162.0
2021-06-21 13:00:00,NSE:SHREERAMA,15.65,15.7,15.65,15.7,308.0
2021-06-21 13:03:00,NSE:SHREERAMA,15.7,15.75,15.7,15.75,6400.0
2021-06-21 13:06:00,NSE:SHREERAMA,15.75,15.75,15.75,15.75,359.0
2021-06-21 13:09:00,NSE:SHREERAMA,15.75,15.75,15.75,15.75,3.0
2021-06-21 13:12:00,NSE:SHREERAMA,15.75,15.75,15.65,15.65,6391.0
2021-06-21 13:18:00,NSE:SHREERAMA,15.6,15.6,15.6,15.6,518.0
2021-06-21 13:27:00,NSE:SHREERAMA,15.6,15.65,15.6,15.65,341.0
2021-06-21 13:30:00,NSE:SHREERAMA,15.7,15.7,15.7,15.7,1454.0
2021-06-21 13:33:00,NSE:SHREERAMA,15.6,15.75,15.6,15.75,560.0
2021-06-21 13:36:00,NSE:SHREERAMA,15.75,15.75,15.75,15.75,30.0
2021-06-21 13:39:00,NSE:SHREERAMA,15.7,15.7,15.7,15.7,1270.0
2021-06-21 13:42:00,NSE:SHREERAMA,15.65,15.75,15.6,15.7,4101.0
2021-06-21 13:45:00,NSE:SHREERAMA,15.7,15.7,15.7,15.7,1.0
2021-06-21 13:48:00,NSE:SHREERAMA,15.7,15.7,15.7,15.7,502.0
2021-06-21 13:51:00,NSE:SHREERAMA,15.6,15.6,15.6,15.6,8895.0
2021-06-21 13:57:00,NSE:SHREERAMA,15.7,15.7,15.7,15.7,600.0
2021-06-21 14:03:00,NSE:SHREERAMA,15.7,15.7,15.7,15.7,663.0
2021-06-21 14:06:00,NSE:SHREERAMA,15.7,15.7,15.7,15.7,100.0
2021-06-21 14:09:00,NSE:SHREERAMA,15.6,15.6,15.6,15.6,210.0
2021-06-21 14:12:00,NSE:SHREERAMA,15.6,15.6,15.6,15.6,70.0
2021-06-21 14:15:00,NSE:SHREERAMA,15.7,15.7,15.7,15.7,210.0
2021-06-21 14:18:00,NSE:SHREERAMA,15.7,15.7,15.7,15.7,674.0
2021-06-21 14:21:00,NSE:SHREERAMA,15.6,15.6,15.6,15.6,4530.0
2021-06-21 14:30:00,NSE:SHREERAMA,15.7,15.7,15.7,15.7,1215.0
2021-06-21 14:33:00,NSE:SHREERAMA,15.6,15.7,15.6,15.7,3990.0
2021-06-21 14:39:00,NSE:SHREERAMA,15.7,15.7,15.7,15.7,130.0
2021-06-21 14:45:00,NSE:SHREERAMA,15.6,15.6,15.6,15.6,731.0
2021-06-21 14:48:00,NSE:SHREERAMA,15.75,15.75,15.6,15.6,404.0
2021-06-21 14:51:00,NSE:SHREERAMA,15.65,15.65,15.65,15.65,934.0
2021-06-21 14:57:00,NSE:SHREERAMA,15.7,15.7,15.7,15.7,993.0
2021-06-21 15:00:00,NSE:SHREERAMA,15.7,15.7,15.65,15.65,1101.0
2021-06-21 15:03:00,NSE:SHREERAMA,15.7,15.75,15.7,15.75,5000.0
2021-06-21 15:06:00,NSE:SHREERAMA,15.65,15.65,15.65,15.65,70.0
2021-06-21 15:09:00,NSE:SHREERAMA,15.7,15.7,15.7,15.7,100.0
2021-06-21 15:12:00,NSE:SHREERAMA,15.75,15.75,15.75,15.75,9721.0
2021-06-21 15:15:00,NSE:SHREERAMA,15.75,15.8,15.7,15.75,4163.0
2021-06-21 15:18:00,NSE:SHREERAMA,15.8,15.8,15.8,15.8,1002.0
2021-06-21 15:21:00,NSE:SHREERAMA,15.8,15.85,15.75,15.75,2596.0
2021-06-21 15:24:00,NSE:SHREERAMA,15.8,15.85,15.8,15.85,801.0
2021-06-21 15:27:00,NSE:SHREERAMA,15.85,16.0,15.85,15.9,11821.0
2021-06-21 15:30:00,NSE:SHREERAMA,15.9,15.9,15.9,15.9,50.0
2021-06-21 15:39:00,NSE:SHREERAMA,15.8,15.8,15.8,15.8,965.0
2021-06-22 09:06:00,NSE:SHREERAMA,15.8,15.8,15.8,15.8,1486.0
2021-06-22 09:15:00,NSE:SHREERAMA,15.8,16.0,15.75,15.95,6513.0
2021-06-22 09:18:00,NSE:SHREERAMA,16.05,16.25,16.05,16.25,4296.0
2021-06-22 09:21:00,NSE:SHREERAMA,16.25,16.5,16.25,16.35,15388.0
2021-06-22 09:24:00,NSE:SHREERAMA,16.35,16.45,16.35,16.45,6330.0
2021-06-22 09:27:00,NSE:SHREERAMA,16.4,16.4,16.3,16.3,8959.0
2021-06-22 09:30:00,NSE:SHREERAMA,16.25,16.25,16.1,16.1,2604.0
2021-06-22 09:33:00,NSE:SHREERAMA,16.1,16.15,16.1,16.15,1254.0
2021-06-22 09:36:00,NSE:SHREERAMA,16.1,16.1,16.05,16.1,1526.0
2021-06-22 09:39:00,NSE:SHREERAMA,16.05,16.05,15.95,15.95,1858.0
2021-06-22 09:42:00,NSE:SHREERAMA,15.95,16.05,15.95,16.05,1437.0
2021-06-22 09:45:00,NSE:SHREERAMA,16.05,16.05,15.9,15.9,1119.0
2021-06-22 09:48:00,NSE:SHREERAMA,16.05,16.05,16.05,16.05,100.0
2021-06-22 09:54:00,NSE:SHREERAMA,16.0,16.1,15.75,15.9,6504.0
2021-06-22 09:57:00,NSE:SHREERAMA,16.05,16.05,16.0,16.0,270.0
2021-06-22 10:00:00,NSE:SHREERAMA,16.0,16.15,16.0,16.15,4256.0
2021-06-22 10:03:00,NSE:SHREERAMA,16.15,16.15,16.1,16.1,318.0
2021-06-22 10:06:00,NSE:SHREERAMA,16.15,16.15,16.1,16.1,450.0
2021-06-22 10:09:00,NSE:SHREERAMA,16.0,16.0,16.0,16.0,225.0
2021-06-22 10:12:00,NSE:SHREERAMA,16.0,16.0,16.0,16.0,72.0
2021-06-22 10:15:00,NSE:SHREERAMA,16.0,16.0,16.0,16.0,100.0
2021-06-22 10:18:00,NSE:SHREERAMA,16.0,16.0,16.0,16.0,3.0
2021-06-22 10:21:00,NSE:SHREERAMA,16.0,16.0,16.0,16.0,10.0
2021-06-22 10:24:00,NSE:SHREERAMA,16.0,16.15,16.0,16.15,4699.0
2021-06-22 10:27:00,NSE:SHREERAMA,16.1,16.1,16.1,16.1,500.0
2021-06-22 10:30:00,NSE:SHREERAMA,16.0,16.0,15.75,15.75,13646.0
2021-06-22 10:33:00,NSE:SHREERAMA,15.75,15.85,15.7,15.7,2100.0
2021-06-22 10:36:00,NSE:SHREERAMA,15.95,15.95,15.95,15.95,1000.0
2021-06-22 10:39:00,NSE:SHREERAMA,15.8,16.15,15.8,16.15,8845.0
2021-06-22 10:42:00,NSE:SHREERAMA,15.9,15.9,15.85,15.85,1000.0
2021-06-22 10:48:00,NSE:SHREERAMA,16.05,16.05,15.95,16.0,1546.0
2021-06-22 10:51:00,NSE:SHREERAMA,16.0,16.0,16.0,16.0,1.0
2021-06-22 10:54:00,NSE:SHREERAMA,16.0,16.0,16.0,16.0,1.0
2021-06-22 10:57:00,NSE:SHREERAMA,16.0,16.0,16.0,16.0,499.0
2021-06-22 11:00:00,NSE:SHREERAMA,16.05,16.05,16.05,16.05,100.0
2021-06-22 11:03:00,NSE:SHREERAMA,16.05,16.05,16.05,16.05,100.0
2021-06-22 11:06:00,NSE:SHREERAMA,16.05,16.05,16.05,16.05,751.0
2021-06-22 11:09:00,NSE:SHREERAMA,16.05,16.05,16.0,16.0,505.0
2021-06-22 11:12:00,NSE:SHREERAMA,16.1,16.15,16.1,16.15,2800.0
2021-06-22 11:18:00,NSE:SHREERAMA,16.0,16.0,16.0,16.0,815.0
2021-06-22 11:21:00,NSE:SHREERAMA,15.95,15.95,15.95,15.95,240.0
2021-06-22 11:24:00,NSE:SHREERAMA,15.95,16.05,15.95,16.05,700.0
2021-06-22 11:27:00,NSE:SHREERAMA,15.95,15.95,15.9,15.9,604.0
2021-06-22 11:30:00,NSE:SHREERAMA,15.9,15.9,15.9,15.9,830.0
2021-06-22 11:33:00,NSE:SHREERAMA,16.0,16.0,16.0,16.0,50.0
2021-06-22 11:36:00,NSE:SHREERAMA,15.85,15.85,15.85,15.85,1.0
2021-06-22 11:42:00,NSE:SHREERAMA,16.0,16.0,16.0,16.0,150.0
2021-06-22 11:51:00,NSE:SHREERAMA,15.95,15.95,15.95,15.95,50.0
2021-06-22 11:57:00,NSE:SHREERAMA,16.0,16.0,15.9,15.9,2610.0
2021-06-22 12:12:00,NSE:SHREERAMA,15.85,15.85,15.85,15.85,1000.0
2021-06-22 12:15:00,NSE:SHREERAMA,15.95,15.95,15.95,15.95,10.0
2021-06-22 12:21:00,NSE:SHREERAMA,15.95,15.95,15.95,15.95,200.0
2021-06-22 12:24:00,NSE:SHREERAMA,15.95,15.95,15.95,15.95,3.0
2021-06-22 12:27:00,NSE:SHREERAMA,15.85,15.85,15.85,15.85,250.0
2021-06-22 12:36:00,NSE:SHREERAMA,15.85,15.85,15.8,15.8,800.0
2021-06-22 12:42:00,NSE:SHREERAMA,15.8,15.8,15.8,15.8,4.0
2021-06-22 12:45:00,NSE:SHREERAMA,15.8,15.8,15.8,15.8,400.0
2021-06-22 12:54:00,NSE:SHREERAMA,15.8,15.8,15.8,15.8,65.0
2021-06-22 13:00:00,NSE:SHREERAMA,15.8,15.8,15.8,15.8,1300.0
2021-06-22 13:03:00,NSE:SHREERAMA,15.8,15.8,15.8,15.8,100.0
2021-06-22 13:06:00,NSE:SHREERAMA,15.8,15.8,15.8,15.8,50.0
2021-06-22 13:15:00,NSE:SHREERAMA,15.8,15.8,15.8,15.8,500.0
2021-06-22 13:21:00,NSE:SHREERAMA,15.8,15.8,15.8,15.8,90.0
2021-06-22 13:24:00,NSE:SHREERAMA,15.85,15.85,15.85,15.85,25.0
2021-06-22 13:27:00,NSE:SHREERAMA,15.85,15.85,15.85,15.85,275.0
2021-06-22 13:30:00,NSE:SHREERAMA,15.85,15.95,15.85,15.95,2060.0
2021-06-22 13:33:00,NSE:SHREERAMA,16.0,16.0,16.0,16.0,123.0
2021-06-22 13:39:00,NSE:SHREERAMA,15.9,15.9,15.9,15.9,2385.0
2021-06-22 13:42:00,NSE:SHREERAMA,15.9,15.9,15.9,15.9,312.0
2021-06-22 13:45:00,NSE:SHREERAMA,15.9,15.9,15.9,15.9,500.0
2021-06-22 13:48:00,NSE:SHREERAMA,16.0,16.0,16.0,16.0,200.0
2021-06-22 13:51:00,NSE:SHREERAMA,16.0,16.0,16.0,16.0,100.0
2021-06-22 13:54:00,NSE:SHREERAMA,16.0,16.0,16.0,16.0,36307.0
2021-06-22 14:03:00,NSE:SHREERAMA,15.95,15.95,15.95,15.95,1023.0
2021-06-22 14:06:00,NSE:SHREERAMA,15.85,15.85,15.85,15.85,400.0
2021-06-22 14:09:00,NSE:SHREERAMA,15.9,15.9,15.9,15.9,800.0
2021-06-22 14:12:00,NSE:SHREERAMA,15.9,15.95,15.9,15.95,1130.0
2021-06-22 14:18:00,NSE:SHREERAMA,15.75,15.85,15.75,15.85,7397.0
2021-06-22 14:24:00,NSE:SHREERAMA,15.85,15.85,15.85,15.85,67.0
2021-06-22 14:30:00,NSE:SHREERAMA,15.85,15.85,15.85,15.85,200.0
2021-06-22 14:33:00,NSE:SHREERAMA,15.85,15.85,15.85,15.85,10.0
2021-06-22 14:36:00,NSE:SHREERAMA,15.9,15.9,15.9,15.9,4.0
2021-06-22 14:39:00,NSE:SHREERAMA,15.85,15.9,15.85,15.85,727.0
2021-06-22 14:42:00,NSE:SHREERAMA,15.9,15.95,15.9,15.95,1667.0
2021-06-22 14:45:00,NSE:SHREERAMA,15.85,15.85,15.85,15.85,608.0
2021-06-22 14:48:00,NSE:SHREERAMA,16.0,16.0,15.9,15.9,897.0
2021-06-22 14:51:00,NSE:SHREERAMA,15.9,16.0,15.9,15.9,1046.0
2021-06-22 14:54:00,NSE:SHREERAMA,16.0,16.0,16.0,16.0,20.0
2021-06-22 14:57:00,NSE:SHREERAMA,16.0,16.0,15.9,15.9,289.0
2021-06-22 15:03:00,NSE:SHREERAMA,15.9,15.9,15.9,15.9,450.0
2021-06-22 15:06:00,NSE:SHREERAMA,15.9,15.9,15.9,15.9,1010.0
2021-06-22 15:12:00,NSE:SHREERAMA,15.9,15.9,15.85,15.85,205.0
2021-06-22 15:18:00,NSE:SHREERAMA,15.85,16.0,15.85,16.0,1142.0
2021-06-22 15:21:00,NSE:SHREERAMA,15.85,16.0,15.85,16.0,25.0
2021-06-22 15:24:00,NSE:SHREERAMA,16.0,16.0,16.0,16.0,4636.0
2021-06-22 15:27:00,NSE:SHREERAMA,16.0,16.0,15.85,15.85,1951.0
2021-06-22 15:30:00,NSE:SHREERAMA,16.0,16.0,16.0,16.0,100.0
2021-06-23 09:06:00,NSE:SHREERAMA,15.95,15.95,15.95,15.95,5.0
2021-06-23 09:15:00,NSE:SHREERAMA,15.95,15.95,15.9,15.95,1040.0
2021-06-23 09:18:00,NSE:SHREERAMA,16.2,16.2,16.15,16.15,100.0
2021-06-23 09:21:00,NSE:SHREERAMA,15.85,15.85,15.8,15.8,159.0
2021-06-23 09:24:00,NSE:SHREERAMA,15.85,15.85,15.85,15.85,109.0
2021-06-23 09:27:00,NSE:SHREERAMA,15.85,15.85,15.65,15.65,2601.0
2021-06-23 09:30:00,NSE:SHREERAMA,15.5,15.65,15.45,15.5,4216.0
2021-06-23 09:36:00,NSE:SHREERAMA,15.65,15.65,15.65,15.65,219.0
2021-06-23 09:39:00,NSE:SHREERAMA,15.55,15.6,15.55,15.55,2456.0
2021-06-23 09:42:00,NSE:SHREERAMA,15.55,15.55,15.55,15.55,1391.0
2021-06-23 09:45:00,NSE:SHREERAMA,15.5,15.55,15.5,15.55,10332.0
2021-06-23 09:48:00,NSE:SHREERAMA,15.45,15.6,15.45,15.6,1030.0
2021-06-23 09:51:00,NSE:SHREERAMA,15.6,15.6,15.6,15.6,1838.0
2021-06-23 09:54:00,NSE:SHREERAMA,15.5,15.6,15.5,15.6,1972.0
2021-06-23 09:57:00,NSE:SHREERAMA,15.55,15.55,15.55,15.55,400.0
2021-06-23 10:00:00,NSE:SHREERAMA,15.55,15.55,15.55,15.55,20.0
2021-06-23 10:06:00,NSE:SHREERAMA,15.5,15.55,15.4,15.55,6928.0
2021-06-23 10:09:00,NSE:SHREERAMA,15.55,15.6,15.3,15.35,8985.0
2021-06-23 10:12:00,NSE:SHREERAMA,15.5,15.5,15.35,15.35,1500.0
2021-06-23 10:15:00,NSE:SHREERAMA,15.55,15.55,15.55,15.55,70.0
2021-06-23 10:18:00,NSE:SHREERAMA,15.4,15.4,15.4,15.4,25.0
2021-06-23 10:24:00,NSE:SHREERAMA,15.3,15.3,15.3,15.3,1000.0
2021-06-23 10:27:00,NSE:SHREERAMA,15.35,15.35,15.35,15.35,40.0
2021-06-23 10:30:00,NSE:SHREERAMA,15.5,15.5,15.3,15.3,6221.0
2021-06-23 10:36:00,NSE:SHREERAMA,15.1,15.1,15.1,15.1,5000.0
2021-06-23 10:39:00,NSE:SHREERAMA,15.15,15.6,15.15,15.45,5662.0
2021-06-23 10:42:00,NSE:SHREERAMA,15.5,15.5,15.35,15.35,50.0
2021-06-23 10:45:00,NSE:SHREERAMA,15.3,15.45,15.3,15.45,5400.0
2021-06-23 10:48:00,NSE:SHREERAMA,15.3,15.45,15.3,15.45,1081.0
2021-06-23 10:51:00,NSE:SHREERAMA,15.3,15.3,15.3,15.3,10.0
2021-06-23 10:54:00,NSE:SHREERAMA,15.3,15.3,15.3,15.3,125.0
2021-06-23 10:57:00,NSE:SHREERAMA,15.45,15.45,15.45,15.45,63.0
2021-06-23 11:00:00,NSE:SHREERAMA,15.45,15.45,15.45,15.45,851.0
2021-06-23 11:03:00,NSE:SHREERAMA,15.4,15.4,15.4,15.4,50.0
2021-06-23 11:06:00,NSE:SHREERAMA,15.4,15.45,15.4,15.4,254.0
2021-06-23 11:12:00,NSE:SHREERAMA,15.4,15.4,15.4,15.4,10.0
2021-06-23 11:15:00,NSE:SHREERAMA,15.35,15.35,15.3,15.3,1061.0
2021-06-23 11:27:00,NSE:SHREERAMA,15.35,15.35,15.2,15.2,1999.0
2021-06-23 11:30:00,NSE:SHREERAMA,15.25,15.35,15.25,15.35,2150.0
2021-06-23 11:36:00,NSE:SHREERAMA,15.35,15.35,15.35,15.35,250.0
2021-06-23 11:39:00,NSE:SHREERAMA,15.35,15.35,15.35,15.35,15.0
2021-06-23 11:42:00,NSE:SHREERAMA,15.25,15.25,15.25,15.25,450.0
2021-06-23 11:45:00,NSE:SHREERAMA,15.25,15.35,15.25,15.35,6374.0
2021-06-23 11:48:00,NSE:SHREERAMA,15.3,15.3,15.3,15.3,50.0
2021-06-23 11:51:00,NSE:SHREERAMA,15.25,15.25,15.25,15.25,1000.0
2021-06-23 11:54:00,NSE:SHREERAMA,15.3,15.3,15.3,15.3,1.0
2021-06-23 11:57:00,NSE:SHREERAMA,15.25,15.3,15.25,15.25,1574.0
2021-06-23 12:15:00,NSE:SHREERAMA,15.3,15.3,15.3,15.3,1000.0
2021-06-23 12:18:00,NSE:SHREERAMA,15.35,15.35,15.35,15.35,734.0
2021-06-23 12:21:00,NSE:SHREERAMA,15.35,15.4,15.35,15.4,550.0
2021-06-23 12:24:00,NSE:SHREERAMA,15.5,15.6,15.5,15.5,2918.0
2021-06-23 12:30:00,NSE:SHREERAMA,15.7,15.7,15.55,15.55,2089.0
2021-06-23 12:33:00,NSE:SHREERAMA,15.55,15.55,15.5,15.5,140.0
2021-06-23 12:36:00,NSE:SHREERAMA,15.6,15.6,15.6,15.6,344.0
2021-06-23 12:39:00,NSE:SHREERAMA,15.6,15.6,15.6,15.6,572.0
2021-06-23 12:45:00,NSE:SHREERAMA,15.6,15.6,15.55,15.55,57.0
2021-06-23 12:48:00,NSE:SHREERAMA,15.65,15.65,15.65,15.65,348.0
2021-06-23 12:54:00,NSE:SHREERAMA,15.5,15.5,15.5,15.5,848.0
2021-06-23 12:57:00,NSE:SHREERAMA,15.4,15.55,15.4,15.45,2493.0
2021-06-23 13:00:00,NSE:SHREERAMA,15.25,15.25,15.2,15.2,4842.0
2021-06-23 13:09:00,NSE:SHREERAMA,15.4,15.4,15.3,15.3,505.0
2021-06-23 13:12:00,NSE:SHREERAMA,15.4,15.4,15.4,15.4,750.0
2021-06-23 13:15:00,NSE:SHREERAMA,15.45,15.45,15.45,15.45,2000.0
2021-06-23 13:24:00,NSE:SHREERAMA,15.45,15.45,15.45,15.45,1.0
2021-06-23 13:30:00,NSE:SHREERAMA,15.35,15.35,15.35,15.35,100.0
2021-06-23 13:42:00,NSE:SHREERAMA,15.45,15.45,15.45,15.45,11.0
2021-06-23 13:45:00,NSE:SHREERAMA,15.45,15.7,15.3,15.3,6531.0
2021-06-23 13:48:00,NSE:SHREERAMA,15.65,15.65,15.65,15.65,5.0
2021-06-23 13:57:00,NSE:SHREERAMA,15.55,15.55,15.5,15.5,11.0
2021-06-23 14:00:00,NSE:SHREERAMA,15.4,15.4,15.4,15.4,1099.0
2021-06-23 14:06:00,NSE:SHREERAMA,15.55,15.65,15.55,15.65,2020.0
2021-06-23 14:15:00,NSE:SHREERAMA,15.4,15.4,15.4,15.4,200.0
2021-06-23 14:21:00,NSE:SHREERAMA,15.55,15.55,15.55,15.55,1.0
2021-06-23 14:24:00,NSE:SHREERAMA,15.4,15.4,15.4,15.4,757.0
2021-06-23 14:27:00,NSE:SHREERAMA,15.4,15.4,15.4,15.4,100.0
2021-06-23 14:30:00,NSE:SHREERAMA,15.4,15.55,15.4,15.55,1438.0
2021-06-23 14:39:00,NSE:SHREERAMA,15.55,15.55,15.45,15.45,1504.0
2021-06-23 14:42:00,NSE:SHREERAMA,15.45,15.45,15.35,15.35,2862.0
2021-06-23 14:48:00,NSE:SHREERAMA,15.35,15.45,15.35,15.45,151.0
2021-06-23 14:54:00,NSE:SHREERAMA,15.45,15.45,15.45,15.45,6.0
2021-06-23 14:57:00,NSE:SHREERAMA,15.45,15.45,15.45,15.45,50.0
2021-06-23 15:00:00,NSE:SHREERAMA,15.35,15.35,15.35,15.35,100.0
2021-06-23 15:03:00,NSE:SHREERAMA,15.3,15.3,15.3,15.3,500.0
2021-06-23 15:06:00,NSE:SHREERAMA,15.3,15.3,15.25,15.25,323.0
2021-06-23 15:09:00,NSE:SHREERAMA,15.4,15.4,15.4,15.4,1000.0
2021-06-23 15:12:00,NSE:SHREERAMA,15.5,15.5,15.3,15.3,2500.0
2021-06-23 15:18:00,NSE:SHREERAMA,15.5,15.55,15.4,15.55,2300.0
2021-06-23 15:21:00,NSE:SHREERAMA,15.55,15.6,15.4,15.6,1795.0
2021-06-23 15:24:00,NSE:SHREERAMA,15.5,15.65,15.4,15.6,3208.0
2021-06-23 15:27:00,NSE:SHREERAMA,15.6,15.6,15.4,15.4,2142.0
2021-06-23 15:54:00,NSE:SHREERAMA,15.5,15.5,15.5,15.5,20.0
2021-06-24 09:06:00,NSE:SHREERAMA,15.4,15.4,15.4,15.4,10.0
2021-06-24 09:15:00,NSE:SHREERAMA,15.4,15.4,15.25,15.4,85.0
2021-06-24 09:18:00,NSE:SHREERAMA,15.25,15.25,15.2,15.2,1479.0
2021-06-24 09:21:00,NSE:SHREERAMA,15.25,15.25,15.15,15.15,3414.0
2021-06-24 09:24:00,NSE:SHREERAMA,15.8,15.8,15.65,15.65,36.0
2021-06-24 09:27:00,NSE:SHREERAMA,15.3,15.45,15.3,15.45,119.0
2021-06-24 09:30:00,NSE:SHREERAMA,15.35,15.35,15.25,15.25,191.0
2021-06-24 09:33:00,NSE:SHREERAMA,15.25,15.25,15.25,15.25,437.0
2021-06-24 09:36:00,NSE:SHREERAMA,15.2,15.2,15.2,15.2,1.0
2021-06-24 09:39:00,NSE:SHREERAMA,15.55,15.55,15.55,15.55,1500.0
2021-06-24 09:42:00,NSE:SHREERAMA,15.25,15.5,15.25,15.45,551.0
2021-06-24 09:45:00,NSE:SHREERAMA,15.25,15.25,15.25,15.25,200.0
2021-06-24 09:48:00,NSE:SHREERAMA,15.25,15.25,15.25,15.25,602.0
2021-06-24 09:51:00,NSE:SHREERAMA,15.4,15.4,15.4,15.4,168.0
2021-06-24 09:54:00,NSE:SHREERAMA,15.3,15.3,15.25,15.25,548.0
2021-06-24 09:57:00,NSE:SHREERAMA,15.55,15.55,15.5,15.5,2600.0
2021-06-24 10:00:00,NSE:SHREERAMA,15.5,15.5,15.5,15.5,1.0
2021-06-24 10:03:00,NSE:SHREERAMA,15.45,15.45,15.45,15.45,100.0
2021-06-24 10:06:00,NSE:SHREERAMA,15.45,15.45,15.45,15.45,150.0
2021-06-24 10:09:00,NSE:SHREERAMA,15.45,15.45,15.35,15.35,600.0
2021-06-24 10:12:00,NSE:SHREERAMA,15.35,15.35,15.3,15.3,801.0
2021-06-24 10:15:00,NSE:SHREERAMA,15.3,15.3,15.25,15.3,1503.0
2021-06-24 10:18:00,NSE:SHREERAMA,15.15,15.15,15.15,15.15,501.0
2021-06-24 10:24:00,NSE:SHREERAMA,15.2,15.2,15.2,15.2,500.0
2021-06-24 10:33:00,NSE:SHREERAMA,15.15,15.15,15.15,15.15,2211.0
2021-06-24 10:36:00,NSE:SHREERAMA,15.15,15.25,15.1,15.25,592.0
2021-06-24 10:42:00,NSE:SHREERAMA,15.0,15.05,15.0,15.05,2432.0
2021-06-24 10:45:00,NSE:SHREERAMA,15.05,15.2,15.05,15.2,29.0
2021-06-24 10:48:00,NSE:SHREERAMA,15.25,15.25,15.1,15.1,26.0
2021-06-24 11:00:00,NSE:SHREERAMA,15.2,15.2,15.2,15.2,1500.0
2021-06-24 11:03:00,NSE:SHREERAMA,15.25,15.25,15.25,15.25,26.0
2021-06-24 11:06:00,NSE:SHREERAMA,15.15,15.15,15.15,15.15,200.0
2021-06-24 11:12:00,NSE:SHREERAMA,15.25,15.25,15.15,15.15,227.0
2021-06-24 11:21:00,NSE:SHREERAMA,15.3,15.3,15.3,15.3,2698.0
2021-06-24 11:27:00,NSE:SHREERAMA,15.2,15.2,15.2,15.2,300.0
2021-06-24 11:33:00,NSE:SHREERAMA,15.3,15.3,15.3,15.3,100.0
2021-06-24 11:39:00,NSE:SHREERAMA,15.3,15.3,15.3,15.3,10.0
2021-06-24 11:42:00,NSE:SHREERAMA,15.2,15.2,15.2,15.2,41.0
2021-06-24 11:48:00,NSE:SHREERAMA,15.2,15.2,15.2,15.2,251.0
2021-06-24 11:51:00,NSE:SHREERAMA,15.3,15.3,15.05,15.05,1491.0
2021-06-24 11:57:00,NSE:SHREERAMA,15.1,15.1,15.1,15.1,25.0
2021-06-24 12:09:00,NSE:SHREERAMA,15.25,15.25,15.2,15.2,281.0
2021-06-24 12:18:00,NSE:SHREERAMA,15.15,15.15,15.15,15.15,50.0
2021-06-24 12:24:00,NSE:SHREERAMA,15.2,15.2,15.2,15.2,56.0
2021-06-24 12:33:00,NSE:SHREERAMA,15.15,15.15,15.15,15.15,10.0
2021-06-24 12:45:00,NSE:SHREERAMA,15.0,15.0,15.0,15.0,5197.0
2021-06-24 12:48:00,NSE:SHREERAMA,15.0,15.0,14.1,14.5,40967.0
2021-06-24 12:51:00,NSE:SHREERAMA,14.75,14.8,14.75,14.8,2620.0
2021-06-24 12:54:00,NSE:SHREERAMA,14.8,14.8,14.8,14.8,624.0
2021-06-24 13:00:00,NSE:SHREERAMA,14.8,14.8,14.8,14.8,70.0
2021-06-24 13:09:00,NSE:SHREERAMA,14.65,14.75,14.65,14.75,1679.0
2021-06-24 13:12:00,NSE:SHREERAMA,14.95,14.95,14.7,14.7,2036.0
2021-06-24 13:15:00,NSE:SHREERAMA,14.7,15.0,14.7,15.0,4350.0
2021-06-24 13:18:00,NSE:SHREERAMA,14.95,14.95,14.95,14.95,80.0
2021-06-24 13:21:00,NSE:SHREERAMA,14.95,14.95,14.95,14.95,100.0
2021-06-24 13:30:00,NSE:SHREERAMA,14.95,14.95,14.7,14.7,207.0
2021-06-24 13:36:00,NSE:SHREERAMA,14.95,14.95,14.95,14.95,1000.0
2021-06-24 13:39:00,NSE:SHREERAMA,14.95,14.95,14.95,14.95,20.0
2021-06-24 13:54:00,NSE:SHREERAMA,14.9,14.9,14.9,14.9,1000.0
2021-06-24 14:00:00,NSE:SHREERAMA,14.95,14.95,14.9,14.9,2550.0
2021-06-24 14:15:00,NSE:SHREERAMA,14.95,14.95,14.95,14.95,9.0
2021-06-24 14:21:00,NSE:SHREERAMA,14.8,14.8,14.8,14.8,1.0
2021-06-24 14:39:00,NSE:SHREERAMA,14.95,14.95,14.95,14.95,3.0
2021-06-24 14:42:00,NSE:SHREERAMA,14.8,14.95,14.8,14.95,1001.0
2021-06-24 14:45:00,NSE:SHREERAMA,14.8,14.8,14.75,14.75,1250.0
2021-06-24 14:57:00,NSE:SHREERAMA,14.9,14.9,14.9,14.9,1.0
2021-06-24 15:00:00,NSE:SHREERAMA,14.75,14.75,14.75,14.75,30.0
2021-06-24 15:03:00,NSE:SHREERAMA,14.75,14.9,14.75,14.85,1113.0
2021-06-24 15:06:00,NSE:SHREERAMA,14.85,14.85,14.85,14.85,383.0
2021-06-24 15:09:00,NSE:SHREERAMA,14.9,14.9,14.9,14.9,20.0
2021-06-24 15:15:00,NSE:SHREERAMA,14.95,14.95,14.95,14.95,3000.0
2021-06-24 15:21:00,NSE:SHREERAMA,14.9,14.9,14.9,14.9,130.0
2021-06-24 15:24:00,NSE:SHREERAMA,14.85,14.85,14.85,14.85,10.0
2021-06-24 15:27:00,NSE:SHREERAMA,14.9,14.9,14.5,14.5,1131.0
2021-06-25 09:06:00,NSE:SHREERAMA,14.55,14.55,14.55,14.55,1150.0
2021-06-25 09:15:00,NSE:SHREERAMA,14.55,14.65,13.55,14.35,24383.0
2021-06-25 09:18:00,NSE:SHREERAMA,14.25,14.25,14.1,14.2,7894.0
2021-06-25 09:21:00,NSE:SHREERAMA,14.1,14.2,13.75,14.1,10547.0
2021-06-25 09:24:00,NSE:SHREERAMA,14.15,14.2,13.75,13.75,12360.0
2021-06-25 09:27:00,NSE:SHREERAMA,13.8,14.0,13.7,13.95,9827.0
2021-06-25 09:30:00,NSE:SHREERAMA,13.95,13.95,13.7,13.75,15429.0
2021-06-25 09:33:00,NSE:SHREERAMA,13.8,14.0,13.8,13.85,4245.0
2021-06-25 09:36:00,NSE:SHREERAMA,13.85,13.95,13.7,13.8,3745.0
2021-06-25 09:39:00,NSE:SHREERAMA,13.8,13.85,13.75,13.85,750.0
2021-06-25 09:42:00,NSE:SHREERAMA,13.75,14.0,13.75,13.75,11103.0
2021-06-25 09:45:00,NSE:SHREERAMA,13.9,13.9,13.65,13.8,4888.0
2021-06-25 09:48:00,NSE:SHREERAMA,13.75,13.75,13.6,13.75,5458.0
2021-06-25 09:51:00,NSE:SHREERAMA,13.75,13.9,13.7,13.85,6560.0
2021-06-25 09:54:00,NSE:SHREERAMA,13.8,13.8,13.75,13.75,2233.0
2021-06-25 09:57:00,NSE:SHREERAMA,13.75,13.75,13.65,13.65,11366.0
2021-06-25 10:00:00,NSE:SHREERAMA,13.75,13.75,13.65,13.7,3686.0
2021-06-25 10:03:00,NSE:SHREERAMA,13.7,13.7,13.65,13.65,8166.0
2021-06-25 10:06:00,NSE:SHREERAMA,13.65,13.7,13.65,13.65,2198.0
2021-06-25 10:09:00,NSE:SHREERAMA,13.7,13.85,13.65,13.65,11331.0
2021-06-25 10:12:00,NSE:SHREERAMA,13.65,13.7,13.6,13.6,3066.0
2021-06-25 10:15:00,NSE:SHREERAMA,13.65,13.65,13.65,13.65,6179.0
2021-06-25 10:18:00,NSE:SHREERAMA,13.65,13.65,13.65,13.65,3095.0
2021-06-25 10:21:00,NSE:SHREERAMA,13.65,13.65,13.6,13.6,5564.0
2021-06-25 10:24:00,NSE:SHREERAMA,13.6,13.7,13.5,13.55,13561.0
2021-06-25 10:27:00,NSE:SHREERAMA,13.5,13.5,13.4,13.5,39726.0
2021-06-25 10:30:00,NSE:SHREERAMA,13.5,13.5,13.4,13.5,15196.0
2021-06-25 10:33:00,NSE:SHREERAMA,13.55,13.55,13.4,13.45,18427.0
2021-06-25 10:36:00,NSE:SHREERAMA,13.45,13.45,13.35,13.35,36867.0
2021-06-25 10:39:00,NSE:SHREERAMA,13.35,13.35,13.35,13.35,5801.0
2021-06-25 10:42:00,NSE:SHREERAMA,13.35,13.45,13.35,13.45,18639.0
2021-06-25 10:45:00,NSE:SHREERAMA,13.4,13.5,13.4,13.5,4182.0
2021-06-25 10:48:00,NSE:SHREERAMA,13.45,13.45,13.35,13.35,3538.0
2021-06-25 10:51:00,NSE:SHREERAMA,13.35,13.45,13.35,13.4,21594.0
2021-06-25 10:54:00,NSE:SHREERAMA,13.4,13.55,13.4,13.4,11939.0
2021-06-25 10:57:00,NSE:SHREERAMA,13.5,13.5,13.45,13.45,1700.0
2021-06-25 11:00:00,NSE:SHREERAMA,13.45,13.5,13.45,13.5,440.0
2021-06-25 11:03:00,NSE:SHREERAMA,13.5,13.5,13.5,13.5,8120.0
2021-06-25 11:06:00,NSE:SHREERAMA,13.45,13.65,13.35,13.35,24776.0
2021-06-25 11:09:00,NSE:SHREERAMA,13.35,13.35,13.35,13.35,505.0
2021-06-25 11:12:00,NSE:SHREERAMA,13.35,13.35,13.35,13.35,2457.0
2021-06-25 11:15:00,NSE:SHREERAMA,13.35,13.35,13.35,13.35,100.0
2021-06-25 11:18:00,NSE:SHREERAMA,13.35,13.35,13.35,13.35,1555.0
2021-06-25 11:21:00,NSE:SHREERAMA,13.35,13.35,13.35,13.35,1416.0
2021-06-25 11:24:00,NSE:SHREERAMA,13.35,13.35,13.35,13.35,4750.0
2021-06-25 11:27:00,NSE:SHREERAMA,13.35,13.35,13.35,13.35,1000.0
2021-06-25 11:30:00,NSE:SHREERAMA,13.35,13.35,13.35,13.35,2000.0
2021-06-25 11:33:00,NSE:SHREERAMA,13.35,13.35,13.35,13.35,1711.0
2021-06-25 11:36:00,NSE:SHREERAMA,13.35,13.35,13.35,13.35,5050.0
2021-06-25 11:39:00,NSE:SHREERAMA,13.35,13.35,13.35,13.35,200.0
2021-06-25 11:42:00,NSE:SHREERAMA,13.35,13.35,13.35,13.35,10.0
2021-06-25 11:45:00,NSE:SHREERAMA,13.35,13.35,13.35,13.35,29.0
2021-06-25 11:48:00,NSE:SHREERAMA,13.35,13.35,13.35,13.35,110.0
2021-06-25 11:51:00,NSE:SHREERAMA,13.35,13.35,13.35,13.35,248.0
2021-06-25 11:54:00,NSE:SHREERAMA,13.35,13.35,13.35,13.35,20.0
2021-06-25 12:00:00,NSE:SHREERAMA,13.35,13.35,13.35,13.35,2682.0
2021-06-25 12:03:00,NSE:SHREERAMA,13.35,13.35,13.35,13.35,500.0
2021-06-25 12:06:00,NSE:SHREERAMA,13.35,13.35,13.35,13.35,101.0
2021-06-25 12:09:00,NSE:SHREERAMA,13.35,13.35,13.35,13.35,330.0
2021-06-25 12:12:00,NSE:SHREERAMA,13.35,13.35,13.35,13.35,5587.0
2021-06-25 12:15:00,NSE:SHREERAMA,13.35,13.35,13.35,13.35,4226.0
2021-06-25 12:18:00,NSE:SHREERAMA,13.35,13.35,13.35,13.35,513.0
2021-06-25 12:21:00,NSE:SHREERAMA,13.35,13.35,13.35,13.35,1120.0
2021-06-25 12:24:00,NSE:SHREERAMA,13.35,13.35,13.35,13.35,500.0
2021-06-25 12:27:00,NSE:SHREERAMA,13.35,13.35,13.35,13.35,160.0
2021-06-25 12:30:00,NSE:SHREERAMA,13.35,13.35,13.35,13.35,90.0
2021-06-25 12:33:00,NSE:SHREERAMA,13.35,13.35,13.35,13.35,10.0
2021-06-25 12:36:00,NSE:SHREERAMA,13.35,13.35,13.35,13.35,791.0
2021-06-25 12:39:00,NSE:SHREERAMA,13.35,13.35,13.35,13.35,250.0
2021-06-25 12:42:00,NSE:SHREERAMA,13.35,13.35,13.35,13.35,2.0
2021-06-25 12:45:00,NSE:SHREERAMA,13.35,13.35,13.35,13.35,100.0
2021-06-25 12:48:00,NSE:SHREERAMA,13.35,13.35,13.35,13.35,8.0
2021-06-25 12:51:00,NSE:SHREERAMA,13.35,13.35,13.35,13.35,15250.0
2021-06-25 12:54:00,NSE:SHREERAMA,13.35,13.35,13.35,13.35,10000.0
2021-06-25 12:57:00,NSE:SHREERAMA,13.35,13.35,13.35,13.35,3022.0
2021-06-25 13:00:00,NSE:SHREERAMA,13.35,13.35,13.35,13.35,23813.0
2021-06-25 13:03:00,NSE:SHREERAMA,13.35,13.45,13.35,13.4,3783.0
2021-06-25 13:06:00,NSE:SHREERAMA,13.4,13.4,13.4,13.4,95.0
2021-06-25 13:09:00,NSE:SHREERAMA,13.45,13.45,13.4,13.45,5357.0
2021-06-25 13:12:00,NSE:SHREERAMA,13.45,13.45,13.4,13.45,3708.0
2021-06-25 13:15:00,NSE:SHREERAMA,13.45,13.45,13.45,13.45,1202.0
2021-06-25 13:18:00,NSE:SHREERAMA,13.45,13.45,13.45,13.45,500.0
2021-06-25 13:21:00,NSE:SHREERAMA,13.45,13.45,13.4,13.4,711.0
2021-06-25 13:24:00,NSE:SHREERAMA,13.45,13.5,13.45,13.5,2000.0
2021-06-25 13:27:00,NSE:SHREERAMA,13.5,13.5,13.5,13.5,1.0
2021-06-25 13:30:00,NSE:SHREERAMA,13.5,13.5,13.5,13.5,115.0
2021-06-25 13:33:00,NSE:SHREERAMA,13.45,13.45,13.45,13.45,350.0
2021-06-25 13:36:00,NSE:SHREERAMA,13.5,13.5,13.5,13.5,74.0
2021-06-25 13:39:00,NSE:SHREERAMA,13.45,13.5,13.45,13.5,7235.0
2021-06-25 13:42:00,NSE:SHREERAMA,13.5,13.5,13.5,13.5,160.0
2021-06-25 13:45:00,NSE:SHREERAMA,13.5,13.5,13.5,13.5,700.0
2021-06-25 13:48:00,NSE:SHREERAMA,13.5,13.5,13.5,13.5,1703.0
2021-06-25 13:51:00,NSE:SHREERAMA,13.5,13.5,13.45,13.45,1520.0
2021-06-25 13:54:00,NSE:SHREERAMA,13.5,13.5,13.5,13.5,126.0
2021-06-25 13:57:00,NSE:SHREERAMA,13.45,13.45,13.45,13.45,5.0
2021-06-25 14:00:00,NSE:SHREERAMA,13.5,13.5,13.5,13.5,233.0
2021-06-25 14:03:00,NSE:SHREERAMA,13.5,13.5,13.5,13.5,5000.0
2021-06-25 14:06:00,NSE:SHREERAMA,13.5,13.5,13.45,13.45,1775.0
2021-06-25 14:09:00,NSE:SHREERAMA,13.5,13.5,13.45,13.45,333.0
2021-06-25 14:12:00,NSE:SHREERAMA,13.45,13.45,13.45,13.45,750.0
2021-06-25 14:15:00,NSE:SHREERAMA,13.5,13.5,13.45,13.45,2045.0
2021-06-25 14:18:00,NSE:SHREERAMA,13.45,13.5,13.45,13.5,404.0
2021-06-25 14:21:00,NSE:SHREERAMA,13.5,13.5,13.5,13.5,2000.0
2021-06-25 14:24:00,NSE:SHREERAMA,13.5,13.5,13.5,13.5,320.0
2021-06-25 14:27:00,NSE:SHREERAMA,13.5,13.5,13.45,13.5,300.0
2021-06-25 14:30:00,NSE:SHREERAMA,13.5,13.5,13.45,13.5,15510.0
2021-06-25 14:33:00,NSE:SHREERAMA,13.5,13.55,13.5,13.5,8259.0
2021-06-25 14:36:00,NSE:SHREERAMA,13.6,13.6,13.6,13.6,702.0
2021-06-25 14:39:00,NSE:SHREERAMA,13.5,13.6,13.5,13.6,120.0
2021-06-25 14:42:00,NSE:SHREERAMA,13.6,13.6,13.6,13.6,30.0
2021-06-25 14:45:00,NSE:SHREERAMA,13.5,13.5,13.35,13.35,20877.0
2021-06-25 14:48:00,NSE:SHREERAMA,13.35,13.5,13.35,13.35,6631.0
2021-06-25 14:51:00,NSE:SHREERAMA,13.35,13.35,13.35,13.35,2100.0
2021-06-25 14:54:00,NSE:SHREERAMA,13.35,13.35,13.35,13.35,201.0
2021-06-25 14:57:00,NSE:SHREERAMA,13.35,13.4,13.35,13.35,2187.0
2021-06-25 15:00:00,NSE:SHREERAMA,13.35,13.35,13.35,13.35,211.0
2021-06-25 15:03:00,NSE:SHREERAMA,13.35,13.35,13.35,13.35,325.0
2021-06-25 15:06:00,NSE:SHREERAMA,13.35,13.35,13.35,13.35,1770.0
2021-06-25 15:09:00,NSE:SHREERAMA,13.35,13.35,13.35,13.35,1210.0
2021-06-25 15:12:00,NSE:SHREERAMA,13.35,13.35,13.35,13.35,135.0
2021-06-25 15:15:00,NSE:SHREERAMA,13.35,13.35,13.35,13.35,339.0
2021-06-25 15:18:00,NSE:SHREERAMA,13.35,13.35,13.35,13.35,5353.0
2021-06-25 15:21:00,NSE:SHREERAMA,13.35,13.35,13.35,13.35,1605.0
2021-06-25 15:24:00,NSE:SHREERAMA,13.35,13.35,13.35,13.35,337.0
2021-06-25 15:27:00,NSE:SHREERAMA,13.35,13.35,13.35,13.35,3005.0
2021-06-28 09:06:00,NSE:SHREERAMA,13.3,13.3,13.3,13.3,1747.0
2021-06-28 09:15:00,NSE:SHREERAMA,13.3,13.3,12.8,13.05,7934.0
2021-06-28 09:18:00,NSE:SHREERAMA,13.15,13.15,12.7,12.95,2926.0
2021-06-28 09:21:00,NSE:SHREERAMA,13.05,13.3,12.8,13.05,7878.0
2021-06-28 09:24:00,NSE:SHREERAMA,13.1,13.1,12.85,12.9,6064.0
2021-06-28 09:27:00,NSE:SHREERAMA,13.0,13.0,12.95,12.95,9199.0
2021-06-28 09:30:00,NSE:SHREERAMA,13.05,13.15,12.9,13.05,2801.0
2021-06-28 09:33:00,NSE:SHREERAMA,13.05,13.1,13.0,13.1,624.0
2021-06-28 09:36:00,NSE:SHREERAMA,13.1,13.15,13.0,13.15,1325.0
2021-06-28 09:39:00,NSE:SHREERAMA,13.15,13.3,13.15,13.15,7928.0
2021-06-28 09:42:00,NSE:SHREERAMA,13.1,13.3,13.1,13.3,1477.0
2021-06-28 09:48:00,NSE:SHREERAMA,13.05,13.25,13.05,13.1,2409.0
2021-06-28 09:51:00,NSE:SHREERAMA,13.3,13.3,13.15,13.3,1947.0
2021-06-28 09:54:00,NSE:SHREERAMA,13.3,13.3,13.3,13.3,2224.0
2021-06-28 09:57:00,NSE:SHREERAMA,13.3,13.3,13.3,13.3,20.0
2021-06-28 10:00:00,NSE:SHREERAMA,13.3,13.3,13.3,13.3,500.0
2021-06-28 10:03:00,NSE:SHREERAMA,13.3,13.3,13.2,13.2,4203.0
2021-06-28 10:06:00,NSE:SHREERAMA,13.25,13.25,13.25,13.25,1000.0
2021-06-28 10:09:00,NSE:SHREERAMA,13.3,13.3,13.3,13.3,39.0
2021-06-28 10:12:00,NSE:SHREERAMA,13.25,13.25,13.2,13.25,14018.0
2021-06-28 10:15:00,NSE:SHREERAMA,13.05,13.1,13.05,13.05,399.0
2021-06-28 10:18:00,NSE:SHREERAMA,13.3,13.8,13.3,13.75,23510.0
2021-06-28 10:21:00,NSE:SHREERAMA,13.55,13.75,12.85,13.0,38064.0
2021-06-28 10:24:00,NSE:SHREERAMA,13.0,13.0,13.0,13.0,24214.0
2021-06-28 10:27:00,NSE:SHREERAMA,13.15,13.25,13.0,13.0,29579.0
2021-06-28 10:30:00,NSE:SHREERAMA,13.0,13.0,12.9,13.0,4912.0
2021-06-28 10:33:00,NSE:SHREERAMA,13.0,13.1,13.0,13.1,201.0
2021-06-28 10:36:00,NSE:SHREERAMA,13.0,13.0,12.9,12.9,1200.0
2021-06-28 10:39:00,NSE:SHREERAMA,13.0,13.0,13.0,13.0,4231.0
2021-06-28 10:42:00,NSE:SHREERAMA,13.0,13.0,13.0,13.0,1250.0
2021-06-28 10:45:00,NSE:SHREERAMA,12.95,13.0,12.95,12.95,2510.0
2021-06-28 10:48:00,NSE:SHREERAMA,13.0,13.2,13.0,13.0,4550.0
2021-06-28 10:51:00,NSE:SHREERAMA,13.15,13.15,12.95,13.0,3598.0
2021-06-28 10:54:00,NSE:SHREERAMA,13.0,13.0,13.0,13.0,100.0
2021-06-28 10:57:00,NSE:SHREERAMA,13.0,13.0,13.0,13.0,500.0
2021-06-28 11:00:00,NSE:SHREERAMA,12.9,13.0,12.9,12.9,3152.0
2021-06-28 11:03:00,NSE:SHREERAMA,12.9,12.9,12.75,12.9,17132.0
2021-06-28 11:06:00,NSE:SHREERAMA,13.0,13.0,12.75,12.85,7102.0
2021-06-28 11:09:00,NSE:SHREERAMA,12.75,12.9,12.7,12.7,3164.0
2021-06-28 11:12:00,NSE:SHREERAMA,12.65,12.8,12.6,12.65,6211.0
2021-06-28 11:15:00,NSE:SHREERAMA,12.65,12.9,12.65,12.9,5986.0
2021-06-28 11:18:00,NSE:SHREERAMA,12.8,12.8,12.8,12.8,100.0
2021-06-28 11:21:00,NSE:SHREERAMA,12.9,12.9,12.9,12.9,77.0
2021-06-28 11:24:00,NSE:SHREERAMA,12.75,12.8,12.75,12.8,2931.0
2021-06-28 11:27:00,NSE:SHREERAMA,12.8,12.8,12.75,12.75,1693.0
2021-06-28 11:30:00,NSE:SHREERAMA,12.8,12.8,12.7,12.7,3647.0
2021-06-28 11:33:00,NSE:SHREERAMA,12.8,12.8,12.8,12.8,149.0
2021-06-28 11:36:00,NSE:SHREERAMA,12.75,12.8,12.7,12.7,1116.0
2021-06-28 11:39:00,NSE:SHREERAMA,12.8,12.8,12.75,12.75,1049.0
2021-06-28 11:42:00,NSE:SHREERAMA,12.7,12.7,12.7,12.7,500.0
2021-06-28 11:45:00,NSE:SHREERAMA,12.7,12.7,12.7,12.7,100.0
2021-06-28 11:48:00,NSE:SHREERAMA,12.8,12.8,12.8,12.8,100.0
2021-06-28 11:51:00,NSE:SHREERAMA,12.8,12.8,12.7,12.8,7203.0
2021-06-28 11:54:00,NSE:SHREERAMA,12.8,12.8,12.8,12.8,737.0
2021-06-28 11:57:00,NSE:SHREERAMA,12.8,12.8,12.8,12.8,3500.0
2021-06-28 12:00:00,NSE:SHREERAMA,12.7,12.7,12.65,12.65,7200.0
2021-06-28 12:03:00,NSE:SHREERAMA,12.6,12.7,12.6,12.7,4017.0
2021-06-28 12:06:00,NSE:SHREERAMA,12.65,12.7,12.65,12.7,3446.0
2021-06-28 12:09:00,NSE:SHREERAMA,12.75,12.75,12.5,12.5,15524.0
2021-06-28 12:12:00,NSE:SHREERAMA,12.6,12.7,12.6,12.65,143.0
2021-06-28 12:15:00,NSE:SHREERAMA,12.65,12.65,12.6,12.65,300.0
2021-06-28 12:18:00,NSE:SHREERAMA,12.65,12.7,12.55,12.7,1535.0
2021-06-28 12:21:00,NSE:SHREERAMA,12.7,12.75,12.7,12.75,3001.0
2021-06-28 12:24:00,NSE:SHREERAMA,12.75,12.75,12.75,12.75,420.0
2021-06-28 12:27:00,NSE:SHREERAMA,12.8,12.8,12.75,12.75,600.0
2021-06-28 12:33:00,NSE:SHREERAMA,12.75,12.75,12.75,12.75,5.0
2021-06-28 12:36:00,NSE:SHREERAMA,12.55,12.7,12.55,12.7,9246.0
2021-06-28 12:39:00,NSE:SHREERAMA,12.7,12.7,12.6,12.6,227.0
2021-06-28 12:42:00,NSE:SHREERAMA,12.7,12.7,12.7,12.7,69.0
2021-06-28 12:45:00,NSE:SHREERAMA,12.7,12.7,12.7,12.7,250.0
2021-06-28 12:48:00,NSE:SHREERAMA,12.7,12.7,12.6,12.6,628.0
2021-06-28 12:51:00,NSE:SHREERAMA,12.7,12.7,12.7,12.7,1.0
2021-06-28 12:54:00,NSE:SHREERAMA,12.6,12.6,12.6,12.6,200.0
2021-06-28 12:57:00,NSE:SHREERAMA,12.6,12.6,12.6,12.6,1376.0
2021-06-28 13:00:00,NSE:SHREERAMA,12.75,12.75,12.65,12.65,1356.0
2021-06-28 13:03:00,NSE:SHREERAMA,12.7,12.8,12.7,12.75,1542.0
2021-06-28 13:06:00,NSE:SHREERAMA,12.8,12.8,12.75,12.75,600.0
2021-06-28 13:09:00,NSE:SHREERAMA,12.75,12.75,12.75,12.75,506.0
2021-06-28 13:12:00,NSE:SHREERAMA,12.75,12.75,12.75,12.75,50.0
2021-06-28 13:15:00,NSE:SHREERAMA,12.8,12.8,12.8,12.8,1826.0
2021-06-28 13:18:00,NSE:SHREERAMA,12.8,12.8,12.75,12.75,700.0
2021-06-28 13:21:00,NSE:SHREERAMA,12.75,12.75,12.75,12.75,1000.0
2021-06-28 13:24:00,NSE:SHREERAMA,12.7,12.75,12.7,12.7,975.0
2021-06-28 13:27:00,NSE:SHREERAMA,12.75,12.75,12.75,12.75,275.0
2021-06-28 13:30:00,NSE:SHREERAMA,12.7,12.7,12.7,12.7,12234.0
2021-06-28 13:33:00,NSE:SHREERAMA,12.7,12.7,12.7,12.7,180.0
2021-06-28 13:36:00,NSE:SHREERAMA,12.65,12.65,12.65,12.65,500.0
2021-06-28 13:39:00,NSE:SHREERAMA,12.65,12.65,12.65,12.65,1328.0
2021-06-28 13:42:00,NSE:SHREERAMA,12.65,12.65,12.65,12.65,5250.0
2021-06-28 13:48:00,NSE:SHREERAMA,12.65,12.7,12.55,12.7,6314.0
2021-06-28 13:51:00,NSE:SHREERAMA,12.7,12.75,12.7,12.75,3500.0
2021-06-28 13:54:00,NSE:SHREERAMA,12.75,12.75,12.75,12.75,1200.0
2021-06-28 13:57:00,NSE:SHREERAMA,12.65,12.7,12.6,12.6,2515.0
2021-06-28 14:00:00,NSE:SHREERAMA,12.65,12.65,12.65,12.65,1015.0
2021-06-28 14:03:00,NSE:SHREERAMA,12.6,12.6,12.6,12.6,100.0
2021-06-28 14:06:00,NSE:SHREERAMA,12.65,12.65,12.6,12.6,4049.0
2021-06-28 14:09:00,NSE:SHREERAMA,12.65,12.65,12.4,12.4,25346.0
2021-06-28 14:12:00,NSE:SHREERAMA,12.45,12.5,12.45,12.5,818.0
2021-06-28 14:15:00,NSE:SHREERAMA,12.5,12.6,12.5,12.5,3065.0
2021-06-28 14:18:00,NSE:SHREERAMA,12.5,12.5,12.4,12.5,5335.0
2021-06-28 14:24:00,NSE:SHREERAMA,12.5,12.5,12.5,12.5,250.0
2021-06-28 14:27:00,NSE:SHREERAMA,12.5,12.5,12.5,12.5,100.0
2021-06-28 14:30:00,NSE:SHREERAMA,12.5,12.5,12.5,12.5,1003.0
2021-06-28 14:33:00,NSE:SHREERAMA,12.5,12.5,12.45,12.5,903.0
2021-06-28 14:36:00,NSE:SHREERAMA,12.5,12.5,12.5,12.5,167.0
2021-06-28 14:39:00,NSE:SHREERAMA,12.5,12.5,12.5,12.5,2000.0
2021-06-28 14:42:00,NSE:SHREERAMA,12.5,12.5,12.5,12.5,3799.0
2021-06-28 14:45:00,NSE:SHREERAMA,12.5,12.5,12.5,12.5,700.0
2021-06-28 14:48:00,NSE:SHREERAMA,12.5,12.5,12.45,12.5,2800.0
2021-06-28 14:51:00,NSE:SHREERAMA,12.45,12.5,12.45,12.5,1500.0
2021-06-28 14:54:00,NSE:SHREERAMA,12.5,12.5,12.5,12.5,50.0
2021-06-28 14:57:00,NSE:SHREERAMA,12.5,12.5,12.5,12.5,1040.0
2021-06-28 15:00:00,NSE:SHREERAMA,12.5,12.5,12.4,12.4,12527.0
2021-06-28 15:03:00,NSE:SHREERAMA,12.4,12.5,12.4,12.45,9106.0
2021-06-28 15:06:00,NSE:SHREERAMA,12.45,12.45,12.4,12.4,9741.0
2021-06-28 15:09:00,NSE:SHREERAMA,12.4,12.4,12.25,12.25,2468.0
2021-06-28 15:12:00,NSE:SHREERAMA,12.25,12.3,12.25,12.3,3395.0
2021-06-28 15:15:00,NSE:SHREERAMA,12.3,12.35,12.25,12.3,3629.0
2021-06-28 15:18:00,NSE:SHREERAMA,12.3,12.3,12.25,12.3,6152.0
2021-06-28 15:21:00,NSE:SHREERAMA,12.3,12.35,12.3,12.35,4559.0
2021-06-28 15:24:00,NSE:SHREERAMA,12.3,12.4,12.3,12.3,3540.0
2021-06-28 15:27:00,NSE:SHREERAMA,12.3,12.4,12.2,12.3,22796.0
2021-06-28 15:30:00,NSE:SHREERAMA,12.3,12.3,12.3,12.3,2496.0
2021-06-28 15:39:00,NSE:SHREERAMA,12.35,12.35,12.3,12.3,265.0
2021-06-29 09:06:00,NSE:SHREERAMA,12.55,12.55,12.55,12.55,150.0
2021-06-29 09:15:00,NSE:SHREERAMA,12.55,12.6,12.5,12.55,6675.0
2021-06-29 09:18:00,NSE:SHREERAMA,12.55,12.55,12.55,12.55,962.0
2021-06-29 09:21:00,NSE:SHREERAMA,12.55,12.65,12.55,12.65,3199.0
2021-06-29 09:24:00,NSE:SHREERAMA,12.7,12.75,12.65,12.75,9124.0
2021-06-29 09:27:00,NSE:SHREERAMA,12.7,12.7,12.5,12.5,14835.0
2021-06-29 09:30:00,NSE:SHREERAMA,12.5,12.5,12.5,12.5,5652.0
2021-06-29 09:33:00,NSE:SHREERAMA,12.5,12.5,12.45,12.5,1513.0
2021-06-29 09:36:00,NSE:SHREERAMA,12.5,12.5,12.4,12.5,12784.0
2021-06-29 09:39:00,NSE:SHREERAMA,12.45,12.5,12.45,12.5,1675.0
2021-06-29 09:42:00,NSE:SHREERAMA,12.5,12.5,12.5,12.5,271.0
2021-06-29 09:45:00,NSE:SHREERAMA,12.4,12.5,12.4,12.4,904.0
2021-06-29 09:48:00,NSE:SHREERAMA,12.4,12.45,12.35,12.45,17900.0
2021-06-29 09:51:00,NSE:SHREERAMA,12.45,12.45,12.45,12.45,105.0
2021-06-29 09:54:00,NSE:SHREERAMA,12.45,12.45,12.4,12.4,2625.0
2021-06-29 09:57:00,NSE:SHREERAMA,11.85,12.25,11.85,12.0,62643.0
2021-06-29 10:00:00,NSE:SHREERAMA,12.0,12.0,11.95,12.0,12598.0
2021-06-29 10:03:00,NSE:SHREERAMA,12.0,12.0,11.95,11.95,4525.0
2021-06-29 10:06:00,NSE:SHREERAMA,12.0,12.0,11.95,12.0,3064.0
2021-06-29 10:09:00,NSE:SHREERAMA,12.0,12.0,11.95,12.0,5368.0
2021-06-29 10:12:00,NSE:SHREERAMA,12.0,12.1,12.0,12.1,1748.0
2021-06-29 10:15:00,NSE:SHREERAMA,12.1,12.1,12.1,12.1,797.0
2021-06-29 10:18:00,NSE:SHREERAMA,12.05,12.1,12.05,12.1,610.0
2021-06-29 10:21:00,NSE:SHREERAMA,12.1,12.2,12.1,12.2,525.0
2021-06-29 10:24:00,NSE:SHREERAMA,12.15,12.2,12.15,12.2,5519.0
2021-06-29 10:27:00,NSE:SHREERAMA,12.25,12.5,12.25,12.4,6014.0
2021-06-29 10:30:00,NSE:SHREERAMA,12.3,12.3,12.3,12.3,2075.0
2021-06-29 10:36:00,NSE:SHREERAMA,12.4,12.5,12.4,12.5,2761.0
2021-06-29 10:39:00,NSE:SHREERAMA,12.55,12.6,12.45,12.45,3842.0
2021-06-29 10:42:00,NSE:SHREERAMA,12.45,12.55,12.45,12.55,2551.0
2021-06-29 10:45:00,NSE:SHREERAMA,12.4,12.4,12.4,12.4,4229.0
2021-06-29 10:48:00,NSE:SHREERAMA,12.4,12.4,12.35,12.35,726.0
2021-06-29 10:51:00,NSE:SHREERAMA,12.35,12.35,12.35,12.35,1169.0
2021-06-29 10:54:00,NSE:SHREERAMA,12.4,12.4,12.4,12.4,985.0
2021-06-29 10:57:00,NSE:SHREERAMA,12.4,12.4,12.35,12.35,347.0
2021-06-29 11:00:00,NSE:SHREERAMA,12.4,12.45,12.4,12.45,324.0
2021-06-29 11:06:00,NSE:SHREERAMA,12.45,12.45,12.45,12.45,24.0
2021-06-29 11:09:00,NSE:SHREERAMA,12.5,12.5,12.35,12.45,1072.0
2021-06-29 11:12:00,NSE:SHREERAMA,12.45,12.45,12.45,12.45,15.0
2021-06-29 11:18:00,NSE:SHREERAMA,12.35,12.45,12.35,12.45,251.0
2021-06-29 11:21:00,NSE:SHREERAMA,12.45,12.45,12.4,12.4,1892.0
2021-06-29 11:24:00,NSE:SHREERAMA,12.3,12.3,12.05,12.15,9561.0
2021-06-29 11:27:00,NSE:SHREERAMA,12.15,12.15,12.15,12.15,3045.0
2021-06-29 11:30:00,NSE:SHREERAMA,12.05,12.05,12.05,12.05,803.0
2021-06-29 11:33:00,NSE:SHREERAMA,12.2,12.2,12.15,12.2,1465.0
2021-06-29 11:36:00,NSE:SHREERAMA,12.2,12.2,12.15,12.15,1011.0
2021-06-29 11:39:00,NSE:SHREERAMA,12.1,12.15,12.0,12.0,18974.0
2021-06-29 11:42:00,NSE:SHREERAMA,12.0,12.0,11.9,11.95,10648.0
2021-06-29 11:45:00,NSE:SHREERAMA,11.95,12.0,11.95,12.0,82.0
2021-06-29 11:48:00,NSE:SHREERAMA,12.0,12.0,12.0,12.0,3022.0
2021-06-29 11:51:00,NSE:SHREERAMA,12.0,12.1,11.9,12.05,29419.0
2021-06-29 11:54:00,NSE:SHREERAMA,12.1,12.1,12.1,12.1,3000.0
2021-06-29 11:57:00,NSE:SHREERAMA,12.0,12.1,12.0,12.1,905.0
2021-06-29 12:00:00,NSE:SHREERAMA,12.05,12.1,12.05,12.1,660.0
2021-06-29 12:12:00,NSE:SHREERAMA,12.0,12.1,12.0,12.1,1060.0
2021-06-29 12:15:00,NSE:SHREERAMA,12.0,12.1,11.85,12.1,18479.0
2021-06-29 12:21:00,NSE:SHREERAMA,11.95,12.05,11.95,12.05,1044.0
2021-06-29 12:24:00,NSE:SHREERAMA,12.05,12.05,11.95,11.95,2268.0
2021-06-29 12:27:00,NSE:SHREERAMA,12.0,12.05,12.0,12.05,251.0
2021-06-29 12:30:00,NSE:SHREERAMA,12.0,12.0,11.95,11.95,4398.0
2021-06-29 12:33:00,NSE:SHREERAMA,12.0,12.0,12.0,12.0,1.0
2021-06-29 12:36:00,NSE:SHREERAMA,12.0,12.05,11.95,12.05,4101.0
2021-06-29 12:48:00,NSE:SHREERAMA,12.0,12.0,11.95,11.95,76.0
2021-06-29 12:51:00,NSE:SHREERAMA,11.95,12.05,11.95,12.05,1004.0
2021-06-29 12:57:00,NSE:SHREERAMA,12.0,12.05,12.0,12.05,940.0
2021-06-29 13:00:00,NSE:SHREERAMA,12.0,12.05,12.0,12.05,1001.0
2021-06-29 13:03:00,NSE:SHREERAMA,12.0,12.0,12.0,12.0,200.0
2021-06-29 13:06:00,NSE:SHREERAMA,12.0,12.0,12.0,12.0,200.0
2021-06-29 13:09:00,NSE:SHREERAMA,12.0,12.0,12.0,12.0,250.0
2021-06-29 13:12:00,NSE:SHREERAMA,12.0,12.0,12.0,12.0,4.0
2021-06-29 13:15:00,NSE:SHREERAMA,11.95,11.95,11.95,11.95,138.0
2021-06-29 13:18:00,NSE:SHREERAMA,11.9,11.9,11.9,11.9,2.0
2021-06-29 13:21:00,NSE:SHREERAMA,12.0,12.0,12.0,12.0,1690.0
2021-06-29 13:24:00,NSE:SHREERAMA,11.95,11.95,11.95,11.95,1.0
2021-06-29 13:27:00,NSE:SHREERAMA,12.0,12.0,12.0,12.0,1000.0
2021-06-29 13:30:00,NSE:SHREERAMA,12.0,12.05,11.95,12.05,1357.0
2021-06-29 13:33:00,NSE:SHREERAMA,11.95,11.95,11.95,11.95,10.0
2021-06-29 13:36:00,NSE:SHREERAMA,11.95,11.95,11.95,11.95,4.0
2021-06-29 13:39:00,NSE:SHREERAMA,12.05,12.05,12.05,12.05,1000.0
2021-06-29 13:42:00,NSE:SHREERAMA,12.05,12.05,12.05,12.05,301.0
2021-06-29 13:48:00,NSE:SHREERAMA,12.1,12.1,12.1,12.1,588.0
2021-06-29 13:51:00,NSE:SHREERAMA,12.1,12.1,12.1,12.1,5.0
2021-06-29 13:54:00,NSE:SHREERAMA,12.1,12.1,12.1,12.1,105.0
2021-06-29 13:57:00,NSE:SHREERAMA,12.15,12.15,12.0,12.0,67.0
2021-06-29 14:00:00,NSE:SHREERAMA,12.25,12.25,12.25,12.25,1770.0
2021-06-29 14:03:00,NSE:SHREERAMA,12.25,12.35,12.2,12.2,2480.0
2021-06-29 14:06:00,NSE:SHREERAMA,12.25,12.25,12.25,12.25,500.0
2021-06-29 14:09:00,NSE:SHREERAMA,12.25,12.25,12.2,12.2,1000.0
2021-06-29 14:12:00,NSE:SHREERAMA,12.25,12.3,12.25,12.3,2500.0
2021-06-29 14:18:00,NSE:SHREERAMA,12.3,12.3,12.2,12.2,3759.0
2021-06-29 14:21:00,NSE:SHREERAMA,12.2,12.3,12.2,12.3,2125.0
2021-06-29 14:24:00,NSE:SHREERAMA,12.3,12.3,12.2,12.2,996.0
2021-06-29 14:27:00,NSE:SHREERAMA,12.45,12.45,12.2,12.2,3505.0
2021-06-29 14:30:00,NSE:SHREERAMA,12.2,12.25,12.15,12.25,12.0
2021-06-29 14:33:00,NSE:SHREERAMA,12.25,12.25,12.25,12.25,110.0
2021-06-29 14:36:00,NSE:SHREERAMA,12.25,12.25,12.25,12.25,196.0
2021-06-29 14:39:00,NSE:SHREERAMA,12.2,12.2,12.1,12.2,227.0
2021-06-29 14:42:00,NSE:SHREERAMA,12.2,12.2,12.1,12.15,7041.0
2021-06-29 14:45:00,NSE:SHREERAMA,12.15,12.15,12.15,12.15,50.0
2021-06-29 14:48:00,NSE:SHREERAMA,12.05,12.05,12.0,12.0,976.0
2021-06-29 14:51:00,NSE:SHREERAMA,12.1,12.1,12.0,12.05,1430.0
2021-06-29 14:54:00,NSE:SHREERAMA,12.1,12.1,12.0,12.0,4398.0
2021-06-29 14:57:00,NSE:SHREERAMA,12.05,12.15,12.05,12.15,1464.0
2021-06-29 15:00:00,NSE:SHREERAMA,12.05,12.15,12.0,12.0,4038.0
2021-06-29 15:03:00,NSE:SHREERAMA,12.05,12.15,12.05,12.05,1692.0
2021-06-29 15:09:00,NSE:SHREERAMA,12.0,12.1,12.0,12.1,10611.0
2021-06-29 15:12:00,NSE:SHREERAMA,12.1,12.1,12.05,12.05,121.0
2021-06-29 15:15:00,NSE:SHREERAMA,12.05,12.15,12.05,12.15,4172.0
2021-06-29 15:18:00,NSE:SHREERAMA,12.1,12.2,12.1,12.2,2408.0
2021-06-29 15:21:00,NSE:SHREERAMA,12.2,12.2,12.05,12.05,10919.0
2021-06-29 15:24:00,NSE:SHREERAMA,12.15,12.2,12.15,12.2,1230.0
2021-06-29 15:27:00,NSE:SHREERAMA,12.2,12.2,12.1,12.1,5285.0
2021-06-29 15:39:00,NSE:SHREERAMA,12.1,12.1,12.1,12.1,39.0
2021-06-30 09:06:00,NSE:SHREERAMA,12.4,12.4,12.4,12.4,100.0
2021-06-30 09:15:00,NSE:SHREERAMA,12.05,12.4,12.0,12.25,3248.0
2021-06-30 09:18:00,NSE:SHREERAMA,12.2,12.2,12.2,12.2,180.0
2021-06-30 09:21:00,NSE:SHREERAMA,12.2,12.2,12.2,12.2,130.0
2021-06-30 09:24:00,NSE:SHREERAMA,12.25,12.45,12.25,12.4,24275.0
2021-06-30 09:27:00,NSE:SHREERAMA,12.45,12.55,12.3,12.4,15520.0
2021-06-30 09:30:00,NSE:SHREERAMA,12.4,12.45,12.4,12.45,1667.0
2021-06-30 09:33:00,NSE:SHREERAMA,12.5,12.5,12.5,12.5,3349.0
2021-06-30 09:36:00,NSE:SHREERAMA,12.5,12.5,12.5,12.5,1905.0
2021-06-30 09:39:00,NSE:SHREERAMA,12.5,12.5,12.5,12.5,681.0
2021-06-30 09:42:00,NSE:SHREERAMA,12.45,12.5,12.45,12.5,157.0
2021-06-30 09:45:00,NSE:SHREERAMA,12.5,12.5,12.45,12.45,980.0
2021-06-30 09:48:00,NSE:SHREERAMA,12.45,12.45,12.45,12.45,1660.0
2021-06-30 09:51:00,NSE:SHREERAMA,12.45,12.45,12.4,12.4,1100.0
2021-06-30 09:54:00,NSE:SHREERAMA,12.45,12.45,12.45,12.45,400.0
2021-06-30 09:57:00,NSE:SHREERAMA,12.45,12.45,12.45,12.45,75.0
2021-06-30 10:00:00,NSE:SHREERAMA,12.45,12.45,12.45,12.45,1550.0
2021-06-30 10:03:00,NSE:SHREERAMA,12.45,12.5,12.4,12.5,6116.0
2021-06-30 10:06:00,NSE:SHREERAMA,12.45,12.45,12.45,12.45,510.0
2021-06-30 10:09:00,NSE:SHREERAMA,12.45,12.5,12.45,12.5,8456.0
2021-06-30 10:12:00,NSE:SHREERAMA,12.4,12.4,12.4,12.4,581.0
2021-06-30 10:15:00,NSE:SHREERAMA,12.4,12.5,12.4,12.5,5461.0
2021-06-30 10:18:00,NSE:SHREERAMA,12.4,12.5,12.4,12.5,870.0
2021-06-30 10:21:00,NSE:SHREERAMA,12.4,12.4,12.4,12.4,6696.0
2021-06-30 10:24:00,NSE:SHREERAMA,12.4,12.45,12.4,12.45,3324.0
2021-06-30 10:27:00,NSE:SHREERAMA,12.45,12.45,12.45,12.45,45.0
2021-06-30 10:30:00,NSE:SHREERAMA,12.35,12.45,12.35,12.45,102.0
2021-06-30 10:33:00,NSE:SHREERAMA,12.35,12.45,12.35,12.4,1841.0
2021-06-30 10:36:00,NSE:SHREERAMA,12.35,12.5,12.35,12.5,5866.0
2021-06-30 10:39:00,NSE:SHREERAMA,12.35,12.45,12.35,12.45,4008.0
2021-06-30 10:42:00,NSE:SHREERAMA,12.35,12.45,12.35,12.45,18.0
2021-06-30 10:45:00,NSE:SHREERAMA,12.45,12.45,12.45,12.45,100.0
2021-06-30 10:48:00,NSE:SHREERAMA,12.45,12.45,12.35,12.35,600.0
2021-06-30 10:51:00,NSE:SHREERAMA,12.35,12.35,12.35,12.35,5000.0
2021-06-30 10:54:00,NSE:SHREERAMA,12.45,12.45,12.45,12.45,5000.0
2021-06-30 11:00:00,NSE:SHREERAMA,12.45,12.45,12.45,12.45,300.0
2021-06-30 11:03:00,NSE:SHREERAMA,12.45,12.45,12.45,12.45,100.0
2021-06-30 11:06:00,NSE:SHREERAMA,12.5,12.5,12.5,12.5,2000.0
2021-06-30 11:15:00,NSE:SHREERAMA,12.5,12.5,12.45,12.45,775.0
2021-06-30 11:18:00,NSE:SHREERAMA,12.5,12.5,12.4,12.4,1493.0
2021-06-30 11:21:00,NSE:SHREERAMA,12.4,12.4,12.4,12.4,20.0
2021-06-30 11:24:00,NSE:SHREERAMA,12.45,12.45,12.45,12.45,50.0
2021-06-30 11:30:00,NSE:SHREERAMA,12.4,12.45,12.35,12.35,10151.0
2021-06-30 11:39:00,NSE:SHREERAMA,12.45,12.45,12.45,12.45,1000.0
2021-06-30 11:42:00,NSE:SHREERAMA,12.45,12.45,12.45,12.45,59.0
2021-06-30 11:45:00,NSE:SHREERAMA,12.45,12.45,12.35,12.35,1401.0
2021-06-30 11:48:00,NSE:SHREERAMA,12.45,12.45,12.45,12.45,40.0
2021-06-30 11:54:00,NSE:SHREERAMA,12.45,12.45,12.45,12.45,3.0
2021-06-30 12:00:00,NSE:SHREERAMA,12.35,12.35,12.35,12.35,200.0
2021-06-30 12:03:00,NSE:SHREERAMA,12.5,12.5,12.5,12.5,505.0
2021-06-30 12:06:00,NSE:SHREERAMA,12.5,12.55,12.5,12.55,6731.0
2021-06-30 12:12:00,NSE:SHREERAMA,12.5,12.55,12.5,12.55,2060.0
2021-06-30 12:15:00,NSE:SHREERAMA,12.55,12.55,12.55,12.55,1000.0
2021-06-30 12:18:00,NSE:SHREERAMA,12.55,12.55,12.55,12.55,520.0
2021-06-30 12:21:00,NSE:SHREERAMA,12.55,12.55,12.45,12.45,625.0
2021-06-30 12:27:00,NSE:SHREERAMA,12.45,12.45,12.45,12.45,100.0
2021-06-30 12:30:00,NSE:SHREERAMA,12.45,12.55,12.45,12.55,13.0
2021-06-30 12:33:00,NSE:SHREERAMA,12.55,12.55,12.55,12.55,1.0
2021-06-30 12:36:00,NSE:SHREERAMA,12.55,12.55,12.5,12.5,1400.0
2021-06-30 12:39:00,NSE:SHREERAMA,12.55,12.55,12.55,12.55,876.0
2021-06-30 12:45:00,NSE:SHREERAMA,12.55,12.55,12.55,12.55,193.0
2021-06-30 12:48:00,NSE:SHREERAMA,12.55,12.55,12.55,12.55,3368.0
2021-06-30 12:51:00,NSE:SHREERAMA,12.55,12.55,12.55,12.55,260.0
2021-06-30 12:54:00,NSE:SHREERAMA,12.55,12.6,12.55,12.6,621.0
2021-06-30 12:57:00,NSE:SHREERAMA,12.6,12.6,12.6,12.6,7200.0
2021-06-30 13:00:00,NSE:SHREERAMA,12.6,12.6,12.6,12.6,2000.0
2021-06-30 13:03:00,NSE:SHREERAMA,12.6,12.6,12.6,12.6,5136.0
2021-06-30 13:06:00,NSE:SHREERAMA,12.65,12.65,12.65,12.65,4930.0
2021-06-30 13:09:00,NSE:SHREERAMA,12.65,12.65,12.65,12.65,9654.0
2021-06-30 13:12:00,NSE:SHREERAMA,12.7,12.7,12.6,12.7,13611.0
2021-06-30 13:15:00,NSE:SHREERAMA,12.7,12.7,12.5,12.6,8167.0
2021-06-30 13:18:00,NSE:SHREERAMA,12.65,12.65,12.65,12.65,55.0
2021-06-30 13:21:00,NSE:SHREERAMA,12.65,12.65,12.65,12.65,1500.0
2021-06-30 13:24:00,NSE:SHREERAMA,12.65,12.65,12.65,12.65,325.0
2021-06-30 13:27:00,NSE:SHREERAMA,12.65,12.65,12.6,12.6,763.0
2021-06-30 13:30:00,NSE:SHREERAMA,12.65,12.65,12.65,12.65,4501.0
2021-06-30 13:33:00,NSE:SHREERAMA,12.65,12.65,12.65,12.65,3450.0
2021-06-30 13:36:00,NSE:SHREERAMA,12.65,12.65,12.6,12.65,433.0
2021-06-30 13:39:00,NSE:SHREERAMA,12.65,12.65,12.6,12.65,1263.0
2021-06-30 13:42:00,NSE:SHREERAMA,12.6,12.6,12.6,12.6,1951.0
2021-06-30 13:45:00,NSE:SHREERAMA,12.6,12.6,12.6,12.6,129.0
2021-06-30 13:48:00,NSE:SHREERAMA,12.6,12.6,12.55,12.55,1259.0
2021-06-30 13:51:00,NSE:SHREERAMA,12.6,12.6,12.6,12.6,1947.0
2021-06-30 13:54:00,NSE:SHREERAMA,12.6,12.7,12.6,12.7,16576.0
2021-06-30 13:57:00,NSE:SHREERAMA,12.7,12.7,12.6,12.7,3982.0
2021-06-30 14:00:00,NSE:SHREERAMA,12.7,12.7,12.7,12.7,555.0
2021-06-30 14:03:00,NSE:SHREERAMA,12.65,12.65,12.65,12.65,1706.0
2021-06-30 14:06:00,NSE:SHREERAMA,12.65,12.7,12.65,12.7,1400.0
2021-06-30 14:09:00,NSE:SHREERAMA,12.7,12.7,12.7,12.7,838.0
2021-06-30 14:12:00,NSE:SHREERAMA,12.7,12.7,12.6,12.6,6602.0
2021-06-30 14:15:00,NSE:SHREERAMA,12.7,12.7,12.7,12.7,1471.0
2021-06-30 14:21:00,NSE:SHREERAMA,12.7,12.7,12.7,12.7,1150.0
2021-06-30 14:30:00,NSE:SHREERAMA,12.7,12.7,12.7,12.7,9020.0
2021-06-30 14:45:00,NSE:SHREERAMA,12.7,12.7,12.7,12.7,2500.0
2021-06-30 14:48:00,NSE:SHREERAMA,12.7,12.7,12.7,12.7,400.0
2021-06-30 14:54:00,NSE:SHREERAMA,12.7,12.7,12.7,12.7,4.0
2021-06-30 15:00:00,NSE:SHREERAMA,12.7,12.7,12.7,12.7,30.0
2021-06-30 15:06:00,NSE:SHREERAMA,12.7,12.7,12.7,12.7,4463.0
2021-06-30 15:15:00,NSE:SHREERAMA,12.7,12.7,12.7,12.7,1.0
2021-06-30 15:18:00,NSE:SHREERAMA,12.7,12.7,12.7,12.7,90.0
2021-06-30 15:24:00,NSE:SHREERAMA,12.7,12.7,12.7,12.7,1.0
2021-07-01 09:06:00,NSE:SHREERAMA,12.7,12.7,12.7,12.7,4692.0
2021-07-01 09:15:00,NSE:SHREERAMA,12.7,12.7,12.55,12.65,508.0
2021-07-01 09:18:00,NSE:SHREERAMA,13.0,13.0,12.95,13.0,8676.0
2021-07-01 09:21:00,NSE:SHREERAMA,12.95,12.95,12.75,12.75,3494.0
2021-07-01 09:24:00,NSE:SHREERAMA,12.85,12.85,12.85,12.85,450.0
2021-07-01 09:27:00,NSE:SHREERAMA,12.85,12.9,12.75,12.9,5900.0
2021-07-01 09:30:00,NSE:SHREERAMA,12.75,12.85,12.75,12.8,1082.0
2021-07-01 09:33:00,NSE:SHREERAMA,12.8,12.9,12.7,12.85,3445.0
2021-07-01 09:36:00,NSE:SHREERAMA,12.9,12.9,12.9,12.9,3653.0
2021-07-01 09:39:00,NSE:SHREERAMA,12.9,12.9,12.8,12.8,2016.0
2021-07-01 09:42:00,NSE:SHREERAMA,12.8,12.8,12.8,12.8,1095.0
2021-07-01 09:45:00,NSE:SHREERAMA,12.8,12.8,12.8,12.8,1384.0
2021-07-01 09:48:00,NSE:SHREERAMA,12.85,12.9,12.85,12.9,2880.0
2021-07-01 09:51:00,NSE:SHREERAMA,12.9,12.9,12.8,12.85,1700.0
2021-07-01 09:54:00,NSE:SHREERAMA,12.75,12.75,12.75,12.75,4000.0
2021-07-01 09:57:00,NSE:SHREERAMA,12.75,12.85,12.75,12.85,150.0
2021-07-01 10:00:00,NSE:SHREERAMA,12.85,12.85,12.75,12.75,501.0
2021-07-01 10:03:00,NSE:SHREERAMA,12.8,12.8,12.8,12.8,202.0
2021-07-01 10:06:00,NSE:SHREERAMA,12.8,12.8,12.8,12.8,5365.0
2021-07-01 10:09:00,NSE:SHREERAMA,12.8,12.85,12.8,12.85,1001.0
2021-07-01 10:12:00,NSE:SHREERAMA,12.85,12.85,12.75,12.75,160.0
2021-07-01 10:15:00,NSE:SHREERAMA,12.85,12.85,12.85,12.85,169.0
2021-07-01 10:18:00,NSE:SHREERAMA,12.75,12.75,12.75,12.75,500.0
2021-07-01 10:21:00,NSE:SHREERAMA,12.75,12.85,12.75,12.85,60.0
2021-07-01 10:24:00,NSE:SHREERAMA,12.8,12.8,12.7,12.75,4550.0
2021-07-01 10:27:00,NSE:SHREERAMA,12.75,12.75,12.7,12.7,410.0
2021-07-01 10:30:00,NSE:SHREERAMA,12.65,12.75,12.65,12.75,3445.0
2021-07-01 10:33:00,NSE:SHREERAMA,12.8,12.8,12.8,12.8,3285.0
2021-07-01 10:36:00,NSE:SHREERAMA,12.8,12.8,12.8,12.8,509.0
2021-07-01 10:42:00,NSE:SHREERAMA,12.8,12.8,12.8,12.8,100.0
2021-07-01 10:45:00,NSE:SHREERAMA,12.75,12.75,12.75,12.75,305.0
2021-07-01 10:48:00,NSE:SHREERAMA,12.75,12.75,12.75,12.75,341.0
2021-07-01 10:51:00,NSE:SHREERAMA,12.8,12.8,12.8,12.8,300.0
2021-07-01 10:54:00,NSE:SHREERAMA,12.8,12.85,12.8,12.85,4874.0
2021-07-01 10:57:00,NSE:SHREERAMA,12.85,12.85,12.85,12.85,62.0
2021-07-01 11:00:00,NSE:SHREERAMA,12.85,12.85,12.8,12.8,2747.0
2021-07-01 11:03:00,NSE:SHREERAMA,12.8,12.85,12.8,12.85,505.0
2021-07-01 11:09:00,NSE:SHREERAMA,12.8,12.8,12.8,12.8,75.0
2021-07-01 11:12:00,NSE:SHREERAMA,12.75,12.75,12.75,12.75,7.0
2021-07-01 11:15:00,NSE:SHREERAMA,12.8,12.8,12.8,12.8,100.0
2021-07-01 11:18:00,NSE:SHREERAMA,12.75,12.75,12.7,12.7,227.0
2021-07-01 11:21:00,NSE:SHREERAMA,12.7,12.7,12.7,12.7,5323.0
2021-07-01 11:24:00,NSE:SHREERAMA,12.7,12.7,12.7,12.7,722.0
2021-07-01 11:30:00,NSE:SHREERAMA,12.7,12.7,12.7,12.7,344.0
2021-07-01 11:33:00,NSE:SHREERAMA,12.7,12.7,12.7,12.7,101.0
2021-07-01 11:45:00,NSE:SHREERAMA,12.75,12.75,12.75,12.75,8.0
2021-07-01 11:51:00,NSE:SHREERAMA,12.75,12.75,12.75,12.75,15.0
2021-07-01 11:57:00,NSE:SHREERAMA,12.8,12.8,12.8,12.8,17.0
2021-07-01 12:03:00,NSE:SHREERAMA,12.8,12.8,12.8,12.8,350.0
2021-07-01 12:09:00,NSE:SHREERAMA,12.8,12.8,12.8,12.8,10.0
2021-07-01 12:15:00,NSE:SHREERAMA,12.8,12.8,12.8,12.8,500.0
2021-07-01 12:18:00,NSE:SHREERAMA,12.8,12.8,12.8,12.8,36.0
2021-07-01 12:24:00,NSE:SHREERAMA,12.8,12.8,12.8,12.8,814.0
2021-07-01 12:27:00,NSE:SHREERAMA,12.8,12.8,12.8,12.8,5.0
2021-07-01 12:36:00,NSE:SHREERAMA,12.7,12.8,12.7,12.75,1650.0
2021-07-01 12:45:00,NSE:SHREERAMA,12.75,12.75,12.75,12.75,355.0
2021-07-01 12:48:00,NSE:SHREERAMA,12.7,12.7,12.7,12.7,1.0
2021-07-01 12:54:00,NSE:SHREERAMA,12.7,12.7,12.7,12.7,300.0
2021-07-01 13:03:00,NSE:SHREERAMA,12.8,12.8,12.8,12.8,101.0
2021-07-01 13:06:00,NSE:SHREERAMA,12.65,12.65,12.65,12.65,500.0
2021-07-01 13:18:00,NSE:SHREERAMA,12.7,12.7,12.7,12.7,250.0
2021-07-01 13:21:00,NSE:SHREERAMA,12.7,12.7,12.65,12.65,1650.0
2021-07-01 13:24:00,NSE:SHREERAMA,12.7,12.7,12.7,12.7,4.0
2021-07-01 13:27:00,NSE:SHREERAMA,12.75,12.75,12.75,12.75,45.0
2021-07-01 13:36:00,NSE:SHREERAMA,12.8,12.8,12.8,12.8,100.0
2021-07-01 13:42:00,NSE:SHREERAMA,12.8,12.8,12.8,12.8,85.0
2021-07-01 13:45:00,NSE:SHREERAMA,12.8,12.8,12.8,12.8,465.0
2021-07-01 13:48:00,NSE:SHREERAMA,12.8,12.8,12.8,12.8,2510.0
2021-07-01 13:54:00,NSE:SHREERAMA,12.8,12.8,12.8,12.8,25.0
2021-07-01 13:57:00,NSE:SHREERAMA,12.8,12.8,12.8,12.8,10.0
2021-07-01 14:03:00,NSE:SHREERAMA,12.7,12.7,12.65,12.65,14388.0
2021-07-01 14:06:00,NSE:SHREERAMA,12.65,12.65,12.65,12.65,1.0
2021-07-01 14:09:00,NSE:SHREERAMA,12.65,12.65,12.65,12.65,20.0
2021-07-01 14:12:00,NSE:SHREERAMA,12.65,12.65,12.65,12.65,15.0
2021-07-01 14:15:00,NSE:SHREERAMA,12.6,12.6,12.6,12.6,250.0
2021-07-01 14:21:00,NSE:SHREERAMA,12.6,12.65,12.6,12.65,1345.0
2021-07-01 14:24:00,NSE:SHREERAMA,12.65,12.65,12.65,12.65,1143.0
2021-07-01 14:36:00,NSE:SHREERAMA,12.75,12.75,12.75,12.75,24.0
2021-07-01 14:45:00,NSE:SHREERAMA,12.75,12.75,12.75,12.75,1.0
2021-07-01 14:48:00,NSE:SHREERAMA,12.7,12.7,12.7,12.7,100.0
2021-07-01 14:51:00,NSE:SHREERAMA,12.7,12.7,12.7,12.7,60.0
2021-07-01 14:57:00,NSE:SHREERAMA,12.6,12.6,12.6,12.6,1000.0
2021-07-01 15:00:00,NSE:SHREERAMA,12.6,12.6,12.6,12.6,2.0
2021-07-01 15:03:00,NSE:SHREERAMA,12.75,12.75,12.75,12.75,57.0
2021-07-01 15:06:00,NSE:SHREERAMA,12.65,12.65,12.6,12.6,3472.0
2021-07-01 15:09:00,NSE:SHREERAMA,12.65,12.65,12.65,12.65,900.0
2021-07-01 15:12:00,NSE:SHREERAMA,12.65,12.7,12.6,12.6,2404.0
2021-07-01 15:15:00,NSE:SHREERAMA,12.7,12.7,12.7,12.7,20.0
2021-07-01 15:18:00,NSE:SHREERAMA,12.7,12.7,12.7,12.7,157.0
2021-07-01 15:21:00,NSE:SHREERAMA,12.6,12.65,12.6,12.65,81.0
2021-07-01 15:24:00,NSE:SHREERAMA,12.65,12.7,12.65,12.7,130.0
2021-07-01 15:27:00,NSE:SHREERAMA,12.6,12.8,12.6,12.8,3418.0
2021-07-02 09:06:00,NSE:SHREERAMA,12.95,12.95,12.95,12.95,500.0
2021-07-02 09:15:00,NSE:SHREERAMA,12.95,13.0,12.7,12.7,7500.0
2021-07-02 09:21:00,NSE:SHREERAMA,12.8,12.85,12.75,12.85,358.0
2021-07-02 09:24:00,NSE:SHREERAMA,12.75,12.75,12.7,12.7,3270.0
2021-07-02 09:27:00,NSE:SHREERAMA,12.65,12.65,12.55,12.65,756.0
2021-07-02 09:30:00,NSE:SHREERAMA,12.5,12.5,12.4,12.4,3053.0
2021-07-02 09:33:00,NSE:SHREERAMA,12.6,12.65,12.15,12.65,7070.0
2021-07-02 09:39:00,NSE:SHREERAMA,12.5,12.5,12.5,12.5,10.0
2021-07-02 09:42:00,NSE:SHREERAMA,12.65,12.7,12.65,12.7,1000.0
2021-07-02 09:45:00,NSE:SHREERAMA,12.5,12.75,12.5,12.75,502.0
2021-07-02 09:51:00,NSE:SHREERAMA,12.45,12.5,12.45,12.5,4763.0
2021-07-02 09:57:00,NSE:SHREERAMA,12.5,12.5,12.5,12.5,1525.0
2021-07-02 10:00:00,NSE:SHREERAMA,12.5,12.6,12.5,12.6,5500.0
2021-07-02 10:03:00,NSE:SHREERAMA,12.6,12.6,12.6,12.6,100.0
2021-07-02 10:06:00,NSE:SHREERAMA,12.5,12.5,12.5,12.5,80.0
2021-07-02 10:09:00,NSE:SHREERAMA,12.5,12.55,12.5,12.55,510.0
2021-07-02 10:12:00,NSE:SHREERAMA,12.6,12.6,12.6,12.6,1.0
2021-07-02 10:15:00,NSE:SHREERAMA,12.6,12.6,12.5,12.5,110.0
2021-07-02 10:24:00,NSE:SHREERAMA,12.6,12.7,12.55,12.55,3062.0
2021-07-02 10:27:00,NSE:SHREERAMA,12.55,12.55,12.4,12.4,5801.0
2021-07-02 10:30:00,NSE:SHREERAMA,12.6,12.65,12.6,12.65,450.0
2021-07-02 10:33:00,NSE:SHREERAMA,12.5,12.6,12.5,12.6,1109.0
2021-07-02 10:39:00,NSE:SHREERAMA,12.55,12.55,12.55,12.55,200.0
2021-07-02 10:48:00,NSE:SHREERAMA,12.5,12.5,12.5,12.5,800.0
2021-07-02 10:51:00,NSE:SHREERAMA,12.5,12.5,12.5,12.5,100.0
2021-07-02 11:00:00,NSE:SHREERAMA,12.45,12.45,12.45,12.45,75.0
2021-07-02 11:06:00,NSE:SHREERAMA,12.6,12.6,12.6,12.6,1.0
2021-07-02 11:15:00,NSE:SHREERAMA,12.55,12.55,12.55,12.55,332.0
2021-07-02 11:18:00,NSE:SHREERAMA,12.55,12.55,12.55,12.55,1163.0
2021-07-02 11:21:00,NSE:SHREERAMA,12.55,12.55,12.55,12.55,150.0
2021-07-02 11:33:00,NSE:SHREERAMA,12.55,12.55,12.55,12.55,1000.0
2021-07-02 11:42:00,NSE:SHREERAMA,12.55,12.55,12.5,12.5,126.0
2021-07-02 11:48:00,NSE:SHREERAMA,12.5,12.5,12.5,12.5,1166.0
2021-07-02 11:51:00,NSE:SHREERAMA,12.5,12.5,12.5,12.5,1000.0
2021-07-02 11:57:00,NSE:SHREERAMA,12.5,12.5,12.5,12.5,258.0
2021-07-02 12:03:00,NSE:SHREERAMA,12.5,12.55,12.5,12.55,177.0
2021-07-02 12:06:00,NSE:SHREERAMA,12.55,12.55,12.55,12.55,10.0
2021-07-02 12:09:00,NSE:SHREERAMA,12.55,12.55,12.5,12.5,750.0
2021-07-02 12:12:00,NSE:SHREERAMA,12.45,12.45,12.45,12.45,500.0
2021-07-02 12:15:00,NSE:SHREERAMA,12.55,12.55,12.55,12.55,398.0
2021-07-02 12:21:00,NSE:SHREERAMA,12.55,12.55,12.55,12.55,200.0
2021-07-02 12:24:00,NSE:SHREERAMA,12.55,12.55,12.55,12.55,150.0
2021-07-02 12:30:00,NSE:SHREERAMA,12.5,12.5,12.5,12.5,10.0
2021-07-02 13:03:00,NSE:SHREERAMA,12.55,12.55,12.55,12.55,465.0
2021-07-02 13:06:00,NSE:SHREERAMA,12.55,12.55,12.55,12.55,1200.0
2021-07-02 13:09:00,NSE:SHREERAMA,12.55,12.55,12.55,12.55,50.0
2021-07-02 13:12:00,NSE:SHREERAMA,12.6,12.6,12.55,12.55,14.0
2021-07-02 13:15:00,NSE:SHREERAMA,12.6,12.6,12.6,12.6,180.0
2021-07-02 13:18:00,NSE:SHREERAMA,12.55,12.55,12.55,12.55,435.0
2021-07-02 13:27:00,NSE:SHREERAMA,12.55,12.55,12.55,12.55,200.0
2021-07-02 13:33:00,NSE:SHREERAMA,12.6,12.6,12.6,12.6,1008.0
2021-07-02 13:42:00,NSE:SHREERAMA,12.7,12.7,12.7,12.7,10.0
2021-07-02 13:45:00,NSE:SHREERAMA,12.7,12.7,12.7,12.7,150.0
2021-07-02 14:00:00,NSE:SHREERAMA,12.55,12.55,12.55,12.55,200.0
2021-07-02 14:03:00,NSE:SHREERAMA,12.65,12.7,12.65,12.7,2800.0
2021-07-02 14:06:00,NSE:SHREERAMA,12.6,12.6,12.5,12.5,4332.0
2021-07-02 14:09:00,NSE:SHREERAMA,12.5,12.5,12.5,12.5,187.0
2021-07-02 14:12:00,NSE:SHREERAMA,12.55,12.55,12.55,12.55,1.0
2021-07-02 14:15:00,NSE:SHREERAMA,12.55,12.55,12.55,12.55,168.0
2021-07-02 14:21:00,NSE:SHREERAMA,12.55,12.55,12.55,12.55,700.0
2021-07-02 14:24:00,NSE:SHREERAMA,12.65,12.65,12.55,12.55,64.0
2021-07-02 14:27:00,NSE:SHREERAMA,12.65,12.75,12.6,12.75,5075.0
2021-07-02 14:36:00,NSE:SHREERAMA,12.65,12.65,12.65,12.65,50.0
2021-07-02 14:39:00,NSE:SHREERAMA,12.7,12.9,12.7,12.85,26280.0
2021-07-02 14:42:00,NSE:SHREERAMA,12.7,12.75,12.7,12.75,3030.0
2021-07-02 14:45:00,NSE:SHREERAMA,12.7,12.75,12.7,12.75,382.0
2021-07-02 14:48:00,NSE:SHREERAMA,12.75,12.75,12.75,12.75,500.0
2021-07-02 14:51:00,NSE:SHREERAMA,12.8,12.8,12.7,12.8,803.0
2021-07-02 14:54:00,NSE:SHREERAMA,12.8,12.8,12.8,12.8,750.0
2021-07-02 14:57:00,NSE:SHREERAMA,12.8,12.8,12.8,12.8,770.0
2021-07-02 15:00:00,NSE:SHREERAMA,12.75,12.75,12.75,12.75,500.0
2021-07-02 15:06:00,NSE:SHREERAMA,12.95,12.95,12.7,12.7,20500.0
2021-07-02 15:12:00,NSE:SHREERAMA,12.8,12.8,12.8,12.8,200.0
2021-07-02 15:15:00,NSE:SHREERAMA,12.75,12.75,12.75,12.75,150.0
2021-07-02 15:18:00,NSE:SHREERAMA,12.85,12.95,12.85,12.95,551.0
2021-07-02 15:21:00,NSE:SHREERAMA,12.95,12.95,12.95,12.95,45.0
2021-07-02 15:24:00,NSE:SHREERAMA,12.95,13.0,12.85,12.9,6187.0
2021-07-02 15:27:00,NSE:SHREERAMA,12.9,12.9,12.8,12.85,5499.0
2021-07-02 15:42:00,NSE:SHREERAMA,12.9,12.9,12.9,12.9,1000.0
2021-07-05 09:06:00,NSE:SHREERAMA,12.5,12.5,12.5,12.5,1150.0
2021-07-05 09:15:00,NSE:SHREERAMA,12.5,13.0,12.35,12.9,1802.0
2021-07-05 09:18:00,NSE:SHREERAMA,12.9,12.9,12.9,12.9,500.0
2021-07-05 09:21:00,NSE:SHREERAMA,12.9,12.9,12.9,12.9,5000.0
2021-07-05 09:24:00,NSE:SHREERAMA,12.65,12.9,12.65,12.65,2638.0
2021-07-05 09:27:00,NSE:SHREERAMA,12.75,12.75,12.6,12.6,2741.0
2021-07-05 09:30:00,NSE:SHREERAMA,12.7,12.7,12.7,12.7,1214.0
2021-07-05 09:33:00,NSE:SHREERAMA,12.65,12.65,12.6,12.65,492.0
2021-07-05 09:36:00,NSE:SHREERAMA,12.65,12.7,12.65,12.7,3000.0
2021-07-05 09:39:00,NSE:SHREERAMA,12.7,12.7,12.7,12.7,629.0
2021-07-05 09:42:00,NSE:SHREERAMA,12.65,12.7,12.6,12.6,6031.0
2021-07-05 09:48:00,NSE:SHREERAMA,12.7,12.7,12.65,12.7,446.0
2021-07-05 09:51:00,NSE:SHREERAMA,12.7,12.7,12.65,12.65,4002.0
2021-07-05 09:54:00,NSE:SHREERAMA,12.7,12.7,12.65,12.65,1541.0
2021-07-05 09:57:00,NSE:SHREERAMA,12.6,12.6,12.6,12.6,2500.0
2021-07-05 10:00:00,NSE:SHREERAMA,12.7,12.7,12.7,12.7,100.0
2021-07-05 10:06:00,NSE:SHREERAMA,12.6,12.6,12.6,12.6,500.0
2021-07-05 10:09:00,NSE:SHREERAMA,12.7,12.7,12.7,12.7,833.0
2021-07-05 10:12:00,NSE:SHREERAMA,12.7,12.7,12.7,12.7,10.0
2021-07-05 10:15:00,NSE:SHREERAMA,12.6,12.6,12.6,12.6,2587.0
2021-07-05 10:18:00,NSE:SHREERAMA,12.6,12.6,12.6,12.6,109.0
2021-07-05 10:24:00,NSE:SHREERAMA,12.65,12.65,12.6,12.6,1500.0
2021-07-05 10:27:00,NSE:SHREERAMA,12.55,12.55,12.5,12.5,9060.0
2021-07-05 10:33:00,NSE:SHREERAMA,12.55,12.55,12.55,12.55,5349.0
2021-07-05 10:36:00,NSE:SHREERAMA,12.65,12.65,12.6,12.6,475.0
2021-07-05 10:39:00,NSE:SHREERAMA,12.55,12.55,12.55,12.55,2504.0
2021-07-05 10:42:00,NSE:SHREERAMA,12.55,12.55,12.55,12.55,174.0
2021-07-05 10:45:00,NSE:SHREERAMA,12.55,12.55,12.55,12.55,300.0
2021-07-05 10:48:00,NSE:SHREERAMA,12.55,12.55,12.55,12.55,25.0
2021-07-05 10:51:00,NSE:SHREERAMA,12.65,12.65,12.65,12.65,200.0
2021-07-05 10:57:00,NSE:SHREERAMA,12.65,12.65,12.65,12.65,5.0
2021-07-05 11:03:00,NSE:SHREERAMA,12.65,12.65,12.65,12.65,300.0
2021-07-05 11:06:00,NSE:SHREERAMA,12.55,12.65,12.55,12.65,2200.0
2021-07-05 11:09:00,NSE:SHREERAMA,12.65,12.65,12.65,12.65,50.0
2021-07-05 11:12:00,NSE:SHREERAMA,12.55,12.55,12.55,12.55,400.0
2021-07-05 11:18:00,NSE:SHREERAMA,12.55,12.55,12.55,12.55,587.0
2021-07-05 11:21:00,NSE:SHREERAMA,12.55,12.55,12.55,12.55,380.0
2021-07-05 11:24:00,NSE:SHREERAMA,12.5,12.5,12.5,12.5,5157.0
2021-07-05 11:27:00,NSE:SHREERAMA,12.55,12.55,12.55,12.55,912.0
2021-07-05 11:30:00,NSE:SHREERAMA,12.55,12.55,12.5,12.55,532.0
2021-07-05 11:33:00,NSE:SHREERAMA,12.5,12.55,12.5,12.55,10.0
2021-07-05 11:36:00,NSE:SHREERAMA,12.5,12.5,12.5,12.5,200.0
2021-07-05 11:45:00,NSE:SHREERAMA,12.55,12.55,12.5,12.55,2140.0
2021-07-05 11:51:00,NSE:SHREERAMA,12.55,12.55,12.55,12.55,1.0
2021-07-05 11:54:00,NSE:SHREERAMA,12.55,12.55,12.55,12.55,1100.0
2021-07-05 11:57:00,NSE:SHREERAMA,12.55,12.55,12.55,12.55,20.0
2021-07-05 12:09:00,NSE:SHREERAMA,12.55,12.55,12.55,12.55,5.0
2021-07-05 12:24:00,NSE:SHREERAMA,12.55,12.55,12.55,12.55,2000.0
2021-07-05 12:33:00,NSE:SHREERAMA,12.55,12.65,12.5,12.6,6541.0
2021-07-05 12:36:00,NSE:SHREERAMA,12.65,12.7,12.65,12.7,5161.0
2021-07-05 12:42:00,NSE:SHREERAMA,12.7,12.7,12.6,12.6,1647.0
2021-07-05 12:48:00,NSE:SHREERAMA,12.6,12.6,12.6,12.6,16.0
2021-07-05 12:51:00,NSE:SHREERAMA,12.65,12.65,12.65,12.65,200.0
2021-07-05 12:54:00,NSE:SHREERAMA,12.6,12.6,12.6,12.6,2000.0
2021-07-05 13:00:00,NSE:SHREERAMA,12.6,12.6,12.6,12.6,985.0
2021-07-05 13:03:00,NSE:SHREERAMA,12.65,12.65,12.6,12.6,804.0
2021-07-05 13:09:00,NSE:SHREERAMA,12.65,12.7,12.65,12.7,262.0
2021-07-05 13:15:00,NSE:SHREERAMA,12.7,12.7,12.7,12.7,50.0
2021-07-05 13:18:00,NSE:SHREERAMA,12.7,12.7,12.7,12.7,25.0
2021-07-05 13:21:00,NSE:SHREERAMA,12.7,12.7,12.7,12.7,280.0
2021-07-05 13:24:00,NSE:SHREERAMA,12.7,12.7,12.65,12.65,101.0
2021-07-05 13:30:00,NSE:SHREERAMA,12.7,12.7,12.7,12.7,65.0
2021-07-05 13:33:00,NSE:SHREERAMA,12.6,12.7,12.6,12.65,1182.0
2021-07-05 13:36:00,NSE:SHREERAMA,12.6,12.6,12.6,12.6,45.0
2021-07-05 13:39:00,NSE:SHREERAMA,12.6,12.6,12.6,12.6,360.0
2021-07-05 13:45:00,NSE:SHREERAMA,12.6,12.6,12.6,12.6,15.0
2021-07-05 13:54:00,NSE:SHREERAMA,12.6,12.6,12.6,12.6,120.0
2021-07-05 13:57:00,NSE:SHREERAMA,12.6,12.6,12.6,12.6,225.0
2021-07-05 14:03:00,NSE:SHREERAMA,12.65,12.65,12.5,12.65,1105.0
2021-07-05 14:09:00,NSE:SHREERAMA,12.65,12.65,12.6,12.6,300.0
2021-07-05 14:15:00,NSE:SHREERAMA,12.65,12.65,12.55,12.6,61.0
2021-07-05 14:18:00,NSE:SHREERAMA,12.65,12.65,12.55,12.55,55.0
2021-07-05 14:24:00,NSE:SHREERAMA,12.6,12.6,12.6,12.6,1000.0
2021-07-05 14:27:00,NSE:SHREERAMA,12.55,12.55,12.55,12.55,1100.0
2021-07-05 14:30:00,NSE:SHREERAMA,12.55,12.55,12.55,12.55,50.0
2021-07-05 14:36:00,NSE:SHREERAMA,12.6,12.6,12.6,12.6,38.0
2021-07-05 14:39:00,NSE:SHREERAMA,12.55,12.55,12.55,12.55,40.0
2021-07-05 14:42:00,NSE:SHREERAMA,12.55,12.55,12.55,12.55,15.0
2021-07-05 14:45:00,NSE:SHREERAMA,12.6,12.6,12.55,12.55,507.0
2021-07-05 14:48:00,NSE:SHREERAMA,12.55,12.55,12.45,12.45,10211.0
2021-07-05 14:51:00,NSE:SHREERAMA,12.5,12.5,12.5,12.5,2.0
2021-07-05 14:54:00,NSE:SHREERAMA,12.5,12.55,12.5,12.55,10035.0
2021-07-05 14:57:00,NSE:SHREERAMA,12.5,12.5,12.5,12.5,150.0
2021-07-05 15:00:00,NSE:SHREERAMA,12.45,12.45,12.45,12.45,210.0
2021-07-05 15:03:00,NSE:SHREERAMA,12.45,12.45,12.45,12.45,1000.0
2021-07-05 15:06:00,NSE:SHREERAMA,12.55,12.55,12.55,12.55,15.0
2021-07-05 15:09:00,NSE:SHREERAMA,12.45,12.55,12.4,12.55,25692.0
2021-07-05 15:12:00,NSE:SHREERAMA,12.5,12.5,12.5,12.5,998.0
2021-07-05 15:18:00,NSE:SHREERAMA,12.45,12.45,12.45,12.45,441.0
2021-07-05 15:21:00,NSE:SHREERAMA,12.45,12.45,12.45,12.45,2865.0
2021-07-05 15:24:00,NSE:SHREERAMA,12.45,12.5,12.45,12.45,3824.0
2021-07-05 15:27:00,NSE:SHREERAMA,12.45,12.6,12.4,12.6,18254.0
2021-07-05 15:51:00,NSE:SHREERAMA,12.45,12.45,12.45,12.45,35.0
2021-07-06 09:06:00,NSE:SHREERAMA,12.3,12.3,12.3,12.3,401.0
2021-07-06 09:15:00,NSE:SHREERAMA,12.3,12.35,12.3,12.35,2506.0
2021-07-06 09:18:00,NSE:SHREERAMA,12.35,12.35,12.3,12.3,1610.0
2021-07-06 09:21:00,NSE:SHREERAMA,12.35,12.35,12.3,12.3,1515.0
2021-07-06 09:24:00,NSE:SHREERAMA,12.35,12.45,12.35,12.45,3143.0
2021-07-06 09:27:00,NSE:SHREERAMA,12.35,12.45,12.35,12.45,105.0
2021-07-06 09:30:00,NSE:SHREERAMA,12.45,12.45,12.4,12.4,265.0
2021-07-06 09:33:00,NSE:SHREERAMA,12.4,12.4,12.4,12.4,950.0
2021-07-06 09:36:00,NSE:SHREERAMA,12.45,12.5,12.45,12.5,2900.0
2021-07-06 09:42:00,NSE:SHREERAMA,12.45,12.5,12.45,12.5,56.0
2021-07-06 09:45:00,NSE:SHREERAMA,12.5,12.5,12.4,12.5,2071.0
2021-07-06 09:48:00,NSE:SHREERAMA,12.35,12.5,12.35,12.5,3115.0
2021-07-06 09:51:00,NSE:SHREERAMA,12.5,12.5,12.5,12.5,1010.0
2021-07-06 09:54:00,NSE:SHREERAMA,12.35,12.5,12.35,12.5,3286.0
2021-07-06 09:57:00,NSE:SHREERAMA,12.6,12.6,12.6,12.6,700.0
2021-07-06 10:03:00,NSE:SHREERAMA,12.6,12.6,12.5,12.5,62.0
2021-07-06 10:06:00,NSE:SHREERAMA,12.55,12.55,12.55,12.55,61.0
2021-07-06 10:09:00,NSE:SHREERAMA,12.65,12.65,12.65,12.65,1000.0
2021-07-06 10:12:00,NSE:SHREERAMA,12.65,12.65,12.65,12.65,350.0
2021-07-06 10:15:00,NSE:SHREERAMA,12.7,12.7,12.6,12.6,1034.0
2021-07-06 10:18:00,NSE:SHREERAMA,12.6,12.6,12.6,12.6,350.0
2021-07-06 10:21:00,NSE:SHREERAMA,12.6,12.65,12.6,12.65,441.0
2021-07-06 10:24:00,NSE:SHREERAMA,12.7,12.7,12.7,12.7,30.0
2021-07-06 10:30:00,NSE:SHREERAMA,12.6,12.6,12.5,12.55,3466.0
2021-07-06 10:33:00,NSE:SHREERAMA,12.55,12.55,12.55,12.55,130.0
2021-07-06 10:36:00,NSE:SHREERAMA,12.55,12.55,12.55,12.55,558.0
2021-07-06 10:39:00,NSE:SHREERAMA,12.65,12.65,12.65,12.65,1017.0
2021-07-06 10:45:00,NSE:SHREERAMA,12.65,12.65,12.6,12.6,1195.0
2021-07-06 10:48:00,NSE:SHREERAMA,12.65,12.65,12.65,12.65,682.0
2021-07-06 10:51:00,NSE:SHREERAMA,12.65,12.65,12.65,12.65,1.0
2021-07-06 10:54:00,NSE:SHREERAMA,12.65,12.65,12.65,12.65,24.0
2021-07-06 11:06:00,NSE:SHREERAMA,12.5,12.5,12.5,12.5,2798.0
2021-07-06 11:09:00,NSE:SHREERAMA,12.5,12.5,12.5,12.5,65.0
2021-07-06 11:15:00,NSE:SHREERAMA,12.5,12.5,12.5,12.5,69.0
2021-07-06 11:18:00,NSE:SHREERAMA,12.6,12.6,12.6,12.6,200.0
2021-07-06 11:21:00,NSE:SHREERAMA,12.6,12.6,12.6,12.6,1100.0
2021-07-06 11:24:00,NSE:SHREERAMA,12.6,12.6,12.6,12.6,30.0
2021-07-06 11:30:00,NSE:SHREERAMA,12.6,12.6,12.6,12.6,100.0
2021-07-06 11:33:00,NSE:SHREERAMA,12.6,12.6,12.55,12.55,304.0
2021-07-06 11:36:00,NSE:SHREERAMA,12.6,12.6,12.6,12.6,400.0
2021-07-06 11:39:00,NSE:SHREERAMA,12.6,12.6,12.6,12.6,70.0
2021-07-06 11:42:00,NSE:SHREERAMA,12.65,12.65,12.65,12.65,2999.0
2021-07-06 11:45:00,NSE:SHREERAMA,12.65,12.65,12.6,12.6,1001.0
2021-07-06 11:48:00,NSE:SHREERAMA,12.6,12.6,12.6,12.6,2819.0
2021-07-06 11:51:00,NSE:SHREERAMA,12.6,12.6,12.6,12.6,500.0
2021-07-06 11:54:00,NSE:SHREERAMA,12.6,12.7,12.6,12.7,5350.0
2021-07-06 11:57:00,NSE:SHREERAMA,12.7,12.7,12.7,12.7,404.0
2021-07-06 12:00:00,NSE:SHREERAMA,12.7,12.7,12.7,12.7,407.0
2021-07-06 12:03:00,NSE:SHREERAMA,12.7,12.7,12.7,12.7,2428.0
2021-07-06 12:06:00,NSE:SHREERAMA,12.75,12.75,12.7,12.7,113.0
2021-07-06 12:09:00,NSE:SHREERAMA,12.7,12.7,12.7,12.7,10.0
2021-07-06 12:12:00,NSE:SHREERAMA,12.7,12.7,12.7,12.7,500.0
2021-07-06 12:15:00,NSE:SHREERAMA,12.75,12.75,12.75,12.75,20.0
2021-07-06 12:21:00,NSE:SHREERAMA,12.8,12.8,12.8,12.8,562.0
2021-07-06 12:27:00,NSE:SHREERAMA,12.8,12.8,12.8,12.8,495.0
2021-07-06 12:39:00,NSE:SHREERAMA,12.75,12.75,12.7,12.7,288.0
2021-07-06 12:42:00,NSE:SHREERAMA,12.75,12.75,12.75,12.75,10.0
2021-07-06 12:48:00,NSE:SHREERAMA,12.75,12.75,12.75,12.75,10.0
2021-07-06 12:57:00,NSE:SHREERAMA,12.7,12.75,12.7,12.75,1588.0
2021-07-06 13:00:00,NSE:SHREERAMA,12.65,12.65,12.65,12.65,310.0
2021-07-06 13:06:00,NSE:SHREERAMA,12.8,12.8,12.75,12.75,801.0
2021-07-06 13:12:00,NSE:SHREERAMA,12.8,12.8,12.8,12.8,150.0
2021-07-06 13:15:00,NSE:SHREERAMA,12.65,12.7,12.65,12.7,2306.0
2021-07-06 13:18:00,NSE:SHREERAMA,12.7,12.75,12.7,12.75,2790.0
2021-07-06 13:21:00,NSE:SHREERAMA,12.8,12.8,12.8,12.8,4500.0
2021-07-06 13:27:00,NSE:SHREERAMA,12.75,12.75,12.75,12.75,10000.0
2021-07-06 13:36:00,NSE:SHREERAMA,12.8,12.8,12.8,12.8,330.0
2021-07-06 13:48:00,NSE:SHREERAMA,12.8,12.8,12.7,12.7,3031.0
2021-07-06 13:57:00,NSE:SHREERAMA,12.7,12.7,12.65,12.65,117.0
2021-07-06 14:03:00,NSE:SHREERAMA,12.65,12.65,12.65,12.65,100.0
2021-07-06 14:12:00,NSE:SHREERAMA,12.7,12.7,12.7,12.7,100.0
2021-07-06 14:15:00,NSE:SHREERAMA,12.6,12.65,12.6,12.6,3566.0
2021-07-06 14:18:00,NSE:SHREERAMA,12.65,12.65,12.6,12.6,134.0
2021-07-06 14:24:00,NSE:SHREERAMA,12.6,12.6,12.6,12.6,2000.0
2021-07-06 14:27:00,NSE:SHREERAMA,12.6,12.7,12.6,12.7,1833.0
2021-07-06 14:33:00,NSE:SHREERAMA,12.6,12.6,12.6,12.6,2267.0
2021-07-06 14:36:00,NSE:SHREERAMA,12.6,12.6,12.6,12.6,207.0
2021-07-06 14:39:00,NSE:SHREERAMA,12.6,12.6,12.6,12.6,26.0
2021-07-06 14:42:00,NSE:SHREERAMA,12.6,12.6,12.6,12.6,374.0
2021-07-06 14:45:00,NSE:SHREERAMA,12.55,12.6,12.55,12.6,626.0
2021-07-06 14:48:00,NSE:SHREERAMA,12.65,12.65,12.65,12.65,1100.0
2021-07-06 14:51:00,NSE:SHREERAMA,12.6,12.6,12.6,12.6,50.0
2021-07-06 14:54:00,NSE:SHREERAMA,12.6,12.6,12.6,12.6,450.0
2021-07-06 14:57:00,NSE:SHREERAMA,12.55,12.55,12.55,12.55,300.0
2021-07-06 15:00:00,NSE:SHREERAMA,12.6,12.6,12.6,12.6,600.0
2021-07-06 15:06:00,NSE:SHREERAMA,12.6,12.6,12.55,12.55,500.0
2021-07-06 15:09:00,NSE:SHREERAMA,12.55,12.55,12.55,12.55,500.0
2021-07-06 15:12:00,NSE:SHREERAMA,12.6,12.6,12.6,12.6,30.0
2021-07-06 15:15:00,NSE:SHREERAMA,12.6,12.6,12.6,12.6,600.0
2021-07-06 15:18:00,NSE:SHREERAMA,12.6,12.6,12.6,12.6,4114.0
2021-07-06 15:21:00,NSE:SHREERAMA,12.65,12.65,12.65,12.65,999.0
2021-07-06 15:24:00,NSE:SHREERAMA,12.7,12.7,12.7,12.7,886.0
2021-07-06 15:27:00,NSE:SHREERAMA,12.7,12.7,12.5,12.5,3957.0
2021-07-07 09:06:00,NSE:SHREERAMA,12.75,12.75,12.75,12.75,2001.0
2021-07-07 09:15:00,NSE:SHREERAMA,12.75,12.75,12.7,12.75,9011.0
2021-07-07 09:18:00,NSE:SHREERAMA,12.7,12.7,12.7,12.7,1000.0
2021-07-07 09:21:00,NSE:SHREERAMA,12.6,12.6,12.55,12.55,771.0
2021-07-07 09:24:00,NSE:SHREERAMA,12.7,12.7,12.55,12.55,6130.0
2021-07-07 09:27:00,NSE:SHREERAMA,12.7,12.75,12.7,12.75,6005.0
2021-07-07 09:30:00,NSE:SHREERAMA,12.65,12.65,12.65,12.65,70.0
2021-07-07 09:33:00,NSE:SHREERAMA,12.75,12.75,12.75,12.75,1.0
2021-07-07 09:36:00,NSE:SHREERAMA,12.75,12.75,12.75,12.75,30.0
2021-07-07 09:39:00,NSE:SHREERAMA,12.75,12.75,12.75,12.75,1.0
2021-07-07 09:42:00,NSE:SHREERAMA,12.65,12.7,12.65,12.7,7300.0
2021-07-07 09:45:00,NSE:SHREERAMA,12.5,12.65,12.45,12.6,16696.0
2021-07-07 09:48:00,NSE:SHREERAMA,12.5,12.5,12.5,12.5,2835.0
2021-07-07 09:51:00,NSE:SHREERAMA,12.45,12.45,12.45,12.45,1400.0
2021-07-07 09:54:00,NSE:SHREERAMA,12.5,12.5,12.5,12.5,5.0
2021-07-07 09:57:00,NSE:SHREERAMA,12.5,12.5,12.5,12.5,1911.0
2021-07-07 10:03:00,NSE:SHREERAMA,12.5,12.55,12.5,12.55,1994.0
2021-07-07 10:06:00,NSE:SHREERAMA,12.55,12.55,12.45,12.45,534.0
2021-07-07 10:12:00,NSE:SHREERAMA,12.45,12.45,12.45,12.45,158.0
2021-07-07 10:15:00,NSE:SHREERAMA,12.45,12.5,12.45,12.5,1172.0
2021-07-07 10:18:00,NSE:SHREERAMA,12.55,12.55,12.55,12.55,6597.0
2021-07-07 10:21:00,NSE:SHREERAMA,12.55,12.55,12.55,12.55,609.0
2021-07-07 10:24:00,NSE:SHREERAMA,12.55,12.55,12.55,12.55,30.0
2021-07-07 10:27:00,NSE:SHREERAMA,12.5,12.5,12.5,12.5,500.0
2021-07-07 10:33:00,NSE:SHREERAMA,12.55,12.55,12.55,12.55,29.0
2021-07-07 10:36:00,NSE:SHREERAMA,12.55,12.55,12.55,12.55,150.0
2021-07-07 10:42:00,NSE:SHREERAMA,12.6,12.6,12.6,12.6,100.0
2021-07-07 10:45:00,NSE:SHREERAMA,12.6,12.6,12.6,12.6,1500.0
2021-07-07 10:51:00,NSE:SHREERAMA,12.6,12.6,12.6,12.6,200.0
2021-07-07 10:54:00,NSE:SHREERAMA,12.75,12.95,12.75,12.75,25844.0
2021-07-07 10:57:00,NSE:SHREERAMA,12.9,12.9,12.9,12.9,556.0
2021-07-07 11:03:00,NSE:SHREERAMA,12.75,12.75,12.75,12.75,459.0
2021-07-07 11:06:00,NSE:SHREERAMA,12.75,12.75,12.75,12.75,1.0
2021-07-07 11:09:00,NSE:SHREERAMA,12.7,12.7,12.7,12.7,1000.0
2021-07-07 11:12:00,NSE:SHREERAMA,12.7,12.7,12.7,12.7,20.0
2021-07-07 11:21:00,NSE:SHREERAMA,12.7,12.7,12.7,12.7,810.0
2021-07-07 11:24:00,NSE:SHREERAMA,12.7,12.7,12.7,12.7,51.0
2021-07-07 11:27:00,NSE:SHREERAMA,12.7,12.7,12.7,12.7,150.0
2021-07-07 11:33:00,NSE:SHREERAMA,12.7,12.7,12.7,12.7,101.0
2021-07-07 11:51:00,NSE:SHREERAMA,12.75,12.75,12.7,12.7,51.0
2021-07-07 11:57:00,NSE:SHREERAMA,12.7,12.7,12.7,12.7,299.0
2021-07-07 12:00:00,NSE:SHREERAMA,12.7,12.75,12.7,12.75,502.0
2021-07-07 12:03:00,NSE:SHREERAMA,12.75,12.75,12.65,12.65,1953.0
2021-07-07 12:06:00,NSE:SHREERAMA,12.65,12.7,12.65,12.7,397.0
2021-07-07 12:09:00,NSE:SHREERAMA,12.75,12.75,12.7,12.7,597.0
2021-07-07 12:12:00,NSE:SHREERAMA,12.7,12.9,12.7,12.9,10388.0
2021-07-07 12:15:00,NSE:SHREERAMA,13.0,13.0,12.95,12.95,11000.0
2021-07-07 12:24:00,NSE:SHREERAMA,12.85,12.95,12.85,12.95,2050.0
2021-07-07 12:27:00,NSE:SHREERAMA,12.95,12.95,12.85,12.85,612.0
2021-07-07 12:30:00,NSE:SHREERAMA,12.9,12.95,12.9,12.95,1150.0
2021-07-07 12:36:00,NSE:SHREERAMA,12.9,12.9,12.9,12.9,200.0
2021-07-07 12:39:00,NSE:SHREERAMA,12.95,12.95,12.95,12.95,2187.0
2021-07-07 12:45:00,NSE:SHREERAMA,12.9,12.9,12.9,12.9,500.0
2021-07-07 12:48:00,NSE:SHREERAMA,12.9,12.9,12.85,12.85,590.0
2021-07-07 12:51:00,NSE:SHREERAMA,12.85,12.85,12.85,12.85,100.0
2021-07-07 12:54:00,NSE:SHREERAMA,12.9,12.95,12.9,12.95,722.0
2021-07-07 12:57:00,NSE:SHREERAMA,12.9,12.95,12.9,12.95,1580.0
2021-07-07 13:00:00,NSE:SHREERAMA,12.9,12.9,12.9,12.9,1703.0
2021-07-07 13:03:00,NSE:SHREERAMA,12.9,12.9,12.9,12.9,297.0
2021-07-07 13:06:00,NSE:SHREERAMA,12.95,12.95,12.85,12.9,790.0
2021-07-07 13:15:00,NSE:SHREERAMA,12.95,12.95,12.95,12.95,870.0
2021-07-07 13:18:00,NSE:SHREERAMA,13.0,13.0,13.0,13.0,2700.0
2021-07-07 13:21:00,NSE:SHREERAMA,12.9,13.0,12.9,13.0,1356.0
2021-07-07 13:24:00,NSE:SHREERAMA,13.0,13.0,13.0,13.0,246.0
2021-07-07 13:27:00,NSE:SHREERAMA,13.0,13.0,13.0,13.0,280.0
2021-07-07 13:30:00,NSE:SHREERAMA,13.0,13.0,12.95,12.95,2100.0
2021-07-07 13:33:00,NSE:SHREERAMA,12.95,12.95,12.95,12.95,2.0
2021-07-07 13:42:00,NSE:SHREERAMA,13.0,13.0,13.0,13.0,2617.0
2021-07-07 13:45:00,NSE:SHREERAMA,13.0,13.0,12.95,12.95,950.0
2021-07-07 13:48:00,NSE:SHREERAMA,12.95,12.95,12.95,12.95,3400.0
2021-07-07 14:03:00,NSE:SHREERAMA,12.9,12.9,12.9,12.9,121.0
2021-07-07 14:06:00,NSE:SHREERAMA,12.9,12.9,12.9,12.9,250.0
2021-07-07 14:09:00,NSE:SHREERAMA,12.9,12.9,12.9,12.9,200.0
2021-07-07 14:12:00,NSE:SHREERAMA,12.85,12.9,12.85,12.9,45.0
2021-07-07 14:18:00,NSE:SHREERAMA,12.85,12.85,12.85,12.85,100.0
2021-07-07 14:21:00,NSE:SHREERAMA,12.85,12.85,12.85,12.85,1912.0
2021-07-07 14:27:00,NSE:SHREERAMA,12.85,13.0,12.85,13.0,6838.0
2021-07-07 14:36:00,NSE:SHREERAMA,12.95,12.95,12.9,12.9,101.0
2021-07-07 14:39:00,NSE:SHREERAMA,12.85,12.95,12.85,12.95,201.0
2021-07-07 14:42:00,NSE:SHREERAMA,12.95,13.0,12.95,13.0,2963.0
2021-07-07 14:45:00,NSE:SHREERAMA,13.0,13.0,13.0,13.0,2493.0
2021-07-07 14:48:00,NSE:SHREERAMA,12.95,12.95,12.85,12.95,1700.0
2021-07-07 14:51:00,NSE:SHREERAMA,12.95,12.95,12.95,12.95,1200.0
2021-07-07 14:54:00,NSE:SHREERAMA,12.95,12.95,12.95,12.95,50.0
2021-07-07 14:57:00,NSE:SHREERAMA,12.95,12.95,12.95,12.95,1500.0
2021-07-07 15:00:00,NSE:SHREERAMA,12.95,12.95,12.9,12.9,3150.0
2021-07-07 15:06:00,NSE:SHREERAMA,12.95,12.95,12.9,12.9,1738.0
2021-07-07 15:09:00,NSE:SHREERAMA,12.9,12.9,12.9,12.9,501.0
2021-07-07 15:12:00,NSE:SHREERAMA,12.9,13.0,12.85,13.0,1644.0
2021-07-07 15:15:00,NSE:SHREERAMA,13.0,13.2,13.0,13.2,21559.0
2021-07-07 15:18:00,NSE:SHREERAMA,13.2,13.2,13.05,13.2,7830.0
2021-07-07 15:21:00,NSE:SHREERAMA,13.2,13.2,13.2,13.2,10952.0
2021-07-07 15:24:00,NSE:SHREERAMA,13.2,13.2,13.15,13.15,6614.0
2021-07-07 15:27:00,NSE:SHREERAMA,13.2,13.2,13.15,13.2,4921.0
2021-07-07 15:42:00,NSE:SHREERAMA,13.15,13.15,13.15,13.15,224.0
2021-07-08 09:06:00,NSE:SHREERAMA,13.35,13.35,13.35,13.35,3.0
2021-07-08 09:15:00,NSE:SHREERAMA,13.35,13.35,13.1,13.1,2071.0
2021-07-08 09:18:00,NSE:SHREERAMA,13.2,13.2,13.05,13.15,2290.0
2021-07-08 09:21:00,NSE:SHREERAMA,13.05,13.15,13.05,13.15,695.0
2021-07-08 09:24:00,NSE:SHREERAMA,13.15,13.15,13.1,13.1,550.0
2021-07-08 09:27:00,NSE:SHREERAMA,13.1,13.1,13.1,13.1,5.0
2021-07-08 09:30:00,NSE:SHREERAMA,13.15,13.15,13.1,13.1,1684.0
2021-07-08 09:33:00,NSE:SHREERAMA,13.1,13.15,13.1,13.15,2138.0
2021-07-08 09:36:00,NSE:SHREERAMA,13.3,13.3,13.3,13.3,300.0
2021-07-08 09:39:00,NSE:SHREERAMA,13.3,13.3,13.3,13.3,100.0
2021-07-08 09:42:00,NSE:SHREERAMA,13.3,13.3,13.2,13.2,254.0
2021-07-08 09:45:00,NSE:SHREERAMA,13.3,13.3,13.3,13.3,1000.0
2021-07-08 09:48:00,NSE:SHREERAMA,13.35,13.35,13.25,13.25,3190.0
2021-07-08 09:54:00,NSE:SHREERAMA,13.2,13.25,13.1,13.25,3677.0
2021-07-08 09:57:00,NSE:SHREERAMA,13.2,13.2,13.2,13.2,30.0
2021-07-08 10:00:00,NSE:SHREERAMA,13.25,13.25,13.25,13.25,161.0
2021-07-08 10:03:00,NSE:SHREERAMA,13.25,13.25,13.15,13.15,90.0
2021-07-08 10:06:00,NSE:SHREERAMA,13.25,13.25,13.1,13.1,4044.0
2021-07-08 10:09:00,NSE:SHREERAMA,13.1,13.1,12.9,12.9,16000.0
2021-07-08 10:15:00,NSE:SHREERAMA,12.9,12.9,12.9,12.9,2000.0
2021-07-08 10:18:00,NSE:SHREERAMA,13.05,13.05,13.05,13.05,33.0
2021-07-08 10:24:00,NSE:SHREERAMA,13.0,13.05,13.0,13.05,300.0
2021-07-08 10:27:00,NSE:SHREERAMA,13.0,13.05,13.0,13.05,2487.0
2021-07-08 10:30:00,NSE:SHREERAMA,13.05,13.05,13.0,13.0,143.0
2021-07-08 10:33:00,NSE:SHREERAMA,13.05,13.05,13.05,13.05,8.0
2021-07-08 10:42:00,NSE:SHREERAMA,12.9,12.95,12.9,12.95,525.0
2021-07-08 10:45:00,NSE:SHREERAMA,12.95,12.95,12.95,12.95,75.0
2021-07-08 10:48:00,NSE:SHREERAMA,13.05,13.05,13.05,13.05,70.0
2021-07-08 10:51:00,NSE:SHREERAMA,12.95,12.95,12.95,12.95,25.0
2021-07-08 10:54:00,NSE:SHREERAMA,12.9,12.9,12.9,12.9,540.0
2021-07-08 10:57:00,NSE:SHREERAMA,13.05,13.05,13.05,13.05,30.0
2021-07-08 11:00:00,NSE:SHREERAMA,12.9,13.0,12.9,13.0,301.0
2021-07-08 11:03:00,NSE:SHREERAMA,12.95,13.05,12.95,13.05,560.0
2021-07-08 11:09:00,NSE:SHREERAMA,12.95,12.95,12.95,12.95,312.0
2021-07-08 11:12:00,NSE:SHREERAMA,12.95,13.0,12.95,12.95,1506.0
2021-07-08 11:15:00,NSE:SHREERAMA,13.05,13.05,13.05,13.05,1000.0
2021-07-08 11:18:00,NSE:SHREERAMA,13.05,13.05,12.95,13.05,543.0
2021-07-08 11:21:00,NSE:SHREERAMA,13.05,13.05,12.95,12.95,84.0
2021-07-08 11:27:00,NSE:SHREERAMA,12.95,12.95,12.95,12.95,1.0
2021-07-08 11:30:00,NSE:SHREERAMA,12.95,12.95,12.95,12.95,78.0
2021-07-08 11:39:00,NSE:SHREERAMA,13.0,13.0,12.95,12.95,1659.0
2021-07-08 11:42:00,NSE:SHREERAMA,12.95,12.95,12.9,12.9,655.0
2021-07-08 11:45:00,NSE:SHREERAMA,12.95,12.95,12.95,12.95,25.0
2021-07-08 11:48:00,NSE:SHREERAMA,12.9,12.9,12.9,12.9,40.0
2021-07-08 11:51:00,NSE:SHREERAMA,12.9,12.9,12.9,12.9,2000.0
2021-07-08 12:06:00,NSE:SHREERAMA,12.95,12.95,12.95,12.95,800.0
2021-07-08 12:09:00,NSE:SHREERAMA,12.95,13.05,12.95,13.05,5363.0
2021-07-08 12:12:00,NSE:SHREERAMA,13.0,13.0,13.0,13.0,30.0
2021-07-08 12:15:00,NSE:SHREERAMA,13.05,13.05,12.95,12.95,1067.0
2021-07-08 12:27:00,NSE:SHREERAMA,13.0,13.0,13.0,13.0,100.0
2021-07-08 12:33:00,NSE:SHREERAMA,13.05,13.05,13.0,13.0,505.0
2021-07-08 12:36:00,NSE:SHREERAMA,13.05,13.05,13.05,13.05,1.0
2021-07-08 12:39:00,NSE:SHREERAMA,13.0,13.05,13.0,13.05,1289.0
2021-07-08 12:48:00,NSE:SHREERAMA,13.1,13.1,13.1,13.1,350.0
2021-07-08 12:51:00,NSE:SHREERAMA,13.05,13.05,13.05,13.05,10.0
2021-07-08 12:54:00,NSE:SHREERAMA,13.0,13.0,13.0,13.0,300.0
2021-07-08 12:57:00,NSE:SHREERAMA,13.1,13.1,13.1,13.1,150.0
2021-07-08 13:03:00,NSE:SHREERAMA,13.0,13.0,13.0,13.0,150.0
2021-07-08 13:09:00,NSE:SHREERAMA,13.0,13.05,13.0,13.05,15.0
2021-07-08 13:21:00,NSE:SHREERAMA,13.0,13.0,13.0,13.0,2151.0
2021-07-08 13:27:00,NSE:SHREERAMA,13.0,13.0,12.95,13.0,859.0
2021-07-08 13:30:00,NSE:SHREERAMA,13.0,13.0,13.0,13.0,3.0
2021-07-08 13:33:00,NSE:SHREERAMA,13.0,13.0,13.0,13.0,62.0
2021-07-08 13:51:00,NSE:SHREERAMA,13.0,13.0,13.0,13.0,116.0
2021-07-08 13:54:00,NSE:SHREERAMA,13.0,13.0,13.0,13.0,180.0
2021-07-08 14:00:00,NSE:SHREERAMA,13.0,13.0,12.95,12.95,217.0
2021-07-08 14:06:00,NSE:SHREERAMA,12.95,12.95,12.9,12.9,1000.0
2021-07-08 14:09:00,NSE:SHREERAMA,12.95,12.95,12.95,12.95,101.0
2021-07-08 14:12:00,NSE:SHREERAMA,12.95,13.0,12.9,12.9,579.0
2021-07-08 14:18:00,NSE:SHREERAMA,13.0,13.1,13.0,13.1,4500.0
2021-07-08 14:24:00,NSE:SHREERAMA,12.95,12.95,12.95,12.95,498.0
2021-07-08 14:30:00,NSE:SHREERAMA,13.0,13.0,13.0,13.0,232.0
2021-07-08 14:36:00,NSE:SHREERAMA,13.0,13.0,12.95,12.95,850.0
2021-07-08 14:39:00,NSE:SHREERAMA,12.95,12.95,12.95,12.95,50.0
2021-07-08 14:45:00,NSE:SHREERAMA,12.9,12.9,12.9,12.9,1168.0
2021-07-08 14:48:00,NSE:SHREERAMA,12.95,12.95,12.9,12.9,705.0
2021-07-08 14:54:00,NSE:SHREERAMA,12.9,12.9,12.9,12.9,307.0
2021-07-08 14:57:00,NSE:SHREERAMA,12.9,12.9,12.8,12.85,1249.0
2021-07-08 15:00:00,NSE:SHREERAMA,12.85,12.85,12.85,12.85,791.0
2021-07-08 15:09:00,NSE:SHREERAMA,12.95,12.95,12.95,12.95,36.0
2021-07-08 15:12:00,NSE:SHREERAMA,12.95,12.95,12.95,12.95,1000.0
2021-07-08 15:15:00,NSE:SHREERAMA,12.95,12.95,12.95,12.95,400.0
2021-07-08 15:18:00,NSE:SHREERAMA,12.9,12.9,12.85,12.85,2772.0
2021-07-08 15:21:00,NSE:SHREERAMA,12.85,12.85,12.85,12.85,3900.0
2021-07-08 15:24:00,NSE:SHREERAMA,12.8,12.8,12.8,12.8,500.0
2021-07-08 15:27:00,NSE:SHREERAMA,12.85,12.95,12.7,12.95,9038.0
2021-07-09 09:18:00,NSE:SHREERAMA,12.7,12.8,12.7,12.8,107.0
2021-07-09 09:21:00,NSE:SHREERAMA,12.75,12.75,12.75,12.75,1.0
2021-07-09 09:24:00,NSE:SHREERAMA,12.75,12.75,12.65,12.65,301.0
2021-07-09 09:27:00,NSE:SHREERAMA,12.7,12.7,12.45,12.45,2017.0
2021-07-09 09:30:00,NSE:SHREERAMA,12.65,12.65,12.6,12.6,590.0
2021-07-09 09:33:00,NSE:SHREERAMA,12.7,12.7,12.65,12.65,750.0
2021-07-09 09:36:00,NSE:SHREERAMA,12.75,12.75,12.75,12.75,71.0
2021-07-09 09:39:00,NSE:SHREERAMA,12.75,12.75,12.75,12.75,50.0
2021-07-09 09:42:00,NSE:SHREERAMA,12.7,12.7,12.7,12.7,1.0
2021-07-09 09:45:00,NSE:SHREERAMA,12.75,12.75,12.75,12.75,51.0
2021-07-09 09:51:00,NSE:SHREERAMA,12.75,12.75,12.75,12.75,2.0
2021-07-09 09:57:00,NSE:SHREERAMA,12.7,12.7,12.65,12.65,530.0
2021-07-09 10:06:00,NSE:SHREERAMA,12.75,12.75,12.75,12.75,300.0
2021-07-09 10:09:00,NSE:SHREERAMA,12.7,12.7,12.7,12.7,27.0
2021-07-09 10:12:00,NSE:SHREERAMA,12.6,12.6,12.6,12.6,1973.0
2021-07-09 10:15:00,NSE:SHREERAMA,12.55,12.55,12.55,12.55,402.0
2021-07-09 10:21:00,NSE:SHREERAMA,12.75,12.75,12.75,12.75,700.0
2021-07-09 10:30:00,NSE:SHREERAMA,12.75,12.75,12.75,12.75,99.0
2021-07-09 10:33:00,NSE:SHREERAMA,12.8,12.8,12.8,12.8,1999.0
2021-07-09 10:36:00,NSE:SHREERAMA,12.85,12.85,12.85,12.85,710.0
2021-07-09 10:39:00,NSE:SHREERAMA,12.7,12.85,12.7,12.85,2005.0
2021-07-09 10:45:00,NSE:SHREERAMA,12.85,12.9,12.85,12.85,2130.0
2021-07-09 10:54:00,NSE:SHREERAMA,12.85,12.85,12.85,12.85,200.0
2021-07-09 11:03:00,NSE:SHREERAMA,12.95,12.95,12.95,12.95,75.0
2021-07-09 11:06:00,NSE:SHREERAMA,13.0,13.0,13.0,13.0,2000.0
2021-07-09 11:09:00,NSE:SHREERAMA,12.9,12.9,12.9,12.9,38.0
2021-07-09 11:12:00,NSE:SHREERAMA,13.0,13.0,12.9,12.9,510.0
2021-07-09 11:18:00,NSE:SHREERAMA,12.85,12.85,12.85,12.85,100.0
2021-07-09 11:21:00,NSE:SHREERAMA,12.9,12.9,12.9,12.9,100.0
2021-07-09 11:27:00,NSE:SHREERAMA,12.9,13.0,12.9,13.0,44.0
2021-07-09 11:33:00,NSE:SHREERAMA,12.9,12.9,12.9,12.9,60.0
2021-07-09 11:36:00,NSE:SHREERAMA,13.0,13.0,12.9,12.9,20.0
2021-07-09 11:42:00,NSE:SHREERAMA,12.95,12.95,12.9,12.9,1140.0
2021-07-09 11:48:00,NSE:SHREERAMA,13.0,13.1,13.0,13.1,10000.0
2021-07-09 11:51:00,NSE:SHREERAMA,13.0,13.0,13.0,13.0,1.0
2021-07-09 11:54:00,NSE:SHREERAMA,12.95,12.95,12.95,12.95,1030.0
2021-07-09 12:00:00,NSE:SHREERAMA,12.95,13.0,12.9,13.0,217.0
2021-07-09 12:06:00,NSE:SHREERAMA,13.0,13.0,13.0,13.0,250.0
2021-07-09 12:09:00,NSE:SHREERAMA,12.95,13.0,12.95,13.0,1130.0
2021-07-09 12:18:00,NSE:SHREERAMA,12.95,12.95,12.95,12.95,2.0
2021-07-09 12:33:00,NSE:SHREERAMA,13.0,13.0,12.95,12.95,150.0
2021-07-09 13:00:00,NSE:SHREERAMA,12.9,12.9,12.9,12.9,1000.0
2021-07-09 13:12:00,NSE:SHREERAMA,12.95,12.95,12.9,12.9,2.0
2021-07-09 13:24:00,NSE:SHREERAMA,12.9,12.9,12.9,12.9,1.0
2021-07-09 13:30:00,NSE:SHREERAMA,12.9,12.95,12.9,12.95,510.0
2021-07-09 13:36:00,NSE:SHREERAMA,12.9,12.9,12.9,12.9,5.0
2021-07-09 13:45:00,NSE:SHREERAMA,12.95,12.95,12.95,12.95,16.0
2021-07-09 13:51:00,NSE:SHREERAMA,12.9,12.9,12.9,12.9,75.0
2021-07-09 14:06:00,NSE:SHREERAMA,13.0,13.0,13.0,13.0,1000.0
2021-07-09 14:18:00,NSE:SHREERAMA,13.0,13.0,13.0,13.0,50.0
2021-07-09 14:21:00,NSE:SHREERAMA,12.9,12.9,12.9,12.9,1000.0
2021-07-09 14:36:00,NSE:SHREERAMA,12.8,12.8,12.8,12.8,1885.0
2021-07-09 14:48:00,NSE:SHREERAMA,12.85,12.85,12.85,12.85,3000.0
2021-07-09 14:51:00,NSE:SHREERAMA,12.8,12.8,12.8,12.8,1000.0
2021-07-09 14:57:00,NSE:SHREERAMA,12.85,12.85,12.85,12.85,2165.0
2021-07-09 15:00:00,NSE:SHREERAMA,13.3,13.4,13.0,13.0,24146.0
2021-07-09 15:03:00,NSE:SHREERAMA,13.15,13.15,13.15,13.15,3.0
2021-07-09 15:06:00,NSE:SHREERAMA,13.1,13.4,13.1,13.4,3015.0
2021-07-09 15:09:00,NSE:SHREERAMA,13.35,13.35,13.2,13.2,3850.0
2021-07-09 15:12:00,NSE:SHREERAMA,13.35,13.35,13.25,13.25,700.0
2021-07-09 15:15:00,NSE:SHREERAMA,13.35,13.35,13.1,13.3,5171.0
2021-07-09 15:18:00,NSE:SHREERAMA,13.2,13.3,13.2,13.3,1821.0
2021-07-09 15:21:00,NSE:SHREERAMA,13.3,13.35,13.0,13.0,14458.0
2021-07-09 15:24:00,NSE:SHREERAMA,12.95,13.1,12.9,13.1,797.0
2021-07-09 15:27:00,NSE:SHREERAMA,13.0,13.1,12.9,13.0,6499.0
2021-07-12 09:06:00,NSE:SHREERAMA,13.45,13.45,13.45,13.45,1.0
2021-07-12 09:15:00,NSE:SHREERAMA,13.45,13.45,13.05,13.2,2720.0
2021-07-12 09:18:00,NSE:SHREERAMA,13.25,13.25,13.25,13.25,1800.0
2021-07-12 09:21:00,NSE:SHREERAMA,13.2,13.2,12.95,13.0,5365.0
2021-07-12 09:24:00,NSE:SHREERAMA,13.0,13.0,12.9,13.0,3290.0
2021-07-12 09:27:00,NSE:SHREERAMA,13.0,13.0,12.95,13.0,9448.0
2021-07-12 09:30:00,NSE:SHREERAMA,13.0,13.0,12.95,12.95,140.0
2021-07-12 09:33:00,NSE:SHREERAMA,13.0,13.15,13.0,13.15,2531.0
2021-07-12 09:36:00,NSE:SHREERAMA,13.15,13.15,13.15,13.15,1483.0
2021-07-12 09:39:00,NSE:SHREERAMA,13.15,13.15,13.15,13.15,2000.0
2021-07-12 09:42:00,NSE:SHREERAMA,13.2,13.25,13.15,13.25,4504.0
2021-07-12 09:45:00,NSE:SHREERAMA,12.9,13.1,12.9,13.05,18579.0
2021-07-12 09:48:00,NSE:SHREERAMA,13.05,13.15,13.05,13.1,292.0
2021-07-12 09:54:00,NSE:SHREERAMA,13.15,13.25,13.15,13.25,3669.0
2021-07-12 09:57:00,NSE:SHREERAMA,13.25,13.25,12.9,12.9,4929.0
2021-07-12 10:00:00,NSE:SHREERAMA,13.15,13.15,13.15,13.15,63.0
2021-07-12 10:03:00,NSE:SHREERAMA,13.2,13.2,13.2,13.2,45.0
2021-07-12 10:06:00,NSE:SHREERAMA,13.25,13.25,13.25,13.25,22.0
2021-07-12 10:12:00,NSE:SHREERAMA,13.2,13.2,13.2,13.2,510.0
2021-07-12 10:15:00,NSE:SHREERAMA,13.2,13.2,13.15,13.15,210.0
2021-07-12 10:18:00,NSE:SHREERAMA,13.1,13.1,13.1,13.1,100.0
2021-07-12 10:24:00,NSE:SHREERAMA,13.1,13.1,13.1,13.1,500.0
2021-07-12 10:27:00,NSE:SHREERAMA,13.1,13.15,13.1,13.15,1680.0
2021-07-12 10:30:00,NSE:SHREERAMA,13.2,13.2,13.2,13.2,1821.0
2021-07-12 10:33:00,NSE:SHREERAMA,13.25,13.25,13.25,13.25,825.0
2021-07-12 10:36:00,NSE:SHREERAMA,13.25,13.25,13.25,13.25,100.0
2021-07-12 10:39:00,NSE:SHREERAMA,13.25,13.25,13.05,13.05,6069.0
2021-07-12 10:42:00,NSE:SHREERAMA,13.05,13.05,13.05,13.05,501.0
2021-07-12 10:45:00,NSE:SHREERAMA,13.05,13.1,13.05,13.1,2129.0
2021-07-12 10:48:00,NSE:SHREERAMA,13.1,13.1,13.1,13.1,2375.0
2021-07-12 10:51:00,NSE:SHREERAMA,13.15,13.15,13.0,13.0,18803.0
2021-07-12 10:54:00,NSE:SHREERAMA,13.0,13.0,13.0,13.0,910.0
2021-07-12 10:57:00,NSE:SHREERAMA,13.0,13.0,13.0,13.0,525.0
2021-07-12 11:00:00,NSE:SHREERAMA,13.0,13.0,13.0,13.0,10.0
2021-07-12 11:06:00,NSE:SHREERAMA,13.0,13.0,13.0,13.0,35.0
2021-07-12 11:09:00,NSE:SHREERAMA,12.95,13.0,12.95,13.0,507.0
2021-07-12 11:12:00,NSE:SHREERAMA,13.0,13.0,13.0,13.0,20.0
2021-07-12 11:18:00,NSE:SHREERAMA,12.95,12.95,12.95,12.95,100.0
2021-07-12 11:21:00,NSE:SHREERAMA,13.0,13.0,13.0,13.0,1698.0
2021-07-12 11:24:00,NSE:SHREERAMA,13.0,13.0,13.0,13.0,153.0
2021-07-12 11:27:00,NSE:SHREERAMA,13.0,13.0,13.0,13.0,110.0
2021-07-12 11:30:00,NSE:SHREERAMA,13.0,13.0,13.0,13.0,1800.0
2021-07-12 11:33:00,NSE:SHREERAMA,13.0,13.0,13.0,13.0,600.0
2021-07-12 11:36:00,NSE:SHREERAMA,13.0,13.0,13.0,13.0,201.0
2021-07-12 11:42:00,NSE:SHREERAMA,13.0,13.0,13.0,13.0,500.0
2021-07-12 11:45:00,NSE:SHREERAMA,12.95,13.0,12.95,13.0,6518.0
2021-07-12 11:48:00,NSE:SHREERAMA,12.9,12.9,12.85,12.9,2210.0
2021-07-12 11:51:00,NSE:SHREERAMA,12.9,12.9,12.85,12.85,515.0
2021-07-12 11:54:00,NSE:SHREERAMA,12.9,12.9,12.9,12.9,1000.0
2021-07-12 11:57:00,NSE:SHREERAMA,12.95,12.95,12.9,12.9,1307.0
2021-07-12 12:00:00,NSE:SHREERAMA,12.9,12.9,12.9,12.9,200.0
2021-07-12 12:06:00,NSE:SHREERAMA,12.9,12.9,12.9,12.9,332.0
2021-07-12 12:18:00,NSE:SHREERAMA,13.0,13.0,13.0,13.0,256.0
2021-07-12 12:24:00,NSE:SHREERAMA,13.0,13.0,13.0,13.0,2.0
2021-07-12 12:33:00,NSE:SHREERAMA,13.0,13.0,12.9,12.9,251.0
2021-07-12 12:36:00,NSE:SHREERAMA,13.05,13.1,13.05,13.1,6256.0
2021-07-12 12:39:00,NSE:SHREERAMA,13.0,13.0,13.0,13.0,5.0
2021-07-12 12:42:00,NSE:SHREERAMA,13.0,13.0,13.0,13.0,1807.0
2021-07-12 12:45:00,NSE:SHREERAMA,13.0,13.05,12.95,13.05,3194.0
2021-07-12 13:00:00,NSE:SHREERAMA,13.05,13.05,13.05,13.05,60.0
2021-07-12 13:03:00,NSE:SHREERAMA,12.95,12.95,12.95,12.95,500.0
2021-07-12 13:06:00,NSE:SHREERAMA,12.95,12.95,12.95,12.95,1000.0
2021-07-12 13:12:00,NSE:SHREERAMA,13.05,13.2,13.05,13.2,6000.0
2021-07-12 13:15:00,NSE:SHREERAMA,13.05,13.05,13.05,13.05,700.0
2021-07-12 13:21:00,NSE:SHREERAMA,13.0,13.0,13.0,13.0,160.0
2021-07-12 13:27:00,NSE:SHREERAMA,13.0,13.0,13.0,13.0,295.0
2021-07-12 13:30:00,NSE:SHREERAMA,13.0,13.0,12.95,12.95,1354.0
2021-07-12 13:36:00,NSE:SHREERAMA,13.0,13.0,13.0,13.0,180.0
2021-07-12 13:45:00,NSE:SHREERAMA,13.0,13.0,13.0,13.0,1.0
2021-07-12 13:57:00,NSE:SHREERAMA,13.1,13.1,13.1,13.1,5.0
2021-07-12 14:00:00,NSE:SHREERAMA,13.05,13.05,13.05,13.05,785.0
2021-07-12 14:24:00,NSE:SHREERAMA,13.0,13.0,13.0,13.0,2500.0
2021-07-12 14:33:00,NSE:SHREERAMA,13.0,13.0,13.0,13.0,830.0
2021-07-12 14:39:00,NSE:SHREERAMA,13.05,13.05,13.05,13.05,1.0
2021-07-12 14:42:00,NSE:SHREERAMA,13.0,13.0,12.95,12.95,2690.0
2021-07-12 14:45:00,NSE:SHREERAMA,12.9,12.95,12.9,12.95,1076.0
2021-07-12 14:57:00,NSE:SHREERAMA,12.75,12.8,12.75,12.8,4601.0
2021-07-12 15:12:00,NSE:SHREERAMA,12.95,12.95,12.95,12.95,1000.0
2021-07-12 15:15:00,NSE:SHREERAMA,12.9,12.9,12.9,12.9,909.0
2021-07-12 15:18:00,NSE:SHREERAMA,12.85,12.85,12.85,12.85,852.0
2021-07-12 15:21:00,NSE:SHREERAMA,12.85,12.85,12.85,12.85,200.0
2021-07-12 15:24:00,NSE:SHREERAMA,12.85,12.85,12.85,12.85,632.0
2021-07-12 15:27:00,NSE:SHREERAMA,12.6,13.0,12.6,13.0,10384.0
2021-07-12 15:30:00,NSE:SHREERAMA,13.0,13.0,13.0,13.0,1917.0
2021-07-12 15:39:00,NSE:SHREERAMA,12.8,12.8,12.8,12.8,2.0
2021-07-13 09:06:00,NSE:SHREERAMA,12.8,12.8,12.8,12.8,20.0
2021-07-13 09:15:00,NSE:SHREERAMA,12.8,13.05,12.8,13.05,501.0
2021-07-13 09:18:00,NSE:SHREERAMA,13.0,13.0,13.0,13.0,1.0
2021-07-13 09:21:00,NSE:SHREERAMA,12.95,13.2,12.95,13.1,1423.0
2021-07-13 09:24:00,NSE:SHREERAMA,13.2,13.2,13.1,13.1,343.0
2021-07-13 09:27:00,NSE:SHREERAMA,13.05,13.05,13.05,13.05,1091.0
2021-07-13 09:30:00,NSE:SHREERAMA,13.05,13.05,12.95,12.95,1431.0
2021-07-13 09:33:00,NSE:SHREERAMA,13.05,13.05,13.05,13.05,1000.0
2021-07-13 09:36:00,NSE:SHREERAMA,13.0,13.0,13.0,13.0,801.0
2021-07-13 09:39:00,NSE:SHREERAMA,13.0,13.0,13.0,13.0,1300.0
2021-07-13 09:42:00,NSE:SHREERAMA,12.95,12.95,12.95,12.95,150.0
2021-07-13 09:48:00,NSE:SHREERAMA,12.85,12.85,12.85,12.85,3260.0
2021-07-13 09:51:00,NSE:SHREERAMA,12.9,12.9,12.9,12.9,175.0
2021-07-13 09:54:00,NSE:SHREERAMA,12.9,12.9,12.8,12.9,1351.0
2021-07-13 10:00:00,NSE:SHREERAMA,12.9,13.0,12.9,13.0,1938.0
2021-07-13 10:03:00,NSE:SHREERAMA,12.9,12.9,12.9,12.9,1.0
2021-07-13 10:06:00,NSE:SHREERAMA,13.0,13.0,13.0,13.0,25.0
2021-07-13 10:09:00,NSE:SHREERAMA,12.95,12.95,12.95,12.95,1.0
2021-07-13 10:12:00,NSE:SHREERAMA,13.0,13.0,13.0,13.0,5974.0
2021-07-13 10:15:00,NSE:SHREERAMA,13.0,13.0,12.9,12.9,131.0
2021-07-13 10:33:00,NSE:SHREERAMA,12.95,12.95,12.95,12.95,1431.0
2021-07-13 10:36:00,NSE:SHREERAMA,12.95,12.95,12.95,12.95,200.0
2021-07-13 10:39:00,NSE:SHREERAMA,12.95,12.95,12.8,12.8,9329.0
2021-07-13 10:42:00,NSE:SHREERAMA,12.75,12.8,12.75,12.8,3700.0
2021-07-13 10:45:00,NSE:SHREERAMA,12.8,12.8,12.65,12.65,11230.0
2021-07-13 10:48:00,NSE:SHREERAMA,12.7,12.8,12.65,12.65,1766.0
2021-07-13 10:51:00,NSE:SHREERAMA,12.6,12.8,12.55,12.8,2336.0
2021-07-13 10:54:00,NSE:SHREERAMA,12.6,12.6,12.6,12.6,300.0
2021-07-13 11:00:00,NSE:SHREERAMA,12.7,12.7,12.7,12.7,75.0
2021-07-13 11:03:00,NSE:SHREERAMA,12.7,12.75,12.7,12.7,460.0
2021-07-13 11:21:00,NSE:SHREERAMA,12.75,12.9,12.75,12.85,3440.0
2021-07-13 11:24:00,NSE:SHREERAMA,12.85,12.85,12.7,12.7,150.0
2021-07-13 11:30:00,NSE:SHREERAMA,12.7,12.7,12.7,12.7,20.0
2021-07-13 11:33:00,NSE:SHREERAMA,12.8,12.8,12.75,12.75,120.0
2021-07-13 12:00:00,NSE:SHREERAMA,12.7,12.7,12.7,12.7,550.0
2021-07-13 12:03:00,NSE:SHREERAMA,12.7,12.7,12.7,12.7,686.0
2021-07-13 12:09:00,NSE:SHREERAMA,12.8,12.8,12.8,12.8,1.0
2021-07-13 12:12:00,NSE:SHREERAMA,12.7,12.7,12.7,12.7,508.0
2021-07-13 12:18:00,NSE:SHREERAMA,12.7,12.7,12.7,12.7,463.0
2021-07-13 12:27:00,NSE:SHREERAMA,12.8,12.8,12.8,12.8,722.0
2021-07-13 12:33:00,NSE:SHREERAMA,12.9,12.9,12.85,12.85,1300.0
2021-07-13 12:39:00,NSE:SHREERAMA,12.75,12.75,12.75,12.75,90.0
2021-07-13 12:42:00,NSE:SHREERAMA,12.75,12.75,12.75,12.75,1000.0
2021-07-13 12:48:00,NSE:SHREERAMA,12.75,12.75,12.75,12.75,200.0
2021-07-13 12:51:00,NSE:SHREERAMA,12.85,12.85,12.85,12.85,555.0
2021-07-13 12:57:00,NSE:SHREERAMA,12.7,12.7,12.7,12.7,1000.0
2021-07-13 13:03:00,NSE:SHREERAMA,12.7,12.7,12.7,12.7,1000.0
2021-07-13 13:06:00,NSE:SHREERAMA,12.8,12.85,12.8,12.85,100.0
2021-07-13 13:21:00,NSE:SHREERAMA,12.8,12.8,12.8,12.8,100.0
2021-07-13 13:33:00,NSE:SHREERAMA,12.8,12.8,12.8,12.8,188.0
2021-07-13 13:39:00,NSE:SHREERAMA,12.75,12.75,12.75,12.75,99.0
2021-07-13 13:51:00,NSE:SHREERAMA,12.75,12.75,12.75,12.75,601.0
2021-07-13 13:54:00,NSE:SHREERAMA,12.8,12.8,12.8,12.8,500.0
2021-07-13 14:03:00,NSE:SHREERAMA,12.9,12.9,12.9,12.9,2.0
2021-07-13 14:15:00,NSE:SHREERAMA,12.85,12.85,12.85,12.85,136.0
2021-07-13 14:18:00,NSE:SHREERAMA,12.85,12.85,12.85,12.85,115.0
2021-07-13 14:21:00,NSE:SHREERAMA,12.85,12.85,12.85,12.85,22.0
2021-07-13 14:27:00,NSE:SHREERAMA,12.9,12.9,12.9,12.9,727.0
2021-07-13 14:30:00,NSE:SHREERAMA,12.8,12.85,12.8,12.8,4475.0
2021-07-13 14:36:00,NSE:SHREERAMA,12.8,12.8,12.8,12.8,1508.0
2021-07-13 14:45:00,NSE:SHREERAMA,12.8,12.8,12.8,12.8,100.0
2021-07-13 14:48:00,NSE:SHREERAMA,12.95,12.95,12.95,12.95,183.0
2021-07-13 14:51:00,NSE:SHREERAMA,12.95,12.95,12.95,12.95,1000.0
2021-07-13 14:54:00,NSE:SHREERAMA,12.95,12.95,12.95,12.95,599.0
2021-07-13 15:06:00,NSE:SHREERAMA,12.9,12.9,12.9,12.9,10.0
2021-07-13 15:09:00,NSE:SHREERAMA,12.9,12.9,12.85,12.9,1132.0
2021-07-13 15:15:00,NSE:SHREERAMA,12.8,12.95,12.8,12.95,3000.0
2021-07-13 15:18:00,NSE:SHREERAMA,13.0,13.0,12.85,13.0,3419.0
2021-07-13 15:21:00,NSE:SHREERAMA,13.0,13.0,13.0,13.0,688.0
2021-07-13 15:24:00,NSE:SHREERAMA,13.0,13.0,13.0,13.0,35.0
2021-07-13 15:27:00,NSE:SHREERAMA,13.0,13.0,12.75,12.75,3020.0
2021-07-14 09:06:00,NSE:SHREERAMA,13.1,13.1,13.1,13.1,3.0
2021-07-14 09:15:00,NSE:SHREERAMA,13.1,13.1,12.85,12.85,677.0
2021-07-14 09:18:00,NSE:SHREERAMA,12.8,12.8,12.8,12.8,268.0
2021-07-14 09:24:00,NSE:SHREERAMA,12.9,12.9,12.9,12.9,500.0
2021-07-14 09:30:00,NSE:SHREERAMA,12.9,12.9,12.85,12.85,440.0
2021-07-14 09:33:00,NSE:SHREERAMA,12.9,12.9,12.9,12.9,700.0
2021-07-14 09:36:00,NSE:SHREERAMA,12.9,12.9,12.9,12.9,597.0
2021-07-14 09:39:00,NSE:SHREERAMA,12.9,12.9,12.9,12.9,300.0
2021-07-14 09:48:00,NSE:SHREERAMA,12.55,12.55,12.55,12.55,10000.0
2021-07-14 09:51:00,NSE:SHREERAMA,12.6,12.6,12.6,12.6,1.0
2021-07-14 09:54:00,NSE:SHREERAMA,12.75,12.75,12.75,12.75,55.0
2021-07-14 09:57:00,NSE:SHREERAMA,12.75,12.8,12.65,12.65,1108.0
2021-07-14 10:03:00,NSE:SHREERAMA,12.75,12.75,12.75,12.75,1.0
2021-07-14 10:09:00,NSE:SHREERAMA,12.7,12.7,12.7,12.7,200.0
2021-07-14 10:15:00,NSE:SHREERAMA,12.7,12.7,12.7,12.7,693.0
2021-07-14 10:18:00,NSE:SHREERAMA,12.7,12.75,12.65,12.75,3000.0
2021-07-14 10:33:00,NSE:SHREERAMA,12.75,12.75,12.75,12.75,30.0
2021-07-14 10:42:00,NSE:SHREERAMA,12.75,12.75,12.6,12.65,4139.0
2021-07-14 10:45:00,NSE:SHREERAMA,12.85,12.85,12.85,12.85,500.0
2021-07-14 10:54:00,NSE:SHREERAMA,12.85,12.85,12.85,12.85,100.0
2021-07-14 11:00:00,NSE:SHREERAMA,12.75,12.75,12.75,12.75,450.0
2021-07-14 11:03:00,NSE:SHREERAMA,12.75,12.75,12.75,12.75,300.0
2021-07-14 11:15:00,NSE:SHREERAMA,12.7,12.7,12.7,12.7,1909.0
2021-07-14 11:18:00,NSE:SHREERAMA,12.7,12.7,12.7,12.7,91.0
2021-07-14 11:27:00,NSE:SHREERAMA,12.75,12.8,12.75,12.8,345.0
2021-07-14 11:30:00,NSE:SHREERAMA,12.75,12.75,12.75,12.75,2.0
2021-07-14 11:33:00,NSE:SHREERAMA,12.7,12.8,12.7,12.7,1417.0
2021-07-14 11:36:00,NSE:SHREERAMA,12.8,12.8,12.8,12.8,1.0
2021-07-14 11:42:00,NSE:SHREERAMA,12.7,12.7,12.7,12.7,1.0
2021-07-14 11:48:00,NSE:SHREERAMA,12.7,12.7,12.7,12.7,23.0
2021-07-14 11:54:00,NSE:SHREERAMA,12.7,12.7,12.7,12.7,18.0
2021-07-14 11:57:00,NSE:SHREERAMA,12.8,12.8,12.8,12.8,424.0
2021-07-14 12:09:00,NSE:SHREERAMA,12.8,12.8,12.8,12.8,100.0
2021-07-14 12:15:00,NSE:SHREERAMA,12.8,12.8,12.8,12.8,150.0
2021-07-14 12:21:00,NSE:SHREERAMA,12.8,12.8,12.8,12.8,10.0
2021-07-14 12:24:00,NSE:SHREERAMA,12.75,12.75,12.75,12.75,200.0
2021-07-14 12:36:00,NSE:SHREERAMA,12.8,12.8,12.8,12.8,735.0
2021-07-14 12:39:00,NSE:SHREERAMA,12.8,12.8,12.8,12.8,100.0
2021-07-14 12:48:00,NSE:SHREERAMA,12.8,12.8,12.8,12.8,100.0
2021-07-14 12:51:00,NSE:SHREERAMA,12.85,12.85,12.85,12.85,2.0
2021-07-14 13:00:00,NSE:SHREERAMA,12.7,12.7,12.7,12.7,4000.0
2021-07-14 13:03:00,NSE:SHREERAMA,12.85,12.85,12.85,12.85,17.0
2021-07-14 13:09:00,NSE:SHREERAMA,12.85,12.85,12.85,12.85,5.0
2021-07-14 13:18:00,NSE:SHREERAMA,12.85,12.85,12.85,12.85,25.0
2021-07-14 13:21:00,NSE:SHREERAMA,12.8,12.8,12.8,12.8,169.0
2021-07-14 13:27:00,NSE:SHREERAMA,12.85,12.85,12.85,12.85,20.0
2021-07-14 13:30:00,NSE:SHREERAMA,12.85,12.85,12.85,12.85,1.0
2021-07-14 13:33:00,NSE:SHREERAMA,12.8,12.85,12.8,12.85,1501.0
2021-07-14 13:36:00,NSE:SHREERAMA,12.85,12.85,12.85,12.85,10.0
2021-07-14 13:48:00,NSE:SHREERAMA,12.8,12.85,12.8,12.85,71.0
2021-07-14 13:51:00,NSE:SHREERAMA,12.85,12.85,12.8,12.8,1051.0
2021-07-14 14:03:00,NSE:SHREERAMA,12.8,12.8,12.8,12.8,1.0
2021-07-14 14:06:00,NSE:SHREERAMA,12.8,12.8,12.8,12.8,600.0
2021-07-14 14:09:00,NSE:SHREERAMA,12.8,12.8,12.8,12.8,1000.0
2021-07-14 14:12:00,NSE:SHREERAMA,12.8,12.8,12.75,12.75,2000.0
2021-07-14 14:27:00,NSE:SHREERAMA,12.7,12.7,12.7,12.7,1802.0
2021-07-14 14:42:00,NSE:SHREERAMA,12.85,12.85,12.85,12.85,19.0
2021-07-14 14:48:00,NSE:SHREERAMA,12.85,12.85,12.7,12.7,5526.0
2021-07-14 14:51:00,NSE:SHREERAMA,12.7,12.7,12.7,12.7,2500.0
2021-07-14 15:03:00,NSE:SHREERAMA,12.7,12.7,12.7,12.7,2500.0
2021-07-14 15:06:00,NSE:SHREERAMA,12.75,12.75,12.75,12.75,50.0
2021-07-14 15:12:00,NSE:SHREERAMA,12.75,12.75,12.75,12.75,212.0
2021-07-14 15:15:00,NSE:SHREERAMA,12.75,12.75,12.75,12.75,500.0
2021-07-14 15:18:00,NSE:SHREERAMA,12.8,12.8,12.8,12.8,5.0
2021-07-14 15:24:00,NSE:SHREERAMA,12.8,12.8,12.8,12.8,125.0
2021-07-14 15:27:00,NSE:SHREERAMA,12.8,12.8,12.7,12.7,7681.0
2021-07-15 09:06:00,NSE:SHREERAMA,12.55,12.55,12.55,12.55,34.0
2021-07-15 09:15:00,NSE:SHREERAMA,12.55,12.8,12.55,12.75,237.0
2021-07-15 09:21:00,NSE:SHREERAMA,12.6,12.75,12.6,12.75,610.0
2021-07-15 09:27:00,NSE:SHREERAMA,12.6,12.6,12.6,12.6,765.0
2021-07-15 09:30:00,NSE:SHREERAMA,12.75,12.75,12.75,12.75,5.0
2021-07-15 09:33:00,NSE:SHREERAMA,12.6,12.6,12.45,12.5,10238.0
2021-07-15 09:36:00,NSE:SHREERAMA,12.5,12.5,12.5,12.5,1223.0
2021-07-15 09:39:00,NSE:SHREERAMA,12.5,12.55,12.5,12.55,3113.0
2021-07-15 09:42:00,NSE:SHREERAMA,12.55,12.55,12.5,12.5,790.0
2021-07-15 09:45:00,NSE:SHREERAMA,12.5,12.5,12.5,12.5,2500.0
2021-07-15 09:51:00,NSE:SHREERAMA,12.5,12.5,12.5,12.5,150.0
2021-07-15 09:54:00,NSE:SHREERAMA,12.5,12.5,12.5,12.5,1150.0
2021-07-15 09:57:00,NSE:SHREERAMA,12.5,12.5,12.4,12.5,2109.0
2021-07-15 10:00:00,NSE:SHREERAMA,12.5,12.55,12.45,12.45,4373.0
2021-07-15 10:03:00,NSE:SHREERAMA,12.3,12.5,12.3,12.5,6514.0
2021-07-15 10:06:00,NSE:SHREERAMA,12.5,12.5,12.5,12.5,20.0
2021-07-15 10:09:00,NSE:SHREERAMA,12.5,12.5,12.5,12.5,2558.0
2021-07-15 10:12:00,NSE:SHREERAMA,12.5,12.5,12.5,12.5,3.0
2021-07-15 10:15:00,NSE:SHREERAMA,12.5,12.5,12.5,12.5,2500.0
2021-07-15 10:21:00,NSE:SHREERAMA,12.5,12.5,12.45,12.5,2441.0
2021-07-15 10:24:00,NSE:SHREERAMA,12.5,12.5,12.5,12.5,53.0
2021-07-15 10:27:00,NSE:SHREERAMA,12.45,12.45,12.45,12.45,535.0
2021-07-15 10:30:00,NSE:SHREERAMA,12.5,12.5,12.5,12.5,109.0
2021-07-15 10:36:00,NSE:SHREERAMA,12.45,12.5,12.45,12.5,871.0
2021-07-15 10:39:00,NSE:SHREERAMA,12.45,12.45,12.45,12.45,50.0
2021-07-15 10:42:00,NSE:SHREERAMA,12.45,12.45,12.4,12.4,1500.0
2021-07-15 10:45:00,NSE:SHREERAMA,12.45,12.45,12.45,12.45,99.0
2021-07-15 10:51:00,NSE:SHREERAMA,12.4,12.4,12.4,12.4,6.0
2021-07-15 11:09:00,NSE:SHREERAMA,12.45,12.45,12.45,12.45,1.0
2021-07-15 11:12:00,NSE:SHREERAMA,12.45,12.45,12.4,12.4,200.0
2021-07-15 11:15:00,NSE:SHREERAMA,12.4,12.4,12.4,12.4,100.0
2021-07-15 11:18:00,NSE:SHREERAMA,12.45,12.45,12.45,12.45,302.0
2021-07-15 11:21:00,NSE:SHREERAMA,12.6,12.6,12.5,12.5,11525.0
2021-07-15 11:42:00,NSE:SHREERAMA,12.45,12.45,12.45,12.45,200.0
2021-07-15 11:48:00,NSE:SHREERAMA,12.5,12.5,12.5,12.5,20.0
2021-07-15 12:00:00,NSE:SHREERAMA,12.5,12.5,12.45,12.45,402.0
2021-07-15 12:06:00,NSE:SHREERAMA,12.5,12.5,12.5,12.5,300.0
2021-07-15 12:09:00,NSE:SHREERAMA,12.45,12.45,12.45,12.45,500.0
2021-07-15 12:12:00,NSE:SHREERAMA,12.45,12.75,12.45,12.75,17232.0
2021-07-15 12:15:00,NSE:SHREERAMA,12.9,13.0,12.9,12.9,13060.0
2021-07-15 12:18:00,NSE:SHREERAMA,12.95,12.95,12.95,12.95,250.0
2021-07-15 12:21:00,NSE:SHREERAMA,12.95,12.95,12.95,12.95,7000.0
2021-07-15 12:24:00,NSE:SHREERAMA,12.95,12.95,12.95,12.95,250.0
2021-07-15 12:27:00,NSE:SHREERAMA,13.0,13.0,13.0,13.0,5436.0
2021-07-15 12:30:00,NSE:SHREERAMA,13.0,13.2,13.0,13.2,7548.0
2021-07-15 12:33:00,NSE:SHREERAMA,13.15,13.2,13.15,13.15,13592.0
2021-07-15 12:36:00,NSE:SHREERAMA,13.15,13.15,13.0,13.0,2531.0
2021-07-15 12:39:00,NSE:SHREERAMA,12.95,13.1,12.95,13.1,6196.0
2021-07-15 12:42:00,NSE:SHREERAMA,13.0,13.0,12.5,12.5,48136.0
2021-07-15 12:45:00,NSE:SHREERAMA,12.75,12.75,12.5,12.55,18500.0
2021-07-15 12:48:00,NSE:SHREERAMA,12.55,12.55,12.5,12.5,14988.0
2021-07-15 12:51:00,NSE:SHREERAMA,12.5,12.5,12.5,12.5,3179.0
2021-07-15 12:54:00,NSE:SHREERAMA,12.5,12.5,12.45,12.45,4435.0
2021-07-15 12:57:00,NSE:SHREERAMA,12.5,12.5,12.5,12.5,2525.0
2021-07-15 13:00:00,NSE:SHREERAMA,12.5,12.5,12.5,12.5,400.0
2021-07-15 13:03:00,NSE:SHREERAMA,12.5,12.55,12.5,12.5,6457.0
2021-07-15 13:06:00,NSE:SHREERAMA,12.4,12.5,12.4,12.5,633.0
2021-07-15 13:09:00,NSE:SHREERAMA,12.5,12.7,12.5,12.5,23970.0
2021-07-15 13:18:00,NSE:SHREERAMA,12.5,12.5,12.5,12.5,8624.0
2021-07-15 13:21:00,NSE:SHREERAMA,12.5,12.5,12.5,12.5,270.0
2021-07-15 13:27:00,NSE:SHREERAMA,12.5,12.6,12.5,12.55,15413.0
2021-07-15 13:30:00,NSE:SHREERAMA,12.6,12.6,12.5,12.5,4002.0
2021-07-15 13:36:00,NSE:SHREERAMA,12.55,12.6,12.55,12.6,106.0
2021-07-15 13:39:00,NSE:SHREERAMA,12.55,12.55,12.5,12.5,1501.0
2021-07-15 13:48:00,NSE:SHREERAMA,12.6,12.6,12.6,12.6,100.0
2021-07-15 13:51:00,NSE:SHREERAMA,12.6,12.6,12.6,12.6,200.0
2021-07-15 14:03:00,NSE:SHREERAMA,12.6,12.6,12.6,12.6,325.0
2021-07-15 14:09:00,NSE:SHREERAMA,12.5,12.5,12.5,12.5,30.0
2021-07-15 14:15:00,NSE:SHREERAMA,12.5,12.5,12.5,12.5,5.0
2021-07-15 14:21:00,NSE:SHREERAMA,12.45,12.45,12.45,12.45,1000.0
2021-07-15 14:24:00,NSE:SHREERAMA,12.6,12.6,12.55,12.55,2300.0
2021-07-15 14:33:00,NSE:SHREERAMA,12.4,12.4,12.4,12.4,2000.0
2021-07-15 14:36:00,NSE:SHREERAMA,12.55,12.55,12.55,12.55,79.0
2021-07-15 14:39:00,NSE:SHREERAMA,12.4,12.4,12.4,12.4,1400.0
2021-07-15 14:42:00,NSE:SHREERAMA,12.55,12.55,12.55,12.55,400.0
2021-07-15 14:48:00,NSE:SHREERAMA,12.45,12.45,12.45,12.45,500.0
2021-07-15 14:51:00,NSE:SHREERAMA,12.5,12.5,12.45,12.45,2278.0
2021-07-15 14:54:00,NSE:SHREERAMA,12.45,12.5,12.45,12.5,1013.0
2021-07-15 14:57:00,NSE:SHREERAMA,12.45,12.45,12.45,12.45,3510.0
2021-07-15 15:03:00,NSE:SHREERAMA,12.5,12.55,12.5,12.55,1250.0
2021-07-15 15:09:00,NSE:SHREERAMA,12.45,12.45,12.4,12.4,4028.0
2021-07-15 15:12:00,NSE:SHREERAMA,12.5,12.5,12.5,12.5,81.0
2021-07-15 15:15:00,NSE:SHREERAMA,12.4,12.4,12.4,12.4,924.0
2021-07-15 15:18:00,NSE:SHREERAMA,12.4,12.5,12.4,12.5,6000.0
2021-07-15 15:21:00,NSE:SHREERAMA,12.45,12.5,12.45,12.5,6218.0
2021-07-15 15:24:00,NSE:SHREERAMA,12.45,12.6,12.45,12.6,4928.0
2021-07-15 15:27:00,NSE:SHREERAMA,12.75,12.75,12.5,12.5,4650.0
2021-07-15 15:48:00,NSE:SHREERAMA,12.5,12.5,12.5,12.5,180.0
2021-07-16 09:06:00,NSE:SHREERAMA,12.35,12.35,12.35,12.35,1.0
2021-07-16 09:15:00,NSE:SHREERAMA,12.35,12.45,12.35,12.45,3.0
2021-07-16 09:18:00,NSE:SHREERAMA,12.4,12.4,12.35,12.4,2328.0
2021-07-16 09:21:00,NSE:SHREERAMA,12.45,12.45,12.45,12.45,1698.0
2021-07-16 09:24:00,NSE:SHREERAMA,12.4,12.4,12.4,12.4,50.0
2021-07-16 09:33:00,NSE:SHREERAMA,12.45,12.45,12.45,12.45,660.0
2021-07-16 09:36:00,NSE:SHREERAMA,12.45,12.45,12.45,12.45,30.0
2021-07-16 09:39:00,NSE:SHREERAMA,12.5,12.5,12.5,12.5,1023.0
2021-07-16 09:42:00,NSE:SHREERAMA,12.45,12.45,12.4,12.45,3889.0
2021-07-16 09:45:00,NSE:SHREERAMA,12.35,12.35,12.35,12.35,100.0
2021-07-16 09:51:00,NSE:SHREERAMA,12.5,12.5,12.5,12.5,1201.0
2021-07-16 09:54:00,NSE:SHREERAMA,12.5,12.5,12.5,12.5,1000.0
2021-07-16 09:57:00,NSE:SHREERAMA,12.45,12.5,12.45,12.5,1012.0
2021-07-16 10:00:00,NSE:SHREERAMA,12.4,12.4,12.4,12.4,638.0
2021-07-16 10:03:00,NSE:SHREERAMA,12.45,12.5,12.45,12.45,5500.0
2021-07-16 10:06:00,NSE:SHREERAMA,12.4,12.5,12.4,12.4,2392.0
2021-07-16 10:09:00,NSE:SHREERAMA,12.45,12.45,12.45,12.45,1.0
2021-07-16 10:12:00,NSE:SHREERAMA,12.45,12.45,12.45,12.45,400.0
2021-07-16 10:18:00,NSE:SHREERAMA,12.3,12.4,12.3,12.4,6817.0
2021-07-16 10:21:00,NSE:SHREERAMA,12.45,12.45,12.4,12.45,1251.0
2021-07-16 10:24:00,NSE:SHREERAMA,12.45,12.45,12.35,12.35,2820.0
2021-07-16 10:30:00,NSE:SHREERAMA,12.35,12.35,12.35,12.35,2.0
2021-07-16 10:33:00,NSE:SHREERAMA,12.4,12.4,12.4,12.4,500.0
2021-07-16 10:39:00,NSE:SHREERAMA,12.3,12.3,12.3,12.3,96.0
2021-07-16 10:45:00,NSE:SHREERAMA,12.4,12.4,12.4,12.4,1000.0
2021-07-16 10:48:00,NSE:SHREERAMA,12.3,12.3,12.3,12.3,4000.0
2021-07-16 11:00:00,NSE:SHREERAMA,12.4,12.4,12.4,12.4,1.0
2021-07-16 11:09:00,NSE:SHREERAMA,12.35,12.4,12.35,12.4,1081.0
2021-07-16 11:12:00,NSE:SHREERAMA,12.4,12.4,12.4,12.4,526.0
2021-07-16 11:18:00,NSE:SHREERAMA,12.45,12.45,12.4,12.4,1290.0
2021-07-16 11:21:00,NSE:SHREERAMA,12.45,12.45,12.45,12.45,1525.0
2021-07-16 11:24:00,NSE:SHREERAMA,12.5,12.5,12.5,12.5,20.0
2021-07-16 11:33:00,NSE:SHREERAMA,12.4,12.45,12.4,12.45,2761.0
2021-07-16 11:36:00,NSE:SHREERAMA,12.45,12.45,12.45,12.45,90.0
2021-07-16 11:42:00,NSE:SHREERAMA,12.4,12.4,12.35,12.35,2765.0
2021-07-16 11:45:00,NSE:SHREERAMA,12.35,12.4,12.35,12.4,200.0
2021-07-16 11:51:00,NSE:SHREERAMA,12.4,12.4,12.4,12.4,1.0
2021-07-16 11:54:00,NSE:SHREERAMA,12.4,12.45,12.4,12.45,307.0
2021-07-16 12:00:00,NSE:SHREERAMA,12.45,12.45,12.45,12.45,1500.0
2021-07-16 12:03:00,NSE:SHREERAMA,12.45,12.45,12.35,12.35,2400.0
2021-07-16 12:06:00,NSE:SHREERAMA,12.45,12.45,12.45,12.45,2.0
2021-07-16 12:18:00,NSE:SHREERAMA,12.45,12.45,12.45,12.45,1632.0
2021-07-16 12:24:00,NSE:SHREERAMA,12.5,12.5,12.5,12.5,650.0
2021-07-16 12:30:00,NSE:SHREERAMA,12.45,12.45,12.45,12.45,250.0
2021-07-16 12:33:00,NSE:SHREERAMA,12.5,12.5,12.4,12.4,3455.0
2021-07-16 12:36:00,NSE:SHREERAMA,12.5,12.5,12.5,12.5,2000.0
2021-07-16 12:51:00,NSE:SHREERAMA,12.4,12.4,12.4,12.4,625.0
2021-07-16 12:54:00,NSE:SHREERAMA,12.45,12.45,12.45,12.45,400.0
2021-07-16 13:00:00,NSE:SHREERAMA,12.45,12.45,12.45,12.45,200.0
2021-07-16 13:09:00,NSE:SHREERAMA,12.45,12.45,12.45,12.45,772.0
2021-07-16 13:12:00,NSE:SHREERAMA,12.45,12.45,12.45,12.45,100.0
2021-07-16 13:18:00,NSE:SHREERAMA,12.45,12.5,12.45,12.45,829.0
2021-07-16 13:21:00,NSE:SHREERAMA,12.45,12.45,12.45,12.45,1680.0
2021-07-16 13:27:00,NSE:SHREERAMA,12.45,12.45,12.45,12.45,3320.0
2021-07-16 13:33:00,NSE:SHREERAMA,12.5,12.5,12.5,12.5,3012.0
2021-07-16 13:36:00,NSE:SHREERAMA,12.45,12.45,12.45,12.45,1500.0
2021-07-16 13:39:00,NSE:SHREERAMA,12.5,12.5,12.45,12.45,100.0
2021-07-16 13:42:00,NSE:SHREERAMA,12.45,12.45,12.45,12.45,1.0
2021-07-16 13:45:00,NSE:SHREERAMA,12.45,12.45,12.45,12.45,1010.0
2021-07-16 13:54:00,NSE:SHREERAMA,12.5,12.5,12.5,12.5,261.0
2021-07-16 14:03:00,NSE:SHREERAMA,12.5,12.5,12.5,12.5,40.0
2021-07-16 14:06:00,NSE:SHREERAMA,12.5,12.5,12.5,12.5,1000.0
2021-07-16 14:15:00,NSE:SHREERAMA,12.5,12.5,12.5,12.5,1955.0
2021-07-16 14:21:00,NSE:SHREERAMA,12.5,12.5,12.5,12.5,400.0
2021-07-16 14:27:00,NSE:SHREERAMA,12.6,12.6,12.6,12.6,100.0
2021-07-16 14:45:00,NSE:SHREERAMA,12.6,12.6,12.6,12.6,2511.0
2021-07-16 14:51:00,NSE:SHREERAMA,12.5,12.5,12.5,12.5,500.0
2021-07-16 15:03:00,NSE:SHREERAMA,12.55,12.55,12.5,12.5,113.0
2021-07-16 15:06:00,NSE:SHREERAMA,12.5,12.5,12.5,12.5,100.0
2021-07-16 15:09:00,NSE:SHREERAMA,12.55,12.55,12.5,12.55,700.0
2021-07-16 15:12:00,NSE:SHREERAMA,12.55,12.55,12.5,12.5,2800.0
2021-07-16 15:18:00,NSE:SHREERAMA,12.5,12.5,12.45,12.45,1417.0
2021-07-16 15:21:00,NSE:SHREERAMA,12.5,12.5,12.5,12.5,885.0
2021-07-16 15:24:00,NSE:SHREERAMA,12.5,12.5,12.5,12.5,1231.0
2021-07-16 15:27:00,NSE:SHREERAMA,12.5,12.6,12.5,12.5,1315.0
2021-07-19 09:15:00,NSE:SHREERAMA,12.7,12.7,12.7,12.7,1.0
2021-07-19 09:18:00,NSE:SHREERAMA,12.55,12.55,12.3,12.3,2555.0
2021-07-19 09:24:00,NSE:SHREERAMA,12.55,12.55,12.55,12.55,350.0
2021-07-19 09:27:00,NSE:SHREERAMA,12.45,12.55,12.45,12.55,2502.0
2021-07-19 09:30:00,NSE:SHREERAMA,12.55,12.55,12.45,12.45,2011.0
2021-07-19 09:39:00,NSE:SHREERAMA,12.5,12.5,12.5,12.5,250.0
2021-07-19 09:45:00,NSE:SHREERAMA,12.5,12.5,12.5,12.5,50.0
2021-07-19 09:51:00,NSE:SHREERAMA,12.55,12.6,12.55,12.55,3254.0
2021-07-19 09:54:00,NSE:SHREERAMA,12.5,12.5,12.5,12.5,3746.0
2021-07-19 09:57:00,NSE:SHREERAMA,12.5,12.5,12.5,12.5,550.0
2021-07-19 10:03:00,NSE:SHREERAMA,12.5,12.5,12.5,12.5,2000.0
2021-07-19 10:06:00,NSE:SHREERAMA,12.55,12.55,12.55,12.55,90.0
2021-07-19 10:15:00,NSE:SHREERAMA,12.55,12.65,12.55,12.65,2000.0
2021-07-19 10:21:00,NSE:SHREERAMA,12.65,12.65,12.5,12.5,3000.0
2021-07-19 10:24:00,NSE:SHREERAMA,12.5,12.5,12.5,12.5,2.0
2021-07-19 10:27:00,NSE:SHREERAMA,12.6,12.6,12.6,12.6,100.0
2021-07-19 10:30:00,NSE:SHREERAMA,12.6,12.6,12.6,12.6,2.0
2021-07-19 10:36:00,NSE:SHREERAMA,12.6,12.6,12.55,12.55,3.0
2021-07-19 10:39:00,NSE:SHREERAMA,12.6,12.6,12.6,12.6,10.0
2021-07-19 10:42:00,NSE:SHREERAMA,12.5,12.55,12.5,12.55,2200.0
2021-07-19 10:45:00,NSE:SHREERAMA,12.55,12.55,12.55,12.55,500.0
2021-07-19 10:48:00,NSE:SHREERAMA,12.6,12.6,12.6,12.6,10.0
2021-07-19 10:54:00,NSE:SHREERAMA,12.6,12.6,12.6,12.6,500.0
2021-07-19 11:00:00,NSE:SHREERAMA,12.6,12.6,12.6,12.6,10.0
2021-07-19 11:09:00,NSE:SHREERAMA,12.6,12.6,12.6,12.6,958.0
2021-07-19 11:18:00,NSE:SHREERAMA,12.65,12.65,12.65,12.65,83.0
2021-07-19 11:21:00,NSE:SHREERAMA,12.65,12.65,12.65,12.65,10.0
2021-07-19 11:27:00,NSE:SHREERAMA,12.65,12.65,12.65,12.65,925.0
2021-07-19 11:33:00,NSE:SHREERAMA,12.65,12.65,12.65,12.65,455.0
2021-07-19 11:39:00,NSE:SHREERAMA,12.65,12.65,12.65,12.65,100.0
2021-07-19 11:45:00,NSE:SHREERAMA,12.7,12.7,12.7,12.7,1000.0
2021-07-19 11:48:00,NSE:SHREERAMA,12.7,12.7,12.7,12.7,200.0
2021-07-19 11:51:00,NSE:SHREERAMA,12.75,12.75,12.75,12.75,3900.0
2021-07-19 11:54:00,NSE:SHREERAMA,12.8,12.8,12.8,12.8,3900.0
2021-07-19 11:57:00,NSE:SHREERAMA,12.65,12.65,12.65,12.65,4300.0
2021-07-19 12:00:00,NSE:SHREERAMA,12.7,12.7,12.7,12.7,1023.0
2021-07-19 12:03:00,NSE:SHREERAMA,12.7,12.7,12.7,12.7,999.0
2021-07-19 12:06:00,NSE:SHREERAMA,12.75,12.75,12.75,12.75,111.0
2021-07-19 12:09:00,NSE:SHREERAMA,12.75,12.75,12.75,12.75,500.0
2021-07-19 12:15:00,NSE:SHREERAMA,12.7,12.75,12.7,12.75,1425.0
2021-07-19 12:18:00,NSE:SHREERAMA,12.8,12.8,12.7,12.8,1505.0
2021-07-19 12:24:00,NSE:SHREERAMA,12.8,12.8,12.8,12.8,1000.0
2021-07-19 12:33:00,NSE:SHREERAMA,12.75,12.75,12.75,12.75,50.0
2021-07-19 12:39:00,NSE:SHREERAMA,12.7,12.7,12.7,12.7,300.0
2021-07-19 12:42:00,NSE:SHREERAMA,12.7,12.7,12.7,12.7,50.0
2021-07-19 12:48:00,NSE:SHREERAMA,12.7,12.85,12.7,12.85,5050.0
2021-07-19 12:51:00,NSE:SHREERAMA,12.75,12.75,12.75,12.75,107.0
2021-07-19 12:54:00,NSE:SHREERAMA,12.7,12.7,12.7,12.7,1000.0
2021-07-19 12:57:00,NSE:SHREERAMA,12.7,12.7,12.7,12.7,1.0
2021-07-19 13:03:00,NSE:SHREERAMA,12.7,12.7,12.7,12.7,30.0
2021-07-19 13:15:00,NSE:SHREERAMA,12.7,12.7,12.7,12.7,900.0
2021-07-19 13:33:00,NSE:SHREERAMA,12.8,12.8,12.8,12.8,100.0
2021-07-19 13:36:00,NSE:SHREERAMA,12.7,12.75,12.7,12.75,2101.0
2021-07-19 13:48:00,NSE:SHREERAMA,12.8,12.8,12.8,12.8,1934.0
2021-07-19 13:51:00,NSE:SHREERAMA,12.85,12.85,12.85,12.85,10.0
2021-07-19 13:54:00,NSE:SHREERAMA,12.85,12.85,12.85,12.85,24.0
2021-07-19 13:57:00,NSE:SHREERAMA,12.85,12.85,12.85,12.85,500.0
2021-07-19 14:00:00,NSE:SHREERAMA,12.8,12.8,12.8,12.8,500.0
2021-07-19 14:03:00,NSE:SHREERAMA,12.8,12.8,12.8,12.8,2.0
2021-07-19 14:09:00,NSE:SHREERAMA,12.8,12.8,12.8,12.8,695.0
2021-07-19 14:12:00,NSE:SHREERAMA,12.8,12.85,12.8,12.85,1005.0
2021-07-19 14:15:00,NSE:SHREERAMA,12.85,12.85,12.85,12.85,1010.0
2021-07-19 14:27:00,NSE:SHREERAMA,12.85,12.85,12.85,12.85,40.0
2021-07-19 14:30:00,NSE:SHREERAMA,12.8,12.8,12.8,12.8,64.0
2021-07-19 14:33:00,NSE:SHREERAMA,12.85,12.85,12.85,12.85,1.0
2021-07-19 14:36:00,NSE:SHREERAMA,12.8,12.8,12.8,12.8,1002.0
2021-07-19 14:42:00,NSE:SHREERAMA,12.75,12.8,12.75,12.75,3603.0
2021-07-19 14:48:00,NSE:SHREERAMA,12.75,12.75,12.75,12.75,209.0
2021-07-19 14:54:00,NSE:SHREERAMA,12.8,12.8,12.8,12.8,301.0
2021-07-19 14:57:00,NSE:SHREERAMA,12.8,12.8,12.8,12.8,300.0
2021-07-19 15:00:00,NSE:SHREERAMA,12.75,12.75,12.75,12.75,351.0
2021-07-19 15:03:00,NSE:SHREERAMA,12.8,12.8,12.8,12.8,124.0
2021-07-19 15:12:00,NSE:SHREERAMA,12.75,12.75,12.75,12.75,100.0
2021-07-19 15:15:00,NSE:SHREERAMA,12.8,12.85,12.8,12.85,2233.0
2021-07-19 15:18:00,NSE:SHREERAMA,12.85,12.9,12.85,12.85,2586.0
2021-07-19 15:21:00,NSE:SHREERAMA,12.9,12.9,12.9,12.9,300.0
2021-07-19 15:24:00,NSE:SHREERAMA,12.9,12.95,12.9,12.95,5866.0
2021-07-19 15:27:00,NSE:SHREERAMA,12.9,13.1,12.8,13.1,6163.0
2021-07-20 09:06:00,NSE:SHREERAMA,13.15,13.15,13.15,13.15,311.0
2021-07-20 09:15:00,NSE:SHREERAMA,13.15,13.15,13.1,13.1,2536.0
2021-07-20 09:18:00,NSE:SHREERAMA,13.1,13.1,13.0,13.0,1818.0
2021-07-20 09:21:00,NSE:SHREERAMA,12.95,12.95,12.9,12.9,383.0
2021-07-20 09:24:00,NSE:SHREERAMA,12.85,12.85,12.8,12.8,853.0
2021-07-20 09:30:00,NSE:SHREERAMA,12.8,12.8,12.8,12.8,95.0
2021-07-20 09:33:00,NSE:SHREERAMA,12.8,12.8,12.8,12.8,740.0
2021-07-20 09:39:00,NSE:SHREERAMA,12.9,12.9,12.8,12.85,745.0
2021-07-20 09:45:00,NSE:SHREERAMA,12.8,12.8,12.8,12.8,100.0
2021-07-20 09:48:00,NSE:SHREERAMA,12.85,12.85,12.85,12.85,600.0
2021-07-20 09:57:00,NSE:SHREERAMA,12.9,12.9,12.9,12.9,1505.0
2021-07-20 10:00:00,NSE:SHREERAMA,12.9,12.9,12.9,12.9,495.0
2021-07-20 10:03:00,NSE:SHREERAMA,13.0,13.0,13.0,13.0,1698.0
2021-07-20 10:06:00,NSE:SHREERAMA,13.1,13.1,13.05,13.05,1434.0
2021-07-20 10:09:00,NSE:SHREERAMA,13.05,13.05,13.05,13.05,101.0
2021-07-20 10:12:00,NSE:SHREERAMA,13.05,13.05,13.0,13.0,1297.0
2021-07-20 10:15:00,NSE:SHREERAMA,13.0,13.0,12.95,13.0,1487.0
2021-07-20 10:18:00,NSE:SHREERAMA,12.95,13.0,12.95,13.0,2.0
2021-07-20 10:24:00,NSE:SHREERAMA,12.95,13.05,12.95,12.95,2680.0
2021-07-20 10:27:00,NSE:SHREERAMA,13.05,13.05,12.95,12.95,209.0
2021-07-20 10:30:00,NSE:SHREERAMA,13.05,13.05,13.05,13.05,502.0
2021-07-20 10:33:00,NSE:SHREERAMA,12.95,12.95,12.95,12.95,700.0
2021-07-20 10:39:00,NSE:SHREERAMA,12.95,13.05,12.95,13.05,3164.0
2021-07-20 10:45:00,NSE:SHREERAMA,13.0,13.0,12.95,12.95,1096.0
2021-07-20 10:48:00,NSE:SHREERAMA,12.95,13.0,12.95,13.0,1647.0
2021-07-20 10:51:00,NSE:SHREERAMA,12.95,12.95,12.85,12.95,7058.0
2021-07-20 10:57:00,NSE:SHREERAMA,12.85,12.9,12.85,12.9,570.0
2021-07-20 11:00:00,NSE:SHREERAMA,12.9,12.9,12.85,12.9,1100.0
2021-07-20 11:03:00,NSE:SHREERAMA,12.9,12.9,12.85,12.85,1185.0
2021-07-20 11:09:00,NSE:SHREERAMA,12.7,12.7,12.7,12.7,300.0
2021-07-20 11:15:00,NSE:SHREERAMA,12.7,12.7,12.7,12.7,40.0
2021-07-20 11:27:00,NSE:SHREERAMA,12.75,12.75,12.7,12.7,1416.0
2021-07-20 11:36:00,NSE:SHREERAMA,12.7,12.7,12.65,12.65,2309.0
2021-07-20 11:39:00,NSE:SHREERAMA,12.65,12.65,12.65,12.65,665.0
2021-07-20 11:45:00,NSE:SHREERAMA,12.65,12.7,12.65,12.7,1577.0
2021-07-20 11:51:00,NSE:SHREERAMA,12.65,12.65,12.65,12.65,400.0
2021-07-20 12:00:00,NSE:SHREERAMA,12.7,12.7,12.7,12.7,5.0
2021-07-20 12:12:00,NSE:SHREERAMA,12.7,12.7,12.55,12.55,1701.0
2021-07-20 12:15:00,NSE:SHREERAMA,12.5,12.5,12.5,12.5,298.0
2021-07-20 12:30:00,NSE:SHREERAMA,12.55,12.55,12.55,12.55,20.0
2021-07-20 12:33:00,NSE:SHREERAMA,12.65,12.65,12.65,12.65,500.0
2021-07-20 12:45:00,NSE:SHREERAMA,12.7,12.7,12.7,12.7,5.0
2021-07-20 12:48:00,NSE:SHREERAMA,12.7,12.7,12.7,12.7,50.0
2021-07-20 12:54:00,NSE:SHREERAMA,12.7,12.7,12.7,12.7,500.0
2021-07-20 12:57:00,NSE:SHREERAMA,12.7,12.75,12.7,12.75,515.0
2021-07-20 13:03:00,NSE:SHREERAMA,12.6,12.6,12.6,12.6,250.0
2021-07-20 13:12:00,NSE:SHREERAMA,12.75,12.75,12.75,12.75,338.0
2021-07-20 13:15:00,NSE:SHREERAMA,12.75,12.8,12.75,12.8,536.0
2021-07-20 13:21:00,NSE:SHREERAMA,12.75,12.75,12.75,12.75,114.0
2021-07-20 13:30:00,NSE:SHREERAMA,12.65,12.65,12.65,12.65,1000.0
2021-07-20 13:33:00,NSE:SHREERAMA,12.75,12.75,12.75,12.75,10.0
2021-07-20 13:39:00,NSE:SHREERAMA,12.75,12.75,12.75,12.75,500.0
2021-07-20 13:42:00,NSE:SHREERAMA,12.75,12.75,12.75,12.75,2.0
2021-07-20 13:45:00,NSE:SHREERAMA,12.75,12.75,12.75,12.75,243.0
2021-07-20 13:48:00,NSE:SHREERAMA,12.8,13.0,12.8,13.0,21379.0
2021-07-20 13:51:00,NSE:SHREERAMA,13.1,13.35,13.1,13.3,19855.0
2021-07-20 13:54:00,NSE:SHREERAMA,12.5,13.0,12.5,13.0,17210.0
2021-07-20 14:03:00,NSE:SHREERAMA,12.9,13.0,12.9,12.9,716.0
2021-07-20 14:06:00,NSE:SHREERAMA,12.95,12.95,12.95,12.95,100.0
2021-07-20 14:12:00,NSE:SHREERAMA,13.0,13.0,13.0,13.0,3075.0
2021-07-20 14:15:00,NSE:SHREERAMA,13.0,13.0,13.0,13.0,1200.0
2021-07-20 14:18:00,NSE:SHREERAMA,13.0,13.0,13.0,13.0,1001.0
2021-07-20 14:21:00,NSE:SHREERAMA,13.0,13.0,13.0,13.0,310.0
2021-07-20 14:24:00,NSE:SHREERAMA,12.9,12.9,12.9,12.9,1000.0
2021-07-20 14:30:00,NSE:SHREERAMA,12.95,12.95,12.9,12.95,26.0
2021-07-20 14:33:00,NSE:SHREERAMA,12.95,12.95,12.95,12.95,25.0
2021-07-20 14:36:00,NSE:SHREERAMA,13.05,13.15,13.05,13.1,7716.0
2021-07-20 14:39:00,NSE:SHREERAMA,13.1,13.1,13.1,13.1,1018.0
2021-07-20 14:42:00,NSE:SHREERAMA,13.2,13.3,13.15,13.15,2917.0
2021-07-20 14:45:00,NSE:SHREERAMA,13.15,13.25,13.15,13.25,1006.0
2021-07-20 14:48:00,NSE:SHREERAMA,13.45,13.5,13.2,13.45,41681.0
2021-07-20 14:51:00,NSE:SHREERAMA,13.4,13.5,13.4,13.5,9629.0
2021-07-20 14:54:00,NSE:SHREERAMA,13.5,13.5,13.5,13.5,1020.0
2021-07-20 14:57:00,NSE:SHREERAMA,13.5,13.5,13.5,13.5,1008.0
2021-07-20 15:00:00,NSE:SHREERAMA,13.5,13.5,13.5,13.5,7067.0
2021-07-20 15:03:00,NSE:SHREERAMA,13.5,13.5,13.5,13.5,3050.0
2021-07-20 15:06:00,NSE:SHREERAMA,13.5,13.5,13.5,13.5,444.0
2021-07-20 15:09:00,NSE:SHREERAMA,13.5,13.5,13.5,13.5,50.0
2021-07-20 15:12:00,NSE:SHREERAMA,13.5,13.5,13.5,13.5,131.0
2021-07-20 15:15:00,NSE:SHREERAMA,13.5,13.5,13.5,13.5,8000.0
2021-07-20 15:18:00,NSE:SHREERAMA,13.5,13.5,13.5,13.5,14051.0
2021-07-20 15:21:00,NSE:SHREERAMA,13.5,13.5,13.5,13.5,3945.0
2021-07-20 15:24:00,NSE:SHREERAMA,13.5,13.5,13.45,13.45,2536.0
2021-07-20 15:27:00,NSE:SHREERAMA,13.45,13.5,13.4,13.4,8940.0
2021-07-20 15:48:00,NSE:SHREERAMA,13.5,13.5,13.5,13.5,65.0
2021-07-22 09:06:00,NSE:SHREERAMA,13.6,13.6,13.6,13.6,131.0
2021-07-22 09:15:00,NSE:SHREERAMA,13.6,13.6,13.15,13.35,1544.0
2021-07-22 09:18:00,NSE:SHREERAMA,13.35,13.5,13.35,13.5,6689.0
2021-07-22 09:21:00,NSE:SHREERAMA,13.45,13.55,13.45,13.5,10095.0
2021-07-22 09:24:00,NSE:SHREERAMA,13.5,13.5,13.5,13.5,2434.0
2021-07-22 09:27:00,NSE:SHREERAMA,13.45,13.45,13.45,13.45,1457.0
2021-07-22 09:30:00,NSE:SHREERAMA,13.4,13.4,13.35,13.4,7971.0
2021-07-22 09:33:00,NSE:SHREERAMA,13.4,13.4,13.4,13.4,3907.0
2021-07-22 09:36:00,NSE:SHREERAMA,13.3,13.3,13.3,13.3,1101.0
2021-07-22 09:39:00,NSE:SHREERAMA,13.25,13.35,13.15,13.35,6470.0
2021-07-22 09:42:00,NSE:SHREERAMA,13.4,13.4,13.35,13.35,5891.0
2021-07-22 09:45:00,NSE:SHREERAMA,13.35,13.35,13.2,13.25,1390.0
2021-07-22 09:48:00,NSE:SHREERAMA,13.15,13.25,13.15,13.25,2500.0
2021-07-22 09:54:00,NSE:SHREERAMA,13.25,13.25,13.25,13.25,500.0
2021-07-22 09:57:00,NSE:SHREERAMA,13.25,13.25,13.2,13.2,1006.0
2021-07-22 10:00:00,NSE:SHREERAMA,13.2,13.25,13.2,13.2,444.0
2021-07-22 10:03:00,NSE:SHREERAMA,13.25,13.25,13.2,13.2,1708.0
2021-07-22 10:06:00,NSE:SHREERAMA,13.15,13.15,13.15,13.15,171.0
2021-07-22 10:09:00,NSE:SHREERAMA,13.15,13.2,13.15,13.2,4126.0
2021-07-22 10:12:00,NSE:SHREERAMA,13.2,13.2,13.2,13.2,500.0
2021-07-22 10:15:00,NSE:SHREERAMA,13.15,13.2,13.15,13.15,2562.0
2021-07-22 10:18:00,NSE:SHREERAMA,13.25,13.7,13.25,13.7,9352.0
2021-07-22 10:21:00,NSE:SHREERAMA,13.95,14.15,13.9,14.15,43755.0
2021-07-22 10:24:00,NSE:SHREERAMA,14.05,14.15,14.05,14.05,4607.0
2021-07-22 10:27:00,NSE:SHREERAMA,14.1,14.15,14.0,14.1,20109.0
2021-07-22 10:30:00,NSE:SHREERAMA,14.15,14.15,14.15,14.15,48854.0
2021-07-22 10:33:00,NSE:SHREERAMA,14.15,14.15,14.15,14.15,6052.0
2021-07-22 10:36:00,NSE:SHREERAMA,14.15,14.15,14.15,14.15,1350.0
2021-07-22 10:39:00,NSE:SHREERAMA,14.15,14.15,14.15,14.15,396.0
2021-07-22 10:42:00,NSE:SHREERAMA,14.15,14.15,14.15,14.15,330.0
2021-07-22 10:48:00,NSE:SHREERAMA,14.15,14.15,14.15,14.15,65.0
2021-07-22 10:51:00,NSE:SHREERAMA,14.15,14.15,14.15,14.15,1050.0
2021-07-22 10:54:00,NSE:SHREERAMA,14.15,14.15,14.15,14.15,1788.0
2021-07-22 10:57:00,NSE:SHREERAMA,14.15,14.15,14.15,14.15,6400.0
2021-07-22 11:00:00,NSE:SHREERAMA,14.15,14.15,14.15,14.15,5432.0
2021-07-22 11:03:00,NSE:SHREERAMA,14.15,14.15,14.15,14.15,3350.0
2021-07-22 11:06:00,NSE:SHREERAMA,14.15,14.15,14.15,14.15,1350.0
2021-07-22 11:09:00,NSE:SHREERAMA,14.15,14.15,14.15,14.15,150.0
2021-07-22 11:12:00,NSE:SHREERAMA,14.15,14.15,14.15,14.15,1201.0
2021-07-22 11:15:00,NSE:SHREERAMA,14.15,14.15,14.15,14.15,723.0
2021-07-22 11:18:00,NSE:SHREERAMA,14.15,14.15,14.15,14.15,123.0
2021-07-22 11:24:00,NSE:SHREERAMA,14.15,14.15,14.15,14.15,15.0
2021-07-22 11:27:00,NSE:SHREERAMA,14.15,14.15,14.15,14.15,10.0
2021-07-22 11:39:00,NSE:SHREERAMA,14.15,14.15,14.15,14.15,200.0
2021-07-22 11:45:00,NSE:SHREERAMA,14.15,14.15,14.15,14.15,10.0
2021-07-22 11:51:00,NSE:SHREERAMA,14.15,14.15,14.15,14.15,2000.0
2021-07-22 11:54:00,NSE:SHREERAMA,14.15,14.15,14.15,14.15,372.0
2021-07-22 11:57:00,NSE:SHREERAMA,14.15,14.15,14.15,14.15,101.0
2021-07-22 12:00:00,NSE:SHREERAMA,14.15,14.15,14.15,14.15,200.0
2021-07-22 12:03:00,NSE:SHREERAMA,14.15,14.15,14.15,14.15,500.0
2021-07-22 12:06:00,NSE:SHREERAMA,14.15,14.15,14.15,14.15,300.0
2021-07-22 12:12:00,NSE:SHREERAMA,14.15,14.15,14.15,14.15,350.0
2021-07-22 12:18:00,NSE:SHREERAMA,14.15,14.15,14.15,14.15,500.0
2021-07-22 12:27:00,NSE:SHREERAMA,14.15,14.15,14.15,14.15,180.0
2021-07-22 12:36:00,NSE:SHREERAMA,14.15,14.15,14.15,14.15,3900.0
2021-07-22 12:39:00,NSE:SHREERAMA,14.15,14.15,14.15,14.15,170.0
2021-07-22 12:42:00,NSE:SHREERAMA,14.15,14.15,14.15,14.15,176.0
2021-07-22 12:48:00,NSE:SHREERAMA,14.15,14.15,14.15,14.15,1000.0
2021-07-22 12:57:00,NSE:SHREERAMA,14.15,14.15,14.15,14.15,100.0
2021-07-22 13:09:00,NSE:SHREERAMA,14.15,14.15,14.15,14.15,1000.0
2021-07-22 13:24:00,NSE:SHREERAMA,14.15,14.15,14.15,14.15,30.0
2021-07-22 13:30:00,NSE:SHREERAMA,14.15,14.15,14.15,14.15,400.0
2021-07-22 13:33:00,NSE:SHREERAMA,14.15,14.15,14.15,14.15,4.0
2021-07-22 13:39:00,NSE:SHREERAMA,14.15,14.15,14.15,14.15,1000.0
2021-07-22 13:48:00,NSE:SHREERAMA,14.15,14.15,14.15,14.15,700.0
2021-07-22 13:54:00,NSE:SHREERAMA,14.15,14.15,14.15,14.15,1000.0
2021-07-22 14:00:00,NSE:SHREERAMA,14.15,14.15,14.15,14.15,135.0
2021-07-22 14:09:00,NSE:SHREERAMA,14.15,14.15,14.15,14.15,1390.0
2021-07-22 14:24:00,NSE:SHREERAMA,14.15,14.15,14.15,14.15,245.0
2021-07-22 14:27:00,NSE:SHREERAMA,14.15,14.15,14.15,14.15,110.0
2021-07-22 14:30:00,NSE:SHREERAMA,14.15,14.15,14.15,14.15,2000.0
2021-07-22 14:33:00,NSE:SHREERAMA,14.15,14.15,14.15,14.15,79.0
2021-07-22 14:36:00,NSE:SHREERAMA,14.15,14.15,14.15,14.15,40.0
2021-07-22 14:48:00,NSE:SHREERAMA,14.15,14.15,14.15,14.15,100.0
2021-07-22 15:03:00,NSE:SHREERAMA,14.15,14.15,14.15,14.15,2016.0
2021-07-22 15:09:00,NSE:SHREERAMA,14.15,14.15,14.15,14.15,1001.0
2021-07-22 15:12:00,NSE:SHREERAMA,14.15,14.15,14.15,14.15,44.0
2021-07-22 15:24:00,NSE:SHREERAMA,14.15,14.15,14.15,14.15,37.0
2021-07-22 15:42:00,NSE:SHREERAMA,14.15,14.15,14.15,14.15,300.0
2021-07-23 09:06:00,NSE:SHREERAMA,14.8,14.8,14.8,14.8,16000.0
2021-07-23 09:15:00,NSE:SHREERAMA,14.8,14.85,14.55,14.8,61977.0
2021-07-23 09:18:00,NSE:SHREERAMA,14.6,14.8,14.6,14.8,4570.0
2021-07-23 09:21:00,NSE:SHREERAMA,14.8,14.8,14.75,14.75,621.0
2021-07-23 09:24:00,NSE:SHREERAMA,14.75,14.75,14.65,14.75,2720.0
2021-07-23 09:27:00,NSE:SHREERAMA,14.65,14.65,14.5,14.5,3547.0
2021-07-23 09:30:00,NSE:SHREERAMA,14.5,14.5,14.25,14.25,6544.0
2021-07-23 09:33:00,NSE:SHREERAMA,14.25,14.25,14.15,14.25,5034.0
2021-07-23 09:36:00,NSE:SHREERAMA,14.25,14.35,14.25,14.35,600.0
2021-07-23 09:39:00,NSE:SHREERAMA,14.35,14.65,14.35,14.4,5008.0
2021-07-23 09:42:00,NSE:SHREERAMA,14.4,14.65,14.4,14.65,151.0
2021-07-23 09:45:00,NSE:SHREERAMA,14.6,14.6,14.4,14.4,4710.0
2021-07-23 09:48:00,NSE:SHREERAMA,14.5,14.55,14.4,14.55,2951.0
2021-07-23 09:51:00,NSE:SHREERAMA,14.55,14.55,14.55,14.55,3939.0
2021-07-23 09:54:00,NSE:SHREERAMA,14.6,14.6,14.6,14.6,100.0
2021-07-23 09:57:00,NSE:SHREERAMA,14.6,14.6,14.6,14.6,2034.0
2021-07-23 10:00:00,NSE:SHREERAMA,14.6,14.6,14.55,14.6,2265.0
2021-07-23 10:03:00,NSE:SHREERAMA,14.6,14.6,14.55,14.6,852.0
2021-07-23 10:06:00,NSE:SHREERAMA,14.6,14.6,14.55,14.55,2624.0
2021-07-23 10:09:00,NSE:SHREERAMA,14.5,14.55,14.4,14.4,8964.0
2021-07-23 10:12:00,NSE:SHREERAMA,14.4,14.4,14.3,14.4,5600.0
2021-07-23 10:15:00,NSE:SHREERAMA,14.3,14.4,14.3,14.4,1005.0
2021-07-23 10:18:00,NSE:SHREERAMA,14.4,14.4,14.4,14.4,1821.0
2021-07-23 10:21:00,NSE:SHREERAMA,14.4,14.6,14.4,14.45,6063.0
2021-07-23 10:24:00,NSE:SHREERAMA,14.55,14.55,14.45,14.45,502.0
2021-07-23 10:27:00,NSE:SHREERAMA,14.6,14.6,14.6,14.6,65.0
2021-07-23 10:30:00,NSE:SHREERAMA,14.6,14.6,14.4,14.4,3927.0
2021-07-23 10:33:00,NSE:SHREERAMA,14.55,14.55,14.55,14.55,41.0
2021-07-23 10:36:00,NSE:SHREERAMA,14.55,14.55,14.55,14.55,25.0
2021-07-23 10:39:00,NSE:SHREERAMA,14.55,14.55,14.4,14.4,1400.0
2021-07-23 10:42:00,NSE:SHREERAMA,14.5,14.5,14.4,14.4,1340.0
2021-07-23 10:45:00,NSE:SHREERAMA,14.4,14.55,14.4,14.55,2000.0
2021-07-23 10:48:00,NSE:SHREERAMA,14.5,14.55,14.35,14.55,4100.0
2021-07-23 10:51:00,NSE:SHREERAMA,14.55,14.55,14.55,14.55,1.0
2021-07-23 10:54:00,NSE:SHREERAMA,14.55,14.55,14.55,14.55,1542.0
2021-07-23 10:57:00,NSE:SHREERAMA,14.55,14.55,14.55,14.55,9528.0
2021-07-23 11:00:00,NSE:SHREERAMA,14.55,14.55,14.55,14.55,4.0
2021-07-23 11:03:00,NSE:SHREERAMA,14.35,14.35,14.35,14.35,370.0
2021-07-23 11:06:00,NSE:SHREERAMA,14.4,14.4,14.4,14.4,265.0
2021-07-23 11:09:00,NSE:SHREERAMA,14.4,14.5,14.4,14.5,3015.0
2021-07-23 11:12:00,NSE:SHREERAMA,14.5,14.5,14.4,14.4,1037.0
2021-07-23 11:15:00,NSE:SHREERAMA,14.4,14.5,14.4,14.4,2750.0
2021-07-23 11:18:00,NSE:SHREERAMA,14.5,14.5,14.35,14.35,1002.0
2021-07-23 11:24:00,NSE:SHREERAMA,14.35,14.35,14.35,14.35,1.0
2021-07-23 11:27:00,NSE:SHREERAMA,14.4,14.45,14.4,14.45,564.0
2021-07-23 11:30:00,NSE:SHREERAMA,14.45,14.45,14.4,14.4,2615.0
2021-07-23 11:33:00,NSE:SHREERAMA,14.45,14.45,14.45,14.45,950.0
2021-07-23 11:36:00,NSE:SHREERAMA,14.45,14.45,14.45,14.45,500.0
2021-07-23 11:48:00,NSE:SHREERAMA,14.45,14.45,14.45,14.45,100.0
2021-07-23 11:51:00,NSE:SHREERAMA,14.35,14.45,14.35,14.35,809.0
2021-07-23 11:54:00,NSE:SHREERAMA,14.35,14.45,14.35,14.45,110.0
2021-07-23 11:57:00,NSE:SHREERAMA,14.45,14.45,14.4,14.4,2000.0
2021-07-23 12:00:00,NSE:SHREERAMA,14.4,14.4,14.2,14.4,6020.0
2021-07-23 12:03:00,NSE:SHREERAMA,14.3,14.3,14.3,14.3,25.0
2021-07-23 12:06:00,NSE:SHREERAMA,14.4,14.4,14.4,14.4,1001.0
2021-07-23 12:12:00,NSE:SHREERAMA,14.4,14.4,14.4,14.4,9.0
2021-07-23 12:15:00,NSE:SHREERAMA,14.4,14.4,14.4,14.4,1000.0
2021-07-23 12:18:00,NSE:SHREERAMA,14.3,14.3,14.3,14.3,5.0
2021-07-23 12:21:00,NSE:SHREERAMA,14.25,14.25,14.25,14.25,1000.0
2021-07-23 12:24:00,NSE:SHREERAMA,14.3,14.3,14.3,14.3,7.0
2021-07-23 12:27:00,NSE:SHREERAMA,14.3,14.3,14.3,14.3,405.0
2021-07-23 12:30:00,NSE:SHREERAMA,14.2,14.2,14.2,14.2,200.0
2021-07-23 12:36:00,NSE:SHREERAMA,14.2,14.2,14.2,14.2,2500.0
2021-07-23 12:39:00,NSE:SHREERAMA,14.2,14.2,14.2,14.2,100.0
2021-07-23 12:54:00,NSE:SHREERAMA,14.3,14.3,14.3,14.3,1110.0
2021-07-23 13:27:00,NSE:SHREERAMA,14.4,14.4,14.4,14.4,2701.0
2021-07-23 13:30:00,NSE:SHREERAMA,14.4,14.45,14.4,14.45,6746.0
2021-07-23 13:33:00,NSE:SHREERAMA,14.5,14.5,14.4,14.4,1254.0
2021-07-23 13:42:00,NSE:SHREERAMA,14.35,14.4,14.35,14.4,700.0
2021-07-23 13:45:00,NSE:SHREERAMA,14.4,14.4,14.35,14.35,870.0
2021-07-23 13:48:00,NSE:SHREERAMA,14.35,14.35,14.35,14.35,1161.0
2021-07-23 13:51:00,NSE:SHREERAMA,14.3,14.3,14.3,14.3,1.0
2021-07-23 14:00:00,NSE:SHREERAMA,14.3,14.4,14.3,14.3,1301.0
2021-07-23 14:03:00,NSE:SHREERAMA,14.3,14.3,14.3,14.3,5.0
2021-07-23 14:06:00,NSE:SHREERAMA,14.4,14.4,14.3,14.3,69.0
2021-07-23 14:09:00,NSE:SHREERAMA,14.4,14.4,14.4,14.4,750.0
2021-07-23 14:15:00,NSE:SHREERAMA,14.4,14.4,14.4,14.4,175.0
2021-07-23 14:18:00,NSE:SHREERAMA,14.4,14.4,14.4,14.4,1600.0
2021-07-23 14:21:00,NSE:SHREERAMA,14.4,14.4,14.4,14.4,182.0
2021-07-23 14:24:00,NSE:SHREERAMA,14.45,14.45,14.45,14.45,300.0
2021-07-23 14:27:00,NSE:SHREERAMA,14.45,14.45,14.4,14.4,522.0
2021-07-23 14:30:00,NSE:SHREERAMA,14.45,14.45,14.4,14.4,305.0
2021-07-23 14:36:00,NSE:SHREERAMA,14.3,14.4,14.3,14.4,828.0
2021-07-23 14:42:00,NSE:SHREERAMA,14.3,14.3,14.3,14.3,280.0
2021-07-23 14:48:00,NSE:SHREERAMA,14.3,14.3,14.3,14.3,100.0
2021-07-23 14:51:00,NSE:SHREERAMA,14.4,14.4,14.4,14.4,30.0
2021-07-23 14:54:00,NSE:SHREERAMA,14.45,14.45,14.4,14.4,4520.0
2021-07-23 14:57:00,NSE:SHREERAMA,14.4,14.4,14.4,14.4,40.0
2021-07-23 15:03:00,NSE:SHREERAMA,14.4,14.4,14.4,14.4,5623.0
2021-07-23 15:09:00,NSE:SHREERAMA,14.4,14.4,14.4,14.4,1100.0
2021-07-23 15:12:00,NSE:SHREERAMA,14.45,14.45,14.45,14.45,1095.0
2021-07-23 15:15:00,NSE:SHREERAMA,14.45,14.45,14.4,14.4,1050.0
2021-07-23 15:18:00,NSE:SHREERAMA,14.5,14.5,14.4,14.4,7907.0
2021-07-23 15:21:00,NSE:SHREERAMA,14.3,14.4,14.3,14.4,1504.0
2021-07-23 15:24:00,NSE:SHREERAMA,14.4,14.4,14.25,14.35,3394.0
2021-07-23 15:27:00,NSE:SHREERAMA,14.35,14.45,14.35,14.45,1409.0
2021-07-23 15:48:00,NSE:SHREERAMA,14.4,14.4,14.4,14.4,200.0
2021-07-26 09:06:00,NSE:SHREERAMA,14.4,14.4,14.4,14.4,1363.0
2021-07-26 09:15:00,NSE:SHREERAMA,14.4,15.0,14.05,14.35,21898.0
2021-07-26 09:18:00,NSE:SHREERAMA,14.7,14.75,14.65,14.75,932.0
2021-07-26 09:21:00,NSE:SHREERAMA,14.75,14.8,14.75,14.8,1660.0
2021-07-26 09:24:00,NSE:SHREERAMA,14.75,14.75,14.5,14.65,1021.0
2021-07-26 09:27:00,NSE:SHREERAMA,14.65,14.65,14.65,14.65,250.0
2021-07-26 09:30:00,NSE:SHREERAMA,14.7,14.7,14.5,14.5,4838.0
2021-07-26 09:33:00,NSE:SHREERAMA,14.8,14.95,14.65,14.95,32642.0
2021-07-26 09:36:00,NSE:SHREERAMA,14.65,14.95,14.65,14.85,4074.0
2021-07-26 09:39:00,NSE:SHREERAMA,14.85,14.85,14.65,14.85,8195.0
2021-07-26 09:42:00,NSE:SHREERAMA,14.95,15.0,14.85,14.85,10939.0
2021-07-26 09:45:00,NSE:SHREERAMA,14.85,15.0,14.85,14.85,8218.0
2021-07-26 09:48:00,NSE:SHREERAMA,14.85,14.95,14.7,14.7,3013.0
2021-07-26 09:51:00,NSE:SHREERAMA,14.85,14.95,14.85,14.95,5767.0
2021-07-26 09:54:00,NSE:SHREERAMA,14.95,14.95,14.75,14.85,15828.0
2021-07-26 09:57:00,NSE:SHREERAMA,14.8,14.8,14.8,14.8,100.0
2021-07-26 10:00:00,NSE:SHREERAMA,14.8,14.9,14.8,14.9,440.0
2021-07-26 10:03:00,NSE:SHREERAMA,14.9,14.9,14.85,14.85,5029.0
2021-07-26 10:06:00,NSE:SHREERAMA,14.8,14.85,14.8,14.85,2900.0
2021-07-26 10:09:00,NSE:SHREERAMA,14.9,14.9,14.9,14.9,1003.0
2021-07-26 10:12:00,NSE:SHREERAMA,14.9,14.9,14.9,14.9,510.0
2021-07-26 10:15:00,NSE:SHREERAMA,14.9,14.9,14.85,14.85,1616.0
2021-07-26 10:18:00,NSE:SHREERAMA,14.9,14.9,14.9,14.9,1060.0
2021-07-26 10:21:00,NSE:SHREERAMA,14.85,14.85,14.85,14.85,1301.0
2021-07-26 10:24:00,NSE:SHREERAMA,14.8,14.9,14.8,14.9,400.0
2021-07-26 10:27:00,NSE:SHREERAMA,14.8,14.8,14.8,14.8,2443.0
2021-07-26 10:30:00,NSE:SHREERAMA,14.8,14.8,14.8,14.8,1.0
2021-07-26 10:36:00,NSE:SHREERAMA,14.8,14.8,14.75,14.75,1300.0
2021-07-26 10:39:00,NSE:SHREERAMA,14.65,14.75,14.65,14.75,1470.0
2021-07-26 10:42:00,NSE:SHREERAMA,14.7,14.7,14.7,14.7,1611.0
2021-07-26 10:45:00,NSE:SHREERAMA,14.7,14.7,14.7,14.7,1200.0
2021-07-26 10:48:00,NSE:SHREERAMA,14.65,14.65,14.65,14.65,148.0
2021-07-26 10:51:00,NSE:SHREERAMA,14.65,14.7,14.65,14.65,873.0
2021-07-26 10:54:00,NSE:SHREERAMA,14.7,14.7,14.7,14.7,550.0
2021-07-26 10:57:00,NSE:SHREERAMA,14.7,14.7,14.65,14.65,1022.0
2021-07-26 11:03:00,NSE:SHREERAMA,14.75,14.75,14.75,14.75,1001.0
2021-07-26 11:06:00,NSE:SHREERAMA,14.65,14.75,14.65,14.75,539.0
2021-07-26 11:09:00,NSE:SHREERAMA,14.75,14.75,14.7,14.7,384.0
2021-07-26 11:12:00,NSE:SHREERAMA,14.65,14.75,14.65,14.75,842.0
2021-07-26 11:15:00,NSE:SHREERAMA,14.75,14.75,14.75,14.75,5.0
2021-07-26 11:18:00,NSE:SHREERAMA,14.75,14.75,14.75,14.75,1133.0
2021-07-26 11:21:00,NSE:SHREERAMA,14.75,14.75,14.75,14.75,1110.0
2021-07-26 11:24:00,NSE:SHREERAMA,14.7,14.75,14.7,14.7,2211.0
2021-07-26 11:27:00,NSE:SHREERAMA,14.7,14.7,14.7,14.7,279.0
2021-07-26 11:33:00,NSE:SHREERAMA,14.7,14.7,14.7,14.7,446.0
2021-07-26 11:36:00,NSE:SHREERAMA,14.75,14.75,14.7,14.7,747.0
2021-07-26 11:39:00,NSE:SHREERAMA,14.7,14.7,14.7,14.7,504.0
2021-07-26 11:42:00,NSE:SHREERAMA,14.7,14.7,14.65,14.7,8335.0
2021-07-26 11:45:00,NSE:SHREERAMA,14.7,14.7,14.65,14.65,506.0
2021-07-26 11:48:00,NSE:SHREERAMA,14.65,14.7,14.65,14.7,327.0
2021-07-26 11:51:00,NSE:SHREERAMA,14.65,14.7,14.65,14.65,204.0
2021-07-26 11:54:00,NSE:SHREERAMA,14.7,14.7,14.7,14.7,6.0
2021-07-26 12:00:00,NSE:SHREERAMA,14.6,14.7,14.6,14.7,901.0
2021-07-26 12:03:00,NSE:SHREERAMA,14.6,14.6,14.6,14.6,100.0
2021-07-26 12:06:00,NSE:SHREERAMA,14.65,14.65,14.6,14.65,1200.0
2021-07-26 12:09:00,NSE:SHREERAMA,14.65,14.65,14.65,14.65,2.0
2021-07-26 12:12:00,NSE:SHREERAMA,14.6,14.6,14.6,14.6,1000.0
2021-07-26 12:15:00,NSE:SHREERAMA,14.6,14.6,14.6,14.6,300.0
2021-07-26 12:18:00,NSE:SHREERAMA,14.6,14.6,14.6,14.6,250.0
2021-07-26 12:21:00,NSE:SHREERAMA,14.6,14.6,14.6,14.6,4466.0
2021-07-26 12:24:00,NSE:SHREERAMA,14.6,14.6,14.6,14.6,2500.0
2021-07-26 12:27:00,NSE:SHREERAMA,14.6,14.6,14.6,14.6,853.0
2021-07-26 12:30:00,NSE:SHREERAMA,14.6,14.6,14.6,14.6,15460.0
2021-07-26 12:36:00,NSE:SHREERAMA,14.6,14.6,14.6,14.6,25.0
2021-07-26 12:39:00,NSE:SHREERAMA,14.6,14.6,14.6,14.6,350.0
2021-07-26 12:42:00,NSE:SHREERAMA,14.65,14.65,14.65,14.65,98.0
2021-07-26 12:45:00,NSE:SHREERAMA,14.7,14.8,14.65,14.65,8121.0
2021-07-26 12:48:00,NSE:SHREERAMA,14.65,14.65,14.65,14.65,1732.0
2021-07-26 12:51:00,NSE:SHREERAMA,14.6,14.65,14.6,14.65,710.0
2021-07-26 12:57:00,NSE:SHREERAMA,14.6,14.6,14.6,14.6,3260.0
2021-07-26 13:00:00,NSE:SHREERAMA,14.55,14.55,14.55,14.55,111.0
2021-07-26 13:09:00,NSE:SHREERAMA,14.55,14.6,14.55,14.6,51.0
2021-07-26 13:21:00,NSE:SHREERAMA,14.65,14.65,14.55,14.6,2751.0
2021-07-26 13:24:00,NSE:SHREERAMA,14.65,14.65,14.65,14.65,101.0
2021-07-26 13:27:00,NSE:SHREERAMA,14.65,14.65,14.65,14.65,2702.0
2021-07-26 13:33:00,NSE:SHREERAMA,14.65,14.65,14.65,14.65,100.0
2021-07-26 13:36:00,NSE:SHREERAMA,14.65,14.65,14.65,14.65,200.0
2021-07-26 13:57:00,NSE:SHREERAMA,14.65,14.65,14.6,14.6,650.0
2021-07-26 14:00:00,NSE:SHREERAMA,14.6,14.6,14.6,14.6,1501.0
2021-07-26 14:06:00,NSE:SHREERAMA,14.6,14.6,14.55,14.55,694.0
2021-07-26 14:24:00,NSE:SHREERAMA,14.55,14.55,14.55,14.55,1.0
2021-07-26 14:27:00,NSE:SHREERAMA,14.65,14.65,14.5,14.5,4601.0
2021-07-26 14:30:00,NSE:SHREERAMA,14.6,14.6,14.6,14.6,280.0
2021-07-26 14:33:00,NSE:SHREERAMA,14.6,14.6,14.5,14.55,1903.0
2021-07-26 14:36:00,NSE:SHREERAMA,14.55,14.55,14.55,14.55,78.0
2021-07-26 14:45:00,NSE:SHREERAMA,14.5,14.5,14.5,14.5,100.0
2021-07-26 14:54:00,NSE:SHREERAMA,14.6,14.6,14.6,14.6,991.0
2021-07-26 14:57:00,NSE:SHREERAMA,14.6,14.6,14.6,14.6,645.0
2021-07-26 15:00:00,NSE:SHREERAMA,14.6,14.6,14.6,14.6,50.0
2021-07-26 15:03:00,NSE:SHREERAMA,14.65,14.65,14.65,14.65,200.0
2021-07-26 15:09:00,NSE:SHREERAMA,14.65,14.65,14.65,14.65,100.0
2021-07-26 15:12:00,NSE:SHREERAMA,14.6,14.6,14.6,14.6,50.0
2021-07-26 15:15:00,NSE:SHREERAMA,14.6,14.6,14.6,14.6,450.0
2021-07-26 15:18:00,NSE:SHREERAMA,14.65,14.65,14.65,14.65,200.0
2021-07-26 15:21:00,NSE:SHREERAMA,14.65,14.65,14.6,14.65,1605.0
2021-07-26 15:24:00,NSE:SHREERAMA,14.65,14.65,14.65,14.65,559.0
2021-07-26 15:27:00,NSE:SHREERAMA,14.65,14.65,14.6,14.6,4942.0
2021-07-27 09:15:00,NSE:SHREERAMA,14.95,14.95,14.75,14.75,271.0
2021-07-27 09:18:00,NSE:SHREERAMA,14.65,14.8,14.65,14.8,1843.0
2021-07-27 09:21:00,NSE:SHREERAMA,14.85,14.85,14.7,14.7,615.0
2021-07-27 09:24:00,NSE:SHREERAMA,14.8,14.8,14.65,14.65,1400.0
2021-07-27 09:27:00,NSE:SHREERAMA,14.75,14.75,14.65,14.75,325.0
2021-07-27 09:30:00,NSE:SHREERAMA,14.65,14.75,14.65,14.65,603.0
2021-07-27 09:33:00,NSE:SHREERAMA,14.75,14.75,14.7,14.75,2365.0
2021-07-27 09:36:00,NSE:SHREERAMA,14.75,14.75,14.75,14.75,10.0
2021-07-27 09:39:00,NSE:SHREERAMA,14.75,14.8,14.65,14.65,1205.0
2021-07-27 09:42:00,NSE:SHREERAMA,14.8,15.0,14.8,15.0,5922.0
2021-07-27 09:45:00,NSE:SHREERAMA,14.9,14.9,14.9,14.9,10.0
2021-07-27 09:48:00,NSE:SHREERAMA,14.9,14.9,14.9,14.9,1434.0
2021-07-27 09:51:00,NSE:SHREERAMA,14.9,14.9,14.9,14.9,19.0
2021-07-27 09:54:00,NSE:SHREERAMA,14.9,14.9,14.75,14.8,7222.0
2021-07-27 09:57:00,NSE:SHREERAMA,14.8,14.8,14.8,14.8,4907.0
2021-07-27 10:00:00,NSE:SHREERAMA,14.8,14.8,14.8,14.8,100.0
2021-07-27 10:03:00,NSE:SHREERAMA,14.8,14.8,14.8,14.8,510.0
2021-07-27 10:06:00,NSE:SHREERAMA,14.75,14.8,14.7,14.8,1105.0
2021-07-27 10:09:00,NSE:SHREERAMA,14.8,14.8,14.8,14.8,5.0
2021-07-27 10:15:00,NSE:SHREERAMA,14.8,14.8,14.8,14.8,2000.0
2021-07-27 10:18:00,NSE:SHREERAMA,14.8,14.8,14.8,14.8,10.0
2021-07-27 10:24:00,NSE:SHREERAMA,14.8,14.8,14.8,14.8,2040.0
2021-07-27 10:27:00,NSE:SHREERAMA,14.9,14.95,14.9,14.95,4535.0
2021-07-27 10:30:00,NSE:SHREERAMA,14.95,14.95,14.95,14.95,1000.0
2021-07-27 10:33:00,NSE:SHREERAMA,14.8,14.95,14.8,14.95,794.0
2021-07-27 10:42:00,NSE:SHREERAMA,14.9,14.9,14.8,14.85,4127.0
2021-07-27 10:45:00,NSE:SHREERAMA,14.85,14.9,14.85,14.9,2084.0
2021-07-27 10:48:00,NSE:SHREERAMA,14.8,14.9,14.8,14.9,450.0
2021-07-27 10:51:00,NSE:SHREERAMA,14.9,14.9,14.9,14.9,49.0
2021-07-27 10:54:00,NSE:SHREERAMA,14.9,14.9,14.8,14.8,75.0
2021-07-27 10:57:00,NSE:SHREERAMA,14.8,14.8,14.8,14.8,400.0
2021-07-27 11:00:00,NSE:SHREERAMA,14.85,14.85,14.85,14.85,142.0
2021-07-27 11:03:00,NSE:SHREERAMA,14.7,14.8,14.7,14.8,3229.0
2021-07-27 11:09:00,NSE:SHREERAMA,14.7,14.7,14.7,14.7,45.0
2021-07-27 11:15:00,NSE:SHREERAMA,14.7,14.75,14.7,14.75,2000.0
2021-07-27 11:18:00,NSE:SHREERAMA,14.7,14.75,14.7,14.75,251.0
2021-07-27 11:21:00,NSE:SHREERAMA,14.75,14.75,14.75,14.75,1591.0
2021-07-27 11:24:00,NSE:SHREERAMA,14.75,14.85,14.75,14.85,593.0
2021-07-27 11:27:00,NSE:SHREERAMA,14.85,14.85,14.85,14.85,1000.0
2021-07-27 11:30:00,NSE:SHREERAMA,14.85,14.85,14.85,14.85,3.0
2021-07-27 11:45:00,NSE:SHREERAMA,14.85,14.85,14.85,14.85,10.0
2021-07-27 11:51:00,NSE:SHREERAMA,14.85,14.85,14.85,14.85,250.0
2021-07-27 12:00:00,NSE:SHREERAMA,14.8,14.8,14.8,14.8,986.0
2021-07-27 12:03:00,NSE:SHREERAMA,14.75,14.75,14.75,14.75,90.0
2021-07-27 12:06:00,NSE:SHREERAMA,14.75,14.75,14.75,14.75,100.0
2021-07-27 12:18:00,NSE:SHREERAMA,14.75,14.75,14.75,14.75,180.0
2021-07-27 12:21:00,NSE:SHREERAMA,14.8,14.8,14.8,14.8,25.0
2021-07-27 12:24:00,NSE:SHREERAMA,14.8,14.8,14.8,14.8,30.0
2021-07-27 12:27:00,NSE:SHREERAMA,14.8,14.8,14.8,14.8,4000.0
2021-07-27 12:30:00,NSE:SHREERAMA,14.75,14.75,14.75,14.75,500.0
2021-07-27 12:39:00,NSE:SHREERAMA,14.7,14.7,14.7,14.7,250.0
2021-07-27 12:42:00,NSE:SHREERAMA,14.7,14.8,14.7,14.8,329.0
2021-07-27 12:45:00,NSE:SHREERAMA,14.8,14.8,14.8,14.8,250.0
2021-07-27 12:48:00,NSE:SHREERAMA,14.7,14.7,14.7,14.7,1.0
2021-07-27 12:51:00,NSE:SHREERAMA,14.75,14.8,14.75,14.8,1108.0
2021-07-27 12:54:00,NSE:SHREERAMA,14.8,14.8,14.7,14.7,5293.0
2021-07-27 12:57:00,NSE:SHREERAMA,14.7,14.7,14.7,14.7,1108.0
2021-07-27 13:00:00,NSE:SHREERAMA,14.7,14.7,14.7,14.7,630.0
2021-07-27 13:03:00,NSE:SHREERAMA,14.65,14.7,14.65,14.7,51.0
2021-07-27 13:06:00,NSE:SHREERAMA,14.7,14.7,14.6,14.6,3414.0
2021-07-27 13:09:00,NSE:SHREERAMA,14.6,14.6,14.55,14.55,2101.0
2021-07-27 13:12:00,NSE:SHREERAMA,14.6,14.6,14.55,14.55,264.0
2021-07-27 13:15:00,NSE:SHREERAMA,14.6,14.6,14.6,14.6,700.0
2021-07-27 13:18:00,NSE:SHREERAMA,14.6,14.6,14.55,14.6,401.0
2021-07-27 13:21:00,NSE:SHREERAMA,14.6,14.6,14.6,14.6,50.0
2021-07-27 13:24:00,NSE:SHREERAMA,14.6,14.6,14.6,14.6,504.0
2021-07-27 13:27:00,NSE:SHREERAMA,14.55,14.55,14.55,14.55,848.0
2021-07-27 13:30:00,NSE:SHREERAMA,14.55,14.55,14.55,14.55,504.0
2021-07-27 13:33:00,NSE:SHREERAMA,14.55,14.55,14.55,14.55,648.0
2021-07-27 13:39:00,NSE:SHREERAMA,14.55,14.6,14.55,14.55,452.0
2021-07-27 13:42:00,NSE:SHREERAMA,14.5,14.65,14.5,14.65,3944.0
2021-07-27 13:45:00,NSE:SHREERAMA,14.7,14.7,14.7,14.7,1500.0
2021-07-27 13:48:00,NSE:SHREERAMA,14.7,14.85,14.7,14.85,6007.0
2021-07-27 13:51:00,NSE:SHREERAMA,14.85,15.15,14.75,15.05,47649.0
2021-07-27 13:54:00,NSE:SHREERAMA,15.15,15.25,15.15,15.25,22947.0
2021-07-27 13:57:00,NSE:SHREERAMA,15.25,15.35,15.25,15.35,8751.0
2021-07-27 14:00:00,NSE:SHREERAMA,15.35,15.35,15.3,15.3,10331.0
2021-07-27 14:03:00,NSE:SHREERAMA,15.3,15.35,15.3,15.3,8572.0
2021-07-27 14:06:00,NSE:SHREERAMA,15.35,15.35,15.25,15.3,6927.0
2021-07-27 14:09:00,NSE:SHREERAMA,15.3,15.35,15.3,15.3,7900.0
2021-07-27 14:12:00,NSE:SHREERAMA,15.3,15.35,15.3,15.35,18490.0
2021-07-27 14:15:00,NSE:SHREERAMA,15.35,15.35,15.35,15.35,575.0
2021-07-27 14:18:00,NSE:SHREERAMA,15.35,15.35,15.3,15.3,7075.0
2021-07-27 14:21:00,NSE:SHREERAMA,15.35,15.35,15.35,15.35,275.0
2021-07-27 14:24:00,NSE:SHREERAMA,15.35,15.35,15.35,15.35,189.0
2021-07-27 14:27:00,NSE:SHREERAMA,15.35,15.35,15.35,15.35,1000.0
2021-07-27 14:30:00,NSE:SHREERAMA,15.35,15.35,15.35,15.35,1250.0
2021-07-27 14:33:00,NSE:SHREERAMA,15.35,15.35,15.35,15.35,150.0
2021-07-27 14:36:00,NSE:SHREERAMA,15.35,15.35,15.35,15.35,7107.0
2021-07-27 14:39:00,NSE:SHREERAMA,15.3,15.35,15.3,15.3,2417.0
2021-07-27 14:42:00,NSE:SHREERAMA,15.35,15.35,15.35,15.35,6613.0
2021-07-27 14:45:00,NSE:SHREERAMA,15.35,15.35,15.35,15.35,175.0
2021-07-27 14:48:00,NSE:SHREERAMA,15.35,15.35,15.35,15.35,154.0
2021-07-27 14:51:00,NSE:SHREERAMA,15.35,15.35,15.2,15.35,16301.0
2021-07-27 14:54:00,NSE:SHREERAMA,15.3,15.3,15.3,15.3,400.0
2021-07-27 14:57:00,NSE:SHREERAMA,15.3,15.35,15.3,15.35,2104.0
2021-07-27 15:00:00,NSE:SHREERAMA,15.35,15.35,15.35,15.35,90.0
2021-07-27 15:03:00,NSE:SHREERAMA,15.35,15.35,15.35,15.35,3000.0
2021-07-27 15:06:00,NSE:SHREERAMA,15.35,15.35,15.35,15.35,991.0
2021-07-27 15:09:00,NSE:SHREERAMA,15.35,15.35,15.35,15.35,2200.0
2021-07-27 15:12:00,NSE:SHREERAMA,15.35,15.35,15.35,15.35,630.0
2021-07-27 15:21:00,NSE:SHREERAMA,15.35,15.35,15.35,15.35,55.0
2021-07-27 15:27:00,NSE:SHREERAMA,15.35,15.35,15.35,15.35,11.0
2021-07-27 15:42:00,NSE:SHREERAMA,15.35,15.35,15.35,15.35,1000.0
2021-07-28 09:06:00,NSE:SHREERAMA,15.6,15.6,15.6,15.6,1300.0
2021-07-28 09:15:00,NSE:SHREERAMA,15.65,16.05,15.6,15.95,11562.0
2021-07-28 09:18:00,NSE:SHREERAMA,15.95,15.95,15.4,15.45,5346.0
2021-07-28 09:21:00,NSE:SHREERAMA,15.5,15.65,15.4,15.55,2790.0
2021-07-28 09:24:00,NSE:SHREERAMA,15.5,15.7,15.35,15.7,9787.0
2021-07-28 09:27:00,NSE:SHREERAMA,15.65,15.7,15.5,15.55,4286.0
2021-07-28 09:30:00,NSE:SHREERAMA,15.65,15.65,15.55,15.55,1756.0
2021-07-28 09:33:00,NSE:SHREERAMA,15.65,15.7,15.65,15.7,6635.0
2021-07-28 09:36:00,NSE:SHREERAMA,15.7,15.7,15.65,15.7,2003.0
2021-07-28 09:39:00,NSE:SHREERAMA,15.6,15.6,15.55,15.55,2622.0
2021-07-28 09:42:00,NSE:SHREERAMA,15.6,15.6,15.45,15.45,3582.0
2021-07-28 09:45:00,NSE:SHREERAMA,15.45,15.45,15.35,15.45,5853.0
2021-07-28 09:48:00,NSE:SHREERAMA,15.25,15.25,15.05,15.05,3674.0
2021-07-28 09:51:00,NSE:SHREERAMA,15.1,15.1,15.1,15.1,514.0
2021-07-28 09:54:00,NSE:SHREERAMA,15.2,15.2,15.1,15.15,1706.0
2021-07-28 09:57:00,NSE:SHREERAMA,15.15,15.15,15.1,15.1,1205.0
2021-07-28 10:00:00,NSE:SHREERAMA,15.2,15.2,14.85,14.95,15508.0
2021-07-28 10:03:00,NSE:SHREERAMA,14.85,14.85,14.7,14.85,12384.0
2021-07-28 10:06:00,NSE:SHREERAMA,14.95,15.0,14.95,15.0,3398.0
2021-07-28 10:09:00,NSE:SHREERAMA,15.0,15.0,14.6,14.9,15527.0
2021-07-28 10:12:00,NSE:SHREERAMA,14.75,14.9,14.75,14.9,1300.0
2021-07-28 10:15:00,NSE:SHREERAMA,14.9,14.9,14.9,14.9,506.0
2021-07-28 10:18:00,NSE:SHREERAMA,14.85,14.85,14.85,14.85,4.0
2021-07-28 10:21:00,NSE:SHREERAMA,14.8,14.8,14.75,14.75,840.0
2021-07-28 10:24:00,NSE:SHREERAMA,14.75,14.8,14.75,14.75,1755.0
2021-07-28 10:27:00,NSE:SHREERAMA,14.85,14.9,14.8,14.9,645.0
2021-07-28 10:30:00,NSE:SHREERAMA,14.95,14.95,14.85,14.85,86.0
2021-07-28 10:33:00,NSE:SHREERAMA,14.9,14.9,14.9,14.9,5.0
2021-07-28 10:39:00,NSE:SHREERAMA,14.9,14.9,14.75,14.75,5000.0
2021-07-28 10:45:00,NSE:SHREERAMA,14.75,14.9,14.75,14.85,553.0
2021-07-28 10:48:00,NSE:SHREERAMA,14.85,14.9,14.85,14.85,1902.0
2021-07-28 10:57:00,NSE:SHREERAMA,14.7,14.8,14.7,14.8,4556.0
2021-07-28 11:00:00,NSE:SHREERAMA,14.75,14.75,14.75,14.75,100.0
2021-07-28 11:03:00,NSE:SHREERAMA,14.75,14.75,14.7,14.7,1705.0
2021-07-28 11:06:00,NSE:SHREERAMA,14.65,14.75,14.6,14.6,7069.0
2021-07-28 11:09:00,NSE:SHREERAMA,14.6,14.7,14.6,14.6,4260.0
2021-07-28 11:12:00,NSE:SHREERAMA,14.65,14.65,14.65,14.65,3955.0
2021-07-28 11:15:00,NSE:SHREERAMA,14.6,14.6,14.6,14.6,5682.0
2021-07-28 11:18:00,NSE:SHREERAMA,14.6,14.6,14.6,14.6,1527.0
2021-07-28 11:21:00,NSE:SHREERAMA,14.6,14.6,14.6,14.6,25.0
2021-07-28 11:24:00,NSE:SHREERAMA,14.6,14.6,14.6,14.6,8451.0
2021-07-28 11:30:00,NSE:SHREERAMA,14.6,14.6,14.6,14.6,1869.0
2021-07-28 11:33:00,NSE:SHREERAMA,14.6,14.6,14.6,14.6,351.0
2021-07-28 11:36:00,NSE:SHREERAMA,14.6,14.6,14.6,14.6,1700.0
2021-07-28 11:42:00,NSE:SHREERAMA,14.6,14.6,14.6,14.6,2440.0
2021-07-28 11:48:00,NSE:SHREERAMA,14.6,14.6,14.6,14.6,111.0
2021-07-28 11:51:00,NSE:SHREERAMA,14.6,14.6,14.6,14.6,1010.0
2021-07-28 11:54:00,NSE:SHREERAMA,14.6,14.6,14.6,14.6,640.0
2021-07-28 12:00:00,NSE:SHREERAMA,14.6,14.6,14.6,14.6,2500.0
2021-07-28 12:03:00,NSE:SHREERAMA,14.6,14.7,14.6,14.65,422.0
2021-07-28 12:09:00,NSE:SHREERAMA,14.7,14.7,14.7,14.7,1070.0
2021-07-28 12:12:00,NSE:SHREERAMA,14.7,14.75,14.7,14.75,599.0
2021-07-28 12:15:00,NSE:SHREERAMA,14.75,14.8,14.75,14.8,3102.0
2021-07-28 12:18:00,NSE:SHREERAMA,14.85,14.85,14.85,14.85,1000.0
2021-07-28 12:21:00,NSE:SHREERAMA,14.85,14.85,14.85,14.85,200.0
2021-07-28 12:24:00,NSE:SHREERAMA,14.85,14.85,14.85,14.85,21.0
2021-07-28 12:27:00,NSE:SHREERAMA,14.85,14.85,14.85,14.85,2.0
2021-07-28 12:30:00,NSE:SHREERAMA,14.9,14.9,14.9,14.9,1050.0
2021-07-28 12:36:00,NSE:SHREERAMA,14.9,14.9,14.9,14.9,9.0
2021-07-28 12:42:00,NSE:SHREERAMA,14.85,14.85,14.85,14.85,300.0
2021-07-28 12:45:00,NSE:SHREERAMA,14.85,14.9,14.85,14.9,1541.0
2021-07-28 12:48:00,NSE:SHREERAMA,14.85,14.9,14.85,14.9,515.0
2021-07-28 12:54:00,NSE:SHREERAMA,14.85,14.85,14.85,14.85,581.0
2021-07-28 12:57:00,NSE:SHREERAMA,14.9,14.9,14.9,14.9,1500.0
2021-07-28 13:03:00,NSE:SHREERAMA,14.9,14.9,14.9,14.9,2000.0
2021-07-28 13:06:00,NSE:SHREERAMA,14.85,14.85,14.75,14.75,1300.0
2021-07-28 13:15:00,NSE:SHREERAMA,14.75,14.75,14.75,14.75,1000.0
2021-07-28 13:24:00,NSE:SHREERAMA,14.85,14.85,14.85,14.85,636.0
2021-07-28 13:27:00,NSE:SHREERAMA,14.85,14.85,14.85,14.85,2519.0
2021-07-28 13:30:00,NSE:SHREERAMA,14.85,15.05,14.85,15.05,9191.0
2021-07-28 13:33:00,NSE:SHREERAMA,15.1,15.1,15.1,15.1,1836.0
2021-07-28 13:36:00,NSE:SHREERAMA,15.2,15.25,15.2,15.25,6250.0
2021-07-28 13:39:00,NSE:SHREERAMA,15.2,15.2,15.15,15.15,1550.0
2021-07-28 13:42:00,NSE:SHREERAMA,15.2,15.2,15.2,15.2,510.0
2021-07-28 13:45:00,NSE:SHREERAMA,15.2,15.2,15.2,15.2,200.0
2021-07-28 13:48:00,NSE:SHREERAMA,15.2,15.6,15.2,15.5,10438.0
2021-07-28 13:51:00,NSE:SHREERAMA,15.4,15.5,15.4,15.5,187.0
2021-07-28 13:54:00,NSE:SHREERAMA,15.4,15.4,15.4,15.4,1538.0
2021-07-28 13:57:00,NSE:SHREERAMA,15.45,15.45,15.45,15.45,10.0
2021-07-28 14:00:00,NSE:SHREERAMA,15.45,15.45,15.4,15.4,2117.0
2021-07-28 14:03:00,NSE:SHREERAMA,15.4,15.4,15.3,15.3,1438.0
2021-07-28 14:06:00,NSE:SHREERAMA,15.3,15.3,15.3,15.3,50.0
2021-07-28 14:09:00,NSE:SHREERAMA,15.35,15.35,15.35,15.35,50.0
2021-07-28 14:12:00,NSE:SHREERAMA,15.25,15.3,15.15,15.3,554.0
2021-07-28 14:15:00,NSE:SHREERAMA,15.3,15.3,15.3,15.3,35.0
2021-07-28 14:18:00,NSE:SHREERAMA,15.3,15.3,15.3,15.3,200.0
2021-07-28 14:21:00,NSE:SHREERAMA,15.3,15.3,15.15,15.15,841.0
2021-07-28 14:24:00,NSE:SHREERAMA,15.2,15.2,15.2,15.2,90.0
2021-07-28 14:27:00,NSE:SHREERAMA,15.2,15.2,15.1,15.1,760.0
2021-07-28 14:30:00,NSE:SHREERAMA,15.1,15.3,15.1,15.3,456.0
2021-07-28 14:33:00,NSE:SHREERAMA,15.1,15.1,15.1,15.1,515.0
2021-07-28 14:36:00,NSE:SHREERAMA,15.2,15.2,15.1,15.1,766.0
2021-07-28 14:42:00,NSE:SHREERAMA,15.1,15.1,15.1,15.1,40.0
2021-07-28 14:45:00,NSE:SHREERAMA,15.2,15.2,15.2,15.2,100.0
2021-07-28 14:48:00,NSE:SHREERAMA,15.0,15.0,15.0,15.0,1500.0
2021-07-28 14:51:00,NSE:SHREERAMA,15.05,15.15,15.05,15.15,1100.0
2021-07-28 14:57:00,NSE:SHREERAMA,15.15,15.15,15.15,15.15,5.0
2021-07-28 15:00:00,NSE:SHREERAMA,15.15,15.15,15.15,15.15,300.0
2021-07-28 15:03:00,NSE:SHREERAMA,15.15,15.15,15.15,15.15,450.0
2021-07-28 15:06:00,NSE:SHREERAMA,15.15,15.15,15.1,15.1,945.0
2021-07-28 15:12:00,NSE:SHREERAMA,15.15,15.15,15.05,15.05,2050.0
2021-07-28 15:18:00,NSE:SHREERAMA,15.15,15.15,15.15,15.15,130.0
2021-07-28 15:21:00,NSE:SHREERAMA,15.0,15.15,15.0,15.15,3715.0
2021-07-28 15:24:00,NSE:SHREERAMA,15.05,15.05,15.0,15.05,2200.0
2021-07-28 15:27:00,NSE:SHREERAMA,15.0,15.0,15.0,15.0,1001.0
2021-07-28 15:42:00,NSE:SHREERAMA,15.05,15.05,15.05,15.05,400.0
2021-07-29 09:06:00,NSE:SHREERAMA,15.2,15.2,15.2,15.2,104.0
2021-07-29 09:15:00,NSE:SHREERAMA,15.2,15.2,15.2,15.2,501.0
2021-07-29 09:18:00,NSE:SHREERAMA,15.2,15.2,14.95,14.95,900.0
2021-07-29 09:21:00,NSE:SHREERAMA,15.0,15.0,15.0,15.0,178.0
2021-07-29 09:24:00,NSE:SHREERAMA,15.0,15.0,15.0,15.0,50.0
2021-07-29 09:27:00,NSE:SHREERAMA,15.1,15.1,15.1,15.1,499.0
2021-07-29 09:30:00,NSE:SHREERAMA,15.05,15.05,14.95,14.95,936.0
2021-07-29 09:33:00,NSE:SHREERAMA,15.0,15.0,14.95,14.95,1388.0
2021-07-29 09:36:00,NSE:SHREERAMA,14.9,15.0,14.85,15.0,492.0
2021-07-29 09:39:00,NSE:SHREERAMA,14.9,15.0,14.9,15.0,585.0
2021-07-29 09:42:00,NSE:SHREERAMA,15.0,15.0,14.9,15.0,3861.0
2021-07-29 09:45:00,NSE:SHREERAMA,15.0,15.0,14.9,14.9,734.0
2021-07-29 09:48:00,NSE:SHREERAMA,14.8,14.8,14.8,14.8,5.0
2021-07-29 09:51:00,NSE:SHREERAMA,14.9,14.9,14.9,14.9,250.0
2021-07-29 09:54:00,NSE:SHREERAMA,14.75,14.85,14.75,14.85,1300.0
2021-07-29 09:57:00,NSE:SHREERAMA,14.6,14.95,14.6,14.95,7374.0
2021-07-29 10:00:00,NSE:SHREERAMA,14.95,14.95,14.95,14.95,1.0
2021-07-29 10:06:00,NSE:SHREERAMA,14.8,14.8,14.8,14.8,500.0
2021-07-29 10:09:00,NSE:SHREERAMA,14.95,14.95,14.95,14.95,8.0
2021-07-29 10:12:00,NSE:SHREERAMA,14.8,14.95,14.8,14.95,215.0
2021-07-29 10:15:00,NSE:SHREERAMA,14.95,14.95,14.95,14.95,82.0
2021-07-29 10:18:00,NSE:SHREERAMA,14.8,14.8,14.8,14.8,199.0
2021-07-29 10:21:00,NSE:SHREERAMA,14.8,14.9,14.8,14.9,42.0
2021-07-29 10:27:00,NSE:SHREERAMA,14.9,14.9,14.8,14.8,120.0
2021-07-29 10:33:00,NSE:SHREERAMA,14.8,14.8,14.8,14.8,2247.0
2021-07-29 10:39:00,NSE:SHREERAMA,14.7,14.8,14.7,14.8,520.0
2021-07-29 10:42:00,NSE:SHREERAMA,14.8,14.8,14.8,14.8,2843.0
2021-07-29 10:45:00,NSE:SHREERAMA,14.8,14.8,14.8,14.8,250.0
2021-07-29 10:48:00,NSE:SHREERAMA,14.8,14.8,14.8,14.8,15.0
2021-07-29 10:54:00,NSE:SHREERAMA,14.8,14.8,14.8,14.8,358.0
2021-07-29 10:57:00,NSE:SHREERAMA,14.9,14.9,14.9,14.9,142.0
2021-07-29 11:00:00,NSE:SHREERAMA,14.9,14.9,14.9,14.9,68.0
2021-07-29 11:03:00,NSE:SHREERAMA,14.9,14.9,14.9,14.9,500.0
2021-07-29 11:06:00,NSE:SHREERAMA,14.75,14.75,14.75,14.75,300.0
2021-07-29 11:09:00,NSE:SHREERAMA,14.8,14.8,14.8,14.8,1036.0
2021-07-29 11:12:00,NSE:SHREERAMA,14.7,14.8,14.7,14.7,5525.0
2021-07-29 11:21:00,NSE:SHREERAMA,14.75,14.75,14.75,14.75,1050.0
2021-07-29 11:24:00,NSE:SHREERAMA,14.85,14.85,14.85,14.85,700.0
2021-07-29 11:30:00,NSE:SHREERAMA,14.75,14.85,14.75,14.85,52.0
2021-07-29 11:33:00,NSE:SHREERAMA,14.7,14.7,14.7,14.7,1000.0
2021-07-29 11:36:00,NSE:SHREERAMA,14.7,14.7,14.7,14.7,504.0
2021-07-29 11:39:00,NSE:SHREERAMA,14.85,14.85,14.85,14.85,400.0
2021-07-29 11:42:00,NSE:SHREERAMA,14.85,14.85,14.85,14.85,650.0
2021-07-29 11:45:00,NSE:SHREERAMA,14.85,14.85,14.85,14.85,50.0
2021-07-29 11:48:00,NSE:SHREERAMA,14.75,14.75,14.75,14.75,65.0
2021-07-29 11:51:00,NSE:SHREERAMA,14.85,14.85,14.85,14.85,50.0
2021-07-29 11:54:00,NSE:SHREERAMA,14.85,14.85,14.85,14.85,250.0
2021-07-29 11:57:00,NSE:SHREERAMA,14.85,14.85,14.85,14.85,5.0
2021-07-29 12:00:00,NSE:SHREERAMA,14.85,14.85,14.85,14.85,300.0
2021-07-29 12:12:00,NSE:SHREERAMA,14.8,14.8,14.8,14.8,100.0
2021-07-29 12:15:00,NSE:SHREERAMA,14.85,14.85,14.85,14.85,27.0
2021-07-29 12:18:00,NSE:SHREERAMA,14.85,14.9,14.85,14.9,264.0
2021-07-29 12:21:00,NSE:SHREERAMA,14.85,14.9,14.85,14.9,350.0
2021-07-29 12:24:00,NSE:SHREERAMA,14.9,14.9,14.85,14.85,1080.0
2021-07-29 12:36:00,NSE:SHREERAMA,14.75,14.8,14.75,14.8,704.0
2021-07-29 12:39:00,NSE:SHREERAMA,14.8,14.8,14.8,14.8,43.0
2021-07-29 12:42:00,NSE:SHREERAMA,14.8,14.8,14.8,14.8,250.0
2021-07-29 12:45:00,NSE:SHREERAMA,14.85,14.85,14.85,14.85,6.0
2021-07-29 12:51:00,NSE:SHREERAMA,15.5,15.5,15.3,15.3,24820.0
2021-07-29 12:57:00,NSE:SHREERAMA,15.4,15.4,15.4,15.4,311.0
2021-07-29 13:00:00,NSE:SHREERAMA,15.4,15.4,15.2,15.2,1089.0
2021-07-29 13:03:00,NSE:SHREERAMA,15.4,15.4,15.4,15.4,1.0
2021-07-29 13:06:00,NSE:SHREERAMA,15.25,15.25,15.25,15.25,2401.0
2021-07-29 13:15:00,NSE:SHREERAMA,15.2,15.35,15.2,15.25,790.0
2021-07-29 13:18:00,NSE:SHREERAMA,15.25,15.35,15.25,15.35,330.0
2021-07-29 13:21:00,NSE:SHREERAMA,15.25,15.35,15.25,15.35,426.0
2021-07-29 13:30:00,NSE:SHREERAMA,15.25,15.25,15.25,15.25,200.0
2021-07-29 13:33:00,NSE:SHREERAMA,15.3,15.3,15.3,15.3,1000.0
2021-07-29 13:36:00,NSE:SHREERAMA,15.4,15.4,15.3,15.4,2101.0
2021-07-29 13:42:00,NSE:SHREERAMA,15.3,15.3,15.1,15.1,4622.0
2021-07-29 13:48:00,NSE:SHREERAMA,15.15,15.15,15.15,15.15,100.0
2021-07-29 13:51:00,NSE:SHREERAMA,15.2,15.2,15.2,15.2,2.0
2021-07-29 13:54:00,NSE:SHREERAMA,15.15,15.15,15.15,15.15,243.0
2021-07-29 13:57:00,NSE:SHREERAMA,15.15,15.15,15.15,15.15,1.0
2021-07-29 14:00:00,NSE:SHREERAMA,15.15,15.15,15.15,15.15,280.0
2021-07-29 14:06:00,NSE:SHREERAMA,15.15,15.15,15.15,15.15,1.0
2021-07-29 14:09:00,NSE:SHREERAMA,15.15,15.15,15.15,15.15,5.0
2021-07-29 14:12:00,NSE:SHREERAMA,15.15,15.15,15.15,15.15,119.0
2021-07-29 14:15:00,NSE:SHREERAMA,15.15,15.2,15.15,15.2,2359.0
2021-07-29 14:21:00,NSE:SHREERAMA,15.2,15.2,15.2,15.2,12.0
2021-07-29 14:27:00,NSE:SHREERAMA,15.05,15.05,15.05,15.05,50.0
2021-07-29 14:30:00,NSE:SHREERAMA,15.2,15.2,15.2,15.2,8.0
2021-07-29 14:33:00,NSE:SHREERAMA,15.25,15.25,15.25,15.25,10.0
2021-07-29 14:36:00,NSE:SHREERAMA,15.25,15.3,15.25,15.25,1001.0
2021-07-29 14:39:00,NSE:SHREERAMA,15.2,15.2,15.15,15.15,361.0
2021-07-29 14:45:00,NSE:SHREERAMA,15.15,15.15,15.1,15.1,1294.0
2021-07-29 14:51:00,NSE:SHREERAMA,15.1,15.1,15.1,15.1,25.0
2021-07-29 14:54:00,NSE:SHREERAMA,15.15,15.15,15.15,15.15,100.0
2021-07-29 14:57:00,NSE:SHREERAMA,15.15,15.2,15.15,15.2,402.0
2021-07-29 15:00:00,NSE:SHREERAMA,15.15,15.15,15.15,15.15,248.0
2021-07-29 15:03:00,NSE:SHREERAMA,15.1,15.1,15.1,15.1,30.0
2021-07-29 15:06:00,NSE:SHREERAMA,15.1,15.1,15.1,15.1,137.0
2021-07-29 15:09:00,NSE:SHREERAMA,15.2,15.2,15.2,15.2,9000.0
2021-07-29 15:12:00,NSE:SHREERAMA,15.1,15.1,15.1,15.1,865.0
2021-07-29 15:15:00,NSE:SHREERAMA,15.1,15.1,15.05,15.05,2547.0
2021-07-29 15:18:00,NSE:SHREERAMA,15.05,15.05,15.05,15.05,2100.0
2021-07-29 15:21:00,NSE:SHREERAMA,15.1,15.1,15.0,15.0,2300.0
2021-07-29 15:24:00,NSE:SHREERAMA,15.05,15.05,15.0,15.0,1250.0
2021-07-29 15:27:00,NSE:SHREERAMA,15.05,15.2,15.05,15.05,4149.0
2021-07-30 09:15:00,NSE:SHREERAMA,15.35,15.35,15.0,15.0,150.0
2021-07-30 09:18:00,NSE:SHREERAMA,15.35,15.4,15.35,15.4,2000.0
2021-07-30 09:21:00,NSE:SHREERAMA,15.1,15.1,15.1,15.1,1530.0
2021-07-30 09:24:00,NSE:SHREERAMA,15.05,15.05,15.05,15.05,170.0
2021-07-30 09:27:00,NSE:SHREERAMA,15.1,15.1,15.05,15.05,354.0
2021-07-30 09:33:00,NSE:SHREERAMA,15.05,15.1,15.05,15.1,220.0
2021-07-30 09:36:00,NSE:SHREERAMA,15.05,15.1,15.05,15.1,43.0
2021-07-30 09:39:00,NSE:SHREERAMA,15.05,15.05,15.05,15.05,25.0
2021-07-30 09:42:00,NSE:SHREERAMA,15.1,15.1,15.1,15.1,421.0
2021-07-30 09:54:00,NSE:SHREERAMA,15.3,15.3,15.05,15.05,2200.0
2021-07-30 10:00:00,NSE:SHREERAMA,15.2,15.2,15.2,15.2,5.0
2021-07-30 10:03:00,NSE:SHREERAMA,15.2,15.2,15.2,15.2,20.0
2021-07-30 10:06:00,NSE:SHREERAMA,15.2,15.2,15.2,15.2,10.0
2021-07-30 10:09:00,NSE:SHREERAMA,15.1,15.1,15.1,15.1,3.0
2021-07-30 10:12:00,NSE:SHREERAMA,15.2,15.2,15.2,15.2,13.0
2021-07-30 10:18:00,NSE:SHREERAMA,15.2,15.2,15.2,15.2,1011.0
2021-07-30 10:21:00,NSE:SHREERAMA,15.2,15.2,15.1,15.1,2060.0
2021-07-30 10:27:00,NSE:SHREERAMA,15.1,15.1,15.1,15.1,63.0
2021-07-30 10:30:00,NSE:SHREERAMA,15.1,15.2,15.1,15.2,699.0
2021-07-30 10:33:00,NSE:SHREERAMA,15.2,15.2,15.1,15.1,1221.0
2021-07-30 10:36:00,NSE:SHREERAMA,15.2,15.2,15.2,15.2,1000.0
2021-07-30 10:39:00,NSE:SHREERAMA,15.2,15.2,15.2,15.2,247.0
2021-07-30 10:42:00,NSE:SHREERAMA,15.1,15.2,15.1,15.2,600.0
2021-07-30 10:45:00,NSE:SHREERAMA,15.2,15.2,15.1,15.1,3780.0
2021-07-30 10:51:00,NSE:SHREERAMA,15.1,15.1,15.0,15.05,1565.0
2021-07-30 10:54:00,NSE:SHREERAMA,15.05,15.05,15.05,15.05,151.0
2021-07-30 10:57:00,NSE:SHREERAMA,15.2,15.2,15.05,15.05,13653.0
2021-07-30 11:00:00,NSE:SHREERAMA,15.05,15.05,15.05,15.05,250.0
2021-07-30 11:03:00,NSE:SHREERAMA,15.5,15.5,15.5,15.5,3000.0
2021-07-30 11:09:00,NSE:SHREERAMA,15.45,15.45,15.35,15.45,4418.0
2021-07-30 11:12:00,NSE:SHREERAMA,15.45,15.45,15.45,15.45,50.0
2021-07-30 11:15:00,NSE:SHREERAMA,15.45,15.45,15.45,15.45,20.0
2021-07-30 11:18:00,NSE:SHREERAMA,15.45,15.45,15.45,15.45,453.0
2021-07-30 11:21:00,NSE:SHREERAMA,15.3,15.4,15.3,15.4,750.0
2021-07-30 11:24:00,NSE:SHREERAMA,15.25,15.45,15.25,15.35,1400.0
2021-07-30 11:27:00,NSE:SHREERAMA,15.35,15.45,15.35,15.35,1750.0
2021-07-30 11:36:00,NSE:SHREERAMA,15.5,15.55,14.95,15.2,58785.0
2021-07-30 11:39:00,NSE:SHREERAMA,15.45,15.5,15.3,15.3,4101.0
2021-07-30 11:42:00,NSE:SHREERAMA,15.5,15.5,15.5,15.5,1.0
2021-07-30 11:45:00,NSE:SHREERAMA,15.35,15.35,15.35,15.35,180.0
2021-07-30 11:48:00,NSE:SHREERAMA,15.45,15.5,15.4,15.4,182.0
2021-07-30 11:51:00,NSE:SHREERAMA,15.55,15.55,15.4,15.4,701.0
2021-07-30 12:00:00,NSE:SHREERAMA,15.4,15.4,15.4,15.4,200.0
2021-07-30 12:03:00,NSE:SHREERAMA,15.4,15.4,15.4,15.4,484.0
2021-07-30 12:06:00,NSE:SHREERAMA,15.25,15.25,15.25,15.25,25.0
2021-07-30 12:09:00,NSE:SHREERAMA,15.45,15.45,15.25,15.25,301.0
2021-07-30 12:12:00,NSE:SHREERAMA,15.3,15.5,15.3,15.5,1052.0
2021-07-30 12:18:00,NSE:SHREERAMA,15.35,15.35,15.35,15.35,1000.0
2021-07-30 12:21:00,NSE:SHREERAMA,15.45,15.45,15.4,15.4,1185.0
2021-07-30 12:24:00,NSE:SHREERAMA,15.35,15.35,15.35,15.35,5.0
2021-07-30 12:30:00,NSE:SHREERAMA,15.35,15.35,15.35,15.35,300.0
2021-07-30 12:33:00,NSE:SHREERAMA,15.35,15.35,15.35,15.35,815.0
2021-07-30 12:36:00,NSE:SHREERAMA,15.45,15.45,15.45,15.45,1.0
2021-07-30 12:39:00,NSE:SHREERAMA,15.45,15.45,15.35,15.35,701.0
2021-07-30 12:42:00,NSE:SHREERAMA,15.45,15.5,15.45,15.5,5105.0
2021-07-30 12:45:00,NSE:SHREERAMA,15.4,15.4,15.4,15.4,50.0
2021-07-30 12:48:00,NSE:SHREERAMA,15.4,15.4,15.4,15.4,268.0
2021-07-30 12:57:00,NSE:SHREERAMA,15.5,15.55,15.5,15.55,3172.0
2021-07-30 13:03:00,NSE:SHREERAMA,15.5,15.5,15.5,15.5,428.0
2021-07-30 13:06:00,NSE:SHREERAMA,15.55,15.55,15.45,15.45,1503.0
2021-07-30 13:12:00,NSE:SHREERAMA,15.55,15.55,15.55,15.55,1528.0
2021-07-30 13:15:00,NSE:SHREERAMA,15.6,15.8,15.6,15.8,41017.0
2021-07-30 13:18:00,NSE:SHREERAMA,15.8,15.8,15.75,15.8,11433.0
2021-07-30 13:21:00,NSE:SHREERAMA,15.8,15.8,15.75,15.75,11749.0
2021-07-30 13:24:00,NSE:SHREERAMA,15.7,15.7,15.65,15.65,946.0
2021-07-30 13:27:00,NSE:SHREERAMA,15.75,15.75,15.6,15.6,4018.0
2021-07-30 13:30:00,NSE:SHREERAMA,15.6,15.6,15.6,15.6,664.0
2021-07-30 13:33:00,NSE:SHREERAMA,15.7,15.7,15.5,15.5,13125.0
2021-07-30 13:36:00,NSE:SHREERAMA,15.55,15.6,15.55,15.6,600.0
2021-07-30 13:39:00,NSE:SHREERAMA,15.55,15.6,15.55,15.6,987.0
2021-07-30 13:48:00,NSE:SHREERAMA,15.55,15.55,15.55,15.55,600.0
2021-07-30 13:51:00,NSE:SHREERAMA,15.6,15.6,15.6,15.6,61.0
2021-07-30 13:54:00,NSE:SHREERAMA,15.55,15.55,15.55,15.55,589.0
2021-07-30 13:57:00,NSE:SHREERAMA,15.5,15.55,15.5,15.5,3245.0
2021-07-30 14:00:00,NSE:SHREERAMA,15.55,15.55,15.55,15.55,122.0
2021-07-30 14:03:00,NSE:SHREERAMA,15.55,15.55,15.55,15.55,191.0
2021-07-30 14:06:00,NSE:SHREERAMA,15.6,15.6,15.6,15.6,9.0
2021-07-30 14:12:00,NSE:SHREERAMA,15.6,15.6,15.6,15.6,950.0
2021-07-30 14:18:00,NSE:SHREERAMA,15.55,15.6,15.55,15.6,1065.0
2021-07-30 14:21:00,NSE:SHREERAMA,15.55,15.55,15.55,15.55,115.0
2021-07-30 14:24:00,NSE:SHREERAMA,15.6,15.6,15.5,15.5,1035.0
2021-07-30 14:27:00,NSE:SHREERAMA,15.6,15.6,15.6,15.6,1000.0
2021-07-30 14:33:00,NSE:SHREERAMA,15.5,15.5,15.5,15.5,19.0
2021-07-30 14:36:00,NSE:SHREERAMA,15.5,15.5,15.5,15.5,500.0
2021-07-30 14:45:00,NSE:SHREERAMA,15.5,15.6,15.5,15.6,1452.0
2021-07-30 14:48:00,NSE:SHREERAMA,15.6,15.6,15.6,15.6,1500.0
2021-07-30 14:51:00,NSE:SHREERAMA,15.6,15.6,15.6,15.6,15482.0
2021-07-30 14:54:00,NSE:SHREERAMA,15.6,15.6,15.6,15.6,2799.0
2021-07-30 15:00:00,NSE:SHREERAMA,15.65,15.65,15.65,15.65,1215.0
2021-07-30 15:03:00,NSE:SHREERAMA,15.7,15.7,15.6,15.65,5566.0
2021-07-30 15:06:00,NSE:SHREERAMA,15.65,15.75,15.65,15.75,10000.0
2021-07-30 15:09:00,NSE:SHREERAMA,15.75,15.75,15.75,15.75,1000.0
2021-07-30 15:12:00,NSE:SHREERAMA,15.75,15.85,15.75,15.85,13001.0
2021-07-30 15:15:00,NSE:SHREERAMA,15.85,15.85,15.75,15.8,18113.0
2021-07-30 15:18:00,NSE:SHREERAMA,15.8,15.85,15.8,15.8,3699.0
2021-07-30 15:21:00,NSE:SHREERAMA,15.85,15.85,15.8,15.85,8690.0
2021-07-30 15:24:00,NSE:SHREERAMA,15.85,15.85,15.65,15.85,20713.0
2021-07-30 15:27:00,NSE:SHREERAMA,15.8,15.85,15.8,15.85,4701.0
