datetime,symbol,open,high,low,close,volume
2021-06-03 13:45:00,NSE:DCBBANK,104.3,104.3,104.2,104.3,1336.0
2021-06-03 13:46:00,NSE:DCBBANK,104.35,104.35,104.3,104.35,4203.0
2021-06-03 13:47:00,NSE:DCBBANK,104.35,104.35,104.25,104.3,8276.0
2021-06-03 13:48:00,NSE:DCBBANK,104.35,104.35,104.3,104.35,2095.0
2021-06-03 13:49:00,NSE:DCBBANK,104.35,104.35,104.15,104.15,1664.0
2021-06-03 13:50:00,NSE:DCBBANK,104.3,104.3,104.2,104.3,1284.0
2021-06-03 13:51:00,NSE:DCBBANK,104.3,104.3,104.25,104.25,1702.0
2021-06-03 13:52:00,NSE:DCBBANK,104.3,104.3,104.25,104.3,1519.0
2021-06-03 13:53:00,NSE:DCBBANK,104.3,104.35,104.2,104.35,4103.0
2021-06-03 13:54:00,NSE:DCBBANK,104.35,104.35,104.3,104.3,1101.0
2021-06-03 13:55:00,NSE:DCBBANK,104.3,104.3,104.2,104.3,4267.0
2021-06-03 13:56:00,NSE:DCBBANK,104.3,104.3,104.25,104.3,1007.0
2021-06-03 13:57:00,NSE:DCBBANK,104.3,104.3,104.25,104.25,1576.0
2021-06-03 13:58:00,NSE:DCBBANK,104.3,104.3,104.25,104.3,1581.0
2021-06-03 13:59:00,NSE:DCBBANK,104.3,104.5,104.3,104.5,21331.0
2021-06-03 14:00:00,NSE:DCBBANK,104.5,104.5,104.45,104.5,1428.0
2021-06-03 14:01:00,NSE:DCBBANK,104.5,104.5,104.45,104.5,1587.0
2021-06-03 14:02:00,NSE:DCBBANK,104.5,104.5,104.45,104.5,1417.0
2021-06-03 14:03:00,NSE:DCBBANK,104.5,104.5,104.5,104.5,1493.0
2021-06-03 14:04:00,NSE:DCBBANK,104.5,104.5,104.5,104.5,1531.0
2021-06-03 14:05:00,NSE:DCBBANK,104.5,104.5,104.45,104.45,1943.0
2021-06-03 14:06:00,NSE:DCBBANK,104.45,104.5,104.45,104.5,1617.0
2021-06-03 14:07:00,NSE:DCBBANK,104.5,104.5,104.45,104.5,4199.0
2021-06-03 14:08:00,NSE:DCBBANK,104.5,104.5,104.45,104.45,1581.0
2021-06-03 14:09:00,NSE:DCBBANK,104.45,104.5,104.45,104.5,2511.0
2021-06-03 14:10:00,NSE:DCBBANK,104.5,104.5,104.45,104.5,1958.0
2021-06-03 14:11:00,NSE:DCBBANK,104.5,104.5,104.4,104.5,4343.0
2021-06-03 14:12:00,NSE:DCBBANK,104.5,104.5,104.45,104.5,1028.0
2021-06-03 14:13:00,NSE:DCBBANK,104.5,104.5,104.45,104.5,2525.0
2021-06-03 14:14:00,NSE:DCBBANK,104.5,104.5,104.45,104.5,1086.0
2021-06-03 14:15:00,NSE:DCBBANK,104.5,104.5,104.45,104.5,1175.0
2021-06-03 14:16:00,NSE:DCBBANK,104.5,104.5,104.45,104.45,5185.0
2021-06-03 14:17:00,NSE:DCBBANK,104.5,104.5,104.35,104.4,3807.0
2021-06-03 14:18:00,NSE:DCBBANK,104.4,104.4,104.35,104.4,2176.0
2021-06-03 14:19:00,NSE:DCBBANK,104.4,104.4,104.35,104.4,1962.0
2021-06-03 14:20:00,NSE:DCBBANK,104.4,104.5,104.35,104.5,2075.0
2021-06-03 14:21:00,NSE:DCBBANK,104.5,104.5,104.5,104.5,1536.0
2021-06-03 14:22:00,NSE:DCBBANK,104.5,104.5,104.4,104.45,1702.0
2021-06-03 14:23:00,NSE:DCBBANK,104.45,104.45,104.4,104.45,2695.0
2021-06-03 14:24:00,NSE:DCBBANK,104.45,104.45,104.35,104.4,2511.0
2021-06-03 14:25:00,NSE:DCBBANK,104.45,104.45,104.4,104.45,1316.0
2021-06-03 14:26:00,NSE:DCBBANK,104.45,104.45,104.35,104.4,2008.0
2021-06-03 14:27:00,NSE:DCBBANK,104.4,104.4,104.3,104.35,3626.0
2021-06-03 14:28:00,NSE:DCBBANK,104.4,104.4,104.4,104.4,881.0
2021-06-03 14:29:00,NSE:DCBBANK,104.4,104.4,104.35,104.4,1908.0
2021-06-03 14:30:00,NSE:DCBBANK,104.4,104.4,104.4,104.4,1234.0
2021-06-03 14:31:00,NSE:DCBBANK,104.4,104.45,104.35,104.45,1257.0
2021-06-03 14:32:00,NSE:DCBBANK,104.45,104.45,104.35,104.4,2676.0
2021-06-03 14:33:00,NSE:DCBBANK,104.5,104.5,104.4,104.5,4962.0
2021-06-03 14:34:00,NSE:DCBBANK,104.45,104.5,104.45,104.5,1334.0
2021-06-03 14:35:00,NSE:DCBBANK,104.5,104.6,104.45,104.5,6974.0
2021-06-03 14:36:00,NSE:DCBBANK,104.55,104.55,104.5,104.5,3090.0
2021-06-03 14:37:00,NSE:DCBBANK,104.55,104.55,104.5,104.5,1091.0
2021-06-03 14:38:00,NSE:DCBBANK,104.5,104.55,104.5,104.55,1494.0
2021-06-03 14:39:00,NSE:DCBBANK,104.55,104.55,104.5,104.5,1061.0
2021-06-03 14:40:00,NSE:DCBBANK,104.5,104.5,104.5,104.5,1657.0
2021-06-03 14:41:00,NSE:DCBBANK,104.5,104.5,104.45,104.5,1893.0
2021-06-03 14:42:00,NSE:DCBBANK,104.45,104.5,104.4,104.5,1217.0
2021-06-03 14:43:00,NSE:DCBBANK,104.5,104.5,104.45,104.45,1925.0
2021-06-03 14:44:00,NSE:DCBBANK,104.5,104.5,104.3,104.3,3263.0
2021-06-03 14:45:00,NSE:DCBBANK,104.4,104.4,104.2,104.3,3308.0
2021-06-03 14:46:00,NSE:DCBBANK,104.3,104.3,104.2,104.25,3742.0
2021-06-03 14:47:00,NSE:DCBBANK,104.25,104.25,104.2,104.25,1484.0
2021-06-03 14:48:00,NSE:DCBBANK,104.25,104.25,104.1,104.15,8952.0
2021-06-03 14:49:00,NSE:DCBBANK,104.1,104.15,104.05,104.1,2931.0
2021-06-03 14:50:00,NSE:DCBBANK,104.1,104.1,104.05,104.1,2417.0
2021-06-03 14:51:00,NSE:DCBBANK,104.1,104.1,104.05,104.1,2146.0
2021-06-03 14:52:00,NSE:DCBBANK,104.1,104.15,104.05,104.15,2399.0
2021-06-03 14:53:00,NSE:DCBBANK,104.15,104.2,104.15,104.2,1488.0
2021-06-03 14:54:00,NSE:DCBBANK,104.2,104.45,104.15,104.4,4313.0
2021-06-03 14:55:00,NSE:DCBBANK,104.45,104.45,104.3,104.3,4228.0
2021-06-03 14:56:00,NSE:DCBBANK,104.3,104.35,104.25,104.35,2586.0
2021-06-03 14:57:00,NSE:DCBBANK,104.35,104.35,104.3,104.35,1358.0
2021-06-03 14:58:00,NSE:DCBBANK,104.35,104.4,104.3,104.4,1583.0
2021-06-03 14:59:00,NSE:DCBBANK,104.4,104.4,104.35,104.4,3124.0
2021-06-03 15:00:00,NSE:DCBBANK,104.25,104.4,104.25,104.35,3106.0
2021-06-03 15:01:00,NSE:DCBBANK,104.4,104.5,104.35,104.5,6176.0
2021-06-03 15:02:00,NSE:DCBBANK,104.5,104.5,104.5,104.5,2202.0
2021-06-03 15:03:00,NSE:DCBBANK,104.5,104.5,104.35,104.4,3324.0
2021-06-03 15:04:00,NSE:DCBBANK,104.45,104.45,104.25,104.4,2515.0
2021-06-03 15:05:00,NSE:DCBBANK,104.4,104.45,104.35,104.35,1054.0
2021-06-03 15:06:00,NSE:DCBBANK,104.3,104.45,104.3,104.35,1896.0
2021-06-03 15:07:00,NSE:DCBBANK,104.45,104.45,104.35,104.45,2273.0
2021-06-03 15:08:00,NSE:DCBBANK,104.45,104.45,104.4,104.45,3595.0
2021-06-03 15:09:00,NSE:DCBBANK,104.4,104.45,104.3,104.4,6021.0
2021-06-03 15:10:00,NSE:DCBBANK,104.4,104.4,104.15,104.3,8122.0
2021-06-03 15:11:00,NSE:DCBBANK,104.3,104.3,104.2,104.3,2073.0
2021-06-03 15:12:00,NSE:DCBBANK,104.3,104.3,104.2,104.25,1759.0
2021-06-03 15:13:00,NSE:DCBBANK,104.3,104.3,104.15,104.25,3237.0
2021-06-03 15:14:00,NSE:DCBBANK,104.25,104.3,104.15,104.25,3336.0
2021-06-03 15:15:00,NSE:DCBBANK,104.25,104.4,104.15,104.3,9123.0
2021-06-03 15:16:00,NSE:DCBBANK,104.3,104.3,104.2,104.3,5099.0
2021-06-03 15:17:00,NSE:DCBBANK,104.25,104.25,104.2,104.25,4502.0
2021-06-03 15:18:00,NSE:DCBBANK,104.25,104.3,104.05,104.2,17669.0
2021-06-03 15:19:00,NSE:DCBBANK,104.15,104.3,104.15,104.15,3822.0
2021-06-03 15:20:00,NSE:DCBBANK,104.1,104.1,104.05,104.05,5597.0
2021-06-03 15:21:00,NSE:DCBBANK,104.1,104.1,104.05,104.1,11952.0
2021-06-03 15:22:00,NSE:DCBBANK,104.1,104.1,104.0,104.05,5221.0
2021-06-03 15:23:00,NSE:DCBBANK,104.05,104.05,104.0,104.0,2259.0
2021-06-03 15:24:00,NSE:DCBBANK,104.05,104.1,104.0,104.05,7103.0
2021-06-03 15:25:00,NSE:DCBBANK,104.05,104.15,104.0,104.15,15615.0
2021-06-03 15:26:00,NSE:DCBBANK,104.1,104.1,104.05,104.1,5547.0
2021-06-03 15:27:00,NSE:DCBBANK,104.1,104.2,104.0,104.15,6303.0
2021-06-03 15:28:00,NSE:DCBBANK,104.15,104.15,104.0,104.15,2562.0
2021-06-03 15:29:00,NSE:DCBBANK,104.15,104.15,104.0,104.05,4617.0
2021-06-03 15:40:00,NSE:DCBBANK,104.2,104.2,104.2,104.2,1501.0
2021-06-04 09:07:00,NSE:DCBBANK,104.55,104.55,104.55,104.55,1379.0
2021-06-04 09:15:00,NSE:DCBBANK,104.55,104.9,104.5,104.65,6993.0
2021-06-04 09:16:00,NSE:DCBBANK,104.7,104.7,104.4,104.65,8513.0
2021-06-04 09:17:00,NSE:DCBBANK,104.5,104.85,104.5,104.85,5960.0
2021-06-04 09:18:00,NSE:DCBBANK,104.85,104.85,104.55,104.7,5455.0
2021-06-04 09:19:00,NSE:DCBBANK,104.65,104.7,104.45,104.6,4295.0
2021-06-04 09:20:00,NSE:DCBBANK,104.55,104.65,104.45,104.45,1022.0
2021-06-04 09:21:00,NSE:DCBBANK,104.35,104.5,104.1,104.2,8429.0
2021-06-04 09:22:00,NSE:DCBBANK,104.25,104.5,104.2,104.5,5311.0
2021-06-04 09:23:00,NSE:DCBBANK,104.5,104.55,104.5,104.55,1421.0
2021-06-04 09:24:00,NSE:DCBBANK,104.4,104.5,104.35,104.5,3622.0
2021-06-04 09:25:00,NSE:DCBBANK,104.55,104.55,104.3,104.35,13310.0
2021-06-04 09:26:00,NSE:DCBBANK,104.35,104.55,104.35,104.4,6582.0
2021-06-04 09:27:00,NSE:DCBBANK,104.4,104.7,104.4,104.65,5412.0
2021-06-04 09:28:00,NSE:DCBBANK,104.65,104.9,104.55,104.85,15466.0
2021-06-04 09:29:00,NSE:DCBBANK,104.75,104.85,104.75,104.75,600.0
2021-06-04 09:30:00,NSE:DCBBANK,104.8,104.95,104.8,104.9,7239.0
2021-06-04 09:31:00,NSE:DCBBANK,104.9,105.15,104.9,105.05,20363.0
2021-06-04 09:32:00,NSE:DCBBANK,105.05,105.05,104.75,104.75,11779.0
2021-06-04 09:33:00,NSE:DCBBANK,104.75,104.85,104.6,104.75,5324.0
2021-06-04 09:34:00,NSE:DCBBANK,104.6,104.75,104.6,104.65,1612.0
2021-06-04 09:35:00,NSE:DCBBANK,104.7,104.85,104.7,104.75,4186.0
2021-06-04 09:36:00,NSE:DCBBANK,104.7,104.8,104.65,104.8,1718.0
2021-06-04 09:37:00,NSE:DCBBANK,104.8,104.8,104.65,104.7,3438.0
2021-06-04 09:38:00,NSE:DCBBANK,104.7,104.85,104.7,104.7,1898.0
2021-06-04 09:39:00,NSE:DCBBANK,104.75,104.85,104.75,104.85,1333.0
2021-06-04 09:40:00,NSE:DCBBANK,104.9,104.9,104.85,104.9,162.0
2021-06-04 09:41:00,NSE:DCBBANK,104.85,104.85,104.75,104.75,1810.0
2021-06-04 09:42:00,NSE:DCBBANK,104.85,104.85,104.65,104.85,21074.0
2021-06-04 09:43:00,NSE:DCBBANK,104.9,105.0,104.85,105.0,8258.0
2021-06-04 09:44:00,NSE:DCBBANK,104.9,105.0,104.85,104.95,5600.0
2021-06-04 09:45:00,NSE:DCBBANK,104.75,104.85,104.65,104.65,2274.0
2021-06-04 09:46:00,NSE:DCBBANK,104.65,104.75,104.6,104.6,3068.0
2021-06-04 09:47:00,NSE:DCBBANK,104.75,104.75,104.65,104.75,934.0
2021-06-04 09:48:00,NSE:DCBBANK,104.8,104.8,104.65,104.7,5365.0
2021-06-04 09:49:00,NSE:DCBBANK,104.65,104.85,104.65,104.75,2055.0
2021-06-04 09:50:00,NSE:DCBBANK,104.75,104.85,104.7,104.7,1240.0
2021-06-04 09:51:00,NSE:DCBBANK,104.8,104.8,104.55,104.55,4578.0
2021-06-04 09:52:00,NSE:DCBBANK,104.55,104.65,104.55,104.65,1834.0
2021-06-04 09:53:00,NSE:DCBBANK,104.65,104.75,104.6,104.65,2319.0
2021-06-04 09:54:00,NSE:DCBBANK,104.6,104.6,104.45,104.5,8449.0
2021-06-04 09:55:00,NSE:DCBBANK,104.5,104.55,104.45,104.45,424.0
2021-06-04 09:56:00,NSE:DCBBANK,104.45,104.55,104.45,104.5,245.0
2021-06-04 09:57:00,NSE:DCBBANK,104.55,104.6,104.55,104.55,822.0
2021-06-04 09:58:00,NSE:DCBBANK,104.55,104.65,104.55,104.65,3478.0
2021-06-04 09:59:00,NSE:DCBBANK,104.6,104.75,104.6,104.65,5532.0
2021-06-04 10:00:00,NSE:DCBBANK,104.6,104.75,104.6,104.65,2817.0
2021-06-04 10:01:00,NSE:DCBBANK,104.75,104.8,104.75,104.8,2501.0
2021-06-04 10:02:00,NSE:DCBBANK,104.75,104.95,104.75,104.9,4458.0
2021-06-04 10:03:00,NSE:DCBBANK,104.85,104.9,104.85,104.85,1905.0
2021-06-04 10:04:00,NSE:DCBBANK,104.85,104.9,104.85,104.85,1027.0
2021-06-04 10:05:00,NSE:DCBBANK,104.9,105.2,104.85,105.2,44852.0
2021-06-04 10:06:00,NSE:DCBBANK,105.1,105.3,105.1,105.2,42916.0
2021-06-04 10:07:00,NSE:DCBBANK,105.1,105.2,105.05,105.1,1949.0
2021-06-04 10:08:00,NSE:DCBBANK,105.05,105.15,105.0,105.1,8726.0
2021-06-04 10:09:00,NSE:DCBBANK,105.1,105.25,105.1,105.15,2798.0
2021-06-04 10:10:00,NSE:DCBBANK,105.15,105.15,105.1,105.1,1975.0
2021-06-04 10:11:00,NSE:DCBBANK,105.1,105.1,104.9,105.0,2933.0
2021-06-04 10:12:00,NSE:DCBBANK,105.0,105.15,104.85,104.95,7870.0
2021-06-04 10:13:00,NSE:DCBBANK,105.0,105.05,104.9,105.05,3513.0
2021-06-04 10:14:00,NSE:DCBBANK,105.05,105.05,104.9,104.95,2637.0
2021-06-04 10:15:00,NSE:DCBBANK,104.95,105.15,104.95,105.05,3680.0
2021-06-04 10:16:00,NSE:DCBBANK,105.05,105.1,105.05,105.1,1195.0
2021-06-04 10:17:00,NSE:DCBBANK,105.05,105.15,105.05,105.15,950.0
2021-06-04 10:18:00,NSE:DCBBANK,105.0,105.15,105.0,105.0,469.0
2021-06-04 10:19:00,NSE:DCBBANK,105.0,105.05,104.85,105.0,6470.0
2021-06-04 10:20:00,NSE:DCBBANK,104.9,104.95,104.85,104.85,521.0
2021-06-04 10:21:00,NSE:DCBBANK,104.85,105.0,104.85,104.85,1434.0
2021-06-04 10:22:00,NSE:DCBBANK,104.85,105.0,104.85,105.0,1410.0
2021-06-04 10:23:00,NSE:DCBBANK,104.9,105.1,104.9,105.05,10241.0
2021-06-04 10:24:00,NSE:DCBBANK,105.05,105.1,105.05,105.1,994.0
2021-06-04 10:25:00,NSE:DCBBANK,105.05,105.1,105.0,105.1,2629.0
2021-06-04 10:26:00,NSE:DCBBANK,105.1,105.1,105.0,105.1,1076.0
2021-06-04 10:27:00,NSE:DCBBANK,105.1,105.1,105.0,105.0,719.0
2021-06-04 10:28:00,NSE:DCBBANK,105.05,105.15,105.0,105.15,6083.0
2021-06-04 10:29:00,NSE:DCBBANK,105.2,105.2,104.9,104.9,2229.0
2021-06-04 10:30:00,NSE:DCBBANK,105.0,105.0,105.0,105.0,742.0
2021-06-04 10:31:00,NSE:DCBBANK,104.9,104.9,104.85,104.85,4688.0
2021-06-04 10:32:00,NSE:DCBBANK,104.85,104.95,104.75,104.75,3099.0
2021-06-04 10:33:00,NSE:DCBBANK,104.65,104.7,104.65,104.7,586.0
2021-06-04 10:34:00,NSE:DCBBANK,104.75,104.85,104.65,104.7,5094.0
2021-06-04 10:35:00,NSE:DCBBANK,104.75,104.75,104.65,104.65,607.0
2021-06-04 10:36:00,NSE:DCBBANK,104.75,104.75,104.5,104.5,8273.0
2021-06-04 10:37:00,NSE:DCBBANK,104.6,104.6,104.35,104.35,18797.0
2021-06-04 10:38:00,NSE:DCBBANK,104.45,104.5,104.35,104.5,6682.0
2021-06-04 10:39:00,NSE:DCBBANK,104.55,104.65,104.45,104.45,5527.0
2021-06-04 10:40:00,NSE:DCBBANK,104.4,104.45,104.3,104.3,7036.0
2021-06-04 10:41:00,NSE:DCBBANK,104.35,104.45,104.35,104.45,6374.0
2021-06-04 10:42:00,NSE:DCBBANK,104.4,104.6,104.4,104.55,13168.0
2021-06-04 10:43:00,NSE:DCBBANK,104.5,104.6,104.5,104.5,125.0
2021-06-04 10:44:00,NSE:DCBBANK,104.6,104.65,104.5,104.55,2479.0
2021-06-04 10:45:00,NSE:DCBBANK,104.6,104.65,104.55,104.65,873.0
2021-06-04 10:46:00,NSE:DCBBANK,104.6,104.6,104.4,104.4,3409.0
2021-06-04 10:47:00,NSE:DCBBANK,104.35,104.55,104.35,104.35,1506.0
2021-06-04 10:48:00,NSE:DCBBANK,104.35,104.55,104.35,104.4,6978.0
2021-06-04 10:49:00,NSE:DCBBANK,104.4,104.6,104.4,104.5,4332.0
2021-06-04 10:50:00,NSE:DCBBANK,104.5,104.6,104.5,104.6,506.0
2021-06-04 10:51:00,NSE:DCBBANK,104.5,104.7,104.5,104.7,2906.0
2021-06-04 10:52:00,NSE:DCBBANK,104.6,104.75,104.6,104.7,1307.0
2021-06-04 10:53:00,NSE:DCBBANK,104.7,104.7,104.65,104.7,3524.0
2021-06-04 10:54:00,NSE:DCBBANK,104.7,104.7,104.6,104.7,1202.0
2021-06-04 10:55:00,NSE:DCBBANK,104.8,104.8,104.5,104.5,2442.0
2021-06-04 10:56:00,NSE:DCBBANK,104.65,104.8,104.55,104.7,1615.0
2021-06-04 10:57:00,NSE:DCBBANK,104.65,104.65,104.55,104.55,11701.0
2021-06-04 10:58:00,NSE:DCBBANK,104.55,104.6,104.55,104.55,1579.0
2021-06-04 10:59:00,NSE:DCBBANK,104.55,104.8,104.55,104.8,1450.0
2021-06-04 11:00:00,NSE:DCBBANK,104.8,104.8,104.6,104.6,1145.0
2021-06-04 11:01:00,NSE:DCBBANK,104.6,104.6,104.5,104.6,5368.0
2021-06-04 11:02:00,NSE:DCBBANK,104.45,104.6,104.45,104.6,3908.0
2021-06-04 11:03:00,NSE:DCBBANK,104.45,104.65,104.45,104.55,1449.0
2021-06-04 11:04:00,NSE:DCBBANK,104.5,104.55,104.45,104.55,1341.0
2021-06-04 11:05:00,NSE:DCBBANK,104.4,104.55,104.4,104.45,2437.0
2021-06-04 11:06:00,NSE:DCBBANK,104.45,104.45,104.45,104.45,1123.0
2021-06-04 11:07:00,NSE:DCBBANK,104.5,104.6,104.45,104.5,2934.0
2021-06-04 11:08:00,NSE:DCBBANK,104.45,104.5,104.4,104.4,4791.0
2021-06-04 11:09:00,NSE:DCBBANK,104.4,104.5,104.4,104.5,906.0
2021-06-04 11:10:00,NSE:DCBBANK,104.4,104.4,104.35,104.35,1204.0
2021-06-04 11:11:00,NSE:DCBBANK,104.35,104.5,104.3,104.5,2090.0
2021-06-04 11:12:00,NSE:DCBBANK,104.35,104.45,104.3,104.45,1061.0
2021-06-04 11:13:00,NSE:DCBBANK,104.3,104.3,104.3,104.3,1320.0
2021-06-04 11:14:00,NSE:DCBBANK,104.4,104.4,104.35,104.4,995.0
2021-06-04 11:15:00,NSE:DCBBANK,104.35,104.35,104.05,104.05,16695.0
2021-06-04 11:16:00,NSE:DCBBANK,104.05,104.05,103.95,104.05,11437.0
2021-06-04 11:17:00,NSE:DCBBANK,104.25,104.25,103.65,103.8,19383.0
2021-06-04 11:18:00,NSE:DCBBANK,103.75,103.75,103.7,103.7,6272.0
2021-06-04 11:19:00,NSE:DCBBANK,103.75,103.8,103.65,103.75,8284.0
2021-06-04 11:20:00,NSE:DCBBANK,103.75,103.75,103.6,103.7,1256.0
2021-06-04 11:21:00,NSE:DCBBANK,103.7,103.7,103.35,103.6,13927.0
2021-06-04 11:22:00,NSE:DCBBANK,103.7,103.75,103.65,103.65,3975.0
2021-06-04 11:23:00,NSE:DCBBANK,103.75,103.75,103.65,103.75,2760.0
2021-06-04 11:24:00,NSE:DCBBANK,103.7,103.75,103.7,103.75,1801.0
2021-06-04 11:25:00,NSE:DCBBANK,103.75,103.75,103.65,103.65,7259.0
2021-06-04 11:26:00,NSE:DCBBANK,103.7,103.7,103.35,103.5,18795.0
2021-06-04 11:27:00,NSE:DCBBANK,103.45,103.45,103.2,103.35,13741.0
2021-06-04 11:28:00,NSE:DCBBANK,103.4,103.45,103.3,103.4,1858.0
2021-06-04 11:29:00,NSE:DCBBANK,103.45,103.45,103.35,103.4,3070.0
2021-06-04 11:30:00,NSE:DCBBANK,103.4,103.4,103.25,103.25,2437.0
2021-06-04 11:31:00,NSE:DCBBANK,103.35,103.4,103.35,103.4,730.0
2021-06-04 11:32:00,NSE:DCBBANK,103.45,103.5,103.4,103.5,12814.0
2021-06-04 11:33:00,NSE:DCBBANK,103.5,103.5,103.3,103.4,18309.0
2021-06-04 11:34:00,NSE:DCBBANK,103.4,103.4,102.65,103.0,40762.0
2021-06-04 11:35:00,NSE:DCBBANK,103.2,103.55,103.2,103.4,9739.0
2021-06-04 11:36:00,NSE:DCBBANK,103.35,103.5,103.3,103.35,4310.0
2021-06-04 11:37:00,NSE:DCBBANK,103.35,103.5,103.35,103.5,436.0
2021-06-04 11:38:00,NSE:DCBBANK,103.6,103.6,103.4,103.4,5719.0
2021-06-04 11:39:00,NSE:DCBBANK,103.4,103.55,103.4,103.4,6195.0
2021-06-04 11:40:00,NSE:DCBBANK,103.3,103.55,103.1,103.5,6529.0
2021-06-04 11:41:00,NSE:DCBBANK,103.45,103.5,103.35,103.45,8092.0
2021-06-04 11:42:00,NSE:DCBBANK,103.4,103.55,103.35,103.55,3546.0
2021-06-04 11:43:00,NSE:DCBBANK,103.5,103.5,103.4,103.4,3237.0
2021-06-04 11:44:00,NSE:DCBBANK,103.35,103.45,103.35,103.45,6569.0
2021-06-04 11:45:00,NSE:DCBBANK,103.45,103.5,103.3,103.3,2873.0
2021-06-04 11:46:00,NSE:DCBBANK,103.4,103.65,103.4,103.65,2387.0
2021-06-04 11:47:00,NSE:DCBBANK,103.7,103.7,103.45,103.5,2720.0
2021-06-04 11:48:00,NSE:DCBBANK,103.45,103.6,103.45,103.6,1087.0
2021-06-04 11:49:00,NSE:DCBBANK,103.5,103.55,103.45,103.55,1165.0
2021-06-04 11:50:00,NSE:DCBBANK,103.55,103.75,103.55,103.6,9564.0
2021-06-04 11:51:00,NSE:DCBBANK,103.75,103.8,103.65,103.75,1515.0
2021-06-04 11:52:00,NSE:DCBBANK,103.65,103.75,103.65,103.7,266.0
2021-06-04 11:53:00,NSE:DCBBANK,103.7,103.8,103.7,103.8,110.0
2021-06-04 11:54:00,NSE:DCBBANK,103.7,103.75,103.6,103.75,2236.0
2021-06-04 11:55:00,NSE:DCBBANK,103.65,103.75,103.65,103.75,457.0
2021-06-04 11:56:00,NSE:DCBBANK,103.65,103.65,103.4,103.4,4773.0
2021-06-04 11:57:00,NSE:DCBBANK,103.45,103.5,103.4,103.45,4614.0
2021-06-04 11:58:00,NSE:DCBBANK,103.5,103.6,103.45,103.5,7941.0
2021-06-04 11:59:00,NSE:DCBBANK,103.5,103.6,103.4,103.55,627.0
2021-06-04 12:00:00,NSE:DCBBANK,103.65,103.7,103.4,103.4,2234.0
2021-06-04 12:01:00,NSE:DCBBANK,103.45,103.55,103.45,103.55,21.0
2021-06-04 12:02:00,NSE:DCBBANK,103.45,103.55,103.45,103.55,159.0
2021-06-04 12:03:00,NSE:DCBBANK,103.55,103.55,103.4,103.4,3770.0
2021-06-04 12:04:00,NSE:DCBBANK,103.55,103.55,103.4,103.55,255.0
2021-06-04 12:05:00,NSE:DCBBANK,103.55,103.55,103.4,103.4,835.0
2021-06-04 12:06:00,NSE:DCBBANK,103.55,103.6,103.45,103.45,2385.0
2021-06-04 12:07:00,NSE:DCBBANK,103.5,103.5,103.5,103.5,1010.0
2021-06-04 12:08:00,NSE:DCBBANK,103.55,103.55,103.45,103.5,2188.0
2021-06-04 12:09:00,NSE:DCBBANK,103.3,103.35,103.3,103.35,923.0
2021-06-04 12:10:00,NSE:DCBBANK,103.35,103.35,103.3,103.35,2667.0
2021-06-04 12:11:00,NSE:DCBBANK,103.2,103.35,103.2,103.35,1178.0
2021-06-04 12:12:00,NSE:DCBBANK,103.35,103.35,103.35,103.35,541.0
2021-06-04 12:13:00,NSE:DCBBANK,103.35,103.35,103.3,103.35,571.0
2021-06-04 12:14:00,NSE:DCBBANK,103.3,103.35,103.3,103.35,4944.0
2021-06-04 12:15:00,NSE:DCBBANK,103.45,103.45,103.35,103.45,231.0
2021-06-04 12:16:00,NSE:DCBBANK,103.35,103.55,103.35,103.55,780.0
2021-06-04 12:17:00,NSE:DCBBANK,103.55,103.55,103.45,103.45,1119.0
2021-06-04 12:18:00,NSE:DCBBANK,103.55,103.55,103.55,103.55,605.0
2021-06-04 12:19:00,NSE:DCBBANK,103.55,103.55,103.4,103.4,320.0
2021-06-04 12:20:00,NSE:DCBBANK,103.55,103.6,103.45,103.6,251.0
2021-06-04 12:21:00,NSE:DCBBANK,103.45,103.55,103.4,103.4,788.0
2021-06-04 12:22:00,NSE:DCBBANK,103.5,103.5,103.4,103.5,388.0
2021-06-04 12:23:00,NSE:DCBBANK,103.4,103.5,103.4,103.5,290.0
2021-06-04 12:24:00,NSE:DCBBANK,103.4,103.5,103.4,103.5,61.0
2021-06-04 12:25:00,NSE:DCBBANK,103.45,103.5,103.45,103.5,180.0
2021-06-04 12:26:00,NSE:DCBBANK,103.45,103.5,103.45,103.5,548.0
2021-06-04 12:27:00,NSE:DCBBANK,103.55,103.55,103.45,103.5,410.0
2021-06-04 12:28:00,NSE:DCBBANK,103.45,103.55,103.45,103.5,1132.0
2021-06-04 12:29:00,NSE:DCBBANK,103.5,103.55,103.45,103.55,317.0
2021-06-04 12:30:00,NSE:DCBBANK,103.55,103.55,103.55,103.55,25.0
2021-06-04 12:32:00,NSE:DCBBANK,103.55,103.55,103.5,103.5,589.0
2021-06-04 12:33:00,NSE:DCBBANK,103.55,103.6,103.5,103.6,5775.0
2021-06-04 12:34:00,NSE:DCBBANK,103.5,103.55,103.35,103.35,2707.0
2021-06-04 12:35:00,NSE:DCBBANK,103.55,103.55,103.5,103.5,226.0
2021-06-04 12:36:00,NSE:DCBBANK,103.55,103.55,103.55,103.55,375.0
2021-06-04 12:37:00,NSE:DCBBANK,103.55,103.6,103.5,103.5,664.0
2021-06-04 12:38:00,NSE:DCBBANK,103.5,103.5,103.3,103.3,6247.0
2021-06-04 12:39:00,NSE:DCBBANK,103.45,103.45,103.45,103.45,2.0
2021-06-04 12:40:00,NSE:DCBBANK,103.45,103.45,103.45,103.45,372.0
2021-06-04 12:41:00,NSE:DCBBANK,103.45,103.5,103.4,103.5,1060.0
2021-06-04 12:42:00,NSE:DCBBANK,103.45,103.5,103.45,103.5,170.0
2021-06-04 12:43:00,NSE:DCBBANK,103.45,103.5,103.45,103.5,360.0
2021-06-04 12:44:00,NSE:DCBBANK,103.45,103.55,103.45,103.55,1206.0
2021-06-04 12:45:00,NSE:DCBBANK,103.55,103.55,103.5,103.55,136.0
2021-06-04 12:46:00,NSE:DCBBANK,103.55,103.55,103.5,103.5,1769.0
2021-06-04 12:47:00,NSE:DCBBANK,103.45,103.6,103.45,103.5,416.0
2021-06-04 12:48:00,NSE:DCBBANK,103.6,103.7,103.5,103.7,1462.0
2021-06-04 12:49:00,NSE:DCBBANK,103.7,103.7,103.5,103.7,318.0
2021-06-04 12:50:00,NSE:DCBBANK,103.5,103.7,103.5,103.65,1836.0
2021-06-04 12:51:00,NSE:DCBBANK,103.5,103.65,103.5,103.65,1790.0
2021-06-04 12:52:00,NSE:DCBBANK,103.6,103.65,103.6,103.65,478.0
2021-06-04 12:53:00,NSE:DCBBANK,103.6,103.7,103.6,103.7,1131.0
2021-06-04 12:54:00,NSE:DCBBANK,103.7,103.7,103.65,103.65,1260.0
2021-06-04 12:55:00,NSE:DCBBANK,103.65,103.7,103.65,103.7,219.0
2021-06-04 12:56:00,NSE:DCBBANK,103.75,103.75,103.7,103.7,1070.0
2021-06-04 12:57:00,NSE:DCBBANK,103.7,103.7,103.6,103.6,343.0
2021-06-04 12:58:00,NSE:DCBBANK,103.75,103.8,103.65,103.8,1484.0
2021-06-04 12:59:00,NSE:DCBBANK,103.75,103.75,103.75,103.75,50.0
2021-06-04 13:00:00,NSE:DCBBANK,103.7,103.8,103.65,103.65,1981.0
2021-06-04 13:01:00,NSE:DCBBANK,103.7,103.9,103.7,103.85,2225.0
2021-06-04 13:02:00,NSE:DCBBANK,103.85,103.85,103.85,103.85,250.0
2021-06-04 13:03:00,NSE:DCBBANK,103.85,103.85,103.7,103.7,376.0
2021-06-04 13:04:00,NSE:DCBBANK,103.7,103.7,103.6,103.6,1663.0
2021-06-04 13:05:00,NSE:DCBBANK,103.6,103.65,103.5,103.65,1416.0
2021-06-04 13:06:00,NSE:DCBBANK,103.65,103.7,103.5,103.5,1845.0
2021-06-04 13:07:00,NSE:DCBBANK,103.5,103.65,103.5,103.5,615.0
2021-06-04 13:08:00,NSE:DCBBANK,103.55,103.55,103.55,103.55,144.0
2021-06-04 13:09:00,NSE:DCBBANK,103.55,103.6,103.55,103.6,149.0
2021-06-04 13:10:00,NSE:DCBBANK,103.6,103.6,103.45,103.45,4940.0
2021-06-04 13:11:00,NSE:DCBBANK,103.45,103.5,103.45,103.45,290.0
2021-06-04 13:12:00,NSE:DCBBANK,103.45,103.5,103.45,103.5,213.0
2021-06-04 13:13:00,NSE:DCBBANK,103.45,103.5,103.45,103.5,170.0
2021-06-04 13:14:00,NSE:DCBBANK,103.45,103.5,103.45,103.5,604.0
2021-06-04 13:15:00,NSE:DCBBANK,103.45,103.6,103.45,103.6,706.0
2021-06-04 13:16:00,NSE:DCBBANK,103.6,103.6,103.5,103.6,164.0
2021-06-04 13:17:00,NSE:DCBBANK,103.6,103.6,103.5,103.6,4295.0
2021-06-04 13:18:00,NSE:DCBBANK,103.6,103.6,103.6,103.6,5.0
2021-06-04 13:19:00,NSE:DCBBANK,103.5,103.5,103.5,103.5,36.0
2021-06-04 13:20:00,NSE:DCBBANK,103.5,103.6,103.5,103.5,128.0
2021-06-04 13:21:00,NSE:DCBBANK,103.5,103.7,103.5,103.7,1124.0
2021-06-04 13:22:00,NSE:DCBBANK,103.55,103.55,103.5,103.55,1126.0
2021-06-04 13:23:00,NSE:DCBBANK,103.5,103.5,103.5,103.5,156.0
2021-06-04 13:24:00,NSE:DCBBANK,103.5,103.55,103.45,103.45,167.0
2021-06-04 13:25:00,NSE:DCBBANK,103.55,103.55,103.5,103.55,260.0
2021-06-04 13:26:00,NSE:DCBBANK,103.5,103.55,103.5,103.55,287.0
2021-06-04 13:27:00,NSE:DCBBANK,103.55,103.55,103.3,103.4,7176.0
2021-06-04 13:28:00,NSE:DCBBANK,103.3,103.4,103.3,103.4,940.0
2021-06-04 13:29:00,NSE:DCBBANK,103.4,103.4,103.4,103.4,270.0
2021-06-04 13:30:00,NSE:DCBBANK,103.4,103.5,103.3,103.5,1691.0
2021-06-04 13:31:00,NSE:DCBBANK,103.55,103.55,103.55,103.55,1067.0
2021-06-04 13:32:00,NSE:DCBBANK,103.55,103.55,103.5,103.5,913.0
2021-06-04 13:33:00,NSE:DCBBANK,103.55,103.55,103.45,103.45,1607.0
2021-06-04 13:34:00,NSE:DCBBANK,103.55,103.55,103.45,103.45,392.0
2021-06-04 13:35:00,NSE:DCBBANK,103.55,103.55,103.45,103.45,452.0
2021-06-04 13:36:00,NSE:DCBBANK,103.45,103.6,103.45,103.6,1634.0
2021-06-04 13:37:00,NSE:DCBBANK,103.6,103.6,103.4,103.45,2369.0
2021-06-04 13:38:00,NSE:DCBBANK,103.45,103.5,103.4,103.5,164.0
2021-06-04 13:39:00,NSE:DCBBANK,103.4,103.45,103.3,103.45,6610.0
2021-06-04 13:40:00,NSE:DCBBANK,103.45,103.5,103.35,103.5,1371.0
2021-06-04 13:41:00,NSE:DCBBANK,103.4,103.5,103.35,103.5,1800.0
2021-06-04 13:42:00,NSE:DCBBANK,103.4,103.5,103.3,103.3,7990.0
2021-06-04 13:43:00,NSE:DCBBANK,103.35,103.35,103.15,103.25,3371.0
2021-06-04 13:44:00,NSE:DCBBANK,103.15,103.25,103.15,103.25,467.0
2021-06-04 13:45:00,NSE:DCBBANK,103.2,103.3,103.15,103.15,1558.0
2021-06-04 13:46:00,NSE:DCBBANK,103.25,103.3,103.15,103.3,327.0
2021-06-04 13:47:00,NSE:DCBBANK,103.25,103.3,103.15,103.15,1407.0
2021-06-04 13:48:00,NSE:DCBBANK,103.15,103.25,103.0,103.05,14637.0
2021-06-04 13:49:00,NSE:DCBBANK,103.05,103.05,102.8,102.9,26826.0
2021-06-04 13:50:00,NSE:DCBBANK,102.95,103.05,102.9,103.05,6366.0
2021-06-04 13:51:00,NSE:DCBBANK,103.1,103.2,103.0,103.15,707.0
2021-06-04 13:52:00,NSE:DCBBANK,103.05,103.05,103.05,103.05,6449.0
2021-06-04 13:53:00,NSE:DCBBANK,103.05,103.15,103.0,103.15,416.0
2021-06-04 13:54:00,NSE:DCBBANK,103.15,103.2,103.05,103.05,81.0
2021-06-04 13:55:00,NSE:DCBBANK,103.2,103.3,103.2,103.3,381.0
2021-06-04 13:56:00,NSE:DCBBANK,103.4,103.45,103.25,103.25,1426.0
2021-06-04 13:57:00,NSE:DCBBANK,103.4,103.4,103.35,103.35,5360.0
2021-06-04 13:58:00,NSE:DCBBANK,103.3,103.35,103.3,103.3,805.0
2021-06-04 13:59:00,NSE:DCBBANK,103.25,103.25,103.1,103.25,7153.0
2021-06-04 14:00:00,NSE:DCBBANK,103.3,103.4,103.2,103.35,1531.0
2021-06-04 14:01:00,NSE:DCBBANK,103.2,103.4,103.2,103.25,5551.0
2021-06-04 14:02:00,NSE:DCBBANK,103.45,103.45,103.45,103.45,508.0
2021-06-04 14:03:00,NSE:DCBBANK,103.55,103.7,103.45,103.55,7689.0
2021-06-04 14:04:00,NSE:DCBBANK,103.55,103.6,103.45,103.45,1244.0
2021-06-04 14:05:00,NSE:DCBBANK,103.5,103.6,103.5,103.5,1079.0
2021-06-04 14:06:00,NSE:DCBBANK,103.5,103.55,103.5,103.55,302.0
2021-06-04 14:07:00,NSE:DCBBANK,103.55,103.55,103.5,103.5,104.0
2021-06-04 14:08:00,NSE:DCBBANK,103.4,103.45,103.3,103.3,4621.0
2021-06-04 14:09:00,NSE:DCBBANK,103.45,103.45,103.45,103.45,62.0
2021-06-04 14:10:00,NSE:DCBBANK,103.45,103.45,103.35,103.45,575.0
2021-06-04 14:11:00,NSE:DCBBANK,103.35,103.45,103.35,103.45,135.0
2021-06-04 14:12:00,NSE:DCBBANK,103.45,103.5,103.45,103.5,8.0
2021-06-04 14:13:00,NSE:DCBBANK,103.55,103.55,103.55,103.55,1348.0
2021-06-04 14:14:00,NSE:DCBBANK,103.55,103.55,103.45,103.55,63.0
2021-06-04 14:15:00,NSE:DCBBANK,103.5,103.55,103.4,103.4,1106.0
2021-06-04 14:16:00,NSE:DCBBANK,103.4,103.55,103.4,103.4,355.0
2021-06-04 14:17:00,NSE:DCBBANK,103.55,103.55,103.55,103.55,249.0
2021-06-04 14:18:00,NSE:DCBBANK,103.55,103.55,103.45,103.55,563.0
2021-06-04 14:19:00,NSE:DCBBANK,103.6,103.6,103.45,103.45,2496.0
2021-06-04 14:20:00,NSE:DCBBANK,103.5,103.55,103.5,103.55,322.0
2021-06-04 14:21:00,NSE:DCBBANK,103.55,103.55,103.5,103.55,222.0
2021-06-04 14:22:00,NSE:DCBBANK,103.55,103.6,103.5,103.6,3848.0
2021-06-04 14:23:00,NSE:DCBBANK,103.5,103.55,103.5,103.55,618.0
2021-06-04 14:24:00,NSE:DCBBANK,103.6,103.65,103.5,103.65,1113.0
2021-06-04 14:25:00,NSE:DCBBANK,103.55,103.65,103.55,103.55,1467.0
2021-06-04 14:26:00,NSE:DCBBANK,103.65,103.65,103.55,103.65,1205.0
2021-06-04 14:27:00,NSE:DCBBANK,103.6,103.65,103.6,103.65,66.0
2021-06-04 14:28:00,NSE:DCBBANK,103.6,103.65,103.6,103.6,463.0
2021-06-04 14:29:00,NSE:DCBBANK,103.6,103.75,103.6,103.65,3318.0
2021-06-04 14:30:00,NSE:DCBBANK,103.8,103.8,103.7,103.8,2128.0
2021-06-04 14:31:00,NSE:DCBBANK,103.85,103.9,103.8,103.8,2529.0
2021-06-04 14:32:00,NSE:DCBBANK,103.8,103.85,103.8,103.85,109.0
2021-06-04 14:33:00,NSE:DCBBANK,103.85,103.9,103.7,103.9,4118.0
2021-06-04 14:34:00,NSE:DCBBANK,103.85,103.9,103.8,103.85,170.0
2021-06-04 14:35:00,NSE:DCBBANK,103.9,103.9,103.8,103.9,839.0
2021-06-04 14:36:00,NSE:DCBBANK,103.8,103.8,103.8,103.8,205.0
2021-06-04 14:37:00,NSE:DCBBANK,103.8,103.85,103.8,103.85,400.0
2021-06-04 14:38:00,NSE:DCBBANK,103.85,103.9,103.75,103.85,2460.0
2021-06-04 14:39:00,NSE:DCBBANK,103.7,103.85,103.7,103.75,1019.0
2021-06-04 14:40:00,NSE:DCBBANK,103.85,103.85,103.85,103.85,490.0
2021-06-04 14:41:00,NSE:DCBBANK,103.75,103.75,103.7,103.7,1190.0
2021-06-04 14:42:00,NSE:DCBBANK,103.8,103.85,103.7,103.8,794.0
2021-06-04 14:43:00,NSE:DCBBANK,103.8,103.8,103.75,103.8,486.0
2021-06-04 14:44:00,NSE:DCBBANK,103.75,103.8,103.75,103.8,223.0
2021-06-04 14:45:00,NSE:DCBBANK,103.75,103.75,103.6,103.65,6691.0
2021-06-04 14:46:00,NSE:DCBBANK,103.65,103.75,103.65,103.7,42.0
2021-06-04 14:47:00,NSE:DCBBANK,103.65,103.8,103.65,103.8,666.0
2021-06-04 14:48:00,NSE:DCBBANK,103.65,103.8,103.65,103.8,210.0
2021-06-04 14:49:00,NSE:DCBBANK,103.8,103.8,103.65,103.8,710.0
2021-06-04 14:50:00,NSE:DCBBANK,103.8,103.8,103.75,103.75,320.0
2021-06-04 14:51:00,NSE:DCBBANK,103.75,103.8,103.75,103.8,375.0
2021-06-04 14:52:00,NSE:DCBBANK,103.8,103.8,103.75,103.75,1067.0
2021-06-04 14:53:00,NSE:DCBBANK,103.8,103.8,103.7,103.7,959.0
2021-06-04 14:54:00,NSE:DCBBANK,103.65,103.7,103.65,103.65,705.0
2021-06-04 14:55:00,NSE:DCBBANK,103.7,103.7,103.65,103.7,132.0
2021-06-04 14:56:00,NSE:DCBBANK,103.7,103.7,103.65,103.7,608.0
2021-06-04 14:57:00,NSE:DCBBANK,103.65,103.7,103.65,103.7,243.0
2021-06-04 14:58:00,NSE:DCBBANK,103.7,103.85,103.7,103.75,20987.0
2021-06-04 14:59:00,NSE:DCBBANK,103.85,103.85,103.7,103.7,1889.0
2021-06-04 15:00:00,NSE:DCBBANK,103.8,104.3,103.7,104.3,53285.0
2021-06-04 15:01:00,NSE:DCBBANK,104.15,104.15,104.0,104.1,1612.0
2021-06-04 15:02:00,NSE:DCBBANK,104.1,104.1,103.85,103.85,3539.0
2021-06-04 15:03:00,NSE:DCBBANK,103.95,104.1,103.95,104.0,3856.0
2021-06-04 15:04:00,NSE:DCBBANK,104.0,104.0,103.9,104.0,1589.0
2021-06-04 15:05:00,NSE:DCBBANK,104.0,104.0,103.9,103.95,793.0
2021-06-04 15:06:00,NSE:DCBBANK,103.95,104.0,103.9,104.0,1157.0
2021-06-04 15:07:00,NSE:DCBBANK,103.95,104.1,103.95,104.05,4085.0
2021-06-04 15:08:00,NSE:DCBBANK,104.1,104.15,104.05,104.1,5850.0
2021-06-04 15:09:00,NSE:DCBBANK,104.0,104.1,103.95,104.1,6861.0
2021-06-04 15:10:00,NSE:DCBBANK,104.1,104.1,104.0,104.0,1076.0
2021-06-04 15:11:00,NSE:DCBBANK,104.05,104.45,104.05,104.3,21346.0
2021-06-04 15:12:00,NSE:DCBBANK,104.25,104.35,104.25,104.35,1965.0
2021-06-04 15:13:00,NSE:DCBBANK,104.35,104.5,104.25,104.3,10086.0
2021-06-04 15:14:00,NSE:DCBBANK,104.45,104.45,104.3,104.3,2258.0
2021-06-04 15:15:00,NSE:DCBBANK,104.3,104.45,104.3,104.4,2361.0
2021-06-04 15:16:00,NSE:DCBBANK,104.3,104.45,104.3,104.35,3151.0
2021-06-04 15:17:00,NSE:DCBBANK,104.25,104.4,104.25,104.35,4825.0
2021-06-04 15:18:00,NSE:DCBBANK,104.25,104.4,104.2,104.35,5165.0
2021-06-04 15:19:00,NSE:DCBBANK,104.3,104.35,104.15,104.35,8670.0
2021-06-04 15:20:00,NSE:DCBBANK,104.35,104.4,104.2,104.35,19004.0
2021-06-04 15:21:00,NSE:DCBBANK,104.35,104.5,104.1,104.35,17047.0
2021-06-04 15:22:00,NSE:DCBBANK,104.45,104.45,104.35,104.4,4783.0
2021-06-04 15:23:00,NSE:DCBBANK,104.45,104.5,104.4,104.4,6039.0
2021-06-04 15:24:00,NSE:DCBBANK,104.5,104.5,104.35,104.4,4839.0
2021-06-04 15:25:00,NSE:DCBBANK,104.5,104.5,104.35,104.45,6752.0
2021-06-04 15:26:00,NSE:DCBBANK,104.45,104.55,104.45,104.5,6308.0
2021-06-04 15:27:00,NSE:DCBBANK,104.6,104.6,104.5,104.55,4974.0
2021-06-04 15:28:00,NSE:DCBBANK,104.5,104.6,104.5,104.55,7778.0
2021-06-04 15:29:00,NSE:DCBBANK,104.6,104.8,104.0,104.5,17725.0
2021-06-04 15:30:00,NSE:DCBBANK,104.5,104.5,104.5,104.5,100.0
2021-06-04 15:40:00,NSE:DCBBANK,104.25,104.25,104.25,104.25,100.0
2021-06-07 09:07:00,NSE:DCBBANK,105.2,105.2,105.2,105.2,2929.0
2021-06-07 09:15:00,NSE:DCBBANK,105.15,105.15,103.25,104.75,9256.0
2021-06-07 09:16:00,NSE:DCBBANK,104.7,104.9,104.7,104.8,5175.0
2021-06-07 09:17:00,NSE:DCBBANK,104.55,104.7,104.5,104.5,9493.0
2021-06-07 09:18:00,NSE:DCBBANK,104.5,104.7,104.5,104.7,2391.0
2021-06-07 09:19:00,NSE:DCBBANK,104.55,104.85,104.55,104.7,11111.0
2021-06-07 09:20:00,NSE:DCBBANK,104.75,104.75,104.55,104.65,4508.0
2021-06-07 09:21:00,NSE:DCBBANK,104.65,104.95,104.65,104.65,14389.0
2021-06-07 09:22:00,NSE:DCBBANK,104.7,104.7,104.5,104.6,10412.0
2021-06-07 09:23:00,NSE:DCBBANK,104.55,104.7,104.5,104.7,14745.0
2021-06-07 09:24:00,NSE:DCBBANK,104.6,104.75,104.6,104.75,2241.0
2021-06-07 09:25:00,NSE:DCBBANK,104.75,104.9,104.7,104.75,6823.0
2021-06-07 09:26:00,NSE:DCBBANK,104.85,104.85,104.8,104.85,2282.0
2021-06-07 09:27:00,NSE:DCBBANK,104.9,104.9,104.75,104.9,1130.0
2021-06-07 09:28:00,NSE:DCBBANK,104.85,104.9,104.75,104.85,2046.0
2021-06-07 09:29:00,NSE:DCBBANK,104.9,104.9,104.75,104.75,1109.0
2021-06-07 09:30:00,NSE:DCBBANK,104.75,104.85,104.45,104.45,24850.0
2021-06-07 09:31:00,NSE:DCBBANK,104.45,104.6,104.35,104.4,5617.0
2021-06-07 09:32:00,NSE:DCBBANK,104.3,104.45,104.3,104.3,6103.0
2021-06-07 09:33:00,NSE:DCBBANK,104.4,104.4,104.3,104.4,5220.0
2021-06-07 09:34:00,NSE:DCBBANK,104.25,104.4,104.25,104.3,15120.0
2021-06-07 09:35:00,NSE:DCBBANK,104.25,104.25,103.8,103.95,35268.0
2021-06-07 09:36:00,NSE:DCBBANK,104.05,104.25,103.95,104.25,2085.0
2021-06-07 09:37:00,NSE:DCBBANK,104.25,104.25,104.05,104.2,3350.0
2021-06-07 09:38:00,NSE:DCBBANK,104.2,104.4,104.15,104.4,5486.0
2021-06-07 09:39:00,NSE:DCBBANK,104.4,104.4,104.2,104.2,5388.0
2021-06-07 09:40:00,NSE:DCBBANK,104.25,104.35,104.2,104.3,4243.0
2021-06-07 09:41:00,NSE:DCBBANK,104.3,104.45,104.3,104.35,7344.0
2021-06-07 09:42:00,NSE:DCBBANK,104.45,104.45,104.4,104.4,2648.0
2021-06-07 09:43:00,NSE:DCBBANK,104.4,104.5,104.4,104.5,837.0
2021-06-07 09:44:00,NSE:DCBBANK,104.45,104.45,104.3,104.45,1542.0
2021-06-07 09:45:00,NSE:DCBBANK,104.45,104.45,104.3,104.35,1465.0
2021-06-07 09:46:00,NSE:DCBBANK,104.45,104.45,104.3,104.3,2301.0
2021-06-07 09:47:00,NSE:DCBBANK,104.3,104.4,104.25,104.3,3097.0
2021-06-07 09:48:00,NSE:DCBBANK,104.25,104.35,104.25,104.25,802.0
2021-06-07 09:49:00,NSE:DCBBANK,104.25,104.45,104.25,104.3,2256.0
2021-06-07 09:50:00,NSE:DCBBANK,104.3,104.4,104.3,104.4,815.0
2021-06-07 09:51:00,NSE:DCBBANK,104.3,104.4,104.25,104.25,4401.0
2021-06-07 09:52:00,NSE:DCBBANK,104.25,104.4,104.25,104.35,2549.0
2021-06-07 09:53:00,NSE:DCBBANK,104.35,104.4,104.35,104.35,169.0
2021-06-07 09:54:00,NSE:DCBBANK,104.4,104.45,104.35,104.4,1804.0
2021-06-07 09:55:00,NSE:DCBBANK,104.4,104.45,104.35,104.45,828.0
2021-06-07 09:56:00,NSE:DCBBANK,104.35,104.45,104.35,104.35,2381.0
2021-06-07 09:57:00,NSE:DCBBANK,104.45,104.45,104.4,104.45,335.0
2021-06-07 09:58:00,NSE:DCBBANK,104.4,104.85,104.4,104.85,25375.0
2021-06-07 09:59:00,NSE:DCBBANK,104.85,104.9,104.75,104.8,4378.0
2021-06-07 10:00:00,NSE:DCBBANK,104.85,104.85,104.7,104.7,2708.0
2021-06-07 10:01:00,NSE:DCBBANK,104.65,104.75,104.65,104.65,246.0
2021-06-07 10:02:00,NSE:DCBBANK,104.65,104.7,104.6,104.7,2092.0
2021-06-07 10:03:00,NSE:DCBBANK,104.7,104.7,104.45,104.45,3982.0
2021-06-07 10:04:00,NSE:DCBBANK,104.45,104.55,104.4,104.4,489.0
2021-06-07 10:05:00,NSE:DCBBANK,104.4,104.4,104.4,104.4,561.0
2021-06-07 10:06:00,NSE:DCBBANK,104.55,104.65,104.4,104.65,1666.0
2021-06-07 10:07:00,NSE:DCBBANK,104.55,104.7,104.5,104.5,1451.0
2021-06-07 10:08:00,NSE:DCBBANK,104.4,104.7,104.4,104.7,8942.0
2021-06-07 10:09:00,NSE:DCBBANK,104.7,104.7,104.5,104.55,2763.0
2021-06-07 10:10:00,NSE:DCBBANK,104.5,104.7,104.5,104.7,2276.0
2021-06-07 10:11:00,NSE:DCBBANK,104.7,104.7,104.5,104.6,3902.0
2021-06-07 10:12:00,NSE:DCBBANK,104.45,104.6,104.45,104.6,163.0
2021-06-07 10:13:00,NSE:DCBBANK,104.5,104.7,104.5,104.65,10125.0
2021-06-07 10:14:00,NSE:DCBBANK,104.7,104.8,104.65,104.65,6281.0
2021-06-07 10:15:00,NSE:DCBBANK,104.6,104.7,104.55,104.55,3252.0
2021-06-07 10:16:00,NSE:DCBBANK,104.5,104.55,104.45,104.5,2037.0
2021-06-07 10:17:00,NSE:DCBBANK,104.45,104.55,104.45,104.45,4142.0
2021-06-07 10:18:00,NSE:DCBBANK,104.55,104.55,104.45,104.55,828.0
2021-06-07 10:19:00,NSE:DCBBANK,104.45,104.55,104.45,104.55,2606.0
2021-06-07 10:20:00,NSE:DCBBANK,104.5,104.8,104.5,104.8,1102.0
2021-06-07 10:21:00,NSE:DCBBANK,104.65,104.7,104.65,104.65,1683.0
2021-06-07 10:22:00,NSE:DCBBANK,104.55,104.65,104.55,104.55,2727.0
2021-06-07 10:23:00,NSE:DCBBANK,104.55,104.7,104.55,104.55,1854.0
2021-06-07 10:24:00,NSE:DCBBANK,104.55,104.55,104.55,104.55,85.0
2021-06-07 10:25:00,NSE:DCBBANK,104.55,104.65,104.5,104.65,563.0
2021-06-07 10:26:00,NSE:DCBBANK,104.65,104.75,104.65,104.65,5988.0
2021-06-07 10:27:00,NSE:DCBBANK,104.75,104.75,104.55,104.65,3301.0
2021-06-07 10:28:00,NSE:DCBBANK,104.65,104.65,104.5,104.5,361.0
2021-06-07 10:29:00,NSE:DCBBANK,104.5,104.6,104.5,104.6,2560.0
2021-06-07 10:30:00,NSE:DCBBANK,104.7,104.7,104.6,104.6,1141.0
2021-06-07 10:31:00,NSE:DCBBANK,104.7,104.7,104.65,104.7,693.0
2021-06-07 10:32:00,NSE:DCBBANK,104.7,104.7,104.5,104.5,1567.0
2021-06-07 10:33:00,NSE:DCBBANK,104.5,104.55,104.45,104.45,2358.0
2021-06-07 10:34:00,NSE:DCBBANK,104.55,104.55,104.45,104.5,3579.0
2021-06-07 10:35:00,NSE:DCBBANK,104.6,104.6,104.4,104.4,1086.0
2021-06-07 10:36:00,NSE:DCBBANK,104.45,104.45,104.4,104.4,158.0
2021-06-07 10:37:00,NSE:DCBBANK,104.45,104.45,104.35,104.45,2824.0
2021-06-07 10:38:00,NSE:DCBBANK,104.45,104.6,104.45,104.6,7259.0
2021-06-07 10:39:00,NSE:DCBBANK,104.55,104.6,104.55,104.55,1561.0
2021-06-07 10:40:00,NSE:DCBBANK,104.6,104.6,104.5,104.5,918.0
2021-06-07 10:41:00,NSE:DCBBANK,104.5,104.6,104.5,104.6,75.0
2021-06-07 10:42:00,NSE:DCBBANK,104.6,104.6,104.6,104.6,1339.0
2021-06-07 10:43:00,NSE:DCBBANK,104.6,104.6,104.55,104.6,441.0
2021-06-07 10:44:00,NSE:DCBBANK,104.55,104.6,104.55,104.6,1107.0
2021-06-07 10:45:00,NSE:DCBBANK,104.6,104.6,104.6,104.6,1823.0
2021-06-07 10:46:00,NSE:DCBBANK,104.6,104.7,104.6,104.7,2519.0
2021-06-07 10:47:00,NSE:DCBBANK,104.75,104.8,104.6,104.65,4782.0
2021-06-07 10:48:00,NSE:DCBBANK,104.65,104.7,104.45,104.7,8352.0
2021-06-07 10:49:00,NSE:DCBBANK,104.7,104.7,104.65,104.65,336.0
2021-06-07 10:50:00,NSE:DCBBANK,104.65,104.65,104.4,104.55,12525.0
2021-06-07 10:51:00,NSE:DCBBANK,104.6,104.6,104.45,104.6,1375.0
2021-06-07 10:52:00,NSE:DCBBANK,104.6,104.6,104.45,104.45,360.0
2021-06-07 10:53:00,NSE:DCBBANK,104.5,104.55,104.5,104.55,776.0
2021-06-07 10:54:00,NSE:DCBBANK,104.5,104.6,104.5,104.5,517.0
2021-06-07 10:55:00,NSE:DCBBANK,104.6,104.65,104.55,104.55,2377.0
2021-06-07 10:56:00,NSE:DCBBANK,104.65,104.7,104.65,104.7,1180.0
2021-06-07 10:57:00,NSE:DCBBANK,104.7,104.7,104.55,104.55,4893.0
2021-06-07 10:58:00,NSE:DCBBANK,104.65,104.65,104.55,104.65,475.0
2021-06-07 10:59:00,NSE:DCBBANK,104.55,104.55,104.4,104.4,6379.0
2021-06-07 11:00:00,NSE:DCBBANK,104.45,104.75,104.45,104.55,5681.0
2021-06-07 11:01:00,NSE:DCBBANK,104.55,104.65,104.55,104.65,1023.0
2021-06-07 11:02:00,NSE:DCBBANK,104.7,104.7,104.7,104.7,514.0
2021-06-07 11:03:00,NSE:DCBBANK,104.7,104.75,104.6,104.75,2804.0
2021-06-07 11:04:00,NSE:DCBBANK,104.8,104.85,104.65,104.85,6873.0
2021-06-07 11:05:00,NSE:DCBBANK,104.85,104.9,104.8,104.8,1654.0
2021-06-07 11:06:00,NSE:DCBBANK,104.85,104.85,104.65,104.65,4932.0
2021-06-07 11:07:00,NSE:DCBBANK,104.55,104.7,104.5,104.5,7482.0
2021-06-07 11:08:00,NSE:DCBBANK,104.6,104.6,104.45,104.6,4427.0
2021-06-07 11:09:00,NSE:DCBBANK,104.6,104.7,104.6,104.65,847.0
2021-06-07 11:10:00,NSE:DCBBANK,104.65,104.65,104.6,104.6,818.0
2021-06-07 11:11:00,NSE:DCBBANK,104.5,104.6,104.5,104.55,942.0
2021-06-07 11:12:00,NSE:DCBBANK,104.55,104.55,104.5,104.5,766.0
2021-06-07 11:13:00,NSE:DCBBANK,104.55,104.55,104.55,104.55,181.0
2021-06-07 11:14:00,NSE:DCBBANK,104.6,104.65,104.6,104.65,3488.0
2021-06-07 11:15:00,NSE:DCBBANK,104.6,104.65,104.5,104.5,3046.0
2021-06-07 11:16:00,NSE:DCBBANK,104.7,104.7,104.55,104.55,1602.0
2021-06-07 11:17:00,NSE:DCBBANK,104.65,104.65,104.55,104.55,105.0
2021-06-07 11:18:00,NSE:DCBBANK,104.55,104.55,104.45,104.45,12211.0
2021-06-07 11:19:00,NSE:DCBBANK,104.45,104.65,104.45,104.65,1180.0
2021-06-07 11:20:00,NSE:DCBBANK,104.65,104.7,104.6,104.65,2350.0
2021-06-07 11:21:00,NSE:DCBBANK,104.65,104.65,104.55,104.65,448.0
2021-06-07 11:22:00,NSE:DCBBANK,104.7,104.7,104.65,104.7,1943.0
2021-06-07 11:23:00,NSE:DCBBANK,104.7,104.8,104.55,104.55,13965.0
2021-06-07 11:24:00,NSE:DCBBANK,104.6,104.65,104.5,104.5,179.0
2021-06-07 11:25:00,NSE:DCBBANK,104.65,104.65,104.4,104.4,9918.0
2021-06-07 11:26:00,NSE:DCBBANK,104.4,104.45,104.35,104.45,5694.0
2021-06-07 11:27:00,NSE:DCBBANK,104.55,104.6,104.55,104.6,2240.0
2021-06-07 11:28:00,NSE:DCBBANK,104.5,104.55,104.4,104.5,5671.0
2021-06-07 11:29:00,NSE:DCBBANK,104.5,104.5,104.45,104.5,162.0
2021-06-07 11:30:00,NSE:DCBBANK,104.55,104.65,104.55,104.65,2640.0
2021-06-07 11:31:00,NSE:DCBBANK,104.65,104.65,104.55,104.55,413.0
2021-06-07 11:32:00,NSE:DCBBANK,104.7,104.7,104.7,104.7,403.0
2021-06-07 11:33:00,NSE:DCBBANK,104.7,104.7,104.6,104.6,890.0
2021-06-07 11:34:00,NSE:DCBBANK,104.7,104.7,104.6,104.7,1440.0
2021-06-07 11:35:00,NSE:DCBBANK,104.8,104.8,104.65,104.65,894.0
2021-06-07 11:36:00,NSE:DCBBANK,104.8,104.85,104.7,104.85,5676.0
2021-06-07 11:37:00,NSE:DCBBANK,104.7,104.8,104.7,104.8,1431.0
2021-06-07 11:38:00,NSE:DCBBANK,104.7,104.75,104.65,104.75,3806.0
2021-06-07 11:39:00,NSE:DCBBANK,104.75,104.8,104.75,104.8,128.0
2021-06-07 11:40:00,NSE:DCBBANK,104.65,104.8,104.65,104.65,295.0
2021-06-07 11:41:00,NSE:DCBBANK,104.65,104.65,104.65,104.65,200.0
2021-06-07 11:42:00,NSE:DCBBANK,104.65,104.8,104.65,104.8,1299.0
2021-06-07 11:43:00,NSE:DCBBANK,104.7,104.8,104.7,104.8,1558.0
2021-06-07 11:44:00,NSE:DCBBANK,104.8,104.8,104.75,104.8,1411.0
2021-06-07 11:45:00,NSE:DCBBANK,104.8,104.85,104.75,104.8,6290.0
2021-06-07 11:46:00,NSE:DCBBANK,104.8,104.8,104.7,104.7,1033.0
2021-06-07 11:47:00,NSE:DCBBANK,104.7,104.8,104.7,104.75,4366.0
2021-06-07 11:48:00,NSE:DCBBANK,104.7,104.75,104.7,104.75,511.0
2021-06-07 11:49:00,NSE:DCBBANK,104.75,104.8,104.7,104.7,666.0
2021-06-07 11:50:00,NSE:DCBBANK,104.8,104.8,104.8,104.8,10.0
2021-06-07 11:51:00,NSE:DCBBANK,104.8,104.9,104.8,104.85,3019.0
2021-06-07 11:52:00,NSE:DCBBANK,104.9,104.95,104.85,104.85,6859.0
2021-06-07 11:53:00,NSE:DCBBANK,104.9,104.9,104.8,104.8,2318.0
2021-06-07 11:54:00,NSE:DCBBANK,104.8,104.85,104.8,104.8,677.0
2021-06-07 11:55:00,NSE:DCBBANK,104.8,104.85,104.7,104.75,1466.0
2021-06-07 11:56:00,NSE:DCBBANK,104.7,104.8,104.7,104.8,659.0
2021-06-07 11:57:00,NSE:DCBBANK,104.8,104.8,104.7,104.7,551.0
2021-06-07 11:58:00,NSE:DCBBANK,104.7,104.75,104.65,104.75,11551.0
2021-06-07 11:59:00,NSE:DCBBANK,104.7,104.75,104.65,104.75,1068.0
2021-06-07 12:00:00,NSE:DCBBANK,104.65,104.75,104.65,104.75,558.0
2021-06-07 12:01:00,NSE:DCBBANK,104.65,104.65,104.65,104.65,857.0
2021-06-07 12:02:00,NSE:DCBBANK,104.6,104.65,104.55,104.55,926.0
2021-06-07 12:03:00,NSE:DCBBANK,104.65,104.65,104.55,104.55,23.0
2021-06-07 12:04:00,NSE:DCBBANK,104.65,104.65,104.6,104.65,1169.0
2021-06-07 12:05:00,NSE:DCBBANK,104.65,104.65,104.6,104.6,324.0
2021-06-07 12:06:00,NSE:DCBBANK,104.6,104.6,104.55,104.55,600.0
2021-06-07 12:07:00,NSE:DCBBANK,104.35,104.4,104.3,104.35,9371.0
2021-06-07 12:08:00,NSE:DCBBANK,104.35,104.5,104.35,104.45,904.0
2021-06-07 12:09:00,NSE:DCBBANK,104.5,104.5,104.4,104.5,3744.0
2021-06-07 12:10:00,NSE:DCBBANK,104.5,104.5,104.4,104.4,2041.0
2021-06-07 12:11:00,NSE:DCBBANK,104.5,104.5,104.4,104.4,240.0
2021-06-07 12:12:00,NSE:DCBBANK,104.35,104.4,104.2,104.3,12684.0
2021-06-07 12:13:00,NSE:DCBBANK,104.3,104.35,104.2,104.2,9011.0
2021-06-07 12:14:00,NSE:DCBBANK,104.2,104.5,104.2,104.5,2629.0
2021-06-07 12:15:00,NSE:DCBBANK,104.5,104.5,104.35,104.5,492.0
2021-06-07 12:16:00,NSE:DCBBANK,104.5,104.5,104.35,104.35,1557.0
2021-06-07 12:17:00,NSE:DCBBANK,104.5,104.5,104.35,104.45,303.0
2021-06-07 12:18:00,NSE:DCBBANK,104.35,104.35,104.3,104.3,1843.0
2021-06-07 12:19:00,NSE:DCBBANK,104.35,104.4,104.25,104.3,2720.0
2021-06-07 12:20:00,NSE:DCBBANK,104.3,104.4,104.25,104.25,2229.0
2021-06-07 12:21:00,NSE:DCBBANK,104.3,104.35,104.25,104.25,309.0
2021-06-07 12:22:00,NSE:DCBBANK,104.3,104.3,104.3,104.3,121.0
2021-06-07 12:23:00,NSE:DCBBANK,104.4,104.4,104.4,104.4,20.0
2021-06-07 12:24:00,NSE:DCBBANK,104.3,104.4,104.3,104.3,760.0
2021-06-07 12:25:00,NSE:DCBBANK,104.3,104.35,104.3,104.3,1334.0
2021-06-07 12:26:00,NSE:DCBBANK,104.3,104.35,104.3,104.3,1202.0
2021-06-07 12:27:00,NSE:DCBBANK,104.25,104.3,104.25,104.3,1420.0
2021-06-07 12:28:00,NSE:DCBBANK,104.2,104.3,104.2,104.3,1284.0
2021-06-07 12:29:00,NSE:DCBBANK,104.3,104.3,104.25,104.3,554.0
2021-06-07 12:30:00,NSE:DCBBANK,104.4,104.5,104.4,104.5,10286.0
2021-06-07 12:31:00,NSE:DCBBANK,104.5,104.5,104.35,104.4,584.0
2021-06-07 12:32:00,NSE:DCBBANK,104.45,104.5,104.4,104.5,858.0
2021-06-07 12:33:00,NSE:DCBBANK,104.45,104.45,104.35,104.45,685.0
2021-06-07 12:34:00,NSE:DCBBANK,104.5,104.5,104.35,104.35,1746.0
2021-06-07 12:35:00,NSE:DCBBANK,104.4,104.4,104.4,104.4,304.0
2021-06-07 12:36:00,NSE:DCBBANK,104.4,104.4,104.35,104.35,5432.0
2021-06-07 12:37:00,NSE:DCBBANK,104.35,104.4,104.35,104.4,2761.0
2021-06-07 12:38:00,NSE:DCBBANK,104.4,104.4,104.35,104.4,451.0
2021-06-07 12:39:00,NSE:DCBBANK,104.4,104.4,104.4,104.4,1233.0
2021-06-07 12:40:00,NSE:DCBBANK,104.4,104.45,104.35,104.35,168.0
2021-06-07 12:41:00,NSE:DCBBANK,104.4,104.45,104.35,104.45,592.0
2021-06-07 12:42:00,NSE:DCBBANK,104.45,104.45,104.35,104.4,2653.0
2021-06-07 12:43:00,NSE:DCBBANK,104.35,104.5,104.35,104.5,1213.0
2021-06-07 12:44:00,NSE:DCBBANK,104.5,104.5,104.4,104.5,301.0
2021-06-07 12:45:00,NSE:DCBBANK,104.45,104.5,104.45,104.5,1653.0
2021-06-07 12:46:00,NSE:DCBBANK,104.5,104.55,104.5,104.5,798.0
2021-06-07 12:47:00,NSE:DCBBANK,104.6,104.6,104.5,104.5,732.0
2021-06-07 12:48:00,NSE:DCBBANK,104.5,104.55,104.5,104.55,261.0
2021-06-07 12:49:00,NSE:DCBBANK,104.6,104.6,104.6,104.6,464.0
2021-06-07 12:50:00,NSE:DCBBANK,104.6,104.65,104.6,104.65,1226.0
2021-06-07 12:51:00,NSE:DCBBANK,104.6,104.65,104.6,104.65,1852.0
2021-06-07 12:52:00,NSE:DCBBANK,104.6,104.65,104.6,104.6,570.0
2021-06-07 12:53:00,NSE:DCBBANK,104.6,104.65,104.55,104.55,1056.0
2021-06-07 12:54:00,NSE:DCBBANK,104.65,104.65,104.5,104.5,2486.0
2021-06-07 12:55:00,NSE:DCBBANK,104.55,104.55,104.55,104.55,196.0
2021-06-07 12:56:00,NSE:DCBBANK,104.6,104.6,104.45,104.45,2398.0
2021-06-07 12:57:00,NSE:DCBBANK,104.35,104.5,104.35,104.45,750.0
2021-06-07 12:58:00,NSE:DCBBANK,104.45,104.45,104.4,104.4,600.0
2021-06-07 12:59:00,NSE:DCBBANK,104.45,104.45,104.3,104.3,1660.0
2021-06-07 13:00:00,NSE:DCBBANK,104.4,104.45,104.3,104.45,193.0
2021-06-07 13:01:00,NSE:DCBBANK,104.25,104.4,104.25,104.4,2245.0
2021-06-07 13:02:00,NSE:DCBBANK,104.4,104.4,104.25,104.25,393.0
2021-06-07 13:03:00,NSE:DCBBANK,104.25,104.25,104.25,104.25,3461.0
2021-06-07 13:04:00,NSE:DCBBANK,104.3,104.3,104.25,104.25,236.0
2021-06-07 13:05:00,NSE:DCBBANK,104.25,104.25,104.2,104.2,1611.0
2021-06-07 13:06:00,NSE:DCBBANK,104.2,104.25,104.15,104.15,2065.0
2021-06-07 13:07:00,NSE:DCBBANK,104.15,104.2,104.15,104.2,1337.0
2021-06-07 13:08:00,NSE:DCBBANK,104.25,104.25,104.15,104.25,877.0
2021-06-07 13:09:00,NSE:DCBBANK,104.15,104.25,104.15,104.15,280.0
2021-06-07 13:10:00,NSE:DCBBANK,104.25,104.3,104.25,104.3,951.0
2021-06-07 13:11:00,NSE:DCBBANK,104.35,104.35,104.25,104.25,214.0
2021-06-07 13:12:00,NSE:DCBBANK,104.35,104.4,104.25,104.35,1756.0
2021-06-07 13:13:00,NSE:DCBBANK,104.3,104.3,104.3,104.3,733.0
2021-06-07 13:14:00,NSE:DCBBANK,104.35,104.55,104.35,104.55,4096.0
2021-06-07 13:15:00,NSE:DCBBANK,104.55,104.6,104.45,104.55,1860.0
2021-06-07 13:16:00,NSE:DCBBANK,104.55,104.6,104.55,104.6,646.0
2021-06-07 13:17:00,NSE:DCBBANK,104.55,104.55,104.5,104.55,433.0
2021-06-07 13:18:00,NSE:DCBBANK,104.5,104.55,104.5,104.5,702.0
2021-06-07 13:19:00,NSE:DCBBANK,104.55,104.6,104.5,104.6,1298.0
2021-06-07 13:20:00,NSE:DCBBANK,104.5,104.6,104.5,104.6,110.0
2021-06-07 13:21:00,NSE:DCBBANK,104.6,104.65,104.5,104.65,2860.0
2021-06-07 13:22:00,NSE:DCBBANK,104.6,104.7,104.6,104.6,1378.0
2021-06-07 13:23:00,NSE:DCBBANK,104.6,104.6,104.6,104.6,10.0
2021-06-07 13:24:00,NSE:DCBBANK,104.6,104.8,104.6,104.75,15432.0
2021-06-07 13:25:00,NSE:DCBBANK,104.8,104.8,104.8,104.8,10.0
2021-06-07 13:26:00,NSE:DCBBANK,104.7,104.8,104.7,104.8,617.0
2021-06-07 13:27:00,NSE:DCBBANK,104.75,104.8,104.6,104.6,2056.0
2021-06-07 13:29:00,NSE:DCBBANK,104.75,104.75,104.6,104.6,1558.0
2021-06-07 13:30:00,NSE:DCBBANK,104.75,104.8,104.6,104.65,4712.0
2021-06-07 13:31:00,NSE:DCBBANK,104.75,104.75,104.65,104.7,1158.0
2021-06-07 13:32:00,NSE:DCBBANK,104.65,104.7,104.65,104.7,112.0
2021-06-07 13:33:00,NSE:DCBBANK,104.7,104.75,104.65,104.75,1651.0
2021-06-07 13:34:00,NSE:DCBBANK,104.7,104.75,104.7,104.7,4387.0
2021-06-07 13:35:00,NSE:DCBBANK,104.7,104.75,104.7,104.75,1502.0
2021-06-07 13:36:00,NSE:DCBBANK,104.7,104.75,104.65,104.65,1030.0
2021-06-07 13:37:00,NSE:DCBBANK,104.65,104.65,104.65,104.65,633.0
2021-06-07 13:38:00,NSE:DCBBANK,104.7,104.7,104.6,104.6,21.0
2021-06-07 13:39:00,NSE:DCBBANK,104.7,104.75,104.65,104.75,287.0
2021-06-07 13:40:00,NSE:DCBBANK,104.6,104.7,104.6,104.7,830.0
2021-06-07 13:41:00,NSE:DCBBANK,104.6,104.7,104.6,104.6,1151.0
2021-06-07 13:42:00,NSE:DCBBANK,104.6,104.7,104.6,104.7,291.0
2021-06-07 13:43:00,NSE:DCBBANK,104.7,104.7,104.6,104.6,57.0
2021-06-07 13:44:00,NSE:DCBBANK,104.7,104.7,104.6,104.7,360.0
2021-06-07 13:45:00,NSE:DCBBANK,104.7,104.7,104.65,104.7,2723.0
2021-06-07 13:46:00,NSE:DCBBANK,104.65,104.65,104.6,104.6,1251.0
2021-06-07 13:47:00,NSE:DCBBANK,104.6,104.7,104.5,104.5,2383.0
2021-06-07 13:48:00,NSE:DCBBANK,104.5,104.7,104.5,104.65,2575.0
2021-06-07 13:49:00,NSE:DCBBANK,104.6,104.65,104.55,104.55,1411.0
2021-06-07 13:50:00,NSE:DCBBANK,104.7,104.7,104.55,104.55,1322.0
2021-06-07 13:51:00,NSE:DCBBANK,104.6,104.65,104.6,104.65,355.0
2021-06-07 13:52:00,NSE:DCBBANK,104.7,104.7,104.6,104.6,355.0
2021-06-07 13:53:00,NSE:DCBBANK,104.5,104.5,104.4,104.4,6291.0
2021-06-07 13:54:00,NSE:DCBBANK,104.4,104.45,104.35,104.45,737.0
2021-06-07 13:55:00,NSE:DCBBANK,104.45,104.5,104.4,104.5,589.0
2021-06-07 13:56:00,NSE:DCBBANK,104.5,104.5,104.5,104.5,320.0
2021-06-07 13:57:00,NSE:DCBBANK,104.5,104.55,104.5,104.55,21.0
2021-06-07 13:58:00,NSE:DCBBANK,104.45,104.5,104.45,104.5,997.0
2021-06-07 13:59:00,NSE:DCBBANK,104.5,104.6,104.5,104.6,528.0
2021-06-07 14:00:00,NSE:DCBBANK,104.55,104.55,104.5,104.5,638.0
2021-06-07 14:01:00,NSE:DCBBANK,104.55,104.55,104.5,104.5,2309.0
2021-06-07 14:02:00,NSE:DCBBANK,104.45,104.5,104.4,104.4,1050.0
2021-06-07 14:03:00,NSE:DCBBANK,104.4,104.5,104.4,104.5,2788.0
2021-06-07 14:04:00,NSE:DCBBANK,104.55,104.55,104.5,104.5,1683.0
2021-06-07 14:05:00,NSE:DCBBANK,104.6,104.6,104.5,104.6,638.0
2021-06-07 14:06:00,NSE:DCBBANK,104.55,104.55,104.55,104.55,113.0
2021-06-07 14:07:00,NSE:DCBBANK,104.55,104.55,104.5,104.55,1009.0
2021-06-07 14:08:00,NSE:DCBBANK,104.55,104.6,104.55,104.6,741.0
2021-06-07 14:09:00,NSE:DCBBANK,104.5,104.7,104.5,104.7,11843.0
2021-06-07 14:10:00,NSE:DCBBANK,104.7,104.8,104.7,104.8,2750.0
2021-06-07 14:11:00,NSE:DCBBANK,104.85,104.95,104.7,104.7,48941.0
2021-06-07 14:12:00,NSE:DCBBANK,104.8,105.0,104.8,105.0,17705.0
2021-06-07 14:13:00,NSE:DCBBANK,105.0,105.2,104.85,105.2,33481.0
2021-06-07 14:14:00,NSE:DCBBANK,105.05,105.15,104.85,104.85,21652.0
2021-06-07 14:15:00,NSE:DCBBANK,105.0,105.15,105.0,105.15,4701.0
2021-06-07 14:16:00,NSE:DCBBANK,105.05,105.15,105.05,105.1,2855.0
2021-06-07 14:17:00,NSE:DCBBANK,105.05,105.1,104.95,104.95,6994.0
2021-06-07 14:18:00,NSE:DCBBANK,104.95,105.15,104.9,105.0,19174.0
2021-06-07 14:19:00,NSE:DCBBANK,105.0,105.05,104.9,105.05,1596.0
2021-06-07 14:20:00,NSE:DCBBANK,105.05,105.15,105.05,105.15,3537.0
2021-06-07 14:21:00,NSE:DCBBANK,105.1,105.15,104.9,105.1,8492.0
2021-06-07 14:22:00,NSE:DCBBANK,105.1,105.1,105.0,105.1,3823.0
2021-06-07 14:23:00,NSE:DCBBANK,105.0,105.05,105.0,105.05,1612.0
2021-06-07 14:24:00,NSE:DCBBANK,105.05,105.1,105.05,105.1,1725.0
2021-06-07 14:25:00,NSE:DCBBANK,105.1,105.1,105.05,105.1,2300.0
2021-06-07 14:26:00,NSE:DCBBANK,105.05,105.05,104.95,105.05,12724.0
2021-06-07 14:27:00,NSE:DCBBANK,104.95,105.0,104.9,104.9,5957.0
2021-06-07 14:28:00,NSE:DCBBANK,105.0,105.1,105.0,105.0,3824.0
2021-06-07 14:29:00,NSE:DCBBANK,105.0,105.1,104.85,104.85,5503.0
2021-06-07 14:30:00,NSE:DCBBANK,104.9,105.1,104.85,105.0,22521.0
2021-06-07 14:31:00,NSE:DCBBANK,105.0,105.05,105.0,105.0,11006.0
2021-06-07 14:32:00,NSE:DCBBANK,105.0,105.1,105.0,105.1,923.0
2021-06-07 14:33:00,NSE:DCBBANK,105.0,105.0,105.0,105.0,1180.0
2021-06-07 14:34:00,NSE:DCBBANK,105.0,105.05,104.9,104.9,15118.0
2021-06-07 14:35:00,NSE:DCBBANK,104.95,105.1,104.85,104.95,1359.0
2021-06-07 14:36:00,NSE:DCBBANK,104.95,105.95,104.95,105.95,106475.0
2021-06-07 14:37:00,NSE:DCBBANK,106.0,106.2,105.75,106.15,88191.0
2021-06-07 14:38:00,NSE:DCBBANK,106.1,106.1,105.7,105.95,54130.0
2021-06-07 14:39:00,NSE:DCBBANK,105.95,106.1,105.9,105.9,18230.0
2021-06-07 14:40:00,NSE:DCBBANK,105.85,106.3,105.85,106.25,37386.0
2021-06-07 14:41:00,NSE:DCBBANK,106.2,106.2,105.8,105.85,34207.0
2021-06-07 14:42:00,NSE:DCBBANK,105.85,106.1,105.8,105.9,29144.0
2021-06-07 14:43:00,NSE:DCBBANK,105.9,106.05,105.65,106.0,29154.0
2021-06-07 14:44:00,NSE:DCBBANK,105.85,106.0,105.85,105.9,3578.0
2021-06-07 14:45:00,NSE:DCBBANK,105.95,106.0,105.85,105.85,11550.0
2021-06-07 14:46:00,NSE:DCBBANK,105.95,106.0,105.8,105.95,16613.0
2021-06-07 14:47:00,NSE:DCBBANK,105.85,105.95,105.75,105.85,7905.0
2021-06-07 14:48:00,NSE:DCBBANK,105.85,105.85,105.7,105.75,20271.0
2021-06-07 14:49:00,NSE:DCBBANK,105.75,105.9,105.7,105.75,6049.0
2021-06-07 14:50:00,NSE:DCBBANK,105.85,105.9,105.8,105.9,2160.0
2021-06-07 14:51:00,NSE:DCBBANK,105.9,105.9,105.75,105.75,7887.0
2021-06-07 14:52:00,NSE:DCBBANK,105.75,105.8,105.7,105.7,3794.0
2021-06-07 14:53:00,NSE:DCBBANK,105.65,105.65,105.5,105.5,20197.0
2021-06-07 14:54:00,NSE:DCBBANK,105.55,105.7,105.55,105.6,8850.0
2021-06-07 14:55:00,NSE:DCBBANK,105.6,105.7,105.55,105.55,12692.0
2021-06-07 14:56:00,NSE:DCBBANK,105.65,105.65,105.55,105.55,2973.0
2021-06-07 14:57:00,NSE:DCBBANK,105.5,105.5,105.4,105.4,2935.0
2021-06-07 14:58:00,NSE:DCBBANK,105.45,105.8,105.3,105.8,19886.0
2021-06-07 14:59:00,NSE:DCBBANK,105.85,105.85,105.75,105.75,1129.0
2021-06-07 15:00:00,NSE:DCBBANK,105.75,105.9,105.55,105.85,10310.0
2021-06-07 15:01:00,NSE:DCBBANK,105.9,105.9,105.75,105.8,1331.0
2021-06-07 15:02:00,NSE:DCBBANK,105.8,105.85,105.8,105.8,6647.0
2021-06-07 15:03:00,NSE:DCBBANK,105.75,105.8,105.6,105.6,8648.0
2021-06-07 15:04:00,NSE:DCBBANK,105.7,105.8,105.6,105.8,2825.0
2021-06-07 15:05:00,NSE:DCBBANK,105.85,105.9,105.6,105.65,6574.0
2021-06-07 15:06:00,NSE:DCBBANK,105.6,105.75,105.5,105.5,6469.0
2021-06-07 15:07:00,NSE:DCBBANK,105.5,105.6,105.5,105.6,14136.0
2021-06-07 15:08:00,NSE:DCBBANK,105.55,105.55,105.5,105.5,2761.0
2021-06-07 15:09:00,NSE:DCBBANK,105.65,105.85,105.65,105.75,30771.0
2021-06-07 15:10:00,NSE:DCBBANK,105.65,105.75,105.65,105.65,4065.0
2021-06-07 15:11:00,NSE:DCBBANK,105.75,105.8,105.65,105.75,10458.0
2021-06-07 15:12:00,NSE:DCBBANK,105.75,105.75,105.65,105.75,6961.0
2021-06-07 15:13:00,NSE:DCBBANK,105.8,105.8,105.75,105.75,7267.0
2021-06-07 15:14:00,NSE:DCBBANK,105.75,105.75,105.7,105.7,10269.0
2021-06-07 15:15:00,NSE:DCBBANK,105.75,105.75,105.5,105.6,17434.0
2021-06-07 15:16:00,NSE:DCBBANK,105.55,105.55,105.5,105.5,24057.0
2021-06-07 15:17:00,NSE:DCBBANK,105.5,105.6,105.5,105.55,3772.0
2021-06-07 15:18:00,NSE:DCBBANK,105.6,105.6,105.5,105.55,41743.0
2021-06-07 15:19:00,NSE:DCBBANK,105.55,105.75,105.55,105.75,2684.0
2021-06-07 15:20:00,NSE:DCBBANK,105.7,105.7,105.6,105.6,14076.0
2021-06-07 15:21:00,NSE:DCBBANK,105.6,105.65,105.5,105.5,16600.0
2021-06-07 15:22:00,NSE:DCBBANK,105.55,105.6,105.5,105.5,6777.0
2021-06-07 15:23:00,NSE:DCBBANK,105.5,105.6,105.5,105.5,5553.0
2021-06-07 15:24:00,NSE:DCBBANK,105.5,105.6,105.5,105.5,3278.0
2021-06-07 15:25:00,NSE:DCBBANK,105.5,105.6,105.5,105.55,13084.0
2021-06-07 15:26:00,NSE:DCBBANK,105.55,105.55,105.5,105.5,8794.0
2021-06-07 15:27:00,NSE:DCBBANK,105.5,105.6,105.5,105.5,4739.0
2021-06-07 15:28:00,NSE:DCBBANK,105.5,105.6,105.5,105.5,7189.0
2021-06-07 15:29:00,NSE:DCBBANK,105.55,105.6,105.55,105.6,4104.0
2021-06-07 15:30:00,NSE:DCBBANK,105.6,105.6,105.6,105.6,500.0
2021-06-07 15:42:00,NSE:DCBBANK,105.6,105.6,105.6,105.6,500.0
2021-06-08 09:07:00,NSE:DCBBANK,106.45,106.45,106.45,106.45,12226.0
2021-06-08 09:15:00,NSE:DCBBANK,106.25,106.7,106.15,106.6,23772.0
2021-06-08 09:16:00,NSE:DCBBANK,106.6,106.6,106.25,106.55,29208.0
2021-06-08 09:17:00,NSE:DCBBANK,106.4,106.45,105.95,106.15,38502.0
2021-06-08 09:18:00,NSE:DCBBANK,106.2,106.2,105.85,105.95,11868.0
2021-06-08 09:19:00,NSE:DCBBANK,106.0,106.15,105.95,106.05,17462.0
2021-06-08 09:20:00,NSE:DCBBANK,106.0,106.1,106.0,106.0,7070.0
2021-06-08 09:21:00,NSE:DCBBANK,106.05,106.2,106.0,106.05,6813.0
2021-06-08 09:22:00,NSE:DCBBANK,106.05,106.15,106.0,106.15,2487.0
2021-06-08 09:23:00,NSE:DCBBANK,106.05,106.15,106.05,106.05,2727.0
2021-06-08 09:24:00,NSE:DCBBANK,106.15,106.15,106.05,106.05,4780.0
2021-06-08 09:25:00,NSE:DCBBANK,106.05,106.1,105.9,106.05,15450.0
2021-06-08 09:26:00,NSE:DCBBANK,105.95,106.05,105.95,106.0,6470.0
2021-06-08 09:27:00,NSE:DCBBANK,106.0,106.1,105.95,106.0,4805.0
2021-06-08 09:28:00,NSE:DCBBANK,106.0,106.2,106.0,106.05,4391.0
2021-06-08 09:29:00,NSE:DCBBANK,106.15,106.15,106.0,106.1,886.0
2021-06-08 09:30:00,NSE:DCBBANK,106.05,106.1,106.0,106.05,4379.0
2021-06-08 09:31:00,NSE:DCBBANK,106.1,106.25,106.05,106.15,5154.0
2021-06-08 09:32:00,NSE:DCBBANK,106.15,106.25,106.1,106.1,5403.0
2021-06-08 09:33:00,NSE:DCBBANK,106.15,106.2,106.1,106.1,3084.0
2021-06-08 09:34:00,NSE:DCBBANK,106.1,106.2,105.9,105.95,16727.0
2021-06-08 09:35:00,NSE:DCBBANK,106.0,106.1,106.0,106.0,1624.0
2021-06-08 09:36:00,NSE:DCBBANK,106.1,106.15,106.0,106.0,3448.0
2021-06-08 09:37:00,NSE:DCBBANK,106.0,106.15,106.0,106.1,5262.0
2021-06-08 09:38:00,NSE:DCBBANK,106.0,106.1,106.0,106.0,688.0
2021-06-08 09:39:00,NSE:DCBBANK,106.0,106.1,105.95,106.0,8288.0
2021-06-08 09:40:00,NSE:DCBBANK,106.0,106.1,105.85,106.05,29303.0
2021-06-08 09:41:00,NSE:DCBBANK,106.0,106.1,105.9,106.1,9713.0
2021-06-08 09:42:00,NSE:DCBBANK,106.0,106.05,105.95,105.95,4577.0
2021-06-08 09:43:00,NSE:DCBBANK,106.05,106.05,105.9,106.0,43974.0
2021-06-08 09:44:00,NSE:DCBBANK,106.0,106.05,105.85,106.05,19889.0
2021-06-08 09:45:00,NSE:DCBBANK,106.0,106.0,105.85,105.85,15078.0
2021-06-08 09:46:00,NSE:DCBBANK,105.85,105.95,105.85,105.85,2002.0
2021-06-08 09:47:00,NSE:DCBBANK,105.85,105.95,105.35,105.4,15558.0
2021-06-08 09:48:00,NSE:DCBBANK,105.4,105.45,105.1,105.2,15281.0
2021-06-08 09:49:00,NSE:DCBBANK,105.3,105.3,104.5,104.8,31028.0
2021-06-08 09:50:00,NSE:DCBBANK,104.75,104.85,104.6,104.85,17993.0
2021-06-08 09:51:00,NSE:DCBBANK,104.9,105.15,104.85,104.9,13338.0
2021-06-08 09:52:00,NSE:DCBBANK,105.05,105.05,104.75,104.8,8590.0
2021-06-08 09:53:00,NSE:DCBBANK,104.85,104.85,104.65,104.7,4496.0
2021-06-08 09:54:00,NSE:DCBBANK,104.7,104.8,104.15,104.2,19394.0
2021-06-08 09:55:00,NSE:DCBBANK,104.4,104.6,104.3,104.4,2834.0
2021-06-08 09:56:00,NSE:DCBBANK,104.45,104.65,104.45,104.5,6882.0
2021-06-08 09:57:00,NSE:DCBBANK,104.45,104.45,104.25,104.35,8297.0
2021-06-08 09:58:00,NSE:DCBBANK,104.45,104.5,104.2,104.45,15393.0
2021-06-08 09:59:00,NSE:DCBBANK,104.5,104.5,104.2,104.2,5322.0
2021-06-08 10:00:00,NSE:DCBBANK,104.15,104.35,103.55,103.75,39639.0
2021-06-08 10:01:00,NSE:DCBBANK,103.8,104.0,103.75,103.75,15370.0
2021-06-08 10:02:00,NSE:DCBBANK,103.6,103.7,103.35,103.7,29234.0
2021-06-08 10:03:00,NSE:DCBBANK,103.75,103.85,103.55,103.85,2320.0
2021-06-08 10:04:00,NSE:DCBBANK,103.75,104.0,103.75,103.85,6373.0
2021-06-08 10:05:00,NSE:DCBBANK,103.9,104.05,103.85,103.9,6657.0
2021-06-08 10:06:00,NSE:DCBBANK,104.05,104.05,103.7,103.8,5060.0
2021-06-08 10:07:00,NSE:DCBBANK,103.9,104.05,103.85,103.9,4299.0
2021-06-08 10:08:00,NSE:DCBBANK,103.95,104.1,103.95,104.0,906.0
2021-06-08 10:09:00,NSE:DCBBANK,104.15,104.15,103.75,103.8,7879.0
2021-06-08 10:10:00,NSE:DCBBANK,103.85,103.95,103.75,103.85,929.0
2021-06-08 10:11:00,NSE:DCBBANK,103.85,104.1,103.8,103.85,6629.0
2021-06-08 10:12:00,NSE:DCBBANK,103.85,104.1,103.85,103.95,1901.0
2021-06-08 10:13:00,NSE:DCBBANK,103.95,104.1,103.95,104.0,2240.0
2021-06-08 10:14:00,NSE:DCBBANK,104.1,104.1,104.0,104.0,4086.0
2021-06-08 10:15:00,NSE:DCBBANK,104.05,104.1,104.0,104.0,3824.0
2021-06-08 10:16:00,NSE:DCBBANK,104.05,104.1,104.0,104.1,2660.0
2021-06-08 10:17:00,NSE:DCBBANK,104.1,104.3,104.1,104.25,3136.0
2021-06-08 10:18:00,NSE:DCBBANK,104.25,104.35,104.15,104.35,5185.0
2021-06-08 10:19:00,NSE:DCBBANK,104.6,104.7,103.8,103.8,35156.0
2021-06-08 10:20:00,NSE:DCBBANK,103.85,104.15,103.85,104.0,5959.0
2021-06-08 10:21:00,NSE:DCBBANK,104.15,104.15,104.0,104.15,1251.0
2021-06-08 10:22:00,NSE:DCBBANK,104.2,104.25,103.95,104.1,3628.0
2021-06-08 10:23:00,NSE:DCBBANK,104.1,104.2,104.0,104.2,3857.0
2021-06-08 10:24:00,NSE:DCBBANK,104.1,104.15,104.1,104.15,4467.0
2021-06-08 10:25:00,NSE:DCBBANK,104.1,104.4,104.1,104.25,1717.0
2021-06-08 10:26:00,NSE:DCBBANK,104.25,104.35,104.2,104.25,2546.0
2021-06-08 10:27:00,NSE:DCBBANK,104.3,104.4,104.15,104.2,4982.0
2021-06-08 10:28:00,NSE:DCBBANK,104.25,104.3,104.15,104.3,746.0
2021-06-08 10:29:00,NSE:DCBBANK,104.3,104.3,104.2,104.3,891.0
2021-06-08 10:30:00,NSE:DCBBANK,104.3,104.35,104.2,104.3,1135.0
2021-06-08 10:31:00,NSE:DCBBANK,104.3,104.3,104.15,104.2,5344.0
2021-06-08 10:32:00,NSE:DCBBANK,104.25,104.35,104.2,104.35,5571.0
2021-06-08 10:33:00,NSE:DCBBANK,104.35,104.35,104.15,104.2,4361.0
2021-06-08 10:34:00,NSE:DCBBANK,104.15,104.35,104.15,104.3,3320.0
2021-06-08 10:35:00,NSE:DCBBANK,104.35,104.4,104.25,104.4,910.0
2021-06-08 10:36:00,NSE:DCBBANK,104.3,104.35,104.25,104.35,907.0
2021-06-08 10:37:00,NSE:DCBBANK,104.35,104.55,104.35,104.4,11439.0
2021-06-08 10:38:00,NSE:DCBBANK,104.45,104.5,104.3,104.3,2741.0
2021-06-08 10:39:00,NSE:DCBBANK,104.35,104.45,104.2,104.2,3789.0
2021-06-08 10:40:00,NSE:DCBBANK,104.3,104.4,104.2,104.4,1669.0
2021-06-08 10:41:00,NSE:DCBBANK,104.3,104.4,104.25,104.4,1153.0
2021-06-08 10:42:00,NSE:DCBBANK,104.35,104.6,104.35,104.35,4581.0
2021-06-08 10:43:00,NSE:DCBBANK,104.35,104.45,104.35,104.35,763.0
2021-06-08 10:44:00,NSE:DCBBANK,104.35,104.45,104.3,104.3,2135.0
2021-06-08 10:45:00,NSE:DCBBANK,104.3,104.5,104.3,104.4,875.0
2021-06-08 10:46:00,NSE:DCBBANK,104.4,104.6,104.4,104.45,3102.0
2021-06-08 10:47:00,NSE:DCBBANK,104.5,104.6,104.45,104.6,3937.0
2021-06-08 10:48:00,NSE:DCBBANK,104.6,104.6,104.45,104.55,2236.0
2021-06-08 10:49:00,NSE:DCBBANK,104.45,104.55,104.45,104.45,1052.0
2021-06-08 10:50:00,NSE:DCBBANK,104.45,104.65,104.45,104.5,1781.0
2021-06-08 10:51:00,NSE:DCBBANK,104.5,104.75,104.5,104.75,7925.0
2021-06-08 10:52:00,NSE:DCBBANK,104.75,104.75,104.45,104.5,6858.0
2021-06-08 10:53:00,NSE:DCBBANK,104.5,104.55,104.5,104.55,1622.0
2021-06-08 10:54:00,NSE:DCBBANK,104.5,104.65,104.5,104.65,2256.0
2021-06-08 10:55:00,NSE:DCBBANK,104.6,104.65,104.55,104.55,361.0
2021-06-08 10:56:00,NSE:DCBBANK,104.55,104.7,104.55,104.6,746.0
2021-06-08 10:57:00,NSE:DCBBANK,104.65,104.75,104.6,104.7,1336.0
2021-06-08 10:58:00,NSE:DCBBANK,104.75,104.8,104.55,104.7,933.0
2021-06-08 10:59:00,NSE:DCBBANK,104.6,104.7,104.6,104.7,548.0
2021-06-08 11:00:00,NSE:DCBBANK,104.6,104.7,104.6,104.7,551.0
2021-06-08 11:01:00,NSE:DCBBANK,104.7,104.7,104.5,104.55,3523.0
2021-06-08 11:02:00,NSE:DCBBANK,104.55,104.65,104.55,104.65,982.0
2021-06-08 11:03:00,NSE:DCBBANK,104.55,104.7,104.55,104.6,770.0
2021-06-08 11:04:00,NSE:DCBBANK,104.65,104.7,104.55,104.6,1051.0
2021-06-08 11:05:00,NSE:DCBBANK,104.55,104.7,104.55,104.7,2197.0
2021-06-08 11:06:00,NSE:DCBBANK,104.65,104.75,104.65,104.7,667.0
2021-06-08 11:07:00,NSE:DCBBANK,104.8,104.85,104.75,104.8,5772.0
2021-06-08 11:08:00,NSE:DCBBANK,104.9,104.9,104.85,104.85,1237.0
2021-06-08 11:09:00,NSE:DCBBANK,104.85,105.05,104.85,104.9,27739.0
2021-06-08 11:10:00,NSE:DCBBANK,104.7,104.7,104.55,104.7,17658.0
2021-06-08 11:11:00,NSE:DCBBANK,104.65,104.75,104.6,104.7,397.0
2021-06-08 11:12:00,NSE:DCBBANK,104.75,104.8,104.7,104.7,881.0
2021-06-08 11:13:00,NSE:DCBBANK,104.75,104.8,104.7,104.8,1046.0
2021-06-08 11:14:00,NSE:DCBBANK,104.75,104.9,104.55,104.55,10796.0
2021-06-08 11:15:00,NSE:DCBBANK,104.6,104.75,104.6,104.6,2232.0
2021-06-08 11:16:00,NSE:DCBBANK,104.6,104.75,104.6,104.65,431.0
2021-06-08 11:17:00,NSE:DCBBANK,104.7,104.75,104.5,104.5,2257.0
2021-06-08 11:18:00,NSE:DCBBANK,104.55,104.55,104.5,104.5,1199.0
2021-06-08 11:19:00,NSE:DCBBANK,104.55,104.75,104.5,104.65,8687.0
2021-06-08 11:20:00,NSE:DCBBANK,104.6,104.7,104.55,104.7,663.0
2021-06-08 11:21:00,NSE:DCBBANK,104.6,104.7,104.55,104.7,1023.0
2021-06-08 11:22:00,NSE:DCBBANK,104.6,104.75,104.6,104.6,462.0
2021-06-08 11:23:00,NSE:DCBBANK,104.65,104.75,104.6,104.7,1549.0
2021-06-08 11:24:00,NSE:DCBBANK,104.7,104.7,104.6,104.7,601.0
2021-06-08 11:25:00,NSE:DCBBANK,104.7,104.75,104.6,104.65,1823.0
2021-06-08 11:26:00,NSE:DCBBANK,104.7,104.75,104.6,104.75,550.0
2021-06-08 11:27:00,NSE:DCBBANK,104.75,104.75,104.65,104.75,2271.0
2021-06-08 11:28:00,NSE:DCBBANK,104.65,104.85,104.65,104.75,2044.0
2021-06-08 11:29:00,NSE:DCBBANK,104.75,104.9,104.75,104.85,1509.0
2021-06-08 11:30:00,NSE:DCBBANK,104.95,104.95,104.8,104.85,1871.0
2021-06-08 11:31:00,NSE:DCBBANK,104.95,105.0,104.85,104.95,1978.0
2021-06-08 11:32:00,NSE:DCBBANK,104.95,104.95,104.85,104.9,1434.0
2021-06-08 11:33:00,NSE:DCBBANK,104.9,104.95,104.9,104.95,1443.0
2021-06-08 11:34:00,NSE:DCBBANK,104.9,104.95,104.9,104.9,639.0
2021-06-08 11:35:00,NSE:DCBBANK,104.95,104.95,104.9,104.9,514.0
2021-06-08 11:36:00,NSE:DCBBANK,104.95,104.95,104.8,104.85,2716.0
2021-06-08 11:37:00,NSE:DCBBANK,104.85,104.9,104.8,104.9,1911.0
2021-06-08 11:38:00,NSE:DCBBANK,104.9,104.95,104.8,104.95,534.0
2021-06-08 11:39:00,NSE:DCBBANK,104.95,104.95,104.85,104.9,969.0
2021-06-08 11:40:00,NSE:DCBBANK,104.85,104.95,104.85,104.85,618.0
2021-06-08 11:41:00,NSE:DCBBANK,104.9,104.95,104.75,104.75,3457.0
2021-06-08 11:42:00,NSE:DCBBANK,104.85,104.85,104.7,104.7,1137.0
2021-06-08 11:43:00,NSE:DCBBANK,104.8,104.8,104.7,104.8,1260.0
2021-06-08 11:44:00,NSE:DCBBANK,104.85,104.9,104.75,104.9,1548.0
2021-06-08 11:45:00,NSE:DCBBANK,104.85,104.85,104.75,104.85,911.0
2021-06-08 11:46:00,NSE:DCBBANK,104.75,104.9,104.75,104.9,1070.0
2021-06-08 11:47:00,NSE:DCBBANK,104.75,104.9,104.75,104.8,3547.0
2021-06-08 11:48:00,NSE:DCBBANK,104.85,104.9,104.8,104.8,1605.0
2021-06-08 11:49:00,NSE:DCBBANK,104.85,104.9,104.8,104.8,415.0
2021-06-08 11:50:00,NSE:DCBBANK,104.85,104.9,104.75,104.85,2367.0
2021-06-08 11:51:00,NSE:DCBBANK,104.85,104.85,104.75,104.8,1009.0
2021-06-08 11:52:00,NSE:DCBBANK,104.85,104.9,104.75,104.85,608.0
2021-06-08 11:53:00,NSE:DCBBANK,104.9,104.9,104.8,104.8,728.0
2021-06-08 11:54:00,NSE:DCBBANK,104.8,104.9,104.8,104.8,1518.0
2021-06-08 11:55:00,NSE:DCBBANK,104.8,104.9,104.8,104.85,591.0
2021-06-08 11:56:00,NSE:DCBBANK,104.85,104.9,104.75,104.9,5600.0
2021-06-08 11:57:00,NSE:DCBBANK,104.9,104.9,104.75,104.85,847.0
2021-06-08 11:58:00,NSE:DCBBANK,104.75,104.85,104.65,104.75,2146.0
2021-06-08 11:59:00,NSE:DCBBANK,104.7,104.8,104.65,104.8,474.0
2021-06-08 12:00:00,NSE:DCBBANK,104.75,104.8,104.65,104.65,1079.0
2021-06-08 12:01:00,NSE:DCBBANK,104.65,104.7,104.6,104.6,2906.0
2021-06-08 12:02:00,NSE:DCBBANK,104.65,104.75,104.6,104.7,773.0
2021-06-08 12:03:00,NSE:DCBBANK,104.75,104.75,104.6,104.7,1097.0
2021-06-08 12:04:00,NSE:DCBBANK,104.75,104.75,104.6,104.7,398.0
2021-06-08 12:05:00,NSE:DCBBANK,104.6,104.7,104.55,104.7,1285.0
2021-06-08 12:06:00,NSE:DCBBANK,104.65,104.7,104.6,104.7,384.0
2021-06-08 12:07:00,NSE:DCBBANK,104.65,104.75,104.5,104.5,3161.0
2021-06-08 12:08:00,NSE:DCBBANK,104.55,104.65,104.5,104.6,5520.0
2021-06-08 12:09:00,NSE:DCBBANK,104.55,104.55,104.35,104.4,4798.0
2021-06-08 12:10:00,NSE:DCBBANK,104.4,104.5,104.4,104.4,1043.0
2021-06-08 12:11:00,NSE:DCBBANK,104.4,104.55,104.4,104.55,588.0
2021-06-08 12:12:00,NSE:DCBBANK,104.5,104.6,104.45,104.6,453.0
2021-06-08 12:13:00,NSE:DCBBANK,104.55,104.65,104.5,104.55,638.0
2021-06-08 12:14:00,NSE:DCBBANK,104.55,104.65,104.55,104.6,376.0
2021-06-08 12:15:00,NSE:DCBBANK,104.65,104.7,104.6,104.7,1233.0
2021-06-08 12:16:00,NSE:DCBBANK,104.6,104.75,104.6,104.7,1881.0
2021-06-08 12:17:00,NSE:DCBBANK,104.65,104.8,104.65,104.7,479.0
2021-06-08 12:18:00,NSE:DCBBANK,104.7,104.75,104.7,104.7,627.0
2021-06-08 12:19:00,NSE:DCBBANK,104.7,104.75,104.7,104.7,1080.0
2021-06-08 12:20:00,NSE:DCBBANK,104.7,104.8,104.5,104.5,12307.0
2021-06-08 12:21:00,NSE:DCBBANK,104.5,104.6,104.5,104.55,953.0
2021-06-08 12:22:00,NSE:DCBBANK,104.5,104.65,104.5,104.55,1604.0
2021-06-08 12:23:00,NSE:DCBBANK,104.55,104.65,104.5,104.65,358.0
2021-06-08 12:24:00,NSE:DCBBANK,104.65,104.7,104.5,104.6,7801.0
2021-06-08 12:25:00,NSE:DCBBANK,104.5,104.6,104.5,104.6,341.0
2021-06-08 12:26:00,NSE:DCBBANK,104.55,104.6,104.5,104.5,1527.0
2021-06-08 12:27:00,NSE:DCBBANK,104.55,104.6,104.5,104.5,441.0
2021-06-08 12:28:00,NSE:DCBBANK,104.55,104.6,104.45,104.5,1477.0
2021-06-08 12:29:00,NSE:DCBBANK,104.5,104.6,104.45,104.6,1218.0
2021-06-08 12:30:00,NSE:DCBBANK,104.6,104.6,104.5,104.5,915.0
2021-06-08 12:31:00,NSE:DCBBANK,104.5,104.6,104.5,104.6,735.0
2021-06-08 12:32:00,NSE:DCBBANK,104.6,104.6,104.5,104.5,554.0
2021-06-08 12:33:00,NSE:DCBBANK,104.55,104.6,104.5,104.5,471.0
2021-06-08 12:34:00,NSE:DCBBANK,104.55,104.6,104.5,104.6,492.0
2021-06-08 12:35:00,NSE:DCBBANK,104.6,104.6,104.5,104.6,639.0
2021-06-08 12:36:00,NSE:DCBBANK,104.6,104.6,104.5,104.6,844.0
2021-06-08 12:37:00,NSE:DCBBANK,104.6,104.6,104.55,104.6,1800.0
2021-06-08 12:38:00,NSE:DCBBANK,104.6,104.6,104.55,104.6,901.0
2021-06-08 12:39:00,NSE:DCBBANK,104.55,104.6,104.55,104.55,785.0
2021-06-08 12:40:00,NSE:DCBBANK,104.6,104.6,104.55,104.6,663.0
2021-06-08 12:41:00,NSE:DCBBANK,104.6,104.6,104.5,104.5,1484.0
2021-06-08 12:42:00,NSE:DCBBANK,104.5,104.6,104.5,104.55,1795.0
2021-06-08 12:43:00,NSE:DCBBANK,104.6,104.6,104.55,104.6,611.0
2021-06-08 12:44:00,NSE:DCBBANK,104.55,104.65,104.55,104.65,1559.0
2021-06-08 12:45:00,NSE:DCBBANK,104.55,104.7,104.55,104.65,644.0
2021-06-08 12:46:00,NSE:DCBBANK,104.65,104.7,104.55,104.6,2140.0
2021-06-08 12:47:00,NSE:DCBBANK,104.65,104.75,104.6,104.75,1260.0
2021-06-08 12:48:00,NSE:DCBBANK,104.65,104.8,104.65,104.75,1087.0
2021-06-08 12:49:00,NSE:DCBBANK,104.75,104.75,104.6,104.6,1428.0
2021-06-08 12:50:00,NSE:DCBBANK,104.7,104.7,104.6,104.6,463.0
2021-06-08 12:51:00,NSE:DCBBANK,104.65,104.7,104.6,104.65,827.0
2021-06-08 12:52:00,NSE:DCBBANK,104.65,104.7,104.6,104.65,898.0
2021-06-08 12:53:00,NSE:DCBBANK,104.7,104.7,104.65,104.7,838.0
2021-06-08 12:54:00,NSE:DCBBANK,104.65,104.7,104.65,104.65,680.0
2021-06-08 12:55:00,NSE:DCBBANK,104.7,104.7,104.55,104.65,1889.0
2021-06-08 12:56:00,NSE:DCBBANK,104.6,104.65,104.55,104.65,2066.0
2021-06-08 12:57:00,NSE:DCBBANK,104.7,104.75,104.6,104.6,6495.0
2021-06-08 12:58:00,NSE:DCBBANK,104.65,104.7,104.55,104.65,2390.0
2021-06-08 12:59:00,NSE:DCBBANK,104.65,104.7,104.55,104.65,1075.0
2021-06-08 13:00:00,NSE:DCBBANK,104.7,104.7,104.6,104.7,357.0
2021-06-08 13:01:00,NSE:DCBBANK,104.7,104.8,104.65,104.75,604.0
2021-06-08 13:02:00,NSE:DCBBANK,104.8,104.85,104.7,104.8,1467.0
2021-06-08 13:03:00,NSE:DCBBANK,104.75,104.8,104.7,104.75,924.0
2021-06-08 13:04:00,NSE:DCBBANK,104.8,104.8,104.75,104.75,475.0
2021-06-08 13:05:00,NSE:DCBBANK,104.8,104.85,104.75,104.85,371.0
2021-06-08 13:06:00,NSE:DCBBANK,104.8,104.85,104.7,104.75,3355.0
2021-06-08 13:07:00,NSE:DCBBANK,104.85,104.85,104.75,104.85,830.0
2021-06-08 13:08:00,NSE:DCBBANK,104.75,104.85,104.75,104.85,481.0
2021-06-08 13:09:00,NSE:DCBBANK,104.8,104.85,104.7,104.7,3224.0
2021-06-08 13:10:00,NSE:DCBBANK,104.7,104.8,104.7,104.75,367.0
2021-06-08 13:11:00,NSE:DCBBANK,104.75,104.8,104.7,104.75,878.0
2021-06-08 13:12:00,NSE:DCBBANK,104.75,104.8,104.7,104.75,803.0
2021-06-08 13:13:00,NSE:DCBBANK,104.75,104.75,104.65,104.65,3275.0
2021-06-08 13:14:00,NSE:DCBBANK,104.7,104.75,104.6,104.75,1438.0
2021-06-08 13:15:00,NSE:DCBBANK,104.7,104.75,104.65,104.75,449.0
2021-06-08 13:16:00,NSE:DCBBANK,104.7,104.75,104.7,104.7,649.0
2021-06-08 13:17:00,NSE:DCBBANK,104.75,104.75,104.65,104.7,1084.0
2021-06-08 13:18:00,NSE:DCBBANK,104.7,104.8,104.65,104.7,640.0
2021-06-08 13:19:00,NSE:DCBBANK,104.8,104.85,104.65,104.8,559.0
2021-06-08 13:20:00,NSE:DCBBANK,104.75,104.85,104.7,104.8,992.0
2021-06-08 13:21:00,NSE:DCBBANK,104.8,104.8,104.7,104.8,638.0
2021-06-08 13:22:00,NSE:DCBBANK,104.8,104.85,104.75,104.85,4199.0
2021-06-08 13:23:00,NSE:DCBBANK,104.8,104.85,104.75,104.85,1430.0
2021-06-08 13:24:00,NSE:DCBBANK,104.8,104.85,104.75,104.8,655.0
2021-06-08 13:25:00,NSE:DCBBANK,104.85,104.85,104.75,104.85,1120.0
2021-06-08 13:26:00,NSE:DCBBANK,104.8,104.85,104.7,104.7,2048.0
2021-06-08 13:27:00,NSE:DCBBANK,104.7,104.85,104.7,104.85,629.0
2021-06-08 13:28:00,NSE:DCBBANK,104.75,104.85,104.75,104.8,4860.0
2021-06-08 13:29:00,NSE:DCBBANK,104.8,104.85,104.8,104.8,1270.0
2021-06-08 13:30:00,NSE:DCBBANK,104.85,104.85,104.8,104.85,1451.0
2021-06-08 13:31:00,NSE:DCBBANK,104.85,104.85,104.8,104.85,2004.0
2021-06-08 13:32:00,NSE:DCBBANK,104.8,104.85,104.75,104.85,1379.0
2021-06-08 13:33:00,NSE:DCBBANK,104.8,105.1,104.8,105.05,12999.0
2021-06-08 13:34:00,NSE:DCBBANK,105.0,105.05,104.95,105.05,2826.0
2021-06-08 13:35:00,NSE:DCBBANK,105.0,105.05,105.0,105.0,1116.0
2021-06-08 13:36:00,NSE:DCBBANK,104.9,105.25,104.9,105.05,10961.0
2021-06-08 13:37:00,NSE:DCBBANK,105.1,105.15,105.0,105.05,1991.0
2021-06-08 13:38:00,NSE:DCBBANK,105.0,105.15,105.0,105.15,2914.0
2021-06-08 13:39:00,NSE:DCBBANK,105.1,105.1,104.95,105.0,1668.0
2021-06-08 13:40:00,NSE:DCBBANK,105.0,105.15,104.7,104.7,12986.0
2021-06-08 13:41:00,NSE:DCBBANK,104.7,104.8,104.7,104.8,1783.0
2021-06-08 13:42:00,NSE:DCBBANK,104.7,104.95,104.65,104.95,3523.0
2021-06-08 13:43:00,NSE:DCBBANK,104.95,104.95,104.75,104.95,1366.0
2021-06-08 13:44:00,NSE:DCBBANK,104.95,104.95,104.65,104.75,5416.0
2021-06-08 13:45:00,NSE:DCBBANK,104.7,104.85,104.7,104.75,668.0
2021-06-08 13:46:00,NSE:DCBBANK,104.75,104.85,104.7,104.8,5092.0
2021-06-08 13:47:00,NSE:DCBBANK,104.8,104.8,104.55,104.6,18790.0
2021-06-08 13:48:00,NSE:DCBBANK,104.65,104.8,104.65,104.75,507.0
2021-06-08 13:49:00,NSE:DCBBANK,104.65,104.75,104.65,104.7,715.0
2021-06-08 13:50:00,NSE:DCBBANK,104.7,104.75,104.55,104.6,5033.0
2021-06-08 13:51:00,NSE:DCBBANK,104.55,104.75,104.35,104.35,19424.0
2021-06-08 13:52:00,NSE:DCBBANK,104.4,104.6,104.4,104.55,1378.0
2021-06-08 13:53:00,NSE:DCBBANK,104.4,104.6,104.4,104.5,979.0
2021-06-08 13:54:00,NSE:DCBBANK,104.5,104.6,104.4,104.4,1306.0
2021-06-08 13:55:00,NSE:DCBBANK,104.45,104.5,104.4,104.4,1309.0
2021-06-08 13:56:00,NSE:DCBBANK,104.45,104.45,104.05,104.1,12840.0
2021-06-08 13:57:00,NSE:DCBBANK,104.15,104.45,104.05,104.45,17975.0
2021-06-08 13:58:00,NSE:DCBBANK,104.35,104.4,104.25,104.25,2789.0
2021-06-08 13:59:00,NSE:DCBBANK,104.25,104.45,104.25,104.3,1989.0
2021-06-08 14:00:00,NSE:DCBBANK,104.3,104.45,104.3,104.3,2591.0
2021-06-08 14:01:00,NSE:DCBBANK,104.3,104.35,104.3,104.35,1623.0
2021-06-08 14:02:00,NSE:DCBBANK,104.4,104.45,104.35,104.45,660.0
2021-06-08 14:03:00,NSE:DCBBANK,104.45,104.45,104.35,104.4,1089.0
2021-06-08 14:04:00,NSE:DCBBANK,104.35,104.45,104.35,104.4,2510.0
2021-06-08 14:05:00,NSE:DCBBANK,104.35,104.45,104.3,104.45,811.0
2021-06-08 14:06:00,NSE:DCBBANK,104.3,104.35,104.2,104.35,7981.0
2021-06-08 14:07:00,NSE:DCBBANK,104.35,104.4,104.25,104.4,725.0
2021-06-08 14:08:00,NSE:DCBBANK,104.35,104.4,103.9,103.95,49252.0
2021-06-08 14:09:00,NSE:DCBBANK,103.8,103.8,103.5,103.6,33051.0
2021-06-08 14:10:00,NSE:DCBBANK,103.6,103.8,103.5,103.55,27390.0
2021-06-08 14:11:00,NSE:DCBBANK,103.6,103.95,103.45,103.8,6452.0
2021-06-08 14:12:00,NSE:DCBBANK,103.8,103.95,103.75,103.75,6443.0
2021-06-08 14:13:00,NSE:DCBBANK,103.8,104.0,103.8,103.85,3331.0
2021-06-08 14:14:00,NSE:DCBBANK,103.85,104.0,103.85,103.9,1638.0
2021-06-08 14:15:00,NSE:DCBBANK,104.0,104.05,103.9,103.9,1674.0
2021-06-08 14:16:00,NSE:DCBBANK,103.9,104.05,103.9,103.95,552.0
2021-06-08 14:17:00,NSE:DCBBANK,103.9,104.15,103.9,104.1,8404.0
2021-06-08 14:18:00,NSE:DCBBANK,104.1,104.15,104.0,104.05,3189.0
2021-06-08 14:19:00,NSE:DCBBANK,104.1,104.2,104.05,104.15,4730.0
2021-06-08 14:20:00,NSE:DCBBANK,104.15,104.2,104.1,104.15,1802.0
2021-06-08 14:21:00,NSE:DCBBANK,104.2,104.25,104.1,104.25,1866.0
2021-06-08 14:22:00,NSE:DCBBANK,104.25,104.3,104.1,104.3,819.0
2021-06-08 14:23:00,NSE:DCBBANK,104.25,104.3,104.2,104.2,668.0
2021-06-08 14:24:00,NSE:DCBBANK,104.2,104.3,104.15,104.2,451.0
2021-06-08 14:25:00,NSE:DCBBANK,104.15,104.3,104.1,104.1,16300.0
2021-06-08 14:26:00,NSE:DCBBANK,104.15,104.2,104.1,104.15,11731.0
2021-06-08 14:27:00,NSE:DCBBANK,104.15,104.2,104.1,104.1,485.0
2021-06-08 14:28:00,NSE:DCBBANK,104.2,104.3,104.1,104.3,2250.0
2021-06-08 14:29:00,NSE:DCBBANK,104.3,104.4,104.25,104.3,12031.0
2021-06-08 14:30:00,NSE:DCBBANK,104.25,104.25,104.1,104.1,2215.0
2021-06-08 14:31:00,NSE:DCBBANK,104.1,104.15,104.1,104.1,8621.0
2021-06-08 14:32:00,NSE:DCBBANK,104.1,104.15,104.1,104.1,1000.0
2021-06-08 14:33:00,NSE:DCBBANK,104.15,104.2,104.1,104.15,659.0
2021-06-08 14:34:00,NSE:DCBBANK,104.2,104.2,104.0,104.05,5253.0
2021-06-08 14:35:00,NSE:DCBBANK,104.0,104.15,104.0,104.15,1202.0
2021-06-08 14:36:00,NSE:DCBBANK,104.15,104.2,104.15,104.15,1821.0
2021-06-08 14:37:00,NSE:DCBBANK,104.15,104.25,104.15,104.15,3819.0
2021-06-08 14:38:00,NSE:DCBBANK,104.2,104.3,104.15,104.2,840.0
2021-06-08 14:39:00,NSE:DCBBANK,104.3,104.4,104.25,104.3,1626.0
2021-06-08 14:40:00,NSE:DCBBANK,104.35,104.4,104.2,104.2,1217.0
2021-06-08 14:41:00,NSE:DCBBANK,104.25,104.55,104.25,104.5,18756.0
2021-06-08 14:42:00,NSE:DCBBANK,104.45,104.5,104.15,104.15,9625.0
2021-06-08 14:43:00,NSE:DCBBANK,104.15,104.3,103.9,104.3,22788.0
2021-06-08 14:44:00,NSE:DCBBANK,104.25,104.25,104.05,104.1,1791.0
2021-06-08 14:45:00,NSE:DCBBANK,104.1,104.3,104.1,104.25,3503.0
2021-06-08 14:46:00,NSE:DCBBANK,104.25,104.3,104.25,104.25,616.0
2021-06-08 14:47:00,NSE:DCBBANK,104.3,104.35,104.15,104.2,1605.0
2021-06-08 14:48:00,NSE:DCBBANK,104.15,104.25,104.15,104.15,873.0
2021-06-08 14:49:00,NSE:DCBBANK,104.3,104.3,104.15,104.15,2808.0
2021-06-08 14:50:00,NSE:DCBBANK,104.15,104.3,104.15,104.3,5915.0
2021-06-08 14:51:00,NSE:DCBBANK,104.15,104.35,104.15,104.2,1600.0
2021-06-08 14:52:00,NSE:DCBBANK,104.3,104.3,104.2,104.25,431.0
2021-06-08 14:53:00,NSE:DCBBANK,104.25,104.3,104.25,104.3,2810.0
2021-06-08 14:54:00,NSE:DCBBANK,104.25,104.3,104.2,104.25,3666.0
2021-06-08 14:55:00,NSE:DCBBANK,104.25,104.3,104.25,104.25,3070.0
2021-06-08 14:56:00,NSE:DCBBANK,104.25,104.35,104.2,104.35,4365.0
2021-06-08 14:57:00,NSE:DCBBANK,104.2,104.35,104.2,104.25,4214.0
2021-06-08 14:58:00,NSE:DCBBANK,104.25,104.3,104.2,104.2,3173.0
2021-06-08 14:59:00,NSE:DCBBANK,104.3,104.3,104.15,104.25,2838.0
2021-06-08 15:00:00,NSE:DCBBANK,104.2,104.25,104.2,104.2,433.0
2021-06-08 15:01:00,NSE:DCBBANK,104.2,104.3,104.2,104.3,823.0
2021-06-08 15:02:00,NSE:DCBBANK,104.25,104.3,104.25,104.3,505.0
2021-06-08 15:03:00,NSE:DCBBANK,104.25,104.35,104.2,104.3,2233.0
2021-06-08 15:04:00,NSE:DCBBANK,104.2,104.25,104.2,104.2,855.0
2021-06-08 15:05:00,NSE:DCBBANK,104.2,104.2,104.15,104.2,3178.0
2021-06-08 15:06:00,NSE:DCBBANK,104.15,104.15,104.0,104.0,39921.0
2021-06-08 15:07:00,NSE:DCBBANK,104.05,104.05,103.85,104.0,11182.0
2021-06-08 15:08:00,NSE:DCBBANK,104.0,104.0,103.9,103.9,1523.0
2021-06-08 15:09:00,NSE:DCBBANK,103.9,103.95,103.6,103.85,38173.0
2021-06-08 15:10:00,NSE:DCBBANK,103.75,103.85,103.7,103.7,26201.0
2021-06-08 15:11:00,NSE:DCBBANK,103.75,103.85,103.7,103.75,6764.0
2021-06-08 15:12:00,NSE:DCBBANK,103.85,103.85,103.8,103.85,2460.0
2021-06-08 15:13:00,NSE:DCBBANK,103.85,103.9,103.85,103.85,505.0
2021-06-08 15:14:00,NSE:DCBBANK,103.95,103.95,103.85,103.9,4953.0
2021-06-08 15:15:00,NSE:DCBBANK,103.9,104.15,103.9,103.95,18159.0
2021-06-08 15:16:00,NSE:DCBBANK,103.95,104.15,103.9,104.15,9450.0
2021-06-08 15:17:00,NSE:DCBBANK,103.95,104.05,103.9,103.9,15074.0
2021-06-08 15:18:00,NSE:DCBBANK,103.9,104.15,103.9,104.05,26051.0
2021-06-08 15:19:00,NSE:DCBBANK,104.2,104.2,104.1,104.2,2905.0
2021-06-08 15:20:00,NSE:DCBBANK,104.2,104.3,104.1,104.25,6162.0
2021-06-08 15:21:00,NSE:DCBBANK,104.35,104.35,104.2,104.2,10047.0
2021-06-08 15:22:00,NSE:DCBBANK,104.2,104.3,104.2,104.25,1094.0
2021-06-08 15:23:00,NSE:DCBBANK,104.25,104.25,104.15,104.2,4745.0
2021-06-08 15:24:00,NSE:DCBBANK,104.25,104.3,104.2,104.3,2453.0
2021-06-08 15:25:00,NSE:DCBBANK,104.25,104.3,104.2,104.25,10102.0
2021-06-08 15:26:00,NSE:DCBBANK,104.3,104.35,104.25,104.25,10145.0
2021-06-08 15:27:00,NSE:DCBBANK,104.35,104.35,104.25,104.35,14884.0
2021-06-08 15:28:00,NSE:DCBBANK,104.25,104.4,104.25,104.3,3155.0
2021-06-08 15:29:00,NSE:DCBBANK,104.3,104.65,104.25,104.6,10097.0
2021-06-08 15:30:00,NSE:DCBBANK,104.6,104.6,104.6,104.6,250.0
2021-06-08 15:48:00,NSE:DCBBANK,104.05,104.05,104.05,104.05,500.0
2021-06-09 09:07:00,NSE:DCBBANK,104.1,104.1,104.1,104.1,2424.0
2021-06-09 09:15:00,NSE:DCBBANK,104.2,105.0,104.2,104.5,17591.0
2021-06-09 09:16:00,NSE:DCBBANK,104.5,104.7,104.45,104.55,5692.0
2021-06-09 09:17:00,NSE:DCBBANK,104.6,104.65,104.45,104.45,4433.0
2021-06-09 09:18:00,NSE:DCBBANK,104.5,104.75,104.5,104.5,16495.0
2021-06-09 09:19:00,NSE:DCBBANK,104.45,104.5,104.4,104.4,4582.0
2021-06-09 09:20:00,NSE:DCBBANK,104.4,104.5,104.3,104.35,7401.0
2021-06-09 09:21:00,NSE:DCBBANK,104.4,104.45,104.35,104.4,1951.0
2021-06-09 09:22:00,NSE:DCBBANK,104.3,104.3,103.9,103.9,25596.0
2021-06-09 09:23:00,NSE:DCBBANK,103.85,104.0,103.7,104.0,5612.0
2021-06-09 09:24:00,NSE:DCBBANK,104.1,104.15,104.0,104.1,5416.0
2021-06-09 09:25:00,NSE:DCBBANK,104.1,104.1,104.05,104.05,4768.0
2021-06-09 09:26:00,NSE:DCBBANK,104.1,104.25,104.1,104.25,1750.0
2021-06-09 09:27:00,NSE:DCBBANK,104.2,104.3,104.1,104.25,3329.0
2021-06-09 09:28:00,NSE:DCBBANK,104.3,104.55,104.25,104.5,2279.0
2021-06-09 09:29:00,NSE:DCBBANK,104.55,104.6,104.5,104.55,2070.0
2021-06-09 09:30:00,NSE:DCBBANK,104.6,104.65,104.6,104.6,13590.0
2021-06-09 09:31:00,NSE:DCBBANK,104.65,104.95,104.55,104.7,11917.0
2021-06-09 09:32:00,NSE:DCBBANK,104.75,104.75,104.5,104.5,5264.0
2021-06-09 09:33:00,NSE:DCBBANK,104.5,104.6,104.5,104.6,1029.0
2021-06-09 09:34:00,NSE:DCBBANK,104.65,104.85,104.65,104.75,11596.0
2021-06-09 09:35:00,NSE:DCBBANK,104.75,104.95,104.65,104.75,16614.0
2021-06-09 09:36:00,NSE:DCBBANK,104.7,104.8,104.7,104.7,4607.0
2021-06-09 09:37:00,NSE:DCBBANK,104.65,104.75,104.6,104.75,743.0
2021-06-09 09:38:00,NSE:DCBBANK,104.65,104.75,104.65,104.65,389.0
2021-06-09 09:39:00,NSE:DCBBANK,104.7,104.8,104.65,104.8,6171.0
2021-06-09 09:40:00,NSE:DCBBANK,104.65,104.75,104.55,104.6,9242.0
2021-06-09 09:41:00,NSE:DCBBANK,104.55,104.75,104.55,104.65,1976.0
2021-06-09 09:42:00,NSE:DCBBANK,104.65,104.7,104.25,104.4,16697.0
2021-06-09 09:43:00,NSE:DCBBANK,104.4,104.5,104.4,104.45,6337.0
2021-06-09 09:44:00,NSE:DCBBANK,104.45,104.45,104.3,104.3,4704.0
2021-06-09 09:45:00,NSE:DCBBANK,104.45,104.55,104.4,104.5,3055.0
2021-06-09 09:46:00,NSE:DCBBANK,104.55,104.6,104.4,104.55,1181.0
2021-06-09 09:47:00,NSE:DCBBANK,104.5,104.55,104.4,104.45,9124.0
2021-06-09 09:48:00,NSE:DCBBANK,104.4,104.5,104.35,104.4,7198.0
2021-06-09 09:49:00,NSE:DCBBANK,104.45,104.5,104.4,104.5,1772.0
2021-06-09 09:50:00,NSE:DCBBANK,104.45,104.55,104.45,104.5,2489.0
2021-06-09 09:51:00,NSE:DCBBANK,104.45,104.5,104.4,104.4,4849.0
2021-06-09 09:52:00,NSE:DCBBANK,104.4,104.45,104.3,104.35,2257.0
2021-06-09 09:53:00,NSE:DCBBANK,104.35,104.35,104.1,104.2,10486.0
2021-06-09 09:54:00,NSE:DCBBANK,104.25,104.45,104.2,104.45,6450.0
2021-06-09 09:55:00,NSE:DCBBANK,104.3,104.4,104.3,104.4,370.0
2021-06-09 09:56:00,NSE:DCBBANK,104.3,104.5,104.3,104.45,5719.0
2021-06-09 09:57:00,NSE:DCBBANK,104.45,104.5,104.4,104.4,1537.0
2021-06-09 09:58:00,NSE:DCBBANK,104.45,104.5,104.45,104.45,759.0
2021-06-09 09:59:00,NSE:DCBBANK,104.55,104.55,104.5,104.5,1346.0
2021-06-09 10:00:00,NSE:DCBBANK,104.5,104.55,104.4,104.5,2272.0
2021-06-09 10:01:00,NSE:DCBBANK,104.4,104.5,104.4,104.4,793.0
2021-06-09 10:02:00,NSE:DCBBANK,104.4,104.45,104.35,104.35,1439.0
2021-06-09 10:03:00,NSE:DCBBANK,104.35,104.55,104.35,104.45,2004.0
2021-06-09 10:04:00,NSE:DCBBANK,104.45,104.45,104.3,104.35,7507.0
2021-06-09 10:05:00,NSE:DCBBANK,104.35,104.5,104.35,104.45,553.0
2021-06-09 10:06:00,NSE:DCBBANK,104.35,104.5,104.35,104.45,413.0
2021-06-09 10:07:00,NSE:DCBBANK,104.45,104.5,104.3,104.3,7941.0
2021-06-09 10:08:00,NSE:DCBBANK,104.3,104.35,104.2,104.35,4626.0
2021-06-09 10:09:00,NSE:DCBBANK,104.3,104.35,104.25,104.3,2579.0
2021-06-09 10:10:00,NSE:DCBBANK,104.25,104.35,104.25,104.25,628.0
2021-06-09 10:11:00,NSE:DCBBANK,104.25,104.3,104.25,104.25,2490.0
2021-06-09 10:12:00,NSE:DCBBANK,104.25,104.35,104.15,104.2,10428.0
2021-06-09 10:13:00,NSE:DCBBANK,104.2,104.3,104.2,104.3,1391.0
2021-06-09 10:14:00,NSE:DCBBANK,104.2,104.3,104.2,104.2,1170.0
2021-06-09 10:15:00,NSE:DCBBANK,104.25,104.3,104.25,104.25,695.0
2021-06-09 10:16:00,NSE:DCBBANK,104.3,104.3,104.25,104.25,565.0
2021-06-09 10:17:00,NSE:DCBBANK,104.25,104.4,104.25,104.4,401.0
2021-06-09 10:18:00,NSE:DCBBANK,104.4,104.5,104.4,104.5,12918.0
2021-06-09 10:19:00,NSE:DCBBANK,104.4,104.5,104.4,104.4,9677.0
2021-06-09 10:20:00,NSE:DCBBANK,104.4,104.65,104.4,104.45,10971.0
2021-06-09 10:21:00,NSE:DCBBANK,104.45,104.45,104.3,104.3,22091.0
2021-06-09 10:22:00,NSE:DCBBANK,104.45,104.45,104.25,104.4,4446.0
2021-06-09 10:23:00,NSE:DCBBANK,104.3,104.45,104.3,104.35,986.0
2021-06-09 10:24:00,NSE:DCBBANK,104.3,104.5,104.3,104.45,385.0
2021-06-09 10:25:00,NSE:DCBBANK,104.35,104.35,104.3,104.3,500.0
2021-06-09 10:26:00,NSE:DCBBANK,104.45,104.45,104.3,104.3,393.0
2021-06-09 10:27:00,NSE:DCBBANK,104.45,104.45,104.3,104.3,515.0
2021-06-09 10:28:00,NSE:DCBBANK,104.35,104.45,104.35,104.45,70.0
2021-06-09 10:29:00,NSE:DCBBANK,104.45,104.45,104.35,104.35,1074.0
2021-06-09 10:30:00,NSE:DCBBANK,104.35,104.35,104.3,104.35,1310.0
2021-06-09 10:31:00,NSE:DCBBANK,104.3,104.45,104.3,104.45,1272.0
2021-06-09 10:32:00,NSE:DCBBANK,104.3,104.45,104.3,104.45,1211.0
2021-06-09 10:33:00,NSE:DCBBANK,104.3,104.45,104.3,104.35,1480.0
2021-06-09 10:34:00,NSE:DCBBANK,104.35,104.5,104.35,104.5,1304.0
2021-06-09 10:35:00,NSE:DCBBANK,104.5,104.5,104.4,104.4,1346.0
2021-06-09 10:36:00,NSE:DCBBANK,104.4,104.45,104.4,104.45,625.0
2021-06-09 10:37:00,NSE:DCBBANK,104.4,104.45,104.4,104.45,20.0
2021-06-09 10:38:00,NSE:DCBBANK,104.5,104.5,104.4,104.5,1276.0
2021-06-09 10:39:00,NSE:DCBBANK,104.4,104.55,104.4,104.5,2219.0
2021-06-09 10:40:00,NSE:DCBBANK,104.55,104.6,104.5,104.5,1527.0
2021-06-09 10:41:00,NSE:DCBBANK,104.5,104.6,104.5,104.5,246.0
2021-06-09 10:42:00,NSE:DCBBANK,104.5,104.55,104.5,104.55,575.0
2021-06-09 10:43:00,NSE:DCBBANK,104.6,104.6,104.5,104.5,4486.0
2021-06-09 10:44:00,NSE:DCBBANK,104.5,104.55,104.35,104.35,6052.0
2021-06-09 10:45:00,NSE:DCBBANK,104.45,104.45,104.35,104.45,906.0
2021-06-09 10:46:00,NSE:DCBBANK,104.45,104.45,104.35,104.35,220.0
2021-06-09 10:47:00,NSE:DCBBANK,104.4,104.45,104.35,104.35,5093.0
2021-06-09 10:48:00,NSE:DCBBANK,104.35,104.5,104.35,104.5,713.0
2021-06-09 10:49:00,NSE:DCBBANK,104.5,104.55,104.4,104.55,2579.0
2021-06-09 10:50:00,NSE:DCBBANK,104.6,104.65,104.5,104.5,2696.0
2021-06-09 10:51:00,NSE:DCBBANK,104.6,104.6,104.6,104.6,150.0
2021-06-09 10:52:00,NSE:DCBBANK,104.6,104.6,104.5,104.5,1011.0
2021-06-09 10:53:00,NSE:DCBBANK,104.6,104.6,104.6,104.6,701.0
2021-06-09 10:54:00,NSE:DCBBANK,104.55,104.65,104.55,104.65,5334.0
2021-06-09 10:55:00,NSE:DCBBANK,104.65,104.7,104.55,104.55,2685.0
2021-06-09 10:56:00,NSE:DCBBANK,104.6,104.8,104.6,104.6,5942.0
2021-06-09 10:57:00,NSE:DCBBANK,104.6,104.7,104.6,104.65,401.0
2021-06-09 10:58:00,NSE:DCBBANK,104.65,104.75,104.55,104.55,2371.0
2021-06-09 10:59:00,NSE:DCBBANK,104.7,104.75,104.6,104.6,1960.0
2021-06-09 11:00:00,NSE:DCBBANK,104.6,104.65,104.6,104.65,511.0
2021-06-09 11:01:00,NSE:DCBBANK,104.6,104.75,104.6,104.6,4443.0
2021-06-09 11:02:00,NSE:DCBBANK,104.6,104.75,104.6,104.6,509.0
2021-06-09 11:03:00,NSE:DCBBANK,104.65,104.75,104.65,104.65,1711.0
2021-06-09 11:04:00,NSE:DCBBANK,104.65,104.65,104.65,104.65,100.0
2021-06-09 11:05:00,NSE:DCBBANK,104.7,104.75,104.7,104.75,3206.0
2021-06-09 11:06:00,NSE:DCBBANK,104.65,104.75,104.65,104.75,1301.0
2021-06-09 11:07:00,NSE:DCBBANK,104.6,104.7,104.6,104.7,7558.0
2021-06-09 11:08:00,NSE:DCBBANK,104.7,104.7,104.6,104.6,181.0
2021-06-09 11:09:00,NSE:DCBBANK,104.7,104.75,104.6,104.65,2396.0
2021-06-09 11:10:00,NSE:DCBBANK,104.6,104.7,104.6,104.7,595.0
2021-06-09 11:11:00,NSE:DCBBANK,104.7,104.7,104.65,104.65,186.0
2021-06-09 11:12:00,NSE:DCBBANK,104.7,104.7,104.6,104.6,375.0
2021-06-09 11:13:00,NSE:DCBBANK,104.7,104.7,104.7,104.7,400.0
2021-06-09 11:14:00,NSE:DCBBANK,104.6,104.7,104.6,104.6,1720.0
2021-06-09 11:15:00,NSE:DCBBANK,104.7,104.7,104.7,104.7,10.0
2021-06-09 11:16:00,NSE:DCBBANK,104.7,104.75,104.7,104.7,1551.0
2021-06-09 11:17:00,NSE:DCBBANK,104.75,104.75,104.7,104.75,205.0
2021-06-09 11:18:00,NSE:DCBBANK,104.8,105.15,104.8,104.95,48989.0
2021-06-09 11:19:00,NSE:DCBBANK,105.0,105.3,105.0,105.3,11340.0
2021-06-09 11:20:00,NSE:DCBBANK,105.35,105.5,105.1,105.5,5759.0
2021-06-09 11:21:00,NSE:DCBBANK,105.45,105.5,105.3,105.35,10843.0
2021-06-09 11:22:00,NSE:DCBBANK,105.4,105.45,105.25,105.35,3538.0
2021-06-09 11:23:00,NSE:DCBBANK,105.35,105.4,105.2,105.4,4815.0
2021-06-09 11:24:00,NSE:DCBBANK,105.2,105.3,105.15,105.15,2058.0
2021-06-09 11:25:00,NSE:DCBBANK,105.2,105.25,105.1,105.25,3535.0
2021-06-09 11:26:00,NSE:DCBBANK,105.2,105.4,105.2,105.4,4693.0
2021-06-09 11:27:00,NSE:DCBBANK,105.4,105.75,105.25,105.7,31540.0
2021-06-09 11:28:00,NSE:DCBBANK,105.65,105.7,105.3,105.4,7772.0
2021-06-09 11:29:00,NSE:DCBBANK,105.4,105.55,105.3,105.4,5573.0
2021-06-09 11:30:00,NSE:DCBBANK,105.25,105.4,105.1,105.25,2168.0
2021-06-09 11:31:00,NSE:DCBBANK,105.15,105.25,105.1,105.15,3245.0
2021-06-09 11:32:00,NSE:DCBBANK,105.05,105.4,105.0,105.4,11464.0
2021-06-09 11:33:00,NSE:DCBBANK,105.25,105.35,105.25,105.35,2321.0
2021-06-09 11:34:00,NSE:DCBBANK,105.3,105.4,105.1,105.25,26483.0
2021-06-09 11:35:00,NSE:DCBBANK,105.2,105.3,105.15,105.3,944.0
2021-06-09 11:36:00,NSE:DCBBANK,105.3,105.3,105.15,105.3,1125.0
2021-06-09 11:37:00,NSE:DCBBANK,105.1,105.1,104.9,104.9,10539.0
2021-06-09 11:38:00,NSE:DCBBANK,104.8,104.95,104.8,104.8,3022.0
2021-06-09 11:39:00,NSE:DCBBANK,104.8,104.85,104.45,104.8,35601.0
2021-06-09 11:40:00,NSE:DCBBANK,104.9,104.9,104.75,104.9,818.0
2021-06-09 11:41:00,NSE:DCBBANK,104.95,104.95,104.95,104.95,2604.0
2021-06-09 11:42:00,NSE:DCBBANK,104.85,104.9,104.75,104.9,865.0
2021-06-09 11:43:00,NSE:DCBBANK,104.9,104.9,104.9,104.9,1429.0
2021-06-09 11:44:00,NSE:DCBBANK,104.8,104.9,104.8,104.8,1364.0
2021-06-09 11:45:00,NSE:DCBBANK,104.75,104.85,104.75,104.85,4454.0
2021-06-09 11:46:00,NSE:DCBBANK,104.9,104.9,104.7,104.85,2610.0
2021-06-09 11:47:00,NSE:DCBBANK,104.85,104.85,104.75,104.85,159.0
2021-06-09 11:48:00,NSE:DCBBANK,104.75,104.85,104.75,104.85,62.0
2021-06-09 11:49:00,NSE:DCBBANK,104.85,104.85,104.75,104.85,1196.0
2021-06-09 11:50:00,NSE:DCBBANK,104.85,104.85,104.85,104.85,1345.0
2021-06-09 11:51:00,NSE:DCBBANK,104.85,104.85,104.85,104.85,712.0
2021-06-09 11:52:00,NSE:DCBBANK,104.75,104.85,104.7,104.8,1975.0
2021-06-09 11:53:00,NSE:DCBBANK,104.7,104.85,104.7,104.85,1499.0
2021-06-09 11:54:00,NSE:DCBBANK,104.85,104.85,104.7,104.7,17.0
2021-06-09 11:55:00,NSE:DCBBANK,104.85,104.85,104.75,104.75,185.0
2021-06-09 11:56:00,NSE:DCBBANK,104.85,104.85,104.75,104.75,919.0
2021-06-09 11:57:00,NSE:DCBBANK,104.75,104.9,104.75,104.9,7935.0
2021-06-09 11:58:00,NSE:DCBBANK,104.9,104.9,104.75,104.75,205.0
2021-06-09 11:59:00,NSE:DCBBANK,104.85,104.9,104.75,104.75,503.0
2021-06-09 12:00:00,NSE:DCBBANK,104.9,104.9,104.85,104.85,143.0
2021-06-09 12:01:00,NSE:DCBBANK,104.8,104.9,104.8,104.9,3546.0
2021-06-09 12:02:00,NSE:DCBBANK,104.9,104.9,104.85,104.85,510.0
2021-06-09 12:03:00,NSE:DCBBANK,104.85,104.9,104.8,104.9,811.0
2021-06-09 12:04:00,NSE:DCBBANK,104.9,104.9,104.75,104.9,290.0
2021-06-09 12:05:00,NSE:DCBBANK,104.75,104.9,104.75,104.9,141.0
2021-06-09 12:06:00,NSE:DCBBANK,104.9,104.9,104.75,104.9,1748.0
2021-06-09 12:07:00,NSE:DCBBANK,104.9,104.9,104.75,104.9,1650.0
2021-06-09 12:08:00,NSE:DCBBANK,104.9,104.9,104.75,104.85,249.0
2021-06-09 12:09:00,NSE:DCBBANK,104.85,104.9,104.8,104.9,2843.0
2021-06-09 12:10:00,NSE:DCBBANK,104.75,104.9,104.75,104.9,917.0
2021-06-09 12:11:00,NSE:DCBBANK,105.0,105.0,104.9,104.95,7562.0
2021-06-09 12:12:00,NSE:DCBBANK,104.9,104.9,104.8,104.8,631.0
2021-06-09 12:13:00,NSE:DCBBANK,104.9,104.9,104.85,104.9,1198.0
2021-06-09 12:14:00,NSE:DCBBANK,104.9,104.9,104.9,104.9,55.0
2021-06-09 12:15:00,NSE:DCBBANK,104.9,104.9,104.75,104.8,829.0
2021-06-09 12:16:00,NSE:DCBBANK,104.75,104.85,104.75,104.75,5429.0
2021-06-09 12:17:00,NSE:DCBBANK,104.75,104.8,104.7,104.8,562.0
2021-06-09 12:18:00,NSE:DCBBANK,104.8,104.8,104.7,104.8,339.0
2021-06-09 12:19:00,NSE:DCBBANK,104.75,104.8,104.7,104.75,448.0
2021-06-09 12:20:00,NSE:DCBBANK,104.75,104.85,104.7,104.85,2557.0
2021-06-09 12:21:00,NSE:DCBBANK,104.9,104.9,104.7,104.7,4100.0
2021-06-09 12:22:00,NSE:DCBBANK,104.85,104.9,104.75,104.75,663.0
2021-06-09 12:23:00,NSE:DCBBANK,104.75,104.75,104.75,104.75,260.0
2021-06-09 12:24:00,NSE:DCBBANK,104.75,104.9,104.75,104.75,372.0
2021-06-09 12:25:00,NSE:DCBBANK,104.75,104.9,104.75,104.85,459.0
2021-06-09 12:26:00,NSE:DCBBANK,104.9,104.95,104.8,104.95,2099.0
2021-06-09 12:27:00,NSE:DCBBANK,104.95,104.95,104.8,104.9,345.0
2021-06-09 12:28:00,NSE:DCBBANK,104.8,104.9,104.8,104.9,893.0
2021-06-09 12:29:00,NSE:DCBBANK,104.9,104.9,104.8,104.9,1056.0
2021-06-09 12:30:00,NSE:DCBBANK,104.9,104.95,104.9,104.9,960.0
2021-06-09 12:31:00,NSE:DCBBANK,104.8,104.95,104.8,104.95,73.0
2021-06-09 12:32:00,NSE:DCBBANK,104.95,104.95,104.9,104.95,1446.0
2021-06-09 12:33:00,NSE:DCBBANK,104.9,104.95,104.8,104.9,1277.0
2021-06-09 12:34:00,NSE:DCBBANK,104.8,104.95,104.8,104.85,466.0
2021-06-09 12:35:00,NSE:DCBBANK,104.9,104.9,104.85,104.85,312.0
2021-06-09 12:36:00,NSE:DCBBANK,104.85,105.1,104.8,105.1,10106.0
2021-06-09 12:37:00,NSE:DCBBANK,105.1,105.1,105.1,105.1,62.0
2021-06-09 12:38:00,NSE:DCBBANK,105.1,105.1,105.0,105.1,604.0
2021-06-09 12:39:00,NSE:DCBBANK,105.05,105.1,105.0,105.1,462.0
2021-06-09 12:40:00,NSE:DCBBANK,105.1,105.1,105.0,105.1,461.0
2021-06-09 12:41:00,NSE:DCBBANK,105.0,105.05,105.0,105.05,212.0
2021-06-09 12:42:00,NSE:DCBBANK,105.05,105.1,105.0,105.1,2785.0
2021-06-09 12:43:00,NSE:DCBBANK,105.0,105.1,105.0,105.1,3403.0
2021-06-09 12:44:00,NSE:DCBBANK,105.1,105.1,105.0,105.0,1501.0
2021-06-09 12:45:00,NSE:DCBBANK,105.1,105.1,105.0,105.1,905.0
2021-06-09 12:46:00,NSE:DCBBANK,105.0,105.1,104.95,105.0,486.0
2021-06-09 12:47:00,NSE:DCBBANK,105.0,105.0,104.9,104.9,998.0
2021-06-09 12:48:00,NSE:DCBBANK,104.9,104.95,104.85,104.95,714.0
2021-06-09 12:49:00,NSE:DCBBANK,105.0,105.0,104.9,104.9,79.0
2021-06-09 12:50:00,NSE:DCBBANK,105.0,105.0,105.0,105.0,711.0
2021-06-09 12:51:00,NSE:DCBBANK,104.9,105.0,104.9,105.0,508.0
2021-06-09 12:52:00,NSE:DCBBANK,105.0,105.0,104.9,105.0,570.0
2021-06-09 12:53:00,NSE:DCBBANK,104.9,105.0,104.9,104.95,690.0
2021-06-09 12:54:00,NSE:DCBBANK,104.9,104.95,104.85,104.85,4602.0
2021-06-09 12:55:00,NSE:DCBBANK,104.9,104.9,104.85,104.85,3216.0
2021-06-09 12:56:00,NSE:DCBBANK,104.85,104.85,104.75,104.85,2113.0
2021-06-09 12:57:00,NSE:DCBBANK,104.85,104.85,104.75,104.85,143.0
2021-06-09 12:58:00,NSE:DCBBANK,104.75,104.9,104.75,104.9,615.0
2021-06-09 12:59:00,NSE:DCBBANK,104.8,104.9,104.75,104.9,254.0
2021-06-09 13:00:00,NSE:DCBBANK,104.75,104.9,104.75,104.85,1694.0
2021-06-09 13:01:00,NSE:DCBBANK,104.85,104.85,104.85,104.85,102.0
2021-06-09 13:02:00,NSE:DCBBANK,104.9,104.9,104.8,104.8,2520.0
2021-06-09 13:03:00,NSE:DCBBANK,104.75,104.8,104.75,104.8,4.0
2021-06-09 13:04:00,NSE:DCBBANK,104.75,104.75,104.75,104.75,1738.0
2021-06-09 13:05:00,NSE:DCBBANK,104.75,104.75,104.7,104.7,684.0
2021-06-09 13:06:00,NSE:DCBBANK,104.75,104.75,104.6,104.7,16148.0
2021-06-09 13:07:00,NSE:DCBBANK,104.6,104.6,104.6,104.6,1753.0
2021-06-09 13:08:00,NSE:DCBBANK,104.6,104.6,104.6,104.6,5817.0
2021-06-09 13:09:00,NSE:DCBBANK,104.6,104.6,104.6,104.6,993.0
2021-06-09 13:10:00,NSE:DCBBANK,104.6,104.6,104.5,104.5,6268.0
2021-06-09 13:11:00,NSE:DCBBANK,104.6,104.6,104.0,104.05,24547.0
2021-06-09 13:12:00,NSE:DCBBANK,104.05,104.1,104.0,104.0,7249.0
2021-06-09 13:13:00,NSE:DCBBANK,104.0,104.05,104.0,104.0,12837.0
2021-06-09 13:14:00,NSE:DCBBANK,103.85,103.95,103.8,103.85,10616.0
2021-06-09 13:15:00,NSE:DCBBANK,103.75,103.9,103.75,103.8,7623.0
2021-06-09 13:16:00,NSE:DCBBANK,103.75,103.95,103.75,103.75,3938.0
2021-06-09 13:17:00,NSE:DCBBANK,103.8,103.9,103.75,103.8,3382.0
2021-06-09 13:18:00,NSE:DCBBANK,103.95,104.0,103.8,103.85,3555.0
2021-06-09 13:19:00,NSE:DCBBANK,104.0,104.0,103.85,103.9,1903.0
2021-06-09 13:20:00,NSE:DCBBANK,104.0,104.15,103.95,104.0,11748.0
2021-06-09 13:21:00,NSE:DCBBANK,104.05,104.25,104.05,104.25,5756.0
2021-06-09 13:22:00,NSE:DCBBANK,104.1,104.25,104.0,104.2,2765.0
2021-06-09 13:23:00,NSE:DCBBANK,104.0,104.2,104.0,104.2,527.0
2021-06-09 13:24:00,NSE:DCBBANK,104.05,104.2,104.0,104.2,2382.0
2021-06-09 13:25:00,NSE:DCBBANK,104.2,104.2,104.05,104.05,197.0
2021-06-09 13:26:00,NSE:DCBBANK,104.05,104.05,104.0,104.0,1816.0
2021-06-09 13:27:00,NSE:DCBBANK,104.0,104.0,104.0,104.0,752.0
2021-06-09 13:28:00,NSE:DCBBANK,104.05,104.2,104.0,104.2,2790.0
2021-06-09 13:29:00,NSE:DCBBANK,104.15,104.15,104.05,104.1,446.0
2021-06-09 13:30:00,NSE:DCBBANK,104.15,104.15,104.05,104.05,1709.0
2021-06-09 13:31:00,NSE:DCBBANK,104.05,104.15,104.05,104.1,356.0
2021-06-09 13:32:00,NSE:DCBBANK,104.15,104.2,104.05,104.05,3037.0
2021-06-09 13:33:00,NSE:DCBBANK,104.05,104.05,104.05,104.05,2820.0
2021-06-09 13:34:00,NSE:DCBBANK,104.15,104.15,104.0,104.0,1210.0
2021-06-09 13:35:00,NSE:DCBBANK,104.0,104.0,104.0,104.0,90.0
2021-06-09 13:36:00,NSE:DCBBANK,104.1,104.1,104.0,104.0,9429.0
2021-06-09 13:37:00,NSE:DCBBANK,104.05,104.05,104.0,104.0,1794.0
2021-06-09 13:38:00,NSE:DCBBANK,104.0,104.1,104.0,104.0,1229.0
2021-06-09 13:39:00,NSE:DCBBANK,104.0,104.0,104.0,104.0,300.0
2021-06-09 13:40:00,NSE:DCBBANK,104.1,104.2,103.85,103.85,16534.0
2021-06-09 13:41:00,NSE:DCBBANK,103.85,103.85,103.8,103.8,2088.0
2021-06-09 13:42:00,NSE:DCBBANK,104.05,104.05,103.95,103.95,2937.0
2021-06-09 13:43:00,NSE:DCBBANK,104.0,104.15,104.0,104.0,3851.0
2021-06-09 13:44:00,NSE:DCBBANK,104.15,104.15,104.0,104.0,449.0
2021-06-09 13:45:00,NSE:DCBBANK,104.15,104.15,104.1,104.1,650.0
2021-06-09 13:46:00,NSE:DCBBANK,104.0,104.1,104.0,104.05,2930.0
2021-06-09 13:47:00,NSE:DCBBANK,104.05,104.05,104.05,104.05,6350.0
2021-06-09 13:48:00,NSE:DCBBANK,103.9,104.0,103.9,104.0,1843.0
2021-06-09 13:49:00,NSE:DCBBANK,103.9,103.9,103.9,103.9,100.0
2021-06-09 13:50:00,NSE:DCBBANK,103.75,104.05,103.75,104.05,4754.0
2021-06-09 13:51:00,NSE:DCBBANK,103.95,104.0,103.85,104.0,561.0
2021-06-09 13:52:00,NSE:DCBBANK,104.0,104.0,104.0,104.0,160.0
2021-06-09 13:53:00,NSE:DCBBANK,103.95,103.95,103.85,103.85,286.0
2021-06-09 13:54:00,NSE:DCBBANK,103.8,103.85,103.75,103.85,13750.0
2021-06-09 13:55:00,NSE:DCBBANK,103.95,103.95,103.85,103.85,240.0
2021-06-09 13:56:00,NSE:DCBBANK,103.85,104.0,103.85,104.0,307.0
2021-06-09 13:57:00,NSE:DCBBANK,104.0,104.0,103.8,103.8,4077.0
2021-06-09 13:58:00,NSE:DCBBANK,103.75,103.75,103.6,103.6,17154.0
2021-06-09 13:59:00,NSE:DCBBANK,103.5,103.6,103.45,103.6,11626.0
2021-06-09 14:00:00,NSE:DCBBANK,103.6,103.7,103.6,103.7,445.0
2021-06-09 14:01:00,NSE:DCBBANK,103.7,103.7,103.65,103.7,1559.0
2021-06-09 14:02:00,NSE:DCBBANK,103.7,103.8,103.7,103.8,807.0
2021-06-09 14:03:00,NSE:DCBBANK,103.8,103.8,103.7,103.75,1221.0
2021-06-09 14:04:00,NSE:DCBBANK,103.75,103.8,103.7,103.7,1175.0
2021-06-09 14:05:00,NSE:DCBBANK,103.65,103.65,103.6,103.6,1557.0
2021-06-09 14:06:00,NSE:DCBBANK,103.55,103.8,103.55,103.8,858.0
2021-06-09 14:07:00,NSE:DCBBANK,103.8,103.8,103.8,103.8,307.0
2021-06-09 14:08:00,NSE:DCBBANK,103.8,103.85,103.8,103.8,247.0
2021-06-09 14:09:00,NSE:DCBBANK,103.85,103.9,103.85,103.9,535.0
2021-06-09 14:10:00,NSE:DCBBANK,103.9,103.95,103.9,103.9,1844.0
2021-06-09 14:11:00,NSE:DCBBANK,103.85,103.85,103.85,103.85,44.0
2021-06-09 14:12:00,NSE:DCBBANK,103.95,103.95,103.8,103.8,893.0
2021-06-09 14:13:00,NSE:DCBBANK,103.9,103.9,103.75,103.85,1532.0
2021-06-09 14:14:00,NSE:DCBBANK,103.85,103.9,103.85,103.9,111.0
2021-06-09 14:15:00,NSE:DCBBANK,103.85,103.85,103.7,103.8,5128.0
2021-06-09 14:16:00,NSE:DCBBANK,103.8,103.8,103.7,103.8,1302.0
2021-06-09 14:17:00,NSE:DCBBANK,103.8,103.8,103.6,103.6,4332.0
2021-06-09 14:18:00,NSE:DCBBANK,103.75,103.75,103.6,103.75,2264.0
2021-06-09 14:19:00,NSE:DCBBANK,103.8,103.8,103.55,103.7,2491.0
2021-06-09 14:20:00,NSE:DCBBANK,103.7,103.75,103.6,103.75,1069.0
2021-06-09 14:21:00,NSE:DCBBANK,103.75,103.8,103.75,103.8,376.0
2021-06-09 14:22:00,NSE:DCBBANK,103.8,103.8,103.65,103.8,1051.0
2021-06-09 14:23:00,NSE:DCBBANK,103.75,103.75,103.6,103.6,908.0
2021-06-09 14:24:00,NSE:DCBBANK,103.65,103.65,103.2,103.3,15219.0
2021-06-09 14:25:00,NSE:DCBBANK,103.1,103.4,103.0,103.25,14850.0
2021-06-09 14:26:00,NSE:DCBBANK,103.3,103.45,103.25,103.3,2263.0
2021-06-09 14:27:00,NSE:DCBBANK,103.4,103.4,103.3,103.3,93.0
2021-06-09 14:28:00,NSE:DCBBANK,103.4,103.55,103.4,103.45,621.0
2021-06-09 14:29:00,NSE:DCBBANK,103.4,103.45,103.35,103.45,2039.0
2021-06-09 14:30:00,NSE:DCBBANK,103.45,103.45,103.3,103.45,667.0
2021-06-09 14:31:00,NSE:DCBBANK,103.4,103.4,103.15,103.15,6765.0
2021-06-09 14:32:00,NSE:DCBBANK,103.3,103.3,102.8,102.85,28596.0
2021-06-09 14:33:00,NSE:DCBBANK,102.75,103.0,102.6,102.9,7405.0
2021-06-09 14:34:00,NSE:DCBBANK,102.9,103.05,102.85,103.05,2019.0
2021-06-09 14:35:00,NSE:DCBBANK,103.0,103.2,102.9,103.1,8126.0
2021-06-09 14:36:00,NSE:DCBBANK,103.0,103.05,102.85,102.85,14664.0
2021-06-09 14:37:00,NSE:DCBBANK,102.95,103.15,102.8,103.0,7737.0
2021-06-09 14:38:00,NSE:DCBBANK,102.85,103.2,102.85,103.05,2032.0
2021-06-09 14:39:00,NSE:DCBBANK,103.0,103.05,103.0,103.0,3355.0
2021-06-09 14:40:00,NSE:DCBBANK,103.1,103.1,102.8,102.8,8756.0
2021-06-09 14:41:00,NSE:DCBBANK,102.9,103.0,102.75,102.75,4428.0
2021-06-09 14:42:00,NSE:DCBBANK,102.9,102.95,102.8,102.8,2017.0
2021-06-09 14:43:00,NSE:DCBBANK,102.7,102.7,102.3,102.6,14472.0
2021-06-09 14:44:00,NSE:DCBBANK,102.65,102.65,102.1,102.1,10335.0
2021-06-09 14:45:00,NSE:DCBBANK,102.05,102.25,101.85,101.85,18709.0
2021-06-09 14:46:00,NSE:DCBBANK,101.85,101.95,101.6,101.6,6807.0
2021-06-09 14:47:00,NSE:DCBBANK,101.65,101.85,101.65,101.75,5294.0
2021-06-09 14:48:00,NSE:DCBBANK,101.75,101.8,101.6,101.65,10319.0
2021-06-09 14:49:00,NSE:DCBBANK,101.7,102.0,101.65,101.8,10666.0
2021-06-09 14:50:00,NSE:DCBBANK,101.9,102.15,101.8,102.0,7453.0
2021-06-09 14:51:00,NSE:DCBBANK,102.1,102.35,102.05,102.3,6307.0
2021-06-09 14:52:00,NSE:DCBBANK,102.3,102.3,102.1,102.15,6364.0
2021-06-09 14:53:00,NSE:DCBBANK,102.15,102.25,102.15,102.25,1868.0
2021-06-09 14:54:00,NSE:DCBBANK,102.25,102.45,102.25,102.3,820.0
2021-06-09 14:55:00,NSE:DCBBANK,102.4,102.45,102.15,102.25,2792.0
2021-06-09 14:56:00,NSE:DCBBANK,102.25,102.25,101.9,102.0,25394.0
2021-06-09 14:57:00,NSE:DCBBANK,102.0,102.1,102.0,102.0,2724.0
2021-06-09 14:58:00,NSE:DCBBANK,102.0,102.1,102.0,102.1,1411.0
2021-06-09 14:59:00,NSE:DCBBANK,102.0,102.1,102.0,102.1,4024.0
2021-06-09 15:00:00,NSE:DCBBANK,102.1,102.1,102.0,102.0,10142.0
2021-06-09 15:01:00,NSE:DCBBANK,102.1,102.1,101.95,101.95,11077.0
2021-06-09 15:02:00,NSE:DCBBANK,102.1,102.1,101.9,102.05,3878.0
2021-06-09 15:03:00,NSE:DCBBANK,102.15,102.3,102.05,102.05,4029.0
2021-06-09 15:04:00,NSE:DCBBANK,102.1,102.15,101.8,101.9,18528.0
2021-06-09 15:05:00,NSE:DCBBANK,101.9,101.9,101.85,101.9,1334.0
2021-06-09 15:06:00,NSE:DCBBANK,101.9,102.5,101.85,102.25,22765.0
2021-06-09 15:07:00,NSE:DCBBANK,102.25,102.35,102.15,102.3,3469.0
2021-06-09 15:08:00,NSE:DCBBANK,102.4,102.4,102.3,102.3,2100.0
2021-06-09 15:09:00,NSE:DCBBANK,102.3,102.3,102.2,102.2,1662.0
2021-06-09 15:10:00,NSE:DCBBANK,102.2,102.3,102.2,102.3,2330.0
2021-06-09 15:11:00,NSE:DCBBANK,102.2,102.45,102.2,102.45,8403.0
2021-06-09 15:12:00,NSE:DCBBANK,102.4,102.6,102.4,102.6,3315.0
2021-06-09 15:13:00,NSE:DCBBANK,102.6,102.6,102.4,102.45,7196.0
2021-06-09 15:14:00,NSE:DCBBANK,102.4,102.55,102.4,102.45,4543.0
2021-06-09 15:15:00,NSE:DCBBANK,102.5,102.55,102.45,102.5,4037.0
2021-06-09 15:16:00,NSE:DCBBANK,102.55,102.65,102.5,102.65,2588.0
2021-06-09 15:17:00,NSE:DCBBANK,102.5,102.65,102.5,102.6,5292.0
2021-06-09 15:18:00,NSE:DCBBANK,102.5,102.6,102.45,102.5,6992.0
2021-06-09 15:19:00,NSE:DCBBANK,102.5,102.5,102.3,102.35,6603.0
2021-06-09 15:20:00,NSE:DCBBANK,102.35,102.6,102.35,102.5,13346.0
2021-06-09 15:21:00,NSE:DCBBANK,102.45,102.5,102.3,102.4,10047.0
2021-06-09 15:22:00,NSE:DCBBANK,102.4,102.4,102.3,102.35,1793.0
2021-06-09 15:23:00,NSE:DCBBANK,102.35,102.35,102.3,102.3,4143.0
2021-06-09 15:24:00,NSE:DCBBANK,102.35,102.4,102.3,102.3,5478.0
2021-06-09 15:25:00,NSE:DCBBANK,102.35,102.5,102.3,102.5,9341.0
2021-06-09 15:26:00,NSE:DCBBANK,102.4,102.55,102.4,102.55,4052.0
2021-06-09 15:27:00,NSE:DCBBANK,102.5,102.6,102.35,102.35,6950.0
2021-06-09 15:28:00,NSE:DCBBANK,102.35,102.55,102.35,102.35,6163.0
2021-06-09 15:29:00,NSE:DCBBANK,102.55,102.6,102.4,102.45,5628.0
2021-06-09 15:30:00,NSE:DCBBANK,102.4,102.4,102.4,102.4,84.0
2021-06-09 15:40:00,NSE:DCBBANK,102.3,102.3,102.3,102.3,100.0
2021-06-10 09:07:00,NSE:DCBBANK,102.45,102.45,102.45,102.45,1341.0
2021-06-10 09:15:00,NSE:DCBBANK,102.45,103.6,102.4,103.45,10488.0
2021-06-10 09:16:00,NSE:DCBBANK,103.3,103.35,103.1,103.15,5881.0
2021-06-10 09:17:00,NSE:DCBBANK,103.25,103.4,103.25,103.3,2171.0
2021-06-10 09:18:00,NSE:DCBBANK,103.35,103.4,103.25,103.3,7380.0
2021-06-10 09:19:00,NSE:DCBBANK,103.35,103.65,103.35,103.45,19251.0
2021-06-10 09:20:00,NSE:DCBBANK,103.45,103.55,103.3,103.4,16420.0
2021-06-10 09:21:00,NSE:DCBBANK,103.4,103.4,103.2,103.2,7392.0
2021-06-10 09:22:00,NSE:DCBBANK,103.15,103.2,103.05,103.05,12374.0
2021-06-10 09:23:00,NSE:DCBBANK,103.05,103.25,103.05,103.25,4677.0
2021-06-10 09:24:00,NSE:DCBBANK,103.25,103.25,103.15,103.15,3461.0
2021-06-10 09:25:00,NSE:DCBBANK,103.25,103.35,103.2,103.2,3924.0
2021-06-10 09:26:00,NSE:DCBBANK,103.35,103.35,103.2,103.2,269.0
2021-06-10 09:27:00,NSE:DCBBANK,103.2,103.2,102.3,102.4,44483.0
2021-06-10 09:28:00,NSE:DCBBANK,102.5,102.5,102.5,102.5,245.0
2021-06-10 09:29:00,NSE:DCBBANK,102.7,102.9,102.65,102.75,3629.0
2021-06-10 09:30:00,NSE:DCBBANK,102.85,103.0,102.85,103.0,6339.0
2021-06-10 09:31:00,NSE:DCBBANK,102.85,103.05,102.85,103.05,1149.0
2021-06-10 09:32:00,NSE:DCBBANK,103.15,103.3,103.1,103.25,1790.0
2021-06-10 09:33:00,NSE:DCBBANK,103.2,103.3,103.15,103.25,10337.0
2021-06-10 09:34:00,NSE:DCBBANK,103.25,103.25,103.1,103.1,504.0
2021-06-10 09:35:00,NSE:DCBBANK,103.1,103.35,103.1,103.35,5808.0
2021-06-10 09:36:00,NSE:DCBBANK,103.3,103.35,103.25,103.3,747.0
2021-06-10 09:37:00,NSE:DCBBANK,103.25,103.25,103.0,103.1,5027.0
2021-06-10 09:38:00,NSE:DCBBANK,103.0,103.1,102.85,102.95,9436.0
2021-06-10 09:39:00,NSE:DCBBANK,102.95,103.2,102.95,103.2,3887.0
2021-06-10 09:40:00,NSE:DCBBANK,103.2,103.35,103.2,103.2,740.0
2021-06-10 09:41:00,NSE:DCBBANK,103.2,103.2,103.1,103.1,1403.0
2021-06-10 09:42:00,NSE:DCBBANK,103.1,103.25,103.1,103.15,227.0
2021-06-10 09:43:00,NSE:DCBBANK,103.15,103.25,103.0,103.1,4100.0
2021-06-10 09:44:00,NSE:DCBBANK,103.0,103.1,103.0,103.1,884.0
2021-06-10 09:45:00,NSE:DCBBANK,103.0,103.1,103.0,103.1,1429.0
2021-06-10 09:46:00,NSE:DCBBANK,103.1,103.1,103.0,103.1,1981.0
2021-06-10 09:47:00,NSE:DCBBANK,103.0,103.2,102.95,103.2,14473.0
2021-06-10 09:48:00,NSE:DCBBANK,103.1,103.25,103.1,103.25,225.0
2021-06-10 09:49:00,NSE:DCBBANK,103.25,103.25,102.9,103.0,4751.0
2021-06-10 09:50:00,NSE:DCBBANK,103.0,103.0,102.9,102.9,3815.0
2021-06-10 09:51:00,NSE:DCBBANK,103.0,103.0,102.85,102.9,1927.0
2021-06-10 09:52:00,NSE:DCBBANK,103.0,103.1,102.95,102.95,1754.0
2021-06-10 09:53:00,NSE:DCBBANK,103.0,103.05,102.9,102.9,440.0
2021-06-10 09:54:00,NSE:DCBBANK,102.9,103.0,102.85,102.9,611.0
2021-06-10 09:55:00,NSE:DCBBANK,102.9,103.05,102.85,102.9,397.0
2021-06-10 09:56:00,NSE:DCBBANK,102.9,103.05,102.9,103.05,43.0
2021-06-10 09:57:00,NSE:DCBBANK,102.95,103.05,102.85,102.85,574.0
2021-06-10 09:58:00,NSE:DCBBANK,102.85,103.05,102.85,103.05,4946.0
2021-06-10 09:59:00,NSE:DCBBANK,103.0,103.0,102.95,102.95,2261.0
2021-06-10 10:00:00,NSE:DCBBANK,102.95,103.05,102.95,103.05,5215.0
2021-06-10 10:01:00,NSE:DCBBANK,102.95,103.15,102.95,103.05,5771.0
2021-06-10 10:02:00,NSE:DCBBANK,103.05,103.15,103.05,103.15,1036.0
2021-06-10 10:03:00,NSE:DCBBANK,103.05,103.15,103.0,103.0,449.0
2021-06-10 10:04:00,NSE:DCBBANK,103.0,103.1,103.0,103.1,1615.0
2021-06-10 10:05:00,NSE:DCBBANK,103.0,103.15,103.0,103.1,6623.0
2021-06-10 10:06:00,NSE:DCBBANK,103.1,103.25,103.1,103.15,103.0
2021-06-10 10:07:00,NSE:DCBBANK,103.15,103.4,103.15,103.15,3505.0
2021-06-10 10:08:00,NSE:DCBBANK,103.2,103.2,103.05,103.05,960.0
2021-06-10 10:09:00,NSE:DCBBANK,103.0,103.15,103.0,103.15,725.0
2021-06-10 10:10:00,NSE:DCBBANK,103.0,103.15,103.0,103.1,2580.0
2021-06-10 10:11:00,NSE:DCBBANK,103.05,103.1,103.0,103.0,167.0
2021-06-10 10:12:00,NSE:DCBBANK,103.0,103.1,103.0,103.1,319.0
2021-06-10 10:13:00,NSE:DCBBANK,103.1,103.1,103.05,103.05,285.0
2021-06-10 10:14:00,NSE:DCBBANK,103.05,103.2,103.05,103.2,3207.0
2021-06-10 10:15:00,NSE:DCBBANK,103.1,103.4,103.1,103.35,2145.0
2021-06-10 10:16:00,NSE:DCBBANK,103.35,103.4,103.3,103.4,4854.0
2021-06-10 10:17:00,NSE:DCBBANK,103.35,103.45,103.3,103.3,432.0
2021-06-10 10:18:00,NSE:DCBBANK,103.3,103.35,103.3,103.3,318.0
2021-06-10 10:19:00,NSE:DCBBANK,103.3,103.35,103.25,103.25,396.0
2021-06-10 10:20:00,NSE:DCBBANK,103.25,103.25,103.2,103.25,545.0
2021-06-10 10:21:00,NSE:DCBBANK,103.2,103.2,103.15,103.15,4150.0
2021-06-10 10:22:00,NSE:DCBBANK,103.15,103.15,103.05,103.05,3213.0
2021-06-10 10:23:00,NSE:DCBBANK,103.05,103.2,103.05,103.2,1256.0
2021-06-10 10:24:00,NSE:DCBBANK,103.15,103.15,103.1,103.15,177.0
2021-06-10 10:25:00,NSE:DCBBANK,103.15,103.4,103.15,103.25,4063.0
2021-06-10 10:26:00,NSE:DCBBANK,103.25,103.25,103.2,103.2,2172.0
2021-06-10 10:27:00,NSE:DCBBANK,103.2,103.4,103.15,103.15,2569.0
2021-06-10 10:28:00,NSE:DCBBANK,103.15,103.35,103.15,103.35,5375.0
2021-06-10 10:29:00,NSE:DCBBANK,103.2,103.35,103.2,103.35,1009.0
2021-06-10 10:30:00,NSE:DCBBANK,103.35,103.35,103.2,103.2,593.0
2021-06-10 10:31:00,NSE:DCBBANK,103.15,103.15,103.15,103.15,541.0
2021-06-10 10:32:00,NSE:DCBBANK,103.1,103.15,103.1,103.1,1532.0
2021-06-10 10:33:00,NSE:DCBBANK,103.2,103.25,103.2,103.25,853.0
2021-06-10 10:34:00,NSE:DCBBANK,103.35,103.35,103.35,103.35,71.0
2021-06-10 10:35:00,NSE:DCBBANK,103.3,103.3,103.25,103.25,99.0
2021-06-10 10:36:00,NSE:DCBBANK,103.3,103.3,103.3,103.3,30.0
2021-06-10 10:37:00,NSE:DCBBANK,103.3,103.3,103.3,103.3,950.0
2021-06-10 10:38:00,NSE:DCBBANK,103.35,103.35,103.25,103.3,95.0
2021-06-10 10:39:00,NSE:DCBBANK,103.25,103.3,103.25,103.3,903.0
2021-06-10 10:40:00,NSE:DCBBANK,103.3,103.3,103.3,103.3,25.0
2021-06-10 10:42:00,NSE:DCBBANK,103.2,103.4,103.2,103.4,3688.0
2021-06-10 10:43:00,NSE:DCBBANK,103.4,103.4,103.4,103.4,54.0
2021-06-10 10:44:00,NSE:DCBBANK,103.5,103.5,103.5,103.5,3408.0
2021-06-10 10:45:00,NSE:DCBBANK,103.5,103.5,103.4,103.4,120.0
2021-06-10 10:46:00,NSE:DCBBANK,103.4,103.4,103.4,103.4,51.0
2021-06-10 10:48:00,NSE:DCBBANK,103.5,103.55,103.5,103.55,1500.0
2021-06-10 10:49:00,NSE:DCBBANK,103.4,103.5,103.4,103.5,12.0
2021-06-10 10:50:00,NSE:DCBBANK,103.4,103.5,103.4,103.4,546.0
2021-06-10 10:51:00,NSE:DCBBANK,103.45,103.45,103.35,103.35,290.0
2021-06-10 10:52:00,NSE:DCBBANK,103.35,103.35,103.35,103.35,20.0
2021-06-10 10:53:00,NSE:DCBBANK,103.4,103.4,103.35,103.35,240.0
2021-06-10 10:54:00,NSE:DCBBANK,103.4,103.4,103.3,103.3,350.0
2021-06-10 10:55:00,NSE:DCBBANK,103.3,103.3,103.25,103.25,662.0
2021-06-10 10:56:00,NSE:DCBBANK,103.3,103.3,103.25,103.3,517.0
2021-06-10 10:57:00,NSE:DCBBANK,103.3,103.3,103.3,103.3,542.0
2021-06-10 10:58:00,NSE:DCBBANK,103.3,103.3,103.25,103.25,382.0
2021-06-10 10:59:00,NSE:DCBBANK,103.25,103.3,103.2,103.25,3048.0
2021-06-10 11:00:00,NSE:DCBBANK,103.25,103.25,103.2,103.2,356.0
2021-06-10 11:01:00,NSE:DCBBANK,103.2,103.2,103.15,103.2,203.0
2021-06-10 11:02:00,NSE:DCBBANK,103.4,103.45,103.35,103.4,9952.0
2021-06-10 11:03:00,NSE:DCBBANK,103.4,103.4,103.3,103.4,561.0
2021-06-10 11:04:00,NSE:DCBBANK,103.35,103.4,103.35,103.4,1336.0
2021-06-10 11:05:00,NSE:DCBBANK,103.3,103.35,103.25,103.25,353.0
2021-06-10 11:06:00,NSE:DCBBANK,103.35,103.35,103.2,103.2,115.0
2021-06-10 11:07:00,NSE:DCBBANK,103.2,103.2,103.2,103.2,911.0
2021-06-10 11:08:00,NSE:DCBBANK,103.15,103.2,103.1,103.15,1441.0
2021-06-10 11:09:00,NSE:DCBBANK,103.15,103.15,103.15,103.15,50.0
2021-06-10 11:10:00,NSE:DCBBANK,103.15,103.15,103.15,103.15,202.0
2021-06-10 11:11:00,NSE:DCBBANK,103.15,103.15,103.0,103.0,1416.0
2021-06-10 11:12:00,NSE:DCBBANK,103.0,103.05,103.0,103.05,657.0
2021-06-10 11:13:00,NSE:DCBBANK,103.05,103.05,103.05,103.05,1261.0
2021-06-10 11:14:00,NSE:DCBBANK,103.05,103.05,103.0,103.0,327.0
2021-06-10 11:15:00,NSE:DCBBANK,103.0,103.25,103.0,103.25,1181.0
2021-06-10 11:16:00,NSE:DCBBANK,103.25,103.3,103.2,103.3,9806.0
2021-06-10 11:17:00,NSE:DCBBANK,103.3,103.3,103.2,103.3,527.0
2021-06-10 11:18:00,NSE:DCBBANK,103.1,103.25,103.1,103.2,2220.0
2021-06-10 11:19:00,NSE:DCBBANK,103.15,103.15,103.15,103.15,5.0
2021-06-10 11:20:00,NSE:DCBBANK,103.15,103.25,103.15,103.25,276.0
2021-06-10 11:21:00,NSE:DCBBANK,103.25,103.25,103.15,103.25,4225.0
2021-06-10 11:22:00,NSE:DCBBANK,103.25,103.25,103.15,103.15,223.0
2021-06-10 11:23:00,NSE:DCBBANK,103.2,103.2,103.1,103.15,218.0
2021-06-10 11:25:00,NSE:DCBBANK,103.05,103.15,103.05,103.15,286.0
2021-06-10 11:26:00,NSE:DCBBANK,103.1,103.1,103.05,103.1,1428.0
2021-06-10 11:27:00,NSE:DCBBANK,103.05,103.1,103.05,103.1,401.0
2021-06-10 11:28:00,NSE:DCBBANK,103.1,103.1,103.05,103.05,41.0
2021-06-10 11:29:00,NSE:DCBBANK,103.1,103.1,103.05,103.05,1401.0
2021-06-10 11:30:00,NSE:DCBBANK,103.1,103.1,103.05,103.05,3809.0
2021-06-10 11:31:00,NSE:DCBBANK,103.05,103.05,103.05,103.05,1470.0
2021-06-10 11:32:00,NSE:DCBBANK,103.0,103.05,103.0,103.05,95.0
2021-06-10 11:33:00,NSE:DCBBANK,103.0,103.05,103.0,103.05,2645.0
2021-06-10 11:34:00,NSE:DCBBANK,103.0,103.05,103.0,103.0,1326.0
2021-06-10 11:35:00,NSE:DCBBANK,103.05,103.05,103.0,103.05,217.0
2021-06-10 11:36:00,NSE:DCBBANK,103.05,103.05,103.05,103.05,2221.0
2021-06-10 11:37:00,NSE:DCBBANK,103.0,103.15,103.0,103.05,1935.0
2021-06-10 11:38:00,NSE:DCBBANK,103.2,103.25,103.2,103.25,311.0
2021-06-10 11:39:00,NSE:DCBBANK,103.2,103.2,103.15,103.15,297.0
2021-06-10 11:40:00,NSE:DCBBANK,103.15,103.15,103.15,103.15,27.0
2021-06-10 11:41:00,NSE:DCBBANK,103.15,103.25,103.15,103.25,714.0
2021-06-10 11:42:00,NSE:DCBBANK,103.2,103.2,103.2,103.2,1.0
2021-06-10 11:43:00,NSE:DCBBANK,103.25,103.25,103.25,103.25,102.0
2021-06-10 11:44:00,NSE:DCBBANK,103.25,103.4,103.2,103.4,1955.0
2021-06-10 11:45:00,NSE:DCBBANK,103.45,103.45,103.45,103.45,110.0
2021-06-10 11:46:00,NSE:DCBBANK,103.4,103.4,103.35,103.35,1771.0
2021-06-10 11:47:00,NSE:DCBBANK,103.45,103.45,103.35,103.35,160.0
2021-06-10 11:48:00,NSE:DCBBANK,103.45,103.5,103.35,103.5,6346.0
2021-06-10 11:49:00,NSE:DCBBANK,103.5,103.5,103.4,103.4,2066.0
2021-06-10 11:50:00,NSE:DCBBANK,103.4,103.5,103.4,103.5,1388.0
2021-06-10 11:51:00,NSE:DCBBANK,103.4,103.4,103.4,103.4,163.0
2021-06-10 11:52:00,NSE:DCBBANK,103.4,103.4,103.4,103.4,100.0
2021-06-10 11:53:00,NSE:DCBBANK,103.45,103.45,103.45,103.45,21.0
2021-06-10 11:54:00,NSE:DCBBANK,103.45,103.45,103.45,103.45,319.0
2021-06-10 11:55:00,NSE:DCBBANK,103.45,103.45,103.35,103.35,1476.0
2021-06-10 11:56:00,NSE:DCBBANK,103.4,103.4,103.35,103.35,117.0
2021-06-10 11:57:00,NSE:DCBBANK,103.4,103.4,103.35,103.35,222.0
2021-06-10 11:58:00,NSE:DCBBANK,103.45,103.5,103.45,103.5,7443.0
2021-06-10 11:59:00,NSE:DCBBANK,103.5,103.5,103.5,103.5,350.0
2021-06-10 12:00:00,NSE:DCBBANK,103.5,103.6,103.5,103.6,3886.0
2021-06-10 12:01:00,NSE:DCBBANK,103.55,103.55,103.5,103.5,32.0
2021-06-10 12:02:00,NSE:DCBBANK,103.5,103.7,103.5,103.55,2999.0
2021-06-10 12:03:00,NSE:DCBBANK,103.55,103.65,103.55,103.65,4270.0
2021-06-10 12:04:00,NSE:DCBBANK,103.6,103.9,103.6,103.7,10458.0
2021-06-10 12:05:00,NSE:DCBBANK,103.8,103.8,103.6,103.6,1535.0
2021-06-10 12:06:00,NSE:DCBBANK,103.55,103.65,103.55,103.55,425.0
2021-06-10 12:07:00,NSE:DCBBANK,103.7,103.7,103.7,103.7,100.0
2021-06-10 12:08:00,NSE:DCBBANK,103.55,103.7,103.55,103.7,250.0
2021-06-10 12:09:00,NSE:DCBBANK,103.55,103.55,103.55,103.55,809.0
2021-06-10 12:10:00,NSE:DCBBANK,103.55,103.65,103.55,103.65,400.0
2021-06-10 12:11:00,NSE:DCBBANK,103.55,103.65,103.55,103.65,411.0
2021-06-10 12:12:00,NSE:DCBBANK,103.55,103.65,103.55,103.65,239.0
2021-06-10 12:13:00,NSE:DCBBANK,103.65,103.65,103.6,103.6,1496.0
2021-06-10 12:14:00,NSE:DCBBANK,103.6,103.6,103.6,103.6,247.0
2021-06-10 12:15:00,NSE:DCBBANK,103.6,103.7,103.6,103.7,2817.0
2021-06-10 12:16:00,NSE:DCBBANK,103.65,103.75,103.65,103.7,356.0
2021-06-10 12:17:00,NSE:DCBBANK,103.6,103.7,103.6,103.65,346.0
2021-06-10 12:18:00,NSE:DCBBANK,103.65,103.65,103.6,103.6,3195.0
2021-06-10 12:19:00,NSE:DCBBANK,103.6,103.65,103.6,103.65,2681.0
2021-06-10 12:20:00,NSE:DCBBANK,103.65,103.7,103.65,103.7,3212.0
2021-06-10 12:21:00,NSE:DCBBANK,103.7,103.7,103.65,103.7,460.0
2021-06-10 12:22:00,NSE:DCBBANK,103.6,103.6,103.55,103.55,3871.0
2021-06-10 12:23:00,NSE:DCBBANK,103.65,103.65,103.55,103.65,1665.0
2021-06-10 12:24:00,NSE:DCBBANK,103.55,103.55,103.45,103.45,2818.0
2021-06-10 12:25:00,NSE:DCBBANK,103.45,103.5,103.45,103.45,165.0
2021-06-10 12:26:00,NSE:DCBBANK,103.5,103.5,103.5,103.5,300.0
2021-06-10 12:27:00,NSE:DCBBANK,103.5,103.5,103.4,103.4,1649.0
2021-06-10 12:29:00,NSE:DCBBANK,103.5,103.5,103.45,103.45,5802.0
2021-06-10 12:30:00,NSE:DCBBANK,103.6,103.6,103.4,103.55,805.0
2021-06-10 12:31:00,NSE:DCBBANK,103.35,103.35,103.35,103.35,1250.0
2021-06-10 12:32:00,NSE:DCBBANK,103.35,103.35,103.35,103.35,100.0
2021-06-10 12:33:00,NSE:DCBBANK,103.35,103.45,103.35,103.45,32.0
2021-06-10 12:34:00,NSE:DCBBANK,103.45,103.45,103.25,103.35,4510.0
2021-06-10 12:35:00,NSE:DCBBANK,103.35,103.35,103.35,103.35,250.0
2021-06-10 12:36:00,NSE:DCBBANK,103.35,103.45,103.35,103.45,670.0
2021-06-10 12:37:00,NSE:DCBBANK,103.4,103.4,103.35,103.35,505.0
2021-06-10 12:38:00,NSE:DCBBANK,103.35,103.35,103.35,103.35,201.0
2021-06-10 12:39:00,NSE:DCBBANK,103.5,103.55,103.5,103.55,3152.0
2021-06-10 12:40:00,NSE:DCBBANK,103.55,103.65,103.55,103.65,1468.0
2021-06-10 12:41:00,NSE:DCBBANK,103.65,103.65,103.6,103.6,699.0
2021-06-10 12:43:00,NSE:DCBBANK,103.5,103.5,103.2,103.2,7754.0
2021-06-10 12:44:00,NSE:DCBBANK,103.15,103.15,103.05,103.1,2414.0
2021-06-10 12:45:00,NSE:DCBBANK,103.15,103.15,103.1,103.1,1814.0
2021-06-10 12:46:00,NSE:DCBBANK,103.05,103.2,103.05,103.2,491.0
2021-06-10 12:47:00,NSE:DCBBANK,103.2,103.25,103.2,103.25,1494.0
2021-06-10 12:48:00,NSE:DCBBANK,103.3,103.35,103.2,103.35,447.0
2021-06-10 12:51:00,NSE:DCBBANK,103.35,103.35,103.35,103.35,67.0
2021-06-10 12:52:00,NSE:DCBBANK,103.2,103.2,103.2,103.2,185.0
2021-06-10 12:53:00,NSE:DCBBANK,103.15,103.3,103.15,103.15,790.0
2021-06-10 12:54:00,NSE:DCBBANK,103.15,103.15,103.15,103.15,287.0
2021-06-10 12:55:00,NSE:DCBBANK,103.1,103.25,103.1,103.25,2296.0
2021-06-10 12:56:00,NSE:DCBBANK,103.25,103.3,103.15,103.15,226.0
2021-06-10 12:57:00,NSE:DCBBANK,103.15,103.25,103.15,103.25,158.0
2021-06-10 12:58:00,NSE:DCBBANK,103.25,103.25,103.25,103.25,117.0
2021-06-10 12:59:00,NSE:DCBBANK,103.2,103.3,103.2,103.2,2600.0
2021-06-10 13:00:00,NSE:DCBBANK,103.2,103.3,103.15,103.15,2090.0
2021-06-10 13:01:00,NSE:DCBBANK,103.2,103.2,103.2,103.2,150.0
2021-06-10 13:02:00,NSE:DCBBANK,103.2,103.4,103.2,103.4,975.0
2021-06-10 13:03:00,NSE:DCBBANK,103.45,103.6,103.45,103.6,1586.0
2021-06-10 13:04:00,NSE:DCBBANK,103.45,103.55,103.45,103.55,1859.0
2021-06-10 13:05:00,NSE:DCBBANK,103.4,103.55,103.4,103.5,335.0
2021-06-10 13:06:00,NSE:DCBBANK,103.4,103.4,103.35,103.35,325.0
2021-06-10 13:07:00,NSE:DCBBANK,103.35,103.35,103.3,103.3,1085.0
2021-06-10 13:08:00,NSE:DCBBANK,103.4,103.4,103.4,103.4,100.0
2021-06-10 13:09:00,NSE:DCBBANK,103.35,103.4,103.2,103.2,1351.0
2021-06-10 13:10:00,NSE:DCBBANK,103.25,103.4,103.25,103.4,50.0
2021-06-10 13:11:00,NSE:DCBBANK,103.45,103.45,103.2,103.2,1632.0
2021-06-10 13:12:00,NSE:DCBBANK,103.35,103.4,103.25,103.25,357.0
2021-06-10 13:13:00,NSE:DCBBANK,103.25,103.5,103.25,103.5,2020.0
2021-06-10 13:14:00,NSE:DCBBANK,103.45,103.45,103.35,103.35,260.0
2021-06-10 13:15:00,NSE:DCBBANK,103.45,103.5,103.35,103.5,377.0
2021-06-10 13:16:00,NSE:DCBBANK,103.5,103.5,103.35,103.35,2308.0
2021-06-10 13:17:00,NSE:DCBBANK,103.5,103.5,103.3,103.3,1100.0
2021-06-10 13:18:00,NSE:DCBBANK,103.3,103.45,103.3,103.45,301.0
2021-06-10 13:19:00,NSE:DCBBANK,103.4,103.4,103.3,103.3,152.0
2021-06-10 13:20:00,NSE:DCBBANK,103.5,103.5,103.35,103.35,1464.0
2021-06-10 13:21:00,NSE:DCBBANK,103.55,103.7,103.5,103.7,3252.0
2021-06-10 13:22:00,NSE:DCBBANK,103.55,103.75,103.55,103.75,1647.0
2021-06-10 13:23:00,NSE:DCBBANK,103.75,103.75,103.6,103.6,1158.0
2021-06-10 13:24:00,NSE:DCBBANK,103.75,103.75,103.6,103.6,1550.0
2021-06-10 13:25:00,NSE:DCBBANK,103.7,103.7,103.6,103.7,52.0
2021-06-10 13:26:00,NSE:DCBBANK,103.7,103.7,103.5,103.5,2428.0
2021-06-10 13:27:00,NSE:DCBBANK,103.55,103.55,103.55,103.55,320.0
2021-06-10 13:28:00,NSE:DCBBANK,103.55,103.55,103.55,103.55,1590.0
2021-06-10 13:29:00,NSE:DCBBANK,103.55,103.55,103.5,103.5,540.0
2021-06-10 13:30:00,NSE:DCBBANK,103.55,103.55,103.5,103.55,67.0
2021-06-10 13:31:00,NSE:DCBBANK,103.5,103.5,103.4,103.5,342.0
2021-06-10 13:32:00,NSE:DCBBANK,103.5,103.5,103.5,103.5,541.0
2021-06-10 13:33:00,NSE:DCBBANK,103.5,103.5,103.5,103.5,25.0
2021-06-10 13:34:00,NSE:DCBBANK,103.55,103.55,103.45,103.45,721.0
2021-06-10 13:35:00,NSE:DCBBANK,103.45,103.45,103.4,103.4,300.0
2021-06-10 13:36:00,NSE:DCBBANK,103.55,103.55,103.55,103.55,100.0
2021-06-10 13:37:00,NSE:DCBBANK,103.4,103.6,103.4,103.6,5587.0
2021-06-10 13:38:00,NSE:DCBBANK,103.55,103.55,103.55,103.55,390.0
2021-06-10 13:39:00,NSE:DCBBANK,103.5,103.6,103.5,103.6,851.0
2021-06-10 13:40:00,NSE:DCBBANK,103.6,103.6,103.5,103.5,1124.0
2021-06-10 13:41:00,NSE:DCBBANK,103.6,103.6,103.45,103.55,1149.0
2021-06-10 13:42:00,NSE:DCBBANK,103.55,103.55,103.4,103.4,1294.0
2021-06-10 13:43:00,NSE:DCBBANK,103.45,103.45,103.45,103.45,10.0
2021-06-10 13:44:00,NSE:DCBBANK,103.45,103.45,103.4,103.4,108.0
2021-06-10 13:45:00,NSE:DCBBANK,103.45,103.5,103.45,103.5,1130.0
2021-06-10 13:46:00,NSE:DCBBANK,103.5,103.55,103.5,103.5,3354.0
2021-06-10 13:47:00,NSE:DCBBANK,103.6,103.6,103.45,103.55,810.0
2021-06-10 13:48:00,NSE:DCBBANK,103.55,103.55,103.55,103.55,186.0
2021-06-10 13:49:00,NSE:DCBBANK,103.6,103.6,103.5,103.5,118.0
2021-06-10 13:50:00,NSE:DCBBANK,103.6,103.6,103.45,103.6,158.0
2021-06-10 13:52:00,NSE:DCBBANK,103.6,103.6,103.6,103.6,1491.0
2021-06-10 13:53:00,NSE:DCBBANK,103.5,103.6,103.5,103.6,151.0
2021-06-10 13:54:00,NSE:DCBBANK,103.6,103.65,103.6,103.65,2201.0
2021-06-10 13:55:00,NSE:DCBBANK,103.65,103.65,103.45,103.45,1090.0
2021-06-10 13:56:00,NSE:DCBBANK,103.4,103.4,103.4,103.4,74.0
2021-06-10 13:57:00,NSE:DCBBANK,103.5,103.5,103.4,103.5,276.0
2021-06-10 13:58:00,NSE:DCBBANK,103.4,103.5,103.4,103.5,556.0
2021-06-10 13:59:00,NSE:DCBBANK,103.45,103.45,103.45,103.45,100.0
2021-06-10 14:00:00,NSE:DCBBANK,103.5,103.6,103.5,103.6,228.0
2021-06-10 14:01:00,NSE:DCBBANK,103.45,103.45,103.45,103.45,530.0
2021-06-10 14:02:00,NSE:DCBBANK,103.4,103.45,103.4,103.45,611.0
2021-06-10 14:03:00,NSE:DCBBANK,103.45,103.45,103.4,103.45,370.0
2021-06-10 14:04:00,NSE:DCBBANK,103.45,103.5,103.45,103.5,350.0
2021-06-10 14:05:00,NSE:DCBBANK,103.6,103.6,103.5,103.6,1110.0
2021-06-10 14:06:00,NSE:DCBBANK,103.5,103.5,103.5,103.5,20.0
2021-06-10 14:07:00,NSE:DCBBANK,103.6,103.65,103.6,103.6,7513.0
2021-06-10 14:08:00,NSE:DCBBANK,103.65,103.7,103.6,103.6,1590.0
2021-06-10 14:09:00,NSE:DCBBANK,103.55,103.6,103.55,103.55,280.0
2021-06-10 14:10:00,NSE:DCBBANK,103.7,103.7,103.55,103.55,981.0
2021-06-10 14:11:00,NSE:DCBBANK,103.55,103.65,103.55,103.65,2180.0
2021-06-10 14:12:00,NSE:DCBBANK,103.65,103.7,103.65,103.65,3752.0
2021-06-10 14:13:00,NSE:DCBBANK,103.75,103.8,103.75,103.8,1554.0
2021-06-10 14:14:00,NSE:DCBBANK,103.7,103.8,103.7,103.8,698.0
2021-06-10 14:15:00,NSE:DCBBANK,103.75,103.8,103.75,103.8,2346.0
2021-06-10 14:16:00,NSE:DCBBANK,103.8,103.8,103.7,103.8,2382.0
2021-06-10 14:17:00,NSE:DCBBANK,103.8,103.8,103.7,103.75,1432.0
2021-06-10 14:18:00,NSE:DCBBANK,103.8,103.9,103.8,103.8,6620.0
2021-06-10 14:19:00,NSE:DCBBANK,103.85,103.85,103.85,103.85,50.0
2021-06-10 14:20:00,NSE:DCBBANK,103.85,103.85,103.8,103.8,2193.0
2021-06-10 14:21:00,NSE:DCBBANK,103.8,103.85,103.8,103.85,1122.0
2021-06-10 14:22:00,NSE:DCBBANK,103.85,103.85,103.6,103.65,14884.0
2021-06-10 14:23:00,NSE:DCBBANK,103.65,103.7,103.65,103.7,2239.0
2021-06-10 14:24:00,NSE:DCBBANK,103.75,103.75,103.65,103.65,2666.0
2021-06-10 14:25:00,NSE:DCBBANK,103.65,103.75,103.6,103.75,621.0
2021-06-10 14:26:00,NSE:DCBBANK,103.75,103.8,103.65,103.65,1056.0
2021-06-10 14:27:00,NSE:DCBBANK,103.85,103.9,103.85,103.9,6647.0
2021-06-10 14:28:00,NSE:DCBBANK,103.9,104.0,103.9,104.0,7720.0
2021-06-10 14:29:00,NSE:DCBBANK,104.0,104.3,104.0,104.1,35617.0
2021-06-10 14:30:00,NSE:DCBBANK,104.15,104.2,104.0,104.05,5774.0
2021-06-10 14:31:00,NSE:DCBBANK,104.05,104.05,103.75,103.85,7959.0
2021-06-10 14:32:00,NSE:DCBBANK,103.85,103.85,103.65,103.65,2188.0
2021-06-10 14:33:00,NSE:DCBBANK,103.75,103.75,103.65,103.65,1752.0
2021-06-10 14:34:00,NSE:DCBBANK,103.7,103.75,103.7,103.7,1038.0
2021-06-10 14:35:00,NSE:DCBBANK,103.7,103.85,103.7,103.85,1242.0
2021-06-10 14:36:00,NSE:DCBBANK,104.0,104.0,103.8,103.95,3001.0
2021-06-10 14:37:00,NSE:DCBBANK,103.8,104.0,103.8,103.85,1455.0
2021-06-10 14:38:00,NSE:DCBBANK,103.85,104.0,103.85,103.95,570.0
2021-06-10 14:39:00,NSE:DCBBANK,103.95,104.05,103.9,104.05,5573.0
2021-06-10 14:40:00,NSE:DCBBANK,104.0,104.25,103.95,104.2,10869.0
2021-06-10 14:41:00,NSE:DCBBANK,104.15,104.15,104.0,104.0,1731.0
2021-06-10 14:42:00,NSE:DCBBANK,104.0,104.0,103.95,104.0,1924.0
2021-06-10 14:43:00,NSE:DCBBANK,103.95,103.95,103.9,103.9,2459.0
2021-06-10 14:44:00,NSE:DCBBANK,103.95,103.95,103.8,103.85,13486.0
2021-06-10 14:45:00,NSE:DCBBANK,103.85,103.85,103.8,103.85,327.0
2021-06-10 14:46:00,NSE:DCBBANK,103.85,103.85,103.8,103.85,2054.0
2021-06-10 14:47:00,NSE:DCBBANK,103.85,103.85,103.8,103.8,809.0
2021-06-10 14:48:00,NSE:DCBBANK,103.85,103.85,103.75,103.8,5664.0
2021-06-10 14:49:00,NSE:DCBBANK,103.8,103.95,103.7,103.95,17203.0
2021-06-10 14:50:00,NSE:DCBBANK,103.95,103.95,103.8,103.95,260.0
2021-06-10 14:51:00,NSE:DCBBANK,103.95,103.95,103.65,103.65,8675.0
2021-06-10 14:52:00,NSE:DCBBANK,103.5,103.6,103.5,103.5,10365.0
2021-06-10 14:53:00,NSE:DCBBANK,103.5,103.55,103.45,103.55,8726.0
2021-06-10 14:54:00,NSE:DCBBANK,103.45,103.6,103.45,103.5,1910.0
2021-06-10 14:55:00,NSE:DCBBANK,103.6,103.65,103.5,103.55,2876.0
2021-06-10 14:56:00,NSE:DCBBANK,103.6,103.75,103.6,103.75,2075.0
2021-06-10 14:57:00,NSE:DCBBANK,103.75,103.75,103.55,103.7,3395.0
2021-06-10 14:58:00,NSE:DCBBANK,103.65,103.7,103.6,103.6,364.0
2021-06-10 14:59:00,NSE:DCBBANK,103.7,103.7,103.55,103.7,5815.0
2021-06-10 15:00:00,NSE:DCBBANK,103.55,103.7,103.45,103.7,5527.0
2021-06-10 15:01:00,NSE:DCBBANK,103.6,103.6,103.6,103.6,236.0
2021-06-10 15:02:00,NSE:DCBBANK,103.6,103.6,103.5,103.6,2072.0
2021-06-10 15:03:00,NSE:DCBBANK,103.6,103.6,103.6,103.6,395.0
2021-06-10 15:04:00,NSE:DCBBANK,103.65,103.7,103.6,103.6,1371.0
2021-06-10 15:05:00,NSE:DCBBANK,103.6,103.7,103.6,103.65,327.0
2021-06-10 15:06:00,NSE:DCBBANK,103.65,103.8,103.65,103.75,3474.0
2021-06-10 15:07:00,NSE:DCBBANK,103.65,103.65,103.45,103.45,14166.0
2021-06-10 15:08:00,NSE:DCBBANK,103.4,103.45,103.4,103.45,2004.0
2021-06-10 15:09:00,NSE:DCBBANK,103.45,103.45,103.3,103.3,8356.0
2021-06-10 15:10:00,NSE:DCBBANK,103.3,103.4,103.25,103.35,805.0
2021-06-10 15:11:00,NSE:DCBBANK,103.4,103.4,103.3,103.3,3677.0
2021-06-10 15:12:00,NSE:DCBBANK,103.4,103.4,103.3,103.3,2325.0
2021-06-10 15:13:00,NSE:DCBBANK,103.3,103.4,103.3,103.4,260.0
2021-06-10 15:14:00,NSE:DCBBANK,103.3,103.4,103.3,103.3,2203.0
2021-06-10 15:15:00,NSE:DCBBANK,103.3,103.4,103.3,103.3,2058.0
2021-06-10 15:16:00,NSE:DCBBANK,103.4,103.4,103.3,103.3,6117.0
2021-06-10 15:17:00,NSE:DCBBANK,103.25,103.25,103.1,103.2,7705.0
2021-06-10 15:18:00,NSE:DCBBANK,103.1,103.25,103.1,103.25,7798.0
2021-06-10 15:19:00,NSE:DCBBANK,103.25,103.25,103.2,103.25,3932.0
2021-06-10 15:20:00,NSE:DCBBANK,103.25,103.3,103.2,103.2,2549.0
2021-06-10 15:21:00,NSE:DCBBANK,103.2,103.25,103.2,103.25,3903.0
2021-06-10 15:22:00,NSE:DCBBANK,103.25,103.3,103.2,103.25,1790.0
2021-06-10 15:23:00,NSE:DCBBANK,103.3,103.3,103.25,103.25,5134.0
2021-06-10 15:24:00,NSE:DCBBANK,103.2,103.3,103.2,103.2,683.0
2021-06-10 15:25:00,NSE:DCBBANK,103.2,103.25,103.15,103.15,4419.0
2021-06-10 15:26:00,NSE:DCBBANK,103.25,103.3,103.2,103.3,9029.0
2021-06-10 15:27:00,NSE:DCBBANK,103.25,103.4,103.2,103.35,5325.0
2021-06-10 15:28:00,NSE:DCBBANK,103.35,103.4,103.15,103.35,3432.0
2021-06-10 15:29:00,NSE:DCBBANK,103.35,103.4,103.2,103.2,3591.0
2021-06-10 15:30:00,NSE:DCBBANK,103.3,103.3,103.3,103.3,12.0
2021-06-10 15:40:00,NSE:DCBBANK,103.35,103.35,103.35,103.35,300.0
2021-06-11 09:07:00,NSE:DCBBANK,105.0,105.0,105.0,105.0,21454.0
2021-06-11 09:15:00,NSE:DCBBANK,105.0,106.5,104.55,106.2,86802.0
2021-06-11 09:16:00,NSE:DCBBANK,106.4,106.4,105.55,105.55,102566.0
2021-06-11 09:17:00,NSE:DCBBANK,105.9,105.9,105.45,105.45,34972.0
2021-06-11 09:18:00,NSE:DCBBANK,105.6,105.7,105.4,105.55,46228.0
2021-06-11 09:19:00,NSE:DCBBANK,105.7,105.8,105.55,105.55,29200.0
2021-06-11 09:20:00,NSE:DCBBANK,105.5,105.55,105.25,105.45,24688.0
2021-06-11 09:21:00,NSE:DCBBANK,105.35,105.5,105.35,105.5,17119.0
2021-06-11 09:22:00,NSE:DCBBANK,105.5,105.7,105.5,105.6,9755.0
2021-06-11 09:23:00,NSE:DCBBANK,105.65,105.75,105.5,105.7,13696.0
2021-06-11 09:24:00,NSE:DCBBANK,105.65,105.75,105.55,105.65,17975.0
2021-06-11 09:25:00,NSE:DCBBANK,105.65,105.65,105.4,105.4,13929.0
2021-06-11 09:26:00,NSE:DCBBANK,105.5,105.5,105.35,105.4,10117.0
2021-06-11 09:27:00,NSE:DCBBANK,105.35,105.45,105.25,105.4,9420.0
2021-06-11 09:28:00,NSE:DCBBANK,105.3,105.4,105.25,105.4,5949.0
2021-06-11 09:29:00,NSE:DCBBANK,105.4,105.4,105.2,105.35,10823.0
2021-06-11 09:30:00,NSE:DCBBANK,105.25,105.4,105.2,105.35,8667.0
2021-06-11 09:31:00,NSE:DCBBANK,105.35,105.4,105.25,105.3,10523.0
2021-06-11 09:32:00,NSE:DCBBANK,105.3,105.45,105.3,105.45,2139.0
2021-06-11 09:33:00,NSE:DCBBANK,105.3,105.8,105.3,105.65,41326.0
2021-06-11 09:34:00,NSE:DCBBANK,105.5,105.65,105.5,105.5,8324.0
2021-06-11 09:35:00,NSE:DCBBANK,105.5,105.65,105.4,105.65,6363.0
2021-06-11 09:36:00,NSE:DCBBANK,105.6,105.6,105.45,105.5,7203.0
2021-06-11 09:37:00,NSE:DCBBANK,105.45,105.5,105.4,105.4,4956.0
2021-06-11 09:38:00,NSE:DCBBANK,105.45,105.45,105.25,105.35,37140.0
2021-06-11 09:39:00,NSE:DCBBANK,105.35,105.35,105.25,105.3,7665.0
2021-06-11 09:40:00,NSE:DCBBANK,105.3,105.4,105.3,105.35,9915.0
2021-06-11 09:41:00,NSE:DCBBANK,105.35,105.35,104.85,104.9,76453.0
2021-06-11 09:42:00,NSE:DCBBANK,104.9,105.2,104.9,105.05,8039.0
2021-06-11 09:43:00,NSE:DCBBANK,105.2,105.2,104.85,105.1,16370.0
2021-06-11 09:44:00,NSE:DCBBANK,105.0,105.2,105.0,105.2,7213.0
2021-06-11 09:45:00,NSE:DCBBANK,105.3,105.4,105.2,105.35,5665.0
2021-06-11 09:46:00,NSE:DCBBANK,105.4,105.4,105.2,105.35,2915.0
2021-06-11 09:47:00,NSE:DCBBANK,105.35,105.4,105.25,105.3,5757.0
2021-06-11 09:48:00,NSE:DCBBANK,105.3,105.5,105.3,105.4,10851.0
2021-06-11 09:49:00,NSE:DCBBANK,105.5,106.35,105.35,106.35,191860.0
2021-06-11 09:50:00,NSE:DCBBANK,106.5,106.5,105.7,105.95,227391.0
2021-06-11 09:51:00,NSE:DCBBANK,105.9,105.95,105.8,105.9,66132.0
2021-06-11 09:52:00,NSE:DCBBANK,105.8,106.25,105.75,106.15,65393.0
2021-06-11 09:53:00,NSE:DCBBANK,106.0,106.5,106.0,106.5,127445.0
2021-06-11 09:54:00,NSE:DCBBANK,106.5,106.9,106.4,106.8,144788.0
2021-06-11 09:55:00,NSE:DCBBANK,107.0,107.25,106.8,107.25,190289.0
2021-06-11 09:56:00,NSE:DCBBANK,107.3,108.0,107.1,107.95,274744.0
2021-06-11 09:57:00,NSE:DCBBANK,107.9,108.3,107.55,107.75,185296.0
2021-06-11 09:58:00,NSE:DCBBANK,107.75,107.95,107.6,107.95,88676.0
2021-06-11 09:59:00,NSE:DCBBANK,107.9,107.95,107.5,107.6,91465.0
2021-06-11 10:00:00,NSE:DCBBANK,107.6,107.6,107.1,107.2,107592.0
2021-06-11 10:01:00,NSE:DCBBANK,107.2,107.2,107.05,107.05,50861.0
2021-06-11 10:02:00,NSE:DCBBANK,107.1,107.25,106.9,107.1,70800.0
2021-06-11 10:03:00,NSE:DCBBANK,107.2,107.3,107.1,107.1,31792.0
2021-06-11 10:04:00,NSE:DCBBANK,107.1,107.25,106.9,107.25,33696.0
2021-06-11 10:05:00,NSE:DCBBANK,107.2,107.35,107.0,107.05,22865.0
2021-06-11 10:06:00,NSE:DCBBANK,107.15,107.15,106.9,106.9,16603.0
2021-06-11 10:07:00,NSE:DCBBANK,107.1,107.2,107.0,107.1,18665.0
2021-06-11 10:08:00,NSE:DCBBANK,107.2,107.2,107.0,107.0,8719.0
2021-06-11 10:09:00,NSE:DCBBANK,107.05,107.2,106.9,107.1,30924.0
2021-06-11 10:10:00,NSE:DCBBANK,107.0,107.1,106.9,107.0,18496.0
2021-06-11 10:11:00,NSE:DCBBANK,107.0,107.2,107.0,107.0,15713.0
2021-06-11 10:12:00,NSE:DCBBANK,107.1,107.3,107.1,107.25,17156.0
2021-06-11 10:13:00,NSE:DCBBANK,107.35,107.5,107.3,107.5,33196.0
2021-06-11 10:14:00,NSE:DCBBANK,107.45,107.55,107.4,107.4,22399.0
2021-06-11 10:15:00,NSE:DCBBANK,107.5,107.55,107.4,107.4,17675.0
2021-06-11 10:16:00,NSE:DCBBANK,107.4,107.5,107.4,107.45,17796.0
2021-06-11 10:17:00,NSE:DCBBANK,107.4,107.45,107.0,107.0,17871.0
2021-06-11 10:18:00,NSE:DCBBANK,107.15,107.25,107.0,107.25,46628.0
2021-06-11 10:19:00,NSE:DCBBANK,107.35,107.35,107.2,107.25,7353.0
2021-06-11 10:20:00,NSE:DCBBANK,107.25,108.3,107.2,107.8,332551.0
2021-06-11 10:21:00,NSE:DCBBANK,107.8,108.2,107.55,108.0,208193.0
2021-06-11 10:22:00,NSE:DCBBANK,108.0,108.05,107.7,107.7,152512.0
2021-06-11 10:23:00,NSE:DCBBANK,107.9,107.95,107.35,107.5,96483.0
2021-06-11 10:24:00,NSE:DCBBANK,107.35,107.6,107.35,107.55,44404.0
2021-06-11 10:25:00,NSE:DCBBANK,107.55,107.6,107.35,107.6,46311.0
2021-06-11 10:26:00,NSE:DCBBANK,107.6,107.8,107.55,107.7,17105.0
2021-06-11 10:27:00,NSE:DCBBANK,107.7,107.7,107.45,107.65,15091.0
2021-06-11 10:28:00,NSE:DCBBANK,107.65,107.65,107.45,107.45,14087.0
2021-06-11 10:29:00,NSE:DCBBANK,107.5,107.5,107.3,107.5,14519.0
2021-06-11 10:30:00,NSE:DCBBANK,107.35,107.55,107.35,107.55,6297.0
2021-06-11 10:31:00,NSE:DCBBANK,107.55,107.55,107.4,107.5,11632.0
2021-06-11 10:32:00,NSE:DCBBANK,107.5,107.7,107.4,107.7,16381.0
2021-06-11 10:33:00,NSE:DCBBANK,107.65,107.7,107.65,107.7,15711.0
2021-06-11 10:34:00,NSE:DCBBANK,107.7,107.75,107.6,107.75,14542.0
2021-06-11 10:35:00,NSE:DCBBANK,107.8,107.9,107.7,107.85,31688.0
2021-06-11 10:36:00,NSE:DCBBANK,107.85,107.85,107.6,107.65,17384.0
2021-06-11 10:37:00,NSE:DCBBANK,107.7,107.7,107.65,107.7,5442.0
2021-06-11 10:38:00,NSE:DCBBANK,107.65,107.7,107.6,107.6,15859.0
2021-06-11 10:39:00,NSE:DCBBANK,107.5,107.6,107.4,107.5,9115.0
2021-06-11 10:40:00,NSE:DCBBANK,107.5,107.65,107.5,107.65,13006.0
2021-06-11 10:41:00,NSE:DCBBANK,107.65,107.65,107.5,107.55,15815.0
2021-06-11 10:42:00,NSE:DCBBANK,107.55,107.55,107.45,107.5,10480.0
2021-06-11 10:43:00,NSE:DCBBANK,107.5,107.55,107.45,107.55,4224.0
2021-06-11 10:44:00,NSE:DCBBANK,107.55,107.55,107.45,107.5,6902.0
2021-06-11 10:45:00,NSE:DCBBANK,107.45,107.45,107.3,107.35,23477.0
2021-06-11 10:46:00,NSE:DCBBANK,107.35,107.4,107.35,107.4,3715.0
2021-06-11 10:47:00,NSE:DCBBANK,107.35,107.35,107.1,107.15,30563.0
2021-06-11 10:48:00,NSE:DCBBANK,107.15,107.15,107.1,107.15,16812.0
2021-06-11 10:49:00,NSE:DCBBANK,107.15,107.25,107.1,107.25,12770.0
2021-06-11 10:50:00,NSE:DCBBANK,107.25,107.3,107.15,107.2,6397.0
2021-06-11 10:51:00,NSE:DCBBANK,107.2,107.3,107.15,107.2,5098.0
2021-06-11 10:52:00,NSE:DCBBANK,107.3,107.4,107.25,107.4,3382.0
2021-06-11 10:53:00,NSE:DCBBANK,107.4,107.4,107.25,107.3,7959.0
2021-06-11 10:54:00,NSE:DCBBANK,107.25,107.25,107.2,107.25,1731.0
2021-06-11 10:55:00,NSE:DCBBANK,107.25,107.25,107.2,107.2,1411.0
2021-06-11 10:56:00,NSE:DCBBANK,107.25,107.25,107.15,107.15,8683.0
2021-06-11 10:57:00,NSE:DCBBANK,107.25,107.25,107.05,107.05,8367.0
2021-06-11 10:58:00,NSE:DCBBANK,107.05,107.1,107.05,107.1,5295.0
2021-06-11 10:59:00,NSE:DCBBANK,107.1,107.25,107.1,107.15,4113.0
2021-06-11 11:00:00,NSE:DCBBANK,107.1,107.2,107.1,107.15,2354.0
2021-06-11 11:01:00,NSE:DCBBANK,107.15,107.2,107.15,107.2,5690.0
2021-06-11 11:02:00,NSE:DCBBANK,107.25,107.25,107.1,107.1,9785.0
2021-06-11 11:03:00,NSE:DCBBANK,107.1,107.2,107.1,107.15,1120.0
2021-06-11 11:04:00,NSE:DCBBANK,107.2,107.2,107.1,107.15,4631.0
2021-06-11 11:05:00,NSE:DCBBANK,107.15,107.2,107.1,107.15,4415.0
2021-06-11 11:06:00,NSE:DCBBANK,107.15,107.2,107.15,107.15,4750.0
2021-06-11 11:07:00,NSE:DCBBANK,107.2,107.25,107.15,107.25,7733.0
2021-06-11 11:08:00,NSE:DCBBANK,107.2,107.25,107.15,107.25,2235.0
2021-06-11 11:09:00,NSE:DCBBANK,107.25,107.25,107.1,107.25,5833.0
2021-06-11 11:10:00,NSE:DCBBANK,107.15,107.25,107.1,107.25,14949.0
2021-06-11 11:11:00,NSE:DCBBANK,107.35,107.35,106.8,106.9,82256.0
2021-06-11 11:12:00,NSE:DCBBANK,106.85,106.9,106.8,106.9,14559.0
2021-06-11 11:13:00,NSE:DCBBANK,106.85,107.0,106.85,106.9,4746.0
2021-06-11 11:14:00,NSE:DCBBANK,107.0,107.0,106.8,106.8,7437.0
2021-06-11 11:15:00,NSE:DCBBANK,106.8,106.8,106.6,106.7,32986.0
2021-06-11 11:16:00,NSE:DCBBANK,106.75,106.8,106.55,106.8,45514.0
2021-06-11 11:17:00,NSE:DCBBANK,106.95,106.95,106.7,106.7,5616.0
2021-06-11 11:18:00,NSE:DCBBANK,106.7,106.75,106.55,106.7,9627.0
2021-06-11 11:19:00,NSE:DCBBANK,106.7,106.7,106.55,106.55,3591.0
2021-06-11 11:20:00,NSE:DCBBANK,106.7,106.85,106.6,106.7,8745.0
2021-06-11 11:21:00,NSE:DCBBANK,106.85,106.85,106.7,106.7,2971.0
2021-06-11 11:22:00,NSE:DCBBANK,106.7,107.0,106.7,106.95,30217.0
2021-06-11 11:23:00,NSE:DCBBANK,107.0,107.0,106.85,106.95,4101.0
2021-06-11 11:24:00,NSE:DCBBANK,107.25,107.25,107.0,107.0,34048.0
2021-06-11 11:25:00,NSE:DCBBANK,107.0,107.3,107.0,107.1,31325.0
2021-06-11 11:26:00,NSE:DCBBANK,107.2,107.25,107.1,107.25,6777.0
2021-06-11 11:27:00,NSE:DCBBANK,107.25,107.25,107.1,107.15,5831.0
2021-06-11 11:28:00,NSE:DCBBANK,107.25,107.25,107.15,107.15,5889.0
2021-06-11 11:29:00,NSE:DCBBANK,107.15,107.25,106.9,106.9,22141.0
2021-06-11 11:30:00,NSE:DCBBANK,107.0,107.0,106.8,106.9,4428.0
2021-06-11 11:31:00,NSE:DCBBANK,106.95,106.95,106.8,106.85,2846.0
2021-06-11 11:32:00,NSE:DCBBANK,106.9,106.9,106.8,106.85,6628.0
2021-06-11 11:33:00,NSE:DCBBANK,106.8,106.8,106.7,106.8,3340.0
2021-06-11 11:34:00,NSE:DCBBANK,106.8,106.8,106.7,106.7,1877.0
2021-06-11 11:35:00,NSE:DCBBANK,106.75,106.75,106.45,106.5,34114.0
2021-06-11 11:36:00,NSE:DCBBANK,106.45,106.55,106.3,106.5,28502.0
2021-06-11 11:37:00,NSE:DCBBANK,106.5,106.6,106.45,106.55,11717.0
2021-06-11 11:38:00,NSE:DCBBANK,106.55,106.6,106.5,106.6,4087.0
2021-06-11 11:39:00,NSE:DCBBANK,106.6,106.6,106.5,106.6,7677.0
2021-06-11 11:40:00,NSE:DCBBANK,106.55,106.65,106.55,106.65,4689.0
2021-06-11 11:41:00,NSE:DCBBANK,106.6,106.65,106.55,106.65,2031.0
2021-06-11 11:42:00,NSE:DCBBANK,106.55,106.65,106.55,106.6,2025.0
2021-06-11 11:43:00,NSE:DCBBANK,106.6,106.65,106.55,106.55,2108.0
2021-06-11 11:44:00,NSE:DCBBANK,106.55,106.65,106.55,106.55,3145.0
2021-06-11 11:45:00,NSE:DCBBANK,106.6,106.65,106.55,106.55,2824.0
2021-06-11 11:46:00,NSE:DCBBANK,106.55,106.65,106.55,106.55,3675.0
2021-06-11 11:47:00,NSE:DCBBANK,106.55,106.65,106.55,106.55,659.0
2021-06-11 11:48:00,NSE:DCBBANK,106.65,106.7,106.65,106.7,8540.0
2021-06-11 11:49:00,NSE:DCBBANK,106.7,106.7,106.6,106.7,5719.0
2021-06-11 11:50:00,NSE:DCBBANK,106.7,106.7,106.55,106.6,4401.0
2021-06-11 11:51:00,NSE:DCBBANK,106.65,106.65,106.5,106.65,5717.0
2021-06-11 11:52:00,NSE:DCBBANK,106.55,106.7,106.55,106.55,4620.0
2021-06-11 11:53:00,NSE:DCBBANK,106.6,106.7,106.6,106.6,8419.0
2021-06-11 11:54:00,NSE:DCBBANK,106.7,106.7,106.55,106.7,5976.0
2021-06-11 11:55:00,NSE:DCBBANK,106.7,106.7,106.6,106.7,2148.0
2021-06-11 11:56:00,NSE:DCBBANK,106.7,106.7,106.6,106.7,1339.0
2021-06-11 11:57:00,NSE:DCBBANK,106.6,106.7,106.6,106.7,1844.0
2021-06-11 11:58:00,NSE:DCBBANK,106.7,106.7,106.6,106.6,1053.0
2021-06-11 11:59:00,NSE:DCBBANK,106.7,106.7,106.6,106.7,3642.0
2021-06-11 12:00:00,NSE:DCBBANK,106.7,106.7,106.6,106.7,2271.0
2021-06-11 12:01:00,NSE:DCBBANK,106.7,106.7,106.6,106.7,1477.0
2021-06-11 12:02:00,NSE:DCBBANK,106.7,106.75,106.65,106.75,2866.0
2021-06-11 12:03:00,NSE:DCBBANK,106.75,106.75,106.65,106.7,4084.0
2021-06-11 12:04:00,NSE:DCBBANK,106.7,106.7,106.65,106.7,2374.0
2021-06-11 12:05:00,NSE:DCBBANK,106.7,106.7,106.55,106.55,8710.0
2021-06-11 12:06:00,NSE:DCBBANK,106.6,106.7,106.6,106.7,2609.0
2021-06-11 12:07:00,NSE:DCBBANK,106.65,106.7,106.65,106.7,1412.0
2021-06-11 12:08:00,NSE:DCBBANK,106.65,106.7,106.55,106.55,7190.0
2021-06-11 12:09:00,NSE:DCBBANK,106.65,106.75,106.55,106.65,14070.0
2021-06-11 12:10:00,NSE:DCBBANK,106.65,106.7,106.4,106.4,12902.0
2021-06-11 12:11:00,NSE:DCBBANK,106.45,106.45,106.35,106.4,4385.0
2021-06-11 12:12:00,NSE:DCBBANK,106.45,106.45,106.3,106.35,11267.0
2021-06-11 12:13:00,NSE:DCBBANK,106.35,106.4,106.25,106.25,8032.0
2021-06-11 12:14:00,NSE:DCBBANK,106.3,106.35,106.15,106.35,11182.0
2021-06-11 12:15:00,NSE:DCBBANK,106.4,106.4,106.15,106.35,7044.0
2021-06-11 12:16:00,NSE:DCBBANK,106.35,106.35,106.2,106.25,10941.0
2021-06-11 12:17:00,NSE:DCBBANK,106.25,106.35,106.2,106.25,5074.0
2021-06-11 12:18:00,NSE:DCBBANK,106.35,106.4,106.25,106.4,4586.0
2021-06-11 12:19:00,NSE:DCBBANK,106.4,106.45,106.35,106.45,2806.0
2021-06-11 12:20:00,NSE:DCBBANK,106.45,106.5,106.3,106.4,3940.0
2021-06-11 12:21:00,NSE:DCBBANK,106.45,106.5,106.25,106.45,11316.0
2021-06-11 12:22:00,NSE:DCBBANK,106.5,106.5,106.35,106.5,3059.0
2021-06-11 12:23:00,NSE:DCBBANK,106.5,106.5,106.35,106.45,10049.0
2021-06-11 12:24:00,NSE:DCBBANK,106.45,106.55,106.4,106.55,7673.0
2021-06-11 12:25:00,NSE:DCBBANK,106.55,106.55,106.5,106.5,2587.0
2021-06-11 12:26:00,NSE:DCBBANK,106.45,106.5,106.35,106.45,2201.0
2021-06-11 12:27:00,NSE:DCBBANK,106.5,106.55,106.5,106.5,1217.0
2021-06-11 12:28:00,NSE:DCBBANK,106.55,106.55,106.5,106.55,1094.0
2021-06-11 12:29:00,NSE:DCBBANK,106.55,106.55,106.45,106.55,3519.0
2021-06-11 12:30:00,NSE:DCBBANK,106.55,106.55,106.45,106.45,2055.0
2021-06-11 12:31:00,NSE:DCBBANK,106.5,106.55,106.45,106.55,4889.0
2021-06-11 12:32:00,NSE:DCBBANK,106.55,106.6,106.45,106.6,5096.0
2021-06-11 12:33:00,NSE:DCBBANK,106.45,106.7,106.45,106.7,7276.0
2021-06-11 12:34:00,NSE:DCBBANK,106.7,106.75,106.45,106.5,27627.0
2021-06-11 12:35:00,NSE:DCBBANK,106.5,106.7,106.35,106.65,23977.0
2021-06-11 12:36:00,NSE:DCBBANK,106.85,106.85,106.6,106.75,27039.0
2021-06-11 12:37:00,NSE:DCBBANK,106.7,106.95,106.7,106.9,22148.0
2021-06-11 12:38:00,NSE:DCBBANK,106.95,106.95,106.8,106.9,7948.0
2021-06-11 12:39:00,NSE:DCBBANK,106.9,106.9,106.6,106.7,9363.0
2021-06-11 12:40:00,NSE:DCBBANK,106.6,106.65,106.5,106.5,17006.0
2021-06-11 12:41:00,NSE:DCBBANK,106.5,106.7,106.45,106.55,18997.0
2021-06-11 12:42:00,NSE:DCBBANK,106.5,106.7,106.5,106.65,7502.0
2021-06-11 12:43:00,NSE:DCBBANK,106.7,106.75,106.65,106.75,3096.0
2021-06-11 12:44:00,NSE:DCBBANK,106.75,106.8,106.7,106.75,2780.0
2021-06-11 12:45:00,NSE:DCBBANK,106.75,106.9,106.7,106.9,16940.0
2021-06-11 12:46:00,NSE:DCBBANK,106.9,106.9,106.75,106.85,6430.0
2021-06-11 12:47:00,NSE:DCBBANK,106.9,107.15,106.9,107.0,26583.0
2021-06-11 12:48:00,NSE:DCBBANK,107.0,107.1,107.0,107.05,3488.0
2021-06-11 12:49:00,NSE:DCBBANK,107.1,107.1,107.0,107.0,1793.0
2021-06-11 12:50:00,NSE:DCBBANK,107.05,107.2,107.0,107.1,12112.0
2021-06-11 12:51:00,NSE:DCBBANK,107.1,107.25,107.1,107.25,8591.0
2021-06-11 12:52:00,NSE:DCBBANK,107.2,107.25,107.15,107.25,4395.0
2021-06-11 12:53:00,NSE:DCBBANK,107.25,107.25,107.15,107.25,19794.0
2021-06-11 12:54:00,NSE:DCBBANK,107.2,107.2,107.1,107.1,5974.0
2021-06-11 12:55:00,NSE:DCBBANK,107.1,107.2,107.05,107.15,3153.0
2021-06-11 12:56:00,NSE:DCBBANK,107.35,107.4,107.2,107.4,18279.0
2021-06-11 12:57:00,NSE:DCBBANK,107.45,107.45,107.25,107.4,6766.0
2021-06-11 12:58:00,NSE:DCBBANK,107.4,107.4,107.25,107.4,3421.0
2021-06-11 12:59:00,NSE:DCBBANK,107.25,107.4,107.25,107.4,11499.0
2021-06-11 13:00:00,NSE:DCBBANK,107.35,107.4,107.15,107.25,5348.0
2021-06-11 13:01:00,NSE:DCBBANK,107.3,107.3,107.1,107.1,5296.0
2021-06-11 13:02:00,NSE:DCBBANK,107.05,107.1,107.0,107.0,14784.0
2021-06-11 13:03:00,NSE:DCBBANK,107.1,107.1,107.0,107.05,2960.0
2021-06-11 13:04:00,NSE:DCBBANK,107.05,107.1,107.0,107.1,1290.0
2021-06-11 13:05:00,NSE:DCBBANK,107.05,107.1,107.0,107.05,2944.0
2021-06-11 13:06:00,NSE:DCBBANK,107.0,107.25,107.0,107.15,11187.0
2021-06-11 13:07:00,NSE:DCBBANK,107.25,107.35,107.15,107.15,7692.0
2021-06-11 13:08:00,NSE:DCBBANK,107.1,107.15,107.1,107.15,2350.0
2021-06-11 13:09:00,NSE:DCBBANK,107.15,107.2,107.15,107.2,1537.0
2021-06-11 13:10:00,NSE:DCBBANK,107.15,107.2,107.15,107.2,6755.0
2021-06-11 13:11:00,NSE:DCBBANK,107.2,107.2,107.1,107.15,4150.0
2021-06-11 13:12:00,NSE:DCBBANK,107.1,107.25,107.05,107.2,6325.0
2021-06-11 13:13:00,NSE:DCBBANK,107.1,107.3,107.1,107.3,6177.0
2021-06-11 13:14:00,NSE:DCBBANK,107.3,107.3,107.15,107.15,2183.0
2021-06-11 13:15:00,NSE:DCBBANK,107.15,107.2,107.1,107.1,1915.0
2021-06-11 13:16:00,NSE:DCBBANK,107.2,107.2,107.1,107.2,3719.0
2021-06-11 13:17:00,NSE:DCBBANK,107.15,107.2,107.15,107.2,3726.0
2021-06-11 13:18:00,NSE:DCBBANK,107.15,107.2,107.15,107.2,1946.0
2021-06-11 13:19:00,NSE:DCBBANK,107.2,107.2,107.1,107.2,762.0
2021-06-11 13:20:00,NSE:DCBBANK,107.1,107.2,107.1,107.1,1188.0
2021-06-11 13:21:00,NSE:DCBBANK,107.2,107.2,107.0,107.0,8122.0
2021-06-11 13:22:00,NSE:DCBBANK,107.05,107.05,106.95,107.0,17577.0
2021-06-11 13:23:00,NSE:DCBBANK,106.95,107.05,106.85,107.0,12737.0
2021-06-11 13:24:00,NSE:DCBBANK,107.0,107.1,107.0,107.0,7071.0
2021-06-11 13:25:00,NSE:DCBBANK,107.1,107.15,107.0,107.0,2459.0
2021-06-11 13:26:00,NSE:DCBBANK,107.15,107.15,107.05,107.05,2034.0
2021-06-11 13:27:00,NSE:DCBBANK,107.15,107.15,107.0,107.0,2628.0
2021-06-11 13:28:00,NSE:DCBBANK,107.15,107.15,107.0,107.05,8465.0
2021-06-11 13:29:00,NSE:DCBBANK,107.05,107.05,106.8,106.9,3710.0
2021-06-11 13:30:00,NSE:DCBBANK,106.8,106.95,106.8,106.85,11361.0
2021-06-11 13:31:00,NSE:DCBBANK,106.85,107.0,106.85,107.0,13168.0
2021-06-11 13:32:00,NSE:DCBBANK,107.0,107.05,106.85,107.0,6502.0
2021-06-11 13:33:00,NSE:DCBBANK,107.0,107.1,107.0,107.0,1644.0
2021-06-11 13:34:00,NSE:DCBBANK,107.1,107.1,107.0,107.1,3208.0
2021-06-11 13:35:00,NSE:DCBBANK,107.1,107.1,107.0,107.0,3866.0
2021-06-11 13:36:00,NSE:DCBBANK,107.1,107.1,107.0,107.05,347.0
2021-06-11 13:37:00,NSE:DCBBANK,107.0,107.05,106.8,106.9,6622.0
2021-06-11 13:38:00,NSE:DCBBANK,107.0,107.0,106.9,107.0,3595.0
2021-06-11 13:39:00,NSE:DCBBANK,106.95,107.0,106.9,107.0,2305.0
2021-06-11 13:40:00,NSE:DCBBANK,107.0,107.0,106.9,107.0,3562.0
2021-06-11 13:41:00,NSE:DCBBANK,107.0,107.05,107.0,107.0,4354.0
2021-06-11 13:42:00,NSE:DCBBANK,107.0,107.05,107.0,107.05,1030.0
2021-06-11 13:43:00,NSE:DCBBANK,107.0,107.05,107.0,107.0,1005.0
2021-06-11 13:44:00,NSE:DCBBANK,107.0,107.1,107.0,107.1,734.0
2021-06-11 13:45:00,NSE:DCBBANK,107.05,107.1,107.05,107.1,5181.0
2021-06-11 13:46:00,NSE:DCBBANK,107.1,107.15,107.0,107.05,1935.0
2021-06-11 13:47:00,NSE:DCBBANK,107.05,107.05,107.0,107.0,3840.0
2021-06-11 13:48:00,NSE:DCBBANK,107.0,107.15,106.95,107.0,8598.0
2021-06-11 13:49:00,NSE:DCBBANK,107.0,107.1,107.0,107.1,1092.0
2021-06-11 13:50:00,NSE:DCBBANK,107.05,107.1,107.0,107.05,1095.0
2021-06-11 13:51:00,NSE:DCBBANK,107.05,107.1,107.05,107.1,2053.0
2021-06-11 13:52:00,NSE:DCBBANK,107.1,107.1,107.0,107.0,3029.0
2021-06-11 13:53:00,NSE:DCBBANK,107.0,107.1,107.0,107.0,679.0
2021-06-11 13:54:00,NSE:DCBBANK,107.1,107.1,107.0,107.1,1269.0
2021-06-11 13:55:00,NSE:DCBBANK,107.0,107.1,107.0,107.1,1790.0
2021-06-11 13:56:00,NSE:DCBBANK,107.1,107.1,107.0,107.1,1661.0
2021-06-11 13:57:00,NSE:DCBBANK,107.1,107.1,107.0,107.1,3293.0
2021-06-11 13:58:00,NSE:DCBBANK,107.0,107.1,107.0,107.1,198.0
2021-06-11 13:59:00,NSE:DCBBANK,107.1,107.1,107.0,107.1,2959.0
2021-06-11 14:00:00,NSE:DCBBANK,107.0,107.05,107.0,107.0,3411.0
2021-06-11 14:01:00,NSE:DCBBANK,107.05,107.1,107.05,107.1,1613.0
2021-06-11 14:02:00,NSE:DCBBANK,107.1,107.1,107.05,107.1,2452.0
2021-06-11 14:03:00,NSE:DCBBANK,107.1,107.1,107.0,107.0,882.0
2021-06-11 14:04:00,NSE:DCBBANK,107.0,107.1,107.0,107.05,2715.0
2021-06-11 14:05:00,NSE:DCBBANK,107.05,107.1,107.0,107.1,2668.0
2021-06-11 14:06:00,NSE:DCBBANK,107.1,107.15,107.05,107.15,2291.0
2021-06-11 14:07:00,NSE:DCBBANK,107.1,107.15,107.1,107.15,305.0
2021-06-11 14:08:00,NSE:DCBBANK,107.0,107.2,107.0,107.1,5597.0
2021-06-11 14:09:00,NSE:DCBBANK,107.15,107.2,107.1,107.15,7391.0
2021-06-11 14:10:00,NSE:DCBBANK,107.1,107.2,107.1,107.2,6202.0
2021-06-11 14:11:00,NSE:DCBBANK,107.15,107.2,107.1,107.15,3376.0
2021-06-11 14:12:00,NSE:DCBBANK,107.15,107.15,107.05,107.05,785.0
2021-06-11 14:13:00,NSE:DCBBANK,107.05,107.15,107.05,107.15,2261.0
2021-06-11 14:14:00,NSE:DCBBANK,107.15,107.15,107.1,107.1,3532.0
2021-06-11 14:15:00,NSE:DCBBANK,107.1,107.15,107.05,107.1,2589.0
2021-06-11 14:16:00,NSE:DCBBANK,107.1,107.1,107.05,107.05,1014.0
2021-06-11 14:17:00,NSE:DCBBANK,107.1,107.1,107.05,107.05,2611.0
2021-06-11 14:18:00,NSE:DCBBANK,107.05,107.1,107.05,107.05,2505.0
2021-06-11 14:19:00,NSE:DCBBANK,107.05,107.1,107.0,107.05,5015.0
2021-06-11 14:20:00,NSE:DCBBANK,107.0,107.1,107.0,107.1,769.0
2021-06-11 14:21:00,NSE:DCBBANK,107.0,107.05,107.0,107.05,2233.0
2021-06-11 14:22:00,NSE:DCBBANK,107.1,107.1,107.0,107.05,858.0
2021-06-11 14:23:00,NSE:DCBBANK,107.0,107.1,107.0,107.1,7398.0
2021-06-11 14:24:00,NSE:DCBBANK,107.05,107.05,107.0,107.05,1180.0
2021-06-11 14:25:00,NSE:DCBBANK,107.05,107.05,107.0,107.05,1283.0
2021-06-11 14:26:00,NSE:DCBBANK,107.1,107.1,107.0,107.05,3171.0
2021-06-11 14:27:00,NSE:DCBBANK,107.1,107.1,107.0,107.05,3844.0
2021-06-11 14:28:00,NSE:DCBBANK,107.05,107.1,107.05,107.05,297.0
2021-06-11 14:29:00,NSE:DCBBANK,107.05,107.1,107.05,107.05,3264.0
2021-06-11 14:30:00,NSE:DCBBANK,107.1,107.1,107.05,107.05,4258.0
2021-06-11 14:31:00,NSE:DCBBANK,107.1,107.1,107.0,107.05,14914.0
2021-06-11 14:32:00,NSE:DCBBANK,107.1,107.1,107.0,107.1,16787.0
2021-06-11 14:33:00,NSE:DCBBANK,107.1,107.1,107.0,107.1,3209.0
2021-06-11 14:34:00,NSE:DCBBANK,107.0,107.15,107.0,107.15,40002.0
2021-06-11 14:35:00,NSE:DCBBANK,107.15,107.15,107.1,107.15,3720.0
2021-06-11 14:36:00,NSE:DCBBANK,107.15,107.15,107.1,107.15,4453.0
2021-06-11 14:37:00,NSE:DCBBANK,107.35,107.7,107.35,107.5,90970.0
2021-06-11 14:38:00,NSE:DCBBANK,107.4,107.75,107.35,107.75,23320.0
2021-06-11 14:39:00,NSE:DCBBANK,107.75,107.8,107.65,107.75,29648.0
2021-06-11 14:40:00,NSE:DCBBANK,107.7,107.75,107.6,107.7,14056.0
2021-06-11 14:41:00,NSE:DCBBANK,107.7,107.75,107.6,107.75,10099.0
2021-06-11 14:42:00,NSE:DCBBANK,107.75,107.75,107.6,107.75,41715.0
2021-06-11 14:43:00,NSE:DCBBANK,107.75,107.75,107.55,107.55,10373.0
2021-06-11 14:44:00,NSE:DCBBANK,107.7,107.8,107.55,107.75,21778.0
2021-06-11 14:45:00,NSE:DCBBANK,107.65,108.35,107.65,108.3,192731.0
2021-06-11 14:46:00,NSE:DCBBANK,108.6,108.65,108.3,108.4,78153.0
2021-06-11 14:47:00,NSE:DCBBANK,108.25,108.3,107.85,108.0,37478.0
2021-06-11 14:48:00,NSE:DCBBANK,107.95,108.15,107.95,108.0,13231.0
2021-06-11 14:49:00,NSE:DCBBANK,108.0,108.2,108.0,108.05,18301.0
2021-06-11 14:50:00,NSE:DCBBANK,108.2,108.4,108.1,108.4,10226.0
2021-06-11 14:51:00,NSE:DCBBANK,108.4,108.4,108.0,108.1,24928.0
2021-06-11 14:52:00,NSE:DCBBANK,108.0,108.35,108.0,108.2,75904.0
2021-06-11 14:53:00,NSE:DCBBANK,108.5,109.35,108.5,108.8,296010.0
2021-06-11 14:54:00,NSE:DCBBANK,109.15,109.2,109.0,109.0,89311.0
2021-06-11 14:55:00,NSE:DCBBANK,109.15,109.15,108.9,108.9,52373.0
2021-06-11 14:56:00,NSE:DCBBANK,108.95,109.6,108.95,109.25,153540.0
2021-06-11 14:57:00,NSE:DCBBANK,109.3,109.35,108.5,108.6,51401.0
2021-06-11 14:58:00,NSE:DCBBANK,108.6,109.0,108.6,108.75,38792.0
2021-06-11 14:59:00,NSE:DCBBANK,108.8,108.9,108.65,108.7,27602.0
2021-06-11 15:00:00,NSE:DCBBANK,108.85,109.1,108.7,108.9,39039.0
2021-06-11 15:01:00,NSE:DCBBANK,108.9,108.9,108.6,108.6,33464.0
2021-06-11 15:02:00,NSE:DCBBANK,108.5,108.7,108.5,108.65,32396.0
2021-06-11 15:03:00,NSE:DCBBANK,108.55,108.6,108.5,108.6,14852.0
2021-06-11 15:04:00,NSE:DCBBANK,108.6,108.8,108.55,108.75,32509.0
2021-06-11 15:05:00,NSE:DCBBANK,108.75,108.75,108.6,108.7,10427.0
2021-06-11 15:06:00,NSE:DCBBANK,108.6,108.75,108.6,108.7,7455.0
2021-06-11 15:07:00,NSE:DCBBANK,108.6,108.8,108.6,108.7,17491.0
2021-06-11 15:08:00,NSE:DCBBANK,108.8,109.1,108.75,109.1,54954.0
2021-06-11 15:09:00,NSE:DCBBANK,109.2,109.3,109.0,109.1,37731.0
2021-06-11 15:10:00,NSE:DCBBANK,109.1,109.15,109.0,109.0,31301.0
2021-06-11 15:11:00,NSE:DCBBANK,109.1,109.15,109.0,109.1,19890.0
2021-06-11 15:12:00,NSE:DCBBANK,109.05,109.2,109.05,109.15,25283.0
2021-06-11 15:13:00,NSE:DCBBANK,109.15,109.15,109.0,109.1,43380.0
2021-06-11 15:14:00,NSE:DCBBANK,109.1,109.2,109.0,109.1,23158.0
2021-06-11 15:15:00,NSE:DCBBANK,109.15,109.2,109.05,109.2,45602.0
2021-06-11 15:16:00,NSE:DCBBANK,109.15,110.7,109.05,110.2,539409.0
2021-06-11 15:17:00,NSE:DCBBANK,110.1,111.4,110.1,111.25,540786.0
2021-06-11 15:18:00,NSE:DCBBANK,111.45,112.5,111.45,112.5,497156.0
2021-06-11 15:19:00,NSE:DCBBANK,112.6,112.7,112.0,112.5,439127.0
2021-06-11 15:20:00,NSE:DCBBANK,112.65,112.65,112.25,112.45,320696.0
2021-06-11 15:21:00,NSE:DCBBANK,112.3,113.0,112.1,112.2,325214.0
2021-06-11 15:22:00,NSE:DCBBANK,112.25,112.3,112.05,112.2,73392.0
2021-06-11 15:23:00,NSE:DCBBANK,112.25,112.25,111.75,111.9,100050.0
2021-06-11 15:24:00,NSE:DCBBANK,111.8,111.95,111.5,111.75,62367.0
2021-06-11 15:25:00,NSE:DCBBANK,111.75,111.85,111.55,111.75,66705.0
2021-06-11 15:26:00,NSE:DCBBANK,111.75,112.0,111.75,111.9,68319.0
2021-06-11 15:27:00,NSE:DCBBANK,111.95,112.0,111.8,111.85,96994.0
2021-06-11 15:28:00,NSE:DCBBANK,111.85,111.85,111.75,111.85,82342.0
2021-06-11 15:29:00,NSE:DCBBANK,111.7,112.25,111.7,112.25,142845.0
2021-06-11 15:30:00,NSE:DCBBANK,112.25,112.25,112.25,112.25,2930.0
2021-06-11 15:40:00,NSE:DCBBANK,111.25,112.25,111.25,112.25,239.0
2021-06-14 09:07:00,NSE:DCBBANK,113.0,113.0,113.0,113.0,51541.0
2021-06-14 09:15:00,NSE:DCBBANK,113.0,113.2,111.35,112.0,148587.0
2021-06-14 09:16:00,NSE:DCBBANK,112.25,112.65,112.1,112.45,92924.0
2021-06-14 09:17:00,NSE:DCBBANK,112.3,112.45,112.1,112.3,76759.0
2021-06-14 09:18:00,NSE:DCBBANK,112.15,112.3,112.15,112.3,63440.0
2021-06-14 09:19:00,NSE:DCBBANK,112.25,112.25,111.65,111.65,80730.0
2021-06-14 09:20:00,NSE:DCBBANK,111.8,111.85,111.45,111.45,56725.0
2021-06-14 09:21:00,NSE:DCBBANK,111.3,111.4,111.0,111.1,54538.0
2021-06-14 09:22:00,NSE:DCBBANK,111.2,111.2,110.7,110.8,83167.0
2021-06-14 09:23:00,NSE:DCBBANK,110.8,111.1,110.75,111.05,33044.0
2021-06-14 09:24:00,NSE:DCBBANK,111.05,111.1,110.8,110.8,43608.0
2021-06-14 09:25:00,NSE:DCBBANK,110.8,110.95,110.5,110.6,77703.0
2021-06-14 09:26:00,NSE:DCBBANK,110.6,110.7,110.3,110.35,30255.0
2021-06-14 09:27:00,NSE:DCBBANK,110.35,110.35,109.25,109.55,71799.0
2021-06-14 09:28:00,NSE:DCBBANK,109.5,109.5,109.0,109.15,70025.0
2021-06-14 09:29:00,NSE:DCBBANK,109.35,109.75,109.3,109.6,67168.0
2021-06-14 09:30:00,NSE:DCBBANK,109.4,109.5,109.2,109.4,23741.0
2021-06-14 09:31:00,NSE:DCBBANK,109.2,109.3,109.15,109.25,15689.0
2021-06-14 09:32:00,NSE:DCBBANK,109.25,109.25,108.5,108.55,102968.0
2021-06-14 09:33:00,NSE:DCBBANK,108.35,108.65,108.25,108.5,64656.0
2021-06-14 09:34:00,NSE:DCBBANK,108.55,108.55,107.15,107.3,98647.0
2021-06-14 09:35:00,NSE:DCBBANK,107.4,108.65,107.35,108.65,43536.0
2021-06-14 09:36:00,NSE:DCBBANK,108.75,109.6,108.75,109.4,83968.0
2021-06-14 09:37:00,NSE:DCBBANK,109.35,109.9,109.2,109.9,38229.0
2021-06-14 09:38:00,NSE:DCBBANK,109.85,110.15,109.7,109.9,47652.0
2021-06-14 09:39:00,NSE:DCBBANK,109.8,110.15,109.8,110.05,37932.0
2021-06-14 09:40:00,NSE:DCBBANK,110.05,110.05,109.15,109.4,34203.0
2021-06-14 09:41:00,NSE:DCBBANK,109.35,109.7,109.2,109.6,17422.0
2021-06-14 09:42:00,NSE:DCBBANK,109.7,110.15,109.65,110.15,28549.0
2021-06-14 09:43:00,NSE:DCBBANK,109.85,110.15,109.85,110.0,12602.0
2021-06-14 09:44:00,NSE:DCBBANK,110.15,110.9,110.05,110.6,62511.0
2021-06-14 09:45:00,NSE:DCBBANK,110.6,110.6,109.6,110.0,46289.0
2021-06-14 09:46:00,NSE:DCBBANK,109.85,110.15,109.8,110.15,27861.0
2021-06-14 09:47:00,NSE:DCBBANK,110.1,110.4,110.0,110.3,13523.0
2021-06-14 09:48:00,NSE:DCBBANK,110.3,110.45,110.05,110.2,10693.0
2021-06-14 09:49:00,NSE:DCBBANK,110.05,110.3,110.05,110.2,12147.0
2021-06-14 09:50:00,NSE:DCBBANK,110.05,110.1,109.75,109.8,36513.0
2021-06-14 09:51:00,NSE:DCBBANK,109.9,109.95,109.7,109.85,12983.0
2021-06-14 09:52:00,NSE:DCBBANK,109.85,109.9,109.75,109.85,9206.0
2021-06-14 09:53:00,NSE:DCBBANK,109.95,110.35,109.8,110.2,33187.0
2021-06-14 09:54:00,NSE:DCBBANK,110.35,110.55,110.25,110.45,17553.0
2021-06-14 09:55:00,NSE:DCBBANK,110.4,110.5,110.2,110.35,11787.0
2021-06-14 09:56:00,NSE:DCBBANK,110.4,110.5,110.25,110.35,5150.0
2021-06-14 09:57:00,NSE:DCBBANK,110.45,110.5,110.25,110.35,11729.0
2021-06-14 09:58:00,NSE:DCBBANK,110.5,110.5,110.3,110.35,11995.0
2021-06-14 09:59:00,NSE:DCBBANK,110.4,110.45,110.35,110.4,6073.0
2021-06-14 10:00:00,NSE:DCBBANK,110.4,110.7,110.3,110.6,18354.0
2021-06-14 10:01:00,NSE:DCBBANK,110.65,110.8,110.5,110.65,19555.0
2021-06-14 10:02:00,NSE:DCBBANK,110.65,110.65,110.25,110.4,14920.0
2021-06-14 10:03:00,NSE:DCBBANK,110.4,110.45,110.3,110.35,6671.0
2021-06-14 10:04:00,NSE:DCBBANK,110.4,110.45,110.3,110.4,3726.0
2021-06-14 10:05:00,NSE:DCBBANK,110.45,110.45,110.35,110.45,15439.0
2021-06-14 10:06:00,NSE:DCBBANK,110.45,110.55,110.25,110.25,13365.0
2021-06-14 10:07:00,NSE:DCBBANK,110.3,110.55,110.3,110.35,21238.0
2021-06-14 10:08:00,NSE:DCBBANK,110.45,110.5,110.35,110.45,5518.0
2021-06-14 10:09:00,NSE:DCBBANK,110.4,110.55,110.4,110.45,3810.0
2021-06-14 10:10:00,NSE:DCBBANK,110.4,110.5,110.3,110.4,9861.0
2021-06-14 10:11:00,NSE:DCBBANK,110.4,110.5,110.3,110.3,14694.0
2021-06-14 10:12:00,NSE:DCBBANK,110.4,110.5,110.35,110.35,3689.0
2021-06-14 10:13:00,NSE:DCBBANK,110.35,110.6,110.35,110.5,9824.0
2021-06-14 10:14:00,NSE:DCBBANK,110.8,110.85,110.6,110.7,14731.0
2021-06-14 10:15:00,NSE:DCBBANK,110.75,110.9,110.7,110.9,16835.0
2021-06-14 10:16:00,NSE:DCBBANK,110.9,111.55,110.85,111.55,66586.0
2021-06-14 10:17:00,NSE:DCBBANK,111.45,111.6,111.4,111.55,15440.0
2021-06-14 10:18:00,NSE:DCBBANK,111.7,111.7,111.35,111.6,18713.0
2021-06-14 10:19:00,NSE:DCBBANK,111.5,111.9,111.5,111.85,20617.0
2021-06-14 10:20:00,NSE:DCBBANK,111.8,112.35,111.7,112.35,93295.0
2021-06-14 10:21:00,NSE:DCBBANK,112.45,112.85,112.45,112.65,81645.0
2021-06-14 10:22:00,NSE:DCBBANK,112.65,112.65,112.15,112.5,26306.0
2021-06-14 10:23:00,NSE:DCBBANK,112.4,112.4,112.15,112.3,22184.0
2021-06-14 10:24:00,NSE:DCBBANK,112.4,112.4,112.15,112.15,24464.0
2021-06-14 10:25:00,NSE:DCBBANK,112.3,112.65,112.15,112.5,28102.0
2021-06-14 10:26:00,NSE:DCBBANK,112.75,113.5,112.5,113.35,110524.0
2021-06-14 10:27:00,NSE:DCBBANK,113.6,113.75,113.15,113.15,72880.0
2021-06-14 10:28:00,NSE:DCBBANK,113.3,113.4,113.0,113.4,40679.0
2021-06-14 10:29:00,NSE:DCBBANK,113.25,113.35,112.85,112.85,36563.0
2021-06-14 10:30:00,NSE:DCBBANK,112.85,112.95,112.5,112.5,26162.0
2021-06-14 10:31:00,NSE:DCBBANK,112.45,112.75,112.25,112.75,45292.0
2021-06-14 10:32:00,NSE:DCBBANK,112.8,112.8,112.5,112.8,15940.0
2021-06-14 10:33:00,NSE:DCBBANK,112.8,113.05,112.6,112.9,30315.0
2021-06-14 10:34:00,NSE:DCBBANK,113.0,113.0,112.85,112.95,12255.0
2021-06-14 10:35:00,NSE:DCBBANK,112.6,112.7,112.4,112.5,29180.0
2021-06-14 10:36:00,NSE:DCBBANK,112.45,112.7,112.4,112.6,15377.0
2021-06-14 10:37:00,NSE:DCBBANK,112.55,112.9,112.55,112.7,19101.0
2021-06-14 10:38:00,NSE:DCBBANK,112.6,112.7,112.35,112.5,15612.0
2021-06-14 10:39:00,NSE:DCBBANK,112.5,112.55,111.85,111.95,39716.0
2021-06-14 10:40:00,NSE:DCBBANK,111.85,111.85,111.3,111.85,45189.0
2021-06-14 10:41:00,NSE:DCBBANK,111.8,112.1,111.65,112.1,14207.0
2021-06-14 10:42:00,NSE:DCBBANK,112.0,112.2,111.9,112.2,23070.0
2021-06-14 10:43:00,NSE:DCBBANK,112.15,112.2,111.95,112.1,16787.0
2021-06-14 10:44:00,NSE:DCBBANK,112.0,112.2,111.7,111.85,16157.0
2021-06-14 10:45:00,NSE:DCBBANK,111.95,112.0,111.8,111.85,10382.0
2021-06-14 10:46:00,NSE:DCBBANK,111.85,112.0,111.75,112.0,11393.0
2021-06-14 10:47:00,NSE:DCBBANK,112.0,112.0,111.85,112.0,6941.0
2021-06-14 10:48:00,NSE:DCBBANK,111.95,112.25,111.85,112.15,35011.0
2021-06-14 10:49:00,NSE:DCBBANK,112.2,112.2,111.95,112.15,10767.0
2021-06-14 10:50:00,NSE:DCBBANK,112.0,112.2,111.9,111.9,11121.0
2021-06-14 10:51:00,NSE:DCBBANK,112.0,112.2,111.9,111.95,20199.0
2021-06-14 10:52:00,NSE:DCBBANK,111.8,112.0,111.8,112.0,8885.0
2021-06-14 10:53:00,NSE:DCBBANK,111.9,112.0,111.9,112.0,7470.0
2021-06-14 10:54:00,NSE:DCBBANK,112.0,112.0,111.85,111.85,7435.0
2021-06-14 10:55:00,NSE:DCBBANK,111.8,111.8,111.4,111.6,26059.0
2021-06-14 10:56:00,NSE:DCBBANK,111.6,111.6,111.55,111.6,8592.0
2021-06-14 10:57:00,NSE:DCBBANK,111.55,111.95,111.55,111.85,8624.0
2021-06-14 10:58:00,NSE:DCBBANK,112.0,112.05,111.8,111.95,15665.0
2021-06-14 10:59:00,NSE:DCBBANK,111.95,111.95,111.75,111.9,4014.0
2021-06-14 11:00:00,NSE:DCBBANK,111.7,111.95,111.7,111.8,4728.0
2021-06-14 11:01:00,NSE:DCBBANK,111.9,112.15,111.85,112.0,11369.0
2021-06-14 11:02:00,NSE:DCBBANK,112.1,112.15,112.0,112.0,2911.0
2021-06-14 11:03:00,NSE:DCBBANK,112.2,112.4,112.05,112.2,14810.0
2021-06-14 11:04:00,NSE:DCBBANK,112.1,112.25,112.1,112.25,6397.0
2021-06-14 11:05:00,NSE:DCBBANK,112.1,112.25,112.05,112.05,11389.0
2021-06-14 11:06:00,NSE:DCBBANK,112.2,112.35,112.05,112.15,11950.0
2021-06-14 11:07:00,NSE:DCBBANK,112.15,112.2,112.0,112.0,9745.0
2021-06-14 11:08:00,NSE:DCBBANK,111.95,112.05,111.9,112.0,9890.0
2021-06-14 11:09:00,NSE:DCBBANK,112.2,112.2,112.0,112.05,10536.0
2021-06-14 11:10:00,NSE:DCBBANK,112.05,112.2,112.0,112.2,6945.0
2021-06-14 11:11:00,NSE:DCBBANK,112.15,112.4,112.15,112.4,34763.0
2021-06-14 11:12:00,NSE:DCBBANK,112.3,112.4,112.2,112.35,3638.0
2021-06-14 11:13:00,NSE:DCBBANK,112.25,113.0,112.25,113.0,68282.0
2021-06-14 11:14:00,NSE:DCBBANK,113.0,113.1,112.7,112.8,29806.0
2021-06-14 11:15:00,NSE:DCBBANK,112.8,112.9,112.65,112.85,17885.0
2021-06-14 11:16:00,NSE:DCBBANK,112.85,112.9,112.7,112.75,9051.0
2021-06-14 11:17:00,NSE:DCBBANK,112.75,112.9,112.65,112.8,3980.0
2021-06-14 11:18:00,NSE:DCBBANK,112.65,112.8,112.65,112.7,2095.0
2021-06-14 11:19:00,NSE:DCBBANK,112.75,112.75,112.6,112.6,7878.0
2021-06-14 11:20:00,NSE:DCBBANK,112.65,112.65,112.25,112.5,17760.0
2021-06-14 11:21:00,NSE:DCBBANK,112.5,112.6,112.35,112.5,7116.0
2021-06-14 11:22:00,NSE:DCBBANK,112.4,112.55,112.1,112.1,13022.0
2021-06-14 11:23:00,NSE:DCBBANK,112.1,112.3,112.1,112.25,7958.0
2021-06-14 11:24:00,NSE:DCBBANK,112.15,112.3,112.1,112.25,7693.0
2021-06-14 11:25:00,NSE:DCBBANK,112.25,112.25,112.05,112.1,3245.0
2021-06-14 11:26:00,NSE:DCBBANK,112.25,112.3,112.15,112.25,8221.0
2021-06-14 11:27:00,NSE:DCBBANK,112.25,112.3,112.25,112.3,5774.0
2021-06-14 11:28:00,NSE:DCBBANK,112.25,112.55,112.25,112.5,10825.0
2021-06-14 11:29:00,NSE:DCBBANK,112.45,112.6,112.3,112.45,3527.0
2021-06-14 11:30:00,NSE:DCBBANK,112.3,112.5,112.3,112.45,7159.0
2021-06-14 11:31:00,NSE:DCBBANK,112.2,112.4,112.2,112.2,4432.0
2021-06-14 11:32:00,NSE:DCBBANK,112.3,112.3,112.1,112.2,5304.0
2021-06-14 11:33:00,NSE:DCBBANK,112.2,112.3,112.15,112.2,5896.0
2021-06-14 11:34:00,NSE:DCBBANK,112.2,112.45,112.2,112.35,5785.0
2021-06-14 11:35:00,NSE:DCBBANK,112.35,112.45,112.25,112.25,5007.0
2021-06-14 11:36:00,NSE:DCBBANK,112.3,112.35,112.15,112.25,8203.0
2021-06-14 11:37:00,NSE:DCBBANK,112.15,112.25,112.05,112.05,5559.0
2021-06-14 11:38:00,NSE:DCBBANK,112.0,112.2,112.0,112.1,4102.0
2021-06-14 11:39:00,NSE:DCBBANK,112.1,112.3,112.1,112.2,5379.0
2021-06-14 11:40:00,NSE:DCBBANK,112.15,112.3,112.1,112.3,7776.0
2021-06-14 11:41:00,NSE:DCBBANK,112.1,112.3,112.1,112.25,2094.0
2021-06-14 11:42:00,NSE:DCBBANK,112.3,112.3,112.15,112.15,3187.0
2021-06-14 11:43:00,NSE:DCBBANK,112.3,112.3,112.1,112.15,7734.0
2021-06-14 11:44:00,NSE:DCBBANK,112.3,112.3,112.15,112.15,1757.0
2021-06-14 11:45:00,NSE:DCBBANK,112.1,112.25,112.1,112.1,1606.0
2021-06-14 11:46:00,NSE:DCBBANK,112.2,112.2,112.1,112.2,4519.0
2021-06-14 11:47:00,NSE:DCBBANK,112.05,112.2,112.05,112.1,4541.0
2021-06-14 11:48:00,NSE:DCBBANK,112.2,112.2,112.0,112.15,5107.0
2021-06-14 11:49:00,NSE:DCBBANK,112.15,112.25,112.0,112.2,4113.0
2021-06-14 11:50:00,NSE:DCBBANK,112.1,112.2,112.05,112.2,1141.0
2021-06-14 11:51:00,NSE:DCBBANK,112.1,112.3,112.1,112.2,11712.0
2021-06-14 11:52:00,NSE:DCBBANK,112.25,112.3,112.2,112.3,1226.0
2021-06-14 11:53:00,NSE:DCBBANK,112.3,112.35,112.2,112.3,4446.0
2021-06-14 11:54:00,NSE:DCBBANK,112.3,112.35,112.15,112.15,3759.0
2021-06-14 11:55:00,NSE:DCBBANK,112.25,112.3,112.1,112.2,7473.0
2021-06-14 11:56:00,NSE:DCBBANK,112.3,112.45,112.3,112.3,7656.0
2021-06-14 11:57:00,NSE:DCBBANK,112.35,112.45,112.25,112.45,2805.0
2021-06-14 11:58:00,NSE:DCBBANK,112.4,112.45,112.3,112.45,2942.0
2021-06-14 11:59:00,NSE:DCBBANK,112.45,112.45,112.3,112.4,3065.0
2021-06-14 12:00:00,NSE:DCBBANK,112.3,112.4,112.25,112.25,2228.0
2021-06-14 12:01:00,NSE:DCBBANK,112.2,112.3,112.1,112.15,6260.0
2021-06-14 12:02:00,NSE:DCBBANK,112.15,112.25,112.05,112.05,4119.0
2021-06-14 12:03:00,NSE:DCBBANK,112.05,112.25,112.05,112.2,2302.0
2021-06-14 12:04:00,NSE:DCBBANK,112.05,112.25,112.05,112.05,3036.0
2021-06-14 12:05:00,NSE:DCBBANK,112.0,112.25,111.9,112.15,39072.0
2021-06-14 12:06:00,NSE:DCBBANK,112.15,112.25,111.85,111.9,11653.0
2021-06-14 12:07:00,NSE:DCBBANK,111.9,112.2,111.9,112.05,4316.0
2021-06-14 12:08:00,NSE:DCBBANK,112.05,112.15,112.05,112.1,1526.0
2021-06-14 12:09:00,NSE:DCBBANK,112.05,112.1,111.95,111.95,3920.0
2021-06-14 12:10:00,NSE:DCBBANK,111.95,112.1,111.9,112.0,4242.0
2021-06-14 12:11:00,NSE:DCBBANK,112.1,112.1,111.85,111.9,1831.0
2021-06-14 12:12:00,NSE:DCBBANK,111.9,112.0,111.9,111.9,1504.0
2021-06-14 12:13:00,NSE:DCBBANK,112.0,112.0,111.9,111.9,852.0
2021-06-14 12:14:00,NSE:DCBBANK,111.9,112.0,111.9,111.9,1242.0
2021-06-14 12:15:00,NSE:DCBBANK,111.9,111.9,111.8,111.8,14524.0
2021-06-14 12:16:00,NSE:DCBBANK,111.8,111.9,111.8,111.85,6437.0
2021-06-14 12:17:00,NSE:DCBBANK,111.95,111.95,111.8,111.8,2955.0
2021-06-14 12:18:00,NSE:DCBBANK,111.8,111.9,111.75,111.9,2946.0
2021-06-14 12:19:00,NSE:DCBBANK,111.95,111.95,111.75,111.85,6914.0
2021-06-14 12:20:00,NSE:DCBBANK,111.75,111.75,111.7,111.7,2472.0
2021-06-14 12:21:00,NSE:DCBBANK,111.75,111.8,111.75,111.8,2352.0
2021-06-14 12:22:00,NSE:DCBBANK,111.75,112.05,111.75,112.0,8672.0
2021-06-14 12:23:00,NSE:DCBBANK,112.05,112.05,111.9,112.0,5144.0
2021-06-14 12:24:00,NSE:DCBBANK,111.9,112.25,111.9,112.2,10292.0
2021-06-14 12:25:00,NSE:DCBBANK,112.2,112.2,111.95,111.95,8313.0
2021-06-14 12:26:00,NSE:DCBBANK,111.9,112.1,111.9,112.0,2274.0
2021-06-14 12:27:00,NSE:DCBBANK,112.1,112.15,112.0,112.15,2415.0
2021-06-14 12:28:00,NSE:DCBBANK,112.1,112.15,112.05,112.1,3896.0
2021-06-14 12:29:00,NSE:DCBBANK,112.05,112.15,111.95,111.95,5720.0
2021-06-14 12:30:00,NSE:DCBBANK,111.9,111.95,111.8,111.9,2271.0
2021-06-14 12:31:00,NSE:DCBBANK,112.0,112.1,112.0,112.1,2227.0
2021-06-14 12:32:00,NSE:DCBBANK,112.05,112.1,111.9,111.9,1015.0
2021-06-14 12:33:00,NSE:DCBBANK,111.9,112.0,111.85,112.0,1028.0
2021-06-14 12:34:00,NSE:DCBBANK,112.0,112.05,111.85,111.85,4001.0
2021-06-14 12:35:00,NSE:DCBBANK,111.8,111.95,111.8,111.9,3362.0
2021-06-14 12:36:00,NSE:DCBBANK,112.0,112.05,111.9,112.05,5065.0
2021-06-14 12:37:00,NSE:DCBBANK,112.05,112.2,112.0,112.15,11622.0
2021-06-14 12:38:00,NSE:DCBBANK,112.2,112.2,111.95,111.95,12013.0
2021-06-14 12:39:00,NSE:DCBBANK,111.95,112.05,111.9,111.95,3613.0
2021-06-14 12:40:00,NSE:DCBBANK,111.85,112.0,111.8,111.8,3115.0
2021-06-14 12:41:00,NSE:DCBBANK,111.95,112.0,111.8,111.9,1470.0
2021-06-14 12:42:00,NSE:DCBBANK,112.0,112.0,111.85,112.0,2141.0
2021-06-14 12:43:00,NSE:DCBBANK,112.0,112.0,111.85,111.85,1221.0
2021-06-14 12:44:00,NSE:DCBBANK,112.0,112.0,111.8,111.8,5811.0
2021-06-14 12:45:00,NSE:DCBBANK,111.85,111.9,111.75,111.9,9230.0
2021-06-14 12:46:00,NSE:DCBBANK,111.95,112.0,111.9,111.9,1152.0
2021-06-14 12:47:00,NSE:DCBBANK,111.95,112.0,111.95,111.95,2535.0
2021-06-14 12:48:00,NSE:DCBBANK,111.95,112.05,111.9,112.0,2251.0
2021-06-14 12:49:00,NSE:DCBBANK,111.9,112.0,111.9,112.0,1063.0
2021-06-14 12:50:00,NSE:DCBBANK,111.9,112.1,111.9,112.1,8277.0
2021-06-14 12:51:00,NSE:DCBBANK,112.2,112.2,112.05,112.2,1659.0
2021-06-14 12:52:00,NSE:DCBBANK,112.2,112.2,112.1,112.1,3298.0
2021-06-14 12:53:00,NSE:DCBBANK,112.15,112.2,112.15,112.15,1017.0
2021-06-14 12:54:00,NSE:DCBBANK,112.1,112.3,112.05,112.3,4833.0
2021-06-14 12:55:00,NSE:DCBBANK,112.2,112.25,112.05,112.15,1630.0
2021-06-14 12:56:00,NSE:DCBBANK,112.2,112.3,112.2,112.2,8936.0
2021-06-14 12:57:00,NSE:DCBBANK,112.3,112.3,112.2,112.2,164.0
2021-06-14 12:58:00,NSE:DCBBANK,112.25,112.3,112.2,112.3,2130.0
2021-06-14 12:59:00,NSE:DCBBANK,112.3,112.3,112.15,112.25,1819.0
2021-06-14 13:00:00,NSE:DCBBANK,112.15,112.25,112.1,112.2,1963.0
2021-06-14 13:01:00,NSE:DCBBANK,112.2,112.25,112.1,112.2,5574.0
2021-06-14 13:02:00,NSE:DCBBANK,112.25,112.3,112.25,112.25,515.0
2021-06-14 13:03:00,NSE:DCBBANK,112.2,112.25,112.05,112.05,9165.0
2021-06-14 13:04:00,NSE:DCBBANK,112.15,112.2,112.05,112.05,1743.0
2021-06-14 13:05:00,NSE:DCBBANK,112.1,112.2,112.05,112.2,5306.0
2021-06-14 13:06:00,NSE:DCBBANK,112.1,112.15,112.05,112.1,5508.0
2021-06-14 13:07:00,NSE:DCBBANK,112.15,112.25,112.1,112.25,1247.0
2021-06-14 13:08:00,NSE:DCBBANK,112.25,112.25,112.15,112.15,640.0
2021-06-14 13:09:00,NSE:DCBBANK,112.15,112.2,112.1,112.1,1999.0
2021-06-14 13:10:00,NSE:DCBBANK,112.15,112.25,112.1,112.2,7108.0
2021-06-14 13:11:00,NSE:DCBBANK,112.2,112.25,112.1,112.15,2672.0
2021-06-14 13:12:00,NSE:DCBBANK,112.1,112.2,112.1,112.1,2436.0
2021-06-14 13:13:00,NSE:DCBBANK,112.2,112.2,112.05,112.1,4776.0
2021-06-14 13:14:00,NSE:DCBBANK,112.1,112.2,112.1,112.15,2553.0
2021-06-14 13:15:00,NSE:DCBBANK,112.15,112.25,112.1,112.25,546.0
2021-06-14 13:16:00,NSE:DCBBANK,112.2,112.25,112.1,112.1,1768.0
2021-06-14 13:17:00,NSE:DCBBANK,112.2,112.25,112.1,112.2,7769.0
2021-06-14 13:18:00,NSE:DCBBANK,112.2,112.2,112.1,112.2,1357.0
2021-06-14 13:19:00,NSE:DCBBANK,112.2,112.2,112.1,112.1,683.0
2021-06-14 13:20:00,NSE:DCBBANK,112.1,112.2,112.1,112.1,1987.0
2021-06-14 13:21:00,NSE:DCBBANK,112.2,112.3,112.1,112.25,12229.0
2021-06-14 13:22:00,NSE:DCBBANK,112.25,112.6,112.2,112.6,29985.0
2021-06-14 13:23:00,NSE:DCBBANK,112.75,112.8,112.65,112.7,21597.0
2021-06-14 13:24:00,NSE:DCBBANK,112.65,112.65,112.3,112.35,14136.0
2021-06-14 13:25:00,NSE:DCBBANK,112.3,112.5,112.15,112.25,15951.0
2021-06-14 13:26:00,NSE:DCBBANK,112.25,112.25,112.15,112.25,4269.0
2021-06-14 13:27:00,NSE:DCBBANK,112.25,112.25,112.15,112.2,1749.0
2021-06-14 13:28:00,NSE:DCBBANK,112.25,112.25,112.15,112.15,2152.0
2021-06-14 13:29:00,NSE:DCBBANK,112.15,112.3,112.15,112.3,1746.0
2021-06-14 13:30:00,NSE:DCBBANK,112.3,112.5,112.2,112.3,6420.0
2021-06-14 13:31:00,NSE:DCBBANK,112.4,112.55,112.3,112.3,7172.0
2021-06-14 13:32:00,NSE:DCBBANK,112.45,112.55,112.35,112.45,3669.0
2021-06-14 13:33:00,NSE:DCBBANK,112.55,112.55,112.4,112.4,6070.0
2021-06-14 13:34:00,NSE:DCBBANK,112.45,112.5,112.4,112.5,750.0
2021-06-14 13:35:00,NSE:DCBBANK,112.4,112.5,112.4,112.5,4853.0
2021-06-14 13:36:00,NSE:DCBBANK,112.45,112.5,112.4,112.4,4575.0
2021-06-14 13:37:00,NSE:DCBBANK,112.4,112.5,112.3,112.3,1542.0
2021-06-14 13:38:00,NSE:DCBBANK,112.3,112.4,112.3,112.4,703.0
2021-06-14 13:39:00,NSE:DCBBANK,112.4,112.4,112.25,112.25,6928.0
2021-06-14 13:40:00,NSE:DCBBANK,112.3,112.35,112.25,112.3,1940.0
2021-06-14 13:41:00,NSE:DCBBANK,112.15,112.3,112.15,112.3,4255.0
2021-06-14 13:42:00,NSE:DCBBANK,112.3,112.3,112.15,112.2,3491.0
2021-06-14 13:43:00,NSE:DCBBANK,112.2,112.25,112.15,112.15,4507.0
2021-06-14 13:44:00,NSE:DCBBANK,112.25,112.35,112.2,112.3,1352.0
2021-06-14 13:45:00,NSE:DCBBANK,112.35,112.35,112.15,112.15,3236.0
2021-06-14 13:46:00,NSE:DCBBANK,112.3,112.4,112.2,112.4,1665.0
2021-06-14 13:47:00,NSE:DCBBANK,112.3,112.4,112.3,112.4,910.0
2021-06-14 13:48:00,NSE:DCBBANK,112.3,112.4,112.3,112.35,828.0
2021-06-14 13:49:00,NSE:DCBBANK,112.3,112.4,112.3,112.3,1884.0
2021-06-14 13:50:00,NSE:DCBBANK,112.4,112.4,112.3,112.4,726.0
2021-06-14 13:51:00,NSE:DCBBANK,112.2,112.3,112.15,112.25,2938.0
2021-06-14 13:52:00,NSE:DCBBANK,112.15,112.25,112.15,112.15,1307.0
2021-06-14 13:53:00,NSE:DCBBANK,112.15,112.4,112.15,112.4,3934.0
2021-06-14 13:54:00,NSE:DCBBANK,112.25,112.4,112.25,112.3,1752.0
2021-06-14 13:55:00,NSE:DCBBANK,112.25,112.4,112.25,112.25,3754.0
2021-06-14 13:56:00,NSE:DCBBANK,112.4,112.4,112.25,112.25,1943.0
2021-06-14 13:57:00,NSE:DCBBANK,112.25,112.3,112.2,112.2,5863.0
2021-06-14 13:58:00,NSE:DCBBANK,112.2,112.25,112.15,112.15,7794.0
2021-06-14 13:59:00,NSE:DCBBANK,112.15,112.3,112.05,112.1,13731.0
2021-06-14 14:00:00,NSE:DCBBANK,112.05,112.2,112.05,112.15,2217.0
2021-06-14 14:01:00,NSE:DCBBANK,112.05,112.15,112.05,112.15,2639.0
2021-06-14 14:02:00,NSE:DCBBANK,112.25,112.25,112.1,112.2,6153.0
2021-06-14 14:03:00,NSE:DCBBANK,112.25,112.25,112.05,112.1,1116.0
2021-06-14 14:04:00,NSE:DCBBANK,112.1,112.2,112.05,112.15,2986.0
2021-06-14 14:05:00,NSE:DCBBANK,112.15,112.15,111.75,111.75,32799.0
2021-06-14 14:06:00,NSE:DCBBANK,111.75,112.0,111.75,112.0,9737.0
2021-06-14 14:07:00,NSE:DCBBANK,111.85,112.0,111.85,111.85,3727.0
2021-06-14 14:08:00,NSE:DCBBANK,111.85,112.15,111.85,112.15,7283.0
2021-06-14 14:09:00,NSE:DCBBANK,112.05,112.15,112.0,112.15,397.0
2021-06-14 14:10:00,NSE:DCBBANK,112.0,112.15,112.0,112.0,8640.0
2021-06-14 14:11:00,NSE:DCBBANK,112.0,112.15,112.0,112.1,2633.0
2021-06-14 14:12:00,NSE:DCBBANK,112.1,112.1,112.0,112.1,1334.0
2021-06-14 14:13:00,NSE:DCBBANK,112.1,112.15,112.0,112.0,1743.0
2021-06-14 14:14:00,NSE:DCBBANK,112.15,112.15,112.0,112.1,962.0
2021-06-14 14:15:00,NSE:DCBBANK,112.15,112.15,111.9,111.9,12050.0
2021-06-14 14:16:00,NSE:DCBBANK,112.0,112.0,111.85,111.9,3366.0
2021-06-14 14:17:00,NSE:DCBBANK,112.0,112.05,111.9,112.0,4869.0
2021-06-14 14:18:00,NSE:DCBBANK,112.05,112.1,111.95,112.05,3686.0
2021-06-14 14:19:00,NSE:DCBBANK,112.05,112.05,112.0,112.05,1216.0
2021-06-14 14:20:00,NSE:DCBBANK,112.0,112.1,111.95,111.95,2424.0
2021-06-14 14:21:00,NSE:DCBBANK,111.95,112.1,111.95,112.1,1367.0
2021-06-14 14:22:00,NSE:DCBBANK,112.05,112.1,111.95,112.05,3210.0
2021-06-14 14:23:00,NSE:DCBBANK,112.1,112.1,111.95,112.0,22132.0
2021-06-14 14:24:00,NSE:DCBBANK,111.95,112.0,111.9,111.9,2030.0
2021-06-14 14:25:00,NSE:DCBBANK,111.9,112.15,111.9,112.05,20564.0
2021-06-14 14:26:00,NSE:DCBBANK,112.15,112.2,112.0,112.15,7248.0
2021-06-14 14:27:00,NSE:DCBBANK,112.1,112.2,112.0,112.05,3845.0
2021-06-14 14:28:00,NSE:DCBBANK,112.2,112.2,112.0,112.1,3987.0
2021-06-14 14:29:00,NSE:DCBBANK,112.05,112.15,112.0,112.1,6103.0
2021-06-14 14:30:00,NSE:DCBBANK,112.2,112.2,112.1,112.1,4474.0
2021-06-14 14:31:00,NSE:DCBBANK,112.05,112.15,112.0,112.1,3163.0
2021-06-14 14:32:00,NSE:DCBBANK,112.15,112.15,112.1,112.15,1013.0
2021-06-14 14:33:00,NSE:DCBBANK,112.15,112.15,112.1,112.1,1645.0
2021-06-14 14:34:00,NSE:DCBBANK,112.15,112.2,112.1,112.1,2574.0
2021-06-14 14:35:00,NSE:DCBBANK,112.1,112.15,112.1,112.15,2663.0
2021-06-14 14:36:00,NSE:DCBBANK,112.15,112.15,112.1,112.15,10905.0
2021-06-14 14:37:00,NSE:DCBBANK,112.15,112.15,112.05,112.05,1219.0
2021-06-14 14:38:00,NSE:DCBBANK,112.1,112.35,112.1,112.15,33746.0
2021-06-14 14:39:00,NSE:DCBBANK,112.25,112.25,111.75,112.0,38263.0
2021-06-14 14:40:00,NSE:DCBBANK,112.1,112.3,112.05,112.3,8666.0
2021-06-14 14:41:00,NSE:DCBBANK,112.3,112.3,112.1,112.15,1073.0
2021-06-14 14:42:00,NSE:DCBBANK,112.15,112.2,112.1,112.15,2385.0
2021-06-14 14:43:00,NSE:DCBBANK,112.15,112.4,112.15,112.4,12198.0
2021-06-14 14:44:00,NSE:DCBBANK,112.4,112.4,112.25,112.35,6467.0
2021-06-14 14:45:00,NSE:DCBBANK,112.25,112.35,112.2,112.2,14507.0
2021-06-14 14:46:00,NSE:DCBBANK,112.2,112.3,112.2,112.25,2792.0
2021-06-14 14:47:00,NSE:DCBBANK,112.2,112.25,111.85,112.2,22805.0
2021-06-14 14:48:00,NSE:DCBBANK,112.15,112.15,112.05,112.15,1781.0
2021-06-14 14:49:00,NSE:DCBBANK,112.1,112.15,112.05,112.05,2868.0
2021-06-14 14:50:00,NSE:DCBBANK,112.05,112.15,112.05,112.1,5942.0
2021-06-14 14:51:00,NSE:DCBBANK,112.1,112.3,112.05,112.3,24405.0
2021-06-14 14:52:00,NSE:DCBBANK,112.2,112.3,112.1,112.25,1068.0
2021-06-14 14:53:00,NSE:DCBBANK,112.1,112.25,112.1,112.1,6304.0
2021-06-14 14:54:00,NSE:DCBBANK,112.15,112.2,112.05,112.2,6008.0
2021-06-14 14:55:00,NSE:DCBBANK,112.1,112.2,112.1,112.2,8865.0
2021-06-14 14:56:00,NSE:DCBBANK,112.15,112.25,112.1,112.1,6959.0
2021-06-14 14:57:00,NSE:DCBBANK,112.25,112.25,112.1,112.2,4987.0
2021-06-14 14:58:00,NSE:DCBBANK,112.2,112.2,112.1,112.15,10720.0
2021-06-14 14:59:00,NSE:DCBBANK,112.2,112.2,112.1,112.1,3581.0
2021-06-14 15:00:00,NSE:DCBBANK,112.1,112.2,111.8,112.2,29790.0
2021-06-14 15:01:00,NSE:DCBBANK,112.05,112.1,111.85,111.95,9272.0
2021-06-14 15:02:00,NSE:DCBBANK,112.0,112.0,111.8,111.8,5929.0
2021-06-14 15:03:00,NSE:DCBBANK,111.8,111.9,111.8,111.8,6666.0
2021-06-14 15:04:00,NSE:DCBBANK,111.9,112.0,111.8,111.9,14026.0
2021-06-14 15:05:00,NSE:DCBBANK,111.9,112.0,111.9,111.95,11332.0
2021-06-14 15:06:00,NSE:DCBBANK,111.9,112.0,111.85,112.0,5791.0
2021-06-14 15:07:00,NSE:DCBBANK,112.0,112.0,111.8,111.85,7317.0
2021-06-14 15:08:00,NSE:DCBBANK,111.9,111.95,111.85,111.85,8439.0
2021-06-14 15:09:00,NSE:DCBBANK,111.85,112.0,111.85,112.0,13589.0
2021-06-14 15:10:00,NSE:DCBBANK,111.85,112.0,111.85,111.85,17802.0
2021-06-14 15:11:00,NSE:DCBBANK,111.9,111.9,111.65,111.7,32967.0
2021-06-14 15:12:00,NSE:DCBBANK,111.65,111.7,111.1,111.3,40266.0
2021-06-14 15:13:00,NSE:DCBBANK,111.25,111.6,111.25,111.6,12969.0
2021-06-14 15:14:00,NSE:DCBBANK,111.6,111.6,111.25,111.25,14724.0
2021-06-14 15:15:00,NSE:DCBBANK,111.35,111.4,110.9,110.9,50841.0
2021-06-14 15:16:00,NSE:DCBBANK,110.95,111.0,110.55,110.95,26471.0
2021-06-14 15:17:00,NSE:DCBBANK,110.85,111.2,110.75,111.2,24895.0
2021-06-14 15:18:00,NSE:DCBBANK,111.2,111.3,110.9,111.3,34851.0
2021-06-14 15:19:00,NSE:DCBBANK,111.1,111.55,111.1,111.4,21028.0
2021-06-14 15:20:00,NSE:DCBBANK,111.5,111.7,111.05,111.2,20849.0
2021-06-14 15:21:00,NSE:DCBBANK,111.35,111.45,110.85,111.15,61059.0
2021-06-14 15:22:00,NSE:DCBBANK,110.9,111.0,110.9,111.0,14018.0
2021-06-14 15:23:00,NSE:DCBBANK,110.9,110.9,110.75,110.85,18306.0
2021-06-14 15:24:00,NSE:DCBBANK,110.85,111.25,110.85,111.1,11759.0
2021-06-14 15:25:00,NSE:DCBBANK,111.1,111.35,111.1,111.35,11354.0
2021-06-14 15:26:00,NSE:DCBBANK,111.3,111.35,110.95,111.25,24007.0
2021-06-14 15:27:00,NSE:DCBBANK,111.2,111.25,111.05,111.05,11847.0
2021-06-14 15:28:00,NSE:DCBBANK,111.1,111.15,111.0,111.0,13120.0
2021-06-14 15:29:00,NSE:DCBBANK,111.0,111.15,110.9,111.0,15707.0
2021-06-14 15:30:00,NSE:DCBBANK,111.0,111.0,111.0,111.0,255.0
2021-06-14 15:40:00,NSE:DCBBANK,111.35,111.35,111.0,111.0,700.0
2021-06-15 09:07:00,NSE:DCBBANK,111.8,111.8,111.8,111.8,7792.0
2021-06-15 09:15:00,NSE:DCBBANK,111.85,112.6,111.7,112.35,33780.0
2021-06-15 09:16:00,NSE:DCBBANK,112.45,112.75,112.1,112.6,33222.0
2021-06-15 09:17:00,NSE:DCBBANK,112.6,112.6,112.35,112.45,19431.0
2021-06-15 09:18:00,NSE:DCBBANK,112.35,112.35,112.05,112.05,18992.0
2021-06-15 09:19:00,NSE:DCBBANK,112.05,112.5,112.05,112.45,17728.0
2021-06-15 09:20:00,NSE:DCBBANK,112.5,112.7,112.4,112.6,27356.0
2021-06-15 09:21:00,NSE:DCBBANK,112.6,112.9,112.45,112.45,31864.0
2021-06-15 09:22:00,NSE:DCBBANK,112.55,112.7,112.4,112.55,22759.0
2021-06-15 09:23:00,NSE:DCBBANK,112.6,112.6,112.25,112.25,7209.0
2021-06-15 09:24:00,NSE:DCBBANK,112.35,112.45,112.35,112.35,10654.0
2021-06-15 09:25:00,NSE:DCBBANK,112.35,112.45,112.25,112.4,16162.0
2021-06-15 09:26:00,NSE:DCBBANK,112.45,112.45,112.3,112.35,9576.0
2021-06-15 09:27:00,NSE:DCBBANK,112.35,112.55,112.3,112.45,13459.0
2021-06-15 09:28:00,NSE:DCBBANK,112.5,112.55,112.3,112.4,11236.0
2021-06-15 09:29:00,NSE:DCBBANK,112.4,112.4,112.25,112.3,9920.0
2021-06-15 09:30:00,NSE:DCBBANK,112.4,112.4,112.2,112.35,14813.0
2021-06-15 09:31:00,NSE:DCBBANK,112.2,112.35,112.15,112.2,8961.0
2021-06-15 09:32:00,NSE:DCBBANK,112.3,112.3,111.9,112.15,30277.0
2021-06-15 09:33:00,NSE:DCBBANK,112.1,112.4,112.0,112.4,11307.0
2021-06-15 09:34:00,NSE:DCBBANK,112.45,112.5,112.0,112.15,17349.0
2021-06-15 09:35:00,NSE:DCBBANK,112.05,112.25,112.05,112.15,10716.0
2021-06-15 09:36:00,NSE:DCBBANK,112.05,112.15,112.0,112.15,2612.0
2021-06-15 09:37:00,NSE:DCBBANK,112.05,112.2,111.85,111.9,12942.0
2021-06-15 09:38:00,NSE:DCBBANK,112.0,112.0,111.75,111.9,17824.0
2021-06-15 09:39:00,NSE:DCBBANK,111.9,111.9,111.55,111.75,11108.0
2021-06-15 09:40:00,NSE:DCBBANK,111.8,111.85,111.55,111.55,11843.0
2021-06-15 09:41:00,NSE:DCBBANK,111.55,111.8,111.55,111.8,5107.0
2021-06-15 09:42:00,NSE:DCBBANK,111.7,112.05,111.7,112.0,16276.0
2021-06-15 09:43:00,NSE:DCBBANK,112.0,112.4,111.9,112.25,7588.0
2021-06-15 09:44:00,NSE:DCBBANK,112.3,112.4,112.3,112.3,3647.0
2021-06-15 09:45:00,NSE:DCBBANK,112.3,112.4,112.05,112.2,14152.0
2021-06-15 09:46:00,NSE:DCBBANK,112.2,112.2,111.9,112.1,10879.0
2021-06-15 09:47:00,NSE:DCBBANK,111.95,112.2,111.95,112.05,7747.0
2021-06-15 09:48:00,NSE:DCBBANK,112.05,112.05,111.9,112.05,4855.0
2021-06-15 09:49:00,NSE:DCBBANK,112.0,112.0,111.9,112.0,5857.0
2021-06-15 09:50:00,NSE:DCBBANK,112.0,112.0,111.8,111.8,519.0
2021-06-15 09:51:00,NSE:DCBBANK,111.8,111.85,111.8,111.85,4603.0
2021-06-15 09:52:00,NSE:DCBBANK,111.85,112.0,111.8,111.95,6266.0
2021-06-15 09:53:00,NSE:DCBBANK,112.0,112.2,111.9,112.2,9522.0
2021-06-15 09:54:00,NSE:DCBBANK,112.1,112.2,112.05,112.15,2459.0
2021-06-15 09:55:00,NSE:DCBBANK,112.1,112.35,112.05,112.3,11662.0
2021-06-15 09:56:00,NSE:DCBBANK,112.3,112.35,112.15,112.15,7808.0
2021-06-15 09:57:00,NSE:DCBBANK,112.2,112.45,112.2,112.35,11364.0
2021-06-15 09:58:00,NSE:DCBBANK,112.3,112.5,112.3,112.4,33176.0
2021-06-15 09:59:00,NSE:DCBBANK,112.3,112.45,112.3,112.35,3493.0
2021-06-15 10:00:00,NSE:DCBBANK,112.45,112.45,112.2,112.2,5405.0
2021-06-15 10:01:00,NSE:DCBBANK,112.2,112.25,112.05,112.15,4048.0
2021-06-15 10:02:00,NSE:DCBBANK,112.15,112.15,111.75,111.9,17621.0
2021-06-15 10:03:00,NSE:DCBBANK,111.8,112.0,111.8,111.95,7064.0
2021-06-15 10:04:00,NSE:DCBBANK,111.9,111.9,111.8,111.9,1993.0
2021-06-15 10:05:00,NSE:DCBBANK,111.9,111.9,111.6,111.7,19131.0
2021-06-15 10:06:00,NSE:DCBBANK,111.65,111.8,111.65,111.65,4948.0
2021-06-15 10:07:00,NSE:DCBBANK,111.8,112.0,111.7,111.85,15397.0
2021-06-15 10:08:00,NSE:DCBBANK,112.0,112.0,111.9,112.0,1556.0
2021-06-15 10:09:00,NSE:DCBBANK,111.95,112.0,111.9,112.0,1064.0
2021-06-15 10:10:00,NSE:DCBBANK,111.95,112.0,111.8,111.95,4779.0
2021-06-15 10:11:00,NSE:DCBBANK,111.95,112.0,111.8,111.85,3376.0
2021-06-15 10:12:00,NSE:DCBBANK,111.85,111.95,111.8,111.95,734.0
2021-06-15 10:13:00,NSE:DCBBANK,111.8,111.9,111.8,111.85,2733.0
2021-06-15 10:14:00,NSE:DCBBANK,111.85,111.95,111.8,111.95,2015.0
2021-06-15 10:15:00,NSE:DCBBANK,111.95,111.95,111.8,111.85,4933.0
2021-06-15 10:16:00,NSE:DCBBANK,111.85,112.15,111.85,112.15,13389.0
2021-06-15 10:17:00,NSE:DCBBANK,112.0,112.2,112.0,112.0,11956.0
2021-06-15 10:18:00,NSE:DCBBANK,112.1,112.1,112.0,112.0,993.0
2021-06-15 10:19:00,NSE:DCBBANK,112.05,112.15,112.0,112.15,4896.0
2021-06-15 10:20:00,NSE:DCBBANK,112.0,112.25,112.0,112.15,5658.0
2021-06-15 10:21:00,NSE:DCBBANK,112.15,112.4,112.05,112.2,12375.0
2021-06-15 10:22:00,NSE:DCBBANK,112.2,112.3,112.1,112.3,3263.0
2021-06-15 10:23:00,NSE:DCBBANK,112.15,112.25,112.05,112.1,6244.0
2021-06-15 10:24:00,NSE:DCBBANK,112.2,112.25,112.1,112.15,170.0
2021-06-15 10:25:00,NSE:DCBBANK,112.15,112.2,112.1,112.1,1590.0
2021-06-15 10:26:00,NSE:DCBBANK,112.1,112.2,112.1,112.15,1849.0
2021-06-15 10:27:00,NSE:DCBBANK,112.15,112.15,112.0,112.0,3771.0
2021-06-15 10:28:00,NSE:DCBBANK,112.1,112.1,112.0,112.0,1338.0
2021-06-15 10:29:00,NSE:DCBBANK,112.0,112.1,111.9,112.1,2650.0
2021-06-15 10:30:00,NSE:DCBBANK,112.0,112.1,112.0,112.0,421.0
2021-06-15 10:31:00,NSE:DCBBANK,112.0,112.1,112.0,112.0,3313.0
2021-06-15 10:32:00,NSE:DCBBANK,112.0,112.0,111.9,112.0,3749.0
2021-06-15 10:33:00,NSE:DCBBANK,111.95,112.0,111.95,112.0,2875.0
2021-06-15 10:34:00,NSE:DCBBANK,111.95,112.0,111.85,111.85,4308.0
2021-06-15 10:35:00,NSE:DCBBANK,111.95,112.15,111.85,112.15,13924.0
2021-06-15 10:36:00,NSE:DCBBANK,112.0,112.1,111.9,112.1,1511.0
2021-06-15 10:37:00,NSE:DCBBANK,112.1,112.15,112.0,112.05,4653.0
2021-06-15 10:38:00,NSE:DCBBANK,112.05,112.05,111.95,112.05,2086.0
2021-06-15 10:39:00,NSE:DCBBANK,112.05,112.1,112.0,112.0,3835.0
2021-06-15 10:40:00,NSE:DCBBANK,112.0,112.0,111.95,111.95,4115.0
2021-06-15 10:41:00,NSE:DCBBANK,112.1,112.1,111.9,111.9,3225.0
2021-06-15 10:42:00,NSE:DCBBANK,111.9,112.05,111.9,112.0,5966.0
2021-06-15 10:43:00,NSE:DCBBANK,112.0,112.05,111.9,112.05,7848.0
2021-06-15 10:44:00,NSE:DCBBANK,112.0,112.0,111.9,111.9,10086.0
2021-06-15 10:45:00,NSE:DCBBANK,111.9,112.05,111.9,112.05,5267.0
2021-06-15 10:46:00,NSE:DCBBANK,112.05,112.1,111.9,112.1,1115.0
2021-06-15 10:47:00,NSE:DCBBANK,111.95,112.1,111.95,111.95,827.0
2021-06-15 10:48:00,NSE:DCBBANK,111.95,112.2,111.95,112.1,9181.0
2021-06-15 10:49:00,NSE:DCBBANK,112.1,112.25,112.05,112.05,3138.0
2021-06-15 10:50:00,NSE:DCBBANK,112.05,112.2,112.0,112.15,2973.0
2021-06-15 10:51:00,NSE:DCBBANK,112.2,112.25,112.05,112.05,2702.0
2021-06-15 10:52:00,NSE:DCBBANK,112.05,112.2,112.05,112.05,2858.0
2021-06-15 10:53:00,NSE:DCBBANK,112.2,112.2,112.05,112.05,751.0
2021-06-15 10:54:00,NSE:DCBBANK,112.05,112.2,112.05,112.1,5401.0
2021-06-15 10:55:00,NSE:DCBBANK,112.25,112.25,112.1,112.15,904.0
2021-06-15 10:56:00,NSE:DCBBANK,112.1,112.2,112.1,112.1,752.0
2021-06-15 10:57:00,NSE:DCBBANK,112.1,112.25,112.1,112.25,3319.0
2021-06-15 10:58:00,NSE:DCBBANK,112.2,112.25,112.05,112.05,1799.0
2021-06-15 10:59:00,NSE:DCBBANK,112.1,112.2,112.05,112.15,1730.0
2021-06-15 11:00:00,NSE:DCBBANK,112.15,112.25,112.1,112.2,7532.0
2021-06-15 11:01:00,NSE:DCBBANK,112.35,112.45,112.25,112.4,34237.0
2021-06-15 11:02:00,NSE:DCBBANK,112.4,112.4,112.25,112.4,9230.0
2021-06-15 11:03:00,NSE:DCBBANK,112.4,112.5,112.35,112.4,12034.0
2021-06-15 11:04:00,NSE:DCBBANK,112.5,112.5,112.3,112.45,3246.0
2021-06-15 11:05:00,NSE:DCBBANK,112.45,112.45,112.3,112.45,1355.0
2021-06-15 11:06:00,NSE:DCBBANK,112.3,112.45,112.3,112.45,1431.0
2021-06-15 11:07:00,NSE:DCBBANK,112.35,112.45,112.35,112.45,1263.0
2021-06-15 11:08:00,NSE:DCBBANK,112.45,112.45,112.3,112.35,2527.0
2021-06-15 11:09:00,NSE:DCBBANK,112.35,112.35,112.0,112.1,18244.0
2021-06-15 11:10:00,NSE:DCBBANK,112.05,112.3,112.0,112.3,7450.0
2021-06-15 11:11:00,NSE:DCBBANK,112.3,112.3,112.05,112.15,5419.0
2021-06-15 11:12:00,NSE:DCBBANK,112.25,112.3,112.2,112.2,1495.0
2021-06-15 11:13:00,NSE:DCBBANK,112.3,112.3,112.15,112.15,1601.0
2021-06-15 11:14:00,NSE:DCBBANK,112.3,112.3,112.05,112.2,2140.0
2021-06-15 11:15:00,NSE:DCBBANK,112.1,112.25,112.1,112.25,1569.0
2021-06-15 11:16:00,NSE:DCBBANK,112.15,112.3,112.15,112.15,3150.0
2021-06-15 11:17:00,NSE:DCBBANK,112.25,112.25,112.1,112.25,1670.0
2021-06-15 11:18:00,NSE:DCBBANK,112.25,112.25,112.1,112.15,1335.0
2021-06-15 11:19:00,NSE:DCBBANK,112.2,112.25,112.1,112.25,2996.0
2021-06-15 11:20:00,NSE:DCBBANK,112.1,112.25,112.1,112.25,2005.0
2021-06-15 11:21:00,NSE:DCBBANK,112.15,112.3,112.15,112.2,2720.0
2021-06-15 11:22:00,NSE:DCBBANK,112.2,112.75,112.15,112.75,61075.0
2021-06-15 11:23:00,NSE:DCBBANK,112.7,112.75,112.6,112.6,4470.0
2021-06-15 11:24:00,NSE:DCBBANK,112.7,112.7,112.55,112.65,5079.0
2021-06-15 11:25:00,NSE:DCBBANK,112.7,112.8,112.55,112.8,12613.0
2021-06-15 11:26:00,NSE:DCBBANK,112.6,112.85,112.6,112.75,13475.0
2021-06-15 11:27:00,NSE:DCBBANK,112.8,113.5,112.8,113.4,106775.0
2021-06-15 11:28:00,NSE:DCBBANK,113.35,113.85,113.2,113.65,54268.0
2021-06-15 11:29:00,NSE:DCBBANK,113.65,113.85,113.45,113.8,33584.0
2021-06-15 11:30:00,NSE:DCBBANK,113.65,113.7,113.3,113.7,57497.0
2021-06-15 11:31:00,NSE:DCBBANK,113.4,113.7,113.35,113.35,19761.0
2021-06-15 11:32:00,NSE:DCBBANK,113.5,113.5,113.1,113.25,16748.0
2021-06-15 11:33:00,NSE:DCBBANK,113.25,113.25,112.8,112.8,36243.0
2021-06-15 11:34:00,NSE:DCBBANK,112.85,113.2,112.8,113.05,22478.0
2021-06-15 11:35:00,NSE:DCBBANK,113.0,113.2,113.0,113.15,12194.0
2021-06-15 11:36:00,NSE:DCBBANK,113.15,113.2,113.0,113.15,15385.0
2021-06-15 11:37:00,NSE:DCBBANK,113.2,113.3,113.0,113.1,9409.0
2021-06-15 11:38:00,NSE:DCBBANK,113.1,113.25,113.0,113.15,28646.0
2021-06-15 11:39:00,NSE:DCBBANK,113.15,113.3,113.15,113.25,3181.0
2021-06-15 11:40:00,NSE:DCBBANK,113.25,113.3,113.0,113.0,6179.0
2021-06-15 11:41:00,NSE:DCBBANK,113.1,113.1,112.8,112.95,22638.0
2021-06-15 11:42:00,NSE:DCBBANK,113.0,113.0,112.85,113.0,2647.0
2021-06-15 11:43:00,NSE:DCBBANK,112.9,113.0,112.75,113.0,12619.0
2021-06-15 11:44:00,NSE:DCBBANK,112.95,113.0,112.85,112.95,3967.0
2021-06-15 11:45:00,NSE:DCBBANK,112.95,113.0,112.85,113.0,5196.0
2021-06-15 11:46:00,NSE:DCBBANK,113.05,113.15,112.9,112.9,8181.0
2021-06-15 11:47:00,NSE:DCBBANK,112.95,112.95,112.6,112.8,23156.0
2021-06-15 11:48:00,NSE:DCBBANK,112.7,112.8,112.55,112.7,9976.0
2021-06-15 11:49:00,NSE:DCBBANK,112.7,112.7,112.35,112.4,32455.0
2021-06-15 11:50:00,NSE:DCBBANK,112.5,112.55,112.45,112.5,10762.0
2021-06-15 11:51:00,NSE:DCBBANK,112.5,112.55,112.3,112.55,14538.0
2021-06-15 11:52:00,NSE:DCBBANK,112.6,112.7,112.5,112.7,6765.0
2021-06-15 11:53:00,NSE:DCBBANK,112.65,112.95,112.65,112.8,7932.0
2021-06-15 11:54:00,NSE:DCBBANK,112.8,112.95,112.8,112.95,7642.0
2021-06-15 11:55:00,NSE:DCBBANK,112.95,113.0,112.8,112.9,3887.0
2021-06-15 11:56:00,NSE:DCBBANK,113.0,113.0,112.8,112.95,2045.0
2021-06-15 11:57:00,NSE:DCBBANK,112.95,113.0,112.85,113.0,1004.0
2021-06-15 11:58:00,NSE:DCBBANK,113.05,113.15,112.95,112.95,8747.0
2021-06-15 11:59:00,NSE:DCBBANK,113.1,113.15,112.95,113.0,3972.0
2021-06-15 12:00:00,NSE:DCBBANK,113.05,113.1,113.0,113.0,1856.0
2021-06-15 12:01:00,NSE:DCBBANK,113.0,113.1,112.95,113.0,6155.0
2021-06-15 12:02:00,NSE:DCBBANK,113.0,113.1,113.0,113.05,3016.0
2021-06-15 12:03:00,NSE:DCBBANK,113.05,113.1,112.95,113.05,2467.0
2021-06-15 12:04:00,NSE:DCBBANK,112.95,113.05,112.95,113.0,3581.0
2021-06-15 12:05:00,NSE:DCBBANK,113.05,113.05,112.95,112.95,2069.0
2021-06-15 12:06:00,NSE:DCBBANK,112.95,113.1,112.95,113.0,4910.0
2021-06-15 12:07:00,NSE:DCBBANK,113.0,113.1,113.0,113.05,7091.0
2021-06-15 12:08:00,NSE:DCBBANK,113.1,113.1,113.0,113.1,2341.0
2021-06-15 12:09:00,NSE:DCBBANK,113.1,113.1,113.0,113.0,2423.0
2021-06-15 12:10:00,NSE:DCBBANK,113.1,113.1,112.95,113.0,12295.0
2021-06-15 12:11:00,NSE:DCBBANK,113.15,113.15,112.95,112.95,4033.0
2021-06-15 12:12:00,NSE:DCBBANK,113.1,113.1,112.95,112.95,1368.0
2021-06-15 12:13:00,NSE:DCBBANK,113.1,113.1,112.95,113.05,2440.0
2021-06-15 12:14:00,NSE:DCBBANK,113.1,113.1,112.95,113.1,2715.0
2021-06-15 12:15:00,NSE:DCBBANK,113.0,113.1,112.95,113.0,2778.0
2021-06-15 12:16:00,NSE:DCBBANK,113.0,113.0,112.95,113.0,3905.0
2021-06-15 12:17:00,NSE:DCBBANK,113.0,113.0,112.95,113.0,2322.0
2021-06-15 12:18:00,NSE:DCBBANK,113.0,113.5,113.0,113.15,69789.0
2021-06-15 12:19:00,NSE:DCBBANK,113.3,113.4,113.2,113.25,7210.0
2021-06-15 12:20:00,NSE:DCBBANK,113.35,113.4,113.2,113.2,3729.0
2021-06-15 12:21:00,NSE:DCBBANK,113.3,113.3,113.1,113.1,3433.0
2021-06-15 12:22:00,NSE:DCBBANK,113.05,113.25,113.05,113.25,6981.0
2021-06-15 12:23:00,NSE:DCBBANK,113.25,113.25,113.05,113.2,2627.0
2021-06-15 12:24:00,NSE:DCBBANK,113.2,113.25,113.0,113.0,7945.0
2021-06-15 12:25:00,NSE:DCBBANK,113.05,113.15,112.8,113.0,12550.0
2021-06-15 12:26:00,NSE:DCBBANK,112.95,113.1,112.85,112.9,13786.0
2021-06-15 12:27:00,NSE:DCBBANK,113.0,113.3,113.0,113.3,18279.0
2021-06-15 12:28:00,NSE:DCBBANK,113.25,113.25,113.05,113.05,8134.0
2021-06-15 12:29:00,NSE:DCBBANK,113.1,113.3,113.0,113.15,25011.0
2021-06-15 12:30:00,NSE:DCBBANK,113.15,113.2,112.9,113.1,10700.0
2021-06-15 12:31:00,NSE:DCBBANK,113.1,113.1,112.9,112.9,3291.0
2021-06-15 12:32:00,NSE:DCBBANK,112.95,112.95,112.85,112.95,2633.0
2021-06-15 12:33:00,NSE:DCBBANK,112.95,113.05,112.85,113.05,12793.0
2021-06-15 12:34:00,NSE:DCBBANK,113.05,113.2,113.05,113.2,2113.0
2021-06-15 12:35:00,NSE:DCBBANK,113.2,113.2,113.05,113.1,2655.0
2021-06-15 12:36:00,NSE:DCBBANK,113.2,113.2,113.1,113.2,3653.0
2021-06-15 12:37:00,NSE:DCBBANK,113.2,113.2,113.1,113.15,1475.0
2021-06-15 12:38:00,NSE:DCBBANK,113.15,113.15,113.05,113.15,1987.0
2021-06-15 12:39:00,NSE:DCBBANK,113.15,113.15,113.05,113.05,2707.0
2021-06-15 12:40:00,NSE:DCBBANK,113.1,113.2,113.05,113.2,5605.0
2021-06-15 12:41:00,NSE:DCBBANK,113.2,113.2,113.1,113.1,2044.0
2021-06-15 12:42:00,NSE:DCBBANK,113.2,113.2,112.9,113.1,11701.0
2021-06-15 12:43:00,NSE:DCBBANK,113.1,113.15,113.0,113.0,3415.0
2021-06-15 12:44:00,NSE:DCBBANK,112.95,113.15,112.95,113.0,4228.0
2021-06-15 12:45:00,NSE:DCBBANK,113.05,113.2,112.95,113.15,2245.0
2021-06-15 12:46:00,NSE:DCBBANK,113.15,113.15,113.05,113.15,1253.0
2021-06-15 12:47:00,NSE:DCBBANK,113.05,113.15,113.0,113.05,1976.0
2021-06-15 12:48:00,NSE:DCBBANK,113.05,113.15,113.0,113.0,3741.0
2021-06-15 12:49:00,NSE:DCBBANK,113.1,113.1,113.0,113.1,2849.0
2021-06-15 12:50:00,NSE:DCBBANK,113.1,113.1,113.05,113.05,4089.0
2021-06-15 12:51:00,NSE:DCBBANK,113.05,113.1,113.0,113.05,4201.0
2021-06-15 12:52:00,NSE:DCBBANK,112.95,113.1,112.95,113.1,1865.0
2021-06-15 12:53:00,NSE:DCBBANK,113.1,113.15,113.05,113.15,4608.0
2021-06-15 12:54:00,NSE:DCBBANK,113.15,113.15,113.0,113.0,1036.0
2021-06-15 12:55:00,NSE:DCBBANK,113.1,113.1,113.0,113.0,1498.0
2021-06-15 12:56:00,NSE:DCBBANK,113.0,113.1,112.95,113.0,2225.0
2021-06-15 12:57:00,NSE:DCBBANK,113.0,113.0,112.9,113.0,2094.0
2021-06-15 12:58:00,NSE:DCBBANK,113.0,113.0,112.9,112.95,1781.0
2021-06-15 12:59:00,NSE:DCBBANK,113.0,113.0,112.8,112.85,14781.0
2021-06-15 13:00:00,NSE:DCBBANK,112.95,112.95,112.8,112.95,1247.0
2021-06-15 13:01:00,NSE:DCBBANK,112.85,112.95,112.85,112.95,2087.0
2021-06-15 13:02:00,NSE:DCBBANK,112.95,113.0,112.85,112.95,2794.0
2021-06-15 13:03:00,NSE:DCBBANK,113.0,113.0,113.0,113.0,982.0
2021-06-15 13:04:00,NSE:DCBBANK,112.85,113.0,112.85,112.85,3524.0
2021-06-15 13:05:00,NSE:DCBBANK,113.0,113.0,112.85,112.85,4296.0
2021-06-15 13:06:00,NSE:DCBBANK,112.9,112.95,112.75,112.95,7575.0
2021-06-15 13:07:00,NSE:DCBBANK,112.95,112.95,112.8,112.9,1661.0
2021-06-15 13:08:00,NSE:DCBBANK,112.9,112.9,112.7,112.7,11066.0
2021-06-15 13:09:00,NSE:DCBBANK,112.7,112.8,112.6,112.75,2512.0
2021-06-15 13:10:00,NSE:DCBBANK,112.75,112.9,112.75,112.8,1648.0
2021-06-15 13:11:00,NSE:DCBBANK,112.9,112.9,112.8,112.9,1598.0
2021-06-15 13:12:00,NSE:DCBBANK,112.9,112.9,112.8,112.9,1253.0
2021-06-15 13:13:00,NSE:DCBBANK,112.9,112.9,112.75,112.9,2285.0
2021-06-15 13:14:00,NSE:DCBBANK,112.9,112.9,112.8,112.9,2264.0
2021-06-15 13:15:00,NSE:DCBBANK,112.9,112.95,112.75,112.95,2071.0
2021-06-15 13:16:00,NSE:DCBBANK,112.95,112.95,112.8,112.9,1738.0
2021-06-15 13:17:00,NSE:DCBBANK,112.9,112.9,112.75,112.85,1482.0
2021-06-15 13:18:00,NSE:DCBBANK,112.85,112.9,112.8,112.8,1585.0
2021-06-15 13:19:00,NSE:DCBBANK,112.9,112.9,112.8,112.9,979.0
2021-06-15 13:20:00,NSE:DCBBANK,112.8,112.9,112.8,112.9,1810.0
2021-06-15 13:21:00,NSE:DCBBANK,112.9,112.9,112.8,112.9,4351.0
2021-06-15 13:22:00,NSE:DCBBANK,112.75,112.9,112.6,112.6,6646.0
2021-06-15 13:23:00,NSE:DCBBANK,112.7,112.75,112.7,112.75,11897.0
2021-06-15 13:24:00,NSE:DCBBANK,112.8,112.9,112.75,112.9,2798.0
2021-06-15 13:25:00,NSE:DCBBANK,112.8,112.9,112.75,112.75,1492.0
2021-06-15 13:26:00,NSE:DCBBANK,112.85,112.9,112.75,112.8,1342.0
2021-06-15 13:27:00,NSE:DCBBANK,112.9,112.9,112.8,112.9,2029.0
2021-06-15 13:28:00,NSE:DCBBANK,112.9,112.9,112.7,112.7,1823.0
2021-06-15 13:29:00,NSE:DCBBANK,112.8,112.85,112.7,112.7,2571.0
2021-06-15 13:30:00,NSE:DCBBANK,112.7,112.85,112.7,112.75,954.0
2021-06-15 13:31:00,NSE:DCBBANK,112.85,112.85,112.7,112.7,1462.0
2021-06-15 13:32:00,NSE:DCBBANK,112.7,112.85,112.65,112.7,2622.0
2021-06-15 13:33:00,NSE:DCBBANK,112.8,112.8,112.6,112.6,6934.0
2021-06-15 13:34:00,NSE:DCBBANK,112.7,112.7,112.55,112.6,6375.0
2021-06-15 13:35:00,NSE:DCBBANK,112.75,112.75,112.55,112.55,6232.0
2021-06-15 13:36:00,NSE:DCBBANK,112.65,112.65,112.4,112.4,35885.0
2021-06-15 13:37:00,NSE:DCBBANK,112.45,112.45,112.35,112.35,8413.0
2021-06-15 13:38:00,NSE:DCBBANK,112.45,112.45,112.25,112.25,5731.0
2021-06-15 13:39:00,NSE:DCBBANK,112.2,112.45,112.05,112.15,9377.0
2021-06-15 13:40:00,NSE:DCBBANK,112.25,112.25,112.0,112.05,16207.0
2021-06-15 13:41:00,NSE:DCBBANK,112.15,112.15,111.95,112.0,19142.0
2021-06-15 13:42:00,NSE:DCBBANK,112.0,112.0,111.85,111.9,13684.0
2021-06-15 13:43:00,NSE:DCBBANK,111.9,111.9,111.35,111.35,64845.0
2021-06-15 13:44:00,NSE:DCBBANK,111.3,111.55,111.2,111.55,43893.0
2021-06-15 13:45:00,NSE:DCBBANK,111.5,111.5,111.35,111.45,11577.0
2021-06-15 13:46:00,NSE:DCBBANK,111.45,111.5,111.25,111.45,44294.0
2021-06-15 13:47:00,NSE:DCBBANK,111.4,111.45,111.25,111.4,10836.0
2021-06-15 13:48:00,NSE:DCBBANK,111.3,111.5,111.25,111.5,15949.0
2021-06-15 13:49:00,NSE:DCBBANK,111.5,111.5,111.35,111.5,14440.0
2021-06-15 13:50:00,NSE:DCBBANK,111.45,111.5,111.2,111.5,20891.0
2021-06-15 13:51:00,NSE:DCBBANK,111.45,111.5,111.4,111.45,8800.0
2021-06-15 13:52:00,NSE:DCBBANK,111.5,111.5,111.45,111.5,8233.0
2021-06-15 13:53:00,NSE:DCBBANK,111.5,111.5,111.45,111.45,8818.0
2021-06-15 13:54:00,NSE:DCBBANK,111.5,111.5,111.45,111.5,24042.0
2021-06-15 13:55:00,NSE:DCBBANK,111.5,111.55,111.5,111.55,7429.0
2021-06-15 13:56:00,NSE:DCBBANK,111.5,111.5,111.25,111.25,31543.0
2021-06-15 13:57:00,NSE:DCBBANK,111.2,111.5,111.2,111.4,7252.0
2021-06-15 13:58:00,NSE:DCBBANK,111.5,111.5,111.4,111.5,5529.0
2021-06-15 13:59:00,NSE:DCBBANK,111.5,111.5,111.4,111.45,13836.0
2021-06-15 14:00:00,NSE:DCBBANK,111.5,111.55,111.45,111.45,39164.0
2021-06-15 14:01:00,NSE:DCBBANK,111.45,111.5,111.45,111.5,4169.0
2021-06-15 14:02:00,NSE:DCBBANK,111.5,111.5,111.45,111.5,4977.0
2021-06-15 14:03:00,NSE:DCBBANK,111.5,111.5,111.45,111.5,3847.0
2021-06-15 14:04:00,NSE:DCBBANK,111.5,111.5,111.5,111.5,8893.0
2021-06-15 14:05:00,NSE:DCBBANK,111.5,111.5,111.4,111.5,5540.0
2021-06-15 14:06:00,NSE:DCBBANK,111.5,111.5,111.4,111.5,3540.0
2021-06-15 14:07:00,NSE:DCBBANK,111.5,111.5,111.45,111.5,5947.0
2021-06-15 14:08:00,NSE:DCBBANK,111.45,111.55,111.45,111.5,6009.0
2021-06-15 14:09:00,NSE:DCBBANK,111.5,111.5,111.4,111.4,2636.0
2021-06-15 14:10:00,NSE:DCBBANK,111.5,111.5,111.4,111.4,2704.0
2021-06-15 14:11:00,NSE:DCBBANK,111.4,111.5,111.4,111.5,3817.0
2021-06-15 14:12:00,NSE:DCBBANK,111.5,111.5,111.4,111.5,3227.0
2021-06-15 14:13:00,NSE:DCBBANK,111.5,111.5,111.4,111.5,5338.0
2021-06-15 14:14:00,NSE:DCBBANK,111.5,111.5,111.45,111.45,3230.0
2021-06-15 14:15:00,NSE:DCBBANK,111.45,111.5,111.4,111.4,3853.0
2021-06-15 14:16:00,NSE:DCBBANK,111.4,111.5,111.4,111.5,3878.0
2021-06-15 14:17:00,NSE:DCBBANK,111.45,111.5,111.35,111.35,5017.0
2021-06-15 14:18:00,NSE:DCBBANK,111.35,111.5,111.3,111.35,5017.0
2021-06-15 14:19:00,NSE:DCBBANK,111.5,111.5,111.4,111.5,6781.0
2021-06-15 14:20:00,NSE:DCBBANK,111.45,111.5,111.35,111.5,8699.0
2021-06-15 14:21:00,NSE:DCBBANK,111.5,111.5,111.4,111.5,6220.0
2021-06-15 14:22:00,NSE:DCBBANK,111.5,111.5,111.35,111.5,14102.0
2021-06-15 14:23:00,NSE:DCBBANK,111.5,111.5,111.45,111.45,2972.0
2021-06-15 14:24:00,NSE:DCBBANK,111.4,111.5,111.4,111.4,6188.0
2021-06-15 14:25:00,NSE:DCBBANK,111.5,111.5,111.35,111.5,3870.0
2021-06-15 14:26:00,NSE:DCBBANK,111.5,111.5,111.45,111.5,2842.0
2021-06-15 14:27:00,NSE:DCBBANK,111.5,111.5,111.45,111.5,6521.0
2021-06-15 14:28:00,NSE:DCBBANK,111.5,111.5,111.3,111.3,9769.0
2021-06-15 14:29:00,NSE:DCBBANK,111.25,111.3,111.0,111.2,27377.0
2021-06-15 14:30:00,NSE:DCBBANK,111.2,111.35,111.1,111.25,9333.0
2021-06-15 14:31:00,NSE:DCBBANK,111.3,111.45,111.25,111.4,9334.0
2021-06-15 14:32:00,NSE:DCBBANK,111.45,111.5,111.45,111.5,8101.0
2021-06-15 14:33:00,NSE:DCBBANK,111.5,111.5,111.4,111.5,17809.0
2021-06-15 14:34:00,NSE:DCBBANK,111.5,111.5,111.35,111.35,4246.0
2021-06-15 14:35:00,NSE:DCBBANK,111.5,111.5,111.4,111.5,2499.0
2021-06-15 14:36:00,NSE:DCBBANK,111.45,111.5,111.4,111.5,4910.0
2021-06-15 14:37:00,NSE:DCBBANK,111.5,111.5,111.4,111.4,12576.0
2021-06-15 14:38:00,NSE:DCBBANK,111.5,111.5,111.1,111.2,14568.0
2021-06-15 14:39:00,NSE:DCBBANK,111.35,111.4,111.25,111.4,4782.0
2021-06-15 14:40:00,NSE:DCBBANK,111.4,111.45,111.3,111.4,4433.0
2021-06-15 14:41:00,NSE:DCBBANK,111.4,111.5,111.3,111.35,6171.0
2021-06-15 14:42:00,NSE:DCBBANK,111.5,111.5,111.35,111.35,4170.0
2021-06-15 14:43:00,NSE:DCBBANK,111.4,111.5,111.35,111.35,15652.0
2021-06-15 14:44:00,NSE:DCBBANK,111.4,111.5,111.35,111.5,9483.0
2021-06-15 14:45:00,NSE:DCBBANK,111.5,111.5,111.45,111.5,25377.0
2021-06-15 14:46:00,NSE:DCBBANK,111.5,111.5,111.45,111.5,3323.0
2021-06-15 14:47:00,NSE:DCBBANK,111.45,111.5,111.45,111.45,50118.0
2021-06-15 14:48:00,NSE:DCBBANK,111.45,111.5,111.45,111.5,3104.0
2021-06-15 14:49:00,NSE:DCBBANK,111.5,111.5,111.4,111.4,12629.0
2021-06-15 14:50:00,NSE:DCBBANK,111.45,111.5,111.45,111.45,4556.0
2021-06-15 14:51:00,NSE:DCBBANK,111.45,111.5,111.45,111.5,1243.0
2021-06-15 14:52:00,NSE:DCBBANK,111.45,111.5,111.45,111.5,6908.0
2021-06-15 14:53:00,NSE:DCBBANK,111.5,111.5,111.45,111.5,4514.0
2021-06-15 14:54:00,NSE:DCBBANK,111.5,111.5,111.45,111.5,3259.0
2021-06-15 14:55:00,NSE:DCBBANK,111.5,111.5,111.45,111.45,6847.0
2021-06-15 14:56:00,NSE:DCBBANK,111.5,111.5,111.45,111.45,2196.0
2021-06-15 14:57:00,NSE:DCBBANK,111.5,111.5,111.4,111.4,4722.0
2021-06-15 14:58:00,NSE:DCBBANK,111.4,111.5,111.35,111.45,6360.0
2021-06-15 14:59:00,NSE:DCBBANK,111.45,111.45,111.3,111.3,884.0
2021-06-15 15:00:00,NSE:DCBBANK,111.45,111.45,111.35,111.35,1335.0
2021-06-15 15:01:00,NSE:DCBBANK,111.35,111.45,111.3,111.35,1453.0
2021-06-15 15:02:00,NSE:DCBBANK,111.4,111.45,111.35,111.35,1792.0
2021-06-15 15:03:00,NSE:DCBBANK,111.45,111.5,111.3,111.3,9135.0
2021-06-15 15:04:00,NSE:DCBBANK,111.4,111.45,111.3,111.3,7989.0
2021-06-15 15:05:00,NSE:DCBBANK,111.3,111.45,111.3,111.45,2466.0
2021-06-15 15:06:00,NSE:DCBBANK,111.35,111.45,111.25,111.25,14254.0
2021-06-15 15:07:00,NSE:DCBBANK,111.25,111.35,111.25,111.3,4200.0
2021-06-15 15:08:00,NSE:DCBBANK,111.35,111.35,111.3,111.35,9563.0
2021-06-15 15:09:00,NSE:DCBBANK,111.4,111.45,111.3,111.3,4902.0
2021-06-15 15:10:00,NSE:DCBBANK,111.4,111.4,111.35,111.4,2202.0
2021-06-15 15:11:00,NSE:DCBBANK,111.35,111.4,111.3,111.3,9529.0
2021-06-15 15:12:00,NSE:DCBBANK,111.3,111.35,111.25,111.25,8913.0
2021-06-15 15:13:00,NSE:DCBBANK,111.3,111.35,111.25,111.3,12608.0
2021-06-15 15:14:00,NSE:DCBBANK,111.25,111.3,111.2,111.25,9704.0
2021-06-15 15:15:00,NSE:DCBBANK,111.25,111.3,111.1,111.1,9865.0
2021-06-15 15:16:00,NSE:DCBBANK,111.15,111.25,111.1,111.15,15935.0
2021-06-15 15:17:00,NSE:DCBBANK,111.25,111.25,111.15,111.2,3542.0
2021-06-15 15:18:00,NSE:DCBBANK,111.1,111.2,111.05,111.1,8346.0
2021-06-15 15:19:00,NSE:DCBBANK,111.1,111.2,111.05,111.05,11024.0
2021-06-15 15:20:00,NSE:DCBBANK,111.05,111.15,111.05,111.15,13284.0
2021-06-15 15:21:00,NSE:DCBBANK,111.15,111.15,111.0,111.0,40358.0
2021-06-15 15:22:00,NSE:DCBBANK,111.0,111.15,111.0,111.05,15024.0
2021-06-15 15:23:00,NSE:DCBBANK,111.05,111.15,111.0,111.0,6475.0
2021-06-15 15:24:00,NSE:DCBBANK,111.05,111.2,111.05,111.15,6538.0
2021-06-15 15:25:00,NSE:DCBBANK,111.1,111.2,111.1,111.15,8932.0
2021-06-15 15:26:00,NSE:DCBBANK,111.1,111.35,111.0,111.15,24040.0
2021-06-15 15:27:00,NSE:DCBBANK,111.3,111.4,111.15,111.35,11942.0
2021-06-15 15:28:00,NSE:DCBBANK,111.2,111.35,111.2,111.35,7004.0
2021-06-15 15:29:00,NSE:DCBBANK,111.35,111.35,111.2,111.3,6183.0
2021-06-15 15:30:00,NSE:DCBBANK,111.3,111.3,111.3,111.3,500.0
2021-06-15 15:40:00,NSE:DCBBANK,111.2,111.2,111.2,111.2,50.0
2021-06-16 09:07:00,NSE:DCBBANK,110.5,110.5,110.5,110.5,5176.0
2021-06-16 09:15:00,NSE:DCBBANK,110.7,111.15,110.7,110.8,18687.0
2021-06-16 09:16:00,NSE:DCBBANK,110.9,111.0,110.8,110.8,10771.0
2021-06-16 09:17:00,NSE:DCBBANK,110.95,111.1,110.8,111.05,6437.0
2021-06-16 09:18:00,NSE:DCBBANK,111.05,111.1,110.85,111.0,10468.0
2021-06-16 09:19:00,NSE:DCBBANK,111.0,111.1,110.65,110.8,15648.0
2021-06-16 09:20:00,NSE:DCBBANK,110.7,110.95,110.65,110.75,17455.0
2021-06-16 09:21:00,NSE:DCBBANK,110.75,111.0,110.75,111.0,6151.0
2021-06-16 09:22:00,NSE:DCBBANK,111.0,111.1,110.85,111.1,11327.0
2021-06-16 09:23:00,NSE:DCBBANK,111.1,111.5,111.1,111.45,9934.0
2021-06-16 09:24:00,NSE:DCBBANK,111.45,111.6,111.3,111.55,15807.0
2021-06-16 09:25:00,NSE:DCBBANK,111.55,111.85,111.55,111.65,16855.0
2021-06-16 09:26:00,NSE:DCBBANK,111.6,111.75,111.3,111.35,10808.0
2021-06-16 09:27:00,NSE:DCBBANK,111.5,111.5,111.3,111.3,7272.0
2021-06-16 09:28:00,NSE:DCBBANK,111.35,111.4,111.35,111.4,4667.0
2021-06-16 09:29:00,NSE:DCBBANK,111.4,111.55,111.4,111.55,4635.0
2021-06-16 09:30:00,NSE:DCBBANK,111.55,111.55,111.4,111.45,4331.0
2021-06-16 09:31:00,NSE:DCBBANK,111.5,111.7,111.4,111.45,9228.0
2021-06-16 09:32:00,NSE:DCBBANK,111.6,111.65,111.45,111.6,3358.0
2021-06-16 09:33:00,NSE:DCBBANK,111.6,111.6,111.55,111.55,4233.0
2021-06-16 09:34:00,NSE:DCBBANK,111.55,111.75,111.55,111.75,9761.0
2021-06-16 09:35:00,NSE:DCBBANK,111.75,111.75,111.5,111.55,4374.0
2021-06-16 09:36:00,NSE:DCBBANK,111.55,111.7,111.55,111.6,3272.0
2021-06-16 09:37:00,NSE:DCBBANK,111.7,111.7,111.6,111.7,917.0
2021-06-16 09:38:00,NSE:DCBBANK,111.55,111.65,111.55,111.65,2809.0
2021-06-16 09:39:00,NSE:DCBBANK,111.55,111.6,111.45,111.5,20377.0
2021-06-16 09:40:00,NSE:DCBBANK,111.6,111.6,111.5,111.6,11458.0
2021-06-16 09:41:00,NSE:DCBBANK,111.65,111.8,111.65,111.65,3817.0
2021-06-16 09:42:00,NSE:DCBBANK,111.65,111.65,111.4,111.4,4510.0
2021-06-16 09:43:00,NSE:DCBBANK,111.4,111.5,111.3,111.3,4030.0
2021-06-16 09:44:00,NSE:DCBBANK,111.4,111.4,111.25,111.4,4296.0
2021-06-16 09:45:00,NSE:DCBBANK,111.3,111.3,111.25,111.3,3803.0
2021-06-16 09:46:00,NSE:DCBBANK,111.25,111.25,111.0,111.05,16873.0
2021-06-16 09:47:00,NSE:DCBBANK,110.9,110.9,110.6,110.6,9327.0
2021-06-16 09:48:00,NSE:DCBBANK,110.6,110.8,110.35,110.8,20427.0
2021-06-16 09:49:00,NSE:DCBBANK,110.85,110.9,110.6,110.6,19184.0
2021-06-16 09:50:00,NSE:DCBBANK,110.6,110.7,110.55,110.7,4845.0
2021-06-16 09:51:00,NSE:DCBBANK,110.65,110.9,110.55,110.9,4458.0
2021-06-16 09:52:00,NSE:DCBBANK,110.85,110.85,110.7,110.75,5007.0
2021-06-16 09:53:00,NSE:DCBBANK,110.65,110.8,110.6,110.65,1826.0
2021-06-16 09:54:00,NSE:DCBBANK,110.65,110.75,110.65,110.75,4860.0
2021-06-16 09:55:00,NSE:DCBBANK,110.8,110.9,110.75,110.9,1925.0
2021-06-16 09:56:00,NSE:DCBBANK,110.9,110.95,110.9,110.95,5931.0
2021-06-16 09:57:00,NSE:DCBBANK,110.9,111.0,110.85,110.85,1608.0
2021-06-16 09:58:00,NSE:DCBBANK,110.75,110.85,110.7,110.85,1839.0
2021-06-16 09:59:00,NSE:DCBBANK,110.8,110.8,110.7,110.8,2914.0
2021-06-16 10:00:00,NSE:DCBBANK,110.8,110.8,110.7,110.75,3652.0
2021-06-16 10:01:00,NSE:DCBBANK,110.85,110.85,110.75,110.8,1750.0
2021-06-16 10:02:00,NSE:DCBBANK,110.8,110.9,110.8,110.9,1056.0
2021-06-16 10:03:00,NSE:DCBBANK,110.9,110.9,110.7,110.7,4020.0
2021-06-16 10:04:00,NSE:DCBBANK,110.75,110.9,110.7,110.9,10233.0
2021-06-16 10:05:00,NSE:DCBBANK,110.8,110.8,110.75,110.8,3723.0
2021-06-16 10:06:00,NSE:DCBBANK,110.7,110.75,110.65,110.7,6195.0
2021-06-16 10:07:00,NSE:DCBBANK,110.7,110.75,110.55,110.7,2320.0
2021-06-16 10:08:00,NSE:DCBBANK,110.75,110.8,110.55,110.8,7687.0
2021-06-16 10:09:00,NSE:DCBBANK,110.75,110.75,110.6,110.6,1774.0
2021-06-16 10:10:00,NSE:DCBBANK,110.65,110.8,110.5,110.5,9067.0
2021-06-16 10:11:00,NSE:DCBBANK,110.3,110.3,110.15,110.25,18375.0
2021-06-16 10:12:00,NSE:DCBBANK,110.1,110.25,110.1,110.25,3427.0
2021-06-16 10:13:00,NSE:DCBBANK,110.25,110.35,110.15,110.25,4902.0
2021-06-16 10:14:00,NSE:DCBBANK,110.35,110.5,110.15,110.2,6204.0
2021-06-16 10:15:00,NSE:DCBBANK,110.2,110.3,110.1,110.25,4729.0
2021-06-16 10:16:00,NSE:DCBBANK,110.3,110.45,110.3,110.35,2810.0
2021-06-16 10:17:00,NSE:DCBBANK,110.3,110.4,110.25,110.25,1413.0
2021-06-16 10:18:00,NSE:DCBBANK,110.2,110.4,110.2,110.25,2936.0
2021-06-16 10:19:00,NSE:DCBBANK,110.35,110.35,110.05,110.15,4969.0
2021-06-16 10:20:00,NSE:DCBBANK,110.15,110.3,110.15,110.2,1289.0
2021-06-16 10:21:00,NSE:DCBBANK,110.25,110.25,110.05,110.05,5362.0
2021-06-16 10:22:00,NSE:DCBBANK,110.25,110.25,109.6,110.0,26157.0
2021-06-16 10:23:00,NSE:DCBBANK,109.9,109.95,109.65,109.8,10720.0
2021-06-16 10:24:00,NSE:DCBBANK,109.85,109.85,109.7,109.7,4456.0
2021-06-16 10:25:00,NSE:DCBBANK,109.7,110.0,109.7,110.0,5465.0
2021-06-16 10:26:00,NSE:DCBBANK,110.0,110.05,109.8,110.0,3485.0
2021-06-16 10:27:00,NSE:DCBBANK,109.9,110.0,109.85,109.9,4951.0
2021-06-16 10:28:00,NSE:DCBBANK,109.95,109.95,109.7,109.9,3522.0
2021-06-16 10:29:00,NSE:DCBBANK,109.75,109.8,109.75,109.8,849.0
2021-06-16 10:30:00,NSE:DCBBANK,109.85,109.85,109.7,109.7,6037.0
2021-06-16 10:31:00,NSE:DCBBANK,109.65,109.85,109.65,109.85,3740.0
2021-06-16 10:32:00,NSE:DCBBANK,109.75,109.9,109.7,109.9,2126.0
2021-06-16 10:33:00,NSE:DCBBANK,109.75,109.95,109.75,109.85,3985.0
2021-06-16 10:34:00,NSE:DCBBANK,109.85,109.95,109.8,109.95,4900.0
2021-06-16 10:35:00,NSE:DCBBANK,109.95,110.0,109.85,109.85,2474.0
2021-06-16 10:36:00,NSE:DCBBANK,109.95,110.15,109.85,110.05,5844.0
2021-06-16 10:37:00,NSE:DCBBANK,110.05,110.3,110.05,110.15,5069.0
2021-06-16 10:38:00,NSE:DCBBANK,110.15,110.15,109.95,109.95,1223.0
2021-06-16 10:39:00,NSE:DCBBANK,110.0,110.0,109.95,110.0,2544.0
2021-06-16 10:40:00,NSE:DCBBANK,110.0,110.05,109.85,110.0,5262.0
2021-06-16 10:41:00,NSE:DCBBANK,110.1,110.1,110.0,110.0,682.0
2021-06-16 10:42:00,NSE:DCBBANK,109.9,110.05,109.9,109.95,1657.0
2021-06-16 10:43:00,NSE:DCBBANK,109.95,110.0,109.95,109.95,1799.0
2021-06-16 10:44:00,NSE:DCBBANK,109.95,110.0,109.9,109.9,931.0
2021-06-16 10:45:00,NSE:DCBBANK,110.0,110.0,109.8,109.8,3380.0
2021-06-16 10:46:00,NSE:DCBBANK,109.85,109.95,109.85,109.95,1846.0
2021-06-16 10:47:00,NSE:DCBBANK,109.95,110.2,109.85,110.2,3845.0
2021-06-16 10:48:00,NSE:DCBBANK,110.2,110.2,110.1,110.15,503.0
2021-06-16 10:49:00,NSE:DCBBANK,110.0,110.15,110.0,110.15,1244.0
2021-06-16 10:50:00,NSE:DCBBANK,110.15,110.15,110.05,110.05,1255.0
2021-06-16 10:51:00,NSE:DCBBANK,110.0,110.15,110.0,110.05,1141.0
2021-06-16 10:52:00,NSE:DCBBANK,109.95,110.1,109.8,109.8,6057.0
2021-06-16 10:53:00,NSE:DCBBANK,109.8,109.9,109.8,109.8,369.0
2021-06-16 10:54:00,NSE:DCBBANK,109.9,109.9,109.55,109.6,10369.0
2021-06-16 10:55:00,NSE:DCBBANK,109.65,109.7,109.65,109.7,551.0
2021-06-16 10:56:00,NSE:DCBBANK,109.65,109.7,109.6,109.6,2850.0
2021-06-16 10:57:00,NSE:DCBBANK,109.6,109.75,109.3,109.3,32971.0
2021-06-16 10:58:00,NSE:DCBBANK,109.45,109.65,109.45,109.5,3949.0
2021-06-16 10:59:00,NSE:DCBBANK,109.65,109.75,109.65,109.75,1853.0
2021-06-16 11:00:00,NSE:DCBBANK,109.6,109.9,109.6,109.9,6709.0
2021-06-16 11:01:00,NSE:DCBBANK,109.95,110.0,109.9,109.9,2869.0
2021-06-16 11:02:00,NSE:DCBBANK,109.85,109.85,109.65,109.65,1947.0
2021-06-16 11:03:00,NSE:DCBBANK,109.6,109.9,109.6,109.8,19405.0
2021-06-16 11:04:00,NSE:DCBBANK,109.8,110.0,109.8,110.0,1527.0
2021-06-16 11:05:00,NSE:DCBBANK,109.9,110.0,109.8,110.0,1529.0
2021-06-16 11:06:00,NSE:DCBBANK,109.85,110.2,109.85,110.15,16162.0
2021-06-16 11:07:00,NSE:DCBBANK,110.1,110.15,110.1,110.1,860.0
2021-06-16 11:08:00,NSE:DCBBANK,110.2,110.2,110.1,110.1,977.0
2021-06-16 11:09:00,NSE:DCBBANK,110.0,110.0,109.8,109.85,3141.0
2021-06-16 11:10:00,NSE:DCBBANK,109.8,109.95,109.8,109.95,1588.0
2021-06-16 11:11:00,NSE:DCBBANK,109.95,109.95,109.85,109.95,1661.0
2021-06-16 11:12:00,NSE:DCBBANK,110.0,110.05,110.0,110.05,692.0
2021-06-16 11:13:00,NSE:DCBBANK,110.0,110.0,109.95,109.95,1285.0
2021-06-16 11:14:00,NSE:DCBBANK,109.9,109.9,109.8,109.85,5653.0
2021-06-16 11:15:00,NSE:DCBBANK,109.75,109.8,109.7,109.7,1858.0
2021-06-16 11:16:00,NSE:DCBBANK,109.75,109.9,109.75,109.9,440.0
2021-06-16 11:17:00,NSE:DCBBANK,109.8,109.9,109.65,109.65,926.0
2021-06-16 11:18:00,NSE:DCBBANK,109.65,109.8,109.65,109.75,890.0
2021-06-16 11:19:00,NSE:DCBBANK,109.7,109.75,109.7,109.75,262.0
2021-06-16 11:20:00,NSE:DCBBANK,109.9,109.9,109.75,109.85,837.0
2021-06-16 11:21:00,NSE:DCBBANK,109.85,109.95,109.85,109.9,2165.0
2021-06-16 11:22:00,NSE:DCBBANK,109.9,109.9,109.8,109.8,516.0
2021-06-16 11:23:00,NSE:DCBBANK,109.75,109.8,109.7,109.75,5560.0
2021-06-16 11:24:00,NSE:DCBBANK,109.8,109.8,109.7,109.75,1351.0
2021-06-16 11:25:00,NSE:DCBBANK,109.75,109.8,109.75,109.75,859.0
2021-06-16 11:26:00,NSE:DCBBANK,109.9,109.9,109.75,109.85,745.0
2021-06-16 11:27:00,NSE:DCBBANK,109.85,109.95,109.85,109.95,1083.0
2021-06-16 11:28:00,NSE:DCBBANK,109.9,109.95,109.8,109.95,812.0
2021-06-16 11:29:00,NSE:DCBBANK,109.8,110.0,109.8,109.85,723.0
2021-06-16 11:30:00,NSE:DCBBANK,110.05,110.1,109.85,109.9,4243.0
2021-06-16 11:31:00,NSE:DCBBANK,109.95,109.95,109.95,109.95,130.0
2021-06-16 11:32:00,NSE:DCBBANK,109.95,110.0,109.7,109.95,10470.0
2021-06-16 11:33:00,NSE:DCBBANK,110.0,110.0,109.95,109.95,230.0
2021-06-16 11:34:00,NSE:DCBBANK,109.95,110.0,109.95,110.0,31.0
2021-06-16 11:35:00,NSE:DCBBANK,109.95,110.2,109.95,110.2,4563.0
2021-06-16 11:36:00,NSE:DCBBANK,110.15,110.15,110.15,110.15,237.0
2021-06-16 11:37:00,NSE:DCBBANK,110.15,110.15,110.15,110.15,100.0
2021-06-16 11:38:00,NSE:DCBBANK,110.1,110.15,110.1,110.15,534.0
2021-06-16 11:39:00,NSE:DCBBANK,110.15,110.15,109.95,109.95,2764.0
2021-06-16 11:40:00,NSE:DCBBANK,110.0,110.0,110.0,110.0,157.0
2021-06-16 11:41:00,NSE:DCBBANK,109.85,110.0,109.85,109.95,610.0
2021-06-16 11:42:00,NSE:DCBBANK,109.9,109.95,109.8,109.8,805.0
2021-06-16 11:43:00,NSE:DCBBANK,109.8,109.8,109.8,109.8,29.0
2021-06-16 11:44:00,NSE:DCBBANK,109.9,109.9,109.9,109.9,1401.0
2021-06-16 11:45:00,NSE:DCBBANK,109.7,109.95,109.7,109.95,3906.0
2021-06-16 11:46:00,NSE:DCBBANK,109.95,109.95,109.8,109.95,210.0
2021-06-16 11:47:00,NSE:DCBBANK,109.95,109.95,109.85,109.95,510.0
2021-06-16 11:48:00,NSE:DCBBANK,110.0,110.15,110.0,110.15,1165.0
2021-06-16 11:49:00,NSE:DCBBANK,110.0,110.1,110.0,110.1,110.0
2021-06-16 11:50:00,NSE:DCBBANK,110.15,110.15,110.15,110.15,186.0
2021-06-16 11:51:00,NSE:DCBBANK,110.15,110.2,110.0,110.1,326.0
2021-06-16 11:52:00,NSE:DCBBANK,110.2,110.2,110.0,110.1,1031.0
2021-06-16 11:53:00,NSE:DCBBANK,110.1,110.2,110.1,110.15,337.0
2021-06-16 11:54:00,NSE:DCBBANK,110.15,110.15,110.05,110.15,2657.0
2021-06-16 11:55:00,NSE:DCBBANK,110.15,110.2,110.15,110.2,465.0
2021-06-16 11:56:00,NSE:DCBBANK,110.05,110.2,110.05,110.2,687.0
2021-06-16 11:57:00,NSE:DCBBANK,110.0,110.2,110.0,110.15,384.0
2021-06-16 11:58:00,NSE:DCBBANK,110.0,110.15,110.0,110.15,100.0
2021-06-16 12:00:00,NSE:DCBBANK,110.15,110.15,109.95,109.95,4046.0
2021-06-16 12:01:00,NSE:DCBBANK,109.95,110.0,109.95,110.0,175.0
2021-06-16 12:02:00,NSE:DCBBANK,109.95,109.95,109.95,109.95,1127.0
2021-06-16 12:03:00,NSE:DCBBANK,109.95,109.95,109.9,109.9,294.0
2021-06-16 12:04:00,NSE:DCBBANK,109.9,109.95,109.9,109.95,585.0
2021-06-16 12:05:00,NSE:DCBBANK,109.95,110.2,109.95,110.1,7602.0
2021-06-16 12:06:00,NSE:DCBBANK,110.05,110.05,110.0,110.05,1495.0
2021-06-16 12:07:00,NSE:DCBBANK,110.0,110.0,109.8,109.9,1256.0
2021-06-16 12:08:00,NSE:DCBBANK,109.9,109.95,109.9,109.95,60.0
2021-06-16 12:09:00,NSE:DCBBANK,109.95,109.95,109.95,109.95,30.0
2021-06-16 12:10:00,NSE:DCBBANK,109.95,110.0,109.9,109.9,163.0
2021-06-16 12:11:00,NSE:DCBBANK,109.95,109.95,109.95,109.95,370.0
2021-06-16 12:12:00,NSE:DCBBANK,109.95,109.95,109.85,109.85,609.0
2021-06-16 12:13:00,NSE:DCBBANK,109.95,109.95,109.9,109.95,770.0
2021-06-16 12:14:00,NSE:DCBBANK,109.95,110.0,109.95,110.0,400.0
2021-06-16 12:15:00,NSE:DCBBANK,109.95,110.0,109.9,110.0,333.0
2021-06-16 12:16:00,NSE:DCBBANK,109.9,110.0,109.9,109.9,750.0
2021-06-16 12:17:00,NSE:DCBBANK,109.9,110.0,109.9,110.0,172.0
2021-06-16 12:18:00,NSE:DCBBANK,109.9,110.0,109.9,109.9,300.0
2021-06-16 12:19:00,NSE:DCBBANK,109.9,110.0,109.9,110.0,860.0
2021-06-16 12:20:00,NSE:DCBBANK,110.0,110.0,109.9,110.0,568.0
2021-06-16 12:21:00,NSE:DCBBANK,110.0,110.0,109.9,110.0,716.0
2021-06-16 12:22:00,NSE:DCBBANK,109.9,110.0,109.9,109.9,1103.0
2021-06-16 12:23:00,NSE:DCBBANK,109.9,110.0,109.9,110.0,380.0
2021-06-16 12:24:00,NSE:DCBBANK,110.0,110.0,109.9,109.9,300.0
2021-06-16 12:25:00,NSE:DCBBANK,109.9,110.0,109.9,110.0,678.0
2021-06-16 12:26:00,NSE:DCBBANK,110.0,110.0,109.9,110.0,446.0
2021-06-16 12:27:00,NSE:DCBBANK,110.0,110.0,109.95,109.95,99.0
2021-06-16 12:28:00,NSE:DCBBANK,110.0,110.0,110.0,110.0,145.0
2021-06-16 12:29:00,NSE:DCBBANK,109.95,110.0,109.95,110.0,671.0
2021-06-16 12:30:00,NSE:DCBBANK,110.0,110.0,109.9,109.9,2486.0
2021-06-16 12:31:00,NSE:DCBBANK,109.9,109.9,109.8,109.8,365.0
2021-06-16 12:32:00,NSE:DCBBANK,109.8,109.85,109.8,109.8,149.0
2021-06-16 12:33:00,NSE:DCBBANK,109.8,109.85,109.8,109.85,219.0
2021-06-16 12:34:00,NSE:DCBBANK,109.8,109.85,109.8,109.85,45.0
2021-06-16 12:35:00,NSE:DCBBANK,109.85,110.0,109.85,110.0,1307.0
2021-06-16 12:36:00,NSE:DCBBANK,109.85,110.0,109.85,109.9,216.0
2021-06-16 12:37:00,NSE:DCBBANK,109.95,109.95,109.95,109.95,113.0
2021-06-16 12:38:00,NSE:DCBBANK,109.95,109.95,109.9,109.9,303.0
2021-06-16 12:39:00,NSE:DCBBANK,109.9,109.9,109.85,109.85,619.0
2021-06-16 12:40:00,NSE:DCBBANK,109.8,109.8,109.6,109.7,28925.0
2021-06-16 12:41:00,NSE:DCBBANK,109.7,109.85,109.55,109.75,5129.0
2021-06-16 12:42:00,NSE:DCBBANK,109.55,109.8,109.55,109.6,2922.0
2021-06-16 12:43:00,NSE:DCBBANK,109.65,109.8,109.65,109.7,245.0
2021-06-16 12:44:00,NSE:DCBBANK,109.7,109.7,109.6,109.65,1405.0
2021-06-16 12:45:00,NSE:DCBBANK,109.6,109.75,109.6,109.65,878.0
2021-06-16 12:46:00,NSE:DCBBANK,109.8,109.8,109.75,109.8,498.0
2021-06-16 12:47:00,NSE:DCBBANK,109.8,109.8,109.6,109.8,5256.0
2021-06-16 12:48:00,NSE:DCBBANK,109.7,109.7,109.7,109.7,76.0
2021-06-16 12:49:00,NSE:DCBBANK,109.7,109.8,109.7,109.8,1311.0
2021-06-16 12:50:00,NSE:DCBBANK,109.6,109.6,109.6,109.6,1152.0
2021-06-16 12:51:00,NSE:DCBBANK,109.75,109.75,109.7,109.7,201.0
2021-06-16 12:52:00,NSE:DCBBANK,109.65,109.7,109.65,109.65,1376.0
2021-06-16 12:53:00,NSE:DCBBANK,109.65,109.7,109.6,109.65,436.0
2021-06-16 12:54:00,NSE:DCBBANK,109.65,109.7,109.6,109.7,624.0
2021-06-16 12:55:00,NSE:DCBBANK,109.7,109.75,109.6,109.7,2386.0
2021-06-16 12:56:00,NSE:DCBBANK,109.65,109.75,109.65,109.75,135.0
2021-06-16 12:57:00,NSE:DCBBANK,109.75,109.75,109.75,109.75,626.0
2021-06-16 12:58:00,NSE:DCBBANK,109.65,109.75,109.65,109.75,672.0
2021-06-16 12:59:00,NSE:DCBBANK,109.65,109.75,109.6,109.75,2650.0
2021-06-16 13:00:00,NSE:DCBBANK,109.65,109.75,109.65,109.7,182.0
2021-06-16 13:01:00,NSE:DCBBANK,109.7,109.7,109.55,109.65,518.0
2021-06-16 13:02:00,NSE:DCBBANK,109.65,109.65,109.55,109.65,432.0
2021-06-16 13:03:00,NSE:DCBBANK,109.55,109.7,109.55,109.7,1355.0
2021-06-16 13:04:00,NSE:DCBBANK,109.6,109.6,109.55,109.55,1161.0
2021-06-16 13:05:00,NSE:DCBBANK,109.65,109.65,109.55,109.55,275.0
2021-06-16 13:06:00,NSE:DCBBANK,109.65,109.7,109.6,109.7,3153.0
2021-06-16 13:07:00,NSE:DCBBANK,109.7,109.7,109.7,109.7,150.0
2021-06-16 13:08:00,NSE:DCBBANK,109.7,109.7,109.6,109.6,46.0
2021-06-16 13:09:00,NSE:DCBBANK,109.7,109.7,109.6,109.7,1015.0
2021-06-16 13:10:00,NSE:DCBBANK,109.6,109.7,109.6,109.7,1494.0
2021-06-16 13:11:00,NSE:DCBBANK,109.7,109.8,109.7,109.8,1474.0
2021-06-16 13:12:00,NSE:DCBBANK,109.8,109.8,109.7,109.7,325.0
2021-06-16 13:13:00,NSE:DCBBANK,109.8,109.8,109.7,109.7,306.0
2021-06-16 13:14:00,NSE:DCBBANK,109.75,109.8,109.75,109.75,377.0
2021-06-16 13:15:00,NSE:DCBBANK,109.8,109.8,109.75,109.8,2318.0
2021-06-16 13:16:00,NSE:DCBBANK,109.8,109.9,109.8,109.9,1158.0
2021-06-16 13:17:00,NSE:DCBBANK,109.85,109.85,109.85,109.85,549.0
2021-06-16 13:18:00,NSE:DCBBANK,109.85,109.85,109.85,109.85,688.0
2021-06-16 13:19:00,NSE:DCBBANK,109.85,109.9,109.85,109.85,1334.0
2021-06-16 13:20:00,NSE:DCBBANK,109.85,109.85,109.85,109.85,1768.0
2021-06-16 13:21:00,NSE:DCBBANK,109.85,109.9,109.85,109.9,974.0
2021-06-16 13:22:00,NSE:DCBBANK,109.9,109.9,109.85,109.85,563.0
2021-06-16 13:23:00,NSE:DCBBANK,109.85,109.85,109.85,109.85,56.0
2021-06-16 13:24:00,NSE:DCBBANK,109.9,109.9,109.9,109.9,2469.0
2021-06-16 13:25:00,NSE:DCBBANK,109.9,109.95,109.85,109.85,3777.0
2021-06-16 13:26:00,NSE:DCBBANK,109.95,109.95,109.75,109.75,8064.0
2021-06-16 13:27:00,NSE:DCBBANK,109.8,109.85,109.8,109.8,820.0
2021-06-16 13:28:00,NSE:DCBBANK,109.8,109.8,109.8,109.8,252.0
2021-06-16 13:29:00,NSE:DCBBANK,109.8,109.9,109.8,109.8,1493.0
2021-06-16 13:30:00,NSE:DCBBANK,109.9,109.9,109.85,109.9,3117.0
2021-06-16 13:31:00,NSE:DCBBANK,109.9,109.9,109.8,109.8,3931.0
2021-06-16 13:32:00,NSE:DCBBANK,109.75,109.9,109.7,109.9,70.0
2021-06-16 13:33:00,NSE:DCBBANK,109.75,109.8,109.75,109.8,1151.0
2021-06-16 13:34:00,NSE:DCBBANK,109.9,110.05,109.8,110.05,30666.0
2021-06-16 13:35:00,NSE:DCBBANK,110.15,110.7,110.15,110.7,41580.0
2021-06-16 13:36:00,NSE:DCBBANK,110.6,111.05,110.6,111.0,36527.0
2021-06-16 13:37:00,NSE:DCBBANK,111.05,111.2,111.0,111.0,7702.0
2021-06-16 13:38:00,NSE:DCBBANK,111.05,111.05,110.85,111.0,4179.0
2021-06-16 13:39:00,NSE:DCBBANK,110.9,111.0,110.9,110.9,479.0
2021-06-16 13:40:00,NSE:DCBBANK,110.9,110.9,110.8,110.8,307.0
2021-06-16 13:41:00,NSE:DCBBANK,110.75,110.9,110.75,110.9,1998.0
2021-06-16 13:42:00,NSE:DCBBANK,110.85,110.9,110.75,110.9,4451.0
2021-06-16 13:43:00,NSE:DCBBANK,110.8,110.9,110.8,110.9,5182.0
2021-06-16 13:44:00,NSE:DCBBANK,110.85,111.0,110.8,110.95,3104.0
2021-06-16 13:45:00,NSE:DCBBANK,110.95,111.0,110.85,111.0,472.0
2021-06-16 13:46:00,NSE:DCBBANK,110.85,111.0,110.8,110.85,6233.0
2021-06-16 13:47:00,NSE:DCBBANK,110.9,110.95,110.75,110.9,5445.0
2021-06-16 13:48:00,NSE:DCBBANK,110.9,111.1,110.8,111.0,10127.0
2021-06-16 13:49:00,NSE:DCBBANK,111.0,111.05,111.0,111.0,1596.0
2021-06-16 13:50:00,NSE:DCBBANK,110.8,111.05,110.8,110.95,7738.0
2021-06-16 13:51:00,NSE:DCBBANK,110.95,110.95,110.8,110.95,415.0
2021-06-16 13:52:00,NSE:DCBBANK,110.8,111.0,110.8,111.0,3545.0
2021-06-16 13:53:00,NSE:DCBBANK,110.85,111.0,110.85,111.0,655.0
2021-06-16 13:54:00,NSE:DCBBANK,111.0,111.0,110.8,110.9,963.0
2021-06-16 13:55:00,NSE:DCBBANK,110.9,110.95,110.9,110.9,399.0
2021-06-16 13:56:00,NSE:DCBBANK,110.9,110.9,110.8,110.8,1479.0
2021-06-16 13:57:00,NSE:DCBBANK,110.75,111.0,110.75,111.0,21181.0
2021-06-16 13:58:00,NSE:DCBBANK,111.0,111.05,110.95,111.0,2612.0
2021-06-16 13:59:00,NSE:DCBBANK,111.0,111.0,111.0,111.0,586.0
2021-06-16 14:00:00,NSE:DCBBANK,111.05,111.05,111.05,111.05,2.0
2021-06-16 14:01:00,NSE:DCBBANK,111.05,111.05,110.9,111.0,397.0
2021-06-16 14:02:00,NSE:DCBBANK,111.0,111.0,110.85,110.85,1886.0
2021-06-16 14:03:00,NSE:DCBBANK,110.85,110.85,110.8,110.85,302.0
2021-06-16 14:04:00,NSE:DCBBANK,110.8,110.95,110.75,110.95,1104.0
2021-06-16 14:05:00,NSE:DCBBANK,110.95,110.95,110.95,110.95,2.0
2021-06-16 14:06:00,NSE:DCBBANK,110.8,111.0,110.8,111.0,4971.0
2021-06-16 14:07:00,NSE:DCBBANK,111.0,111.0,110.9,111.0,7902.0
2021-06-16 14:08:00,NSE:DCBBANK,110.9,111.05,110.9,110.95,2612.0
2021-06-16 14:09:00,NSE:DCBBANK,110.95,111.0,110.95,111.0,1843.0
2021-06-16 14:10:00,NSE:DCBBANK,110.95,111.0,110.95,111.0,932.0
2021-06-16 14:11:00,NSE:DCBBANK,111.0,111.05,110.95,111.0,2410.0
2021-06-16 14:12:00,NSE:DCBBANK,110.95,111.05,110.95,111.0,1104.0
2021-06-16 14:13:00,NSE:DCBBANK,111.0,111.05,110.95,110.95,1159.0
2021-06-16 14:14:00,NSE:DCBBANK,110.95,111.05,110.95,111.05,1352.0
2021-06-16 14:15:00,NSE:DCBBANK,111.0,111.05,110.95,111.05,2213.0
2021-06-16 14:16:00,NSE:DCBBANK,111.05,111.05,111.0,111.0,1064.0
2021-06-16 14:17:00,NSE:DCBBANK,111.05,111.05,111.0,111.0,1398.0
2021-06-16 14:18:00,NSE:DCBBANK,111.0,111.0,111.0,111.0,1189.0
2021-06-16 14:19:00,NSE:DCBBANK,111.0,111.05,110.95,111.0,2439.0
2021-06-16 14:20:00,NSE:DCBBANK,111.0,111.05,111.0,111.05,3933.0
2021-06-16 14:21:00,NSE:DCBBANK,111.0,111.05,111.0,111.0,789.0
2021-06-16 14:22:00,NSE:DCBBANK,111.05,111.05,111.0,111.0,1833.0
2021-06-16 14:23:00,NSE:DCBBANK,111.0,111.05,110.95,111.05,1363.0
2021-06-16 14:24:00,NSE:DCBBANK,110.95,111.05,110.95,111.0,2088.0
2021-06-16 14:25:00,NSE:DCBBANK,111.05,111.05,111.05,111.05,503.0
2021-06-16 14:27:00,NSE:DCBBANK,111.05,111.3,111.0,111.3,64080.0
2021-06-16 14:28:00,NSE:DCBBANK,111.3,111.55,111.3,111.4,8908.0
2021-06-16 14:29:00,NSE:DCBBANK,111.6,111.6,111.35,111.5,26634.0
2021-06-16 14:30:00,NSE:DCBBANK,111.6,111.6,111.3,111.4,7001.0
2021-06-16 14:31:00,NSE:DCBBANK,111.4,111.55,111.1,111.5,64997.0
2021-06-16 14:32:00,NSE:DCBBANK,111.5,111.5,111.3,111.45,2250.0
2021-06-16 14:33:00,NSE:DCBBANK,111.5,111.5,111.3,111.4,9841.0
2021-06-16 14:34:00,NSE:DCBBANK,111.3,111.35,111.3,111.3,1791.0
2021-06-16 14:35:00,NSE:DCBBANK,111.3,111.3,111.2,111.2,2849.0
2021-06-16 14:36:00,NSE:DCBBANK,111.2,111.25,111.2,111.2,1576.0
2021-06-16 14:37:00,NSE:DCBBANK,111.2,111.5,111.1,111.5,22020.0
2021-06-16 14:38:00,NSE:DCBBANK,111.5,111.55,111.5,111.5,20283.0
2021-06-16 14:39:00,NSE:DCBBANK,111.6,111.6,111.5,111.55,17863.0
2021-06-16 14:40:00,NSE:DCBBANK,111.4,111.5,111.25,111.5,6013.0
2021-06-16 14:41:00,NSE:DCBBANK,111.5,111.55,111.45,111.55,4436.0
2021-06-16 14:42:00,NSE:DCBBANK,111.55,111.55,111.45,111.45,788.0
2021-06-16 14:43:00,NSE:DCBBANK,111.5,111.55,111.5,111.55,1834.0
2021-06-16 14:44:00,NSE:DCBBANK,111.55,111.55,111.45,111.45,3454.0
2021-06-16 14:45:00,NSE:DCBBANK,111.55,111.55,111.5,111.5,1413.0
2021-06-16 14:46:00,NSE:DCBBANK,111.5,111.55,111.5,111.55,1399.0
2021-06-16 14:47:00,NSE:DCBBANK,111.55,111.75,111.55,111.7,9860.0
2021-06-16 14:48:00,NSE:DCBBANK,111.65,111.8,111.65,111.7,4116.0
2021-06-16 14:49:00,NSE:DCBBANK,111.7,111.7,111.55,111.6,1276.0
2021-06-16 14:50:00,NSE:DCBBANK,111.55,111.6,111.55,111.6,794.0
2021-06-16 14:51:00,NSE:DCBBANK,111.6,111.6,111.6,111.6,1032.0
2021-06-16 14:52:00,NSE:DCBBANK,111.55,111.9,111.55,111.9,21817.0
2021-06-16 14:53:00,NSE:DCBBANK,112.05,112.55,112.0,112.3,83635.0
2021-06-16 14:54:00,NSE:DCBBANK,112.4,112.5,112.1,112.2,10665.0
2021-06-16 14:55:00,NSE:DCBBANK,112.2,112.2,112.0,112.1,21061.0
2021-06-16 14:56:00,NSE:DCBBANK,112.1,112.2,112.05,112.1,3436.0
2021-06-16 14:57:00,NSE:DCBBANK,112.05,112.2,112.0,112.05,5718.0
2021-06-16 14:58:00,NSE:DCBBANK,112.05,112.15,112.0,112.0,11603.0
2021-06-16 14:59:00,NSE:DCBBANK,112.0,112.1,112.0,112.0,3022.0
2021-06-16 15:00:00,NSE:DCBBANK,112.0,112.05,112.0,112.05,14429.0
2021-06-16 15:01:00,NSE:DCBBANK,112.05,112.05,112.0,112.0,22264.0
2021-06-16 15:02:00,NSE:DCBBANK,112.0,112.1,112.0,112.05,3788.0
2021-06-16 15:03:00,NSE:DCBBANK,112.0,112.1,112.0,112.05,2701.0
2021-06-16 15:04:00,NSE:DCBBANK,112.05,112.05,112.0,112.0,10361.0
2021-06-16 15:05:00,NSE:DCBBANK,112.0,112.05,112.0,112.05,3986.0
2021-06-16 15:06:00,NSE:DCBBANK,112.0,112.2,112.0,112.2,74099.0
2021-06-16 15:07:00,NSE:DCBBANK,112.5,112.65,112.5,112.55,61926.0
2021-06-16 15:08:00,NSE:DCBBANK,112.5,112.55,112.5,112.5,31894.0
2021-06-16 15:09:00,NSE:DCBBANK,112.5,112.5,112.1,112.1,41541.0
2021-06-16 15:10:00,NSE:DCBBANK,112.2,112.2,111.9,111.95,6478.0
2021-06-16 15:11:00,NSE:DCBBANK,111.9,111.9,111.6,111.65,11734.0
2021-06-16 15:12:00,NSE:DCBBANK,111.65,111.65,111.5,111.55,11507.0
2021-06-16 15:13:00,NSE:DCBBANK,111.65,111.7,111.2,111.4,29271.0
2021-06-16 15:14:00,NSE:DCBBANK,111.3,111.55,111.3,111.45,7108.0
2021-06-16 15:15:00,NSE:DCBBANK,111.45,111.75,111.15,111.7,21411.0
2021-06-16 15:16:00,NSE:DCBBANK,111.7,111.75,111.6,111.7,6247.0
2021-06-16 15:17:00,NSE:DCBBANK,111.8,111.8,111.65,111.65,3972.0
2021-06-16 15:18:00,NSE:DCBBANK,111.7,111.7,111.5,111.55,7260.0
2021-06-16 15:19:00,NSE:DCBBANK,111.45,111.45,111.25,111.25,17940.0
2021-06-16 15:20:00,NSE:DCBBANK,111.25,111.5,111.25,111.4,24961.0
2021-06-16 15:21:00,NSE:DCBBANK,111.45,111.8,111.4,111.7,13176.0
2021-06-16 15:22:00,NSE:DCBBANK,111.7,111.75,111.6,111.6,8853.0
2021-06-16 15:23:00,NSE:DCBBANK,111.6,111.6,111.35,111.35,13871.0
2021-06-16 15:24:00,NSE:DCBBANK,111.35,111.5,111.35,111.5,7370.0
2021-06-16 15:25:00,NSE:DCBBANK,111.4,111.45,111.2,111.2,16608.0
2021-06-16 15:26:00,NSE:DCBBANK,111.15,111.35,111.15,111.25,11855.0
2021-06-16 15:27:00,NSE:DCBBANK,111.6,111.6,111.2,111.3,8138.0
2021-06-16 15:28:00,NSE:DCBBANK,111.35,111.5,111.35,111.45,15225.0
2021-06-16 15:29:00,NSE:DCBBANK,111.45,111.65,111.45,111.5,16076.0
2021-06-16 15:30:00,NSE:DCBBANK,111.5,111.5,111.5,111.5,101.0
2021-06-16 15:40:00,NSE:DCBBANK,111.9,111.9,111.5,111.5,1900.0
2021-06-17 09:07:00,NSE:DCBBANK,111.0,111.0,111.0,111.0,12416.0
2021-06-17 09:15:00,NSE:DCBBANK,111.05,111.45,110.55,110.85,33357.0
2021-06-17 09:16:00,NSE:DCBBANK,110.8,111.35,110.8,111.2,30932.0
2021-06-17 09:17:00,NSE:DCBBANK,111.25,111.7,111.25,111.45,24754.0
2021-06-17 09:18:00,NSE:DCBBANK,111.5,111.9,111.5,111.6,40155.0
2021-06-17 09:19:00,NSE:DCBBANK,111.45,111.75,111.45,111.6,15338.0
2021-06-17 09:20:00,NSE:DCBBANK,111.7,111.7,111.2,111.35,24949.0
2021-06-17 09:21:00,NSE:DCBBANK,111.2,111.2,110.75,111.1,29976.0
2021-06-17 09:22:00,NSE:DCBBANK,111.15,111.25,111.1,111.25,22399.0
2021-06-17 09:23:00,NSE:DCBBANK,111.15,111.35,111.15,111.35,5446.0
2021-06-17 09:24:00,NSE:DCBBANK,111.35,111.4,111.2,111.35,8477.0
2021-06-17 09:25:00,NSE:DCBBANK,111.4,111.6,111.4,111.55,39356.0
2021-06-17 09:26:00,NSE:DCBBANK,111.6,111.85,111.6,111.75,14727.0
2021-06-17 09:27:00,NSE:DCBBANK,111.75,112.0,111.7,112.0,15370.0
2021-06-17 09:28:00,NSE:DCBBANK,111.95,111.95,111.8,111.95,5880.0
2021-06-17 09:29:00,NSE:DCBBANK,111.85,112.25,111.85,112.15,33862.0
2021-06-17 09:30:00,NSE:DCBBANK,112.25,112.4,112.2,112.2,29849.0
2021-06-17 09:31:00,NSE:DCBBANK,112.3,112.5,112.25,112.4,19034.0
2021-06-17 09:32:00,NSE:DCBBANK,112.5,112.7,112.3,112.5,36013.0
2021-06-17 09:33:00,NSE:DCBBANK,112.55,113.5,112.55,113.3,116714.0
2021-06-17 09:34:00,NSE:DCBBANK,113.3,113.45,112.95,112.95,72993.0
2021-06-17 09:35:00,NSE:DCBBANK,113.0,113.35,112.85,113.35,45439.0
2021-06-17 09:36:00,NSE:DCBBANK,113.25,113.4,113.2,113.35,37062.0
2021-06-17 09:37:00,NSE:DCBBANK,113.4,113.7,113.4,113.6,136138.0
2021-06-17 09:38:00,NSE:DCBBANK,113.6,113.65,113.3,113.5,58173.0
2021-06-17 09:39:00,NSE:DCBBANK,113.55,113.85,113.55,113.6,69554.0
2021-06-17 09:40:00,NSE:DCBBANK,113.6,113.6,113.45,113.45,46018.0
2021-06-17 09:41:00,NSE:DCBBANK,113.45,113.55,113.1,113.45,30276.0
2021-06-17 09:42:00,NSE:DCBBANK,113.35,113.45,113.15,113.3,47011.0
2021-06-17 09:43:00,NSE:DCBBANK,113.5,113.55,113.35,113.5,30890.0
2021-06-17 09:44:00,NSE:DCBBANK,113.5,113.7,113.45,113.6,34190.0
2021-06-17 09:45:00,NSE:DCBBANK,113.7,113.7,113.5,113.6,19396.0
2021-06-17 09:46:00,NSE:DCBBANK,113.6,113.6,113.45,113.55,14546.0
2021-06-17 09:47:00,NSE:DCBBANK,113.6,113.6,113.45,113.5,9826.0
2021-06-17 09:48:00,NSE:DCBBANK,113.4,113.5,113.35,113.5,9462.0
2021-06-17 09:49:00,NSE:DCBBANK,113.4,113.45,113.05,113.1,28950.0
2021-06-17 09:50:00,NSE:DCBBANK,113.15,113.25,113.1,113.15,15612.0
2021-06-17 09:51:00,NSE:DCBBANK,113.15,113.35,113.15,113.3,18918.0
2021-06-17 09:52:00,NSE:DCBBANK,113.25,113.35,113.1,113.35,18182.0
2021-06-17 09:53:00,NSE:DCBBANK,113.25,113.55,113.25,113.55,20640.0
2021-06-17 09:54:00,NSE:DCBBANK,113.5,113.55,113.35,113.55,12868.0
2021-06-17 09:55:00,NSE:DCBBANK,113.45,113.75,113.4,113.7,44635.0
2021-06-17 09:56:00,NSE:DCBBANK,113.7,114.0,113.65,113.95,62486.0
2021-06-17 09:57:00,NSE:DCBBANK,114.0,114.2,113.8,114.05,67757.0
2021-06-17 09:58:00,NSE:DCBBANK,114.1,114.3,114.1,114.15,36204.0
2021-06-17 09:59:00,NSE:DCBBANK,114.2,114.35,114.0,114.25,32260.0
2021-06-17 10:00:00,NSE:DCBBANK,114.25,114.45,113.95,114.3,49293.0
2021-06-17 10:01:00,NSE:DCBBANK,114.3,114.4,114.15,114.15,38316.0
2021-06-17 10:02:00,NSE:DCBBANK,114.15,114.25,114.0,114.05,32061.0
2021-06-17 10:03:00,NSE:DCBBANK,113.9,114.1,113.9,113.9,10979.0
2021-06-17 10:04:00,NSE:DCBBANK,113.9,114.0,113.7,113.8,14686.0
2021-06-17 10:05:00,NSE:DCBBANK,113.75,113.9,113.75,113.8,8505.0
2021-06-17 10:06:00,NSE:DCBBANK,113.8,113.85,113.5,113.6,18490.0
2021-06-17 10:07:00,NSE:DCBBANK,113.5,113.8,113.4,113.7,57673.0
2021-06-17 10:08:00,NSE:DCBBANK,113.8,114.0,113.7,114.0,10272.0
2021-06-17 10:09:00,NSE:DCBBANK,113.95,114.0,113.85,113.95,13909.0
2021-06-17 10:10:00,NSE:DCBBANK,113.9,114.0,113.9,113.95,6930.0
2021-06-17 10:11:00,NSE:DCBBANK,113.9,113.95,113.9,113.9,6028.0
2021-06-17 10:12:00,NSE:DCBBANK,113.9,114.0,113.8,114.0,19033.0
2021-06-17 10:13:00,NSE:DCBBANK,114.0,114.0,113.85,113.95,7591.0
2021-06-17 10:14:00,NSE:DCBBANK,113.9,113.95,113.75,113.9,6575.0
2021-06-17 10:15:00,NSE:DCBBANK,113.8,113.95,113.8,113.9,10014.0
2021-06-17 10:16:00,NSE:DCBBANK,113.85,113.95,113.85,113.9,4454.0
2021-06-17 10:17:00,NSE:DCBBANK,113.85,113.9,113.8,113.85,5212.0
2021-06-17 10:18:00,NSE:DCBBANK,113.8,113.85,113.65,113.8,4150.0
2021-06-17 10:19:00,NSE:DCBBANK,113.7,113.9,113.7,113.9,7404.0
2021-06-17 10:20:00,NSE:DCBBANK,113.95,114.0,113.9,113.9,7908.0
2021-06-17 10:21:00,NSE:DCBBANK,113.9,114.25,113.9,114.25,51089.0
2021-06-17 10:22:00,NSE:DCBBANK,114.3,114.3,114.05,114.2,7531.0
2021-06-17 10:23:00,NSE:DCBBANK,114.15,114.2,114.0,114.05,7894.0
2021-06-17 10:24:00,NSE:DCBBANK,114.1,114.1,113.85,113.85,5627.0
2021-06-17 10:25:00,NSE:DCBBANK,113.95,114.0,113.85,113.9,4877.0
2021-06-17 10:26:00,NSE:DCBBANK,113.9,113.95,113.85,113.9,5495.0
2021-06-17 10:27:00,NSE:DCBBANK,113.85,113.9,113.7,113.85,14290.0
2021-06-17 10:28:00,NSE:DCBBANK,113.9,113.9,113.75,113.8,3647.0
2021-06-17 10:29:00,NSE:DCBBANK,113.75,113.8,113.7,113.7,5645.0
2021-06-17 10:30:00,NSE:DCBBANK,113.8,113.85,113.75,113.75,2260.0
2021-06-17 10:31:00,NSE:DCBBANK,113.75,113.9,113.6,113.6,10166.0
2021-06-17 10:32:00,NSE:DCBBANK,113.75,113.8,113.65,113.75,5486.0
2021-06-17 10:33:00,NSE:DCBBANK,113.75,113.8,113.65,113.8,6533.0
2021-06-17 10:34:00,NSE:DCBBANK,113.8,113.8,113.65,113.65,3820.0
2021-06-17 10:35:00,NSE:DCBBANK,113.75,113.75,113.6,113.6,5111.0
2021-06-17 10:36:00,NSE:DCBBANK,113.55,113.8,113.5,113.7,9255.0
2021-06-17 10:37:00,NSE:DCBBANK,113.7,113.7,113.55,113.65,3472.0
2021-06-17 10:38:00,NSE:DCBBANK,113.55,113.75,113.55,113.7,5075.0
2021-06-17 10:39:00,NSE:DCBBANK,113.55,113.7,113.5,113.6,6146.0
2021-06-17 10:40:00,NSE:DCBBANK,113.65,113.75,113.6,113.75,4162.0
2021-06-17 10:41:00,NSE:DCBBANK,113.75,113.75,113.65,113.7,7787.0
2021-06-17 10:42:00,NSE:DCBBANK,113.65,113.8,113.65,113.7,3566.0
2021-06-17 10:43:00,NSE:DCBBANK,113.75,113.75,113.65,113.65,2828.0
2021-06-17 10:44:00,NSE:DCBBANK,113.65,113.7,113.6,113.65,2569.0
2021-06-17 10:45:00,NSE:DCBBANK,113.65,113.7,113.6,113.7,773.0
2021-06-17 10:46:00,NSE:DCBBANK,113.6,113.7,113.4,113.5,21495.0
2021-06-17 10:47:00,NSE:DCBBANK,113.4,113.6,113.35,113.55,18019.0
2021-06-17 10:48:00,NSE:DCBBANK,113.55,113.6,113.45,113.6,2896.0
2021-06-17 10:49:00,NSE:DCBBANK,113.55,113.55,113.45,113.5,2429.0
2021-06-17 10:50:00,NSE:DCBBANK,113.45,113.5,113.3,113.3,6068.0
2021-06-17 10:51:00,NSE:DCBBANK,113.4,113.5,113.35,113.4,2099.0
2021-06-17 10:52:00,NSE:DCBBANK,113.4,113.45,113.3,113.35,6213.0
2021-06-17 10:53:00,NSE:DCBBANK,113.5,113.5,113.3,113.4,7728.0
2021-06-17 10:54:00,NSE:DCBBANK,113.5,113.5,113.25,113.3,7104.0
2021-06-17 10:55:00,NSE:DCBBANK,113.35,113.4,113.15,113.35,11837.0
2021-06-17 10:56:00,NSE:DCBBANK,113.2,113.35,113.2,113.3,4114.0
2021-06-17 10:57:00,NSE:DCBBANK,113.2,113.35,113.2,113.3,5457.0
2021-06-17 10:58:00,NSE:DCBBANK,113.3,113.45,113.3,113.35,3913.0
2021-06-17 10:59:00,NSE:DCBBANK,113.35,113.45,113.35,113.35,1701.0
2021-06-17 11:00:00,NSE:DCBBANK,113.35,113.45,113.35,113.35,3101.0
2021-06-17 11:01:00,NSE:DCBBANK,113.4,113.45,113.35,113.35,2457.0
2021-06-17 11:02:00,NSE:DCBBANK,113.35,113.5,113.35,113.45,1667.0
2021-06-17 11:03:00,NSE:DCBBANK,113.45,113.45,113.35,113.35,2596.0
2021-06-17 11:04:00,NSE:DCBBANK,113.35,113.45,113.35,113.35,2115.0
2021-06-17 11:05:00,NSE:DCBBANK,113.35,113.45,113.35,113.45,2741.0
2021-06-17 11:06:00,NSE:DCBBANK,113.45,113.45,113.3,113.4,2610.0
2021-06-17 11:07:00,NSE:DCBBANK,113.4,113.45,113.4,113.45,1262.0
2021-06-17 11:08:00,NSE:DCBBANK,113.45,113.55,113.4,113.55,3862.0
2021-06-17 11:09:00,NSE:DCBBANK,113.55,113.55,113.4,113.4,7372.0
2021-06-17 11:10:00,NSE:DCBBANK,113.35,113.5,113.35,113.45,1076.0
2021-06-17 11:11:00,NSE:DCBBANK,113.4,113.5,113.35,113.5,1718.0
2021-06-17 11:12:00,NSE:DCBBANK,113.4,113.5,113.35,113.5,577.0
2021-06-17 11:13:00,NSE:DCBBANK,113.35,113.5,113.35,113.45,1874.0
2021-06-17 11:14:00,NSE:DCBBANK,113.45,113.5,113.35,113.35,1788.0
2021-06-17 11:15:00,NSE:DCBBANK,113.45,113.5,113.4,113.45,2726.0
2021-06-17 11:16:00,NSE:DCBBANK,113.45,113.5,113.4,113.5,2718.0
2021-06-17 11:17:00,NSE:DCBBANK,113.4,113.45,113.35,113.45,3913.0
2021-06-17 11:18:00,NSE:DCBBANK,113.35,113.4,113.3,113.4,2711.0
2021-06-17 11:19:00,NSE:DCBBANK,113.3,113.4,113.3,113.4,1906.0
2021-06-17 11:20:00,NSE:DCBBANK,113.35,113.35,113.25,113.25,6652.0
2021-06-17 11:21:00,NSE:DCBBANK,113.3,113.3,113.2,113.2,3225.0
2021-06-17 11:22:00,NSE:DCBBANK,113.2,113.2,112.85,113.05,47347.0
2021-06-17 11:23:00,NSE:DCBBANK,113.1,113.1,113.0,113.0,4930.0
2021-06-17 11:24:00,NSE:DCBBANK,112.95,113.2,112.95,113.2,19504.0
2021-06-17 11:25:00,NSE:DCBBANK,113.25,113.45,113.2,113.45,7674.0
2021-06-17 11:26:00,NSE:DCBBANK,113.45,113.45,113.25,113.25,5523.0
2021-06-17 11:27:00,NSE:DCBBANK,113.25,113.25,113.1,113.25,1466.0
2021-06-17 11:28:00,NSE:DCBBANK,113.25,113.3,113.25,113.3,2202.0
2021-06-17 11:29:00,NSE:DCBBANK,113.3,113.4,113.25,113.3,1903.0
2021-06-17 11:30:00,NSE:DCBBANK,113.3,113.3,113.25,113.3,265.0
2021-06-17 11:31:00,NSE:DCBBANK,113.3,113.4,113.2,113.35,7406.0
2021-06-17 11:32:00,NSE:DCBBANK,113.35,113.35,113.15,113.15,4136.0
2021-06-17 11:33:00,NSE:DCBBANK,113.1,113.2,113.1,113.15,2713.0
2021-06-17 11:34:00,NSE:DCBBANK,113.15,113.15,112.9,112.9,7260.0
2021-06-17 11:35:00,NSE:DCBBANK,112.95,113.05,112.9,112.95,2112.0
2021-06-17 11:36:00,NSE:DCBBANK,112.9,113.0,112.9,112.95,3774.0
2021-06-17 11:37:00,NSE:DCBBANK,112.95,113.1,112.95,113.1,4280.0
2021-06-17 11:38:00,NSE:DCBBANK,113.0,113.0,112.85,112.9,7155.0
2021-06-17 11:39:00,NSE:DCBBANK,112.9,112.9,112.85,112.9,5589.0
2021-06-17 11:40:00,NSE:DCBBANK,112.85,112.95,112.85,112.95,2995.0
2021-06-17 11:41:00,NSE:DCBBANK,112.9,112.9,112.85,112.85,2585.0
2021-06-17 11:42:00,NSE:DCBBANK,112.85,113.1,112.85,113.0,12167.0
2021-06-17 11:43:00,NSE:DCBBANK,113.1,113.15,113.0,113.0,4870.0
2021-06-17 11:44:00,NSE:DCBBANK,112.95,112.95,112.7,112.75,23111.0
2021-06-17 11:45:00,NSE:DCBBANK,112.75,112.75,112.55,112.7,4388.0
2021-06-17 11:46:00,NSE:DCBBANK,112.65,112.75,112.6,112.6,2094.0
2021-06-17 11:47:00,NSE:DCBBANK,112.75,112.75,112.75,112.75,1762.0
2021-06-17 11:48:00,NSE:DCBBANK,112.75,112.75,112.65,112.75,3667.0
2021-06-17 11:49:00,NSE:DCBBANK,112.65,112.75,112.6,112.7,2451.0
2021-06-17 11:50:00,NSE:DCBBANK,112.7,112.75,112.6,112.65,4183.0
2021-06-17 11:51:00,NSE:DCBBANK,112.65,112.65,112.6,112.65,680.0
2021-06-17 11:52:00,NSE:DCBBANK,112.65,112.65,112.3,112.3,22890.0
2021-06-17 11:53:00,NSE:DCBBANK,112.3,112.5,112.3,112.4,2657.0
2021-06-17 11:54:00,NSE:DCBBANK,112.5,112.65,112.5,112.65,4683.0
2021-06-17 11:55:00,NSE:DCBBANK,112.55,112.7,112.55,112.6,555.0
2021-06-17 11:56:00,NSE:DCBBANK,112.65,112.75,112.55,112.55,7732.0
2021-06-17 11:57:00,NSE:DCBBANK,112.6,112.65,112.55,112.65,4097.0
2021-06-17 11:58:00,NSE:DCBBANK,112.6,112.65,112.55,112.55,4244.0
2021-06-17 11:59:00,NSE:DCBBANK,112.6,112.6,112.4,112.5,4251.0
2021-06-17 12:00:00,NSE:DCBBANK,112.55,112.6,112.45,112.6,3936.0
2021-06-17 12:01:00,NSE:DCBBANK,112.6,112.65,112.5,112.65,3450.0
2021-06-17 12:02:00,NSE:DCBBANK,112.5,112.5,112.45,112.45,1304.0
2021-06-17 12:03:00,NSE:DCBBANK,112.5,112.5,112.45,112.5,999.0
2021-06-17 12:04:00,NSE:DCBBANK,112.5,112.8,112.5,112.7,7893.0
2021-06-17 12:05:00,NSE:DCBBANK,112.65,112.8,112.6,112.65,1020.0
2021-06-17 12:06:00,NSE:DCBBANK,112.65,112.75,112.6,112.65,646.0
2021-06-17 12:07:00,NSE:DCBBANK,112.6,112.7,112.55,112.7,3472.0
2021-06-17 12:08:00,NSE:DCBBANK,112.7,112.8,112.65,112.75,4437.0
2021-06-17 12:09:00,NSE:DCBBANK,112.75,112.85,112.75,112.85,772.0
2021-06-17 12:10:00,NSE:DCBBANK,112.85,112.85,112.8,112.85,502.0
2021-06-17 12:11:00,NSE:DCBBANK,112.9,112.9,112.8,112.9,752.0
2021-06-17 12:12:00,NSE:DCBBANK,112.8,112.8,112.7,112.7,3580.0
2021-06-17 12:13:00,NSE:DCBBANK,112.7,112.8,112.65,112.65,436.0
2021-06-17 12:14:00,NSE:DCBBANK,112.75,112.75,112.7,112.7,441.0
2021-06-17 12:15:00,NSE:DCBBANK,112.65,112.65,112.55,112.6,6795.0
2021-06-17 12:16:00,NSE:DCBBANK,112.6,112.6,112.5,112.5,3661.0
2021-06-17 12:17:00,NSE:DCBBANK,112.5,112.55,112.5,112.55,2062.0
2021-06-17 12:18:00,NSE:DCBBANK,112.55,112.55,112.5,112.55,1250.0
2021-06-17 12:19:00,NSE:DCBBANK,112.5,112.5,112.5,112.5,1462.0
2021-06-17 12:20:00,NSE:DCBBANK,112.5,112.6,112.5,112.6,4649.0
2021-06-17 12:21:00,NSE:DCBBANK,112.6,112.7,112.6,112.7,845.0
2021-06-17 12:22:00,NSE:DCBBANK,112.55,112.7,112.55,112.6,942.0
2021-06-17 12:23:00,NSE:DCBBANK,112.65,112.65,112.55,112.6,1369.0
2021-06-17 12:24:00,NSE:DCBBANK,112.55,112.6,112.55,112.55,3712.0
2021-06-17 12:25:00,NSE:DCBBANK,112.55,112.7,112.55,112.6,1063.0
2021-06-17 12:26:00,NSE:DCBBANK,112.7,112.7,112.6,112.6,746.0
2021-06-17 12:27:00,NSE:DCBBANK,112.65,112.7,112.5,112.5,2000.0
2021-06-17 12:28:00,NSE:DCBBANK,112.5,112.6,112.4,112.6,2764.0
2021-06-17 12:29:00,NSE:DCBBANK,112.55,112.6,112.5,112.6,2501.0
2021-06-17 12:30:00,NSE:DCBBANK,112.6,112.65,112.5,112.55,1473.0
2021-06-17 12:31:00,NSE:DCBBANK,112.65,112.65,112.55,112.6,738.0
2021-06-17 12:32:00,NSE:DCBBANK,112.6,112.65,112.6,112.65,750.0
2021-06-17 12:33:00,NSE:DCBBANK,112.7,112.7,112.6,112.6,1040.0
2021-06-17 12:34:00,NSE:DCBBANK,112.7,112.75,112.6,112.7,2432.0
2021-06-17 12:35:00,NSE:DCBBANK,112.65,112.8,112.65,112.8,928.0
2021-06-17 12:36:00,NSE:DCBBANK,112.7,112.8,112.7,112.8,1630.0
2021-06-17 12:37:00,NSE:DCBBANK,112.75,112.8,112.75,112.75,1447.0
2021-06-17 12:38:00,NSE:DCBBANK,112.85,112.9,112.8,112.85,3602.0
2021-06-17 12:39:00,NSE:DCBBANK,112.9,112.9,112.8,112.8,2589.0
2021-06-17 12:40:00,NSE:DCBBANK,112.9,112.9,112.8,112.8,744.0
2021-06-17 12:41:00,NSE:DCBBANK,112.75,112.85,112.75,112.85,462.0
2021-06-17 12:42:00,NSE:DCBBANK,112.85,112.85,112.75,112.85,2294.0
2021-06-17 12:43:00,NSE:DCBBANK,112.85,112.9,112.75,112.9,2876.0
2021-06-17 12:44:00,NSE:DCBBANK,113.1,113.2,113.05,113.1,21996.0
2021-06-17 12:45:00,NSE:DCBBANK,113.1,113.3,113.1,113.2,13835.0
2021-06-17 12:46:00,NSE:DCBBANK,113.25,113.25,113.2,113.2,1266.0
2021-06-17 12:47:00,NSE:DCBBANK,113.25,113.35,113.25,113.35,1210.0
2021-06-17 12:48:00,NSE:DCBBANK,113.4,113.4,113.3,113.4,10654.0
2021-06-17 12:49:00,NSE:DCBBANK,113.25,113.4,113.25,113.4,5279.0
2021-06-17 12:50:00,NSE:DCBBANK,113.35,113.4,113.15,113.35,7301.0
2021-06-17 12:51:00,NSE:DCBBANK,113.35,113.4,113.25,113.25,6925.0
2021-06-17 12:52:00,NSE:DCBBANK,113.3,113.35,113.25,113.25,786.0
2021-06-17 12:53:00,NSE:DCBBANK,113.3,113.35,113.15,113.3,2857.0
2021-06-17 12:54:00,NSE:DCBBANK,113.25,113.25,113.1,113.1,1150.0
2021-06-17 12:55:00,NSE:DCBBANK,113.1,113.1,113.05,113.05,5601.0
2021-06-17 12:56:00,NSE:DCBBANK,113.1,113.1,112.85,112.85,5765.0
2021-06-17 12:57:00,NSE:DCBBANK,112.9,112.95,112.75,112.85,10019.0
2021-06-17 12:58:00,NSE:DCBBANK,112.95,112.95,112.9,112.95,1105.0
2021-06-17 12:59:00,NSE:DCBBANK,112.95,112.95,112.8,112.95,5453.0
2021-06-17 13:00:00,NSE:DCBBANK,112.85,113.0,112.85,113.0,2339.0
2021-06-17 13:01:00,NSE:DCBBANK,113.0,113.05,113.0,113.05,1997.0
2021-06-17 13:02:00,NSE:DCBBANK,113.05,113.1,112.95,113.0,1790.0
2021-06-17 13:03:00,NSE:DCBBANK,112.95,113.0,112.95,112.95,1398.0
2021-06-17 13:04:00,NSE:DCBBANK,112.95,113.0,112.95,113.0,284.0
2021-06-17 13:05:00,NSE:DCBBANK,113.0,113.05,113.0,113.05,729.0
2021-06-17 13:06:00,NSE:DCBBANK,113.05,113.05,112.85,112.85,4677.0
2021-06-17 13:07:00,NSE:DCBBANK,112.95,113.0,112.85,113.0,740.0
2021-06-17 13:08:00,NSE:DCBBANK,113.0,113.0,112.9,113.0,4609.0
2021-06-17 13:09:00,NSE:DCBBANK,113.0,113.0,112.9,112.95,965.0
2021-06-17 13:10:00,NSE:DCBBANK,113.0,113.0,112.9,112.9,569.0
2021-06-17 13:11:00,NSE:DCBBANK,112.95,113.0,112.9,112.95,627.0
2021-06-17 13:12:00,NSE:DCBBANK,112.95,112.95,112.9,112.9,1080.0
2021-06-17 13:13:00,NSE:DCBBANK,112.9,112.95,112.85,112.9,3527.0
2021-06-17 13:14:00,NSE:DCBBANK,112.85,112.85,112.8,112.8,323.0
2021-06-17 13:15:00,NSE:DCBBANK,112.8,112.95,112.8,112.8,5923.0
2021-06-17 13:16:00,NSE:DCBBANK,112.8,112.85,112.8,112.85,2202.0
2021-06-17 13:17:00,NSE:DCBBANK,112.7,112.85,112.6,112.85,4528.0
2021-06-17 13:18:00,NSE:DCBBANK,112.75,112.9,112.65,112.9,2232.0
2021-06-17 13:19:00,NSE:DCBBANK,112.7,112.9,112.7,112.8,513.0
2021-06-17 13:20:00,NSE:DCBBANK,112.8,112.9,112.8,112.9,2092.0
2021-06-17 13:21:00,NSE:DCBBANK,112.9,112.9,112.7,112.8,2177.0
2021-06-17 13:22:00,NSE:DCBBANK,112.8,112.8,112.6,112.6,1288.0
2021-06-17 13:23:00,NSE:DCBBANK,112.7,112.8,112.6,112.8,2711.0
2021-06-17 13:24:00,NSE:DCBBANK,112.8,112.85,112.75,112.75,274.0
2021-06-17 13:25:00,NSE:DCBBANK,112.75,112.75,112.7,112.7,1527.0
2021-06-17 13:26:00,NSE:DCBBANK,112.75,112.75,112.75,112.75,180.0
2021-06-17 13:27:00,NSE:DCBBANK,112.75,112.75,112.65,112.65,1991.0
2021-06-17 13:28:00,NSE:DCBBANK,112.8,112.8,112.65,112.65,106.0
2021-06-17 13:29:00,NSE:DCBBANK,112.7,112.7,112.65,112.65,1086.0
2021-06-17 13:30:00,NSE:DCBBANK,112.65,112.8,112.65,112.7,356.0
2021-06-17 13:31:00,NSE:DCBBANK,112.7,112.7,112.65,112.7,476.0
2021-06-17 13:32:00,NSE:DCBBANK,112.65,112.8,112.65,112.8,2665.0
2021-06-17 13:33:00,NSE:DCBBANK,112.8,112.8,112.7,112.8,1077.0
2021-06-17 13:34:00,NSE:DCBBANK,112.7,112.75,112.7,112.7,1000.0
2021-06-17 13:35:00,NSE:DCBBANK,112.75,112.85,112.75,112.8,12578.0
2021-06-17 13:36:00,NSE:DCBBANK,112.8,112.9,112.8,112.9,210.0
2021-06-17 13:37:00,NSE:DCBBANK,112.8,112.9,112.8,112.85,1415.0
2021-06-17 13:38:00,NSE:DCBBANK,112.9,112.9,112.75,112.9,1383.0
2021-06-17 13:39:00,NSE:DCBBANK,112.75,112.9,112.75,112.8,561.0
2021-06-17 13:40:00,NSE:DCBBANK,112.8,112.9,112.75,112.85,1343.0
2021-06-17 13:41:00,NSE:DCBBANK,112.85,112.85,112.7,112.8,789.0
2021-06-17 13:42:00,NSE:DCBBANK,112.8,112.8,112.75,112.75,137.0
2021-06-17 13:43:00,NSE:DCBBANK,112.9,112.9,112.7,112.7,1702.0
2021-06-17 13:44:00,NSE:DCBBANK,112.8,112.85,112.7,112.75,1438.0
2021-06-17 13:45:00,NSE:DCBBANK,112.75,112.85,112.75,112.75,836.0
2021-06-17 13:46:00,NSE:DCBBANK,112.75,112.85,112.7,112.85,925.0
2021-06-17 13:47:00,NSE:DCBBANK,112.85,112.85,112.7,112.85,1798.0
2021-06-17 13:48:00,NSE:DCBBANK,112.7,112.85,112.7,112.7,2210.0
2021-06-17 13:49:00,NSE:DCBBANK,112.7,112.8,112.7,112.7,370.0
2021-06-17 13:50:00,NSE:DCBBANK,112.8,112.8,112.8,112.8,887.0
2021-06-17 13:51:00,NSE:DCBBANK,112.8,112.8,112.75,112.75,239.0
2021-06-17 13:52:00,NSE:DCBBANK,112.75,112.8,112.7,112.7,2147.0
2021-06-17 13:53:00,NSE:DCBBANK,112.7,112.85,112.65,112.8,2823.0
2021-06-17 13:54:00,NSE:DCBBANK,112.8,112.95,112.75,112.95,5274.0
2021-06-17 13:55:00,NSE:DCBBANK,112.95,113.0,112.85,112.95,7184.0
2021-06-17 13:56:00,NSE:DCBBANK,112.95,113.1,112.95,113.1,6504.0
2021-06-17 13:57:00,NSE:DCBBANK,113.1,113.15,113.05,113.15,6671.0
2021-06-17 13:58:00,NSE:DCBBANK,113.15,113.25,113.1,113.2,8248.0
2021-06-17 13:59:00,NSE:DCBBANK,113.25,113.4,113.25,113.3,4745.0
2021-06-17 14:00:00,NSE:DCBBANK,113.4,113.4,113.15,113.3,11151.0
2021-06-17 14:01:00,NSE:DCBBANK,113.25,113.4,113.15,113.35,6215.0
2021-06-17 14:02:00,NSE:DCBBANK,113.35,113.4,113.25,113.3,5873.0
2021-06-17 14:03:00,NSE:DCBBANK,113.3,113.35,113.25,113.35,5541.0
2021-06-17 14:04:00,NSE:DCBBANK,113.35,113.35,113.2,113.35,5947.0
2021-06-17 14:05:00,NSE:DCBBANK,113.35,113.35,113.2,113.3,5003.0
2021-06-17 14:06:00,NSE:DCBBANK,113.3,113.3,113.1,113.2,12010.0
2021-06-17 14:07:00,NSE:DCBBANK,113.1,113.25,113.0,113.0,11959.0
2021-06-17 14:08:00,NSE:DCBBANK,113.0,113.05,112.85,113.0,14943.0
2021-06-17 14:09:00,NSE:DCBBANK,112.9,113.0,112.85,112.85,12122.0
2021-06-17 14:10:00,NSE:DCBBANK,112.85,112.95,112.7,112.85,7959.0
2021-06-17 14:11:00,NSE:DCBBANK,112.9,112.9,112.75,112.85,3708.0
2021-06-17 14:12:00,NSE:DCBBANK,112.85,112.9,112.75,112.85,4786.0
2021-06-17 14:13:00,NSE:DCBBANK,112.9,112.9,112.7,112.85,7268.0
2021-06-17 14:14:00,NSE:DCBBANK,112.85,112.85,112.6,112.75,9124.0
2021-06-17 14:15:00,NSE:DCBBANK,112.75,112.75,112.5,112.65,20022.0
2021-06-17 14:16:00,NSE:DCBBANK,112.55,112.8,112.55,112.8,12347.0
2021-06-17 14:17:00,NSE:DCBBANK,112.8,112.8,112.1,112.35,45390.0
2021-06-17 14:18:00,NSE:DCBBANK,112.35,112.5,112.15,112.15,10166.0
2021-06-17 14:19:00,NSE:DCBBANK,112.35,112.45,112.25,112.4,11063.0
2021-06-17 14:20:00,NSE:DCBBANK,112.4,112.6,112.25,112.6,25382.0
2021-06-17 14:21:00,NSE:DCBBANK,112.65,112.8,112.55,112.7,5694.0
2021-06-17 14:22:00,NSE:DCBBANK,112.7,112.75,112.55,112.65,6322.0
2021-06-17 14:23:00,NSE:DCBBANK,112.65,112.7,112.4,112.4,9094.0
2021-06-17 14:24:00,NSE:DCBBANK,112.5,112.75,112.5,112.6,15532.0
2021-06-17 14:25:00,NSE:DCBBANK,112.6,112.65,112.45,112.5,6485.0
2021-06-17 14:26:00,NSE:DCBBANK,112.6,112.7,112.5,112.7,6075.0
2021-06-17 14:27:00,NSE:DCBBANK,112.7,112.7,112.35,112.55,12833.0
2021-06-17 14:28:00,NSE:DCBBANK,112.55,112.65,112.35,112.35,20241.0
2021-06-17 14:29:00,NSE:DCBBANK,112.4,112.45,112.3,112.4,6128.0
2021-06-17 14:30:00,NSE:DCBBANK,112.3,112.45,112.25,112.35,9194.0
2021-06-17 14:31:00,NSE:DCBBANK,112.4,112.45,112.3,112.45,4540.0
2021-06-17 14:32:00,NSE:DCBBANK,112.45,112.45,112.1,112.25,15349.0
2021-06-17 14:33:00,NSE:DCBBANK,112.2,112.25,112.1,112.25,4164.0
2021-06-17 14:34:00,NSE:DCBBANK,112.25,112.25,111.7,111.7,78634.0
2021-06-17 14:35:00,NSE:DCBBANK,111.8,111.8,111.7,111.75,14075.0
2021-06-17 14:36:00,NSE:DCBBANK,111.65,111.8,111.6,111.75,8025.0
2021-06-17 14:37:00,NSE:DCBBANK,111.75,111.8,111.6,111.8,9397.0
2021-06-17 14:38:00,NSE:DCBBANK,111.8,111.8,111.6,111.6,9291.0
2021-06-17 14:39:00,NSE:DCBBANK,111.6,111.65,111.4,111.5,20662.0
2021-06-17 14:40:00,NSE:DCBBANK,111.5,111.5,111.25,111.25,15606.0
2021-06-17 14:41:00,NSE:DCBBANK,111.25,111.5,111.2,111.45,10092.0
2021-06-17 14:42:00,NSE:DCBBANK,111.45,111.6,111.35,111.55,7388.0
2021-06-17 14:43:00,NSE:DCBBANK,111.55,111.7,111.45,111.7,11870.0
2021-06-17 14:44:00,NSE:DCBBANK,111.7,111.7,111.5,111.5,6075.0
2021-06-17 14:45:00,NSE:DCBBANK,111.6,111.7,111.5,111.55,13106.0
2021-06-17 14:46:00,NSE:DCBBANK,111.7,111.7,111.55,111.7,4687.0
2021-06-17 14:47:00,NSE:DCBBANK,111.7,111.75,111.6,111.6,29660.0
2021-06-17 14:48:00,NSE:DCBBANK,111.75,111.75,111.6,111.75,10024.0
2021-06-17 14:49:00,NSE:DCBBANK,111.65,111.75,111.6,111.7,17210.0
2021-06-17 14:50:00,NSE:DCBBANK,111.7,111.7,111.5,111.7,8330.0
2021-06-17 14:51:00,NSE:DCBBANK,111.7,111.7,111.55,111.65,6167.0
2021-06-17 14:52:00,NSE:DCBBANK,111.65,111.65,111.45,111.45,10945.0
2021-06-17 14:53:00,NSE:DCBBANK,111.2,111.65,111.2,111.6,7768.0
2021-06-17 14:54:00,NSE:DCBBANK,111.6,111.65,111.35,111.55,12524.0
2021-06-17 14:55:00,NSE:DCBBANK,111.55,111.7,111.45,111.65,8742.0
2021-06-17 14:56:00,NSE:DCBBANK,111.65,111.65,111.45,111.6,4738.0
2021-06-17 14:57:00,NSE:DCBBANK,111.6,111.6,111.5,111.6,3687.0
2021-06-17 14:58:00,NSE:DCBBANK,111.55,111.6,111.45,111.6,7586.0
2021-06-17 14:59:00,NSE:DCBBANK,111.55,111.75,111.45,111.75,15754.0
2021-06-17 15:00:00,NSE:DCBBANK,111.75,111.75,111.6,111.75,10378.0
2021-06-17 15:01:00,NSE:DCBBANK,111.75,111.75,111.6,111.75,5224.0
2021-06-17 15:02:00,NSE:DCBBANK,111.75,111.75,111.6,111.65,14347.0
2021-06-17 15:03:00,NSE:DCBBANK,111.65,111.75,111.6,111.75,4219.0
2021-06-17 15:04:00,NSE:DCBBANK,111.75,111.9,111.3,111.5,32703.0
2021-06-17 15:05:00,NSE:DCBBANK,111.45,111.65,111.4,111.5,11687.0
2021-06-17 15:06:00,NSE:DCBBANK,111.6,111.65,111.55,111.65,5454.0
2021-06-17 15:07:00,NSE:DCBBANK,111.65,111.8,111.45,111.5,23985.0
2021-06-17 15:08:00,NSE:DCBBANK,111.5,111.5,111.4,111.5,18864.0
2021-06-17 15:09:00,NSE:DCBBANK,111.5,111.5,111.35,111.4,23984.0
2021-06-17 15:10:00,NSE:DCBBANK,111.25,111.25,111.15,111.2,23984.0
2021-06-17 15:11:00,NSE:DCBBANK,111.1,111.2,110.1,110.55,71200.0
2021-06-17 15:12:00,NSE:DCBBANK,110.55,110.85,110.55,110.85,30462.0
2021-06-17 15:13:00,NSE:DCBBANK,110.75,110.85,110.75,110.8,5418.0
2021-06-17 15:14:00,NSE:DCBBANK,110.85,111.0,110.75,110.8,26920.0
2021-06-17 15:15:00,NSE:DCBBANK,110.8,110.9,110.75,110.8,7880.0
2021-06-17 15:16:00,NSE:DCBBANK,110.9,110.9,110.55,110.75,22859.0
2021-06-17 15:17:00,NSE:DCBBANK,110.65,110.75,110.4,110.5,22407.0
2021-06-17 15:18:00,NSE:DCBBANK,110.5,110.5,110.05,110.45,39369.0
2021-06-17 15:19:00,NSE:DCBBANK,110.5,110.7,110.3,110.5,22839.0
2021-06-17 15:20:00,NSE:DCBBANK,110.55,110.6,110.3,110.35,13466.0
2021-06-17 15:21:00,NSE:DCBBANK,110.35,110.35,109.45,110.2,167540.0
2021-06-17 15:22:00,NSE:DCBBANK,110.2,110.3,110.2,110.25,13994.0
2021-06-17 15:23:00,NSE:DCBBANK,110.35,110.5,110.35,110.45,14809.0
2021-06-17 15:24:00,NSE:DCBBANK,110.5,110.6,110.45,110.6,6079.0
2021-06-17 15:25:00,NSE:DCBBANK,110.6,110.7,110.6,110.7,12367.0
2021-06-17 15:26:00,NSE:DCBBANK,110.7,110.7,110.6,110.7,8389.0
2021-06-17 15:27:00,NSE:DCBBANK,110.7,110.75,110.65,110.75,8357.0
2021-06-17 15:28:00,NSE:DCBBANK,110.75,110.9,110.75,110.8,17931.0
2021-06-17 15:29:00,NSE:DCBBANK,110.9,111.0,110.75,110.75,15641.0
2021-06-17 15:40:00,NSE:DCBBANK,110.7,110.75,110.7,110.75,300.0
2021-06-18 09:07:00,NSE:DCBBANK,111.65,111.65,111.65,111.65,3866.0
2021-06-18 09:15:00,NSE:DCBBANK,111.8,112.2,111.5,111.9,18546.0
2021-06-18 09:16:00,NSE:DCBBANK,111.65,111.75,111.35,111.65,25416.0
2021-06-18 09:17:00,NSE:DCBBANK,111.55,111.65,111.25,111.3,23542.0
2021-06-18 09:18:00,NSE:DCBBANK,111.25,111.45,111.0,111.4,12409.0
2021-06-18 09:19:00,NSE:DCBBANK,111.5,111.6,111.4,111.45,7333.0
2021-06-18 09:20:00,NSE:DCBBANK,111.4,111.4,110.75,110.8,17124.0
2021-06-18 09:21:00,NSE:DCBBANK,110.7,110.7,110.1,110.25,34022.0
2021-06-18 09:22:00,NSE:DCBBANK,110.05,110.45,110.05,110.3,10009.0
2021-06-18 09:23:00,NSE:DCBBANK,110.55,111.3,110.5,111.3,13963.0
2021-06-18 09:24:00,NSE:DCBBANK,111.4,111.4,111.15,111.2,8450.0
2021-06-18 09:25:00,NSE:DCBBANK,111.3,111.8,111.15,111.45,15627.0
2021-06-18 09:26:00,NSE:DCBBANK,111.5,111.55,111.4,111.4,2778.0
2021-06-18 09:27:00,NSE:DCBBANK,111.55,111.55,111.2,111.2,5998.0
2021-06-18 09:28:00,NSE:DCBBANK,111.05,111.35,110.8,111.35,11160.0
2021-06-18 09:29:00,NSE:DCBBANK,111.1,111.25,111.1,111.25,4801.0
2021-06-18 09:30:00,NSE:DCBBANK,111.25,111.25,110.95,111.0,3070.0
2021-06-18 09:31:00,NSE:DCBBANK,110.85,111.25,110.85,111.1,8027.0
2021-06-18 09:32:00,NSE:DCBBANK,111.1,111.2,110.95,110.95,1437.0
2021-06-18 09:33:00,NSE:DCBBANK,111.1,111.25,110.85,110.85,5674.0
2021-06-18 09:34:00,NSE:DCBBANK,110.95,111.3,110.9,111.3,6275.0
2021-06-18 09:35:00,NSE:DCBBANK,111.2,111.25,110.95,110.95,2209.0
2021-06-18 09:36:00,NSE:DCBBANK,110.95,111.1,110.75,111.0,13289.0
2021-06-18 09:37:00,NSE:DCBBANK,111.0,111.0,110.9,110.9,1979.0
2021-06-18 09:38:00,NSE:DCBBANK,110.95,111.35,110.95,111.35,6991.0
2021-06-18 09:39:00,NSE:DCBBANK,111.4,111.5,111.2,111.2,3807.0
2021-06-18 09:40:00,NSE:DCBBANK,111.05,111.3,111.05,111.3,4880.0
2021-06-18 09:41:00,NSE:DCBBANK,111.35,111.35,111.1,111.2,1456.0
2021-06-18 09:42:00,NSE:DCBBANK,111.2,111.2,110.85,110.85,5636.0
2021-06-18 09:43:00,NSE:DCBBANK,110.95,110.95,110.4,110.5,18155.0
2021-06-18 09:44:00,NSE:DCBBANK,110.35,110.5,110.25,110.25,19293.0
2021-06-18 09:45:00,NSE:DCBBANK,110.1,110.1,109.6,110.0,34355.0
2021-06-18 09:46:00,NSE:DCBBANK,109.85,109.95,109.65,109.95,8891.0
2021-06-18 09:47:00,NSE:DCBBANK,109.95,109.95,109.6,109.8,9432.0
2021-06-18 09:48:00,NSE:DCBBANK,109.65,109.8,109.6,109.8,4027.0
2021-06-18 09:49:00,NSE:DCBBANK,109.65,110.05,109.65,110.0,10440.0
2021-06-18 09:50:00,NSE:DCBBANK,109.85,110.0,109.8,109.95,2837.0
2021-06-18 09:51:00,NSE:DCBBANK,109.9,110.15,109.9,109.9,6789.0
2021-06-18 09:52:00,NSE:DCBBANK,110.0,110.0,109.1,109.2,26063.0
2021-06-18 09:53:00,NSE:DCBBANK,109.1,109.35,109.1,109.2,7560.0
2021-06-18 09:54:00,NSE:DCBBANK,109.2,109.35,109.05,109.3,18902.0
2021-06-18 09:55:00,NSE:DCBBANK,109.3,109.35,109.0,109.1,16460.0
2021-06-18 09:56:00,NSE:DCBBANK,109.1,109.1,108.8,109.0,8997.0
2021-06-18 09:57:00,NSE:DCBBANK,109.0,109.1,108.85,108.85,5408.0
2021-06-18 09:58:00,NSE:DCBBANK,109.15,109.3,109.0,109.0,13209.0
2021-06-18 09:59:00,NSE:DCBBANK,109.35,109.4,109.0,109.05,11049.0
2021-06-18 10:00:00,NSE:DCBBANK,109.05,109.4,109.05,109.4,9358.0
2021-06-18 10:01:00,NSE:DCBBANK,109.35,109.45,109.05,109.05,13856.0
2021-06-18 10:02:00,NSE:DCBBANK,109.25,109.5,109.15,109.4,9239.0
2021-06-18 10:03:00,NSE:DCBBANK,109.6,109.7,109.45,109.55,11456.0
2021-06-18 10:04:00,NSE:DCBBANK,109.5,109.7,109.5,109.55,2523.0
2021-06-18 10:05:00,NSE:DCBBANK,109.55,109.7,109.5,109.55,2422.0
2021-06-18 10:06:00,NSE:DCBBANK,109.7,109.7,109.6,109.7,1677.0
2021-06-18 10:07:00,NSE:DCBBANK,109.7,109.75,109.25,109.25,14736.0
2021-06-18 10:08:00,NSE:DCBBANK,109.4,109.6,109.4,109.4,3113.0
2021-06-18 10:09:00,NSE:DCBBANK,109.4,109.65,109.4,109.55,4234.0
2021-06-18 10:10:00,NSE:DCBBANK,109.55,109.6,109.4,109.4,6471.0
2021-06-18 10:11:00,NSE:DCBBANK,109.55,109.65,109.45,109.65,4002.0
2021-06-18 10:12:00,NSE:DCBBANK,109.6,109.65,109.55,109.55,4871.0
2021-06-18 10:13:00,NSE:DCBBANK,109.75,109.75,109.55,109.65,2013.0
2021-06-18 10:14:00,NSE:DCBBANK,109.55,109.7,109.55,109.6,1138.0
2021-06-18 10:15:00,NSE:DCBBANK,109.7,109.75,109.65,109.65,660.0
2021-06-18 10:16:00,NSE:DCBBANK,109.7,109.7,109.45,109.45,4518.0
2021-06-18 10:17:00,NSE:DCBBANK,109.45,109.6,109.45,109.5,14915.0
2021-06-18 10:18:00,NSE:DCBBANK,109.5,109.6,109.4,109.45,2876.0
2021-06-18 10:19:00,NSE:DCBBANK,109.4,109.55,109.15,109.15,8449.0
2021-06-18 10:20:00,NSE:DCBBANK,109.2,109.45,109.2,109.3,1548.0
2021-06-18 10:21:00,NSE:DCBBANK,109.3,109.35,109.1,109.35,4547.0
2021-06-18 10:22:00,NSE:DCBBANK,109.3,109.3,109.15,109.15,1127.0
2021-06-18 10:23:00,NSE:DCBBANK,109.15,109.15,108.65,108.65,14549.0
2021-06-18 10:24:00,NSE:DCBBANK,108.7,108.75,108.35,108.6,19600.0
2021-06-18 10:25:00,NSE:DCBBANK,108.65,108.9,108.5,108.6,13971.0
2021-06-18 10:26:00,NSE:DCBBANK,108.5,108.85,108.5,108.75,1410.0
2021-06-18 10:27:00,NSE:DCBBANK,108.8,108.85,108.6,108.6,4476.0
2021-06-18 10:28:00,NSE:DCBBANK,108.6,108.6,108.25,108.3,11309.0
2021-06-18 10:29:00,NSE:DCBBANK,108.3,108.35,108.2,108.2,5079.0
2021-06-18 10:30:00,NSE:DCBBANK,108.2,108.7,108.2,108.3,24262.0
2021-06-18 10:31:00,NSE:DCBBANK,108.3,108.5,108.3,108.3,3974.0
2021-06-18 10:32:00,NSE:DCBBANK,108.3,108.65,108.15,108.65,13814.0
2021-06-18 10:33:00,NSE:DCBBANK,108.6,108.8,108.5,108.8,2021.0
2021-06-18 10:34:00,NSE:DCBBANK,108.65,108.65,108.35,108.6,5618.0
2021-06-18 10:35:00,NSE:DCBBANK,108.5,108.7,108.5,108.7,7840.0
2021-06-18 10:36:00,NSE:DCBBANK,108.65,108.65,108.3,108.45,10643.0
2021-06-18 10:37:00,NSE:DCBBANK,108.45,108.6,108.45,108.6,4604.0
2021-06-18 10:38:00,NSE:DCBBANK,108.55,108.55,108.35,108.35,1501.0
2021-06-18 10:39:00,NSE:DCBBANK,108.35,108.5,108.35,108.4,1321.0
2021-06-18 10:40:00,NSE:DCBBANK,108.55,108.55,108.35,108.4,2278.0
2021-06-18 10:41:00,NSE:DCBBANK,108.4,108.4,108.25,108.25,5527.0
2021-06-18 10:42:00,NSE:DCBBANK,108.35,108.5,108.3,108.5,4411.0
2021-06-18 10:43:00,NSE:DCBBANK,108.5,108.5,108.25,108.45,2193.0
2021-06-18 10:44:00,NSE:DCBBANK,108.45,108.45,108.3,108.45,2520.0
2021-06-18 10:45:00,NSE:DCBBANK,108.35,108.45,108.3,108.3,1498.0
2021-06-18 10:46:00,NSE:DCBBANK,108.3,108.4,108.3,108.35,3976.0
2021-06-18 10:47:00,NSE:DCBBANK,108.35,108.35,108.2,108.2,2844.0
2021-06-18 10:48:00,NSE:DCBBANK,108.35,108.35,107.55,107.6,29672.0
2021-06-18 10:49:00,NSE:DCBBANK,107.55,107.7,107.5,107.6,5147.0
2021-06-18 10:50:00,NSE:DCBBANK,107.55,107.7,107.45,107.65,6118.0
2021-06-18 10:51:00,NSE:DCBBANK,107.6,107.65,107.25,107.25,12200.0
2021-06-18 10:52:00,NSE:DCBBANK,107.25,107.4,107.25,107.3,4154.0
2021-06-18 10:53:00,NSE:DCBBANK,107.3,107.7,107.2,107.45,14094.0
2021-06-18 10:54:00,NSE:DCBBANK,107.5,107.6,107.5,107.6,1769.0
2021-06-18 10:55:00,NSE:DCBBANK,107.35,107.55,107.1,107.15,9032.0
2021-06-18 10:56:00,NSE:DCBBANK,107.2,107.25,107.05,107.1,14883.0
2021-06-18 10:57:00,NSE:DCBBANK,107.25,107.25,106.6,106.6,23213.0
2021-06-18 10:58:00,NSE:DCBBANK,106.75,106.75,106.35,106.4,7863.0
2021-06-18 10:59:00,NSE:DCBBANK,106.5,106.55,106.0,106.25,12326.0
2021-06-18 11:00:00,NSE:DCBBANK,106.25,106.85,106.05,106.6,32510.0
2021-06-18 11:01:00,NSE:DCBBANK,106.7,106.85,106.5,106.85,33462.0
2021-06-18 11:02:00,NSE:DCBBANK,106.85,107.0,106.65,106.95,6729.0
2021-06-18 11:03:00,NSE:DCBBANK,107.0,107.0,106.75,106.9,5422.0
2021-06-18 11:04:00,NSE:DCBBANK,106.9,106.9,106.45,106.45,8560.0
2021-06-18 11:05:00,NSE:DCBBANK,106.7,107.0,106.65,107.0,4525.0
2021-06-18 11:06:00,NSE:DCBBANK,107.0,107.7,106.85,107.7,13986.0
2021-06-18 11:07:00,NSE:DCBBANK,107.65,107.7,107.3,107.35,11724.0
2021-06-18 11:08:00,NSE:DCBBANK,107.35,108.15,107.35,108.1,20846.0
2021-06-18 11:09:00,NSE:DCBBANK,108.0,108.0,107.6,107.6,3285.0
2021-06-18 11:10:00,NSE:DCBBANK,107.6,108.05,107.6,107.6,7500.0
2021-06-18 11:11:00,NSE:DCBBANK,107.75,107.75,107.6,107.7,5494.0
2021-06-18 11:12:00,NSE:DCBBANK,107.85,107.95,107.75,107.95,6485.0
2021-06-18 11:13:00,NSE:DCBBANK,108.0,108.35,107.85,108.0,9014.0
2021-06-18 11:14:00,NSE:DCBBANK,107.85,108.25,107.85,107.9,3813.0
2021-06-18 11:15:00,NSE:DCBBANK,108.0,108.15,107.8,108.05,17853.0
2021-06-18 11:16:00,NSE:DCBBANK,108.05,108.05,107.55,107.8,11288.0
2021-06-18 11:17:00,NSE:DCBBANK,107.5,108.2,107.5,108.2,15131.0
2021-06-18 11:18:00,NSE:DCBBANK,108.1,108.1,107.75,107.85,7277.0
2021-06-18 11:19:00,NSE:DCBBANK,107.85,108.0,107.8,107.8,5444.0
2021-06-18 11:20:00,NSE:DCBBANK,107.9,107.9,107.75,107.8,6539.0
2021-06-18 11:21:00,NSE:DCBBANK,107.8,107.8,107.75,107.8,17390.0
2021-06-18 11:22:00,NSE:DCBBANK,107.8,107.9,107.75,107.8,2302.0
2021-06-18 11:23:00,NSE:DCBBANK,107.8,108.1,107.8,108.05,1356.0
2021-06-18 11:24:00,NSE:DCBBANK,108.05,108.2,107.85,108.2,4595.0
2021-06-18 11:25:00,NSE:DCBBANK,108.0,108.05,107.75,107.75,4047.0
2021-06-18 11:26:00,NSE:DCBBANK,107.8,107.95,107.8,107.9,1232.0
2021-06-18 11:27:00,NSE:DCBBANK,107.9,107.9,107.75,107.75,2773.0
2021-06-18 11:28:00,NSE:DCBBANK,107.8,108.0,107.55,107.85,6748.0
2021-06-18 11:29:00,NSE:DCBBANK,107.85,108.2,107.85,108.15,9997.0
2021-06-18 11:30:00,NSE:DCBBANK,108.0,108.15,107.9,107.9,1559.0
2021-06-18 11:31:00,NSE:DCBBANK,107.75,107.9,107.75,107.9,2106.0
2021-06-18 11:32:00,NSE:DCBBANK,107.9,107.9,107.6,107.65,4242.0
2021-06-18 11:33:00,NSE:DCBBANK,107.6,107.75,107.45,107.45,3072.0
2021-06-18 11:34:00,NSE:DCBBANK,107.6,107.65,107.5,107.6,3841.0
2021-06-18 11:35:00,NSE:DCBBANK,107.55,107.65,107.55,107.6,1501.0
2021-06-18 11:36:00,NSE:DCBBANK,107.5,107.55,107.4,107.55,5247.0
2021-06-18 11:37:00,NSE:DCBBANK,107.65,107.9,107.55,107.85,1887.0
2021-06-18 11:38:00,NSE:DCBBANK,107.85,107.9,107.5,107.5,9439.0
2021-06-18 11:39:00,NSE:DCBBANK,107.4,107.6,107.4,107.55,3398.0
2021-06-18 11:40:00,NSE:DCBBANK,107.35,107.65,107.35,107.55,4867.0
2021-06-18 11:41:00,NSE:DCBBANK,107.55,107.65,107.55,107.65,244.0
2021-06-18 11:42:00,NSE:DCBBANK,107.65,107.8,107.65,107.8,162.0
2021-06-18 11:43:00,NSE:DCBBANK,107.85,107.85,107.65,107.7,130.0
2021-06-18 11:44:00,NSE:DCBBANK,107.7,107.95,107.7,107.9,4650.0
2021-06-18 11:45:00,NSE:DCBBANK,107.95,108.0,107.7,107.75,5047.0
2021-06-18 11:46:00,NSE:DCBBANK,107.7,107.85,107.7,107.85,466.0
2021-06-18 11:47:00,NSE:DCBBANK,107.8,108.05,107.65,108.0,13013.0
2021-06-18 11:48:00,NSE:DCBBANK,108.0,108.1,107.85,108.0,1269.0
2021-06-18 11:49:00,NSE:DCBBANK,107.95,108.1,107.9,108.05,4109.0
2021-06-18 11:50:00,NSE:DCBBANK,108.1,108.1,107.95,107.95,1751.0
2021-06-18 11:51:00,NSE:DCBBANK,107.95,108.1,107.95,108.1,84.0
2021-06-18 11:52:00,NSE:DCBBANK,107.95,108.05,107.95,108.05,328.0
2021-06-18 11:53:00,NSE:DCBBANK,108.0,108.2,108.0,108.2,1878.0
2021-06-18 11:54:00,NSE:DCBBANK,108.2,108.2,108.0,108.0,2250.0
2021-06-18 11:55:00,NSE:DCBBANK,108.1,108.2,108.0,108.2,751.0
2021-06-18 11:56:00,NSE:DCBBANK,108.2,108.2,107.7,107.7,16558.0
2021-06-18 11:57:00,NSE:DCBBANK,107.8,107.95,107.8,107.9,1859.0
2021-06-18 11:58:00,NSE:DCBBANK,107.95,108.1,107.95,108.0,441.0
2021-06-18 11:59:00,NSE:DCBBANK,108.05,108.15,108.0,108.15,2390.0
2021-06-18 12:00:00,NSE:DCBBANK,108.1,108.15,108.05,108.05,1292.0
2021-06-18 12:01:00,NSE:DCBBANK,108.1,108.1,108.0,108.0,1003.0
2021-06-18 12:02:00,NSE:DCBBANK,108.1,108.1,108.05,108.1,345.0
2021-06-18 12:03:00,NSE:DCBBANK,108.1,108.15,108.0,108.15,5294.0
2021-06-18 12:04:00,NSE:DCBBANK,108.15,108.75,108.15,108.55,19094.0
2021-06-18 12:05:00,NSE:DCBBANK,108.6,108.65,108.55,108.65,645.0
2021-06-18 12:06:00,NSE:DCBBANK,108.55,108.65,108.4,108.45,5460.0
2021-06-18 12:07:00,NSE:DCBBANK,108.4,108.55,108.4,108.5,214.0
2021-06-18 12:08:00,NSE:DCBBANK,108.5,108.5,108.4,108.4,432.0
2021-06-18 12:09:00,NSE:DCBBANK,108.45,108.45,108.4,108.4,277.0
2021-06-18 12:10:00,NSE:DCBBANK,108.35,108.35,108.2,108.2,6494.0
2021-06-18 12:11:00,NSE:DCBBANK,108.2,108.3,108.15,108.3,2541.0
2021-06-18 12:12:00,NSE:DCBBANK,108.15,108.25,108.15,108.15,590.0
2021-06-18 12:13:00,NSE:DCBBANK,108.4,108.45,108.25,108.25,7418.0
2021-06-18 12:14:00,NSE:DCBBANK,108.4,108.5,108.3,108.4,912.0
2021-06-18 12:15:00,NSE:DCBBANK,108.45,108.45,108.35,108.4,413.0
2021-06-18 12:16:00,NSE:DCBBANK,108.5,108.5,108.4,108.4,222.0
2021-06-18 12:17:00,NSE:DCBBANK,108.4,108.5,108.35,108.45,175.0
2021-06-18 12:18:00,NSE:DCBBANK,108.45,108.45,108.25,108.25,3002.0
2021-06-18 12:19:00,NSE:DCBBANK,108.4,108.45,108.25,108.3,833.0
2021-06-18 12:20:00,NSE:DCBBANK,108.4,108.4,108.3,108.35,244.0
2021-06-18 12:21:00,NSE:DCBBANK,108.3,108.3,108.15,108.3,3137.0
2021-06-18 12:22:00,NSE:DCBBANK,108.3,108.5,108.25,108.4,8557.0
2021-06-18 12:23:00,NSE:DCBBANK,108.35,108.35,108.2,108.2,556.0
2021-06-18 12:24:00,NSE:DCBBANK,108.15,108.25,108.0,108.25,14580.0
2021-06-18 12:25:00,NSE:DCBBANK,108.3,108.35,108.25,108.25,272.0
2021-06-18 12:26:00,NSE:DCBBANK,108.25,108.25,108.2,108.2,938.0
2021-06-18 12:27:00,NSE:DCBBANK,108.3,108.4,108.2,108.35,321.0
2021-06-18 12:28:00,NSE:DCBBANK,108.25,108.4,108.2,108.4,557.0
2021-06-18 12:29:00,NSE:DCBBANK,108.35,108.35,108.2,108.35,318.0
2021-06-18 12:30:00,NSE:DCBBANK,108.35,108.35,108.05,108.05,6982.0
2021-06-18 12:31:00,NSE:DCBBANK,108.05,108.05,107.65,107.8,13187.0
2021-06-18 12:32:00,NSE:DCBBANK,107.85,107.85,107.7,107.75,410.0
2021-06-18 12:33:00,NSE:DCBBANK,107.85,108.05,107.85,108.05,1055.0
2021-06-18 12:34:00,NSE:DCBBANK,108.15,108.15,108.0,108.0,484.0
2021-06-18 12:35:00,NSE:DCBBANK,107.9,108.05,107.9,108.05,1431.0
2021-06-18 12:36:00,NSE:DCBBANK,108.1,108.35,108.1,108.35,6411.0
2021-06-18 12:37:00,NSE:DCBBANK,108.35,108.35,108.0,108.0,1804.0
2021-06-18 12:38:00,NSE:DCBBANK,108.15,108.15,108.15,108.15,370.0
2021-06-18 12:39:00,NSE:DCBBANK,108.15,108.25,108.15,108.15,487.0
2021-06-18 12:40:00,NSE:DCBBANK,108.2,108.2,108.2,108.2,125.0
2021-06-18 12:41:00,NSE:DCBBANK,108.25,108.25,108.2,108.25,552.0
2021-06-18 12:42:00,NSE:DCBBANK,108.25,108.35,108.15,108.35,1363.0
2021-06-18 12:43:00,NSE:DCBBANK,108.3,108.35,108.25,108.35,1153.0
2021-06-18 12:44:00,NSE:DCBBANK,108.35,108.35,108.25,108.35,257.0
2021-06-18 12:45:00,NSE:DCBBANK,108.35,108.35,108.35,108.35,1380.0
2021-06-18 12:46:00,NSE:DCBBANK,108.25,108.35,108.25,108.35,153.0
2021-06-18 12:47:00,NSE:DCBBANK,108.25,108.35,108.2,108.35,1449.0
2021-06-18 12:48:00,NSE:DCBBANK,108.35,108.45,108.35,108.45,219.0
2021-06-18 12:49:00,NSE:DCBBANK,108.45,108.45,108.2,108.2,3336.0
2021-06-18 12:50:00,NSE:DCBBANK,108.2,108.2,108.2,108.2,100.0
2021-06-18 12:51:00,NSE:DCBBANK,108.3,108.35,108.3,108.35,738.0
2021-06-18 12:52:00,NSE:DCBBANK,108.35,108.35,108.3,108.3,1515.0
2021-06-18 12:53:00,NSE:DCBBANK,108.3,108.35,108.0,108.0,5876.0
2021-06-18 12:54:00,NSE:DCBBANK,108.0,108.05,108.0,108.05,10.0
2021-06-18 12:55:00,NSE:DCBBANK,108.0,108.2,108.0,108.2,4187.0
2021-06-18 12:56:00,NSE:DCBBANK,108.1,108.15,107.9,107.9,8936.0
2021-06-18 12:57:00,NSE:DCBBANK,107.8,108.0,107.8,108.0,749.0
2021-06-18 12:58:00,NSE:DCBBANK,108.0,108.0,107.9,107.9,946.0
2021-06-18 12:59:00,NSE:DCBBANK,108.0,108.0,108.0,108.0,104.0
2021-06-18 13:00:00,NSE:DCBBANK,107.9,107.9,107.8,107.85,984.0
2021-06-18 13:01:00,NSE:DCBBANK,107.85,108.0,107.85,107.95,2904.0
2021-06-18 13:02:00,NSE:DCBBANK,107.95,107.95,107.8,107.9,832.0
2021-06-18 13:03:00,NSE:DCBBANK,107.8,107.9,107.7,107.9,6575.0
2021-06-18 13:04:00,NSE:DCBBANK,107.75,107.85,107.75,107.8,1553.0
2021-06-18 13:05:00,NSE:DCBBANK,107.95,107.95,107.95,107.95,523.0
2021-06-18 13:06:00,NSE:DCBBANK,107.95,107.95,107.95,107.95,5.0
2021-06-18 13:07:00,NSE:DCBBANK,108.0,108.0,107.95,107.95,1542.0
2021-06-18 13:08:00,NSE:DCBBANK,107.95,107.95,107.9,107.95,122.0
2021-06-18 13:09:00,NSE:DCBBANK,107.95,107.95,107.95,107.95,10.0
2021-06-18 13:10:00,NSE:DCBBANK,107.95,107.95,107.85,107.9,78.0
2021-06-18 13:11:00,NSE:DCBBANK,108.0,108.2,108.0,108.2,2559.0
2021-06-18 13:12:00,NSE:DCBBANK,108.2,108.2,108.05,108.1,959.0
2021-06-18 13:13:00,NSE:DCBBANK,108.2,108.2,108.0,108.0,3603.0
2021-06-18 13:14:00,NSE:DCBBANK,107.9,108.05,107.9,107.95,2158.0
2021-06-18 13:15:00,NSE:DCBBANK,107.95,108.0,107.95,108.0,950.0
2021-06-18 13:16:00,NSE:DCBBANK,108.0,108.1,108.0,108.1,300.0
2021-06-18 13:17:00,NSE:DCBBANK,108.1,108.1,108.0,108.0,244.0
2021-06-18 13:18:00,NSE:DCBBANK,108.0,108.0,108.0,108.0,5.0
2021-06-18 13:19:00,NSE:DCBBANK,107.95,108.0,107.9,107.9,1470.0
2021-06-18 13:20:00,NSE:DCBBANK,107.95,108.1,107.95,108.1,836.0
2021-06-18 13:21:00,NSE:DCBBANK,108.1,108.1,107.9,108.0,151.0
2021-06-18 13:22:00,NSE:DCBBANK,108.0,108.05,107.95,108.05,643.0
2021-06-18 13:23:00,NSE:DCBBANK,108.05,108.05,108.05,108.05,1000.0
2021-06-18 13:24:00,NSE:DCBBANK,108.1,108.1,108.0,108.0,40.0
2021-06-18 13:25:00,NSE:DCBBANK,108.0,108.0,107.85,107.85,3465.0
2021-06-18 13:26:00,NSE:DCBBANK,107.9,107.9,107.9,107.9,2.0
2021-06-18 13:27:00,NSE:DCBBANK,107.85,107.95,107.85,107.95,602.0
2021-06-18 13:28:00,NSE:DCBBANK,107.85,107.85,107.7,107.7,2814.0
2021-06-18 13:29:00,NSE:DCBBANK,107.7,107.7,107.5,107.5,5393.0
2021-06-18 13:30:00,NSE:DCBBANK,107.6,107.6,107.5,107.55,2793.0
2021-06-18 13:31:00,NSE:DCBBANK,107.65,107.8,107.6,107.6,756.0
2021-06-18 13:32:00,NSE:DCBBANK,107.65,107.65,107.55,107.55,143.0
2021-06-18 13:33:00,NSE:DCBBANK,107.5,107.55,107.45,107.55,2623.0
2021-06-18 13:34:00,NSE:DCBBANK,107.6,107.65,107.5,107.65,305.0
2021-06-18 13:35:00,NSE:DCBBANK,107.7,107.7,107.6,107.6,228.0
2021-06-18 13:36:00,NSE:DCBBANK,107.6,107.65,107.55,107.55,170.0
2021-06-18 13:37:00,NSE:DCBBANK,107.65,107.65,107.6,107.6,654.0
2021-06-18 13:38:00,NSE:DCBBANK,107.6,107.75,107.6,107.75,2148.0
2021-06-18 13:39:00,NSE:DCBBANK,107.85,108.0,107.75,108.0,8105.0
2021-06-18 13:40:00,NSE:DCBBANK,108.0,108.15,108.0,108.15,1399.0
2021-06-18 13:41:00,NSE:DCBBANK,108.0,108.15,108.0,108.15,362.0
2021-06-18 13:42:00,NSE:DCBBANK,108.0,108.15,108.0,108.0,633.0
2021-06-18 13:43:00,NSE:DCBBANK,108.1,108.15,108.0,108.15,1424.0
2021-06-18 13:44:00,NSE:DCBBANK,108.0,108.35,108.0,108.35,8442.0
2021-06-18 13:45:00,NSE:DCBBANK,108.15,108.3,108.15,108.3,1362.0
2021-06-18 13:46:00,NSE:DCBBANK,108.3,108.3,108.15,108.3,200.0
2021-06-18 13:47:00,NSE:DCBBANK,108.15,108.3,108.15,108.15,550.0
2021-06-18 13:48:00,NSE:DCBBANK,108.1,108.15,108.0,108.05,4066.0
2021-06-18 13:49:00,NSE:DCBBANK,108.0,108.05,108.0,108.05,4902.0
2021-06-18 13:50:00,NSE:DCBBANK,108.05,108.05,107.8,107.95,11593.0
2021-06-18 13:51:00,NSE:DCBBANK,108.0,108.0,107.6,107.6,18749.0
2021-06-18 13:52:00,NSE:DCBBANK,107.55,108.15,107.55,108.15,12134.0
2021-06-18 13:53:00,NSE:DCBBANK,108.0,108.05,108.0,108.0,1227.0
2021-06-18 13:54:00,NSE:DCBBANK,108.0,108.0,107.85,107.9,465.0
2021-06-18 13:55:00,NSE:DCBBANK,108.0,108.0,108.0,108.0,268.0
2021-06-18 13:56:00,NSE:DCBBANK,108.0,108.3,108.0,108.3,6763.0
2021-06-18 13:57:00,NSE:DCBBANK,108.3,108.4,108.25,108.35,3808.0
2021-06-18 13:58:00,NSE:DCBBANK,108.25,108.4,108.25,108.35,1733.0
2021-06-18 13:59:00,NSE:DCBBANK,108.4,108.4,108.35,108.35,1733.0
2021-06-18 14:00:00,NSE:DCBBANK,108.45,108.45,108.25,108.3,707.0
2021-06-18 14:01:00,NSE:DCBBANK,108.25,108.5,108.25,108.5,2067.0
2021-06-18 14:02:00,NSE:DCBBANK,108.5,108.5,108.45,108.45,2950.0
2021-06-18 14:03:00,NSE:DCBBANK,108.45,108.5,108.45,108.5,3900.0
2021-06-18 14:04:00,NSE:DCBBANK,108.45,108.5,108.45,108.5,538.0
2021-06-18 14:05:00,NSE:DCBBANK,108.45,108.45,108.4,108.4,209.0
2021-06-18 14:06:00,NSE:DCBBANK,108.4,108.45,108.0,108.05,7873.0
2021-06-18 14:07:00,NSE:DCBBANK,108.2,108.2,108.1,108.2,1258.0
2021-06-18 14:08:00,NSE:DCBBANK,108.15,108.25,108.15,108.25,1445.0
2021-06-18 14:09:00,NSE:DCBBANK,108.3,108.35,108.2,108.3,643.0
2021-06-18 14:10:00,NSE:DCBBANK,108.2,108.4,108.2,108.35,865.0
2021-06-18 14:11:00,NSE:DCBBANK,108.35,108.4,108.25,108.25,724.0
2021-06-18 14:12:00,NSE:DCBBANK,108.35,108.4,108.3,108.4,369.0
2021-06-18 14:13:00,NSE:DCBBANK,108.25,108.25,108.25,108.25,550.0
2021-06-18 14:14:00,NSE:DCBBANK,108.35,108.35,108.35,108.35,50.0
2021-06-18 14:15:00,NSE:DCBBANK,108.35,108.35,108.2,108.3,1567.0
2021-06-18 14:16:00,NSE:DCBBANK,108.4,108.5,108.35,108.5,2417.0
2021-06-18 14:17:00,NSE:DCBBANK,108.35,108.35,108.35,108.35,50.0
2021-06-18 14:18:00,NSE:DCBBANK,108.35,108.5,108.35,108.4,339.0
2021-06-18 14:19:00,NSE:DCBBANK,108.4,108.65,108.35,108.6,23951.0
2021-06-18 14:20:00,NSE:DCBBANK,108.6,108.75,108.5,108.6,6391.0
2021-06-18 14:21:00,NSE:DCBBANK,108.7,108.7,108.55,108.55,55.0
2021-06-18 14:22:00,NSE:DCBBANK,108.55,108.7,108.45,108.55,2333.0
2021-06-18 14:23:00,NSE:DCBBANK,108.5,108.65,108.5,108.65,1228.0
2021-06-18 14:24:00,NSE:DCBBANK,108.65,108.65,108.65,108.65,11.0
2021-06-18 14:25:00,NSE:DCBBANK,108.5,108.65,108.5,108.65,608.0
2021-06-18 14:26:00,NSE:DCBBANK,108.6,108.6,108.5,108.5,998.0
2021-06-18 14:27:00,NSE:DCBBANK,108.45,108.6,108.45,108.6,615.0
2021-06-18 14:28:00,NSE:DCBBANK,108.45,108.5,108.45,108.5,2370.0
2021-06-18 14:29:00,NSE:DCBBANK,108.5,108.7,108.5,108.7,8976.0
2021-06-18 14:30:00,NSE:DCBBANK,108.7,108.7,108.55,108.7,483.0
2021-06-18 14:31:00,NSE:DCBBANK,108.6,108.7,108.6,108.7,1152.0
2021-06-18 14:32:00,NSE:DCBBANK,108.7,108.75,108.6,108.7,6804.0
2021-06-18 14:33:00,NSE:DCBBANK,108.7,108.7,108.65,108.7,2275.0
2021-06-18 14:34:00,NSE:DCBBANK,108.7,109.0,108.65,109.0,19399.0
2021-06-18 14:35:00,NSE:DCBBANK,109.2,109.2,109.05,109.15,8980.0
2021-06-18 14:36:00,NSE:DCBBANK,108.9,109.1,108.9,109.1,5442.0
2021-06-18 14:37:00,NSE:DCBBANK,109.0,109.0,108.7,108.85,13275.0
2021-06-18 14:38:00,NSE:DCBBANK,108.95,109.0,108.85,108.85,255.0
2021-06-18 14:39:00,NSE:DCBBANK,108.85,108.95,108.85,108.95,3151.0
2021-06-18 14:40:00,NSE:DCBBANK,108.95,109.0,108.95,109.0,1171.0
2021-06-18 14:41:00,NSE:DCBBANK,109.0,109.1,109.0,109.0,2187.0
2021-06-18 14:42:00,NSE:DCBBANK,109.1,109.2,109.0,109.0,5087.0
2021-06-18 14:43:00,NSE:DCBBANK,109.05,109.15,109.05,109.05,4631.0
2021-06-18 14:44:00,NSE:DCBBANK,109.15,109.2,109.1,109.2,1025.0
2021-06-18 14:45:00,NSE:DCBBANK,109.1,109.2,109.05,109.05,1228.0
2021-06-18 14:46:00,NSE:DCBBANK,109.2,109.2,109.05,109.05,1126.0
2021-06-18 14:47:00,NSE:DCBBANK,109.0,109.05,108.9,108.95,514.0
2021-06-18 14:48:00,NSE:DCBBANK,108.85,109.15,108.85,108.85,359.0
2021-06-18 14:49:00,NSE:DCBBANK,108.8,108.85,108.75,108.75,847.0
2021-06-18 14:50:00,NSE:DCBBANK,108.75,109.0,108.75,108.8,7925.0
2021-06-18 14:51:00,NSE:DCBBANK,108.9,108.9,108.7,108.85,7442.0
2021-06-18 14:52:00,NSE:DCBBANK,108.85,108.9,108.55,108.55,12233.0
2021-06-18 14:53:00,NSE:DCBBANK,108.6,108.65,108.5,108.65,3925.0
2021-06-18 14:54:00,NSE:DCBBANK,108.65,108.75,108.65,108.65,1759.0
2021-06-18 14:55:00,NSE:DCBBANK,108.65,108.85,108.65,108.85,927.0
2021-06-18 14:56:00,NSE:DCBBANK,108.8,108.9,108.8,108.9,1095.0
2021-06-18 14:57:00,NSE:DCBBANK,108.9,108.9,108.7,108.7,1321.0
2021-06-18 14:58:00,NSE:DCBBANK,108.5,108.65,108.5,108.5,2277.0
2021-06-18 14:59:00,NSE:DCBBANK,108.5,108.5,108.4,108.5,2733.0
2021-06-18 15:00:00,NSE:DCBBANK,108.35,108.5,108.2,108.2,4173.0
2021-06-18 15:01:00,NSE:DCBBANK,108.1,108.3,108.0,108.0,5123.0
2021-06-18 15:02:00,NSE:DCBBANK,108.1,108.15,108.0,108.15,1189.0
2021-06-18 15:03:00,NSE:DCBBANK,108.15,108.45,108.15,108.35,2811.0
2021-06-18 15:04:00,NSE:DCBBANK,108.35,108.55,108.35,108.55,1337.0
2021-06-18 15:05:00,NSE:DCBBANK,108.45,108.45,108.35,108.45,3961.0
2021-06-18 15:06:00,NSE:DCBBANK,108.45,108.45,108.15,108.15,3027.0
2021-06-18 15:07:00,NSE:DCBBANK,108.15,108.3,108.15,108.25,917.0
2021-06-18 15:08:00,NSE:DCBBANK,108.25,108.35,108.25,108.35,2082.0
2021-06-18 15:09:00,NSE:DCBBANK,108.35,108.4,108.25,108.25,4215.0
2021-06-18 15:10:00,NSE:DCBBANK,108.4,108.4,108.25,108.25,3417.0
2021-06-18 15:11:00,NSE:DCBBANK,108.2,108.45,108.2,108.4,5563.0
2021-06-18 15:12:00,NSE:DCBBANK,108.4,108.45,108.3,108.3,5356.0
2021-06-18 15:13:00,NSE:DCBBANK,108.25,108.25,108.2,108.25,538.0
2021-06-18 15:14:00,NSE:DCBBANK,108.25,108.3,108.2,108.2,2597.0
2021-06-18 15:15:00,NSE:DCBBANK,108.15,108.25,108.05,108.05,22902.0
2021-06-18 15:16:00,NSE:DCBBANK,108.05,108.15,108.0,108.1,13395.0
2021-06-18 15:17:00,NSE:DCBBANK,108.1,108.2,108.0,108.1,6200.0
2021-06-18 15:18:00,NSE:DCBBANK,108.15,108.2,108.05,108.2,5536.0
2021-06-18 15:19:00,NSE:DCBBANK,108.0,108.2,108.0,108.15,19429.0
2021-06-18 15:20:00,NSE:DCBBANK,108.2,108.25,108.05,108.25,12977.0
2021-06-18 15:21:00,NSE:DCBBANK,108.25,108.4,108.05,108.25,11155.0
2021-06-18 15:22:00,NSE:DCBBANK,108.2,108.25,108.1,108.25,3866.0
2021-06-18 15:23:00,NSE:DCBBANK,108.25,108.25,108.2,108.25,5770.0
2021-06-18 15:24:00,NSE:DCBBANK,108.25,108.3,108.2,108.3,3449.0
2021-06-18 15:25:00,NSE:DCBBANK,108.25,108.45,108.25,108.45,5455.0
2021-06-18 15:26:00,NSE:DCBBANK,108.45,108.5,108.4,108.45,7369.0
2021-06-18 15:27:00,NSE:DCBBANK,108.45,108.6,108.45,108.45,4596.0
2021-06-18 15:28:00,NSE:DCBBANK,108.5,108.5,108.4,108.45,4941.0
2021-06-18 15:29:00,NSE:DCBBANK,108.45,108.7,108.4,108.65,19095.0
2021-06-18 15:42:00,NSE:DCBBANK,108.25,108.25,108.25,108.25,1.0
2021-06-21 09:07:00,NSE:DCBBANK,106.0,106.0,106.0,106.0,12438.0
2021-06-21 09:15:00,NSE:DCBBANK,105.95,105.95,104.7,104.9,24742.0
2021-06-21 09:16:00,NSE:DCBBANK,105.2,105.4,105.1,105.4,13879.0
2021-06-21 09:17:00,NSE:DCBBANK,105.2,105.5,105.0,105.35,24779.0
2021-06-21 09:18:00,NSE:DCBBANK,105.45,105.7,105.1,105.5,18151.0
2021-06-21 09:19:00,NSE:DCBBANK,105.4,105.4,105.0,105.3,16695.0
2021-06-21 09:20:00,NSE:DCBBANK,105.4,105.95,105.4,105.95,7221.0
2021-06-21 09:21:00,NSE:DCBBANK,105.95,106.35,105.9,106.2,10627.0
2021-06-21 09:22:00,NSE:DCBBANK,106.25,106.25,106.05,106.25,6660.0
2021-06-21 09:23:00,NSE:DCBBANK,106.35,106.7,106.35,106.55,8085.0
2021-06-21 09:24:00,NSE:DCBBANK,106.7,106.7,106.35,106.5,15600.0
2021-06-21 09:25:00,NSE:DCBBANK,106.4,106.6,106.3,106.4,12251.0
2021-06-21 09:26:00,NSE:DCBBANK,106.5,106.5,106.25,106.25,6374.0
2021-06-21 09:27:00,NSE:DCBBANK,106.3,106.7,106.2,106.65,8522.0
2021-06-21 09:28:00,NSE:DCBBANK,106.65,106.8,106.65,106.7,2875.0
2021-06-21 09:29:00,NSE:DCBBANK,106.7,106.95,106.7,106.9,4494.0
2021-06-21 09:30:00,NSE:DCBBANK,107.0,107.0,106.5,106.7,7709.0
2021-06-21 09:31:00,NSE:DCBBANK,106.55,106.7,106.5,106.5,5988.0
2021-06-21 09:32:00,NSE:DCBBANK,106.7,106.8,106.6,106.8,3532.0
2021-06-21 09:33:00,NSE:DCBBANK,106.75,107.0,106.75,106.85,6097.0
2021-06-21 09:34:00,NSE:DCBBANK,106.8,106.95,106.8,106.8,4795.0
2021-06-21 09:35:00,NSE:DCBBANK,106.75,106.9,106.6,106.6,5863.0
2021-06-21 09:36:00,NSE:DCBBANK,106.65,106.75,106.45,106.45,4281.0
2021-06-21 09:37:00,NSE:DCBBANK,106.45,106.6,106.35,106.45,1182.0
2021-06-21 09:38:00,NSE:DCBBANK,106.45,106.7,106.35,106.6,6031.0
2021-06-21 09:39:00,NSE:DCBBANK,106.8,107.85,106.8,107.35,39043.0
2021-06-21 09:40:00,NSE:DCBBANK,107.3,107.6,107.3,107.3,3691.0
2021-06-21 09:41:00,NSE:DCBBANK,107.3,107.45,107.15,107.35,2528.0
2021-06-21 09:42:00,NSE:DCBBANK,107.4,107.55,107.3,107.55,4256.0
2021-06-21 09:43:00,NSE:DCBBANK,107.5,107.7,107.4,107.55,3924.0
2021-06-21 09:44:00,NSE:DCBBANK,107.7,107.7,107.2,107.35,4492.0
2021-06-21 09:45:00,NSE:DCBBANK,107.35,107.45,107.35,107.45,438.0
2021-06-21 09:46:00,NSE:DCBBANK,107.35,107.45,107.25,107.25,2361.0
2021-06-21 09:47:00,NSE:DCBBANK,107.25,107.4,107.25,107.3,937.0
2021-06-21 09:48:00,NSE:DCBBANK,107.4,107.45,107.25,107.25,2583.0
2021-06-21 09:49:00,NSE:DCBBANK,107.25,107.45,107.05,107.15,5611.0
2021-06-21 09:50:00,NSE:DCBBANK,107.3,107.35,107.1,107.25,3418.0
2021-06-21 09:51:00,NSE:DCBBANK,107.25,107.25,107.05,107.05,2001.0
2021-06-21 09:52:00,NSE:DCBBANK,107.05,107.15,106.6,106.6,30850.0
2021-06-21 09:53:00,NSE:DCBBANK,106.6,106.8,106.6,106.65,2468.0
2021-06-21 09:54:00,NSE:DCBBANK,106.7,107.15,106.7,107.05,4425.0
2021-06-21 09:55:00,NSE:DCBBANK,107.0,107.25,107.0,107.25,5346.0
2021-06-21 09:56:00,NSE:DCBBANK,107.3,107.45,107.2,107.2,4891.0
2021-06-21 09:57:00,NSE:DCBBANK,107.2,107.4,107.2,107.35,2481.0
2021-06-21 09:58:00,NSE:DCBBANK,107.45,107.5,107.35,107.5,6758.0
2021-06-21 09:59:00,NSE:DCBBANK,107.55,107.55,107.4,107.4,1905.0
2021-06-21 10:00:00,NSE:DCBBANK,107.4,107.4,107.25,107.35,1484.0
2021-06-21 10:01:00,NSE:DCBBANK,107.5,107.5,107.35,107.35,696.0
2021-06-21 10:02:00,NSE:DCBBANK,107.35,107.45,107.3,107.35,888.0
2021-06-21 10:03:00,NSE:DCBBANK,107.45,107.65,107.35,107.65,5512.0
2021-06-21 10:04:00,NSE:DCBBANK,107.5,107.9,107.5,107.55,14821.0
2021-06-21 10:05:00,NSE:DCBBANK,107.7,107.8,107.5,107.8,3539.0
2021-06-21 10:06:00,NSE:DCBBANK,107.8,107.85,107.7,107.85,1745.0
2021-06-21 10:07:00,NSE:DCBBANK,107.7,108.0,107.7,108.0,3678.0
2021-06-21 10:08:00,NSE:DCBBANK,108.0,108.2,108.0,108.2,9832.0
2021-06-21 10:09:00,NSE:DCBBANK,108.1,108.2,108.05,108.05,2163.0
2021-06-21 10:10:00,NSE:DCBBANK,108.25,108.25,108.0,108.1,4583.0
2021-06-21 10:11:00,NSE:DCBBANK,108.15,108.15,108.0,108.0,710.0
2021-06-21 10:12:00,NSE:DCBBANK,108.1,108.15,108.05,108.15,828.0
2021-06-21 10:13:00,NSE:DCBBANK,108.1,108.15,108.05,108.1,380.0
2021-06-21 10:14:00,NSE:DCBBANK,108.05,108.15,107.8,107.95,5300.0
2021-06-21 10:15:00,NSE:DCBBANK,107.9,108.0,107.85,107.9,662.0
2021-06-21 10:16:00,NSE:DCBBANK,107.95,108.0,107.9,107.9,480.0
2021-06-21 10:17:00,NSE:DCBBANK,108.0,108.05,107.95,108.0,930.0
2021-06-21 10:18:00,NSE:DCBBANK,108.1,108.1,108.0,108.0,1185.0
2021-06-21 10:19:00,NSE:DCBBANK,108.1,108.25,108.05,108.1,3499.0
2021-06-21 10:20:00,NSE:DCBBANK,108.05,108.45,108.05,108.35,5958.0
2021-06-21 10:21:00,NSE:DCBBANK,108.35,108.5,108.35,108.35,3037.0
2021-06-21 10:22:00,NSE:DCBBANK,108.35,108.5,108.35,108.35,3775.0
2021-06-21 10:23:00,NSE:DCBBANK,108.45,108.55,108.35,108.35,937.0
2021-06-21 10:24:00,NSE:DCBBANK,108.4,108.45,108.25,108.3,3789.0
2021-06-21 10:25:00,NSE:DCBBANK,108.2,108.35,108.05,108.05,3069.0
2021-06-21 10:26:00,NSE:DCBBANK,108.15,108.3,108.05,108.3,5066.0
2021-06-21 10:27:00,NSE:DCBBANK,108.35,108.4,108.2,108.4,2869.0
2021-06-21 10:28:00,NSE:DCBBANK,108.45,108.45,108.25,108.3,459.0
2021-06-21 10:29:00,NSE:DCBBANK,108.45,108.45,108.25,108.4,729.0
2021-06-21 10:30:00,NSE:DCBBANK,108.5,108.5,108.35,108.45,3434.0
2021-06-21 10:31:00,NSE:DCBBANK,108.5,108.5,108.4,108.4,299.0
2021-06-21 10:32:00,NSE:DCBBANK,108.5,108.55,108.5,108.5,3390.0
2021-06-21 10:33:00,NSE:DCBBANK,108.65,108.75,108.65,108.75,6015.0
2021-06-21 10:34:00,NSE:DCBBANK,108.7,108.7,108.45,108.45,7234.0
2021-06-21 10:35:00,NSE:DCBBANK,108.5,108.5,108.3,108.3,769.0
2021-06-21 10:36:00,NSE:DCBBANK,108.4,108.4,108.3,108.35,1191.0
2021-06-21 10:37:00,NSE:DCBBANK,108.3,108.35,108.15,108.3,975.0
2021-06-21 10:38:00,NSE:DCBBANK,108.15,108.2,108.15,108.15,935.0
2021-06-21 10:39:00,NSE:DCBBANK,108.2,108.2,108.0,108.0,5149.0
2021-06-21 10:40:00,NSE:DCBBANK,108.0,108.05,108.0,108.05,3399.0
2021-06-21 10:41:00,NSE:DCBBANK,108.15,108.15,108.0,108.15,917.0
2021-06-21 10:42:00,NSE:DCBBANK,108.2,108.2,108.1,108.2,1833.0
2021-06-21 10:43:00,NSE:DCBBANK,108.2,108.25,108.1,108.25,1382.0
2021-06-21 10:44:00,NSE:DCBBANK,108.4,108.4,108.25,108.25,1933.0
2021-06-21 10:45:00,NSE:DCBBANK,108.25,108.4,108.2,108.4,1539.0
2021-06-21 10:46:00,NSE:DCBBANK,108.25,108.4,108.25,108.25,477.0
2021-06-21 10:47:00,NSE:DCBBANK,108.4,108.4,108.2,108.2,1684.0
2021-06-21 10:48:00,NSE:DCBBANK,108.15,108.25,108.15,108.15,431.0
2021-06-21 10:49:00,NSE:DCBBANK,108.15,108.15,107.9,107.9,8950.0
2021-06-21 10:50:00,NSE:DCBBANK,107.95,108.05,107.85,107.85,2246.0
2021-06-21 10:51:00,NSE:DCBBANK,107.95,108.0,107.8,108.0,3084.0
2021-06-21 10:52:00,NSE:DCBBANK,108.0,108.0,108.0,108.0,1.0
2021-06-21 10:53:00,NSE:DCBBANK,108.1,108.1,107.85,108.05,1809.0
2021-06-21 10:54:00,NSE:DCBBANK,108.0,108.0,107.8,107.9,1832.0
2021-06-21 10:55:00,NSE:DCBBANK,107.9,108.2,107.9,108.15,3518.0
2021-06-21 10:56:00,NSE:DCBBANK,108.15,108.25,108.1,108.25,2839.0
2021-06-21 10:57:00,NSE:DCBBANK,108.1,108.35,108.1,108.2,1609.0
2021-06-21 10:58:00,NSE:DCBBANK,108.2,108.35,108.2,108.35,69.0
2021-06-21 10:59:00,NSE:DCBBANK,108.2,108.3,108.15,108.3,1282.0
2021-06-21 11:00:00,NSE:DCBBANK,108.25,108.25,108.15,108.15,1787.0
2021-06-21 11:01:00,NSE:DCBBANK,108.0,108.15,108.0,108.1,525.0
2021-06-21 11:02:00,NSE:DCBBANK,108.05,108.2,107.85,107.9,13025.0
2021-06-21 11:03:00,NSE:DCBBANK,107.95,108.0,107.95,108.0,1575.0
2021-06-21 11:04:00,NSE:DCBBANK,108.0,108.0,107.95,108.0,379.0
2021-06-21 11:05:00,NSE:DCBBANK,107.95,108.0,107.95,108.0,216.0
2021-06-21 11:06:00,NSE:DCBBANK,108.0,108.0,108.0,108.0,40.0
2021-06-21 11:07:00,NSE:DCBBANK,108.0,108.0,107.95,108.0,513.0
2021-06-21 11:08:00,NSE:DCBBANK,108.0,108.05,107.65,107.65,3003.0
2021-06-21 11:09:00,NSE:DCBBANK,107.65,107.65,107.45,107.5,10002.0
2021-06-21 11:10:00,NSE:DCBBANK,107.5,107.5,107.45,107.45,2031.0
2021-06-21 11:11:00,NSE:DCBBANK,107.45,107.45,107.4,107.45,1185.0
2021-06-21 11:12:00,NSE:DCBBANK,107.45,107.45,107.3,107.3,3466.0
2021-06-21 11:13:00,NSE:DCBBANK,107.35,107.35,106.7,107.0,25620.0
2021-06-21 11:14:00,NSE:DCBBANK,106.85,107.0,106.85,106.85,1285.0
2021-06-21 11:15:00,NSE:DCBBANK,106.95,106.95,106.9,106.95,3560.0
2021-06-21 11:16:00,NSE:DCBBANK,107.0,107.0,106.9,107.0,3144.0
2021-06-21 11:17:00,NSE:DCBBANK,106.95,107.05,106.95,107.0,9174.0
2021-06-21 11:18:00,NSE:DCBBANK,107.05,107.05,106.95,107.0,2012.0
2021-06-21 11:19:00,NSE:DCBBANK,107.05,107.05,106.95,106.95,5812.0
2021-06-21 11:20:00,NSE:DCBBANK,107.05,107.05,107.0,107.0,1771.0
2021-06-21 11:21:00,NSE:DCBBANK,107.0,107.0,106.9,106.9,923.0
2021-06-21 11:22:00,NSE:DCBBANK,106.95,107.0,106.95,107.0,1464.0
2021-06-21 11:23:00,NSE:DCBBANK,107.0,107.05,107.0,107.05,591.0
2021-06-21 11:24:00,NSE:DCBBANK,107.0,107.0,106.95,107.0,2746.0
2021-06-21 11:25:00,NSE:DCBBANK,107.0,107.0,106.95,107.0,276.0
2021-06-21 11:26:00,NSE:DCBBANK,107.0,107.1,107.0,107.1,4375.0
2021-06-21 11:27:00,NSE:DCBBANK,107.05,107.05,106.95,106.95,2067.0
2021-06-21 11:28:00,NSE:DCBBANK,106.95,106.95,106.9,106.9,1003.0
2021-06-21 11:29:00,NSE:DCBBANK,106.95,107.0,106.9,107.0,990.0
2021-06-21 11:30:00,NSE:DCBBANK,107.0,107.0,106.85,106.9,1189.0
2021-06-21 11:31:00,NSE:DCBBANK,106.9,107.0,106.85,106.85,3724.0
2021-06-21 11:32:00,NSE:DCBBANK,107.0,107.0,106.95,106.95,606.0
2021-06-21 11:33:00,NSE:DCBBANK,106.85,107.0,106.85,107.0,1091.0
2021-06-21 11:34:00,NSE:DCBBANK,107.0,107.0,106.8,106.85,6399.0
2021-06-21 11:35:00,NSE:DCBBANK,106.8,106.9,106.8,106.9,609.0
2021-06-21 11:36:00,NSE:DCBBANK,106.95,107.0,106.95,107.0,2758.0
2021-06-21 11:37:00,NSE:DCBBANK,107.0,107.0,106.95,107.0,1313.0
2021-06-21 11:38:00,NSE:DCBBANK,106.95,107.0,106.95,107.0,857.0
2021-06-21 11:39:00,NSE:DCBBANK,106.9,107.0,106.9,106.95,2606.0
2021-06-21 11:40:00,NSE:DCBBANK,107.0,107.0,107.0,107.0,461.0
2021-06-21 11:41:00,NSE:DCBBANK,107.0,107.0,106.9,106.9,526.0
2021-06-21 11:42:00,NSE:DCBBANK,107.0,107.05,106.9,107.0,2056.0
2021-06-21 11:43:00,NSE:DCBBANK,107.0,107.0,107.0,107.0,294.0
2021-06-21 11:44:00,NSE:DCBBANK,107.0,107.0,107.0,107.0,368.0
2021-06-21 11:45:00,NSE:DCBBANK,107.0,107.0,106.95,107.0,2718.0
2021-06-21 11:46:00,NSE:DCBBANK,106.9,107.0,106.9,107.0,1127.0
2021-06-21 11:47:00,NSE:DCBBANK,106.95,107.0,106.95,107.0,827.0
2021-06-21 11:48:00,NSE:DCBBANK,106.95,107.0,106.95,107.0,266.0
2021-06-21 11:49:00,NSE:DCBBANK,107.0,107.0,106.95,107.0,1812.0
2021-06-21 11:50:00,NSE:DCBBANK,107.0,107.0,106.95,107.0,1055.0
2021-06-21 11:51:00,NSE:DCBBANK,107.0,107.0,107.0,107.0,690.0
2021-06-21 11:52:00,NSE:DCBBANK,107.0,107.0,106.95,107.0,565.0
2021-06-21 11:53:00,NSE:DCBBANK,107.0,107.0,106.95,106.95,1838.0
2021-06-21 11:54:00,NSE:DCBBANK,107.0,107.0,107.0,107.0,1611.0
2021-06-21 11:55:00,NSE:DCBBANK,106.95,107.0,106.9,106.9,7093.0
2021-06-21 11:56:00,NSE:DCBBANK,106.9,106.9,106.8,106.8,2776.0
2021-06-21 11:57:00,NSE:DCBBANK,106.9,107.0,106.9,107.0,751.0
2021-06-21 11:58:00,NSE:DCBBANK,107.0,107.0,107.0,107.0,674.0
2021-06-21 11:59:00,NSE:DCBBANK,107.0,107.0,107.0,107.0,990.0
2021-06-21 12:00:00,NSE:DCBBANK,107.0,107.0,106.95,107.0,529.0
2021-06-21 12:01:00,NSE:DCBBANK,107.0,107.0,106.95,107.0,1373.0
2021-06-21 12:02:00,NSE:DCBBANK,106.85,107.0,106.85,106.95,1120.0
2021-06-21 12:03:00,NSE:DCBBANK,107.0,107.0,106.9,106.95,3250.0
2021-06-21 12:04:00,NSE:DCBBANK,107.0,107.0,106.8,106.9,1208.0
2021-06-21 12:05:00,NSE:DCBBANK,106.95,107.0,106.95,106.95,3831.0
2021-06-21 12:06:00,NSE:DCBBANK,107.0,107.0,106.95,107.0,466.0
2021-06-21 12:07:00,NSE:DCBBANK,107.0,107.0,106.9,106.95,514.0
2021-06-21 12:08:00,NSE:DCBBANK,106.95,107.0,106.95,107.0,470.0
2021-06-21 12:09:00,NSE:DCBBANK,106.95,107.0,106.85,107.0,1511.0
2021-06-21 12:10:00,NSE:DCBBANK,106.9,107.0,106.85,106.95,763.0
2021-06-21 12:11:00,NSE:DCBBANK,106.9,106.95,106.7,106.7,2853.0
2021-06-21 12:12:00,NSE:DCBBANK,106.9,106.95,106.85,106.95,754.0
2021-06-21 12:13:00,NSE:DCBBANK,107.0,107.0,106.85,106.85,603.0
2021-06-21 12:14:00,NSE:DCBBANK,106.95,106.95,106.95,106.95,252.0
2021-06-21 12:15:00,NSE:DCBBANK,106.95,106.95,106.7,106.85,1320.0
2021-06-21 12:16:00,NSE:DCBBANK,106.85,107.0,106.85,106.9,1146.0
2021-06-21 12:17:00,NSE:DCBBANK,106.95,107.0,106.85,106.85,2543.0
2021-06-21 12:18:00,NSE:DCBBANK,106.9,106.95,106.85,106.95,345.0
2021-06-21 12:19:00,NSE:DCBBANK,106.95,107.0,106.95,107.0,255.0
2021-06-21 12:20:00,NSE:DCBBANK,107.0,107.0,106.9,106.95,1975.0
2021-06-21 12:21:00,NSE:DCBBANK,107.0,107.0,106.85,107.0,1606.0
2021-06-21 12:22:00,NSE:DCBBANK,106.9,107.0,106.75,107.0,2756.0
2021-06-21 12:23:00,NSE:DCBBANK,107.0,107.0,106.9,106.9,1963.0
2021-06-21 12:24:00,NSE:DCBBANK,107.0,107.0,106.95,106.95,10105.0
2021-06-21 12:25:00,NSE:DCBBANK,107.0,107.0,107.0,107.0,626.0
2021-06-21 12:26:00,NSE:DCBBANK,107.0,107.0,106.95,107.0,5032.0
2021-06-21 12:27:00,NSE:DCBBANK,107.0,107.0,106.95,106.95,2316.0
2021-06-21 12:28:00,NSE:DCBBANK,107.0,107.0,106.95,107.0,6682.0
2021-06-21 12:29:00,NSE:DCBBANK,107.0,107.0,106.95,106.95,4890.0
2021-06-21 12:30:00,NSE:DCBBANK,107.0,107.0,106.95,107.0,1442.0
2021-06-21 12:31:00,NSE:DCBBANK,107.0,107.0,107.0,107.0,1060.0
2021-06-21 12:32:00,NSE:DCBBANK,107.0,107.0,107.0,107.0,550.0
2021-06-21 12:33:00,NSE:DCBBANK,106.95,107.0,106.95,106.95,1339.0
2021-06-21 12:34:00,NSE:DCBBANK,106.95,107.0,106.85,107.0,4338.0
2021-06-21 12:35:00,NSE:DCBBANK,107.0,107.0,107.0,107.0,1407.0
2021-06-21 12:36:00,NSE:DCBBANK,107.0,107.0,106.8,107.0,4849.0
2021-06-21 12:37:00,NSE:DCBBANK,107.0,107.0,106.95,107.0,1383.0
2021-06-21 12:38:00,NSE:DCBBANK,106.95,106.95,106.95,106.95,1816.0
2021-06-21 12:39:00,NSE:DCBBANK,106.95,107.0,106.8,106.95,1113.0
2021-06-21 12:40:00,NSE:DCBBANK,107.0,107.0,106.9,106.95,5306.0
2021-06-21 12:41:00,NSE:DCBBANK,106.95,107.0,106.95,107.0,1550.0
2021-06-21 12:42:00,NSE:DCBBANK,107.0,107.0,106.95,107.0,5524.0
2021-06-21 12:43:00,NSE:DCBBANK,107.0,107.0,107.0,107.0,1579.0
2021-06-21 12:44:00,NSE:DCBBANK,107.0,107.0,107.0,107.0,426.0
2021-06-21 12:45:00,NSE:DCBBANK,107.0,107.0,106.8,106.95,3682.0
2021-06-21 12:46:00,NSE:DCBBANK,106.9,107.0,106.8,107.0,851.0
2021-06-21 12:47:00,NSE:DCBBANK,107.0,107.0,106.85,106.95,1080.0
2021-06-21 12:48:00,NSE:DCBBANK,106.95,107.0,106.9,106.9,136.0
2021-06-21 12:49:00,NSE:DCBBANK,107.0,107.0,107.0,107.0,1042.0
2021-06-21 12:50:00,NSE:DCBBANK,107.0,107.0,106.8,106.9,3476.0
2021-06-21 12:51:00,NSE:DCBBANK,106.9,106.95,106.8,106.85,321.0
2021-06-21 12:52:00,NSE:DCBBANK,106.95,107.0,106.9,107.0,2145.0
2021-06-21 12:53:00,NSE:DCBBANK,107.0,107.0,107.0,107.0,665.0
2021-06-21 12:54:00,NSE:DCBBANK,107.0,107.0,106.95,107.0,846.0
2021-06-21 12:55:00,NSE:DCBBANK,107.0,107.0,106.95,107.0,9687.0
2021-06-21 12:56:00,NSE:DCBBANK,106.95,107.0,106.95,107.0,5112.0
2021-06-21 12:57:00,NSE:DCBBANK,107.0,107.0,106.95,107.0,9510.0
2021-06-21 12:58:00,NSE:DCBBANK,106.95,107.0,106.95,106.95,1081.0
2021-06-21 12:59:00,NSE:DCBBANK,106.95,107.0,106.9,107.0,530.0
2021-06-21 13:00:00,NSE:DCBBANK,107.0,107.0,106.9,107.0,3007.0
2021-06-21 13:01:00,NSE:DCBBANK,107.0,107.0,106.9,106.9,5722.0
2021-06-21 13:02:00,NSE:DCBBANK,106.9,106.95,106.9,106.95,466.0
2021-06-21 13:03:00,NSE:DCBBANK,106.95,107.0,106.9,107.0,2503.0
2021-06-21 13:04:00,NSE:DCBBANK,106.85,107.0,106.85,107.0,536.0
2021-06-21 13:05:00,NSE:DCBBANK,107.0,107.0,106.95,107.0,2536.0
2021-06-21 13:06:00,NSE:DCBBANK,106.95,107.0,106.95,107.0,2867.0
2021-06-21 13:07:00,NSE:DCBBANK,107.0,107.0,107.0,107.0,1181.0
2021-06-21 13:08:00,NSE:DCBBANK,107.0,107.0,106.95,107.0,4283.0
2021-06-21 13:09:00,NSE:DCBBANK,107.0,107.0,106.95,107.0,5185.0
2021-06-21 13:10:00,NSE:DCBBANK,107.0,107.0,106.95,107.0,19321.0
2021-06-21 13:11:00,NSE:DCBBANK,106.95,107.0,106.95,107.0,1864.0
2021-06-21 13:12:00,NSE:DCBBANK,107.0,107.0,106.95,107.0,931.0
2021-06-21 13:13:00,NSE:DCBBANK,107.0,107.65,106.95,107.65,17593.0
2021-06-21 13:14:00,NSE:DCBBANK,107.75,107.8,107.65,107.8,8292.0
2021-06-21 13:15:00,NSE:DCBBANK,107.85,107.95,107.5,107.5,10833.0
2021-06-21 13:16:00,NSE:DCBBANK,107.55,107.65,107.4,107.65,2387.0
2021-06-21 13:17:00,NSE:DCBBANK,107.55,107.9,107.5,107.5,2409.0
2021-06-21 13:18:00,NSE:DCBBANK,107.55,107.65,107.55,107.65,1250.0
2021-06-21 13:19:00,NSE:DCBBANK,107.6,107.7,107.45,107.6,8762.0
2021-06-21 13:20:00,NSE:DCBBANK,107.6,107.75,107.6,107.75,1923.0
2021-06-21 13:21:00,NSE:DCBBANK,107.85,107.9,107.8,107.9,4559.0
2021-06-21 13:22:00,NSE:DCBBANK,107.85,107.85,107.8,107.85,1049.0
2021-06-21 13:23:00,NSE:DCBBANK,107.75,107.95,107.75,107.95,4068.0
2021-06-21 13:24:00,NSE:DCBBANK,107.9,107.9,107.8,107.8,689.0
2021-06-21 13:25:00,NSE:DCBBANK,107.85,107.85,107.55,107.55,2797.0
2021-06-21 13:26:00,NSE:DCBBANK,107.65,107.75,107.6,107.7,1362.0
2021-06-21 13:27:00,NSE:DCBBANK,107.65,107.65,107.3,107.35,6785.0
2021-06-21 13:28:00,NSE:DCBBANK,107.35,107.45,107.25,107.45,1125.0
2021-06-21 13:29:00,NSE:DCBBANK,107.45,107.45,107.25,107.4,1449.0
2021-06-21 13:30:00,NSE:DCBBANK,107.4,107.45,107.35,107.35,2166.0
2021-06-21 13:31:00,NSE:DCBBANK,107.35,107.45,107.2,107.2,5687.0
2021-06-21 13:32:00,NSE:DCBBANK,107.25,107.35,107.2,107.35,1738.0
2021-06-21 13:33:00,NSE:DCBBANK,107.3,107.4,107.3,107.4,1368.0
2021-06-21 13:34:00,NSE:DCBBANK,107.4,107.45,107.4,107.45,3179.0
2021-06-21 13:35:00,NSE:DCBBANK,107.45,107.45,107.15,107.2,8366.0
2021-06-21 13:36:00,NSE:DCBBANK,107.3,107.35,107.2,107.2,4910.0
2021-06-21 13:37:00,NSE:DCBBANK,107.25,107.3,107.05,107.3,7414.0
2021-06-21 13:38:00,NSE:DCBBANK,107.25,107.35,107.25,107.35,1509.0
2021-06-21 13:39:00,NSE:DCBBANK,107.3,107.45,107.3,107.45,3562.0
2021-06-21 13:40:00,NSE:DCBBANK,107.45,107.45,107.3,107.45,1244.0
2021-06-21 13:41:00,NSE:DCBBANK,107.35,107.4,107.2,107.4,2495.0
2021-06-21 13:42:00,NSE:DCBBANK,107.4,107.4,107.25,107.25,1174.0
2021-06-21 13:43:00,NSE:DCBBANK,107.25,107.4,107.1,107.1,3285.0
2021-06-21 13:44:00,NSE:DCBBANK,107.1,107.3,107.1,107.3,1432.0
2021-06-21 13:45:00,NSE:DCBBANK,107.2,107.35,107.2,107.2,1216.0
2021-06-21 13:46:00,NSE:DCBBANK,107.25,107.35,106.85,107.0,23898.0
2021-06-21 13:47:00,NSE:DCBBANK,107.0,107.0,106.8,106.95,9708.0
2021-06-21 13:48:00,NSE:DCBBANK,106.9,106.9,106.8,106.8,2050.0
2021-06-21 13:49:00,NSE:DCBBANK,106.85,107.0,106.8,107.0,628.0
2021-06-21 13:50:00,NSE:DCBBANK,107.0,107.0,106.9,107.0,1432.0
2021-06-21 13:51:00,NSE:DCBBANK,106.95,107.0,106.9,106.95,2487.0
2021-06-21 13:52:00,NSE:DCBBANK,107.0,107.0,106.95,107.0,1592.0
2021-06-21 13:53:00,NSE:DCBBANK,106.95,107.0,106.95,107.0,7957.0
2021-06-21 13:54:00,NSE:DCBBANK,107.0,107.0,106.95,107.0,1537.0
2021-06-21 13:55:00,NSE:DCBBANK,107.0,107.0,107.0,107.0,3048.0
2021-06-21 13:56:00,NSE:DCBBANK,106.85,107.0,106.85,107.0,3436.0
2021-06-21 13:57:00,NSE:DCBBANK,106.95,107.0,106.95,107.0,3125.0
2021-06-21 13:58:00,NSE:DCBBANK,107.0,107.0,106.95,107.0,1460.0
2021-06-21 13:59:00,NSE:DCBBANK,107.0,107.0,107.0,107.0,4955.0
2021-06-21 14:00:00,NSE:DCBBANK,107.0,107.0,106.95,107.0,2760.0
2021-06-21 14:01:00,NSE:DCBBANK,107.0,107.0,106.95,107.0,2539.0
2021-06-21 14:02:00,NSE:DCBBANK,107.0,107.0,106.95,107.0,2452.0
2021-06-21 14:03:00,NSE:DCBBANK,106.95,107.0,106.95,107.0,2930.0
2021-06-21 14:04:00,NSE:DCBBANK,107.0,107.0,106.9,107.0,8430.0
2021-06-21 14:05:00,NSE:DCBBANK,107.0,107.2,106.95,107.15,5173.0
2021-06-21 14:06:00,NSE:DCBBANK,107.25,107.25,106.9,106.9,16986.0
2021-06-21 14:07:00,NSE:DCBBANK,106.95,107.0,106.9,107.0,7479.0
2021-06-21 14:08:00,NSE:DCBBANK,107.0,107.0,107.0,107.0,3839.0
2021-06-21 14:09:00,NSE:DCBBANK,107.0,107.1,107.0,107.0,12138.0
2021-06-21 14:10:00,NSE:DCBBANK,107.0,107.05,107.0,107.0,6002.0
2021-06-21 14:11:00,NSE:DCBBANK,106.9,107.0,106.9,107.0,6215.0
2021-06-21 14:12:00,NSE:DCBBANK,107.0,107.25,107.0,107.15,11323.0
2021-06-21 14:13:00,NSE:DCBBANK,107.05,107.3,107.05,107.25,5505.0
2021-06-21 14:14:00,NSE:DCBBANK,107.1,107.5,107.1,107.35,11739.0
2021-06-21 14:15:00,NSE:DCBBANK,107.2,107.5,107.15,107.15,15646.0
2021-06-21 14:16:00,NSE:DCBBANK,107.15,107.15,106.8,106.8,25453.0
2021-06-21 14:17:00,NSE:DCBBANK,106.85,107.0,106.8,106.95,16412.0
2021-06-21 14:18:00,NSE:DCBBANK,106.9,107.0,106.85,106.95,4988.0
2021-06-21 14:19:00,NSE:DCBBANK,107.0,107.0,106.55,106.55,22480.0
2021-06-21 14:20:00,NSE:DCBBANK,106.55,106.7,106.4,106.5,19146.0
2021-06-21 14:21:00,NSE:DCBBANK,106.5,106.6,106.35,106.45,7551.0
2021-06-21 14:22:00,NSE:DCBBANK,106.45,106.5,106.4,106.45,4757.0
2021-06-21 14:23:00,NSE:DCBBANK,106.4,106.8,106.4,106.7,11639.0
2021-06-21 14:24:00,NSE:DCBBANK,106.7,107.0,106.6,106.85,14906.0
2021-06-21 14:25:00,NSE:DCBBANK,106.9,106.9,106.7,106.7,3610.0
2021-06-21 14:26:00,NSE:DCBBANK,106.85,106.95,106.7,106.95,4629.0
2021-06-21 14:27:00,NSE:DCBBANK,106.9,106.9,106.65,106.7,3628.0
2021-06-21 14:28:00,NSE:DCBBANK,106.75,106.9,106.7,106.75,3989.0
2021-06-21 14:29:00,NSE:DCBBANK,106.7,106.9,106.7,106.8,3962.0
2021-06-21 14:30:00,NSE:DCBBANK,106.9,107.0,106.85,106.85,4338.0
2021-06-21 14:31:00,NSE:DCBBANK,106.95,107.0,106.75,106.9,6127.0
2021-06-21 14:32:00,NSE:DCBBANK,106.8,106.85,106.7,106.8,4137.0
2021-06-21 14:33:00,NSE:DCBBANK,106.8,106.95,106.7,106.95,5197.0
2021-06-21 14:34:00,NSE:DCBBANK,106.9,107.0,106.8,107.0,12115.0
2021-06-21 14:35:00,NSE:DCBBANK,106.9,107.0,106.8,106.95,3958.0
2021-06-21 14:36:00,NSE:DCBBANK,106.95,107.0,106.85,107.0,5012.0
2021-06-21 14:37:00,NSE:DCBBANK,106.95,107.0,106.85,106.95,9341.0
2021-06-21 14:38:00,NSE:DCBBANK,106.95,107.0,106.8,107.0,6552.0
2021-06-21 14:39:00,NSE:DCBBANK,106.85,107.0,106.8,106.8,4153.0
2021-06-21 14:40:00,NSE:DCBBANK,106.9,106.95,106.8,106.8,4377.0
2021-06-21 14:41:00,NSE:DCBBANK,106.85,107.0,106.8,106.85,6098.0
2021-06-21 14:42:00,NSE:DCBBANK,106.8,106.95,106.8,106.9,6139.0
2021-06-21 14:43:00,NSE:DCBBANK,106.85,106.95,106.8,106.95,8014.0
2021-06-21 14:44:00,NSE:DCBBANK,106.9,107.1,106.9,107.0,21156.0
2021-06-21 14:45:00,NSE:DCBBANK,107.0,107.0,106.95,107.0,6770.0
2021-06-21 14:46:00,NSE:DCBBANK,107.0,107.0,106.85,106.85,12089.0
2021-06-21 14:47:00,NSE:DCBBANK,106.85,107.0,106.85,106.9,5678.0
2021-06-21 14:48:00,NSE:DCBBANK,106.85,107.0,106.85,106.95,7651.0
2021-06-21 14:49:00,NSE:DCBBANK,106.95,106.95,106.7,106.8,22408.0
2021-06-21 14:50:00,NSE:DCBBANK,106.75,106.9,106.7,106.8,5042.0
2021-06-21 14:51:00,NSE:DCBBANK,106.75,106.9,106.75,106.75,3667.0
2021-06-21 14:52:00,NSE:DCBBANK,106.85,106.9,106.75,106.8,3691.0
2021-06-21 14:53:00,NSE:DCBBANK,106.8,106.85,106.75,106.75,3222.0
2021-06-21 14:54:00,NSE:DCBBANK,106.75,106.85,106.75,106.85,4089.0
2021-06-21 14:55:00,NSE:DCBBANK,106.8,106.9,106.75,106.9,4183.0
2021-06-21 14:56:00,NSE:DCBBANK,106.9,106.9,106.75,106.8,4743.0
2021-06-21 14:57:00,NSE:DCBBANK,106.75,106.9,106.75,106.9,3824.0
2021-06-21 14:58:00,NSE:DCBBANK,106.8,106.9,106.75,106.85,4514.0
2021-06-21 14:59:00,NSE:DCBBANK,106.8,106.95,106.8,106.9,4986.0
2021-06-21 15:00:00,NSE:DCBBANK,106.75,106.9,106.75,106.75,4141.0
2021-06-21 15:01:00,NSE:DCBBANK,106.75,106.8,106.65,106.75,10286.0
2021-06-21 15:02:00,NSE:DCBBANK,106.7,106.8,106.6,106.75,4386.0
2021-06-21 15:03:00,NSE:DCBBANK,106.8,106.9,106.8,106.9,5388.0
2021-06-21 15:04:00,NSE:DCBBANK,106.9,106.95,106.8,106.85,6268.0
2021-06-21 15:05:00,NSE:DCBBANK,106.85,106.95,106.8,106.9,6017.0
2021-06-21 15:06:00,NSE:DCBBANK,106.85,106.9,106.8,106.9,4091.0
2021-06-21 15:07:00,NSE:DCBBANK,106.85,106.95,106.8,106.95,4982.0
2021-06-21 15:08:00,NSE:DCBBANK,106.9,107.0,106.9,106.9,7479.0
2021-06-21 15:09:00,NSE:DCBBANK,107.0,107.0,106.95,107.0,32670.0
2021-06-21 15:10:00,NSE:DCBBANK,107.0,107.0,106.9,107.0,17724.0
2021-06-21 15:11:00,NSE:DCBBANK,106.95,107.0,106.95,107.0,6871.0
2021-06-21 15:12:00,NSE:DCBBANK,106.95,107.0,106.85,106.85,9901.0
2021-06-21 15:13:00,NSE:DCBBANK,106.85,106.95,106.85,106.9,4977.0
2021-06-21 15:14:00,NSE:DCBBANK,106.9,107.0,106.85,106.95,8375.0
2021-06-21 15:15:00,NSE:DCBBANK,106.95,107.0,106.8,106.85,31093.0
2021-06-21 15:16:00,NSE:DCBBANK,106.95,106.95,106.8,106.9,5151.0
2021-06-21 15:17:00,NSE:DCBBANK,106.9,106.95,106.85,106.9,8761.0
2021-06-21 15:18:00,NSE:DCBBANK,106.85,106.95,106.8,106.9,9063.0
2021-06-21 15:19:00,NSE:DCBBANK,106.8,106.95,106.8,106.8,5536.0
2021-06-21 15:20:00,NSE:DCBBANK,106.85,106.9,106.8,106.85,5489.0
2021-06-21 15:21:00,NSE:DCBBANK,106.9,106.9,106.8,106.85,24346.0
2021-06-21 15:22:00,NSE:DCBBANK,106.9,106.95,106.85,106.9,7499.0
2021-06-21 15:23:00,NSE:DCBBANK,106.95,107.0,106.9,107.0,7313.0
2021-06-21 15:24:00,NSE:DCBBANK,107.0,107.0,106.9,107.0,18123.0
2021-06-21 15:25:00,NSE:DCBBANK,107.0,107.0,106.9,107.0,5098.0
2021-06-21 15:26:00,NSE:DCBBANK,106.95,107.0,106.85,106.85,20005.0
2021-06-21 15:27:00,NSE:DCBBANK,106.9,106.9,106.8,106.9,9470.0
2021-06-21 15:28:00,NSE:DCBBANK,106.85,107.0,106.85,106.95,7173.0
2021-06-21 15:29:00,NSE:DCBBANK,106.9,106.95,106.9,106.9,8251.0
2021-06-21 15:30:00,NSE:DCBBANK,106.95,106.95,106.95,106.95,658.0
2021-06-21 15:41:00,NSE:DCBBANK,106.9,106.95,106.9,106.95,200.0
2021-06-22 09:07:00,NSE:DCBBANK,108.2,108.2,108.2,108.2,3024.0
2021-06-22 09:15:00,NSE:DCBBANK,108.2,109.2,108.2,108.95,27818.0
2021-06-22 09:16:00,NSE:DCBBANK,108.8,109.0,108.65,108.75,19095.0
2021-06-22 09:17:00,NSE:DCBBANK,108.7,109.35,108.7,109.0,37529.0
2021-06-22 09:18:00,NSE:DCBBANK,109.15,109.15,108.85,109.05,16560.0
2021-06-22 09:19:00,NSE:DCBBANK,109.0,109.2,108.95,109.1,12439.0
2021-06-22 09:20:00,NSE:DCBBANK,109.2,109.65,109.05,109.55,12817.0
2021-06-22 09:21:00,NSE:DCBBANK,109.55,109.8,109.5,109.8,18593.0
2021-06-22 09:22:00,NSE:DCBBANK,109.85,109.9,109.75,109.85,12423.0
2021-06-22 09:23:00,NSE:DCBBANK,109.85,110.45,109.85,110.3,29828.0
2021-06-22 09:24:00,NSE:DCBBANK,110.3,110.3,109.95,109.95,25406.0
2021-06-22 09:25:00,NSE:DCBBANK,110.0,110.0,109.6,109.7,12350.0
2021-06-22 09:26:00,NSE:DCBBANK,109.6,109.65,109.4,109.5,12496.0
2021-06-22 09:27:00,NSE:DCBBANK,109.5,109.75,109.5,109.65,4656.0
2021-06-22 09:28:00,NSE:DCBBANK,109.75,109.75,109.35,109.45,20897.0
2021-06-22 09:29:00,NSE:DCBBANK,109.4,109.6,109.25,109.45,19089.0
2021-06-22 09:30:00,NSE:DCBBANK,109.35,109.5,109.15,109.15,12370.0
2021-06-22 09:31:00,NSE:DCBBANK,109.2,109.2,108.7,109.05,21877.0
2021-06-22 09:32:00,NSE:DCBBANK,109.1,109.3,109.0,109.3,4768.0
2021-06-22 09:33:00,NSE:DCBBANK,109.2,109.35,109.1,109.2,2103.0
2021-06-22 09:34:00,NSE:DCBBANK,109.1,109.2,109.05,109.15,1991.0
2021-06-22 09:35:00,NSE:DCBBANK,109.15,109.3,109.05,109.2,9791.0
2021-06-22 09:36:00,NSE:DCBBANK,109.2,109.2,109.05,109.2,5523.0
2021-06-22 09:37:00,NSE:DCBBANK,109.1,109.1,109.05,109.05,2341.0
2021-06-22 09:38:00,NSE:DCBBANK,109.05,109.05,108.8,109.0,9133.0
2021-06-22 09:39:00,NSE:DCBBANK,108.85,109.0,108.85,109.0,3984.0
2021-06-22 09:40:00,NSE:DCBBANK,108.95,109.1,108.95,109.1,2997.0
2021-06-22 09:41:00,NSE:DCBBANK,109.0,109.1,108.95,109.1,2742.0
2021-06-22 09:42:00,NSE:DCBBANK,109.0,109.1,108.95,109.1,4123.0
2021-06-22 09:43:00,NSE:DCBBANK,109.0,109.1,108.95,109.0,7613.0
2021-06-22 09:44:00,NSE:DCBBANK,109.0,109.0,108.9,109.0,1980.0
2021-06-22 09:45:00,NSE:DCBBANK,108.95,109.0,108.85,108.85,2873.0
2021-06-22 09:46:00,NSE:DCBBANK,108.85,109.15,108.85,109.15,7576.0
2021-06-22 09:47:00,NSE:DCBBANK,109.0,109.15,108.9,109.0,2886.0
2021-06-22 09:48:00,NSE:DCBBANK,109.0,109.15,108.9,109.0,3326.0
2021-06-22 09:49:00,NSE:DCBBANK,108.9,109.0,108.85,109.0,1765.0
2021-06-22 09:50:00,NSE:DCBBANK,108.9,109.0,108.7,108.85,15672.0
2021-06-22 09:51:00,NSE:DCBBANK,108.75,108.9,108.75,108.9,2820.0
2021-06-22 09:52:00,NSE:DCBBANK,108.9,109.0,108.9,109.0,1281.0
2021-06-22 09:53:00,NSE:DCBBANK,108.9,108.9,108.75,108.9,2146.0
2021-06-22 09:54:00,NSE:DCBBANK,108.75,108.9,108.75,108.85,4515.0
2021-06-22 09:55:00,NSE:DCBBANK,108.8,109.0,108.8,109.0,11753.0
2021-06-22 09:56:00,NSE:DCBBANK,108.95,109.1,108.9,109.0,6171.0
2021-06-22 09:57:00,NSE:DCBBANK,109.0,109.25,109.0,109.15,2702.0
2021-06-22 09:58:00,NSE:DCBBANK,109.05,109.1,108.75,108.95,16034.0
2021-06-22 09:59:00,NSE:DCBBANK,108.9,108.95,108.85,108.85,695.0
2021-06-22 10:00:00,NSE:DCBBANK,108.85,108.95,108.85,108.85,1546.0
2021-06-22 10:01:00,NSE:DCBBANK,108.85,108.95,108.85,108.95,1331.0
2021-06-22 10:02:00,NSE:DCBBANK,109.0,109.05,108.85,108.9,1779.0
2021-06-22 10:03:00,NSE:DCBBANK,108.85,108.9,108.75,108.9,4745.0
2021-06-22 10:04:00,NSE:DCBBANK,108.85,108.95,108.85,108.85,410.0
2021-06-22 10:05:00,NSE:DCBBANK,108.9,109.0,108.9,108.9,525.0
2021-06-22 10:06:00,NSE:DCBBANK,109.0,109.0,108.8,108.8,1133.0
2021-06-22 10:07:00,NSE:DCBBANK,108.8,109.1,108.8,109.0,15414.0
2021-06-22 10:08:00,NSE:DCBBANK,108.9,109.0,108.9,108.9,1766.0
2021-06-22 10:09:00,NSE:DCBBANK,109.05,109.05,108.95,108.95,4340.0
2021-06-22 10:10:00,NSE:DCBBANK,108.95,109.2,108.9,108.9,4172.0
2021-06-22 10:11:00,NSE:DCBBANK,109.0,109.0,108.9,109.0,5263.0
2021-06-22 10:12:00,NSE:DCBBANK,108.95,109.0,108.95,109.0,1154.0
2021-06-22 10:13:00,NSE:DCBBANK,108.95,109.1,108.85,108.85,7381.0
2021-06-22 10:14:00,NSE:DCBBANK,108.85,108.85,108.85,108.85,1016.0
2021-06-22 10:15:00,NSE:DCBBANK,108.9,109.0,108.9,108.95,190.0
2021-06-22 10:16:00,NSE:DCBBANK,108.95,108.95,108.9,108.95,427.0
2021-06-22 10:17:00,NSE:DCBBANK,108.9,109.1,108.9,109.0,2779.0
2021-06-22 10:18:00,NSE:DCBBANK,108.9,109.1,108.9,109.1,1608.0
2021-06-22 10:19:00,NSE:DCBBANK,109.0,109.0,108.95,108.95,1514.0
2021-06-22 10:20:00,NSE:DCBBANK,108.95,109.0,108.95,109.0,241.0
2021-06-22 10:21:00,NSE:DCBBANK,109.0,109.0,108.85,108.95,2798.0
2021-06-22 10:22:00,NSE:DCBBANK,109.05,109.05,108.9,108.9,711.0
2021-06-22 10:23:00,NSE:DCBBANK,108.8,109.0,108.8,108.85,958.0
2021-06-22 10:24:00,NSE:DCBBANK,108.85,109.0,108.8,108.85,1033.0
2021-06-22 10:25:00,NSE:DCBBANK,108.8,108.9,108.8,108.8,1273.0
2021-06-22 10:26:00,NSE:DCBBANK,108.8,109.0,108.8,109.0,6196.0
2021-06-22 10:27:00,NSE:DCBBANK,109.15,109.15,108.9,109.0,7376.0
2021-06-22 10:28:00,NSE:DCBBANK,108.95,108.95,108.85,108.95,3180.0
2021-06-22 10:29:00,NSE:DCBBANK,108.95,108.95,108.85,108.95,1008.0
2021-06-22 10:30:00,NSE:DCBBANK,108.85,108.85,108.85,108.85,1553.0
2021-06-22 10:31:00,NSE:DCBBANK,109.0,109.0,108.9,109.0,292.0
2021-06-22 10:32:00,NSE:DCBBANK,109.0,109.15,109.0,109.15,2535.0
2021-06-22 10:33:00,NSE:DCBBANK,109.15,109.15,109.0,109.0,2057.0
2021-06-22 10:34:00,NSE:DCBBANK,109.0,109.2,109.0,109.0,6494.0
2021-06-22 10:35:00,NSE:DCBBANK,109.0,109.15,109.0,109.05,3618.0
2021-06-22 10:36:00,NSE:DCBBANK,109.05,109.1,109.0,109.0,547.0
2021-06-22 10:37:00,NSE:DCBBANK,109.15,109.2,108.8,108.8,15837.0
2021-06-22 10:38:00,NSE:DCBBANK,108.85,108.85,108.8,108.8,290.0
2021-06-22 10:39:00,NSE:DCBBANK,108.8,108.8,108.8,108.8,500.0
2021-06-22 10:40:00,NSE:DCBBANK,108.8,108.95,108.8,108.95,101.0
2021-06-22 10:41:00,NSE:DCBBANK,108.8,108.95,108.8,108.95,55.0
2021-06-22 10:42:00,NSE:DCBBANK,108.9,108.95,108.9,108.95,247.0
2021-06-22 10:43:00,NSE:DCBBANK,108.9,108.95,108.9,108.9,380.0
2021-06-22 10:44:00,NSE:DCBBANK,108.85,108.95,108.8,108.85,875.0
2021-06-22 10:45:00,NSE:DCBBANK,108.85,108.85,108.8,108.8,603.0
2021-06-22 10:46:00,NSE:DCBBANK,108.85,108.95,108.85,108.85,424.0
2021-06-22 10:47:00,NSE:DCBBANK,108.85,108.95,108.85,108.95,918.0
2021-06-22 10:48:00,NSE:DCBBANK,108.85,108.95,108.85,108.85,111.0
2021-06-22 10:49:00,NSE:DCBBANK,108.95,109.1,108.9,108.9,3088.0
2021-06-22 10:50:00,NSE:DCBBANK,108.9,109.1,108.8,109.1,2701.0
2021-06-22 10:51:00,NSE:DCBBANK,109.0,109.0,109.0,109.0,131.0
2021-06-22 10:52:00,NSE:DCBBANK,108.9,109.0,108.9,109.0,1205.0
2021-06-22 10:53:00,NSE:DCBBANK,109.0,109.0,108.9,109.0,340.0
2021-06-22 10:54:00,NSE:DCBBANK,109.0,109.0,108.9,108.95,1317.0
2021-06-22 10:55:00,NSE:DCBBANK,108.95,108.95,108.9,108.9,150.0
2021-06-22 10:56:00,NSE:DCBBANK,108.9,109.0,108.9,109.0,4691.0
2021-06-22 10:57:00,NSE:DCBBANK,109.0,109.0,108.9,109.0,1271.0
2021-06-22 10:58:00,NSE:DCBBANK,109.0,109.0,108.9,109.0,1305.0
2021-06-22 10:59:00,NSE:DCBBANK,109.0,109.0,108.9,108.95,47.0
2021-06-22 11:00:00,NSE:DCBBANK,109.0,109.0,108.9,108.9,363.0
2021-06-22 11:01:00,NSE:DCBBANK,108.95,109.0,108.95,109.0,166.0
2021-06-22 11:02:00,NSE:DCBBANK,109.0,109.05,108.9,108.9,1795.0
2021-06-22 11:03:00,NSE:DCBBANK,108.9,109.1,108.9,109.0,2217.0
2021-06-22 11:04:00,NSE:DCBBANK,109.0,109.1,108.95,109.0,420.0
2021-06-22 11:05:00,NSE:DCBBANK,109.0,109.15,109.0,109.0,3173.0
2021-06-22 11:06:00,NSE:DCBBANK,109.0,109.1,108.95,108.95,1958.0
2021-06-22 11:07:00,NSE:DCBBANK,109.0,109.0,108.8,108.8,3795.0
2021-06-22 11:08:00,NSE:DCBBANK,108.95,108.95,108.8,108.85,3001.0
2021-06-22 11:09:00,NSE:DCBBANK,108.85,108.85,108.7,108.8,2015.0
2021-06-22 11:10:00,NSE:DCBBANK,108.85,108.85,108.8,108.85,646.0
2021-06-22 11:11:00,NSE:DCBBANK,108.85,108.85,108.85,108.85,285.0
2021-06-22 11:12:00,NSE:DCBBANK,108.85,108.85,108.85,108.85,250.0
2021-06-22 11:13:00,NSE:DCBBANK,108.85,108.85,108.8,108.8,300.0
2021-06-22 11:14:00,NSE:DCBBANK,108.85,108.85,108.75,108.85,1246.0
2021-06-22 11:15:00,NSE:DCBBANK,108.85,108.85,108.85,108.85,10.0
2021-06-22 11:16:00,NSE:DCBBANK,108.85,108.85,108.7,108.75,1590.0
2021-06-22 11:17:00,NSE:DCBBANK,108.85,108.85,108.7,108.7,2033.0
2021-06-22 11:18:00,NSE:DCBBANK,108.7,108.75,108.7,108.75,1698.0
2021-06-22 11:19:00,NSE:DCBBANK,108.7,108.7,108.65,108.65,70.0
2021-06-22 11:20:00,NSE:DCBBANK,108.75,108.75,108.65,108.65,3665.0
2021-06-22 11:21:00,NSE:DCBBANK,108.65,108.7,108.6,108.7,690.0
2021-06-22 11:22:00,NSE:DCBBANK,108.7,108.75,108.6,108.7,1804.0
2021-06-22 11:23:00,NSE:DCBBANK,108.7,108.7,108.6,108.6,563.0
2021-06-22 11:24:00,NSE:DCBBANK,108.7,108.7,108.6,108.6,332.0
2021-06-22 11:25:00,NSE:DCBBANK,108.7,108.75,108.7,108.75,743.0
2021-06-22 11:26:00,NSE:DCBBANK,108.75,108.75,108.7,108.75,131.0
2021-06-22 11:27:00,NSE:DCBBANK,108.7,108.7,108.6,108.7,307.0
2021-06-22 11:28:00,NSE:DCBBANK,108.75,108.75,108.6,108.7,2384.0
2021-06-22 11:29:00,NSE:DCBBANK,108.75,108.75,108.65,108.65,1025.0
2021-06-22 11:30:00,NSE:DCBBANK,108.65,108.8,108.65,108.65,2789.0
2021-06-22 11:31:00,NSE:DCBBANK,108.65,108.65,108.65,108.65,228.0
2021-06-22 11:32:00,NSE:DCBBANK,108.8,108.8,108.8,108.8,61.0
2021-06-22 11:33:00,NSE:DCBBANK,108.8,108.8,108.8,108.8,10.0
2021-06-22 11:34:00,NSE:DCBBANK,108.8,108.8,108.8,108.8,321.0
2021-06-22 11:35:00,NSE:DCBBANK,108.65,108.8,108.65,108.65,1813.0
2021-06-22 11:36:00,NSE:DCBBANK,108.6,108.8,108.6,108.8,1088.0
2021-06-22 11:37:00,NSE:DCBBANK,108.85,108.85,108.75,108.8,825.0
2021-06-22 11:38:00,NSE:DCBBANK,108.85,108.85,108.85,108.85,303.0
2021-06-22 11:39:00,NSE:DCBBANK,108.8,108.8,108.65,108.7,563.0
2021-06-22 11:40:00,NSE:DCBBANK,108.8,108.8,108.8,108.8,300.0
2021-06-22 11:41:00,NSE:DCBBANK,108.75,108.8,108.75,108.8,190.0
2021-06-22 11:42:00,NSE:DCBBANK,108.85,108.9,108.85,108.9,363.0
2021-06-22 11:43:00,NSE:DCBBANK,108.85,108.9,108.85,108.9,2897.0
2021-06-22 11:44:00,NSE:DCBBANK,108.75,108.75,108.75,108.75,104.0
2021-06-22 11:45:00,NSE:DCBBANK,108.8,108.8,108.7,108.8,1316.0
2021-06-22 11:46:00,NSE:DCBBANK,108.8,108.8,108.75,108.75,316.0
2021-06-22 11:47:00,NSE:DCBBANK,108.75,108.9,108.75,108.9,372.0
2021-06-22 11:48:00,NSE:DCBBANK,108.9,108.9,108.8,108.8,522.0
2021-06-22 11:49:00,NSE:DCBBANK,108.8,108.9,108.75,108.9,643.0
2021-06-22 11:50:00,NSE:DCBBANK,108.8,108.8,108.8,108.8,218.0
2021-06-22 11:51:00,NSE:DCBBANK,108.8,108.9,108.8,108.9,155.0
2021-06-22 11:52:00,NSE:DCBBANK,108.9,108.9,108.8,108.8,210.0
2021-06-22 11:53:00,NSE:DCBBANK,108.8,108.8,108.8,108.8,1.0
2021-06-22 11:54:00,NSE:DCBBANK,108.8,108.95,108.8,108.95,1331.0
2021-06-22 11:55:00,NSE:DCBBANK,108.95,108.95,108.8,108.85,165.0
2021-06-22 11:56:00,NSE:DCBBANK,108.8,109.0,108.8,108.9,1038.0
2021-06-22 11:57:00,NSE:DCBBANK,108.8,108.8,108.8,108.8,100.0
2021-06-22 11:58:00,NSE:DCBBANK,108.8,108.95,108.8,108.95,360.0
2021-06-22 11:59:00,NSE:DCBBANK,108.85,108.85,108.85,108.85,312.0
2021-06-22 12:00:00,NSE:DCBBANK,108.85,108.95,108.8,108.85,2543.0
2021-06-22 12:01:00,NSE:DCBBANK,108.85,108.85,108.85,108.85,5.0
2021-06-22 12:02:00,NSE:DCBBANK,108.85,108.85,108.8,108.8,501.0
2021-06-22 12:03:00,NSE:DCBBANK,108.9,108.95,108.9,108.95,702.0
2021-06-22 12:04:00,NSE:DCBBANK,108.8,108.85,108.8,108.85,101.0
2021-06-22 12:05:00,NSE:DCBBANK,108.75,108.75,108.75,108.75,156.0
2021-06-22 12:06:00,NSE:DCBBANK,108.95,108.95,108.9,108.95,39.0
2021-06-22 12:07:00,NSE:DCBBANK,109.0,109.0,108.9,108.9,270.0
2021-06-22 12:08:00,NSE:DCBBANK,108.95,108.95,108.9,108.95,445.0
2021-06-22 12:09:00,NSE:DCBBANK,108.95,108.95,108.9,108.9,3836.0
2021-06-22 12:10:00,NSE:DCBBANK,108.85,108.85,108.85,108.85,3.0
2021-06-22 12:11:00,NSE:DCBBANK,109.0,109.0,108.9,108.9,125.0
2021-06-22 12:12:00,NSE:DCBBANK,109.0,109.0,108.9,109.0,63.0
2021-06-22 12:13:00,NSE:DCBBANK,109.0,109.0,108.95,108.95,17432.0
2021-06-22 12:14:00,NSE:DCBBANK,108.95,109.0,108.8,108.85,1231.0
2021-06-22 12:15:00,NSE:DCBBANK,108.95,108.95,108.95,108.95,490.0
2021-06-22 12:16:00,NSE:DCBBANK,108.85,108.95,108.85,108.85,645.0
2021-06-22 12:17:00,NSE:DCBBANK,109.0,109.0,109.0,109.0,20.0
2021-06-22 12:18:00,NSE:DCBBANK,109.0,109.0,108.85,109.0,180.0
2021-06-22 12:19:00,NSE:DCBBANK,109.0,109.0,108.95,109.0,841.0
2021-06-22 12:20:00,NSE:DCBBANK,108.85,109.0,108.85,108.9,426.0
2021-06-22 12:21:00,NSE:DCBBANK,108.85,108.85,108.75,108.75,3734.0
2021-06-22 12:22:00,NSE:DCBBANK,108.75,108.9,108.75,108.9,555.0
2021-06-22 12:23:00,NSE:DCBBANK,108.9,108.9,108.8,108.8,250.0
2021-06-22 12:24:00,NSE:DCBBANK,108.8,108.8,108.75,108.75,271.0
2021-06-22 12:25:00,NSE:DCBBANK,108.8,108.8,108.8,108.8,125.0
2021-06-22 12:26:00,NSE:DCBBANK,108.8,108.8,108.75,108.75,919.0
2021-06-22 12:27:00,NSE:DCBBANK,108.75,108.8,108.75,108.8,257.0
2021-06-22 12:28:00,NSE:DCBBANK,108.75,108.8,108.75,108.8,550.0
2021-06-22 12:29:00,NSE:DCBBANK,108.75,108.75,108.65,108.75,3181.0
2021-06-22 12:30:00,NSE:DCBBANK,108.75,108.75,108.65,108.65,307.0
2021-06-22 12:31:00,NSE:DCBBANK,108.65,108.8,108.65,108.8,785.0
2021-06-22 12:32:00,NSE:DCBBANK,108.8,108.85,108.65,108.85,1324.0
2021-06-22 12:34:00,NSE:DCBBANK,108.85,108.85,108.7,108.7,6500.0
2021-06-22 12:35:00,NSE:DCBBANK,108.85,108.85,108.75,108.75,730.0
2021-06-22 12:36:00,NSE:DCBBANK,108.75,108.8,108.7,108.8,503.0
2021-06-22 12:37:00,NSE:DCBBANK,108.8,108.8,108.8,108.8,25.0
2021-06-22 12:39:00,NSE:DCBBANK,108.8,108.95,108.8,108.95,6285.0
2021-06-22 12:40:00,NSE:DCBBANK,108.9,108.9,108.9,108.9,545.0
2021-06-22 12:41:00,NSE:DCBBANK,108.85,109.3,108.85,108.95,22428.0
2021-06-22 12:42:00,NSE:DCBBANK,108.95,109.0,108.9,108.9,3096.0
2021-06-22 12:43:00,NSE:DCBBANK,108.9,108.95,108.8,108.95,1359.0
2021-06-22 12:44:00,NSE:DCBBANK,108.9,109.0,108.9,108.9,520.0
2021-06-22 12:45:00,NSE:DCBBANK,108.95,108.95,108.9,108.9,831.0
2021-06-22 12:47:00,NSE:DCBBANK,108.9,109.0,108.9,109.0,1101.0
2021-06-22 12:48:00,NSE:DCBBANK,109.0,109.0,109.0,109.0,3.0
2021-06-22 12:49:00,NSE:DCBBANK,109.0,109.0,108.9,108.9,101.0
2021-06-22 12:50:00,NSE:DCBBANK,108.9,108.9,108.85,108.9,1105.0
2021-06-22 12:51:00,NSE:DCBBANK,108.85,108.9,108.85,108.85,123.0
2021-06-22 12:52:00,NSE:DCBBANK,108.95,108.95,108.85,108.85,586.0
2021-06-22 12:53:00,NSE:DCBBANK,108.95,108.95,108.75,108.8,1533.0
2021-06-22 12:54:00,NSE:DCBBANK,108.75,108.8,108.65,108.8,3019.0
2021-06-22 12:55:00,NSE:DCBBANK,108.8,108.8,108.8,108.8,604.0
2021-06-22 12:56:00,NSE:DCBBANK,108.8,108.8,108.7,108.8,599.0
2021-06-22 12:57:00,NSE:DCBBANK,108.7,108.8,108.7,108.8,169.0
2021-06-22 12:58:00,NSE:DCBBANK,108.7,108.7,108.7,108.7,636.0
2021-06-22 12:59:00,NSE:DCBBANK,108.65,108.7,108.65,108.7,378.0
2021-06-22 13:00:00,NSE:DCBBANK,108.65,108.7,108.6,108.6,1260.0
2021-06-22 13:01:00,NSE:DCBBANK,108.7,108.7,108.65,108.65,108.0
2021-06-22 13:02:00,NSE:DCBBANK,108.6,108.6,108.6,108.6,578.0
2021-06-22 13:03:00,NSE:DCBBANK,108.55,108.6,108.5,108.6,1955.0
2021-06-22 13:04:00,NSE:DCBBANK,108.55,108.55,108.55,108.55,100.0
2021-06-22 13:05:00,NSE:DCBBANK,108.55,108.8,108.55,108.8,1439.0
2021-06-22 13:06:00,NSE:DCBBANK,108.65,108.65,108.65,108.65,101.0
2021-06-22 13:07:00,NSE:DCBBANK,108.8,108.8,108.8,108.8,120.0
2021-06-22 13:08:00,NSE:DCBBANK,108.85,108.85,108.7,108.7,3098.0
2021-06-22 13:09:00,NSE:DCBBANK,108.7,108.8,108.65,108.65,750.0
2021-06-22 13:10:00,NSE:DCBBANK,108.8,108.8,108.6,108.6,550.0
2021-06-22 13:11:00,NSE:DCBBANK,108.7,108.75,108.7,108.75,585.0
2021-06-22 13:12:00,NSE:DCBBANK,108.7,108.8,108.65,108.8,12039.0
2021-06-22 13:13:00,NSE:DCBBANK,108.7,108.8,108.7,108.8,743.0
2021-06-22 13:14:00,NSE:DCBBANK,108.8,108.8,108.8,108.8,210.0
2021-06-22 13:15:00,NSE:DCBBANK,108.85,108.85,108.7,108.8,2790.0
2021-06-22 13:16:00,NSE:DCBBANK,108.7,108.8,108.7,108.7,517.0
2021-06-22 13:17:00,NSE:DCBBANK,108.8,108.8,108.6,108.6,289.0
2021-06-22 13:18:00,NSE:DCBBANK,108.6,108.7,108.55,108.55,243.0
2021-06-22 13:19:00,NSE:DCBBANK,108.55,108.65,108.55,108.55,4340.0
2021-06-22 13:20:00,NSE:DCBBANK,108.65,108.65,108.65,108.65,20.0
2021-06-22 13:21:00,NSE:DCBBANK,108.65,108.65,108.65,108.65,200.0
2021-06-22 13:22:00,NSE:DCBBANK,108.6,108.6,108.6,108.6,467.0
2021-06-22 13:23:00,NSE:DCBBANK,108.5,108.6,108.5,108.6,372.0
2021-06-22 13:24:00,NSE:DCBBANK,108.4,108.5,108.4,108.45,8235.0
2021-06-22 13:25:00,NSE:DCBBANK,108.5,108.6,108.4,108.45,456.0
2021-06-22 13:26:00,NSE:DCBBANK,108.4,108.65,108.4,108.65,2447.0
2021-06-22 13:27:00,NSE:DCBBANK,108.7,108.7,108.55,108.55,149.0
2021-06-22 13:28:00,NSE:DCBBANK,108.45,108.55,108.45,108.5,336.0
2021-06-22 13:29:00,NSE:DCBBANK,108.65,108.65,108.6,108.6,1120.0
2021-06-22 13:30:00,NSE:DCBBANK,108.55,108.55,108.55,108.55,100.0
2021-06-22 13:31:00,NSE:DCBBANK,108.65,108.75,108.65,108.75,483.0
2021-06-22 13:32:00,NSE:DCBBANK,108.8,108.8,108.65,108.75,529.0
2021-06-22 13:33:00,NSE:DCBBANK,108.75,108.75,108.75,108.75,40.0
2021-06-22 13:34:00,NSE:DCBBANK,108.65,108.65,108.6,108.6,605.0
2021-06-22 13:35:00,NSE:DCBBANK,108.6,108.6,108.6,108.6,503.0
2021-06-22 13:36:00,NSE:DCBBANK,108.6,108.65,108.6,108.65,59.0
2021-06-22 13:37:00,NSE:DCBBANK,108.65,108.65,108.65,108.65,50.0
2021-06-22 13:38:00,NSE:DCBBANK,108.5,108.5,108.5,108.5,1051.0
2021-06-22 13:39:00,NSE:DCBBANK,108.5,108.7,108.5,108.65,2416.0
2021-06-22 13:40:00,NSE:DCBBANK,108.65,108.65,108.35,108.5,5542.0
2021-06-22 13:41:00,NSE:DCBBANK,108.5,108.65,108.5,108.65,4037.0
2021-06-22 13:42:00,NSE:DCBBANK,108.55,108.65,108.55,108.55,35.0
2021-06-22 13:43:00,NSE:DCBBANK,108.55,108.55,108.55,108.55,5.0
2021-06-22 13:44:00,NSE:DCBBANK,108.65,108.65,108.55,108.65,48.0
2021-06-22 13:45:00,NSE:DCBBANK,108.6,108.6,108.6,108.6,723.0
2021-06-22 13:46:00,NSE:DCBBANK,108.65,108.65,108.5,108.55,575.0
2021-06-22 13:47:00,NSE:DCBBANK,108.55,108.55,108.55,108.55,9.0
2021-06-22 13:48:00,NSE:DCBBANK,108.55,108.55,108.45,108.5,739.0
2021-06-22 13:50:00,NSE:DCBBANK,108.5,108.55,108.5,108.55,226.0
2021-06-22 13:51:00,NSE:DCBBANK,108.5,108.6,108.5,108.6,2332.0
2021-06-22 13:52:00,NSE:DCBBANK,108.65,108.65,108.5,108.65,812.0
2021-06-22 13:53:00,NSE:DCBBANK,108.55,108.65,108.4,108.4,11230.0
2021-06-22 13:54:00,NSE:DCBBANK,108.4,108.5,108.15,108.35,26604.0
2021-06-22 13:55:00,NSE:DCBBANK,108.4,108.4,108.4,108.4,552.0
2021-06-22 13:56:00,NSE:DCBBANK,108.4,108.4,108.3,108.35,923.0
2021-06-22 13:57:00,NSE:DCBBANK,108.35,108.35,108.25,108.35,338.0
2021-06-22 13:58:00,NSE:DCBBANK,108.35,108.35,108.2,108.25,3411.0
2021-06-22 13:59:00,NSE:DCBBANK,108.3,108.3,108.1,108.1,973.0
2021-06-22 14:00:00,NSE:DCBBANK,108.25,108.25,107.4,107.6,28188.0
2021-06-22 14:01:00,NSE:DCBBANK,107.6,107.9,107.6,107.9,835.0
2021-06-22 14:02:00,NSE:DCBBANK,107.8,108.0,107.8,108.0,2980.0
2021-06-22 14:03:00,NSE:DCBBANK,107.8,108.0,107.8,108.0,610.0
2021-06-22 14:04:00,NSE:DCBBANK,108.2,108.2,108.05,108.15,11372.0
2021-06-22 14:05:00,NSE:DCBBANK,108.05,108.1,108.0,108.1,966.0
2021-06-22 14:06:00,NSE:DCBBANK,108.0,108.2,108.0,108.05,1470.0
2021-06-22 14:07:00,NSE:DCBBANK,108.15,108.15,107.8,108.1,902.0
2021-06-22 14:08:00,NSE:DCBBANK,108.1,108.1,108.05,108.05,625.0
2021-06-22 14:09:00,NSE:DCBBANK,108.05,108.2,107.9,108.0,3236.0
2021-06-22 14:10:00,NSE:DCBBANK,108.0,108.15,107.95,108.15,207.0
2021-06-22 14:11:00,NSE:DCBBANK,108.1,108.1,108.1,108.1,5.0
2021-06-22 14:12:00,NSE:DCBBANK,108.0,108.2,107.95,108.1,4788.0
2021-06-22 14:13:00,NSE:DCBBANK,108.0,108.0,108.0,108.0,115.0
2021-06-22 14:14:00,NSE:DCBBANK,108.1,108.1,108.0,108.05,102.0
2021-06-22 14:15:00,NSE:DCBBANK,108.05,108.05,107.8,107.85,11095.0
2021-06-22 14:16:00,NSE:DCBBANK,107.8,108.0,107.8,107.85,1502.0
2021-06-22 14:17:00,NSE:DCBBANK,107.8,107.85,107.7,107.75,3182.0
2021-06-22 14:18:00,NSE:DCBBANK,107.8,108.0,107.8,108.0,1203.0
2021-06-22 14:19:00,NSE:DCBBANK,107.9,107.9,107.9,107.9,1209.0
2021-06-22 14:20:00,NSE:DCBBANK,108.0,108.0,107.8,107.8,2712.0
2021-06-22 14:21:00,NSE:DCBBANK,107.85,107.85,107.85,107.85,200.0
2021-06-22 14:23:00,NSE:DCBBANK,108.0,108.1,107.9,107.9,848.0
2021-06-22 14:24:00,NSE:DCBBANK,108.0,108.1,107.9,108.1,860.0
2021-06-22 14:25:00,NSE:DCBBANK,108.0,108.0,107.9,108.0,3009.0
2021-06-22 14:26:00,NSE:DCBBANK,108.1,108.2,108.1,108.2,3889.0
2021-06-22 14:27:00,NSE:DCBBANK,108.2,108.2,108.15,108.15,840.0
2021-06-22 14:28:00,NSE:DCBBANK,108.2,108.3,108.15,108.3,4565.0
2021-06-22 14:29:00,NSE:DCBBANK,108.3,108.3,108.3,108.3,594.0
2021-06-22 14:30:00,NSE:DCBBANK,108.3,108.5,108.25,108.25,6845.0
2021-06-22 14:31:00,NSE:DCBBANK,108.3,108.3,108.15,108.25,1113.0
2021-06-22 14:32:00,NSE:DCBBANK,108.25,108.25,108.15,108.25,570.0
2021-06-22 14:33:00,NSE:DCBBANK,108.2,108.25,108.2,108.2,823.0
2021-06-22 14:34:00,NSE:DCBBANK,108.2,108.25,108.2,108.2,459.0
2021-06-22 14:35:00,NSE:DCBBANK,108.2,108.25,108.15,108.15,441.0
2021-06-22 14:36:00,NSE:DCBBANK,108.15,108.15,108.15,108.15,12.0
2021-06-22 14:37:00,NSE:DCBBANK,108.1,108.1,108.05,108.05,5787.0
2021-06-22 14:38:00,NSE:DCBBANK,108.1,108.1,107.85,107.85,9399.0
2021-06-22 14:39:00,NSE:DCBBANK,108.0,108.1,107.85,108.1,1332.0
2021-06-22 14:40:00,NSE:DCBBANK,108.2,108.2,108.15,108.2,1919.0
2021-06-22 14:41:00,NSE:DCBBANK,108.2,108.2,108.15,108.2,788.0
2021-06-22 14:42:00,NSE:DCBBANK,108.2,108.2,108.1,108.1,147.0
2021-06-22 14:43:00,NSE:DCBBANK,108.15,108.3,108.05,108.3,1015.0
2021-06-22 14:44:00,NSE:DCBBANK,108.2,108.35,108.2,108.35,11.0
2021-06-22 14:45:00,NSE:DCBBANK,108.2,108.3,108.2,108.3,296.0
2021-06-22 14:46:00,NSE:DCBBANK,108.3,108.3,108.05,108.15,272.0
2021-06-22 14:47:00,NSE:DCBBANK,108.05,108.15,108.05,108.05,571.0
2021-06-22 14:48:00,NSE:DCBBANK,108.05,108.2,107.9,108.0,16721.0
2021-06-22 14:49:00,NSE:DCBBANK,107.9,108.1,107.85,107.9,2666.0
2021-06-22 14:50:00,NSE:DCBBANK,107.9,108.0,107.85,107.95,441.0
2021-06-22 14:51:00,NSE:DCBBANK,108.0,108.1,107.95,108.05,581.0
2021-06-22 14:52:00,NSE:DCBBANK,108.0,108.1,107.9,107.9,3460.0
2021-06-22 14:53:00,NSE:DCBBANK,107.85,107.85,107.7,107.75,3410.0
2021-06-22 14:54:00,NSE:DCBBANK,107.75,107.85,107.75,107.85,1624.0
2021-06-22 14:55:00,NSE:DCBBANK,107.9,107.95,107.85,107.85,1685.0
2021-06-22 14:56:00,NSE:DCBBANK,107.85,107.95,107.85,107.95,883.0
2021-06-22 14:57:00,NSE:DCBBANK,107.95,108.0,107.9,107.9,2078.0
2021-06-22 14:58:00,NSE:DCBBANK,107.9,108.0,107.9,107.95,1479.0
2021-06-22 14:59:00,NSE:DCBBANK,108.0,108.0,107.9,107.9,437.0
2021-06-22 15:00:00,NSE:DCBBANK,108.0,108.0,107.9,108.0,500.0
2021-06-22 15:01:00,NSE:DCBBANK,107.95,107.95,107.7,107.7,1366.0
2021-06-22 15:02:00,NSE:DCBBANK,107.8,107.8,107.65,107.65,3980.0
2021-06-22 15:03:00,NSE:DCBBANK,107.65,107.75,107.65,107.7,190.0
2021-06-22 15:04:00,NSE:DCBBANK,107.7,107.75,107.65,107.65,2727.0
2021-06-22 15:05:00,NSE:DCBBANK,107.7,107.85,107.7,107.75,381.0
2021-06-22 15:06:00,NSE:DCBBANK,107.7,107.7,107.35,107.45,6797.0
2021-06-22 15:07:00,NSE:DCBBANK,107.4,107.6,107.4,107.45,3451.0
2021-06-22 15:08:00,NSE:DCBBANK,107.45,107.7,107.45,107.65,5099.0
2021-06-22 15:09:00,NSE:DCBBANK,107.7,107.7,107.6,107.65,1583.0
2021-06-22 15:10:00,NSE:DCBBANK,107.5,107.75,107.5,107.65,2083.0
2021-06-22 15:11:00,NSE:DCBBANK,107.8,107.95,107.75,107.9,11508.0
2021-06-22 15:12:00,NSE:DCBBANK,107.9,107.95,107.8,107.95,2763.0
2021-06-22 15:13:00,NSE:DCBBANK,107.9,107.95,107.8,107.85,3919.0
2021-06-22 15:14:00,NSE:DCBBANK,107.85,107.95,107.85,107.95,1489.0
2021-06-22 15:15:00,NSE:DCBBANK,107.85,108.0,107.85,108.0,8339.0
2021-06-22 15:16:00,NSE:DCBBANK,108.0,108.0,107.75,107.85,15241.0
2021-06-22 15:17:00,NSE:DCBBANK,107.8,108.05,107.75,108.05,2887.0
2021-06-22 15:18:00,NSE:DCBBANK,107.85,107.85,107.65,107.75,8461.0
2021-06-22 15:19:00,NSE:DCBBANK,107.75,107.85,107.65,107.75,6624.0
2021-06-22 15:20:00,NSE:DCBBANK,107.65,107.75,107.6,107.6,5236.0
2021-06-22 15:21:00,NSE:DCBBANK,107.75,107.8,107.25,107.55,9558.0
2021-06-22 15:22:00,NSE:DCBBANK,107.45,107.7,107.4,107.65,5801.0
2021-06-22 15:23:00,NSE:DCBBANK,107.6,107.65,107.55,107.55,2980.0
2021-06-22 15:24:00,NSE:DCBBANK,107.6,107.65,107.55,107.6,1947.0
2021-06-22 15:25:00,NSE:DCBBANK,107.55,107.75,107.55,107.55,3872.0
2021-06-22 15:26:00,NSE:DCBBANK,107.65,107.75,107.5,107.7,5356.0
2021-06-22 15:27:00,NSE:DCBBANK,107.7,107.75,107.7,107.7,4759.0
2021-06-22 15:28:00,NSE:DCBBANK,107.7,107.7,107.55,107.6,7791.0
2021-06-22 15:29:00,NSE:DCBBANK,107.5,107.85,107.5,107.8,2327.0
2021-06-22 15:40:00,NSE:DCBBANK,107.7,107.7,107.7,107.7,2.0
